samples/sfe_4523/sfe_4523_c3/sfe_4523_c3/sfe_4523_c3.asc
ncols         234
nrows         189
xllcorner     97.39999999851
yllcorner     75.199999999255
cellsize      0.2
NODATA_value  -9999
[rows 84 to 111 of 189, columns 0 to 63 of 234]
-9999 602.3878 602.3719 602.357 602.3415 602.2943 602.1941 602.0509 601.9077 601.7645 601.6214 601.4785 601.3355 601.1924 601.0491 600.9169 600.786 600.6315 600.477 600.4725 600.437 600.3915 600.3505 600.23 600.23 600.1545 600.0865 600.0865 600.0565 600.0255 599.972 599.9245 599.9245 599.8845 599.869 599.8535 599.8419 599.8326 599.822 599.8225 599.825 599.841 599.841 599.869 599.9095 599.9355 599.96 600.019 600.019 600.089 600.125 600.171 600.2115 600.287 600.3775 600.3735 600.4133 600.5191 600.6689 600.8187 600.9531 601.0413 601.1087 601.1929
-9999 602.3988 602.3829 602.368 602.3525 602.337 602.3328 602.1896 602.0464 601.9032 601.7603 601.6174 601.4744 601.3311 601.2061 601.091 600.9365 600.782 600.6275 600.5203 600.468 600.4637 600.464 600.3435 600.22 600.22 600.144 600.11 600.079 600.0125 600.0125 599.9575 599.9085 599.9085 599.8725 599.837 599.837 599.817 599.8153 599.8112 599.8095 599.8155 599.8205 599.8335 599.845 599.8655 599.903 599.9235 599.977 600.011 600.0405 600.081 600.157 600.1525 600.2485 600.34 600.369 600.3647 600.5146 600.6644 600.7679 600.8561 600.9172 601.0327
-9999 602.4098 602.3939 602.3789 602.3636 602.348 602.333 602.3282 602.1851 602.0422 601.8992 601.7563 601.6131 601.4954 601.396 601.2415 601.087 600.9325 600.8102 600.7106 600.6109 600.5113 600.4592 600.4595 600.336 600.2946 600.2105 600.168 600.128 600.0615 600.0615 599.997 599.9385 599.9385 599.8845 599.849 599.8365 599.8125 599.8125 599.8018 599.7983 599.801 599.8 599.8095 599.811 599.8205 599.858 599.868 599.91 599.944 599.9615 599.9905 600.0665 600.1015 600.192 600.222 600.249 600.3645 600.3602 600.4946 600.5828 600.6661 600.7592 600.8477
-9999 602.4208 602.4049 602.3899 602.3747 602.3589 602.344 602.3287 602.324 602.1811 602.0381 601.895 601.7847 601.6852 601.5465 601.392 601.2375 601.0989 601.0004 600.9008 600.8012 600.7015 600.6019 600.455 600.455 600.3675 600.278 600.192 600.192 600.111 600.111 600.0365 599.9695 599.9695 599.9105 599.8625 599.85 599.8175 599.8055 599.7975 599.7939 599.7891 599.7896 599.786 599.7945 599.813 599.813 599.8395 599.875 599.875 599.8915 599.9435 599.979 600.008 600.087 600.131 600.127 600.229 600.3255 600.356 600.3975 600.4857 600.5742 600.6627
-9999 602.4317 602.416 602.4009 602.3857 602.3699 602.355 602.3398 602.3243 602.32 602.177 602.074 601.9745 601.8515 601.697 601.5425 601.3875 601.29 601.1907 601.0911 600.9915 600.8918 600.7606 600.6058 600.451 600.451 600.3615 600.316 600.1815 600.1815 600.098 600.06 600.0225 599.955 599.955 599.897 599.8505 599.8325 599.8155 599.7925 599.7925 599.7865 599.7803 599.779 599.7795 599.7791 599.79 599.8035 599.8335 599.838 599.855 599.8485 599.8955 599.962 599.993 600.031 600.12 600.12 600.1685 600.2515 600.2815 600.347 600.3892 600.4932
-9999 602.4427 602.4271 602.4118 602.3968 602.3809 602.3659 602.3508 602.3353 602.3217 602.3155 602.2638 602.1565 602.002 601.8475 601.6925 601.5786 601.4807 601.381 601.2814 601.1817 601.0663 600.9115 600.7567 600.6018 600.4927 600.4445 600.4425 600.308 600.21 600.164 600.085 600.085 600.0095 599.942 599.942 599.886 599.841 599.841 599.8075 599.786 599.786 599.777 599.774 599.7699 599.766 599.7615 599.7645 599.7835 599.7765 599.7995 599.8345 599.8345 599.883 599.909 599.946 599.98 600.065 600.111 600.108 600.2115 600.2765 600.307 600.339
-9999 602.4536 602.4382 602.4228 602.4078 602.3919 602.3769 602.3618 602.3463 602.3325 602.3209 602.311 602.307 602.1525 601.9975 601.8671 601.7696 601.6709 601.5712 601.4716 601.372 601.2172 601.0623 600.9075 600.7679 600.674 600.5801 600.4862 600.438 600.34 600.2395 600.147 600.1105 600.068 600.03 599.959 599.927 599.8995 599.8515 599.8304 599.814 599.787 599.775 599.7715 599.764 599.7569 599.7531 599.749 599.7505 599.7615 599.7615 599.7655 599.7965 599.8215 599.841 599.863 599.934 599.93 600.01 600.053 600.102 600.151 600.236 600.2665
-9999 602.4646 602.4492 602.4338 602.4188 602.4029 602.3879 602.3728 602.3573 602.3434 602.3318 602.3203 602.3087 602.3025 602.1557 602.0582 601.9607 601.8611 601.7615 601.6619 601.5228 601.368 601.2131 601.0583 600.9492 600.8553 600.7614 600.6675 600.567 600.434 600.3335 600.2305 600.137 600.137 600.0525 600.0525 599.9785 599.915 599.915 599.863 599.8205 599.8205 599.787 599.7615 599.7615 599.744 599.7416 599.7359 599.734 599.7265 599.7325 599.7395 599.732 599.759 599.8055 599.8005 599.8555 599.8865 599.9235 599.9605 599.998 600.093 600.09 600.195
-9999 602.4756 602.4603 602.4447 602.4297 602.4139 602.3989 602.3838 602.3683 602.3542 602.3427 602.3311 602.3195 602.3079 602.298 602.2493 602.1511 602.0514 601.9518 601.8285 601.6736 601.5189 601.364 601.2244 601.1305 601.0366 600.9427 600.829 600.7158 600.5729 600.4295 600.3265 600.2775 600.175 600.086 600.086 600.008 599.9765 599.94 599.8835 599.862 599.835 599.796 599.7825 599.777 599.7475 599.7315 599.7255 599.7169 599.7075 599.7025 599.7095 599.711 599.7335 599.755 599.75 599.7945 599.8175 599.851 599.8765 599.9515 599.9975 600.0375 600.0865
-9999 -9999 602.4714 602.4557 602.4407 602.425 602.4099 602.3948 602.3793 602.3651 602.3535 602.3419 602.3304 602.3188 602.3073 602.2949 602.294 602.2417 602.1342 601.9793 601.8245 601.6697 601.5148 601.4057 601.3118 601.2179 601.091 600.9977 600.8548 600.7114 600.568 600.4238 600.421 600.2715 600.2155 600.118 600.0765 600.036 599.9995 599.969 599.899 599.872 599.8215 599.7965 599.791 599.755 599.718 599.718 599.7073 599.6957 599.6892 599.6855 599.6826 599.695 599.7055 599.7005 599.7335 599.756 599.779 599.804 599.8665 599.9045 599.941 599.9775
-9999 -9999 602.4825 602.4667 602.4517 602.436 602.4208 602.4058 602.3903 602.3759 602.3644 602.3528 602.3412 602.3297 602.3181 602.3058 602.2928 602.2888 602.285 602.1302 601.9753 601.8205 601.6809 601.587 601.4865 601.353 601.263 601.1366 600.9933 600.85 600.7062 600.5617 600.4172 600.4165 600.3095 600.202 600.1555 600.115 600.027 599.9895 599.952 599.886 599.886 599.8325 599.7765 599.756 599.7345 599.702 599.6915 599.6845 599.6791 599.6722 599.669 599.663 599.6775 599.6935 599.6935 599.733 599.7465 599.7685 599.793 599.821 599.855 599.886
-9999 -9999 602.4935 602.4776 602.4626 602.4471 602.4318 602.4168 602.4013 602.3868 602.3752 602.3636 602.3521 602.3405 602.3289 602.3166 602.3036 602.2906 602.283 602.281 602.1262 601.9714 601.8622 601.7485 601.615 601.525 601.4185 601.2753 601.1319 600.9886 600.8441 600.6996 600.5575 600.4584 600.412 600.3045 600.3025 600.1975 600.105 600.0615 600.019 599.9435 599.875 599.875 599.8385 599.8125 599.754 599.7325 599.6955 599.681 599.674 599.6646 599.6574 599.6549 599.6545 599.656 599.672 599.6685 599.6795 599.713 599.757 599.757 599.8195 599.844
-9999 -9999 602.5044 602.4886 602.4736 602.4582 602.4428 602.4278 602.4124 602.3976 602.386 602.3745 602.3629 602.3514 602.3398 602.3274 602.3145 602.3015 602.2885 602.2778 602.277 602.1375 602.0105 601.877 601.787 601.697 601.5572 601.4139 601.2706 601.1265 600.9821 600.8444 600.7332 600.6403 600.5473 600.4507 600.4035 600.2985 600.1885 600.098 600.05 600.0055 599.9675 599.892 599.855 599.8165 599.785 599.732 599.732 599.691 599.663 599.6555 599.649 599.647 599.6448 599.644 599.6405 599.6565 599.672 599.672 599.684 599.7225 599.7505 599.8025
-9999 -9999 602.5154 602.4996 602.4846 602.4692 602.4537 602.4388 602.4233 602.4085 602.3969 602.3854 602.3738 602.3622 602.3506 602.3383 602.3253 602.3123 602.2994 602.2864 602.2734 602.2725 602.139 602.049 601.959 601.8391 601.6959 601.5526 601.409 601.2645 601.1313 601.014 600.9149 600.822 600.7128 600.6224 600.5321 600.399 600.289 600.1775 600.1295 600.085 600.036 599.95 599.913 599.8345 599.803 599.7765 599.745 599.6995 599.686 599.663 599.6566 599.6445 599.6411 599.6345 599.6329 599.6335 599.649 599.6445 599.6445 599.671 599.688 599.74
-9999 -9999 602.5264 602.5107 602.4956 602.4803 602.4647 602.4498 602.4344 602.4193 602.4078 602.3962 602.3846 602.373 602.3615 602.3491 602.3361 602.3231 602.3102 602.2972 602.2842 602.2713 602.268 602.221 602.121 601.9778 601.8345 601.6913 601.5469 601.4183 601.3009 601.1896 601.0967 600.975 600.8846 600.7943 600.661 600.528 600.395 600.2835 600.281 600.17 600.0705 599.979 599.979 599.9315 599.8525 599.8165 599.785 599.729 599.7055 599.7005 599.6646 599.6405 599.6405 599.6305 599.6273 599.6234 599.621 599.6165 599.6255 599.6315 599.6605 599.6795
-9999 -9999 602.5373 602.5219 602.5065 602.4914 602.4757 602.4608 602.4454 602.4302 602.4186 602.407 602.3955 602.3839 602.3724 602.3599 602.3469 602.334 602.321 602.308 602.2951 602.2821 602.2692 602.2628 602.2598 602.1165 601.9733 601.8293 601.7052 601.5878 601.4705 601.3715 601.2535 601.1467 601.0564 600.923 600.79 600.657 600.524 600.3907 600.386 600.275 600.157 600.1065 600.009 599.962 599.956 599.872 599.8005 599.8005 599.7405 599.6935 599.6935 599.672 599.642 599.629 599.6255 599.6182 599.6102 599.6071 599.6035 599.614 599.61 599.6355
-9999 -9999 602.5483 602.5329 602.5175 602.5024 602.4867 602.4717 602.4564 602.441 602.4295 602.4179 602.4063 602.3948 602.3832 602.3707 602.3577 602.3448 602.3318 602.3188 602.3059 602.293 602.28 602.267 602.2562 602.2552 602.1118 601.9921 601.8748 601.7574 601.6461 601.5354 601.4089 601.3185 601.185 601.052 600.919 600.786 600.6725 600.5294 600.3862 600.382 600.264 600.2 600.1435 600.04 599.946 599.946 599.8685 599.8275 599.789 599.7595 599.707 599.683 599.6615 599.643 599.6165 599.6165 599.607 599.6021 599.5941 599.592 599.5965 599.6055
-9999 -9999 -9999 602.544 602.5285 602.5135 602.4977 602.4827 602.4674 602.4519 602.4403 602.4288 602.4172 602.4056 602.394 602.3815 602.3686 602.3556 602.3427 602.3297 602.3167 602.3038 602.2908 602.2778 602.2649 602.2507 602.2507 602.1617 602.0443 601.9269 601.8172 601.6743 601.5807 601.4471 601.314 601.181 601.048 600.9543 600.8112 600.668 600.5286 600.4293 600.3775 600.3115 600.255 600.131 600.079 599.98 599.934 599.893 599.8525 599.779 599.779 599.7205 599.672 599.672 599.649 599.6165 599.6165 599.6014 599.586 599.5848 599.5836 599.5865
-9999 -9999 -9999 602.5551 602.5394 602.5245 602.5087 602.4937 602.4784 602.4629 602.4512 602.4396 602.428 602.4165 602.4049 602.3924 602.3794 602.3665 602.3535 602.3405 602.3276 602.3146 602.3016 602.2887 602.2757 602.2613 602.2463 602.2463 602.2139 602.0991 601.9562 601.8428 601.7092 601.576 601.443 601.31 601.2197 601.093 600.9498 600.8178 600.7192 600.6196 600.52 600.4207 600.369 600.245 600.12 600.12 600.016 599.9235 599.9235 599.8425 599.8075 599.7685 599.739 599.684 599.684 599.657 599.617 599.6169 599.601 599.5845 599.5832 599.5811
-9999 -9999 -9999 602.5662 602.5504 602.5355 602.5197 602.5046 602.4894 602.4739 602.462 602.4504 602.4389 602.4273 602.4158 602.4032 602.3902 602.3773 602.3643 602.3513 602.3384 602.3254 602.3124 602.2995 602.2866 602.2719 602.2568 602.2435 602.2401 602.238 602.105 601.9714 601.838 601.705 601.572 601.4817 601.3748 601.2317 601.1071 601.0085 600.9095 600.8098 600.7104 600.6111 600.5082 600.3645 600.2395 600.1715 600.062 600.0155 600.0125 599.92 599.8735 599.8345 599.793 599.7265 599.7265 599.6735 599.6525 599.6485 599.622 599.595 599.5925 599.584
-9999 -9999 -9999 602.5771 602.5614 602.5464 602.5306 602.5156 602.5004 602.4849 602.4729 602.4613 602.4498 602.4382 602.4266 602.414 602.4011 602.3881 602.3751 602.3622 602.3492 602.3362 602.3233 602.3103 602.2974 602.2823 602.2673 602.2546 602.2426 602.2355 602.2335 602.1 601.967 601.834 601.7437 601.6533 601.5135 601.3963 601.2977 601.1992 601.0997 601.0002 600.9009 600.7907 600.6472 600.5034 600.36 600.2345 600.2325 600.105 600.102 600.0035 599.9045 599.9045 599.821 599.785 599.781 599.7505 599.685 599.681 599.6355 599.619 599.6105 599.598
-9999 -9999 -9999 602.5881 602.5723 602.5574 602.5417 602.5266 602.5114 602.4959 602.4838 602.4722 602.4606 602.449 602.4374 602.4249 602.4119 602.3989 602.3859 602.373 602.36 602.347 602.3341 602.3212 602.3079 602.2929 602.2779 602.2656 602.2535 602.2415 602.2313 602.229 602.096 602.0057 601.9153 601.7953 601.6855 601.587 601.4884 601.3896 601.29 601.1907 601.0732 600.9299 600.7861 600.6656 600.5108 600.3557 600.3515 600.224 600.096 600.044 599.9915 599.9445 599.9025 599.8565 599.8095 599.7695 599.734 599.7045 599.6825 599.6545 599.642 599.6125
-9999 -9999 -9999 602.5991 602.5833 602.5684 602.5527 602.5376 602.5225 602.507 602.4946 602.483 602.4714 602.4599 602.4483 602.4357 602.4227 602.4097 602.3968 602.3838 602.3708 602.3579 602.3449 602.332 602.3185 602.3035 602.2886 602.2766 602.2646 602.2526 602.2405 602.2285 602.225 602.1774 602.0771 601.9748 601.8762 601.7776 601.6791 601.5799 601.4805 601.3557 601.2124 601.0687 600.9564 600.8165 600.6615 600.5063 600.3513 600.347 600.219 600.217 600.087 600.0345 599.981 599.9775 599.8875 599.8405 599.7975 599.762 599.7295 599.6765 599.658 599.6605
-9999 -9999 -9999 602.61 602.5944 602.5793 602.5638 602.5486 602.5334 602.5179 602.5054 602.4939 602.4823 602.4708 602.4592 602.4465 602.4335 602.4205 602.4076 602.3947 602.3817 602.3687 602.3558 602.3428 602.329 602.314 602.2997 602.2877 602.2756 602.2636 602.2516 602.2396 602.2275 602.2208 602.216 602.1655 602.0669 601.9683 601.8698 601.7703 601.6381 601.4949 601.3514 601.2321 601.1221 600.9672 600.8121 600.657 600.5019 600.4141 600.343 600.339 600.209 600.1365 600.1335 600.024 599.968 599.9205 599.874 599.7925 599.7925 599.7605 599.7355 599.6844
-9999 -9999 -9999 602.621 602.6055 602.5903 602.5749 602.5596 602.5444 602.529 602.5163 602.5047 602.4932 602.4816 602.47 602.4573 602.4443 602.4314 602.4184 602.4055 602.3925 602.3795 602.3666 602.3536 602.3396 602.3245 602.3107 602.2986 602.2866 602.2746 602.2626 602.2505 602.2385 602.2265 602.2162 602.212 602.2108 602.159 602.0601 601.9205 601.7773 601.6341 601.5078 601.4128 601.273 601.1179 600.9628 600.8077 600.6862 600.6152 600.5441 600.4731 600.3345 600.262 600.257 600.201 600.068 600.012 599.96 599.8685 599.83 599.794 599.765 599.7375
-9999 -9999 -9999 -9999 602.6166 602.6013 602.5859 602.5706 602.5555 602.54 602.5272 602.5156 602.504 602.4924 602.4809 602.4681 602.4551 602.4422 602.4293 602.4163 602.4033 602.3904 602.3774 602.3644 602.3501 602.3351 602.3217 602.3097 602.2977 602.2856 602.2736 602.2616 602.2496 602.2375 602.2255 602.214 602.2078 602.2068 602.203 602.0598 601.9166 601.7834 601.6885 601.5787 601.4236 601.2685 601.1136 600.9742 600.8873 600.8163 600.7452 600.617 600.4755 600.3757 600.328 600.326 600.193 600.06 600.008 599.963 599.9115 599.8755 599.8325 599.8051
-9999 -9999 -9999 -9999 602.6277 602.6122 602.597 602.5815 602.5665 602.551 602.538 602.5264 602.5149 602.5033 602.4917 602.4789 602.466 602.453 602.4401 602.4271 602.4141 602.4012 602.3882 602.3752 602.3607 602.3456 602.3328 602.3207 602.3087 602.2967 602.2847 602.2726 602.2606 602.2486 602.2366 602.2255 602.2139 602.2039 602.2003 602.199 602.0591 601.9642 601.8693 601.7294 601.5743 601.4194 601.264 601.1647 601.0884 601.0174 600.8995 600.7624 600.6509 600.557 600.4631 600.3692 600.3215 600.1885 600.1865 600.0555 599.954 599.954 599.912 599.873
-9999 -9999 -9999 -9999 602.6387 602.6232 602.6081 602.5925 602.5775 602.562 602.5488 602.5373 602.5257 602.5142 602.5026 602.4898 602.4768 602.4639 602.4509 602.4379 602.425 602.412 602.399 602.3861 602.3712 602.3561 602.3438 602.3318 602.3198 602.3077 602.2957 602.2836 602.2716 602.2596 602.2488 602.2371 602.2255 602.2139 602.2022 602.1954 602.1945 602.145 602.0351 601.8802 601.7253 601.5698 601.4545 601.3606 601.2896 601.1821 601.0493 600.9319 600.8322 600.7383 600.6444 600.5505 600.4566 600.3622 600.313 600.182 600.1295 600.001 599.9555 599.9565
