samples/sfe_4523/sfe_4523_c3/sfe_4523_c3/sfe_4523_c3.asc
ncols         234
nrows         189
xllcorner     97.39999999851
yllcorner     75.199999999255
cellsize      0.2
NODATA_value  -9999
[rows 28 to 55 of 189, columns 128 to 191 of 234]
602.5525 602.5485 602.5414 602.5322 602.523 602.5151 602.5107 602.5065 602.502 602.4969 602.4869 602.4769 602.4687 602.4641 602.4525 602.4406 602.433 602.4288 602.4244 602.4202 602.4157 602.4114 602.407 602.4005 602.3885 602.3766 602.3646 602.3527 602.3414 602.3368 602.3326 602.3282 602.3239 602.3196 602.3151 602.3086 602.2963 602.2839 602.2755 602.2712 602.2669 602.2625 602.2495 602.2355 602.2214 602.2074 602.2001 602.1955 602.1915 602.1869 602.1827 602.1779 602.1635 602.149 602.1345 602.1201 602.11 602.0969 602.0899 602.079 602.0677 602.0511 602.0471 602.0427
602.5417 602.5376 602.5312 602.522 602.5128 602.5038 602.4992 602.4952 602.4905 602.4866 602.4766 602.4665 602.4566 602.4523 602.4425 602.4307 602.4203 602.4163 602.4117 602.4077 602.403 602.399 602.3943 602.3896 602.3776 602.3656 602.3536 602.3417 602.3297 602.3227 602.3187 602.3141 602.31 602.3055 602.3012 602.2966 602.2843 602.272 602.2606 602.2566 602.252 602.2478 602.2373 602.2233 602.2092 602.1952 602.1837 602.1795 602.1751 602.1706 602.1666 602.162 602.1498 602.1354 602.1209 602.1064 602.092 602.0816 602.0743 602.0603 602.0543 602.0369 602.0278 602.0234
602.531 602.5267 602.521 602.5118 602.5027 602.4935 602.4877 602.4838 602.4791 602.4751 602.4662 602.4562 602.4461 602.4405 602.4325 602.4207 602.4088 602.4036 602.399 602.395 602.3903 602.3863 602.3817 602.3777 602.3666 602.3547 602.3427 602.3307 602.3187 602.3088 602.3045 602.3 602.296 602.2913 602.2874 602.2827 602.2723 602.2599 602.2476 602.2416 602.2371 602.2331 602.2251 602.2111 602.197 602.183 602.1689 602.1633 602.1588 602.1545 602.1502 602.1457 602.1362 602.1218 602.1073 602.0928 602.0784 602.0688 602.0561 602.0464 602.0375 602.0234 602.0085 602.0042
602.5203 602.5158 602.5108 602.5016 602.4925 602.4833 602.4764 602.4723 602.4677 602.4636 602.4559 602.4459 602.4358 602.4285 602.4225 602.4106 602.3988 602.3908 602.3866 602.3822 602.3778 602.3736 602.3691 602.365 602.3557 602.3437 602.3317 602.3197 602.3077 602.2958 602.2904 602.2863 602.2818 602.2774 602.2732 602.2686 602.2603 602.248 602.2357 602.2267 602.2224 602.2181 602.2129 602.1989 602.1848 602.1708 602.1567 602.1469 602.1425 602.1384 602.1339 602.1296 602.1226 602.1082 602.0937 602.0793 602.0648 602.0519 602.0391 602.0336 602.019 602.0099 601.9925 601.9852
602.5095 602.5049 602.5007 602.4915 602.4823 602.4731 602.4651 602.4608 602.4564 602.4521 602.4456 602.4355 602.4254 602.4164 602.4119 602.4006 602.3888 602.3781 602.3741 602.3695 602.3654 602.3609 602.3566 602.3523 602.3447 602.3327 602.3207 602.3088 602.2968 602.2848 602.2763 602.2722 602.2676 602.2635 602.2591 602.2547 602.2483 602.236 602.2236 602.2118 602.2078 602.2032 602.1989 602.1866 602.1726 602.1586 602.1445 602.1305 602.1265 602.122 602.1175 602.1135 602.109 602.0945 602.0801 602.0657 602.0512 602.0367 602.0263 602.0153 602.0029 601.9959 601.979 601.9659
602.4987 602.494 602.4901 602.4813 602.4721 602.463 602.4539 602.4493 602.4451 602.4407 602.4352 602.4252 602.4151 602.405 602.4 602.3906 602.3788 602.367 602.3614 602.3568 602.3528 602.3482 602.3442 602.3396 602.3337 602.3217 602.3098 602.2978 602.2858 602.2738 602.2626 602.2581 602.2537 602.2495 602.245 602.2408 602.2363 602.224 602.2117 602.1993 602.1929 602.1884 602.1843 602.1744 602.1604 602.1464 602.1323 602.1183 602.1101 602.1057 602.1014 602.0972 602.0927 602.0809 602.0665 602.0521 602.0376 602.0231 602.0118 601.9974 601.9901 601.9777 601.9656 601.9481
602.4878 602.4832 602.4791 602.4711 602.4619 602.4528 602.4435 602.4378 602.4338 602.4292 602.4249 602.4148 602.4048 602.3947 602.3882 602.3807 602.3688 602.357 602.3486 602.3444 602.34 602.3355 602.3315 602.3269 602.3228 602.3108 602.2988 602.2868 602.2748 602.2629 602.2509 602.244 602.2399 602.2354 602.231 602.2269 602.2223 602.212 602.1996 602.1873 602.1779 602.1736 602.1694 602.1622 602.1482 602.1342 602.1201 602.1061 602.0938 602.0895 602.0853 602.0808 602.0764 602.0673 602.0529 602.0385 602.024 602.0095 601.9951 601.9838 601.9747 601.9594 601.9521 601.9346
602.4769 602.4724 602.4683 602.4609 602.4517 602.4426 602.4333 602.4264 602.4223 602.4177 602.4137 602.4045 602.3944 602.3843 602.3762 602.3707 602.3588 602.347 602.3359 602.3319 602.3273 602.3231 602.3187 602.3143 602.3102 602.2998 602.2878 602.2758 602.2639 602.2519 602.2399 602.23 602.2258 602.2213 602.2172 602.2127 602.2082 602.2 602.1877 602.1754 602.163 602.159 602.1545 602.15 602.136 602.1219 602.1079 602.0939 602.0798 602.0734 602.0689 602.0645 602.0603 602.0538 602.0393 602.0248 602.0104 601.9959 601.9815 601.971 601.9565 601.9465 601.9362 601.9212
602.4659 602.4616 602.4573 602.4507 602.4415 602.4324 602.4232 602.4152 602.4108 602.4064 602.4022 602.3941 602.3841 602.374 602.3641 602.3596 602.3488 602.337 602.3251 602.3192 602.3146 602.3106 602.306 602.3018 602.2975 602.2888 602.2769 602.2649 602.2529 602.2409 602.2289 602.217 602.2117 602.2073 602.2031 602.1986 602.1943 602.188 602.1757 602.1633 602.151 602.1441 602.1396 602.1354 602.1237 602.1097 602.0956 602.0816 602.0676 602.0569 602.0525 602.0484 602.0441 602.0397 602.0257 602.0112 601.9968 601.9823 601.9679 601.9538 601.9414 601.9337 601.9177 601.9077
602.4551 602.4509 602.4465 602.4406 602.4313 602.4222 602.413 602.4039 602.3994 602.3951 602.3908 602.3838 602.3737 602.3637 602.3536 602.3478 602.3388 602.327 602.3152 602.3064 602.3021 602.2979 602.2933 602.2893 602.2848 602.2778 602.2659 602.2539 602.2419 602.23 602.218 602.206 602.1975 602.1935 602.189 602.1845 602.1805 602.176 602.1636 602.1513 602.139 602.1292 602.1248 602.1207 602.1115 602.0975 602.0834 602.0694 602.0554 602.0413 602.0365 602.0322 602.0277 602.0233 602.0121 601.9976 601.9832 601.9688 601.9543 601.9398 601.9286 601.9157 601.903 601.8943
602.4442 602.4401 602.4355 602.4304 602.4211 602.412 602.4028 602.3936 602.3879 602.3839 602.3793 602.3734 602.3634 602.3533 602.3433 602.3359 602.3288 602.317 602.3052 602.2937 602.2897 602.2852 602.2808 602.2766 602.2721 602.2669 602.2549 602.2429 602.231 602.219 602.207 602.195 602.1838 602.1794 602.1749 602.1707 602.1664 602.1619 602.1517 602.1393 602.127 602.1147 602.1102 602.1058 602.0993 602.0853 602.0712 602.0572 602.0432 602.0291 602.0202 602.0158 602.0114 602.0071 601.9985 601.984 601.9695 601.9551 601.9407 601.9262 601.9137 601.8989 601.8901 601.8763
602.4332 602.4293 602.4247 602.4202 602.411 602.4018 602.3926 602.3835 602.3764 602.3724 602.3678 602.3631 602.353 602.343 602.3329 602.3238 602.3188 602.307 602.2952 602.2833 602.277 602.2725 602.2684 602.2639 602.2594 602.2554 602.244 602.232 602.22 602.208 602.196 602.1841 602.1721 602.1652 602.1609 602.1567 602.1523 602.1478 602.1396 602.1273 602.115 602.1027 602.0953 602.0908 602.0865 602.0731 602.059 602.045 602.0309 602.0169 602.0038 601.9995 601.9953 601.991 601.9849 601.9704 601.956 601.9415 601.9271 601.9126 601.8981 601.8861 601.8751 601.8595
602.4225 602.4183 602.4138 602.4098 602.4008 602.3916 602.3824 602.3733 602.3652 602.3609 602.3563 602.3524 602.3427 602.3326 602.3226 602.3126 602.3074 602.297 602.2852 602.2733 602.2642 602.2599 602.2557 602.2512 602.2469 602.2427 602.233 602.221 602.209 602.197 602.1851 602.1731 602.1611 602.1512 602.1471 602.1426 602.1381 602.134 602.1277 602.1154 602.103 602.0907 602.0804 602.076 602.0718 602.0609 602.0468 602.0328 602.0187 602.0047 601.9907 601.9834 601.9791 601.9747 601.9703 601.9568 601.9424 601.9279 601.9135 601.899 601.8845 601.8733 601.857 601.8466
602.4118 602.4075 602.4029 602.3989 602.3906 602.3814 602.3723 602.3631 602.3539 602.3494 602.345 602.3409 602.3323 602.3223 602.3123 602.3022 602.2956 602.287 602.2751 602.2633 602.2515 602.2475 602.243 602.2385 602.2345 602.23 602.222 602.21 602.1981 602.1861 602.1741 602.1621 602.1501 602.1382 602.1329 602.1285 602.1243 602.1201 602.1155 602.1033 602.091 602.0787 602.0663 602.0613 602.057 602.0486 602.0346 602.0206 602.0065 601.9925 601.9785 601.967 601.9627 601.9583 601.954 601.9432 601.9288 601.9143 601.8998 601.8854 601.871 601.8565 601.8436 601.8338
602.4011 602.3965 602.3922 602.388 602.3804 602.3713 602.3621 602.3529 602.3438 602.338 602.3338 602.3294 602.322 602.312 602.3019 602.2919 602.2836 602.277 602.2651 602.2534 602.2415 602.2347 602.2303 602.2261 602.2218 602.2173 602.2111 602.199 602.1871 602.1751 602.1631 602.1512 602.1392 602.1272 602.1188 602.1146 602.1104 602.1059 602.1014 602.0914 602.079 602.0667 602.0544 602.0465 602.0421 602.0364 602.0224 602.0084 601.9943 601.9803 601.9662 601.9522 601.9465 601.9422 601.9379 601.9296 601.9152 601.9007 601.8862 601.8718 601.8574 601.8429 601.8309 601.8162
602.3912 602.3856 602.3815 602.3771 602.3702 602.3611 602.3519 602.3427 602.3336 602.3265 602.3224 602.3179 602.3116 602.3016 602.2916 602.2816 602.2715 602.267 602.2552 602.2433 602.2315 602.222 602.2177 602.2136 602.209 602.2046 602.2001 602.1881 602.1761 602.1641 602.1522 602.1402 602.1282 602.1162 602.105 602.1006 602.0962 602.0918 602.0875 602.0793 602.067 602.0547 602.0424 602.0316 602.0272 602.0229 602.0102 601.9962 601.9821 601.9681 601.954 601.94 601.9303 601.926 601.9216 601.916 601.9016 601.8871 601.8726 601.8582 601.8438 601.8293 601.8156 601.8012
602.3813 602.3747 602.3707 602.3662 602.36 602.3509 602.3417 602.3325 602.3234 602.3152 602.311 602.3065 602.3013 602.2913 602.2813 602.2712 602.2612 602.2552 602.2452 602.2333 602.2215 602.2097 602.2053 602.2008 602.1964 602.1921 602.1879 602.1771 602.1652 602.1532 602.1412 602.1292 602.1172 602.1053 602.0933 602.0865 602.0821 602.0778 602.0736 602.0674 602.0551 602.0427 602.0304 602.0181 602.0126 602.0082 601.9979 601.9839 601.9698 601.9558 601.9418 601.9277 601.9139 601.9095 601.9053 601.9009 601.8879 601.8735 601.859 601.8446 601.8301 601.8157 601.8012 601.7884
602.3714 602.364 602.3598 602.3553 602.3499 602.3407 602.3315 602.3223 602.3132 602.304 602.2995 602.295 602.291 602.2809 602.2709 602.2609 602.2508 602.2433 602.2352 602.2233 602.2115 602.1996 602.1926 602.1881 602.1838 602.1796 602.1752 602.1661 602.1542 602.1422 602.1302 602.1182 602.1063 602.0943 602.0823 602.0724 602.0682 602.064 602.0596 602.0551 602.043 602.0307 602.0184 602.006 601.9977 601.9933 601.9857 601.9717 601.9576 601.9436 601.9296 601.9155 601.9015 601.8935 601.8891 601.8847 601.8743 601.8599 601.8455 601.831 601.8165 601.8021 601.7876 601.7755
602.3615 602.3532 602.3489 602.3444 602.3397 602.3305 602.3214 602.3121 602.303 602.2938 602.288 602.2837 602.2795 602.2706 602.2606 602.2505 602.2405 602.2313 602.2252 602.2133 602.2015 602.1897 602.1798 602.1754 602.1713 602.1669 602.1625 602.1552 602.1432 602.1312 602.1193 602.1073 602.0953 602.0833 602.0714 602.0594 602.0542 602.0498 602.0454 602.041 602.0311 602.0187 602.0064 601.994 601.9828 601.9785 601.9735 601.9595 601.9454 601.9314 601.9174 601.9033 601.8893 601.8771 601.8729 601.8685 601.8607 601.8463 601.8318 601.8174 601.8029 601.7885 601.774 601.7596
602.3516 602.3425 602.338 602.3335 602.3295 602.3203 602.3112 602.3019 602.2928 602.2836 602.2765 602.2725 602.2681 602.2603 602.2502 602.2402 602.2301 602.2201 602.2148 602.2033 602.1915 602.1797 602.1678 602.163 602.1586 602.1542 602.1498 602.1442 602.1323 602.1202 602.1083 602.0963 602.0844 602.0723 602.0604 602.0484 602.04 602.0356 602.0314 602.0271 602.019 602.0067 601.9944 601.9821 601.9697 601.9637 601.9594 601.9473 601.9332 601.9192 601.9052 601.8911 601.8771 601.863 601.8565 601.8522 601.8471 601.8327 601.8182 601.8038 601.7893 601.7748 601.7604 601.746
602.3417 602.3326 602.3271 602.3228 602.3186 602.3101 602.301 602.2918 602.2826 602.2734 602.2653 602.261 602.2566 602.2499 602.2399 602.2298 602.2198 602.2097 602.203 602.1934 602.1815 602.1697 602.1578 602.1503 602.1459 602.1415 602.1373 602.1331 602.1213 602.1093 602.0973 602.0853 602.0734 602.0614 602.0494 602.0374 602.0261 602.0219 602.0175 602.0132 602.007 601.9947 601.9824 601.97 601.9577 601.9489 601.9446 601.9351 601.921 601.907 601.8929 601.8789 601.8649 601.8508 601.8403 601.836 601.8316 601.8191 601.8046 601.7902 601.7757 601.7612 601.7468 601.7324
602.3318 602.3227 602.3162 602.312 602.3077 602.2999 602.2908 602.2816 602.2724 602.2632 602.2541 602.2496 602.2451 602.2396 602.2295 602.2195 602.2094 602.1994 602.191 602.1833 602.1715 602.1597 602.1478 602.1376 602.1332 602.129 602.1248 602.1204 602.1103 602.0983 602.0864 602.0743 602.0624 602.0504 602.0385 602.0265 602.0145 602.0078 602.0034 601.9991 601.9947 601.9827 601.9704 601.9581 601.9457 601.934 601.9297 601.9229 601.9088 601.8948 601.8807 601.8667 601.8527 601.8386 601.8246 601.8197 601.8154 601.8055 601.791 601.7766 601.7621 601.7477 601.7332 601.7188
602.322 602.3128 602.3054 602.3013 602.2968 602.2897 602.2806 602.2714 602.2622 602.2531 602.2439 602.2381 602.2336 602.2292 602.2192 602.2091 602.1991 602.189 602.179 602.1733 602.1615 602.1497 602.1378 602.126 602.1208 602.1165 602.1121 602.1077 602.0993 602.0873 602.0754 602.0634 602.0515 602.0394 602.0275 602.0155 602.0035 601.9937 601.9893 601.9849 601.9806 601.9707 601.9584 601.946 601.9337 601.9214 601.9149 601.9105 601.8966 601.8826 601.8685 601.8545 601.8405 601.8264 601.8124 601.8035 601.7991 601.7919 601.7774 601.7629 601.7485 601.7341 601.7196 601.7051
602.3121 602.3029 602.2946 602.2904 602.2859 602.2796 602.2704 602.2612 602.2521 602.2429 602.2337 602.2266 602.2224 602.2181 602.2089 602.1988 602.1887 602.1787 602.1686 602.1625 602.1515 602.1396 602.1279 602.116 602.1082 602.1038 602.0994 602.095 602.0884 602.0764 602.0644 602.0524 602.0405 602.0285 602.0165 602.0045 601.9926 601.9806 601.9755 601.9711 601.9667 601.9587 601.9464 601.9341 601.9218 601.9094 601.9001 601.8959 601.8843 601.8704 601.8563 601.8423 601.8282 601.8142 601.8002 601.7872 601.7829 601.7783 601.7638 601.7493 601.7349 601.7205 601.706 601.6915
602.3022 602.293 602.2839 602.2795 602.275 602.2694 602.2602 602.251 602.2419 602.2327 602.2235 602.2153 602.2111 602.2067 602.1985 602.1884 602.1784 602.1683 602.1583 602.1508 602.1415 602.1297 602.1179 602.106 602.0954 602.0911 602.0867 602.0825 602.0774 602.0654 602.0535 602.0414 602.0295 602.0175 602.0056 601.9935 601.9816 601.9696 601.9613 601.957 601.9527 601.9467 601.9344 601.9221 601.9097 601.8974 601.8852 601.8809 601.8721 601.8581 601.8441 601.83 601.816 601.8019 601.788 601.7739 601.7666 601.7623 601.7502 601.7357 601.7213 601.7068 601.6924 601.6779
602.2923 602.2831 602.274 602.2686 602.2642 602.2592 602.25 602.2408 602.2317 602.2225 602.2133 602.2042 602.1996 602.1952 602.1882 602.1781 602.168 602.158 602.1479 602.1387 602.1315 602.1197 602.1078 602.096 602.0842 602.0786 602.0743 602.0699 602.0656 602.0544 602.0425 602.0305 602.0185 602.0065 601.9946 601.9826 601.9706 601.9586 601.9473 601.9429 601.9386 601.9343 601.9224 601.9101 601.8978 601.8854 601.8731 601.8661 601.8599 601.8459 601.8318 601.8178 601.8038 601.7897 601.7757 601.7617 601.7504 601.7461 601.7366 601.7222 601.7077 601.6932 601.6788 601.6643
602.2824 602.2733 602.2642 602.2577 602.2534 602.249 602.2399 602.2307 602.2215 602.2123 602.2031 602.194 602.1882 602.1837 602.1778 602.1678 602.1577 602.1476 602.1376 602.1276 602.1215 602.1097 602.0978 602.086 602.0742 602.0659 602.0616 602.0573 602.0529 602.0435 602.0315 602.0195 602.0076 601.9955 601.9836 601.9716 601.9597 601.9476 601.9357 601.929 601.9247 601.9202 601.9104 601.8981 601.8857 601.8734 601.8611 601.8513 601.847 601.8337 601.8196 601.8056 601.7916 601.7775 601.7635 601.7495 601.7354 601.7298 601.723 601.7086 601.6941 601.6796 601.6652 601.6507
602.2725 602.2634 602.2543 602.2468 602.2426 602.2383 602.2297 602.2205 602.2113 602.2021 602.1929 602.1838 602.1766 602.1724 602.1675 602.1574 602.1473 602.1373 602.1273 602.1172 602.1104 602.0997 602.0878 602.076 602.0642 602.0532 602.0489 602.0446 602.0402 602.0325 602.0205 602.0085 601.9966 601.9846 601.9726 601.9606 601.9487 601.9367 601.9247 601.9149 601.9106 601.9064 601.8984 601.8861 601.8738 601.8615 601.8491 601.8368 601.8322 601.8215 601.8074 601.7934 601.7794 601.7653 601.7513 601.7372 601.7232 601.7135 601.7092 601.6949 601.6805 601.666 601.6516 601.6371
