samples/sfe_4523/sfe_4523_c3/sfe_4523_c3/sfe_4523_c3.asc
ncols         234
nrows         189
xllcorner     97.39999999851
yllcorner     75.199999999255
cellsize      0.2
NODATA_value  -9999
[rows 56 to 83 of 189, columns 0 to 63 of 234]
-9999 -9999 -9999 -9999 602.3861 601.9918 601.5974 601.2031 601.0422 600.9023 600.8149 600.7383 600.6877 600.6372 600.5867 600.5362 600.5226 600.5103 600.572 600.5752 600.6832 600.71 600.8906 601.0714 601.1646 601.2452 601.3597 601.498 601.5989 601.6829 601.8113 601.9397 602.0237 602.1736 602.324 602.32 602.324 602.3298 602.3356 602.3414 602.3423 602.3489 602.3554 602.3619 602.3685 602.3737 602.376 602.38 602.3839 602.3879 602.3918 602.3958 602.3997 602.4036 602.4056 602.4024 602.4055 602.4086 602.4117 602.4148 602.4179 602.4177 602.4135 602.4092
-9999 -9999 -9999 -9999 602.3096 601.9152 601.5209 601.13 600.9901 600.8502 600.7662 600.6905 600.64 600.5895 600.5389 600.4885 600.4724 600.4612 600.5135 600.531 600.529 600.5247 600.7054 600.8737 600.9543 601.0784 601.2169 601.338 601.422 601.5504 601.6788 601.7408 601.8687 602.019 602.1695 602.32 602.3155 602.3164 602.3222 602.3268 602.3314 602.3378 602.3444 602.3509 602.3574 602.3605 602.3645 602.3684 602.3724 602.3763 602.3802 602.3842 602.3881 602.392 602.3918 602.3912 602.3943 602.3975 602.4006 602.4036 602.4067 602.4048 602.4006 602.3989
-9999 -9999 -9999 602.6273 602.233 601.8386 601.4443 601.0778 600.9379 600.798 600.7175 600.6428 600.5922 600.5417 600.4912 600.4407 600.4221 600.4121 600.455 600.4875 600.447 600.5245 600.5203 600.6635 600.7972 600.9357 601.0738 601.1611 601.2896 601.418 601.48 601.5639 601.714 601.8645 602.015 602.1655 602.2668 602.311 602.3088 602.3138 602.3203 602.3268 602.3334 602.3399 602.3464 602.3489 602.3529 602.3568 602.3608 602.3647 602.3687 602.3726 602.3765 602.3805 602.3781 602.3801 602.3832 602.3863 602.3894 602.3925 602.3956 602.3918 602.3875 602.3888
-9999 -9999 -9999 602.5507 602.1564 601.762 601.3677 601.0256 600.8857 600.7458 600.6688 600.595 600.5445 600.494 600.4434 600.3929 600.3718 600.363 600.3755 600.4055 600.4405 600.4405 600.4775 600.516 600.6545 600.7926 600.9003 601.0287 601.1572 601.2191 601.2811 601.409 601.5595 601.71 601.8604 601.9781 602.0714 602.1684 602.3062 602.3027 602.3093 602.3158 602.3223 602.3289 602.3334 602.3373 602.3413 602.3453 602.3492 602.3531 602.3571 602.361 602.3649 602.3687 602.3658 602.369 602.372 602.3751 602.3782 602.3813 602.3832 602.3788 602.3757 602.3788
-9999 -9999 -9999 602.4741 602.0798 601.6854 601.2911 600.9734 600.8335 600.6941 600.6201 600.5472 600.4967 600.4462 600.3957 600.3452 600.3215 600.346 600.368 600.368 600.4005 600.434 600.4525 600.4715 600.5115 600.6394 600.7678 600.8963 600.9583 601.0202 601.1042 601.2545 601.405 601.5553 601.6893 601.7825 601.8871 602.0413 602.2155 602.3005 602.2982 602.3047 602.3113 602.3178 602.3218 602.3258 602.3297 602.3337 602.3376 602.3416 602.3455 602.3494 602.3534 602.3549 602.3547 602.3578 602.3609 602.364 602.3671 602.3702 602.3702 602.3659 602.3656 602.3688
-9999 -9999 -9999 602.3976 602.0032 601.6089 601.2145 600.9213 600.7813 600.6458 600.5714 600.4995 600.4489 600.3984 600.3479 600.2974 600.2921 600.2995 600.3065 600.3425 600.3595 600.3705 600.389 600.4275 600.478 600.507 600.6354 600.6974 600.7593 600.8214 600.9495 601.0999 601.2502 601.4005 601.4938 601.6059 601.7468 601.9209 602.095 602.2692 602.2949 602.2938 602.3003 602.3068 602.3102 602.3142 602.3182 602.3221 602.326 602.33 602.3339 602.3378 602.3418 602.3412 602.3435 602.3466 602.3497 602.3528 602.356 602.359 602.3572 602.353 602.3556 602.3588
-9999 -9999 -9999 602.321 601.9266 601.5323 601.1379 600.8691 600.7291 600.5976 600.5226 600.4517 600.4012 600.3506 600.3002 600.275 600.283 600.29 600.297 600.297 600.3165 600.347 600.359 600.394 600.444 600.474 600.503 600.4985 600.5605 600.6445 600.7948 600.9451 601.0954 601.205 601.3247 601.4633 601.6263 601.8005 601.9746 602.1439 602.245 602.2895 602.2892 602.2947 602.2987 602.3026 602.3066 602.3105 602.3145 602.3184 602.3223 602.3263 602.3302 602.3293 602.3324 602.3354 602.3386 602.3417 602.3448 602.3479 602.3442 602.3424 602.3456 602.3487
-9999 -9999 -9999 602.2444 601.85 601.4557 601.0613 600.8169 600.677 600.5493 600.4739 600.4039 600.3534 600.3029 600.2535 600.255 600.2655 600.2725 600.2795 600.2795 600.297 600.3105 600.3495 600.3845 600.412 600.4325 600.4775 600.475 600.482 600.4897 600.64 600.7903 600.9161 601.0435 601.1821 601.3318 601.5059 601.6801 601.8395 601.957 602.05 602.1467 602.285 602.284 602.2871 602.2911 602.295 602.299 602.3029 602.3068 602.3107 602.3147 602.3181 602.3181 602.3212 602.3243 602.3275 602.3305 602.3336 602.3356 602.3312 602.3324 602.3356 602.3387
-9999 -9999 -9999 602.1678 601.7735 601.3792 600.9848 600.7647 600.6248 600.501 600.4252 600.3562 600.3057 600.244 600.238 600.2365 600.2415 600.236 600.251 600.2615 600.264 600.277 600.31 600.357 600.357 600.4 600.4505 600.4505 600.4685 600.49 600.4852 600.6274 600.7622 600.9008 601.0394 601.2114 601.3855 601.5352 601.669 601.762 601.866 602.0038 602.1424 602.281 602.278 602.2795 602.2834 602.2874 602.2913 602.2952 602.2992 602.3031 602.3043 602.3069 602.3101 602.3132 602.3163 602.3194 602.3224 602.3226 602.3192 602.3224 602.3255 602.3287
-9999 -9999 602.4856 602.0912 601.6969 601.3026 600.9082 600.7125 600.5726 600.4528 600.3765 600.3084 600.244 600.2377 600.2319 600.2275 600.2245 600.2245 600.227 600.2375 600.235 600.2595 600.282 600.3165 600.312 600.347 600.3955 600.39 600.452 600.4635 600.4855 600.481 600.6196 600.7582 600.9168 601.0812 601.2308 601.381 601.474 601.5854 601.7225 601.8611 601.9998 602.1384 602.2325 602.2725 602.2719 602.2758 602.2797 602.2836 602.2876 602.2915 602.2927 602.2958 602.2989 602.302 602.3051 602.3082 602.3113 602.3096 602.3092 602.3124 602.3155 602.3186
-9999 -9999 602.409 602.0146 601.6203 601.226 600.8316 600.6603 600.5204 600.4045 600.3278 600.2535 600.2405 600.235 600.2258 600.2189 600.213 600.213 600.2135 600.216 600.2225 600.234 600.242 600.2535 600.264 600.301 600.332 600.3265 600.402 600.412 600.4565 600.481 600.477 600.6223 600.7768 600.9265 601.0767 601.186 601.3047 601.4418 601.5799 601.7185 601.8571 601.9718 602.0557 602.1396 602.268 602.265 602.2681 602.2721 602.276 602.28 602.2816 602.2847 602.2878 602.2909 602.2939 602.2971 602.3002 602.2966 602.2992 602.3023 602.3055 602.3086
-9999 -9999 602.3324 601.938 601.5437 601.1494 600.755 600.6082 600.4683 600.3563 600.2791 600.2575 600.2445 600.224 600.217 600.2133 600.2061 600.2015 600.202 600.197 600.2035 600.2155 600.2235 600.2305 600.241 600.251 600.2775 600.313 600.3355 600.3585 600.421 600.4165 600.459 600.4725 600.6221 600.7723 600.898 601.024 601.1611 601.2987 601.4373 601.5759 601.7111 601.795 601.8789 601.9868 602.1254 602.264 602.2595 602.2605 602.2644 602.2675 602.2704 602.2735 602.2766 602.2797 602.2828 602.2859 602.2879 602.286 602.2892 602.2923 602.2954 602.2986
-9999 -9999 602.2559 601.8615 601.4672 601.0728 600.6959 600.556 600.4161 600.308 600.282 600.2475 600.2365 600.225 600.206 600.206 600.1987 600.1934 600.1865 600.1815 600.18 600.195 600.1925 600.202 600.2165 600.2175 600.2355 600.262 600.2985 600.2985 600.346 600.408 600.408 600.436 600.468 600.61 600.7434 600.8805 601.0176 601.1561 601.2947 601.4333 601.5343 601.6182 601.7056 601.8441 601.9597 602.1099 602.211 602.255 602.2529 602.2562 602.2593 602.2623 602.2654 602.2686 602.2717 602.2748 602.275 602.276 602.2791 602.2823 602.2854 602.2886
-9999 -9999 602.1793 601.7849 601.3906 600.9962 600.6437 600.5038 600.3639 600.4135 600.2895 600.26 600.236 600.2245 600.215 600.2035 600.1875 600.1874 600.1805 600.1741 600.1695 600.1745 600.1675 600.169 600.1835 600.176 600.199 600.2125 600.25 600.24 600.279 600.3395 600.3325 600.414 600.4305 600.4628 600.5999 600.7369 600.8748 601.0134 601.152 601.2736 601.3575 601.4414 601.5629 601.6703 601.8055 601.923 602.016 602.1127 602.2507 602.2468 602.2481 602.2512 602.2543 602.2574 602.2605 602.2636 602.2628 602.266 602.2691 602.2722 602.2754 602.2785
-9999 -9999 602.1027 601.7083 601.314 600.9196 600.5915 600.4516 600.455 600.4165 600.3065 600.28 600.2485 600.2325 600.219 600.2015 600.183 600.176 600.1685 600.1667 600.1596 600.151 600.15 600.148 600.148 600.1505 600.16 600.16 600.169 600.179 600.2095 600.261 600.254 600.351 600.3845 600.4595 600.4562 600.5936 600.7322 600.8708 601.0095 601.0968 601.1807 601.2817 601.3961 601.5012 601.635 601.728 601.832 601.9696 602.108 602.2463 602.2422 602.2401 602.2432 602.2463 602.2493 602.2524 602.2528 602.2559 602.2591 602.2622 602.2654 602.2685
-9999 602.4205 602.0261 601.6318 601.2374 600.8431 600.5393 600.4175 600.3755 600.337 600.297 600.2795 600.2795 600.2615 600.232 600.2045 600.1985 600.189 600.1635 600.1545 600.151 600.1417 600.136 600.127 600.118 600.1265 600.132 600.138 600.148 600.1595 600.1595 600.1985 600.241 600.241 600.3115 600.381 600.4155 600.451 600.5896 600.7282 600.8361 600.92 601.0038 601.1217 601.2119 601.347 601.44 601.5514 601.6885 601.8268 601.9651 602.1035 602.1979 602.238 602.2338 602.2351 602.2382 602.2404 602.2428 602.2459 602.249 602.2522 602.2553 602.2585
-9999 602.3439 601.9495 601.5552 601.1608 600.7665 600.4935 600.453 600.387 600.3635 600.326 600.3065 600.269 600.251 600.251 600.2225 600.195 600.1815 600.167 600.1415 600.14 600.134 600.1215 600.105 600.0925 600.0855 600.103 600.091 600.0965 600.1165 600.1185 600.1411 600.179 600.23 600.2615 600.294 600.3705 600.3705 600.447 600.5754 600.6592 600.7432 600.8474 600.9376 601.0427 601.152 601.2707 601.4078 601.5457 601.684 601.8223 601.9368 602.0212 602.1055 602.2335 602.2296 602.2271 602.2296 602.2327 602.2359 602.239 602.2422 602.2453 602.2485
-9999 602.2673 601.8729 601.4786 601.0842 600.6899 600.529 600.4885 600.447 600.398 600.351 600.3145 600.3145 600.2805 600.2465 600.2465 600.2155 600.1995 600.182 600.151 600.1225 600.1225 600.1097 600.0963 600.0783 600.06 600.06 600.067 600.0565 600.06 600.088 600.0785 600.1245 600.138 600.1645 600.22 600.248 600.3205 600.3635 600.4425 600.4824 600.5731 600.6632 600.7534 600.864 600.9901 601.1271 601.2646 601.4029 601.5411 601.6761 601.7602 601.8445 601.9524 602.0905 602.1999 602.2247 602.2208 602.2227 602.2258 602.229 602.2321 602.2353 602.2384
-9999 602.1907 601.7963 601.402 601.0076 600.7706 600.5765 600.5245 600.483 600.4155 600.392 600.343 600.343 600.309 600.282 600.2585 600.2401 600.217 600.1995 600.15 600.135 600.117 600.1 600.086 600.0681 600.0513 600.0415 600.033 600.032 600.0355 600.0455 600.051 600.0865 600.08 600.098 600.1535 600.1725 600.2355 600.2785 600.353 600.391 600.434 600.4791 600.576 600.7094 600.8465 600.9836 601.1218 601.2599 601.3983 601.4993 601.5835 601.6712 601.8093 601.9143 602.0259 602.1376 602.2203 602.2162 602.2158 602.219 602.2221 602.2253 602.2284
-9999 602.1141 601.7198 601.3254 601.0598 600.8657 600.6795 600.5698 600.52 600.4775 600.45 600.3825 600.359 600.3495 600.313 600.264 600.264 600.2165 600.2165 600.1595 600.1365 600.1185 600.075 600.075 600.045 600.0396 600.0241 600.012 600.0055 600.0015 600.012 600.0245 600.0496 600.0495 600.0865 600.0865 600.1335 600.192 600.192 600.2605 600.3405 600.3405 600.4295 600.4288 600.5659 600.7029 600.8407 600.9788 601.1171 601.2386 601.3225 601.4069 601.5281 601.6345 601.7404 601.852 601.9636 602.0775 602.1719 602.212 602.2089 602.2121 602.2152 602.2184
-9999 602.0375 601.6432 601.3489 601.1548 600.9845 600.8448 600.7501 600.6555 600.5587 600.5115 600.444 600.412 600.357 600.357 600.3035 600.251 600.251 600.2 600.2 600.1505 600.103 600.103 600.0545 600.0365 600.0215 600.0131 599.9988 599.985 599.9765 599.9735 599.995 599.995 600.017 600.0375 600.05 600.069 600.1225 600.146 600.1815 600.2095 600.285 600.3315 600.425 600.4222 600.5596 600.6976 600.8359 600.9744 601.0618 601.1458 601.2469 601.3604 601.4548 601.5664 601.678 601.7963 601.911 601.9953 602.0796 602.2055 602.2032 602.2052 602.2083
602.3553 601.9609 601.6381 601.444 601.2895 601.1346 601.0251 600.9304 600.8209 600.7305 600.6401 600.507 600.457 600.435 600.4075 600.3435 600.3155 600.2355 600.2355 600.181 600.1555 600.1281 600.0785 600.0785 600.035 599.9995 599.986 599.9856 599.9749 599.9649 599.958 599.969 599.9735 599.9666 599.985 600.019 600.0125 600.0615 600.104 600.098 600.164 600.1575 600.2305 600.3245 600.3685 600.4165 600.5546 600.6932 600.8011 600.8849 600.9692 601.0862 601.175 601.2809 601.3925 601.5151 601.6501 601.7344 601.8187 601.9028 602.0497 602.199 602.199 602.1983
602.2787 601.9273 601.749 601.5945 601.4395 601.3 601.2054 601.083 600.9926 600.9022 600.7888 600.6459 600.503 600.481 600.4575 600.3915 600.3265 600.3265 600.2405 600.208 600.18 600.149 600.1046 600.0545 600.0545 600.012 599.9785 599.9785 599.9565 599.9546 599.9481 599.9445 599.9445 599.9536 599.9536 599.972 599.999 599.999 600.0365 600.085 600.085 600.147 600.147 600.222 600.3105 600.3105 600.412 600.5403 600.6243 600.7082 600.8121 600.9009 600.9953 601.1069 601.2339 601.3723 601.4736 601.5579 601.642 601.747 601.8947 602.0449 602.1945 602.1925
602.2164 602.054 601.8995 601.7445 601.5899 601.4803 601.3616 601.2548 601.1644 601.0707 600.9278 600.7849 600.6418 600.4985 600.475 600.4505 600.3815 600.313 600.313 600.245 600.179 600.179 600.1165 600.0995 600.0465 600.023 600.002 599.9605 599.9605 599.9405 599.9372 599.9316 599.931 599.924 599.928 599.9395 599.941 599.963 599.9845 599.9955 600.041 600.073 600.0995 600.137 600.171 600.256 600.3045 600.408 600.4474 600.538 600.6268 600.7155 600.8214 600.9528 601.0911 601.2127 601.297 601.3811 601.4653 601.5912 601.7405 601.8903 602.0399 602.126
602.359 602.2045 602.0495 601.8948 601.7553 601.6434 601.5169 601.4265 601.3361 601.2096 601.0667 600.9236 600.7803 600.6369 600.494 600.4695 600.432 600.3726 600.3355 600.2635 600.23 600.1935 600.1281 600.1281 600.0685 600.045 600.0175 599.9695 599.9695 599.942 599.9285 599.9236 599.9162 599.908 599.902 599.9125 599.905 599.917 599.9385 599.94 599.9755 600.0075 600.0245 600.09 600.086 600.1615 600.21 600.3025 600.3475 600.399 600.4413 600.5358 600.6716 600.8099 600.9484 601.0361 601.1202 601.2044 601.2885 601.4362 601.5862 601.7358 601.8702 601.9344
602.37 602.3545 602.1996 602.0452 601.9252 601.7823 601.6887 601.5983 601.4915 601.3486 601.2054 601.062 600.9188 600.7758 600.6329 600.4897 600.4855 600.424 600.393 600.3156 600.276 600.2095 600.1755 600.141 600.0785 600.0785 600.0245 599.98 599.962 599.9445 599.917 599.917 599.9077 599.8986 599.8914 599.8845 599.8845 599.892 599.892 599.916 599.942 599.942 599.987 600.0445 600.0445 600.0795 600.115 600.1974 600.2895 600.2895 600.3665 600.3905 600.5286 600.6672 600.7753 600.8594 600.9435 601.0276 601.1327 601.282 601.4316 601.5814 601.6833 601.7429
602.3809 602.3656 602.35 602.2071 602.0641 601.9508 601.8604 601.77 601.6304 601.4872 601.3439 601.2007 601.0577 600.9148 600.7717 600.6285 600.4852 600.481 600.45 600.4165 600.3365 600.254 600.1895 600.152 600.118 600.087 600.0605 600.0106 599.9885 599.9665 599.931 599.917 599.9025 599.8825 599.8799 599.8721 599.868 599.8719 599.864 599.8735 599.8795 599.9085 599.931 599.9835 600.0045 600.04 600.0715 600.106 600.1924 600.233 600.282 600.3335 600.386 600.5144 600.5985 600.6827 600.7668 600.8509 600.9777 601.1274 601.2772 601.4116 601.4918 601.5513
602.3919 602.3766 602.361 602.346 602.213 602.1226 602.0322 601.9122 601.769 601.6258 601.4826 601.3395 601.1966 601.0536 600.9105 600.7672 600.6276 600.481 600.477 600.4435 600.408 600.3225 600.282 600.241 600.166 600.098 600.098 600.0375 599.996 599.9695 599.946 599.928 599.894 599.8785 599.868 599.8623 599.8532 599.8445 599.837 599.849 599.857 599.8505 599.8765 599.919 599.915 599.9734 600.029 600.027 600.0965 600.1805 600.1776 600.2235 600.2975 600.382 600.4218 600.5059 600.59 600.6742 600.8232 600.9731 601.1229 601.2264 601.3003 601.3598
