samples/sfe_4523/sfe_4523_c3/sfe_4523_c3/sfe_4523_c3.asc
ncols         234
nrows         189
xllcorner     97.39999999851
yllcorner     75.199999999255
cellsize      0.2
NODATA_value  -9999
[rows 0 to 27 of 189, columns 128 to 191 of 234]
602.8563 602.8519 602.8472 602.8433 602.8389 602.8346 602.8297 602.8256 602.8213 602.8167 602.8126 602.8083 602.8036 602.7996 602.7953 602.7906 602.7866 602.7816 602.7769 602.7729 602.7686 602.7639 602.7599 602.7556 602.7509 602.7469 602.7426 602.7379 602.7335 602.7296 602.7252 602.7205 602.7166 602.7122 602.7068 602.7028 602.6985 602.6938 602.6898 602.6855 602.6808 602.6768 602.6724 602.6678 602.663 602.6585 602.6538 602.6497 602.6453 602.6403 602.6364 602.632 602.6273 602.6234 602.6193 602.6151 602.6104 602.6063 602.602 602.5974 602.5923 602.5881 602.5834 602.5793
602.8448 602.8406 602.8358 602.8318 602.8268 602.8228 602.8171 602.8129 602.8089 602.804 602.7999 602.7958 602.791 602.7869 602.7828 602.778 602.7739 602.7686 602.7629 602.7588 602.7548 602.7498 602.7458 602.7418 602.7368 602.7328 602.7288 602.7238 602.7188 602.7146 602.7106 602.7056 602.7017 602.6975 602.6917 602.6865 602.6824 602.6775 602.6735 602.6694 602.6644 602.6605 602.6564 602.6515 602.6464 602.6409 602.6356 602.6315 602.627 602.6221 602.617 602.613 602.6081 602.6041 602.6 602.5961 602.5911 602.587 602.583 602.5781 602.5723 602.5671 602.5622 602.5581
602.8333 602.8293 602.8243 602.8203 602.8161 602.8108 602.806 602.8002 602.7961 602.7915 602.7872 602.7832 602.7784 602.7742 602.7703 602.7654 602.7612 602.7573 602.7491 602.7446 602.7407 602.736 602.7316 602.7277 602.723 602.7187 602.7147 602.7099 602.7057 602.6997 602.6957 602.691 602.6867 602.6827 602.6779 602.67 602.666 602.6615 602.6571 602.6531 602.6484 602.6441 602.6401 602.6353 602.6312 602.6229 602.6177 602.6132 602.6083 602.6038 602.5977 602.5937 602.5892 602.5847 602.5807 602.5767 602.5721 602.5677 602.5638 602.559 602.5548 602.5458 602.5413 602.5369
602.8218 602.8178 602.813 602.8088 602.8048 602.7987 602.7942 602.7874 602.7834 602.7791 602.7745 602.7704 602.766 602.7615 602.7575 602.7529 602.7485 602.7446 602.7354 602.7305 602.7265 602.7223 602.7175 602.7135 602.7092 602.7046 602.7006 602.696 602.6916 602.6848 602.6807 602.6764 602.6718 602.6678 602.6633 602.6536 602.6497 602.6455 602.6407 602.6367 602.6324 602.6277 602.6238 602.6193 602.6148 602.6049 602.5999 602.5948 602.5897 602.5856 602.5787 602.5743 602.5703 602.5654 602.5614 602.5574 602.5531 602.5485 602.5445 602.5399 602.5355 602.5246 602.5204 602.5157
602.8103 602.8063 602.8018 602.7974 602.7934 602.7866 602.7824 602.7753 602.7707 602.7667 602.7618 602.7578 602.7535 602.7488 602.7448 602.7405 602.7358 602.7319 602.7237 602.7166 602.7123 602.7084 602.7035 602.6994 602.6954 602.6905 602.6865 602.6823 602.6775 602.6705 602.6658 602.6617 602.6569 602.6529 602.6486 602.6409 602.6333 602.6293 602.6245 602.6204 602.6163 602.6114 602.6074 602.6032 602.5984 602.5911 602.5828 602.5768 602.5725 602.567 602.5623 602.555 602.551 602.5463 602.5421 602.5381 602.5341 602.5292 602.5252 602.5209 602.5163 602.507 602.4993 602.4946
602.7988 602.7949 602.7905 602.7859 602.7819 602.775 602.7706 602.7653 602.7579 602.754 602.7493 602.745 602.741 602.7361 602.7321 602.728 602.7231 602.7192 602.7127 602.7028 602.6982 602.6942 602.6897 602.6852 602.6813 602.6765 602.6723 602.6683 602.6634 602.6585 602.6509 602.6469 602.6422 602.638 602.634 602.6287 602.6169 602.6129 602.6085 602.6039 602.6 602.5953 602.5911 602.587 602.5822 602.5775 602.5648 602.559 602.5542 602.5483 602.544 602.5357 602.5317 602.5274 602.5228 602.5188 602.5148 602.5101 602.5059 602.5019 602.497 602.4905 602.4781 602.4737
602.7874 602.7834 602.7793 602.7744 602.7704 602.7647 602.7585 602.7538 602.7452 602.7412 602.7369 602.7323 602.7283 602.7237 602.7194 602.7154 602.7105 602.7064 602.7017 602.6898 602.6841 602.6801 602.6759 602.6711 602.6671 602.6627 602.6582 602.6542 602.6495 602.6453 602.6359 602.632 602.6276 602.623 602.619 602.6144 602.6025 602.5965 602.5925 602.5876 602.5836 602.5793 602.5747 602.5707 602.5661 602.5618 602.5494 602.5428 602.536 602.5319 602.5256 602.5208 602.5124 602.5084 602.5035 602.4995 602.4955 602.4911 602.4866 602.4826 602.4779 602.4737 602.458 602.4528
602.7762 602.7719 602.7679 602.763 602.759 602.7543 602.7464 602.742 602.7335 602.7285 602.7244 602.7196 602.7156 602.7112 602.7067 602.7027 602.6981 602.6937 602.6898 602.6788 602.6703 602.6659 602.6619 602.6571 602.653 602.6489 602.6441 602.6401 602.6357 602.6312 602.6222 602.6171 602.6129 602.6081 602.6041 602.5997 602.5903 602.5801 602.5761 602.5715 602.5673 602.5632 602.5583 602.5543 602.55 602.5455 602.5358 602.5247 602.5181 602.5135 602.507 602.5025 602.493 602.489 602.4845 602.4802 602.4761 602.4722 602.4673 602.4633 602.4589 602.4545 602.4416 602.4315
602.765 602.7604 602.7564 602.7518 602.7475 602.7435 602.7343 602.7302 602.7234 602.7158 602.7117 602.707 602.7028 602.6989 602.694 602.6899 602.6856 602.681 602.6771 602.6678 602.6566 602.6517 602.6478 602.6433 602.6389 602.6349 602.6301 602.626 602.6219 602.6171 602.6102 602.6021 602.5981 602.5933 602.5892 602.5851 602.5781 602.564 602.5598 602.5555 602.5508 602.5469 602.5422 602.538 602.5339 602.5291 602.5222 602.5078 602.5021 602.4952 602.4894 602.4843 602.4765 602.4697 602.4656 602.4609 602.4568 602.4529 602.4482 602.444 602.4399 602.4352 602.4252 602.4103
602.7537 602.7489 602.7449 602.7405 602.736 602.732 602.7236 602.7183 602.7134 602.703 602.699 602.6946 602.6901 602.6862 602.6814 602.6772 602.6732 602.6683 602.6644 602.6569 602.6449 602.6378 602.6336 602.6295 602.6248 602.6207 602.6163 602.6119 602.6078 602.603 602.5982 602.5872 602.5832 602.5787 602.5743 602.5703 602.5655 602.5518 602.5433 602.5394 602.5345 602.5305 602.5262 602.5216 602.5176 602.5129 602.5086 602.4942 602.4847 602.4773 602.4729 602.4656 602.461 602.4504 602.4464 602.4417 602.4376 602.4335 602.4292 602.4247 602.4207 602.4159 602.4088 602.3926
602.7431 602.7374 602.7335 602.7292 602.7245 602.7205 602.7133 602.7062 602.7015 602.6916 602.6863 602.6822 602.6774 602.6734 602.6689 602.6646 602.6605 602.6557 602.6517 602.6459 602.6339 602.624 602.6194 602.6155 602.6108 602.6066 602.6025 602.5977 602.5938 602.5892 602.5848 602.5739 602.5682 602.5641 602.5594 602.5554 602.5508 602.5396 602.527 602.5229 602.5185 602.5141 602.5101 602.5052 602.5013 602.4968 602.4924 602.4806 602.4667 602.4597 602.4545 602.447 602.4427 602.4321 602.4271 602.4227 602.4183 602.4142 602.4102 602.4055 602.4014 602.3968 602.3924 602.3762
602.7329 602.7262 602.7219 602.7179 602.7131 602.709 602.7029 602.6941 602.6898 602.6816 602.6735 602.6696 602.6648 602.6606 602.6565 602.6518 602.6478 602.6432 602.639 602.6349 602.6229 602.611 602.6053 602.6013 602.597 602.5925 602.5885 602.5837 602.5796 602.5754 602.5707 602.5619 602.5533 602.5493 602.5445 602.5405 602.5362 602.5274 602.5134 602.5066 602.5025 602.4977 602.4938 602.4891 602.4849 602.4808 602.4761 602.467 602.4525 602.4446 602.4365 602.4323 602.4243 602.4187 602.4077 602.4037 602.3989 602.395 602.3909 602.3862 602.3821 602.3778 602.3734 602.3599
602.7227 602.715 602.7104 602.7064 602.7017 602.6976 602.6926 602.6826 602.678 602.6716 602.6608 602.6568 602.6524 602.6479 602.644 602.6391 602.6351 602.6308 602.6263 602.6223 602.612 602.6 602.5915 602.5872 602.5832 602.5783 602.5743 602.5698 602.5655 602.5615 602.5566 602.5499 602.5384 602.5344 602.5299 602.5256 602.5215 602.5151 602.5011 602.4902 602.4862 602.4815 602.4774 602.4731 602.4686 602.4645 602.4598 602.4534 602.4389 602.4266 602.4186 602.4139 602.4056 602.4012 602.3884 602.3844 602.3799 602.3756 602.3716 602.3672 602.3629 602.3588 602.3541 602.3434
602.7125 602.7037 602.699 602.6949 602.6904 602.6861 602.6821 602.6722 602.6659 602.6611 602.6498 602.644 602.64 602.6353 602.6312 602.6266 602.6224 602.6183 602.6136 602.6096 602.601 602.5891 602.5778 602.573 602.569 602.5644 602.5602 602.556 602.5514 602.5474 602.5427 602.5379 602.5256 602.5195 602.5153 602.5106 602.5067 602.502 602.4889 602.4749 602.4698 602.4655 602.461 602.457 602.4522 602.4482 602.4437 602.4395 602.4253 602.4108 602.4044 602.3956 602.3895 602.3829 602.3743 602.3651 602.361 602.3563 602.3523 602.3483 602.3436 602.3396 602.3348 602.327
602.7023 602.6932 602.6875 602.6835 602.6791 602.6746 602.6707 602.6619 602.6538 602.6494 602.6398 602.6313 602.6273 602.6226 602.6185 602.6142 602.6097 602.6057 602.6009 602.5969 602.59 602.5781 602.5661 602.559 602.5549 602.5506 602.5461 602.5421 602.5373 602.5333 602.5288 602.5244 602.5135 602.5045 602.5005 602.4957 602.4918 602.4873 602.4767 602.4626 602.4534 602.4494 602.4446 602.4407 602.436 602.4319 602.4276 602.4231 602.4117 602.3973 602.3865 602.3777 602.3732 602.3643 602.3597 602.3458 602.3417 602.337 602.333 602.329 602.3243 602.3203 602.3157 602.3107
602.6921 602.683 602.6762 602.672 602.6679 602.6631 602.6592 602.6515 602.6417 602.6375 602.6298 602.6186 602.6146 602.6102 602.6058 602.6018 602.597 602.593 602.5884 602.5842 602.5791 602.5671 602.5551 602.5452 602.5407 602.5367 602.5319 602.528 602.5234 602.5191 602.515 602.5103 602.5016 602.4896 602.4856 602.4811 602.4768 602.4727 602.4645 602.4504 602.437 602.433 602.4285 602.4243 602.42 602.4155 602.4115 602.4067 602.3981 602.3837 602.3692 602.3619 602.3549 602.346 602.3414 602.33 602.3224 602.3181 602.3137 602.3097 602.3053 602.301 602.2967 602.2922
602.6819 602.6728 602.665 602.6605 602.6565 602.6517 602.6477 602.6412 602.6311 602.6257 602.6198 602.608 602.6019 602.5978 602.5931 602.5891 602.5844 602.5803 602.5759 602.5715 602.5675 602.5562 602.5441 602.5322 602.5266 602.5226 602.518 602.5138 602.5096 602.505 602.501 602.4962 602.4896 602.4772 602.4706 602.4665 602.4619 602.4579 602.4523 602.4382 602.4242 602.4167 602.4125 602.4079 602.4039 602.3992 602.3951 602.3904 602.3845 602.3701 602.3556 602.3464 602.3369 602.3326 602.323 602.3165 602.3031 602.2991 602.2944 602.2904 602.2863 602.2817 602.2777 602.273
602.6718 602.6626 602.6537 602.649 602.645 602.6404 602.6362 602.6308 602.6208 602.6136 602.6089 602.598 602.5891 602.5851 602.5804 602.5764 602.5719 602.5676 602.5635 602.5588 602.5547 602.5452 602.5332 602.5212 602.5127 602.5084 602.5043 602.4996 602.4957 602.4909 602.4869 602.4823 602.4775 602.4652 602.4557 602.4517 602.447 602.443 602.4384 602.426 602.412 602.4003 602.3962 602.3915 602.3875 602.3829 602.3788 602.3744 602.3701 602.3564 602.342 602.3284 602.3195 602.3143 602.3043 602.2999 602.2856 602.2798 602.2753 602.2711 602.2671 602.2624 602.2584 602.2537
602.6614 602.6524 602.6432 602.6375 602.6335 602.6291 602.6248 602.6205 602.6104 602.6015 602.5971 602.588 602.5764 602.5724 602.5679 602.5636 602.5595 602.5549 602.5508 602.5461 602.5421 602.5342 602.5222 602.5103 602.499 602.4943 602.4903 602.4855 602.4815 602.477 602.4728 602.4684 602.464 602.4532 602.4409 602.4368 602.4323 602.4281 602.4238 602.4138 602.3998 602.3857 602.3799 602.3755 602.3712 602.3669 602.3625 602.3583 602.3538 602.3428 602.3284 602.3139 602.3063 602.2961 602.2897 602.2816 602.2722 602.2604 602.2563 602.2518 602.2477 602.2433 602.2391 602.2347
602.6506 602.6422 602.6331 602.6263 602.6221 602.6179 602.6133 602.6093 602.6001 602.59 602.5853 602.5779 602.5661 602.5596 602.5555 602.5509 602.5469 602.5421 602.5381 602.5336 602.5294 602.5232 602.5112 602.4993 602.4873 602.4802 602.4761 602.4717 602.4674 602.4631 602.4587 602.4547 602.4499 602.4412 602.4289 602.4219 602.4177 602.4131 602.4091 602.4016 602.3876 602.3735 602.3635 602.3595 602.3548 602.3508 602.3461 602.3421 602.3374 602.3292 602.3148 602.3003 602.2883 602.2781 602.2736 602.263 602.2584 602.2412 602.2371 602.2325 602.2285 602.2244 602.2198 602.2156
602.6396 602.6321 602.6229 602.6151 602.6106 602.6066 602.6018 602.5978 602.5897 602.5797 602.5734 602.5679 602.5562 602.5469 602.5429 602.5382 602.5342 602.5296 602.5254 602.5211 602.5167 602.5123 602.5002 602.4883 602.4763 602.4664 602.462 602.4579 602.4532 602.4493 602.4445 602.4406 602.4358 602.4293 602.4169 602.4069 602.403 602.3983 602.3942 602.3893 602.3753 602.3613 602.3472 602.3431 602.3385 602.3344 602.3298 602.3257 602.3212 602.3156 602.3011 602.2867 602.2723 602.2642 602.2552 602.2462 602.2401 602.2278 602.2178 602.2135 602.2092 602.2051 602.2005 602.1965
602.6288 602.6219 602.6127 602.6038 602.5991 602.5951 602.5903 602.5864 602.5794 602.5693 602.5613 602.5567 602.5461 602.5343 602.5302 602.5257 602.5214 602.5172 602.5127 602.5087 602.504 602.5 602.4893 602.4773 602.4653 602.4534 602.4479 602.4438 602.4391 602.4351 602.4305 602.4264 602.4219 602.4172 602.4049 602.3926 602.388 602.3835 602.3793 602.3749 602.3631 602.3491 602.335 602.3267 602.3225 602.3181 602.3138 602.3094 602.3052 602.3007 602.2875 602.2731 602.2587 602.2483 602.2373 602.233 602.2217 602.2143 602.1984 602.1945 602.1898 602.1859 602.1814 602.1772
602.6179 602.6117 602.6025 602.5933 602.5876 602.5836 602.579 602.5749 602.569 602.559 602.5492 602.5449 602.5361 602.5243 602.5175 602.5133 602.5087 602.5048 602.5 602.496 602.4913 602.4872 602.4783 602.4664 602.4544 602.4424 602.4339 602.4297 602.4253 602.421 602.4167 602.4123 602.4081 602.4036 602.3929 602.3806 602.3731 602.3688 602.3644 602.3602 602.3509 602.3369 602.3228 602.3104 602.3063 602.3017 602.2977 602.293 602.289 602.2844 602.274 602.2595 602.2451 602.2306 602.2217 602.2146 602.203 602.1985 602.1834 602.1751 602.1706 602.1665 602.1624 602.158
602.607 602.6015 602.5923 602.5831 602.5763 602.5721 602.5678 602.5634 602.5587 602.5486 602.5386 602.5331 602.5261 602.5143 602.5047 602.5007 602.496 602.492 602.4873 602.4833 602.4788 602.4745 602.4673 602.4554 602.4434 602.4315 602.4202 602.4155 602.4115 602.4069 602.4029 602.3982 602.3942 602.3895 602.3809 602.3686 602.3582 602.3541 602.3495 602.3455 602.3387 602.3246 602.3106 602.2966 602.29 602.2855 602.2813 602.2768 602.2727 602.2681 602.2604 602.2459 602.2314 602.217 602.2082 602.1965 602.1898 602.1803 602.1699 602.1558 602.1517 602.1472 602.1432 602.1387
602.5961 602.5913 602.5822 602.5729 602.5651 602.5607 602.5565 602.5519 602.5479 602.5383 602.5283 602.5211 602.5161 602.5043 602.4925 602.488 602.4835 602.4792 602.4749 602.4706 602.4663 602.4619 602.4564 602.4444 602.4324 602.4205 602.4085 602.4014 602.3974 602.3928 602.3887 602.3841 602.3801 602.3754 602.369 602.3566 602.3443 602.3392 602.3347 602.3306 602.326 602.3124 602.2984 602.2844 602.2736 602.2695 602.265 602.2607 602.2563 602.252 602.2468 602.2323 602.2178 602.2034 602.1902 602.1793 602.174 602.1617 602.1565 602.139 602.1324 602.1279 602.1239 602.1194
602.5852 602.5811 602.572 602.5627 602.5538 602.5491 602.5452 602.5405 602.5364 602.528 602.5179 602.5089 602.5045 602.4943 602.4825 602.4752 602.4711 602.4666 602.4625 602.4579 602.4539 602.4492 602.4452 602.4335 602.4214 602.4095 602.3975 602.3876 602.3832 602.379 602.3746 602.3703 602.3659 602.3616 602.3569 602.3446 602.3323 602.3243 602.3201 602.3157 602.3113 602.3002 602.2862 602.2722 602.2581 602.2532 602.2486 602.2446 602.24 602.2359 602.2314 602.2187 602.2042 602.1898 602.1754 602.1665 602.1557 602.1463 602.1388 602.1255 602.1132 602.1088 602.1046 602.1005
602.5743 602.5703 602.5618 602.5526 602.5434 602.5377 602.5337 602.529 602.525 602.5176 602.5076 602.4976 602.4927 602.4843 602.4725 602.4625 602.4585 602.4539 602.4498 602.4451 602.4412 602.4365 602.4325 602.4225 602.4105 602.3985 602.3865 602.3746 602.3691 602.3651 602.3605 602.3564 602.3518 602.3478 602.3431 602.3326 602.3203 602.3094 602.3054 602.3007 602.2967 602.288 602.274 602.2599 602.2459 602.2368 602.2325 602.2282 602.2237 602.2196 602.215 602.2051 602.1906 602.1762 602.1617 602.1501 602.1378 602.1333 602.1203 602.1121 602.0947 602.0898 602.0853 602.0813
602.5634 602.5594 602.5516 602.5424 602.5332 602.5263 602.5222 602.5177 602.5135 602.5073 602.4973 602.4872 602.4808 602.4743 602.4625 602.4506 602.4458 602.4412 602.4371 602.4326 602.4285 602.4239 602.4198 602.4115 602.3995 602.3876 602.3755 602.3636 602.3551 602.351 602.3464 602.3423 602.3377 602.3337 602.329 602.3206 602.3083 602.296 602.2905 602.2858 602.2818 602.2758 602.2618 602.2477 602.2337 602.2204 602.2164 602.2119 602.2076 602.2032 602.1988 602.1915 602.177 602.1626 602.1481 602.1337 602.124 602.115 602.1028 602.0972 602.0812 602.0705 602.066 602.062
