samples/sfe_316/sfe_316_vv0/sfe_316_vv0/sfe_316_vv0.asc
ncols         271
nrows         91
xllcorner     9.0293671599896
yllcorner     45.988078715561
cellsize      1
NODATA_value  -9999
[rows 0 to 27 of 91, columns 126 to 188 of 271]
613.3647 613.3354 613.3121 613.2825 613.2592 613.231 613.2062 613.1832 613.1551 613.1304 613.1082 613.0793 613.0543 613.0319 613.0089 612.9781 612.9554 612.9327 612.9103 612.8874 612.8652 612.8423 612.8199 612.7974 612.775 612.7528 612.7304 612.7076 612.6854 612.6626 612.6402 612.6174 612.595 612.5724 612.5539 612.5351 612.5142 612.4913 612.4688 612.4545 612.4323 612.4094 612.395 612.3727 612.356 612.3353 612.3161 612.2974 612.278 612.2593 612.2407 612.2213 612.2018 612.1837 612.1664 612.1454 612.1293 612.1116 612.0901 612.073 612.0555 612.0341 612.017
612.9139 612.8796 612.8532 612.8182 612.7926 612.7575 612.7313 612.7083 612.673 612.6468 612.6246 612.5878 612.5613 612.5391 612.5167 612.4795 612.4536 612.4312 612.4088 612.3862 612.3642 612.3414 612.3192 612.2968 612.2748 612.2528 612.2308 612.2079 612.1862 612.1636 612.1414 612.1186 612.0969 612.0742 612.0614 612.0471 612.0261 612.0037 611.9813 611.9735 611.9544 611.9323 611.924 611.9045 611.8954 611.876 611.8616 611.8467 611.8322 611.8173 611.8027 611.7872 611.7722 611.7566 611.7465 611.727 611.7151 611.7054 611.6855 611.6729 611.663 611.6426 611.6293
612.463 612.4223 612.3947 612.3519 612.3262 612.2839 612.2563 612.2333 612.1906 612.1628 612.1411 612.0966 612.0682 612.0465 612.0242 611.9775 611.9516 611.9296 611.9073 611.8856 611.8633 611.8409 611.8188 611.7968 611.7748 611.7528 611.7313 611.7086 611.6868 611.6639 611.643 611.6202 611.5984 611.5762 611.5717 611.5591 611.5381 611.5161 611.4938 611.4955 611.4769 611.4592 611.4554 611.4363 611.4349 611.4171 611.4096 611.3964 611.3902 611.3752 611.3669 611.3531 611.3462 611.3302 611.3263 611.3083 611.3019 611.2996 611.2809 611.2736 611.2703 611.2516 611.2429
612.012 611.9647 611.9361 611.888 611.8592 611.812 611.7819 611.7582 611.7081 611.6788 611.6578 611.6052 611.5753 611.5539 611.5317 611.4788 611.4496 611.428 611.4062 611.385 611.3624 611.3402 611.3182 611.2962 611.2747 611.2528 611.2316 611.2089 611.1873 611.1646 611.144 611.1216 611.0999 611.078 611.082 611.0711 611.0501 611.0286 611.009 611.0153 610.9993 610.9891 610.9869 610.9684 610.9744 610.9581 610.9581 610.9459 610.9453 610.9332 610.9316 610.9191 610.9175 610.9042 610.9065 610.8918 610.8895 610.8938 610.8761 610.8745 610.8777 610.86 610.8576
611.561 611.5063 611.4772 611.4223 611.3928 611.3436 611.3083 611.2833 611.226 611.1949 611.1742 611.1138 611.0823 611.0615 611.0397 610.9797 610.9476 610.9268 610.9047 610.884 610.8614 610.8392 610.8178 610.7958 610.7747 610.7528 610.7321 610.7096 610.6882 610.6656 610.6451 610.6226 610.6017 610.58 610.594 610.5831 610.5621 610.541 610.5281 610.5378 610.5212 610.5194 610.5189 610.4998 610.5132 610.4989 610.5074 610.4954 610.502 610.4913 610.4976 610.4847 610.4895 610.4788 610.4869 610.4782 610.4775 610.488 610.4717 610.4764 610.4851 610.4703 610.4771
611.11 611.0489 611.0186 610.9602 610.926 610.8766 610.8333 610.8082 610.7479 610.7109 610.6902 610.6223 610.5898 610.5693 610.5472 610.485 610.4461 610.4252 610.4034 610.3828 610.3604 610.3388 610.3176 610.2953 610.2747 610.2528 610.2324 610.21 610.1893 610.1666 610.1467 610.1242 610.1037 610.082 610.1043 610.0951 610.0742 610.0536 610.049 610.0603 610.0434 610.0493 610.051 610.037 610.0538 610.0399 610.0557 610.0449 610.0599 610.0493 610.0622 610.0504 610.0631 610.0572 610.0684 610.0672 610.0663 610.0824 610.0683 610.0811 610.0935 610.0869 610.0973
610.6613 610.5925 610.5604 610.5014 610.4603 610.41 610.3612 610.3333 610.2729 610.2305 610.2068 610.1345 610.0984 610.0767 610.0547 609.9929 609.9464 609.9238 609.9017 609.8818 609.8594 609.838 609.817 609.7948 609.7745 609.7528 609.7324 609.71 609.6901 609.6675 609.6479 609.6255 609.6055 609.5836 609.6146 609.6071 609.5861 609.5658 609.5693 609.5823 609.566 609.5793 609.5823 609.5765 609.5948 609.5804 609.6036 609.5944 609.6151 609.6072 609.6262 609.6161 609.6344 609.6376 609.6498 609.6541 609.6572 609.6769 609.6691 609.6872 609.7019 609.7028 609.7181
610.2122 610.1404 610.1028 610.0424 609.9961 609.9434 609.8871 609.8581 609.798 609.7484 609.7232 609.6501 609.607 609.5842 609.5623 609.5002 609.4479 609.4227 609.4004 609.3807 609.3588 609.3376 609.3167 609.2944 609.2743 609.2528 609.2329 609.2106 609.1909 609.1686 609.1489 609.127 609.1075 609.0874 609.1238 609.1191 609.0981 609.0782 609.0902 609.1049 609.0884 609.1096 609.114 609.1143 609.1359 609.1211 609.1501 609.1439 609.1715 609.1653 609.1893 609.1835 609.2071 609.2162 609.2308 609.2421 609.2496 609.2723 609.2742 609.2953 609.3105 609.3205 609.3391
609.7615 609.6893 609.6456 609.5834 609.5309 609.4766 609.4117 609.3831 609.3229 609.2643 609.2392 609.1666 609.114 609.0916 609.0697 609.0079 608.9476 608.9211 608.8994 608.8796 608.8582 608.837 608.816 608.7938 608.7743 608.7528 608.7333 608.7109 608.6917 608.6696 608.6505 608.6286 608.6094 608.5975 608.6359 608.6311 608.6102 608.5906 608.6109 608.6273 608.6104 608.64 608.6459 608.6533 608.6767 608.6663 608.6993 608.6956 608.7296 608.725 608.7546 608.7542 608.7806 608.796 608.8118 608.8311 608.8441 608.8679 608.8818 608.9037 608.9189 608.9401 608.9603
609.3132 609.2383 609.1883 609.125 609.0658 609.0096 608.9395 608.9081 608.848 608.7834 608.7552 608.6892 608.6491 608.5941 608.5587 608.519 608.4572 608.3828 608.3433 608.3236 608.3021 608.2818 608.2629 608.2413 608.2221 608.2003 608.1811 608.1611 608.1427 608.1208 608.1039 608.0825 608.0875 608.1232 608.1472 608.1287 608.1121 608.122 608.1395 608.1493 608.1356 608.171 608.1774 608.1922 608.2177 608.2128 608.249 608.2515 608.2872 608.2881 608.3206 608.3268 608.3547 608.3759 608.3933 608.4175 608.4384 608.4629 608.4849 608.512 608.5275 608.5562 608.5816
608.8843 608.802 608.7238 608.6339 608.5566 608.4682 608.3931 608.2942 608.2508 608.1835 608.0889 608.0494 607.9998 607.9022 607.8664 607.8388 607.7786 607.6643 607.6244 607.6053 607.5834 607.5681 607.5555 607.534 607.5149 607.4926 607.4737 607.4623 607.446 607.4246 607.4154 607.3963 607.4276 607.4922 607.496 607.4756 607.4694 607.5313 607.5398 607.5564 607.6064 607.6183 607.6498 607.6855 607.7194 607.7482 607.7947 607.8263 607.8702 607.8706 607.886 607.8988 607.9285 607.9575 607.9758 608.006 608.034 608.0585 608.09 608.121 608.1365 608.1738 608.203
608.2429 608.1415 608.0377 607.9285 607.8521 607.7332 607.6673 607.543 607.494 607.4221 607.3046 607.2659 607.2001 607.1025 607.0668 607.0228 606.9759 606.8638 606.8244 606.8055 606.7834 606.7812 606.7697 606.7499 606.7299 606.7076 606.6887 606.6923 606.6761 606.6546 606.6594 606.6403 606.6819 606.7366 606.7518 606.7331 606.7404 606.8114 606.8326 606.8597 606.9247 606.9402 607.007 607.0452 607.0893 607.14 607.1964 607.2487 607.2974 607.3247 607.3746 607.41 607.467 607.5106 607.5505 607.6131 607.6559 607.6793 607.697 607.729 607.7471 607.791 607.8243
607.4503 607.3311 607.2232 607.1124 607.0361 606.9182 606.8492 606.728 606.6786 606.6069 606.489 606.4507 606.3954 606.3032 606.2678 606.2126 606.1732 606.0634 606.0242 606.0056 605.9834 605.991 605.9847 605.9652 605.9451 605.9232 605.9034 605.9175 605.9061 605.8842 605.8984 605.8843 605.9363 605.9849 606.0074 605.9902 606.0071 606.083 606.1042 606.1381 606.2045 606.2315 606.3007 606.3409 606.389 606.4388 606.5062 606.5576 606.6122 606.6731 606.7354 606.801 606.8675 606.924 606.989 607.0601 607.1154 607.1586 607.2178 607.2756 607.3152 607.3907 607.4575
606.636 606.5165 606.4086 606.2975 606.2211 606.1031 606.0245 605.9091 605.8636 605.7919 605.6738 605.6353 605.5931 605.5035 605.4687 605.3995 605.3633 605.2617 605.2242 605.2056 605.1834 605.2035 605.2001 605.1808 605.1607 605.1385 605.1224 605.147 605.1362 605.1177 605.1416 605.1283 605.1902 605.2305 605.2605 605.2479 605.2762 605.3544 605.3755 605.4183 605.4892 605.5248 605.5951 605.6368 605.689 605.7451 605.8171 605.869 605.9296 605.999 606.0627 606.1313 606.2062 606.2643 606.3369 606.4087 606.4659 606.53 606.6288 606.6904 606.7557 606.8528 606.9265
605.8155 605.7004 605.5947 605.4825 605.3994 605.2856 605.2032 605.0941 605.0482 604.9769 604.8588 604.8199 604.7937 604.7042 604.6697 604.5836 604.55 604.4596 604.4242 604.4055 604.3834 604.4191 604.4157 604.3967 604.376 604.3536 604.3484 604.3776 604.3664 604.3574 604.3856 604.3772 604.4465 604.4747 604.5162 604.5059 604.5479 604.6255 604.647 604.7003 604.7761 604.8178 604.8901 604.9335 604.9884 605.0601 605.1301 605.1844 605.2495 605.3254 605.3929 605.4628 605.5455 605.6038 605.6838 605.7601 605.8181 605.8908 605.9923 606.0511 606.1265 606.222 606.2953
604.9934 604.8834 604.78 604.6677 604.5711 604.4681 604.3884 604.2791 604.2327 604.1617 604.0438 604.0049 603.9818 603.9018 603.8705 603.7729 603.7343 603.6573 603.6248 603.6057 603.5834 603.6292 603.6307 603.6121 603.5912 603.5685 603.5762 603.608 603.5964 603.5995 603.6298 603.6307 603.7029 603.7232 603.7714 603.7677 603.8162 603.8965 603.9188 603.9806 604.0638 604.1108 604.1804 604.2285 604.2914 604.3713 604.4439 604.502 604.5712 604.6525 604.7263 604.7946 604.8787 604.9426 605.0309 605.1125 605.1706 605.2523 605.3517 605.4108 605.4974 605.5922 605.6656
604.1735 604.069 603.9656 603.8529 603.7391 603.6506 603.5739 603.4641 603.4173 603.3461 603.2288 603.1895 603.1662 603.1024 603.0715 602.9656 602.9183 602.8541 602.825 602.8057 602.7834 602.8417 602.8457 602.8275 602.8069 602.7842 602.8038 602.838 602.8264 602.8414 602.8737 602.8873 602.9595 602.9712 603.0291 603.0353 603.0878 603.1675 603.1924 603.2649 603.3518 603.4042 603.4715 603.5267 603.5992 603.6852 603.7601 603.8202 603.8956 603.9797 604.0601 604.1303 604.2161 604.2899 604.38 604.4619 604.5226 604.6139 604.7078 604.7718 604.8684 604.9619 605.0394
603.3591 603.2542 603.1511 603.0379 602.91 602.8327 602.7592 602.6492 602.6019 602.5308 602.4136 602.374 602.3512 602.3001 602.2723 602.1654 602.1046 602.051 602.025 602.0057 601.9869 602.0566 602.0613 602.0435 602.0222 601.9996 602.0317 602.0686 602.0564 602.0835 602.1177 602.1415 602.215 602.2253 602.2853 602.3045 602.3591 602.4387 602.4702 602.5509 602.6395 602.6976 602.7671 602.8262 602.9081 602.9986 603.0772 603.1386 603.2259 603.3081 603.3908 603.4705 603.5561 603.6392 603.7289 603.8099 603.8807 603.9805 604.0662 604.142 604.2405 604.3303 604.4128
602.5453 602.4399 602.3367 602.2231 602.0889 602.017 601.9442 601.8342 601.7869 601.7158 601.598 601.5584 601.5356 601.4981 601.4733 601.366 601.2916 601.2483 601.2255 601.2057 601.1967 601.2704 601.2765 601.2589 601.2374 601.2145 601.2596 601.299 601.2866 601.3255 601.3619 601.3955 601.4654 601.4804 601.5427 601.5736 601.6308 601.7097 601.7503 601.8351 601.9259 601.9907 602.063 602.1258 602.2164 602.3101 602.3938 602.4582 602.5544 602.6387 602.7213 602.8118 602.8973 602.989 603.078 603.1599 603.2418 603.3494 603.4297 603.5165 603.6104 603.6989 603.7858
601.7313 601.6254 601.522 601.4085 601.2731 601.202 601.1292 601.0153 600.9704 600.9003 600.8188 600.7866 600.7612 600.7332 600.7134 600.6512 600.6032 600.5673 600.5446 600.5277 600.5259 600.5505 600.5325 600.5135 600.4918 600.4753 600.5009 600.5292 600.5166 600.5675 600.6061 600.6478 600.712 600.736 600.8005 600.8428 600.9022 600.9809 601.0322 601.1194 601.2103 601.2838 601.3593 601.425 601.5209 601.6207 601.7097 601.7808 601.886 601.9723 602.054 602.1535 602.2383 602.3366 602.4288 602.5117 602.6013 602.7148 602.7905 602.8861 602.9801 603.0681 603.1581
601.0128 600.9333 600.8682 600.8154 600.7229 600.6742 600.6331 600.5584 600.5234 600.4839 600.4438 600.4059 600.3792 600.3561 600.3356 600.3104 600.2738 600.2377 600.2151 600.201 600.1992 600.1831 600.1627 600.1443 600.1195 600.1116 600.1049 600.0976 600.0955 600.1158 600.1163 600.137 600.1552 600.155 600.1846 600.1981 600.2117 600.2626 600.3156 600.4055 600.4973 600.5778 600.6553 600.7274 600.8289 600.9343 601.0266 601.1045 601.2191 601.3069 601.3918 601.4969 601.586 601.6882 601.7829 601.8655 601.9637 602.0767 602.1509 602.2564 602.3513 602.4382 602.5311
600.6552 600.6133 600.569 600.5336 600.4921 600.4488 600.4175 600.3892 600.3452 600.3175 600.2964 600.2559 600.2291 600.2066 600.1849 600.157 600.1194 600.0837 600.0612 600.0465 600.0446 600.0316 600.0156 599.9973 599.9699 599.962 599.9464 599.9274 599.9258 599.9082 599.8986 599.8858 599.8762 599.8652 599.8524 599.8453 599.8508 599.8571 599.8857 599.9294 599.9733 600.0045 600.036 600.0665 600.1479 600.2499 600.3422 600.4276 600.5475 600.6409 600.7338 600.8405 600.9346 601.0396 601.1381 601.2248 601.3308 601.4399 601.5194 601.6277 601.7227 601.8113 601.908
600.514 600.4722 600.4216 600.3846 600.3403 600.2982 600.265 600.2382 600.1938 600.1649 600.144 600.1052 600.0796 600.0569 600.0345 600.004 599.9648 599.9291 599.9074 599.8922 599.8906 599.8809 599.8692 599.8505 599.8196 599.8091 599.7917 599.772 599.7708 599.7508 599.7372 599.7138 599.7054 599.6863 599.6604 599.6521 599.659 599.6552 599.6613 599.6714 599.6803 599.6663 599.6548 599.6503 599.6867 599.7438 599.7927 599.8546 599.9269 599.9847 600.0772 600.1835 600.2847 600.3912 600.4929 600.5873 600.7018 600.8029 600.8945 600.9963 601.0938 601.1857 601.2908
600.3737 600.3325 600.2762 600.2356 600.1909 600.1484 600.112 600.0869 600.0428 600.0118 599.9902 599.955 599.9299 599.9078 599.8843 599.8504 599.8108 599.7747 599.7532 599.7383 599.7361 599.7333 599.7225 599.7036 599.671 599.6558 599.6369 599.6166 599.6151 599.5948 599.5746 599.5453 599.5347 599.5057 599.4705 599.4592 599.4579 599.4561 599.4631 599.4723 599.4735 599.4371 599.4013 599.381 599.3645 599.3678 599.3937 599.4276 599.481 599.516 599.5767 599.6553 599.7102 599.7903 599.861 599.9506 600.0722 600.1663 600.2731 600.3668 600.4648 600.5613 600.6727
600.2322 600.1913 600.1331 600.0876 600.0419 599.9981 599.9594 599.9343 599.8915 599.8595 599.837 599.8049 599.7806 599.7579 599.7343 599.6978 599.6537 599.6194 599.5988 599.5836 599.5838 599.5849 599.5765 599.5568 599.5244 599.5024 599.4814 599.4614 599.4598 599.4395 599.4146 599.3792 599.3646 599.3281 599.2822 599.267 599.2597 599.2573 599.2651 599.2739 599.2666 599.2122 599.1692 599.1055 599.0493 599.0261 599.0239 599.064 599.1208 599.1458 599.1942 599.227 599.2546 599.3228 599.3771 599.4635 599.5547 599.6243 599.691 599.7375 599.8359 599.9354 600.0545
600.0911 600.0498 599.9937 599.9386 599.892 599.8479 599.8065 599.7811 599.7401 599.7068 599.6835 599.6542 599.6309 599.6082 599.5843 599.544 599.4963 599.4642 599.4444 599.4301 599.4348 599.4382 599.4304 599.41 599.3779 599.3503 599.3265 599.3066 599.3048 599.284 599.2537 599.215 599.1915 599.1476 599.0994 599.076 599.0601 599.0583 599.0671 599.0755 599.0616 599.002 598.9443 598.8454 598.7278 598.4839 598.4579 598.6272 598.7414 598.7634 598.8014 598.8074 598.8075 598.8924 598.9952 599.0935 599.1797 599.2319 599.2864 599.3253 599.3874 599.4524 599.5303
599.9508 599.9086 599.8561 599.7914 599.7438 599.6976 599.6535 599.6281 599.5888 599.5532 599.5295 599.5039 599.481 599.4581 599.4338 599.3908 599.3459 599.194 599.2435 599.2661 599.2866 599.2922 599.2839 599.263 599.2309 599.1967 599.1714 599.1516 599.1498 599.1282 599.0898 599.0496 599.0146 599.0002 598.8427 598.7916 598.6785 598.6934 598.8243 598.8707 598.8535 598.8058 598.6069 598.5704 598.414 598.1063 598.2265 598.4184 598.3026 598.3265 598.3418 598.3246 598.2979 598.2901 598.5479 598.7426 598.831 598.9108 598.9872 599.031 599.071 599.1168 599.1635
599.8076 599.7675 599.7172 599.6524 599.5373 599.3801 599.2973 599.2775 599.2067 599.1431 599.1123 598.9778 599.0854 599.2239 599.2582 599.2943 599.1877 598.8017 598.9263 598.9524 599.0032 599.2042 599.0164 598.9835 599.149 599.165 599.1323 599.0938 598.8392 598.5551 598.6979 598.7911 598.8085 598.8959 598.6669 598.6317 598.4216 598.2128 598.3671 598.378 598.3859 598.4624 598.495 598.5355 598.4442 598.2725 598.41 598.3923 598.1877 597.9874 597.8348 597.9078 597.9871 597.843 598.1656 598.3659 598.4929 598.5983 598.676 598.7333 598.7776 598.826 598.8701
