samples/sfe_316/sfe_316_vv0/sfe_316_vv0/sfe_316_vv0.asc
ncols         271
nrows         91
xllcorner     9.0293671599896
yllcorner     45.988078715561
cellsize      1
NODATA_value  -9999
[rows 0 to 27 of 91, columns 189 to 251 of 271]
611.9987 611.9823 611.9621 611.9421 611.9243 611.9067 611.8841 611.8685 611.848 611.8286 611.8113 611.7926 611.7732 611.7559 611.7366 611.7141 611.6949 611.6763 611.6562 611.6373 611.6198 611.5984 611.579 611.5597 611.5371 611.5202 611.4977 611.4795 611.4589 611.4405 611.4203 611.4008 611.3801 611.3602 611.3401 611.3193 611.2969 611.2782 611.257 611.2363 611.2161 611.1953 611.1742 611.1523 611.1334 611.112 611.0906 611.069 611.0479 611.0269 611.0067 610.9847 610.9629 610.9421 610.9206 610.9 610.8769 610.8558 610.8334 610.8124 610.7908 610.7688 610.7473
611.6184 611.6073 611.5931 611.5744 611.5602 611.5483 611.5275 611.5193 611.5016 611.4862 611.4728 611.4589 611.4445 611.4308 611.416 611.3947 611.3785 611.364 611.3485 611.3329 611.3217 611.3026 611.2857 611.2697 611.2499 611.2363 611.2167 611.203 611.1837 611.1693 611.1534 611.1357 611.118 611.1013 611.0837 611.0657 611.0441 611.0287 611.009 610.9921 610.9725 610.9534 610.9348 610.9135 610.8974 610.8791 610.8599 610.839 610.8196 610.8004 610.782 610.7624 610.7409 610.7214 610.7018 610.6824 610.6606 610.6407 610.6188 610.5998 610.5795 610.5585 610.5372
611.238 611.2336 611.2257 611.2067 611.1976 611.1902 611.1705 611.1735 611.1546 611.1459 611.1358 611.1256 611.1161 611.1068 611.0957 611.0791 611.0684 611.0567 611.0451 611.0294 611.0251 611.0068 610.9931 610.98 610.9655 610.9543 610.939 610.9272 610.9135 610.9 610.8859 610.8713 610.8565 610.8423 610.8275 610.8124 610.7911 610.7811 610.761 610.7487 610.7303 610.712 610.6957 610.6745 610.6617 610.6466 610.6304 610.6099 610.5916 610.5748 610.5577 610.54 610.5189 610.5007 610.4829 610.4661 610.4446 610.4255 610.4054 610.388 610.3683 610.3495 610.3279
610.8579 610.8582 610.8577 610.8409 610.8346 610.833 610.8141 610.8232 610.8111 610.8095 610.7996 610.7925 610.7878 610.7816 610.7755 610.7672 610.7602 610.7522 610.7444 610.7294 610.7292 610.7108 610.6995 610.6906 610.681 610.6714 610.6608 610.6506 610.6405 610.6295 610.6183 610.6063 610.595 610.5834 610.5704 610.5585 610.5375 610.5313 610.5126 610.5046 610.4894 610.4714 610.457 610.4388 610.4277 610.4142 610.4001 610.3826 610.3635 610.3479 610.3333 610.3177 610.2964 610.2798 610.2642 610.2488 610.2293 610.2107 610.1926 610.1766 610.1569 610.1392 610.1182
610.4785 610.4841 610.4903 610.4786 610.4755 610.4764 610.4632 610.4772 610.4734 610.4741 610.4633 610.4605 610.4591 610.4573 610.4559 610.4537 610.4507 610.4476 610.4432 610.4322 610.4332 610.4148 610.4095 610.4016 610.3975 610.3893 610.3843 610.3748 610.3687 610.3589 610.3506 610.3418 610.3334 610.3239 610.3143 610.3051 610.2841 610.2824 610.2642 610.2604 610.2496 610.232 610.218 610.2047 610.1937 610.1819 610.1702 610.1566 610.1371 610.1227 610.1093 610.0954 610.0754 610.0598 610.0458 610.032 610.0146 609.9961 609.9811 609.9656 609.9454 609.9295 609.9083
610.0992 610.1104 610.1216 610.1177 610.1185 610.1194 610.1174 610.1306 610.1348 610.1384 610.1263 610.1277 610.1304 610.1356 610.136 610.1384 610.14 610.1405 610.1398 610.1372 610.1373 610.1188 610.1229 610.113 610.1155 610.1067 610.1087 610.0992 610.0997 610.0894 610.0833 610.0778 610.0717 610.0649 610.0587 610.0518 610.0311 610.0344 610.0162 610.0161 610.01 609.9949 609.9795 609.9701 609.9591 609.9494 609.9395 609.9287 609.9125 609.8989 609.8852 609.8726 609.8564 609.84 609.827 609.8154 609.8001 609.7817 609.7689 609.7546 609.734 609.7198 609.6984
609.7198 609.735 609.7526 609.7567 609.7611 609.7624 609.7707 609.7849 609.7955 609.8025 609.7925 609.7979 609.8048 609.8139 609.8167 609.8228 609.8277 609.8328 609.8357 609.838 609.8416 609.8228 609.8328 609.8244 609.8336 609.825 609.8337 609.8237 609.8288 609.8198 609.8154 609.8126 609.8095 609.8058 609.8019 609.7976 609.7819 609.7862 609.7725 609.773 609.7684 609.7576 609.7413 609.7352 609.7247 609.717 609.7086 609.7002 609.6878 609.6756 609.6613 609.6503 609.6368 609.6213 609.6086 609.5983 609.5856 609.5668 609.5552 609.5433 609.5226 609.5094 609.489
609.3441 609.3624 609.3829 609.3958 609.4042 609.406 609.4203 609.4374 609.4528 609.4658 609.462 609.4714 609.483 609.4952 609.4978 609.5071 609.5164 609.5246 609.5316 609.5385 609.5447 609.5298 609.5454 609.5361 609.5521 609.5429 609.5571 609.548 609.5594 609.5505 609.5479 609.5479 609.5471 609.5479 609.5458 609.5433 609.5359 609.5383 609.5294 609.5302 609.527 609.5192 609.503 609.5016 609.4916 609.4844 609.4785 609.4717 609.4631 609.4524 609.4377 609.4279 609.418 609.4042 609.3918 609.382 609.3708 609.3521 609.3414 609.3314 609.3116 609.2992 609.2797
608.9717 608.9899 609.0146 609.0349 609.0472 609.0494 609.0701 609.0904 609.11 609.1293 609.1346 609.1473 609.1629 609.1772 609.1785 609.1912 609.2058 609.2169 609.2275 609.2389 609.248 609.2415 609.259 609.2511 609.2714 609.2642 609.2827 609.2741 609.2914 609.2835 609.284 609.2865 609.2882 609.2925 609.2899 609.2899 609.2887 609.2899 609.2866 609.2867 609.286 609.2815 609.2643 609.2692 609.2601 609.2524 609.2484 609.2427 609.2379 609.2294 609.2143 609.2053 609.2 609.1874 609.1757 609.1655 609.1564 609.1376 609.1281 609.1196 609.1 609.0898 609.0712
608.5991 608.6208 608.6473 608.6736 608.6891 608.6924 608.7231 608.7445 608.7673 608.7926 608.8043 608.823 608.8431 608.8588 608.8602 608.8767 608.8938 608.9092 608.9239 608.9388 608.9517 608.9542 608.9728 608.9704 608.9914 608.9884 609.0091 609.0045 609.0231 609.0193 609.0227 609.0277 609.0325 609.0385 609.0359 609.0364 609.04 609.0421 609.0424 609.0432 609.0442 609.0438 609.0257 609.0344 609.0297 609.0217 609.0178 609.014 609.0119 609.006 608.9919 608.9833 608.9797 608.9699 608.9595 608.9491 608.9419 608.9232 608.9149 608.9081 608.8886 608.8795 608.8628
608.2264 608.2539 608.28 608.3129 608.3323 608.3409 608.3785 608.4011 608.429 608.4566 608.4749 608.4996 608.5229 608.5405 608.5475 608.5669 608.5865 608.6059 608.6216 608.6414 608.6556 608.6664 608.6855 608.6918 608.7111 608.7149 608.7345 608.7365 608.7552 608.7563 608.7622 608.7698 608.778 608.7848 608.7838 608.783 608.7921 608.7944 608.7996 608.8003 608.8029 608.8056 608.7906 608.8023 608.7996 608.7925 608.7881 608.786 608.7855 608.7829 608.7705 608.7615 608.7594 608.7535 608.744 608.7328 608.7273 608.7082 608.7015 608.6971 608.6772 608.6692 608.6548
607.8542 607.8885 607.9181 607.9525 607.9756 607.9946 608.0347 608.0626 608.0927 608.1204 608.1469 608.1752 608.2027 608.2225 608.2355 608.2587 608.2832 608.3056 608.3232 608.3464 608.3599 608.377 608.3969 608.4119 608.4297 608.4429 608.4594 608.4684 608.486 608.4924 608.5017 608.5124 608.5224 608.5311 608.5327 608.5303 608.5449 608.5464 608.5572 608.5581 608.5618 608.5662 608.5587 608.5697 608.5693 608.5641 608.5599 608.5577 608.5592 608.5599 608.5491 608.5397 608.5394 608.5363 608.5282 608.5162 608.5128 608.4947 608.4894 608.4856 608.4667 608.4598 608.4464
607.5101 607.5333 607.5574 607.5917 607.6172 607.6492 607.6904 607.723 607.7568 607.784 607.816 607.8505 607.8828 607.9037 607.9233 607.9507 607.9786 608.0053 608.0274 608.0514 608.064 608.0864 608.1078 608.1289 608.1472 608.1655 608.1841 608.1998 608.217 608.2282 608.2407 608.2537 608.2671 608.2769 608.2808 608.2783 608.2979 608.2991 608.3144 608.317 608.3209 608.3275 608.3269 608.3371 608.3388 608.3358 608.3331 608.3298 608.3328 608.3359 608.3278 608.3179 608.3187 608.3187 608.312 608.3 608.2976 608.2826 608.2778 608.2739 608.2567 608.2502 608.2383
607.004 607.0529 607.115 607.1789 607.2292 607.2909 607.3677 607.3932 607.4207 607.4495 607.4863 607.5239 607.5613 607.5847 607.6102 607.6432 607.6746 607.7042 607.7316 607.7564 607.7684 607.7975 607.8188 607.845 607.8655 607.8894 607.9084 607.93 607.9472 607.9628 607.9799 607.9958 608.0112 608.0227 608.0292 608.0297 608.052 608.0541 608.0718 608.0772 608.0806 608.0882 608.095 608.1031 608.1072 608.1075 608.1063 608.1036 608.107 608.1124 608.1061 608.0964 608.0981 608.0997 608.0955 608.0845 608.0825 608.0709 608.0664 608.0626 608.047 608.0403 608.0296
606.3771 606.4647 606.5463 606.6303 606.6935 606.78 606.8784 606.9463 606.9974 607.0542 607.1354 607.2015 607.2558 607.2667 607.2984 607.3355 607.3711 607.4041 607.4359 607.4614 607.4761 607.5107 607.5313 607.564 607.5834 607.6154 607.6328 607.6598 607.6772 607.6973 607.7175 607.737 607.7549 607.7688 607.7782 607.7841 607.8064 607.8133 607.8305 607.8377 607.8425 607.8495 607.8613 607.8688 607.8765 607.8796 607.8799 607.8789 607.8823 607.8887 607.8846 607.8768 607.8777 607.8809 607.8792 607.8701 607.8676 607.8593 607.8554 607.8516 607.8377 607.8303 607.8213
605.7503 605.8396 605.9223 606.0084 606.0715 606.1697 606.2625 606.3524 606.4395 606.515 606.6107 606.7094 606.7885 606.8324 606.8967 606.9714 607.0476 607.1227 607.1478 607.1663 607.1877 607.2239 607.2485 607.2839 607.3052 607.34 607.3597 607.3911 607.4091 607.4312 607.4535 607.4753 607.4968 607.5143 607.5264 607.5385 607.5601 607.5706 607.5891 607.5984 607.6052 607.6111 607.6268 607.6345 607.6453 607.6515 607.6534 607.6546 607.6587 607.6649 607.6631 607.6583 607.6593 607.6629 607.6628 607.6554 607.6528 607.648 607.6446 607.6401 607.6282 607.6212 607.6131
605.1263 605.2161 605.2983 605.3856 605.4489 605.5574 605.645 605.7382 605.8221 605.9034 606.0002 606.0969 606.1917 606.2616 606.3507 606.4478 606.5489 606.6468 606.7042 606.7659 606.8332 606.9021 606.9698 607.0066 607.0323 607.0663 607.0916 607.1232 607.1436 607.1688 607.1929 607.2171 607.2408 607.2603 607.2744 607.2941 607.3141 607.3292 607.3475 607.3589 607.3683 607.3733 607.3936 607.4018 607.4136 607.4228 607.427 607.4306 607.4355 607.441 607.4421 607.4398 607.4417 607.4443 607.4468 607.4412 607.4384 607.4369 607.4336 607.4288 607.4188 607.4117 607.4051
604.5062 604.5922 604.6743 604.7628 604.8344 604.9391 605.0279 605.1246 605.2052 605.2916 605.3898 605.4851 605.5739 605.646 605.7369 605.8342 605.9349 606.0295 606.1296 606.2087 606.2944 606.3976 606.493 606.5771 606.6313 606.7226 606.7891 606.8577 606.8874 606.9083 606.9349 606.9617 606.9865 607.0054 607.023 607.0488 607.0684 607.0886 607.1064 607.1195 607.1313 607.14 607.1617 607.1714 607.1818 607.1941 607.2004 607.2062 607.2123 607.217 607.2206 607.2208 607.2247 607.2275 607.2311 607.2266 607.2238 607.2252 607.2226 607.2178 607.2095 607.2017 607.1967
603.8846 603.9694 604.0577 604.1421 604.2213 604.3227 604.4124 604.5103 604.5879 604.6799 604.7792 604.8729 604.9564 605.0318 605.1204 605.2198 605.3188 605.4121 605.5116 605.5867 605.6795 605.7776 605.8771 605.9752 606.0721 606.1765 606.2745 606.3798 606.4396 606.5212 606.5807 606.6538 606.739 606.7631 606.7747 606.8023 606.8224 606.8459 606.8655 606.8802 606.8936 606.9086 606.9297 606.9406 606.952 606.9659 606.9735 606.9818 606.9892 606.9938 606.9991 607.002 607.0072 607.0113 607.0151 607.0117 607.0088 607.0135 607.0111 607.0061 607 606.9929 606.9884
603.2603 603.3453 603.4407 603.5207 603.6107 603.7081 603.7978 603.8958 603.9742 604.0692 604.1678 604.2608 604.3389 604.4199 604.5063 604.6057 604.6998 604.7935 604.8914 604.9629 605.0627 605.1575 605.2626 605.3546 605.4529 605.5502 605.6535 605.7509 605.8406 605.9396 606.0419 606.1428 606.2429 606.309 606.3593 606.4396 606.5039 606.5822 606.6345 606.6454 606.6563 606.6761 606.6976 606.7102 606.7231 606.7375 606.747 606.7571 606.7664 606.7719 606.7778 606.7834 606.7905 606.7951 606.7991 606.7974 606.7941 606.8018 606.7997 606.7947 606.7906 606.7847 606.7804
602.6357 602.7213 602.8219 602.8984 603.0027 603.0923 603.1832 603.2795 603.3621 603.4587 603.554 603.6461 603.7207 603.8093 603.8925 603.9917 604.0782 604.1748 604.2688 604.3389 604.447 604.5372 604.6429 604.7297 604.8333 604.9222 605.0306 605.1207 605.213 605.3099 605.4124 605.5092 605.6068 605.6946 605.7783 605.8898 605.9792 606.0964 606.1758 606.2238 606.2932 606.3498 606.4202 606.4918 606.5029 606.5114 606.521 606.5331 606.5438 606.5509 606.5563 606.5648 606.5739 606.579 606.5831 606.5834 606.5811 606.5908 606.5887 606.5837 606.5808 606.5767 606.5724
602.0126 602.0974 602.2004 602.2766 602.3864 602.475 602.5685 602.6631 602.7504 602.8482 602.94 603.0292 603.1038 603.1957 603.2792 603.3779 603.4602 603.5566 603.6458 603.7167 603.8281 603.9155 604.0193 604.1052 604.2095 604.2957 604.4021 604.4897 604.5836 604.6805 604.7829 604.8767 604.9708 605.0599 605.1456 605.2536 605.3458 605.4614 605.5518 605.6365 605.7205 605.8234 605.924 606.0101 606.0635 606.1146 606.1693 606.2251 606.2752 606.3191 606.3458 606.3505 606.3565 606.3632 606.3677 606.3689 606.3696 606.3794 606.3776 606.3723 606.3709 606.3682 606.3644
601.39 601.4778 601.5794 601.6609 601.7709 601.8582 601.9542 602.0458 602.1398 602.2377 602.3259 602.4122 602.4902 602.5819 602.6663 602.764 602.8425 602.9386 603.0229 603.0995 603.2067 603.2977 603.3963 603.4806 603.582 603.6725 603.7711 603.8587 603.9525 604.051 604.1508 604.243 604.3348 604.425 604.5157 604.616 604.7166 604.8257 604.9167 605.0007 605.0845 605.1972 605.2912 605.3774 605.4576 605.5408 605.6239 605.7059 605.7813 605.8506 605.9099 605.9458 605.9989 606.0558 606.0828 606.1165 606.1592 606.1752 606.1693 606.1622 606.1619 606.16 606.1564
600.7672 600.865 600.9602 601.0509 601.1529 601.2431 601.3402 601.4308 601.5282 601.6268 601.7131 601.7958 601.879 601.9643 602.0519 602.147 602.2245 602.3206 602.3999 602.4869 602.5866 602.6832 602.772 602.8574 602.955 603.0549 603.1425 603.2286 603.3201 603.421 603.5154 603.6094 603.6993 603.7903 603.8876 603.9803 604.087 604.1883 604.2806 604.3651 604.4515 604.5662 604.6581 604.7448 604.8231 604.9095 604.9935 605.0798 605.1533 605.2277 605.2945 605.3722 605.4544 605.524 605.5817 605.6384 605.6949 605.7473 605.7723 605.8004 605.8226 605.8492 605.875
600.1443 600.2485 600.341 600.4412 600.5385 600.629 600.7264 600.8188 600.9171 601.0137 601.0993 601.179 601.2673 601.3489 601.4373 601.5272 601.6055 601.702 601.7767 601.8702 601.9667 602.0644 602.1496 602.2375 602.3287 602.4278 602.5131 602.6 602.6903 602.791 602.8788 602.974 603.0667 603.1564 603.2561 603.3442 603.4538 603.5526 603.6445 603.7295 603.8212 603.934 604.0269 604.1121 604.1885 604.2783 604.3629 604.4531 604.5247 604.6022 604.6727 604.7534 604.836 604.9042 604.9643 605.0223 605.0833 605.1536 605.1898 605.2397 605.291 605.3251 605.3687
599.5764 599.6447 599.7222 599.8313 599.9222 600.0139 600.1124 600.2078 600.3066 600.3995 600.4835 600.5621 600.6556 600.7322 600.8215 600.9072 600.987 601.0811 601.1527 601.2552 601.3485 601.4413 601.5247 601.6158 601.7019 601.7973 601.8819 601.9709 602.0603 602.1614 602.2427 602.3399 602.4344 602.5219 602.6213 602.7087 602.8188 602.9155 603.0079 603.0935 603.1935 603.3025 603.3956 603.4771 603.5546 603.6475 603.7324 603.825 603.8964 603.9779 604.0513 604.1371 604.2185 604.2849 604.3489 604.4071 604.4703 604.5378 604.5781 604.6291 604.6804 604.7157 604.7621
599.1906 599.2404 599.2917 599.3647 599.4015 599.4586 599.5108 599.5974 599.6962 599.7852 599.8665 599.9478 600.0419 600.1142 600.2064 600.2869 600.369 600.4581 600.5287 600.6392 600.7275 600.8172 600.8997 600.9906 601.075 601.1657 601.2507 601.3395 601.4309 601.5297 601.6078 601.7045 601.8016 601.8879 601.9833 602.0768 602.1851 602.2803 602.3727 602.4576 602.5681 602.6697 602.7632 602.8407 602.9268 603.0187 603.1017 603.1964 603.2745 603.3543 603.4302 603.5207 603.6011 603.6653 603.7338 603.7915 603.858 603.9205 603.9681 604.0187 604.0705 604.1091 604.1566
598.912 598.9672 599.0117 599.0663 599.1072 599.1227 599.1337 599.1748 599.2269 599.2719 599.3154 599.3517 599.4254 599.4971 599.592 599.6667 599.7498 599.8352 599.9078 600.0186 600.1064 600.1931 600.2752 600.3629 600.45 600.5367 600.6197 600.7068 600.8001 600.8942 600.9736 601.0691 601.1675 601.2533 601.347 601.4454 601.5505 601.6464 601.7376 601.8221 601.9373 602.0368 602.1306 602.2063 602.3012 602.3889 602.4766 602.5693 602.6561 602.7335 602.8093 602.9031 602.9841 603.0459 603.1188 603.1766 603.2463 603.3041 603.3555 603.4083 603.4615 603.5025 603.5506
