samples/sfe_316/sfe_316_vv0/sfe_316_vv0/sfe_316_vv0.asc
ncols         271
nrows         91
xllcorner     9.0293671599896
yllcorner     45.988078715561
cellsize      1
NODATA_value  -9999
[rows 56 to 83 of 91, columns 189 to 251 of 271]
608.0048 607.9346 607.8785 607.8227 607.7612 607.6973 607.6342 607.5581 607.4946 607.4281 607.3572 607.2897 607.2169 607.1442 607.0814 606.9804 606.8986 606.7958 606.6913 606.6184 606.4828 606.3399 606.1923 606.0451 605.8972 605.7471 605.599 605.451 605.3317 605.1981 605.0513 604.9113 604.7708 604.6372 604.4899 604.3719 604.2417 604.1072 603.9779 603.8682 603.752 603.6237 603.5018 603.3896 603.2759 603.1771 603.0754 602.9725 602.8751 602.7687 602.6758 602.5724 602.4832 602.3884 602.3038 602.2078 602.136 602.0495 601.9543 601.8969 601.8082 601.7418 601.6501
608.2437 608.1737 608.1224 608.0681 608.0097 607.9482 607.886 607.8128 607.7523 607.6863 607.6173 607.5544 607.4807 607.4126 607.3392 607.2676 607.201 607.1332 607.0574 606.993 606.8976 606.7924 606.686 606.5791 606.4862 606.3665 606.2239 606.0786 605.9631 605.8281 605.6808 605.538 605.3995 605.2589 605.1167 605.0023 604.8643 604.7318 604.6039 604.4941 604.3751 604.2471 604.124 604.009 603.8951 603.794 603.6915 603.5872 603.4884 603.3815 603.288 603.1812 603.0894 602.9942 602.9098 602.8155 602.7411 602.6526 602.5582 602.4981 602.4091 602.3439 602.2523
608.4821 608.414 608.368 608.3137 608.2584 608.2018 608.1383 608.071 608.0093 607.9446 607.878 607.8194 607.7444 607.6823 607.6092 607.5438 607.4814 607.4152 607.3419 607.2673 607.192 607.1141 607.0361 606.9568 606.8892 606.7921 606.6953 606.5796 606.4929 606.4112 606.2974 606.1637 606.0289 605.8796 605.7453 605.6268 605.4875 605.3577 605.2311 605.1205 604.9974 604.8682 604.7465 604.6278 604.5147 604.4111 604.3077 604.2017 604.1003 603.9942 603.8994 603.7897 603.6954 603.6002 603.5158 603.427 603.3451 603.2559 603.1625 603.0986 603.0099 602.9461 602.8542
608.7219 608.6591 608.6127 608.5587 608.5081 608.455 608.3915 608.3304 608.2687 608.2051 608.1414 608.0843 608.0115 607.9532 607.8799 607.8201 607.7617 607.6964 607.6262 607.5557 607.4828 607.4088 607.3345 607.2583 607.1797 607.1025 607.0223 606.9432 606.8734 606.8014 606.725 606.6266 606.5251 606.4003 606.309 606.2501 606.1132 605.9843 605.8582 605.7466 605.6194 605.4892 605.3674 605.2464 605.1337 605.028 604.9225 604.816 604.7118 604.6072 604.5114 604.3988 604.3013 604.2092 604.1222 604.0414 603.9509 603.8591 603.7665 603.6998 603.611 603.5481 603.4562
608.9618 608.9031 608.8581 608.8036 608.7559 608.7077 608.6436 608.587 608.5297 608.4684 608.4072 608.3495 608.2828 608.2247 608.1565 608.0981 608.0413 607.9778 607.9106 607.8427 607.774 607.7033 607.632 607.5596 607.4847 607.4109 607.3356 607.263 607.1942 607.12 607.0391 606.9567 606.882 606.7906 606.7139 606.6523 606.5585 606.46 606.3683 606.2736 606.1729 606.1097 605.9861 605.8657 605.7527 605.6445 605.5376 605.4312 605.3241 605.2197 605.1235 605.0079 604.9086 604.8207 604.729 604.6498 604.5566 604.4622 604.3705 604.3013 604.212 604.1498 604.0583
609.2013 609.1484 609.1036 609.0491 609.0048 608.959 608.8943 608.8442 608.7905 608.7328 608.6743 608.6163 608.5551 608.4965 608.4332 608.3754 608.3212 608.2593 608.1956 608.1307 608.0643 607.9976 607.9298 607.8604 607.79 607.7203 607.6483 607.5828 607.5165 607.4444 607.3671 607.2881 607.2169 607.1273 607.0592 606.9876 606.9084 606.8319 606.7526 606.6822 606.601 606.5369 606.4396 606.3448 606.2531 606.1633 606.0742 606.0012 605.9266 605.8323 605.735 605.6162 605.5154 605.4301 605.3358 605.2557 605.1613 605.0658 604.975 604.9035 604.8138 604.752 604.6603
609.4413 609.3953 609.3494 609.2951 609.2542 609.2106 609.1451 609.1016 609.0504 608.9955 608.9419 608.883 608.8274 608.7709 608.712 608.6538 608.6019 608.5411 608.4805 608.4192 608.3553 608.2921 608.2278 608.1617 608.0949 608.0303 607.9616 607.9022 607.8417 607.7725 607.6989 607.6241 607.5535 607.4689 607.4063 607.3354 607.2622 607.1919 607.1181 607.0493 606.97 606.8896 606.8126 606.7385 606.6595 606.5848 606.5123 606.4492 606.3805 606.3021 606.2156 606.116 606.0394 605.9587 605.8799 605.8371 605.759 605.6694 605.5796 605.5052 605.4174 605.3539 605.2623
609.681 609.6393 609.595 609.5432 609.5035 609.4618 609.3957 609.3564 609.3086 609.2564 609.2077 609.1485 609.0992 609.0443 608.9902 608.9341 608.8822 608.8228 608.765 608.7061 608.6466 608.5865 608.5252 608.4632 608.3998 608.3392 608.2751 608.2216 608.165 608.1011 608.032 607.9612 607.8909 607.8152 607.7536 607.6828 607.6158 607.5502 607.4844 607.4163 607.3378 607.2651 607.1942 607.1253 607.0485 606.9788 606.9115 606.8405 606.7652 606.6967 606.6293 606.5438 606.4781 606.4085 606.3459 606.2983 606.2286 606.1565 606.0797 606.016 605.9438 605.8818 605.8084
609.921 609.8848 609.8418 609.7941 609.7538 609.7134 609.6504 609.6141 609.5672 609.5171 609.4745 609.4119 609.371 609.3158 609.2693 609.2161 609.1636 609.1085 609.0527 608.9971 608.9404 608.8829 608.8249 608.7658 608.7053 608.6489 608.5891 608.5414 608.4876 608.4277 608.3627 608.2986 608.232 608.1624 608.1007 608.0304 607.9696 607.9094 607.8519 607.7835 607.707 607.6415 607.5755 607.5131 607.4418 607.374 607.3115 607.249 607.173 607.1105 607.0499 606.9636 606.9051 606.8423 606.7817 606.7227 606.6467 606.5968 606.5253 606.4754 606.4121 606.3517 606.2972
610.1622 610.1318 610.0902 610.0451 610.0032 609.965 609.9086 609.8715 609.8254 609.7775 609.7406 609.6769 609.6421 609.5852 609.5473 609.4981 609.4481 609.3961 609.3438 609.2917 609.2377 609.1833 609.129 609.0734 609.0157 608.9601 608.9036 608.8611 608.8096 608.7527 608.692 608.6376 608.5701 608.5083 608.4484 608.3825 608.3246 608.2693 608.2186 608.1529 608.0823 608.0173 607.9567 607.9021 607.836 607.769 607.7131 607.6561 607.5805 607.5255 607.4698 607.3877 607.3337 607.2767 607.2177 607.1656 607.0897 607.046 606.9763 606.933 606.8707 606.8183 606.764
610.4062 610.3774 610.3389 610.2962 610.2548 610.2165 610.1673 610.1296 610.0839 610.0382 610.0043 609.9468 609.9135 609.8562 609.8248 609.78 609.7328 609.6846 609.6357 609.5863 609.5366 609.4858 609.434 609.3829 609.329 609.2755 609.222 609.1817 609.1315 609.0781 609.0213 608.9736 608.9059 608.8541 608.7986 608.7382 608.6801 608.6276 608.5852 608.5251 608.459 608.3945 608.3383 608.2889 608.2306 608.1642 608.1122 608.063 607.9908 607.939 607.8886 607.8149 607.7627 607.7115 607.6533 607.6061 607.5327 607.4952 607.4271 607.3907 607.3293 607.2824 607.2303
610.6523 610.6241 610.587 610.5472 610.5074 610.4684 610.4253 610.3874 610.3437 610.3016 610.2699 610.2177 610.1849 610.1311 610.1026 610.0623 610.0179 609.9724 609.9277 609.8818 609.8348 609.7881 609.7399 609.6917 609.6423 609.5928 609.5424 609.5029 609.4537 609.4028 609.3506 609.3098 609.2422 609.2001 609.1503 609.0939 609.0372 608.9879 608.9506 608.8972 608.8364 608.7747 608.7208 608.6767 608.6242 608.5615 608.5135 608.4688 608.4042 608.3539 608.3062 608.2418 608.1911 608.145 608.0889 608.0479 607.9784 607.9459 607.8799 607.8472 607.7881 607.748 607.6971
610.8977 610.8704 610.8342 610.7979 610.7611 610.7226 610.684 610.6466 610.6066 610.5679 610.5353 610.4897 610.4563 610.4107 610.3813 610.3441 610.3035 610.2609 610.2195 610.1772 610.1331 610.09 610.0463 610.001 609.9556 609.9108 609.8637 609.8241 609.7758 609.7281 609.6799 609.6464 609.5806 609.5469 609.5029 609.4506 609.3978 609.3483 609.3168 609.2688 609.215 609.1578 609.1042 609.0657 609.019 608.9617 608.9149 608.8756 608.818 608.769 608.7245 608.6687 608.6197 608.5793 608.5247 608.4908 608.4272 608.3969 608.3373 608.3058 608.2471 608.2145 608.164
611.1429 611.1171 611.0799 611.0486 611.0148 610.9779 610.9426 610.9073 610.8712 610.835 610.8011 610.7618 610.7278 610.6872 610.6591 610.6256 610.5883 610.5498 610.5112 610.4716 610.4321 610.3921 610.3515 610.3105 610.269 610.2274 610.1851 610.1448 610.1008 610.0575 610.0129 609.9816 609.9238 609.8949 609.8542 609.8073 609.7598 609.712 609.6837 609.6395 609.5914 609.5413 609.4908 609.454 609.4138 609.3627 609.3162 609.2824 609.2318 609.1844 609.1431 609.096 609.0487 609.0137 608.962 608.932 608.8769 608.8479 608.7932 608.7646 608.7088 608.6795 608.631
611.3886 611.3641 611.3268 611.2996 611.2687 611.2295 611.2009 611.1694 611.1361 611.102 611.0687 611.0352 611.0009 610.9659 610.9361 610.9076 610.872 610.8367 610.8006 610.7646 610.7296 610.6926 610.6556 610.6193 610.5819 610.5447 610.507 610.4678 610.4296 610.3907 610.3499 610.3181 610.2719 610.2429 610.2041 610.1649 610.1219 610.0784 610.0513 610.0087 609.9683 609.9254 609.8798 609.8431 609.8098 609.7637 609.7192 609.6898 609.6459 609.6004 609.5627 609.523 609.4775 609.4498 609.4023 609.375 609.3279 609.2989 609.2504 609.223 609.1735 609.1465 609.0992
611.634 611.6105 611.5764 611.551 611.5227 611.4863 611.4604 611.4318 611.4008 611.3691 611.3381 611.3077 611.276 611.2454 611.2148 611.1895 611.1541 611.1212 611.0885 611.0566 611.0243 610.9908 610.9579 610.9252 610.8946 610.8627 610.8284 610.7932 610.7592 610.7239 610.688 610.6547 610.6178 610.5905 610.5521 610.5212 610.4836 610.4464 610.4187 610.3773 610.3463 610.3083 610.2688 610.2322 610.2046 610.1651 610.126 610.0965 610.0599 610.0195 609.9814 609.95 609.9108 609.8845 609.8441 609.818 609.7769 609.7498 609.7094 609.6818 609.6391 609.6129 609.5715
611.8799 611.8562 611.8272 611.8026 611.7759 611.7446 611.7198 611.6929 611.6653 611.6366 611.6063 611.5806 611.5521 611.5239 611.4957 611.471 611.4385 611.41 611.3803 611.3511 611.3225 611.292 611.2623 611.2336 611.2076 611.1788 611.1497 611.1184 611.0883 611.0578 611.0264 610.995 610.9639 610.9376 610.9024 610.8769 610.8452 610.8125 610.7858 610.749 610.7228 610.6913 610.6578 610.6241 610.5994 610.5665 610.5321 610.5043 610.4738 610.4388 610.405 610.3785 610.3444 610.3199 610.2853 610.2609 610.2263 610.2007 610.1657 610.1408 610.1047 610.0797 610.045
612.1269 612.1024 612.0771 612.0541 612.0295 612.0024 611.9794 611.9544 611.9293 611.9041 611.8765 611.853 611.8276 611.8026 611.7773 611.7533 611.7261 611.7007 611.6752 611.6492 611.6235 611.5971 611.5714 611.5454 611.5208 611.4951 611.47 611.4437 611.418 611.3908 611.3646 611.3373 611.3107 611.2858 611.2569 611.2338 611.207 611.1794 611.1541 611.1248 611.1017 611.074 611.0469 611.0187 610.9952 610.9674 610.9391 610.9127 610.8877 610.8597 610.8305 610.8073 610.7792 610.7557 610.7267 610.7039 610.6746 610.6517 610.6229 610.5992 610.5702 610.5467 610.5173
612.1441 612.1201 612.0961 612.0711 612.0468 612.0226 611.9988 611.9752 611.9512 611.9264 611.9022 611.8782 611.8533 611.8292 611.8043 611.7803 611.7553 611.7303 611.7065 611.6832 611.6583 611.6339 611.6084 611.5839 611.5585 611.5341 611.5087 611.4845 611.4606 611.4351 611.4101 611.3845 611.361 611.3364 611.311 611.2853 611.2616 611.2363 611.2103 611.1843 611.1618 611.136 611.1091 611.087 611.0612 611.0378 611.0115 610.9886 610.9626 610.9394 610.9136 610.8896 610.8647 610.8401 610.8148 610.7918 610.7673 610.7429 610.7199 610.6945 610.67 610.6478 610.6251
612.0113 611.9868 611.9622 611.9378 611.9131 611.8881 611.8641 611.8408 611.816 611.7914 611.7662 611.7412 611.7164 611.6917 611.666 611.6434 611.6176 611.5927 611.5674 611.5427 611.519 611.4935 611.468 611.4441 611.4186 611.3926 611.367 611.3442 611.318 611.2928 611.2689 611.2446 611.2191 611.1958 611.1696 611.1471 611.1206 611.0969 611.0719 611.0472 611.0223 610.9993 610.9742 610.9505 610.9275 610.9009 610.8781 610.8558 610.8314 610.8062 610.7832 610.7608 610.7381 610.7159 610.693 610.6701 -9999 -9999 -9999 -9999 -9999 -9999 -9999
611.8743 611.8492 611.8243 611.8006 611.7751 611.7502 611.7245 611.7017 611.676 611.6505 611.6265 611.6011 611.5751 611.5502 611.5264 611.4999 611.4765 611.451 611.4273 611.402 611.3776 611.3538 611.3278 611.3043 611.2791 611.2545 611.2297 611.2067 611.1812 611.1581 611.1339 611.1088 611.0864 611.0636 611.0372 611.0142 610.9916 610.9691 610.9468 610.9239 610.9011 -9999 -9999 -9999 -9999 -9999 -9999 -9999 -9999 -9999 -9999 -9999 -9999 -9999 -9999 -9999 -9999 -9999 -9999 -9999 -9999 -9999 -9999
611.7333 611.7086 611.6822 611.6589 611.6345 611.6086 611.5856 611.5604 611.5355 611.5117 611.4863 611.4616 611.4371 611.4139 611.3887 611.3657 611.34 611.3167 611.2944 611.2693 611.2452 611.2224 611.2 611.1776 611.1548 611.132 -9999 -9999 -9999 -9999 -9999 -9999 -9999 -9999 -9999 -9999 -9999 -9999 -9999 -9999 -9999 -9999 -9999 -9999 -9999 -9999 -9999 -9999 -9999 -9999 -9999 -9999 -9999 -9999 -9999 -9999 -9999 -9999 -9999 -9999 -9999 -9999 -9999
611.5964 611.5732 611.5474 611.525 611.5017 611.4763 611.4532 611.431 611.4084 611.3857 611.363 -9999 -9999 -9999 -9999 -9999 -9999 -9999 -9999 -9999 -9999 -9999 -9999 -9999 -9999 -9999 -9999 -9999 -9999 -9999 -9999 -9999 -9999 -9999 -9999 -9999 -9999 -9999 -9999 -9999 -9999 -9999 -9999 -9999 -9999 -9999 -9999 -9999 -9999 -9999 -9999 -9999 -9999 -9999 -9999 -9999 -9999 -9999 -9999 -9999 -9999 -9999 -9999
-9999 -9999 -9999 -9999 -9999 -9999 -9999 -9999 -9999 -9999 -9999 -9999 -9999 -9999 -9999 -9999 -9999 -9999 -9999 -9999 -9999 -9999 -9999 -9999 -9999 -9999 -9999 -9999 -9999 -9999 -9999 -9999 -9999 -9999 -9999 -9999 -9999 -9999 -9999 -9999 -9999 -9999 -9999 -9999 -9999 -9999 -9999 -9999 -9999 -9999 -9999 -9999 -9999 -9999 -9999 -9999 -9999 -9999 -9999 -9999 -9999 -9999 -9999
-9999 -9999 -9999 -9999 -9999 -9999 -9999 -9999 -9999 -9999 -9999 -9999 -9999 -9999 -9999 -9999 -9999 -9999 -9999 -9999 -9999 -9999 -9999 -9999 -9999 -9999 -9999 -9999 -9999 -9999 -9999 -9999 -9999 -9999 -9999 -9999 -9999 -9999 -9999 -9999 -9999 -9999 -9999 -9999 -9999 -9999 -9999 -9999 -9999 -9999 -9999 -9999 -9999 -9999 -9999 -9999 -9999 -9999 -9999 -9999 -9999 -9999 -9999
-9999 -9999 -9999 -9999 -9999 -9999 -9999 -9999 -9999 -9999 -9999 -9999 -9999 -9999 -9999 -9999 -9999 -9999 -9999 -9999 -9999 -9999 -9999 -9999 -9999 -9999 -9999 -9999 -9999 -9999 -9999 -9999 -9999 -9999 -9999 -9999 -9999 -9999 -9999 -9999 -9999 -9999 -9999 -9999 -9999 -9999 -9999 -9999 -9999 -9999 -9999 -9999 -9999 -9999 -9999 -9999 -9999 -9999 -9999 -9999 -9999 -9999 -9999
-9999 -9999 -9999 -9999 -9999 -9999 -9999 -9999 -9999 -9999 -9999 -9999 -9999 -9999 -9999 -9999 -9999 -9999 -9999 -9999 -9999 -9999 -9999 -9999 -9999 -9999 -9999 -9999 -9999 -9999 -9999 -9999 -9999 -9999 -9999 -9999 -9999 -9999 -9999 -9999 -9999 -9999 -9999 -9999 -9999 -9999 -9999 -9999 -9999 -9999 -9999 -9999 -9999 -9999 -9999 -9999 -9999 -9999 -9999 -9999 -9999 -9999 -9999
-9999 -9999 -9999 -9999 -9999 -9999 -9999 -9999 -9999 -9999 -9999 -9999 -9999 -9999 -9999 -9999 -9999 -9999 -9999 -9999 -9999 -9999 -9999 -9999 -9999 -9999 -9999 -9999 -9999 -9999 -9999 -9999 -9999 -9999 -9999 -9999 -9999 -9999 -9999 -9999 -9999 -9999 -9999 -9999 -9999 -9999 -9999 -9999 -9999 -9999 -9999 -9999 -9999 -9999 -9999 -9999 -9999 -9999 -9999 -9999 -9999 -9999 -9999
