samples/sfe_316/sfe_316_vv0/sfe_316_vv0/sfe_316_vv0.asc
ncols         271
nrows         91
xllcorner     9.0293671599896
yllcorner     45.988078715561
cellsize      1
NODATA_value  -9999
[rows 56 to 83 of 91, columns 0 to 62 of 271]
-9999 -9999 -9999 -9999 600.4875 600.5813 600.6025 600.6237 600.6449 600.6661 600.6873 600.7085 600.7407 600.8077 600.8747 600.9417 601.0135 601.0899 601.1662 601.2426 601.3188 601.3952 601.4715 601.5479 601.6241 601.7005 601.7768 601.8531 601.9294 602.0058 602.0821 602.1584 602.2347 602.3111 602.3874 602.4637 602.54 602.6164 602.6927 602.769 602.8453 602.9217 603.0075 603.1321 603.2567 603.3813 603.506 603.6306 603.7552 603.8799 604.0045 604.1292 604.2538 604.3784 604.5031 604.6277 604.7523 604.877 605.0016 605.1263 605.2509 605.3756 605.5002
-9999 -9999 -9999 -9999 600.6565 600.6968 600.718 600.7429 600.8099 600.8848 600.9611 601.0374 601.1137 601.1901 601.2664 601.3427 601.419 601.4954 601.5717 601.648 601.7243 601.8007 601.877 601.9533 602.0296 602.106 602.1823 602.2586 602.3349 602.4113 602.4875 602.5639 602.6402 602.7166 602.7928 602.8691 602.9455 603.0236 603.1483 603.2728 603.3975 603.5221 603.6467 603.7714 603.896 604.0206 604.1453 604.2699 604.3945 604.5192 604.6438 604.7685 604.8931 605.0178 605.1425 605.2671 605.3918 605.5164 605.6411 605.7657 605.8904 606.0151 606.1397
-9999 -9999 -9999 -9999 600.9771 600.9849 601.0612 601.1376 601.2139 601.2902 601.3665 601.4429 601.5192 601.5955 601.6718 601.7481 601.8245 601.9008 601.9771 602.0534 602.1298 602.2061 602.2824 602.3587 602.4351 602.5114 602.5877 602.664 602.7404 602.8167 602.893 602.9693 603.0457 603.1644 603.289 603.4136 603.5382 603.6628 603.7875 603.9121 604.0367 604.1614 604.286 604.4106 604.5353 604.66 604.7847 604.9093 605.0339 605.1586 605.2833 605.408 605.5326 605.6573 605.7819 605.9066 606.0313 606.1559 606.2807 606.4055 606.5303 606.6552 606.78
-9999 -9999 -9999 -9999 601.2205 601.3903 601.4667 601.543 601.6193 601.6956 601.772 601.8483 601.9246 602.0009 602.0773 602.1536 602.2299 602.3062 602.3826 602.4589 602.5352 602.6115 602.6879 602.7642 602.8405 602.9168 602.9932 603.0695 603.1805 603.3051 603.4297 603.5544 603.679 603.8036 603.9282 604.0529 604.1775 604.3022 604.4268 604.5515 604.6761 604.8008 604.9255 605.0501 605.1748 605.2994 605.4241 605.5488 605.6735 605.7981 605.9227 606.0474 606.1721 606.2968 606.4216 606.5464 606.6713 606.7961 606.9209 607.0457 607.1705 607.2953 607.4202
-9999 -9999 -9999 -9999 601.5555 601.7958 601.8721 601.9484 602.0248 602.1011 602.1774 602.2537 602.3301 602.4064 602.4827 602.559 602.6353 602.7117 602.788 602.8643 602.9406 603.017 603.0933 603.1966 603.3212 603.4459 603.5705 603.6951 603.8197 603.9443 604.069 604.1937 604.3184 604.443 604.5677 604.6923 604.817 604.9417 605.0663 605.191 605.3156 605.4403 605.5649 605.6896 605.8143 605.9389 606.0636 606.1882 606.313 606.4378 606.5626 606.6874 606.8123 606.9371 607.0619 607.1867 607.3115 607.4363 607.5612 607.686 607.8108 607.9356 608.0604
-9999 -9999 -9999 -9999 602.1265 602.12 602.2775 602.3539 602.4302 602.5065 602.5828 602.6592 602.7355 602.8118 602.8881 602.9645 603.0408 603.1171 603.2127 603.3373 603.462 603.5866 603.7112 603.8359 603.9605 604.0852 604.2098 604.3345 604.4592 604.5838 604.7085 604.8331 604.9578 605.0825 605.2072 605.3318 605.4565 605.5811 605.7057 605.8304 605.9551 606.0798 606.2044 606.3291 606.4539 606.5787 606.7036 606.8284 606.9532 607.078 607.2028 607.3276 607.4525 607.5773 607.7021 607.8269 607.9517 608.0765 608.1959 608.3138 608.4317 608.5496 608.6674
-9999 -9999 -9999 -9999 -9999 602.3635 602.683 602.7593 602.8356 602.912 602.9883 603.0646 603.1409 603.2288 603.3535 603.4781 603.6027 603.7274 603.8521 603.9767 604.1014 604.226 604.3507 604.4753 604.6 604.7247 604.8493 604.974 605.0986 605.2233 605.348 605.4726 605.5973 605.7219 605.8466 605.9713 606.0959 606.2206 606.3453 606.4701 606.5949 606.7197 606.8445 606.9694 607.0942 607.219 607.3438 607.4686 607.5934 607.7183 607.8431 607.9641 608.082 608.1998 608.3177 608.4355 608.5535 608.6713 608.7892 608.907 609.0249 609.1428 609.2606
-9999 -9999 -9999 -9999 -9999 602.9075 603.0884 603.1647 603.2449 603.3696 603.4942 603.6189 603.7435 603.8682 603.9929 604.1176 604.2422 604.3668 604.4915 604.6161 604.7408 604.8655 604.9902 605.1148 605.2395 605.3641 605.4888 605.6135 605.7381 605.8628 605.9874 606.1121 606.2368 606.3614 606.4862 606.611 606.7358 606.8607 606.9855 607.1103 607.2351 607.3599 607.4847 607.6096 607.7322 607.8502 607.968 608.0859 608.2037 608.3216 608.4395 608.5573 608.6752 608.7931 608.9109 609.0288 609.1467 609.2645 609.3824 609.4584 609.5142 609.57 609.6258
-9999 -9999 -9999 -9999 -9999 603.4745 603.6351 603.7597 603.8844 604.009 604.1337 604.2584 604.383 604.5077 604.6323 604.757 604.8817 605.0063 605.131 605.2556 605.3803 605.5049 605.6296 605.7543 605.879 606.0036 606.1282 606.2529 606.3776 606.5024 606.6272 606.752 606.8768 607.0016 607.1265 607.2513 607.3761 607.5004 607.6183 607.7361 607.854 607.9719 608.0898 608.2076 608.3255 608.4434 608.5612 608.6791 608.7969 608.9148 609.0327 609.1506 609.2684 609.3863 609.4722 609.528 609.5838 609.6396 609.6954 609.7512 609.807 609.8629 609.9186
-9999 -9999 -9999 -9999 -9999 604.112 604.2745 604.3992 604.5239 604.6485 604.7732 604.8978 605.0225 605.1472 605.2718 605.3965 605.5211 605.6458 605.7704 605.8951 606.0198 606.1444 606.2691 606.3937 606.5185 606.6433 606.7681 606.8929 607.0178 607.1426 607.2674 607.3865 607.5043 607.6222 607.7401 607.8579 607.9758 608.0936 608.2115 608.3294 608.4473 608.5651 608.683 608.8008 608.9187 609.0366 609.1544 609.2723 609.3902 609.486 609.5417 609.5976 609.6534 609.7092 609.765 609.8208 609.8766 609.9324 609.9883 610.0441 610.0999 610.1557 610.2115
-9999 -9999 -9999 -9999 -9999 604.6905 604.914 605.0386 605.1633 605.288 605.4127 605.5373 605.662 605.7866 605.9113 606.0359 606.1606 606.2853 606.4099 606.5347 606.6595 606.7843 606.9091 607.0339 607.1546 607.2725 607.3903 607.5082 607.6261 607.744 607.8618 607.9797 608.0975 608.2154 608.3333 608.4511 608.569 608.6869 608.8047 608.9226 609.0405 609.1583 609.2762 609.394 609.4998 609.5555 609.6114 609.6672 609.723 609.7788 609.8346 609.8904 609.9462 610.0021 610.0579 610.1136 610.1695 610.2253 610.2811 610.3337 610.3854 610.4372 610.4889
-9999 -9999 -9999 -9999 -9999 -9999 605.561 605.6782 605.8028 605.9274 606.0521 606.1768 606.3015 606.4261 606.5508 606.6756 606.8004 606.9228 607.0406 607.1585 607.2764 607.3942 607.5121 607.6299 607.7479 607.8657 607.9836 608.1014 608.2193 608.3372 608.455 608.5729 608.6908 608.8087 608.9265 609.0444 609.1622 609.2801 609.3979 609.5135 609.5693 609.6252 609.681 609.7368 609.7926 609.8484 609.9042 609.96 610.0159 610.0717 610.1274 610.1833 610.2369 610.2886 610.3403 610.392 610.4438 610.4955 610.5472 610.599 610.6507 610.7025 610.7542
-9999 -9999 -9999 -9999 -9999 -9999 606.2085 606.3176 606.4423 606.567 606.6909 606.8088 606.9266 607.0446 607.1624 607.2803 607.3981 607.516 607.6339 607.7517 607.8696 607.9875 608.1053 608.2232 608.3411 608.4589 608.5768 608.6946 608.8125 608.9304 609.0483 609.1661 609.284 609.4019 609.5197 609.5831 609.639 609.6948 609.7505 609.8064 609.8622 609.918 609.9738 610.0296 610.0854 610.14 610.1917 610.2435 610.2952 610.3469 610.3987 610.4504 610.5021 610.5538 610.6056 610.6573 610.709 610.7607 610.8125 610.8643 610.9152 610.9658 611.0164
-9999 -9999 -9999 -9999 -9999 -9999 606.7795 606.9305 607.0484 607.1663 607.2842 607.402 607.5199 607.6378 607.7556 607.8735 607.9913 608.1092 608.2271 608.345 608.4628 608.5807 608.6985 608.8164 608.9343 609.0521 609.17 609.2879 609.4058 609.5236 609.5969 609.6528 609.7086 609.7643 609.8202 609.876 609.9318 609.9876 610.0432 610.0948 610.1466 610.1983 610.2501 610.3018 610.3535 610.4053 610.457 610.5087 610.5604 610.6122 610.6639 610.7156 610.7674 610.8191 610.8708 610.9219 610.9725 611.0231 611.0737 611.1243 611.1749 611.2255 611.276
-9999 -9999 -9999 -9999 -9999 -9999 607.414 607.5238 607.6417 607.7595 607.8774 607.9952 608.1131 608.231 608.3488 608.4667 608.5846 608.7025 608.8203 608.9382 609.056 609.1739 609.2917 609.4097 609.5275 609.6107 609.6666 609.7224 609.7781 609.834 609.8898 609.9456 609.998 610.0497 610.1015 610.1532 610.205 610.2567 610.3084 610.3601 610.4119 610.4636 610.5153 610.567 610.6188 610.6705 610.7222 610.774 610.8257 610.8774 610.9288 610.9793 611.0299 611.0805 611.131 611.1816 611.2322 611.2828 611.3334 611.384 611.4346 611.4851 611.5357
-9999 -9999 -9999 -9999 -9999 -9999 607.9855 608.117 608.2349 608.3527 608.4706 608.5884 608.7064 608.8242 608.9421 609.0599 609.1778 609.2957 609.4135 609.5314 609.6245 609.6804 609.7361 609.7919 609.8478 609.9011 609.9529 610.0046 610.0563 610.1081 610.1598 610.2115 610.2632 610.315 610.3667 610.4185 610.4702 610.5219 610.5737 610.6254 610.6771 610.7288 610.7806 610.8323 610.884 610.9355 610.9861 611.0367 611.0873 611.1379 611.1884 611.239 611.2896 611.3401 611.3907 611.4413 611.4919 611.5425 611.5931 611.6437 611.6942 611.7447 611.7952
-9999 -9999 -9999 -9999 -9999 -9999 607.0725 608.757 608.8281 608.946 609.0638 609.1817 609.2996 609.4174 609.5353 609.6383 609.6941 609.7499 609.8043 609.856 609.9078 609.9595 610.0112 610.0629 610.1147 610.1664 610.2181 610.2698 610.3216 610.3734 610.425 610.4768 610.5285 610.5803 610.632 610.6837 610.7354 610.7872 610.8389 610.8906 610.9423 610.9929 611.0435 611.0941 611.1447 611.1952 611.2458 611.2964 611.347 611.3975 611.4481 611.4987 611.5493 611.5999 611.6503 611.7009 611.7514 611.8019 611.8524 611.903 611.9535 612.004 612.0545
-9999 -9999 -9999 -9999 -9999 -9999 -9999 609.3915 609.4213 609.5392 609.6521 609.7074 609.7592 609.8109 609.8626 609.9144 609.9661 610.0178 610.0695 610.1213 610.173 610.2247 610.2765 610.3282 610.3799 610.4316 610.4834 610.5351 610.5869 610.6385 610.6903 610.7421 610.7938 610.8455 610.8972 610.949 610.9997 611.0502 611.1008 611.1514 611.202 611.2526 611.3032 611.3538 611.4043 611.4549 611.5055 611.556 611.6065 611.657 611.7076 611.7581 611.8086 611.8591 611.9097 611.9601 612.0107 612.0612 612.1118 612.1622 612.2128 612.2635 612.3143
-9999 -9999 -9999 -9999 -9999 -9999 -9999 609.801 609.8175 609.8692 609.921 609.9727 610.0244 610.0761 610.1279 610.1796 610.2313 610.2831 610.3348 610.3865 610.4382 610.49 610.5417 610.5934 610.6452 610.6969 610.7487 610.8004 610.8521 610.9038 610.9556 611.0065 611.0571 611.1076 611.1582 611.2088 611.2593 611.3099 611.3605 611.4111 611.4616 611.5121 611.5627 611.6132 611.6637 611.7142 611.7648 611.8153 611.8658 611.9163 611.9669 612.0174 612.0679 612.1184 612.1689 612.2195 612.2701 612.321 612.3718 612.4227 612.4735 612.5244 612.5752
-9999 -9999 -9999 -9999 -9999 -9999 -9999 610.0705 610.0828 610.1345 610.1862 610.2379 610.2897 610.3414 610.3931 610.4448 610.4966 610.5483 610.6 610.6518 610.7035 610.7552 610.8069 610.8587 610.9104 610.9622 611.0132 611.0638 611.1144 611.165 611.2156 611.2662 611.3167 611.3672 611.4178 611.4683 611.5188 611.5693 611.6199 611.6704 611.7209 611.7714 611.822 611.8725 611.923 611.9735 612.024 612.0746 612.1251 612.1756 612.2261 612.2768 612.3276 612.3785 612.4293 612.4802 612.531 612.5818 612.6327 612.6835 612.7344 612.7852 612.8361
-9999 -9999 -9999 -9999 -9999 -9999 -9999 610.346 610.348 610.3997 610.4515 610.5032 610.5549 610.6066 610.6584 610.7101 610.7618 610.8135 610.8653 610.9171 610.9688 611.02 611.0706 611.1212 611.1718 611.2224 611.2729 611.3234 611.374 611.4244 611.475 611.5255 611.576 611.6265 611.6771 611.7276 611.7781 611.8286 611.8792 611.9297 611.9802 612.0307 612.0812 612.1318 612.1823 612.2328 612.2834 612.3342 612.3851 612.4359 612.4868 612.5376 612.5885 612.6393 612.6902 612.741 612.7919 612.8427 612.8936 612.9444 612.9952 613.0461 613.0969
-9999 -9999 -9999 -9999 -9999 -9999 -9999 610.622 610.6175 610.665 610.7167 610.7684 610.8202 610.8719 610.9236 610.9753 611.0268 611.0774 611.128 611.1785 611.2291 611.2796 611.3301 611.3806 611.4312 611.4817 611.5322 611.5827 611.6332 611.6838 611.7343 611.7848 611.8353 611.8859 611.9363 611.9869 612.0374 612.088 612.1384 612.189 612.2395 612.29 612.3409 612.3917 612.4426 612.4934 612.5443 612.5951 612.6459 612.6968 612.7476 612.7985 612.8493 612.9001 612.951 613.0018 613.0527 613.1036 613.1544 613.2053 613.2562 613.3071 613.358
-9999 -9999 -9999 -9999 -9999 -9999 -9999 -9999 610.893 610.9302 610.9819 611.0336 611.0842 611.1347 611.1852 611.2357 611.2863 611.3368 611.3873 611.4378 611.4883 611.5389 611.5894 611.6399 611.6904 611.741 611.7915 611.842 611.8925 611.9431 611.9936 612.0441 612.0946 612.1451 612.1957 612.2462 612.2967 612.3475 612.3984 612.4492 612.5001 612.5509 612.6017 612.6526 612.7034 612.7543 612.8051 612.856 612.9068 612.9576 613.0085 613.0594 613.1103 613.1612 613.212 613.2629 613.3138 613.3647 613.4156 613.4665 613.5174 613.5683 613.6192
-9999 -9999 -9999 -9999 -9999 -9999 -9999 -9999 611.169 611.1919 611.2424 611.293 611.3434 611.394 611.4445 611.4951 611.5455 611.5961 611.6466 611.6971 611.7476 611.7982 611.8487 611.8992 611.9497 612.0002 612.0508 612.1013 612.1518 612.2023 612.2529 612.3034 612.3541 612.405 612.4558 612.5067 612.5575 612.6083 612.6592 612.71 612.7609 612.8118 612.8626 612.9135 612.9644 613.0153 613.0661 613.117 613.1679 613.2188 613.2697 613.3206 613.3715 613.4224 613.4733 613.5242 613.575 613.6259 613.6768 613.7277 613.7786 613.8295 613.8816
-9999 -9999 -9999 -9999 -9999 -9999 -9999 -9999 611.4385 611.4512 611.5017 611.5522 611.6028 611.6533 611.7038 611.7543 611.8049 611.8553 611.9059 611.9564 612.007 612.0574 612.108 612.1585 612.209 612.2595 612.3101 612.3608 612.4116 612.4625 612.5133 612.5641 612.615 612.6658 612.7167 612.7675 612.8184 612.8693 612.9202 612.9711 613.022 613.0729 613.1238 613.1746 613.2255 613.2764 613.3273 613.3782 613.4291 613.48 613.5309 613.5818 613.6327 613.6835 613.7344 613.7853 613.8362 613.8881 613.9407 613.991 614.0363 614.0815 614.1268
-9999 -9999 -9999 -9999 -9999 -9999 -9999 -9999 611.708 611.7105 611.761 611.8115 611.8621 611.9126 611.9631 612.0136 612.0641 612.1147 612.1652 612.2157 612.2662 612.3168 612.3674 612.4182 612.4691 612.52 612.5708 612.6216 612.6725 612.7234 612.7742 612.8251 612.876 612.9269 612.9778 613.0287 613.0796 613.1305 613.1814 613.2323 613.2831 613.334 613.3849 613.4359 613.4868 613.5376 613.5885 613.6394 613.6903 613.7412 613.7921 613.843 613.8945 613.9472 613.9999 614.0458 614.0911 614.1363 614.1816 614.2269 614.254 614.2333 614.2114
-9999 -9999 -9999 -9999 -9999 -9999 -9999 -9999 611.98 611.98 612.0203 612.0708 612.1213 612.1719 612.2224 612.2729 612.3234 612.374 612.4249 612.4757 612.5266 612.5775 612.6283 612.6792 612.7301 612.781 612.8319 612.8828 612.9337 612.9846 613.0355 613.0864 613.1372 613.1881 613.239 613.2899 613.3408 613.3917 613.4426 613.4935 613.5444 613.5953 613.6461 613.697 613.7479 613.7988 613.8497 613.9009 613.9537 614.0063 614.0553 614.1005 614.1458 614.1911 614.2364 614.2515 614.2301 614.2086 614.1875 614.1655 614.1436 614.1226 614.1005
-9999 -9999 -9999 -9999 -9999 -9999 -9999 -9999 -9999 612.2495 612.2796 612.3301 612.3807 612.4315 612.4824 612.5333 612.5842 612.6351 612.686 612.7368 612.7877 612.8386 612.8895 612.9404 612.9913 613.0422 613.0931 613.144 613.1949 613.2457 613.2966 613.3475 613.3984 613.4493 613.5002 613.5511 613.602 613.6529 613.7038 613.7546 613.8055 613.8564 613.9074 613.9601 614.0128 614.0648 614.11 614.1553 614.2006 614.2459 614.2491 614.2275 614.2061 614.1845 614.1627 614.1414 614.1194 614.0977 614.0759 614.0538 614.0322 614.0101 613.9879
