backup/site316_ft/site316vanilla/site316vanilla/site316vanilla.asc
ncols         606
nrows         34
xllcorner     0
yllcorner     -17
cellsize      1
NODATA_value  -9999
[rows 0 to 28 of 34, columns 520 to 584 of 606]
496.9544 496.9464 496.9384 496.9305 496.9224 496.9144 496.9064 496.8984 496.8904 496.8824 496.8745 496.8664 496.8584 496.8504 496.8419 496.8334 496.8254 496.8174 496.8094 496.8015 496.7934 496.7854 496.7774 496.7694 496.7614 496.7534 496.7455 496.7374 496.7294 496.7214 496.7129 496.7044 496.6964 496.6884 496.6805 496.6724 496.6644 496.6564 496.6484 496.6404 496.6324 496.6245 496.6164 496.6084 496.6004 496.5924 496.5844 496.5759 496.5674 496.5594 496.5515 496.5434 496.5354 496.5274 496.5194 496.5114 496.5034 496.4955 496.4874 496.4794 496.4714 496.4634 496.4554 496.4474 496.4389
497.0973 497.0893 497.0813 497.0733 497.0653 497.0573 497.0493 497.0413 497.0333 497.0253 497.0173 497.0093 497.0013 496.9933 496.9848 496.9763 496.9683 496.9603 496.9523 496.9443 496.9363 496.9283 496.9203 496.9123 496.9043 496.8963 496.8883 496.8803 496.8723 496.8643 496.8558 496.8473 496.8393 496.8313 496.8233 496.8153 496.8073 496.7993 496.7913 496.7833 496.7753 496.7673 496.7593 496.7513 496.7433 496.7353 496.7273 496.7188 496.7103 496.7023 496.6943 496.6863 496.6783 496.6703 496.6623 496.6543 496.6463 496.6383 496.6303 496.6223 496.6143 496.6063 496.5983 496.5903 496.5818
497.2401 497.2321 497.2242 497.2162 497.2081 497.2001 497.1921 497.1841 497.1761 497.1682 497.1602 497.1521 497.1441 497.1361 497.1276 497.1191 497.1111 497.1031 497.0952 497.0872 497.0791 497.0711 497.0631 497.0551 497.0471 497.0392 497.0312 497.0231 497.0151 497.0071 496.9986 496.9901 496.9821 496.9742 496.9662 496.9581 496.9501 496.9421 496.9341 496.9261 496.9182 496.9102 496.9021 496.8941 496.8861 496.8781 496.8701 496.8616 496.8531 496.8452 496.8372 496.8291 496.8211 496.8131 496.8051 496.7971 496.7892 496.7812 496.7731 496.7651 496.7571 496.7491 496.7411 496.7332 496.7246
497.383 497.375 497.367 497.359 497.351 497.343 497.335 497.327 497.319 497.311 497.303 497.295 497.287 497.279 497.2705 497.262 497.254 497.246 497.238 497.23 497.222 497.214 497.206 497.198 497.19 497.182 497.174 497.166 497.158 497.15 497.1415 497.133 497.125 497.117 497.109 497.101 497.093 497.085 497.077 497.069 497.061 497.053 497.045 497.037 497.029 497.021 497.013 497.0045 496.996 496.988 496.98 496.972 496.964 496.956 496.948 496.94 496.932 496.924 496.916 496.908 496.9 496.892 496.884 496.876 496.8675
497.5258 497.5179 497.5099 497.5019 497.4939 497.4858 497.4778 497.4698 497.4619 497.4539 497.4459 497.4379 497.4298 497.4218 497.4134 497.4048 497.3969 497.3889 497.3809 497.3729 497.3649 497.3568 497.3488 497.3409 497.3329 497.3249 497.3169 497.3089 497.3008 497.2928 497.2844 497.2758 497.2679 497.2599 497.2519 497.2439 497.2358 497.2278 497.2198 497.2119 497.2039 497.1959 497.1879 497.1798 497.1718 497.1638 497.1559 497.1474 497.1389 497.1309 497.1229 497.1149 497.1068 497.0988 497.0909 497.0829 497.0749 497.0669 497.0589 497.0508 497.0428 497.0349 497.0269 497.0189 497.0104
497.6687 497.6607 497.6527 497.6447 497.6367 497.6287 497.6207 497.6127 497.6047 497.5967 497.5887 497.5807 497.5727 497.5647 497.5562 497.5477 497.5397 497.5317 497.5237 497.5157 497.5077 497.4997 497.4917 497.4837 497.4757 497.4677 497.4597 497.4517 497.4437 497.4357 497.4272 497.4187 497.4107 497.4027 497.3947 497.3867 497.3787 497.3707 497.3627 497.3547 497.3467 497.3387 497.3307 497.3227 497.3147 497.3067 497.2987 497.2902 497.2817 497.2737 497.2657 497.2577 497.2497 497.2417 497.2337 497.2257 497.2177 497.2097 497.2017 497.1937 497.1857 497.1777 497.1697 497.1617 497.1532
497.8116 497.8036 497.7956 497.7876 497.7796 497.7715 497.7635 497.7556 497.7476 497.7396 497.7316 497.7236 497.7155 497.7076 497.6991 497.6906 497.6826 497.6746 497.6666 497.6586 497.6506 497.6425 497.6346 497.6266 497.6186 497.6106 497.6026 497.5946 497.5865 497.5786 497.5701 497.5616 497.5536 497.5456 497.5376 497.5296 497.5215 497.5135 497.5056 497.4976 497.4896 497.4816 497.4736 497.4655 497.4576 497.4496 497.4416 497.4331 497.4246 497.4166 497.4086 497.4006 497.3925 497.3846 497.3766 497.3686 497.3606 497.3526 497.3446 497.3365 497.3286 497.3206 497.3126 497.3046 497.2961
497.7207 497.7127 497.7047 497.6967 497.6887 497.6807 497.6727 497.6647 497.6567 497.6487 497.6407 497.6327 497.6247 497.6167 497.6082 497.5997 497.5917 497.5837 497.5757 497.5677 497.5598 497.5517 497.5437 497.5357 497.5277 497.5197 497.5117 497.5037 497.4957 497.4877 497.4792 497.4707 497.4627 497.4547 497.4467 497.4388 497.4307 497.4227 497.4147 497.4067 497.3987 497.3907 497.3827 497.3747 497.3667 497.3587 497.3507 497.3422 497.3337 497.3257 497.3177 497.3098 497.3017 497.2937 497.2857 497.2777 497.2697 497.2617 497.2537 497.2457 497.2377 497.2297 497.2217 497.2137 497.2052
497.3962 497.3882 497.3802 497.3723 497.364 497.356 497.348 497.34 497.332 497.324 497.316 497.308 497.3 497.292 497.2838 497.2752 497.2672 497.2592 497.2513 497.2433 497.2353 497.2272 497.219 497.211 497.203 497.195 497.187 497.179 497.171 497.163 497.1548 497.1462 497.1382 497.1302 497.1223 497.1143 497.1062 497.0982 497.0902 497.082 497.074 497.066 497.058 497.05 497.042 497.034 497.026 497.0175 497.0092 497.0013 496.9933 496.9852 496.9772 496.9692 496.9612 496.953 496.945 496.937 496.929 496.921 496.913 496.905 496.897 496.889 496.8805
497.0717 497.0638 497.0558 497.0478 497.0393 497.0313 497.0233 497.0153 497.0073 496.9993 496.9913 496.9833 496.9753 496.9673 496.9593 496.9507 496.9427 496.9348 496.9268 496.9188 496.9108 496.9027 496.8943 496.8863 496.8783 496.8703 496.8623 496.8543 496.8463 496.8383 496.8303 496.8217 496.8138 496.8058 496.7978 496.7897 496.7817 496.7737 496.7657 496.7573 496.7493 496.7413 496.7333 496.7253 496.7173 496.7093 496.7013 496.6928 496.6848 496.6768 496.6688 496.6607 496.6527 496.6447 496.6367 496.6283 496.6203 496.6123 496.6043 496.5963 496.5883 496.5803 496.5723 496.5643 496.5558
496.7473 496.7393 496.7313 496.7232 496.7148 496.7067 496.6987 496.6907 496.6827 496.6747 496.6667 496.6587 496.6507 496.6427 496.6347 496.6263 496.6183 496.6103 496.6023 496.5942 496.5862 496.5782 496.5697 496.5617 496.5537 496.5457 496.5377 496.5297 496.5217 496.5137 496.5057 496.4973 496.4893 496.4812 496.4732 496.4652 496.4572 496.4492 496.4412 496.4327 496.4247 496.4167 496.4087 496.4007 496.3927 496.3847 496.3767 496.3683 496.3603 496.3522 496.3442 496.3362 496.3282 496.3203 496.3122 496.3037 496.2957 496.2877 496.2797 496.2717 496.2637 496.2557 496.2477 496.2397 496.2313
496.4228 496.4148 496.4067 496.3987 496.3903 496.382 496.374 496.366 496.358 496.35 496.342 496.334 496.326 496.318 496.31 496.3018 496.2938 496.2858 496.2778 496.2697 496.2617 496.2535 496.245 496.237 496.229 496.221 496.213 496.205 496.197 496.189 496.181 496.1728 496.1648 496.1567 496.1487 496.1407 496.1328 496.1248 496.1165 496.108 496.1 496.092 496.084 496.076 496.068 496.06 496.052 496.0438 496.0358 496.0277 496.0197 496.0117 496.0038 495.9958 495.9875 495.979 495.971 495.963 495.955 495.947 495.939 495.931 495.923 495.915 495.9067
496.0983 496.0903 496.0822 496.0742 496.0657 496.0573 496.0493 496.0413 496.0333 496.0253 496.0173 496.0093 496.0013 495.9933 495.9853 495.9773 495.9693 495.9613 495.9532 495.9453 495.9373 495.9288 495.9203 495.9123 495.9043 495.8963 495.8883 495.8803 495.8723 495.8643 495.8563 495.8483 495.8403 495.8322 495.8242 495.8163 495.8083 495.8003 495.7918 495.7833 495.7753 495.7673 495.7593 495.7513 495.7433 495.7353 495.7273 495.7193 495.7113 495.7032 495.6953 495.6873 495.6793 495.6713 495.6628 495.6543 495.6463 495.6383 495.6303 495.6223 495.6143 495.6063 495.5983 495.5903 495.5822
493.7975 493.7895 493.773 493.761 493.7525 493.7365 493.7245 493.7165 493.7005 493.688 493.676 493.668 493.652 493.64 493.632 493.616 493.604 493.596 493.5795 493.5675 493.5595 493.5435 493.531 493.519 493.511 493.495 493.4825 493.4745 493.4585 493.4465 493.4385 493.4225 493.4105 493.4025 493.386 493.374 493.362 493.354 493.338 493.3255 493.3175 493.3015 493.289 493.281 493.265 493.253 493.245 493.229 493.217 493.205 493.197 493.1805 493.1685 493.1605 493.1445 493.132 493.124 493.108 493.096 493.088 493.0715 493.0595 493.0475 493.0395 493.0235
491.645 491.629 491.6125 491.5965 491.58 491.564 491.548 491.532 491.516 491.4995 491.4835 491.467 491.451 491.435 491.419 491.403 491.387 491.371 491.3545 491.3385 491.322 491.306 491.29 491.274 491.258 491.242 491.2255 491.2095 491.1935 491.177 491.161 491.145 491.129 491.113 491.0965 491.0805 491.0645 491.048 491.032 491.016 491 490.984 490.9675 490.9515 490.9355 490.9195 490.903 490.887 490.871 490.855 490.839 490.8225 490.8065 490.79 490.774 490.758 490.742 490.726 490.71 490.694 490.6775 490.6615 490.645 490.629 490.613
491.6205 491.6045 491.5885 491.572 491.5555 491.5395 491.5235 491.5075 491.4915 491.4755 491.4595 491.443 491.4265 491.4105 491.3945 491.3785 491.3625 491.3465 491.3305 491.3145 491.298 491.2815 491.2655 491.2495 491.2335 491.2175 491.2015 491.1855 491.169 491.1525 491.1365 491.1205 491.1045 491.0885 491.0725 491.0565 491.04 491.0235 491.0075 490.9915 490.9755 490.9595 490.9435 490.9275 490.9115 490.895 490.8785 490.8625 490.8465 490.8305 490.8145 490.7985 490.7825 490.766 490.7495 490.7335 490.7175 490.7015 490.6855 490.6695 490.6535 490.637 490.6205 490.6045 490.5885
491.6115 491.5955 491.5795 491.5635 491.547 491.531 491.515 491.499 491.483 491.4665 491.4505 491.4345 491.418 491.402 491.386 491.37 491.354 491.3375 491.3215 491.3055 491.2895 491.273 491.257 491.241 491.225 491.2085 491.1925 491.1765 491.1605 491.144 491.128 491.112 491.096 491.08 491.0635 491.0475 491.0315 491.015 490.999 490.983 490.967 490.951 490.9345 490.9185 490.9025 490.8865 490.87 490.854 490.838 490.822 490.8055 490.7895 490.7735 490.7575 490.741 490.725 490.709 490.693 490.677 490.6605 490.6445 490.6285 490.612 490.596 490.58
491.6115 491.5955 491.5795 491.5635 491.547 491.531 491.515 491.499 491.483 491.4665 491.4505 491.4345 491.418 491.402 491.386 491.37 491.354 491.3375 491.3215 491.3055 491.2895 491.273 491.257 491.241 491.225 491.2085 491.1925 491.1765 491.1605 491.144 491.128 491.112 491.096 491.08 491.0635 491.0475 491.0315 491.015 490.999 490.983 490.967 490.951 490.9345 490.9185 490.9025 490.8865 490.87 490.854 490.838 490.822 490.8055 490.7895 490.7735 490.7575 490.741 490.725 490.709 490.693 490.677 490.6605 490.6445 490.6285 490.612 490.596 490.58
491.6205 491.6045 491.5885 491.572 491.5555 491.5395 491.5235 491.5075 491.4915 491.4755 491.4595 491.443 491.4265 491.4105 491.3945 491.3785 491.3625 491.3465 491.3305 491.3145 491.298 491.2815 491.2655 491.2495 491.2335 491.2175 491.2015 491.1855 491.169 491.1525 491.1365 491.1205 491.1045 491.0885 491.0725 491.0565 491.04 491.0235 491.0075 490.9915 490.9755 490.9595 490.9435 490.9275 490.9115 490.895 490.8785 490.8625 490.8465 490.8305 490.8145 490.7985 490.7825 490.766 490.7495 490.7335 490.7175 490.7015 490.6855 490.6695 490.6535 490.637 490.6205 490.6045 490.5885
491.645 491.6285 491.6125 491.5965 491.58 491.564 491.548 491.532 491.516 491.4995 491.4835 491.4675 491.451 491.435 491.419 491.403 491.387 491.3705 491.3545 491.3385 491.3225 491.306 491.29 491.274 491.258 491.242 491.2255 491.2095 491.193 491.177 491.161 491.145 491.129 491.113 491.097 491.0805 491.0645 491.048 491.032 491.016 491 490.984 490.9675 490.9515 490.9355 490.9195 490.903 490.887 490.871 490.855 490.839 490.823 490.8065 490.7905 490.774 490.758 490.742 490.726 490.71 490.6935 490.6775 490.661 490.645 490.629 490.613
493.7975 493.7895 493.773 493.761 493.7525 493.7365 493.7245 493.7165 493.7005 493.688 493.676 493.668 493.652 493.64 493.632 493.616 493.604 493.596 493.5795 493.5675 493.5595 493.5435 493.531 493.519 493.511 493.495 493.4825 493.4745 493.4585 493.4465 493.4385 493.4225 493.4105 493.4025 493.386 493.374 493.362 493.354 493.338 493.3255 493.3175 493.3015 493.289 493.281 493.265 493.253 493.245 493.229 493.217 493.205 493.197 493.1805 493.1685 493.1605 493.1445 493.132 493.124 493.108 493.096 493.088 493.0715 493.0595 493.0475 493.0395 493.0235
496.0983 496.0903 496.0822 496.0742 496.0657 496.0573 496.0493 496.0413 496.0333 496.0253 496.0173 496.0093 496.0013 495.9933 495.9853 495.9773 495.9693 495.9613 495.9532 495.9453 495.9373 495.9287 495.9203 495.9123 495.9043 495.8963 495.8883 495.8803 495.8723 495.8643 495.8563 495.8483 495.8403 495.8322 495.8242 495.8163 495.8083 495.8003 495.7917 495.7833 495.7753 495.7673 495.7593 495.7513 495.7433 495.7353 495.7273 495.7193 495.7113 495.7032 495.6953 495.6873 495.6793 495.6713 495.6628 495.6543 495.6463 495.6383 495.6303 495.6223 495.6143 495.6063 495.5983 495.5903 495.5823
496.4228 496.4148 496.4067 496.3987 496.3903 496.382 496.374 496.366 496.358 496.35 496.342 496.334 496.326 496.318 496.31 496.3018 496.2938 496.2858 496.2777 496.2697 496.2617 496.2532 496.245 496.237 496.229 496.221 496.213 496.205 496.197 496.189 496.181 496.1728 496.1648 496.1567 496.1487 496.1407 496.1328 496.1248 496.1162 496.108 496.1 496.092 496.084 496.076 496.068 496.06 496.052 496.044 496.0358 496.0278 496.0197 496.0117 496.0038 495.9958 495.9872 495.979 495.971 495.963 495.955 495.947 495.939 495.931 495.923 495.915 495.907
496.7473 496.7393 496.7312 496.7232 496.7148 496.7067 496.6987 496.6907 496.6827 496.6747 496.6667 496.6587 496.6507 496.6427 496.6347 496.6263 496.6183 496.6103 496.6022 496.5942 496.5862 496.5777 496.5697 496.5617 496.5537 496.5457 496.5377 496.5297 496.5217 496.5137 496.5057 496.4973 496.4893 496.4812 496.4732 496.4652 496.4572 496.4492 496.4407 496.4327 496.4247 496.4167 496.4087 496.4007 496.3927 496.3847 496.3767 496.3687 496.3603 496.3523 496.3442 496.3362 496.3282 496.3203 496.3117 496.3037 496.2957 496.2877 496.2797 496.2717 496.2637 496.2557 496.2477 496.2397 496.2317
497.0717 497.0638 497.0558 497.0478 497.0393 497.0313 497.0233 497.0153 497.0073 496.9993 496.9913 496.9833 496.9753 496.9673 496.9593 496.9507 496.9427 496.9348 496.9268 496.9188 496.9108 496.9023 496.8943 496.8863 496.8783 496.8703 496.8623 496.8543 496.8463 496.8383 496.8303 496.8217 496.8138 496.8058 496.7978 496.7898 496.7817 496.7737 496.7653 496.7573 496.7493 496.7413 496.7333 496.7253 496.7173 496.7093 496.7013 496.6933 496.6848 496.6768 496.6688 496.6608 496.6527 496.6447 496.6363 496.6283 496.6203 496.6123 496.6043 496.5963 496.5883 496.5803 496.5723 496.5643 496.5562
497.3962 497.3882 497.3802 497.3723 497.364 497.356 497.348 497.34 497.332 497.324 497.316 497.308 497.3 497.292 497.2838 497.2752 497.2672 497.2592 497.2513 497.2433 497.2353 497.227 497.219 497.211 497.203 497.195 497.187 497.179 497.171 497.163 497.1548 497.1462 497.1382 497.1302 497.1223 497.1143 497.1062 497.0982 497.09 497.082 497.074 497.066 497.058 497.05 497.042 497.034 497.026 497.0178 497.0092 497.0013 496.9933 496.9853 496.9772 496.9692 496.961 496.953 496.945 496.937 496.929 496.921 496.913 496.905 496.897 496.889 496.8807
497.7207 497.7127 497.7047 497.6967 497.6887 497.6807 497.6727 497.6647 497.6567 497.6487 497.6407 497.6327 497.6247 497.6167 497.6082 497.5997 497.5917 497.5837 497.5757 497.5677 497.5598 497.5517 497.5437 497.5357 497.5277 497.5197 497.5117 497.5037 497.4957 497.4877 497.4792 497.4707 497.4627 497.4547 497.4467 497.4388 497.4307 497.4227 497.4147 497.4067 497.3987 497.3907 497.3827 497.3747 497.3667 497.3587 497.3507 497.3423 497.3337 497.3257 497.3177 497.3098 497.3017 497.2937 497.2857 497.2777 497.2697 497.2617 497.2537 497.2457 497.2377 497.2297 497.2217 497.2137 497.2053
497.8116 497.8036 497.7956 497.7876 497.7796 497.7715 497.7635 497.7556 497.7476 497.7396 497.7316 497.7236 497.7155 497.7076 497.6991 497.6906 497.6826 497.6746 497.6666 497.6586 497.6506 497.6425 497.6346 497.6266 497.6186 497.6106 497.6026 497.5946 497.5865 497.5786 497.5701 497.5616 497.5536 497.5456 497.5376 497.5296 497.5215 497.5135 497.5056 497.4976 497.4896 497.4816 497.4736 497.4655 497.4576 497.4496 497.4416 497.4331 497.4246 497.4166 497.4086 497.4006 497.3925 497.3846 497.3766 497.3686 497.3606 497.3526 497.3446 497.3365 497.3286 497.3206 497.3126 497.3046 497.2961
497.6687 497.6607 497.6527 497.6447 497.6367 497.6287 497.6207 497.6127 497.6047 497.5967 497.5887 497.5807 497.5727 497.5647 497.5562 497.5477 497.5397 497.5317 497.5237 497.5157 497.5077 497.4997 497.4917 497.4837 497.4757 497.4677 497.4597 497.4517 497.4437 497.4357 497.4272 497.4187 497.4107 497.4027 497.3947 497.3867 497.3787 497.3707 497.3627 497.3547 497.3467 497.3387 497.3307 497.3227 497.3147 497.3067 497.2987 497.2902 497.2817 497.2737 497.2657 497.2577 497.2497 497.2417 497.2337 497.2257 497.2177 497.2097 497.2017 497.1937 497.1857 497.1777 497.1697 497.1617 497.1532
