backup/site316_ft/site316vanilla/site316vanilla/site316vanilla.asc
ncols         606
nrows         34
xllcorner     0
yllcorner     -17
cellsize      1
NODATA_value  -9999
[rows 0 to 28 of 34, columns 390 to 454 of 606]
498.0024 497.9944 497.9865 497.9785 497.9704 497.9624 497.9544 497.9464 497.9384 497.9305 497.9219 497.9135 497.9054 497.8974 497.8894 497.8814 497.8734 497.8654 497.8575 497.8494 497.8414 497.8334 497.8254 497.8174 497.8094 497.8015 497.7934 497.7849 497.7764 497.7684 497.7604 497.7524 497.7444 497.7365 497.7285 497.7204 497.7124 497.7044 497.6964 497.6884 497.6805 497.6724 497.6644 497.6564 497.6479 497.6394 497.6314 497.6234 497.6154 497.6075 497.5994 497.5914 497.5834 497.5754 497.5674 497.5594 497.5515 497.5434 497.5354 497.5274 497.5189 497.5104 497.5024 497.4944 497.4865
498.1453 498.1373 498.1293 498.1213 498.1133 498.1053 498.0973 498.0893 498.0813 498.0733 498.0648 498.0563 498.0483 498.0403 498.0323 498.0243 498.0163 498.0083 498.0003 497.9923 497.9843 497.9763 497.9683 497.9603 497.9523 497.9443 497.9363 497.9278 497.9193 497.9113 497.9033 497.8953 497.8873 497.8793 497.8713 497.8633 497.8553 497.8473 497.8393 497.8313 497.8233 497.8153 497.8073 497.7993 497.7908 497.7823 497.7743 497.7663 497.7583 497.7503 497.7423 497.7343 497.7263 497.7183 497.7103 497.7023 497.6943 497.6863 497.6783 497.6703 497.6618 497.6533 497.6453 497.6373 497.6293
498.2881 498.2802 498.2722 498.2642 498.2561 498.2481 498.2401 498.2321 498.2242 498.2162 498.2076 498.1992 498.1911 498.1831 498.1751 498.1671 498.1591 498.1512 498.1432 498.1351 498.1271 498.1191 498.1111 498.1031 498.0952 498.0872 498.0791 498.0706 498.0621 498.0541 498.0461 498.0381 498.0302 498.0222 498.0142 498.0061 497.9981 497.9901 497.9821 497.9742 497.9662 497.9581 497.9501 497.9421 497.9336 497.9251 497.9171 497.9091 497.9012 497.8932 497.8851 497.8771 497.8691 497.8611 497.8531 497.8452 497.8372 497.8291 497.8211 497.8131 497.8046 497.7961 497.7881 497.7802 497.7722
498.431 498.423 498.415 498.407 498.399 498.391 498.383 498.375 498.367 498.359 498.3505 498.342 498.334 498.326 498.318 498.31 498.302 498.294 498.286 498.278 498.27 498.262 498.254 498.246 498.238 498.23 498.222 498.2135 498.205 498.197 498.189 498.181 498.173 498.165 498.157 498.149 498.141 498.133 498.125 498.117 498.109 498.101 498.093 498.085 498.0765 498.068 498.06 498.052 498.044 498.036 498.028 498.02 498.012 498.004 497.996 497.988 497.98 497.972 497.964 497.956 497.9475 497.939 497.931 497.923 497.915
498.5739 498.5659 498.5579 498.5499 498.5419 498.5338 498.5258 498.5179 498.5099 498.5019 498.4934 498.4849 498.4769 498.4688 498.4608 498.4529 498.4449 498.4369 498.4289 498.4209 498.4128 498.4048 498.3969 498.3889 498.3809 498.3729 498.3649 498.3564 498.3479 498.3398 498.3318 498.3239 498.3159 498.3079 498.2999 498.2919 498.2838 498.2758 498.2679 498.2599 498.2519 498.2439 498.2358 498.2278 498.2194 498.2108 498.2029 498.1949 498.1869 498.1789 498.1709 498.1628 498.1548 498.1469 498.1389 498.1309 498.1229 498.1149 498.1068 498.0988 498.0904 498.0818 498.0739 498.0659 498.0579
498.7167 498.7087 498.7007 498.6927 498.6847 498.6767 498.6687 498.6607 498.6527 498.6447 498.6362 498.6277 498.6197 498.6117 498.6037 498.5957 498.5877 498.5797 498.5717 498.5637 498.5557 498.5477 498.5397 498.5317 498.5237 498.5157 498.5077 498.4992 498.4907 498.4827 498.4747 498.4667 498.4587 498.4507 498.4427 498.4347 498.4267 498.4187 498.4107 498.4027 498.3947 498.3867 498.3787 498.3707 498.3622 498.3537 498.3457 498.3377 498.3297 498.3217 498.3137 498.3057 498.2977 498.2897 498.2817 498.2737 498.2657 498.2577 498.2497 498.2417 498.2332 498.2247 498.2167 498.2087 498.2007
498.8596 498.8516 498.8436 498.8356 498.8276 498.8195 498.8116 498.8036 498.7956 498.7876 498.7791 498.7706 498.7626 498.7545 498.7466 498.7386 498.7306 498.7226 498.7146 498.7066 498.6985 498.6906 498.6826 498.6746 498.6666 498.6586 498.6506 498.6421 498.6336 498.6255 498.6176 498.6096 498.6016 498.5936 498.5856 498.5776 498.5695 498.5616 498.5536 498.5456 498.5376 498.5296 498.5215 498.5135 498.5051 498.4966 498.4886 498.4806 498.4726 498.4646 498.4566 498.4485 498.4406 498.4326 498.4246 498.4166 498.4086 498.4006 498.3925 498.3846 498.3761 498.3676 498.3596 498.3516 498.3436
498.7687 498.7607 498.7527 498.7447 498.7367 498.7287 498.7207 498.7127 498.7047 498.6967 498.6883 498.6797 498.6718 498.6637 498.6557 498.6477 498.6397 498.6317 498.6237 498.6157 498.6077 498.5997 498.5917 498.5837 498.5757 498.5677 498.5597 498.5512 498.5428 498.5347 498.5267 498.5187 498.5107 498.5027 498.4948 498.4867 498.4787 498.4707 498.4627 498.4547 498.4467 498.4387 498.4307 498.4227 498.4142 498.4057 498.3977 498.3897 498.3817 498.3737 498.3658 498.3577 498.3497 498.3417 498.3337 498.3257 498.3177 498.3097 498.3017 498.2937 498.2852 498.2767 498.2687 498.2607 498.2527
498.4442 498.4362 498.428 498.42 498.412 498.404 498.396 498.388 498.38 498.372 498.3638 498.3553 498.3473 498.3392 498.3312 498.3232 498.3152 498.3073 498.2993 498.291 498.283 498.275 498.267 498.259 498.251 498.243 498.235 498.2267 498.2183 498.2102 498.2022 498.1942 498.1862 498.1783 498.1703 498.162 498.154 498.146 498.138 498.13 498.122 498.114 498.106 498.098 498.0895 498.0812 498.0732 498.0652 498.0573 498.0493 498.0413 498.033 498.025 498.017 498.009 498.001 497.993 497.985 497.977 497.969 497.9605 497.9522 497.9442 497.9362 497.9283
498.1198 498.1118 498.1033 498.0953 498.0873 498.0793 498.0713 498.0633 498.0553 498.0473 498.0392 498.0308 498.0228 498.0147 498.0067 497.9987 497.9908 497.9828 497.9748 497.9663 497.9583 497.9503 497.9423 497.9343 497.9263 497.9183 497.9103 497.9023 497.8937 497.8857 497.8777 497.8698 497.8618 497.8538 497.8458 497.8373 497.8293 497.8213 497.8133 497.8053 497.7973 497.7893 497.7813 497.7733 497.7648 497.7567 497.7487 497.7408 497.7328 497.7248 497.7167 497.7083 497.7003 497.6923 497.6843 497.6763 497.6683 497.6603 497.6523 497.6443 497.6358 497.6277 497.6198 497.6118 497.6038
497.7953 497.7872 497.7787 497.7707 497.7627 497.7547 497.7467 497.7387 497.7307 497.7227 497.7147 497.7062 497.6982 497.6902 497.6823 497.6743 497.6663 497.6582 497.6502 497.6417 497.6337 497.6257 497.6177 497.6097 497.6017 497.5937 497.5857 497.5777 497.5692 497.5612 497.5533 497.5453 497.5372 497.5292 497.5212 497.5127 497.5047 497.4967 497.4887 497.4807 497.4727 497.4647 497.4567 497.4487 497.4402 497.4323 497.4243 497.4163 497.4082 497.4002 497.3922 497.3837 497.3757 497.3677 497.3597 497.3517 497.3437 497.3357 497.3277 497.3197 497.3112 497.3033 497.2953 497.2873 497.2792
497.4708 497.4625 497.454 497.446 497.438 497.43 497.422 497.414 497.406 497.398 497.39 497.3817 497.3737 497.3658 497.3578 497.3498 497.3418 497.3337 497.3255 497.317 497.309 497.301 497.293 497.285 497.277 497.269 497.261 497.253 497.2448 497.2368 497.2288 497.2208 497.2127 497.2047 497.1965 497.188 497.18 497.172 497.164 497.156 497.148 497.14 497.132 497.124 497.1158 497.1078 497.0998 497.0918 497.0837 497.0757 497.0677 497.0592 497.051 497.043 497.035 497.027 497.019 497.011 497.003 496.995 496.9868 496.9788 496.9708 496.9628 496.9547
497.1463 497.1378 497.1293 497.1213 497.1133 497.1053 497.0973 497.0893 497.0813 497.0733 497.0653 497.0573 497.0493 497.0413 497.0333 497.0253 497.0173 497.0092 497.0008 496.9923 496.9843 496.9763 496.9683 496.9603 496.9523 496.9443 496.9363 496.9283 496.9203 496.9123 496.9043 496.8963 496.8882 496.8802 496.8718 496.8633 496.8553 496.8473 496.8393 496.8313 496.8233 496.8153 496.8073 496.7993 496.7913 496.7833 496.7753 496.7673 496.7592 496.7513 496.7433 496.7347 496.7263 496.7183 496.7103 496.7023 496.6943 496.6863 496.6783 496.6703 496.6623 496.6543 496.6463 496.6382 496.6302
495.373 495.357 495.3445 495.3325 495.3245 495.3085 495.296 495.288 495.272 495.26 495.252 495.236 495.224 495.212 495.204 495.1875 495.1755 495.1675 495.1515 495.139 495.131 495.115 495.1025 495.0945 495.0785 495.0665 495.0545 495.0465 495.0305 495.0185 495.0105 494.994 494.982 494.974 494.958 494.9455 494.9375 494.9215 494.9095 494.897 494.889 494.873 494.861 494.853 494.837 494.825 494.817 494.8005 494.7885 494.7805 494.7645 494.7525 494.74 494.732 494.716 494.704 494.696 494.6795 494.6675 494.6595 494.6435 494.6315 494.6235 494.6075 494.595
493.74 493.724 493.708 493.692 493.676 493.66 493.6435 493.6275 493.6115 493.595 493.579 493.563 493.547 493.531 493.515 493.4985 493.4825 493.466 493.45 493.434 493.418 493.402 493.3855 493.3695 493.3535 493.3375 493.321 493.305 493.289 493.273 493.257 493.2405 493.2245 493.208 493.192 493.176 493.16 493.144 493.128 493.1115 493.0955 493.0795 493.063 493.047 493.031 493.015 492.999 492.9825 492.9665 492.9505 492.9345 492.918 492.902 492.886 492.87 492.854 492.838 492.8215 492.8055 492.789 492.773 492.757 492.741 492.725 492.7085
493.716 493.6995 493.6835 493.6675 493.6515 493.6355 493.6195 493.6035 493.587 493.5705 493.5545 493.5385 493.5225 493.5065 493.4905 493.4745 493.458 493.4415 493.4255 493.4095 493.3935 493.3775 493.3615 493.3455 493.3295 493.313 493.2965 493.2805 493.2645 493.2485 493.2325 493.2165 493.2005 493.184 493.1675 493.1515 493.1355 493.1195 493.1035 493.0875 493.0715 493.055 493.0385 493.0225 493.0065 492.9905 492.9745 492.9585 492.9425 492.9265 492.91 492.8935 492.8775 492.8615 492.8455 492.8295 492.8135 492.7975 492.781 492.7645 492.7485 492.7325 492.7165 492.7005 492.6845
493.7075 493.691 493.675 493.659 493.643 493.6265 493.6105 493.5945 493.5785 493.562 493.546 493.53 493.514 493.498 493.4815 493.4655 493.4495 493.433 493.417 493.401 493.385 493.369 493.3525 493.3365 493.3205 493.3045 493.288 493.272 493.256 493.24 493.2235 493.2075 493.1915 493.1755 493.159 493.143 493.127 493.111 493.095 493.0785 493.0625 493.0465 493.03 493.014 492.998 492.982 492.966 492.9495 492.9335 492.9175 492.9015 492.885 492.869 492.853 492.837 492.8205 492.8045 492.7885 492.7725 492.756 492.74 492.724 492.708 492.692 492.6755
493.7075 493.691 493.675 493.659 493.643 493.6265 493.6105 493.5945 493.5785 493.562 493.546 493.53 493.514 493.498 493.4815 493.4655 493.4495 493.433 493.417 493.401 493.385 493.369 493.3525 493.3365 493.3205 493.3045 493.288 493.272 493.256 493.24 493.2235 493.2075 493.1915 493.1755 493.159 493.143 493.127 493.111 493.095 493.0785 493.0625 493.0465 493.03 493.014 492.998 492.982 492.966 492.9495 492.9335 492.9175 492.9015 492.885 492.869 492.853 492.837 492.8205 492.8045 492.7885 492.7725 492.756 492.74 492.724 492.708 492.692 492.6755
493.716 493.6995 493.6835 493.6675 493.6515 493.6355 493.6195 493.6035 493.587 493.5705 493.5545 493.5385 493.5225 493.5065 493.4905 493.4745 493.458 493.4415 493.4255 493.4095 493.3935 493.3775 493.3615 493.3455 493.3295 493.313 493.2965 493.2805 493.2645 493.2485 493.2325 493.2165 493.2005 493.184 493.1675 493.1515 493.1355 493.1195 493.1035 493.0875 493.0715 493.055 493.0385 493.0225 493.0065 492.9905 492.9745 492.9585 492.9425 492.9265 492.91 492.8935 492.8775 492.8615 492.8455 492.8295 492.8135 492.7975 492.781 492.7645 492.7485 492.7325 492.7165 492.7005 492.6845
493.7405 493.724 493.708 493.692 493.676 493.66 493.6435 493.6275 493.611 493.595 493.579 493.563 493.547 493.531 493.5145 493.4985 493.4825 493.466 493.45 493.434 493.418 493.402 493.3855 493.3695 493.3535 493.3375 493.321 493.305 493.289 493.273 493.257 493.241 493.2245 493.2085 493.192 493.176 493.16 493.144 493.128 493.112 493.0955 493.079 493.063 493.047 493.031 493.015 492.999 492.983 492.9665 492.9505 492.934 492.918 492.902 492.886 492.87 492.854 492.8375 492.8215 492.8055 492.789 492.773 492.757 492.741 492.725 492.709
495.373 495.357 495.3445 495.3325 495.3245 495.3085 495.296 495.288 495.272 495.26 495.252 495.236 495.224 495.212 495.204 495.1875 495.1755 495.1675 495.1515 495.139 495.131 495.115 495.1025 495.0945 495.0785 495.0665 495.0545 495.0465 495.0305 495.0185 495.0105 494.994 494.982 494.974 494.958 494.9455 494.9375 494.9215 494.9095 494.897 494.889 494.873 494.861 494.853 494.837 494.825 494.817 494.8005 494.7885 494.7805 494.7645 494.7525 494.74 494.732 494.716 494.704 494.696 494.6795 494.6675 494.6595 494.6435 494.6315 494.6235 494.6075 494.595
497.1463 497.1378 497.1293 497.1213 497.1133 497.1053 497.0973 497.0893 497.0813 497.0733 497.0653 497.0573 497.0493 497.0413 497.0333 497.0253 497.0173 497.0092 497.0008 496.9923 496.9843 496.9763 496.9683 496.9603 496.9523 496.9443 496.9363 496.9283 496.9203 496.9123 496.9043 496.8963 496.8882 496.8802 496.8717 496.8633 496.8553 496.8473 496.8393 496.8313 496.8233 496.8153 496.8073 496.7993 496.7913 496.7833 496.7753 496.7673 496.7592 496.7513 496.7433 496.7348 496.7263 496.7183 496.7103 496.7023 496.6943 496.6863 496.6783 496.6703 496.6623 496.6543 496.6463 496.6382 496.6302
497.4708 497.4622 497.454 497.446 497.438 497.43 497.422 497.414 497.406 497.398 497.39 497.3817 497.3737 497.3658 497.3578 497.3498 497.3418 497.3337 497.3253 497.317 497.309 497.301 497.293 497.285 497.277 497.269 497.261 497.253 497.2448 497.2368 497.2288 497.2208 497.2128 497.2047 497.1962 497.188 497.18 497.172 497.164 497.156 497.148 497.14 497.132 497.124 497.116 497.1078 497.0998 497.0918 497.0837 497.0757 497.0677 497.0595 497.051 497.043 497.035 497.027 497.019 497.011 497.003 496.995 496.987 496.9788 496.9708 496.9627 496.9547
497.7953 497.7867 497.7787 497.7707 497.7627 497.7547 497.7467 497.7387 497.7307 497.7227 497.7147 497.7062 497.6982 497.6902 497.6823 497.6743 497.6663 497.6582 497.6497 497.6417 497.6337 497.6257 497.6177 497.6097 497.6017 497.5937 497.5857 497.5777 497.5692 497.5612 497.5533 497.5453 497.5373 497.5292 497.5208 497.5127 497.5047 497.4967 497.4887 497.4807 497.4727 497.4647 497.4567 497.4487 497.4407 497.4323 497.4243 497.4163 497.4083 497.4002 497.3922 497.3842 497.3757 497.3677 497.3597 497.3517 497.3437 497.3357 497.3277 497.3197 497.3117 497.3033 497.2953 497.2872 497.2792
498.1198 498.1113 498.1033 498.0953 498.0873 498.0793 498.0713 498.0633 498.0553 498.0473 498.0392 498.0308 498.0227 498.0147 498.0067 497.9987 497.9908 497.9828 497.9743 497.9663 497.9583 497.9503 497.9423 497.9343 497.9263 497.9183 497.9103 497.9023 497.8938 497.8857 497.8777 497.8698 497.8618 497.8538 497.8453 497.8373 497.8293 497.8213 497.8133 497.8053 497.7973 497.7893 497.7813 497.7733 497.7653 497.7567 497.7487 497.7408 497.7328 497.7248 497.7168 497.7087 497.7003 497.6923 497.6843 497.6763 497.6683 497.6603 497.6523 497.6443 497.6363 497.6277 497.6198 497.6118 497.6038
498.4442 498.436 498.428 498.42 498.412 498.404 498.396 498.388 498.38 498.372 498.3638 498.3553 498.3472 498.3392 498.3312 498.3232 498.3152 498.3073 498.299 498.291 498.283 498.275 498.267 498.259 498.251 498.243 498.235 498.2267 498.2183 498.2102 498.2022 498.1942 498.1862 498.1783 498.17 498.162 498.154 498.146 498.138 498.13 498.122 498.114 498.106 498.098 498.0898 498.0812 498.0732 498.0652 498.0573 498.0493 498.0413 498.0332 498.025 498.017 498.009 498.001 497.993 497.985 497.977 497.969 497.9608 497.9522 497.9442 497.9362 497.9283
498.7687 498.7607 498.7527 498.7447 498.7367 498.7287 498.7207 498.7127 498.7047 498.6967 498.6883 498.6797 498.6718 498.6637 498.6557 498.6477 498.6397 498.6317 498.6237 498.6157 498.6077 498.5997 498.5917 498.5837 498.5757 498.5677 498.5597 498.5512 498.5428 498.5347 498.5267 498.5187 498.5107 498.5027 498.4947 498.4867 498.4787 498.4707 498.4627 498.4547 498.4467 498.4387 498.4307 498.4227 498.4142 498.4057 498.3977 498.3897 498.3817 498.3737 498.3658 498.3577 498.3497 498.3417 498.3337 498.3257 498.3177 498.3097 498.3017 498.2937 498.2852 498.2767 498.2687 498.2607 498.2527
498.8596 498.8516 498.8436 498.8356 498.8276 498.8195 498.8116 498.8036 498.7956 498.7876 498.7791 498.7706 498.7626 498.7545 498.7466 498.7386 498.7306 498.7226 498.7146 498.7066 498.6985 498.6906 498.6826 498.6746 498.6666 498.6586 498.6506 498.6421 498.6336 498.6255 498.6176 498.6096 498.6016 498.5936 498.5856 498.5776 498.5695 498.5616 498.5536 498.5456 498.5376 498.5296 498.5215 498.5135 498.5051 498.4966 498.4886 498.4806 498.4726 498.4646 498.4566 498.4485 498.4406 498.4326 498.4246 498.4166 498.4086 498.4006 498.3925 498.3846 498.3761 498.3676 498.3596 498.3516 498.3436
498.7167 498.7087 498.7007 498.6927 498.6847 498.6767 498.6687 498.6607 498.6527 498.6447 498.6362 498.6277 498.6197 498.6117 498.6037 498.5957 498.5877 498.5797 498.5717 498.5637 498.5557 498.5477 498.5397 498.5317 498.5237 498.5157 498.5077 498.4992 498.4907 498.4827 498.4747 498.4667 498.4587 498.4507 498.4427 498.4347 498.4267 498.4187 498.4107 498.4027 498.3947 498.3867 498.3787 498.3707 498.3622 498.3537 498.3457 498.3377 498.3297 498.3217 498.3137 498.3057 498.2977 498.2897 498.2817 498.2737 498.2657 498.2577 498.2497 498.2417 498.2332 498.2247 498.2167 498.2087 498.2007
