backup/site316_ft/site316vanilla/site316vanilla/site316vanilla.asc
ncols         606
nrows         34
xllcorner     0
yllcorner     -17
cellsize      1
NODATA_value  -9999
[rows 0 to 28 of 34, columns 260 to 324 of 606]
499.0504 499.0424 499.0345 499.0264 499.0184 499.0104 499.0024 498.9939 498.9854 498.9774 498.9695 498.9614 498.9534 498.9454 498.9374 498.9294 498.9214 498.9135 498.9054 498.8974 498.8894 498.8814 498.8734 498.8654 498.8569 498.8484 498.8405 498.8324 498.8244 498.8164 498.8084 498.8004 498.7924 498.7845 498.7764 498.7684 498.7604 498.7524 498.7444 498.7365 498.7279 498.7195 498.7114 498.7034 498.6954 498.6874 498.6794 498.6714 498.6635 498.6554 498.6474 498.6394 498.6314 498.6234 498.6154 498.6075 498.5994 498.5909 498.5824 498.5744 498.5664 498.5584 498.5504 498.5424 498.5345
499.1933 499.1853 499.1773 499.1693 499.1613 499.1533 499.1453 499.1368 499.1283 499.1203 499.1123 499.1043 499.0963 499.0883 499.0803 499.0723 499.0643 499.0563 499.0483 499.0403 499.0323 499.0243 499.0163 499.0083 498.9998 498.9913 498.9833 498.9753 498.9673 498.9593 498.9513 498.9433 498.9353 498.9273 498.9193 498.9113 498.9033 498.8953 498.8873 498.8793 498.8708 498.8623 498.8543 498.8463 498.8383 498.8303 498.8223 498.8143 498.8063 498.7983 498.7903 498.7823 498.7743 498.7663 498.7583 498.7503 498.7423 498.7338 498.7253 498.7173 498.7093 498.7013 498.6933 498.6853 498.6773
499.3362 499.3282 499.3202 499.3121 499.3041 499.2961 499.2881 499.2796 499.2711 499.2632 499.2552 499.2471 499.2391 499.2311 499.2231 499.2151 499.2072 499.1992 499.1911 499.1831 499.1751 499.1671 499.1591 499.1512 499.1426 499.1342 499.1262 499.1181 499.1101 499.1021 499.0941 499.0862 499.0782 499.0702 499.0621 499.0541 499.0461 499.0381 499.0302 499.0222 499.0136 499.0052 498.9971 498.9891 498.9811 498.9731 498.9651 498.9572 498.9492 498.9411 498.9331 498.9251 498.9171 498.9091 498.9012 498.8932 498.8851 498.8766 498.8681 498.8601 498.8521 498.8441 498.8362 498.8282 498.8202
499.479 499.471 499.463 499.455 499.447 499.439 499.431 499.4225 499.414 499.406 499.398 499.39 499.382 499.374 499.366 499.358 499.35 499.342 499.334 499.326 499.318 499.31 499.302 499.294 499.2855 499.277 499.269 499.261 499.253 499.245 499.237 499.229 499.221 499.213 499.205 499.197 499.189 499.181 499.173 499.165 499.1565 499.148 499.14 499.132 499.124 499.116 499.108 499.1 499.092 499.084 499.076 499.068 499.06 499.052 499.044 499.036 499.028 499.0195 499.011 499.003 498.995 498.987 498.979 498.971 498.963
499.6219 499.6139 499.6059 499.5979 499.5898 499.5818 499.5739 499.5654 499.5569 499.5489 499.5409 499.5329 499.5248 499.5168 499.5089 499.5009 499.4929 499.4849 499.4769 499.4688 499.4608 499.4529 499.4449 499.4369 499.4284 499.4199 499.4119 499.4039 499.3958 499.3878 499.3799 499.3719 499.3639 499.3559 499.3479 499.3398 499.3318 499.3239 499.3159 499.3079 499.2994 499.2909 499.2829 499.2748 499.2668 499.2589 499.2509 499.2429 499.2349 499.2269 499.2188 499.2108 499.2029 499.1949 499.1869 499.1789 499.1709 499.1624 499.1539 499.1458 499.1378 499.1299 499.1219 499.1139 499.1059
499.7647 499.7567 499.7487 499.7407 499.7327 499.7247 499.7167 499.7082 499.6997 499.6917 499.6837 499.6757 499.6677 499.6597 499.6517 499.6437 499.6357 499.6277 499.6197 499.6117 499.6037 499.5957 499.5877 499.5797 499.5712 499.5627 499.5547 499.5467 499.5387 499.5307 499.5227 499.5147 499.5067 499.4987 499.4907 499.4827 499.4747 499.4667 499.4587 499.4507 499.4422 499.4337 499.4257 499.4177 499.4097 499.4017 499.3937 499.3857 499.3777 499.3697 499.3617 499.3537 499.3457 499.3377 499.3297 499.3217 499.3137 499.3052 499.2967 499.2887 499.2807 499.2727 499.2647 499.2567 499.2487
499.9076 499.8996 499.8916 499.8836 499.8755 499.8676 499.8596 499.8511 499.8426 499.8346 499.8266 499.8186 499.8105 499.8026 499.7946 499.7866 499.7786 499.7706 499.7626 499.7545 499.7466 499.7386 499.7306 499.7226 499.7141 499.7056 499.6976 499.6896 499.6815 499.6736 499.6656 499.6576 499.6496 499.6416 499.6336 499.6255 499.6176 499.6096 499.6016 499.5936 499.5851 499.5766 499.5686 499.5605 499.5526 499.5446 499.5366 499.5286 499.5206 499.5126 499.5045 499.4966 499.4886 499.4806 499.4726 499.4646 499.4566 499.4481 499.4396 499.4315 499.4236 499.4156 499.4076 499.3996 499.3916
499.8167 499.8087 499.8007 499.7927 499.7847 499.7767 499.7687 499.7603 499.7517 499.7437 499.7357 499.7278 499.7197 499.7117 499.7037 499.6957 499.6877 499.6797 499.6717 499.6637 499.6557 499.6477 499.6397 499.6317 499.6232 499.6147 499.6068 499.5988 499.5907 499.5827 499.5747 499.5667 499.5587 499.5507 499.5427 499.5347 499.5267 499.5187 499.5107 499.5027 499.4942 499.4857 499.4778 499.4697 499.4617 499.4537 499.4457 499.4377 499.4297 499.4217 499.4137 499.4057 499.3977 499.3897 499.3817 499.3737 499.3657 499.3572 499.3488 499.3407 499.3327 499.3247 499.3167 499.3087 499.3007
499.492 499.484 499.476 499.468 499.46 499.452 499.444 499.4358 499.4272 499.4193 499.4113 499.4033 499.3952 499.3872 499.3792 499.371 499.363 499.355 499.347 499.339 499.331 499.323 499.315 499.307 499.2985 499.2903 499.2823 499.2742 499.2662 499.2582 499.2502 499.2422 499.234 499.226 499.218 499.21 499.202 499.194 499.186 499.178 499.1695 499.1613 499.1533 499.1452 499.1372 499.1292 499.1212 499.1133 499.105 499.097 499.089 499.081 499.073 499.065 499.057 499.049 499.041 499.0325 499.0243 499.0162 499.0082 499.0002 498.9922 498.9843 498.976
499.1673 499.1593 499.1513 499.1433 499.1353 499.1273 499.1193 499.1113 499.1028 499.0948 499.0868 499.0787 499.0707 499.0627 499.0547 499.0463 499.0383 499.0303 499.0223 499.0143 499.0063 498.9983 498.9903 498.9823 498.9738 498.9658 498.9578 498.9497 498.9417 498.9337 498.9258 498.9178 498.9093 498.9013 498.8933 498.8853 498.8773 498.8693 498.8613 498.8533 498.8448 498.8368 498.8287 498.8207 498.8127 498.8047 498.7968 498.7888 498.7803 498.7723 498.7643 498.7563 498.7483 498.7403 498.7323 498.7243 498.7163 498.7078 498.6998 498.6917 498.6837 498.6758 498.6678 498.6598 498.6513
498.8427 498.8347 498.8267 498.8187 498.8107 498.8027 498.7947 498.7867 498.7783 498.7702 498.7622 498.7542 498.7462 498.7383 498.7302 498.7217 498.7137 498.7057 498.6977 498.6897 498.6817 498.6737 498.6657 498.6577 498.6493 498.6412 498.6332 498.6252 498.6172 498.6093 498.6013 498.5932 498.5847 498.5767 498.5687 498.5607 498.5527 498.5447 498.5367 498.5287 498.5203 498.5122 498.5042 498.4962 498.4883 498.4803 498.4723 498.4643 498.4557 498.4477 498.4397 498.4317 498.4237 498.4157 498.4077 498.3997 498.3917 498.3832 498.3752 498.3672 498.3593 498.3513 498.3433 498.3353 498.3268
498.518 498.51 498.502 498.494 498.486 498.478 498.47 498.462 498.4538 498.4457 498.4377 498.4297 498.4218 498.4138 498.4055 498.397 498.389 498.381 498.373 498.365 498.357 498.349 498.341 498.333 498.3248 498.3167 498.3087 498.3008 498.2928 498.2848 498.2768 498.2685 498.26 498.252 498.244 498.236 498.228 498.22 498.212 498.204 498.1957 498.1877 498.1797 498.1718 498.1638 498.1558 498.1478 498.1398 498.1313 498.123 498.115 498.107 498.099 498.091 498.083 498.075 498.067 498.0587 498.0508 498.0428 498.0348 498.0268 498.0188 498.0107 498.0023
498.1933 498.1853 498.1773 498.1693 498.1613 498.1533 498.1453 498.1373 498.1293 498.1212 498.1133 498.1053 498.0973 498.0893 498.0808 498.0723 498.0643 498.0563 498.0483 498.0403 498.0323 498.0243 498.0163 498.0083 498.0003 497.9922 497.9843 497.9763 497.9683 497.9603 497.9523 497.9438 497.9353 497.9273 497.9193 497.9113 497.9033 497.8953 497.8873 497.8793 497.8712 497.8633 497.8553 497.8473 497.8393 497.8313 497.8233 497.8152 497.8068 497.7983 497.7903 497.7823 497.7743 497.7663 497.7583 497.7503 497.7423 497.7343 497.7263 497.7183 497.7103 497.7023 497.6943 497.6862 497.6777
496.9445 496.9285 496.916 496.908 496.892 496.88 496.868 496.86 496.844 496.832 496.824 496.8075 496.7955 496.7875 496.7715 496.759 496.751 496.735 496.723 496.7105 496.7025 496.6865 496.6745 496.6665 496.6505 496.6385 496.6305 496.614 496.602 496.594 496.578 496.566 496.5535 496.5455 496.5295 496.5175 496.5095 496.493 496.481 496.473 496.457 496.445 496.433 496.425 496.4085 496.3965 496.3885 496.3725 496.3605 496.352 496.336 496.324 496.316 496.2995 496.2875 496.2755 496.2675 496.2515 496.2395 496.2315 496.2155 496.203 496.195 496.179 496.167
495.836 495.82 495.8035 495.7875 495.7715 495.7555 495.739 495.723 495.707 495.691 495.675 495.6585 495.6425 495.626 495.61 495.594 495.578 495.562 495.546 495.5295 495.5135 495.4975 495.481 495.465 495.449 495.433 495.417 495.4005 495.3845 495.3685 495.3525 495.336 495.32 495.304 495.288 495.272 495.256 495.2395 495.2235 495.207 495.191 495.175 495.159 495.143 495.1265 495.1105 495.094 495.078 495.062 495.046 495.03 495.014 494.998 494.9815 494.9655 494.9495 494.933 494.917 494.901 494.885 494.869 494.8525 494.8365 494.8205 494.804
495.8115 495.7955 495.7795 495.7635 495.7475 495.731 495.7145 495.6985 495.6825 495.6665 495.6505 495.6345 495.6185 495.602 495.5855 495.5695 495.5535 495.5375 495.5215 495.5055 495.4895 495.473 495.4565 495.4405 495.4245 495.4085 495.3925 495.3765 495.3605 495.3445 495.328 495.3115 495.2955 495.2795 495.2635 495.2475 495.2315 495.2155 495.199 495.1825 495.1665 495.1505 495.1345 495.1185 495.1025 495.0865 495.07 495.0535 495.0375 495.0215 495.0055 494.9895 494.9735 494.9575 494.9415 494.925 494.9085 494.8925 494.8765 494.8605 494.8445 494.8285 494.8125 494.796 494.7795
495.803 495.787 495.7705 495.7545 495.7385 495.7225 495.706 495.69 495.674 495.658 495.6415 495.6255 495.6095 495.5935 495.577 495.561 495.545 495.529 495.513 495.4965 495.4805 495.4645 495.448 495.432 495.416 495.4 495.384 495.3675 495.3515 495.3355 495.3195 495.303 495.287 495.271 495.255 495.2385 495.2225 495.2065 495.1905 495.174 495.158 495.142 495.126 495.11 495.0935 495.0775 495.0615 495.045 495.029 495.013 494.997 494.981 494.9645 494.9485 494.9325 494.9165 494.9 494.884 494.868 494.852 494.8355 494.8195 494.8035 494.7875 494.771
495.803 495.787 495.7705 495.7545 495.7385 495.7225 495.706 495.69 495.674 495.658 495.6415 495.6255 495.6095 495.5935 495.577 495.561 495.545 495.529 495.513 495.4965 495.4805 495.4645 495.448 495.432 495.416 495.4 495.384 495.3675 495.3515 495.3355 495.3195 495.303 495.287 495.271 495.255 495.2385 495.2225 495.2065 495.1905 495.174 495.158 495.142 495.126 495.11 495.0935 495.0775 495.0615 495.045 495.029 495.013 494.997 494.981 494.9645 494.9485 494.9325 494.9165 494.9 494.884 494.868 494.852 494.8355 494.8195 494.8035 494.7875 494.771
495.8115 495.7955 495.7795 495.7635 495.7475 495.731 495.7145 495.6985 495.6825 495.6665 495.6505 495.6345 495.6185 495.602 495.5855 495.5695 495.5535 495.5375 495.5215 495.5055 495.4895 495.473 495.4565 495.4405 495.4245 495.4085 495.3925 495.3765 495.3605 495.3445 495.328 495.3115 495.2955 495.2795 495.2635 495.2475 495.2315 495.2155 495.199 495.1825 495.1665 495.1505 495.1345 495.1185 495.1025 495.0865 495.07 495.0535 495.0375 495.0215 495.0055 494.9895 494.9735 494.9575 494.9415 494.925 494.9085 494.8925 494.8765 494.8605 494.8445 494.8285 494.8125 494.796 494.7795
495.836 495.82 495.8035 495.7875 495.7715 495.755 495.739 495.723 495.707 495.691 495.675 495.659 495.6425 495.6265 495.61 495.594 495.578 495.562 495.546 495.5295 495.5135 495.497 495.481 495.465 495.449 495.433 495.417 495.401 495.3845 495.3685 495.352 495.336 495.32 495.304 495.288 495.272 495.2555 495.2395 495.2235 495.207 495.191 495.175 495.159 495.143 495.127 495.1105 495.0945 495.078 495.062 495.046 495.03 495.014 494.9975 494.9815 494.9655 494.949 494.933 494.917 494.901 494.885 494.869 494.8525 494.8365 494.82 494.804
496.9445 496.9285 496.916 496.908 496.892 496.88 496.868 496.86 496.844 496.832 496.824 496.8075 496.7955 496.7875 496.7715 496.759 496.751 496.735 496.723 496.7105 496.7025 496.6865 496.6745 496.6665 496.6505 496.6385 496.6305 496.614 496.602 496.594 496.578 496.566 496.5535 496.5455 496.5295 496.5175 496.5095 496.493 496.481 496.473 496.457 496.445 496.433 496.425 496.4085 496.3965 496.3885 496.3725 496.3605 496.352 496.336 496.324 496.316 496.2995 496.2875 496.2755 496.2675 496.2515 496.2395 496.2315 496.2155 496.203 496.195 496.179 496.167
498.1933 498.1853 498.1773 498.1693 498.1613 498.1533 498.1453 498.1373 498.1293 498.1212 498.1133 498.1053 498.0973 498.0893 498.0807 498.0723 498.0643 498.0563 498.0483 498.0403 498.0323 498.0243 498.0163 498.0083 498.0003 497.9922 497.9843 497.9763 497.9683 497.9603 497.9523 497.9438 497.9353 497.9273 497.9193 497.9113 497.9033 497.8953 497.8873 497.8793 497.8713 497.8633 497.8553 497.8473 497.8393 497.8313 497.8233 497.8152 497.8068 497.7983 497.7903 497.7823 497.7743 497.7663 497.7583 497.7503 497.7423 497.7343 497.7263 497.7183 497.7103 497.7023 497.6943 497.6862 497.6778
498.518 498.51 498.502 498.494 498.486 498.478 498.47 498.462 498.4538 498.4457 498.4377 498.4297 498.4218 498.4138 498.4052 498.397 498.389 498.381 498.373 498.365 498.357 498.349 498.341 498.333 498.325 498.3168 498.3087 498.3008 498.2928 498.2848 498.2768 498.2682 498.26 498.252 498.244 498.236 498.228 498.22 498.212 498.204 498.196 498.1877 498.1797 498.1718 498.1638 498.1558 498.1478 498.1397 498.1315 498.123 498.115 498.107 498.099 498.091 498.083 498.075 498.067 498.059 498.0508 498.0428 498.0348 498.0268 498.0188 498.0107 498.0025
498.8427 498.8347 498.8267 498.8187 498.8107 498.8027 498.7947 498.7867 498.7783 498.7703 498.7622 498.7542 498.7462 498.7383 498.7297 498.7217 498.7137 498.7057 498.6977 498.6897 498.6817 498.6737 498.6657 498.6577 498.6497 498.6413 498.6332 498.6252 498.6172 498.6093 498.6013 498.5927 498.5847 498.5767 498.5687 498.5607 498.5527 498.5447 498.5367 498.5287 498.5207 498.5122 498.5042 498.4962 498.4883 498.4803 498.4723 498.4642 498.4562 498.4477 498.4397 498.4317 498.4237 498.4157 498.4077 498.3997 498.3917 498.3837 498.3752 498.3672 498.3593 498.3513 498.3433 498.3352 498.3272
499.1673 499.1593 499.1513 499.1433 499.1353 499.1273 499.1193 499.1113 499.1028 499.0948 499.0868 499.0788 499.0707 499.0627 499.0543 499.0463 499.0383 499.0303 499.0223 499.0143 499.0063 498.9983 498.9903 498.9823 498.9743 498.9658 498.9578 498.9498 498.9417 498.9337 498.9258 498.9173 498.9093 498.9013 498.8933 498.8853 498.8773 498.8693 498.8613 498.8533 498.8452 498.8368 498.8288 498.8207 498.8127 498.8047 498.7968 498.7888 498.7808 498.7723 498.7643 498.7563 498.7483 498.7403 498.7323 498.7243 498.7163 498.7083 498.6997 498.6917 498.6837 498.6758 498.6678 498.6598 498.6518
499.492 499.484 499.476 499.468 499.46 499.452 499.444 499.4358 499.4272 499.4193 499.4113 499.4033 499.3952 499.3872 499.379 499.371 499.363 499.355 499.347 499.339 499.331 499.323 499.315 499.307 499.2988 499.2903 499.2823 499.2743 499.2662 499.2582 499.2502 499.242 499.234 499.226 499.218 499.21 499.202 499.194 499.186 499.178 499.1697 499.1613 499.1533 499.1452 499.1372 499.1292 499.1212 499.1133 499.1053 499.097 499.089 499.081 499.073 499.065 499.057 499.049 499.041 499.0327 499.0242 499.0162 499.0082 499.0002 498.9922 498.9843 498.9763
499.8167 499.8087 499.8007 499.7927 499.7847 499.7767 499.7687 499.7603 499.7517 499.7437 499.7357 499.7278 499.7197 499.7117 499.7037 499.6957 499.6877 499.6797 499.6717 499.6637 499.6557 499.6477 499.6397 499.6317 499.6233 499.6147 499.6068 499.5988 499.5907 499.5827 499.5747 499.5667 499.5587 499.5507 499.5427 499.5347 499.5267 499.5187 499.5107 499.5027 499.4943 499.4857 499.4778 499.4697 499.4617 499.4537 499.4457 499.4377 499.4297 499.4217 499.4137 499.4057 499.3977 499.3897 499.3817 499.3737 499.3657 499.3572 499.3488 499.3407 499.3327 499.3247 499.3167 499.3087 499.3008
499.9076 499.8996 499.8916 499.8836 499.8755 499.8676 499.8596 499.8511 499.8426 499.8346 499.8266 499.8186 499.8105 499.8026 499.7946 499.7866 499.7786 499.7706 499.7626 499.7545 499.7466 499.7386 499.7306 499.7226 499.7141 499.7056 499.6976 499.6896 499.6815 499.6736 499.6656 499.6576 499.6496 499.6416 499.6336 499.6255 499.6176 499.6096 499.6016 499.5936 499.5851 499.5766 499.5686 499.5605 499.5526 499.5446 499.5366 499.5286 499.5206 499.5126 499.5045 499.4966 499.4886 499.4806 499.4726 499.4646 499.4566 499.4481 499.4396 499.4315 499.4236 499.4156 499.4076 499.3996 499.3916
499.7647 499.7567 499.7487 499.7407 499.7327 499.7247 499.7167 499.7082 499.6997 499.6917 499.6837 499.6757 499.6677 499.6597 499.6517 499.6437 499.6357 499.6277 499.6197 499.6117 499.6037 499.5957 499.5877 499.5797 499.5712 499.5627 499.5547 499.5467 499.5387 499.5307 499.5227 499.5147 499.5067 499.4987 499.4907 499.4827 499.4747 499.4667 499.4587 499.4507 499.4422 499.4337 499.4257 499.4177 499.4097 499.4017 499.3937 499.3857 499.3777 499.3697 499.3617 499.3537 499.3457 499.3377 499.3297 499.3217 499.3137 499.3052 499.2967 499.2887 499.2807 499.2727 499.2647 499.2567 499.2487
