backup/site316_ft/site316vanilla/site316vanilla/site316vanilla.asc
ncols         606
nrows         34
xllcorner     0
yllcorner     -17
cellsize      1
NODATA_value  -9999
[rows 0 to 28 of 34, columns 455 to 519 of 606]
497.4785 497.4704 497.4624 497.4544 497.4464 497.4384 497.4305 497.4224 497.4144 497.4064 497.3984 497.3904 497.3819 497.3734 497.3654 497.3575 497.3494 497.3414 497.3334 497.3254 497.3174 497.3094 497.3015 497.2934 497.2854 497.2774 497.2694 497.2614 497.2534 497.2449 497.2365 497.2285 497.2204 497.2124 497.2044 497.1964 497.1884 497.1805 497.1724 497.1644 497.1564 497.1484 497.1404 497.1324 497.1245 497.1164 497.1079 497.0994 497.0914 497.0834 497.0754 497.0674 497.0594 497.0515 497.0434 497.0354 497.0274 497.0194 497.0114 497.0034 496.9955 496.9874 496.9789 496.9704 496.9624
497.6213 497.6133 497.6053 497.5973 497.5893 497.5813 497.5733 497.5653 497.5573 497.5493 497.5413 497.5333 497.5248 497.5163 497.5083 497.5003 497.4923 497.4843 497.4763 497.4683 497.4603 497.4523 497.4443 497.4363 497.4283 497.4203 497.4123 497.4043 497.3963 497.3878 497.3793 497.3713 497.3633 497.3553 497.3473 497.3393 497.3313 497.3233 497.3153 497.3073 497.2993 497.2913 497.2833 497.2753 497.2673 497.2593 497.2508 497.2423 497.2343 497.2263 497.2183 497.2103 497.2023 497.1943 497.1863 497.1783 497.1703 497.1623 497.1543 497.1463 497.1383 497.1303 497.1218 497.1133 497.1053
497.7642 497.7561 497.7481 497.7401 497.7321 497.7242 497.7162 497.7081 497.7001 497.6921 497.6841 497.6761 497.6676 497.6591 497.6512 497.6432 497.6351 497.6271 497.6191 497.6111 497.6031 497.5952 497.5872 497.5791 497.5711 497.5631 497.5551 497.5471 497.5392 497.5306 497.5222 497.5142 497.5061 497.4981 497.4901 497.4821 497.4742 497.4662 497.4581 497.4501 497.4421 497.4341 497.4261 497.4182 497.4102 497.4021 497.3936 497.3851 497.3771 497.3691 497.3611 497.3531 497.3452 497.3372 497.3291 497.3211 497.3131 497.3051 497.2971 497.2892 497.2812 497.2731 497.2646 497.2561 497.2481
497.907 497.899 497.891 497.883 497.875 497.867 497.859 497.851 497.843 497.835 497.827 497.819 497.8105 497.802 497.794 497.786 497.778 497.77 497.762 497.754 497.746 497.738 497.73 497.722 497.714 497.706 497.698 497.69 497.682 497.6735 497.665 497.657 497.649 497.641 497.633 497.625 497.617 497.609 497.601 497.593 497.585 497.577 497.569 497.561 497.553 497.545 497.5365 497.528 497.52 497.512 497.504 497.496 497.488 497.48 497.472 497.464 497.456 497.448 497.44 497.432 497.424 497.416 497.4075 497.399 497.391
498.0499 498.0419 498.0338 498.0258 498.0179 498.0099 498.0019 497.9939 497.9858 497.9778 497.9698 497.9619 497.9534 497.9449 497.9369 497.9289 497.9209 497.9128 497.9048 497.8969 497.8889 497.8809 497.8729 497.8649 497.8568 497.8488 497.8409 497.8329 497.8249 497.8164 497.8079 497.7999 497.7919 497.7838 497.7758 497.7679 497.7599 497.7519 497.7439 497.7358 497.7278 497.7198 497.7119 497.7039 497.6959 497.6879 497.6794 497.6709 497.6628 497.6548 497.6469 497.6389 497.6309 497.6229 497.6149 497.6068 497.5988 497.5909 497.5829 497.5749 497.5669 497.5589 497.5504 497.5419 497.5338
498.1927 498.1847 498.1767 498.1687 498.1607 498.1527 498.1447 498.1367 498.1287 498.1207 498.1127 498.1047 498.0962 498.0877 498.0797 498.0717 498.0637 498.0557 498.0477 498.0397 498.0317 498.0237 498.0157 498.0077 497.9997 497.9917 497.9837 497.9757 497.9677 497.9592 497.9507 497.9427 497.9347 497.9267 497.9187 497.9107 497.9027 497.8947 497.8867 497.8787 497.8707 497.8627 497.8547 497.8467 497.8387 497.8307 497.8222 497.8137 497.8057 497.7977 497.7897 497.7817 497.7737 497.7657 497.7577 497.7497 497.7417 497.7337 497.7257 497.7177 497.7097 497.7017 497.6932 497.6847 497.6767
498.3356 498.3276 498.3195 498.3116 498.3036 498.2956 498.2876 498.2796 498.2715 498.2635 498.2556 498.2476 498.2391 498.2306 498.2226 498.2146 498.2066 498.1985 498.1906 498.1826 498.1746 498.1666 498.1586 498.1506 498.1425 498.1346 498.1266 498.1186 498.1106 498.1021 498.0936 498.0856 498.0776 498.0695 498.0616 498.0536 498.0456 498.0376 498.0296 498.0215 498.0135 498.0056 497.9976 497.9896 497.9816 497.9736 497.9651 497.9566 497.9485 497.9406 497.9326 497.9246 497.9166 497.9086 497.9006 497.8925 497.8846 497.8766 497.8686 497.8606 497.8526 497.8446 497.8361 497.8276 497.8195
498.2448 498.2368 498.2287 498.2207 498.2127 498.2047 498.1967 498.1887 498.1807 498.1727 498.1647 498.1567 498.1482 498.1397 498.1317 498.1237 498.1158 498.1077 498.0997 498.0917 498.0837 498.0757 498.0677 498.0597 498.0517 498.0437 498.0357 498.0277 498.0197 498.0113 498.0027 497.9948 497.9868 497.9787 497.9707 497.9627 497.9547 497.9467 497.9387 497.9307 497.9227 497.9147 497.9067 497.8987 497.8907 497.8827 497.8742 497.8658 497.8577 497.8497 497.8417 497.8337 497.8257 497.8177 497.8097 497.8017 497.7937 497.7857 497.7777 497.7697 497.7617 497.7537 497.7452 497.7368 497.7287
497.9203 497.9123 497.9042 497.896 497.888 497.88 497.872 497.864 497.856 497.848 497.84 497.832 497.8235 497.8152 497.8073 497.7993 497.7913 497.7832 497.7752 497.7672 497.759 497.751 497.743 497.735 497.727 497.719 497.711 497.703 497.695 497.6868 497.6783 497.6703 497.6623 497.6542 497.6462 497.6382 497.63 497.622 497.614 497.606 497.598 497.59 497.582 497.574 497.566 497.558 497.5497 497.5413 497.5332 497.5252 497.5172 497.5092 497.5013 497.493 497.485 497.477 497.469 497.461 497.453 497.445 497.437 497.429 497.4205 497.4123 497.4042
497.5958 497.5878 497.5797 497.5713 497.5633 497.5553 497.5473 497.5393 497.5313 497.5233 497.5153 497.5073 497.4988 497.4908 497.4828 497.4748 497.4668 497.4587 497.4507 497.4427 497.4343 497.4263 497.4183 497.4103 497.4023 497.3943 497.3863 497.3783 497.3703 497.3622 497.3538 497.3458 497.3378 497.3297 497.3217 497.3138 497.3053 497.2973 497.2893 497.2813 497.2733 497.2653 497.2573 497.2493 497.2413 497.2333 497.2253 497.2167 497.2087 497.2007 497.1927 497.1848 497.1768 497.1683 497.1603 497.1523 497.1443 497.1363 497.1283 497.1203 497.1123 497.1043 497.0958 497.0878 497.0797
497.2712 497.2632 497.2552 497.2467 497.2387 497.2307 497.2227 497.2147 497.2067 497.1987 497.1907 497.1827 497.1743 497.1663 497.1582 497.1502 497.1422 497.1342 497.1263 497.1183 497.1097 497.1017 497.0937 497.0857 497.0777 497.0697 497.0617 497.0537 497.0457 497.0377 497.0292 497.0212 497.0132 497.0052 496.9973 496.9893 496.9807 496.9727 496.9647 496.9567 496.9487 496.9407 496.9327 496.9247 496.9167 496.9087 496.9007 496.8922 496.8842 496.8763 496.8683 496.8603 496.8522 496.8438 496.8357 496.8277 496.8197 496.8117 496.8037 496.7957 496.7877 496.7797 496.7712 496.7632 496.7552
496.9467 496.9388 496.9308 496.9222 496.914 496.906 496.898 496.89 496.882 496.874 496.866 496.858 496.8498 496.8418 496.8337 496.8257 496.8177 496.8098 496.8018 496.7938 496.7852 496.777 496.769 496.761 496.753 496.745 496.737 496.729 496.721 496.713 496.7047 496.6967 496.6888 496.6808 496.6728 496.6648 496.6563 496.648 496.64 496.632 496.624 496.616 496.608 496.6 496.592 496.584 496.576 496.5677 496.5598 496.5518 496.5438 496.5358 496.5277 496.5193 496.511 496.503 496.495 496.487 496.479 496.471 496.463 496.455 496.4467 496.4388 496.4308
496.6223 496.6143 496.6063 496.5977 496.5893 496.5813 496.5733 496.5653 496.5573 496.5493 496.5413 496.5333 496.5253 496.5173 496.5092 496.5013 496.4933 496.4853 496.4773 496.4693 496.4608 496.4523 496.4443 496.4363 496.4283 496.4203 496.4123 496.4043 496.3963 496.3883 496.3802 496.3723 496.3643 496.3563 496.3483 496.3403 496.3318 496.3233 496.3153 496.3073 496.2993 496.2913 496.2833 496.2753 496.2673 496.2593 496.2513 496.2433 496.2353 496.2273 496.2193 496.2113 496.2032 496.1948 496.1863 496.1783 496.1703 496.1623 496.1543 496.1463 496.1383 496.1303 496.1223 496.1143 496.1063
494.583 494.575 494.559 494.547 494.5385 494.5225 494.5105 494.5025 494.486 494.474 494.466 494.45 494.438 494.426 494.418 494.402 494.3895 494.3815 494.3655 494.3535 494.345 494.329 494.317 494.309 494.2925 494.2805 494.2685 494.2605 494.2445 494.2325 494.2245 494.2085 494.196 494.188 494.172 494.16 494.1515 494.1355 494.1235 494.1115 494.1035 494.087 494.075 494.067 494.051 494.039 494.031 494.015 494.003 493.9905 493.9825 493.9665 493.9545 493.946 493.93 493.918 493.91 493.8935 493.8815 493.8735 493.8575 493.8455 493.8335 493.8255 493.8095
492.6925 492.676 492.66 492.644 492.628 492.612 492.596 492.58 492.5635 492.5475 492.531 492.515 492.499 492.483 492.467 492.451 492.4345 492.4185 492.4025 492.386 492.37 492.354 492.338 492.322 492.3055 492.2895 492.2735 492.257 492.241 492.225 492.209 492.193 492.1765 492.1605 492.1445 492.1285 492.112 492.096 492.08 492.064 492.048 492.0315 492.0155 491.999 491.983 491.967 491.951 491.935 491.919 491.9025 491.8865 491.8705 491.854 491.838 491.822 491.806 491.79 491.7735 491.7575 491.7415 491.7255 491.709 491.693 491.677 491.661
492.6685 492.652 492.6355 492.6195 492.6035 492.5875 492.5715 492.5555 492.5395 492.5235 492.507 492.4905 492.4745 492.4585 492.4425 492.4265 492.4105 492.3945 492.378 492.3615 492.3455 492.3295 492.3135 492.2975 492.2815 492.2655 492.249 492.2325 492.2165 492.2005 492.1845 492.1685 492.1525 492.1365 492.1205 492.104 492.0875 492.0715 492.0555 492.0395 492.0235 492.0075 491.9915 491.975 491.9585 491.9425 491.9265 491.9105 491.8945 491.8785 491.8625 491.846 491.8295 491.8135 491.7975 491.7815 491.7655 491.7495 491.7335 491.7175 491.701 491.6845 491.6685 491.6525 491.6365
492.6595 492.6435 492.627 492.611 492.595 492.579 492.563 492.5465 492.5305 492.5145 492.4985 492.482 492.466 492.45 492.434 492.4175 492.4015 492.3855 492.3695 492.353 492.337 492.321 492.305 492.289 492.2725 492.2565 492.2405 492.224 492.208 492.192 492.176 492.16 492.1435 492.1275 492.1115 492.0955 492.079 492.063 492.047 492.031 492.0145 491.9985 491.9825 491.9665 491.95 491.934 491.918 491.902 491.886 491.8695 491.8535 491.8375 491.821 491.805 491.789 491.773 491.757 491.7405 491.7245 491.7085 491.6925 491.676 491.66 491.644 491.628
492.6595 492.6435 492.627 492.611 492.595 492.579 492.563 492.5465 492.5305 492.5145 492.4985 492.482 492.466 492.45 492.434 492.4175 492.4015 492.3855 492.3695 492.353 492.337 492.321 492.305 492.289 492.2725 492.2565 492.2405 492.224 492.208 492.192 492.176 492.16 492.1435 492.1275 492.1115 492.0955 492.079 492.063 492.047 492.031 492.0145 491.9985 491.9825 491.9665 491.95 491.934 491.918 491.902 491.886 491.8695 491.8535 491.8375 491.821 491.805 491.789 491.773 491.757 491.7405 491.7245 491.7085 491.6925 491.676 491.66 491.644 491.628
492.6685 492.652 492.6355 492.6195 492.6035 492.5875 492.5715 492.5555 492.5395 492.5235 492.507 492.4905 492.4745 492.4585 492.4425 492.4265 492.4105 492.3945 492.378 492.3615 492.3455 492.3295 492.3135 492.2975 492.2815 492.2655 492.249 492.2325 492.2165 492.2005 492.1845 492.1685 492.1525 492.1365 492.1205 492.104 492.0875 492.0715 492.0555 492.0395 492.0235 492.0075 491.9915 491.975 491.9585 491.9425 491.9265 491.9105 491.8945 491.8785 491.8625 491.846 491.8295 491.8135 491.7975 491.7815 491.7655 491.7495 491.7335 491.7175 491.701 491.6845 491.6685 491.6525 491.6365
492.6925 492.6765 492.66 492.644 492.628 492.612 492.596 492.5795 492.5635 492.5475 492.5315 492.515 492.499 492.483 492.467 492.451 492.4345 492.4185 492.402 492.386 492.37 492.354 492.338 492.322 492.306 492.2895 492.2735 492.257 492.241 492.225 492.209 492.193 492.1765 492.1605 492.1445 492.1285 492.112 492.096 492.08 492.064 492.048 492.032 492.0155 491.9995 491.983 491.967 491.951 491.935 491.919 491.903 491.8865 491.87 491.854 491.838 491.822 491.806 491.79 491.774 491.7575 491.7415 491.725 491.709 491.693 491.677 491.661
494.583 494.575 494.559 494.547 494.5385 494.5225 494.5105 494.5025 494.486 494.474 494.466 494.45 494.438 494.426 494.418 494.402 494.3895 494.3815 494.3655 494.3535 494.345 494.329 494.317 494.309 494.2925 494.2805 494.2685 494.2605 494.2445 494.2325 494.2245 494.2085 494.196 494.188 494.172 494.16 494.1515 494.1355 494.1235 494.1115 494.1035 494.087 494.075 494.067 494.051 494.039 494.031 494.015 494.003 493.9905 493.9825 493.9665 493.9545 493.946 493.93 493.918 493.91 493.8935 493.8815 493.8735 493.8575 493.8455 493.8335 493.8255 493.8095
496.6223 496.6143 496.6063 496.5978 496.5893 496.5813 496.5733 496.5653 496.5573 496.5493 496.5413 496.5333 496.5253 496.5173 496.5092 496.5013 496.4933 496.4853 496.4773 496.4693 496.4608 496.4523 496.4443 496.4363 496.4283 496.4203 496.4123 496.4043 496.3963 496.3882 496.3802 496.3723 496.3643 496.3563 496.3483 496.3403 496.3318 496.3233 496.3153 496.3073 496.2993 496.2913 496.2833 496.2753 496.2673 496.2593 496.2513 496.2433 496.2353 496.2273 496.2193 496.2113 496.2032 496.1948 496.1863 496.1783 496.1703 496.1623 496.1543 496.1463 496.1383 496.1303 496.1223 496.1143 496.1063
496.9467 496.9388 496.9308 496.9225 496.914 496.906 496.898 496.89 496.882 496.874 496.866 496.858 496.85 496.8418 496.8337 496.8257 496.8177 496.8098 496.8018 496.7938 496.7852 496.777 496.769 496.761 496.753 496.745 496.737 496.729 496.721 496.7128 496.7047 496.6967 496.6888 496.6808 496.6728 496.6648 496.6563 496.648 496.64 496.632 496.624 496.616 496.608 496.6 496.592 496.584 496.576 496.5677 496.5598 496.5518 496.5438 496.5358 496.5278 496.5193 496.511 496.503 496.495 496.487 496.479 496.471 496.463 496.455 496.447 496.4388 496.4308
497.2712 497.2632 497.2552 497.2472 497.2387 497.2307 497.2227 497.2147 497.2067 497.1987 497.1907 497.1827 497.1747 497.1663 497.1582 497.1502 497.1422 497.1342 497.1263 497.1183 497.1097 497.1017 497.0937 497.0857 497.0777 497.0697 497.0617 497.0537 497.0457 497.0373 497.0292 497.0212 497.0132 497.0052 496.9973 496.9893 496.9807 496.9727 496.9647 496.9567 496.9487 496.9407 496.9327 496.9247 496.9167 496.9087 496.9007 496.8922 496.8842 496.8763 496.8683 496.8603 496.8523 496.8438 496.8357 496.8277 496.8197 496.8117 496.8037 496.7957 496.7877 496.7797 496.7717 496.7632 496.7552
497.5958 497.5878 497.5797 497.5717 497.5633 497.5553 497.5473 497.5393 497.5313 497.5233 497.5153 497.5073 497.4993 497.4908 497.4828 497.4748 497.4667 497.4587 497.4507 497.4427 497.4343 497.4263 497.4183 497.4103 497.4023 497.3943 497.3863 497.3783 497.3703 497.3618 497.3538 497.3458 497.3377 497.3297 497.3217 497.3138 497.3053 497.2973 497.2893 497.2813 497.2733 497.2653 497.2573 497.2493 497.2413 497.2333 497.2253 497.2168 497.2087 497.2007 497.1927 497.1848 497.1768 497.1683 497.1603 497.1523 497.1443 497.1363 497.1283 497.1203 497.1123 497.1043 497.0963 497.0878 497.0797
497.9203 497.9123 497.9042 497.8962 497.888 497.88 497.872 497.864 497.856 497.848 497.84 497.832 497.8238 497.8152 497.8073 497.7993 497.7913 497.7832 497.7752 497.7672 497.759 497.751 497.743 497.735 497.727 497.719 497.711 497.703 497.695 497.6865 497.6783 497.6703 497.6622 497.6542 497.6462 497.6382 497.63 497.622 497.614 497.606 497.598 497.59 497.582 497.574 497.566 497.558 497.5497 497.5413 497.5332 497.5252 497.5172 497.5092 497.5013 497.493 497.485 497.477 497.469 497.461 497.453 497.445 497.437 497.429 497.4207 497.4123 497.4042
498.2448 498.2368 498.2287 498.2207 498.2127 498.2047 498.1967 498.1887 498.1807 498.1727 498.1647 498.1567 498.1483 498.1397 498.1317 498.1237 498.1158 498.1077 498.0997 498.0917 498.0837 498.0757 498.0677 498.0597 498.0517 498.0437 498.0357 498.0277 498.0197 498.0112 498.0027 497.9948 497.9868 497.9787 497.9707 497.9627 497.9547 497.9467 497.9387 497.9307 497.9227 497.9147 497.9067 497.8987 497.8907 497.8827 497.8742 497.8658 497.8577 497.8497 497.8417 497.8337 497.8257 497.8177 497.8097 497.8017 497.7937 497.7857 497.7777 497.7697 497.7617 497.7537 497.7452 497.7368 497.7287
498.3356 498.3276 498.3195 498.3116 498.3036 498.2956 498.2876 498.2796 498.2715 498.2635 498.2556 498.2476 498.2391 498.2306 498.2226 498.2146 498.2066 498.1985 498.1906 498.1826 498.1746 498.1666 498.1586 498.1506 498.1425 498.1346 498.1266 498.1186 498.1106 498.1021 498.0936 498.0856 498.0776 498.0695 498.0616 498.0536 498.0456 498.0376 498.0296 498.0215 498.0135 498.0056 497.9976 497.9896 497.9816 497.9736 497.9651 497.9566 497.9485 497.9406 497.9326 497.9246 497.9166 497.9086 497.9006 497.8925 497.8846 497.8766 497.8686 497.8606 497.8526 497.8446 497.8361 497.8276 497.8195
498.1927 498.1847 498.1767 498.1687 498.1607 498.1527 498.1447 498.1367 498.1287 498.1207 498.1127 498.1047 498.0962 498.0877 498.0797 498.0717 498.0637 498.0557 498.0477 498.0397 498.0317 498.0237 498.0157 498.0077 497.9997 497.9917 497.9837 497.9757 497.9677 497.9592 497.9507 497.9427 497.9347 497.9267 497.9187 497.9107 497.9027 497.8947 497.8867 497.8787 497.8707 497.8627 497.8547 497.8467 497.8387 497.8307 497.8222 497.8137 497.8057 497.7977 497.7897 497.7817 497.7737 497.7657 497.7577 497.7497 497.7417 497.7337 497.7257 497.7177 497.7097 497.7017 497.6932 497.6847 497.6767
