samples/S0/S0-X02/s0-x02.asc
ncols         83
nrows         47
xllcorner     96.60000000149
yllcorner     76.60000000149
cellsize      1
NODATA_value  -9999
[rows 0 to 27 of 47, columns 0 to 63 of 83]
-9999 -9999 -9999 604.2626 604.1726 604.0831 603.9922 603.9017 603.8113 603.7221 603.6315 603.5415 603.4518 603.3618 603.2717 603.1825 603.0924 603.0024 602.9133 602.8239 602.7344 602.6454 602.557 602.4675 602.3781 602.2896 602.2001 602.1118 602.0227 601.9338 601.8447 601.7548 601.6676 601.578 601.4888 601.4006 601.3118 601.2221 601.1339 601.0441 600.9547 600.8661 600.7771 600.6879 600.5983 600.5097 600.4202 600.3311 600.2419 600.1524 600.0624 599.9733 599.8843 599.7945 599.7047 599.6156 599.5256 599.4355 599.3461 599.256 599.1645 599.074 598.9832 598.8926
-9999 -9999 -9999 604.1752 604.078 603.9869 603.8929 603.8007 603.7108 603.6191 603.5265 603.4365 603.3447 603.2543 603.1638 603.0743 602.9839 602.8939 602.8058 602.7166 602.629 602.5436 602.457 602.3693 602.2817 602.1949 602.1074 602.0243 601.9352 601.8496 601.7639 601.6782 601.593 601.5074 601.4184 601.3329 601.2479 601.1592 601.0746 600.9846 600.8984 600.8137 600.7241 600.6383 600.5503 600.463 600.3781 600.2881 600.1998 600.1105 600.0205 599.9346 599.845 599.7561 599.6669 599.5778 599.4878 599.3975 599.3065 599.2159 599.1194 599.0273 598.9307 598.8397
-9999 -9999 -9999 604.0894 603.9833 603.8899 603.7936 603.7003 603.6097 603.5162 603.4215 603.3315 603.2375 603.1468 603.056 602.966 602.8754 602.7854 602.6987 602.6094 602.5236 602.4418 602.357 602.2711 602.1853 602.1002 602.0145 601.9368 601.8476 601.7655 601.683 601.6011 601.5184 601.438 601.348 601.2679 601.184 601.0964 601.0151 600.9283 600.8484 600.761 600.671 600.589 600.5023 600.4174 600.3351 600.2452 600.1586 600.0685 599.9822 599.8958 599.8058 599.7177 599.6292 599.5399 599.4501 599.3582 599.2668 599.1759 599.0744 598.9806 598.8781 598.7881
-9999 -9999 -9999 604.0035 603.8887 603.7971 603.6975 603.6038 603.5088 603.4132 603.3165 603.2265 603.1303 603.0392 602.9482 602.8573 602.7672 602.6769 602.5916 602.5023 602.4182 602.34 602.257 602.1729 602.0889 602.0055 601.9218 601.8494 601.7601 601.6813 601.6022 601.5236 601.4437 601.3676 601.278 601.2015 601.1222 601.0403 600.9556 600.8716 600.7946 600.7079 600.627 600.5416 600.457 600.371 600.2922 600.2022 600.1166 600.0266 599.9442 599.8565 599.7665 599.6788 599.5922 599.502 599.4128 599.3196 599.2263 599.1331 599.0294 598.9339 598.8255 598.7355
-9999 -9999 -9999 603.9178 603.7941 603.7041 603.6068 603.5051 603.4078 603.3102 603.2153 603.1215 603.0259 602.9318 602.8403 602.7488 602.6589 602.5684 602.4844 602.395 602.3128 602.2383 602.157 602.0747 601.9925 601.9108 601.8289 601.762 601.6725 601.5972 601.5214 601.4459 601.3691 601.2971 601.2143 601.1349 601.0607 600.9846 600.8961 600.8139 600.7408 600.6549 600.5768 600.4927 600.4093 600.3271 600.2493 600.1598 600.0747 599.9847 599.9053 599.8173 599.731 599.6411 599.5544 599.4641 599.3743 599.281 599.1858 599.0903 598.9843 598.8872 598.7736 598.6829
-9999 -9999 603.9559 603.832 603.7065 603.6095 603.512 603.4058 603.3068 603.2079 603.1143 603.0165 602.9248 602.825 602.7325 602.6411 602.5507 602.4598 602.3774 602.2884 602.2079 602.1365 602.057 601.9765 601.8961 601.8161 601.7361 601.6741 601.585 601.5131 601.4405 601.3682 601.296 601.2267 601.1519 601.0728 600.9978 600.9259 600.8365 600.7592 600.689 600.6019 600.5275 600.4473 600.3651 600.2846 600.2063 600.1185 600.0328 599.9466 599.8674 599.7781 599.6926 599.6057 599.5163 599.4263 599.335 599.2429 599.1458 599.0489 598.9393 598.8405 598.7242 598.6304
-9999 -9999 603.8706 603.7462 603.6219 603.5149 603.4157 603.3065 603.2058 603.109 603.0132 602.9115 602.8204 602.7182 602.6254 602.5334 602.4425 602.3513 602.2703 602.183 602.1043 602.0348 601.957 601.8783 601.7997 601.7214 601.6433 601.585 601.5005 601.4313 601.3597 601.2966 601.2256 601.1563 601.0841 601.0154 600.9349 600.8665 600.7822 600.7105 600.6383 600.5504 600.4807 600.3992 600.3196 600.2449 600.1633 600.0807 599.9908 599.9092 599.8282 599.7389 599.6542 599.5683 599.4783 599.3884 599.2969 599.2018 599.1057 599.0076 598.8942 598.7938 598.6749 598.5778
-9999 -9999 603.7864 603.6603 603.5337 603.4202 603.3203 603.2086 603.1083 603.0101 602.9114 602.8065 602.7155 602.6114 602.5183 602.4258 602.3343 602.2427 602.1619 602.0776 602.0007 601.9331 601.857 601.7802 601.7033 601.6267 601.5536 601.4957 601.4183 601.3524 601.2847 601.2256 601.1549 601.0858 601.0183 600.9544 600.874 600.8075 600.7298 600.6618 600.5856 600.5092 600.4338 600.3555 600.2755 600.2051 600.1204 600.0389 599.9489 599.8717 599.7896 599.7001 599.6152 599.5306 599.4405 599.3513 599.2588 599.1608 599.0656 598.9662 598.8492 598.7471 598.6245 598.5252
-9999 -9999 603.7021 603.5746 603.4454 603.3256 603.2275 603.118 603.0118 602.9112 602.8084 602.7024 602.6106 602.5044 602.4112 602.3182 602.2261 602.1342 602.0534 601.9722 601.8972 601.8314 601.757 601.6819 601.6069 601.532 601.4644 601.4065 601.3362 601.2734 601.211 601.1547 601.0843 601.0153 600.9548 600.8909 600.8182 600.7479 600.6732 600.6132 600.5328 600.4656 600.3871 600.309 600.2322 600.1654 600.0776 599.997 599.911 599.8342 599.7504 599.6654 599.5762 599.4934 599.4026 599.3142 599.2183 599.1197 599.0256 598.9227 598.8041 598.7004 598.5732 598.4727
-9999 603.7391 603.6179 603.4888 603.3571 603.2361 603.1348 603.0273 602.9153 602.8123 602.7054 602.6013 602.5057 602.3972 602.3041 602.2106 602.1178 602.0257 601.9448 601.8668 601.7935 601.7297 601.657 601.5837 601.5105 601.4373 601.3752 601.3173 601.254 601.1945 601.1373 601.0837 601.0155 600.9498 600.8914 600.8307 600.7625 600.6887 600.62 600.5621 600.4797 600.4167 600.3424 600.2667 600.1895 600.1245 600.0371 599.9551 599.8735 599.7961 599.7112 599.629 599.5399 599.4554 599.3647 599.2769 599.178 599.0795 598.9855 598.8785 598.7591 598.6537 598.5215 598.4201
-9999 603.6514 603.5336 603.403 603.2701 603.1516 603.0421 602.9366 602.8188 602.7119 602.6054 602.5002 602.4008 602.2958 602.1968 602.103 602.0096 601.928 601.7957 601.6566 601.5471 601.4822 601.4107 601.3375 601.2655 601.2337 601.2479 601.237 601.1719 601.1155 601.0636 601.0113 600.9468 600.889 600.8268 600.7704 600.7068 600.6362 600.5713 600.5095 600.4326 600.3721 600.2961 600.2217 600.1498 600.0815 599.9993 599.9131 599.8361 599.7583 599.6719 599.5906 599.5045 599.4172 599.3268 599.2375 599.1393 599.0399 598.9455 598.8343 598.7141 598.607 598.4728 598.3676
-9999 603.5638 603.4494 603.3171 603.1843 603.067 602.9493 602.8446 602.7201 602.6127 602.5065 602.3992 602.2959 602.1772 601.9567 601.7516 601.5573 601.3854 601.2115 601.0729 600.9676 600.8945 600.8229 600.7456 600.6736 600.6378 600.6266 600.637 600.6832 600.7298 600.7963 600.8812 600.878 600.8282 600.7694 600.7103 600.6511 600.5838 600.5226 600.459 600.3914 600.3254 600.2529 600.18 600.11 600.0385 599.9612 599.8754 599.7986 599.7211 599.6341 599.5516 599.4691 599.3791 599.2897 599.1972 599.1005 598.9995 598.9035 598.7901 598.669 598.5603 598.4261 598.3149
-9999 603.4778 603.3643 603.2314 603.0985 602.9816 602.8566 602.7507 602.6291 602.5162 602.3711 602.1043 601.8376 601.6136 601.3882 601.1718 600.9838 600.7826 600.636 600.4893 600.3876 600.3068 600.2352 600.1542 600.0818 600.0419 600.022 600.037 600.0767 600.1237 600.1923 600.2651 600.3561 600.4534 600.5712 600.6541 600.5953 600.5313 600.4739 600.4085 600.3502 600.2814 600.2089 600.1365 600.0703 599.9955 599.9193 599.8379 599.7612 599.6832 599.5994 599.5125 599.4319 599.3411 599.2526 599.1583 599.0594 598.9588 598.8601 598.7458 598.624 598.5137 598.3795 598.2624
-9999 603.3935 603.2784 603.1456 603.0127 602.8933 602.7657 602.681 602.3621 602.0944 601.8226 601.537 601.2717 601.0558 600.8168 600.5816 600.4039 600.191 600.0606 599.9019 599.804 599.719 599.6475 599.5665 599.4901 599.4442 599.422 599.4304 599.4673 599.5175 599.5895 599.6528 599.7392 599.8583 599.9796 600.1668 600.2924 600.463 600.4252 600.3575 600.3058 600.2365 600.1666 600.0952 600.0306 599.9557 599.8774 599.8004 599.7237 599.6442 599.5648 599.4741 599.3945 599.3032 599.2155 599.1198 599.0183 598.9181 598.8168 598.7017 598.5789 598.467 598.3328 598.213
603.4347 603.3093 603.1927 603.0598 602.9269 602.7672 602.4248 602.1607 601.8376 601.5397 601.2648 600.9995 600.7307 600.5081 600.2432 600.0041 599.824 599.61 599.4851 599.2947 599.2204 599.1313 599.0598 598.9788 598.8982 598.8298 598.822 598.8255 598.8611 598.888 598.9786 599.0452 599.1438 599.2606 599.4074 599.5615 599.6987 599.8718 600.0168 600.1879 600.2612 600.1929 600.1238 600.0547 599.9908 599.918 599.8397 599.763 599.6862 599.605 599.527 599.4387 599.3564 599.2653 599.1783 599.0788 598.9772 598.8774 598.7734 598.6574 598.5339 598.4203 598.2862 598.1636
603.347 603.225 603.1069 602.8751 602.5352 602.2349 601.9197 601.6016 601.3181 601.0002 600.7604 600.4487 600.1779 599.9399 599.6693 599.317 598.915 598.6995 598.4305 598.495 598.3995 598.4675 598.263 598.4425 598.1575 598.2255 597.8361 598.2945 598.265 597.6665 598.355 598.4411 598.5521 598.6624 598.832 598.957 599.1008 599.2593 599.4191 599.6192 599.762 599.9644 600.0821 600.015 599.9511 599.8802 599.8023 599.7255 599.6484 599.5681 599.4879 599.4034 599.3182 599.2281 599.1411 599.0378 598.9362 598.8367 598.73 598.6132 598.4888 598.3737 598.2395 598.1143
603.2594 603.0541 602.7072 602.3593 602.0302 601.6998 601.4145 601.0723 600.778 600.4899 600.2134 599.9241 599.859 599.481 598.813 598.9485 598.957 598.806 598.233 598.386 598.257 597.9395 598.2675 598.1 598.049 597.98 597.4625 597.701 597.7055 597.433 597.3335 597.3725 597.731 598.104 598.2343 598.3685 598.5139 598.6693 598.8466 599.0336 599.1773 599.3807 599.583 599.7854 599.918 599.8416 599.7648 599.688 599.6112 599.5334 599.4488 599.368 599.28 599.191 599.1007 598.9977 598.8951 598.796 598.6866 598.569 598.4438 598.3271 598.1929 598.065
602.8339 602.5295 602.191 601.8436 601.503 601.1827 600.9037 600.5672 600.2248 599.7575 599.5656 599.38 599.511 599.182 598.6915 598.404 598.4625 598.473 598.0675 598.021 597.8265 597.918 597.9785 597.56 597.6646 597.927 597.4975 597.229 597.1495 597.5601 597.3195 596.9095 597.2085 597.19 597.441 597.311 597.8942 598.0845 598.2741 598.4193 598.593 598.796 598.9984 599.2007 599.3716 599.5943 599.7255 599.6506 599.574 599.4988 599.4097 599.3326 599.2419 599.1538 599.0604 598.958 598.854 598.7552 598.6433 598.5248 598.3987 598.2804 598.1462 598.0157
602.8335 601.9871 601.6747 601.3278 600.98 600.6777 600.3803 600.1 599.825 599.388 599.2095 599.272 599.0695 598.7345 598.931 598.6124 598.7855 598.4655 598.3765 598.481 598.05 598.241 597.6835 597.629 598.0075 597.821 597.7275 597.599 597.162 597.2222 596.8685 596.862 596.976 597.1185 596.822 597.0835 596.9065 597.2325 597.7144 597.8056 598.0089 598.2113 598.4137 598.6077 598.8006 599.0217 599.224 599.426 599.5415 599.4634 599.373 599.2955 599.2039 599.1167 599.0201 598.9169 598.8129 598.7151 598.6014 598.4805 598.3537 598.2338 598.0996 597.9664
603.0573 601.5147 601.1589 600.8115 600.4901 599.71 599.4745 599.227 599.1565 599.6335 599.34 598.7245 598.9274 598.7865 598.8565 598.6045 598.951 598.7705 598.7325 598.709 598.223 598.319 598.082 598.09 598.224 597.572 597.624 597.8185 597.4225 597.31 597.08 597.2585 596.9225 597.0825 596.8195 596.8505 596.471 596.7145 596.807 597.1965 597.512 597.6266 597.829 598.0202 598.2347 598.437 598.6393 598.8107 598.9981 599.1797 599.3148 599.2573 599.1665 599.0796 598.9803 598.8759 598.7726 598.6739 598.5574 598.4363 598.3087 598.1871 598.0529 597.9171
603.2811 601.5871 600.6689 600.381 600.2035 599.7995 599.584 599.451 599.401 599.5365 599.0225 598.9885 599.087 599.243 598.702 598.696 599.158 598.9105 598.8935 599.009 598.5275 598.502 598.9015 598.692 598.3025 597.9445 598.204 597.9745 597.5915 597.253 597.558 597.3205 596.7035 596.808 596.8445 596.751 596.1385 596.2145 596.6995 596.6315 596.534 596.458 597.2915 597.4446 597.65 597.8523 598.0547 598.2291 598.4222 598.5977 598.7299 598.9111 598.9966 599.0424 598.9394 598.8348 598.7319 598.6305 598.5132 598.3921 598.2636 598.1404 598.0063 597.8677
-9999 601.8109 600.5545 600.0439 599.9145 600.156 600.1005 599.7228 599.6535 599.393 599.0545 599.348 599.4005 599.3935 599.183 599.2795 599.613 599.6136 599.627 599.6203 599.627 599.5251 599.4197 599.3015 599.206 599.0182 598.8239 598.5854 598.391 597.947 597.8615 597.6855 597.118 596.697 596.5421 596.7205 596.136 596.3137 596.3385 596.169 596.054 595.9225 596.342 596.2675 597.153 597.2676 597.4652 597.6569 597.8383 597.9983 598.1388 598.2908 598.4227 598.543 598.6431 598.7274 598.6895 598.5871 598.4689 598.3479 598.2186 598.0938 597.9597 597.8199
-9999 602.0348 600.3066 599.98 599.948 599.8303 599.866 599.8655 599.3685 599.422 599.4885 599.5265 599.4785 599.8979 600.0074 600.0792 600.1595 600.2298 600.2404 600.2488 600.227 600.121 600.0058 599.8851 599.7817 599.6003 599.3912 599.1481 598.9163 598.6241 598.3987 598.1274 597.675 597.3615 596.8125 596.833 596.3885 596.467 595.999 596.1074 596.0935 595.9135 596.021 596.1795 595.9765 596.354 596.703 597.0844 597.2626 597.3807 597.5552 597.6722 597.8443 597.9448 598.0306 598.108 598.1487 598.1503 598.1327 598.024 597.9022 597.7786 597.6552 597.5176
-9999 602.2586 600.5413 599.7774 599.7305 599.6945 599.611 599.9795 599.669 600.1885 600.235 600.1821 600.3307 600.4973 600.6057 600.6891 600.783 600.839 600.8541 600.859 600.827 600.7149 600.5919 600.4688 600.3574 600.1889 599.957 599.729 599.4774 599.18 598.9537 598.6423 598.339 598.0361 597.508 597.084 596.672 596.5785 596.2025 595.9605 595.7755 595.9836 596.326 596.0024 595.5725 595.7155 595.631 596.2365 596.4235 596.7732 596.9637 597.1002 597.2421 597.3424 597.4185 597.4856 597.5286 597.5341 597.511 597.4281 597.3112 597.1947 597.0757 596.9213
-9999 602.4824 600.776 599.7463 600.346 600.3155 599.9135 600.2675 600.192 600.4765 600.6629 600.7639 600.9421 601.0737 601.2076 601.3051 601.3864 601.4458 601.4686 601.4706 601.427 601.3068 601.178 601.0524 600.933 600.7562 600.5184 600.3028 600.0385 599.7408 599.4963 599.159 598.8878 598.556 598.2664 597.9496 597.628 596.6895 596.908 596.4925 595.8755 595.9455 595.9755 595.7938 595.3465 595.431 595.474 595.638 595.6855 595.775 595.671 596.5226 596.6385 596.7261 596.8256 596.8708 596.9136 596.9216 596.9113 596.8322 596.7184 596.6121 596.4961 596.3458
-9999 602.7062 601.0107 599.951 600.272 600.343 600.3575 600.6766 600.8686 601.0638 601.2441 601.3521 601.5443 601.6461 601.8153 601.9116 601.9984 602.0682 602.089 601.9763 601.8563 601.7347 601.6008 601.4783 601.3391 601.2066 601.0845 600.8711 600.595 600.3091 600.03 599.673 599.4248 599.0687 598.7817 598.451 598.0995 597.7621 597.44 596.811 596.095 595.8105 595.6875 595.871 595.388 595.6379 595.671 595.055 595.1495 595.2255 595.139 595.0235 595.3824 595.6735 596.202 596.2718 596.3008 596.3128 596.3115 596.2363 596.133 596.0309 595.9166 595.7704
-9999 602.9301 601.2454 600.1558 600.5633 600.8696 601.0583 601.2614 601.4484 601.6373 601.8201 601.963 602.1298 602.2572 602.3967 602.439 602.3329 602.2296 602.1287 602.0195 601.9006 601.779 601.6467 601.525 601.3858 601.2557 601.1362 601.0084 600.8782 600.7444 600.5575 600.2125 599.9447 599.5831 599.2753 598.9462 598.6047 598.2778 597.93 597.5756 597.2605 596.5095 595.9885 596.0225 595.4305 595.528 595.3065 595.0505 595.406 595.188 595.078 594.9445 594.923 594.891 594.7755 594.7695 595.1655 595.2155 595.2729 595.406 595.601 595.502 595.1095 594.6835
-9999 603.1539 601.48 600.3605 600.7764 601.4941 601.6443 601.8459 602.0483 602.2098 602.4015 602.5642 602.7212 602.6573 602.5687 602.4796 602.3737 602.2706 602.1694 602.0627 601.9449 601.8233 601.6925 601.5717 601.4325 601.3049 601.1866 601.059 600.9288 600.7965 600.6669 600.5423 600.43 600.1084 599.7697 599.4518 599.1395 598.7936 598.4443 598.0768 597.7372 597.4031 597.0811 596.405 595.6495 595.459 595.1065 595.3565 595.458 594.8675 594.9001 595.247 595.25 595.0385 594.733 594.691 594.759 594.1865 594.2705 594.5035 594.481 594.0445 593.783 593.442
