COS0=(0.03016624799784221, 1.0, -36.0, MASK0)
COS1=(0.05742596061671566, 2.0, 17.0, MASK0)
COS2=(0.10357604869202913, 3.0, -2.0, MASK0)
COS3=(0.03382824813054157, 4.0, -2.0, MASK0)
COS4=(0.0316582775675837, 5.0, 6.0, MASK0)
COS5=(0.045816984422119775, 6.0, -5.0, MASK0)
COS6=(0.04335133745273666, 7.0, 1.0, MASK0)
COS7=(0.039746437528261166, 8.0, -4.0, MASK0)
COS8=(0.08978442303607179, 9.0, 4.0, MASK0)
COS9=(0.024558263578199624, 9.5, 3.0, MASK0)
COS10=(0.070362138010989, 10.5, 2.0, MASK0)
COS11=(0.04574230374394846, 11.5, -1.0, MASK0)
COS12=(0.019309892867653215, 12.5, -1.0, MASK0)
COS13=(0.049691693912408214, 13.5, 2.0, MASK0)
COS14=(0.017898001244968858, 14.5, -2.0, MASK0)
COS15=(0.027503550468333606, 15.5, -1.0, MASK0)
COS16=(0.046719067263795475, 16.5, -1.0, MASK0)
COS17=(0.008647001113412385, 17.5, 1.0, MASK0)
COS18=(0.02591092459192368, 18.5, -1.0, MASK0)
COS19=(0.03752073569512627, 19.5, 1.0, MASK0)
COS20=(0.02227782647576662, 20.5, -1.0, MASK0)
COS21=(0.013974135751314017, 21.5, 1.0, MASK0)
COS22=(0.01745874468110952, 22.5, 2.0, MASK0)
COS23=(0.020802347079731963, 23.5, 1.0, MASK0)
COS24=(0.025251351767886464, 24.5, 1.0, MASK0)
COS25=(0.011186533192324252, 25.5, 1.0, MASK0)
COS26=(0.03014537037037033, 26.0, 1.0, MASK0)
COS27=(0.024227120314456903, 27.5, -1.0, MASK0)
COS28=(0.012389194978910655, 28.5, 2.0, MASK0)
COS29=(0.01118653319232426, 25.5, 1.0, MASK0)
COS30=(0.02525135176788646, 24.5, 1.0, MASK0)
COS31=(0.02080234707973196, 23.5, 1.0, MASK0)
COS32=(0.017458744681109528, 22.5, 2.0, MASK0)
COS33=(0.013974135751314013, 21.5, 1.0, MASK0)
COS34=(0.02227782647576662, 20.5, -1.0, MASK0)
COS35=(0.03752073569512625, 19.5, 1.0, MASK0)
COS36=(0.02591092459192368, 18.5, -1.0, MASK0)
COS37=(0.008647001113412389, 17.5, 1.0, MASK0)
COS38=(0.04671906726379546, 16.5, -1.0, MASK0)
COS39=(0.027503550468333596, 15.5, -1.0, MASK0)
COS40=(0.01789800124496886, 14.5, -2.0, MASK0)
COS41=(0.0496916939124082, 13.5, 2.0, MASK0)
COS42=(0.019309892867653222, 12.5, -1.0, MASK0)
COS43=(0.04574230374394847, 11.5, -1.0, MASK0)
COS44=(0.07036213801098898, 10.5, 2.0, MASK0)
COS45=(0.024558263578199627, 9.5, 3.0, MASK0)
COS46=(0.08978442303607179, 9.0, 4.0, MASK0)
COS47=(0.03974643752826115, 8.0, -4.0, MASK0)
COS48=(0.04335133745273666, 7.0, 1.0, MASK0)
COS49=(0.045816984422119775, 6.0, -5.0, MASK0)
COS50=(0.03165827756758371, 5.0, 6.0, MASK0)
COS51=(0.033828248130541555, 4.0, -2.0, MASK0)
COS52=(0.10357604869202913, 3.0, -2.0, MASK0)
COS53=(0.05742596061671564, 2.0, 17.0, MASK0)
COS54=(0.03016624799784219, 1.0, -36.0, MASK0)
