COS0=(0.2128437520755651, 1.0, -2.0, MASK0)
COS1=(0.2229324111750179, 2.0, -6.0, MASK0)
COS2=(0.05306296371719511, 3.0, 11.0, MASK0)
COS3=(0.18083033160367135, 4.0, -9.0, MASK0)
COS4=(0.06034920947744195, 5.0, -2.0, MASK0)
COS5=(0.03399393505962364, 6.0, -1.0, MASK0)
COS6=(0.06393384839543412, 6.5, -4.0, MASK0)
COS7=(0.05525654398739237, 8.0, -4.0, MASK0)
COS8=(0.06321985846223659, 9.0, -4.0, MASK0)
COS9=(0.025834694406452377, 9.5, -2.0, MASK0)
COS10=(0.01702787129478591, 10.5, -2.0, MASK0)
COS11=(0.05525654398739234, 8.0, -4.0, MASK0)
COS12=(0.06393384839543412, 6.5, -4.0, MASK0)
COS13=(0.033993935059623635, 6.0, -1.0, MASK0)
COS14=(0.060349209477441934, 5.0, -2.0, MASK0)
COS15=(0.1808303316036713, 4.0, -9.0, MASK0)
COS16=(0.0530629637171951, 3.0, 11.0, MASK0)
COS17=(0.2229324111750179, 2.0, -6.0, MASK0)
COS18=(0.21284375207556505, 1.0, -2.0, MASK0)
