COS0=(0.034418506314730646, 1.0, 28.0, MASK0)
COS1=(0.08632830949409943, 2.0, -6.0, MASK0)
COS2=(0.07224369833573117, 3.0, -9.0, MASK0)
COS3=(0.044381801201029435, 4.0, -8.0, MASK0)
COS4=(0.024277075798257972, 5.0, 6.0, MASK0)
COS5=(0.033754559485557806, 6.0, 4.0, MASK0)
COS6=(0.04121606882999468, 7.0, -5.0, MASK0)
COS7=(0.056777645997798276, 7.5, 2.0, MASK0)
COS8=(0.01888854926068729, 8.5, -2.0, MASK0)
COS9=(0.04233898953512973, 10.0, -4.0, MASK0)
COS10=(0.029009379750923315, 11.0, 3.0, MASK0)
COS11=(0.04053223318386621, 12.0, -3.0, MASK0)
COS12=(0.006979101249012653, 13.0, -3.0, MASK0)
COS13=(0.02339283359364136, 13.5, -1.0, MASK0)
COS14=(0.026071661668634723, 14.5, 2.0, MASK0)
COS15=(0.01225786605902746, 15.5, -3.0, MASK0)
COS16=(0.01671548078810991, 16.5, -2.0, MASK0)
COS17=(0.01745761542728349, 17.5, 2.0, MASK0)
COS18=(0.019133214346539182, 18.5, -2.0, MASK0)
COS19=(0.013444971045921083, 19.5, -2.0, MASK0)
COS20=(0.015604718552378608, 20.5, 2.0, MASK0)
COS21=(0.013851194910172714, 21.5, 2.0, MASK0)
COS22=(0.016630193520353803, 22.5, -1.0, MASK0)
COS23=(0.007299765503785565, 23.5, -1.0, MASK0)
COS24=(0.030972834646712223, 24.5, 1.0, MASK0)
COS25=(0.006564367777960644, 25.5, 2.0, MASK0)
COS26=(0.00844722222222222, 26.5, 2.0, MASK0)
COS27=(0.010027670695044183, 27.5, 1.0, MASK0)
COS28=(0.030972834646712234, 24.5, 1.0, MASK0)
COS29=(0.007299765503785568, 23.5, -1.0, MASK0)
COS30=(0.01663019352035379, 22.5, -1.0, MASK0)
COS31=(0.013851194910172716, 21.5, 2.0, MASK0)
COS32=(0.015604718552378608, 20.5, 2.0, MASK0)
COS33=(0.013444971045921092, 19.5, -2.0, MASK0)
COS34=(0.019133214346539185, 18.5, -2.0, MASK0)
COS35=(0.017457615427283486, 17.5, 2.0, MASK0)
COS36=(0.016715480788109905, 16.5, -2.0, MASK0)
COS37=(0.012257866059027452, 15.5, -3.0, MASK0)
COS38=(0.026071661668634723, 14.5, 2.0, MASK0)
COS39=(0.02339283359364136, 13.5, -1.0, MASK0)
COS40=(0.006979101249012652, 13.0, -3.0, MASK0)
COS41=(0.0405322331838662, 12.0, -3.0, MASK0)
COS42=(0.029009379750923298, 11.0, 3.0, MASK0)
COS43=(0.042338989535129726, 10.0, -4.0, MASK0)
COS44=(0.01888854926068729, 8.5, -2.0, MASK0)
COS45=(0.056777645997798255, 7.5, 2.0, MASK0)
COS46=(0.04121606882999468, 7.0, -5.0, MASK0)
COS47=(0.033754559485557806, 6.0, 4.0, MASK0)
COS48=(0.02427707579825797, 5.0, 6.0, MASK0)
COS49=(0.04438180120102944, 4.0, -8.0, MASK0)
COS50=(0.07224369833573116, 3.0, -9.0, MASK0)
COS51=(0.08632830949409945, 2.0, -6.0, MASK0)
COS52=(0.034418506314730646, 1.0, 28.0, MASK0)
