COS0=(0.3786099857676858, 1.0, -54.0, MASK0)
COS1=(0.17065512964035434, 2.0, 22.0, MASK0)
COS2=(0.20123431274579262, 4.0, 24.0, MASK0)
COS3=(0.38420596718459654, 6.0, -2.0, MASK0)
COS4=(0.10044951201827987, 7.0, -10.0, MASK0)
COS5=(0.19794353453155747, 9.0, -10.0, MASK0)
COS6=(0.0775697528541851, 10.0, -10.0, MASK0)
COS7=(0.149553463347935, 12.0, -6.0, MASK0)
COS8=(0.04387753683972427, 13.0, -2.0, MASK0)
COS9=(0.09053048679660095, 15.0, 6.0, MASK0)
COS10=(0.08736066398929726, 15.5, -4.0, MASK0)
COS11=(0.08177588943463693, 17.5, -6.0, MASK0)
COS12=(0.056180945233563886, 19.0, -6.0, MASK0)
COS13=(0.10668086304507576, 20.5, -4.0, MASK0)
COS14=(0.16104793751401172, 22.5, -4.0, MASK0)
COS15=(0.0888367883841046, 23.5, 2.0, MASK0)
COS16=(0.022701208491832332, 24.5, 4.0, MASK0)
COS17=(0.04302268041670515, 26.5, 4.0, MASK0)
COS18=(0.03679728623336227, 28.5, -2.0, MASK0)
COS19=(0.09466633525806453, 30.5, -2.0, MASK0)
COS20=(0.09115747363015092, 31.0, 2.0, MASK0)
COS21=(0.04685150579592923, 32.0, 2.0, MASK0)
COS22=(0.05153419489746086, 34.5, 2.0, MASK0)
COS23=(0.13931012487995204, 36.0, -2.0, MASK0)
COS24=(0.019372762866121815, 37.5, -2.0, MASK0)
COS25=(0.07453786780252006, 39.5, -2.0, MASK0)
COS26=(0.12346819199799428, 40.0, 2.0, MASK0)
COS27=(0.03401216754480701, 41.0, -2.0, MASK0)
COS28=(0.030357929092415147, 43.0, -2.0, MASK0)
COS29=(0.029639720200704354, 44.0, 2.0, MASK0)
COS30=(0.03307899232328985, 45.0, -2.0, MASK0)
