COS0=(0.3786099857676858, 1.0, -54.0, MASK0)
COS1=(0.17065512964035434, 2.0, 22.0, MASK0)
COS2=(0.5935468183392583, 3.0, -22.0, MASK0)
COS3=(0.20123431274579262, 4.0, 24.0, MASK0)
COS4=(0.3773079879756117, 5.0, -16.0, MASK0)
COS5=(0.38420596718459654, 6.0, -2.0, MASK0)
COS6=(0.10044951201827987, 7.0, -10.0, MASK0)
COS7=(0.19794353453155747, 9.0, -10.0, MASK0)
COS8=(0.0775697528541851, 10.0, -10.0, MASK0)
COS9=(0.04387753683972427, 13.0, -2.0, MASK0)
COS10=(0.09053048679660095, 15.0, 6.0, MASK0)
COS11=(0.08177588943463693, 17.5, -6.0, MASK0)
COS12=(0.10668086304507576, 20.5, -4.0, MASK0)
COS13=(0.11812812378887122, 21.5, -2.0, MASK0)
COS14=(0.16104793751401172, 22.5, -4.0, MASK0)
COS15=(0.0888367883841046, 23.5, 2.0, MASK0)
COS16=(0.03679728623336227, 28.5, -2.0, MASK0)
COS17=(0.09115747363015092, 31.0, 2.0, MASK0)
COS18=(0.019372762866121815, 37.5, -2.0, MASK0)
COS19=(0.03401216754480701, 41.0, -2.0, MASK0)
COS20=(0.07453786780252009, 39.5, -2.0, MASK0)
COS21=(0.05833527014865847, 35.0, -2.0, MASK0)
COS22=(0.08144040051768767, 29.5, -2.0, MASK0)
COS23=(0.04302268041670515, 26.5, 4.0, MASK0)
COS24=(0.11812812378887122, 21.5, -2.0, MASK0)
COS25=(0.10668086304507576, 20.5, -4.0, MASK0)
COS26=(0.10595189585926403, 19.5, -2.0, MASK0)
COS27=(0.0873606639892973, 15.5, -4.0, MASK0)
COS28=(0.04387753683972423, 13.0, -2.0, MASK0)
COS29=(0.10104415967242328, 10.5, -6.0, MASK0)
COS30=(0.1363298516647836, 7.5, 6.0, MASK0)
COS31=(0.10044951201827988, 7.0, -10.0, MASK0)
COS32=(0.3773079879756117, 5.0, -16.0, MASK0)
COS33=(0.20123431274579262, 4.0, 24.0, MASK0)
COS34=(0.5935468183392583, 3.0, -22.0, MASK0)
COS35=(0.1706551296403543, 2.0, 22.0, MASK0)
COS36=(0.3786099857676858, 1.0, -54.0, MASK0)
