COS0=(0.18930499286411745, 1.0, -54.0, MASK0)
COS1=(0.08532756482896012, 2.0, 22.0, MASK0)
COS2=(0.2967734091306339, 3.0, -22.0, MASK0)
COS3=(0.10061715633174438, 4.0, 24.0, MASK0)
COS4=(0.18865399394161636, 5.0, -16.0, MASK0)
COS5=(0.19210298356069272, 6.0, -2.0, MASK0)
COS6=(0.05022475603250658, 7.0, -10.0, MASK0)
COS7=(0.09897176729643978, 9.0, -10.0, MASK0)
COS8=(0.03878487640043614, 10.0, -10.0, MASK0)
COS9=(0.021938768417900795, 13.0, -2.0, MASK0)
COS10=(0.04526524337988534, 15.0, 6.0, MASK0)
COS11=(0.040887944702454146, 17.5, -6.0, MASK0)
COS12=(0.05906406189464372, 21.5, -2.0, MASK0)
COS13=(0.08052396874658299, 22.5, -4.0, MASK0)
COS14=(0.04441839419990232, 23.5, 2.0, MASK0)
COS15=(0.018398643067946044, 28.5, -2.0, MASK0)
COS16=(0.045578736817343916, 31.0, 2.0, MASK0)
COS17=(0.009686381395363357, 37.5, -2.0, MASK0)
COS18=(0.01700608377057481, 41.0, -2.0, MASK0)
COS19=(0.03726893387194115, 39.5, -2.0, MASK0)
COS20=(0.02916763510422616, 35.0, -2.0, MASK0)
COS21=(0.04072020024869333, 29.5, -2.0, MASK0)
COS22=(0.0215113401976963, 26.5, 4.0, MASK0)
COS23=(0.059064061894643714, 21.5, -2.0, MASK0)
COS24=(0.05334043152739196, 20.5, -4.0, MASK0)
COS25=(0.052975947920097285, 19.5, -2.0, MASK0)
COS26=(0.028090472604073137, 19.0, -6.0, MASK0)
COS27=(0.043680331940610696, 15.5, -4.0, MASK0)
COS28=(0.021938768417900795, 13.0, -2.0, MASK0)
COS29=(0.05052207981886199, 10.5, -6.0, MASK0)
COS30=(0.06816492582913324, 7.5, 6.0, MASK0)
COS31=(0.050224756032506576, 7.0, -10.0, MASK0)
COS32=(0.18865399394161636, 5.0, -16.0, MASK0)
COS33=(0.10061715633174431, 4.0, 24.0, MASK0)
COS34=(0.2967734091306339, 3.0, -22.0, MASK0)
COS35=(0.08532756482896012, 2.0, 22.0, MASK0)
COS36=(0.18930499286411748, 1.0, -54.0, MASK0)
