COS0=(1.589050409660534, 1.0, 92.0, MASK0)
COS1=(0.7046901818648763, 2.0, -20.0, MASK0)
COS2=(0.19177310872271336, 3.0, 32.0, MASK0)
COS3=(0.1540326446368, 4.0, -2.0, MASK0)
