samples/sfe_24/sfe_24_vv0_095/sfe_24_vv0/sfe_24_vv0.asc
ncols         275
nrows         75
xllcorner     98.60000000149
yllcorner     70.60000000149
cellsize      0.7
NODATA_value  -9999
[rows 28 to 55 of 75, columns 0 to 63 of 275]
-9999 602.2715 600.63 600.602 600.6635 600.5908 600.6025 600.6153 600.6125 600.5995 600.5997 600.641 600.66 600.6588 600.6276 600.6592 600.6876 600.7112 600.7545 600.7881 600.8021 600.8345 600.8511 600.8607 600.8716 600.8385 600.8486 600.8434 600.7919 600.7513 600.7274 600.6663 600.6013 600.5867 600.4948 600.3757 600.3408 600.3997 600.4412 600.4637 600.4847 600.5074 600.8307 601.1444 601.2955 601.2249 601.3342 601.3752 601.4623 601.4374 601.5446 601.607 601.6793 601.6537 601.3826 601.2585 601.0858 600.9814 600.98 600.9786 601.0661 601.3598 601.6683 601.7802
-9999 602.0392 600.4255 600.4478 600.3125 600.3415 600.3954 600.314 600.3325 600.4443 600.4025 600.513 600.5577 600.538 600.3995 600.3237 600.3415 600.3878 600.5613 600.6105 600.6293 600.6624 600.6714 600.673 600.6752 600.6381 600.6194 600.6142 600.5695 600.5513 600.6533 600.7432 600.569 600.4138 600.422 600.3763 600.2725 600.3953 600.5055 600.5302 600.5497 600.5712 600.624 600.667 600.6077 600.7999 600.8752 600.9622 601.0038 600.9211 600.955 600.8489 600.7803 600.6097 600.7085 600.6202 600.5228 600.549 600.476 600.3035 600.389 600.533 600.6367 600.9059
-9999 601.8069 600.324 600.2112 600.0508 600.1118 600.2397 600.1163 600.0342 600.1325 600.1363 600.1275 600.123 600.1727 600.2048 600.2755 600.251 600.2047 600.378 600.6047 600.6395 600.4695 600.2672 600.3285 600.5287 600.573 600.4517 600.4072 600.2662 600.307 600.4925 600.59 600.39 600.259 600.3627 600.3652 600.2275 600.2725 600.3693 600.3925 600.4145 600.4352 600.455 600.4722 600.499 600.6367 600.647 600.552 600.571 600.6085 600.4405 600.3995 600.4747 600.5098 600.6127 600.5107 600.4185 600.5392 600.4839 600.272 600.3025 600.515 600.5292 600.4365
-9999 601.5746 600.179 599.9617 599.8593 599.8853 599.971 599.8907 599.8695 599.8985 599.842 599.8985 599.9675 599.988 600.083 600.203 600.265 600.1777 600.2332 600.3355 600.3195 600.216 600.0835 600.1693 600.3615 600.3635 600.1797 600.1838 600.1868 600.218 600.2963 600.41 600.2912 600.1472 600.1827 600.1968 600.1015 600.0755 600.117 600.1882 600.3237 600.3698 600.3873 600.399 600.4197 600.5475 600.5585 600.42 600.4713 600.5187 600.369 600.2963 600.322 600.3022 600.3898 600.3638 600.3018 600.4155 600.4435 600.3132 600.2865 600.4605 600.5287 600.4415
-9999 601.3425 599.913 599.8228 599.788 599.8123 599.8412 599.839 599.9487 599.9583 599.8077 599.8192 599.9605 599.9548 599.8708 599.9775 600.1832 600.2413 600.1063 600.0138 600.0472 600.0825 600.0208 600.0827 600.2493 600.2313 600.0988 600.211 600.3593 600.2123 600.0925 600.1908 600.212 600.0585 600.045 600.1268 600.138 600.148 600.1737 600.2418 600.3912 600.4433 600.4485 600.455 600.4623 600.545 600.5025 600.3428 600.393 600.4572 600.315 600.3692 600.3935 600.2595 600.2405 600.3002 600.2612 600.268 600.4023 600.425 600.3125 600.4135 600.5853 600.5082
-9999 601.1119 599.937 599.9402 599.936 599.9423 599.9203 599.964 600.0345 599.9587 599.7722 599.713 599.7952 599.7805 599.7315 599.8795 600.1068 600.1902 600.031 599.9547 600.0723 600.1633 600.076 600.0215 600.1613 600.1415 600.031 600.1765 600.329 600.1705 600.0162 600.0927 600.142 600.0242 600.101 600.2487 600.2823 600.3137 600.3498 600.3492 600.2972 600.2867 600.2963 600.2923 600.299 600.4215 600.4335 600.281 600.3387 600.3917 600.2708 600.359 600.3975 600.256 600.315 600.4345 600.3752 600.2607 600.3635 600.4202 600.2895 600.3683 600.55 600.477
-9999 600.8813 599.939 600.0862 600.0405 599.9685 599.9512 599.9483 599.9357 599.8248 599.712 599.7283 599.823 599.832 599.837 599.8872 599.9347 599.9888 600 600.0688 600.2037 600.1962 600.029 599.968 600.1165 600.1785 600.121 600.175 600.1757 600.0522 600.0237 600.0335 599.981 599.9585 600.1758 600.3068 600.2612 600.2808 600.3975 600.3925 600.1973 600.1975 600.2785 600.2997 600.2945 600.3897 600.4515 600.3695 600.3958 600.4358 600.3527 600.3045 600.3193 600.341 600.4925 600.5952 600.511 600.2515 600.2292 600.3157 600.314 600.306 600.3187 600.3123
-9999 600.6506 600.0145 600.1257 600.017 599.9047 599.9395 599.9295 599.907 599.864 599.83 599.8892 599.9525 599.974 600.0435 599.938 599.7838 599.7795 599.9942 600.22 600.2465 600.0743 599.8765 599.9424 600.078 600.0486 600.1285 600.088 599.9458 599.9323 600.081 600.0845 599.974 600.0338 600.223 600.2095 600.0518 600.0505 600.2758 600.3492 600.2208 600.2985 600.4295 600.384 600.3428 600.3472 600.3452 600.3298 600.3342 600.3405 600.316 600.1863 600.2455 600.4148 600.476 600.4402 600.4125 600.2908 600.2402 600.321 600.3917 600.2545 600.0515 600.1113
-9999 600.6735 600.288 600.296 600.165 600.071 600.1823 600.1932 600.1718 600.1385 600.1127 599.9837 599.9042 599.916 600.0618 600.028 599.8615 599.8268 600.0577 600.2733 600.2725 600.0795 599.8843 599.9395 600.1185 600.1595 600.0067 599.9425 599.861 599.9247 600.0893 600.1793 600.1343 600.1758 600.2557 600.1537 600.0821 600.0834 600.2715 600.3438 600.2245 600.3094 600.3967 600.2485 600.1752 600.1512 600.1465 600.1503 600.1542 600.1515 600.1398 600.0972 600.2275 600.3793 600.335 600.2385 600.279 600.382 600.4122 600.448 600.4158 600.231 600.0135 600.0775
-9999 600.565 600.3915 600.409 600.3928 600.3835 600.3533 600.3035 600.3737 600.4442 600.404 600.252 600.0237 599.9395 599.9788 600.0953 600.0855 600.0228 600.1577 600.3033 600.2057 600.0413 600.034 600.1265 600.1168 600.0955 600.0868 600.0585 600.0558 600.0315 600.0342 600.1625 600.2117 600.1455 600.088 600.0515 600.0338 600.198 600.3837 600.3665 600.2145 600.309 600.4326 600.29 600.1751 600.196 600.0933 600.144 600.2338 600.1522 600.074 600.1497 600.264 600.2435 600.1442 600.1818 600.3253 600.5095 600.5468 600.5458 600.4257 600.2122 600.0917 600.1705
-9999 600.6967 600.6951 600.6674 600.6388 600.6255 600.575 600.4857 600.4557 600.4625 600.4612 600.4707 600.3293 600.1282 600.047 600.2502 600.365 600.2642 600.2855 600.4268 600.3125 600.236 600.3087 600.3447 600.1857 600.0775 600.1663 600.1705 600.2438 600.158 600.0068 600.1005 600.1517 600.0175 600.0192 600.1282 600.1775 600.277 600.3353 600.264 600.1808 600.3157 600.5103 600.4225 600.205 600.002 600.102 600.2905 600.452 600.3027 600.1584 600.2597 600.3107 600.1435 600.07 600.2745 600.3218 600.3677 600.3505 600.4012 600.3862 600.2065 600.1625 600.26
605.1895 600.8841 600.8828 600.8436 600.8184 600.7891 600.7549 600.7136 600.6732 600.6367 600.5933 600.61 600.5508 600.3127 600.2573 600.443 600.536 600.4453 600.4832 600.6055 600.5657 600.4902 600.5388 600.4713 600.2982 600.128 600.0917 600.0922 600.2055 600.2192 600.0928 600.1395 600.1503 600.038 600.132 600.281 600.28 600.1973 600.1882 600.181 600.2155 600.366 600.5225 600.4287 600.2338 600.042 600.1273 600.3173 600.4503 600.286 600.1487 600.2388 600.282 600.134 600.1102 600.3235 600.4453 600.3365 600.2271 600.2983 600.384 600.2422 600.2045 600.2922
604.9572 601.0715 601.0599 601.0198 600.9979 600.9526 600.9185 600.8809 600.8431 600.8259 600.8016 600.755 600.7498 600.7305 600.6926 600.6877 600.6832 600.6815 600.6742 600.6688 600.633 600.6072 600.5413 600.4822 600.4837 600.3763 600.1677 600.094 600.1225 600.216 600.252 600.2037 600.0945 600.051 600.1227 600.2098 600.19 600.1273 600.2137 600.3438 600.4235 600.472 600.441 600.3182 600.3175 600.227 600.1898 600.333 600.3645 600.173 600.111 600.1473 600.1757 600.1523 600.284 600.4465 600.4852 600.4035 600.335 600.3602 600.4167 600.3635 600.3348 600.3595
604.7249 601.2589 601.2342 601.192 601.1614 601.1161 601.0818 601.0525 601.0196 601.0151 600.998 600.957 600.956 600.9366 600.9097 600.894 600.8796 600.8658 600.8535 600.8406 600.8048 600.7761 600.7357 600.7043 600.6519 600.6098 600.5382 600.4398 600.2968 600.296 600.4045 600.384 600.2507 600.2438 600.2493 600.269 600.233 600.1905 600.3408 600.4932 600.4457 600.3965 600.2955 600.2463 600.3832 600.3547 600.2515 600.384 600.4128 600.2808 600.2708 600.2745 600.286 600.2995 600.342 600.3685 600.365 600.356 600.3403 600.3218 600.2915 600.2733 600.2548 600.2443
604.4926 601.4463 601.4089 601.3616 601.324 601.2797 601.245 601.2243 601.2054 601.2042 601.1945 601.1633 601.1623 601.1428 601.1196 601.0999 601.0759 601.0522 601.0329 601.0124 600.9799 600.9554 600.9177 600.9105 600.8676 600.8116 600.7533 600.6562 600.5995 600.4922 600.587 600.5748 600.4348 600.4202 600.4238 600.4642 600.425 600.286 600.382 600.5107 600.3882 600.2817 600.2418 600.3438 600.492 600.428 600.2795 600.3688 600.4635 600.462 600.4765 600.498 600.4777 600.4337 600.3378 600.292 600.2715 600.1965 600.1558 600.1385 600.1305 600.1473 600.1638 600.14
604.2603 601.6338 601.5851 601.5367 601.4868 601.4433 601.4083 601.3961 601.3912 601.3934 601.3909 601.3696 601.3687 601.3489 601.3258 601.2977 601.2722 601.2314 601.2123 601.1842 601.1591 601.1346 601.0996 601.1166 601.0812 601.0406 600.9761 600.8908 600.8233 600.7175 600.597 600.5737 600.417 600.3577 600.3433 600.4612 600.5153 600.3688 600.4263 600.606 600.5472 600.3647 600.3328 600.5132 600.598 600.4893 600.3175 600.3195 600.3253 600.416 600.5508 600.6387 600.4985 600.3727 600.375 600.4387 600.3887 600.226 600.1483 600.105 600.1307 600.2388 600.379 600.31
604.028 601.808 601.7583 601.7049 601.6495 601.6069 601.5715 601.5672 601.577 601.5885 601.5875 601.5759 601.575 601.5621 601.532 601.4942 601.4659 601.4107 601.3911 601.356 601.3384 601.3167 601.2943 601.3228 601.2944 601.2697 601.202 601.1346 601.0622 600.9752 600.8622 600.6647 600.5732 600.4777 600.3588 600.4482 600.5372 600.426 600.479 600.6912 600.697 600.494 600.3955 600.5007 600.5648 600.5575 600.5362 600.5055 600.3665 600.3843 600.559 600.6688 600.4795 600.3098 600.315 600.413 600.4048 600.4008 600.3875 600.2982 600.2325 600.363 600.5468 600.4637
603.7958 602.1953 602.0591 601.8223 601.8043 601.7704 601.7406 601.7372 601.7628 601.785 601.7839 601.7823 601.7813 601.7792 601.7381 601.6907 601.6378 601.59 601.5629 601.5278 601.5179 601.5044 601.4984 601.5289 601.5076 601.4987 601.4379 601.3922 601.3148 601.2331 601.137 600.9677 600.8276 600.7242 600.5922 600.5437 600.5712 600.5413 600.616 600.757 600.6095 600.8058 600.9025 600.8767 600.9304 600.934 600.8082 600.7527 600.602 600.4758 600.6097 600.6528 600.437 600.3077 600.3165 600.3937 600.4017 600.46 600.4778 600.3795 600.2853 600.413 600.607 600.5545
603.5585 602.6707 602.5336 602.3171 602.2111 602.158 602.1408 602.1398 602.1388 602.1717 602.2465 602.2456 602.2266 602.1392 602.0314 601.9204 601.791 601.7692 601.7347 601.6996 601.6973 601.6921 601.7026 601.7365 601.7328 601.729 601.6806 601.6493 601.5768 601.5072 601.394 601.3074 601.2518 601.2365 601.2619 601.4387 601.3268 601.7682 601.7937 601.7924 601.7911 601.7637 601.5902 601.4662 601.3889 601.3466 601.2667 601.2112 601.1244 600.9934 600.7809 600.6008 600.4167 600.3857 600.488 600.5563 600.5245 600.4402 600.3998 600.3335 600.315 600.467 600.6252 600.5817
603.2336 603.1507 603.0067 602.8442 602.7381 602.7101 602.6679 602.6666 602.6642 602.6547 602.7294 602.7112 602.6902 602.6028 602.4905 602.3984 602.2384 602.1213 602.0524 602.0516 602.039 602.0376 602.0258 602.0572 602.1415 602.051 601.9918 601.8984 601.8044 601.7762 601.7292 601.6512 601.7278 601.7722 601.8519 601.9698 602.0452 602.1381 602.1675 602.1663 602.165 602.0883 601.9821 601.8627 601.782 601.7592 601.7252 601.7202 601.7139 601.6959 601.59 601.3467 600.9773 600.6078 600.542 600.5015 600.5055 600.5358 600.533 600.45 600.3915 600.5297 600.6277 600.5153
603.697 603.6205 603.4797 603.3713 603.2652 603.2623 603.1948 603.1935 603.1682 603.1377 603.2123 603.1749 603.1539 603.0654 602.9556 602.8763 602.7272 602.6253 602.5793 602.5658 602.543 602.5413 602.5087 602.5361 602.5908 602.5003 602.4555 602.3621 602.2681 602.1905 602.0925 602.0846 602.0786 602.167 602.276 602.3764 602.4316 602.508 602.5414 602.5402 602.5207 602.4451 602.337 602.2305 602.1683 602.1178 602.1168 602.1159 602.1032 602.075 602.0015 601.9267 601.8218 601.75 601.4174 600.9949 600.8627 600.6257 600.6242 600.6377 600.8577 600.9673 601.0522 601.1495
604.1531 604.0904 603.9752 603.8984 603.8155 603.8054 603.7217 603.7205 603.6722 603.6349 603.6952 603.6386 603.6176 603.5246 603.4229 603.3542 603.2313 603.1293 603.1063 603.0698 603.047 603.0453 602.9918 603.015 603.0402 602.9496 602.9192 602.8257 602.7318 602.6735 602.5755 602.5677 602.5457 602.6129 602.7001 602.7845 602.8181 602.8779 602.9153 602.914 602.8772 602.8053 602.6919 602.6168 602.5547 602.5042 602.5032 602.5024 602.4772 602.449 602.3851 602.3081 602.1929 602.0814 601.9595 601.762 601.688 601.451 601.4495 601.596 601.683 601.7964 601.9182 601.9877
604.6047 604.5798 604.5272 604.4254 604.3676 604.3325 604.2486 604.2474 604.1763 604.1392 604.1782 604.1023 604.0812 603.9851 603.8981 603.8442 603.7353 603.6343 603.6332 603.5737 603.551 603.5496 603.4747 603.4939 603.4895 603.4044 603.3829 603.2894 603.1954 603.1565 603.0585 603.0508 603.0289 603.0587 603.1243 603.1927 603.2045 603.2477 603.2891 603.2878 603.2393 603.1663 603.047 603.0034 602.9412 602.8906 602.8896 602.8887 602.8511 602.8229 602.7664 602.6862 602.5792 602.4895 602.3523 602.1683 602.0699 602.0436 602.0309 602.0315 602.1187 602.1829 602.2921 602.3678
605.0865 605.084 605.0587 604.9525 604.9198 604.8596 604.7755 604.7742 604.6802 604.6432 604.6594 604.566 604.5449 604.4525 604.3812 604.3262 604.2393 604.1608 604.1599 604.0778 604.055 604.035 603.9578 603.9728 603.9388 603.868 603.8466 603.7531 603.675 603.6395 603.5415 603.534 603.512 603.5046 603.5484 603.601 603.5908 603.6177 603.663 603.6454 603.6017 603.5212 603.4185 603.3896 603.3303 603.277 603.276 603.2749 603.225 603.1968 603.1478 603.0561 602.9791 602.8923 602.7451 602.608 602.5114 602.5072 602.4767 602.4755 602.5578 602.5693 602.666 602.7479
605.1591 605.1532 605.1472 605.1413 605.1353 605.1295 605.1235 605.1174 605.1131 605.1108 605.1097 605.0297 605.0086 604.9197 604.8639 604.8406 604.7433 604.6879 604.6833 604.5817 604.559 604.5179 604.4407 604.4517 604.3881 604.3315 604.3102 604.2168 604.1582 604.1225 604.0245 604.0172 603.9952 603.9504 603.9726 604.0092 603.9772 604.0037 604.0369 604.0004 603.962 603.876 603.79 603.7759 603.7302 603.6634 603.6624 603.6588 603.5989 603.5707 603.5292 603.4305 603.3706 603.2921 603.1382 603.0537 602.9719 602.9686 602.9227 602.9214 602.9969 602.9556 603.04 603.128
605.2023 605.1964 605.1904 605.1846 605.1786 605.1733 605.1673 605.1613 605.1575 605.1514 605.1454 605.1388 605.1319 605.1276 605.1213 605.1151 605.1107 605.1044 605.101 605.0858 605.063 605.001 604.9238 604.928 604.8375 604.7949 604.7739 604.6805 604.6414 604.6055 604.5075 604.5002 604.4783 604.3962 604.4144 604.4174 604.3674 604.3902 604.4107 604.3554 604.3188 604.2372 604.1636 604.1622 604.1229 604.0498 604.0488 604.0328 603.9729 603.9447 603.9106 603.8168 603.757 603.6918 603.5532 603.4995 603.4356 603.4144 603.3687 603.3674 603.4224 603.3679 603.4249 603.5081
605.2455 605.2396 605.2336 605.2279 605.2219 605.2172 605.2111 605.2052 605.2019 605.1958 605.1904 605.1837 605.1768 605.1731 605.1669 605.1606 605.1569 605.1506 605.1445 605.1385 605.1321 605.1262 605.1198 605.1133 605.1097 605.1028 605.0959 605.092 605.0898 605.0885 604.9905 604.9832 604.9615 604.8634 604.8602 604.8255 604.767 604.7765 604.7702 604.7104 604.6761 604.6087 604.5503 604.5486 604.5093 604.4362 604.4352 604.4067 604.3468 604.3214 604.2903 604.2031 604.1467 604.1113 603.9858 603.9454 603.8995 603.8603 603.8146 603.8134 603.8425 603.7818 603.8246 603.8881
605.2887 605.2828 605.2769 605.2712 605.2652 605.261 605.2549 605.2496 605.2463 605.2402 605.2354 605.2286 605.2216 605.2186 605.2124 605.2065 605.2031 605.1968 605.1913 605.1853 605.179 605.1736 605.1671 605.1606 605.1578 605.1509 605.1443 605.1407 605.1338 605.1276 605.1252 605.1177 605.1102 605.1055 605.0983 605.0928 605.0891 605.0814 605.0787 605.0654 605.0503 604.9802 604.9363 604.935 604.8956 604.8226 604.8216 604.7806 604.7208 604.708 604.668 604.5894 604.5601 604.5143 604.4184 604.3897 604.3633 604.3062 604.2606 604.2593 604.2626 604.1957 604.2242 604.2682
