samples/sfe_24/sfe_24_vv0_095/sfe_24_vv0/sfe_24_vv0.asc
ncols         275
nrows         75
xllcorner     98.60000000149
yllcorner     70.60000000149
cellsize      0.7
NODATA_value  -9999
[rows 28 to 55 of 75, columns 192 to 255 of 275]
602.2343 602.1552 602.1541 602.1509 602.1325 602.1315 602.1437 602.2217 602.2286 602.2834 602.2821 602.2492 602.1821 602.0878 601.9931 601.866 601.7761 601.701 601.6627 601.6529 601.5723 601.4973 601.4963 601.4213 601.4199 600.348 600.3155 600.427 600.2477 600.078 599.992 600.176 600.335 600.378 600.8561 601.0999 601.3477 601.494 601.5554 601.6094 601.6202 601.6147 601.5594 601.3986 601.2502 600.368 600.35 601.247 601.559 601.605 601.5775 601.5372 601.4771 601.2892 601.1049 600.9228 600.7654 600.5583 600.437 600.2687 600.007 600.001 600.2078 600.1102
601.8345 601.7532 601.7401 601.739 601.7328 601.7318 601.7466 601.8253 601.8664 601.9211 601.9198 601.8926 601.8319 601.7264 601.6136 601.5778 601.1933 601.1627 600.9255 600.9246 600.9236 600.6572 600.4647 600.3253 600.0687 600.0383 600.1502 600.1925 600.031 599.9498 600.0738 600.1527 600.0983 600.015 600.1647 600.3762 600.5224 600.7421 600.9036 600.9026 600.7394 600.468 600.231 600.084 600.1257 600.2253 600.1005 600.0325 600.2197 600.3198 600.36 600.653 600.7747 600.7491 600.6376 600.4962 600.3528 600.19 599.9813 599.8132 599.737 599.7933 599.916 599.9485
601.3739 601.3237 601.0617 601.0309 600.8163 600.7047 600.8511 600.3962 600.377 601.29 601.2886 601.2872 601.2863 600.8431 600.5474 600.3983 600.3878 600.37 600.361 600.4532 600.3455 600.1975 600.2625 600.1595 599.9055 599.8895 600.0417 600.1302 600.0153 599.9917 600.0985 600.086 599.9523 599.8317 600.0385 600.265 600.304 600.2573 600.2557 600.2785 600.2473 600.2065 600.145 600.0823 600.0997 600.1168 599.9453 599.8455 599.9453 600.015 600.087 600.1747 600.2375 600.2573 600.1777 600.1652 600.2003 600.0103 599.7462 599.751 599.788 599.707 599.6702 599.6115
600.6862 600.6359 600.4158 600.281 600.107 600.1752 600.2702 600.174 600.116 600.3038 600.4937 600.4257 600.298 600.327 600.426 600.4238 600.2822 600.1628 600.1548 600.1832 600.0577 600.0128 600.1653 600.123 599.937 599.9133 600.0128 600.035 599.9922 600.0105 600.0313 599.959 599.8918 599.8085 599.9363 600.1413 600.161 599.9927 599.9992 600.173 600.203 600.0768 600.027 600.061 600.0988 600.0655 599.911 599.8155 599.7543 599.74 599.8075 600.036 600.1022 600.075 599.9747 599.9633 599.9108 599.7972 599.7025 599.7787 599.816 599.71 599.3813 599.2662
600.4642 600.392 600.2402 600.115 600.1478 600.2307 600.1248 599.902 599.9478 600.1368 600.2958 600.2457 600.2137 600.1995 600.2347 600.2378 600.1807 600.1385 600.1188 600.0208 599.9117 599.919 600.023 600.024 599.9573 599.919 599.9047 599.8025 599.7258 599.8658 599.8533 599.7753 599.897 599.858 599.864 600.0697 600.18 599.9958 599.8893 600.022 599.984 599.77 599.7045 599.865 599.9605 599.9055 599.847 599.8723 599.803 599.6608 599.528 599.726 599.8873 599.8625 599.7007 599.607 599.5378 599.5897 599.6727 599.679 599.6163 599.5325 599.337 599.2305
600.1677 600.1588 600.1973 600.184 600.2203 600.2003 600.0203 599.777 599.8397 600.0267 600.0802 599.9453 599.918 599.9202 599.926 599.9263 599.9097 599.9102 599.9195 599.959 599.9693 599.933 599.834 599.7665 599.7172 599.692 599.6733 599.5762 599.5965 599.7557 599.749 599.6838 599.8372 599.8123 599.7803 599.9915 600.113 599.9257 599.8207 599.9067 599.8622 599.62 599.5683 599.7285 599.8135 599.6738 599.5988 599.7058 599.738 599.5757 599.412 599.5645 599.7433 599.7922 599.6682 599.5957 599.4449 599.4585 599.5633 599.482 599.349 599.3398 599.3683 599.3723
600.1165 600.1405 600.2692 600.2915 600.2897 600.153 599.938 599.7657 599.8932 600.0212 600.0132 599.8145 599.7133 599.646 599.6493 599.6365 599.6428 599.6453 599.6685 599.7903 599.8593 599.8307 599.747 599.6097 599.498 599.482 599.5388 599.512 599.536 599.706 599.781 599.7685 599.8765 599.8655 599.8538 599.9662 599.9247 599.7323 599.6783 599.8588 599.8765 599.74 599.6567 599.6528 599.5723 599.4538 599.4792 599.576 599.5477 599.4443 599.4323 599.6195 599.7267 599.6848 599.5513 599.519 599.4555 599.4335 599.4218 599.3865 599.3328 599.3098 599.351 599.4185
600.1152 600.105 600.116 600.0938 600.1115 600.0613 599.866 599.7302 599.849 599.8968 599.9537 599.8723 599.7085 599.6298 599.6882 599.707 599.7148 599.7112 599.7057 599.7158 599.7137 599.742 599.8143 599.658 599.431 599.4368 599.6045 599.6155 599.518 599.659 599.7885 599.753 599.7708 599.7955 599.8148 599.8285 599.7527 599.6747 599.6768 599.7615 599.7925 599.7965 599.7778 599.6127 599.39 599.391 599.566 599.6407 599.504 599.4567 599.5153 599.6083 599.6138 599.5248 599.4332 599.431 599.5382 599.4184 599.3344 599.3434 599.4097 599.322 599.2155 599.3162
599.8968 599.8862 599.8955 599.8723 599.9172 599.9557 599.7905 599.623 599.6538 599.6647 599.7813 599.8143 599.674 599.6813 599.8175 599.8347 599.835 599.8275 599.8237 599.8282 599.7985 599.8155 599.8262 599.6543 599.429 599.428 599.6115 599.6025 599.4945 599.6255 599.7005 599.584 599.585 599.595 599.6053 599.6332 599.733 599.8075 599.7903 599.69 599.612 599.66 599.7402 599.5908 599.36 599.4133 599.5593 599.5794 599.6188 599.6088 599.538 599.4418 599.437 599.5062 599.559 599.5718 599.608 599.4767 599.3055 599.2735 599.315 599.2515 599.2152 599.3615
599.696 599.736 599.8693 599.906 599.8652 599.772 599.6485 599.6103 599.6412 599.556 599.534 599.6588 599.7105 599.8298 599.8568 599.7767 599.7017 599.7128 599.7505 599.8647 599.8212 599.7488 599.788 599.7413 599.6207 599.607 599.6838 599.593 599.4655 599.6077 599.7145 599.637 599.6332 599.5405 599.449 599.4705 599.618 599.7206 599.8061 599.7684 599.6863 599.7188 599.7552 599.5925 599.3632 599.3855 599.587 599.7785 599.7493 599.6378 599.4468 599.33 599.3342 599.4438 599.5542 599.5408 599.5155 599.5048 599.499 599.4875 599.4708 599.4525 599.474 599.5438
599.8423 599.859 599.9193 599.9232 599.8635 599.7637 599.7065 599.7735 599.7905 599.6138 599.422 599.5417 599.7378 599.9102 599.7717 599.606 599.563 599.6505 599.7007 599.8173 599.7097 599.5533 599.6065 599.66 599.6216 599.5848 599.5397 599.4805 599.4355 599.6058 599.7282 599.6738 599.6843 599.6528 599.63 599.6232 599.5737 599.6945 599.8498 599.839 599.749 599.7748 599.7873 599.6157 599.3975 599.4218 599.6202 599.8187 599.7395 599.5497 599.4645 599.5478 599.574 599.6013 599.6198 599.5892 599.527 599.6128 599.721 599.6953 599.6065 599.5887 599.5988 599.6083
599.9568 599.9363 599.8275 599.752 599.7477 599.8207 599.8205 599.8325 599.7603 599.5787 599.4195 599.5405 599.7188 599.7083 599.6923 599.6603 599.675 599.7678 599.8053 599.8513 599.7025 599.506 599.4637 599.5007 599.4965 599.488 599.479 599.4222 599.4745 599.64 599.6615 599.506 599.5088 599.6415 599.7643 599.77 599.6695 599.7238 599.85 599.774 599.6382 599.6768 599.764 599.6367 599.436 599.4592 599.6368 599.817 599.7543 599.6052 599.6147 599.8535 599.9257 599.9487 599.9603 599.9525 599.787 599.8165 599.8657 599.7265 599.5833 599.569 599.5705 599.5782
599.8736 599.8777 599.878 599.7542 599.6512 599.7003 599.7133 599.6755 599.5997 599.5173 599.5598 599.6572 599.6382 599.736 599.833 599.7885 599.7028 599.6815 599.727 599.8333 599.717 599.4993 599.417 599.531 599.63 599.6357 599.6063 599.5977 599.6585 599.7303 599.6302 599.4268 599.44 599.576 599.691 599.7493 599.8212 599.8165 599.803 599.824 599.7325 599.6287 599.6483 599.6213 599.528 599.5242 599.5895 599.6727 599.6545 599.6287 599.7947 600.0615 600.1578 600.1925 600.285 600.2625 600.1638 600.1473 600.128 599.8513 599.7017 599.6455 599.6745 599.8143
599.8638 599.925 600.0068 599.8632 599.6937 599.7152 599.733 599.6968 599.6725 599.6555 599.7567 599.763 599.6063 599.5825 599.723 599.746 599.7255 599.7202 599.7628 599.8663 599.762 599.5385 599.4908 599.6722 599.7835 599.706 599.6403 599.6332 599.635 599.6453 599.6505 599.6442 599.6815 599.7177 599.7573 599.8272 599.9803 599.936 599.8415 599.952 599.9285 599.784 599.7852 599.8305 599.7965 599.786 599.7945 599.8127 599.8102 599.8547 599.9402 600.0635 600.1693 600.221 600.3265 600.3482 600.3542 600.3435 600.341 600.2042 600.0978 600.0167 599.9645 600.102
599.9767 600.0075 599.994 599.8358 599.7257 599.8245 599.8602 599.8618 599.8752 599.8355 599.8337 599.7783 599.6603 599.5685 599.609 599.6638 599.8038 599.902 599.9462 599.9165 599.7535 599.581 599.5858 599.729 599.7538 599.575 599.4945 599.4903 599.5195 599.5627 599.667 599.7798 599.8428 599.9105 599.9763 600.0045 600.049 599.9935 599.9608 600.0667 600.0425 599.9475 600.0128 600.0575 600.0715 600.097 600.1207 600.098 600.078 600.1165 600.1365 600.1585 600.359 600.7264 600.8336 600.9028 600.8335 600.7365 600.6566 600.5831 600.4841 600.4718 600.4708 600.4695
599.8842 599.892 599.8602 599.793 599.753 599.7842 599.7803 599.864 599.9348 599.804 599.6563 599.7062 599.8118 599.726 599.6823 599.81 599.8375 599.8907 600.0057 599.9025 599.7308 599.7297 599.8367 599.7963 599.662 599.5612 599.542 599.4945 599.5607 599.7017 599.7902 599.738 599.7813 599.972 600.0518 599.9453 599.9065 600.0452 600.1478 600.1307 600.1905 600.2468 600.1492 600.068 600.128 600.2623 600.2965 600.2197 600.1248 600.1675 600.289 601.3916 601.4398 601.5369 601.4869 601.4813 601.3371 601.1495 601.0358 600.9583 600.8594 600.8157 600.8147 600.8134
599.9843 600.0045 600.0002 599.9725 599.947 599.9182 599.8892 599.955 599.965 599.781 599.5997 599.7205 599.9152 599.869 599.821 599.9777 599.896 599.878 600.0545 600.039 599.9375 599.9795 600.065 599.9072 599.7415 599.8035 599.8458 599.7134 599.7005 599.866 599.9562 599.8912 599.9163 600.0803 600.0815 599.9475 599.8945 600.1335 600.3398 600.329 600.431 600.4446 600.4683 600.4673 600.303 600.3045 600.3047 600.298 600.658 601.5698 601.6661 601.7493 601.798 601.8204 601.775 601.6817 601.5883 601.5328 601.4244 601.3334 601.2345 601.1595 601.1586 601.1573
600.18 600.2357 600.2673 600.2537 600.1845 600.0605 600.0082 600.0217 599.9945 599.891 599.817 599.9167 600.0705 599.9667 599.9153 600.0695 599.9692 599.9238 600.0763 600.2048 600.166 600.186 600.1825 600.0245 599.9 600.0515 600.0547 599.9282 599.9115 600.0227 600.099 600.0812 600.1387 600.1937 600.1437 600.1235 600.137 600.3612 600.669 601.0217 601.2563 601.4763 601.549 601.5751 601.618 601.6346 601.6877 601.731 601.8041 601.8802 601.9662 602.048 602.0966 602.1257 602.0828 601.9894 601.8961 601.8246 601.7123 601.6329 601.5362 601.5035 601.5024 601.5014
600.1713 600.3245 600.3362 600.2883 600.2065 600.0445 599.9688 599.9117 599.9415 600.0472 600.1577 600.1465 600.1788 600.0255 600.0348 600.1867 600.1505 600.0217 600.094 600.2723 600.2455 600.163 600.236 600.1487 600.054 600.1867 600.0804 599.992 600.0868 600.1312 600.048 600.0408 600.1953 600.1887 600.1747 600.3805 600.5612 601.0539 601.4553 601.5842 601.6878 601.7693 601.8509 601.9019 601.9493 601.9599 602.0129 602.0486 602.1216 602.1918 602.2754 602.3466 602.3953 602.4309 602.3904 602.2971 602.2199 602.1658 602.0791 602.0165 601.9197 601.9127 601.9116 601.9106
600.2005 600.3465 600.2815 600.1672 600.1713 600.1924 600.1663 600.0533 600.0265 600.1695 600.2692 600.1588 600.1425 600.08 600.1512 600.3195 600.4042 600.3143 600.345 600.471 600.3485 600.2575 600.379 600.3198 600.2397 600.3173 600.1732 600.043 600.0785 600.1093 600.0208 600.0817 600.2573 600.2632 600.4282 601.0657 601.4579 601.6402 601.8024 601.9124 602.0206 602.1008 602.1823 602.2286 602.2806 602.2852 602.3381 602.372 602.4403 602.5033 602.5778 602.6395 602.6939 602.7362 602.6981 602.6047 602.5609 602.507 602.4473 602.4 602.3032 602.3271 602.3259 602.3249
600.2242 600.3322 600.337 600.265 600.317 600.4692 600.4709 600.2975 600.125 600.1867 600.3182 600.2265 600.2322 600.6967 600.5486 600.5475 600.8906 600.7665 600.7654 600.9263 600.9255 600.9246 600.9236 601.0549 600.9433 600.8802 600.6827 600.387 600.2877 600.267 600.2527 600.3557 600.676 601.5593 601.5876 601.7338 601.8209 601.9942 602.1336 602.2406 602.3488 602.4322 602.5137 602.5554 602.6086 602.6109 602.6634 602.7036 602.7624 602.8148 602.8802 602.9319 602.9926 603.0412 603.0058 602.9125 602.9021 602.8481 602.8156 602.7835 602.7007 602.7414 602.7402 602.7392
600.8297 600.8287 600.7589 600.7576 600.5891 600.5585 600.4435 600.4022 600.8501 601.2913 601.6749 601.7338 601.764 601.7628 601.7679 601.7295 601.6646 601.6599 601.6616 601.6607 601.6597 601.6587 601.6607 601.6848 601.7634 601.7751 601.6051 601.1914 600.7776 600.6761 600.6752 600.8848 601.7813 601.9379 602.0018 602.1303 602.2129 602.3456 602.4888 602.5811 602.677 602.7635 602.8451 602.8821 602.9354 602.9422 602.9886 603.0349 603.0804 603.1267 603.1826 603.2242 603.2912 603.3398 603.3135 603.2202 603.2432 603.1893 603.1839 603.167 603.1008 603.1508 603.1544 603.1534
601.596 601.5213 601.4466 601.4454 601.4144 601.3845 601.5892 601.6987 601.8187 601.9311 602.0322 602.0945 602.1265 602.1253 602.1373 602.1119 602.0476 602.0465 602.0613 602.0605 602.0596 602.0585 602.0747 602.0847 602.1633 602.1896 602.093 601.6793 601.2656 601.2585 601.2576 601.2845 602.1445 602.3521 602.4161 602.5211 602.613 602.6971 602.8328 602.9307 603.0052 603.095 603.1765 603.2088 603.2621 603.2738 603.3139 603.3661 603.3982 603.4445 603.4964 603.5327 603.5899 603.6385 603.6212 603.5469 603.5844 603.5304 603.5522 603.5505 603.5009 603.5508 603.5687 603.5677
601.9717 601.9091 601.9081 601.9183 601.9166 601.9161 601.9576 602.0853 602.1929 602.2936 602.3802 602.4551 602.4889 602.4877 602.4997 602.4943 602.4341 602.4331 602.4484 602.4604 602.4596 602.4584 602.4887 602.4877 602.5633 602.5969 602.5808 602.1671 601.7903 601.8408 601.84 601.8583 602.5077 602.7664 602.8303 602.9016 603.0131 603.0571 603.1831 603.2875 603.3375 603.4332 603.5079 603.5355 603.5888 603.6054 603.6391 603.6921 603.7159 603.7623 603.8187 603.846 603.8885 603.9371 603.9289 603.8784 603.9255 603.8885 603.9205 603.9341 603.9008 603.9507 603.9829 603.9819
602.3583 602.309 602.308 602.3325 602.3307 602.3303 602.3489 602.472 602.567 602.6561 602.7282 602.8157 602.8513 602.8502 602.8621 602.8768 602.8207 602.8198 602.835 602.8602 602.8594 602.8582 602.8969 602.902 602.9633 602.9968 603.017 602.655 602.3517 602.423 602.4225 602.4322 602.8708 603.1855 603.2446 603.2957 603.413 603.4438 603.5698 603.624 603.6871 603.7699 603.8393 603.8622 603.9155 603.9368 603.9644 604.0174 604.0336 604.0801 604.137 604.1593 604.1872 604.2358 604.2366 604.2109 604.2667 604.2512 604.2888 604.3176 604.3006 604.3507 604.3972 604.3962
602.7448 602.7089 602.7078 602.7466 602.745 602.7444 602.7515 602.8586 602.9412 603.0185 603.0893 603.1763 603.2136 603.2127 603.2244 603.2592 603.2074 603.2064 603.2217 603.2601 603.2593 603.2581 603.2969 603.3162 603.3632 603.3966 603.4315 603.1429 602.9133 602.9845 603.0049 603.006 603.2341 603.6153 603.6588 603.704 603.8129 603.8306 603.9262 603.9846 604.0367 604.0981 604.1707 604.189 604.2423 604.2682 604.2896 604.3427 604.3592 604.3978 604.4496 604.4726 604.4858 604.5345 604.5443 604.5521 604.6078 604.6138 604.657 604.702 604.7004 604.7507 604.8114 604.8104
603.1313 603.1089 603.1077 603.1608 603.1592 603.1585 603.1573 603.2452 603.3297 603.381 603.4556 603.537 603.576 603.5751 603.5868 603.6375 603.5941 603.593 603.6083 603.6599 603.6592 603.6579 603.6968 603.7303 603.7632 603.7964 603.8456 603.6307 603.475 603.546 603.5873 603.5858 603.694 604.0447 604.0731 604.1124 604.2115 604.2173 604.2933 604.3585 604.3864 604.4435 604.5021 604.5157 604.569 604.5996 604.6148 604.6678 604.6904 604.7156 604.7674 604.7859 604.785 604.8331 604.8502 604.8488 604.8515 604.8558 604.8604 604.8633 604.8674 604.8715 604.8739 604.8779
603.5178 603.5089 603.5075 603.575 603.5735 603.5726 603.5714 603.6365 603.7299 603.7675 603.8219 603.887 603.9384 603.9374 603.9492 604.009 603.9807 603.9797 603.9949 604.06 604.059 604.0577 604.0968 604.1445 604.1631 604.1963 604.2598 604.1187 604.0366 604.1075 604.1698 604.1683 604.2678 604.4742 604.4874 604.5208 604.608 604.612 604.6801 604.7285 604.736 604.7932 604.8379 604.8425 604.8608 604.8606 604.8656 604.8686 604.8719 604.8773 604.879 604.8835 604.8887 604.8896 604.8915 604.8962 604.9 604.9036 604.9083 604.9105 604.9146 604.9186 604.9205 604.9245
