samples/sfe_24/sfe_24_vv0_095/sfe_24_vv0/sfe_24_vv0.asc
ncols         275
nrows         75
xllcorner     98.60000000149
yllcorner     70.60000000149
cellsize      0.7
NODATA_value  -9999
[rows 0 to 27 of 75, columns 128 to 191 of 275]
605.9648 605.9637 605.9628 605.9615 605.96 605.9587 605.958 605.9567 605.9557 605.9547 605.9537 605.9525 605.951 605.9505 605.949 605.9478 605.9467 605.9457 605.9448 605.9435 605.9427 605.9415 605.94 605.9387 605.9377 605.9368 605.9357 605.9348 605.9335 605.9324 605.9308 605.9296 605.9285 605.9276 605.9266 605.9255 605.9246 605.9232 605.9217 605.9203 605.9194 605.9184 605.9174 605.9164 605.9152 605.9139 605.9124 605.9112 605.9102 605.9092 605.908 605.9069 605.9059 605.9047 605.9032 605.9017 605.9011 605.8998 605.8987 605.8977 605.8965 605.8953 605.8938 605.8932
605.9221 605.9211 605.9201 605.9188 605.9173 605.9161 605.9153 605.9141 605.9131 605.912 605.9111 605.9099 605.9083 605.9078 605.9063 605.9051 605.9041 605.903 605.9021 605.9008 605.9 605.8987 605.8973 605.8961 605.8951 605.8941 605.8931 605.8921 605.8901 605.8892 605.8876 605.8864 605.8853 605.8843 605.8834 605.8823 605.8813 605.8799 605.8781 605.8765 605.8755 605.8746 605.8735 605.8726 605.8707 605.8697 605.868 605.8668 605.8659 605.8648 605.8629 605.8619 605.861 605.8598 605.8582 605.8563 605.8557 605.8542 605.8532 605.8522 605.8503 605.8493 605.8477 605.8471
605.8795 605.8784 605.8774 605.8762 605.8746 605.8734 605.8727 605.8714 605.8704 605.8694 605.8684 605.8671 605.8657 605.8652 605.8636 605.8624 605.8614 605.8603 605.8594 605.858 605.8573 605.856 605.8546 605.8534 605.8524 605.8514 605.8504 605.8494 605.8468 605.8459 605.8444 605.8431 605.8421 605.8411 605.8401 605.8391 605.8381 605.8367 605.8344 605.8328 605.8318 605.8308 605.8298 605.8288 605.8262 605.8253 605.8237 605.8224 605.8216 605.8204 605.818 605.817 605.8161 605.8149 605.8133 605.811 605.8102 605.8088 605.8077 605.8066 605.804 605.8031 605.8016 605.801
605.8369 605.8357 605.8347 605.8334 605.832 605.8307 605.83 605.8287 605.8277 605.8267 605.8257 605.8245 605.8229 605.8224 605.821 605.8197 605.8187 605.8176 605.8167 605.8153 605.8146 605.8133 605.8118 605.8107 605.8097 605.8087 605.8077 605.8067 605.8035 605.8027 605.8012 605.7999 605.7989 605.7978 605.7969 605.7958 605.7948 605.7934 605.7906 605.789 605.788 605.787 605.7859 605.785 605.7817 605.7808 605.7794 605.7781 605.7773 605.7761 605.7734 605.772 605.7712 605.77 605.7683 605.7657 605.7648 605.7632 605.7622 605.7611 605.7578 605.7569 605.7555 605.7548
605.7942 605.793 605.7921 605.7908 605.7892 605.788 605.7873 605.786 605.785 605.784 605.783 605.7818 605.7803 605.7798 605.7783 605.777 605.776 605.7748 605.774 605.7726 605.7719 605.7706 605.7691 605.768 605.767 605.7661 605.765 605.764 605.7601 605.7593 605.758 605.7567 605.7557 605.7545 605.7537 605.7525 605.7515 605.7501 605.7468 605.7453 605.7442 605.7432 605.7422 605.7412 605.7372 605.7364 605.735 605.7338 605.733 605.7318 605.7287 605.7271 605.7263 605.725 605.7233 605.7202 605.7194 605.7178 605.7167 605.7156 605.7117 605.7108 605.7094 605.7087
605.7516 605.7504 605.7494 605.7481 605.7466 605.7454 605.7446 605.7433 605.7424 605.7413 605.7404 605.7391 605.7376 605.7371 605.7356 605.7344 605.7333 605.7321 605.7314 605.7299 605.7291 605.7278 605.7264 605.7253 605.7244 605.7234 605.7224 605.7214 605.7173 605.7161 605.7148 605.7135 605.7125 605.7113 605.7105 605.7093 605.7083 605.7068 605.7029 605.7016 605.7004 605.6994 605.6984 605.6974 605.6934 605.692 605.6907 605.6895 605.6887 605.6874 605.6844 605.6821 605.6814 605.6801 605.6784 605.6745 605.6738 605.6722 605.6712 605.67 605.6661 605.6646 605.6633 605.6625
605.7089 605.7076 605.7067 605.7054 605.7039 605.7026 605.7019 605.7006 605.6996 605.6986 605.6976 605.6964 605.6949 605.6944 605.6929 605.6917 605.6906 605.6894 605.6887 605.6871 605.6864 605.6851 605.6837 605.6826 605.6816 605.6807 605.6796 605.6786 605.6747 605.6727 605.6716 605.6703 605.6693 605.668 605.6673 605.666 605.665 605.6636 605.6591 605.6579 605.6566 605.6556 605.6546 605.6536 605.6496 605.6475 605.6463 605.6451 605.6443 605.6431 605.64 605.6373 605.6365 605.6352 605.6335 605.6295 605.6282 605.6268 605.6257 605.6245 605.6207 605.6183 605.6172 605.6164
605.6662 605.665 605.664 605.6627 605.6612 605.66 605.6592 605.658 605.657 605.6559 605.655 605.6537 605.6522 605.6517 605.6502 605.649 605.6479 605.6467 605.6459 605.6444 605.6437 605.6424 605.641 605.64 605.639 605.638 605.6369 605.636 605.632 605.6295 605.6284 605.6271 605.626 605.6248 605.624 605.6227 605.6218 605.6204 605.6152 605.6142 605.6128 605.6118 605.6108 605.6098 605.6058 605.6031 605.602 605.6007 605.6 605.5987 605.5957 605.5926 605.5916 605.5903 605.5886 605.5846 605.5826 605.5812 605.5803 605.579 605.5751 605.5721 605.5711 605.5703
605.6235 605.6223 605.6213 605.6201 605.6185 605.6173 605.6166 605.6153 605.6143 605.6133 605.6123 605.611 605.6096 605.6091 605.6075 605.6063 605.6053 605.6041 605.6032 605.6017 605.601 605.5997 605.5983 605.5973 605.5963 605.5953 605.5942 605.5933 605.5893 605.5862 605.5851 605.5839 605.5828 605.5815 605.5808 605.5795 605.5786 605.5771 605.5715 605.5705 605.569 605.568 605.567 605.566 605.562 605.5587 605.5576 605.5564 605.5557 605.5544 605.5513 605.5479 605.5466 605.5453 605.5436 605.5397 605.537 605.5358 605.5347 605.5335 605.5297 605.526 605.525 605.5241
605.5809 605.5796 605.5786 605.5773 605.5759 605.5746 605.5739 605.5726 605.5716 605.5706 605.5696 605.5684 605.5668 605.5663 605.5649 605.5636 605.5626 605.5613 605.5605 605.559 605.5582 605.5569 605.5556 605.5546 605.5536 605.5526 605.5515 605.5506 605.5466 605.543 605.5419 605.5407 605.5395 605.5383 605.5375 605.5363 605.5353 605.5339 605.528 605.5268 605.5252 605.5242 605.5232 605.5222 605.5182 605.5145 605.5133 605.512 605.5113 605.51 605.507 605.5029 605.5017 605.5004 605.4987 605.4948 605.4914 605.4902 605.4893 605.488 605.4841 605.4801 605.4789 605.478
605.5381 605.5369 605.5359 605.5347 605.5331 605.5319 605.5312 605.5299 605.5289 605.5279 605.5269 605.5257 605.5242 605.5237 605.5222 605.5209 605.5199 605.5187 605.5178 605.5162 605.5155 605.5142 605.5129 605.5119 605.5109 605.5099 605.5087 605.5079 605.504 605.5 605.4987 605.4975 605.4962 605.495 605.4943 605.493 605.492 605.4906 605.4846 605.483 605.4814 605.4804 605.4794 605.4785 605.4744 605.4703 605.4689 605.4677 605.4669 605.4657 605.4626 605.4579 605.4568 605.4555 605.4538 605.4498 605.4458 605.4448 605.4437 605.4425 605.4387 605.4341 605.4328 605.4318
605.4955 605.4943 605.4933 605.492 605.4905 605.4893 605.4885 605.4872 605.4863 605.4852 605.4843 605.483 605.4815 605.481 605.4795 605.4783 605.4772 605.476 605.475 605.4735 605.4728 605.4715 605.4703 605.4692 605.4683 605.4673 605.466 605.4653 605.4612 605.4568 605.4555 605.4543 605.453 605.4518 605.451 605.4498 605.4488 605.4473 605.4414 605.4391 605.4376 605.4366 605.4356 605.4346 605.4306 605.4258 605.4246 605.4233 605.4226 605.4213 605.4183 605.4128 605.4119 605.4106 605.4089 605.4049 605.4002 605.3992 605.3983 605.397 605.3931 605.3879 605.3867 605.3857
605.4528 605.4515 605.4506 605.4493 605.4478 605.4465 605.4458 605.4445 605.4435 605.4425 605.4415 605.4403 605.4388 605.4383 605.4368 605.4355 605.4345 605.4333 605.4323 605.4308 605.43 605.4288 605.4276 605.4265 605.4255 605.4246 605.4233 605.4225 605.4186 605.4135 605.4123 605.4111 605.4097 605.4085 605.4078 605.4065 605.4055 605.4041 605.3981 605.3953 605.3939 605.3928 605.3918 605.3909 605.3868 605.3813 605.3802 605.379 605.3782 605.377 605.374 605.368 605.3669 605.3657 605.364 605.36 605.3548 605.3538 605.3527 605.3515 605.3477 605.3417 605.3406 605.3395
605.4101 605.4089 605.4079 605.4066 605.4051 605.4039 605.4031 605.4019 605.4009 605.3998 605.3989 605.3976 605.3961 605.3956 605.3941 605.3929 605.3918 605.3906 605.3896 605.3881 605.3873 605.386 605.3849 605.3839 605.3829 605.3819 605.3806 605.3799 605.3759 605.3701 605.3691 605.3679 605.3665 605.3653 605.3645 605.3633 605.3623 605.3608 605.3549 605.3514 605.35 605.3491 605.348 605.347 605.343 605.337 605.3359 605.3347 605.3339 605.3326 605.3296 605.3235 605.3221 605.3208 605.3191 605.3151 605.3094 605.3082 605.3073 605.306 605.3021 605.2959 605.2945 605.2934
605.3674 605.3662 605.3652 605.364 605.3624 605.3612 605.3605 605.3592 605.3582 605.3572 605.3562 605.355 605.3535 605.353 605.3514 605.3502 605.3492 605.348 605.3469 605.3453 605.3445 605.3433 605.3422 605.3412 605.3402 605.3392 605.3378 605.3372 605.3332 605.3273 605.3259 605.3246 605.3232 605.322 605.3213 605.32 605.319 605.3176 605.3116 605.3076 605.3063 605.3052 605.3043 605.3033 605.2993 605.2932 605.2916 605.2903 605.2896 605.2883 605.2852 605.2792 605.2772 605.2759 605.2742 605.2702 605.264 605.2628 605.2617 605.2605 605.2567 605.2504 605.2484 605.2473
605.3248 605.3235 605.3225 605.3212 605.3198 605.3185 605.3177 605.3165 605.3155 605.3145 605.3135 605.3123 605.3107 605.3102 605.3088 605.3075 605.3065 605.3052 605.3041 605.3026 605.3018 605.3006 605.2995 605.2985 605.2975 605.2965 605.2951 605.2945 605.2905 605.2846 605.2827 605.2814 605.28 605.2787 605.278 605.2767 605.2758 605.2744 605.2684 605.2639 605.2625 605.2615 605.2604 605.2595 605.2554 605.2494 605.2472 605.246 605.2452 605.244 605.2409 605.2348 605.2322 605.231 605.2292 605.2253 605.2191 605.2172 605.2162 605.215 605.2111 605.2049 605.2023 605.2011
605.282 605.2808 605.2798 605.2786 605.277 605.2758 605.2751 605.2738 605.2728 605.2718 605.2708 605.2696 605.2681 605.2676 605.2661 605.2648 605.2638 605.2626 605.2614 605.2599 605.2591 605.2579 605.2568 605.2558 605.2548 605.2538 605.2524 605.2518 605.2479 605.2419 605.2394 605.2382 605.2368 605.2355 605.2347 605.2335 605.2325 605.2311 605.2251 605.2202 605.2187 605.2177 605.2167 605.2157 605.2117 605.2056 605.2028 605.2016 605.2009 605.1996 605.1965 605.1905 605.1873 605.186 605.1843 605.1804 605.1742 605.1718 605.1707 605.1695 605.1656 605.1594 605.1562 605.155
605.2394 605.2382 605.2372 605.2359 605.2344 605.2332 605.2324 605.2311 605.2302 605.2291 605.2281 605.2269 605.2254 605.2249 605.2234 605.2222 605.2211 605.2199 605.2187 605.2172 605.2164 605.2151 605.2142 605.2131 605.2122 605.2112 605.2097 605.2092 605.2051 605.1993 605.1962 605.195 605.1935 605.1923 605.1915 605.1902 605.1893 605.1878 605.1818 605.1763 605.1749 605.1738 605.1729 605.1719 605.1678 605.1618 605.1585 605.1573 605.1565 605.1553 605.1522 605.1461 605.1424 605.1411 605.1394 605.1354 605.1293 605.1262 605.1252 605.124 605.1201 605.1139 605.11 605.1089
605.1967 605.1955 605.1945 605.1932 605.1917 605.1905 605.1898 605.1885 605.1875 605.1865 605.1855 605.1842 605.1827 605.1823 605.1807 605.1795 605.1785 605.1772 605.1759 605.1745 605.1737 605.1725 605.1715 605.1705 605.1695 605.1685 605.1669 605.1664 605.1625 605.1566 605.153 605.1517 605.1502 605.149 605.1483 605.147 605.146 605.1446 605.1386 605.1326 605.1311 605.1301 605.1291 605.1281 605.1241 605.118 605.1141 605.1129 605.1121 605.1109 605.1078 605.1017 605.0975 605.0962 605.0945 605.0905 605.0844 605.0807 605.0798 605.0785 605.0746 605.0684 605.0639 605.0628
605.154 605.1528 605.1518 605.1505 605.149 605.1478 605.147 605.1458 605.1448 605.1437 605.1428 605.1415 605.14 605.1395 605.138 605.1368 605.1357 605.1345 605.1332 605.1318 605.131 605.1298 605.1288 605.1277 605.1268 605.1257 605.1242 605.1237 605.1198 605.1139 605.1097 605.1085 605.107 605.1058 605.105 605.1038 605.1028 605.1013 605.0953 605.0894 605.0873 605.0862 605.0853 605.0843 605.0803 605.0742 605.0697 605.0685 605.0678 605.0665 605.0635 605.0574 605.0526 605.0513 605.0496 605.0456 605.0394 605.0352 605.0342 605.033 605.0291 605.0229 605.0178 605.0167
605.1113 605.1101 605.1091 605.1078 605.1063 605.1051 605.1044 605.1031 605.1021 605.1011 605.1001 605.0989 605.0974 605.0969 605.0953 605.0941 605.0931 605.0919 605.0905 605.0891 605.0883 605.0871 605.0861 605.0851 605.0841 605.083 605.0815 605.081 605.0771 605.0712 605.0665 605.0652 605.0637 605.0625 605.0617 605.0605 605.0595 605.058 605.0521 605.0461 605.0435 605.0425 605.0415 605.0405 605.0364 605.0305 605.0253 605.0242 605.0234 605.0222 605.0192 605.0131 605.0077 605.0063 605.0046 605.0007 604.9945 604.9897 604.9888 604.9875 604.9836 604.9774 604.9717 604.9706
605.0687 605.0674 605.0665 605.0652 605.0637 605.0624 605.0617 605.0604 605.0594 605.0584 605.0574 605.0562 605.0547 605.0542 605.0527 605.0515 605.0504 605.0492 605.0477 605.0464 605.0457 605.0444 605.0435 605.0424 605.0414 605.0403 605.0388 605.0383 605.0344 605.0285 605.0233 605.022 605.0204 605.0192 605.0185 605.0172 605.0162 605.0148 605.0089 605.0029 604.9997 604.9987 604.9977 604.9967 604.9927 604.9866 604.981 604.9799 604.9791 604.9778 604.9748 604.9688 604.9628 604.9614 604.9597 604.9557 604.9496 604.9442 604.9432 604.942 604.9381 604.9319 604.9257 604.9245
605.026 605.0247 605.0237 605.0225 605.021 605.0197 605.019 605.0177 605.0167 605.0157 605.0147 605.0135 605.012 605.0115 605.01 605.0087 605.0077 605.0065 605.005 605.0037 605.003 605.0017 605.0007 604.9997 604.9987 604.9976 604.996 604.9955 604.9918 604.9858 604.98 604.9788 604.9772 604.976 604.9752 604.974 604.973 604.9716 604.9656 604.9596 604.9559 604.9549 604.9539 604.9529 604.9489 604.9429 604.9368 604.9355 604.9348 604.9335 604.9305 604.9244 604.921 604.9061 604.8849 604.8839 604.8829 604.8539 604.7679 604.7699 604.7732 604.772 604.752 604.6718
604.9833 604.9821 604.9811 604.9798 604.9783 604.9771 604.9763 604.975 604.9741 604.973 604.972 604.9708 604.9693 604.9688 604.9673 604.9661 604.965 604.9638 604.9623 604.9611 604.9603 604.959 604.9581 604.957 604.9561 604.9548 604.9533 604.9528 604.9491 604.9468 604.9457 604.8789 604.8604 604.8563 604.8556 604.8544 604.8534 604.8524 604.8542 604.8556 604.8128 604.7573 604.7563 604.744 604.7367 604.7218 604.6929 604.605 604.575 604.5596 604.5433 604.5424 604.5365 604.4424 604.4212 604.4202 604.4194 604.4277 604.3519 604.3698 604.3867 604.3856 604.3599 604.2774
604.5315 604.5305 604.5473 604.5458 604.5611 604.5753 604.5886 604.6007 604.5997 604.5988 604.5976 604.5965 604.595 604.5945 604.593 604.5784 604.5775 604.5764 604.5747 604.5736 604.5801 604.5847 604.5839 604.5951 604.5941 604.6044 604.6029 604.6133 604.6006 604.5952 604.5754 604.4976 604.4739 604.4567 604.4559 604.4547 604.4537 604.4526 604.4678 604.4815 604.4615 604.4061 604.4051 604.3698 604.35 604.3074 604.2834 604.1724 604.1291 604.096 604.0602 604.0593 604.058 603.9787 603.9575 603.9565 603.9757 604.0016 603.944 603.9701 604.0002 603.9992 603.9672 603.8831
604.0482 604.0475 604.0835 604.082 604.1166 604.146 604.1746 604.2009 604.1999 604.1991 604.1976 604.1967 604.1951 604.1946 604.1931 604.1646 604.1633 604.1624 604.1606 604.1596 604.1802 604.1849 604.1841 604.2086 604.2074 604.2304 604.2291 604.2509 604.2265 604.2211 604.1983 604.1162 604.0874 604.0572 604.0562 604.0549 604.0539 604.0526 604.0811 604.1075 604.1102 604.0548 604.0538 603.996 603.9634 603.9061 603.8537 603.7397 603.6833 603.6324 603.5776 603.5761 603.5751 603.515 603.4938 603.4928 603.5463 603.5754 603.5476 603.5765 603.6138 603.6128 603.5673 603.4888
603.5651 603.5645 603.6197 603.6185 603.6871 603.7167 603.7606 603.801 603.8 603.7991 603.7977 603.7968 603.7953 603.7948 603.7933 603.7505 603.7492 603.7482 603.7466 603.7456 603.7804 603.785 603.7844 603.822 603.8207 603.8563 603.8552 603.8885 603.8528 603.847 603.8137 603.7349 603.701 603.6574 603.6564 603.6552 603.6541 603.6567 603.6945 603.7335 603.759 603.7036 603.7026 603.6221 603.6012 603.5394 603.4473 603.3122 603.2371 603.1686 603.0947 603.093 603.0919 603.0513 603.0302 603.0292 603.1003 603.1493 603.1512 603.1901 603.2274 603.2264 603.1673 603.0945
603.0819 603.084 603.1558 603.1772 603.2576 603.2874 603.3466 603.4012 603.4002 603.3991 603.3978 603.397 603.3954 603.395 603.3934 603.3409 603.3351 603.3341 603.3326 603.3316 603.3806 603.3852 603.3845 603.4355 603.4344 603.4823 603.4883 603.5262 603.4786 603.473 603.4272 603.3536 603.3146 603.264 603.2567 603.2554 603.2542 603.2703 603.3081 603.3594 603.4074 603.3522 603.3513 603.2685 603.2389 603.1654 603.064 602.919 602.791 602.7078 602.6356 602.6098 602.6088 602.5876 602.5665 602.5652 602.6664 602.7231 602.7549 602.8037 602.841 602.84 602.7782 602.7024
