samples/sfe_24/sfe_24_vv0_095/sfe_24_vv0/sfe_24_vv0.asc
ncols         275
nrows         75
xllcorner     98.60000000149
yllcorner     70.60000000149
cellsize      0.7
NODATA_value  -9999
[rows 0 to 27 of 75, columns 192 to 255 of 275]
605.8917 605.8903 605.8893 605.8884 605.887 605.8859 605.8851 605.8839 605.8822 605.8809 605.8798 605.8788 605.8776 605.8766 605.8756 605.8744 605.8727 605.8713 605.8704 605.8691 605.8681 605.8671 605.8661 605.8646 605.8631 605.8619 605.8606 605.8596 605.8586 605.8572 605.8563 605.855 605.8534 605.852 605.851 605.8497 605.8487 605.8477 605.8464 605.8452 605.8437 605.8421 605.8414 605.8401 605.8387 605.8378 605.8368 605.8353 605.8337 605.833 605.8314 605.8301 605.8287 605.8278 605.8268 605.8253 605.8243 605.8231 605.8214 605.82 605.819 605.8176 605.8166 605.8152
605.8452 605.8435 605.8426 605.8416 605.8395 605.8386 605.8376 605.8364 605.8344 605.8328 605.8318 605.8308 605.8288 605.8278 605.8269 605.8257 605.8235 605.822 605.821 605.8195 605.8179 605.817 605.816 605.8139 605.8123 605.811 605.809 605.808 605.807 605.8048 605.8039 605.8027 605.8005 605.7988 605.7979 605.7959 605.7947 605.7938 605.7915 605.7905 605.7889 605.7866 605.7859 605.7844 605.7821 605.7811 605.7802 605.7778 605.7763 605.7753 605.7732 605.7717 605.7692 605.7682 605.7673 605.7646 605.7638 605.7626 605.7601 605.7584 605.7575 605.7549 605.7539 605.7523
605.7986 605.7969 605.7959 605.7949 605.7925 605.7912 605.7903 605.7891 605.7864 605.7849 605.7838 605.7828 605.78 605.7791 605.7782 605.777 605.7743 605.7726 605.7717 605.7702 605.7678 605.7669 605.7659 605.7629 605.7616 605.7602 605.7573 605.7564 605.7554 605.7524 605.7515 605.7504 605.7479 605.7458 605.7448 605.7422 605.7407 605.7398 605.7372 605.7357 605.7342 605.7312 605.7303 605.7288 605.7256 605.7245 605.7236 605.7202 605.7189 605.7178 605.7149 605.7133 605.7104 605.7087 605.7079 605.704 605.7032 605.7021 605.6985 605.697 605.696 605.6921 605.6912 605.6896
605.7517 605.7504 605.7492 605.7482 605.7458 605.7438 605.7429 605.7416 605.7383 605.7369 605.7357 605.7347 605.7311 605.7303 605.7295 605.7283 605.7249 605.7233 605.7224 605.7208 605.7177 605.7168 605.7158 605.712 605.7108 605.7094 605.706 605.7048 605.7039 605.6999 605.6991 605.6981 605.6956 605.6929 605.6916 605.6888 605.6866 605.6859 605.6833 605.6808 605.6794 605.6757 605.6747 605.6731 605.6693 605.6679 605.6671 605.6626 605.6614 605.6602 605.6564 605.6548 605.652 605.6492 605.6485 605.6443 605.6426 605.6415 605.6368 605.6356 605.6345 605.6294 605.6285 605.627
605.705 605.7039 605.7025 605.7015 605.6991 605.6963 605.6955 605.6943 605.6903 605.689 605.6877 605.6866 605.6827 605.6815 605.6808 605.6796 605.6754 605.674 605.673 605.6715 605.6675 605.6667 605.6657 605.6611 605.66 605.6586 605.6547 605.6533 605.6523 605.6478 605.6467 605.6457 605.6432 605.6399 605.6385 605.6356 605.6329 605.6319 605.6293 605.626 605.6247 605.6199 605.6192 605.6174 605.6133 605.6113 605.6105 605.605 605.604 605.6027 605.5978 605.5963 605.5936 605.5898 605.5891 605.5848 605.582 605.581 605.5761 605.5742 605.5729 605.567 605.5659 605.5644
605.6589 605.6573 605.6558 605.6548 605.6524 605.6489 605.6481 605.6469 605.6429 605.6411 605.6396 605.6386 605.6346 605.6328 605.6321 605.6308 605.6259 605.6247 605.6237 605.6221 605.6173 605.6166 605.6156 605.6102 605.6093 605.6077 605.6031 605.6017 605.6007 605.5958 605.5943 605.5933 605.5909 605.5868 605.5853 605.5825 605.5791 605.5779 605.5754 605.5712 605.57 605.5645 605.5635 605.5618 605.5576 605.5546 605.554 605.5474 605.5466 605.5451 605.5392 605.538 605.5351 605.5306 605.5296 605.5255 605.5214 605.5205 605.5156 605.5128 605.5114 605.5048 605.5032 605.5018
605.6128 605.6105 605.6091 605.608 605.6057 605.6014 605.6007 605.5995 605.5955 605.593 605.5916 605.5906 605.5867 605.584 605.5834 605.5821 605.5764 605.5754 605.5742 605.5728 605.5673 605.5665 605.5655 605.5593 605.5585 605.5569 605.5515 605.5501 605.5491 605.5442 605.5419 605.541 605.5386 605.5335 605.5322 605.5294 605.5253 605.524 605.5214 605.5163 605.5153 605.5096 605.5078 605.5061 605.502 605.4982 605.4974 605.4901 605.4891 605.4876 605.4807 605.4796 605.4767 605.4714 605.4702 605.466 605.4608 605.46 605.4551 605.4511 605.4499 605.4432 605.4405 605.4391
605.5667 605.5637 605.5623 605.5613 605.559 605.5542 605.5533 605.5521 605.5482 605.5449 605.5435 605.5425 605.5387 605.5353 605.5347 605.5334 605.5272 605.5261 605.5248 605.5234 605.5175 605.5164 605.5154 605.5087 605.5077 605.506 605.5004 605.4985 605.4976 605.4926 605.4895 605.4886 605.4862 605.4803 605.4791 605.4762 605.4713 605.47 605.4675 605.4616 605.4605 605.4549 605.452 605.4504 605.4463 605.4418 605.4409 605.433 605.4316 605.4301 605.4224 605.4211 605.4182 605.4118 605.4107 605.4066 605.4003 605.3994 605.3947 605.3895 605.3884 605.3816 605.3778 605.3765
605.5206 605.5168 605.5156 605.5146 605.5123 605.5071 605.5059 605.5047 605.5007 605.4967 605.4955 605.4945 605.4907 605.4867 605.486 605.4847 605.4785 605.4768 605.4755 605.4741 605.4675 605.4663 605.4653 605.4583 605.4568 605.4553 605.4495 605.447 605.446 605.441 605.4371 605.4363 605.4338 605.4271 605.4259 605.4231 605.4172 605.4161 605.4135 605.4071 605.4058 605.4001 605.3963 605.3948 605.3906 605.3853 605.3843 605.3765 605.374 605.3725 605.3644 605.3628 605.3597 605.3522 605.3513 605.3471 605.34 605.3389 605.3342 605.3278 605.3268 605.32 605.3151 605.3139
605.4745 605.47 605.4689 605.4679 605.4655 605.4597 605.4586 605.4573 605.4534 605.4485 605.4474 605.4465 605.4427 605.4382 605.4373 605.436 605.4299 605.4274 605.4261 605.4247 605.4173 605.4162 605.4152 605.4081 605.4059 605.4044 605.3987 605.3956 605.3944 605.3895 605.3849 605.384 605.3815 605.374 605.3728 605.3699 605.3632 605.3621 605.3596 605.3522 605.351 605.3453 605.3406 605.3391 605.335 605.3287 605.3277 605.3199 605.3165 605.3149 605.3069 605.3044 605.3013 605.2932 605.2918 605.2877 605.2795 605.2784 605.2737 605.2664 605.2653 605.2584 605.2524 605.2513
605.4284 605.4234 605.4222 605.4212 605.4188 605.4125 605.4111 605.4099 605.4059 605.4007 605.3994 605.3984 605.3947 605.3895 605.3885 605.3873 605.3812 605.3779 605.3766 605.3754 605.3679 605.3661 605.3651 605.3581 605.3551 605.3536 605.3479 605.3442 605.3428 605.3379 605.3328 605.3316 605.3292 605.3213 605.3196 605.3168 605.3092 605.3082 605.3056 605.298 605.2963 605.2905 605.2849 605.2834 605.2793 605.272 605.2711 605.2634 605.2589 605.2574 605.2493 605.246 605.2429 605.2347 605.2324 605.2282 605.2195 605.2178 605.2133 605.2048 605.2037 605.1968 605.1899 605.1887
605.3823 605.3769 605.3755 605.3745 605.3721 605.3658 605.3638 605.3625 605.3586 605.3528 605.3514 605.3504 605.3467 605.3407 605.3398 605.3386 605.3326 605.3285 605.3273 605.326 605.3186 605.316 605.315 605.308 605.3042 605.3027 605.2971 605.2927 605.2913 605.2863 605.2803 605.2793 605.2768 605.269 605.2665 605.2637 605.2557 605.2542 605.2516 605.244 605.2415 605.2357 605.2292 605.2278 605.2236 605.2155 605.2146 605.2068 605.2014 605.1998 605.1918 605.1875 605.1844 605.1763 605.1729 605.1688 605.16 605.1573 605.1528 605.144 605.1422 605.1353 605.1273 605.126
605.3362 605.33 605.3288 605.3278 605.3254 605.319 605.3164 605.3151 605.3112 605.3047 605.3033 605.3023 605.2987 605.2922 605.2911 605.2899 605.2839 605.2791 605.2779 605.2767 605.2692 605.2659 605.2649 605.2579 605.2534 605.252 605.2463 605.241 605.2397 605.2347 605.2279 605.2269 605.2245 605.2166 605.2134 605.2105 605.2026 605.2003 605.1977 605.1901 605.1868 605.1809 605.1738 605.1721 605.168 605.1597 605.158 605.1502 605.1439 605.1423 605.1342 605.129 605.126 605.1178 605.1135 605.1093 605.1006 605.0968 605.0923 605.0835 605.0807 605.0737 605.0646 605.0634
605.2901 605.2838 605.282 605.2811 605.2787 605.2723 605.269 605.2677 605.2638 605.2573 605.2553 605.2543 605.2507 605.2442 605.2424 605.2411 605.2352 605.2296 605.2285 605.2274 605.2199 605.2159 605.2148 605.2078 605.2025 605.2011 605.1954 605.1895 605.1881 605.1832 605.1756 605.1746 605.1721 605.1643 605.1602 605.1574 605.1495 605.1463 605.1437 605.1361 605.1321 605.1261 605.1184 605.1165 605.1123 605.104 605.1014 605.0937 605.0865 605.0847 605.0767 605.0705 605.0675 605.0593 605.0541 605.0499 605.0411 605.0363 605.0319 605.023 605.0192 605.0121 605.0023 605.0008
605.244 605.2377 605.2354 605.2343 605.232 605.2256 605.2216 605.2203 605.2164 605.21 605.2073 605.2062 605.2027 605.1962 605.1937 605.1924 605.1866 605.1804 605.1791 605.178 605.1705 605.1659 605.1647 605.1577 605.1517 605.1503 605.1446 605.138 605.1365 605.1316 605.1238 605.1223 605.1198 605.1119 605.1071 605.1042 605.0963 605.0923 605.0898 605.0822 605.0773 605.0713 605.0636 605.0607 605.0566 605.0483 605.0449 605.0371 605.0289 605.0272 605.0191 605.0121 605.0091 605.0009 604.9946 604.9905 604.9817 604.9759 604.9714 604.9626 604.9576 604.9505 604.9407 604.9381
605.1979 605.1917 605.1887 605.1876 605.1852 605.1789 605.1744 605.1729 605.169 605.1625 605.1592 605.1582 605.1547 605.1482 605.145 605.1437 605.1379 605.1309 605.1297 605.1287 605.1212 605.1158 605.1146 605.1076 605.1009 605.0994 605.0938 605.0865 605.085 605.08 605.0723 605.0699 605.0674 605.0596 605.054 605.0511 605.0432 605.0384 605.0358 605.0282 605.0225 605.0165 605.0088 605.0051 605.001 604.9927 604.9883 604.9805 604.9722 604.9697 604.9615 604.9536 604.9506 604.9424 604.9352 604.931 604.9223 604.9154 604.9109 604.9021 604.8961 604.8889 604.8791 604.8755
605.1519 605.1456 605.142 605.1409 605.1385 605.1322 605.1271 605.1255 605.1216 605.1152 605.1112 605.1102 605.1067 605.1002 605.0963 605.0951 605.0893 605.0818 605.0803 605.0793 605.0718 605.0657 605.0645 605.0575 605.05 605.0486 605.043 605.0357 605.0334 605.0284 605.0207 605.0176 605.0151 605.0073 605.0009 604.998 604.9901 604.9844 604.9819 604.9742 604.9677 604.9617 604.954 604.9494 604.9453 604.937 604.9318 604.924 604.9156 604.9121 604.904 604.8959 604.8922 604.884 604.8758 604.8716 604.8629 604.8549 604.8505 604.8416 604.8387 604.8085 604.8063 604.7292
605.1057 605.0994 605.0953 605.0941 605.0919 605.0855 605.0796 605.0782 605.0742 605.0678 605.0632 605.0621 605.0587 605.0522 605.0475 605.0464 605.0406 605.0332 605.0309 605.03 605.0225 605.0156 605.0144 605.0074 604.9998 604.9978 604.9921 604.9849 604.9818 604.9769 604.9691 604.9652 604.9628 604.9549 604.9478 604.9448 604.9369 604.9305 604.9279 604.9203 604.9129 604.9069 604.8992 604.8937 604.8896 604.8813 604.8752 604.8674 604.859 604.8546 604.8503 604.849 604.8099 604.7668 604.7484 604.6712 604.6365 604.6109 604.5284 604.5087 604.472 604.3945 604.3767 604.3152
605.0596 605.0533 605.0486 605.0474 605.0451 605.0388 605.0324 605.0309 605.0268 605.0204 605.0153 605.0141 605.0107 605.0042 604.9989 604.9977 604.9919 604.9846 604.9815 604.9807 604.9731 604.9657 604.9643 604.9573 604.9497 604.947 604.9413 604.934 604.9302 604.9253 604.9175 604.9129 604.9104 604.9026 604.8947 604.8917 604.8838 604.8765 604.874 604.8663 604.862 604.8605 604.8356 604.8008 604.7459 604.7001 604.7167 604.6639 604.6516 604.6134 604.5667 604.5498 604.4569 604.3969 604.3917 604.2925 604.2441 604.2099 604.1232 604.0947 604.058 603.9805 603.9614 603.9012
605.0135 605.0073 605.0019 605.0006 604.9984 604.9921 604.9857 604.9835 604.9794 604.973 604.9672 604.9661 604.9627 604.9562 604.9502 604.9491 604.9433 604.9359 604.9321 604.9313 604.9238 604.9163 604.9142 604.9072 604.8996 604.8961 604.8904 604.8832 604.8787 604.874 604.8727 604.8479 604.7816 604.781 604.7659 604.6846 604.6791 604.671 604.6121 604.5945 604.5948 604.5395 604.5046 604.4788 604.4239 604.2634 604.4033 604.3505 604.3415 604.315 604.2635 604.2278 604.1071 604.0439 604.0175 603.9138 603.8441 603.8074 603.7179 603.6807 603.6426 603.5665 603.5474 603.4872
604.9675 604.9612 604.9552 604.9539 604.9517 604.9454 604.939 604.9362 604.932 604.9256 604.9192 604.918 604.9147 604.9083 604.9017 604.9005 604.8947 604.8875 604.8862 604.8562 604.8547 604.8486 604.7673 604.738 604.7315 604.5779 604.5164 604.5017 604.5438 604.4752 604.4743 604.4339 604.3676 604.3668 604.3662 604.2904 604.3053 604.325 604.2661 604.259 604.2698 604.2145 604.1736 604.1567 604.1019 603.8268 604.0898 604.037 604.0323 604.0167 603.9651 603.9151 603.8312 603.691 603.6439 603.5605 603.458 603.3931 603.3126 603.2667 603.2132 603.1525 603.1334 603.0732
604.9213 604.915 604.9088 604.9071 604.905 604.9015 604.9 604.8674 604.8179 604.8191 604.8052 604.7437 604.7064 604.6988 604.6768 604.5972 604.5748 604.5626 604.5095 604.4518 604.4408 604.4393 604.3676 604.3383 604.3177 604.0243 603.955 603.9197 604.1299 604.0458 604.045 604.0199 603.9536 603.9526 603.9665 603.9164 603.9315 603.9789 603.92 603.9278 603.9391 603.8895 603.8424 603.8348 603.7799 603.3902 603.7736 603.7237 603.7231 603.7182 603.6668 603.6179 603.5378 603.3603 603.278 603.2246 603.0793 602.9924 602.9073 602.8527 602.7838 602.7385 602.7194 602.6583
604.6407 604.6398 604.6306 604.5493 604.5309 604.5298 604.5289 604.4894 604.4439 604.4568 604.4499 604.3814 604.3328 604.3127 604.2702 604.2029 604.175 604.1485 604.1096 604.052 604.0269 604.0255 603.9678 603.9385 603.9039 603.4708 603.3936 603.3378 603.539 603.6319 603.6157 603.6059 603.5396 603.5387 603.5668 603.5425 603.5573 603.6329 603.574 603.5966 603.6078 603.5645 603.5111 603.5097 603.4579 602.9536 603.0176 603.4103 603.4139 603.4197 603.3684 603.3206 603.2443 603.0891 602.925 602.8887 602.7195 602.6302 602.5153 602.4387 602.3545 602.3244 602.3054 602.2288
604.2328 604.2256 604.2245 604.1495 604.1311 604.1301 604.1292 604.1115 604.0698 604.0946 604.0932 604.0192 603.9586 603.9264 603.8834 603.8085 603.7751 603.7344 603.7098 603.6522 603.613 603.6115 603.5681 603.5388 603.4897 602.9172 602.8322 602.7558 602.8301 603.218 603.1863 603.1848 603.1255 603.1248 603.1671 603.1686 603.193 603.2802 603.2318 603.2654 603.2765 603.2396 603.1842 603.1786 603.1359 602.517 602.5154 603.0969 603.1048 603.1212 603.0701 603.0234 602.9388 602.8031 602.6136 602.5209 602.3832 602.2448 602.1246 602.0247 601.9405 601.9103 601.8914 601.8072
603.8331 603.8115 603.8105 603.7498 603.7314 603.7303 603.7318 603.7335 603.6957 603.7324 603.7313 603.6607 603.5953 603.5468 603.5053 603.4141 603.3753 603.3203 603.3099 603.2523 603.1989 603.1974 603.1684 603.1391 603.0756 602.5216 602.2709 602.1735 602.1721 602.8041 602.757 602.7554 602.7115 602.7225 602.7673 602.7946 602.8382 602.9224 602.891 602.9342 602.9452 602.9146 602.8593 602.8475 602.8139 602.0803 602.0788 602.7835 602.7956 602.8226 602.7717 602.7261 602.6259 602.5098 602.3424 602.1591 602.0474 601.8784 601.7338 601.6107 601.5265 601.499 601.4982 601.4911
603.4334 603.3974 603.3964 603.3501 603.3317 603.3306 603.3347 603.3556 603.3221 603.3701 603.369 603.3193 603.2331 603.1845 603.1273 603.0198 602.9755 602.9063 602.9048 602.8525 602.7848 602.7834 602.7687 602.7394 602.6753 602.1716 601.7095 601.6044 601.5901 602.0952 602.3276 602.326 602.2975 602.3228 602.3676 602.4207 602.4834 602.5646 602.5499 602.603 602.6139 602.5896 602.5343 602.5162 602.4919 601.6437 601.6423 602.4701 602.4865 602.5201 602.4731 602.429 602.3287 602.2162 602.0683 601.8669 601.7115 601.5421 601.4277 601.3149 601.2322 601.1493 601.1231 601.1221
603.0337 602.9833 602.9823 602.9504 602.9319 602.9309 602.9377 602.9776 602.9531 603.0079 603.0067 602.9626 602.8708 602.8223 602.7492 602.6221 602.5756 602.5007 602.491 602.4526 602.3719 602.3694 602.3679 602.3396 602.2755 601.8217 601.148 601.043 601.0079 601.3864 601.8984 601.8969 601.8835 601.923 601.9734 602.0468 602.1285 602.2069 602.2178 602.2718 602.2827 602.2646 602.2093 602.1849 602.1699 601.207 601.2059 602.1567 602.1773 602.2149 602.1746 602.1255 602.0314 601.9227 601.775 601.5956 601.4881 601.2872 601.093 600.9653 600.8571 600.8054 600.7479 600.7469
602.634 602.5693 602.5682 602.5507 602.5322 602.5312 602.5407 602.5996 602.5909 602.6456 602.6444 602.6059 602.5231 602.46 602.3712 602.244 602.1758 602.1009 602.0768 602.0527 601.9721 601.9554 601.9543 601.9399 601.8758 601.4717 600.5916 600.4816 600.4255 600.6775 600.6768 601.1176 601.1163 601.5573 601.5994 601.6728 601.7737 601.8491 601.8865 601.9406 601.9514 601.9397 601.8843 601.8536 601.8479 600.7704 600.7695 601.8404 601.8681 601.91 601.876 601.8251 601.7342 601.6293 601.5181 601.3223 601.1242 600.9413 600.7705 600.6017 600.512 600.4615 600.3728 600.3718
