COS0=(0.29217247974017624, 1.0, -25.0, MASK0)
COS1=(0.8975499913499874, 2.0, -22.0, MASK0)
COS2=(0.10955668532217716, 3.0, 25.0, MASK0)
COS3=(0.17069754440719678, 4.0, -16.0, MASK0)
COS4=(0.13413761480602032, 5.0, 19.0, MASK0)
COS5=(0.07814165663277453, 6.0, 15.0, MASK0)
COS6=(0.09413904195708686, 7.0, -11.0, MASK0)
COS7=(0.055642388571440486, 7.5, 6.0, MASK0)
COS8=(0.029965855191835797, 8.5, -6.0, MASK0)
COS9=(0.09735473861443246, 10.0, -8.0, MASK0)
COS10=(0.0159479523069926, 10.5, 4.0, MASK0)
COS11=(0.1449150124052874, 12.0, -3.0, MASK0)
COS12=(0.07619152916909361, 13.0, 2.0, MASK0)
COS13=(0.07149493335914942, 14.0, -2.0, MASK0)
COS14=(0.0775589520620512, 15.0, -6.0, MASK0)
COS15=(0.1070430762258571, 16.0, 6.0, MASK0)
COS16=(0.07543693673785212, 17.0, 2.0, MASK0)
COS17=(0.043660535822483776, 17.5, -2.0, MASK0)
COS18=(0.03689286911496229, 19.0, 1.0, MASK0)
COS19=(0.03290789553927445, 20.0, -4.0, MASK0)
COS20=(0.07015540753308092, 20.5, 1.0, MASK0)
COS21=(0.11545085670493295, 21.5, -3.0, MASK0)
COS22=(0.008582288974819977, 22.5, 3.0, MASK0)
COS23=(0.06302200444899524, 24.0, -1.0, MASK0)
COS24=(0.07015540753308093, 20.5, 1.0, MASK0)
COS25=(0.03290789553927445, 20.0, -4.0, MASK0)
COS26=(0.03689286911496229, 19.0, 1.0, MASK0)
COS27=(0.043660535822483776, 17.5, -2.0, MASK0)
COS28=(0.07543693673785211, 17.0, 2.0, MASK0)
COS29=(0.1070430762258571, 16.0, 6.0, MASK0)
COS30=(0.07755895206205121, 15.0, -6.0, MASK0)
COS31=(0.07149493335914943, 14.0, -2.0, MASK0)
COS32=(0.07619152916909364, 13.0, 2.0, MASK0)
COS33=(0.14491501240528742, 12.0, -3.0, MASK0)
COS34=(0.015947952306992606, 10.5, 4.0, MASK0)
COS35=(0.09735473861443247, 10.0, -8.0, MASK0)
COS36=(0.029965855191835783, 8.5, -6.0, MASK0)
COS37=(0.05564238857144052, 7.5, 6.0, MASK0)
COS38=(0.09413904195708686, 7.0, -11.0, MASK0)
COS39=(0.07814165663277452, 6.0, 15.0, MASK0)
COS40=(0.13413761480602032, 5.0, 19.0, MASK0)
COS41=(0.1706975444071968, 4.0, -16.0, MASK0)
COS42=(0.10955668532217716, 3.0, 25.0, MASK0)
COS43=(0.8975499913499874, 2.0, -22.0, MASK0)
COS44=(0.29217247974017624, 1.0, -25.0, MASK0)
