COS0=(0.31508598330202214, 1.0, -32.0, MASK0)
COS1=(0.3724997458145176, 1.5, -24.0, MASK0)
COS2=(0.21374996179071049, 3.0, 5.0, MASK0)
COS3=(0.0738265988071728, 4.0, 13.0, MASK0)
COS4=(0.07463498958929853, 5.0, 6.0, MASK0)
COS5=(0.06377499505120954, 6.0, -12.0, MASK0)
COS6=(0.1768465662845416, 7.0, -10.0, MASK0)
COS7=(0.10516325261744386, 8.0, -10.0, MASK0)
COS8=(0.04574048957259932, 9.0, -7.0, MASK0)
COS9=(0.013266729941574226, 9.5, -4.0, MASK0)
COS10=(0.09010831693904202, 11.0, -1.0, MASK0)
COS11=(0.019867464394137765, 11.5, 5.0, MASK0)
COS12=(0.05702919295438375, 12.5, 3.0, MASK0)
COS13=(0.04826772647697197, 14.0, -7.0, MASK0)
COS14=(0.076088889018699, 15.0, -6.0, MASK0)
COS15=(0.07459172036641777, 16.0, -4.0, MASK0)
COS16=(0.08461389390954235, 16.5, -4.0, MASK0)
COS17=(0.06869253312018164, 17.5, -2.0, MASK0)
COS18=(0.07119162142696049, 18.5, -2.0, MASK0)
COS19=(0.07721496435396799, 20.0, -1.0, MASK0)
COS20=(0.05089327434172833, 21.0, 4.0, MASK0)
COS21=(0.03973560782788137, 21.5, 3.0, MASK0)
COS22=(0.03234807085814856, 22.5, 2.0, MASK0)
COS23=(0.028429253462682953, 23.5, 1.0, MASK0)
COS24=(0.020004452670859037, 24.5, -3.0, MASK0)
COS25=(0.024805773229194562, 25.5, -2.0, MASK0)
COS26=(0.032348070858148566, 22.5, 2.0, MASK0)
COS27=(0.03973560782788136, 21.5, 3.0, MASK0)
COS28=(0.05089327434172833, 21.0, 4.0, MASK0)
COS29=(0.07721496435396799, 20.0, -1.0, MASK0)
COS30=(0.07119162142696048, 18.5, -2.0, MASK0)
COS31=(0.06869253312018164, 17.5, -2.0, MASK0)
COS32=(0.08461389390954235, 16.5, -4.0, MASK0)
COS33=(0.07459172036641779, 16.0, -4.0, MASK0)
COS34=(0.07608888901869898, 15.0, -6.0, MASK0)
COS35=(0.04826772647697197, 14.0, -7.0, MASK0)
COS36=(0.057029192954383745, 12.5, 3.0, MASK0)
COS37=(0.01986746439413775, 11.5, 5.0, MASK0)
COS38=(0.090108316939042, 11.0, -1.0, MASK0)
COS39=(0.013266729941574226, 9.5, -4.0, MASK0)
COS40=(0.04574048957259931, 9.0, -7.0, MASK0)
COS41=(0.10516325261744389, 8.0, -10.0, MASK0)
COS42=(0.17684656628454157, 7.0, -10.0, MASK0)
COS43=(0.06377499505120952, 6.0, -12.0, MASK0)
COS44=(0.07463498958929854, 5.0, 6.0, MASK0)
COS45=(0.07382659880717278, 4.0, 13.0, MASK0)
COS46=(0.2137499617907105, 3.0, 5.0, MASK0)
COS47=(0.3724997458145176, 1.5, -24.0, MASK0)
COS48=(0.31508598330202214, 1.0, -32.0, MASK0)
