COS0=(0.10346023082733251, 1.0, -21.0, MASK0)
COS1=(0.1341402624347926, 2.0, 16.0, MASK0)
COS2=(0.06716128274822487, 2.5, 17.0, MASK0)
COS3=(0.0305842841374079, 4.0, -1.0, MASK0)
COS4=(0.032268733721926804, 5.0, -2.0, MASK0)
COS5=(0.011460802375037197, 6.0, 11.0, MASK0)
COS6=(0.028364732906910883, 7.0, 12.0, MASK0)
COS7=(0.013996284273263545, 8.0, 12.0, MASK0)
COS8=(0.022243329044873125, 9.0, -2.0, MASK0)
COS9=(0.006710837449898914, 10.0, 8.0, MASK0)
COS10=(0.02427879093331257, 11.0, 6.0, MASK0)
COS11=(0.008753949996317602, 12.0, -2.0, MASK0)
COS12=(0.012389032756729805, 13.0, 6.0, MASK0)
COS13=(0.02348106161799319, 14.0, 7.0, MASK0)
COS14=(0.005688574456668749, 15.0, 5.0, MASK0)
COS15=(0.01684271316665128, 16.0, 5.0, MASK0)
COS16=(0.010027953990243234, 17.0, -1.0, MASK0)
COS17=(0.017015580650695486, 17.5, 3.0, MASK0)
COS18=(0.013350027184292273, 19.0, -1.0, MASK0)
COS19=(0.01684271316665128, 16.0, 5.0, MASK0)
COS20=(0.005688574456668748, 15.0, 5.0, MASK0)
COS21=(0.023481061617993192, 14.0, 7.0, MASK0)
COS22=(0.012389032756729807, 13.0, 6.0, MASK0)
COS23=(0.008753949996317607, 12.0, -2.0, MASK0)
COS24=(0.02427879093331258, 11.0, 6.0, MASK0)
COS25=(0.006710837449898914, 10.0, 8.0, MASK0)
COS26=(0.02224332904487311, 9.0, -2.0, MASK0)
COS27=(0.013996284273263541, 8.0, 12.0, MASK0)
COS28=(0.028364732906910876, 7.0, 12.0, MASK0)
COS29=(0.011460802375037198, 6.0, 11.0, MASK0)
COS30=(0.032268733721926804, 5.0, -2.0, MASK0)
COS31=(0.0305842841374079, 4.0, -1.0, MASK0)
COS32=(0.06716128274822489, 2.5, 17.0, MASK0)
COS33=(0.1341402624347926, 2.0, 16.0, MASK0)
COS34=(0.10346023082733252, 1.0, -21.0, MASK0)
