samples/sfe_2248/sfe_2248_c1/sfe_2248_c1/sfe_2248_c1.asc
ncols         187
nrows         82
xllcorner     100
yllcorner     83.60000000149
cellsize      0.4
NODATA_value  -9999
[rows 0 to 29 of 82, columns 0 to 65 of 187]
604.977 604.972 604.967 604.962 604.957 604.952 604.947 604.942 604.937 604.932 604.927 604.922 604.917 604.912 604.906 604.901 604.896 604.891 604.886 604.881 604.876 604.871 604.866 604.861 604.856 604.851 604.846 604.841 604.835 604.83 604.825 604.82 604.815 604.81 604.805 604.8 604.795 604.79 604.785 604.78 604.775 604.77 604.764 604.759 604.754 604.749 604.744 604.739 604.734 604.729 604.724 604.719 604.714 604.709 604.704 604.699 604.693 604.688 604.683 604.678 604.673 604.668 604.663 604.658 604.653 604.648
604.937 604.932 604.927 604.922 604.917 604.912 604.907 604.902 604.897 604.892 604.887 604.882 604.877 604.872 604.866 604.861 604.856 604.851 604.846 604.841 604.836 604.831 604.826 604.821 604.816 604.811 604.806 604.801 604.795 604.79 604.785 604.78 604.775 604.77 604.765 604.76 604.755 604.75 604.745 604.74 604.735 604.73 604.724 604.719 604.714 604.709 604.704 604.699 604.694 604.689 604.684 604.679 604.674 604.669 604.664 604.659 604.653 604.648 604.643 604.638 604.633 604.628 604.623 604.618 604.613 604.608
604.897 604.892 604.887 604.882 604.877 604.872 604.867 604.862 604.857 604.8521 604.847 604.842 604.837 604.832 604.826 604.821 604.816 604.811 604.806 604.801 604.796 604.791 604.786 604.781 604.776 604.771 604.7661 604.761 604.755 604.75 604.745 604.7401 604.735 604.73 604.725 604.72 604.715 604.71 604.705 604.7 604.695 604.69 604.684 604.679 604.674 604.669 604.664 604.659 604.6541 604.649 604.644 604.639 604.634 604.629 604.624 604.619 604.613 604.608 604.603 604.598 604.593 604.588 604.583 604.578 604.573 604.5681
604.857 604.852 604.847 604.842 604.837 604.832 604.827 604.822 604.817 604.812 604.807 604.802 604.797 604.792 604.786 604.781 604.776 604.771 604.766 604.761 604.756 604.751 604.746 604.741 604.736 604.731 604.726 604.721 604.715 604.71 604.705 604.7 604.695 604.69 604.685 604.68 604.675 604.67 604.665 604.66 604.655 604.65 604.644 604.639 604.634 604.629 604.624 604.619 604.614 604.609 604.604 604.599 604.594 604.589 604.584 604.579 604.573 604.568 604.563 604.558 604.553 604.548 604.543 604.538 604.533 604.528
604.817 604.812 604.807 604.802 604.797 604.792 604.787 604.782 604.777 604.772 604.767 604.762 604.757 604.752 604.746 604.741 604.736 604.731 604.726 604.721 604.716 604.711 604.706 604.701 604.696 604.691 604.686 604.681 604.675 604.67 604.665 604.66 604.655 604.65 604.645 604.64 604.635 604.63 604.625 604.62 604.615 604.61 604.604 604.599 604.594 604.589 604.584 604.579 604.574 604.569 604.564 604.559 604.554 604.549 604.544 604.539 604.533 604.528 604.523 604.518 604.513 604.508 604.503 604.498 604.493 604.488
604.777 604.772 604.767 604.762 604.757 604.752 604.747 604.742 604.737 604.7321 604.7271 604.722 604.717 604.712 604.7061 604.701 604.696 604.691 604.686 604.681 604.676 604.671 604.666 604.661 604.656 604.651 604.6461 604.6411 604.635 604.63 604.625 604.6201 604.6151 604.61 604.605 604.6 604.595 604.59 604.585 604.58 604.575 604.57 604.564 604.559 604.554 604.549 604.544 604.539 604.5341 604.5291 604.524 604.519 604.514 604.509 604.504 604.499 604.493 604.488 604.483 604.478 604.473 604.468 604.463 604.458 604.453 604.4481
604.737 604.732 604.727 604.722 604.717 604.712 604.707 604.702 604.697 604.692 604.687 604.682 604.677 604.672 604.666 604.661 604.656 604.651 604.646 604.641 604.636 604.631 604.626 604.621 604.616 604.611 604.606 604.601 604.595 604.59 604.585 604.58 604.575 604.57 604.565 604.56 604.555 604.55 604.545 604.54 604.535 604.53 604.524 604.519 604.514 604.509 604.504 604.499 604.494 604.489 604.484 604.479 604.474 604.469 604.464 604.459 604.453 604.448 604.443 604.438 604.433 604.428 604.423 604.418 604.413 604.408
604.697 604.692 604.687 604.682 604.677 604.672 604.667 604.662 604.657 604.652 604.647 604.642 604.637 604.632 604.626 604.621 604.616 604.611 604.606 604.601 604.596 604.591 604.586 604.581 604.576 604.571 604.566 604.561 604.555 604.55 604.545 604.54 604.535 604.53 604.525 604.52 604.515 604.51 604.505 604.5 604.495 604.49 604.484 604.479 604.474 604.469 604.464 604.459 604.454 604.449 604.444 604.439 604.434 604.429 604.424 604.419 604.413 604.408 604.403 604.398 604.393 604.388 604.383 604.378 604.373 604.368
604.657 604.652 604.647 604.642 604.637 604.632 604.627 604.6219 604.6169 604.612 604.607 604.602 604.597 604.592 604.586 604.581 604.576 604.571 604.566 604.561 604.556 604.551 604.546 604.541 604.5359 604.5309 604.526 604.521 604.515 604.5099 604.5049 604.5 604.495 604.49 604.485 604.48 604.475 604.47 604.465 604.46 604.455 604.45 604.444 604.439 604.434 604.429 604.424 604.4189 604.414 604.409 604.404 604.399 604.394 604.389 604.384 604.379 604.373 604.368 604.363 604.358 604.353 604.348 604.343 604.338 604.3329 604.328
604.617 604.612 604.607 604.602 604.597 604.592 604.587 604.582 604.577 604.572 604.567 604.562 604.557 604.552 604.546 604.541 604.536 604.531 604.526 604.521 604.516 604.511 604.506 604.501 604.496 604.491 604.486 604.481 604.475 604.47 604.465 604.46 604.455 604.45 604.445 604.44 604.435 604.43 604.425 604.42 604.415 604.41 604.404 604.399 604.394 604.389 604.384 604.379 604.374 604.369 604.364 604.359 604.354 604.349 604.344 604.339 604.333 604.328 604.323 604.318 604.313 604.308 604.303 604.298 604.293 604.288
604.577 604.572 604.567 604.562 604.557 604.552 604.547 604.542 604.537 604.532 604.527 604.522 604.517 604.512 604.506 604.501 604.496 604.491 604.486 604.481 604.476 604.471 604.466 604.461 604.456 604.451 604.446 604.441 604.435 604.43 604.425 604.42 604.415 604.41 604.405 604.4 604.395 604.39 604.385 604.38 604.375 604.37 604.364 604.359 604.354 604.349 604.344 604.339 604.334 604.329 604.324 604.319 604.314 604.309 604.304 604.299 604.293 604.288 604.283 604.278 604.273 604.268 604.263 604.258 604.253 604.248
604.537 604.532 604.527 604.522 604.517 604.512 604.507 604.502 604.4969 604.492 604.487 604.482 604.477 604.472 604.466 604.461 604.456 604.451 604.446 604.441 604.436 604.431 604.426 604.421 604.416 604.4109 604.406 604.401 604.395 604.39 604.3849 604.38 604.375 604.37 604.365 604.36 604.355 604.35 604.345 604.34 604.335 604.33 604.324 604.319 604.314 604.309 604.304 604.299 604.294 604.289 604.284 604.279 604.274 604.269 604.264 604.259 604.253 604.248 604.243 604.238 604.233 604.228 604.223 604.218 604.213 604.208
604.497 604.492 604.487 604.482 604.477 604.472 604.467 604.462 604.457 604.452 604.447 604.442 604.437 604.432 604.426 604.421 604.416 604.411 604.406 604.401 604.396 604.391 604.386 604.381 604.376 604.371 604.366 604.361 604.355 604.35 604.345 604.34 604.335 604.33 604.325 604.32 604.315 604.31 604.305 604.3 604.295 604.29 604.284 604.279 604.274 604.269 604.264 604.259 604.254 604.249 604.244 604.239 604.234 604.229 604.224 604.219 604.213 604.208 604.203 604.198 604.193 604.188 604.183 604.178 604.173 604.168
604.457 604.452 604.447 604.442 604.437 604.432 604.427 604.422 604.417 604.412 604.407 604.402 604.397 604.392 604.386 604.381 604.376 604.371 604.366 604.361 604.356 604.351 604.346 604.341 604.336 604.331 604.326 604.321 604.315 604.31 604.305 604.3 604.295 604.29 604.285 604.28 604.275 604.27 604.265 604.26 604.255 604.25 604.244 604.239 604.234 604.229 604.224 604.219 604.2141 604.209 604.204 604.199 604.194 604.189 604.184 604.179 604.173 604.168 604.163 604.158 604.153 604.148 604.143 604.138 604.133 604.1281
604.417 604.412 604.407 604.402 604.397 604.392 604.387 604.382 604.377 604.372 604.367 604.362 604.357 604.352 604.346 604.341 604.336 604.331 604.326 604.321 604.316 604.311 604.306 604.301 604.296 604.291 604.286 604.281 604.275 604.27 604.265 604.26 604.255 604.25 604.245 604.24 604.235 604.23 604.225 604.22 604.215 604.21 604.204 604.199 604.194 604.189 604.184 604.179 604.174 604.169 604.164 604.159 604.154 604.149 604.144 604.139 604.133 604.128 604.123 604.118 604.113 604.108 604.103 604.098 604.093 604.088
604.377 604.372 604.367 604.362 604.357 604.352 604.347 604.342 604.337 604.332 604.327 604.322 604.317 604.312 604.306 604.301 604.296 604.291 604.286 604.281 604.276 604.271 604.266 604.261 604.256 604.251 604.246 604.241 604.235 604.23 604.225 604.22 604.215 604.21 604.205 604.2 604.195 604.19 604.185 604.18 604.175 604.17 604.164 604.159 604.154 604.149 604.144 604.139 604.134 604.129 604.124 604.119 604.114 604.109 604.104 604.099 604.093 604.088 604.083 604.078 604.073 604.068 604.063 604.058 604.053 604.048
604.337 604.332 604.327 604.322 604.317 604.312 604.307 604.302 604.297 604.2921 604.287 604.282 604.277 604.272 604.2661 604.261 604.256 604.251 604.246 604.241 604.236 604.231 604.226 604.221 604.216 604.211 604.2061 604.201 604.195 604.19 604.185 604.1801 604.175 604.17 604.165 604.16 604.155 604.15 604.145 604.14 604.135 604.13 604.124 604.119 604.114 604.109 604.104 604.099 604.0941 604.0891 604.084 604.079 604.074 604.069 604.064 604.059 604.053 604.048 604.043 604.038 604.033 604.028 604.023 604.018 604.013 604.0081
604.297 604.292 604.287 604.282 604.277 604.272 604.267 604.262 604.257 604.252 604.247 604.242 604.237 604.232 604.226 604.221 604.216 604.211 604.206 604.201 604.196 604.191 604.186 604.181 604.176 604.171 604.166 604.161 604.155 604.15 604.145 604.14 604.135 604.13 604.125 604.12 604.115 604.11 604.105 604.1 604.095 604.09 604.084 604.079 604.074 604.069 604.064 604.059 604.054 604.049 604.044 604.039 604.034 604.029 604.024 604.019 604.013 604.008 604.003 603.998 603.993 603.988 603.983 603.978 603.973 603.968
604.257 604.252 604.247 604.242 604.237 604.232 604.227 604.222 604.217 604.212 604.207 604.202 604.197 604.192 604.186 604.181 604.176 604.171 604.166 604.161 604.156 604.151 604.146 604.141 604.136 604.131 604.126 604.121 604.115 604.11 604.105 604.1 604.095 604.09 604.085 604.08 604.075 604.07 604.065 604.06 604.055 604.05 604.044 604.039 604.034 604.029 604.024 604.019 604.014 604.009 604.004 603.999 603.994 603.989 603.984 603.979 603.973 603.968 603.963 603.958 603.953 603.948 603.943 603.938 603.933 603.928
604.217 604.212 604.207 604.202 604.197 604.192 604.187 604.1819 604.1769 604.172 604.167 604.162 604.157 604.152 604.146 604.141 604.136 604.131 604.126 604.121 604.116 604.111 604.106 604.101 604.0959 604.0909 604.086 604.081 604.075 604.0699 604.0649 604.06 604.055 604.05 604.045 604.04 604.035 604.03 604.025 604.02 604.015 604.0099 604.004 603.999 603.994 603.989 603.9839 603.9789 603.974 603.969 603.964 603.959 603.954 603.949 603.944 603.939 603.933 603.928 603.923 603.918 603.913 603.908 603.903 603.8979 603.8929 603.888
604.177 604.172 604.167 604.162 604.157 604.152 604.147 604.142 604.137 604.132 604.127 604.122 604.117 604.112 604.106 604.101 604.096 604.091 604.086 604.081 604.076 604.071 604.066 604.061 604.056 604.051 604.046 604.041 604.035 604.03 604.025 604.02 604.015 604.01 604.005 604 603.995 603.99 603.985 603.98 603.975 603.97 603.964 603.959 603.954 603.949 603.944 603.939 603.934 603.929 603.924 603.919 603.914 603.909 603.904 603.899 603.893 603.888 603.883 603.878 603.873 603.868 603.863 603.858 603.853 603.848
604.137 604.132 604.127 604.122 604.117 604.112 604.107 604.102 604.097 604.092 604.087 604.082 604.077 604.072 604.066 604.061 604.056 604.051 604.046 604.041 604.036 604.031 604.026 604.021 604.016 604.011 604.006 604.001 603.995 603.99 603.985 603.98 603.975 603.97 603.965 603.96 603.955 603.95 603.945 603.94 603.935 603.93 603.924 603.919 603.914 603.909 603.904 603.899 603.894 603.889 603.884 603.879 603.874 603.869 603.864 603.859 603.853 603.848 603.843 603.838 603.833 603.828 603.823 603.818 603.813 603.808
604.097 604.092 604.087 604.082 604.077 604.072 604.067 604.062 604.0569 604.052 604.047 604.042 604.037 604.032 604.026 604.021 604.016 604.011 604.006 604.001 603.996 603.991 603.986 603.981 603.976 603.9709 603.966 603.961 603.955 603.95 603.9449 603.94 603.935 603.93 603.925 603.92 603.915 603.91 603.905 603.9 603.895 603.89 603.884 603.879 603.874 603.869 603.864 603.8589 603.854 603.849 603.844 603.839 603.834 603.829 603.824 603.819 603.813 603.808 603.803 603.798 603.793 603.788 603.783 603.778 603.7729 603.768
604.057 604.052 604.047 604.042 604.037 604.032 604.027 604.022 604.017 604.012 604.007 604.002 603.997 603.992 603.986 603.981 603.976 603.971 603.966 603.961 603.956 603.951 603.946 603.941 603.936 603.931 603.926 603.921 603.915 603.91 603.905 603.9 603.895 603.89 603.885 603.88 603.875 603.87 603.865 603.86 603.855 603.85 603.844 603.839 603.834 603.829 603.824 603.819 603.814 603.809 603.804 603.799 603.794 603.789 603.784 603.779 603.773 603.768 603.763 603.758 603.753 603.748 603.743 603.738 603.733 603.728
604.017 604.012 604.007 604.002 603.997 603.992 603.987 603.982 603.977 603.972 603.967 603.962 603.957 603.952 603.946 603.941 603.936 603.931 603.926 603.921 603.916 603.911 603.906 603.901 603.896 603.891 603.886 603.881 603.875 603.87 603.865 603.86 603.855 603.85 603.845 603.84 603.835 603.83 603.825 603.82 603.815 603.81 603.804 603.799 603.794 603.789 603.784 603.779 603.774 603.769 603.764 603.759 603.754 603.749 603.744 603.739 603.733 603.728 603.723 603.718 603.713 603.708 603.703 603.698 603.693 603.688
603.8115 603.8065 603.8015 603.7964 603.7914 603.7864 603.7814 603.7764 603.7714 603.7665 603.7615 603.7565 603.7515 603.7465 603.7405 603.7355 603.7305 603.7255 603.7205 603.7155 603.7104 603.7054 603.7004 603.6954 603.6904 603.6854 603.6805 603.6755 603.6694 603.6644 603.6594 603.6545 603.6495 603.6445 603.6395 603.6345 603.6295 603.6245 603.6194 603.6144 603.6094 603.6044 603.5984 603.5934 603.5884 603.5834 603.5784 603.5734 603.5685 603.5635 603.5585 603.5535 603.5485 603.5435 603.5385 603.5334 603.5275 603.5225 603.5175 603.5125 603.5074 603.5024 603.4974 603.4924 603.4874 603.4825
603.4404 603.4354 603.4304 603.4254 603.4204 603.4154 603.4104 603.4054 603.4004 603.3954 603.3904 603.3854 603.3804 603.3754 603.3694 603.3644 603.3594 603.3544 603.3494 603.3444 603.3394 603.3344 603.3294 603.3244 603.3194 603.3144 603.3094 603.3044 603.2984 603.2934 603.2884 603.2834 603.2784 603.2734 603.2684 603.2634 603.2584 603.2534 603.2484 603.2434 603.2384 603.2334 603.2274 603.2224 603.2174 603.2124 603.2074 603.2024 603.1974 603.1924 603.1874 603.1824 603.1774 603.1724 603.1674 603.1624 603.1564 603.1514 603.1464 603.1414 603.1364 603.1314 603.1264 603.1214 603.1164 603.1115
603.0693 603.0643 603.0593 603.0543 603.0493 603.0443 603.0393 603.0343 603.0293 603.0244 603.0193 603.0143 603.0093 603.0043 602.9984 602.9933 602.9883 602.9833 602.9783 602.9733 602.9683 602.9633 602.9583 602.9533 602.9483 602.9433 602.9384 602.9333 602.9273 602.9223 602.9173 602.9124 602.9073 602.9023 602.8973 602.8923 602.8873 602.8823 602.8773 602.8723 602.8673 602.8623 602.8563 602.8513 602.8463 602.8413 602.8363 602.8313 602.8264 602.8214 602.8163 602.8113 602.8063 602.8013 602.7963 602.7913 602.7853 602.7803 602.7753 602.7703 602.7653 602.7603 602.7553 602.7503 602.7453 602.7404
602.6982 602.6932 602.6882 602.6832 602.6782 602.6733 602.6683 602.6633 602.6583 602.6533 602.6483 602.6432 602.6382 602.6332 602.6273 602.6223 602.6172 602.6122 602.6072 602.6022 602.5972 602.5922 602.5873 602.5823 602.5773 602.5723 602.5673 602.5623 602.5563 602.5513 602.5463 602.5413 602.5363 602.5313 602.5262 602.5212 602.5162 602.5112 602.5062 602.5013 602.4963 602.4913 602.4852 602.4802 602.4753 602.4703 602.4653 602.4603 602.4553 602.4503 602.4453 602.4402 602.4352 602.4302 602.4252 602.4202 602.4142 602.4092 602.4042 602.3992 602.3942 602.3893 602.3843 602.3793 602.3743 602.3693
602.3272 602.3222 602.3172 602.3122 602.3072 602.3022 602.2972 602.2922 602.2872 602.2822 602.2772 602.2722 602.2672 602.2622 602.2562 602.2512 602.2462 602.2412 602.2362 602.2312 602.2262 602.2212 602.2162 602.2112 602.2062 602.2012 602.1962 602.1912 602.1852 602.1802 602.1752 602.1702 602.1652 602.1602 602.1552 602.1502 602.1452 602.1402 602.1352 602.1302 602.1252 602.1202 602.1142 602.1092 602.1042 602.0992 602.0942 602.0892 602.0842 602.0792 602.0742 602.0692 602.0642 602.0592 602.0542 602.0492 602.0432 602.0382 602.0332 602.0282 602.0232 602.0182 602.0132 602.0082 602.0032 601.9982
