samples/sfe_2248/sfe_2248_c1/sfe_2248_c1/sfe_2248_c1.asc
ncols         187
nrows         82
xllcorner     100
yllcorner     83.60000000149
cellsize      0.4
NODATA_value  -9999
[rows 30 to 59 of 82, columns 66 to 131 of 187]
601.6221 601.6171 601.6121 601.6061 601.6011 601.5961 601.5911 601.5861 601.5811 601.5761 601.5711 601.5661 601.5611 601.5562 601.5511 601.5461 601.5411 601.5352 601.5302 601.5251 601.5201 601.5151 601.5101 601.5051 601.5001 601.4951 601.4901 601.4851 601.4801 601.4751 601.4702 601.4641 601.4591 601.4541 601.4491 601.4442 601.4391 601.4341 601.4291 601.4241 601.4191 601.4141 601.4091 601.4041 601.3991 601.3931 601.3881 601.3831 601.3781 601.3731 601.3681 601.3631 601.3582 601.3531 601.3481 601.3431 601.3381 601.3331 601.3281 601.3221 601.3171 601.3121 601.3071 601.3021 601.2971 601.2921
601.2511 601.2461 601.2411 601.235 601.2301 601.2251 601.2201 601.2151 601.2101 601.2051 601.2001 601.1951 601.1901 601.1851 601.1801 601.175 601.17 601.1641 601.1591 601.1541 601.149 601.1441 601.1391 601.1341 601.1291 601.1241 601.1191 601.1141 601.1091 601.1041 601.0991 601.0931 601.0881 601.0831 601.0781 601.0731 601.0681 601.063 601.058 601.0531 601.0481 601.0431 601.0381 601.0331 601.0281 601.0221 601.0171 601.0121 601.0071 601.0021 600.9971 600.9921 600.9871 600.9821 600.9771 600.972 600.9671 600.9621 600.9571 600.951 600.946 600.9411 600.9361 600.9311 600.9261 600.9211
600.88 600.875 600.87 600.864 600.859 600.854 600.849 600.844 600.839 600.834 600.829 600.824 600.819 600.814 600.809 600.804 600.799 600.793 600.788 600.783 600.778 600.773 600.768 600.763 600.758 600.753 600.748 600.743 600.738 600.733 600.728 600.722 600.717 600.712 600.707 600.702 600.697 600.692 600.687 600.682 600.677 600.672 600.667 600.662 600.657 600.651 600.646 600.641 600.636 600.631 600.626 600.621 600.616 600.611 600.606 600.601 600.596 600.591 600.586 600.58 600.575 600.57 600.565 600.56 600.555 600.55
600.331 600.321 600.311 600.301 600.291 600.28 600.27 600.26 600.25 600.24 600.23 600.22 600.209 600.199 600.189 600.179 600.169 600.159 600.149 600.138 600.128 600.118 600.108 600.098 600.088 600.078 600.067 600.057 600.047 600.037 600.027 600.017 600.007 599.996 599.986 599.976 599.966 599.956 599.946 599.936 599.925 599.915 599.905 599.895 599.885 599.875 599.865 599.854 599.844 599.834 599.824 599.814 599.804 599.794 599.783 599.773 599.763 599.753 599.743 599.733 599.723 599.712 599.702 599.692 599.682 599.672
600.055 600.044 600.034 600.024 600.014 600.004 599.994 599.984 599.973 599.963 599.953 599.943 599.933 599.923 599.913 599.902 599.892 599.882 599.872 599.862 599.852 599.842 599.831 599.821 599.811 599.801 599.791 599.781 599.771 599.76 599.75 599.74 599.73 599.72 599.71 599.7 599.689 599.679 599.669 599.659 599.649 599.639 599.629 599.618 599.608 599.598 599.588 599.578 599.568 599.558 599.547 599.537 599.527 599.517 599.507 599.497 599.487 599.476 599.466 599.456 599.446 599.436 599.426 599.416 599.405 599.395
599.818 599.808 599.798 599.788 599.778 599.768 599.757 599.747 599.737 599.727 599.717 599.707 599.697 599.686 599.676 599.666 599.656 599.646 599.636 599.626 599.615 599.605 599.595 599.585 599.575 599.565 599.555 599.544 599.534 599.524 599.514 599.504 599.494 599.484 599.473 599.463 599.453 599.443 599.433 599.423 599.412 599.402 599.392 599.382 599.372 599.362 599.352 599.341 599.331 599.321 599.311 599.301 599.291 599.281 599.27 599.26 599.25 599.24 599.23 599.22 599.21 599.199 599.189 599.179 599.169 599.159
599.688 599.677 599.667 599.657 599.647 599.637 599.627 599.616 599.606 599.596 599.586 599.576 599.566 599.556 599.545 599.535 599.525 599.515 599.505 599.495 599.485 599.474 599.464 599.454 599.444 599.434 599.424 599.414 599.403 599.393 599.383 599.373 599.363 599.353 599.343 599.332 599.322 599.312 599.302 599.292 599.282 599.272 599.261 599.251 599.241 599.231 599.221 599.211 599.201 599.19 599.18 599.17 599.16 599.15 599.14 599.13 599.119 599.109 599.099 599.089 599.079 599.069 599.059 599.048 599.038 599.028
599.532 599.521 599.511 599.501 599.491 599.481 599.471 599.461 599.45 599.44 599.43 599.42 599.41 599.4 599.39 599.379 599.369 599.359 599.349 599.339 599.329 599.319 599.308 599.298 599.288 599.278 599.268 599.258 599.248 599.237 599.227 599.217 599.207 599.197 599.187 599.177 599.166 599.156 599.146 599.136 599.126 599.116 599.106 599.095 599.085 599.075 599.065 599.055 599.045 599.035 599.024 599.014 599.004 598.994 598.984 598.974 598.964 598.953 598.943 598.933 598.923 598.913 598.903 598.893 598.882 598.872
599.416 599.406 599.396 599.386 599.375 599.365 599.355 599.345 599.335 599.325 599.315 599.304 599.294 599.284 599.274 599.264 599.254 599.243 599.233 599.223 599.213 599.203 599.193 599.183 599.172 599.162 599.152 599.142 599.132 599.122 599.112 599.101 599.091 599.081 599.071 599.061 599.051 599.041 599.03 599.02 599.01 599 598.99 598.98 598.97 598.959 598.949 598.939 598.929 598.919 598.909 598.899 598.888 598.878 598.868 598.858 598.848 598.838 598.828 598.817 598.807 598.797 598.787 598.777 598.767 598.757
599.366 599.356 599.345 599.335 599.325 599.315 599.305 599.295 599.285 599.274 599.264 599.254 599.244 599.234 599.224 599.213 599.203 599.193 599.183 599.173 599.163 599.153 599.142 599.132 599.122 599.112 599.102 599.092 599.082 599.071 599.061 599.051 599.041 599.031 599.021 599.011 599 598.99 598.98 598.97 598.96 598.95 598.94 598.929 598.919 598.909 598.899 598.889 598.879 598.869 598.858 598.848 598.838 598.828 598.818 598.808 598.798 598.787 598.777 598.767 598.757 598.747 598.737 598.727 598.716 598.706
599.33 599.32 599.31 599.3 599.29 599.28 599.27 599.259 599.249 599.239 599.229 599.219 599.209 599.199 599.188 599.178 599.168 599.158 599.148 599.138 599.128 599.117 599.107 599.097 599.087 599.077 599.067 599.057 599.046 599.036 599.026 599.016 599.006 598.996 598.986 598.975 598.965 598.955 598.945 598.935 598.925 598.915 598.904 598.894 598.884 598.874 598.864 598.854 598.844 598.833 598.823 598.813 598.803 598.793 598.783 598.773 598.762 598.752 598.742 598.732 598.722 598.712 598.702 598.691 598.681 598.671
599.33 599.32 599.31 599.3 599.29 599.28 599.27 599.259 599.249 599.239 599.229 599.219 599.209 599.199 599.188 599.178 599.168 599.158 599.148 599.138 599.128 599.117 599.107 599.097 599.087 599.077 599.067 599.057 599.046 599.036 599.026 599.016 599.006 598.996 598.986 598.975 598.965 598.955 598.945 598.935 598.925 598.915 598.904 598.894 598.884 598.874 598.864 598.854 598.844 598.833 598.823 598.813 598.803 598.793 598.783 598.773 598.762 598.752 598.742 598.732 598.722 598.712 598.702 598.691 598.681 598.671
599.366 599.356 599.345 599.335 599.325 599.315 599.305 599.295 599.285 599.274 599.264 599.254 599.244 599.234 599.224 599.213 599.203 599.193 599.183 599.173 599.163 599.153 599.142 599.132 599.122 599.112 599.102 599.092 599.082 599.071 599.061 599.051 599.041 599.031 599.021 599.011 599 598.99 598.98 598.97 598.96 598.95 598.94 598.929 598.919 598.909 598.899 598.889 598.879 598.869 598.858 598.848 598.838 598.828 598.818 598.808 598.798 598.787 598.777 598.767 598.757 598.747 598.737 598.727 598.716 598.706
599.416 599.406 599.396 599.386 599.375 599.365 599.355 599.345 599.335 599.325 599.315 599.304 599.294 599.284 599.274 599.264 599.254 599.243 599.233 599.223 599.213 599.203 599.193 599.183 599.172 599.162 599.152 599.142 599.132 599.122 599.112 599.101 599.091 599.081 599.071 599.061 599.051 599.041 599.03 599.02 599.01 599 598.99 598.98 598.97 598.959 598.949 598.939 598.929 598.919 598.909 598.899 598.888 598.878 598.868 598.858 598.848 598.838 598.828 598.817 598.807 598.797 598.787 598.777 598.767 598.757
599.532 599.521 599.511 599.501 599.491 599.481 599.471 599.461 599.45 599.44 599.43 599.42 599.41 599.4 599.39 599.379 599.369 599.359 599.349 599.339 599.329 599.319 599.308 599.298 599.288 599.278 599.268 599.258 599.248 599.237 599.227 599.217 599.207 599.197 599.187 599.177 599.166 599.156 599.146 599.136 599.126 599.116 599.106 599.095 599.085 599.075 599.065 599.055 599.045 599.035 599.024 599.014 599.004 598.994 598.984 598.974 598.964 598.953 598.943 598.933 598.923 598.913 598.903 598.893 598.882 598.872
599.688 599.677 599.667 599.657 599.647 599.637 599.627 599.616 599.606 599.596 599.586 599.576 599.566 599.556 599.545 599.535 599.525 599.515 599.505 599.495 599.485 599.474 599.464 599.454 599.444 599.434 599.424 599.414 599.403 599.393 599.383 599.373 599.363 599.353 599.343 599.332 599.322 599.312 599.302 599.292 599.282 599.272 599.261 599.251 599.241 599.231 599.221 599.211 599.201 599.19 599.18 599.17 599.16 599.15 599.14 599.13 599.119 599.109 599.099 599.089 599.079 599.069 599.059 599.048 599.038 599.028
599.818 599.808 599.798 599.788 599.778 599.768 599.757 599.747 599.737 599.727 599.717 599.707 599.697 599.686 599.676 599.666 599.656 599.646 599.636 599.626 599.615 599.605 599.595 599.585 599.575 599.565 599.555 599.544 599.534 599.524 599.514 599.504 599.494 599.484 599.473 599.463 599.453 599.443 599.433 599.423 599.412 599.402 599.392 599.382 599.372 599.362 599.352 599.341 599.331 599.321 599.311 599.301 599.291 599.281 599.27 599.26 599.25 599.24 599.23 599.22 599.21 599.199 599.189 599.179 599.169 599.159
600.055 600.044 600.034 600.024 600.014 600.004 599.994 599.984 599.973 599.963 599.953 599.943 599.933 599.923 599.913 599.902 599.892 599.882 599.872 599.862 599.852 599.842 599.831 599.821 599.811 599.801 599.791 599.781 599.771 599.76 599.75 599.74 599.73 599.72 599.71 599.7 599.689 599.679 599.669 599.659 599.649 599.639 599.629 599.618 599.608 599.598 599.588 599.578 599.568 599.558 599.547 599.537 599.527 599.517 599.507 599.497 599.487 599.476 599.466 599.456 599.446 599.436 599.426 599.416 599.405 599.395
600.331 600.321 600.311 600.301 600.291 600.28 600.27 600.26 600.25 600.24 600.23 600.22 600.209 600.199 600.189 600.179 600.169 600.159 600.149 600.138 600.128 600.118 600.108 600.098 600.088 600.078 600.067 600.057 600.047 600.037 600.027 600.017 600.007 599.996 599.986 599.976 599.966 599.956 599.946 599.936 599.925 599.915 599.905 599.895 599.885 599.875 599.865 599.854 599.844 599.834 599.824 599.814 599.804 599.794 599.783 599.773 599.763 599.753 599.743 599.733 599.723 599.712 599.702 599.692 599.682 599.672
600.88 600.875 600.87 600.864 600.859 600.854 600.849 600.844 600.839 600.834 600.829 600.824 600.819 600.814 600.809 600.804 600.799 600.793 600.788 600.783 600.778 600.773 600.768 600.763 600.758 600.753 600.748 600.743 600.738 600.733 600.728 600.722 600.717 600.712 600.707 600.702 600.697 600.692 600.687 600.682 600.677 600.672 600.667 600.662 600.657 600.651 600.646 600.641 600.636 600.631 600.626 600.621 600.616 600.611 600.606 600.601 600.596 600.591 600.586 600.58 600.575 600.57 600.565 600.56 600.555 600.55
601.2511 601.2461 601.2411 601.235 601.2301 601.2251 601.2201 601.2151 601.2101 601.2051 601.2001 601.1951 601.1901 601.1851 601.1801 601.175 601.17 601.1641 601.1591 601.1541 601.149 601.1441 601.1391 601.1341 601.1291 601.1241 601.1191 601.1141 601.1091 601.1041 601.0991 601.0931 601.0881 601.0831 601.0781 601.0731 601.0681 601.063 601.058 601.0531 601.0481 601.0431 601.0381 601.0331 601.0281 601.0221 601.0171 601.0121 601.0071 601.0021 600.9971 600.9921 600.9871 600.9821 600.9771 600.972 600.9671 600.9621 600.9571 600.951 600.946 600.9411 600.9361 600.9311 600.9261 600.9211
601.6221 601.6171 601.6121 601.6061 601.6011 601.5961 601.5911 601.5861 601.5811 601.5761 601.5711 601.5661 601.5611 601.5562 601.5511 601.5461 601.5411 601.5352 601.5302 601.5251 601.5201 601.5151 601.5101 601.5051 601.5001 601.4951 601.4901 601.4851 601.4801 601.4751 601.4702 601.4641 601.4591 601.4541 601.4491 601.4442 601.4391 601.4341 601.4291 601.4241 601.4191 601.4141 601.4091 601.4041 601.3991 601.3931 601.3881 601.3831 601.3781 601.3731 601.3681 601.3631 601.3582 601.3531 601.3481 601.3431 601.3381 601.3331 601.3281 601.3221 601.3171 601.3121 601.3071 601.3021 601.2971 601.2921
601.9932 601.9882 601.9832 601.9772 601.9722 601.9672 601.9622 601.9572 601.9522 601.9472 601.9422 601.9372 601.9322 601.9272 601.9222 601.9172 601.9122 601.9062 601.9012 601.8962 601.8912 601.8862 601.8812 601.8762 601.8712 601.8662 601.8612 601.8562 601.8512 601.8462 601.8412 601.8352 601.8302 601.8252 601.8202 601.8152 601.8102 601.8052 601.8002 601.7952 601.7902 601.7852 601.7802 601.7752 601.7702 601.7642 601.7592 601.7542 601.7492 601.7442 601.7392 601.7342 601.7292 601.7242 601.7192 601.7142 601.7092 601.7042 601.6992 601.6932 601.6882 601.6832 601.6782 601.6732 601.6682 601.6632
602.3643 602.3593 602.3542 602.3483 602.3433 602.3383 602.3333 602.3282 602.3232 602.3182 602.3132 602.3082 602.3032 602.2983 602.2933 602.2883 602.2833 602.2773 602.2723 602.2673 602.2623 602.2573 602.2523 602.2473 602.2422 602.2372 602.2322 602.2272 602.2222 602.2172 602.2123 602.2062 602.2012 602.1962 602.1912 602.1863 602.1813 602.1763 602.1713 602.1663 602.1613 602.1563 602.1512 602.1462 602.1412 602.1353 602.1302 602.1252 602.1202 602.1152 602.1102 602.1052 602.1003 602.0953 602.0903 602.0853 602.0803 602.0753 602.0703 602.0643 602.0593 602.0543 602.0493 602.0443 602.0392 602.0342
602.7354 602.7303 602.7253 602.7193 602.7144 602.7094 602.7043 602.6993 602.6943 602.6893 602.6843 602.6793 602.6743 602.6693 602.6643 602.6593 602.6543 602.6483 602.6433 602.6383 602.6333 602.6284 602.6234 602.6183 602.6133 602.6083 602.6033 602.5983 602.5933 602.5883 602.5833 602.5773 602.5723 602.5673 602.5623 602.5573 602.5523 602.5473 602.5423 602.5374 602.5323 602.5273 602.5223 602.5173 602.5123 602.5063 602.5013 602.4963 602.4913 602.4863 602.4813 602.4763 602.4713 602.4663 602.4613 602.4563 602.4514 602.4464 602.4413 602.4353 602.4303 602.4254 602.4203 602.4153 602.4103 602.4053
603.1064 603.1014 603.0964 603.0904 603.0854 603.0804 603.0754 603.0704 603.0654 603.0604 603.0554 603.0504 603.0454 603.0404 603.0354 603.0304 603.0254 603.0194 603.0144 603.0094 603.0044 602.9995 602.9944 602.9894 602.9844 602.9794 602.9744 602.9694 602.9644 602.9594 602.9544 602.9484 602.9434 602.9384 602.9334 602.9284 602.9234 602.9184 602.9134 602.9084 602.9034 602.8984 602.8934 602.8884 602.8834 602.8774 602.8724 602.8674 602.8624 602.8574 602.8524 602.8474 602.8424 602.8374 602.8324 602.8274 602.8224 602.8174 602.8124 602.8064 602.8014 602.7964 602.7914 602.7864 602.7814 602.7764
603.4775 603.4725 603.4675 603.4614 603.4565 603.4515 603.4465 603.4415 603.4365 603.4315 603.4265 603.4214 603.4164 603.4114 603.4064 603.4014 603.3964 603.3904 603.3854 603.3804 603.3754 603.3705 603.3655 603.3605 603.3555 603.3505 603.3455 603.3405 603.3354 603.3304 603.3254 603.3195 603.3145 603.3094 603.3044 603.2994 603.2944 603.2894 603.2844 603.2795 603.2745 603.2695 603.2645 603.2595 603.2545 603.2485 603.2435 603.2385 603.2335 603.2285 603.2234 603.2184 603.2134 603.2084 603.2034 603.1984 603.1935 603.1885 603.1835 603.1774 603.1724 603.1675 603.1625 603.1575 603.1525 603.1475
603.683 603.678 603.673 603.667 603.662 603.657 603.652 603.647 603.642 603.637 603.632 603.627 603.622 603.617 603.612 603.607 603.602 603.596 603.591 603.586 603.581 603.576 603.571 603.566 603.561 603.556 603.551 603.546 603.541 603.536 603.531 603.525 603.52 603.515 603.51 603.505 603.5 603.495 603.49 603.485 603.48 603.475 603.47 603.465 603.46 603.454 603.449 603.444 603.439 603.434 603.429 603.424 603.419 603.414 603.409 603.404 603.399 603.394 603.389 603.383 603.378 603.373 603.368 603.363 603.358 603.353
603.723 603.718 603.713 603.707 603.702 603.697 603.692 603.687 603.682 603.677 603.672 603.667 603.662 603.657 603.652 603.647 603.642 603.636 603.631 603.626 603.621 603.616 603.611 603.606 603.601 603.596 603.591 603.586 603.581 603.576 603.571 603.565 603.56 603.555 603.55 603.545 603.54 603.535 603.53 603.525 603.52 603.515 603.51 603.505 603.5 603.494 603.489 603.484 603.479 603.474 603.469 603.464 603.459 603.454 603.449 603.444 603.439 603.434 603.429 603.423 603.418 603.413 603.408 603.403 603.398 603.393
603.763 603.758 603.753 603.7469 603.742 603.737 603.732 603.727 603.722 603.717 603.712 603.707 603.702 603.697 603.692 603.687 603.6819 603.676 603.671 603.666 603.6609 603.656 603.651 603.646 603.641 603.636 603.631 603.626 603.621 603.616 603.611 603.605 603.6 603.595 603.59 603.585 603.58 603.575 603.5699 603.565 603.56 603.555 603.55 603.545 603.54 603.534 603.529 603.524 603.519 603.514 603.509 603.504 603.499 603.494 603.489 603.4839 603.479 603.474 603.469 603.463 603.4579 603.453 603.448 603.443 603.438 603.433
