samples/sfe_2248/sfe_2248_c1/sfe_2248_c1/sfe_2248_c1.asc
ncols         187
nrows         82
xllcorner     100
yllcorner     83.60000000149
cellsize      0.4
NODATA_value  -9999
[rows 30 to 59 of 82, columns 0 to 65 of 187]
601.9561 601.9511 601.9461 601.9411 601.9361 601.9312 601.9261 601.9211 601.9161 601.9111 601.9061 601.9011 601.8961 601.8911 601.8851 601.8801 601.8751 601.8701 601.8651 601.8601 601.8551 601.8501 601.8452 601.8401 601.8351 601.8301 601.8251 601.8201 601.8141 601.8091 601.8041 601.7991 601.7941 601.7891 601.7841 601.7791 601.7741 601.7691 601.7641 601.7592 601.7542 601.7491 601.7431 601.7381 601.7332 601.7281 601.7231 601.7181 601.7131 601.7081 601.7031 601.6981 601.6931 601.6881 601.6831 601.6781 601.6721 601.6671 601.6621 601.6571 601.6521 601.6472 601.6422 601.6371 601.6321 601.6271
601.5851 601.5801 601.5751 601.5701 601.5651 601.5601 601.5551 601.55 601.545 601.5401 601.5351 601.5301 601.5251 601.5201 601.5141 601.5091 601.5041 601.4991 601.4941 601.4891 601.4841 601.4791 601.4741 601.4691 601.4641 601.459 601.4541 601.4491 601.4431 601.438 601.433 601.4281 601.4231 601.4181 601.4131 601.4081 601.4031 601.3981 601.3931 601.3881 601.3831 601.3781 601.3721 601.3671 601.3621 601.3571 601.3521 601.347 601.3421 601.3371 601.3321 601.3271 601.3221 601.3171 601.3121 601.3071 601.3011 601.2961 601.2911 601.2861 601.2811 601.2761 601.2711 601.2661 601.261 601.2561
601.214 601.209 601.204 601.199 601.194 601.189 601.184 601.179 601.174 601.169 601.164 601.159 601.154 601.149 601.143 601.138 601.133 601.128 601.123 601.118 601.113 601.108 601.103 601.098 601.093 601.088 601.083 601.078 601.072 601.067 601.062 601.057 601.052 601.047 601.042 601.037 601.032 601.027 601.022 601.017 601.012 601.007 601.001 600.996 600.991 600.986 600.981 600.976 600.971 600.966 600.961 600.956 600.951 600.946 600.941 600.936 600.93 600.925 600.92 600.915 600.91 600.905 600.9 600.895 600.89 600.885
601.001 600.991 600.98 600.97 600.96 600.95 600.94 600.93 600.92 600.909 600.899 600.889 600.879 600.869 600.859 600.849 600.838 600.828 600.818 600.808 600.798 600.788 600.778 600.767 600.757 600.747 600.737 600.727 600.717 600.707 600.696 600.686 600.676 600.666 600.656 600.646 600.636 600.625 600.615 600.605 600.595 600.585 600.575 600.565 600.554 600.544 600.534 600.524 600.514 600.504 600.494 600.483 600.473 600.463 600.453 600.443 600.433 600.423 600.412 600.402 600.392 600.382 600.372 600.362 600.351 600.341
600.724 600.714 600.704 600.694 600.684 600.673 600.663 600.653 600.643 600.633 600.623 600.613 600.602 600.592 600.582 600.572 600.562 600.552 600.542 600.531 600.521 600.511 600.501 600.491 600.481 600.471 600.46 600.45 600.44 600.43 600.42 600.41 600.4 600.389 600.379 600.369 600.359 600.349 600.339 600.329 600.318 600.308 600.298 600.288 600.278 600.268 600.257 600.247 600.237 600.227 600.217 600.207 600.197 600.186 600.176 600.166 600.156 600.146 600.136 600.126 600.115 600.105 600.095 600.085 600.075 600.065
600.488 600.478 600.467 600.457 600.447 600.437 600.427 600.417 600.407 600.396 600.386 600.376 600.366 600.356 600.346 600.336 600.325 600.315 600.305 600.295 600.285 600.275 600.265 600.254 600.244 600.234 600.224 600.214 600.204 600.194 600.183 600.173 600.163 600.153 600.143 600.133 600.123 600.112 600.102 600.092 600.082 600.072 600.062 600.052 600.041 600.031 600.021 600.011 600.001 599.991 599.981 599.97 599.96 599.95 599.94 599.93 599.92 599.91 599.899 599.889 599.879 599.869 599.859 599.849 599.839 599.828
600.357 600.347 600.337 600.327 600.316 600.306 600.296 600.286 600.276 600.266 600.256 600.245 600.235 600.225 600.215 600.205 600.195 600.185 600.174 600.164 600.154 600.144 600.134 600.124 600.114 600.103 600.093 600.083 600.073 600.063 600.053 600.043 600.032 600.022 600.012 600.002 599.992 599.982 599.972 599.961 599.951 599.941 599.931 599.921 599.911 599.901 599.89 599.88 599.87 599.86 599.85 599.84 599.83 599.819 599.809 599.799 599.789 599.779 599.769 599.759 599.748 599.738 599.728 599.718 599.708 599.698
600.201 600.191 600.181 600.171 600.161 600.15 600.14 600.13 600.12 600.11 600.1 600.09 600.079 600.069 600.059 600.049 600.039 600.029 600.019 600.008 599.998 599.988 599.978 599.968 599.958 599.948 599.937 599.927 599.917 599.907 599.897 599.887 599.877 599.866 599.856 599.846 599.836 599.826 599.816 599.805 599.795 599.785 599.775 599.765 599.755 599.745 599.734 599.724 599.714 599.704 599.694 599.684 599.674 599.663 599.653 599.643 599.633 599.623 599.613 599.603 599.592 599.582 599.572 599.562 599.552 599.542
600.085 600.075 600.065 600.055 600.045 600.035 600.025 600.014 600.004 599.994 599.984 599.974 599.964 599.954 599.943 599.933 599.923 599.913 599.903 599.893 599.883 599.872 599.862 599.852 599.842 599.832 599.822 599.812 599.801 599.791 599.781 599.771 599.761 599.751 599.741 599.73 599.72 599.71 599.7 599.69 599.68 599.67 599.659 599.649 599.639 599.629 599.619 599.609 599.599 599.588 599.578 599.568 599.558 599.548 599.538 599.528 599.517 599.507 599.497 599.487 599.477 599.467 599.457 599.446 599.436 599.426
600.035 600.025 600.015 600.005 599.995 599.984 599.974 599.964 599.954 599.944 599.934 599.924 599.913 599.903 599.893 599.883 599.873 599.863 599.853 599.842 599.832 599.822 599.812 599.802 599.792 599.782 599.771 599.761 599.751 599.741 599.731 599.721 599.711 599.7 599.69 599.68 599.67 599.66 599.65 599.64 599.629 599.619 599.609 599.599 599.589 599.579 599.569 599.558 599.548 599.538 599.528 599.518 599.508 599.498 599.487 599.477 599.467 599.457 599.447 599.437 599.427 599.416 599.406 599.396 599.386 599.376
600 599.99 599.98 599.97 599.959 599.949 599.939 599.929 599.919 599.909 599.899 599.888 599.878 599.868 599.858 599.848 599.838 599.828 599.817 599.807 599.797 599.787 599.777 599.767 599.757 599.746 599.736 599.726 599.716 599.706 599.696 599.685 599.675 599.665 599.655 599.645 599.635 599.625 599.614 599.604 599.594 599.584 599.574 599.564 599.554 599.543 599.533 599.523 599.513 599.503 599.493 599.483 599.472 599.462 599.452 599.442 599.432 599.422 599.412 599.401 599.391 599.381 599.371 599.361 599.351 599.341
600 599.99 599.98 599.97 599.959 599.949 599.939 599.929 599.919 599.909 599.899 599.888 599.878 599.868 599.858 599.848 599.838 599.828 599.817 599.807 599.797 599.787 599.777 599.767 599.757 599.746 599.736 599.726 599.716 599.706 599.696 599.685 599.675 599.665 599.655 599.645 599.635 599.625 599.614 599.604 599.594 599.584 599.574 599.564 599.554 599.543 599.533 599.523 599.513 599.503 599.493 599.483 599.472 599.462 599.452 599.442 599.432 599.422 599.412 599.401 599.391 599.381 599.371 599.361 599.351 599.341
600.035 600.025 600.015 600.005 599.995 599.984 599.974 599.964 599.954 599.944 599.934 599.924 599.913 599.903 599.893 599.883 599.873 599.863 599.853 599.842 599.832 599.822 599.812 599.802 599.792 599.782 599.771 599.761 599.751 599.741 599.731 599.721 599.711 599.7 599.69 599.68 599.67 599.66 599.65 599.64 599.629 599.619 599.609 599.599 599.589 599.579 599.569 599.558 599.548 599.538 599.528 599.518 599.508 599.498 599.487 599.477 599.467 599.457 599.447 599.437 599.427 599.416 599.406 599.396 599.386 599.376
600.085 600.075 600.065 600.055 600.045 600.035 600.025 600.014 600.004 599.994 599.984 599.974 599.964 599.954 599.943 599.933 599.923 599.913 599.903 599.893 599.883 599.872 599.862 599.852 599.842 599.832 599.822 599.812 599.801 599.791 599.781 599.771 599.761 599.751 599.741 599.73 599.72 599.71 599.7 599.69 599.68 599.67 599.659 599.649 599.639 599.629 599.619 599.609 599.599 599.588 599.578 599.568 599.558 599.548 599.538 599.528 599.517 599.507 599.497 599.487 599.477 599.467 599.457 599.446 599.436 599.426
600.201 600.191 600.181 600.171 600.161 600.15 600.14 600.13 600.12 600.11 600.1 600.09 600.079 600.069 600.059 600.049 600.039 600.029 600.019 600.008 599.998 599.988 599.978 599.968 599.958 599.948 599.937 599.927 599.917 599.907 599.897 599.887 599.877 599.866 599.856 599.846 599.836 599.826 599.816 599.805 599.795 599.785 599.775 599.765 599.755 599.745 599.734 599.724 599.714 599.704 599.694 599.684 599.674 599.663 599.653 599.643 599.633 599.623 599.613 599.603 599.592 599.582 599.572 599.562 599.552 599.542
600.357 600.347 600.337 600.327 600.316 600.306 600.296 600.286 600.276 600.266 600.256 600.245 600.235 600.225 600.215 600.205 600.195 600.185 600.174 600.164 600.154 600.144 600.134 600.124 600.114 600.103 600.093 600.083 600.073 600.063 600.053 600.043 600.032 600.022 600.012 600.002 599.992 599.982 599.972 599.961 599.951 599.941 599.931 599.921 599.911 599.901 599.89 599.88 599.87 599.86 599.85 599.84 599.83 599.819 599.809 599.799 599.789 599.779 599.769 599.759 599.748 599.738 599.728 599.718 599.708 599.698
600.488 600.478 600.467 600.457 600.447 600.437 600.427 600.417 600.407 600.396 600.386 600.376 600.366 600.356 600.346 600.336 600.325 600.315 600.305 600.295 600.285 600.275 600.265 600.254 600.244 600.234 600.224 600.214 600.204 600.194 600.183 600.173 600.163 600.153 600.143 600.133 600.123 600.112 600.102 600.092 600.082 600.072 600.062 600.052 600.041 600.031 600.021 600.011 600.001 599.991 599.981 599.97 599.96 599.95 599.94 599.93 599.92 599.91 599.899 599.889 599.879 599.869 599.859 599.849 599.839 599.828
600.724 600.714 600.704 600.694 600.684 600.673 600.663 600.653 600.643 600.633 600.623 600.613 600.602 600.592 600.582 600.572 600.562 600.552 600.542 600.531 600.521 600.511 600.501 600.491 600.481 600.471 600.46 600.45 600.44 600.43 600.42 600.41 600.4 600.389 600.379 600.369 600.359 600.349 600.339 600.329 600.318 600.308 600.298 600.288 600.278 600.268 600.257 600.247 600.237 600.227 600.217 600.207 600.197 600.186 600.176 600.166 600.156 600.146 600.136 600.126 600.115 600.105 600.095 600.085 600.075 600.065
601.001 600.991 600.98 600.97 600.96 600.95 600.94 600.93 600.92 600.909 600.899 600.889 600.879 600.869 600.859 600.849 600.838 600.828 600.818 600.808 600.798 600.788 600.778 600.767 600.757 600.747 600.737 600.727 600.717 600.707 600.696 600.686 600.676 600.666 600.656 600.646 600.636 600.625 600.615 600.605 600.595 600.585 600.575 600.565 600.554 600.544 600.534 600.524 600.514 600.504 600.494 600.483 600.473 600.463 600.453 600.443 600.433 600.423 600.412 600.402 600.392 600.382 600.372 600.362 600.351 600.341
601.214 601.209 601.204 601.199 601.194 601.189 601.184 601.179 601.174 601.169 601.164 601.159 601.154 601.149 601.143 601.138 601.133 601.128 601.123 601.118 601.113 601.108 601.103 601.098 601.093 601.088 601.083 601.078 601.072 601.067 601.062 601.057 601.052 601.047 601.042 601.037 601.032 601.027 601.022 601.017 601.012 601.007 601.001 600.996 600.991 600.986 600.981 600.976 600.971 600.966 600.961 600.956 600.951 600.946 600.941 600.936 600.93 600.925 600.92 600.915 600.91 600.905 600.9 600.895 600.89 600.885
601.5851 601.5801 601.5751 601.5701 601.5651 601.5601 601.5551 601.55 601.545 601.5401 601.5351 601.5301 601.5251 601.5201 601.5141 601.5091 601.5041 601.4991 601.4941 601.4891 601.4841 601.4791 601.4741 601.4691 601.4641 601.459 601.4541 601.4491 601.4431 601.438 601.433 601.4281 601.4231 601.4181 601.4131 601.4081 601.4031 601.3981 601.3931 601.3881 601.3831 601.3781 601.3721 601.3671 601.3621 601.3571 601.3521 601.347 601.3421 601.3371 601.3321 601.3271 601.3221 601.3171 601.3121 601.3071 601.3011 601.2961 601.2911 601.2861 601.2811 601.2761 601.2711 601.2661 601.261 601.2561
601.9561 601.9511 601.9461 601.9411 601.9361 601.9312 601.9261 601.9211 601.9161 601.9111 601.9061 601.9011 601.8961 601.8911 601.8851 601.8801 601.8751 601.8701 601.8651 601.8601 601.8551 601.8501 601.8452 601.8401 601.8351 601.8301 601.8251 601.8201 601.8141 601.8091 601.8041 601.7991 601.7941 601.7891 601.7841 601.7791 601.7741 601.7691 601.7641 601.7592 601.7542 601.7491 601.7431 601.7381 601.7332 601.7281 601.7231 601.7181 601.7131 601.7081 601.7031 601.6981 601.6931 601.6881 601.6831 601.6781 601.6721 601.6671 601.6621 601.6571 601.6521 601.6472 601.6422 601.6371 601.6321 601.6271
602.3272 602.3222 602.3172 602.3122 602.3072 602.3022 602.2972 602.2922 602.2872 602.2822 602.2772 602.2722 602.2672 602.2622 602.2562 602.2512 602.2462 602.2412 602.2362 602.2312 602.2262 602.2212 602.2162 602.2112 602.2062 602.2012 602.1962 602.1912 602.1852 602.1802 602.1752 602.1702 602.1652 602.1602 602.1552 602.1502 602.1452 602.1402 602.1352 602.1302 602.1252 602.1202 602.1142 602.1092 602.1042 602.0992 602.0942 602.0892 602.0842 602.0792 602.0742 602.0692 602.0642 602.0592 602.0542 602.0492 602.0432 602.0382 602.0332 602.0282 602.0232 602.0182 602.0132 602.0082 602.0032 601.9982
602.6982 602.6932 602.6882 602.6832 602.6782 602.6733 602.6683 602.6633 602.6583 602.6533 602.6483 602.6432 602.6382 602.6332 602.6273 602.6223 602.6172 602.6122 602.6072 602.6022 602.5972 602.5922 602.5873 602.5823 602.5773 602.5723 602.5673 602.5623 602.5563 602.5513 602.5463 602.5413 602.5363 602.5313 602.5262 602.5212 602.5162 602.5112 602.5062 602.5013 602.4963 602.4913 602.4852 602.4802 602.4753 602.4703 602.4653 602.4603 602.4553 602.4503 602.4453 602.4402 602.4352 602.4302 602.4252 602.4202 602.4142 602.4092 602.4042 602.3992 602.3942 602.3893 602.3843 602.3793 602.3743 602.3693
603.0693 603.0643 603.0593 603.0543 603.0493 603.0443 603.0393 603.0343 603.0293 603.0244 603.0193 603.0143 603.0093 603.0043 602.9984 602.9933 602.9883 602.9833 602.9783 602.9733 602.9683 602.9633 602.9583 602.9533 602.9483 602.9433 602.9384 602.9333 602.9273 602.9223 602.9173 602.9124 602.9073 602.9023 602.8973 602.8923 602.8873 602.8823 602.8773 602.8723 602.8673 602.8623 602.8563 602.8513 602.8463 602.8413 602.8363 602.8313 602.8264 602.8214 602.8163 602.8113 602.8063 602.8013 602.7963 602.7913 602.7853 602.7803 602.7753 602.7703 602.7653 602.7603 602.7553 602.7503 602.7453 602.7404
603.4404 603.4354 603.4304 603.4254 603.4204 603.4154 603.4104 603.4054 603.4004 603.3954 603.3904 603.3854 603.3804 603.3754 603.3694 603.3644 603.3594 603.3544 603.3494 603.3444 603.3394 603.3344 603.3294 603.3244 603.3194 603.3144 603.3094 603.3044 603.2984 603.2934 603.2884 603.2834 603.2784 603.2734 603.2684 603.2634 603.2584 603.2534 603.2484 603.2434 603.2384 603.2334 603.2274 603.2224 603.2174 603.2124 603.2074 603.2024 603.1974 603.1924 603.1874 603.1824 603.1774 603.1724 603.1674 603.1624 603.1564 603.1514 603.1464 603.1414 603.1364 603.1314 603.1264 603.1214 603.1164 603.1115
603.8115 603.8065 603.8015 603.7964 603.7914 603.7864 603.7814 603.7764 603.7714 603.7665 603.7615 603.7565 603.7515 603.7465 603.7405 603.7355 603.7305 603.7255 603.7205 603.7155 603.7104 603.7054 603.7004 603.6954 603.6904 603.6854 603.6805 603.6755 603.6694 603.6644 603.6594 603.6545 603.6495 603.6445 603.6395 603.6345 603.6295 603.6245 603.6194 603.6144 603.6094 603.6044 603.5984 603.5934 603.5884 603.5834 603.5784 603.5734 603.5685 603.5635 603.5585 603.5535 603.5485 603.5435 603.5385 603.5334 603.5275 603.5225 603.5175 603.5125 603.5074 603.5024 603.4974 603.4924 603.4874 603.4825
604.017 604.012 604.007 604.002 603.997 603.992 603.987 603.982 603.977 603.972 603.967 603.962 603.957 603.952 603.946 603.941 603.936 603.931 603.926 603.921 603.916 603.911 603.906 603.901 603.896 603.891 603.886 603.881 603.875 603.87 603.865 603.86 603.855 603.85 603.845 603.84 603.835 603.83 603.825 603.82 603.815 603.81 603.804 603.799 603.794 603.789 603.784 603.779 603.774 603.769 603.764 603.759 603.754 603.749 603.744 603.739 603.733 603.728 603.723 603.718 603.713 603.708 603.703 603.698 603.693 603.688
604.057 604.052 604.047 604.042 604.037 604.032 604.027 604.022 604.017 604.012 604.007 604.002 603.997 603.992 603.986 603.981 603.976 603.971 603.966 603.961 603.956 603.951 603.946 603.941 603.936 603.931 603.926 603.921 603.915 603.91 603.905 603.9 603.895 603.89 603.885 603.88 603.875 603.87 603.865 603.86 603.855 603.85 603.844 603.839 603.834 603.829 603.824 603.819 603.814 603.809 603.804 603.799 603.794 603.789 603.784 603.779 603.773 603.768 603.763 603.758 603.753 603.748 603.743 603.738 603.733 603.728
604.097 604.092 604.087 604.082 604.077 604.072 604.067 604.062 604.0569 604.052 604.047 604.042 604.037 604.032 604.026 604.021 604.016 604.011 604.006 604.001 603.996 603.991 603.986 603.981 603.976 603.9709 603.966 603.961 603.955 603.95 603.9449 603.94 603.935 603.93 603.925 603.92 603.915 603.91 603.905 603.9 603.895 603.89 603.884 603.879 603.874 603.869 603.864 603.8589 603.854 603.849 603.844 603.839 603.834 603.829 603.824 603.819 603.813 603.808 603.803 603.798 603.793 603.788 603.783 603.778 603.7729 603.768
