site316_cleanbed/site316_cleanbed/sfe316_cleanbed.asc
ncols         546
nrows         246
xllcorner     -23.4
yllcorner     -132.6
cellsize      1
NODATA_value  -9999
[rows 56 to 83 of 246, columns 441 to 503 of 546]
497.5269 497.5123 497.5023 497.4895 497.4738 497.4628 497.4524 497.4365 497.423 497.4114 497.3957 497.3816 497.3716 497.3561 497.3447 497.3347 497.3229 497.3076 497.2941 497.2779 497.2622 497.2522 497.2404 497.2257 497.2138 497.199 497.187 497.1721 497.1601 497.1451 497.133 497.1179 497.1079 497.0952 497.079 497.0642 497.0473 497.0367 497.0197 497.0074 496.9904 496.9761 496.9661 496.9508 496.9389 496.9226 496.9103 496.9003 496.8903 496.8803 496.8687 496.8586 496.8487 496.8387 496.8287 496.8187 496.8087 496.7987 496.7896 496.7799 496.7699 496.7599 496.7499
497.5181 497.5019 497.4915 497.4805 497.4647 497.4519 497.4419 497.4273 497.4119 497.4019 497.3863 497.3706 497.3603 497.347 497.3332 497.3232 497.313 497.2977 497.2845 497.2682 497.2521 497.2404 497.2304 497.2144 497.2037 497.1876 497.1769 497.1607 497.1499 497.1336 497.1228 497.1063 497.0955 497.0845 497.0684 497.0533 497.0369 497.024 497.0092 496.9944 496.9799 496.9629 496.9529 496.9395 496.9256 496.9115 496.8968 496.8868 496.8768 496.8668 496.8551 496.8451 496.8351 496.8251 496.8151 496.8051 496.7951 496.7851 496.7761 496.7664 496.7564 496.7464 496.7364
497.5094 497.4932 497.4807 497.4707 497.4557 497.4409 497.4309 497.4182 497.4023 497.3907 497.377 497.3613 497.3489 497.3379 497.3217 497.3117 497.3018 497.2878 497.2729 497.2586 497.2424 497.2285 497.2185 497.2045 497.1917 497.1776 497.1648 497.1506 497.1377 497.1234 497.1104 497.0961 497.083 497.073 497.0578 497.0416 497.0265 497.0111 496.9987 496.9816 496.9694 496.952 496.9397 496.9282 496.9123 496.9005 496.8834 496.8733 496.8633 496.8533 496.8416 496.8316 496.8216 496.8116 496.8016 496.7916 496.7816 496.7716 496.7626 496.7529 496.7429 496.7329 496.7229
497.5005 497.4845 497.4699 497.4599 497.4467 497.4309 497.4199 497.409 497.3932 497.3796 497.3677 497.352 497.3376 497.3276 497.3119 497.3003 497.2903 497.278 497.2627 497.249 497.2328 497.2166 497.2067 497.1946 497.1797 497.1677 497.1527 497.1405 497.1255 497.1133 497.0981 497.0858 497.0705 497.0605 497.0472 497.031 497.0161 496.9992 496.9882 496.9711 496.9584 496.9415 496.9265 496.9165 496.901 496.8889 496.8723 496.8598 496.8499 496.8398 496.8296 496.8181 496.8081 496.7981 496.7881 496.7781 496.7681 496.7581 496.7491 496.7394 496.7294 496.7194 496.7094
497.4899 497.4758 497.4595 497.4491 497.4376 497.4219 497.409 497.399 497.384 497.3685 497.3584 497.3426 497.3269 497.3163 497.3028 497.2888 497.2788 497.2681 497.2528 497.2393 497.2231 497.207 497.1948 497.1848 497.1686 497.1577 497.1415 497.1305 497.1142 497.1031 497.0867 497.0756 497.0591 497.0481 497.0366 497.0204 497.0052 496.9888 496.9754 496.9606 496.9453 496.931 496.9135 496.9033 496.8897 496.8756 496.8613 496.8463 496.8363 496.8264 496.8163 496.8046 496.7946 496.7846 496.7746 496.7646 496.7546 496.7446 496.7356 496.7259 496.7159 496.7059 496.6959
497.4793 497.4671 497.4508 497.4383 497.4283 497.4128 497.398 497.388 497.3748 497.3589 497.3473 497.3333 497.3176 497.3049 497.2937 497.2774 497.2674 497.2574 497.2429 497.228 497.2135 497.1973 497.183 497.1729 497.1588 497.1458 497.1315 497.1185 497.1041 497.091 497.0766 497.0634 497.0488 497.0356 497.0256 497.0098 496.9937 496.9784 496.9626 496.9501 496.933 496.9204 496.903 496.89 496.8784 496.8625 496.8503 496.8332 496.8228 496.8128 496.8029 496.791 496.781 496.7711 496.761 496.751 496.7411 496.731 496.722 496.7124 496.7024 496.6924 496.6824
497.4687 497.4583 497.4421 497.4275 497.4175 497.4038 497.3881 497.377 497.3656 497.3498 497.3362 497.324 497.3083 497.2936 497.2836 497.2677 497.2559 497.2459 497.233 497.2177 497.2039 497.1877 497.1715 497.1611 497.1489 497.1338 497.1216 497.1064 497.0941 497.0788 497.0664 497.0511 497.0386 497.0231 497.0131 496.9992 496.9831 496.968 496.9511 496.9396 496.9225 496.9093 496.8925 496.8768 496.8669 496.8512 496.8389 496.8221 496.8094 496.7994 496.7894 496.7775 496.7675 496.7575 496.7475 496.7375 496.7275 496.7175 496.7085 496.6989 496.6889 496.6789 496.6689
497.4581 497.4481 497.4334 497.4172 497.4067 497.3947 497.379 497.3661 497.3561 497.3406 497.3251 497.3147 497.2989 497.2832 497.2722 497.2586 497.2444 497.2344 497.2231 497.2078 497.1942 497.178 497.1619 497.1492 497.139 497.1228 497.1116 497.0954 497.084 497.0677 497.0562 497.0399 497.0283 497.0119 497.0006 496.9886 496.9724 496.9572 496.9407 496.9269 496.912 496.8963 496.882 496.8646 496.8536 496.8399 496.8256 496.8111 496.7959 496.7859 496.7759 496.7652 496.754 496.744 496.734 496.724 496.714 496.704 496.695 496.6854 496.6754 496.6654 496.6554
497.4475 497.4375 497.4247 497.4085 497.3959 497.3857 497.37 497.3551 497.3451 497.3314 497.3156 497.3039 497.2896 497.2739 497.2609 497.2495 497.233 497.223 497.213 497.1979 497.1832 497.1684 497.1522 497.1374 497.1273 497.113 497.0999 497.0854 497.0722 497.0576 497.0444 497.0297 497.0164 497.0016 496.9882 496.978 496.9618 496.9457 496.9303 496.914 496.9015 496.8845 496.8715 496.8541 496.8404 496.8286 496.8127 496.8 496.783 496.7724 496.7624 496.7524 496.7405 496.7305 496.7205 496.7105 496.7005 496.6905 496.6815 496.6719 496.6619 496.6519 496.6419
497.4369 497.4269 497.416 497.3998 497.3852 497.3752 497.3609 497.3452 497.3342 497.3223 497.3064 497.2928 497.2803 497.2646 497.2495 497.2396 497.2235 497.2115 497.2015 497.188 497.1728 497.1588 497.1426 497.1264 497.1155 497.1031 497.0879 497.0754 497.0601 497.0476 497.0322 497.0196 497.0041 496.9913 496.9757 496.9657 496.9512 496.9351 496.92 496.903 496.891 496.874 496.8603 496.8436 496.8272 496.8172 496.8014 496.7889 496.7719 496.7589 496.7489 496.7389 496.727 496.7169 496.7069 496.697 496.687 496.6769 496.6679 496.6584 496.6484 496.6384 496.6284
497.4275 497.4163 497.4063 497.3911 497.3748 497.3643 497.3519 497.3362 497.3232 497.3131 497.2972 497.2816 497.271 497.2552 497.2395 497.2282 497.2144 497.2 497.1901 497.1782 497.1629 497.1491 497.1329 497.1168 497.1036 497.0932 497.0771 497.0655 497.0493 497.0375 497.0212 497.0094 496.993 496.9811 496.9646 496.9532 496.9406 496.9245 496.9091 496.8926 496.8784 496.8635 496.8473 496.833 496.8156 496.804 496.7901 496.7755 496.7608 496.7454 496.7354 496.7254 496.7134 496.7034 496.6934 496.6834 496.6734 496.6634 496.6544 496.6449 496.6349 496.6249 496.6149
497.419 497.4056 497.3956 497.3824 497.3661 497.3536 497.3429 497.3271 497.3123 497.3022 497.2881 497.2722 497.2605 497.2459 497.2302 497.2169 497.2053 497.1886 497.1786 497.1683 497.153 497.1383 497.1233 497.1071 497.0918 497.0818 497.0672 497.0539 497.0393 497.0259 497.0112 496.9977 496.9829 496.9694 496.9544 496.9408 496.93 496.9138 496.8977 496.8822 496.8655 496.853 496.8359 496.8225 496.8051 496.7908 496.7788 496.7628 496.7498 496.7327 496.7219 496.7119 496.7008 496.6899 496.6799 496.6699 496.6599 496.6499 496.6409 496.6314 496.6214 496.6114 496.6014
497.4106 497.395 497.385 497.3736 497.3574 497.3428 497.3328 497.3181 497.3023 497.2913 497.2789 497.263 497.2494 497.2366 497.2209 497.2055 497.1955 497.1794 497.1671 497.1571 497.1431 497.1278 497.1137 497.0975 497.0813 497.0699 497.0573 497.042 497.0293 497.0138 497.0011 496.9855 496.9727 496.957 496.9441 496.9283 496.9183 496.9033 496.8871 496.8719 496.8549 496.8425 496.8254 496.8112 496.7946 496.7776 496.7675 496.7515 496.7387 496.7216 496.7084 496.6984 496.6884 496.6764 496.6664 496.6564 496.6464 496.6364 496.6274 496.6179 496.6079 496.5979 496.5879
497.4017 497.3858 497.3744 497.3644 497.3487 497.3325 497.322 497.3091 497.2933 497.2803 497.2697 497.2539 497.2383 497.2273 497.2115 497.1958 497.1842 497.1702 497.1557 497.1457 497.1332 497.1179 497.104 497.0878 497.0717 497.058 497.0475 497.0313 497.0193 497.0031 496.991 496.9747 496.9625 496.9462 496.9339 496.9174 496.9058 496.8926 496.8765 496.8611 496.8445 496.8298 496.8149 496.7982 496.7841 496.7667 496.7544 496.7403 496.7255 496.7106 496.6949 496.6849 496.6749 496.6629 496.6529 496.6429 496.6329 496.6229 496.6139 496.6044 496.5944 496.5844 496.5744
497.3911 497.3773 497.3638 497.3538 497.34 497.3238 497.3112 497.3 497.2843 497.2693 497.2593 497.2447 497.2289 497.2171 497.2022 497.1865 497.1729 497.1611 497.1443 497.1342 497.1234 497.1081 497.0935 497.0782 497.062 497.0462 497.0362 497.0214 497.008 496.9932 496.9796 496.9647 496.9511 496.936 496.9223 496.9071 496.8934 496.882 496.8659 496.8497 496.8341 496.8172 496.8044 496.7874 496.7736 496.7562 496.7411 496.729 496.713 496.6995 496.6825 496.6714 496.6614 496.6493 496.6393 496.6293 496.6193 496.6093 496.6003 496.5909 496.5809 496.5709 496.5609
497.3823 497.3689 497.3532 497.3432 497.3313 497.315 497.3004 497.2904 497.2752 497.2595 497.2484 497.2355 497.2197 497.206 497.1929 497.1772 497.1615 497.1515 497.1352 497.1227 497.1127 497.0982 497.0829 497.0686 497.0524 497.0362 497.0243 497.0116 496.996 496.9832 496.9676 496.9546 496.9389 496.9258 496.91 496.8969 496.8809 496.8709 496.8553 496.8391 496.8238 496.8068 496.7939 496.7769 496.7622 496.7456 496.7282 496.7177 496.7017 496.6885 496.6714 496.6579 496.6479 496.6364 496.6258 496.6158 496.6058 496.5958 496.5868 496.5774 496.5674 496.5574 496.5474
497.3736 497.3601 497.3441 497.3326 497.3226 497.3063 497.2901 497.2796 497.2662 497.2504 497.2374 497.2263 497.2105 497.1948 497.1836 497.1678 497.1521 497.1402 497.126 497.1113 497.1013 497.0883 497.073 497.0589 497.0427 497.0266 497.0125 497.0017 496.9855 496.9732 496.957 496.9445 496.9283 496.9157 496.8993 496.8866 496.8702 496.8584 496.8447 496.8285 496.813 496.7964 496.7813 496.7664 496.7493 496.7351 496.7177 496.7047 496.6904 496.6755 496.6604 496.6444 496.6344 496.6244 496.6123 496.6023 496.5923 496.5823 496.5733 496.5639 496.5539 496.5439 496.5339
497.365 497.3496 497.3356 497.322 497.312 497.2976 497.2814 497.2688 497.2571 497.2414 497.2265 497.2165 497.2013 497.1855 497.1737 497.1585 497.1428 497.1288 497.1169 497.1001 497.0898 497.0784 497.0631 497.0486 497.0331 497.0169 497.0007 496.9906 496.9757 496.9621 496.947 496.9333 496.9182 496.9044 496.8892 496.8753 496.8599 496.8459 496.8341 496.8179 496.8018 496.786 496.7691 496.7558 496.7388 496.7246 496.7072 496.6915 496.6791 496.6632 496.6493 496.6323 496.6209 496.6109 496.5988 496.5888 496.5788 496.5688 496.5598 496.5504 496.5404 496.5304 496.5204
497.3563 497.3408 497.3272 497.3113 497.3013 497.2889 497.2727 497.258 497.248 497.2324 497.2166 497.2055 497.1921 497.1763 497.1626 497.1492 497.1335 497.1177 497.1075 497.091 497.0784 497.0684 497.0532 497.0379 497.0235 497.0073 496.9911 496.9788 496.9658 496.9501 496.9371 496.9213 496.9081 496.8922 496.879 496.8629 496.8496 496.8335 496.8235 496.8073 496.7911 496.7757 496.7587 496.7453 496.7283 496.7132 496.6967 496.6793 496.6679 496.6519 496.6382 496.6212 496.6074 496.5974 496.5852 496.5753 496.5652 496.5552 496.5462 496.5369 496.5269 496.5169 496.5069
497.3476 497.3321 497.3186 497.3024 497.2907 497.2802 497.264 497.2477 497.2372 497.2233 497.2076 497.1945 497.183 497.1671 497.1514 497.1399 497.1241 497.1084 497.0962 497.0818 497.0669 497.0569 497.0433 497.028 497.0138 496.9976 496.9814 496.9669 496.9559 496.9398 496.9271 496.9109 496.8981 496.8818 496.8688 496.8525 496.8394 496.8229 496.811 496.7967 496.7805 496.765 496.7483 496.7328 496.7178 496.7007 496.6862 496.6688 496.6551 496.6406 496.6255 496.6101 496.5939 496.584 496.5721 496.5617 496.5517 496.5417 496.5327 496.5234 496.5134 496.5034 496.4934
497.3389 497.3235 497.3081 497.294 497.2801 497.2701 497.2552 497.239 497.2264 497.2143 497.1985 497.1836 497.1736 497.158 497.1421 497.1303 497.1148 497.0991 497.0848 497.0728 497.0559 497.0454 497.0334 497.0182 497.0038 496.988 496.9718 496.9556 496.945 496.9299 496.9161 496.9009 496.8871 496.8717 496.8578 496.8423 496.8283 496.8127 496.7985 496.7861 496.7699 496.7538 496.7379 496.721 496.7073 496.6902 496.6757 496.6582 496.6419 496.6293 496.6134 496.5991 496.582 496.5705 496.56 496.5482 496.5382 496.5282 496.5192 496.5099 496.4999 496.4899 496.4723
497.3295 497.3148 497.2993 497.2855 497.2695 497.2595 497.2466 497.2303 497.2156 497.2053 497.1895 497.1738 497.1626 497.1488 497.1329 497.1191 497.1055 497.0898 497.074 497.0635 497.0468 497.034 497.0236 497.0083 496.993 496.9784 496.9622 496.946 496.9332 496.92 496.9042 496.891 496.875 496.8617 496.8456 496.8322 496.8159 496.8024 496.7861 496.7755 496.7593 496.7432 496.7276 496.7106 496.6968 496.6797 496.6641 496.6477 496.6303 496.618 496.6021 496.588 496.571 496.5569 496.547 496.5347 496.5247 496.5147 496.5057 496.4964 496.4864 496.4764 496.4022
497.3191 497.3061 497.2906 497.2771 497.2607 497.2489 497.2378 497.2216 497.2054 497.1948 497.1805 497.1647 497.1516 497.1396 497.1237 497.108 497.0962 497.0804 497.0647 497.0521 497.0377 497.0225 497.0125 496.9984 496.9831 496.9687 496.9525 496.9363 496.9213 496.9102 496.894 496.881 496.8647 496.8516 496.8353 496.822 496.8056 496.7922 496.7757 496.7636 496.7487 496.7326 496.7169 496.7003 496.6842 496.6692 496.6522 496.6372 496.6198 496.6054 496.5908 496.5754 496.5599 496.5435 496.5335 496.5211 496.5112 496.5012 496.4922 496.4829 496.4729 496.4629 496.332
497.3088 497.2974 497.2819 497.2666 497.2523 497.2383 497.2283 497.2129 497.1967 497.1841 497.1714 497.1557 497.1407 497.1304 497.1146 497.0988 497.0869 497.0711 497.0554 497.0408 497.0286 497.0117 497.001 496.9885 496.9732 496.959 496.9429 496.9267 496.9105 496.8994 496.8841 496.8702 496.8548 496.8408 496.8252 496.8111 496.7955 496.7813 496.7654 496.7511 496.7381 496.722 496.7058 496.6899 496.6729 496.6587 496.6417 496.6267 496.6093 496.5922 496.5795 496.5636 496.5488 496.5318 496.52 496.5077 496.4976 496.4876 496.4786 496.4694 496.4594 496.4494 496.2619
497.2984 497.2884 497.2733 497.2578 497.2438 497.2277 497.2177 497.2042 497.188 497.1732 497.1624 497.1466 497.1309 497.1197 497.1054 497.0896 497.0757 497.0618 497.0461 497.0303 497.0194 497.0026 496.9896 496.9786 496.9633 496.948 496.9333 496.9171 496.9008 496.8876 496.8743 496.8582 496.8448 496.8287 496.8152 496.7989 496.7853 496.7689 496.7552 496.7387 496.7275 496.7114 496.6952 496.6795 496.6625 496.6482 496.6312 496.6151 496.5988 496.5814 496.5682 496.5523 496.5378 496.5207 496.5065 496.4956 496.4841 496.4741 496.4651 496.4559 496.4459 496.423 496.1918
497.2888 497.278 497.2646 497.2491 497.2354 497.2191 497.207 497.1955 497.1793 497.163 497.1524 497.1376 497.1219 497.1088 497.0962 497.0804 497.0646 497.0525 497.0367 497.021 497.0081 496.9935 496.9781 496.9681 496.9534 496.9381 496.9236 496.9074 496.8912 496.8757 496.8644 496.8482 496.8349 496.8186 496.8051 496.7888 496.7751 496.7588 496.7449 496.7285 496.7162 496.7007 496.6846 496.6689 496.6522 496.6357 496.6206 496.6036 496.5883 496.5708 496.5558 496.541 496.5254 496.5096 496.493 496.483 496.4706 496.4606 496.4516 496.4424 496.4324 496.3528 496.1216
497.2805 497.2677 497.2559 497.2404 497.225 497.2106 497.1964 497.1864 497.1705 497.1543 497.1417 497.1286 497.1128 497.0978 497.0871 497.0712 497.0554 497.0432 497.0274 497.0117 496.9968 496.9844 496.9675 496.9567 496.9435 496.9283 496.914 496.8978 496.8816 496.8654 496.8539 496.8384 496.8243 496.8087 496.7945 496.7787 496.7645 496.7486 496.7342 496.7182 496.7037 496.6902 496.674 496.6578 496.6418 496.6248 496.6101 496.5931 496.5777 496.5603 496.5429 496.5297 496.5137 496.4986 496.4815 496.4695 496.4571 496.4471 496.438 496.4289 496.4189 496.2827 496.0515
497.2721 497.2574 497.2472 497.2317 497.2162 497.2022 497.1859 497.1758 497.1618 497.1456 497.1309 497.1195 497.1038 497.088 497.0768 497.062 497.0462 497.0323 497.0181 497.0023 496.9866 496.9753 496.9584 496.9452 496.9337 496.9184 496.9031 496.8882 496.8719 496.8557 496.842 496.8285 496.8123 496.7987 496.7825 496.7687 496.7524 496.7384 496.7221 496.7079 496.6915 496.6795 496.6634 496.6472 496.6314 496.6144 496.5996 496.5826 496.5661 496.5498 496.5324 496.5184 496.5025 496.4875 496.4705 496.456 496.4435 496.4335 496.4245 496.4154 496.4054 496.2126 495.9814
