site316_cleanbed/site316_cleanbed/sfe316_cleanbed.asc
ncols         546
nrows         246
xllcorner     -23.4
yllcorner     -132.6
cellsize      1
NODATA_value  -9999
[rows 84 to 111 of 246, columns 441 to 503 of 546]
497.2638 497.2478 497.237 497.2231 497.2076 497.1937 497.1774 497.1652 497.1531 497.1369 497.1207 497.1101 497.0948 497.079 497.0659 497.0529 497.037 497.0212 497.0088 496.993 496.9773 496.9641 496.9493 496.9337 496.9237 496.9085 496.8932 496.8785 496.8623 496.8461 496.8301 496.8186 496.8025 496.7888 496.7725 496.7586 496.7423 496.7283 496.7119 496.6977 496.6812 496.6688 496.6528 496.6366 496.6208 496.6041 496.5871 496.5721 496.555 496.5393 496.5219 496.5062 496.4912 496.4754 496.4594 496.4425 496.4313 496.42 496.411 496.4019 496.3737 496.1424 495.9112
497.2554 497.2394 497.2266 497.2144 497.1989 497.1835 497.1689 497.1546 497.1444 497.1282 497.1119 497.0993 497.0857 497.07 497.0549 497.0437 497.0278 497.012 496.9995 496.9837 496.968 496.9528 496.9402 496.9233 496.9123 496.8986 496.8833 496.8689 496.8527 496.8365 496.8203 496.8083 496.7926 496.7784 496.7625 496.7482 496.7323 496.7178 496.7018 496.6872 496.671 496.6563 496.6422 496.626 496.6099 496.5937 496.5767 496.5616 496.5445 496.5288 496.5114 496.494 496.4799 496.4639 496.4484 496.4313 496.419 496.4065 496.3975 496.3884 496.3035 496.0723 495.8411
497.247 497.2311 497.2163 497.2057 497.1902 497.1747 497.1605 497.1442 497.134 497.1195 497.1032 497.0885 497.0767 497.0609 497.0452 497.034 497.0187 497.0028 496.9889 496.9744 496.9586 496.9429 496.9311 496.9142 496.9008 496.8887 496.8734 496.8581 496.843 496.8268 496.8106 496.7964 496.7827 496.7666 496.7526 496.7364 496.7222 496.7059 496.6916 496.6752 496.6607 496.6443 496.6316 496.6154 496.5992 496.5833 496.5663 496.5511 496.534 496.517 496.5009 496.4834 496.4686 496.4526 496.4373 496.4203 496.4055 496.393 496.384 496.3748 496.2334 496.0022 495.7709
497.2387 497.2227 497.2068 497.1959 497.1815 497.166 497.152 497.1357 497.1234 497.1107 497.0945 497.0783 497.0676 497.0519 497.0362 497.023 497.0095 496.9937 496.9778 496.9651 496.9493 496.9336 496.9201 496.9051 496.8893 496.8788 496.8635 496.8482 496.8334 496.8172 496.801 496.7848 496.7729 496.7567 496.7426 496.7264 496.7121 496.6958 496.6814 496.6651 496.6505 496.634 496.6209 496.6048 496.5887 496.5728 496.556 496.539 496.5235 496.5065 496.4903 496.4729 496.4565 496.4413 496.4254 496.4092 496.3922 496.3795 496.3705 496.3614 496.1632 495.932 495.7008
497.2301 497.2144 497.1984 497.1856 497.1729 497.1573 497.142 497.1273 497.1127 497.1021 497.0858 497.0696 497.0569 497.0428 497.0271 497.012 497.0003 496.9845 496.9686 496.9557 496.94 496.9243 496.9088 496.896 496.8792 496.8679 496.8536 496.8383 496.8238 496.8076 496.7914 496.7752 496.7627 496.7468 496.7324 496.7164 496.7019 496.6858 496.6711 496.6549 496.6402 496.6237 496.6089 496.5942 496.578 496.5619 496.5456 496.5286 496.513 496.496 496.4798 496.4624 496.445 496.4301 496.4141 496.3981 496.3811 496.3669 496.3569 496.3243 496.0931 495.8619 495.6307
497.2199 497.206 497.1901 497.1752 497.1642 497.1487 497.1332 497.1188 497.1025 497.0921 497.0771 497.0609 497.0461 497.0338 497.0181 497.0023 496.9911 496.9753 496.9595 496.9455 496.9307 496.9149 496.8992 496.8869 496.87 496.8564 496.8438 496.8285 496.8132 496.7979 496.7817 496.7655 496.7508 496.737 496.7208 496.7065 496.6902 496.6757 496.6594 496.6447 496.6284 496.6135 496.597 496.5836 496.5674 496.5513 496.5352 496.5182 496.5025 496.4854 496.4684 496.4519 496.4345 496.4188 496.4028 496.3871 496.37 496.3548 496.3434 496.2542 496.023 495.7917 495.5605
497.2097 497.1977 497.1817 497.1657 497.1548 497.14 497.1245 497.1104 497.0941 497.0815 497.0684 497.0522 497.0359 497.0248 497.009 496.9933 496.9801 496.9661 496.9503 496.9344 496.9214 496.9056 496.8899 496.8761 496.8609 496.845 496.8339 496.8186 496.8033 496.7883 496.7721 496.7559 496.7397 496.7271 496.7109 496.6965 496.6803 496.6656 496.6494 496.6346 496.6182 496.6032 496.5868 496.573 496.5568 496.5407 496.5247 496.5079 496.4909 496.4749 496.4579 496.4414 496.424 496.4069 496.3915 496.3756 496.3589 496.3419 496.3299 496.1841 495.9528 495.7216 495.4904
497.1997 497.1893 497.1733 497.1574 497.1445 497.1313 497.1158 497.1004 497.0856 497.0709 497.0597 497.0435 497.0272 497.0145 497 496.9843 496.9691 496.9569 496.9411 496.9253 496.912 496.8963 496.8806 496.8648 496.8518 496.835 496.8235 496.8087 496.7934 496.7787 496.7625 496.7463 496.7301 496.7171 496.7011 496.6865 496.6703 496.6556 496.6393 496.6244 496.6081 496.593 496.5765 496.5615 496.5462 496.5301 496.5139 496.4975 496.4805 496.4644 496.4474 496.4308 496.4135 496.396 496.3802 496.3643 496.3479 496.3308 496.3163 496.1139 495.8827 495.6515 495.4203
497.1917 497.1794 497.165 497.149 497.1342 497.1227 497.1071 497.0917 497.0771 497.0608 497.0503 497.0347 497.0185 497.0037 496.991 496.9752 496.9595 496.9478 496.9319 496.9161 496.9021 496.887 496.8712 496.8555 496.8427 496.8258 496.812 496.7988 496.7835 496.7682 496.7528 496.7366 496.7204 496.7053 496.6912 496.675 496.6603 496.6441 496.6292 496.6129 496.5979 496.5815 496.5663 496.5498 496.5356 496.5195 496.5033 496.4871 496.4702 496.4539 496.4369 496.4198 496.4029 496.3855 496.369 496.353 496.3368 496.3218 496.2971 496.2724 495.8126 495.5813 495.3501
497.1837 497.1692 497.1566 497.1407 497.1247 497.1138 497.0985 497.083 497.0687 497.0524 497.0397 497.026 497.0098 496.9936 496.9819 496.9662 496.9504 496.9372 496.9228 496.9069 496.8911 496.8777 496.8619 496.8462 496.8321 496.8167 496.8006 496.7889 496.7736 496.7583 496.7432 496.727 496.7108 496.6946 496.6813 496.6652 496.6504 496.6342 496.6192 496.6029 496.5877 496.5714 496.556 496.5396 496.525 496.5089 496.4927 496.4767 496.4598 496.4428 496.4264 496.4093 496.3924 496.375 496.3576 496.3417 496.3267 496.3002 496.2745 496.2498 496.2251 495.5112 495.28
497.1757 497.1592 497.1483 497.1323 497.1163 497.1034 497.0898 497.0743 497.0589 497.0439 497.0291 497.0173 497.0011 496.9849 496.9721 496.9572 496.9414 496.9263 496.9136 496.8977 496.8819 496.8683 496.8526 496.8369 496.8211 496.8076 496.7908 496.779 496.7637 496.7484 496.7336 496.7173 496.7012 496.685 496.6714 496.6553 496.6404 496.6242 496.6091 496.5928 496.5775 496.5612 496.5457 496.5293 496.5141 496.4983 496.4821 496.4659 496.4494 496.4325 496.4159 496.3988 496.3819 496.3645 496.348 496.3313 496.3058 496.2794 496.2529 496.2272 496.2025 496.1779 495.2098
497.1676 497.1512 497.1388 497.1239 497.108 497.0931 497.0811 497.0656 497.0502 497.0355 497.0191 497.0084 496.9924 496.9762 496.9613 496.9481 496.9324 496.9166 496.9044 496.8885 496.8727 496.8587 496.8433 496.8275 496.8118 496.7985 496.7816 496.7676 496.7538 496.7386 496.7233 496.7077 496.6915 496.6753 496.6597 496.6454 496.6293 496.6142 496.598 496.5828 496.5665 496.551 496.5347 496.519 496.5026 496.4876 496.4715 496.4553 496.439 496.4221 496.4054 496.3883 496.3713 496.358 496.3347 496.3097 496.2847 496.2585 496.232 496.2055 496.1799 496.1552 496.1306
497.1596 497.1431 497.1286 497.1156 497.0996 497.0836 497.0724 497.057 497.0415 497.027 497.0107 496.9978 496.9837 496.9674 496.9512 496.9391 496.9233 496.9076 496.8943 496.8794 496.8636 496.8477 496.834 496.8182 496.8025 496.788 496.7726 496.7562 496.744 496.7287 496.7134 496.6981 496.6819 496.6657 496.6495 496.6356 496.6194 496.6042 496.588 496.5727 496.5564 496.5409 496.5245 496.5088 496.4923 496.477 496.4609 496.4447 496.4286 496.4117 496.3947 496.3778 496.3634 496.3378 496.3126 496.2884 496.2631 496.2381 496.2111 496.1846 496.1581 496.1325 496.1078
497.1516 497.1351 497.1186 497.1072 497.0912 497.0753 497.0624 497.0483 497.0328 497.0174 497.0022 496.9872 496.975 496.9587 496.9425 496.9297 496.9143 496.8985 496.8834 496.8702 496.8544 496.8385 496.8246 496.8089 496.7932 496.7774 496.7634 496.7466 496.7341 496.7188 496.7035 496.6884 496.6722 496.6561 496.6399 496.6257 496.6095 496.5943 496.5781 496.5626 496.5463 496.5307 496.5143 496.4985 496.4821 496.4664 496.4503 496.4341 496.418 496.4013 496.3844 496.3682 496.3426 496.317 496.2914 496.2664 496.2415 496.2165 496.1915 496.1638 496.1372 496.1107 496.0852
497.1435 497.1271 497.1106 497.0982 497.0829 497.0669 497.052 497.0396 497.0241 497.0086 496.9938 496.9775 496.9662 496.95 496.9338 496.9189 496.9052 496.8895 496.8737 496.861 496.8452 496.8293 496.8153 496.7996 496.7838 496.7681 496.7543 496.7375 496.7233 496.7089 496.6936 496.6783 496.6626 496.6464 496.6302 496.6141 496.5997 496.5835 496.5681 496.5519 496.5363 496.52 496.5042 496.4878 496.4718 496.4554 496.4397 496.4235 496.4073 496.392 496.3706 496.3467 496.3228 496.2963 496.2707 496.2451 496.2201 496.1949 496.1699 496.1449 496.1164 496.0898 496.0631
497.1355 497.119 497.1026 497.088 497.0745 497.0586 497.0426 497.0309 497.0154 497 496.9854 496.969 496.956 496.9413 496.9251 496.9088 496.8962 496.8805 496.8647 496.8514 496.836 496.8202 496.8044 496.7903 496.7745 496.7588 496.744 496.7284 496.7118 496.699 496.6837 496.6684 496.653 496.6368 496.6206 496.6044 496.5898 496.5736 496.5581 496.5419 496.5262 496.5099 496.494 496.4777 496.4615 496.4451 496.429 496.4129 496.3986 496.3745 496.3505 496.3252 496.3013 496.2774 496.2499 496.2243 496.1987 496.1739 496.1482 496.1233 496.0977 496.0691 496.0424
497.1269 497.111 497.0945 497.0781 497.0662 497.0502 497.0342 497.0213 497.0068 496.9913 496.9759 496.9606 496.9454 496.9326 496.9164 496.9001 496.8872 496.8714 496.8557 496.8405 496.8268 496.811 496.7952 496.7809 496.7652 496.7495 496.7337 496.7192 496.7024 496.6891 496.6738 496.6585 496.6433 496.6271 496.611 496.5948 496.5799 496.5638 496.5482 496.532 496.5161 496.4998 496.4839 496.4675 496.4513 496.4348 496.4185 496.401 496.3774 496.3545 496.3301 496.306 496.2798 496.256 496.232 496.2036 496.178 496.1524 496.1277 496.1016 496.0766 496.0504 496.0217
497.1186 497.103 497.0865 497.07 497.0576 497.0419 497.0259 497.0109 496.9981 496.9826 496.9671 496.9521 496.9358 496.9239 496.9077 496.8914 496.8766 496.8624 496.8466 496.8309 496.8177 496.8018 496.786 496.7716 496.7559 496.7401 496.7244 496.7101 496.6933 496.6789 496.6639 496.6487 496.6335 496.6175 496.6013 496.5851 496.5689 496.5539 496.5378 496.522 496.5058 496.4898 496.4735 496.4573 496.441 496.428 496.4061 496.3819 496.358 496.3351 496.3103 496.2856 496.2616 496.2345 496.2106 496.1863 496.1572 496.1316 496.106 496.0814 496.055 496.03 496.0031
497.1103 497.0949 497.0785 497.062 497.0475 497.0335 497.0175 497.0016 496.9894 496.9739 496.9584 496.9437 496.9273 496.9141 496.899 496.8827 496.8665 496.8534 496.8376 496.8219 496.8085 496.7927 496.7768 496.761 496.7466 496.7308 496.7151 496.7 496.6842 496.6674 496.6541 496.6388 496.6235 496.6079 496.5917 496.5755 496.5593 496.544 496.5279 496.512 496.4958 496.4797 496.4634 496.4472 496.4338 496.41 496.3864 496.3628 496.339 496.315 496.2928 496.2662 496.2412 496.2171 496.1895 496.1652 496.1405 496.1109 496.0853 496.0597 496.0352 496.0084 495.9834
497.1018 497.0865 497.0704 497.054 497.0375 497.0251 497.0092 496.9932 496.9802 496.9652 496.9498 496.9343 496.9189 496.9035 496.8902 496.874 496.8578 496.8443 496.8286 496.8128 496.7976 496.7835 496.7676 496.7518 496.7372 496.7215 496.7058 496.69 496.675 496.6582 496.6442 496.6289 496.6136 496.5982 496.582 496.5659 496.5497 496.5341 496.518 496.502 496.4858 496.4697 496.4534 496.4375 496.4135 496.3898 496.3659 496.3437 496.3194 496.2961 496.2719 496.2499 496.222 496.1967 496.1727 496.1446 496.1198 496.0947 496.0645 496.0389 496.0133 495.9888 495.9618
497.0923 497.0782 497.0624 497.046 497.0295 497.0168 497.0008 496.9849 496.9699 496.9566 496.9411 496.9256 496.9104 496.8941 496.8815 496.8653 496.8491 496.8342 496.8195 496.8038 496.7881 496.7743 496.7585 496.7426 496.7279 496.7122 496.6964 496.6807 496.6659 496.6491 496.6343 496.619 496.6037 496.5886 496.5724 496.5562 496.54 496.5238 496.5081 496.492 496.4759 496.462 496.441 496.4172 496.3932 496.3696 496.3458 496.3219 496.3003 496.2761 496.2531 496.2292 496.206 496.1779 496.1523 496.1282 496.0996 496.0744 496.0489 496.0182 495.9926 495.967 495.942
497.084 497.0699 497.0544 497.0379 497.0215 497.0069 496.9925 496.9765 496.9605 496.9479 496.9324 496.9169 496.902 496.8857 496.8723 496.8566 496.8404 496.8241 496.8105 496.7947 496.779 496.7651 496.7493 496.7334 496.7176 496.7029 496.6871 496.6714 496.656 496.64 496.6231 496.6091 496.5938 496.5785 496.5628 496.5466 496.5304 496.5142 496.4983 496.4821 496.4688 496.4445 496.4203 496.3961 496.3729 496.3489 496.3256 496.3017 496.2794 496.257 496.2333 496.21 496.1869 496.162 496.1337 496.1078 496.0838 496.0547 496.0291 496.0031 495.9724 495.9462 495.9206
497.0757 497.0616 497.046 497.0299 497.0134 496.997 496.9841 496.9681 496.9522 496.9391 496.9237 496.9082 496.8928 496.8772 496.8617 496.8479 496.8317 496.8154 496.8015 496.7857 496.77 496.7547 496.7401 496.7243 496.7084 496.6935 496.6778 496.6621 496.6463 496.6309 496.614 496.5992 496.584 496.5686 496.5531 496.5369 496.5208 496.5045 496.4884 496.4722 496.4481 496.4239 496.3996 496.3754 496.3524 496.3286 496.3046 496.2816 496.2577 496.2376 496.2136 496.1907 496.167 496.1447 496.1181 496.0896 496.0634 496.0393 496.0097 495.9837 495.9573 495.9266 495.8999
497.0675 497.052 497.0377 497.0219 497.0054 496.989 496.9757 496.9598 496.9438 496.9288 496.915 496.8996 496.8841 496.8688 496.8524 496.8392 496.8229 496.8067 496.7918 496.7767 496.7609 496.7452 496.7309 496.7151 496.6992 496.6842 496.6685 496.6527 496.637 496.6217 496.6049 496.5894 496.5741 496.5587 496.5435 496.5273 496.5111 496.498 496.4736 496.4505 496.4275 496.4032 496.379 496.3547 496.3305 496.3083 496.2843 496.2613 496.2375 496.2144 496.1945 496.1703 496.1478 496.1239 496.1012 496.0742 496.0454 496.019 495.9949 495.9648 495.9383 495.9116 495.8808
497.0587 497.0437 497.0294 497.0138 496.9974 496.9809 496.9663 496.9514 496.9355 496.9195 496.9064 496.8909 496.8754 496.8603 496.844 496.8304 496.8142 496.798 496.7818 496.7676 496.7519 496.7361 496.7217 496.7059 496.6901 496.6742 496.6591 496.6434 496.6277 496.612 496.5958 496.5789 496.5642 496.5489 496.5336 496.5177 496.5041 496.4795 496.4541 496.4288 496.406 496.3825 496.3583 496.334 496.3098 496.2858 496.264 496.24 496.2173 496.1935 496.1725 496.1512 496.1276 496.1049 496.081 496.0573 496.0303 496.0013 495.9745 495.9504 495.9198 495.8929 495.8658
497.0489 497.0355 497.0211 497.0056 496.9893 496.9729 496.9564 496.9431 496.9271 496.9111 496.8977 496.8822 496.8667 496.8513 496.8355 496.8198 496.8055 496.7893 496.7731 496.7586 496.7429 496.7271 496.7118 496.6967 496.6809 496.6651 496.6498 496.6341 496.6184 496.6026 496.5867 496.5698 496.5543 496.539 496.5237 496.5084 496.4839 496.4594 496.4348 496.409 496.3843 496.3615 496.3376 496.3134 496.2892 496.2649 496.2429 496.2197 496.1957 496.1733 496.1494 496.1306 496.1078 496.0854 496.062 496.0387 496.0133 495.9861 495.9572 495.9301 495.9055 495.8748 495.8475
497.039 497.0272 497.0122 496.9973 496.9813 496.9648 496.9484 496.9347 496.9187 496.9028 496.8877 496.8735 496.858 496.8426 496.8271 496.8108 496.7968 496.7806 496.7643 496.7494 496.7338 496.7181 496.7023 496.6876 496.6717 496.6559 496.6405 496.6248 496.609 496.5933 496.5775 496.5607 496.5444 496.533 496.5097 496.4871 496.4641 496.4392 496.4146 496.3896 496.3639 496.3398 496.317 496.2927 496.2685 496.2442 496.22 496.1993 496.1754 496.1529 496.1292 496.1074 496.0887 496.0645 496.0425 496.019 495.9964 495.9694 495.942 495.913 495.8856 495.8606 495.8299
497.0312 497.019 497.0034 496.989 496.9733 496.9568 496.9404 496.9257 496.9104 496.8944 496.8784 496.8648 496.8494 496.8339 496.8186 496.8023 496.7881 496.7719 496.7556 496.7394 496.7248 496.709 496.6933 496.6784 496.6625 496.6467 496.6309 496.6154 496.5997 496.584 496.5683 496.5516 496.5371 496.5124 496.4891 496.4659 496.4434 496.4192 496.3945 496.3699 496.3445 496.3188 496.2953 496.272 496.2478 496.2236 496.1993 496.1765 496.1551 496.1311 496.1091 496.0852 496.0656 496.0454 496.0219 495.9996 495.976 495.9525 495.9255 495.8978 495.8689 495.8412 495.8156
