site316_cleanbed/site316_cleanbed/sfe316_cleanbed.asc
ncols         648
nrows         246
xllcorner     -124.50147132989
yllcorner     -132.6
cellsize      1
NODATA_value  -9999
[rows 28 to 55 of 246, columns 441 to 503 of 648]
500.9375 500.9312 500.9212 500.9147 500.9073 500.8973 500.89 500.88 500.87 500.86 500.8501 500.8434 500.838 500.8282 500.8182 500.8082 500.8022 500.7924 500.7824 500.7725 500.7663 500.7565 500.7475 500.7409 500.7309 500.7219 500.7131 500.7031 500.6931 500.6831 500.675 500.6673 500.6573 500.6497 500.6408 500.6308 500.6208 500.6108 500.6012 500.5941 500.5856 500.5756 500.5656 500.5556 500.547 500.5375 500.5278 500.5193 500.5093 500.4993 500.4828 500.4658 500.4487 500.4316 500.4146 500.3976 500.3805 500.3635 500.3464 500.3294 500.3123 500.2953 500.2782
500.9323 500.9242 500.9144 500.908 500.9005 500.8908 500.8832 500.8732 500.8632 500.8532 500.8449 500.8381 500.8318 500.8218 500.8118 500.803 500.7961 500.7861 500.7762 500.7673 500.7603 500.7503 500.7425 500.7349 500.7249 500.7169 500.7072 500.6972 500.6872 500.6772 500.6704 500.6615 500.6518 500.6449 500.6351 500.6251 500.6151 500.6051 500.5964 500.5894 500.5801 500.5701 500.5601 500.5501 500.5421 500.5321 500.523 500.5139 500.5039 500.4926 500.4756 500.4585 500.4415 500.4244 500.4074 500.3903 500.3733 500.3562 500.3392 500.3221 500.3051 500.2881 500.271
500.927 500.9171 500.9092 500.9028 500.8937 500.8857 500.8765 500.8665 500.8564 500.8465 500.8398 500.8332 500.8253 500.8153 500.8053 500.798 500.7898 500.7798 500.7698 500.7625 500.7542 500.7442 500.7372 500.7289 500.7189 500.7113 500.7013 500.6913 500.6812 500.6718 500.6651 500.6557 500.647 500.6395 500.6295 500.6195 500.6095 500.5995 500.5917 500.5846 500.5746 500.5646 500.5546 500.5452 500.5366 500.5266 500.5182 500.5086 500.4986 500.4854 500.4683 500.4513 500.4342 500.4172 500.4001 500.3831 500.3661 500.349 500.3319 500.3149 500.2979 500.2808 500.2638
500.92 500.91 500.9039 500.8968 500.8868 500.8797 500.8697 500.8597 500.8497 500.8404 500.8335 500.8283 500.8189 500.8089 500.7989 500.7931 500.7835 500.7735 500.7635 500.7576 500.748 500.739 500.7323 500.7229 500.7137 500.7053 500.6953 500.6853 500.6753 500.6672 500.6599 500.6499 500.6422 500.6338 500.6238 500.6138 500.6038 500.594 500.587 500.5791 500.5691 500.5591 500.5491 500.5403 500.5312 500.5212 500.5132 500.5032 500.4932 500.4781 500.4611 500.444 500.427 500.4099 500.3929 500.3759 500.3588 500.3418 500.3247 500.3077 500.2906 500.2736 500.2565
500.913 500.9037 500.8974 500.89 500.8804 500.873 500.8629 500.853 500.843 500.8352 500.8285 500.8224 500.8124 500.8024 500.7938 500.7872 500.7772 500.7672 500.7585 500.7518 500.7418 500.734 500.7269 500.7169 500.7087 500.6994 500.6894 500.6794 500.6694 500.6626 500.6541 500.6443 500.6374 500.6281 500.6181 500.6082 500.5981 500.5893 500.5822 500.5736 500.5636 500.5536 500.5436 500.5354 500.5258 500.5163 500.5078 500.4978 500.4879 500.4709 500.4539 500.4368 500.4198 500.4027 500.3857 500.3686 500.3516 500.3345 500.3175 500.3004 500.2834 500.2664 500.2493
500.9059 500.8985 500.8922 500.8831 500.8753 500.8662 500.8562 500.8462 500.8362 500.8301 500.8236 500.8159 500.8059 500.796 500.7889 500.7809 500.7709 500.7609 500.7537 500.7457 500.7357 500.729 500.7209 500.7109 500.7035 500.6935 500.6835 500.6735 500.664 500.6573 500.6483 500.6394 500.6325 500.6225 500.6125 500.6025 500.5925 500.5846 500.5775 500.5681 500.5581 500.5481 500.5385 500.5304 500.5204 500.5115 500.5025 500.4925 500.4807 500.4637 500.4466 500.4296 500.4125 500.3955 500.3784 500.3614 500.3443 500.3273 500.3102 500.2932 500.2762 500.2591 500.2421
500.8989 500.8931 500.8863 500.8763 500.8695 500.8595 500.8495 500.8394 500.8306 500.8238 500.8187 500.8095 500.7995 500.7896 500.7839 500.7746 500.7646 500.7547 500.7489 500.7395 500.7305 500.7238 500.7149 500.7055 500.6975 500.6875 500.6775 500.6675 500.6594 500.6525 500.6425 500.6346 500.6268 500.6168 500.6068 500.5968 500.5869 500.5798 500.5726 500.5626 500.5526 500.5426 500.5336 500.5249 500.5149 500.5067 500.4971 500.4871 500.4735 500.4564 500.4394 500.4223 500.4053 500.3882 500.3712 500.3542 500.3371 500.3201 500.303 500.286 500.2689 500.2519 500.2348
500.8929 500.8867 500.8795 500.87 500.8627 500.8527 500.8427 500.8327 500.8255 500.8188 500.813 500.803 500.793 500.7847 500.7783 500.7683 500.7583 500.7498 500.7433 500.7333 500.7256 500.7189 500.7089 500.7005 500.6916 500.6816 500.6716 500.6616 500.6548 500.6468 500.6367 500.6298 500.6212 500.6112 500.6012 500.5912 500.5822 500.5751 500.5671 500.5571 500.5471 500.5371 500.5287 500.5195 500.5097 500.5018 500.4918 500.4818 500.4662 500.4492 500.4322 500.4151 500.398 500.381 500.364 500.3469 500.3299 500.3128 500.2958 500.2787 500.2617 500.2446 500.2276
500.8878 500.8815 500.8726 500.8649 500.856 500.8459 500.836 500.8261 500.8203 500.814 500.8066 500.7966 500.7866 500.7797 500.772 500.762 500.752 500.745 500.7372 500.7272 500.7206 500.7129 500.7029 500.6955 500.6856 500.6757 500.6656 500.6562 500.6497 500.641 500.6319 500.625 500.6155 500.6055 500.5955 500.5855 500.5774 500.5704 500.5616 500.5516 500.5416 500.5318 500.5237 500.5141 500.5049 500.4964 500.4864 500.476 500.459 500.442 500.4249 500.4079 500.3908 500.3738 500.3567 500.3397 500.3226 500.3056 500.2885 500.2715 500.2545 500.2374 500.2204
500.8823 500.8758 500.8658 500.8592 500.8492 500.8392 500.8292 500.8209 500.8141 500.8091 500.8001 500.7901 500.7805 500.7748 500.7657 500.7557 500.746 500.7402 500.731 500.722 500.7152 500.7068 500.6973 500.6897 500.6797 500.6697 500.6597 500.6516 500.6448 500.6352 500.627 500.6198 500.6098 500.5998 500.5898 500.5798 500.5727 500.5656 500.5562 500.5461 500.5361 500.5269 500.5186 500.5087 500.5 500.491 500.481 500.4688 500.4518 500.4347 500.4177 500.4006 500.3836 500.3665 500.3495 500.3325 500.3154 500.2983 500.2813 500.2643 500.2472 500.2302 500.2131
500.876 500.8689 500.8596 500.8524 500.8424 500.8325 500.8224 500.8158 500.8092 500.8036 500.7937 500.7837 500.7755 500.7693 500.7594 500.7494 500.7411 500.7348 500.7248 500.7171 500.7106 500.7008 500.6923 500.6838 500.6738 500.6638 500.6538 500.647 500.6394 500.6294 500.6222 500.6142 500.6042 500.5942 500.5842 500.575 500.568 500.5606 500.5507 500.5406 500.5306 500.5219 500.5132 500.5032 500.4951 500.4857 500.4757 500.4616 500.4445 500.4275 500.4104 500.3934 500.3763 500.3593 500.3423 500.3252 500.3082 500.2911 500.2741 500.257 500.24 500.2229 500.2059
500.8708 500.8621 500.8545 500.8457 500.8357 500.8257 500.8164 500.8104 500.8043 500.7972 500.7872 500.7772 500.7706 500.7631 500.7531 500.743 500.7363 500.7287 500.7187 500.7121 500.7048 500.6948 500.6873 500.6779 500.6679 500.6579 500.6484 500.6422 500.6336 500.6243 500.6174 500.6085 500.5985 500.5885 500.5785 500.5703 500.5632 500.5551 500.5452 500.5352 500.5251 500.517 500.5078 500.4982 500.4903 500.4803 500.4703 500.4543 500.4373 500.4203 500.4032 500.3862 500.3691 500.3521 500.335 500.318 500.3009 500.2839 500.2668 500.2498 500.2328 500.2157 500.1987
500.8652 500.8553 500.849 500.839 500.8289 500.8189 500.8112 500.8045 500.7994 500.7907 500.7807 500.7713 500.7656 500.7567 500.7467 500.7372 500.7315 500.7225 500.7136 500.7067 500.6988 500.689 500.6819 500.6719 500.6619 500.6519 500.6438 500.6371 500.6278 500.6195 500.6126 500.6028 500.5929 500.5829 500.5728 500.5656 500.5585 500.5497 500.5397 500.5297 500.5201 500.5121 500.5024 500.4933 500.485 500.4749 500.4641 500.4471 500.4301 500.413 500.396 500.3789 500.3619 500.3448 500.3278 500.3107 500.2937 500.2766 500.2596 500.2426 500.2255 500.2085 500.1914
500.8584 500.8492 500.8422 500.8322 500.8222 500.8122 500.8061 500.7996 500.7943 500.7843 500.7743 500.7664 500.7604 500.7504 500.7404 500.7324 500.7263 500.7163 500.7086 500.7021 500.6928 500.6841 500.676 500.666 500.656 500.646 500.6393 500.632 500.622 500.6147 500.6072 500.5972 500.5872 500.5772 500.5678 500.5608 500.5538 500.5442 500.5342 500.5242 500.5152 500.507 500.4969 500.4885 500.4796 500.4696 500.4569 500.4399 500.4228 500.4058 500.3887 500.3717 500.3546 500.3376 500.3206 500.3035 500.2865 500.2694 500.2524 500.2353 500.2183 500.2012 500.1842
500.8516 500.8441 500.8354 500.8255 500.8155 500.8066 500.8005 500.7947 500.7878 500.7778 500.7678 500.7614 500.7541 500.7441 500.7341 500.7276 500.7202 500.7102 500.7036 500.6968 500.6868 500.6791 500.6701 500.6601 500.6501 500.6407 500.6346 500.6263 500.6168 500.6098 500.6015 500.5915 500.5815 500.5715 500.5631 500.5561 500.5487 500.5387 500.5287 500.5187 500.5103 500.5015 500.4915 500.4837 500.4742 500.4642 500.4497 500.4326 500.4156 500.3986 500.3815 500.3645 500.3474 500.3304 500.3133 500.2963 500.2792 500.2622 500.2451 500.2281 500.211 500.194 500.1769
500.8447 500.8387 500.8287 500.8187 500.8087 500.8015 500.7949 500.7898 500.7814 500.7714 500.7621 500.7565 500.7478 500.7378 500.7285 500.7228 500.714 500.7051 500.6984 500.6908 500.6808 500.6741 500.6641 500.6541 500.6441 500.636 500.6294 500.6205 500.6119 500.605 500.5959 500.5858 500.5759 500.5659 500.5584 500.5514 500.5432 500.5332 500.5232 500.5134 500.5054 500.4961 500.4867 500.4788 500.4689 500.4589 500.4424 500.4254 500.4084 500.3913 500.3743 500.3572 500.3402 500.3231 500.3061 500.289 500.272 500.2549 500.2379 500.2209 500.2038 500.1868 500.1697
500.8389 500.8319 500.822 500.812 500.8021 500.7964 500.79 500.7849 500.7749 500.7649 500.7572 500.7515 500.7415 500.7315 500.7237 500.7178 500.7078 500.7001 500.6935 500.6848 500.6758 500.6682 500.6582 500.6482 500.6382 500.6315 500.6246 500.6147 500.6071 500.6002 500.5902 500.5802 500.5702 500.5607 500.5537 500.5466 500.5377 500.5277 500.5177 500.5085 500.5005 500.4907 500.4818 500.4735 500.4635 500.4523 500.4352 500.4182 500.4011 500.3841 500.367 500.35 500.3329 500.3159 500.2989 500.2818 500.2648 500.2477 500.2307 500.2136 500.1966 500.1795 500.1625
500.8338 500.8252 500.8152 500.8052 500.7969 500.7906 500.7851 500.7784 500.7685 500.7585 500.7523 500.7452 500.7352 500.7252 500.7189 500.7117 500.7017 500.6951 500.6888 500.6788 500.6709 500.6623 500.6523 500.6423 500.6329 500.6269 500.6189 500.6092 500.6023 500.5945 500.5845 500.5746 500.5645 500.556 500.549 500.5419 500.5322 500.5222 500.5122 500.5036 500.4952 500.4853 500.477 500.4681 500.4582 500.445 500.428 500.4109 500.3939 500.3768 500.3598 500.3427 500.3257 500.3087 500.2916 500.2746 500.2575 500.2405 500.2234 500.2064 500.1893 500.1723 500.1552
500.8285 500.8185 500.8084 500.7984 500.7918 500.7852 500.7802 500.772 500.762 500.753 500.7473 500.7389 500.7289 500.7198 500.7141 500.7055 500.6966 500.6902 500.6828 500.6728 500.6659 500.6563 500.6463 500.6363 500.6283 500.6217 500.6131 500.6044 500.5974 500.5889 500.5789 500.5689 500.5589 500.5512 500.5442 500.5367 500.5267 500.5167 500.5067 500.4987 500.4898 500.48 500.4722 500.4628 500.4528 500.4378 500.4207 500.4037 500.3867 500.3696 500.3526 500.3355 500.3185 500.3014 500.2844 500.2673 500.2503 500.2332 500.2162 500.1992 500.1821 500.1651 500.148
500.8217 500.8117 500.8017 500.7924 500.7867 500.7803 500.7753 500.7655 500.7555 500.7481 500.7424 500.7326 500.7226 500.715 500.7092 500.6993 500.6916 500.6849 500.6768 500.6676 500.6604 500.6504 500.6404 500.6304 500.6237 500.6169 500.6073 500.5995 500.5926 500.5832 500.5732 500.5632 500.5536 500.5465 500.5395 500.5312 500.5212 500.5112 500.5018 500.4938 500.4844 500.4752 500.4673 500.4574 500.4474 500.4306 500.4135 500.3965 500.3794 500.3624 500.3453 500.3283 500.3112 500.2942 500.2771 500.2601 500.243 500.226 500.209 500.1919 500.1749 500.1578 500.1408
500.8149 500.8049 500.795 500.7872 500.7807 500.7754 500.7691 500.7591 500.7491 500.7431 500.7363 500.7263 500.7163 500.7102 500.7032 500.6932 500.6866 500.6803 500.6707 500.6627 500.6545 500.6445 500.6345 500.6251 500.6191 500.6115 500.6017 500.5947 500.5876 500.5775 500.5676 500.5576 500.5488 500.5418 500.5348 500.5257 500.5157 500.5057 500.4969 500.4889 500.479 500.4704 500.4621 500.4521 500.4404 500.4233 500.4063 500.3892 500.3722 500.3551 500.3381 500.321 500.304 500.287 500.2699 500.2529 500.2358 500.2188 500.2017 500.1847 500.1676 500.1506 500.1335
500.8082 500.7982 500.7882 500.7821 500.7756 500.7705 500.7626 500.7526 500.7439 500.7382 500.7299 500.7199 500.7111 500.7054 500.697 500.6881 500.6817 500.6747 500.6647 500.6577 500.6485 500.6385 500.6285 500.6205 500.614 500.6057 500.5968 500.5899 500.5819 500.5719 500.5619 500.5519 500.5441 500.537 500.53 500.5202 500.5102 500.5002 500.492 500.4836 500.4735 500.4655 500.4567 500.4467 500.4331 500.4161 500.399 500.382 500.365 500.3479 500.3309 500.3138 500.2968 500.2797 500.2627 500.2456 500.2286 500.2115 500.1945 500.1774 500.1604 500.1433 500.1263
500.8015 500.7914 500.7827 500.7769 500.7707 500.7656 500.7562 500.7462 500.7389 500.7332 500.7236 500.7137 500.7063 500.7005 500.6908 500.6831 500.6764 500.6687 500.6594 500.6526 500.6426 500.6326 500.6226 500.6159 500.6092 500.6 500.592 500.5851 500.5762 500.5662 500.5562 500.5464 500.5394 500.5323 500.5247 500.5147 500.5047 500.4951 500.4871 500.4781 500.4685 500.4607 500.4513 500.4413 500.4259 500.4088 500.3918 500.3748 500.3577 500.3407 500.3236 500.3066 500.2895 500.2725 500.2554 500.2384 500.2213 500.2043 500.1873 500.1702 500.1532 500.1361 500.1191
500.7947 500.7847 500.7775 500.7709 500.7658 500.7597 500.7497 500.7397 500.734 500.7273 500.7173 500.7073 500.7014 500.6946 500.6847 500.6782 500.6718 500.6627 500.6544 500.6467 500.6367 500.6267 500.6173 500.6113 500.6042 500.5942 500.5872 500.5802 500.5706 500.5606 500.5506 500.5417 500.5346 500.5276 500.5193 500.5092 500.4992 500.4902 500.4821 500.4727 500.4637 500.4558 500.446 500.4357 500.4187 500.4016 500.3846 500.3675 500.3505 500.3334 500.3164 500.2993 500.2823 500.2653 500.2482 500.2312 500.2141 500.1971 500.18 500.163 500.1459 500.1289 500.1118
500.7879 500.7781 500.7724 500.766 500.7609 500.7532 500.7433 500.7347 500.729 500.721 500.711 500.7024 500.6966 500.6885 500.6796 500.6732 500.6667 500.6567 500.6495 500.6407 500.6307 500.6207 500.6127 500.6065 500.5984 500.5893 500.5823 500.5749 500.5649 500.5549 500.5449 500.537 500.5299 500.5229 500.5138 500.5038 500.4937 500.4853 500.4772 500.4673 500.4589 500.4506 500.4406 500.4285 500.4114 500.3944 500.3773 500.3603 500.3432 500.3262 500.3091 500.2921 500.2751 500.258 500.241 500.2239 500.2069 500.1898 500.1728 500.1557 500.1387 500.1216 500.1046
500.7812 500.7729 500.7672 500.7611 500.756 500.7468 500.7368 500.7298 500.7241 500.7147 500.7047 500.6976 500.6918 500.6823 500.6747 500.6678 500.6607 500.6512 500.6445 500.6348 500.6248 500.6148 500.6081 500.6014 500.5926 500.5844 500.5775 500.5692 500.5592 500.5493 500.5393 500.5322 500.5252 500.5182 500.5083 500.4983 500.4884 500.4803 500.4719 500.4619 500.454 500.4453 500.4352 500.4212 500.4042 500.3871 500.3701 500.3531 500.336 500.319 500.3019 500.2849 500.2678 500.2508 500.2337 500.2167 500.1996 500.1826 500.1656 500.1485 500.1315 500.1144 500.0974
500.7744 500.7678 500.7613 500.7562 500.7503 500.7403 500.7305 500.7248 500.7184 500.7084 500.6985 500.6927 500.6862 500.6762 500.6697 500.6632 500.6547 500.6462 500.6389 500.6289 500.6189 500.6095 500.6035 500.5966 500.5868 500.5796 500.5727 500.5636 500.5536 500.5436 500.5345 500.5275 500.5204 500.5128 500.5028 500.4928 500.4835 500.4754 500.4664 500.4571 500.4492 500.4399 500.4299 500.414 500.397 500.3799 500.3629 500.3458 500.3288 500.3117 500.2947 500.2776 500.2606 500.2435 500.2265 500.2094 500.1924 500.1754 500.1583 500.1413 500.1242 500.1072 500.0901
500.7684 500.7627 500.7563 500.7513 500.7439 500.7339 500.7256 500.7199 500.7121 500.7021 500.6937 500.6879 500.68 500.6711 500.6647 500.6586 500.6487 500.6413 500.6329 500.623 500.6129 500.6049 500.5989 500.591 500.5817 500.5748 500.5678 500.5579 500.5479 500.5379 500.5298 500.5228 500.5157 500.5073 500.4973 500.4873 500.4785 500.4705 500.461 500.4522 500.4443 500.4345 500.4238 500.4068 500.3897 500.3727 500.3556 500.3386 500.3215 500.3045 500.2874 500.2704 500.2534 500.2363 500.2193 500.2022 500.1852 500.1681 500.1511 500.134 500.117 500.0999 500.0829
