site316_cleanbed/site316_cleanbed/sfe316_cleanbed.asc
ncols         648
nrows         246
xllcorner     -124.50147132989
yllcorner     -132.6
cellsize      1
NODATA_value  -9999
[rows 84 to 111 of 246, columns 441 to 503 of 648]
500.6114 500.6056 500.5999 500.5913 500.5849 500.5784 500.5724 500.5644 500.5573 500.5507 500.5409 500.5316 500.5257 500.5197 500.5128 500.504 500.497 500.4901 500.4832 500.4737 500.4637 500.4561 500.449 500.442 500.4349 500.4279 500.418 500.4084 500.4003 500.3923 500.3837 500.3748 500.3669 500.359 500.3491 500.3333 500.3163 500.2992 500.2822 500.2651 500.2481 500.231 500.214 500.197 500.1799 500.1629 500.1458 500.1288 500.1117 500.0947 500.0776 500.0606 500.0435 500.0265 500.0095 499.9924 499.9754 499.9583 499.9413 499.9242 499.9072 499.8901 499.8731
500.6066 500.6008 500.595 500.5863 500.5799 500.5735 500.5678 500.5591 500.5524 500.545 500.535 500.5271 500.5211 500.5147 500.5074 500.4991 500.4922 500.4853 500.4781 500.4681 500.4584 500.4513 500.4443 500.4373 500.4302 500.4225 500.4125 500.4034 500.3954 500.3874 500.3783 500.3699 500.3621 500.3537 500.3431 500.3261 500.3091 500.292 500.275 500.2579 500.2408 500.2238 500.2068 500.1897 500.1727 500.1556 500.1386 500.1216 500.1045 500.0874 500.0704 500.0533 500.0363 500.0193 500.0022 499.9852 499.9681 499.9511 499.934 499.917 499.8999 499.8829 499.8658
500.6017 500.596 500.5888 500.5814 500.5749 500.5685 500.5624 500.5541 500.5474 500.539 500.529 500.5225 500.5165 500.5099 500.5016 500.4943 500.4874 500.4805 500.4724 500.4624 500.4536 500.4466 500.4395 500.4325 500.4255 500.417 500.407 500.3985 500.3905 500.3824 500.373 500.3651 500.3572 500.3483 500.3359 500.3188 500.3018 500.2848 500.2677 500.2507 500.2336 500.2166 500.1995 500.1825 500.1654 500.1484 500.1313 500.1143 500.0973 500.0802 500.0632 500.0461 500.0291 500.012 499.995 499.9779 499.9609 499.9438 499.9268 499.9098 499.8927 499.8757 499.8586
500.5969 500.5912 500.5828 500.5764 500.5699 500.5639 500.5564 500.5491 500.5424 500.5331 500.5239 500.5179 500.5119 500.505 500.4964 500.4895 500.4826 500.4756 500.4668 500.4568 500.4489 500.4419 500.4348 500.4278 500.4207 500.4115 500.4016 500.3936 500.3856 500.3774 500.3681 500.3603 500.3524 500.343 500.3287 500.3116 500.2946 500.2775 500.2605 500.2434 500.2264 500.2094 500.1923 500.1753 500.1582 500.1412 500.1241 500.1071 500.09 500.073 500.0559 500.0389 500.0219 500.0048 499.9877 499.9707 499.9536 499.9366 499.9196 499.9025 499.8855 499.8684 499.8514
500.5921 500.5863 500.5779 500.5714 500.565 500.5593 500.5509 500.5442 500.5372 500.5272 500.5193 500.5133 500.507 500.5001 500.4916 500.4846 500.4777 500.4708 500.4611 500.4512 500.4442 500.4371 500.4301 500.4231 500.416 500.406 500.3967 500.3887 500.3806 500.372 500.3633 500.3554 500.3475 500.3376 500.3214 500.3044 500.2874 500.2703 500.2532 500.2362 500.2191 500.2021 500.1851 500.168 500.151 500.1339 500.1169 500.0998 500.0828 500.0657 500.0487 500.0316 500.0146 499.9976 499.9805 499.9635 499.9464 499.9294 499.9123 499.8953 499.8782 499.8612 499.8441
500.5872 500.5803 500.5729 500.5664 500.5599 500.5544 500.5459 500.5392 500.5312 500.5212 500.5147 500.5087 500.5022 500.4943 500.4868 500.4798 500.4729 500.4654 500.4554 500.4465 500.4395 500.4324 500.4254 500.4183 500.4105 500.4005 500.3918 500.3838 500.3757 500.3665 500.3584 500.3506 500.3423 500.3312 500.3142 500.2971 500.2801 500.2631 500.246 500.229 500.2119 500.1949 500.1778 500.1608 500.1437 500.1267 500.1096 500.0926 500.0756 500.0585 500.0415 500.0244 500.0074 499.9903 499.9733 499.9562 499.9392 499.9221 499.9051 499.888 499.871 499.8539 499.8369
500.5824 500.5743 500.5679 500.5615 500.5553 500.5483 500.5409 500.5342 500.5253 500.5161 500.5101 500.5041 500.4973 500.4889 500.4819 500.475 500.4681 500.4598 500.4498 500.4418 500.4347 500.4277 500.4207 500.4136 500.405 500.3951 500.3869 500.3788 500.3708 500.3615 500.3536 500.3457 500.3369 500.324 500.307 500.2899 500.2729 500.2558 500.2388 500.2217 500.2047 500.1877 500.1706 500.1535 500.1365 500.1194 500.1024 500.0854 500.0683 500.0513 500.0342 500.0172 500.0001 499.9831 499.966 499.949 499.9319 499.9149 499.8979 499.8808 499.8638 499.8467 499.8297
500.5776 500.5694 500.5629 500.5565 500.5507 500.5426 500.5359 500.5293 500.5194 500.5115 500.5055 500.4994 500.4925 500.484 500.4771 500.4702 500.4632 500.4541 500.4441 500.437 500.43 500.4229 500.4159 500.4089 500.3995 500.39 500.382 500.3739 500.3657 500.3566 500.3488 500.3409 500.3315 500.3168 500.2997 500.2827 500.2656 500.2486 500.2315 500.2145 500.1974 500.1804 500.1634 500.1463 500.1293 500.1122 500.0952 500.0781 500.0611 500.044 500.027 500.0099 499.9929 499.9759 499.9588 499.9418 499.9247 499.9077 499.8906 499.8736 499.8565 499.8395 499.8224
500.5718 500.5644 500.558 500.5514 500.5461 500.5377 500.531 500.5234 500.5134 500.5069 500.5009 500.4945 500.4869 500.4792 500.4723 500.4653 500.4584 500.4485 500.4394 500.4323 500.4253 500.4182 500.4112 500.4041 500.394 500.3851 500.377 500.369 500.3603 500.3518 500.3439 500.336 500.3262 500.3095 500.2925 500.2755 500.2584 500.2414 500.2243 500.2073 500.1902 500.1732 500.1561 500.1391 500.122 500.105 500.088 500.0709 500.0538 500.0368 500.0197 500.0027 499.9857 499.9686 499.9516 499.9345 499.9175 499.9004 499.8834 499.8663 499.8493 499.8322 499.8152
500.5659 500.5594 500.553 500.5468 500.5403 500.5327 500.526 500.5175 500.5083 500.5023 500.4963 500.4896 500.4813 500.4744 500.4674 500.4605 500.4528 500.4428 500.4346 500.4276 500.4205 500.4135 500.4065 500.3986 500.3885 500.3802 500.3721 500.3641 500.3549 500.347 500.3391 500.3308 500.3193 500.3023 500.2852 500.2682 500.2512 500.2341 500.2171 500.2 500.183 500.1659 500.1489 500.1318 500.1148 500.0977 500.0807 500.0637 500.0466 500.0296 500.0125 499.9955 499.9784 499.9614 499.9443 499.9273 499.9102 499.8932 499.8762 499.8591 499.8421 499.825 499.808
500.5609 500.5544 500.548 500.5422 500.5344 500.5277 500.521 500.5116 500.5037 500.4977 500.4917 500.4848 500.4765 500.4695 500.4626 500.4557 500.4471 500.4371 500.4299 500.4229 500.4158 500.4088 500.4017 500.3931 500.3833 500.3753 500.3672 500.3592 500.35 500.3421 500.3342 500.3254 500.3121 500.2951 500.278 500.261 500.2439 500.2269 500.2098 500.1928 500.1758 500.1587 500.1417 500.1246 500.1076 500.0905 500.0735 500.0564 500.0394 500.0223 500.0053 499.9883 499.9712 499.9541 499.9371 499.92 499.903 499.886 499.8689 499.8519 499.8348 499.8178 499.8007
500.5559 500.5495 500.543 500.5376 500.5294 500.5228 500.5157 500.5056 500.4991 500.4931 500.4868 500.4796 500.4716 500.4647 500.4578 500.4508 500.4415 500.4322 500.4252 500.4181 500.4111 500.4041 500.397 500.3876 500.3784 500.3703 500.3623 500.354 500.3451 500.3372 500.3294 500.3201 500.3049 500.2878 500.2708 500.2538 500.2367 500.2196 500.2026 500.1855 500.1685 500.1515 500.1344 500.1174 500.1003 500.0833 500.0662 500.0492 500.0321 500.0151 499.998 499.981 499.964 499.9469 499.9299 499.9128 499.8958 499.8787 499.8617 499.8446 499.8276 499.8105 499.7935
500.5509 500.5445 500.5382 500.5323 500.5245 500.5178 500.5097 500.5005 500.4945 500.4885 500.4819 500.4738 500.4668 500.4599 500.4529 500.4458 500.4358 500.4275 500.4204 500.4134 500.4063 500.3993 500.3921 500.3821 500.3735 500.3654 500.3574 500.3486 500.3403 500.3324 500.3246 500.3147 500.2976 500.2806 500.2635 500.2465 500.2295 500.2124 500.1954 500.1783 500.1613 500.1442 500.1272 500.1101 500.0931 500.076 500.059 500.042 500.0249 500.0079 499.9908 499.9738 499.9567 499.9397 499.9226 499.9056 499.8885 499.8715 499.8545 499.8374 499.8203 499.8033 499.7863
500.546 500.5395 500.5336 500.5263 500.5195 500.5128 500.5038 500.4959 500.4899 500.4839 500.4771 500.4689 500.462 500.455 500.4481 500.4401 500.4301 500.4228 500.4157 500.4087 500.4016 500.3946 500.3866 500.3766 500.3686 500.3605 500.3525 500.3433 500.3354 500.3276 500.3194 500.3075 500.2904 500.2734 500.2563 500.2393 500.2222 500.2052 500.1881 500.1711 500.1541 500.137 500.1199 500.1029 500.0858 500.0688 500.0518 500.0347 500.0177 500.0006 499.9836 499.9665 499.9495 499.9324 499.9154 499.8983 499.8813 499.8643 499.8472 499.8302 499.8131 499.7961 499.779
500.541 500.5345 500.529 500.5212 500.5146 500.5078 500.4978 500.4913 500.4853 500.4791 500.4722 500.4641 500.4572 500.4502 500.4433 500.4345 500.4251 500.418 500.411 500.4039 500.3969 500.3899 500.3811 500.3717 500.3636 500.3556 500.3476 500.3385 500.3306 500.3227 500.314 500.3002 500.2832 500.2661 500.2491 500.232 500.215 500.1979 500.1809 500.1638 500.1468 500.1298 500.1127 500.0957 500.0786 500.0616 500.0445 500.0275 500.0104 499.9934 499.9763 499.9593 499.9423 499.9252 499.9082 499.8911 499.8741 499.857 499.84 499.8229 499.8059 499.7888 499.7718
500.536 500.5297 500.5243 500.5163 500.5096 500.5019 500.4927 500.4867 500.4807 500.4742 500.4664 500.4592 500.4523 500.4454 500.4384 500.4288 500.4203 500.4133 500.4063 500.3992 500.3922 500.3851 500.3756 500.3668 500.3587 500.3507 500.3423 500.3336 500.3258 500.3179 500.3086 500.293 500.2759 500.2589 500.2419 500.2248 500.2078 500.1907 500.1737 500.1566 500.1396 500.1225 500.1055 500.0884 500.0714 500.0544 500.0373 500.0202 500.0032 499.9861 499.9691 499.9521 499.935 499.918 499.9009 499.8839 499.8668 499.8498 499.8327 499.8157 499.7986 499.7816 499.7646
500.531 500.5251 500.5182 500.5113 500.5046 500.496 500.4881 500.4821 500.4761 500.4694 500.4613 500.4544 500.4475 500.4406 500.4331 500.4232 500.4156 500.4086 500.4015 500.3945 500.3875 500.3801 500.3701 500.3618 500.3538 500.3458 500.3369 500.3288 500.3209 500.313 500.3028 500.2857 500.2687 500.2516 500.2346 500.2176 500.2005 500.1835 500.1664 500.1494 500.1323 500.1153 500.0982 500.0812 500.0641 500.0471 500.0301 500.013 499.996 499.9789 499.9619 499.9448 499.9278 499.9107 499.8937 499.8766 499.8596 499.8426 499.8255 499.8085 499.7914 499.7744 499.7573
500.5261 500.5204 500.513 500.5063 500.4996 500.4901 500.4836 500.4775 500.4713 500.4645 500.4565 500.4496 500.4427 500.4357 500.4275 500.4179 500.4109 500.4038 500.3968 500.3897 500.3827 500.3746 500.365 500.3569 500.3489 500.3409 500.3318 500.3239 500.3161 500.3079 500.2956 500.2785 500.2615 500.2444 500.2274 500.2103 500.1933 500.1762 500.1592 500.1422 500.1251 500.1081 500.091 500.074 500.0569 500.0399 500.0228 500.0058 499.9887 499.9717 499.9547 499.9376 499.9206 499.9035 499.8864 499.8694 499.8524 499.8353 499.8183 499.8012 499.7842 499.7671 499.7501
500.5211 500.5158 500.5081 500.5013 500.4941 500.485 500.4789 500.473 500.4665 500.4591 500.4517 500.4448 500.4378 500.4309 500.4218 500.4132 500.4062 500.3991 500.3921 500.385 500.378 500.3691 500.36 500.352 500.344 500.3359 500.327 500.3191 500.3112 500.3026 500.2883 500.2713 500.2542 500.2372 500.2202 500.2031 500.186 500.169 500.1519 500.1349 500.1179 500.1008 500.0838 500.0667 500.0497 500.0326 500.0156 499.9985 499.9815 499.9644 499.9474 499.9304 499.9133 499.8963 499.8792 499.8622 499.8451 499.8281 499.811 499.794 499.7769 499.7599 499.7429
500.5165 500.5102 500.5031 500.4964 500.4882 500.4803 500.4744 500.4684 500.4617 500.4538 500.4468 500.4399 500.433 500.4261 500.4162 500.4085 500.4014 500.3944 500.3873 500.3803 500.3733 500.3636 500.3551 500.3471 500.3391 500.3306 500.3221 500.3143 500.3064 500.2972 500.2811 500.264 500.247 500.2299 500.2129 500.1959 500.1788 500.1618 500.1447 500.1277 500.1106 500.0936 500.0765 500.0595 500.0424 500.0254 500.0084 499.9913 499.9743 499.9572 499.9402 499.9231 499.9061 499.889 499.872 499.8549 499.8379 499.8209 499.8038 499.7867 499.7697 499.7527 499.7356
500.5119 500.5048 500.4981 500.4914 500.4822 500.4758 500.4698 500.4637 500.4568 500.4489 500.442 500.4351 500.4282 500.4205 500.4108 500.4037 500.3967 500.3896 500.3826 500.3755 500.3681 500.3583 500.3502 500.3422 500.3341 500.3252 500.3173 500.3094 500.3015 500.2909 500.2739 500.2568 500.2398 500.2227 500.2057 500.1886 500.1716 500.1545 500.1375 500.1205 500.1034 500.0864 500.0693 500.0522 500.0352 500.0182 500.0011 499.9841 499.967 499.95 499.9329 499.9159 499.8988 499.8818 499.8647 499.8477 499.8307 499.8136 499.7966 499.7795 499.7625 499.7454 499.7284
500.5073 500.4998 500.4931 500.4863 500.4772 500.4712 500.4652 500.4588 500.4517 500.4441 500.4372 500.4303 500.4233 500.4149 500.406 500.399 500.392 500.3849 500.3779 500.3708 500.3626 500.3533 500.3453 500.3372 500.3292 500.3203 500.3125 500.3046 500.2965 500.2837 500.2666 500.2496 500.2325 500.2155 500.1984 500.1814 500.1643 500.1473 500.1302 500.1132 500.0962 500.0791 500.0621 500.045 500.028 500.0109 499.9939 499.9768 499.9598 499.9427 499.9257 499.9087 499.8916 499.8746 499.8575 499.8405 499.8234 499.8064 499.7893 499.7723 499.7552 499.7382 499.7212
500.5022 500.4949 500.4882 500.4804 500.4726 500.4666 500.4606 500.454 500.4462 500.4393 500.4324 500.4254 500.4185 500.4092 500.4013 500.3943 500.3872 500.3802 500.3731 500.3661 500.3571 500.3484 500.3404 500.3323 500.3243 500.3155 500.3076 500.2997 500.2911 500.2764 500.2594 500.2423 500.2253 500.2083 500.1912 500.1742 500.1571 500.1401 500.123 500.106 500.0889 500.0719 500.0548 500.0378 500.0208 500.0037 499.9867 499.9696 499.9525 499.9355 499.9185 499.9014 499.8844 499.8673 499.8503 499.8332 499.8162 499.7991 499.7821 499.765 499.748 499.731 499.7139
500.4966 500.4899 500.4832 500.4745 500.468 500.462 500.456 500.4491 500.4414 500.4344 500.4275 500.4206 500.4135 500.4036 500.3966 500.3896 500.3825 500.3755 500.3684 500.3614 500.3517 500.3435 500.3355 500.3274 500.3189 500.3106 500.3028 500.2949 500.2857 500.2692 500.2521 500.2351 500.218 500.201 500.184 500.1669 500.1499 500.1328 500.1158 500.0987 500.0817 500.0646 500.0476 500.0305 500.0135 499.9965 499.9794 499.9624 499.9453 499.9283 499.9112 499.8942 499.8771 499.8601 499.843 499.826 499.809 499.7919 499.7749 499.7578 499.7408 499.7237 499.7067
500.4916 500.4849 500.4782 500.4694 500.4634 500.4574 500.4511 500.4443 500.4366 500.4296 500.4227 500.4158 500.4079 500.3989 500.3919 500.3848 500.3778 500.3707 500.3637 500.3562 500.3466 500.3386 500.3305 500.3225 500.3137 500.3058 500.2979 500.2901 500.279 500.262 500.2449 500.2279 500.2108 500.1938 500.1767 500.1597 500.1426 500.1256 500.1086 500.0915 500.0745 500.0574 500.0404 500.0233 500.0063 499.9892 499.9722 499.9551 499.9381 499.9211 499.904 499.887 499.8699 499.8528 499.8358 499.8188 499.8017 499.7847 499.7676 499.7506 499.7335 499.7165 499.6994
500.4866 500.4799 500.4726 500.4648 500.4588 500.4528 500.4463 500.4387 500.4317 500.4248 500.4179 500.4109 500.4022 500.3942 500.3871 500.3801 500.373 500.366 500.3589 500.3507 500.3417 500.3337 500.3256 500.3176 500.3088 500.301 500.2931 500.285 500.2718 500.2547 500.2377 500.2206 500.2036 500.1866 500.1695 500.1525 500.1354 500.1183 500.1013 500.0843 500.0672 500.0502 500.0331 500.0161 499.999 499.982 499.9649 499.9479 499.9308 499.9138 499.8968 499.8797 499.8627 499.8456 499.8286 499.8115 499.7945 499.7774 499.7604 499.7433 499.7263 499.7093 499.6922
500.4817 500.475 500.4666 500.4602 500.4542 500.4482 500.4414 500.4338 500.4269 500.42 500.4131 500.4061 500.3965 500.3894 500.3824 500.3754 500.3683 500.3613 500.3542 500.3452 500.3368 500.3288 500.3207 500.3126 500.304 500.2961 500.2882 500.2797 500.2645 500.2475 500.2304 500.2134 500.1964 500.1793 500.1623 500.1452 500.1282 500.1111 500.0941 500.077 500.06 500.0429 500.0259 500.0089 499.9918 499.9748 499.9577 499.9407 499.9236 499.9066 499.8895 499.8725 499.8554 499.8384 499.8214 499.8043 499.7873 499.7702 499.7531 499.7361 499.7191 499.702 499.685
500.4767 500.47 500.4616 500.4556 500.4496 500.4434 500.4366 500.429 500.4221 500.4151 500.4082 500.4009 500.3918 500.3847 500.3777 500.3706 500.3636 500.3565 500.3495 500.3399 500.3319 500.3239 500.3158 500.3072 500.2992 500.2913 500.2834 500.2743 500.2573 500.2403 500.2232 500.2062 500.1891 500.1721 500.155 500.138 500.1209 500.1039 500.0869 500.0698 500.0528 500.0357 500.0186 500.0016 499.9846 499.9675 499.9505 499.9334 499.9164 499.8993 499.8823 499.8652 499.8482 499.8311 499.8141 499.7971 499.78 499.763 499.7459 499.7289 499.7118 499.6948 499.6777
