site316_cleanbed/site316_cleanbed/sfe316_cleanbed.asc
ncols         546
nrows         246
xllcorner     -23.4
yllcorner     -132.6
cellsize      1
NODATA_value  -9999
[rows 84 to 111 of 246, columns 252 to 314 of 546]
498.1555 498.1778 498.1996 498.2198 498.2386 498.2573 498.2746 498.291 498.3095 498.3239 498.3368 498.3521 498.3668 498.3827 498.3969 498.4176 498.436 498.4534 498.4749 498.4957 498.517 498.5395 498.564 498.5871 498.6097 498.6336 498.6596 498.6859 498.7097 498.7337 498.7594 498.7836 498.8073 498.8312 498.8568 498.8819 498.8848 498.8819 498.879 498.875 498.8712 498.8675 498.8637 498.86 498.8562 498.8503 498.8466 498.8429 498.8393 498.8356 498.8308 498.8267 498.8225 498.8152 498.8114 498.8076 498.8038 498.7959 498.7914 498.7869 498.7824 498.7754 498.7708
495.836 498.146 498.1665 498.1852 498.2039 498.2219 498.238 498.2561 498.2711 498.2838 498.297 498.3134 498.3245 498.3413 498.3601 498.3763 498.3942 498.4162 498.4348 498.457 498.4784 498.5026 498.5259 498.5479 498.5718 498.5977 498.6243 498.6483 498.6723 498.698 498.7224 498.7457 498.7695 498.7949 498.8191 498.8435 498.8679 498.8754 498.8724 498.8686 498.8649 498.8611 498.8573 498.8536 498.8483 498.8443 498.8406 498.837 498.8333 498.8297 498.8248 498.8206 498.8165 498.8096 498.8058 498.802 498.7968 498.7903 498.7858 498.7813 498.7768 498.7699 498.7653
495.6425 495.816 498.136 498.1506 498.1692 498.1853 498.2028 498.2178 498.231 498.244 498.2601 498.2711 498.2859 498.3018 498.3192 498.3372 498.3568 498.3745 498.397 498.4173 498.4411 498.4648 498.4862 498.5101 498.5357 498.5625 498.5869 498.6109 498.6366 498.6612 498.6841 498.7079 498.733 498.7572 498.7807 498.8051 498.8308 498.8564 498.8659 498.8622 498.8585 498.8547 498.851 498.8472 498.842 498.8383 498.8347 498.831 498.8274 498.8234 498.8188 498.8146 498.8085 498.804 498.8002 498.7964 498.7892 498.7847 498.7802 498.7758 498.7693 498.7644 498.7599
495.485 495.5945 495.751 497.736 498.1326 498.1488 498.1644 498.1782 498.1911 498.205 498.2178 498.2316 498.2453 498.2631 498.2802 498.2971 498.3157 498.337 498.357 498.3798 498.4037 498.4249 498.4483 498.4738 498.5004 498.5255 498.5494 498.5752 498.6 498.6224 498.6462 498.6711 498.6944 498.7179 498.7423 498.7676 498.7937 498.8147 498.8385 498.856 498.8521 498.8484 498.8446 498.8408 498.8361 498.8324 498.8287 498.8251 498.8214 498.8169 498.8127 498.8086 498.8022 498.7984 498.7946 498.7908 498.7836 498.7791 498.7747 498.7702 498.7636 498.759 498.7544
495.363 495.461 495.5785 495.67 496.3575 498.111 498.1254 498.1381 498.1513 498.1645 498.1755 498.1897 498.207 498.2222 498.2373 498.2569 498.277 498.297 498.3187 498.3425 498.3637 498.3866 498.4119 498.4382 498.4641 498.488 498.5137 498.5388 498.561 498.5846 498.6092 498.6326 498.6552 498.6795 498.7045 498.7309 498.752 498.7749 498.7989 498.8224 498.846 498.842 498.8382 498.8338 498.8301 498.8265 498.8228 498.8192 498.8155 498.8109 498.8067 498.8025 498.7966 498.7928 498.789 498.7834 498.778 498.7736 498.7691 498.7643 498.7581 498.7535 498.7489
495.2655 495.3535 495.413 495.5235 495.6075 495.7075 496.7255 498.0983 498.1112 498.1222 498.1342 498.1493 498.1646 498.1801 498.1982 498.2165 498.237 498.2576 498.2814 498.3026 498.3248 498.35 498.3761 498.4027 498.4266 498.4523 498.4776 498.4998 498.5229 498.5472 498.5709 498.5933 498.6167 498.6414 498.6679 498.6892 498.7113 498.7353 498.7576 498.7823 498.808 498.836 498.8318 498.8279 498.8242 498.8205 498.8169 498.8132 498.809 498.8049 498.8007 498.7948 498.791 498.7872 498.7834 498.7769 498.7725 498.768 498.7635 498.7572 498.7526 498.748 498.7428
495.2245 495.2685 495.3205 495.388 495.458 495.5255 495.6345 495.708 496.5075 498.082 498.0937 498.1085 498.1231 498.1394 498.1564 498.177 498.197 498.2203 498.2415 498.2631 498.2881 498.314 498.3413 498.3651 498.3909 498.4164 498.4386 498.4613 498.4853 498.5092 498.5316 498.554 498.5783 498.6048 498.6268 498.6477 498.6717 498.6949 498.7172 498.7423 498.7701 498.7973 498.8234 498.8219 498.8182 498.8146 498.8109 498.8073 498.803 498.7989 498.7947 498.7892 498.7854 498.7816 498.7779 498.7714 498.7669 498.7624 498.7579 498.7517 498.7472 498.7426 498.7361
495.2076 495.2215 495.249 495.2875 495.353 495.424 495.4805 495.543 495.611 495.7 496.763 498.068 498.0806 498.0977 498.117 498.137 498.1591 498.1803 498.2015 498.2261 498.2521 498.2795 498.3037 498.3294 498.3551 498.3774 498.3997 498.4235 498.4476 498.4697 498.4912 498.5155 498.5417 498.5643 498.5848 498.6081 498.6318 498.6521 498.6771 498.7042 498.73 498.7569 498.7826 498.8102 498.8123 498.8086 498.805 498.8013 498.797 498.7928 498.7885 498.7836 498.7798 498.776 498.7703 498.7658 498.7613 498.7568 498.7516 498.7463 498.7417 498.7371 498.7307
495.2095 495.2021 495.216 495.2455 495.2815 495.325 495.3805 495.434 495.4865 495.56 495.617 495.677 496.983 498.057 498.077 498.098 498.1192 498.1404 498.1642 498.1902 498.2177 498.2423 498.268 498.2937 498.3162 498.3384 498.3618 498.3859 498.4073 498.429 498.4528 498.4785 498.5015 498.522 498.5445 498.5685 498.5882 498.612 498.6383 498.6635 498.6903 498.716 498.7423 498.7706 498.7969 498.8027 498.799 498.7951 498.791 498.7868 498.7818 498.778 498.7742 498.7704 498.7647 498.7602 498.7557 498.7512 498.7454 498.7408 498.7362 498.7307 498.7254
495.2355 495.2045 495.1972 495.2105 495.2285 495.262 495.307 495.347 495.392 495.4505 495.498 495.5555 495.615 496.1315 497.8435 498.0581 498.0793 498.1023 498.1283 498.1559 498.1809 498.2066 498.2323 498.255 498.2772 498.3002 498.3242 498.3456 498.3674 498.39 498.4153 498.4386 498.4596 498.4809 498.5049 498.5257 498.5468 498.5724 498.5992 498.6238 498.6495 498.6744 498.7034 498.7281 498.7549 498.7841 498.7931 498.7891 498.7849 498.7808 498.7762 498.7724 498.7686 498.7645 498.7591 498.7546 498.7501 498.7456 498.7399 498.7354 498.7307 498.7247 498.72
495.274 495.2275 495.202 495.1941 495.202 495.2175 495.2505 495.2785 495.3215 495.359 495.418 495.468 495.5155 495.574 495.638 497.5525 498.0404 498.0663 498.0941 498.1194 498.1451 498.1709 498.1938 498.216 498.2386 498.2625 498.284 498.3058 498.3272 498.3522 498.3758 498.3973 498.4176 498.4413 498.4629 498.4817 498.5068 498.5344 498.5568 498.5829 498.6071 498.6355 498.6593 498.686 498.7146 498.7436 498.7697 498.7831 498.7789 498.7744 498.7706 498.7668 498.763 498.758 498.7535 498.7491 498.7445 498.7391 498.7345 498.7299 498.7253 498.7193 498.7146
495.3325 495.267 495.2135 495.1955 495.1893 495.1975 495.2115 495.2365 495.26 495.301 495.346 495.3935 495.4395 495.4955 495.543 495.6215 497.221 498.0319 498.058 498.0837 498.1094 498.1326 498.1548 498.177 498.2009 498.2223 498.2441 498.2648 498.2891 498.313 498.3349 498.3549 498.3777 498.3998 498.4189 498.4416 498.4685 498.4894 498.5164 498.5411 498.5676 498.5916 498.6172 498.645 498.6729 498.6997 498.7253 498.7509 498.7735 498.7688 498.765 498.7612 498.7574 498.7524 498.748 498.7435 498.739 498.7336 498.729 498.7244 498.7187 498.714 498.7093
495.3945 495.297 495.2365 495.2085 495.1915 495.1855 495.1915 495.2065 495.226 495.2545 495.2935 495.3295 495.369 495.4115 495.4585 495.53 495.606 497.2085 498.0223 498.048 498.0714 498.0936 498.1158 498.1392 498.1606 498.1822 498.2032 498.226 498.2502 498.2721 498.2925 498.3141 498.3367 498.3563 498.3765 498.4026 498.425 498.4499 498.4751 498.4997 498.5251 498.5484 498.5755 498.6027 498.6298 498.6554 498.681 498.7094 498.737 498.764 498.7594 498.7556 498.7513 498.7469 498.7424 498.7379 498.7334 498.7281 498.7235 498.7189 498.7133 498.7086 498.7039
495.4525 495.347 495.2705 495.2325 495.201 495.185 495.1815 495.1875 495.1965 495.218 495.249 495.277 495.315 495.355 495.399 495.4475 495.5165 495.5825 496.7945 498.0102 498.0324 498.0546 498.0775 498.0989 498.1204 498.1415 498.1632 498.1873 498.2092 498.2301 498.2505 498.2737 498.2938 498.312 498.3367 498.3607 498.3833 498.409 498.4318 498.4583 498.4796 498.5064 498.5347 498.5608 498.5854 498.611 498.6388 498.6663 498.6938 498.7234 498.754 498.75 498.7458 498.7413 498.7368 498.7323 498.7272 498.7227 498.718 498.7135 498.7079 498.7032 498.6985
495.4995 495.3875 495.3235 495.258 495.2165 495.195 495.181 495.1785 495.183 495.1945 495.2115 495.2405 495.2735 495.308 495.3465 495.389 495.444 495.491 495.559 496.7805 497.9934 498.0158 498.0373 498.0587 498.0799 498.1006 498.1245 498.1464 498.1678 498.1877 498.2106 498.2308 498.2495 498.2713 498.2964 498.3162 498.3425 498.3645 498.3916 498.4126 498.4376 498.4662 498.4914 498.5155 498.5411 498.5682 498.5956 498.6231 498.6523 498.6829 498.7123 498.7385 498.7402 498.7357 498.7312 498.7267 498.7218 498.7172 498.7126 498.7073 498.7026 498.6979 498.6924
495.554 495.442 495.3665 495.292 495.2385 495.2135 495.187 495.1775 495.1755 495.179 495.1885 495.2095 495.2375 495.267 495.3005 495.338 495.379 495.426 495.488 495.5405 496.28 497.98 497.997 498.0183 498.0389 498.0616 498.0836 498.1054 498.1254 498.1472 498.1678 498.187 498.2061 498.232 498.2509 498.2759 498.2985 498.3248 498.3463 498.3688 498.3966 498.4207 498.4455 498.4711 498.4976 498.525 498.5524 498.5812 498.6118 498.642 498.6682 498.6945 498.7207 498.7301 498.7256 498.7211 498.7163 498.7117 498.7071 498.7019 498.6972 498.6925 498.6871
495.5995 495.5025 495.405 495.325 495.265 495.2335 495.1985 495.1835 495.1735 495.1715 495.1755 495.187 495.208 495.2325 495.2605 495.293 495.32 495.3575 495.4125 495.4605 495.4975 495.9395 497.563 497.9773 497.9988 498.0208 498.0427 498.063 498.0836 498.1047 498.1244 498.1426 498.1669 498.1865 498.2094 498.2325 498.257 498.2797 498.3 498.3271 498.3513 498.3768 498.4012 498.4269 498.4547 498.4817 498.5101 498.5407 498.5713 498.5979 498.6242 498.6504 498.6789 498.7055 498.72 498.7154 498.7108 498.7062 498.7016 498.6966 498.6919 498.6872 498.6818
495.6895 495.5525 495.441 495.3595 495.302 495.262 495.2145 495.1945 495.177 495.17 495.1685 495.1735 495.1855 495.2005 495.227 495.254 495.2755 495.31 495.347 495.3895 495.4335 495.474 495.518 496.856 497.9579 497.9798 498.0006 498.0206 498.0417 498.0619 498.0801 498.101 498.1222 498.1428 498.1664 498.1891 498.2129 498.2337 498.2579 498.2833 498.3079 498.3312 498.3568 498.3845 498.411 498.4391 498.4696 498.5002 498.5276 498.5539 498.5801 498.6104 498.637 498.6652 498.6913 498.71 498.7054 498.7008 498.6959 498.6912 498.6865 498.6813 498.6765
496.7715 495.594 495.489 495.412 495.3465 495.29 495.2455 495.2105 495.1885 495.1735 495.1665 495.1655 495.1715 495.1815 495.1955 495.2215 495.241 495.2695 495.3015 495.3325 495.3765 495.41 495.4455 495.4845 496.311 497.536 497.9582 497.9786 497.9988 498.0175 498.0358 498.0579 498.0767 498.1004 498.1218 498.1461 498.1674 498.1891 498.2154 498.2387 498.2613 498.2869 498.3143 498.3403 498.368 498.3985 498.429 498.4573 498.4836 498.5102 498.542 498.5685 498.5967 498.6228 498.6482 498.6739 498.7 498.6953 498.6905 498.6858 498.6811 498.6761 498.6713
498.0595 495.658 495.5535 495.461 495.3905 495.32 495.2755 495.24 495.2065 495.1825 495.17 495.163 495.1625 495.1675 495.177 495.1905 495.2105 495.2345 495.2615 495.283 495.322 495.3555 495.3805 495.4225 495.449 495.4745 496.9055 497.9358 497.955 497.9732 497.9935 498.0124 498.0344 498.0558 498.0793 498.101 498.121 498.1474 498.1685 498.1927 498.217 498.2441 498.2699 498.2972 498.3274 498.3579 498.387 498.4133 498.4406 498.4735 498.5001 498.5282 498.5544 498.5818 498.6075 498.6335 498.6618 498.6876 498.6852 498.6805 498.6758 498.6708 498.666
498.0722 496.9735 495.599 495.5085 495.4315 495.357 495.3095 495.268 495.2285 495.2025 495.1785 495.164 495.159 495.159 495.1635 495.1725 495.186 495.2045 495.2275 495.2465 495.2785 495.307 495.33 495.3575 495.3875 495.4145 495.4435 496.3915 497.5085 497.9292 497.9481 497.9684 497.9898 498.0125 498.0343 498.0547 498.0787 498.0999 498.1241 498.147 498.1739 498.1996 498.2265 498.2563 498.2868 498.3167 498.343 498.3709 498.405 498.4316 498.4597 498.4859 498.5144 498.541 498.567 498.5953 498.623 498.6462 498.6695 498.6751 498.6703 498.6655 498.6607
498.0902 498.0496 496.0395 495.5595 495.4735 495.401 495.349 495.296 495.2555 495.2235 495.1975 495.175 495.1605 495.1555 495.1555 495.1595 495.168 495.1805 495.199 495.2145 495.238 495.265 495.283 495.31 495.3365 495.3605 495.3845 495.4145 495.43 496.6655 497.908 497.9238 497.9457 497.9675 497.9884 498.0095 498.0319 498.055 498.0771 498.1036 498.1294 498.1558 498.1852 498.2157 498.2463 498.2726 498.3012 498.3354 498.3631 498.3913 498.4174 498.4468 498.4747 498.5006 498.5288 498.5584 498.5817 498.6049 498.6298 498.6565 498.665 498.6602 498.6555
498.109 498.0695 498.036 495.6165 495.525 495.4575 495.3915 495.3295 495.2865 495.2495 495.215 495.189 495.169 495.158 495.1515 495.1515 495.156 495.164 495.1745 495.19 495.2075 495.2265 495.247 495.2685 495.2935 495.3115 495.3295 495.3625 495.374 495.401 495.999 497.302 497.9007 497.9221 497.942 497.964 497.9858 498.0086 498.0334 498.0592 498.0851 498.1141 498.1446 498.1752 498.2024 498.2316 498.2657 498.2946 498.3228 498.3489 498.3792 498.4083 498.4341 498.4623 498.4935 498.5171 498.5404 498.5652 498.5925 498.6158 498.6386 498.655 498.6501
498.1301 498.0905 498.0509 497.4235 495.593 495.5195 495.4445 495.369 495.319 495.2735 495.2335 495.2045 495.183 495.166 495.1535 495.1475 495.1485 495.1525 495.1585 495.1705 495.1815 495.1985 495.215 495.232 495.2525 495.268 495.292 495.3085 495.3285 495.3475 495.3695 495.3865 496.633 497.7045 497.896 497.9165 497.9401 497.9629 497.989 498.0148 498.043 498.0735 498.1041 498.132 498.1619 498.1961 498.2261 498.2543 498.2804 498.3116 498.3419 498.3676 498.3959 498.4276 498.4525 498.4758 498.5006 498.5279 498.5524 498.5752 498.5979 498.6242 498.645
498.151 498.1114 498.0751 498.0365 497.051 495.578 495.4885 495.4165 495.359 495.303 495.2535 495.221 495.1945 495.1745 495.1585 495.1495 495.1435 495.1435 495.147 495.154 495.162 495.1745 495.1875 495.202 495.22 495.2315 495.2555 495.267 495.288 495.3055 495.3215 495.342 495.3605 495.75 497.0405 497.8712 497.893 497.9188 497.9446 497.9719 498.0024 498.033 498.0617 498.0922 498.1264 498.1576 498.1858 498.2119 498.244 498.2755 498.3012 498.3297 498.3615 498.388 498.4112 498.4361 498.4633 498.489 498.5118 498.5345 498.5611 498.584 498.6064
498.1724 498.1361 498.0974 498.0586 498.0198 496.6235 495.529 495.462 495.395 495.339 495.294 495.2475 495.2095 495.1855 495.1665 495.153 495.1445 495.139 495.1395 495.1415 495.1475 495.1555 495.1665 495.178 495.193 495.204 495.221 495.236 495.2495 495.266 495.279 495.299 495.314 495.33 495.345 496.44 497.7195 497.8744 497.9008 497.9313 497.9619 497.9915 498.0226 498.0568 498.0891 498.1173 498.1438 498.1764 498.2089 498.2347 498.2636 498.2953 498.3234 498.3466 498.3715 498.3988 498.4256 498.4484 498.4711 498.4976 498.5215 498.5439 498.5662
498.197 498.1582 498.1194 498.0806 498.0428 498.0044 496.0535 495.516 495.436 495.3745 495.3205 495.275 495.237 495.2055 495.1785 495.1595 495.1485 495.1385 495.1343 495.1345 495.1365 495.141 495.148 495.1575 495.167 495.1805 495.194 495.206 495.218 495.2315 495.2465 495.264 495.272 495.2915 495.304 495.3195 496.1975 497.2845 497.8602 497.8907 497.9211 497.9529 497.9871 498.0207 498.0488 498.0762 498.1088 498.1413 498.1683 498.1974 498.2292 498.2588 498.2821 498.3069 498.3342 498.3622 498.3849 498.4077 498.434 498.459 498.4813 498.5037 498.5275
498.219 498.1802 498.1411 498.104 498.0652 498.0264 497.9915 495.552 495.4745 495.402 495.345 495.2985 495.258 495.224 495.194 495.1695 495.1525 495.141 495.1335 495.131 495.129 495.1315 495.1335 495.1405 495.1485 495.158 495.1675 495.175 495.189 495.201 495.214 495.2245 495.2395 495.255 495.2685 495.2805 495.301 495.865 497.273 497.8502 497.8832 497.9174 497.9516 497.9803 498.0086 498.0411 498.0737 498.1019 498.1313 498.163 498.1937 498.2175 498.2424 498.2697 498.2971 498.3216 498.3443 498.3705 498.3965 498.4188 498.4412 498.4658 498.4878
