site316_cleanbed/site316_cleanbed/sfe316_cleanbed.asc
ncols         648
nrows         246
xllcorner     -124.50147132989
yllcorner     -132.6
cellsize      1
NODATA_value  -9999
[rows 168 to 195 of 246, columns 315 to 377 of 648]
501.6576 501.6432 501.6249 501.611 501.601 501.5837 501.5655 501.5513 501.5326 501.5205 501.5029 501.4838 501.4647 501.4516 501.4321 501.4206 501.407 501.3886 501.3758 501.3578 501.3391 501.325 501.3052 501.2855 501.2657 501.2471 501.2371 501.2245 501.2041 501.1836 501.1632 501.1428 501.1257 501.1158 501.0961 501.0764 501.0585 501.0372 501.016 501.0004 500.9805 500.9632 500.9439 500.9221 500.9003 500.8835 500.8625 500.8443 500.8255 500.8033 500.7811 500.7589 500.7407 500.719 500.6985 500.6756 500.6528 500.6299 500.6095 500.586 500.5626 500.5391 500.4932
501.6639 501.6489 501.6308 501.6208 501.608 501.5898 501.5748 501.5572 501.5407 501.5279 501.5088 501.4897 501.4739 501.4575 501.4413 501.4313 501.4138 501.3967 501.3837 501.3643 501.3503 501.3315 501.3117 501.292 501.2722 501.2588 501.2488 501.2313 501.2109 501.1905 501.1701 501.1497 501.1381 501.1236 501.1039 501.0869 501.0657 501.0444 501.0235 501.0089 500.9884 500.9734 500.9515 500.9297 500.9079 500.8919 500.8708 500.856 500.8339 500.8116 500.7895 500.7695 500.7498 500.7281 500.7072 500.6844 500.6615 500.6408 500.6188 500.5954 500.5719 500.5485 500.5253
501.673 501.6546 501.6406 501.6306 501.6141 501.5958 501.5818 501.5631 501.5509 501.5338 501.5147 501.4957 501.4829 501.4633 501.452 501.439 501.4206 501.4076 501.3902 501.3714 501.3578 501.338 501.3182 501.2985 501.2804 501.2704 501.2586 501.2382 501.2178 501.1974 501.1769 501.1604 501.1504 501.1314 501.1117 501.0941 501.0729 501.0516 501.0365 501.0168 500.9997 500.981 500.9592 500.9373 500.921 500.9003 500.8823 500.8644 500.8422 500.82 500.7978 500.7806 500.7589 500.7389 500.716 500.6931 500.6703 500.6516 500.6282 500.6047 500.5813 500.5578 500.5354
501.6787 501.6604 501.6504 501.6384 501.6201 501.6048 501.5878 501.5711 501.5588 501.5398 501.5207 501.505 501.4888 501.4727 501.4627 501.4457 501.4285 501.416 501.3967 501.3825 501.3643 501.3445 501.3247 501.305 501.2921 501.2821 501.2655 501.2451 501.2246 501.2042 501.1838 501.1727 501.1589 501.1392 501.1226 501.1013 501.0801 501.0595 501.0453 501.0247 501.0104 500.9886 500.9668 500.9449 500.9297 500.9086 500.895 500.8728 500.8506 500.8284 500.8088 500.7897 500.768 500.7476 500.7248 500.7019 500.6819 500.661 500.6375 500.6141 500.5906 500.5691 500.5454
501.6844 501.6702 501.6602 501.6444 501.6262 501.6124 501.5937 501.5813 501.5648 501.5457 501.5266 501.5142 501.4947 501.4834 501.4709 501.4525 501.4394 501.4225 501.4036 501.3906 501.3708 501.351 501.3312 501.3138 501.3037 501.2928 501.2723 501.2519 501.2315 501.2111 501.195 501.1851 501.1667 501.147 501.1298 501.1085 501.0872 501.0726 501.0532 501.0362 501.018 500.9962 500.9744 500.9586 500.9381 500.9204 500.9034 500.8812 500.859 500.8368 500.8205 500.7988 500.7792 500.7564 500.7336 500.7107 500.6938 500.6703 500.6469 500.6234 500.6002 500.5792 500.5555
501.6901 501.68 501.6687 501.6505 501.6348 501.6183 501.6015 501.5898 501.5707 501.5516 501.5361 501.5201 501.5041 501.4941 501.4777 501.4603 501.4485 501.429 501.4147 501.3971 501.3773 501.3575 501.3378 501.3254 501.3154 501.2996 501.2792 501.2588 501.2383 501.2179 501.2074 501.1942 501.1745 501.1582 501.137 501.1157 501.0956 501.0816 501.061 501.0475 501.0257 501.0038 500.9823 500.9676 500.9464 500.934 500.9117 500.8896 500.8673 500.8481 500.8296 500.8079 500.788 500.7652 500.7423 500.7231 500.7031 500.6797 500.6562 500.6328 500.6129 500.5892 500.5656
501.6998 501.6898 501.6748 501.6565 501.6429 501.6243 501.6117 501.5957 501.5767 501.5576 501.5454 501.5259 501.5148 501.5029 501.4845 501.4713 501.455 501.4359 501.4234 501.4036 501.3838 501.364 501.3471 501.3371 501.3269 501.3065 501.286 501.2656 501.2452 501.2297 501.2197 501.202 501.1823 501.1654 501.1441 501.1229 501.1086 501.0895 501.0728 501.0551 501.0333 501.0114 500.9961 500.9759 500.9584 500.9423 500.9201 500.8979 500.8757 500.8604 500.8387 500.8196 500.7968 500.7739 500.7511 500.7359 500.7125 500.689 500.6656 500.6429 500.623 500.5993 500.5757
501.7096 501.6991 501.6808 501.6649 501.6489 501.6319 501.6208 501.6017 501.5826 501.5672 501.5513 501.5356 501.5256 501.5096 501.4922 501.4808 501.4615 501.447 501.4299 501.4101 501.3903 501.3705 501.3587 501.3488 501.3337 501.3133 501.2929 501.2725 501.252 501.242 501.2295 501.2098 501.1938 501.1726 501.1513 501.1317 501.1179 501.0974 501.0845 501.0627 501.0409 501.0199 501.0054 500.9843 500.9724 500.9507 500.9285 500.9063 500.8875 500.8695 500.8478 500.8284 500.8055 500.7827 500.7642 500.7453 500.7218 500.6984 500.6749 500.6566 500.633 500.6093 500.5857
501.7194 501.7051 501.6869 501.6735 501.6548 501.6421 501.6267 501.6076 501.5886 501.5767 501.5572 501.5463 501.5349 501.5164 501.5031 501.4873 501.4681 501.4562 501.4364 501.4166 501.3968 501.3804 501.3704 501.3604 501.3406 501.3202 501.2997 501.2793 501.2643 501.2544 501.2373 501.2176 501.201 501.1798 501.1585 501.1447 501.1258 501.1093 501.0921 501.0703 501.0485 501.0337 501.0137 500.9965 500.9813 500.9591 500.9369 500.9147 500.9003 500.8786 500.86 500.8372 500.8143 500.7914 500.7781 500.7546 500.7312 500.7077 500.6855 500.6667 500.6431 500.6194 500.5958
501.7292 501.7112 501.6949 501.6794 501.6623 501.6517 501.6326 501.6136 501.5983 501.5826 501.567 501.557 501.5416 501.524 501.5132 501.4938 501.4792 501.4627 501.4429 501.4231 501.4034 501.3921 501.3821 501.3679 501.3474 501.327 501.3066 501.2867 501.2767 501.2648 501.2451 501.2295 501.2082 501.187 501.1678 501.1542 501.1337 501.1216 501.0998 501.0779 501.0574 501.0432 501.0221 501.0105 500.9897 500.9674 500.9453 500.9268 500.9094 500.8877 500.8688 500.8459 500.8231 500.8053 500.7874 500.764 500.7405 500.7171 500.7004 500.6768 500.6531 500.6295 500.6058
501.7354 501.7172 501.7041 501.6854 501.6725 501.6577 501.6386 501.6195 501.608 501.5885 501.5777 501.5668 501.5483 501.5349 501.5197 501.5004 501.489 501.4692 501.4494 501.4296 501.4137 501.4037 501.3937 501.3747 501.3543 501.3339 501.3135 501.299 501.289 501.2726 501.2528 501.2367 501.2154 501.1942 501.1808 501.1621 501.1458 501.1292 501.1074 501.0856 501.0712 501.0516 501.0345 501.0202 500.998 500.9758 500.9536 500.9402 500.9185 500.9001 500.8775 500.8547 500.8318 500.8202 500.7968 500.7733 500.7499 500.7282 500.7105 500.6868 500.6632 500.6395 500.622
501.7415 501.7249 501.71 501.6927 501.6827 501.6636 501.6445 501.6294 501.6139 501.5984 501.5884 501.5735 501.5558 501.5456 501.5262 501.5114 501.4955 501.4757 501.4559 501.4361 501.4254 501.4154 501.402 501.3816 501.3612 501.3408 501.3213 501.3113 501.3001 501.2803 501.2647 501.2438 501.2226 501.2039 501.1906 501.17 501.1586 501.1368 501.115 501.095 501.081 501.0599 501.0485 501.0286 501.0064 500.9842 500.9661 500.9492 500.9276 500.9091 500.8863 500.8635 500.8464 500.8296 500.8061 500.7827 500.7592 500.7442 500.7206 500.6969 500.6732 500.6496 500.6329
501.7476 501.7346 501.7159 501.7029 501.6886 501.6696 501.6505 501.6393 501.6198 501.6091 501.5987 501.5803 501.5667 501.5521 501.5327 501.5218 501.502 501.4822 501.4624 501.4471 501.4371 501.4271 501.4089 501.3885 501.368 501.3476 501.3336 501.3237 501.3079 501.2881 501.2723 501.251 501.2298 501.2169 501.1984 501.1823 501.1663 501.1444 501.1226 501.1088 501.0894 501.0725 501.0592 501.037 501.0148 500.9926 500.9801 500.9584 500.9401 500.9179 500.8951 500.8722 500.8619 500.8389 500.8155 500.792 500.7709 500.7543 500.7306 500.707 500.6833 500.6666 500.6437
501.755 501.7406 501.7231 501.7131 501.6945 501.6755 501.6605 501.6452 501.6299 501.6198 501.6055 501.5876 501.5776 501.5587 501.5437 501.5283 501.5085 501.4887 501.4689 501.4587 501.4487 501.4361 501.4157 501.3953 501.3749 501.356 501.346 501.3354 501.3156 501.2999 501.2795 501.2582 501.2399 501.2269 501.2063 501.1956 501.1739 501.152 501.1325 501.1189 501.0977 501.0866 501.0675 501.0453 501.0231 501.0054 500.9892 500.9675 500.9496 500.9267 500.9038 500.8875 500.8717 500.8483 500.8248 500.8014 500.7872 500.7643 500.7407 500.717 500.6938 500.6788 500.6546
501.765 501.7465 501.7333 501.7196 501.7005 501.6814 501.6706 501.6511 501.6406 501.6306 501.6122 501.5985 501.5845 501.5652 501.5545 501.5348 501.515 501.4952 501.4804 501.4704 501.4604 501.443 501.4226 501.4022 501.3817 501.3683 501.3583 501.3431 501.3234 501.3079 501.2867 501.2654 501.253 501.2348 501.2189 501.2033 501.1815 501.1597 501.1463 501.1272 501.1106 501.0981 501.0759 501.0537 501.0315 501.02 500.9983 500.98 500.9583 500.9355 500.9131 500.9031 500.8811 500.8576 500.8342 500.8136 500.798 500.7744 500.7507 500.7271 500.711 500.6897 500.6655
501.7711 501.7535 501.7435 501.7255 501.7065 501.6916 501.6765 501.6613 501.6513 501.6374 501.6194 501.6094 501.591 501.5759 501.561 501.5413 501.5215 501.502 501.4921 501.4821 501.4703 501.4499 501.4294 501.409 501.3906 501.3806 501.3706 501.3509 501.335 501.3151 501.2939 501.276 501.2632 501.2426 501.2321 501.2109 501.1891 501.1701 501.1567 501.1356 501.1246 501.1065 501.0843 501.0621 501.0447 501.0291 501.0074 500.9899 500.9671 500.9442 500.9286 500.9139 500.8904 500.867 500.8435 500.8299 500.8081 500.7845 500.7608 500.7381 500.7247 500.7005 500.6763
501.7771 501.7637 501.7505 501.7315 501.7124 501.7018 501.6823 501.672 501.662 501.6442 501.6303 501.6169 501.5975 501.5871 501.5676 501.5478 501.528 501.5137 501.5037 501.4937 501.4771 501.4567 501.4363 501.4159 501.403 501.3929 501.3784 501.3587 501.3436 501.3223 501.3011 501.2891 501.2711 501.2554 501.2404 501.2185 501.1967 501.1839 501.165 501.1487 501.1371 501.1149 501.0927 501.0705 501.0594 501.0381 501.02 500.9987 500.9758 500.9542 500.9442 500.9232 500.8998 500.8763 500.8562 500.8418 500.8182 500.7945 500.7709 500.7553 500.7356 500.7114 500.6872
501.7839 501.7739 501.7565 501.7374 501.7227 501.7077 501.6927 501.6827 501.6694 501.6512 501.6412 501.6234 501.6082 501.5938 501.5741 501.5543 501.5354 501.5254 501.5154 501.5044 501.484 501.4636 501.4431 501.4253 501.4153 501.4053 501.3862 501.3702 501.3507 501.3295 501.3121 501.2995 501.279 501.2686 501.248 501.2262 501.2076 501.1945 501.1734 501.1627 501.1454 501.1232 501.101 501.0841 501.0689 501.0472 501.0303 501.0074 500.9846 500.9698 500.9561 500.9326 500.9091 500.8857 500.8726 500.8519 500.8282 500.8046 500.7825 500.7706 500.7464 500.7222 500.698
501.7941 501.7815 501.7624 501.7433 501.7331 501.7136 501.7034 501.6934 501.6761 501.6621 501.6493 501.6299 501.6193 501.6003 501.5806 501.5608 501.547 501.537 501.527 501.5113 501.4908 501.4704 501.45 501.4376 501.4276 501.4137 501.394 501.3792 501.3579 501.3367 501.3251 501.3074 501.2919 501.2774 501.2556 501.2338 501.2214 501.2029 501.1867 501.176 501.1538 501.1316 501.1094 501.0987 501.0781 501.0599 501.0391 501.0162 500.9953 500.9853 500.9654 500.9419 500.9185 500.8989 500.8856 500.8619 500.8383 500.8146 500.7996 500.7815 500.7573 500.7331 500.7089
501.8043 501.7874 501.7684 501.7538 501.739 501.7242 501.7141 501.7013 501.683 501.673 501.6558 501.6404 501.6266 501.6068 501.5871 501.5687 501.5587 501.5487 501.5385 501.5181 501.4977 501.4773 501.4599 501.45 501.4399 501.4215 501.4053 501.3864 501.3651 501.3482 501.3358 501.3153 501.3052 501.285 501.2632 501.2452 501.2323 501.2112 501.2007 501.1844 501.1622 501.14 501.1234 501.1089 501.0872 501.0707 501.0479 501.025 501.0109 500.9982 500.9747 500.9513 500.9278 500.9153 500.8957 500.872 500.8484 500.8268 500.8166 500.7924 500.7682 500.744 500.7198
501.8125 501.7934 501.7744 501.7643 501.7449 501.7349 501.7249 501.7081 501.6939 501.6817 501.6623 501.6516 501.6331 501.6133 501.5936 501.5804 501.5704 501.5604 501.5454 501.525 501.5045 501.4841 501.4723 501.4622 501.449 501.4293 501.4148 501.3936 501.3723 501.3612 501.3437 501.3284 501.3145 501.2926 501.2708 501.259 501.2407 501.2247 501.2147 501.1927 501.1706 501.1484 501.138 501.118 501.0999 501.0795 501.0566 501.0364 501.0264 501.0075 500.9841 500.9606 500.9416 500.9294 500.9057 500.882 500.8584 500.844 500.8274 500.8032 500.779 500.7548 500.7354
501.8184 501.7993 501.7849 501.7703 501.7556 501.7456 501.7333 501.7148 501.7048 501.6882 501.6727 501.6594 501.6396 501.6199 501.602 501.592 501.582 501.572 501.5522 501.5318 501.5114 501.4946 501.4846 501.4746 501.4568 501.4405 501.422 501.4008 501.3842 501.3722 501.3517 501.3417 501.3221 501.3003 501.2827 501.2701 501.249 501.2388 501.2233 501.2011 501.1789 501.1627 501.1487 501.127 501.1111 501.0882 501.0654 501.052 501.0403 501.0169 500.9934 500.97 500.9579 500.9394 500.9158 500.8921 500.8711 500.8611 500.8383 500.8141 500.7899 500.7657 500.7536
501.8243 501.8055 501.7954 501.7763 501.7663 501.7563 501.74 501.7257 501.7141 501.6947 501.6838 501.6659 501.6461 501.6264 501.6137 501.6037 501.5937 501.5795 501.5591 501.5387 501.5183 501.5069 501.4969 501.4843 501.4646 501.4504 501.4292 501.4079 501.3973 501.3801 501.365 501.3515 501.3297 501.3079 501.2965 501.2785 501.2628 501.2528 501.2317 501.2095 501.1873 501.1774 501.1578 501.1398 501.1198 501.097 501.0775 501.0675 501.0497 501.0262 501.0028 500.9843 500.9731 500.9495 500.9258 500.9022 500.8883 500.8733 500.8491 500.825 500.8008 500.7818 500.7663
501.8303 501.816 501.8016 501.787 501.777 501.7652 501.7468 501.7366 501.7206 501.7049 501.6922 501.6724 501.6526 501.6353 501.6254 501.6154 501.6053 501.5864 501.566 501.5456 501.5292 501.5193 501.5092 501.4921 501.4756 501.4576 501.4364 501.4203 501.4085 501.3882 501.3782 501.3591 501.3373 501.3203 501.308 501.2868 501.2768 501.2623 501.2401 501.2179 501.202 501.1886 501.1669 501.1515 501.1286 501.1057 501.0931 501.0825 501.0591 501.0356 501.0121 501.0006 500.9832 500.9595 500.9359 500.9155 500.9055 500.8842 500.86 500.8358 500.8116 500.8 500.7778
501.8365 501.8265 501.8077 501.7977 501.7877 501.772 501.7575 501.7465 501.7271 501.716 501.6987 501.6789 501.6591 501.647 501.637 501.627 501.6137 501.5933 501.5728 501.5524 501.5416 501.5316 501.5196 501.4999 501.4861 501.4648 501.4436 501.4334 501.4164 501.4015 501.3886 501.3668 501.3449 501.3341 501.3163 501.3008 501.2908 501.2707 501.2485 501.2267 501.2167 501.1977 501.1798 501.1602 501.1374 501.1187 501.1086 501.0919 501.0684 501.0449 501.0269 501.0169 500.9933 500.9696 500.946 500.9326 500.9193 500.8951 500.8708 500.8466 500.8282 500.8143 500.7893
501.8471 501.8329 501.8185 501.8084 501.7972 501.7787 501.7685 501.753 501.7372 501.725 501.7052 501.6855 501.6687 501.6587 501.6487 501.6387 501.6205 501.6001 501.5797 501.5639 501.5539 501.5439 501.5274 501.5108 501.4933 501.472 501.4564 501.4448 501.4247 501.4147 501.3962 501.3744 501.3578 501.3458 501.3249 501.3148 501.3012 501.279 501.2568 501.2413 501.2285 501.2068 501.1918 501.169 501.1461 501.1342 501.1242 501.1012 501.0777 501.0543 501.0433 501.027 501.0033 500.9797 500.9598 500.9498 500.9301 500.9059 500.8817 500.8575 500.8463 500.8258 500.8008
501.8576 501.8392 501.8292 501.8192 501.8039 501.7894 501.7789 501.7595 501.7483 501.7315 501.7117 501.692 501.6804 501.6703 501.6603 501.6478 501.6274 501.607 501.5865 501.5762 501.5662 501.5549 501.5352 501.5217 501.5005 501.4795 501.4695 501.4527 501.438 501.4256 501.4038 501.382 501.3716 501.3541 501.3389 501.3289 501.3096 501.2874 501.266 501.256 501.2376 501.2198 501.2006 501.1777 501.1598 501.1498 501.134 501.1105 501.0871 501.0696 501.0596 501.037 501.0134 500.9897 500.977 500.9652 500.941 500.9168 500.8926 500.8745 500.8624 500.8373 500.8123
501.8641 501.8499 501.8399 501.8291 501.8107 501.8003 501.7854 501.7694 501.7578 501.738 501.7182 501.702 501.692 501.682 501.672 501.6547 501.6342 501.6138 501.5985 501.5885 501.5786 501.5627 501.5459 501.5289 501.5077 501.4925 501.4811 501.4613 501.4513 501.4333 501.4114 501.3954 501.3836 501.3629 501.3529 501.3402 501.318 501.2958 501.2807 501.2684 501.2467 501.2322 501.2094 501.1865 501.1753 501.1653 501.1433 501.1199 501.0964 501.086 501.0707 501.0471 501.0234 501.0041 500.9941 500.976 500.9518 500.9276 500.9034 500.8927 500.8739 500.8489 500.8239
