site316_cleanbed/site316_cleanbed/sfe316_cleanbed.asc
ncols         546
nrows         246
xllcorner     -23.4
yllcorner     -132.6
cellsize      1
NODATA_value  -9999
[rows 0 to 27 of 246, columns 252 to 314 of 546]
500.0139 500.0039 499.9942 499.9842 499.9742 499.9644 499.9544 499.9446 499.9347 499.9247 499.9149 499.9048 499.895 499.885 499.875 499.865 499.8553 499.8453 499.8353 499.8253 499.8155 499.8055 499.7957 499.7856 499.7756 499.7657 499.7556 499.7457 499.7359 499.7259 499.7159 499.7059 499.6961 499.6861 499.6761 499.6661 499.6561 499.6463 499.6363 499.6263 499.6163 499.6063 499.5965 499.5865 499.5765 499.5665 499.5565 499.5465 499.5367 499.5267 499.5167 499.5067 499.4967 499.4868 499.4769 499.4669 499.4569 499.4469 499.4369 499.4269 499.4171 499.4071 499.3971
499.9937 499.9847 499.9747 499.9647 499.9558 499.9458 499.9358 499.9268 499.9168 499.9068 499.8977 499.8877 499.8784 499.8684 499.8584 499.8484 499.8395 499.8295 499.8195 499.8095 499.8005 499.7905 499.7811 499.7711 499.7611 499.7511 499.7411 499.7314 499.7223 499.7123 499.7023 499.6923 499.6832 499.6732 499.6632 499.6532 499.644 499.634 499.624 499.614 499.604 499.5941 499.5849 499.5749 499.5649 499.5549 499.5449 499.5354 499.5258 499.5158 499.5058 499.4958 499.4858 499.4763 499.4666 499.4566 499.4466 499.4366 499.4266 499.417 499.4073 499.3974 499.3874
499.9734 499.9653 499.9553 499.9453 499.9372 499.9272 499.9172 499.909 499.899 499.8905 499.8805 499.8705 499.8618 499.8519 499.8419 499.8318 499.8238 499.8138 499.8038 499.7942 499.7855 499.7755 499.7666 499.7566 499.7466 499.7366 499.7266 499.7188 499.7088 499.6988 499.6888 499.6787 499.6703 499.6603 499.6503 499.6403 499.6317 499.6217 499.6117 499.6017 499.5917 499.5833 499.5733 499.5633 499.5533 499.5433 499.5334 499.5249 499.5149 499.5049 499.4949 499.4849 499.475 499.4663 499.4563 499.4464 499.4363 499.4263 499.4164 499.4076 499.3976 499.3876 499.3776
499.9532 499.9459 499.9359 499.9259 499.9186 499.9086 499.9009 499.8912 499.8812 499.8733 499.8633 499.8549 499.8453 499.8353 499.8253 499.8181 499.8081 499.7981 499.7881 499.7805 499.7705 499.7621 499.752 499.742 499.7321 499.722 499.7125 499.7052 499.6952 499.6852 499.6752 499.6674 499.6574 499.6474 499.6374 499.6279 499.6194 499.6093 499.5994 499.5894 499.5797 499.5717 499.5617 499.5517 499.5417 499.5317 499.5222 499.514 499.504 499.494 499.484 499.474 499.4645 499.4561 499.446 499.4361 499.4261 499.416 499.4064 499.3979 499.3879 499.3779 499.3679
499.9364 499.9264 499.9164 499.91 499.9 499.89 499.8834 499.8734 499.8648 499.8561 499.8461 499.8387 499.8287 499.8187 499.8087 499.8023 499.7923 499.7823 499.7723 499.7655 499.7555 499.7475 499.7375 499.7275 499.7175 499.7075 499.6992 499.6916 499.6816 499.6716 499.6616 499.6545 499.6445 499.6345 499.6245 499.617 499.607 499.597 499.587 499.5771 499.5683 499.5601 499.5501 499.5401 499.5301 499.5204 499.513 499.5031 499.4931 499.4831 499.4731 499.4633 499.4557 499.4458 499.4358 499.4258 499.4158 499.4058 499.3982 499.3882 499.3782 499.3682 499.3582
499.917 499.907 499.897 499.8914 499.8814 499.8714 499.8655 499.8555 499.8489 499.8389 499.8289 499.8221 499.8121 499.8021 499.7927 499.7866 499.7766 499.7666 499.7593 499.7505 499.7413 499.733 499.723 499.713 499.703 499.6937 499.688 499.678 499.668 499.658 499.6488 499.6416 499.6316 499.6216 499.6116 499.6047 499.5947 499.5847 499.5747 499.5647 499.5585 499.5485 499.5385 499.5285 499.5185 499.5089 499.5022 499.4922 499.4822 499.4722 499.4622 499.4525 499.4455 499.4355 499.4255 499.4155 499.4055 499.3958 499.3884 499.3784 499.3684 499.3585 499.3484
499.8976 499.8876 499.8797 499.8728 499.8628 499.8571 499.8477 499.8377 499.8317 499.8217 499.8149 499.8055 499.7955 499.7855 499.7809 499.7708 499.7609 499.7509 499.7455 499.7355 499.7285 499.7184 499.7084 499.6985 499.6884 499.68 499.6744 499.6644 499.6544 499.6444 499.6387 499.6287 499.6187 499.6087 499.6012 499.5924 499.5824 499.5724 499.5624 499.5531 499.5469 499.5369 499.5269 499.5169 499.5069 499.4987 499.4912 499.4813 499.4713 499.4613 499.4513 499.4429 499.4352 499.4252 499.4152 499.4052 499.3952 499.3866 499.3787 499.3687 499.3587 499.3487 499.3387
499.8781 499.8681 499.8642 499.8542 499.8442 499.8399 499.8299 499.8229 499.8145 499.8046 499.7989 499.7889 499.7789 499.7689 499.7651 499.7551 499.7451 499.7359 499.7305 499.7205 499.7139 499.7039 499.6939 499.6839 499.6739 499.6686 499.6609 499.6508 499.6409 499.6309 499.6258 499.6158 499.6058 499.5958 499.5901 499.5801 499.5701 499.5601 499.5501 499.5438 499.5352 499.5253 499.5153 499.5052 499.4958 499.4904 499.4803 499.4703 499.4603 499.4503 499.4408 499.4349 499.4249 499.4149 499.4049 499.3949 499.3853 499.379 499.369 499.359 499.349 499.339 499.3293
499.8587 499.8487 499.8456 499.8357 499.8272 499.8221 499.812 499.8074 499.7974 499.7878 499.7823 499.7723 499.7623 499.7555 499.7494 499.7394 499.7294 499.7244 499.7155 499.7076 499.6994 499.6894 499.6794 499.6694 499.6606 499.6573 499.6473 499.6373 499.6273 499.6204 499.6129 499.6029 499.5929 499.5838 499.5778 499.5678 499.5578 499.5478 499.5387 499.5337 499.5237 499.5137 499.5036 499.4937 499.485 499.4794 499.4694 499.4594 499.4494 499.4394 499.4306 499.4246 499.4146 499.4046 499.3946 499.3846 499.3755 499.3693 499.3593 499.3493 499.3393 499.3293 499.3207
499.8393 499.8336 499.8271 499.817 499.8134 499.8042 499.7944 499.7902 499.7802 499.7749 499.7657 499.7558 499.7458 499.7437 499.7336 499.7236 499.7137 499.7105 499.7005 499.6949 499.6848 499.6748 499.6649 499.6548 499.6483 499.6437 499.6337 499.6237 499.6137 499.61 499.6 499.59 499.58 499.5745 499.5655 499.5555 499.5455 499.5355 499.528 499.522 499.5121 499.502 499.492 499.4827 499.4763 499.4685 499.4585 499.4485 499.4385 499.4291 499.4224 499.4143 499.4043 499.3943 499.3843 499.3743 499.3678 499.3595 499.3495 499.3395 499.3295 499.3195 499.314
499.8198 499.8185 499.8085 499.7985 499.7964 499.7864 499.781 499.773 499.763 499.7592 499.7492 499.7392 499.7302 499.7279 499.7179 499.7079 499.701 499.6955 499.6855 499.6803 499.6703 499.6603 499.6503 499.6418 499.638 499.6301 499.6201 499.6101 499.6015 499.5971 499.5871 499.5771 499.5671 499.5632 499.5532 499.5432 499.5331 499.5234 499.5192 499.5104 499.5004 499.4904 499.4804 499.4713 499.4676 499.4576 499.4476 499.4376 499.4276 499.4182 499.414 499.404 499.394 499.384 499.374 499.3646 499.3598 499.3498 499.3398 499.3298 499.3198 499.3103 499.3051
499.802 499.7999 499.7899 499.7835 499.7786 499.7686 499.7658 499.7558 499.7478 499.7426 499.7326 499.7226 499.7183 499.7122 499.7022 499.6922 499.6895 499.6805 499.6738 499.6658 499.6558 499.6458 499.6358 499.6285 499.6265 499.6165 499.6065 499.5965 499.5919 499.5842 499.5742 499.5642 499.5571 499.5508 499.5408 499.5309 499.5208 499.5121 499.5089 499.4988 499.4888 499.4788 499.469 499.462 499.4567 499.4467 499.4367 499.4267 499.4168 499.4095 499.4037 499.3937 499.3837 499.3737 499.3638 499.3561 499.3501 499.3401 499.3301 499.3201 499.3101 499.3035 499.2958
499.7875 499.7813 499.7713 499.7697 499.7607 499.7525 499.7486 499.7386 499.7349 499.726 499.716 499.706 499.7065 499.6964 499.6864 499.6776 499.6755 499.6655 499.6613 499.6512 499.6413 499.6312 499.6223 499.6177 499.6129 499.603 499.593 499.5829 499.5813 499.5713 499.5613 499.5513 499.5478 499.5385 499.5285 499.5185 499.5085 499.5034 499.4972 499.4872 499.4772 499.4672 499.4581 499.4538 499.4458 499.4358 499.4258 499.4158 499.4065 499.4018 499.3935 499.3835 499.3734 499.3635 499.3541 499.349 499.3404 499.3304 499.3204 499.3104 499.3009 499.2966 499.2866
499.7726 499.7627 499.7536 499.7529 499.7429 499.7391 499.7314 499.7214 499.7194 499.7094 499.6994 499.693 499.6907 499.6807 499.6707 499.6661 499.6605 499.6512 499.6467 499.6367 499.6267 499.6167 499.6092 499.6074 499.5994 499.5894 499.5794 499.5731 499.5684 499.5584 499.5484 499.5397 499.5362 499.5262 499.5162 499.5062 499.4977 499.4947 499.4856 499.4756 499.4656 499.4556 499.4478 499.4449 499.4349 499.4249 499.4149 499.4049 499.3968 499.3932 499.3832 499.3732 499.3632 499.3532 499.3446 499.3406 499.3307 499.3206 499.3106 499.3006 499.2929 499.2874 499.2774
499.7541 499.744 499.7397 499.7351 499.7251 499.7242 499.7143 499.7077 499.7028 499.6928 499.6828 499.6811 499.675 499.665 499.655 499.6547 499.6455 499.64 499.6322 499.6222 499.6122 499.6022 499.5974 499.5958 499.5858 499.5758 499.5658 499.5634 499.5555 499.5455 499.5355 499.5304 499.5239 499.5139 499.5039 499.4939 499.4876 499.484 499.474 499.464 499.454 499.4449 499.4396 499.434 499.424 499.414 499.404 499.3948 499.389 499.3829 499.3729 499.3629 499.3529 499.3435 499.3373 499.3309 499.3209 499.3109 499.3009 499.2914 499.2862 499.2782 499.2682
499.7355 499.7255 499.7259 499.7173 499.7106 499.7071 499.6971 499.6948 499.6862 499.6762 499.6676 499.6693 499.6592 499.6492 499.6427 499.6405 499.6305 499.6277 499.6176 499.6077 499.5977 499.5898 499.5871 499.5822 499.5722 499.5622 499.5542 499.5526 499.5426 499.5326 499.5226 499.5211 499.5116 499.5016 499.4916 499.4831 499.4789 499.4724 499.4624 499.4524 499.4424 499.4346 499.4314 499.4231 499.4131 499.403 499.3931 499.385 499.3813 499.3726 499.3626 499.3526 499.3426 499.334 499.3302 499.3212 499.3112 499.3012 499.2912 499.2824 499.279 499.269 499.259
499.7169 499.7098 499.7094 499.6994 499.6972 499.6899 499.6806 499.6797 499.6697 499.6597 499.6558 499.6535 499.6435 499.6335 499.6312 499.6255 499.6175 499.6131 499.6031 499.5931 499.5831 499.5771 499.5768 499.5686 499.5586 499.5486 499.5446 499.5397 499.5297 499.5197 499.513 499.5093 499.4993 499.4893 499.4793 499.4718 499.4702 499.4608 499.4508 499.4408 499.4317 499.4253 499.4221 499.4121 499.4021 499.3922 499.3829 499.3762 499.3723 499.3623 499.3523 499.3423 499.3323 499.3256 499.3215 499.3115 499.3015 499.2915 499.2815 499.2756 499.2697 499.2597 499.252
499.6983 499.696 499.6916 499.6821 499.6827 499.6727 499.6677 499.6631 499.6531 499.6431 499.6439 499.6378 499.6277 499.6193 499.6198 499.6105 499.6062 499.5986 499.5886 499.5786 499.571 499.5668 499.565 499.5551 499.545 499.5353 499.535 499.5268 499.5168 499.5068 499.5037 499.4969 499.487 499.477 499.4669 499.4631 499.4592 499.4492 499.4392 499.4292 499.4203 499.4171 499.4112 499.4012 499.3912 499.3812 499.3723 499.3685 499.362 499.352 499.342 499.332 499.3229 499.3185 499.3117 499.3017 499.2917 499.2817 499.2726 499.2689 499.2605 499.2505 499.245
499.6799 499.6822 499.6738 499.6687 499.6655 499.6555 499.6548 499.6465 499.6365 499.6304 499.632 499.622 499.612 499.6078 499.6055 499.5955 499.5941 499.584 499.5741 499.5641 499.5581 499.5565 499.5515 499.5415 499.5315 499.5258 499.5239 499.5139 499.5039 499.4956 499.4944 499.4846 499.4746 499.4646 499.4566 499.4543 499.4476 499.4376 499.4276 499.4176 499.4111 499.4089 499.4003 499.3903 499.3803 499.3703 499.3634 499.3608 499.3517 499.3417 499.3317 499.3217 499.314 499.3114 499.302 499.292 499.282 499.272 499.2651 499.2613 499.2513 499.2419 499.2361
499.6661 499.666 499.6559 499.6553 499.6483 499.6406 499.6399 499.6299 499.6199 499.6186 499.6163 499.6063 499.5963 499.5963 499.5905 499.5837 499.5795 499.5695 499.5595 499.5498 499.5465 499.5462 499.5379 499.5279 499.5179 499.5161 499.511 499.501 499.491 499.4863 499.4823 499.4723 499.4623 499.4523 499.4473 499.4456 499.436 499.426 499.416 499.4073 499.4029 499.3994 499.3894 499.3794 499.3694 499.3606 499.3557 499.3514 499.3414 499.3314 499.3214 499.3125 499.3068 499.3023 499.2923 499.2823 499.2723 499.2632 499.2583 499.2521 499.2421 499.2354 499.2271
499.6523 499.6481 499.6402 499.6411 499.6311 499.6277 499.6233 499.6133 499.6051 499.6067 499.6006 499.5905 499.5844 499.5849 499.5755 499.5724 499.565 499.555 499.545 499.5378 499.5362 499.5343 499.5243 499.5143 499.5069 499.5065 499.4981 499.4881 499.4782 499.477 499.47 499.46 499.45 499.4422 499.4386 499.4344 499.4243 499.4144 499.4044 499.3977 499.3947 499.3885 499.3785 499.3685 499.3585 499.3515 499.3479 499.3412 499.3311 499.3211 499.3112 499.3033 499.2997 499.2925 499.2826 499.2726 499.2626 499.2545 499.2516 499.2429 499.2329 499.2281 499.2181
499.6384 499.6303 499.6268 499.624 499.614 499.6148 499.6068 499.5967 499.5932 499.5948 499.5848 499.5748 499.5729 499.5705 499.5612 499.5605 499.5504 499.5405 499.5305 499.5262 499.5259 499.5207 499.5107 499.5007 499.4973 499.4951 499.4852 499.4752 499.4689 499.4677 499.4577 499.4477 499.4377 499.4315 499.4298 499.4227 499.4128 499.4027 499.3942 499.3886 499.3864 499.3776 499.3676 499.3576 499.3489 499.3428 499.3402 499.3309 499.3209 499.3109 499.301 499.2952 499.2926 499.2828 499.2728 499.2628 499.2528 499.2478 499.2437 499.2337 499.2253 499.2192 499.2092
499.6225 499.6125 499.6134 499.6068 499.6005 499.6002 499.5901 499.5801 499.5814 499.5791 499.5691 499.5609 499.5615 499.5555 499.5499 499.5459 499.5359 499.5259 499.519 499.5159 499.5155 499.5071 499.4972 499.488 499.4877 499.4823 499.4723 499.4622 499.4596 499.4554 499.4454 499.4354 499.4261 499.4228 499.4211 499.4111 499.4012 499.3911 499.3831 499.3804 499.3767 499.3667 499.3567 499.3467 499.3381 499.3351 499.3306 499.3206 499.3106 499.3006 499.2918 499.2881 499.2831 499.2731 499.2631 499.2531 499.2442 499.2411 499.2344 499.2244 499.2188 499.2102 499.2002
499.6046 499.5983 499.5996 499.5896 499.5876 499.5836 499.5736 499.5679 499.5695 499.5633 499.5533 499.5495 499.55 499.5405 499.5387 499.5314 499.5214 499.5114 499.507 499.5056 499.5036 499.4936 499.4836 499.4784 499.4781 499.4694 499.4594 499.4515 499.4503 499.4431 499.4331 499.4231 499.4157 499.414 499.4095 499.3995 499.3895 499.3799 499.3744 499.3722 499.3658 499.3558 499.3458 499.3359 499.33 499.3274 499.3203 499.3103 499.3003 499.2903 499.2835 499.2809 499.2734 499.2634 499.2534 499.2434 499.2372 499.2343 499.2252 499.2152 499.2113 499.2013 499.1913
499.5868 499.5849 499.5824 499.5734 499.5747 499.567 499.557 499.556 499.5576 499.5476 499.5376 499.538 499.5355 499.5274 499.5269 499.5168 499.5069 499.4986 499.4956 499.4952 499.49 499.48 499.47 499.4688 499.4665 499.4565 499.4464 499.4422 499.4408 499.4308 499.4207 499.4107 499.407 499.4053 499.3979 499.3879 499.3779 499.3696 499.3661 499.364 499.3549 499.3448 499.3348 499.3263 499.3223 499.3197 499.31 499.3 499.29 499.2813 499.2764 499.2737 499.2636 499.2536 499.2437 499.2348 499.2305 499.226 499.216 499.2086 499.2023 499.1923 499.1823
499.5698 499.5715 499.5652 499.5605 499.5604 499.5504 499.5425 499.5441 499.5419 499.5319 499.5261 499.5266 499.5205 499.5161 499.5123 499.5023 499.4923 499.4866 499.4853 499.4849 499.4764 499.4664 499.4596 499.4592 499.4536 499.4435 499.4341 499.4329 499.4284 499.4184 499.4084 499.4011 499.3982 499.3963 499.3863 499.3763 499.3663 499.3604 499.3579 499.3539 499.3439 499.3339 499.3239 499.3176 499.3146 499.3097 499.2997 499.2897 499.2797 499.2724 499.2693 499.2639 499.2539 499.2439 499.2339 499.2267 499.2238 499.2168 499.2068 499.2021 499.1934 499.1833 499.1733
499.5564 499.558 499.548 499.5476 499.5438 499.5338 499.5307 499.5323 499.5261 499.5161 499.5146 499.5151 499.5055 499.5049 499.4978 499.4878 499.4778 499.4753 499.4749 499.4728 499.4628 499.4528 499.45 499.4496 499.4406 499.4306 499.4248 499.4236 499.4161 499.4061 499.3961 499.3912 499.3895 499.3847 499.3747 499.3647 499.3565 499.3519 499.3498 499.343 499.333 499.323 499.3146 499.3095 499.3069 499.2994 499.2894 499.2794 499.2703 499.2647 499.2621 499.2542 499.2442 499.2342 499.2248 499.22 499.217 499.2076 499.1985 499.1944 499.1844 499.1744 499.1644
499.543 499.5408 499.5334 499.5347 499.5272 499.5172 499.5188 499.5204 499.5104 499.5026 499.5031 499.5005 499.4936 499.4933 499.4833 499.4733 499.4671 499.465 499.4646 499.4592 499.4492 499.4407 499.4404 499.4377 499.4277 499.4177 499.4155 499.4138 499.4038 499.3938 499.3857 499.3824 499.3808 499.3731 499.3631 499.3531 499.3464 499.3437 499.3416 499.3321 499.3221 499.3121 499.3049 499.3018 499.2991 499.2891 499.2791 499.2691 499.2611 499.2576 499.2545 499.2445 499.2345 499.2245 499.2162 499.2132 499.2083 499.1983 499.192 499.1854 499.1754 499.1654 499.1554
