site316_cleanbed/site316_cleanbed/sfe316_cleanbed.asc
ncols         648
nrows         246
xllcorner     -124.50147132989
yllcorner     -132.6
cellsize      1
NODATA_value  -9999
[rows 196 to 223 of 246, columns 378 to 440 of 648]
500.8143 500.8043 500.7815 500.7565 500.7315 500.7203 500.6946 500.669 500.6434 500.6221 500.5952 500.571 500.5544 500.5311 500.5059 500.4783 500.4508 500.4232 500.4003 500.3737 500.3452 500.3162 500.2873 500.2382 500.1697 500.1012 500.0325 499.974 499.9039 499.8338 499.7746 499.71 499.6503 499.5962 499.5343 499.4752 499.42 499.3665 499.3068 499.2466 499.1884 499.1339 499.0797 499.018 498.9564 498.9 498.8437 498.787 498.7313 498.6759 498.6209 498.5658 498.5088 498.4518 498.3948 498.3379 498.2863 498.2341 498.1836 498.1366 498.0853 498.033 497.99
500.8336 500.8194 500.7944 500.7694 500.7517 500.7339 500.7083 500.6827 500.659 500.6356 500.6087 500.593 500.5714 500.5474 500.5212 500.4937 500.4662 500.4386 500.4173 500.3907 500.3618 500.3328 500.3039 500.2785 500.2291 500.1606 500.0975 500.0274 499.9573 499.8897 499.8303 499.7687 499.7133 499.6509 499.5918 499.5334 499.4814 499.4223 499.3615 499.3032 499.2476 499.194 499.1323 499.0707 499.013 498.9569 498.9 498.8442 498.7888 498.7338 498.6788 498.6222 498.5652 498.5082 498.4512 498.3981 498.3462 498.2939 498.2469 498.1976 498.1437 498.0974 498.0506
500.853 500.8322 500.8072 500.7822 500.7719 500.7476 500.722 500.6964 500.6761 500.6491 500.625 500.6114 500.5877 500.5641 500.5366 500.5091 500.4815 500.4596 500.4352 500.4073 500.3783 500.3494 500.3204 500.2958 500.269 500.221 500.1509 500.0808 500.0119 499.9507 499.8855 499.8304 499.7679 499.7084 499.6493 499.5962 499.5378 499.4763 499.4181 499.3612 499.308 499.2466 499.185 499.1261 499.07 499.0132 498.9572 498.9017 498.8467 498.7917 498.7355 498.6786 498.6216 498.5646 498.5098 498.4584 498.4056 498.3571 498.3098 498.2551 498.2048 498.1616 498.112
500.8701 500.8451 500.8201 500.8021 500.7868 500.7612 500.7356 500.7115 500.6896 500.6627 500.6471 500.6281 500.6051 500.5795 500.552 500.5244 500.4969 500.4784 500.4528 500.4238 500.3949 500.3659 500.3408 500.3144 500.2862 500.26 500.2043 500.1343 500.071 500.0059 499.9469 499.8856 499.825 499.7659 499.7105 499.6534 499.5912 499.5329 499.4748 499.4216 499.361 499.2993 499.2392 499.1832 499.1263 499.0701 499.0146 498.9596 498.9046 498.8489 498.7919 498.735 498.678 498.6216 498.5706 498.5177 498.4674 498.4204 498.3665 498.3139 498.2698 498.22 498.1752
500.8829 500.8579 500.8329 500.8223 500.8005 500.7749 500.7493 500.73 500.7031 500.6791 500.6683 500.6449 500.6222 500.5949 500.5673 500.5398 500.5176 500.4968 500.4694 500.4404 500.4115 500.3825 500.3607 500.3342 500.3051 500.2765 500.25 500.1914 500.1263 500.0624 500.0032 499.9415 499.8825 499.8246 499.7689 499.7061 499.6478 499.5895 499.5352 499.4753 499.4136 499.3522 499.2963 499.2395 499.1831 499.1275 499.0725 499.0175 498.9623 498.9053 498.8484 498.7914 498.7344 498.6826 498.6299 498.5776 498.5306 498.4787 498.4251 498.3772 498.3309 498.2823 498.2393
500.8958 500.8708 500.8525 500.8398 500.8141 500.7885 500.7641 500.7436 500.7166 500.7011 500.6842 500.6622 500.6378 500.6102 500.5827 500.5551 500.5396 500.5149 500.4859 500.457 500.428 500.4036 500.3802 500.3532 500.3242 500.2959 500.2681 500.241 500.1818 500.1206 500.0581 499.9991 499.94 499.8844 499.8216 499.7626 499.7044 499.6489 499.5896 499.5279 499.4663 499.4095 499.3527 499.2961 499.2404 499.1854 499.1304 499.0754 499.0187 498.9617 498.9048 498.8478 498.7943 498.7421 498.6892 498.6409 498.591 498.5365 498.4852 498.4419 498.3895 498.3462 498.2999
500.9087 500.8837 500.8727 500.8534 500.8278 500.8022 500.784 500.7571 500.7331 500.7231 500.7018 500.6792 500.6531 500.6256 500.598 500.5757 500.5577 500.5315 500.5025 500.4736 500.4446 500.4255 500.4012 500.3722 500.3432 500.3159 500.2888 500.2593 500.2315 500.1747 500.1156 500.0566 499.9999 499.9371 499.8775 499.8192 499.7625 499.7039 499.6422 499.5806 499.5225 499.4658 499.409 499.3533 499.2983 499.2433 499.1884 499.1321 499.0751 499.0182 498.9612 498.9061 498.8542 498.8014 498.7512 498.7032 498.6479 498.5952 498.5496 498.5003 498.4522 498.4087 498.3641
500.9215 500.9029 500.8927 500.8671 500.8415 500.8167 500.7975 500.7706 500.7551 500.7409 500.7185 500.696 500.6685 500.6409 500.6134 500.5997 500.5755 500.548 500.5191 500.4901 500.4657 500.4461 500.4202 500.3912 500.3642 500.3366 500.3092 500.2797 500.2496 500.2225 500.1732 500.1153 500.0526 499.9923 499.9341 499.8761 499.8182 499.7566 499.6949 499.6356 499.5789 499.5221 499.4662 499.4113 499.3563 499.3013 499.2455 499.1885 499.1316 499.0746 499.0178 498.9664 498.9136 498.8614 498.8144 498.7599 498.7066 498.657 498.6112 498.5605 498.5171 498.4693 498.4311
500.9344 500.9231 500.9064 500.8807 500.8551 500.8379 500.8111 500.7871 500.7772 500.7582 500.7366 500.7114 500.6838 500.6563 500.6338 500.6177 500.5935 500.5646 500.5356 500.5067 500.4903 500.4654 500.4392 500.4102 500.3846 500.3584 500.3293 500.3 500.2705 500.2421 500.2135 500.1682 500.1072 500.049 499.9907 499.9325 499.8709 499.8092 499.7486 499.6921 499.6353 499.5792 499.5242 499.4692 499.4142 499.3589 499.3019 499.2449 499.188 499.131 499.0786 499.0257 498.9729 498.9247 498.8721 498.818 498.7661 498.722 498.6696 498.6227 498.5781 498.534 498.4975
500.9532 500.9433 500.92 500.8944 500.8692 500.8515 500.8246 500.8092 500.7978 500.7757 500.7542 500.7267 500.6992 500.6717 500.6578 500.637 500.6101 500.5812 500.5522 500.5277 500.5106 500.4872 500.4582 500.4324 500.4051 500.3783 500.3506 500.3216 500.2921 500.2633 500.236 500.2064 500.1638 500.1055 500.0468 499.9852 499.9235 499.8619 499.8053 499.7484 499.6921 499.6371 499.5821 499.5271 499.4721 499.4153 499.3583 499.3014 499.2444 499.1906 499.1379 499.0851 499.0349 498.9844 498.9294 498.8767 498.8294 498.7806 498.7309 498.6868 498.6386 498.6011 498.5574
500.9734 500.9593 500.9337 500.9081 500.8905 500.8651 500.8412 500.8312 500.8151 500.7934 500.7697 500.7421 500.7146 500.6918 500.6788 500.6556 500.6267 500.5977 500.5688 500.5537 500.5305 500.5062 500.4772 500.4526 500.4263 500.3995 500.3709 500.3429 500.3146 500.2894 500.2598 500.2301 500.2005 500.1612 500.0995 500.0378 499.9762 499.9184 499.8616 499.8051 499.75 499.695 499.64 499.585 499.5287 499.4717 499.4148 499.3578 499.3023 499.2501 499.1972 499.1452 499.0966 499.041 498.9881 498.9374 498.8916 498.839 498.7936 498.7474 498.704 498.6651 498.6174
500.9937 500.9729 500.9473 500.9218 500.9055 500.8786 500.8632 500.8532 500.8321 500.812 500.785 500.7574 500.7299 500.7159 500.6985 500.6722 500.6433 500.6143 500.5897 500.575 500.5542 500.5252 500.4993 500.4731 500.4479 500.4216 500.3932 500.3637 500.3368 500.3131 500.2835 500.2538 500.2242 500.1939 500.1522 500.0905 500.0316 499.9747 499.918 499.8629 499.8079 499.7529 499.6979 499.6421 499.5851 499.5281 499.4712 499.4142 499.3622 499.3094 499.2566 499.2085 499.1533 499.0995 499.0469 499.0018 498.95 498.9009 498.8562 498.808 498.7711 498.7251 498.6771
501.0122 500.9866 500.961 500.943 500.9191 500.8952 500.8853 500.8704 500.8506 500.8279 500.8004 500.7728 500.7499 500.7399 500.716 500.6888 500.6599 500.6309 500.6157 500.5964 500.5732 500.5442 500.5201 500.4948 500.4697 500.4419 500.4142 500.387 500.3624 500.3368 500.3072 500.2776 500.2485 500.217 500.1841 500.1447 500.0879 500.031 499.9758 499.9208 499.8658 499.8108 499.7555 499.6985 499.6415 499.5846 499.5276 499.4744 499.4216 499.3687 499.3187 499.2655 499.2109 499.1581 499.1092 499.0609 499.0089 498.9646 498.9168 498.874 498.8327 498.785 498.7386
501.0259 501.0002 500.9746 500.9595 500.9326 500.9173 500.9073 500.8888 500.868 500.8433 500.8157 500.7882 500.7739 500.7572 500.7343 500.7054 500.6764 500.6517 500.6398 500.6174 500.5922 500.564 500.5418 500.5175 500.4905 500.4622 500.4361 500.4104 500.3901 500.3605 500.3309 500.3013 500.2723 500.2407 500.2078 500.1743 500.1442 500.0887 500.0337 499.9787 499.9237 499.8687 499.8119 499.7549 499.698 499.641 499.5866 499.5338 499.4809 499.429 499.3777 499.3223 499.2695 499.2183 499.1719 499.1194 499.0709 499.0256 498.9774 498.9404 498.8927 498.8447 498.8065
501.0395 501.0139 500.9956 500.9731 500.9493 500.9393 500.9273 500.9063 500.8862 500.8586 500.8311 500.8079 500.7979 500.7772 500.7509 500.722 500.693 500.6777 500.6615 500.6403 500.6112 500.5883 500.5633 500.5381 500.5129 500.4862 500.4593 500.4326 500.4138 500.3842 500.3546 500.3259 500.2962 500.2643 500.2319 500.2016 500.1703 500.1466 500.0916 500.0367 499.9816 499.9253 499.8683 499.8113 499.7544 499.6986 499.6459 499.5931 499.5403 499.49 499.4344 499.381 499.3282 499.2816 499.2303 499.1796 499.1343 499.0862 499.0439 499.0004 498.9526 498.9054 498.8664
501.0532 501.0276 501.0135 500.9866 500.9713 500.9613 500.9454 500.925 500.9015 500.874 500.8464 500.832 500.818 500.7964 500.7675 500.7385 500.7137 500.7037 500.6808 500.6592 500.6302 500.6104 500.585 500.5599 500.5332 500.5085 500.4826 500.4627 500.4376 500.4079 500.3783 500.3507 500.3197 500.2888 500.2567 500.2291 500.1978 500.1666 500.1434 500.0945 500.0386 499.9817 499.9247 499.8678 499.8109 499.7581 499.7052 499.6524 499.6022 499.5467 499.4923 499.4396 499.3896 499.3412 499.2887 499.2411 499.1949 499.1468 499.1081 499.0603 499.0123 498.9728 498.9273
501.0668 501.0482 501.027 501.0033 500.9933 500.9833 500.9629 500.9442 500.9169 500.8893 500.866 500.856 500.8387 500.813 500.784 500.7551 500.7397 500.7245 500.7066 500.6783 500.6559 500.6302 500.6071 500.5839 500.5581 500.5302 500.5051 500.4909 500.4613 500.4316 500.4031 500.3741 500.3444 500.3134 500.2832 500.2566 500.2253 500.1941 500.1593 500.134 500.0951 500.0381 499.9812 499.9242 499.8702 499.8174 499.7646 499.7128 499.6589 499.6038 499.551 499.4991 499.4522 499.3997 499.3496 499.3037 499.2556 499.2139 499.168 499.1202 499.0722 499.0327 498.9897
501.0805 501.0675 501.0406 501.0253 501.0154 501.0003 500.9822 500.9598 500.9323 500.9047 500.89 500.8792 500.858 500.8296 500.8006 500.7757 500.7657 500.7467 500.7263 500.6973 500.676 500.653 500.6301 500.6042 500.5788 500.5541 500.5329 500.5146 500.485 500.4554 500.4273 500.3991 500.3685 500.339 500.3154 500.2841 500.2529 500.2205 500.1891 500.1617 500.1304 500.0945 500.0376 499.9824 499.9296 499.8767 499.8239 499.7711 499.7156 499.6624 499.6097 499.5614 499.5106 499.4581 499.4121 499.3643 499.3168 499.2757 499.228 499.18 499.1391 499.0935 499.055
501.1007 501.081 501.0574 501.0474 501.0374 501.0197 501 500.9751 500.9476 500.9241 500.9141 500.8983 500.8751 500.8461 500.8172 500.8018 500.7893 500.7694 500.7453 500.7206 500.699 500.6767 500.653 500.6265 500.6016 500.5786 500.563 500.5383 500.5087 500.4791 500.4528 500.4238 500.3948 500.3631 500.3429 500.3116 500.2804 500.2474 500.2216 500.1936 500.1605 500.1263 500.0946 500.0417 499.9889 499.9361 499.8834 499.8278 499.7738 499.7211 499.6704 499.6216 499.569 499.5196 499.4731 499.4249 499.3834 499.3357 499.2878 499.2397 499.1989 499.1552 499.1164
501.1215 501.0945 501.0794 501.0694 501.0568 501.0375 501.018 500.9905 500.963 500.9481 500.9381 500.9174 500.8917 500.8627 500.8378 500.8278 500.8124 500.7933 500.7643 500.7442 500.7215 500.6994 500.6751 500.6508 500.6264 500.6031 500.5916 500.562 500.5324 500.5047 500.4775 500.4489 500.4188 500.396 500.3705 500.3392 500.3076 500.2734 500.2534 500.2249 500.1906 500.1564 500.122 500.101 500.0482 499.9956 499.9401 499.8852 499.8325 499.78 499.7325 499.68 499.6283 499.5819 499.5337 499.4867 499.4433 499.3956 499.3476 499.3053 499.2598 499.2204 499.1764
501.135 501.1114 501.1014 501.0914 501.0755 501.0572 501.0334 501.0059 500.9821 500.9721 500.9573 500.9372 500.9082 500.8793 500.8638 500.8538 500.8322 500.8123 500.7852 500.7678 500.745 500.7204 500.6955 500.674 500.6516 500.6332 500.6154 500.5857 500.5561 500.5303 500.5026 500.4744 500.4454 500.4293 500.398 500.3667 500.3334 500.31 500.2853 500.255 500.2207 500.1865 500.1537 500.1227 500.0915 500.0523 499.9967 499.9439 499.8911 499.8417 499.7909 499.7384 499.6895 499.6425 499.5943 499.551 499.5033 499.4555 499.4073 499.3652 499.3207 499.2813 499.2363
501.1485 501.1334 501.1234 501.1134 501.0943 501.0762 501.0488 501.0212 501.0062 500.9962 500.9789 500.9537 500.9248 500.8998 500.8898 500.8748 500.8586 500.8313 500.8125 500.7888 500.7662 500.7461 500.7227 500.6981 500.6733 500.6633 500.6391 500.6094 500.582 500.5551 500.5282 500.5003 500.4745 500.4568 500.4255 500.3942 500.3616 500.3452 500.3172 500.2851 500.2509 500.217 500.1893 500.1566 500.1231 500.0872 500.0553 500.0025 499.9513 499.9019 499.8493 499.7982 499.7513 499.7031 499.6567 499.611 499.5632 499.5152 499.4716 499.4261 499.3859 499.3413 499.2978
501.1654 501.1555 501.1454 501.1312 501.1133 501.0917 501.0641 501.0402 501.0302 501.0184 500.9993 500.9703 500.9414 500.9258 500.9158 500.897 500.8793 500.8503 500.8333 500.8112 500.7906 500.7664 500.7452 500.7213 500.7034 500.6924 500.6628 500.6331 500.6068 500.5811 500.5539 500.5278 500.5088 500.4843 500.453 500.4205 500.394 500.377 500.3495 500.3152 500.2809 500.2469 500.2232 500.1904 500.157 500.1211 500.0864 500.0612 500.0128 499.9603 499.9077 499.8596 499.8118 499.7637 499.7187 499.6709 499.6231 499.5749 499.5315 499.4869 499.4463 499.4013 499.3598
501.1875 501.1775 501.1674 501.15 501.1329 501.107 501.0795 501.0642 501.0542 501.0393 501.0158 500.9869 500.9618 500.9518 500.9388 500.9214 500.8983 500.8771 500.8562 500.8358 500.8156 500.7917 500.7672 500.7469 500.7335 500.7161 500.6865 500.6569 500.6329 500.607 500.5818 500.5531 500.5431 500.5118 500.4805 500.4497 500.431 500.4089 500.3796 500.3453 500.3111 500.2854 500.2571 500.2267 500.1908 500.1549 500.1242 500.0887 500.058 500.0187 499.9682 499.9206 499.8724 499.8264 499.7786 499.7309 499.6828 499.6379 499.5923 499.5512 499.5062 499.4624 499.4197
501.2095 501.1995 501.1863 501.1695 501.1499 501.1224 501.0982 501.0882 501.0782 501.0588 501.0324 501.0035 500.9878 500.9778 500.9628 500.9464 500.9173 500.9001 500.8797 500.8606 500.8374 500.8154 500.7936 500.7736 500.7636 500.7398 500.7102 500.6835 500.6589 500.6333 500.6068 500.5873 500.5706 500.5393 500.5077 500.478 500.468 500.4408 500.4097 500.3755 500.3419 500.3238 500.291 500.2605 500.2247 500.1888 500.1621 500.1265 500.0909 500.0566 500.0294 499.9812 499.933 499.8863 499.8386 499.7907 499.7425 499.6978 499.6532 499.6112 499.5662 499.5245 499.4778
501.2315 501.2215 501.2058 501.1886 501.1653 501.1377 501.1223 501.1123 501.0977 501.0779 501.049 501.0238 501.0138 501.0035 500.9842 500.9653 500.9418 500.925 500.905 500.8826 500.8597 500.8395 500.8204 500.8037 500.7932 500.7635 500.7339 500.7099 500.6867 500.66 500.6342 500.6216 500.5981 500.5668 500.5356 500.515 500.5006 500.4741 500.4398 500.4055 500.3766 500.3577 500.3249 500.2944 500.2585 500.2318 500.1999 500.1643 500.1287 500.0978 500.0646 500.035 499.994 499.9463 499.8985 499.8504 499.8042 499.7586 499.7162 499.6712 499.627 499.5829 499.5364
501.2535 501.2432 501.2249 501.2082 501.1806 501.1563 501.1463 501.1363 501.1191 501.0945 501.0656 501.0498 501.0398 501.0257 501.0106 500.9843 500.9684 500.9478 500.9271 500.9084 500.8873 500.8659 500.8438 500.8338 500.8169 500.7872 500.7608 500.7375 500.712 500.6872 500.6659 500.6559 500.6256 500.5944 500.5639 500.5519 500.5325 500.5042 500.4699 500.4368 500.4172 500.3915 500.3641 500.3282 500.2924 500.2733 500.2377 500.2021 500.1688 500.139 500.1076 500.0729 500.0343 500.0062 499.9583 499.9102 499.864 499.8195 499.7762 499.7312 499.688 499.6409 499.5974
501.2755 501.2621 501.245 501.2235 501.196 501.1803 501.1703 501.1576 501.14 501.1111 501.0858 501.0758 501.0658 501.0473 501.0323 501.0064 500.991 500.971 500.951 500.9287 500.9117 500.8903 500.8739 500.8639 500.8406 500.8109 500.7875 500.763 500.7406 500.7166 500.7001 500.6844 500.6532 500.6206 500.5989 500.5889 500.5644 500.5343 500.5 500.4678 500.4578 500.4254 500.3979 500.3621 500.3307 500.3112 500.2756 500.24 500.2143 500.1802 500.1506 500.1149 500.0764 500.0404 500.0115 499.9705 499.9248 499.8811 499.8361 499.7917 499.746 499.7003 499.6583
