COS0=(0.18930499292518504, 1.0, 54.0, MASK0)
COS1=(0.08532756478587644, 2.0, -22.0, MASK0)
COS2=(0.29677340915814293, 3.0, 22.0, MASK0)
COS3=(0.10061715641091734, 4.0, -24.0, MASK0)
COS4=(0.1886539939867839, 5.0, 16.0, MASK0)
COS5=(0.1921029835868746, 6.0, 2.0, MASK0)
COS6=(0.050224755978063376, 7.0, 10.0, MASK0)
COS7=(0.06816492584464431, 7.5, -6.0, MASK0)
COS8=(0.09897176724522488, 9.0, 10.0, MASK0)
COS9=(0.038784876423858486, 10.0, 10.0, MASK0)
COS10=(0.0505220798213466, 10.5, 6.0, MASK0)
COS11=(0.0747767316746922, 12.0, 6.0, MASK0)
COS12=(0.02193876843671281, 13.0, 2.0, MASK0)
COS13=(0.07494084106266488, 13.5, 6.0, MASK0)
COS14=(0.04526524338759142, 15.0, -6.0, MASK0)
COS15=(0.04368033199355084, 15.5, 4.0, MASK0)
COS16=(0.0540133151294371, 17.0, 6.0, MASK0)
COS17=(0.040887944718103655, 17.5, 6.0, MASK0)
COS18=(0.028090472632263757, 19.0, 6.0, MASK0)
COS19=(0.05297594793165353, 19.5, 2.0, MASK0)
COS20=(0.0533404314784386, 20.5, 4.0, MASK0)
COS21=(0.05906406189791441, 21.5, 2.0, MASK0)
COS22=(0.08052396876214932, 22.5, 4.0, MASK0)
COS23=(0.04441839419309944, 23.5, -2.0, MASK0)
COS24=(0.011350604267595401, 24.5, -4.0, MASK0)
COS25=(0.026069310684213996, 25.5, 4.0, MASK0)
COS26=(0.021511340193698214, 26.5, -4.0, MASK0)
COS27=(0.08083100183228178, 27.5, 2.0, MASK0)
COS28=(0.0183986431382842, 28.5, 2.0, MASK0)
COS29=(0.040720200275162884, 29.5, 2.0, MASK0)
COS30=(0.047333167612903224, 30.5, 2.0, MASK0)
COS31=(0.04557873685165065, 31.0, -2.0, MASK0)
COS32=(0.02342575288658022, 32.0, -2.0, MASK0)
COS33=(0.03819235769310175, 33.0, -2.0, MASK0)
COS34=(0.047333167612903224, 30.5, 2.0, MASK0)
COS35=(0.04072020027516288, 29.5, 2.0, MASK0)
COS36=(0.018398643138284182, 28.5, 2.0, MASK0)
COS37=(0.0808310018322818, 27.5, 2.0, MASK0)
COS38=(0.021511340193698214, 26.5, -4.0, MASK0)
COS39=(0.02606931068421399, 25.5, 4.0, MASK0)
COS40=(0.01135060426759539, 24.5, -4.0, MASK0)
COS41=(0.044418394193099425, 23.5, -2.0, MASK0)
COS42=(0.08052396876214932, 22.5, 4.0, MASK0)
COS43=(0.059064061897914404, 21.5, 2.0, MASK0)
COS44=(0.0533404314784386, 20.5, 4.0, MASK0)
COS45=(0.05297594793165352, 19.5, 2.0, MASK0)
COS46=(0.028090472632263757, 19.0, 6.0, MASK0)
COS47=(0.040887944718103655, 17.5, 6.0, MASK0)
COS48=(0.05401331512943712, 17.0, 6.0, MASK0)
COS49=(0.04368033199355085, 15.5, 4.0, MASK0)
COS50=(0.04526524338759142, 15.0, -6.0, MASK0)
COS51=(0.07494084106266488, 13.5, 6.0, MASK0)
COS52=(0.02193876843671281, 13.0, 2.0, MASK0)
COS53=(0.0747767316746922, 12.0, 6.0, MASK0)
COS54=(0.050522079821346585, 10.5, 6.0, MASK0)
COS55=(0.03878487642385847, 10.0, 10.0, MASK0)
COS56=(0.09897176724522488, 9.0, 10.0, MASK0)
COS57=(0.06816492584464433, 7.5, -6.0, MASK0)
COS58=(0.050224755978063376, 7.0, 10.0, MASK0)
COS59=(0.1921029835868746, 6.0, 2.0, MASK0)
COS60=(0.18865399398678395, 5.0, 16.0, MASK0)
COS61=(0.10061715641091734, 4.0, -24.0, MASK0)
COS62=(0.29677340915814293, 3.0, 22.0, MASK0)
COS63=(0.08532756478587644, 2.0, -22.0, MASK0)
COS64=(0.18930499292518504, 1.0, 54.0, MASK0)
