COS0=(1.589050409660534, 1.0, -92.0, MASK0)
COS1=(0.7046901818648765, 2.0, 20.0, MASK0)
COS2=(0.19177310872271325, 3.0, -32.0, MASK0)
COS3=(0.15403264463679997, 4.0, 2.0, MASK0)
COS4=(0.2701715511661922, 5.0, 6.0, MASK0)
COS5=(0.03837773908289789, 6.0, -16.0, MASK0)
COS6=(0.1390623998656529, 7.0, 2.0, MASK0)
COS7=(0.04184367247062298, 8.0, -10.0, MASK0)
COS8=(0.13806298344383955, 9.0, -8.0, MASK0)
COS9=(0.12466281423587587, 10.0, -10.0, MASK0)
COS10=(0.11423328873861305, 11.0, -8.0, MASK0)
COS11=(0.08583591354525011, 12.0, -8.0, MASK0)
COS12=(0.13806298344383955, 9.0, -8.0, MASK0)
COS13=(0.04184367247062293, 8.0, -10.0, MASK0)
COS14=(0.13906239986565294, 7.0, 2.0, MASK0)
COS15=(0.03837773908289789, 6.0, -16.0, MASK0)
COS16=(0.27017155116619207, 5.0, 6.0, MASK0)
COS17=(0.15403264463680005, 4.0, 2.0, MASK0)
COS18=(0.19177310872271325, 3.0, -32.0, MASK0)
COS19=(0.7046901818648763, 2.0, 20.0, MASK0)
COS20=(1.5890504096605338, 1.0, -92.0, MASK0)
