COS0=(0.021889946841046934, 1.0, 16.0, MASK0)
COS1=(0.09857681555597309, 2.0, 42.0, MASK0)
COS2=(0.10848005611812067, 3.0, 2.0, MASK0)
COS3=(0.033327507704416615, 4.0, -4.0, MASK0)
COS4=(0.03294475786735425, 4.5, 10.0, MASK0)
COS5=(0.021181907271648325, 5.5, -6.0, MASK0)
COS6=(0.01726404508998871, 7.0, -14.0, MASK0)
COS7=(0.014706331298355576, 8.0, -10.0, MASK0)
COS8=(0.03294475786735425, 4.5, 10.0, MASK0)
COS9=(0.03332750770441663, 4.0, -4.0, MASK0)
COS10=(0.10848005611812067, 3.0, 2.0, MASK0)
COS11=(0.09857681555597311, 2.0, 42.0, MASK0)
COS12=(0.021889946841046923, 1.0, 16.0, MASK0)
