SIN0=(0.18930499286411745,1.0,-1.7700000000000014,MASK0)
SIN1=(0.08532756482896012,2.0,1.7000000000000013,MASK0)
SIN2=(0.2967734091306339,3.0,-2.289999999999995,MASK0)
SIN3=(0.10061715633174438,4.0,-0.03,MASK0)
SIN4=(0.18865399394161636,5.0,-2.6499999999999875,MASK0)
SIN5=(0.19210298356069272,6.0,-0.19000000000000003,MASK0)
SIN6=(0.05022475603250658,7.0,-2.3699999999999934,MASK0)
SIN7=(0.09897176729643978,9.0,-2.7499999999999853,MASK0)
SIN8=(0.03878487640043614,10.0,2.909999999999982,MASK0)
SIN9=(0.021938768417900795,13.0,-0.5800000000000003,MASK0)
SIN10=(0.04526524337988534,15.0,0.060000000000000005,MASK0)
SIN11=(0.040887944702454146,17.5,-2.159999999999998,MASK0)
SIN12=(0.05906406189464372,21.5,0.4200000000000002,MASK0)
SIN13=(0.08052396874658299,22.5,-1.340000000000001,MASK0)
SIN14=(0.04441839419990232,23.5,-2.5499999999999896,MASK0)
SIN15=(0.018398643067946044,28.5,0.24000000000000005,MASK0)
SIN16=(0.045578736817343916,31.0,-2.6499999999999875,MASK0)
SIN17=(0.009686381395363357,37.5,-0.4400000000000002,MASK0)
SIN18=(0.01700608377057481,41.0,0.3100000000000001,MASK0)
SIN19=(0.03726893387194115,39.5,-3.469446951953614e-18,MASK0)
SIN20=(0.02916763510422616,35.0,0.05,MASK0)
SIN21=(0.04072020024869333,29.5,0.12999999999999998,MASK0)
SIN22=(0.0215113401976963,26.5,0.6500000000000004,MASK0)
SIN23=(0.059064061894643714,21.5,0.4200000000000002,MASK0)
SIN24=(0.05334043152739196,20.5,-1.360000000000001,MASK0)
SIN25=(0.052975947920097285,19.5,0.4700000000000002,MASK0)
SIN26=(0.028090472604073137,19.0,2.9699999999999807,MASK0)
SIN27=(0.043680331940610696,15.5,-0.25000000000000006,MASK0)
SIN28=(0.021938768417900795,13.0,-0.5800000000000003,MASK0)
SIN29=(0.05052207981886199,10.5,-0.6800000000000004,MASK0)
SIN30=(0.06816492582913324,7.5,3.0199999999999796,MASK0)
SIN31=(0.050224756032506576,7.0,-2.3699999999999934,MASK0)
SIN32=(0.18865399394161636,5.0,-2.6499999999999875,MASK0)
SIN33=(0.10061715633174431,4.0,-0.03,MASK0)
SIN34=(0.2967734091306339,3.0,-2.289999999999995,MASK0)
SIN35=(0.08532756482896012,2.0,1.7000000000000013,MASK0)
SIN36=(0.18930499286411748,1.0,-1.7700000000000014,MASK0)

