SIN0=(0.18930499292518504,1.0,-1.33,MASK0)
SIN1=(0.08532756478587644,2.0,1.4,MASK0)
SIN2=(0.29677340915814293,3.0,-0.82,MASK0)
SIN3=(0.10061715641091734,4.0,-0.03,MASK0)
SIN4=(0.1886539939867839,5.0,-0.45,MASK0)
SIN5=(0.1921029835868746,6.0,-2.91,MASK0)
SIN6=(0.050224755978063376,7.0,-0.74,MASK0)
SIN7=(0.06816492584464431,7.5,-3.02,MASK0)
SIN8=(0.09897176724522488,9.0,-0.35,MASK0)
SIN9=(0.038784876423858486,10.0,0.2,MASK0)
SIN10=(0.0505220798213466,10.5,0.68,MASK0)
SIN11=(0.0747767316746922,12.0,-0.73,MASK0)
SIN12=(0.02193876843671281,13.0,-2.52,MASK0)
SIN13=(0.07494084106266488,13.5,0.81,MASK0)
SIN14=(0.04526524338759142,15.0,3.04,MASK0)
SIN15=(0.04368033199355084,15.5,0.25,MASK0)
SIN16=(0.0540133151294371,17.0,0.22,MASK0)
SIN17=(0.040887944718103655,17.5,2.16,MASK0)
SIN18=(0.028090472632263757,19.0,0.14,MASK0)
SIN19=(0.05297594793165353,19.5,-0.47,MASK0)
SIN20=(0.0533404314784386,20.5,1.36,MASK0)
SIN21=(0.05906406189791441,21.5,-0.42,MASK0)
SIN22=(0.08052396876214932,22.5,1.34,MASK0)
SIN23=(0.04441839419309944,23.5,2.55,MASK0)
SIN24=(0.011350604267595401,24.5,-0.83,MASK0)
SIN25=(0.026069310684213996,25.5,2.05,MASK0)
SIN26=(0.021511340193698214,26.5,-0.65,MASK0)
SIN27=(0.044418394193099425,23.5,2.55,MASK0)
SIN28=(0.08052396876214932,22.5,1.34,MASK0)
SIN29=(0.059064061897914404,21.5,-0.42,MASK0)
SIN30=(0.0533404314784386,20.5,1.36,MASK0)
SIN31=(0.05297594793165352,19.5,-0.47,MASK0)
SIN32=(0.028090472632263757,19.0,0.14,MASK0)
SIN33=(0.040887944718103655,17.5,2.16,MASK0)
SIN34=(0.05401331512943712,17.0,0.22,MASK0)
SIN35=(0.04368033199355085,15.5,0.25,MASK0)
SIN36=(0.04526524338759142,15.0,3.04,MASK0)
SIN37=(0.07494084106266488,13.5,0.81,MASK0)
SIN38=(0.02193876843671281,13.0,-2.52,MASK0)
SIN39=(0.0747767316746922,12.0,-0.73,MASK0)
SIN40=(0.050522079821346585,10.5,0.68,MASK0)
SIN41=(0.03878487642385847,10.0,0.2,MASK0)
SIN42=(0.09897176724522488,9.0,-0.35,MASK0)
SIN43=(0.06816492584464433,7.5,-3.02,MASK0)
SIN44=(0.050224755978063376,7.0,-0.74,MASK0)
SIN45=(0.1921029835868746,6.0,-2.91,MASK0)
SIN46=(0.18865399398678395,5.0,-0.45,MASK0)
SIN47=(0.10061715641091734,4.0,-0.03,MASK0)
SIN48=(0.29677340915814293,3.0,-0.82,MASK0)
SIN49=(0.08532756478587644,2.0,1.4,MASK0)
SIN50=(0.18930499292518504,1.0,-1.33,MASK0)

