COS0=(3.1781008185457553, 1.0, -92.0, MASK0)
COS1=(1.4093803633676134, 2.0, 20.0, MASK0)
COS2=(0.3835462179630231, 3.0, -32.0, MASK0)
COS3=(0.5403431025274572, 5.0, 6.0, MASK0)
COS4=(0.07675547764558052, 6.0, -16.0, MASK0)
COS5=(0.08368734480940802, 8.0, -10.0, MASK0)
COS6=(0.24932562814035147, 10.0, -10.0, MASK0)
COS7=(0.22846657749353627, 11.0, -8.0, MASK0)
COS8=(0.17167182742300932, 12.0, -8.0, MASK0)
COS9=(0.16692896274374378, 14.0, 2.0, MASK0)
COS10=(0.17964161924135857, 15.0, -8.0, MASK0)
COS11=(0.14956081759731926, 17.0, -6.0, MASK0)
COS12=(0.2718159046475407, 18.0, -6.0, MASK0)
COS13=(0.1251870510933289, 18.5, 2.0, MASK0)
COS14=(0.13344168462941344, 21.0, -4.0, MASK0)
COS15=(0.1161648440249953, 21.5, -4.0, MASK0)
COS16=(0.026097399585904568, 23.5, 2.0, MASK0)
COS17=(0.12783942764309977, 25.5, -4.0, MASK0)
COS18=(0.09229985983600465, 26.5, -4.0, MASK0)
COS19=(0.15045337698639383, 28.0, -4.0, MASK0)
COS20=(0.21227906237897817, 29.5, -4.0, MASK0)
COS21=(0.07123052912903236, 30.5, -4.0, MASK0)
COS22=(0.0630448763950909, 31.0, -4.0, MASK0)
COS23=(0.05753824559449241, 33.5, -2.0, MASK0)
COS24=(0.0921166869180381, 35.0, -2.0, MASK0)
COS25=(0.12970253325485387, 36.0, -2.0, MASK0)
COS26=(0.06458828212872078, 37.0, -2.0, MASK0)
COS27=(0.09344248847857199, 39.0, -2.0, MASK0)
COS28=(0.1024582138324644, 41.0, -2.0, MASK0)
COS29=(0.128558170952441, 42.0, -2.0, MASK0)
COS30=(0.031965562614688595, 43.0, -2.0, MASK0)
COS31=(0.12657000689533748, 45.0, -2.0, MASK0)
