COS0=(3.1781008185457553, 1.0, -92.0, MASK0)
COS1=(1.4093803633676134, 2.0, 20.0, MASK0)
COS2=(0.3835462179630231, 3.0, -32.0, MASK0)
COS3=(0.3080652894829319, 4.0, 2.0, MASK0)
