COS0=(1.589050409660534, 1.0, -92.0, MASK0)
COS1=(0.7046901818648763, 2.0, 20.0, MASK0)
COS2=(0.19177310872271336, 3.0, -32.0, MASK0)
COS3=(0.27017155116619207, 5.0, 6.0, MASK0)
COS4=(0.03837773908289792, 6.0, -16.0, MASK0)
COS5=(0.04184367247062304, 8.0, -10.0, MASK0)
COS6=(0.12466281423587584, 10.0, -10.0, MASK0)
COS7=(0.11423328873861308, 11.0, -8.0, MASK0)
COS8=(0.08583591354525016, 12.0, -8.0, MASK0)
COS9=(0.08346448145947563, 14.0, 2.0, MASK0)
COS10=(0.08982080939843062, 15.0, -8.0, MASK0)
COS11=(0.07478040899238504, 17.0, -6.0, MASK0)
COS12=(0.1359079521807191, 18.0, -6.0, MASK0)
COS13=(0.06259352560270393, 18.5, 2.0, MASK0)
COS14=(0.06672084219802238, 21.0, -4.0, MASK0)
COS15=(0.05808242215089249, 21.5, -4.0, MASK0)
COS16=(0.013048699968726523, 23.5, 2.0, MASK0)
COS17=(0.06391971377923952, 25.5, -4.0, MASK0)
COS18=(0.04614992973955439, 26.5, -4.0, MASK0)
COS19=(0.07522668844216632, 28.0, -4.0, MASK0)
COS20=(0.10613953108672591, 29.5, -4.0, MASK0)
COS21=(0.03561526449193546, 30.5, -4.0, MASK0)
COS22=(0.03152243853092944, 31.0, -4.0, MASK0)
COS23=(0.028769122885078227, 33.5, -2.0, MASK0)
COS24=(0.04605834309662235, 35.0, -2.0, MASK0)
COS25=(0.06485126670832485, 36.0, -2.0, MASK0)
COS26=(0.032294141148840175, 37.0, -2.0, MASK0)
COS27=(0.046721243891596015, 39.0, -2.0, MASK0)
COS28=(0.05122910699904827, 41.0, -2.0, MASK0)
COS29=(0.06427908543728064, 42.0, -2.0, MASK0)
COS30=(0.015982781360214138, 43.0, -2.0, MASK0)
COS31=(0.06328500337275494, 45.0, -2.0, MASK0)
