SIN0=(1.589050409660534,1.0,3.1,MASK0)
SIN1=(0.7046901818648765,2.0,-1.79,MASK0)
SIN2=(0.19177310872271325,3.0,-3.05,MASK0)

