COS0=(0.021889946841046934, 1.0, 16.0, MASK0)
COS1=(0.10848005611812067, 3.0, 2.0, MASK0)
COS2=(0.033327507704416615, 4.0, -4.0, MASK0)
COS3=(0.021181907271648325, 5.5, -6.0, MASK0)
COS4=(0.014706331298355576, 8.0, -10.0, MASK0)
COS5=(0.0073774288396589605, 9.5, -6.0, MASK0)
COS6=(0.010530428351012852, 13.0, 6.0, MASK0)
COS7=(0.007249838714001151, 14.0, 6.0, MASK0)
COS8=(0.005296946586302184, 15.5, 2.0, MASK0)
COS9=(0.0061723292168525505, 17.5, 4.0, MASK0)
COS10=(0.005401797112529118, 19.5, -2.0, MASK0)
COS11=(0.0032846346685082763, 21.5, -2.0, MASK0)
COS12=(0.0012269921583629262, 23.5, -4.0, MASK0)
COS13=(0.0016663691821004218, 26.5, 4.0, MASK0)
COS14=(0.0012150746667652253, 28.5, 2.0, MASK0)
COS15=(0.0030645161290322586, 30.5, 2.0, MASK0)
COS16=(0.0037138750103004586, 31.0, 4.0, MASK0)
COS17=(0.0009220835818939016, 33.5, 2.0, MASK0)
COS18=(0.0031259973569068827, 35.0, -2.0, MASK0)
COS19=(0.0013945883851009563, 36.0, -2.0, MASK0)
COS20=(0.0030593654990906504, 39.0, 2.0, MASK0)
COS21=(0.002464096967293627, 40.5, -2.0, MASK0)
COS22=(0.0021432575329775826, 42.0, -2.0, MASK0)
COS23=(0.0009956862672069553, 44.0, 2.0, MASK0)
