SIN0=(0.021889946841046934,1.0,-2.56,MASK0)
SIN1=(0.09857681555597309,2.0,-0.32,MASK0)
SIN2=(0.10848005611812067,3.0,-2.93,MASK0)
SIN3=(0.033327507704416615,4.0,0.64,MASK0)
SIN4=(0.03294475786735425,4.5,0.27,MASK0)
SIN5=(0.021181907271648325,5.5,2.78,MASK0)
SIN6=(0.10848005611812067,3.0,-2.93,MASK0)
SIN7=(0.09857681555597311,2.0,-0.32,MASK0)
SIN8=(0.021889946841046923,1.0,-2.56,MASK0)

