site316_ft/site316_5x_roughbed_V2/site316_5x_roughbed_V2/sfe316_5x_roughbed_v2.asc
ncols         171
nrows         81
xllcorner     90.612160300411
yllcorner     56.535521390863
cellsize      1
NODATA_value  -9999
[rows 0 to 27 of 81, columns 63 to 125 of 171]
253.2024 253.1976 253.1927 253.1875 253.1806 253.1741 253.1671 253.16 253.1528 253.1445 253.1362 253.1273 253.1191 253.1109 253.1015 253.0927 253.0837 253.0749 253.0655 253.0569 253.0475 253.0382 253.0287 253.0194 253.0102 253.0005 252.9913 252.9813 252.972 252.9626 252.9526 252.9431 252.9337 252.9237 252.9142 252.9042 252.8947 252.8851 252.8751 252.8655 252.8555 252.8459 252.8362 252.8262 252.8166 252.8066 252.7968 252.7871 252.7773 252.7675 252.7575 252.7478 252.7379 252.7281 252.7181 252.7083 252.6984 252.6885 252.6785 252.6686 252.6564 252.6462 252.6361
253.0693 253.0803 253.0834 253.0847 253.0905 253.092 253.0887 253.0875 253.0836 253.0803 253.0781 253.0715 253.0642 253.0612 253.0553 253.047 253.0411 253.0341 253.0271 253.0185 253.0105 253.0044 252.9944 252.9867 252.9802 252.9702 252.9626 252.9545 252.9448 252.9368 252.9286 252.9186 252.9104 252.9012 252.8919 252.8836 252.8736 252.865 252.855 252.8462 252.8375 252.8275 252.8185 252.8097 252.7997 252.7904 252.7809 252.7714 252.7621 252.7524 252.7431 252.7333 252.7238 252.7144 252.7045 252.695 252.6854 252.6758 252.6662 252.6562 252.6397 252.6283 252.6183
252.949 252.9625 252.9795 252.993 253.0007 253.0079 253.0144 253.0141 253.0182 253.018 253.0188 253.0183 253.0133 253.011 253.0079 253.0029 252.9996 252.9928 252.9901 252.9835 252.9772 252.9702 252.9641 252.955 252.9499 252.9405 252.934 252.9277 252.9185 252.911 252.904 252.8941 252.8871 252.8796 252.8696 252.8625 252.8525 252.8448 252.8369 252.8269 252.819 252.8103 252.8007 252.7927 252.7827 252.7739 252.7649 252.7563 252.7469 252.7374 252.7289 252.7197 252.7101 252.7007 252.6917 252.6817 252.6727 252.6631 252.6538 252.6445 252.6252 252.6104 252.6004
252.8236 252.8524 252.8765 252.9023 252.9179 252.932 252.9422 252.9489 252.9544 252.96 252.9595 252.9629 252.9644 252.9634 252.9604 252.9608 252.9576 252.9514 252.9517 252.9465 252.9418 252.9359 252.9313 252.9272 252.9196 252.9153 252.9053 252.9005 252.8952 252.8852 252.8795 252.8738 252.8638 252.8573 252.8489 252.8414 252.8346 252.8246 252.8176 252.8079 252.8006 252.7929 252.7847 252.7758 252.7672 252.758 252.7499 252.7408 252.7324 252.7224 252.7145 252.7055 252.6969 252.6869 252.6785 252.6688 252.6604 252.6505 252.6413 252.6304 252.6107 252.5939 252.5825
252.7106 252.7489 252.786 252.8129 252.8372 252.8557 252.8712 252.8856 252.894 252.9041 252.9075 252.9114 252.919 252.9207 252.9194 252.9205 252.92 252.9193 252.9133 252.9099 252.9116 252.9053 252.8986 252.8993 252.8893 252.8867 252.8834 252.8734 252.8694 252.8649 252.8549 252.8505 252.845 252.835 252.8303 252.8203 252.8145 252.807 252.7982 252.7922 252.7822 252.7751 252.7689 252.7589 252.751 252.7428 252.7347 252.7264 252.7174 252.7094 252.7001 252.6914 252.6832 252.6738 252.6652 252.6565 252.6478 252.638 252.6289 252.6159 252.5962 252.5765 252.5646
252.557 252.6347 252.6953 252.7312 252.7616 252.7843 252.8038 252.8238 252.8367 252.851 252.8574 252.8633 252.8703 252.8756 252.8767 252.8816 252.8787 252.8849 252.8824 252.8808 252.8773 252.8759 252.8723 252.8689 252.8642 252.858 252.8562 252.8517 252.8436 252.8403 252.834 252.8272 252.8227 252.8135 252.8091 252.8028 252.7943 252.7889 252.7789 252.7737 252.7673 252.7573 252.7519 252.7419 252.7346 252.7267 252.7198 252.7112 252.7023 252.6954 252.6873 252.6782 252.6695 252.6614 252.6519 252.644 252.6351 252.6264 252.6171 252.6014 252.5817 252.5621 252.5467
252.396 252.4703 252.548 252.629 252.686 252.7159 252.7415 252.7611 252.7799 252.7917 252.8067 252.8174 252.8253 252.8281 252.8382 252.8416 252.842 252.8465 252.8455 252.8457 252.8431 252.8432 252.8452 252.8386 252.8394 252.8333 252.8291 252.8278 252.822 252.8158 252.8139 252.8056 252.8005 252.7963 252.788 252.7841 252.7744 252.7696 252.7633 252.7553 252.7496 252.743 252.735 252.7281 252.7205 252.7127 252.7043 252.6973 252.6883 252.6812 252.6732 252.6657 252.6558 252.6486 252.639 252.6323 252.6224 252.614 252.606 252.5869 252.5672 252.5476 252.5313
252.2338 252.3059 252.3879 252.4724 252.5548 252.6447 252.681 252.7051 252.7269 252.7431 252.7585 252.7738 252.7842 252.7919 252.7998 252.806 252.8114 252.8112 252.8134 252.8188 252.8172 252.8132 252.8183 252.8105 252.8107 252.8119 252.8044 252.802 252.8012 252.7923 252.7906 252.7882 252.7782 252.7769 252.7682 252.764 252.7598 252.7503 252.7469 252.7384 252.7318 252.7281 252.7181 252.7117 252.7046 252.6984 252.6907 252.6823 252.6757 252.6668 252.6591 252.6521 252.6431 252.6353 252.6276 252.6197 252.61 252.6015 252.592 252.5724 252.5527 252.5331 252.5139
252.1441 252.1511 252.2263 252.3138 252.3999 252.4876 252.5744 252.6511 252.6755 252.6957 252.7132 252.7296 252.7433 252.7506 252.7636 252.7646 252.7782 252.7814 252.7845 252.7845 252.7879 252.7896 252.788 252.7886 252.7828 252.7848 252.7849 252.7775 252.7767 252.7747 252.7673 252.7659 252.7596 252.7558 252.7532 252.7438 252.741 252.7326 252.7284 252.724 252.7162 252.7111 252.7023 252.6952 252.6897 252.6833 252.6754 252.6673 252.6619 252.6547 252.6463 252.6384 252.631 252.6221 252.6147 252.607 252.5987 252.5892 252.5775 252.5579 252.5382 252.5186 252.4989
252.1178 252.1237 252.1298 252.1544 252.2442 252.3296 252.4218 252.5163 252.6115 252.6497 252.6704 252.6873 252.7 252.7155 252.7256 252.7336 252.7414 252.7445 252.7523 252.7543 252.7552 252.7634 252.7577 252.7635 252.7623 252.7576 252.7605 252.759 252.7521 252.7539 252.7495 252.7436 252.7438 252.7347 252.7336 252.7272 252.7216 252.7188 252.71 252.7062 252.7012 252.6942 252.6888 252.6825 252.6755 252.6686 252.6622 252.6545 252.6479 252.6409 252.6339 252.6247 252.6188 252.6092 252.6029 252.5943 252.5867 252.5782 252.563 252.5434 252.5237 252.5041 252.4844
252.0919 252.0978 252.1044 252.1115 252.1182 252.1774 252.2684 252.3607 252.4581 252.5582 252.6287 252.6477 252.6643 252.6792 252.6919 252.703 252.7096 252.7169 252.7256 252.7291 252.7305 252.7374 252.735 252.7348 252.7405 252.7375 252.7347 252.7375 252.733 252.7306 252.7313 252.7228 252.7236 252.7185 252.7135 252.7123 252.7023 252.7015 252.6959 252.6884 252.6873 252.6773 252.6723 252.6664 252.6621 252.6549 252.6472 252.6419 252.6335 252.6267 252.621 252.6124 252.6055 252.5982 252.5916 252.5816 252.5742 252.5674 252.5485 252.5289 252.5092 252.4895 252.4699
252.0656 252.0722 252.0791 252.086 252.0934 252.101 252.1161 252.2102 252.3095 252.4075 252.5062 252.6055 252.6276 252.6444 252.6557 252.6708 252.6804 252.688 252.6917 252.6998 252.707 252.7071 252.7131 252.7121 252.7133 252.7181 252.7144 252.713 252.7155 252.7101 252.709 252.707 252.7025 252.7033 252.6946 252.693 252.6881 252.6831 252.6807 252.6752 252.6703 252.6637 252.6576 252.653 252.6469 252.6397 252.6322 252.6284 252.6219 252.6144 252.6073 252.6003 252.5922 252.5857 252.5789 252.5702 252.5618 252.5536 252.534 252.5144 252.4947 252.4751 252.4554
252.04 252.0471 252.0542 252.0609 252.0687 252.0764 252.0846 252.0923 252.1581 252.2565 252.3573 252.4579 252.5645 252.6096 252.6251 252.6368 252.648 252.659 252.6662 252.6715 252.6815 252.6814 252.6875 252.6914 252.6902 252.6931 252.6959 252.6913 252.694 252.6933 252.687 252.6912 252.6839 252.6832 252.6801 252.6737 252.6742 252.6666 252.6629 252.6601 252.6534 252.6494 252.6443 252.6383 252.633 252.6272 252.6206 252.6147 252.6085 252.6021 252.5935 252.589 252.5794 252.5738 252.5662 252.5593 252.5506 252.5392 252.5195 252.4998 252.4802 252.4606 252.4409
252.0148 252.022 252.0288 252.0363 252.0441 252.0524 252.0604 252.0687 252.077 252.1089 252.2096 252.31 252.4151 252.518 252.5945 252.6079 252.6205 252.6323 252.641 252.6479 252.6564 252.6594 252.6618 252.6691 252.6707 252.6698 252.6739 252.6738 252.6707 252.6745 252.6703 252.6703 252.6689 252.663 252.6644 252.6574 252.6562 252.6534 252.6473 252.6465 252.6375 252.6329 252.6283 252.6258 252.6192 252.6121 252.6082 252.6003 252.5944 252.5898 252.5816 252.5757 252.5685 252.5628 252.5535 252.5469 252.5396 252.5247 252.505 252.4854 252.4657 252.446 252.4264
251.5416 251.9967 252.0038 252.0119 252.0203 252.0288 252.0372 252.0444 252.0526 252.0607 252.0704 252.1675 252.2686 252.3804 252.4815 252.5795 252.5922 252.6034 252.6124 252.6243 252.6275 252.6375 252.6411 252.6428 252.6512 252.6513 252.6498 252.6562 252.6539 252.6522 252.6545 252.6493 252.6528 252.6475 252.645 252.6436 252.6378 252.6373 252.6343 252.6295 252.6251 252.62 252.6162 252.6104 252.6048 252.598 252.595 252.5891 252.5826 252.5761 252.5696 252.5624 252.5568 252.5508 252.5417 252.5344 252.5288 252.5101 252.4905 252.4709 252.4512 252.4315 252.4119
251.3668 251.4432 251.9795 251.988 251.9966 252.0051 252.0127 252.0198 252.0276 252.0367 252.0464 252.0563 252.1304 252.2345 252.3415 252.4464 252.5591 252.5782 252.5888 252.5996 252.6058 252.6116 252.6204 252.6234 252.6257 252.6328 252.632 252.6341 252.6372 252.6335 252.638 252.6342 252.6327 252.633 252.627 252.6293 252.6241 252.6196 252.6195 252.6126 252.61 252.6061 252.6014 252.5975 252.5921 252.5867 252.5814 252.5762 252.5703 252.5624 252.5583 252.5496 252.5451 252.5381 252.531 252.5227 252.5153 252.4957 252.476 252.4563 252.4367 252.417 252.3974
251.3376 251.3026 251.3486 251.8009 251.9731 251.9816 251.9878 251.9945 252.0026 252.0121 252.0225 252.0325 252.043 252.0913 252.1962 252.305 252.4117 252.5233 252.5652 252.5754 252.5839 252.5909 252.5976 252.6039 252.6067 252.6102 252.6145 252.6145 252.6176 252.6177 252.6169 252.6192 252.6149 252.6164 252.6129 252.6109 252.6109 252.6063 252.6057 252.5988 252.5946 252.5914 252.5895 252.5835 252.577 252.5745 252.5675 252.5621 252.5587 252.5509 252.5459 252.5389 252.5334 252.5254 252.5195 252.5119 252.5008 252.4811 252.4615 252.4418 252.4222 252.4025 252.3829
251.2948 251.2574 251.2724 251.2992 251.3817 251.9562 251.9622 251.9685 251.9778 251.9887 251.999 252.0101 252.0211 252.0305 252.051 252.1577 252.276 252.3851 252.4949 252.5522 252.562 252.5701 252.576 252.5841 252.5882 252.5903 252.597 252.5977 252.5973 252.6019 252.5996 252.6023 252.6004 252.5971 252.599 252.5948 252.594 252.5932 252.5887 252.5864 252.5825 252.5795 252.574 252.5699 252.5642 252.5615 252.5563 252.5507 252.545 252.5389 252.5326 252.5279 252.5226 252.5136 252.5071 252.5009 252.4863 252.4666 252.447 252.4273 252.4077 252.388 252.3684
251.3211 251.2886 251.2323 251.1972 251.2788 251.2817 251.6894 251.9437 251.9549 251.9656 251.9775 251.9896 252.0005 252.009 252.0178 252.0262 252.1326 252.2421 252.3489 252.462 252.5406 252.5494 252.5565 252.5622 252.5697 252.5728 252.575 252.581 252.581 252.5847 252.5846 252.5823 252.5859 252.5822 252.584 252.5816 252.5783 252.5789 252.5726 252.5707 252.568 252.5652 252.5619 252.557 252.5529 252.5481 252.5438 252.5385 252.5315 252.5277 252.5198 252.5156 252.51 252.5025 252.4949 252.4901 252.4718 252.4521 252.4325 252.4128 252.3932 252.3735 252.3539
251.3669 251.3259 251.259 251.1801 251.1594 251.1637 251.2153 251.3393 251.9323 251.9458 251.9583 251.9703 251.9793 251.9879 251.9957 252.0048 252.0142 252.1028 252.2115 252.3244 252.4373 252.5286 252.5371 252.5437 252.5487 252.5553 252.5583 252.5607 252.5652 252.565 252.5695 252.5678 252.5685 252.5684 252.5656 252.5684 252.5653 252.5649 252.5602 252.5571 252.5547 252.553 252.5477 252.542 252.5408 252.5348 252.53 252.5274 252.5202 252.516 252.509 252.5041 252.4973 252.4919 252.4841 252.4769 252.4573 252.4376 252.418 252.3983 252.3787 252.359 252.3394
251.9773 251.5099 251.327 251.1999 251.1584 251.13 251.1557 251.1823 251.4805 251.9279 251.9398 251.9496 251.9583 251.9653 251.9736 251.9827 251.9927 252.0021 252.0778 252.1864 252.3031 252.4136 252.5176 252.5251 252.5311 252.5376 252.5416 252.5442 252.5494 252.5499 252.5518 252.5533 252.5515 252.5545 252.5523 252.5507 252.5514 252.5479 252.5478 252.545 252.5424 252.5381 252.535 252.5303 252.528 252.5235 252.5188 252.5139 252.5082 252.5028 252.4982 252.4933 252.4851 252.4798 252.4731 252.4624 252.4428 252.4231 252.4035 252.3838 252.3642 252.3445 252.3249
251.9924 251.9712 251.9498 251.2624 251.1508 251.1597 251.1267 251.1121 251.1884 251.9093 251.9197 251.9282 251.935 251.9426 251.9512 251.961 251.9705 251.9808 251.9907 252.0556 252.1628 252.2738 252.3899 252.5042 252.5135 252.5189 252.5249 252.5284 252.5314 252.5349 252.5352 252.5387 252.5377 252.5387 252.539 252.5373 252.5383 252.534 252.5317 252.5299 252.5289 252.5264 252.5219 252.519 252.5148 252.5115 252.5066 252.5006 252.4973 252.4899 252.4861 252.4819 252.4739 252.4673 252.4623 252.4479 252.4283 252.4086 252.389 252.3693 252.3497 252.33 252.3104
252.0065 251.9842 251.9606 251.7095 251.2623 251.187 251.1022 251.0652 251.1209 251.1909 251.8985 251.9056 251.9113 251.9198 251.9292 251.9395 251.9501 251.9605 251.9708 251.9799 252.0235 252.1391 252.2537 252.3658 252.4832 252.5022 252.5074 252.5126 252.5153 252.5199 252.5206 252.5205 252.5238 252.523 252.5251 252.5243 252.5241 252.5216 252.5196 252.5179 252.5165 252.512 252.5077 252.507 252.502 252.4979 252.4956 252.4894 252.486 252.4792 252.4749 252.4693 252.4633 252.4562 252.4515 252.4334 252.4138 252.3941 252.3745 252.3548 252.3352 252.3155 252.2959
252.0199 251.9965 251.9722 251.9491 251.928 251.2996 251.1828 251.1116 251.0258 251.0472 251.1395 251.2417 251.8883 251.8975 251.9085 251.9198 251.9311 251.9414 251.9514 251.9606 251.9688 252.004 252.1142 252.2328 252.3436 252.459 252.4917 252.4968 252.5003 252.5025 252.5061 252.507 252.51 252.5098 252.5093 252.5105 252.5078 252.5084 252.5074 252.5052 252.5026 252.5001 252.4964 252.4945 252.4907 252.487 252.4827 252.4775 252.4729 252.4684 252.464 252.4566 252.4524 252.4454 252.4386 252.4189 252.3993 252.3796 252.36 252.3403 252.3207 252.301 252.2814
252.0324 252.0086 251.9856 251.9633 251.9436 251.9277 251.911 251.1771 251.0881 251.045 251.0149 251.1187 251.1703 251.8776 251.8897 251.9016 251.9125 251.9228 251.9335 251.942 251.9501 251.9578 251.9819 252.0893 252.2081 252.3213 252.4342 252.4807 252.4852 252.488 252.4916 252.4932 252.4937 252.4965 252.4963 252.4977 252.4954 252.4942 252.4932 252.4926 252.4908 252.4868 252.4852 252.4816 252.4791 252.4748 252.4696 252.4666 252.4601 252.4571 252.4531 252.4454 252.44 252.4345 252.4241 252.4044 252.3848 252.3651 252.3455 252.3258 252.3062 252.2865 252.2669
252.0451 252.0221 251.999 251.9778 251.9592 251.9424 251.9243 251.9048 251.1776 251.0584 251.0299 251.0133 251.0556 251.1948 251.8723 251.8843 251.895 251.9063 251.9153 251.9237 251.931 251.9381 251.9462 251.9572 252.0742 252.1831 252.3005 252.412 252.4702 252.4735 252.4763 252.4793 252.4804 252.4818 252.4833 252.4833 252.483 252.482 252.4812 252.4801 252.4771 252.4738 252.4733 252.4692 252.4658 252.4638 252.4587 252.4554 252.4494 252.4459 252.4412 252.4348 252.4283 252.4237 252.4096 252.3899 252.3703 252.3506 252.331 252.3113 252.2917 252.272 252.2524
252.0586 252.0356 252.0133 251.9921 251.9733 251.9555 251.9358 251.914 251.8909 251.146 250.9871 250.9625 250.9798 251.0788 251.8572 251.868 251.8792 251.8886 251.8973 251.9048 251.9117 251.918 251.9257 251.9346 251.9441 252.0526 252.1618 252.2792 252.3925 252.459 252.4625 252.4655 252.4672 252.4683 252.4699 252.4691 252.4691 252.4695 252.4682 252.467 252.4652 252.4626 252.461 252.4579 252.4549 252.4516 252.4468 252.4431 252.4386 252.4346 252.4285 252.4241 252.4176 252.4129 252.3951 252.3754 252.3558 252.3361 252.3165 252.2968 252.2772 252.2575 252.2379
252.0952 252.0489 252.0264 252.006 251.9871 251.9668 251.945 251.9225 251.8994 251.805 251.1237 250.9964 250.9489 250.9696 251.1139 251.852 251.8618 251.8708 251.8785 251.8852 251.8907 251.8971 251.9051 251.9138 251.9234 251.9333 252.0283 252.1454 252.2543 252.3663 252.4486 252.4511 252.454 252.4553 252.4571 252.4567 252.4566 252.4564 252.4563 252.4553 252.4518 252.4513 252.4483 252.4467 252.443 252.4387 252.4359 252.4303 252.4281 252.4238 252.4172 252.4127 252.4068 252.4002 252.3806 252.3609 252.3413 252.3216 252.302 252.2823 252.2627 252.243 252.2234
