site316_ft/site316_5x_roughbed_V2/site316_5x_roughbed_V2/sfe316_5x_roughbed_v2.asc
ncols         171
nrows         81
xllcorner     90.612160300411
yllcorner     56.535521390863
cellsize      1
NODATA_value  -9999
[rows 28 to 55 of 81, columns 63 to 125 of 171]
252.2175 252.0985 252.0387 252.0187 251.9979 251.9763 251.954 251.9316 251.9087 251.8878 251.8699 251.1434 251.038 250.9417 250.9562 251.092 251.8444 251.8521 251.8583 251.8635 251.8687 251.8755 251.8838 251.8928 251.9026 251.9125 251.9221 252.0031 252.1124 252.2302 252.3474 252.4379 252.4403 252.4423 252.4429 252.4444 252.4445 252.4444 252.4436 252.4422 252.44 252.4396 252.4364 252.4337 252.4319 252.4278 252.4248 252.4196 252.4165 252.4129 252.4062 252.4005 252.3958 252.3857 252.3661 252.3464 252.3268 252.3071 252.2875 252.2678 252.2482 252.2285 252.2089
252.3502 252.2185 252.0873 252.029 252.0073 251.9856 251.9634 251.9408 251.9192 251.9004 251.8836 251.8667 251.8522 251.0341 250.9812 250.9855 251.0618 251.8323 251.8374 251.8416 251.847 251.854 251.8627 251.872 251.8821 251.8915 251.901 251.9109 251.9791 252.0944 252.2091 252.3254 252.4275 252.4293 252.4305 252.4312 252.4316 252.4319 252.4315 252.4303 252.4287 252.4276 252.4252 252.4228 252.4205 252.4162 252.4133 252.4089 252.4053 252.4004 252.3956 252.3897 252.3851 252.3712 252.3516 252.3319 252.3123 252.2926 252.273 252.2533 252.2337 252.214 252.1944
252.4704 252.3425 252.2093 252.0761 252.0173 251.9953 251.9729 251.951 251.931 251.9127 251.8951 251.8781 251.862 251.8448 251.0574 250.9187 250.9663 251.0402 251.382 251.819 251.8243 251.8325 251.8413 251.8517 251.8609 251.87 251.8798 251.8884 251.8985 251.9544 252.0743 252.1796 252.2946 252.4063 252.4181 252.4191 252.4197 252.42 252.4198 252.4174 252.4174 252.415 252.4139 252.4112 252.4078 252.4052 252.4005 252.3983 252.3945 252.3887 252.385 252.3789 252.3743 252.3567 252.3371 252.3174 252.2978 252.2781 252.2585 252.2388 252.2192 252.1995 252.1799
252.5802 252.4643 252.3309 252.1978 252.0648 252.0051 251.9831 251.962 251.9421 251.9236 251.9063 251.8894 251.8716 251.8533 251.8347 251.0135 250.9158 250.937 250.968 251.027 251.7672 251.8106 251.8213 251.8305 251.8393 251.8487 251.857 251.8659 251.8762 251.8868 251.9284 252.0434 252.1537 252.2654 252.3783 252.407 252.4077 252.4077 252.4073 252.4061 252.4059 252.4036 252.4016 252.4001 252.3969 252.3941 252.3898 252.387 252.3836 252.3777 252.3729 252.368 252.3619 252.3422 252.3226 252.3029 252.2833 252.2636 252.244 252.2243 252.2047 252.185 252.1654
252.5835 252.5689 252.4527 252.3196 252.1841 252.0529 251.9934 251.9726 251.9525 251.9345 251.9166 251.8985 251.8798 251.8609 251.8409 251.1447 250.948 250.9079 250.956 250.9757 250.9881 251.5462 251.8002 251.8087 251.8176 251.8256 251.8335 251.8432 251.8526 251.8636 251.8743 251.9009 252.0108 252.1265 252.2348 252.344 252.3956 252.3959 252.3954 252.3949 252.3941 252.3924 252.3907 252.3891 252.3855 252.3831 252.3791 252.376 252.3723 252.3671 252.3618 252.3572 252.3474 252.3277 252.3081 252.2884 252.2688 252.2491 252.2295 252.2098 252.1902 252.1705 252.1509
252.5856 252.5713 252.557 252.4352 252.3041 252.1655 252.0274 251.9821 251.9627 251.9439 251.9253 251.9063 251.887 251.8667 251.845 251.8219 250.9835 250.938 250.9117 250.9312 250.9508 251.0076 251.1405 251.7863 251.7946 251.8022 251.8102 251.8197 251.829 251.8393 251.8508 251.8623 251.8753 251.9837 252.0921 252.2017 252.3103 252.3842 252.3835 252.3836 252.3821 252.3811 252.3794 252.3768 252.3745 252.3707 252.3684 252.3652 252.3602 252.3564 252.351 252.3464 252.3329 252.3132 252.2936 252.2739 252.2543 252.2346 252.215 252.1953 252.1757 252.156 252.1364
252.588 252.5737 252.5594 252.5453 252.4166 252.2814 252.147 252.0025 251.9711 251.9519 251.9328 251.9133 251.8931 251.8708 251.8477 251.8249 251.1073 250.9839 250.9153 250.913 250.9206 250.9468 251.0068 251.0281 251.7711 251.7782 251.7866 251.7953 251.8044 251.8156 251.8275 251.839 251.8501 251.8607 251.9486 252.06 252.1668 252.2751 252.3725 252.3722 252.3708 252.3696 252.3683 252.3659 252.3636 252.36 252.3575 252.3543 252.3492 252.3456 252.3402 252.3356 252.3184 252.2987 252.2791 252.2594 252.2398 252.2201 252.2005 252.1808 252.1612 252.1415 252.1219
252.5892 252.5753 252.5613 252.5473 252.5323 252.3961 252.2531 252.1209 251.9783 251.9591 251.9397 251.9191 251.8972 251.8747 251.853 251.8304 251.8082 251.0548 250.9646 250.9397 250.9244 250.9435 250.9386 250.9827 250.9997 251.2511 251.7615 251.7699 251.7805 251.7927 251.805 251.817 251.8286 251.8382 251.8475 251.9169 252.0226 252.1249 252.2353 252.3407 252.3596 252.3587 252.3573 252.3548 252.3524 252.3493 252.3468 252.3435 252.3385 252.334 252.3294 252.3235 252.3039 252.2842 252.2646 252.2449 252.2253 252.2056 252.186 252.1663 252.1467 252.127 252.1074
252.5967 252.5827 252.5686 252.5545 252.5405 252.5039 252.3717 252.228 252.0895 251.9661 251.9461 251.9244 251.9037 251.8814 251.8596 251.8379 251.8166 251.795 251.0349 250.9627 250.9267 250.943 250.8996 250.9351 250.9475 250.9615 250.9625 251.7457 251.7578 251.7711 251.7835 251.7957 251.8061 251.8159 251.8256 251.8342 251.8723 251.9845 252.0874 252.1887 252.2923 252.3476 252.3459 252.3438 252.3409 252.3386 252.3358 252.3317 252.3279 252.3232 252.3186 252.309 252.2894 252.2697 252.2501 252.2304 252.2108 252.1911 252.1715 252.1518 252.1322 252.1125 252.0929
252.6102 252.5962 252.5821 252.5681 252.5525 252.5296 252.4777 252.3384 252.2001 252.0607 251.9533 251.9324 251.911 251.8891 251.8677 251.8464 251.825 251.8034 251.6207 250.9727 250.941 250.9339 250.9029 250.918 250.9353 250.9564 250.9543 250.9695 251.7371 251.75 251.7629 251.7741 251.7844 251.7947 251.8036 251.8124 251.8209 251.8333 251.9364 252.0411 252.1429 252.2444 252.3351 252.3329 252.3302 252.3282 252.325 252.3207 252.3173 252.3124 252.3078 252.2945 252.2749 252.2552 252.2356 252.2159 252.1963 252.1766 252.157 252.1373 252.1177 252.098 252.0784
252.6238 252.6097 252.5956 252.5816 252.5625 252.5395 252.5166 252.451 252.3118 252.1716 252.029 251.9403 251.9191 251.8976 251.8762 251.8549 251.8333 251.811 251.7872 251.0162 250.9425 250.9147 250.9411 250.9105 250.8947 250.907 250.9276 250.9442 250.9356 251.7301 251.7421 251.7529 251.7637 251.7732 251.7822 251.7912 251.7994 251.8071 251.8142 251.8882 251.9935 252.095 252.1936 252.2887 252.3194 252.3173 252.3141 252.31 252.3061 252.3016 252.297 252.28 252.2604 252.2407 252.2211 252.2014 252.1818 252.1621 252.1425 252.1228 252.1031 252.0835 252.0639
252.6373 252.6232 252.6091 252.5954 252.5724 252.5495 252.5272 252.504 252.4188 252.2796 252.1341 251.9957 251.9275 251.9058 251.8848 251.8632 251.8401 251.8171 251.7939 251.7701 250.9729 250.9627 250.9064 250.8972 250.8912 250.8704 250.8885 250.949 250.925 250.9373 251.7211 251.7324 251.7426 251.7519 251.7615 251.7702 251.7788 251.7867 251.7935 251.7998 251.8434 251.9364 252.0369 252.1358 252.2303 252.3065 252.3033 252.2993 252.2953 252.2908 252.2852 252.2655 252.2459 252.2262 252.2066 252.1869 252.1673 252.1476 252.128 252.1083 252.0887 252.069 252.0493
252.6508 252.6367 252.6227 252.6053 252.5824 252.5594 252.5376 252.5144 252.491 252.3847 252.2462 252.1027 251.9617 251.9146 251.8927 251.8704 251.8474 251.8248 251.8004 251.7763 251.0348 250.927 250.9232 250.9104 250.8882 250.8692 250.8858 250.8375 250.8667 250.8882 250.9245 251.7116 251.7217 251.7318 251.741 251.7505 251.7592 251.7666 251.7741 251.7801 251.7854 251.7891 251.8797 251.9799 252.0741 252.1683 252.2594 252.2887 252.2845 252.28 252.2707 252.251 252.2314 252.2117 252.1921 252.1724 252.1528 252.1331 252.1134 252.0938 252.0742 252.0545 252.0349
252.6643 252.6503 252.6365 252.6152 252.5923 252.5712 252.548 252.5256 252.502 252.4782 252.3553 252.2123 252.0682 251.9226 251.9006 251.8781 251.8552 251.832 251.8076 251.7829 251.7569 250.9588 250.9569 250.8989 250.9205 250.9186 250.8966 250.8887 250.8832 250.8931 250.875 250.8725 251.7021 251.7119 251.7222 251.7318 251.7397 251.7483 251.7548 251.7614 251.767 251.7713 251.7746 251.8239 251.918 252.0106 252.1007 252.1897 252.2741 252.2692 252.2562 252.2365 252.2169 252.1972 252.1776 252.1579 252.1383 252.1186 252.099 252.0793 252.0596 252.04 252.0204
252.6778 252.6638 252.6481 252.6252 252.6022 252.5816 252.5584 252.5362 252.5131 252.489 252.4629 252.3188 252.1732 252.0274 251.9094 251.8866 251.8632 251.8402 251.8148 251.7892 251.7647 251.5341 250.9563 250.9189 250.8972 250.862 250.8681 250.86 250.8547 250.8355 250.8533 250.8513 251.0638 251.694 251.7043 251.7136 251.7226 251.7304 251.7373 251.7443 251.7497 251.7538 251.7567 251.759 251.7618 251.8553 251.9404 252.0289 252.1154 252.1954 252.2509 252.2319 252.2129 252.1938 252.1742 252.154 252.1338 252.1139 252.0944 252.0749 252.0553 252.0358 252.0155
252.6913 252.6773 252.6581 252.6351 252.6152 252.592 252.5709 252.5478 252.5242 252.5001 252.4755 252.4238 252.2779 252.1322 251.9886 251.8951 251.8721 251.8478 251.8228 251.7987 251.7754 251.7515 251.4539 250.9185 250.8703 250.892 250.9033 250.8973 250.8525 250.8038 250.8342 250.8083 250.7997 251.2895 251.6874 251.6973 251.7065 251.7137 251.7216 251.7281 251.733 251.7361 251.7389 251.741 251.7429 251.7443 251.7809 251.8676 251.9497 252.0324 252.1147 252.1869 252.2255 252.2049 252.1846 252.1638 252.142 252.1205 252.0995 252.0784 252.0576 252.0367 252.0158
252.7049 252.6909 252.668 252.6451 252.6256 252.6024 252.5815 252.559 252.5351 252.511 252.4869 252.4617 252.3822 252.2386 252.0931 251.9472 251.881 251.857 251.8326 251.8095 251.7854 251.7631 251.7431 251.6465 250.9508 250.9085 250.8658 250.8174 250.8239 250.814 250.8165 250.8436 250.8448 250.8152 251.6723 251.6827 251.6913 251.699 251.7065 251.7115 251.7151 251.7183 251.7209 251.7233 251.7252 251.7267 251.7272 251.7273 251.7917 251.867 251.9473 252.0191 252.0905 252.161 252.1992 252.1773 252.1553 252.1334 252.109 252.0842 252.0593 252.0344 252.0095
252.7184 252.7009 252.6779 252.6591 252.636 252.616 252.5923 252.5701 252.5468 252.5231 252.4984 252.4731 252.4466 252.3436 252.1977 252.0519 251.9025 251.8669 251.8434 251.8194 251.7964 251.7754 251.7552 251.7335 251.569 250.9122 250.8799 250.8206 250.8314 250.8238 250.7794 250.7871 250.795 250.7875 250.7995 251.6686 251.6769 251.6848 251.6899 251.6942 251.6977 251.7009 251.7037 251.7055 251.7079 251.7089 251.7109 251.7108 251.7093 251.7078 251.7801 251.8519 251.9228 251.989 252.0509 252.1031 252.1505 252.1448 252.1182 252.0916 252.0638 252.0345 252.005
252.7335 252.7108 252.6879 252.6696 252.6464 252.6267 252.605 252.5812 252.5577 252.5344 252.5101 252.4841 252.4589 252.4327 252.3024 252.1534 252.0101 251.8771 251.8533 251.8298 251.8077 251.7867 251.7647 251.7432 251.7229 251.3559 250.8929 250.8213 250.8291 250.7702 250.7784 250.8059 250.744 250.7513 250.7709 251.6551 251.6627 251.6682 251.6734 251.6773 251.6808 251.6835 251.6858 251.6888 251.6906 251.6938 251.6939 251.6941 251.6928 251.6907 251.6877 251.6844 251.7554 251.8154 251.8749 251.9283 251.9736 252.0059 252.0264 252.0293 252.0047 251.9667 251.9137
252.7437 252.7208 252.7015 252.68 252.6597 252.6373 252.6161 252.5934 252.5706 252.5464 252.5217 252.4959 252.4714 252.4448 252.4038 252.2595 252.1152 251.962 251.8631 251.84 251.818 251.7957 251.7745 251.7533 251.7329 251.7126 251.4753 250.8673 250.8435 250.7832 250.7668 250.7746 250.7311 250.7325 250.766 250.7465 251.6465 251.6519 251.6563 251.66 251.6633 251.6661 251.6697 251.6724 251.6761 251.6772 251.679 251.6777 251.677 251.6746 251.6712 251.6675 251.6626 251.6568 251.7036 251.7522 251.7965 251.8278 251.8453 251.8472 251.8285 251.7927 251.7434
252.7537 252.7307 252.7136 252.6904 252.6719 252.6509 252.6274 252.6044 252.5819 252.5585 252.5328 252.5093 252.4841 252.4569 252.4307 252.3656 252.2129 252.0683 251.9262 251.8493 251.8266 251.8055 251.7836 251.7631 251.7424 251.7225 251.7031 251.6647 250.8475 250.8165 250.8142 250.7511 250.7442 250.7673 250.7221 250.764 250.7241 251.6352 251.6393 251.6431 251.6465 251.6507 251.6541 251.6583 251.6608 251.6629 251.6628 251.6624 251.6603 251.6577 251.6546 251.6504 251.6459 251.6403 251.6328 251.6235 251.6169 251.6471 251.6635 251.6669 251.6523 251.6201 251.573
252.7636 252.7439 252.724 252.7034 252.6825 252.662 252.6399 252.6182 252.5944 252.5701 252.5451 252.5217 252.4962 252.4697 252.4439 252.4154 252.3172 252.1745 252.0239 251.8765 251.8358 251.814 251.7929 251.772 251.7516 251.7314 251.713 251.6954 251.6785 250.8283 250.8362 250.7585 250.7411 250.7303 250.6789 250.6602 250.7066 250.7281 251.5851 251.6268 251.6318 251.6359 251.6405 251.6443 251.6461 251.647 251.6469 251.6465 251.6445 251.6414 251.6385 251.6339 251.6286 251.6238 251.6166 251.6069 251.5951 251.5813 251.5635 251.543 251.519 251.4931 251.4698
252.7735 252.7576 252.7344 252.7171 252.6969 252.6735 252.6511 252.6295 252.6069 252.5815 252.5597 252.5355 252.5083 252.484 252.4565 252.429 252.4007 252.275 252.1271 251.9825 251.8443 251.8227 251.8012 251.7807 251.7598 251.7409 251.7228 251.705 251.6891 251.6745 251.6614 250.7927 250.7683 250.7439 250.6893 250.6687 250.6514 250.6538 250.7011 251.6125 251.6176 251.6227 251.6273 251.6292 251.6319 251.6314 251.6318 251.63 251.6278 251.6251 251.6215 251.6178 251.6147 251.6087 251.6007 251.5907 251.5786 251.5649 251.5487 251.5286 251.5074 251.4826 251.4621
252.7863 252.768 252.7471 252.7277 252.708 252.6857 252.6657 252.6424 252.6184 252.5943 252.5722 252.5476 252.5219 252.4976 252.4698 252.4434 252.4144 252.3781 252.234 252.0871 251.9403 251.8302 251.8097 251.7886 251.7688 251.7503 251.7316 251.7152 251.6985 251.6843 251.6711 251.6575 251.1936 250.6904 250.6709 250.6749 250.6337 250.6317 250.6694 250.645 251.6049 251.6096 251.6124 251.6151 251.6161 251.6167 251.616 251.6144 251.612 251.6094 251.6063 251.6022 251.5982 251.5923 251.5845 251.5749 251.5633 251.5488 251.5346 251.5149 251.4959 251.4721 251.4526
252.8016 252.7784 252.7623 252.7428 252.7196 252.6978 252.677 252.6553 252.6302 252.6102 252.5869 252.5597 252.5372 252.5102 252.4838 252.4571 252.4289 252.3998 252.3373 252.1894 252.0421 251.8942 251.8174 251.7968 251.7777 251.758 251.7413 251.7225 251.7081 251.6934 251.68 251.6654 251.6503 251.3895 250.6805 250.6374 250.6135 250.6288 250.583 250.6346 250.6525 251.5955 251.5983 251.6002 251.601 251.6013 251.5999 251.5979 251.5959 251.5926 251.5895 251.5882 251.5835 251.577 251.5682 251.5582 251.5476 251.5345 251.5197 251.5024 251.4846 251.4616 251.443
252.812 252.7908 252.7729 252.7539 252.7315 252.7133 252.6905 252.6668 252.6436 252.6226 252.599 252.5741 252.5513 252.5241 252.4998 252.471 252.444 252.4153 252.3847 252.2956 252.144 251.9998 251.8468 251.8051 251.7847 251.7672 251.7479 251.7326 251.7165 251.7025 251.6877 251.6722 251.6564 251.6405 251.3531 250.667 250.6361 250.6162 250.5817 250.587 250.6022 250.9067 251.5842 251.5852 251.5863 251.5855 251.5843 251.5823 251.5802 251.5786 251.5758 251.5725 251.5682 251.561 251.5527 251.5428 251.5322 251.5185 251.505 251.4899 251.4731 251.4511 251.4333
252.8224 252.8076 252.7874 252.7658 252.7445 252.7246 252.7036 252.6788 252.6606 252.6383 252.6111 252.5905 252.5639 252.5385 252.5135 252.4861 252.4583 252.4303 252.4004 252.3691 252.2496 252.1012 251.9582 251.8113 251.793 251.7735 251.7572 251.74 251.725 251.7099 251.6941 251.6782 251.6622 251.6463 251.6305 251.616 250.6889 250.6474 250.5887 250.5389 250.5095 250.5249 250.5879 251.5708 251.5708 251.5698 251.568 251.5666 251.565 251.5629 251.5617 251.5579 251.5523 251.5453 251.537 251.5272 251.5169 251.5036 251.492 251.4774 251.4616 251.4406 251.4237
252.8345 252.8181 252.7999 252.7774 252.7597 252.7385 252.7152 252.6928 252.673 252.6504 252.6263 252.605 252.5785 252.5562 252.5278 252.5024 252.476 252.4453 252.4158 252.3859 252.3544 252.2084 252.0607 251.9172 251.7992 251.7815 251.763 251.7475 251.732 251.716 251.6999 251.6839 251.6679 251.652 251.6369 251.6236 251.6111 251.6001 250.6513 250.6038 250.5346 250.5564 250.5373 250.544 251.5553 251.5542 251.5529 251.5513 251.5505 251.5494 251.5469 251.5431 251.5371 251.5295 251.5212 251.5127 251.5012 251.4904 251.479 251.465 251.4504 251.4301 251.4141
