site316_ft/site316_5x_roughbed_V2/site316_5x_roughbed_V2/sfe316_5x_roughbed_v2.asc
ncols         171
nrows         81
xllcorner     90.612160300411
yllcorner     56.535521390863
cellsize      1
NODATA_value  -9999
[rows 0 to 27 of 81, columns 0 to 62 of 171]
-9999 -9999 -9999 -9999 -9999 -9999 -9999 -9999 -9999 253.7861 253.7731 253.763 253.7523 253.7409 253.7303 253.7188 253.7078 253.6958 253.6841 253.6734 253.6613 253.6487 253.6366 253.6243 253.611 253.5982 253.5842 253.5699 253.5556 253.5412 253.5252 253.5078 253.4902 253.4726 253.4491 253.4266 253.3972 253.3701 253.3379 253.2984 253.2585 253.2082 253.1507 253.088 253.0342 252.9845 252.9772 252.9694 252.9619 252.9953 253.0213 253.0665 253.0974 253.1326 253.155 253.1767 253.1897 253.1972 253.2041 253.2047 253.2108 253.2086 253.2073
-9999 -9999 -9999 -9999 -9999 -9999 -9999 -9999 -9999 253.7531 253.7303 253.7161 253.7038 253.6894 253.6794 253.6628 253.6495 253.6369 253.6177 253.6073 253.5891 253.5707 253.5572 253.5383 253.5223 253.5008 253.4785 253.4591 253.4343 253.4049 253.3761 253.3458 253.3073 253.2709 253.2246 253.1678 253.1124 253.0428 252.9549 252.8692 252.8291 252.7899 252.7549 252.726 252.7037 252.6827 252.6734 252.6663 252.6595 252.6634 252.6756 252.6882 252.7076 252.73 252.7609 252.8128 252.8755 252.9297 252.971 253.0004 253.0273 253.0422 253.06
-9999 -9999 -9999 -9999 -9999 -9999 -9999 -9999 -9999 253.72 253.6863 253.6696 253.6592 253.6411 253.6279 253.6068 253.5948 253.5767 253.5602 253.5413 253.5231 253.4998 253.4796 253.4558 253.4315 253.4062 253.3788 253.3456 253.3145 253.2753 253.2357 253.1893 253.1413 253.0748 253.0091 252.9283 252.8667 252.8053 252.7491 252.7009 252.6564 252.6148 252.579 252.5501 252.5273 252.5075 252.498 252.4907 252.4837 252.4874 252.4958 252.5103 252.5308 252.5551 252.5856 252.6188 252.6595 252.7056 252.7471 252.8032 252.8519 252.8902 252.9187
-9999 -9999 -9999 -9999 -9999 -9999 -9999 -9999 253.7235 253.687 253.6492 253.6309 253.6123 253.597 253.5765 253.5616 253.5407 253.523 253.4975 253.4749 253.4588 253.4302 253.4038 253.378 253.3458 253.315 253.2827 253.2436 253.2012 253.1541 253.1001 253.0392 252.9729 252.9031 252.8318 252.7617 252.6999 252.6384 252.579 252.5287 252.4827 252.4403 252.4035 252.3745 252.3486 252.3306 252.3226 252.3151 252.3079 252.3114 252.3174 252.3327 252.353 252.3783 252.4102 252.4463 252.4886 252.5326 252.5837 252.6329 252.6926 252.7403 252.7863
-9999 -9999 -9999 -9999 -9999 -9999 -9999 -9999 253.6908 253.6539 253.6157 253.5883 253.5654 253.5504 253.525 253.5137 253.4847 253.4647 253.4452 253.413 253.3925 253.3623 253.3306 253.3024 253.2668 253.2308 253.1879 253.1434 253.0923 253.0355 252.9708 252.9068 252.8223 252.7445 252.6685 252.5977 252.5312 252.4697 252.4093 252.3565 252.3304 252.3179 252.3067 252.2962 252.2864 252.2769 252.2684 252.2608 252.254 252.2484 252.2431 252.2383 252.2345 252.2315 252.2344 252.2733 252.3128 252.3607 252.4103 252.467 252.5235 252.5865 252.6516
-9999 -9999 -9999 -9999 -9999 -9999 -9999 -9999 253.6575 253.6208 253.5826 253.5452 253.5232 253.5085 253.4854 253.4635 253.4364 253.415 253.3864 253.3619 253.3321 253.3003 253.2643 253.2274 253.1892 253.1493 253.0978 253.047 252.9893 252.9237 252.8331 252.7439 252.6631 252.5841 252.5063 252.4348 252.3648 252.3486 252.3344 252.3207 252.3089 252.2966 252.2852 252.2743 252.264 252.2542 252.245 252.2375 252.2309 252.2253 252.2197 252.2141 252.2095 252.206 252.2043 252.203 252.2023 252.2032 252.2411 252.2957 252.3564 252.4175 252.4896
-9999 -9999 -9999 -9999 -9999 -9999 -9999 253.66 253.6246 253.5878 253.5495 253.5122 253.4889 253.4615 253.4416 253.412 253.3929 253.3626 253.3382 253.301 253.2657 253.2392 253.1991 253.1589 253.1151 253.0671 253.0148 252.958 252.8664 252.7723 252.6788 252.5886 252.5053 252.4225 252.3753 252.359 252.3429 252.3276 252.3128 252.2991 252.2873 252.2753 252.2638 252.2523 252.2415 252.2311 252.2217 252.2141 252.2078 252.202 252.1962 252.1899 252.1845 252.1806 252.1787 252.1778 252.1777 252.1783 252.1797 252.1809 252.1938 252.2561 252.3223
-9999 -9999 -9999 -9999 -9999 -9999 -9999 253.6276 253.5917 253.5547 253.5165 253.4787 253.4463 253.4175 253.3987 253.3676 253.347 253.3086 253.2804 253.2527 253.2127 253.1777 253.1354 253.0905 253.0434 252.9912 252.9147 252.8131 252.7141 252.6178 252.5221 252.434 252.39 252.3732 252.3558 252.339 252.3222 252.3064 252.2917 252.2779 252.2655 252.2541 252.2424 252.2306 252.2191 252.2081 252.1984 252.1908 252.1845 252.1787 252.1725 252.1657 252.1595 252.1552 252.1531 252.1523 252.1529 252.1541 252.1555 252.157 252.1587 252.1613 252.1642
-9999 -9999 -9999 -9999 -9999 -9999 -9999 253.5948 253.5588 253.5217 253.4835 253.4453 253.4083 253.3812 253.3577 253.3296 253.2991 253.2671 253.2352 253.1989 253.1626 253.1214 253.0775 253.0287 252.98 252.8743 252.7689 252.6631 252.5653 252.4636 252.4076 252.3899 252.372 252.3546 252.3365 252.3197 252.3022 252.2858 252.2701 252.2566 252.2438 252.2328 252.2208 252.2095 252.1969 252.185 252.1751 252.1674 252.1612 252.1553 252.1487 252.1414 252.1339 252.1293 252.1276 252.1268 252.1281 252.1301 252.131 252.1329 252.1345 252.136 252.1391
-9999 -9999 -9999 -9999 -9999 -9999 253.5968 253.5622 253.5256 253.4886 253.4506 253.4122 253.3752 253.3469 253.3108 253.2863 253.2504 253.2242 253.1846 253.1513 253.1084 253.0625 253.0197 252.9486 252.8373 252.7287 252.6228 252.5197 252.4271 252.4095 252.3911 252.3727 252.3548 252.3369 252.3197 252.3003 252.2824 252.265 252.2491 252.2347 252.2221 252.2111 252.1993 252.1879 252.1753 252.1625 252.0687 252.1353 252.1379 252.1319 252.1248 252.1168 252.1084 252.1037 252.1021 252.1022 252.1039 252.1059 252.1068 252.1075 252.1084 252.11 252.113
-9999 -9999 -9999 -9999 -9999 -9999 253.5641 253.5291 253.4924 253.4555 253.4175 253.379 253.342 253.3043 253.2734 253.247 253.2119 253.1804 253.1393 253.1006 253.0601 253.0124 252.9194 252.806 252.6974 252.5873 252.477 252.4302 252.4112 252.393 252.3747 252.3565 252.338 252.3194 252.3013 252.2824 252.2636 252.2448 252.228 252.035 251.8873 251.8678 251.8474 251.7891 251.7424 251.7458 251.7812 251.7085 251.7258 251.6894 251.7169 251.6733 251.699 251.6247 251.8405 252.0778 252.0801 252.0817 252.0829 252.0829 252.0832 252.0836 252.0872
-9999 -9999 -9999 -9999 -9999 -9999 253.5318 253.4957 253.4592 253.4225 253.3845 253.3459 253.3081 253.2713 253.2392 253.207 253.1739 253.1347 253.0978 253.0554 253.0119 252.8937 252.7791 252.6656 252.5541 252.4533 252.4332 252.4138 252.3946 252.3765 252.3593 252.3397 252.3213 252.3027 252.2838 252.266 252.2447 251.9219 251.8651 251.8439 251.7929 251.8308 251.8039 251.7471 251.7633 251.751 251.7272 251.7131 251.7299 251.6937 251.6781 251.6222 251.6171 251.5956 251.6447 251.5897 251.7031 252.0569 252.0574 252.0573 252.0563 252.0568 252.0602
-9999 -9999 -9999 -9999 -9999 253.5336 253.4989 253.4625 253.426 253.3894 253.3515 253.3129 253.2749 253.2382 253.2049 253.1656 253.1332 253.0941 253.0558 252.9921 252.8766 252.7587 252.6405 252.5269 252.458 252.4378 252.4173 252.3969 252.3782 252.3605 252.3427 252.3244 252.3054 252.2863 252.2673 251.9186 251.9204 251.9229 251.8665 251.8598 251.7918 251.8034 251.8113 251.7914 251.7538 251.7299 251.7182 251.7221 251.709 251.7057 251.661 251.633 251.6025 251.6139 251.6116 251.5589 251.5295 251.5568 251.5598 251.8287 252.0289 252.0304 252.034
-9999 -9999 -9999 -9999 -9999 253.5007 253.4663 253.4297 253.3928 253.3563 253.3185 253.2799 253.2418 253.2051 253.1674 253.1314 253.0954 253.0561 252.977 252.8606 252.7397 252.6211 252.5043 252.4644 252.4431 252.4223 252.4016 252.3804 252.3613 252.3428 252.3259 252.3088 252.2895 252.0259 251.9746 251.8687 251.8716 251.8625 251.8583 251.8537 251.7998 251.8149 251.8173 251.8252 251.7943 251.7498 251.7771 251.759 251.7029 251.7359 251.6902 251.638 251.6366 251.6273 251.5583 251.5231 251.5231 251.4913 251.5093 251.4431 251.511 251.5127 252.0077
-9999 -9999 -9999 -9999 -9999 253.4683 253.4336 253.3969 253.3598 253.3233 253.2854 253.2469 253.2086 253.1713 253.1343 253.0972 253.0574 252.9687 252.8483 252.7276 252.6072 252.4896 252.4709 252.451 252.4301 252.408 252.3867 252.3647 252.3438 252.3256 252.3091 252.2924 251.963 251.9372 251.9231 251.884 251.8821 251.8497 251.8811 251.8629 251.8537 251.8546 251.8307 252.1901 252.1835 252.1749 252.1644 252.1543 252.1454 252.1338 252.117 252.0998 251.6553 251.6377 251.5544 251.5573 251.5135 251.4895 251.4586 251.4111 251.3994 251.4267 251.4545
-9999 -9999 -9999 -9999 253.4703 253.4359 253.4007 253.364 253.3267 253.2902 253.2524 253.214 253.1755 253.1375 253.1012 253.0629 252.9575 252.8368 252.7144 252.5938 252.497 252.4771 252.4575 252.4387 252.4177 252.3958 252.3729 252.3507 252.3278 252.2737 252.0465 251.9737 251.9254 251.8926 251.9377 251.9046 251.9058 251.8714 251.8721 251.9195 252.0397 252.218 252.2167 252.2143 252.2083 252.1991 252.1885 252.1771 252.1672 252.1551 252.1382 252.1195 252.1027 252.088 252.0746 252.0595 251.5575 251.5417 251.4797 251.4359 251.3653 251.353 251.3661
-9999 -9999 -9999 -9999 253.4375 253.403 253.3673 253.3312 253.2936 253.2571 253.2193 253.181 253.1423 253.1045 253.0691 252.9524 252.8299 252.7052 252.5871 252.5038 252.483 252.4628 252.4435 252.4255 252.4064 252.3845 252.3615 252.3378 252.0225 252.0236 252.0009 251.9244 251.9043 251.9571 251.932 251.9157 251.9564 252.2487 252.2503 252.2475 252.2454 252.2441 252.2416 252.2385 252.233 252.2233 252.2127 252.2004 252.1894 252.1764 252.159 252.1408 252.1237 252.1088 252.0938 252.0776 252.0586 252.0366 251.5213 251.4697 251.4331 251.3662 251.333
-9999 -9999 -9999 -9999 253.4048 253.3703 253.3339 253.2983 253.2605 253.2241 253.1863 253.148 253.1093 253.0646 252.9482 252.8201 252.6994 252.5808 252.5113 252.4897 252.4688 252.4481 252.4286 252.4103 252.3934 252.3742 252.352 252.1084 252.0123 251.9561 251.9556 251.9772 251.9362 251.9646 251.9987 252.2774 252.2787 252.279 252.2779 252.2751 252.2725 252.2696 252.2669 252.2633 252.2578 252.2479 252.2368 252.2239 252.2116 252.1976 252.18 252.162 252.1447 252.1288 252.1128 252.0951 252.0747 252.0516 252.0277 251.5309 251.4766 251.3774 251.3385
-9999 -9999 -9999 253.4072 253.3725 253.3378 253.3005 253.2652 253.2275 253.191 253.1533 253.115 253.059 252.9368 252.8161 252.6933 252.5617 252.5183 252.4974 252.4765 252.4549 252.4338 252.4142 252.3959 252.3787 252.3612 252.3431 252.0092 252.0096 251.9966 251.9417 251.9506 251.9701 252.2488 252.2996 252.3026 252.3046 252.3051 252.3051 252.3025 252.3 252.2973 252.294 252.2886 252.2819 252.2728 252.2612 252.2473 252.2339 252.2188 252.2011 252.1829 252.1646 252.1478 252.131 252.1121 252.0905 252.0671 252.0445 252.0235 252.0041 251.4558 251.3716
-9999 -9999 -9999 253.3742 253.3401 253.3051 253.2677 253.232 253.1944 253.1579 253.1203 253.0529 252.9309 252.8041 252.6857 252.5677 252.5266 252.5061 252.4842 252.4632 252.4418 252.4198 252.3988 252.3803 252.3634 252.1287 252.0347 251.9992 251.969 251.973 251.9951 252.0156 252.3082 252.3166 252.3233 252.3279 252.33 252.3312 252.3313 252.33 252.3276 252.3246 252.3206 252.3146 252.3076 252.2975 252.2856 252.2709 252.2561 252.2401 252.2222 252.2036 252.1848 252.1667 252.1481 252.1282 252.1061 252.0835 252.0618 252.0414 252.0213 252.0011 251.9813
-9999 -9999 -9999 253.3414 253.3072 253.2723 253.2348 253.1988 253.1613 253.1249 253.0465 252.9252 252.8024 252.6797 252.5524 252.5343 252.5144 252.4942 252.4731 252.4503 252.4289 252.407 252.3847 252.1642 252.1084 252.028 252.0366 251.9944 252.0126 252.0656 252.1155 252.3253 252.3305 252.3391 252.3466 252.3521 252.3553 252.3572 252.3577 252.357 252.3554 252.352 252.3483 252.3451 252.3726 252.3896 252.3989 252.3922 252.3761 252.3427 252.3018 252.251 252.2044 252.1852 252.1654 252.1444 252.1224 252.1006 252.0791 252.0586 252.0375 252.0175 251.9965
-9999 -9999 253.3445 253.309 253.2743 253.2389 253.202 253.1656 253.1283 253.0407 252.9184 252.7921 252.6743 252.5619 252.5422 252.5222 252.5027 252.4824 252.4617 252.4401 252.4167 252.3946 252.1126 252.0964 252.0766 251.9832 252.001 252.105 252.3109 252.3483 252.3502 252.3523 252.3567 252.3628 252.37 252.3763 252.3809 252.3826 252.3837 252.3837 252.3818 252.4318 252.4816 252.5219 252.5502 252.5684 252.5759 252.5679 252.5504 252.5176 252.4749 252.4202 252.3575 252.2862 252.2064 252.1612 252.1393 252.1177 252.0967 252.0755 252.0545 252.0332 252.0125
-9999 -9999 253.311 253.2766 253.2418 253.2055 253.1692 253.1324 253.0272 252.9134 252.7863 252.6675 252.5691 252.5501 252.5305 252.5106 252.4908 252.471 252.4504 252.4293 252.4069 252.2168 252.1122 252.035 252.0471 252.0332 252.0434 252.2884 252.3647 252.3727 252.3761 252.3793 252.3834 252.3887 252.3954 252.401 252.4055 252.4082 252.4096 252.479 252.5472 252.6046 252.6535 252.6969 252.7267 252.7466 252.7538 252.7435 252.7246 252.6938 252.6462 252.5865 252.5217 252.4471 252.3663 252.2789 252.1866 252.1346 252.1131 252.0911 252.0696 252.0488 252.0281
-9999 -9999 253.2781 253.2442 253.2092 253.1721 253.1379 253.0182 252.8947 252.7781 252.6625 252.5767 252.5577 252.5388 252.5191 252.4991 252.4789 252.4593 252.4393 252.4184 252.2044 252.1549 252.0738 252.0451 252.0502 252.1042 252.1511 252.3721 252.3846 252.3945 252.4016 252.4053 252.4095 252.4153 252.421 252.4265 252.4307 252.4948 252.5744 252.6443 252.7129 252.7729 252.8277 252.8707 252.8711 252.853 252.8348 252.8166 252.7984 252.7793 252.7603 252.7412 252.6848 252.6061 252.5208 252.4309 252.3368 252.2354 252.1328 252.1068 252.0847 252.0633 252.042
-9999 253.2817 253.2455 253.2113 253.1765 253.123 253.0069 252.8831 252.7692 252.642 252.5847 252.5661 252.5472 252.5277 252.5086 252.4883 252.4677 252.4472 252.4279 252.2576 252.1636 252.1215 252.0865 252.0826 252.0772 252.1308 252.3818 252.3924 252.4042 252.4159 252.4243 252.4298 252.4352 252.4407 252.4473 252.4859 252.5705 252.6549 252.7349 252.8094 252.8781 252.9204 252.9036 252.8868 252.8699 252.8531 252.8363 252.8194 252.8015 252.7835 252.7656 252.7478 252.7299 252.712 252.6774 252.5826 252.4862 252.3815 252.2762 252.1682 252.0994 252.0774 252.0555
-9999 253.2477 253.2131 253.1784 253.1146 252.9908 252.8734 252.7525 252.634 252.5926 252.5749 252.5567 252.5379 252.5182 252.498 252.4782 252.4574 252.4363 252.2351 252.1621 252.1404 252.0749 252.1132 252.1472 252.3624 252.3957 252.4048 252.4153 252.4254 252.4363 252.4468 252.4541 252.4601 252.4664 252.5486 252.6402 252.7295 252.8153 252.8957 252.9492 252.9331 252.9169 252.9008 252.8846 252.868 252.8512 252.8344 252.8179 252.8014 252.7847 252.7677 252.7507 252.7337 252.7168 252.6998 252.6828 252.6317 252.5273 252.4176 252.3062 252.1922 252.091 252.0683
-9999 253.2149 253.1808 253.0958 252.9762 252.8631 252.7344 252.6226 252.6003 252.584 252.5664 252.548 252.529 252.5097 252.4894 252.4685 252.4478 252.2599 252.1936 252.1094 252.15 252.1173 252.2089 252.4038 252.412 252.4206 252.4286 252.4383 252.4489 252.4585 252.4684 252.4769 252.5007 252.6007 252.6987 252.7927 252.8858 252.973 252.9602 252.944 252.9279 252.9118 252.8956 252.8795 252.8634 252.8472 252.8311 252.8149 252.7989 252.7828 252.7667 252.7506 252.7346 252.7185 252.7024 252.6864 252.6703 252.6542 252.557 252.4429 252.3273 252.2096 252.0901
253.219 253.1826 253.078 252.9626 252.8414 252.7252 252.6233 252.6079 252.5915 252.5754 252.5589 252.5402 252.5216 252.5022 252.4818 252.4606 252.3866 252.2257 252.1886 252.1089 252.1515 252.2656 252.4169 252.4267 252.435 252.4442 252.4534 252.4623 252.4722 252.4825 252.4916 252.5443 252.646 252.7493 252.8503 252.946 252.9872 252.9718 252.9563 252.9408 252.9253 252.9099 252.8944 252.8789 252.8634 252.8479 252.8325 252.817 252.8015 252.786 252.7706 252.7551 252.7391 252.7231 252.707 252.691 252.6749 252.6589 252.6428 252.5798 252.4623 252.3438 252.2181
