site316_ft/site316_5x_roughbed_V2/site316_5x_roughbed_V2/sfe316_5x_roughbed_v2.asc
ncols         171
nrows         81
xllcorner     90.612160300411
yllcorner     56.535521390863
cellsize      1
NODATA_value  -9999
[rows 28 to 55 of 81, columns 0 to 62 of 171]
253.1733 253.0606 252.939 252.8229 252.7104 252.6307 252.615 252.5986 252.5829 252.5666 252.5505 252.5337 252.5147 252.4953 252.4754 252.4539 252.243 252.1856 252.1719 252.1945 252.2637 252.4269 252.4377 252.4483 252.4581 252.4667 252.4766 252.4863 252.4962 252.5061 252.5816 252.6853 252.7933 252.8964 252.9993 252.9989 252.984 252.9687 252.9534 252.9383 252.9232 252.9081 252.893 252.8779 252.8628 252.8477 252.8326 252.8175 252.8024 252.7872 252.7719 252.7563 252.7406 252.725 252.7093 252.6937 252.678 252.6624 252.6467 252.6311 252.5972 252.4722 252.3474
253.0956 252.9191 252.8079 252.6868 252.6375 252.6221 252.6062 252.5905 252.574 252.558 252.5417 252.5256 252.5085 252.4892 252.4691 252.2635 252.2215 252.1796 252.2553 252.3088 252.4387 252.4476 252.4585 252.4691 252.4796 252.4896 252.499 252.5091 252.5193 252.6086 252.7169 252.8314 252.9357 253.0247 253.0098 252.995 252.9801 252.9653 252.9504 252.9356 252.9207 252.9059 252.891 252.8762 252.8613 252.8465 252.8316 252.8168 252.8019 252.7871 252.7722 252.7573 252.742 252.7267 252.7113 252.696 252.6806 252.6653 252.6499 252.6346 252.6192 252.6004 252.4731
253.1607 252.8636 252.6648 252.6448 252.629 252.6133 252.5977 252.5816 252.5659 252.5491 252.5332 252.5169 252.5006 252.4829 252.3944 252.2464 252.2368 252.2877 252.355 252.4517 252.4599 252.4695 252.4791 252.49 252.5005 252.5108 252.5211 252.5314 252.6217 252.7426 252.8588 252.9707 253.0357 253.0212 253.0067 252.9922 252.9775 252.9627 252.9478 252.933 252.9182 252.9034 252.8885 252.8737 252.8589 252.8441 252.8292 252.8144 252.7996 252.7848 252.7699 252.7551 252.7403 252.7255 252.7106 252.6958 252.681 252.6662 252.6514 252.6365 252.6217 252.6069 252.5922
253.2257 252.9286 252.6691 252.6371 252.6216 252.6054 252.589 252.5732 252.5571 252.5412 252.5245 252.5086 252.492 252.4623 252.2944 252.2469 252.3167 252.46 252.466 252.473 252.4814 252.4903 252.5002 252.5105 252.5216 252.532 252.5421 252.6468 252.7664 252.8755 252.9953 253.0466 253.0322 253.0179 253.0035 252.9891 252.9747 252.96 252.9455 252.9308 252.9162 252.9016 252.887 252.8725 252.858 252.8435 252.829 252.8145 252.8 252.7855 252.771 252.7565 252.7421 252.7276 252.7131 252.6986 252.6841 252.6695 252.6546 252.6397 252.6248 252.6099 252.5951
-9999 252.9937 252.6984 252.6532 252.6147 252.5988 252.5818 252.5648 252.5488 252.5327 252.5165 252.4993 252.3937 252.2861 252.303 252.3155 252.4743 252.4809 252.487 252.4938 252.5018 252.511 252.5206 252.531 252.5419 252.5532 252.6496 252.7776 252.8971 253.0166 253.058 253.0436 253.0293 253.0149 253.0005 252.9862 252.9718 252.9574 252.9431 252.9287 252.9143 252.8999 252.8856 252.8712 252.8568 252.8425 252.8281 252.8137 252.7993 252.785 252.7706 252.7562 252.7419 252.7275 252.7131 252.6987 252.6844 252.67 252.6556 252.6413 252.6269 252.6125 252.598
-9999 253.0587 252.7617 252.6824 252.6372 252.5922 252.576 252.5584 252.541 252.5244 252.5081 252.4271 252.3194 252.3065 252.3896 252.4842 252.4923 252.5002 252.5074 252.5143 252.5222 252.5305 252.5409 252.5513 252.562 252.6535 252.7765 252.9019 253.028 253.0695 253.0553 253.0411 253.027 253.013 252.999 252.9849 252.9709 252.9569 252.9429 252.9289 252.9147 252.9004 252.8861 252.8718 252.8575 252.8432 252.8288 252.8145 252.8002 252.7859 252.7716 252.7573 252.743 252.7287 252.7144 252.7001 252.6858 252.6714 252.6571 252.6428 252.6285 252.6142 252.5999
-9999 253.1238 252.8267 252.7117 252.6665 252.6212 252.5702 252.5533 252.5352 252.5173 252.4406 252.3543 252.3331 252.3583 252.4912 252.5003 252.5096 252.5182 252.5262 252.534 252.5414 252.5506 252.56 252.5709 252.6487 252.7774 252.9043 253.0307 253.0807 253.0667 253.0526 253.0385 253.0244 253.0104 252.9963 252.9822 252.9682 252.9541 252.94 252.926 252.9119 252.8978 252.8838 252.8697 252.8556 252.8416 252.8275 252.8134 252.7993 252.7853 252.7713 252.7572 252.7432 252.7291 252.7151 252.701 252.6868 252.6728 252.6588 252.6447 252.6306 252.6166 252.6023
-9999 253.1888 252.8918 252.7409 252.6957 252.6505 252.6053 252.5484 252.5305 252.448 252.3453 252.329 252.3981 252.4984 252.5074 252.5164 252.5256 252.5347 252.5439 252.5521 252.5605 252.5687 252.5789 252.6397 252.7751 252.8994 253.026 253.0927 253.0787 253.0646 253.0505 253.0365 253.0224 253.0083 252.9942 252.9802 252.9662 252.9523 252.9383 252.9243 252.9104 252.8964 252.8824 252.8685 252.8545 252.8406 252.8266 252.8126 252.7987 252.7847 252.7708 252.7568 252.7428 252.7289 252.7149 252.7009 252.687 252.673 252.659 252.6451 252.6311 252.6171 252.6032
-9999 253.2539 252.9568 252.7702 252.7249 252.6797 252.6345 252.5893 252.5266 252.361 252.3525 252.379 252.5055 252.5143 252.5235 252.5326 252.5416 252.5506 252.5598 252.5692 252.578 252.5871 252.6246 252.7618 252.8906 253.0217 253.1076 253.103 253.089 253.0749 253.0608 253.0468 253.0327 253.0186 253.0046 252.9905 252.9765 252.9624 252.9483 252.9343 252.9202 252.9061 252.8921 252.878 252.8639 252.8499 252.8358 252.8217 252.8077 252.7936 252.7796 252.7655 252.7514 252.7374 252.7233 252.7092 252.6952 252.6811 252.6671 252.653 252.6389 252.6248 252.6108
-9999 -9999 253.0219 252.7994 252.7542 252.709 252.6638 252.6186 252.5733 252.4208 252.4027 252.5161 252.5226 252.5302 252.5391 252.5485 252.5576 252.5667 252.5758 252.5851 252.5945 252.6098 252.7447 252.8786 253.0125 253.1173 253.1159 253.1136 253.1025 253.0884 253.0744 253.0603 253.0462 253.0322 253.0181 253.004 252.99 252.9759 252.9619 252.9478 252.9337 252.9196 252.9056 252.8915 252.8775 252.8634 252.8493 252.8353 252.8212 252.8071 252.7931 252.779 252.765 252.7509 252.7368 252.7227 252.7087 252.6946 252.6806 252.6665 252.6524 252.6384 252.6243
-9999 -9999 253.0869 252.8287 252.7834 252.7382 252.693 252.6478 252.6026 252.446 252.5293 252.5341 252.5403 252.5472 252.5552 252.564 252.5732 252.5827 252.5919 252.6011 252.6105 252.722 252.8593 252.996 253.1275 253.1256 253.124 253.1218 253.116 253.1019 253.0879 253.0738 253.0598 253.0457 253.0316 253.0176 253.0035 252.9894 252.9754 252.9613 252.9472 252.9332 252.9191 252.905 252.891 252.8769 252.8629 252.8488 252.8347 252.8207 252.8066 252.7925 252.7785 252.7644 252.7503 252.7363 252.7222 252.7081 252.6941 252.68 252.666 252.6519 252.6378
-9999 -9999 253.152 252.8579 252.8127 252.7675 252.7223 252.677 252.6318 252.4779 252.5586 252.5521 252.5577 252.5645 252.5715 252.5799 252.5889 252.5979 252.6077 252.617 252.6978 252.8392 252.9732 253.1124 253.1355 253.1339 253.1321 253.1307 253.1278 253.1155 253.1014 253.0873 253.0733 253.0592 253.0451 253.0311 253.017 253.0029 252.9889 252.9748 252.9608 252.9467 252.9326 252.9186 252.9045 252.8904 252.8764 252.8623 252.8482 252.8342 252.8201 252.806 252.792 252.7779 252.7639 252.7498 252.7357 252.7217 252.7076 252.6935 252.6795 252.6654 252.6513
-9999 -9999 253.217 252.92 252.8419 252.7967 252.7515 252.7063 252.6611 252.5098 252.5884 252.5819 252.5753 252.5811 252.5881 252.5957 252.6044 252.6136 252.6229 252.6666 252.8067 252.9489 253.0902 253.1452 253.144 253.1422 253.1407 253.1389 253.136 253.129 253.1149 253.1008 253.0868 253.0727 253.0587 253.0446 253.0305 253.0165 253.0024 252.9883 252.9743 252.9602 252.9461 252.9321 252.918 252.9039 252.8899 252.8758 252.8618 252.8477 252.8336 252.8196 252.8055 252.7914 252.7774 252.7633 252.7492 252.7352 252.7211 252.707 252.693 252.6789 252.6649
-9999 -9999 253.2821 252.985 252.8712 252.826 252.7808 252.7355 252.6903 252.5416 252.6183 252.6117 252.6052 252.5986 252.6039 252.6116 252.6199 252.629 252.6388 252.7782 252.9181 253.0611 253.1543 253.1536 253.1529 253.1506 253.1489 253.147 253.1445 253.1421 253.1284 253.1144 253.1003 253.0862 253.0722 253.0581 253.044 253.03 253.0159 253.0018 252.9878 252.9737 252.9597 252.9456 252.9315 252.9175 252.9034 252.8893 252.8753 252.8612 252.8471 252.8331 252.819 252.8049 252.7909 252.7768 252.7628 252.7487 252.7346 252.7206 252.7065 252.6924 252.6784
-9999 -9999 253.3471 253.0501 252.9004 252.8552 252.81 252.7648 252.7196 252.5735 252.6482 252.6416 252.635 252.6284 252.6219 252.6266 252.6351 252.6441 252.7468 252.889 253.0293 253.1631 253.1628 253.1619 253.1612 253.1591 253.1572 253.1557 253.1537 253.1502 253.142 253.1279 253.1138 253.0997 253.0857 253.0716 253.0576 253.0435 253.0294 253.0154 253.0013 252.9872 252.9732 252.9591 252.9451 252.931 252.9169 252.9028 252.8888 252.8747 252.8607 252.8466 252.8325 252.8185 252.8044 252.7903 252.7763 252.7622 252.7482 252.7341 252.72 252.706 252.6919
-9999 -9999 -9999 253.1151 252.9297 252.8845 252.8392 252.794 252.7488 252.6054 252.6781 252.6715 252.6649 252.6583 252.6517 252.6452 252.6495 252.7153 252.857 252.9992 253.1414 253.1718 253.1712 253.1707 253.1696 253.1688 253.1657 253.164 253.1618 253.1584 253.1555 253.1414 253.1273 253.1133 253.0992 253.0851 253.0711 253.057 253.043 253.0289 253.0148 253.0008 252.9867 252.9726 252.9586 252.9445 252.9304 252.9164 252.9023 252.8882 252.8742 252.8601 252.8461 252.832 252.8179 252.8039 252.7898 252.7757 252.7617 252.7476 252.7335 252.7195 252.7054
-9999 -9999 -9999 253.1802 252.9589 252.9137 252.8685 252.8233 252.7781 252.6373 252.7079 252.7013 252.6948 252.6882 252.6816 252.675 252.6742 252.8156 252.9626 253.1075 253.1804 253.1804 253.1803 253.1793 253.1779 253.1772 253.1742 253.1723 253.1708 253.1685 253.1645 253.1549 253.1409 253.1268 253.1127 253.0987 253.0846 253.0705 253.0565 253.0424 253.0283 253.0143 253.0002 252.9861 252.9721 252.958 252.944 252.9299 252.9158 252.9018 252.8877 252.8736 252.8596 252.8455 252.8314 252.8174 252.8033 252.7892 252.7752 252.7611 252.7471 252.733 252.7189
-9999 -9999 -9999 253.2452 252.9882 252.943 252.8978 252.8525 252.8073 252.6692 252.7378 252.7312 252.7246 252.7181 252.7115 252.7049 252.7408 252.9236 253.0681 253.1889 253.1893 253.1893 253.1891 253.1876 253.1871 253.1855 253.1848 253.1808 253.1791 253.1766 253.1727 253.1684 253.1544 253.1403 253.1262 253.1122 253.0981 253.084 253.07 253.0559 253.0419 253.0278 253.0137 252.9997 252.9856 252.9715 252.9575 252.9434 252.9293 252.9153 252.9012 252.8871 252.8731 252.859 252.845 252.8309 252.8168 252.8028 252.7887 252.7746 252.7606 252.7465 252.7324
-9999 -9999 -9999 253.3103 253.0174 252.9722 252.927 252.8818 252.8366 252.701 252.7677 252.7611 252.7545 252.7479 252.7413 252.7348 252.8074 252.9902 253.173 253.1979 253.1983 253.1982 253.1977 253.1974 253.1957 253.1939 253.1931 253.1894 253.1874 253.1853 253.1833 253.1787 253.1679 253.1538 253.1398 253.1257 253.1116 253.0976 253.0835 253.0694 253.0554 253.0413 253.0272 253.0132 252.9991 252.985 252.971 252.9569 252.9429 252.9288 252.9147 252.9007 252.8866 252.8725 252.8585 252.8444 252.8304 252.8163 252.8022 252.7881 252.7741 252.76 252.746
-9999 -9999 -9999 253.3753 253.0782 253.0014 252.9562 252.911 252.8658 252.7329 252.7975 252.791 252.7844 252.7778 252.7712 252.7646 252.874 253.0568 253.2162 253.208 253.2075 253.2073 253.2071 253.2064 253.2041 253.2034 253.2015 253.2007 253.1959 253.1941 253.1915 253.1869 253.1814 253.1673 253.1533 253.1392 253.1252 253.1111 253.097 253.0829 253.0689 253.0548 253.0408 253.0267 253.0126 252.9986 252.9845 252.9704 252.9564 252.9423 252.9283 252.9142 252.9001 252.8861 252.872 252.8579 252.8439 252.8298 252.8157 252.8017 252.7876 252.7735 252.7595
-9999 -9999 -9999 -9999 253.1433 253.0307 252.9855 252.9403 252.8951 252.7648 252.8274 252.8208 252.8142 252.8077 252.8011 252.7945 252.9406 253.1235 253.2311 253.2211 253.2164 253.2166 253.2164 253.215 253.2146 253.2122 253.2098 253.2091 253.2046 253.2024 253.1996 253.1978 253.1929 253.1809 253.1668 253.1527 253.1387 253.1246 253.1105 253.0965 253.0824 253.0683 253.0543 253.0402 253.0262 253.0121 252.998 252.984 252.9699 252.9558 252.9418 252.9277 252.9136 252.8996 252.8855 252.8714 252.8574 252.8433 252.8293 252.8152 252.8011 252.7871 252.7742
-9999 -9999 -9999 -9999 253.2083 253.06 253.0147 252.9695 252.9243 252.7967 252.8573 252.8507 252.8441 252.8375 252.831 252.8244 253.0072 253.1901 253.246 253.236 253.2276 253.226 253.2258 253.2249 253.2237 253.2206 253.2198 253.2174 253.2167 253.2109 253.2092 253.2063 253.2011 253.1944 253.1803 253.1662 253.1522 253.1381 253.1241 253.11 253.0959 253.0819 253.0678 253.0537 253.0397 253.0256 253.0115 252.9975 252.9834 252.9693 252.9553 252.9412 252.9272 252.9131 252.899 252.885 252.8709 252.8568 252.8428 252.8287 252.8146 252.8006 252.7865
-9999 -9999 -9999 -9999 253.2734 253.0892 253.044 252.9988 252.9536 252.8286 252.8871 252.8806 252.874 252.8674 252.8608 252.891 253.0739 253.2567 253.2608 253.2508 253.2408 253.235 253.2354 253.2345 253.2323 253.2318 253.2287 253.2258 253.225 253.2198 253.2175 253.2144 253.2116 253.2072 253.1938 253.1798 253.1657 253.1516 253.1376 253.1235 253.1094 253.0954 253.0813 253.0672 253.0532 253.0391 253.0251 253.011 252.9969 252.9829 252.9688 252.9547 252.9407 252.9266 252.9125 252.8985 252.8844 252.8703 252.8563 252.8422 252.8282 252.815 252.7965
-9999 -9999 -9999 -9999 253.3385 253.1184 253.0732 253.028 252.9828 252.8604 252.917 252.9104 252.9038 252.8973 252.8907 252.9577 253.1405 253.2857 253.2757 253.2657 253.2557 253.2472 253.2446 253.2443 253.2426 253.241 253.2371 253.2361 253.2334 253.2324 253.2259 253.2243 253.2211 253.2153 253.2073 253.1933 253.1792 253.1651 253.1511 253.137 253.123 253.1089 253.0948 253.0808 253.0667 253.0526 253.0386 253.0245 253.0104 252.9964 252.9823 252.9682 252.9542 252.9401 252.9261 252.912 252.8979 252.8839 252.8698 252.8557 252.8417 252.8294 252.8064
-9999 -9999 -9999 -9999 253.4035 253.1477 253.1025 253.0573 253.012 252.8923 252.9469 252.9403 252.9337 252.9271 252.9206 253.0243 253.2071 253.3006 253.2906 253.2806 253.2706 253.2621 253.2538 253.2542 253.2525 253.2496 253.249 253.2452 253.2417 253.241 253.235 253.2326 253.2293 253.2254 253.2209 253.2068 253.1927 253.1787 253.1646 253.1505 253.1365 253.1224 253.1084 253.0943 253.0802 253.0661 253.0521 253.038 253.024 253.0099 252.9958 252.9818 252.9677 252.9536 252.9396 252.9255 252.9115 252.8974 252.8833 252.8693 252.8558 252.8393 252.8164
-9999 -9999 -9999 -9999 253.4686 253.1769 253.1317 253.0865 253.0413 252.9242 252.9767 252.9702 252.9636 252.957 252.9504 253.0909 253.2737 253.3154 253.3054 253.2954 253.2854 253.2754 253.2669 253.2631 253.2627 253.2603 253.2583 253.2535 253.2525 253.2493 253.2476 253.2409 253.2393 253.236 253.2296 253.2203 253.2063 253.1922 253.1781 253.1641 253.15 253.1359 253.1219 253.1078 253.0937 253.0797 253.0656 253.0515 253.0375 253.0234 253.0094 252.9953 252.9812 252.9672 252.9531 252.939 252.925 252.9109 252.8968 252.8828 252.8712 252.8493 252.8288
-9999 -9999 -9999 -9999 -9999 253.2365 253.161 253.1158 253.0705 252.9561 253.0066 253 252.9935 252.9869 252.9803 253.1575 253.3403 253.3303 253.3203 253.3103 253.3003 253.2903 253.2817 253.273 253.2728 253.2705 253.2669 253.2662 253.2616 253.2577 253.257 253.2502 253.2476 253.2441 253.2392 253.2338 253.2198 253.2057 253.1916 253.1776 253.1635 253.1494 253.1354 253.1213 253.1073 253.0932 253.0791 253.0651 253.051 253.0369 253.0229 253.0088 252.9947 252.9807 252.9666 252.9525 252.9385 252.9244 252.9104 252.8966 252.8821 252.8592 252.845
-9999 -9999 -9999 -9999 -9999 253.3016 253.1902 253.145 253.0998 252.988 253.0365 253.0299 253.0233 253.0167 253.0413 253.2241 253.3552 253.3452 253.3352 253.3252 253.3152 253.3052 253.2952 253.2865 253.2817 253.281 253.2781 253.2756 253.27 253.2689 253.2653 253.2628 253.2559 253.2544 253.2508 253.2438 253.2333 253.2192 253.2052 253.1911 253.177 253.163 253.1489 253.1348 253.1208 253.1067 253.0926 253.0786 253.0645 253.0504 253.0364 253.0223 253.0083 252.9942 252.9801 252.9661 252.952 252.9379 252.9239 252.9119 252.8921 252.8712 252.856
