sfe25_gcs_analysis/sfe_25.asc
ncols         214
nrows         468
xllcorner     9963.8661718264
yllcorner     19674.638572841
cellsize      1
NODATA_value  -9999
[rows 270 to 299 of 468, columns 134 to 200 of 214]
1001.199 1001.175 1001.364 1001.559 1001.645 1001.725 1001.765 1001.754 1001.744 1001.734 1001.723 1001.713 1001.703 1001.692 1001.682 1001.672 1001.661 1001.651 1001.641 1001.63 1001.62 1001.603 1001.584 1001.571 1001.559 1001.546 1001.533 1001.52 1001.507 1001.494 1001.482 1001.469 1001.456 1001.443 1001.424 1001.405 1001.385 1001.366 -9999 -9999 -9999 -9999 -9999 -9999 -9999 -9999 -9999 -9999 -9999 -9999 -9999 -9999 -9999 -9999 -9999 -9999 -9999 -9999 -9999 -9999 -9999 -9999 -9999 -9999 -9999 -9999 -9999
1001.19 1001.166 1001.262 1001.474 1001.602 1001.685 1001.77 1001.759 1001.749 1001.739 1001.729 1001.718 1001.708 1001.698 1001.687 1001.677 1001.667 1001.656 1001.646 1001.636 1001.625 1001.615 1001.59 1001.577 1001.564 1001.552 1001.539 1001.526 1001.513 1001.5 1001.487 1001.475 1001.462 1001.449 1001.432 1001.412 1001.393 1001.373 -9999 -9999 -9999 -9999 -9999 -9999 -9999 -9999 -9999 -9999 -9999 -9999 -9999 -9999 -9999 -9999 -9999 -9999 -9999 -9999 -9999 -9999 -9999 -9999 -9999 -9999 -9999 -9999 -9999
1001.175 1001.156 1001.16 1001.372 1001.559 1001.645 1001.725 1001.765 1001.754 1001.744 1001.734 1001.723 1001.713 1001.703 1001.692 1001.682 1001.672 1001.661 1001.651 1001.641 1001.63 1001.62 1001.596 1001.583 1001.57 1001.557 1001.545 1001.532 1001.519 1001.506 1001.493 1001.481 1001.468 1001.455 1001.439 1001.42 1001.4 1001.381 -9999 -9999 -9999 -9999 -9999 -9999 -9999 -9999 -9999 -9999 -9999 -9999 -9999 -9999 -9999 -9999 -9999 -9999 -9999 -9999 -9999 -9999 -9999 -9999 -9999 -9999 -9999 -9999 -9999
1001.131 1001.147 1001.123 1001.27 1001.481 1001.602 1001.685 1001.77 1001.759 1001.749 1001.739 1001.728 1001.718 1001.708 1001.697 1001.687 1001.677 1001.666 1001.656 1001.646 1001.635 1001.625 1001.602 1001.589 1001.576 1001.563 1001.551 1001.538 1001.525 1001.512 1001.499 1001.486 1001.474 1001.461 1001.446 1001.427 1001.408 1001.388 -9999 -9999 -9999 -9999 -9999 -9999 -9999 -9999 -9999 -9999 -9999 -9999 -9999 -9999 -9999 -9999 -9999 -9999 -9999 -9999 -9999 -9999 -9999 -9999 -9999 -9999 -9999 -9999 -9999
1001.086 1001.137 1001.114 1001.168 1001.379 1001.559 1001.645 1001.725 1001.765 1001.754 1001.744 1001.734 1001.723 1001.713 1001.703 1001.692 1001.682 1001.672 1001.661 1001.651 1001.641 1001.63 1001.608 1001.595 1001.582 1001.569 1001.556 1001.544 1001.531 1001.518 1001.505 1001.492 1001.479 1001.467 1001.454 1001.435 1001.415 1001.396 1001.376 -9999 -9999 -9999 -9999 -9999 -9999 -9999 -9999 -9999 -9999 -9999 -9999 -9999 -9999 -9999 -9999 -9999 -9999 -9999 -9999 -9999 -9999 -9999 -9999 -9999 -9999 -9999 -9999
1001.042 1001.127 1001.104 1001.08 1001.277 1001.489 1001.602 1001.685 1001.77 1001.759 1001.749 1001.739 1001.728 1001.718 1001.708 1001.697 1001.687 1001.677 1001.666 1001.656 1001.646 1001.635 1001.619 1001.601 1001.588 1001.575 1001.562 1001.549 1001.537 1001.524 1001.511 1001.498 1001.485 1001.473 1001.46 1001.442 1001.422 1001.403 1001.384 -9999 -9999 -9999 -9999 -9999 -9999 -9999 -9999 -9999 -9999 -9999 -9999 -9999 -9999 -9999 -9999 -9999 -9999 -9999 -9999 -9999 -9999 -9999 -9999 -9999 -9999 -9999 -9999
1000.997 1001.083 1001.095 1001.071 1001.175 1001.387 1001.559 1001.645 1001.725 1001.764 1001.754 1001.744 1001.733 1001.723 1001.713 1001.702 1001.692 1001.682 1001.672 1001.661 1001.651 1001.641 1001.63 1001.607 1001.594 1001.581 1001.568 1001.555 1001.542 1001.53 1001.517 1001.504 1001.491 1001.478 1001.466 1001.449 1001.43 1001.411 1001.391 -9999 -9999 -9999 -9999 -9999 -9999 -9999 -9999 -9999 -9999 -9999 -9999 -9999 -9999 -9999 -9999 -9999 -9999 -9999 -9999 -9999 -9999 -9999 -9999 -9999 -9999 -9999 -9999
1000.953 1001.038 1001.085 1001.061 1001.074 1001.285 1001.496 1001.602 1001.685 1001.77 1001.759 1001.749 1001.739 1001.728 1001.718 1001.708 1001.697 1001.687 1001.677 1001.666 1001.656 1001.646 1001.635 1001.612 1001.6 1001.587 1001.574 1001.561 1001.548 1001.536 1001.523 1001.51 1001.497 1001.484 1001.471 1001.457 1001.437 1001.418 1001.399 -9999 -9999 -9999 -9999 -9999 -9999 -9999 -9999 -9999 -9999 -9999 -9999 -9999 -9999 -9999 -9999 -9999 -9999 -9999 -9999 -9999 -9999 -9999 -9999 -9999 -9999 -9999 -9999
1000.909 1000.994 1001.076 1001.052 1001.028 1001.183 1001.394 1001.559 1001.645 1001.725 1001.764 1001.754 1001.744 1001.733 1001.723 1001.713 1001.702 1001.692 1001.682 1001.671 1001.661 1001.651 1001.64 1001.618 1001.605 1001.593 1001.58 1001.567 1001.554 1001.541 1001.529 1001.516 1001.503 1001.49 1001.477 1001.464 1001.445 1001.425 1001.406 1001.387 -9999 -9999 -9999 -9999 -9999 -9999 -9999 -9999 -9999 -9999 -9999 -9999 -9999 -9999 -9999 -9999 -9999 -9999 -9999 -9999 -9999 -9999 -9999 -9999 -9999 -9999 -9999
1000.831 1000.949 1001.035 1001.042 1001.019 1001.081 1001.292 1001.504 1001.602 1001.685 1001.769 1001.759 1001.749 1001.739 1001.728 1001.718 1001.708 1001.697 1001.687 1001.677 1001.666 1001.656 1001.646 1001.624 1001.611 1001.599 1001.586 1001.573 1001.56 1001.547 1001.534 1001.522 1001.509 1001.496 1001.483 1001.47 1001.452 1001.433 1001.414 1001.394 -9999 -9999 -9999 -9999 -9999 -9999 -9999 -9999 -9999 -9999 -9999 -9999 -9999 -9999 -9999 -9999 -9999 -9999 -9999 -9999 -9999 -9999 -9999 -9999 -9999 -9999 -9999
1000.745 1000.905 1000.99 1001.033 1001.009 1000.985 1001.19 1001.402 1001.559 1001.645 1001.725 1001.764 1001.754 1001.744 1001.733 1001.723 1001.713 1001.702 1001.692 1001.682 1001.671 1001.661 1001.651 1001.635 1001.617 1001.604 1001.592 1001.579 1001.566 1001.553 1001.54 1001.527 1001.515 1001.502 1001.489 1001.476 1001.46 1001.44 1001.421 1001.402 -9999 -9999 -9999 -9999 -9999 -9999 -9999 -9999 -9999 -9999 -9999 -9999 -9999 -9999 -9999 -9999 -9999 -9999 -9999 -9999 -9999 -9999 -9999 -9999 -9999 -9999 -9999
1000.659 1000.859 1000.946 1001.024 1001 1000.976 1001.089 1001.3 1001.511 1001.602 1001.685 1001.769 1001.759 1001.749 1001.738 1001.728 1001.718 1001.707 1001.697 1001.687 1001.676 1001.666 1001.656 1001.646 1001.623 1001.61 1001.597 1001.585 1001.572 1001.559 1001.546 1001.533 1001.521 1001.508 1001.495 1001.482 1001.467 1001.448 1001.428 1001.409 -9999 -9999 -9999 -9999 -9999 -9999 -9999 -9999 -9999 -9999 -9999 -9999 -9999 -9999 -9999 -9999 -9999 -9999 -9999 -9999 -9999 -9999 -9999 -9999 -9999 -9999 -9999
1000.573 1000.773 1000.901 1000.987 1000.99 1000.966 1000.987 1001.198 1001.409 1001.559 1001.645 1001.725 1001.764 1001.754 1001.744 1001.733 1001.723 1001.713 1001.702 1001.692 1001.682 1001.671 1001.661 1001.651 1001.629 1001.616 1001.603 1001.591 1001.578 1001.565 1001.552 1001.539 1001.526 1001.514 1001.501 1001.488 1001.475 1001.455 1001.436 1001.417 1001.397 -9999 -9999 -9999 -9999 -9999 -9999 -9999 -9999 -9999 -9999 -9999 -9999 -9999 -9999 -9999 -9999 -9999 -9999 -9999 -9999 -9999 -9999 -9999 -9999 -9999 -9999
1000.487 1000.687 1000.857 1000.942 1000.981 1000.957 1000.933 1001.096 1001.307 1001.516 1001.602 1001.685 1001.769 1001.759 1001.749 1001.738 1001.728 1001.718 1001.707 1001.697 1001.687 1001.676 1001.666 1001.656 1001.635 1001.622 1001.609 1001.596 1001.584 1001.571 1001.558 1001.545 1001.532 1001.519 1001.507 1001.494 1001.481 1001.463 1001.443 1001.424 1001.405 -9999 -9999 -9999 -9999 -9999 -9999 -9999 -9999 -9999 -9999 -9999 -9999 -9999 -9999 -9999 -9999 -9999 -9999 -9999 -9999 -9999 -9999 -9999 -9999 -9999 -9999
1000.402 1000.601 1000.801 1000.898 1000.971 1000.948 1000.924 1000.994 1001.205 1001.417 1001.559 1001.644 1001.726 1001.764 1001.754 1001.743 1001.733 1001.723 1001.713 1001.702 1001.692 1001.682 1001.671 1001.661 1001.641 1001.628 1001.615 1001.602 1001.589 1001.577 1001.564 1001.551 1001.538 1001.525 1001.513 1001.5 1001.487 1001.47 1001.451 1001.431 1001.412 -9999 -9999 -9999 -9999 -9999 -9999 -9999 -9999 -9999 -9999 -9999 -9999 -9999 -9999 -9999 -9999 -9999 -9999 -9999 -9999 -9999 -9999 -9999 -9999 -9999 -9999
1000.316 1000.515 1000.715 1000.853 1000.939 1000.938 1000.914 1000.892 1001.104 1001.315 1001.516 1001.602 1001.685 1001.769 1001.759 1001.749 1001.738 1001.728 1001.718 1001.707 1001.697 1001.687 1001.676 1001.666 1001.651 1001.634 1001.621 1001.608 1001.595 1001.582 1001.57 1001.557 1001.544 1001.531 1001.518 1001.506 1001.493 1001.478 1001.458 1001.439 1001.419 -9999 -9999 -9999 -9999 -9999 -9999 -9999 -9999 -9999 -9999 -9999 -9999 -9999 -9999 -9999 -9999 -9999 -9999 -9999 -9999 -9999 -9999 -9999 -9999 -9999 -9999
1000.23 1000.429 1000.629 1000.809 1000.894 1000.929 1000.905 1000.881 1001.002 1001.213 1001.424 1001.559 1001.644 1001.726 1001.764 1001.754 1001.743 1001.733 1001.723 1001.712 1001.702 1001.692 1001.681 1001.671 1001.661 1001.64 1001.627 1001.614 1001.601 1001.588 1001.576 1001.563 1001.55 1001.537 1001.524 1001.511 1001.499 1001.485 1001.466 1001.446 1001.427 1001.408 -9999 -9999 -9999 -9999 -9999 -9999 -9999 -9999 -9999 -9999 -9999 -9999 -9999 -9999 -9999 -9999 -9999 -9999 -9999 -9999 -9999 -9999 -9999 -9999 -9999
1000.23 1000.344 1000.543 1000.743 1000.85 1000.919 1000.895 1000.872 1000.9 1001.111 1001.322 1001.516 1001.601 1001.686 1001.769 1001.759 1001.749 1001.738 1001.728 1001.718 1001.707 1001.697 1001.687 1001.676 1001.666 1001.645 1001.633 1001.62 1001.607 1001.594 1001.581 1001.569 1001.556 1001.543 1001.53 1001.517 1001.504 1001.492 1001.473 1001.454 1001.434 1001.415 -9999 -9999 -9999 -9999 -9999 -9999 -9999 -9999 -9999 -9999 -9999 -9999 -9999 -9999 -9999 -9999 -9999 -9999 -9999 -9999 -9999 -9999 -9999 -9999 -9999
1000.295 1000.258 1000.457 1000.657 1000.805 1000.891 1000.886 1000.862 1000.838 1001.009 1001.22 1001.432 1001.559 1001.644 1001.726 1001.764 1001.754 1001.743 1001.733 1001.723 1001.712 1001.702 1001.692 1001.681 1001.671 1001.651 1001.639 1001.626 1001.613 1001.6 1001.587 1001.574 1001.562 1001.549 1001.536 1001.523 1001.51 1001.497 1001.481 1001.461 1001.442 1001.422 -9999 -9999 -9999 -9999 -9999 -9999 -9999 -9999 -9999 -9999 -9999 -9999 -9999 -9999 -9999 -9999 -9999 -9999 -9999 -9999 -9999 -9999 -9999 -9999 -9999
1000.36 1000.214 1000.371 1000.571 1000.761 1000.846 1000.876 1000.853 1000.829 1000.907 1001.119 1001.33 1001.516 1001.601 1001.686 1001.769 1001.759 1001.748 1001.738 1001.728 1001.717 1001.707 1001.697 1001.686 1001.676 1001.657 1001.644 1001.632 1001.619 1001.606 1001.593 1001.58 1001.567 1001.555 1001.542 1001.529 1001.516 1001.503 1001.488 1001.469 1001.449 1001.43 1001.411 -9999 -9999 -9999 -9999 -9999 -9999 -9999 -9999 -9999 -9999 -9999 -9999 -9999 -9999 -9999 -9999 -9999 -9999 -9999 -9999 -9999 -9999 -9999 -9999
1000.425 1000.28 1000.285 1000.485 1000.685 1000.802 1000.867 1000.843 1000.819 1000.805 1001.017 1001.228 1001.439 1001.558 1001.644 1001.726 1001.764 1001.754 1001.743 1001.733 1001.723 1001.712 1001.702 1001.692 1001.681 1001.667 1001.65 1001.637 1001.625 1001.612 1001.599 1001.586 1001.573 1001.56 1001.548 1001.535 1001.522 1001.509 1001.496 1001.476 1001.457 1001.437 1001.418 -9999 -9999 -9999 -9999 -9999 -9999 -9999 -9999 -9999 -9999 -9999 -9999 -9999 -9999 -9999 -9999 -9999 -9999 -9999 -9999 -9999 -9999 -9999 -9999
1000.491 1000.345 1000.2 1000.399 1000.599 1000.757 1000.843 1000.834 1000.81 1000.786 1000.915 1001.126 1001.337 1001.516 1001.601 1001.686 1001.769 1001.759 1001.748 1001.738 1001.728 1001.717 1001.707 1001.697 1001.686 1001.676 1001.656 1001.643 1001.63 1001.618 1001.605 1001.592 1001.579 1001.566 1001.554 1001.541 1001.528 1001.515 1001.502 1001.484 1001.464 1001.445 1001.425 -9999 -9999 -9999 -9999 -9999 -9999 -9999 -9999 -9999 -9999 -9999 -9999 -9999 -9999 -9999 -9999 -9999 -9999 -9999 -9999 -9999 -9999 -9999 -9999
1000.556 1000.41 1000.264 1000.313 1000.513 1000.713 1000.798 1000.824 1000.8 1000.777 1000.813 1001.024 1001.235 1001.447 1001.558 1001.644 1001.726 1001.764 1001.753 1001.743 1001.733 1001.723 1001.712 1001.702 1001.692 1001.681 1001.662 1001.649 1001.636 1001.624 1001.611 1001.598 1001.585 1001.572 1001.559 1001.547 1001.534 1001.521 1001.508 1001.491 1001.472 1001.452 1001.433 -9999 -9999 -9999 -9999 -9999 -9999 -9999 -9999 -9999 -9999 -9999 -9999 -9999 -9999 -9999 -9999 -9999 -9999 -9999 -9999 -9999 -9999 -9999 -9999
1000.621 1000.475 1000.329 1000.227 1000.427 1000.627 1000.754 1000.815 1000.791 1000.767 1000.743 1000.922 1001.134 1001.345 1001.515 1001.601 1001.686 1001.769 1001.759 1001.748 1001.738 1001.728 1001.717 1001.707 1001.697 1001.686 1001.668 1001.655 1001.642 1001.629 1001.617 1001.604 1001.591 1001.578 1001.565 1001.552 1001.54 1001.527 1001.514 1001.499 1001.479 1001.46 1001.44 1001.421 -9999 -9999 -9999 -9999 -9999 -9999 -9999 -9999 -9999 -9999 -9999 -9999 -9999 -9999 -9999 -9999 -9999 -9999 -9999 -9999 -9999 -9999 -9999
1000.686 1000.541 1000.395 1000.249 1000.341 1000.541 1000.709 1000.795 1000.781 1000.758 1000.734 1000.82 1001.032 1001.243 1001.454 1001.558 1001.644 1001.726 1001.764 1001.753 1001.743 1001.733 1001.722 1001.712 1001.702 1001.691 1001.674 1001.661 1001.648 1001.635 1001.622 1001.61 1001.597 1001.584 1001.571 1001.558 1001.546 1001.533 1001.52 1001.506 1001.487 1001.467 1001.448 1001.428 -9999 -9999 -9999 -9999 -9999 -9999 -9999 -9999 -9999 -9999 -9999 -9999 -9999 -9999 -9999 -9999 -9999 -9999 -9999 -9999 -9999 -9999 -9999
1000.713 1000.606 1000.46 1000.314 1000.255 1000.455 1000.655 1000.75 1000.772 1000.748 1000.724 1000.719 1000.93 1001.141 1001.352 1001.515 1001.601 1001.686 1001.769 1001.759 1001.748 1001.738 1001.728 1001.717 1001.707 1001.697 1001.683 1001.667 1001.654 1001.641 1001.628 1001.615 1001.603 1001.59 1001.577 1001.564 1001.551 1001.539 1001.526 1001.513 1001.494 1001.475 1001.455 1001.436 -9999 -9999 -9999 -9999 -9999 -9999 -9999 -9999 -9999 -9999 -9999 -9999 -9999 -9999 -9999 -9999 -9999 -9999 -9999 -9999 -9999 -9999 -9999
1000.739 1000.671 1000.525 1000.379 1000.233 1000.369 1000.569 1000.706 1000.763 1000.739 1000.715 1000.691 1000.828 1001.039 1001.25 1001.462 1001.558 1001.644 1001.726 1001.764 1001.753 1001.743 1001.733 1001.722 1001.712 1001.702 1001.691 1001.673 1001.66 1001.647 1001.634 1001.621 1001.609 1001.596 1001.583 1001.57 1001.557 1001.544 1001.532 1001.519 1001.502 1001.482 1001.463 1001.443 -9999 -9999 -9999 -9999 -9999 -9999 -9999 -9999 -9999 -9999 -9999 -9999 -9999 -9999 -9999 -9999 -9999 -9999 -9999 -9999 -9999 -9999 -9999
1000.766 1000.727 1000.591 1000.445 1000.299 1000.283 1000.483 1000.661 1000.747 1000.729 1000.705 1000.682 1000.726 1000.937 1001.149 1001.36 1001.515 1001.601 1001.686 1001.769 1001.758 1001.748 1001.738 1001.727 1001.717 1001.707 1001.697 1001.679 1001.666 1001.653 1001.64 1001.627 1001.614 1001.602 1001.589 1001.576 1001.563 1001.55 1001.537 1001.525 1001.509 1001.49 1001.47 1001.451 1001.431 -9999 -9999 -9999 -9999 -9999 -9999 -9999 -9999 -9999 -9999 -9999 -9999 -9999 -9999 -9999 -9999 -9999 -9999 -9999 -9999 -9999 -9999
1000.793 1000.753 1000.656 1000.51 1000.364 1000.218 1000.397 1000.596 1000.702 1000.72 1000.696 1000.672 1000.648 1000.835 1001.047 1001.258 1001.469 1001.558 1001.644 1001.726 1001.764 1001.753 1001.743 1001.733 1001.722 1001.712 1001.702 1001.684 1001.672 1001.659 1001.646 1001.633 1001.62 1001.607 1001.595 1001.582 1001.569 1001.556 1001.543 1001.531 1001.517 1001.497 1001.478 1001.458 1001.439 -9999 -9999 -9999 -9999 -9999 -9999 -9999 -9999 -9999 -9999 -9999 -9999 -9999 -9999 -9999 -9999 -9999 -9999 -9999 -9999 -9999 -9999
1000.819 1000.78 1000.721 1000.575 1000.429 1000.283 1000.311 1000.511 1000.658 1000.71 1000.687 1000.663 1000.639 1000.734 1000.945 1001.156 1001.367 1001.515 1001.601 1001.686 1001.769 1001.758 1001.748 1001.738 1001.727 1001.717 1001.707 1001.69 1001.677 1001.665 1001.652 1001.639 1001.626 1001.613 1001.601 1001.588 1001.575 1001.562 1001.549 1001.536 1001.524 1001.505 1001.485 1001.466 1001.446 -9999 -9999 -9999 -9999 -9999 -9999 -9999 -9999 -9999 -9999 -9999 -9999 -9999 -9999 -9999 -9999 -9999 -9999 -9999 -9999 -9999 -9999
