sfe25_gcs_analysis/sfe_25.asc
ncols         214
nrows         468
xllcorner     9963.8661718264
yllcorner     19674.638572841
cellsize      1
NODATA_value  -9999
[rows 390 to 419 of 468, columns 134 to 200 of 214]
1001.465 1001.437 1001.31 1001.154 1000.997 1000.84 1000.722 1000.787 1000.8 1000.813 1000.827 1000.84 1000.907 1000.989 1001.077 1001.165 1001.253 1001.341 1001.357 1001.323 1001.331 1001.338 1001.346 1001.354 1001.341 1001.281 1001.2 1001.119 1001.037 1000.956 1000.957 1000.981 1001.004 1001.027 1001.05 1001.068 1000.993 1001.006 1001.018 1001.031 1001.043 1001.055 1000.913 1000.768 1000.623 1000.478 1000.333 1000.242 1000.225 1000.208 1000.191 1000.175 1000.158 1000.253 1000.467 1000.681 1001.213 1001.294 1001.383 1001.473 1001.554 1001.644 1001.734 1001.757 1001.738 1001.718 1001.699
1001.472 1001.481 1001.379 1001.222 1001.065 1000.908 1000.752 1000.775 1000.793 1000.807 1000.82 1000.833 1000.872 1000.949 1001.037 1001.125 1001.214 1001.302 1001.351 1001.332 1001.33 1001.338 1001.346 1001.354 1001.358 1001.313 1001.232 1001.15 1001.069 1000.988 1000.942 1000.969 1000.992 1001.015 1001.039 1001.062 1001.026 1001.012 1001.024 1001.037 1001.049 1001.062 1000.98 1000.835 1000.69 1000.545 1000.4 1000.255 1000.233 1000.216 1000.2 1000.183 1000.166 1000.155 1000.294 1000.424 1000.59 1001.252 1001.344 1001.434 1001.524 1001.614 1001.7 1001.765 1001.745 1001.726 1001.706
1001.479 1001.488 1001.432 1001.29 1001.133 1000.976 1000.82 1000.741 1000.787 1000.8 1000.813 1000.826 1000.84 1000.912 1000.998 1001.086 1001.174 1001.262 1001.346 1001.353 1001.33 1001.338 1001.346 1001.354 1001.362 1001.34 1001.263 1001.182 1001.101 1001.02 1000.938 1000.957 1000.98 1001.003 1001.027 1001.05 1001.061 1001.018 1001.03 1001.043 1001.055 1001.068 1001.048 1000.903 1000.757 1000.612 1000.467 1000.322 1000.241 1000.224 1000.208 1000.023 1000.003 1000.078 1000.205 1000.344 1000.521 1001.021 1001.314 1001.402 1001.491 1001.58 1001.667 1001.758 1001.753 1001.733 1001.714
1001.486 1001.495 1001.485 1001.358 1001.201 1001.044 1000.888 1000.731 1000.78 1000.793 1000.806 1000.82 1000.833 1000.877 1000.958 1001.046 1001.134 1001.222 1001.31 1001.354 1001.33 1001.338 1001.345 1001.353 1001.361 1001.357 1001.295 1001.214 1001.133 1001.051 1000.97 1000.945 1000.968 1000.992 1001.015 1001.038 1001.062 1001.024 1001.036 1001.049 1001.061 1001.074 1001.086 1000.97 1000.825 1000.68 1000.535 1000.39 1000.248 1000.18 1000.113 1000.103 1000.083 1000.068 1000.146 1000.412 1000.834 1001.035 1001.236 1001.368 1001.457 1001.545 1001.634 1001.72 1001.76 1001.741 1001.721
1001.493 1001.502 1001.511 1001.426 1001.269 1001.113 1000.956 1000.799 1000.76 1000.786 1000.799 1000.813 1000.826 1000.843 1000.918 1001.006 1001.094 1001.182 1001.271 1001.348 1001.336 1001.337 1001.345 1001.353 1001.361 1001.369 1001.327 1001.246 1001.164 1001.083 1001.002 1000.928 1000.957 1000.98 1001.003 1001.026 1001.05 1001.039 1001.043 1001.055 1001.068 1001.08 1001.092 1001.037 1000.892 1000.747 1000.419 1000.358 1000.288 1000.222 1000.193 1000.174 1000.162 1000.148 1000.349 1000.55 1000.751 1000.952 1001.153 1001.334 1001.423 1001.511 1001.6 1001.687 1001.768 1001.748 1001.729
1001.5 1001.509 1001.518 1001.48 1001.337 1001.181 1001.024 1000.867 1000.727 1000.779 1000.793 1000.806 1000.819 1000.832 1000.882 1000.966 1001.055 1001.143 1001.231 1001.319 1001.356 1001.337 1001.345 1001.353 1001.361 1001.369 1001.357 1001.277 1001.196 1001.115 1001.034 1000.952 1000.945 1000.968 1000.991 1001.015 1001.038 1001.061 1001.049 1001.061 1001.074 1001.086 1001.099 1001.105 1000.762 1000.528 1000.468 1000.398 1000.331 1000.293 1000.274 1000.241 1000.197 1000.153 1000.267 1000.468 1000.669 1000.87 1001.071 1001.275 1001.389 1001.477 1001.566 1001.654 1001.742 1001.756 1001.736
1001.508 1001.516 1001.525 1001.532 1001.406 1001.249 1001.092 1000.935 1000.779 1000.773 1000.786 1000.799 1000.812 1000.826 1000.848 1000.927 1001.015 1001.103 1001.191 1001.279 1001.35 1001.337 1001.345 1001.352 1001.36 1001.368 1001.374 1001.309 1001.228 1001.147 1001.065 1000.984 1000.933 1000.956 1000.979 1001.003 1001.026 1001.049 1001.055 1001.067 1001.08 1001.286 1001.382 1001.407 1001.073 1000.731 1000.528 1000.461 1000.388 1000.344 1000.3 1000.256 1000.212 1000.168 1000.184 1000.385 1000.587 1000.788 1000.989 1001.19 1001.354 1001.443 1001.532 1001.62 1001.707 1001.763 1001.744
1001.515 1001.523 1001.532 1001.541 1001.474 1001.317 1001.16 1001.003 1000.847 1000.745 1000.779 1000.792 1000.805 1000.819 1000.832 1000.887 1000.975 1001.063 1001.151 1001.239 1001.328 1001.34 1001.344 1001.352 1001.36 1001.368 1001.376 1001.341 1001.26 1001.178 1001.097 1001.016 1000.934 1000.944 1000.968 1000.991 1001.014 1001.038 1001.062 1001.104 1001.176 1001.273 1001.36 1001.395 1001.276 1001.002 1000.818 1000.634 1000.45 1000.359 1000.315 1000.271 1000.227 1000.183 1000.144 1000.303 1000.504 1000.705 1000.906 1001.107 1001.318 1001.409 1001.498 1001.586 1001.674 1001.766 1001.751
1001.522 1001.531 1001.539 1001.548 1001.528 1001.385 1001.228 1001.071 1000.915 1000.758 1000.772 1000.785 1000.799 1000.812 1000.825 1000.853 1000.935 1001.023 1001.112 1001.2 1001.288 1001.352 1001.344 1001.352 1001.36 1001.368 1001.376 1001.373 1001.291 1001.21 1001.129 1001.047 1000.966 1000.933 1000.956 1000.979 1000.963 1001.012 1001.051 1001.085 1001.175 1001.259 1001.223 1001.071 1001.046 1001.02 1000.886 1000.702 1000.518 1000.374 1000.33 1000.286 1000.242 1000.198 1000.154 1000.221 1000.422 1000.623 1000.824 1001.025 1001.232 1001.375 1001.463 1001.552 1001.64 1001.727 1001.759
1001.529 1001.538 1001.547 1001.555 1001.564 1001.453 1001.296 1001.14 1000.983 1000.826 1000.764 1000.779 1000.792 1000.805 1000.818 1000.832 1000.896 1000.984 1001.072 1001.16 1001.248 1001.336 1001.344 1001.352 1001.359 1001.367 1001.375 1001.383 1001.323 1001.242 1001.161 1001.079 1000.998 1000.921 1000.901 1000.896 1000.953 1001.001 1001.032 1001.081 1001.159 1001.134 1001.108 1001.083 1001.057 1001.032 1000.954 1000.77 1000.586 1000.409 1000.345 1000.301 1000.257 1000.213 1000.168 1000.141 1000.339 1000.54 1000.741 1000.943 1001.145 1001.341 1001.429 1001.518 1001.607 1001.694 1001.766
1001.536 1001.545 1001.554 1001.563 1001.571 1001.521 1001.364 1001.208 1001.051 1000.894 1000.737 1000.772 1000.785 1000.798 1000.812 1000.825 1000.858 1000.944 1001.032 1001.12 1001.208 1001.296 1001.344 1001.351 1001.359 1001.367 1001.375 1001.383 1001.355 1001.274 1001.192 1001.129 1001.049 1000.972 1000.952 1000.935 1000.952 1000.992 1001.042 1001.092 1001.142 1001.145 1001.119 1001.094 1001.068 1001.043 1001.018 1000.838 1000.654 1000.47 1000.359 1000.315 1000.271 1000.227 1000.183 1000.149 1000.257 1000.458 1000.659 1000.86 1001.061 1001.275 1001.395 1001.484 1001.572 1001.66 1001.75
1001.543 1001.552 1001.561 1001.57 1001.578 1001.575 1001.433 1001.276 1001.119 1000.962 1000.806 1000.765 1000.778 1000.791 1000.805 1000.818 1000.831 1000.904 1000.992 1001.08 1001.169 1001.257 1001.345 1001.351 1001.359 1001.367 1001.375 1001.383 1001.388 1001.358 1001.278 1001.199 1001.12 1001.053 1001.047 1001.074 1001.036 1000.998 1001.022 1001.072 1001.122 1001.156 1001.131 1001.105 1001.08 1001.054 1001.029 1000.906 1000.722 1000.538 1000.376 1000.33 1000.286 1000.242 1000.198 1000.156 1000.175 1000.376 1000.577 1000.778 1000.979 1001.188 1001.361 1001.45 1001.538 1001.627 1001.714
1001.568 1001.559 1001.568 1001.577 1001.586 1001.594 1001.501 1001.344 1001.187 1001.03 1000.874 1000.749 1000.771 1000.785 1000.798 1000.811 1000.824 1000.865 1000.953 1001.041 1001.129 1001.217 1001.305 1001.351 1001.359 1001.367 1001.378 1001.372 1001.381 1001.379 1001.335 1001.265 1001.198 1001.16 1001.122 1001.084 1001.046 1001.008 1001.002 1001.052 1001.102 1001.152 1001.142 1001.117 1001.091 1001.066 1001.04 1000.974 1000.79 1000.606 1000.434 1000.345 1000.301 1000.257 1000.213 1000.169 1000.146 1000.293 1000.494 1000.695 1000.896 1001.101 1001.318 1001.416 1001.504 1001.593 1001.68
1001.594 1001.566 1001.575 1001.584 1001.593 1001.602 1001.569 1001.412 1001.255 1001.098 1000.942 1000.785 1000.765 1000.778 1000.791 1000.804 1000.818 1000.831 1000.913 1001.001 1001.089 1001.177 1001.265 1001.35 1001.368 1001.359 1001.361 1001.389 1001.397 1001.398 1001.338 1001.279 1001.22 1001.17 1001.132 1001.094 1001.056 1001.018 1000.988 1001.032 1001.082 1001.132 1001.153 1001.128 1001.102 1001.077 1001.052 1001.026 1000.858 1000.674 1000.492 1000.36 1000.316 1000.272 1000.228 1000.184 1000.153 1000.211 1000.412 1000.613 1000.814 1001.015 1001.231 1001.381 1001.47 1001.559 1001.647
1001.621 1001.573 1001.582 1001.591 1001.6 1001.609 1001.618 1001.48 1001.323 1001.167 1001.01 1000.853 1000.758 1000.771 1000.784 1000.797 1000.811 1000.824 1000.873 1000.961 1001.049 1001.175 1001.274 1001.348 1001.348 1001.34 1001.352 1001.367 1001.381 1001.395 1001.361 1001.301 1001.242 1001.18 1001.142 1001.104 1001.066 1001.028 1000.99 1001.012 1001.062 1001.112 1001.151 1001.139 1001.114 1001.088 1001.063 1001.037 1000.925 1000.741 1000.557 1000.401 1000.331 1000.287 1000.243 1000.199 1000.161 1000.143 1000.329 1000.531 1000.732 1000.933 1001.144 1001.347 1001.436 1001.525 1001.613
1001.641 1001.591 1001.589 1001.598 1001.607 1001.616 1001.625 1001.548 1001.391 1001.235 1001.078 1000.921 1000.764 1000.764 1000.777 1000.791 1000.804 1000.817 1000.836 1000.946 1001.055 1001.155 1001.252 1001.31 1001.321 1001.334 1001.348 1001.362 1001.376 1001.39 1001.383 1001.323 1001.264 1001.202 1001.152 1001.114 1001.076 1001.038 1001 1000.995 1001.042 1001.092 1001.142 1001.151 1001.125 1001.1 1001.074 1001.049 1000.993 1000.809 1000.625 1000.459 1000.346 1000.302 1000.258 1000.214 1000.17 1000.151 1000.247 1000.448 1000.649 1000.85 1001.057 1001.274 1001.402 1001.49 1001.579
1001.645 1001.618 1001.596 1001.605 1001.614 1001.623 1001.632 1001.616 1001.46 1001.303 1001.146 1000.989 1000.832 1000.757 1000.771 1000.784 1000.614 1000.705 1000.815 1000.924 1001.025 1001.107 1001.142 1001.218 1001.295 1001.329 1001.343 1001.357 1001.37 1001.384 1001.398 1001.346 1001.286 1001.227 1001.162 1001.124 1001.086 1001.048 1001.01 1000.986 1001.021 1001.071 1001.121 1001.148 1001.136 1001.111 1001.086 1001.06 1001.035 1000.877 1000.693 1000.517 1000.368 1000.317 1000.273 1000.229 1000.185 1000.158 1000.165 1000.366 1000.567 1000.768 1000.97 1001.187 1001.368 1001.456 1001.545
1001.649 1001.641 1001.604 1001.612 1001.621 1001.63 1001.639 1001.648 1001.528 1001.371 1001.214 1001.057 1000.901 1000.75 1000.677 1000.637 1000.604 1000.677 1000.779 1000.883 1000.96 1001.037 1001.113 1001.19 1001.266 1001.323 1001.337 1001.351 1001.365 1001.379 1001.393 1001.368 1001.309 1001.25 1001.178 1001.135 1001.096 1001.059 1001.021 1000.983 1001.001 1001.051 1001.101 1001.143 1001.148 1001.122 1001.097 1001.071 1001.046 1000.945 1000.761 1000.577 1000.426 1000.332 1000.288 1000.243 1000.199 1000.165 1000.148 1000.283 1000.484 1000.685 1000.886 1001.1 1001.318 1001.422 1001.511
1001.653 1001.645 1001.615 1001.62 1001.628 1001.637 1001.646 1001.655 1001.596 1001.439 1001.282 1001.649 1001.298 1000.839 1000.714 1000.641 1000.594 1000.679 1000.765 1000.85 1000.932 1001.008 1001.085 1001.161 1001.238 1001.315 1001.332 1001.346 1001.359 1001.373 1001.387 1001.39 1001.331 1001.272 1001.208 1001.145 1001.107 1001.069 1001.031 1000.993 1000.992 1001.031 1001.081 1001.131 1001.146 1001.134 1001.108 1001.083 1001.057 1001.013 1000.829 1000.645 1000.484 1000.346 1000.302 1000.258 1000.214 1000.173 1000.155 1000.201 1000.402 1000.603 1000.804 1001.013 1001.231 1001.388 1001.477
1001.657 1001.649 1001.64 1001.627 1001.635 1001.644 1001.653 1001.662 1001.671 1001.693 1001.712 1001.638 1001.36 1000.965 1000.852 1000.739 1000.626 1000.646 1000.731 1000.816 1000.903 1000.98 1001.056 1001.133 1001.21 1001.286 1001.326 1001.34 1001.354 1001.368 1001.382 1001.395 1001.353 1001.294 1001.235 1001.155 1001.117 1001.079 1001.041 1001.003 1000.983 1001.011 1001.061 1001.111 1001.141 1001.145 1001.12 1001.094 1001.069 1001.043 1000.897 1000.713 1000.542 1000.393 1000.317 1000.273 1000.229 1000.185 1000.163 1000.146 1000.32 1000.521 1000.722 1000.927 1001.144 1001.354 1001.443
1001.661 1001.653 1001.644 1001.634 1001.643 1001.651 1001.632 1001.654 1001.677 1001.455 1001.2 1001.108 1001.053 1000.998 1000.892 1000.779 1000.666 1000.612 1000.697 1000.783 1000.868 1000.951 1001.028 1001.105 1001.181 1001.258 1001.324 1001.335 1001.349 1001.362 1001.376 1001.39 1001.375 1001.316 1001.257 1001.184 1001.127 1001.089 1001.051 1001.013 1000.975 1000.999 1001.041 1001.091 1001.136 1001.144 1001.131 1001.105 1001.08 1001.054 1000.965 1000.781 1000.6 1000.451 1000.332 1000.288 1000.244 1000.2 1000.17 1000.153 1000.237 1000.438 1000.639 1000.84 1001.057 1001.274 1001.408
1001.665 1001.656 1001.648 1001.642 1001.662 1001.676 1001.626 1001.453 1001.303 1001.248 1001.193 1001.138 1001.084 1001.029 1000.933 1000.82 1000.707 1000.602 1000.664 1000.749 1000.835 1000.923 1001 1001.076 1001.153 1001.23 1001.306 1001.33 1001.343 1001.357 1001.371 1001.385 1001.398 1001.339 1001.279 1001.213 1001.137 1001.099 1001.061 1001.023 1000.985 1000.99 1001.021 1001.071 1001.121 1001.139 1001.142 1001.117 1001.091 1001.066 1001.033 1000.849 1000.665 1000.509 1000.36 1000.303 1000.259 1000.215 1000.177 1000.16 1000.155 1000.356 1000.557 1000.758 1000.97 1001.187 1001.374
1001.669 1001.661 1001.681 1001.695 1001.663 1001.535 1001.443 1001.388 1001.333 1001.279 1001.224 1001.169 1001.114 1001.059 1000.981 1000.86 1000.747 1000.634 1000.63 1000.716 1000.801 1000.887 1000.971 1001.048 1001.125 1001.201 1001.278 1001.328 1001.338 1001.351 1001.365 1001.379 1001.393 1001.361 1001.302 1001.242 1001.16 1001.109 1001.071 1001.033 1000.995 1000.981 1001.005 1001.051 1001.101 1001.134 1001.142 1001.128 1001.103 1001.077 1001.052 1000.917 1000.733 1000.567 1000.418 1000.318 1000.274 1000.23 1000.186 1000.167 1000.15 1000.273 1000.475 1000.676 1000.883 1001.1 1001.317
1001.701 1001.706 1001.674 1001.638 1001.583 1001.528 1001.473 1001.419 1001.364 1001.309 1001.254 1001.199 1001.144 1001.089 1001.034 1000.901 1000.788 1000.675 1000.614 1000.682 1000.768 1000.853 1000.942 1001.019 1001.096 1001.173 1001.249 1001.326 1001.333 1001.346 1001.36 1001.374 1001.387 1001.383 1001.324 1001.264 1001.189 1001.119 1001.081 1001.043 1001.005 1000.972 1000.996 1001.031 1001.081 1001.129 1001.137 1001.139 1001.114 1001.088 1001.063 1000.985 1000.801 1000.625 1000.476 1000.333 1000.289 1000.245 1000.201 1000.175 1000.158 1000.191 1000.392 1000.593 1000.796 1001.013 1001.23
1001.699 1001.681 1001.663 1001.645 1001.614 1001.559 1001.504 1001.449 1001.394 1001.339 1001.284 1001.229 1001.174 1001.119 1001.064 1000.941 1000.828 1000.715 1000.613 1000.649 1000.734 1000.82 1000.907 1000.991 1001.068 1001.144 1001.221 1001.298 1001.331 1001.34 1001.354 1001.368 1001.382 1001.396 1001.346 1001.287 1001.219 1001.136 1001.091 1001.053 1001.015 1000.977 1000.987 1001.012 1001.061 1001.111 1001.132 1001.14 1001.125 1001.1 1001.074 1001.049 1000.868 1000.684 1000.534 1000.385 1000.304 1000.26 1000.216 1000.182 1000.165 1000.148 1000.31 1000.511 1000.712 1000.926 1001.143
1001.702 1001.687 1001.669 1001.651 1001.641 1001.589 1001.534 1001.479 1001.424 1001.369 1001.314 1001.259 1001.205 1001.15 1001.095 1000.999 1000.869 1000.756 1000.642 1000.626 1000.701 1000.786 1000.872 1000.962 1001.039 1001.116 1001.193 1001.269 1001.329 1001.336 1001.349 1001.363 1001.376 1001.39 1001.368 1001.309 1001.248 1001.166 1001.101 1001.063 1001.025 1000.987 1000.978 1001.003 1001.041 1001.091 1001.127 1001.135 1001.137 1001.111 1001.086 1001.06 1000.936 1000.752 1000.592 1000.443 1000.319 1000.274 1000.23 1000.189 1000.172 1000.155 1000.227 1000.428 1000.629 1000.839 1001.056
1001.705 1001.693 1001.675 1001.657 1001.641 1001.619 1001.564 1001.509 1001.454 1001.399 1001.345 1001.29 1001.235 1001.18 1001.125 1001.059 1000.909 1000.796 1000.683 1000.625 1000.667 1000.753 1000.838 1000.926 1001.011 1001.088 1001.164 1001.241 1001.318 1001.334 1001.343 1001.357 1001.371 1001.385 1001.391 1001.331 1001.272 1001.195 1001.113 1001.073 1001.035 1000.997 1000.969 1000.994 1001.021 1001.071 1001.121 1001.13 1001.137 1001.122 1001.097 1001.072 1001.004 1000.82 1000.65 1000.501 1000.352 1000.289 1000.245 1000.201 1000.179 1000.162 1000.145 1000.346 1000.547 1000.752 1000.969
1001.708 1001.699 1001.681 1001.663 1001.645 1001.642 1001.594 1001.54 1001.485 1001.43 1001.375 1001.32 1001.265 1001.21 1001.155 1001.1 1000.958 1000.837 1000.724 1000.623 1000.639 1000.719 1000.805 1000.891 1000.981 1001.059 1001.136 1001.212 1001.289 1001.332 1001.339 1001.352 1001.366 1001.379 1001.393 1001.353 1001.294 1001.224 1001.142 1001.083 1001.045 1001.007 1000.969 1000.985 1001.009 1001.051 1001.1 1001.124 1001.132 1001.134 1001.108 1001.083 1001.057 1000.888 1000.708 1000.559 1000.41 1000.304 1000.26 1000.216 1000.187 1000.169 1000.152 1000.264 1000.465 1000.666 1000.882
1001.711 1001.702 1001.688 1001.669 1001.651 1001.64 1001.625 1001.57 1001.515 1001.46 1001.405 1001.35 1001.295 1001.24 1001.185 1001.131 1001.017 1000.877 1000.764 1000.651 1000.637 1000.686 1000.771 1000.857 1000.946 1001.031 1001.107 1001.184 1001.261 1001.33 1001.337 1001.346 1001.36 1001.374 1001.388 1001.376 1001.316 1001.253 1001.171 1001.093 1001.055 1001.017 1000.979 1000.976 1001 1001.03 1001.08 1001.119 1001.127 1001.135 1001.12 1001.094 1001.069 1000.956 1000.772 1000.617 1000.468 1000.319 1000.275 1000.231 1000.194 1000.177 1000.16 1000.181 1000.382 1000.583 1000.795
1001.714 1001.705 1001.694 1001.676 1001.658 1001.643 1001.643 1001.6 1001.545 1001.49 1001.435 1001.38 1001.326 1001.271 1001.216 1001.161 1001.077 1000.918 1000.805 1000.691 1000.636 1000.652 1000.737 1000.823 1000.911 1001 1001.079 1001.156 1001.232 1001.309 1001.335 1001.342 1001.355 1001.368 1001.382 1001.396 1001.339 1001.279 1001.2 1001.118 1001.065 1001.027 1000.989 1000.967 1000.991 1001.016 1001.06 1001.11 1001.122 1001.13 1001.131 1001.106 1001.08 1001.024 1000.84 1000.675 1000.526 1000.377 1000.29 1000.246 1000.202 1000.184 1000.167 1000.15 1000.3 1000.501 1000.708
