sfe25_gcs_analysis/sfe_25.asc
ncols         214
nrows         468
xllcorner     9963.8661718264
yllcorner     19674.638572841
cellsize      1
NODATA_value  -9999
[rows 180 to 209 of 468, columns 67 to 133 of 214]
1000.599 1000.647 1000.637 1000.494 1000.258 1000.059 999.8698 999.6807 999.4918 999.3177 999.2082 999.1457 999.1758 999.2407 999.351 999.6003 999.9084 1000.17 1000.415 1000.676 1000.932 1001.087 1001.171 1001.238 1001.298 1001.363 1001.433 1001.506 1001.581 1001.651 1001.721 1001.784 1001.775 1001.767 1001.754 1001.734 1001.715 1001.706 1001.691 1001.676 1001.661 1001.646 1001.631 1001.616 1001.601 1001.586 1001.571 1001.557 1001.542 1001.527 1001.512 1001.497 1001.491 1001.507 1001.5 1001.489 1001.479 1001.469 1001.458 1001.448 1001.438 1001.427 1001.417 1001.407 1001.396 1001.386 1001.376
1000.614 1000.651 1000.629 1000.546 1000.393 1000.148 999.9587 999.7697 999.5922 999.4535 999.319 999.1888 999.1113 999.1348 999.2763 999.572 999.9485 1000.165 1000.298 1000.525 1000.828 1001.041 1001.138 1001.198 1001.261 1001.331 1001.401 1001.473 1001.543 1001.613 1001.686 1001.761 1001.782 1001.774 1001.761 1001.741 1001.721 1001.712 1001.697 1001.682 1001.667 1001.652 1001.638 1001.623 1001.608 1001.593 1001.578 1001.563 1001.548 1001.533 1001.518 1001.503 1001.493 1001.51 1001.505 1001.494 1001.484 1001.474 1001.463 1001.453 1001.443 1001.432 1001.422 1001.412 1001.401 1001.391 1001.381
1000.629 1000.619 1000.579 1000.539 1000.432 1000.268 1000.049 999.867 999.7288 999.6132 999.47 999.317 999.1888 999.1493 999.2658 999.5842 999.9246 1000.105 1000.196 1000.418 1000.753 1000.983 1001.101 1001.166 1001.231 1001.301 1001.371 1001.441 1001.511 1001.581 1001.653 1001.723 1001.789 1001.781 1001.768 1001.748 1001.728 1001.719 1001.704 1001.689 1001.674 1001.659 1001.644 1001.629 1001.614 1001.599 1001.584 1001.569 1001.554 1001.539 1001.524 1001.509 1001.495 1001.512 1001.51 1001.5 1001.489 1001.479 1001.469 1001.458 1001.448 1001.438 1001.427 1001.417 1001.407 1001.396 1001.386
1000.627 1000.602 1000.562 1000.522 1000.464 1000.328 1000.141 999.9935 999.9014 999.7723 999.6229 999.481 999.3534 999.2538 999.3383 999.6423 999.8885 1000.012 1000.11 1000.318 1000.663 1000.936 1001.068 1001.128 1001.193 1001.263 1001.333 1001.406 1001.481 1001.551 1001.621 1001.691 1001.761 1001.787 1001.775 1001.755 1001.735 1001.725 1001.71 1001.695 1001.68 1001.665 1001.65 1001.635 1001.62 1001.605 1001.59 1001.575 1001.56 1001.546 1001.531 1001.516 1001.501 1001.515 1001.515 1001.505 1001.494 1001.484 1001.474 1001.463 1001.453 1001.443 1001.432 1001.422 1001.412 1001.401 1001.391
1000.624 1000.611 1000.576 1000.531 1000.466 1000.349 1000.269 1000.172 1000.067 999.9335 999.7953 999.6658 999.5223 999.3829 999.3519 999.5652 999.7585 999.8912 1000.021 1000.203 1000.518 1000.838 1001.013 1001.091 1001.161 1001.231 1001.301 1001.373 1001.443 1001.513 1001.588 1001.661 1001.731 1001.794 1001.782 1001.762 1001.742 1001.731 1001.716 1001.701 1001.686 1001.671 1001.656 1001.641 1001.627 1001.612 1001.597 1001.582 1001.567 1001.552 1001.537 1001.522 1001.507 1001.517 1001.52 1001.51 1001.5 1001.489 1001.479 1001.469 1001.458 1001.448 1001.438 1001.427 1001.417 1001.407 1001.396
1000.607 1000.616 1000.596 1000.526 1000.448 1000.381 1000.33 1000.301 1000.235 1000.085 999.941 999.792 999.642 999.4973 999.3753 999.4579 999.6155 999.7545 999.8902 1000.064 1000.34 1000.694 1000.946 1001.061 1001.131 1001.201 1001.271 1001.341 1001.411 1001.481 1001.553 1001.623 1001.693 1001.768 1001.789 1001.769 1001.749 1001.737 1001.722 1001.707 1001.693 1001.678 1001.663 1001.648 1001.633 1001.618 1001.603 1001.588 1001.573 1001.558 1001.543 1001.528 1001.513 1001.519 1001.525 1001.515 1001.505 1001.494 1001.484 1001.474 1001.463 1001.453 1001.443 1001.432 1001.422 1001.412 1001.401
1000.581 1000.605 1000.6 1000.555 1000.491 1000.434 1000.384 1000.359 1000.311 1000.196 1000.047 999.898 999.7509 999.6123 999.4813 999.4487 999.51 999.6536 999.7971 999.9496 1000.133 1000.468 1000.813 1001.023 1001.093 1001.163 1001.238 1001.311 1001.381 1001.451 1001.521 1001.591 1001.661 1001.733 1001.796 1001.776 1001.756 1001.744 1001.729 1001.714 1001.699 1001.684 1001.669 1001.654 1001.639 1001.624 1001.609 1001.594 1001.579 1001.564 1001.549 1001.535 1001.52 1001.522 1001.53 1001.52 1001.51 1001.499 1001.489 1001.479 1001.468 1001.458 1001.448 1001.437 1001.427 1001.417 1001.406
1000.558 1000.582 1000.611 1000.596 1000.544 1000.491 1000.434 1000.401 1000.371 1000.301 1000.155 1000.006 999.8633 999.7255 999.6064 999.5284 999.5128 999.5692 999.7138 999.8561 999.9911 1000.232 1000.553 1000.866 1001.061 1001.131 1001.201 1001.273 1001.343 1001.416 1001.491 1001.561 1001.631 1001.701 1001.773 1001.783 1001.763 1001.75 1001.735 1001.72 1001.705 1001.69 1001.675 1001.66 1001.645 1001.63 1001.615 1001.601 1001.586 1001.571 1001.556 1001.541 1001.526 1001.524 1001.536 1001.525 1001.515 1001.505 1001.494 1001.484 1001.474 1001.463 1001.453 1001.443 1001.432 1001.422 1001.412
1000.558 1000.582 1000.634 1000.654 1000.601 1000.544 1000.494 1000.444 1000.408 1000.356 1000.256 1000.113 999.9771 999.8342 999.7256 999.6596 999.6 999.5806 999.6307 999.7731 999.9078 1000.063 1000.289 1000.643 1000.968 1001.096 1001.171 1001.241 1001.311 1001.383 1001.453 1001.523 1001.593 1001.666 1001.741 1001.79 1001.77 1001.756 1001.741 1001.726 1001.711 1001.696 1001.682 1001.667 1001.652 1001.637 1001.622 1001.607 1001.592 1001.577 1001.562 1001.547 1001.532 1001.526 1001.541 1001.53 1001.52 1001.51 1001.499 1001.489 1001.479 1001.468 1001.458 1001.448 1001.437 1001.427 1001.417
1000.573 1000.591 1000.652 1000.676 1000.654 1000.601 1000.549 1000.499 1000.452 1000.417 1000.347 1000.226 1000.08 999.9508 999.8648 999.7988 999.7328 999.671 999.6476 999.6901 999.8246 999.9535 1000.108 1000.354 1000.697 1001.033 1001.133 1001.203 1001.273 1001.346 1001.421 1001.491 1001.561 1001.633 1001.703 1001.776 1001.777 1001.762 1001.748 1001.733 1001.718 1001.703 1001.688 1001.673 1001.658 1001.643 1001.628 1001.613 1001.598 1001.583 1001.568 1001.553 1001.538 1001.528 1001.544 1001.535 1001.525 1001.515 1001.504 1001.494 1001.484 1001.473 1001.463 1001.453 1001.443 1001.432 1001.422
1000.588 1000.608 1000.658 1000.709 1000.711 1000.657 1000.612 1000.559 1000.502 1000.462 1000.421 1000.329 1000.189 1000.074 1000.003 999.9386 999.8726 999.8063 999.7397 999.7131 999.7382 999.8611 999.9915 1000.148 1000.463 1000.864 1001.091 1001.171 1001.241 1001.313 1001.383 1001.453 1001.526 1001.601 1001.671 1001.741 1001.784 1001.769 1001.754 1001.739 1001.724 1001.709 1001.694 1001.679 1001.664 1001.649 1001.634 1001.619 1001.604 1001.59 1001.575 1001.56 1001.545 1001.53 1001.547 1001.541 1001.53 1001.52 1001.51 1001.499 1001.489 1001.479 1001.468 1001.458 1001.448 1001.437 1001.427
1000.603 1000.621 1000.676 1000.733 1000.747 1000.724 1000.674 1000.622 1000.567 1000.517 1000.482 1000.419 1000.305 1000.209 1000.143 1000.079 1000.008 999.9312 999.8542 999.7822 999.7537 999.7672 999.8614 999.9914 1000.232 1000.534 1000.863 1001.133 1001.203 1001.276 1001.354 1001.429 1001.504 1001.573 1001.629 1001.698 1001.792 1001.775 1001.76 1001.745 1001.73 1001.715 1001.7 1001.685 1001.67 1001.656 1001.641 1001.626 1001.611 1001.596 1001.581 1001.566 1001.551 1001.536 1001.549 1001.546 1001.535 1001.525 1001.515 1001.504 1001.494 1001.484 1001.473 1001.463 1001.453 1001.442 1001.432
1000.613 1000.627 1000.669 1000.719 1000.759 1000.775 1000.75 1000.7 1000.648 1000.595 1000.547 1000.494 1000.429 1000.345 1000.269 1000.191 1000.112 1000.032 999.9543 999.8868 999.8278 999.7917 999.7872 999.8522 1000.056 1000.356 1000.685 1000.959 1001.179 1001.254 1001.334 1001.409 1001.471 1001.516 1001.578 1001.661 1001.751 1001.781 1001.766 1001.751 1001.737 1001.722 1001.707 1001.692 1001.677 1001.662 1001.647 1001.632 1001.617 1001.602 1001.587 1001.572 1001.557 1001.542 1001.552 1001.551 1001.54 1001.53 1001.52 1001.51 1001.499 1001.489 1001.479 1001.468 1001.458 1001.448 1001.437
1000.626 1000.635 1000.656 1000.691 1000.747 1000.794 1000.802 1000.775 1000.73 1000.678 1000.631 1000.612 1000.561 1000.451 1000.371 1000.291 1000.211 1000.134 1000.061 999.9921 999.9356 999.8776 999.8306 999.8118 999.9258 1000.199 1000.473 1000.737 1000.979 1001.234 1001.314 1001.376 1001.408 1001.458 1001.538 1001.623 1001.713 1001.788 1001.773 1001.758 1001.743 1001.728 1001.713 1001.698 1001.683 1001.668 1001.653 1001.638 1001.623 1001.608 1001.593 1001.579 1001.564 1001.549 1001.554 1001.556 1001.546 1001.535 1001.525 1001.515 1001.504 1001.494 1001.484 1001.473 1001.463 1001.453 1001.442
1000.641 1000.651 1000.66 1000.68 1000.734 1000.793 1000.829 1000.821 1000.807 1000.807 1000.775 1000.789 1000.752 1000.598 1000.468 1000.391 1000.314 1000.241 1000.164 1000.1 1000.04 999.9832 999.9264 999.8668 999.8826 1000.013 1000.281 1000.514 1000.748 1001.004 1001.275 1001.297 1001.347 1001.418 1001.501 1001.591 1001.678 1001.768 1001.779 1001.764 1001.749 1001.734 1001.719 1001.704 1001.689 1001.674 1001.659 1001.645 1001.63 1001.615 1001.6 1001.585 1001.57 1001.555 1001.556 1001.561 1001.551 1001.54 1001.53 1001.52 1001.509 1001.499 1001.489 1001.478 1001.468 1001.458 1001.447
1000.681 1000.671 1000.676 1000.681 1000.716 1000.771 1000.823 1000.841 1000.856 1000.886 1000.885 1000.957 1001.024 1000.911 1000.616 1000.491 1000.416 1000.341 1000.269 1000.209 1000.149 1000.091 1000.03 999.967 999.9117 999.9407 1000.092 1000.329 1000.519 1000.742 1000.984 1001.258 1001.298 1001.378 1001.463 1001.553 1001.641 1001.731 1001.785 1001.77 1001.755 1001.74 1001.726 1001.711 1001.696 1001.681 1001.666 1001.651 1001.636 1001.621 1001.606 1001.591 1001.576 1001.561 1001.559 1001.566 1001.556 1001.546 1001.535 1001.525 1001.515 1001.504 1001.494 1001.484 1001.473 1001.463 1001.453
1000.753 1000.721 1000.696 1000.696 1000.706 1000.741 1000.811 1000.843 1000.876 1000.946 1001.014 1001.14 1001.24 1001.179 1000.934 1000.679 1000.521 1000.441 1000.376 1000.319 1000.254 1000.191 1000.131 1000.067 1000 999.9558 999.9618 1000.141 1000.325 1000.47 1000.605 1000.928 1001.258 1001.341 1001.431 1001.516 1001.603 1001.693 1001.777 1001.777 1001.762 1001.747 1001.732 1001.717 1001.702 1001.687 1001.672 1001.657 1001.642 1001.627 1001.612 1001.597 1001.582 1001.568 1001.561 1001.571 1001.561 1001.551 1001.54 1001.53 1001.52 1001.509 1001.499 1001.489 1001.478 1001.468 1001.458
1000.857 1000.794 1000.721 1000.716 1000.716 1000.736 1000.778 1000.831 1000.89 1000.94 1001.031 1001.146 1001.246 1001.286 1001.255 1000.987 1000.711 1000.544 1000.481 1000.421 1000.356 1000.291 1000.231 1000.166 1000.101 1000.037 999.9724 1000.026 1000.125 1000.26 1000.395 1000.613 1001.033 1001.308 1001.393 1001.481 1001.571 1001.658 1001.741 1001.783 1001.768 1001.753 1001.738 1001.723 1001.708 1001.693 1001.678 1001.663 1001.648 1001.634 1001.619 1001.604 1001.589 1001.574 1001.563 1001.576 1001.566 1001.556 1001.545 1001.535 1001.525 1001.514 1001.504 1001.494 1001.484 1001.473 1001.463
1000.953 1000.904 1000.867 1000.842 1000.807 1000.747 1000.762 1000.824 1000.877 1000.922 1001.004 1001.118 1001.208 1001.284 1001.339 1001.205 1000.958 1000.703 1000.57 1000.502 1000.432 1000.364 1000.299 1000.234 1000.166 1000.096 1000.036 1000.013 1000.05 1000.152 1000.285 1000.422 1000.757 1001.166 1001.361 1001.443 1001.526 1001.621 1001.703 1001.783 1001.774 1001.759 1001.744 1001.729 1001.714 1001.7 1001.685 1001.67 1001.655 1001.64 1001.625 1001.61 1001.595 1001.58 1001.565 1001.581 1001.571 1001.561 1001.551 1001.54 1001.53 1001.52 1001.509 1001.499 1001.489 1001.478 1001.468
1001.046 1001.027 1000.986 1000.917 1000.81 1000.748 1000.759 1000.804 1000.859 1000.907 1000.986 1001.083 1001.164 1001.23 1001.276 1001.282 1001.178 1000.947 1000.697 1000.547 1000.477 1000.407 1000.342 1000.277 1000.207 1000.137 1000.09 1000.075 1000.072 1000.108 1000.213 1000.446 1000.939 1001.135 1001.308 1001.39 1001.472 1001.554 1001.666 1001.749 1001.781 1001.766 1001.751 1001.736 1001.721 1001.706 1001.691 1001.676 1001.661 1001.646 1001.631 1001.616 1001.601 1001.586 1001.571 1001.584 1001.576 1001.566 1001.556 1001.545 1001.535 1001.525 1001.514 1001.504 1001.494 1001.483 1001.473
1001.071 1001.072 1001.028 1000.92 1000.807 1000.748 1000.76 1000.794 1000.839 1000.892 1000.966 1001.044 1001.108 1001.158 1001.208 1001.256 1001.282 1001.193 1000.917 1000.667 1000.517 1000.447 1000.382 1000.317 1000.247 1000.19 1000.167 1000.15 1000.135 1000.256 1000.452 1000.648 1000.845 1001.041 1001.237 1001.337 1001.419 1001.501 1001.628 1001.71 1001.787 1001.772 1001.757 1001.742 1001.727 1001.712 1001.697 1001.682 1001.667 1001.652 1001.637 1001.622 1001.608 1001.593 1001.578 1001.586 1001.581 1001.571 1001.561 1001.55 1001.54 1001.53 1001.52 1001.509 1001.499 1001.489 1001.478
1001.116 1001.114 1001.051 1000.936 1000.837 1000.791 1000.77 1000.781 1000.811 1000.866 1000.929 1000.985 1001.03 1001.08 1001.13 1001.186 1001.276 1001.32 1001.215 1000.897 1000.637 1000.491 1000.427 1000.357 1000.297 1000.265 1000.247 1000.219 1000.176 1000.161 1000.358 1000.554 1000.75 1000.946 1001.143 1001.283 1001.365 1001.448 1001.581 1001.673 1001.757 1001.778 1001.763 1001.748 1001.733 1001.718 1001.703 1001.689 1001.674 1001.659 1001.644 1001.629 1001.614 1001.599 1001.584 1001.589 1001.587 1001.576 1001.566 1001.556 1001.545 1001.535 1001.525 1001.514 1001.504 1001.494 1001.483
1001.169 1001.151 1001.068 1000.967 1000.913 1000.865 1000.815 1000.801 1000.809 1000.844 1000.904 1000.957 1001.007 1001.054 1001.096 1001.151 1001.238 1001.341 1001.416 1001.195 1000.867 1000.612 1000.467 1000.404 1000.365 1000.322 1000.279 1000.236 1000.194 1000.151 1000.263 1000.46 1000.656 1000.852 1001.048 1001.23 1001.312 1001.394 1001.489 1001.635 1001.718 1001.784 1001.769 1001.755 1001.74 1001.725 1001.71 1001.695 1001.68 1001.665 1001.65 1001.635 1001.62 1001.605 1001.59 1001.591 1001.592 1001.581 1001.571 1001.561 1001.55 1001.54 1001.53 1001.519 1001.509 1001.499 1001.488
1001.224 1001.191 1001.099 1001.038 1001.003 1000.953 1000.897 1000.856 1000.836 1000.847 1000.892 1000.947 1000.997 1001.042 1001.082 1001.137 1001.222 1001.319 1001.389 1001.323 1001.117 1000.896 1000.725 1000.545 1000.383 1000.34 1000.297 1000.254 1000.211 1000.168 1000.169 1000.365 1000.561 1000.758 1000.954 1001.15 1001.258 1001.341 1001.423 1001.596 1001.68 1001.766 1001.776 1001.761 1001.746 1001.731 1001.716 1001.701 1001.686 1001.671 1001.656 1001.641 1001.626 1001.612 1001.597 1001.593 1001.597 1001.587 1001.576 1001.566 1001.556 1001.545 1001.535 1001.525 1001.514 1001.504 1001.494
1001.281 1001.236 1001.163 1001.128 1001.093 1001.043 1000.983 1000.929 1000.886 1000.867 1000.879 1000.932 1000.987 1001.032 1001.069 1001.125 1001.217 1001.291 1001.266 1001.057 1001.031 1000.984 1000.804 1000.624 1000.444 1000.358 1000.315 1000.272 1000.229 1000.186 1000.146 1000.271 1000.467 1000.663 1000.859 1001.056 1001.205 1001.287 1001.369 1001.52 1001.642 1001.725 1001.782 1001.767 1001.752 1001.737 1001.722 1001.707 1001.692 1001.678 1001.663 1001.648 1001.633 1001.618 1001.603 1001.596 1001.602 1001.592 1001.581 1001.571 1001.561 1001.55 1001.54 1001.53 1001.519 1001.509 1001.499
1001.317 1001.293 1001.256 1001.221 1001.183 1001.133 1001.073 1001.01 1000.947 1000.902 1000.897 1000.922 1000.977 1001.019 1001.054 1001.117 1001.145 1001.119 1001.092 1001.066 1001.04 1001.014 1000.884 1000.704 1000.524 1000.375 1000.332 1000.29 1000.247 1000.204 1000.161 1000.176 1000.373 1000.569 1000.765 1000.961 1001.152 1001.234 1001.316 1001.428 1001.604 1001.687 1001.773 1001.773 1001.758 1001.744 1001.729 1001.714 1001.699 1001.684 1001.669 1001.654 1001.639 1001.624 1001.609 1001.597 1001.607 1001.597 1001.586 1001.576 1001.566 1001.555 1001.545 1001.535 1001.524 1001.514 1001.504
1001.339 1001.35 1001.343 1001.313 1001.273 1001.223 1001.157 1001.079 1001.001 1000.951 1000.932 1000.937 1000.967 1001.016 1001.069 1001.118 1001.154 1001.128 1001.102 1001.075 1001.049 1001.023 1000.964 1000.783 1000.603 1000.428 1000.35 1000.307 1000.264 1000.221 1000.178 1000.146 1000.278 1000.474 1000.671 1000.867 1001.063 1001.18 1001.263 1001.345 1001.551 1001.65 1001.732 1001.78 1001.765 1001.75 1001.735 1001.72 1001.705 1001.69 1001.675 1001.66 1001.645 1001.63 1001.615 1001.6 1001.612 1001.602 1001.592 1001.581 1001.571 1001.561 1001.55 1001.54 1001.53 1001.519 1001.509
1001.355 1001.365 1001.369 1001.379 1001.358 1001.307 1001.227 1001.147 1001.07 1001.015 1001.003 1001.056 1001.019 1000.998 1001.048 1001.098 1001.148 1001.137 1001.111 1001.085 1001.058 1001.032 1001.017 1000.863 1000.683 1000.503 1000.368 1000.325 1000.282 1000.239 1000.196 1000.155 1000.184 1000.38 1000.576 1000.772 1000.969 1001.127 1001.209 1001.291 1001.458 1001.611 1001.694 1001.778 1001.771 1001.756 1001.741 1001.726 1001.711 1001.696 1001.681 1001.667 1001.652 1001.637 1001.622 1001.607 1001.617 1001.607 1001.597 1001.586 1001.576 1001.566 1001.555 1001.545 1001.535 1001.524 1001.514
1001.363 1001.373 1001.377 1001.377 1001.376 1001.349 1001.294 1001.22 1001.179 1001.142 1001.105 1001.068 1001.031 1000.994 1001.028 1001.078 1001.128 1001.146 1001.12 1001.094 1001.068 1001.041 1001.015 1000.943 1000.762 1000.582 1000.416 1000.343 1000.3 1000.257 1000.214 1000.171 1000.146 1000.286 1000.482 1000.678 1000.874 1001.07 1001.156 1001.238 1001.366 1001.571 1001.657 1001.74 1001.777 1001.762 1001.747 1001.733 1001.718 1001.703 1001.688 1001.673 1001.658 1001.643 1001.628 1001.613 1001.621 1001.612 1001.602 1001.591 1001.581 1001.571 1001.561 1001.55 1001.54 1001.53 1001.519
1001.367 1001.364 1001.371 1001.391 1001.396 1001.367 1001.308 1001.25 1001.192 1001.155 1001.118 1001.081 1001.044 1001.007 1001.007 1001.057 1001.107 1001.149 1001.129 1001.103 1001.077 1001.05 1001.024 1001.022 1000.842 1000.662 1000.483 1000.36 1000.317 1000.274 1000.232 1000.189 1000.154 1000.191 1000.387 1000.584 1000.78 1000.976 1001.102 1001.185 1001.274 1001.489 1001.618 1001.702 1001.784 1001.769 1001.754 1001.739 1001.724 1001.709 1001.694 1001.679 1001.664 1001.649 1001.634 1001.619 1001.623 1001.617 1001.607 1001.597 1001.586 1001.576 1001.566 1001.555 1001.545 1001.535 1001.524
