sfe25_gcs_analysis/sfe_25.asc
ncols         214
nrows         468
xllcorner     9963.8661718264
yllcorner     19674.638572841
cellsize      1
NODATA_value  -9999
[rows 330 to 359 of 468, columns 67 to 133 of 214]
-9999 1001.829 1001.78 1001.772 1001.77 1001.77 1001.774 1001.772 1001.769 1001.756 1001.752 1001.755 1001.751 1001.747 1001.743 1001.74 1001.736 1001.729 1001.723 1001.725 1001.727 1001.729 1001.73 1001.716 1001.708 1001.699 1001.691 1001.683 1001.674 1001.666 1001.658 1001.65 1001.641 1001.593 1001.537 1001.454 1001.464 1001.474 1001.484 1001.494 1001.53 1001.42 1001.262 1001.104 1000.945 1000.787 1000.825 1000.837 1000.849 1000.86 1000.872 1000.883 1000.927 1001.016 1001.105 1001.194 1001.283 1001.342 1001.345 1001.353 1001.36 1001.368 1001.375 1001.377 1001.297 1001.215 1001.133
-9999 -9999 1001.784 1001.775 1001.77 1001.77 1001.773 1001.773 1001.772 1001.762 1001.75 1001.754 1001.753 1001.748 1001.745 1001.741 1001.737 1001.732 1001.724 1001.724 1001.726 1001.728 1001.73 1001.723 1001.712 1001.704 1001.695 1001.687 1001.679 1001.67 1001.662 1001.654 1001.646 1001.621 1001.565 1001.492 1001.474 1001.484 1001.494 1001.504 1001.513 1001.484 1001.326 1001.168 1001.01 1000.852 1000.8 1000.826 1000.837 1000.849 1000.86 1000.872 1000.89 1000.978 1001.067 1001.156 1001.245 1001.334 1001.344 1001.352 1001.359 1001.367 1001.374 1001.38 1001.327 1001.245 1001.163
-9999 -9999 1001.813 1001.779 1001.771 1001.77 1001.77 1001.775 1001.773 1001.767 1001.755 1001.752 1001.755 1001.749 1001.746 1001.742 1001.739 1001.735 1001.727 1001.724 1001.726 1001.728 1001.73 1001.73 1001.716 1001.708 1001.7 1001.691 1001.683 1001.675 1001.666 1001.658 1001.65 1001.641 1001.594 1001.538 1001.484 1001.494 1001.503 1001.513 1001.523 1001.549 1001.391 1001.233 1001.075 1000.916 1000.767 1000.815 1000.826 1000.838 1000.849 1000.861 1000.872 1000.941 1001.029 1001.118 1001.207 1001.296 1001.343 1001.351 1001.358 1001.366 1001.373 1001.381 1001.357 1001.275 1001.193
-9999 -9999 -9999 1001.783 1001.775 1001.77 1001.77 1001.773 1001.774 1001.772 1001.76 1001.75 1001.754 1001.751 1001.747 1001.743 1001.74 1001.736 1001.73 1001.724 1001.726 1001.728 1001.73 1001.732 1001.72 1001.712 1001.704 1001.695 1001.687 1001.679 1001.671 1001.662 1001.654 1001.646 1001.622 1001.567 1001.493 1001.503 1001.513 1001.523 1001.533 1001.557 1001.456 1001.297 1001.139 1000.981 1000.823 1000.804 1000.815 1000.827 1000.838 1000.85 1000.861 1000.903 1000.992 1001.08 1001.169 1001.258 1001.347 1001.35 1001.357 1001.365 1001.373 1001.38 1001.386 1001.305 1001.223
-9999 -9999 -9999 1001.796 1001.778 1001.77 1001.77 1001.77 1001.775 1001.773 1001.766 1001.754 1001.752 1001.753 1001.748 1001.744 1001.741 1001.737 1001.733 1001.725 1001.726 1001.728 1001.729 1001.731 1001.728 1001.716 1001.708 1001.7 1001.691 1001.683 1001.675 1001.667 1001.658 1001.65 1001.642 1001.595 1001.526 1001.513 1001.523 1001.533 1001.543 1001.553 1001.52 1001.362 1001.204 1001.046 1000.887 1000.775 1000.804 1000.815 1000.827 1000.839 1000.85 1000.865 1000.954 1001.043 1001.131 1001.22 1001.309 1001.349 1001.356 1001.364 1001.372 1001.379 1001.387 1001.335 1001.285
-9999 -9999 -9999 -9999 1001.782 1001.774 1001.77 1001.77 1001.773 1001.774 1001.771 1001.759 1001.751 1001.754 1001.749 1001.746 1001.742 1001.739 1001.735 1001.728 1001.725 1001.727 1001.729 1001.731 1001.733 1001.721 1001.712 1001.704 1001.696 1001.687 1001.679 1001.671 1001.662 1001.654 1001.646 1001.623 1001.568 1001.523 1001.533 1001.543 1001.553 1001.563 1001.585 1001.426 1001.268 1001.11 1000.952 1000.794 1000.793 1000.804 1000.816 1000.827 1000.839 1000.85 1000.916 1001.005 1001.094 1001.182 1001.271 1001.348 1001.355 1001.363 1001.371 1001.38 1001.379 1001.383 1001.352
-9999 -9999 -9999 -9999 1001.786 1001.778 1001.77 1001.77 1001.77 1001.775 1001.774 1001.765 1001.752 1001.753 1001.75 1001.747 1001.743 1001.74 1001.736 1001.731 1001.725 1001.727 1001.729 1001.731 1001.733 1001.725 1001.716 1001.708 1001.7 1001.692 1001.683 1001.675 1001.667 1001.658 1001.65 1001.642 1001.596 1001.533 1001.543 1001.553 1001.563 1001.573 1001.583 1001.491 1001.333 1001.175 1001.017 1000.858 1000.782 1000.793 1000.805 1000.816 1000.828 1000.839 1000.878 1000.967 1001.056 1001.145 1001.233 1001.322 1001.354 1001.37 1001.367 1001.369 1001.389 1001.393 1001.366
-9999 -9999 -9999 -9999 1001.909 1001.781 1001.773 1001.77 1001.77 1001.773 1001.775 1001.77 1001.758 1001.751 1001.753 1001.748 1001.744 1001.741 1001.737 1001.734 1001.726 1001.727 1001.729 1001.731 1001.732 1001.733 1001.721 1001.712 1001.704 1001.696 1001.688 1001.679 1001.671 1001.663 1001.654 1001.646 1001.624 1001.559 1001.553 1001.563 1001.573 1001.583 1001.593 1001.556 1001.397 1001.239 1001.081 1000.923 1000.765 1000.782 1000.794 1000.805 1000.817 1000.828 1000.84 1000.929 1001.018 1001.107 1001.208 1001.313 1001.35 1001.351 1001.352 1001.366 1001.376 1001.39 1001.382
-9999 -9999 -9999 -9999 -9999 1001.785 1001.777 1001.77 1001.77 1001.77 1001.776 1001.774 1001.763 1001.751 1001.753 1001.749 1001.746 1001.742 1001.738 1001.735 1001.729 1001.727 1001.728 1001.73 1001.732 1001.734 1001.725 1001.717 1001.708 1001.7 1001.692 1001.683 1001.675 1001.667 1001.659 1001.65 1001.642 1001.597 1001.563 1001.573 1001.583 1001.593 1001.603 1001.62 1001.462 1001.304 1001.146 1000.988 1000.829 1000.771 1000.782 1000.794 1000.805 1000.817 1000.829 1000.891 1001.003 1001.111 1001.211 1001.298 1001.33 1001.329 1001.343 1001.357 1001.37 1001.384 1001.398
-9999 -9999 -9999 -9999 -9999 1001.892 1001.781 1001.773 1001.77 1001.77 1001.773 1001.775 1001.769 1001.756 1001.752 1001.75 1001.747 1001.743 1001.74 1001.736 1001.732 1001.726 1001.728 1001.73 1001.732 1001.734 1001.73 1001.721 1001.713 1001.704 1001.696 1001.688 1001.679 1001.671 1001.663 1001.654 1001.646 1001.625 1001.573 1001.583 1001.593 1001.603 1001.612 1001.622 1001.527 1001.368 1001.21 1001.052 1000.894 1000.76 1000.771 1000.783 1000.794 1000.738 1000.766 1000.876 1000.984 1001.09 1001.185 1001.189 1001.263 1001.324 1001.337 1001.351 1001.365 1001.378 1001.392
-9999 -9999 -9999 -9999 -9999 -9999 1001.784 1001.776 1001.77 1001.77 1001.77 1001.776 1001.774 1001.762 1001.75 1001.752 1001.748 1001.744 1001.741 1001.737 1001.734 1001.727 1001.728 1001.73 1001.732 1001.734 1001.736 1001.725 1001.717 1001.708 1001.7 1001.692 1001.684 1001.675 1001.667 1001.659 1001.65 1001.642 1001.593 1001.593 1001.602 1001.612 1001.622 1001.632 1001.591 1001.433 1001.275 1001.117 1000.959 1000.8 1000.76 1000.666 1000.622 1000.641 1000.734 1000.843 1000.95 1001.006 1001.08 1001.154 1001.229 1001.303 1001.332 1001.345 1001.359 1001.373 1001.386
-9999 -9999 -9999 -9999 -9999 -9999 1001.876 1001.78 1001.772 1001.77 1001.77 1001.773 1001.776 1001.767 1001.755 1001.752 1001.749 1001.745 1001.742 1001.738 1001.735 1001.73 1001.728 1001.73 1001.731 1001.733 1001.735 1001.729 1001.721 1001.713 1001.704 1001.696 1001.688 1001.68 1001.671 1001.663 1001.655 1001.646 1001.626 1001.602 1001.612 1001.622 1001.632 1001.642 1001.656 1001.498 1001.339 1001.181 1001.219 1001.029 1000.759 1000.656 1000.612 1000.637 1000.733 1000.819 1000.897 1000.972 1001.046 1001.12 1001.194 1001.268 1001.326 1001.339 1001.353 1001.367 1001.38
-9999 -9999 -9999 -9999 -9999 -9999 -9999 1001.784 1001.776 1001.77 1001.77 1001.77 1001.777 1001.773 1001.761 1001.75 1001.75 1001.747 1001.743 1001.74 1001.736 1001.732 1001.727 1001.729 1001.731 1001.733 1001.735 1001.735 1001.725 1001.717 1001.709 1001.7 1001.692 1001.684 1001.675 1001.667 1001.659 1001.651 1001.642 1001.612 1001.622 1001.632 1001.642 1001.652 1001.662 1001.562 1001.68 1001.695 1001.513 1001.15 1000.865 1000.784 1000.674 1000.614 1000.7 1000.785 1000.871 1000.937 1001.011 1001.085 1001.159 1001.234 1001.31 1001.334 1001.347 1001.361 1001.375
-9999 -9999 -9999 -9999 -9999 -9999 -9999 1001.859 1001.779 1001.771 1001.77 1001.77 1001.773 1001.776 1001.766 1001.754 1001.752 1001.748 1001.744 1001.741 1001.737 1001.734 1001.728 1001.729 1001.731 1001.733 1001.735 1001.737 1001.729 1001.721 1001.713 1001.705 1001.696 1001.688 1001.68 1001.671 1001.663 1001.655 1001.646 1001.626 1001.632 1001.642 1001.652 1001.651 1001.661 1001.692 1001.63 1001.273 1001.07 1001.013 1000.945 1000.836 1000.727 1000.618 1000.667 1000.752 1000.838 1000.902 1000.977 1001.051 1001.125 1001.199 1001.273 1001.328 1001.342 1001.355 1001.369
-9999 -9999 -9999 -9999 -9999 -9999 -9999 -9999 1001.783 1001.775 1001.77 1001.77 1001.77 1001.777 1001.771 1001.759 1001.751 1001.749 1001.745 1001.742 1001.738 1001.735 1001.731 1001.729 1001.731 1001.733 1001.734 1001.736 1001.734 1001.725 1001.717 1001.709 1001.701 1001.692 1001.684 1001.676 1001.667 1001.659 1001.651 1001.642 1001.642 1001.647 1001.657 1001.657 1001.475 1001.302 1001.209 1001.153 1001.096 1001.04 1000.987 1000.888 1000.779 1000.67 1000.633 1000.719 1000.804 1000.875 1000.942 1001.016 1001.09 1001.164 1001.239 1001.319 1001.336 1001.349 1001.363
-9999 -9999 -9999 -9999 -9999 -9999 -9999 -9999 1001.843 1001.778 1001.77 1001.77 1001.77 1001.774 1001.777 1001.765 1001.752 1001.75 1001.747 1001.743 1001.74 1001.736 1001.732 1001.729 1001.73 1001.732 1001.734 1001.736 1001.738 1001.73 1001.721 1001.713 1001.705 1001.696 1001.688 1001.68 1001.672 1001.663 1001.655 1001.67 1001.663 1001.668 1001.556 1001.405 1001.348 1001.292 1001.236 1001.179 1001.123 1001.066 1001.01 1000.941 1000.831 1000.722 1000.6 1000.685 1000.771 1000.856 1000.907 1000.981 1001.056 1001.13 1001.204 1001.279 1001.33 1001.344 1001.357
-9999 -9999 -9999 -9999 -9999 -9999 -9999 -9999 -9999 1001.782 1001.774 1001.77 1001.77 1001.77 1001.778 1001.77 1001.758 1001.751 1001.748 1001.744 1001.741 1001.737 1001.734 1001.729 1001.73 1001.732 1001.734 1001.736 1001.738 1001.734 1001.726 1001.717 1001.709 1001.701 1001.692 1001.684 1001.68 1001.688 1001.677 1001.679 1001.637 1001.544 1001.488 1001.431 1001.375 1001.319 1001.262 1001.206 1001.149 1001.093 1001.037 1000.993 1000.884 1000.774 1000.665 1000.652 1000.737 1000.823 1000.875 1000.947 1001.021 1001.095 1001.169 1001.243 1001.324 1001.338 1001.352
-9999 -9999 -9999 -9999 -9999 -9999 -9999 -9999 -9999 1001.826 1001.778 1001.77 1001.77 1001.77 1001.774 1001.776 1001.763 1001.751 1001.749 1001.745 1001.742 1001.738 1001.735 1001.731 1001.73 1001.732 1001.734 1001.736 1001.738 1001.738 1001.73 1001.721 1001.713 1001.712 1001.707 1001.714 1001.699 1001.698 1001.67 1001.653 1001.627 1001.571 1001.514 1001.458 1001.401 1001.345 1001.289 1001.232 1001.176 1001.12 1001.063 1001.017 1000.936 1000.827 1000.717 1000.619 1000.704 1000.79 1000.868 1000.912 1000.986 1001.061 1001.135 1001.209 1001.288 1001.332 1001.346
-9999 -9999 -9999 -9999 -9999 -9999 -9999 -9999 -9999 -9999 1001.781 1001.773 1001.77 1001.77 1001.77 1001.778 1001.769 1001.756 1001.75 1001.747 1001.743 1001.74 1001.736 1001.732 1001.73 1001.732 1001.734 1001.735 1001.737 1001.739 1001.734 1001.747 1001.743 1001.734 1001.735 1001.715 1001.706 1001.695 1001.678 1001.66 1001.643 1001.597 1001.541 1001.484 1001.428 1001.372 1001.315 1001.259 1001.203 1001.146 1001.09 1001.034 1000.988 1000.879 1000.77 1000.645 1000.671 1000.756 1000.842 1000.878 1000.952 1001.026 1001.1 1001.174 1001.248 1001.326 1001.34
-9999 -9999 -9999 -9999 -9999 -9999 -9999 -9999 -9999 -9999 1001.81 1001.777 1001.77 1001.77 1001.77 1001.774 1001.774 1001.762 1001.75 1001.748 1001.744 1001.741 1001.737 1001.734 1001.73 1001.731 1001.733 1001.735 1001.739 1001.75 1001.76 1001.759 1001.748 1001.736 1001.727 1001.718 1001.71 1001.701 1001.685 1001.668 1001.65 1001.624 1001.567 1001.511 1001.455 1001.398 1001.342 1001.286 1001.229 1001.173 1001.116 1001.06 1001.04 1000.931 1000.822 1000.713 1000.637 1000.723 1000.808 1000.868 1000.917 1000.991 1001.065 1001.14 1001.214 1001.297 1001.334
-9999 -9999 -9999 -9999 -9999 -9999 -9999 -9999 -9999 -9999 -9999 1001.781 1001.773 1001.77 1001.77 1001.77 1001.779 1001.767 1001.755 1001.749 1001.745 1001.742 1001.738 1001.735 1001.731 1001.731 1001.744 1001.755 1001.76 1001.77 1001.76 1001.754 1001.748 1001.739 1001.731 1001.722 1001.713 1001.705 1001.693 1001.675 1001.658 1001.642 1001.594 1001.538 1001.481 1001.425 1001.369 1001.312 1001.256 1001.199 1001.143 1001.087 1001.047 1000.984 1000.874 1000.765 1000.624 1000.689 1000.775 1000.86 1000.883 1000.957 1001.031 1001.105 1001.179 1001.257 1001.328
-9999 -9999 -9999 -9999 -9999 -9999 -9999 -9999 -9999 -9999 -9999 1001.794 1001.776 1001.77 1001.77 1001.77 1001.774 1001.773 1001.761 1001.75 1001.747 1001.743 1001.739 1001.744 1001.75 1001.75 1001.762 1001.764 1001.767 1001.768 1001.762 1001.756 1001.75 1001.743 1001.734 1001.726 1001.717 1001.708 1001.7 1001.683 1001.665 1001.648 1001.621 1001.564 1001.508 1001.451 1001.395 1001.339 1001.282 1001.226 1001.17 1001.113 1001.057 1001.036 1000.927 1000.817 1000.693 1000.656 1000.742 1000.827 1000.867 1000.922 1000.996 1001.07 1001.145 1001.219 1001.305
-9999 -9999 -9999 -9999 -9999 -9999 -9999 -9999 -9999 -9999 -9999 -9999 1001.78 1001.772 1001.77 1001.77 1001.77 1001.778 1001.766 1001.754 1001.748 1001.748 1001.749 1001.753 1001.753 1001.756 1001.759 1001.762 1001.765 1001.769 1001.764 1001.758 1001.752 1001.746 1001.738 1001.729 1001.721 1001.712 1001.703 1001.69 1001.673 1001.655 1001.641 1001.591 1001.534 1001.478 1001.422 1001.365 1001.309 1001.253 1001.196 1001.14 1001.083 1001.07 1000.979 1000.87 1000.76 1000.623 1000.708 1000.794 1000.861 1000.887 1000.962 1001.036 1001.11 1001.184 1001.266
-9999 -9999 -9999 -9999 -9999 -9999 -9999 -9999 -9999 -9999 -9999 -9999 1001.784 1001.776 1001.77 1001.77 1001.77 1001.774 1001.771 1001.755 1001.745 1001.742 1001.753 1001.751 1001.75 1001.754 1001.757 1001.76 1001.763 1001.767 1001.766 1001.759 1001.753 1001.749 1001.741 1001.733 1001.724 1001.716 1001.707 1001.698 1001.68 1001.663 1001.645 1001.617 1001.561 1001.505 1001.448 1001.392 1001.336 1001.279 1001.223 1001.167 1001.11 1001.077 1001.031 1000.922 1000.813 1000.672 1000.675 1000.76 1000.846 1000.867 1000.927 1001.001 1001.075 1001.149 1001.226
-9999 -9999 -9999 -9999 -9999 -9999 -9999 -9999 -9999 -9999 -9999 -9999 -9999 1001.779 1001.771 1001.77 1001.77 1001.77 1001.765 1001.755 1001.757 1001.755 1001.754 1001.752 1001.75 1001.752 1001.755 1001.758 1001.762 1001.765 1001.767 1001.761 1001.755 1001.749 1001.745 1001.736 1001.728 1001.719 1001.711 1001.702 1001.688 1001.67 1001.653 1001.641 1001.588 1001.531 1001.475 1001.419 1001.362 1001.306 1001.249 1001.193 1001.137 1001.084 1001.083 1000.974 1000.865 1000.74 1000.641 1000.727 1000.812 1000.86 1000.892 1000.967 1001.041 1001.115 1001.189
-9999 -9999 -9999 -9999 -9999 -9999 -9999 -9999 -9999 -9999 -9999 -9999 -9999 1001.783 1001.775 1001.77 1001.77 1001.77 1001.768 1001.76 1001.758 1001.756 1001.754 1001.753 1001.751 1001.75 1001.753 1001.756 1001.76 1001.763 1001.766 1001.763 1001.757 1001.751 1001.748 1001.74 1001.731 1001.723 1001.714 1001.706 1001.695 1001.677 1001.66 1001.645 1001.614 1001.558 1001.502 1001.445 1001.389 1001.332 1001.276 1001.22 1001.163 1001.107 1001.1 1001.027 1000.917 1000.808 1000.651 1000.694 1000.779 1000.853 1000.867 1000.932 1001.006 1001.08 1001.154
-9999 -9999 -9999 -9999 -9999 -9999 -9999 -9999 -9999 -9999 -9999 -9999 -9999 1001.889 1001.779 1001.77 1001.77 1001.77 1001.77 1001.763 1001.758 1001.757 1001.755 1001.753 1001.752 1001.75 1001.751 1001.755 1001.758 1001.761 1001.764 1001.765 1001.759 1001.753 1001.748 1001.743 1001.735 1001.726 1001.718 1001.709 1001.701 1001.685 1001.667 1001.65 1001.64 1001.584 1001.528 1001.472 1001.415 1001.359 1001.303 1001.246 1001.19 1001.134 1001.107 1001.079 1000.97 1000.86 1000.719 1000.66 1000.746 1000.831 1000.86 1000.897 1000.971 1001.046 1001.12
-9999 -9999 -9999 -9999 -9999 -9999 -9999 -9999 -9999 -9999 -9999 -9999 -9999 -9999 1001.782 1001.774 1001.77 1001.77 1001.77 1001.767 1001.759 1001.757 1001.756 1001.754 1001.752 1001.751 1001.749 1001.753 1001.756 1001.759 1001.762 1001.766 1001.761 1001.755 1001.748 1001.747 1001.738 1001.73 1001.721 1001.713 1001.704 1001.692 1001.675 1001.657 1001.644 1001.611 1001.555 1001.498 1001.442 1001.386 1001.329 1001.273 1001.216 1001.16 1001.115 1001.123 1001.022 1000.913 1000.788 1000.631 1000.712 1000.798 1000.853 1000.866 1000.937 1001.011 1001.085
-9999 -9999 -9999 -9999 -9999 -9999 -9999 -9999 -9999 -9999 -9999 -9999 -9999 -9999 1001.873 1001.778 1001.77 1001.77 1001.77 1001.77 1001.762 1001.758 1001.756 1001.755 1001.753 1001.751 1001.749 1001.751 1001.754 1001.757 1001.761 1001.764 1001.762 1001.756 1001.75 1001.748 1001.742 1001.733 1001.725 1001.716 1001.708 1001.699 1001.682 1001.665 1001.648 1001.638 1001.581 1001.525 1001.469 1001.412 1001.356 1001.299 1001.243 1001.187 1001.13 1001.131 1001.074 1000.965 1000.856 1000.699 1000.679 1000.764 1000.846 1000.859 1000.902 1000.976 1001.051
-9999 -9999 -9999 -9999 -9999 -9999 -9999 -9999 -9999 -9999 -9999 -9999 -9999 -9999 -9999 1001.781 1001.773 1001.77 1001.77 1001.77 1001.767 1001.759 1001.757 1001.755 1001.754 1001.752 1001.75 1001.749 1001.752 1001.755 1001.759 1001.762 1001.764 1001.758 1001.752 1001.747 1001.746 1001.737 1001.728 1001.72 1001.711 1001.703 1001.69 1001.672 1001.655 1001.644 1001.608 1001.552 1001.495 1001.439 1001.382 1001.326 1001.27 1001.213 1001.157 1001.138 1001.127 1001.017 1000.908 1000.767 1000.646 1000.731 1000.817 1000.853 1000.868 1000.942 1001.016
