COS0=(10.42415197974468, 1.0, -308.39895013, MASK0)
COS1=(4.625039258452228, 2.0, -85.30183727000001, MASK0)
COS2=(1.2563578728061648, 3.0, -98.42519685, MASK0)
COS3=(1.0109781598583616, 89.0, -72.17847769000001, MASK0)
COS4=(10.42415197974468, 92.0, -308.39895013, MASK0)
COS5=(0.0, 93.0, -308.39895013, MASK0)
