COS0=(0.1083866606018629, 3.0, -98.42519685, MASK0)
COS1=(0.03337199629456, 4.0, 59.05511811, MASK0)
COS2=(0.03301020400644747, 5.0, -26.24671916, MASK0)
COS3=(0.0211282274111028, 6.0, 26.24671916, MASK0)
COS4=(0.03337199629456, 89.0, 59.05511811, MASK0)
COS5=(0.1083866606018629, 90.0, -98.42519685, MASK0)
COS6=(0.0988446401734722, 91.0, -19.685039370000002, MASK0)
COS7=(0.021888261573860503, 92.0, -249.34383202, MASK0)
