samples/S1/S1_noSlope/s1_noslope.asc
ncols         419
nrows         60
xllcorner     100
yllcorner     70
cellsize      1
NODATA_value  -9999
[rows 28 to 55 of 60, columns 63 to 125 of 419]
1102.053 1102.074 1102.095 1102.115 1102.135 1102.155 1102.174 1102.193 1102.21 1102.228 1102.245 1102.262 1102.278 1102.293 1102.309 1102.323 1102.337 1102.351 1102.364 1102.376 1102.388 1102.399 1102.41 1102.421 1102.431 1102.44 1102.448 1102.457 1102.464 1102.471 1102.478 1102.484 1102.489 1102.494 1102.499 1102.502 1102.505 1102.508 1102.51 1102.511 1102.513 1102.513 1102.512 1102.512 1102.51 1102.509 1102.507 1102.504 1102.5 1102.496 1102.491 1102.487 1102.48 1102.475 1102.468 1102.46 1102.453 1102.444 1102.435 1102.426 1102.416 1102.405 1102.394
1102.042 1102.063 1102.084 1102.105 1102.125 1102.145 1102.164 1102.182 1102.201 1102.218 1102.236 1102.252 1102.268 1102.284 1102.299 1102.313 1102.327 1102.341 1102.354 1102.366 1102.378 1102.39 1102.401 1102.411 1102.422 1102.431 1102.439 1102.448 1102.455 1102.462 1102.469 1102.474 1102.48 1102.485 1102.49 1102.493 1102.497 1102.499 1102.501 1102.503 1102.504 1102.505 1102.505 1102.504 1102.502 1102.5 1102.498 1102.495 1102.491 1102.488 1102.483 1102.478 1102.472 1102.466 1102.459 1102.451 1102.444 1102.435 1102.426 1102.417 1102.406 1102.396 1102.385
1102.042 1102.063 1102.084 1102.105 1102.125 1102.145 1102.164 1102.182 1102.201 1102.218 1102.236 1102.252 1102.268 1102.284 1102.299 1102.313 1102.327 1102.341 1102.354 1102.366 1102.378 1102.39 1102.401 1102.411 1102.422 1102.431 1102.439 1102.448 1102.455 1102.462 1102.469 1102.474 1102.48 1102.485 1102.49 1102.493 1102.497 1102.499 1102.501 1102.503 1102.504 1102.505 1102.505 1102.504 1102.502 1102.5 1102.498 1102.495 1102.491 1102.488 1102.483 1102.478 1102.472 1102.466 1102.459 1102.451 1102.444 1102.435 1102.426 1102.417 1102.406 1102.396 1102.385
1102.052 1102.074 1102.095 1102.115 1102.135 1102.155 1102.174 1102.193 1102.21 1102.228 1102.245 1102.261 1102.278 1102.293 1102.309 1102.323 1102.337 1102.351 1102.364 1102.376 1102.388 1102.399 1102.41 1102.421 1102.43 1102.44 1102.448 1102.457 1102.464 1102.471 1102.478 1102.484 1102.489 1102.494 1102.499 1102.502 1102.505 1102.508 1102.51 1102.511 1102.512 1102.513 1102.512 1102.512 1102.511 1102.509 1102.506 1102.504 1102.5 1102.497 1102.491 1102.487 1102.48 1102.474 1102.468 1102.46 1102.453 1102.444 1102.435 1102.426 1102.416 1102.405 1102.394
1102.074 1102.095 1102.116 1102.136 1102.156 1102.176 1102.195 1102.213 1102.23 1102.248 1102.265 1102.281 1102.297 1102.313 1102.328 1102.342 1102.356 1102.37 1102.383 1102.395 1102.406 1102.417 1102.428 1102.438 1102.448 1102.458 1102.467 1102.474 1102.482 1102.489 1102.495 1102.501 1102.506 1102.511 1102.516 1102.52 1102.522 1102.526 1102.528 1102.529 1102.53 1102.531 1102.53 1102.53 1102.529 1102.526 1102.524 1102.521 1102.518 1102.514 1102.509 1102.504 1102.499 1102.492 1102.485 1102.479 1102.47 1102.462 1102.453 1102.444 1102.434 1102.424 1102.412
1102.106 1102.127 1102.147 1102.167 1102.187 1102.206 1102.225 1102.243 1102.26 1102.278 1102.294 1102.311 1102.326 1102.342 1102.356 1102.37 1102.384 1102.397 1102.41 1102.423 1102.435 1102.446 1102.456 1102.466 1102.476 1102.485 1102.493 1102.501 1102.509 1102.516 1102.522 1102.528 1102.533 1102.538 1102.542 1102.546 1102.549 1102.552 1102.554 1102.555 1102.556 1102.557 1102.556 1102.555 1102.554 1102.553 1102.551 1102.547 1102.544 1102.54 1102.536 1102.531 1102.525 1102.519 1102.512 1102.505 1102.498 1102.489 1102.48 1102.471 1102.461 1102.45 1102.44
1102.175 1102.195 1102.215 1102.234 1102.253 1102.272 1102.291 1102.308 1102.325 1102.342 1102.358 1102.374 1102.389 1102.404 1102.418 1102.433 1102.446 1102.458 1102.471 1102.483 1102.494 1102.505 1102.516 1102.525 1102.534 1102.543 1102.552 1102.56 1102.567 1102.573 1102.579 1102.585 1102.59 1102.595 1102.599 1102.603 1102.606 1102.608 1102.611 1102.612 1102.613 1102.614 1102.614 1102.613 1102.611 1102.609 1102.607 1102.604 1102.601 1102.597 1102.593 1102.589 1102.583 1102.577 1102.57 1102.563 1102.556 1102.548 1102.539 1102.53 1102.521 1102.51 1102.5
1102.266 1102.285 1102.304 1102.323 1102.341 1102.359 1102.376 1102.394 1102.41 1102.427 1102.442 1102.457 1102.472 1102.486 1102.5 1102.514 1102.526 1102.538 1102.551 1102.562 1102.573 1102.583 1102.593 1102.603 1102.612 1102.62 1102.628 1102.635 1102.643 1102.649 1102.655 1102.66 1102.666 1102.67 1102.674 1102.677 1102.68 1102.682 1102.685 1102.686 1102.687 1102.688 1102.688 1102.687 1102.686 1102.683 1102.682 1102.679 1102.676 1102.672 1102.668 1102.663 1102.658 1102.652 1102.646 1102.639 1102.632 1102.625 1102.616 1102.607 1102.598 1102.588 1102.578
1102.34 1102.359 1102.377 1102.396 1102.414 1102.43 1102.448 1102.464 1102.48 1102.496 1102.51 1102.526 1102.54 1102.553 1102.567 1102.58 1102.592 1102.604 1102.615 1102.627 1102.637 1102.647 1102.657 1102.667 1102.675 1102.684 1102.691 1102.698 1102.705 1102.711 1102.717 1102.722 1102.727 1102.731 1102.735 1102.739 1102.741 1102.744 1102.746 1102.747 1102.748 1102.749 1102.749 1102.748 1102.746 1102.745 1102.743 1102.74 1102.737 1102.734 1102.729 1102.725 1102.719 1102.715 1102.708 1102.701 1102.695 1102.688 1102.679 1102.67 1102.661 1102.652 1102.643
1102.425 1102.444 1102.461 1102.479 1102.496 1102.512 1102.529 1102.544 1102.56 1102.575 1102.589 1102.603 1102.617 1102.63 1102.644 1102.656 1102.667 1102.679 1102.691 1102.701 1102.712 1102.721 1102.73 1102.74 1102.748 1102.756 1102.763 1102.77 1102.776 1102.782 1102.788 1102.793 1102.798 1102.802 1102.805 1102.809 1102.812 1102.814 1102.816 1102.817 1102.818 1102.818 1102.818 1102.818 1102.816 1102.815 1102.813 1102.81 1102.807 1102.804 1102.8 1102.796 1102.791 1102.786 1102.78 1102.773 1102.766 1102.76 1102.751 1102.744 1102.735 1102.726 1102.717
1102.521 1102.538 1102.555 1102.572 1102.588 1102.604 1102.62 1102.635 1102.65 1102.664 1102.678 1102.692 1102.704 1102.717 1102.73 1102.741 1102.753 1102.764 1102.775 1102.785 1102.794 1102.804 1102.813 1102.821 1102.829 1102.837 1102.844 1102.85 1102.856 1102.863 1102.868 1102.873 1102.877 1102.881 1102.885 1102.888 1102.891 1102.893 1102.895 1102.896 1102.896 1102.896 1102.896 1102.896 1102.895 1102.894 1102.891 1102.889 1102.886 1102.883 1102.88 1102.875 1102.87 1102.865 1102.86 1102.854 1102.847 1102.84 1102.833 1102.825 1102.817 1102.808 1102.799
1102.627 1102.643 1102.659 1102.676 1102.691 1102.706 1102.721 1102.735 1102.749 1102.763 1102.776 1102.79 1102.802 1102.813 1102.825 1102.836 1102.848 1102.858 1102.867 1102.877 1102.886 1102.896 1102.904 1102.912 1102.919 1102.927 1102.933 1102.94 1102.946 1102.952 1102.957 1102.961 1102.966 1102.969 1102.972 1102.976 1102.978 1102.98 1102.981 1102.982 1102.984 1102.984 1102.984 1102.984 1102.982 1102.981 1102.979 1102.977 1102.974 1102.971 1102.968 1102.964 1102.959 1102.954 1102.948 1102.943 1102.937 1102.93 1102.923 1102.916 1102.908 1102.9 1102.891
1102.744 1102.759 1102.774 1102.79 1102.804 1102.818 1102.833 1102.846 1102.859 1102.872 1102.884 1102.896 1102.908 1102.919 1102.93 1102.941 1102.951 1102.961 1102.971 1102.979 1102.988 1102.997 1103.004 1103.012 1103.02 1103.026 1103.032 1103.038 1103.044 1103.05 1103.054 1103.059 1103.063 1103.066 1103.069 1103.072 1103.074 1103.076 1103.078 1103.078 1103.08 1103.08 1103.079 1103.079 1103.078 1103.077 1103.075 1103.073 1103.071 1103.068 1103.064 1103.061 1103.057 1103.052 1103.047 1103.042 1103.036 1103.03 1103.023 1103.016 1103.009 1103 1102.992
1102.941 1102.955 1102.969 1102.982 1102.995 1103.008 1102.955 1102.967 1102.979 1102.99 1103.002 1103.014 1103.025 1103.036 1103.046 1103.055 1103.065 1103.074 1103.083 1103.092 1103.099 1103.107 1103.115 1103.122 1103.128 1103.135 1103.141 1103.146 1103.151 1103.156 1103.16 1103.165 1103.168 1103.172 1103.175 1103.177 1103.179 1103.181 1103.182 1103.183 1103.185 1103.185 1103.184 1103.184 1103.183 1103.182 1103.18 1103.178 1103.176 1103.173 1103.17 1103.167 1103.163 1103.158 1103.154 1103.148 1103.143 1103.137 1103.131 1103.125 1103.118 1103.11 1103.103
1103.158 1103.171 1103.182 1103.193 1103.206 1103.14 1103.085 1103.097 1103.108 1103.12 1103.13 1103.141 1103.151 1103.161 1103.169 1103.179 1103.188 1103.196 1103.204 1103.212 1103.219 1103.227 1103.233 1103.24 1103.246 1103.251 1103.258 1103.262 1103.268 1103.271 1103.275 1103.28 1103.283 1103.286 1103.289 1103.291 1103.293 1103.295 1103.296 1103.297 1103.297 1103.297 1103.297 1103.297 1103.297 1103.296 1103.294 1103.292 1103.29 1103.288 1103.284 1103.281 1103.278 1103.273 1103.27 1103.264 1103.26 1103.255 1103.249 1103.243 1103.237 1103.23 1103.224
1103.318 1103.328 1103.34 1103.35 1103.359 1103.294 1103.304 1103.313 1103.323 1103.332 1103.342 1103.351 1103.359 1103.368 1103.376 1103.383 1103.391 1103.398 1103.405 1103.412 1103.417 1103.425 1103.43 1103.436 1103.441 1103.446 1103.383 1103.388 1103.392 1103.396 1103.4 1103.403 1103.406 1103.409 1103.411 1103.414 1103.416 1103.417 1103.418 1103.419 1103.419 1103.419 1103.419 1103.419 1103.418 1103.418 1103.417 1103.415 1103.412 1103.41 1103.407 1103.405 1103.401 1103.398 1103.394 1103.455 1103.45 1103.448 1103.444 1103.438 1103.432 1103.427 1103.421
1103.489 1103.497 1103.506 1103.516 1103.524 1103.533 1103.542 1103.55 1103.557 1103.565 1103.573 1103.581 1103.587 1103.594 1103.601 1103.606 1103.613 1103.619 1103.624 1103.63 1103.635 1103.64 1103.646 1103.649 1103.654 1103.658 1103.585 1103.522 1103.526 1103.53 1103.533 1103.536 1103.538 1103.541 1103.543 1103.545 1103.547 1103.548 1103.549 1103.55 1103.551 1103.551 1103.551 1103.55 1103.55 1103.549 1103.547 1103.546 1103.544 1103.542 1103.54 1103.537 1103.534 1103.531 1103.527 1103.524 1103.661 1103.66 1103.656 1103.652 1103.647 1103.643 1103.638
1103.668 1103.677 1103.684 1103.692 1103.699 1103.707 1103.714 1103.72 1103.727 1103.734 1103.74 1103.746 1103.751 1103.758 1103.763 1103.769 1103.773 1103.779 1103.783 1103.788 1103.792 1103.796 1103.801 1103.804 1103.808 1103.812 1103.74 1103.741 1103.744 1103.748 1103.75 1103.752 1103.754 1103.756 1103.758 1103.76 1103.761 1103.762 1103.763 1103.763 1103.764 1103.764 1103.764 1103.764 1103.763 1103.763 1103.762 1103.76 1103.76 1103.758 1103.756 1103.754 1103.751 1103.749 1103.746 1103.744 1103.74 1103.813 1103.81 1103.806 1103.802 1103.799 1103.794
1103.861 1103.867 1103.873 1103.88 1103.885 1103.891 1103.896 1103.901 1103.907 1103.913 1103.917 1103.922 1103.927 1103.931 1103.936 1103.94 1103.944 1103.948 1103.952 1103.956 1103.959 1103.962 1103.966 1103.968 1103.971 1103.974 1103.977 1103.979 1103.981 1103.984 1103.985 1103.987 1103.988 1103.99 1103.991 1103.992 1103.993 1103.994 1103.995 1103.995 1103.995 1103.995 1103.995 1103.995 1103.995 1103.994 1103.994 1103.993 1103.991 1103.99 1103.989 1103.988 1103.986 1103.984 1103.982 1103.98 1103.978 1103.975 1103.973 1103.969 1103.967 1103.964 1103.96
1104.063 1104.067 1104.071 1104.076 1104.081 1104.084 1104.089 1104.093 1104.096 1104.101 1104.103 1104.107 1104.111 1104.114 1104.117 1104.12 1104.123 1104.126 1104.129 1104.132 1104.135 1104.136 1104.139 1104.142 1104.143 1104.146 1104.147 1104.149 1104.151 1104.152 1104.154 1104.155 1104.156 1104.157 1104.158 1104.158 1104.159 1104.16 1104.161 1104.161 1104.161 1104.161 1104.161 1104.161 1104.161 1104.16 1104.16 1104.158 1104.158 1104.157 1104.156 1104.156 1104.154 1104.152 1104.151 1104.149 1104.148 1104.146 1104.144 1104.143 1104.14 1104.137 1104.135
1104.274 1104.278 1104.28 1104.283 1104.286 1104.288 1104.291 1104.293 1104.295 1104.299 1104.3 1104.302 1104.305 1104.306 1104.309 1104.311 1104.312 1104.313 1104.316 1104.317 1104.319 1104.32 1104.322 1104.323 1104.324 1104.325 1104.327 1104.328 1104.329 1104.33 1104.331 1104.332 1104.332 1104.333 1104.333 1104.334 1104.334 1104.335 1104.335 1104.335 1104.335 1104.335 1104.335 1104.335 1104.335 1104.335 1104.334 1104.334 1104.334 1104.333 1104.333 1104.332 1104.332 1104.33 1104.329 1104.328 1104.328 1104.326 1104.324 1104.324 1104.323 1104.321 1104.32
1104.499 1104.499 1104.5 1104.501 1104.501 1104.503 1104.504 1104.504 1104.505 1104.505 1104.507 1104.508 1104.508 1104.509 1104.51 1104.51 1104.511 1104.511 1104.511 1104.512 1104.512 1104.513 1104.514 1104.514 1104.515 1104.516 1104.516 1104.516 1104.516 1104.517 1104.517 1104.517 1104.518 1104.518 1104.518 1104.518 1104.518 1104.519 1104.519 1104.519 1104.519 1104.519 1104.519 1104.519 1104.519 1104.519 1104.518 1104.518 1104.518 1104.518 1104.518 1104.517 1104.517 1104.517 1104.516 1104.516 1104.516 1104.515 1104.515 1104.514 1104.514 1104.514 1104.513
1105.61 1105.61 1105.61 1105.61 1105.61 1105.61 1105.61 1105.61 1105.61 1105.61 1105.61 1105.61 1105.61 1105.61 1105.61 1105.61 1105.61 1105.61 1105.61 1105.61 1105.61 1105.61 1105.61 1105.61 1105.61 1105.61 1105.61 1105.61 1105.61 1105.61 1105.61 1105.61 1105.61 1105.61 1105.61 1105.61 1105.61 1105.61 1105.61 1105.61 1105.61 1105.61 1105.61 1105.61 1105.61 1105.61 1105.61 1105.61 1105.61 1105.61 1105.61 1105.61 1105.61 1105.61 1105.61 1105.61 1105.61 1105.61 1105.61 1105.61 1105.61 1105.61 1105.61
1107.61 1107.61 1107.61 1107.61 1107.61 1107.61 1107.61 1107.61 1107.61 1107.61 1107.61 1107.61 1107.61 1107.61 1107.61 1107.61 1107.61 1107.61 1107.61 1107.61 1107.61 1107.61 1107.61 1107.61 1107.61 1107.61 1107.61 1107.61 1107.61 1107.61 1107.61 1107.61 1107.61 1107.61 1107.61 1107.61 1107.61 1107.61 1107.61 1107.61 1107.61 1107.61 1107.61 1107.61 1107.61 1107.61 1107.61 1107.61 1107.61 1107.61 1107.61 1107.61 1107.61 1107.61 1107.61 1107.61 1107.61 1107.61 1107.61 1107.61 1107.61 1107.61 1107.61
1109.61 1109.61 1109.61 1109.61 1109.61 1109.61 1109.61 1109.61 1109.61 1109.61 1109.61 1109.61 1109.61 1109.61 1109.61 1109.61 1109.61 1109.61 1109.61 1109.61 1109.61 1109.61 1109.61 1109.61 1109.61 1109.61 1109.61 1109.61 1109.61 1109.61 1109.61 1109.61 1109.61 1109.61 1109.61 1109.61 1109.61 1109.61 1109.61 1109.61 1109.61 1109.61 1109.61 1109.61 1109.61 1109.61 1109.61 1109.61 1109.61 1109.61 1109.61 1109.61 1109.61 1109.61 1109.61 1109.61 1109.61 1109.61 1109.61 1109.61 1109.61 1109.61 1109.61
1111.61 1111.61 1111.61 1111.61 1111.61 1111.61 1111.61 1111.61 1111.61 1111.61 1111.61 1111.61 1111.61 1111.61 1111.61 1111.61 1111.61 1111.61 1111.61 1111.61 1111.61 1111.61 1111.61 1111.61 1111.61 1111.61 1111.61 1111.61 1111.61 1111.61 1111.61 1111.61 1111.61 1111.61 1111.61 1111.61 1111.61 1111.61 1111.61 1111.61 1111.61 1111.61 1111.61 1111.61 1111.61 1111.61 1111.61 1111.61 1111.61 1111.61 1111.61 1111.61 1111.61 1111.61 1111.61 1111.61 1111.61 1111.61 1111.61 1111.61 1111.61 1111.61 1111.61
1113.61 1113.61 1113.61 1113.61 1113.61 1113.61 1113.61 1113.61 1113.61 1113.61 1113.61 1113.61 1113.61 1113.61 1113.61 1113.61 1113.61 1113.61 1113.61 1113.61 1113.61 1113.61 1113.61 1113.61 1113.61 1113.61 1113.61 1113.61 1113.61 1113.61 1113.61 1113.61 1113.61 1113.61 1113.61 1113.61 1113.61 1113.61 1113.61 1113.61 1113.61 1113.61 1113.61 1113.61 1113.61 1113.61 1113.61 1113.61 1113.61 1113.61 1113.61 1113.61 1113.61 1113.61 1113.61 1113.61 1113.61 1113.61 1113.61 1113.61 1113.61 1113.61 1113.61
1115.61 1115.61 1115.61 1115.61 1115.61 1115.61 1115.61 1115.61 1115.61 1115.61 1115.61 1115.61 1115.61 1115.61 1115.61 1115.61 1115.61 1115.61 1115.61 1115.61 1115.61 1115.61 1115.61 1115.61 1115.61 1115.61 1115.61 1115.61 1115.61 1115.61 1115.61 1115.61 1115.61 1115.61 1115.61 1115.61 1115.61 1115.61 1115.61 1115.61 1115.61 1115.61 1115.61 1115.61 1115.61 1115.61 1115.61 1115.61 1115.61 1115.61 1115.61 1115.61 1115.61 1115.61 1115.61 1115.61 1115.61 1115.61 1115.61 1115.61 1115.61 1115.61 1115.61
