samples/S1/S1_noSlope/s1_noslope.asc
ncols         419
nrows         60
xllcorner     100
yllcorner     70
cellsize      1
NODATA_value  -9999
[rows 0 to 27 of 60, columns 315 to 377 of 419]
1126.443 1126.443 1126.443 1126.443 1126.443 1126.443 1126.443 1126.442 1126.442 1126.442 1126.442 1126.441 1126.441 1126.441 1126.44 1126.44 1126.439 1126.439 1126.438 1126.438 1126.437 1126.437 1126.436 1126.436 1126.435 1126.434 1126.434 1126.433 1126.432 1126.432 1126.431 1126.43 1126.429 1126.428 1126.427 1126.427 1126.426 1126.425 1126.424 1126.423 1126.422 1126.421 1126.419 1126.418 1126.417 1126.416 1126.415 1126.414 1126.412 1126.411 1126.41 1126.409 1126.407 1126.406 1126.405 1126.403 1126.402 1126.4 1126.399 1126.397 1126.396 1126.394 1126.393
1125.11 1125.11 1125.109 1125.109 1125.109 1125.108 1125.108 1125.107 1125.106 1125.106 1125.105 1125.104 1125.103 1125.102 1125.101 1125.099 1125.098 1125.097 1125.095 1125.094 1125.092 1125.091 1125.089 1125.087 1125.085 1125.083 1125.081 1125.079 1125.077 1125.075 1125.072 1125.07 1125.067 1125.065 1125.062 1125.059 1125.057 1125.054 1125.051 1125.048 1125.045 1125.042 1125.038 1125.035 1125.032 1125.028 1125.025 1125.021 1125.017 1125.014 1125.01 1125.006 1125.002 1124.998 1124.994 1124.99 1124.985 1124.981 1124.977 1124.972 1124.968 1124.963 1124.958
1123.776 1123.776 1123.776 1123.775 1123.775 1123.774 1123.773 1123.772 1123.771 1123.77 1123.768 1123.766 1123.765 1123.763 1123.761 1123.759 1123.757 1123.755 1123.752 1123.75 1123.747 1123.744 1123.741 1123.738 1123.735 1123.732 1123.729 1123.725 1123.721 1123.718 1123.714 1123.71 1123.706 1123.701 1123.697 1123.692 1123.688 1123.683 1123.678 1123.673 1123.668 1123.663 1123.657 1123.652 1123.646 1123.64 1123.634 1123.628 1123.622 1123.616 1123.61 1123.603 1123.597 1123.59 1123.583 1123.576 1123.569 1123.562 1123.554 1123.547 1123.539 1123.532 1123.524
1122.443 1122.443 1122.442 1122.441 1122.441 1122.439 1122.438 1122.437 1122.435 1122.433 1122.431 1122.429 1122.427 1122.424 1122.422 1122.419 1122.416 1122.413 1122.409 1122.406 1122.402 1122.398 1122.394 1122.39 1122.385 1122.381 1122.376 1122.371 1122.366 1122.361 1122.355 1122.35 1122.344 1122.338 1122.332 1122.325 1122.319 1122.312 1122.305 1122.298 1122.291 1122.284 1122.276 1122.268 1122.26 1122.252 1122.244 1122.236 1122.227 1122.218 1122.209 1122.2 1122.191 1122.182 1122.172 1122.162 1122.152 1122.142 1122.132 1122.121 1122.111 1122.1 1122.089
1121.11 1121.109 1121.108 1121.108 1121.106 1121.105 1121.103 1121.102 1121.099 1121.097 1121.094 1121.092 1121.089 1121.085 1121.082 1121.079 1121.075 1121.071 1121.066 1121.062 1121.057 1121.052 1121.047 1121.041 1121.036 1121.03 1121.024 1121.017 1121.01 1121.004 1120.997 1120.99 1120.982 1120.974 1120.966 1120.958 1120.95 1120.941 1120.932 1120.924 1120.914 1120.905 1120.895 1120.885 1120.875 1120.864 1120.854 1120.843 1120.832 1120.821 1120.809 1120.798 1120.786 1120.774 1120.761 1120.749 1120.736 1120.723 1120.71 1120.696 1120.683 1120.669 1120.655
1119.776 1119.776 1119.775 1119.774 1119.772 1119.77 1119.768 1119.766 1119.763 1119.761 1119.758 1119.754 1119.751 1119.747 1119.743 1119.738 1119.733 1119.728 1119.723 1119.718 1119.712 1119.706 1119.699 1119.693 1119.686 1119.679 1119.671 1119.663 1119.655 1119.647 1119.638 1119.63 1119.62 1119.611 1119.601 1119.591 1119.581 1119.571 1119.56 1119.549 1119.537 1119.526 1119.514 1119.502 1119.489 1119.476 1119.464 1119.45 1119.437 1119.423 1119.409 1119.395 1119.38 1119.366 1119.35 1119.335 1119.32 1119.304 1119.287 1119.271 1119.255 1119.238 1119.22
1118.443 1118.442 1118.441 1118.44 1118.438 1118.436 1118.433 1118.431 1118.428 1118.425 1118.421 1118.417 1118.413 1118.408 1118.403 1118.398 1118.392 1118.386 1118.38 1118.373 1118.366 1118.359 1118.352 1118.344 1118.336 1118.327 1118.318 1118.309 1118.299 1118.29 1118.28 1118.269 1118.259 1118.247 1118.236 1118.224 1118.212 1118.2 1118.187 1118.174 1118.161 1118.147 1118.133 1118.118 1118.104 1118.089 1118.073 1118.058 1118.042 1118.025 1118.009 1117.992 1117.975 1117.958 1117.94 1117.921 1117.903 1117.884 1117.865 1117.845 1117.826 1117.806 1117.786
1117.109 1117.109 1117.107 1117.106 1117.104 1117.101 1117.099 1117.096 1117.092 1117.089 1117.084 1117.079 1117.075 1117.069 1117.064 1117.058 1117.051 1117.044 1117.037 1117.029 1117.021 1117.013 1117.004 1116.995 1116.986 1116.976 1116.966 1116.955 1116.944 1116.933 1116.921 1116.91 1116.897 1116.884 1116.871 1116.857 1116.843 1116.829 1116.815 1116.8 1116.784 1116.769 1116.752 1116.736 1116.719 1116.701 1116.684 1116.666 1116.648 1116.629 1116.61 1116.591 1116.571 1116.551 1116.53 1116.509 1116.488 1116.466 1116.444 1116.422 1116.399 1116.377 1116.353
1115.776 1115.775 1115.774 1115.772 1115.77 1115.767 1115.764 1115.761 1115.757 1115.753 1115.748 1115.742 1115.737 1115.731 1115.725 1115.718 1115.711 1115.703 1115.695 1115.686 1115.677 1115.668 1115.658 1115.648 1115.637 1115.626 1115.615 1115.603 1115.59 1115.578 1115.564 1115.551 1115.537 1115.522 1115.507 1115.492 1115.476 1115.46 1115.444 1115.427 1115.409 1115.392 1115.373 1115.355 1115.335 1115.316 1115.296 1115.276 1115.255 1115.234 1115.212 1115.19 1115.168 1115.145 1115.122 1115.098 1115.074 1115.05 1115.025 1114.999 1114.974 1114.948 1114.922
1114.443 1114.442 1114.44 1114.439 1114.436 1114.433 1114.43 1114.426 1114.422 1114.417 1114.412 1114.406 1114.4 1114.393 1114.386 1114.379 1114.37 1114.362 1114.353 1114.343 1114.333 1114.323 1114.312 1114.301 1114.289 1114.277 1114.264 1114.25 1114.236 1114.222 1114.208 1114.193 1114.177 1114.16 1114.144 1114.127 1114.109 1114.092 1114.073 1114.054 1114.035 1114.015 1113.994 1113.974 1113.952 1113.93 1113.908 1113.885 1113.862 1113.839 1113.814 1113.79 1113.765 1113.74 1113.714 1113.687 1113.661 1113.633 1113.606 1113.577 1113.549 1113.52 1113.49
1113.109 1113.108 1113.107 1113.105 1113.102 1113.099 1113.095 1113.091 1113.086 1113.081 1113.075 1113.069 1113.062 1113.055 1113.047 1113.039 1113.03 1113.021 1113.01 1113 1112.989 1112.978 1112.966 1112.953 1112.94 1112.927 1112.913 1112.897 1112.882 1112.867 1112.851 1112.834 1112.817 1112.799 1112.78 1112.762 1112.742 1112.723 1112.702 1112.681 1112.66 1112.638 1112.615 1112.592 1112.569 1112.544 1112.52 1112.495 1112.47 1112.443 1112.417 1112.39 1112.362 1112.334 1112.306 1112.276 1112.247 1112.217 1112.186 1112.155 1112.124 1112.092 1112.059
1111.776 1111.775 1111.773 1111.771 1111.769 1111.765 1111.761 1111.757 1111.751 1111.746 1111.739 1111.732 1111.725 1111.717 1111.709 1111.7 1111.69 1111.679 1111.668 1111.657 1111.645 1111.632 1111.619 1111.606 1111.591 1111.577 1111.561 1111.545 1111.528 1111.511 1111.494 1111.476 1111.457 1111.437 1111.417 1111.396 1111.375 1111.354 1111.331 1111.309 1111.285 1111.261 1111.236 1111.211 1111.185 1111.159 1111.132 1111.105 1111.077 1111.048 1111.019 1110.99 1110.96 1110.929 1110.898 1110.866 1110.833 1110.801 1110.767 1110.733 1110.698 1110.663 1110.627
1110.443 1110.442 1110.44 1110.438 1110.435 1110.431 1110.426 1110.422 1110.416 1110.41 1110.403 1110.395 1110.387 1110.379 1110.37 1110.36 1110.349 1110.338 1110.326 1110.314 1110.301 1110.287 1110.273 1110.258 1110.243 1110.227 1110.21 1110.192 1110.174 1110.156 1110.137 1110.117 1110.097 1110.075 1110.053 1110.031 1110.008 1109.985 1109.961 1109.936 1109.91 1109.884 1109.858 1109.83 1109.802 1109.773 1109.744 1109.715 1109.684 1109.653 1109.621 1109.59 1109.557 1109.524 1109.49 1109.455 1109.42 1109.384 1109.348 1109.31 1109.273 1109.235 1109.196
1109.109 1109.108 1109.106 1109.104 1109.101 1109.097 1109.092 1109.087 1109.081 1109.074 1109.067 1109.058 1109.05 1109.041 1109.031 1109.021 1109.009 1108.997 1108.984 1108.971 1108.957 1108.942 1108.927 1108.911 1108.894 1108.877 1108.859 1108.84 1108.82 1108.8 1108.78 1108.759 1108.737 1108.714 1108.69 1108.666 1108.641 1108.616 1108.59 1108.563 1108.536 1108.507 1108.479 1108.449 1108.419 1108.388 1108.356 1108.324 1108.292 1108.258 1108.224 1108.19 1108.154 1108.118 1108.082 1108.044 1108.006 1107.968 1107.928 1107.888 1107.848 1107.807 1107.765
1107.776 1107.775 1107.773 1107.77 1107.767 1107.762 1107.757 1107.752 1107.745 1107.738 1107.731 1107.722 1107.713 1107.703 1107.692 1107.681 1107.669 1107.656 1107.642 1107.628 1107.613 1107.597 1107.58 1107.563 1107.546 1107.527 1107.508 1107.487 1107.466 1107.445 1107.423 1107.4 1107.377 1107.352 1107.326 1107.3 1107.274 1107.247 1107.219 1107.19 1107.161 1107.131 1107.102 1107.079 1107.056 1107.033 1107.011 1106.99 1106.969 1106.948 1106.927 1106.908 1106.888 1106.869 1106.851 1106.833 1106.815 1106.798 1106.781 1106.765 1106.749 1106.734 1106.719
1106.693 1106.692 1106.692 1106.69 1106.689 1106.687 1106.685 1106.683 1106.68 1106.677 1106.674 1106.67 1106.666 1106.662 1106.658 1106.654 1106.648 1106.643 1106.638 1106.633 1106.627 1106.621 1106.615 1106.609 1106.603 1106.597 1106.59 1106.583 1106.577 1106.569 1106.563 1106.556 1106.549 1106.542 1106.535 1106.528 1106.521 1106.181 1106.081 1106.076 1106.07 1106.064 1106.059 1106.053 1106.048 1106.043 1106.039 1106.035 1106.03 1106.026 1106.022 1106.018 1106.015 1106.012 1106.008 1106.005 1106.003 1106 1105.998 1105.996 1105.994 1105.992 1105.99
1105.859 1105.859 1105.859 1105.859 1105.859 1105.859 1105.858 1105.858 1105.858 1105.858 1105.857 1105.857 1105.856 1105.856 1105.855 1105.855 1105.854 1105.854 1105.854 1105.853 1105.852 1105.852 1105.851 1105.851 1105.85 1105.85 1105.849 1105.849 1105.849 1105.848 1105.847 1105.847 1105.847 1105.847 1105.847 1105.846 1105.846 1105.511 1105.155 1105.159 1105.163 1105.168 1105.172 1105.177 1105.183 1105.187 1105.193 1105.198 1105.204 1105.208 1105.214 1105.22 1105.225 1105.231 1105.236 1105.244 1105.249 1104.915 1104.922 1104.927 1104.934 1104.944 1104.949
1104.688 1104.688 1104.688 1104.688 1104.689 1104.69 1104.691 1104.692 1104.693 1104.695 1104.697 1104.698 1104.699 1104.702 1104.705 1104.706 1104.708 1104.711 1104.714 1104.716 1104.719 1104.723 1104.725 1104.729 1104.733 1104.736 1104.739 1104.744 1104.747 1104.75 1104.755 1104.76 1104.764 1104.769 1104.774 1104.777 1104.782 1104.79 1104.433 1104.439 1104.445 1104.452 1104.458 1104.464 1104.472 1104.478 1104.485 1104.492 1104.501 1104.507 1104.515 1104.523 1104.53 1104.537 1104.546 1104.555 1104.562 1104.229 1103.934 1103.944 1103.956 1103.966 1103.976
1103.595 1103.596 1103.596 1103.597 1103.598 1103.599 1103.601 1103.603 1103.604 1103.606 1103.609 1103.611 1103.614 1103.617 1103.62 1103.623 1103.626 1103.63 1103.633 1103.638 1103.309 1103.314 1103.318 1103.324 1103.33 1103.334 1103.341 1103.348 1103.353 1103.359 1103.366 1103.374 1103.38 1103.388 1103.396 1103.402 1103.411 1103.418 1103.427 1103.435 1103.445 1103.453 1103.461 1103.471 1103.48 1103.489 1103.499 1103.51 1103.52 1103.529 1103.541 1103.552 1103.56 1103.573 1103.582 1103.594 1103.604 1103.617 1103.324 1103.335 1103.349 1103.363 1103.375
1102.921 1102.921 1102.922 1102.923 1102.924 1102.925 1102.927 1102.929 1102.931 1102.933 1102.936 1102.939 1102.942 1102.946 1102.949 1102.953 1102.957 1102.961 1102.965 1102.971 1102.643 1102.354 1102.36 1102.367 1102.374 1102.381 1102.388 1102.396 1102.404 1102.412 1102.42 1102.429 1102.438 1102.447 1102.457 1102.465 1102.476 1102.486 1102.496 1102.506 1102.517 1102.529 1102.54 1102.551 1102.563 1102.575 1102.587 1102.599 1102.613 1102.625 1102.363 1102.376 1102.389 1102.404 1102.418 1102.435 1102.448 1102.463 1102.48 1102.494 1102.51 1102.528 1102.542
1101.988 1101.988 1101.989 1101.99 1101.991 1101.993 1101.995 1101.998 1102 1102.003 1102.006 1102.01 1102.013 1102.018 1102.022 1102.026 1102.031 1102.036 1102.042 1102.048 1102.055 1101.767 1101.774 1101.781 1101.79 1101.797 1101.806 1101.814 1101.823 1101.832 1101.841 1101.851 1101.861 1101.871 1101.882 1101.892 1101.904 1101.915 1101.927 1101.938 1101.95 1101.964 1101.975 1101.988 1102.002 1102.015 1102.028 1102.042 1102.057 1102.071 1101.81 1101.587 1101.603 1101.62 1101.637 1101.655 1101.672 1101.69 1101.708 1101.725 1101.745 1101.763 1101.781
1100.875 1100.876 1100.877 1100.879 1100.88 1100.883 1100.885 1100.887 1100.891 1100.895 1100.898 1100.902 1100.907 1100.912 1100.917 1100.923 1100.929 1100.936 1100.942 1100.949 1100.957 1100.965 1100.972 1100.982 1100.99 1100.999 1101.01 1101.019 1101.029 1101.039 1101.051 1101.061 1101.073 1101.085 1101.096 1101.109 1101.123 1101.135 1101.147 1101.161 1101.177 1101.189 1101.204 1101.22 1101.234 1101.249 1101.265 1101.282 1101.297 1101.314 1101.332 1101.109 1101.127 1101.146 1101.164 1101.183 1101.202 1101.222 1101.241 1101.26 1101.281 1101.301 1101.321
1100.141 1100.142 1100.143 1100.145 1100.147 1100.149 1100.151 1100.155 1100.158 1100.162 1100.166 1100.171 1100.176 1100.182 1100.188 1100.194 1100.201 1100.208 1100.216 1100.224 1100.232 1100.24 1100.25 1100.259 1100.269 1100.28 1100.29 1100.301 1100.312 1100.324 1100.336 1100.349 1100.361 1100.374 1100.388 1100.402 1100.416 1100.222 1100.237 1100.252 1100.268 1100.285 1100.302 1100.318 1100.336 1100.354 1100.372 1100.391 1100.409 1100.428 1100.448 1100.467 1100.487 1100.507 1100.527 1100.549 1100.57 1100.591 1100.613 1100.635 1100.656 1100.679 1100.702
1099.704 1099.705 1099.706 1099.708 1099.71 1099.713 1099.715 1099.719 1099.723 1099.727 1099.731 1099.736 1099.742 1099.748 1099.754 1099.761 1099.768 1099.775 1099.783 1099.792 1099.801 1099.81 1099.82 1099.83 1099.84 1099.851 1099.863 1099.874 1099.886 1099.899 1099.911 1099.925 1099.938 1099.952 1099.967 1099.982 1099.997 1099.803 1099.649 1099.665 1099.683 1099.701 1099.719 1099.738 1099.757 1099.776 1099.795 1099.815 1099.836 1099.856 1099.877 1099.899 1099.92 1099.942 1099.964 1099.987 1100.01 1100.033 1100.057 1100.08 1100.104 1100.129 1100.153
1099.128 1099.129 1099.131 1099.133 1099.135 1099.137 1099.141 1099.144 1099.148 1099.153 1099.157 1099.163 1099.169 1099.176 1099.183 1099.189 1099.198 1099.206 1099.214 1099.224 1099.232 1099.243 1099.253 1099.264 1099.276 1099.286 1099.3 1099.312 1099.324 1099.338 1099.353 1099.366 1099.38 1099.396 1099.412 1099.427 1099.444 1099.461 1099.307 1099.324 1099.343 1099.362 1099.38 1099.4 1099.42 1099.44 1099.46 1099.481 1099.503 1099.524 1099.546 1099.569 1099.591 1099.614 1099.637 1099.661 1099.685 1099.709 1099.734 1099.758 1099.783 1099.809 1099.834
1098.493 1098.494 1098.496 1098.497 1098.5 1098.502 1098.506 1098.51 1098.514 1098.519 1098.524 1098.531 1098.537 1098.544 1098.552 1098.559 1098.567 1098.577 1098.585 1098.595 1098.605 1098.616 1098.627 1098.639 1098.651 1098.664 1098.677 1098.692 1098.705 1098.719 1098.734 1098.75 1098.766 1098.782 1098.799 1098.815 1098.833 1098.852 1098.87 1098.888 1098.908 1098.928 1098.948 1098.969 1098.99 1099.01 1099.032 1099.055 1099.077 1099.099 1099.123 1099.147 1099.17 1099.195 1099.219 1099.245 1099.269 1099.296 1099.322 1099.346 1099.374 1099.401 1099.427
1098.116 1098.117 1098.118 1098.12 1098.123 1098.126 1098.129 1098.133 1098.138 1098.143 1098.149 1098.155 1098.162 1098.169 1098.177 1098.185 1098.193 1098.203 1098.213 1098.223 1098.234 1098.245 1098.256 1098.268 1098.281 1098.294 1098.308 1098.323 1098.337 1098.352 1098.368 1098.384 1098.4 1098.417 1098.435 1098.453 1098.471 1098.49 1098.51 1098.529 1098.549 1098.57 1098.59 1098.612 1098.634 1098.656 1098.679 1098.702 1098.725 1098.749 1098.773 1098.798 1098.823 1098.848 1098.874 1098.9 1098.926 1098.953 1098.98 1099.007 1099.035 1099.063 1099.091
1097.918 1097.919 1097.92 1097.922 1097.925 1097.928 1097.931 1097.935 1097.939 1097.945 1097.951 1097.958 1097.964 1097.971 1097.979 1097.988 1097.997 1098.006 1098.016 1098.026 1098.037 1098.049 1098.061 1098.073 1098.086 1098.1 1098.114 1098.128 1098.143 1098.158 1098.175 1098.191 1098.208 1098.226 1098.244 1098.262 1098.281 1098.3 1098.32 1098.34 1098.36 1098.381 1098.403 1098.425 1098.447 1098.47 1098.492 1098.516 1098.54 1098.564 1098.589 1098.614 1098.64 1098.666 1098.692 1098.718 1098.745 1098.773 1098.801 1098.828 1098.856 1098.885 1098.914
