samples/S1/S1_noSlope/s1_noslope.asc
ncols         419
nrows         60
xllcorner     100
yllcorner     70
cellsize      1
NODATA_value  -9999
[rows 28 to 55 of 60, columns 189 to 251 of 419]
1100.831 1100.795 1100.76 1100.724 1100.688 1100.653 1100.616 1100.58 1100.544 1100.508 1100.471 1100.435 1100.398 1100.361 1100.324 1100.287 1100.25 1100.214 1100.177 1100.14 1100.103 1100.066 1100.029 1099.992 1099.955 1099.919 1099.882 1099.845 1099.808 1099.772 1099.735 1099.698 1099.662 1099.625 1099.59 1099.553 1099.518 1099.482 1099.446 1099.411 1099.375 1099.34 1099.305 1099.27 1099.235 1099.201 1099.167 1099.182 1099.149 1099.115 1099.082 1099.05 1099.017 1098.984 1098.952 1098.921 1098.889 1098.857 1098.827 1098.796 1098.766 1098.734 1098.705
1100.764 1100.729 1100.694 1100.657 1100.621 1100.585 1100.548 1100.512 1100.475 1100.438 1100.401 1100.365 1100.328 1100.291 1100.253 1100.216 1100.179 1100.141 1100.104 1100.067 1100.03 1099.992 1099.955 1099.917 1099.88 1099.843 1099.805 1099.769 1099.731 1099.695 1099.657 1099.621 1099.584 1099.547 1099.51 1099.475 1099.438 1099.402 1099.365 1099.329 1099.294 1099.259 1099.223 1099.188 1099.152 1099.118 1099.083 1099.048 1099.015 1098.98 1098.947 1098.914 1098.88 1098.847 1098.814 1098.782 1098.75 1098.718 1098.687 1098.656 1098.624 1098.593 1098.563
1100.765 1100.729 1100.694 1100.657 1100.621 1100.584 1100.549 1100.512 1100.475 1100.438 1100.401 1100.365 1100.328 1100.29 1100.253 1100.216 1100.178 1100.141 1100.104 1100.067 1100.029 1099.992 1099.955 1099.917 1099.88 1099.843 1099.806 1099.768 1099.731 1099.695 1099.657 1099.621 1099.583 1099.547 1099.51 1099.475 1099.438 1099.401 1099.365 1099.33 1099.294 1099.259 1099.222 1099.188 1099.153 1099.118 1099.083 1099.049 1099.015 1098.98 1098.947 1098.914 1098.88 1098.847 1098.814 1098.782 1098.75 1098.718 1098.687 1098.655 1098.624 1098.594 1098.563
1100.83 1100.795 1100.76 1100.724 1100.688 1100.652 1100.616 1100.58 1100.544 1100.508 1100.471 1100.435 1100.397 1100.361 1100.324 1100.287 1100.251 1100.214 1100.177 1100.14 1100.103 1100.066 1100.029 1099.992 1099.955 1099.918 1099.881 1099.845 1099.808 1099.771 1099.735 1099.698 1099.662 1099.626 1099.589 1099.553 1099.518 1099.482 1099.446 1099.41 1099.375 1099.34 1099.304 1099.27 1099.235 1099.201 1099.166 1099.182 1099.149 1099.115 1099.083 1099.05 1099.017 1098.984 1098.952 1098.921 1098.888 1098.857 1098.827 1098.796 1098.765 1098.735 1098.705
1100.91 1100.875 1100.839 1100.805 1100.769 1100.734 1100.698 1100.662 1100.626 1100.591 1100.554 1100.518 1100.482 1100.446 1100.409 1100.373 1100.337 1100.301 1100.264 1100.227 1100.191 1100.155 1100.118 1100.082 1100.045 1100.009 1099.972 1099.936 1099.9 1099.864 1099.828 1099.792 1099.755 1099.72 1099.684 1099.648 1099.613 1099.578 1099.542 1099.507 1099.473 1099.438 1099.403 1099.369 1099.334 1099.3 1099.266 1099.283 1099.334 1099.301 1099.268 1099.236 1099.204 1099.172 1099.141 1099.11 1099.079 1099.049 1099.019 1098.988 1098.958 1098.929 1098.9
1101.081 1101.047 1101.012 1100.978 1100.944 1100.909 1100.875 1100.84 1100.805 1100.77 1100.735 1100.699 1100.665 1100.629 1100.594 1100.558 1100.524 1100.488 1100.452 1100.417 1100.382 1100.346 1100.311 1100.275 1100.24 1100.205 1100.169 1100.134 1100.099 1100.063 1100.028 1099.993 1099.958 1099.924 1099.889 1099.854 1099.819 1099.785 1099.751 1099.717 1099.683 1099.649 1099.615 1099.582 1099.548 1099.516 1099.483 1099.45 1099.502 1099.469 1099.438 1099.406 1099.375 1099.344 1099.313 1099.283 1099.252 1099.223 1099.193 1099.164 1099.135 1099.105 1099.078
1101.305 1101.272 1101.239 1101.206 1101.173 1101.139 1101.106 1101.073 1101.039 1101.005 1100.972 1100.938 1100.904 1100.871 1100.836 1100.802 1100.769 1100.734 1100.7 1100.666 1100.632 1100.597 1100.563 1100.529 1100.495 1100.461 1100.427 1100.394 1100.359 1100.325 1100.292 1100.257 1100.224 1100.191 1100.157 1100.124 1100.09 1100.057 1100.024 1099.991 1099.959 1099.926 1099.894 1099.861 1099.83 1099.797 1099.766 1099.852 1099.821 1099.79 1099.759 1099.729 1099.699 1099.669 1099.64 1099.61 1099.582 1099.553 1099.525 1099.497 1099.469 1099.441 1099.414
1101.489 1101.457 1101.425 1101.394 1101.361 1101.329 1101.297 1101.264 1101.231 1101.199 1101.167 1101.134 1101.101 1101.069 1101.035 1101.002 1100.97 1100.936 1100.903 1100.87 1100.838 1100.804 1100.771 1100.738 1100.705 1100.672 1100.639 1100.607 1100.573 1100.54 1100.508 1100.475 1100.443 1100.411 1100.378 1100.345 1100.313 1100.281 1100.249 1100.217 1100.186 1100.154 1100.123 1100.091 1100.061 1100.03 1099.999 1100.086 1100.207 1100.177 1100.149 1100.12 1100.092 1100.064 1100.037 1100.008 1099.981 1099.954 1099.927 1099.9 1099.874 1099.848 1099.822
1101.699 1101.669 1101.638 1101.607 1101.576 1101.545 1101.514 1101.483 1101.452 1101.42 1101.389 1101.358 1101.326 1101.294 1101.263 1101.231 1101.199 1101.298 1101.266 1101.235 1101.204 1101.172 1101.141 1101.111 1101.079 1101.048 1101.018 1100.987 1100.955 1100.925 1100.894 1100.863 1100.833 1100.802 1100.771 1100.74 1100.71 1100.68 1100.65 1100.62 1100.591 1100.561 1100.531 1100.501 1100.473 1100.444 1100.415 1100.387 1100.509 1100.481 1100.454 1100.427 1100.4 1100.373 1100.347 1100.319 1100.293 1100.268 1100.241 1100.216 1100.191 1100.166 1100.141
1101.936 1101.907 1101.878 1101.849 1101.819 1101.789 1101.76 1101.73 1101.7 1101.669 1101.64 1101.61 1101.579 1101.549 1101.519 1101.488 1101.458 1101.558 1101.689 1101.659 1101.631 1101.602 1101.573 1101.544 1101.516 1101.486 1101.457 1101.429 1101.4 1101.371 1101.343 1101.315 1101.285 1101.257 1101.229 1101.201 1101.172 1101.145 1101.117 1101.089 1101.062 1101.034 1101.006 1100.979 1100.953 1100.926 1100.898 1101.056 1101.031 1101.003 1100.979 1100.953 1100.93 1100.904 1100.879 1100.856 1100.831 1100.806 1100.784 1100.76 1100.736 1100.713 1100.691
1102.344 1102.318 1102.29 1102.265 1102.238 1102.208 1102.182 1102.156 1102.126 1102.099 1102.073 1102.045 1102.016 1101.989 1101.961 1101.932 1101.905 1101.877 1102.009 1101.981 1101.954 1101.927 1101.899 1101.873 1101.845 1101.818 1101.791 1101.764 1101.737 1101.709 1101.683 1101.656 1101.629 1101.603 1101.575 1101.55 1101.523 1101.497 1101.47 1101.443 1101.418 1101.393 1101.366 1101.34 1101.316 1101.291 1101.264 1101.424 1101.618 1101.594 1101.573 1101.549 1101.527 1101.504 1101.483 1101.46 1101.438 1101.417 1101.396 1101.374 1101.353 1101.333 1101.312
1102.805 1102.782 1102.756 1102.732 1102.708 1102.682 1102.657 1102.634 1102.608 1102.583 1102.558 1102.534 1102.508 1102.483 1102.458 1102.432 1102.407 1102.382 1102.358 1102.332 1102.306 1102.281 1102.255 1102.23 1102.205 1102.179 1102.353 1102.326 1102.304 1102.278 1102.254 1102.232 1102.206 1102.182 1102.158 1102.137 1102.111 1102.088 1102.066 1102.041 1102.017 1101.996 1101.971 1101.948 1101.926 1101.905 1101.88 1101.859 1102.055 1102.033 1102.012 1101.99 1101.971 1101.95 1101.93 1101.91 1101.889 1101.87 1101.85 1101.829 1101.81 1101.792 1101.773
1103.147 1103.126 1103.103 1103.08 1103.058 1103.035 1103.011 1102.99 1102.966 1102.943 1102.92 1102.898 1102.874 1102.851 1102.828 1102.804 1102.781 1102.758 1102.735 1102.711 1102.688 1102.666 1102.641 1102.617 1102.595 1102.572 1102.745 1102.951 1102.93 1102.909 1102.888 1102.868 1102.847 1102.826 1102.805 1102.785 1102.764 1102.743 1102.723 1102.703 1102.682 1102.662 1102.642 1102.622 1102.603 1102.583 1102.563 1102.796 1102.776 1102.757 1102.739 1102.721 1102.704 1102.686 1102.669 1102.651 1102.634 1102.617 1102.6 1102.583 1102.567 1102.551 1102.534
1103.516 1103.495 1103.475 1103.456 1103.434 1103.413 1103.394 1103.372 1103.352 1103.331 1103.521 1103.498 1103.478 1103.46 1103.438 1103.419 1103.401 1103.379 1103.359 1103.339 1103.321 1103.299 1103.279 1103.261 1103.239 1103.219 1103.201 1103.408 1103.389 1103.371 1103.352 1103.334 1103.315 1103.297 1103.278 1103.26 1103.241 1103.223 1103.205 1103.187 1103.169 1103.151 1103.133 1103.115 1103.098 1103.08 1103.063 1103.297 1103.566 1103.551 1103.537 1103.521 1103.507 1103.492 1103.479 1103.464 1103.45 1103.437 1103.422 1103.408 1103.395 1103.382 1103.368
1103.91 1103.892 1103.874 1103.857 1103.838 1103.82 1103.802 1103.782 1103.765 1103.746 1103.937 1104.156 1104.14 1104.124 1104.108 1104.092 1104.075 1104.059 1104.042 1104.026 1104.01 1103.993 1103.977 1103.961 1103.944 1103.928 1103.912 1103.895 1103.879 1103.863 1104.112 1104.094 1104.08 1104.067 1104.05 1104.035 1104.021 1104.009 1103.991 1103.977 1103.965 1103.948 1103.935 1103.92 1103.908 1103.892 1103.878 1103.866 1104.136 1104.124 1104.113 1104.1 1104.088 1104.076 1104.064 1104.051 1104.039 1104.029 1104.016 1104.004 1103.993 1103.983 1103.971
1104.555 1104.541 1104.526 1104.511 1104.497 1104.482 1104.468 1104.453 1104.438 1104.423 1104.411 1104.632 1104.619 1104.605 1104.592 1104.578 1104.564 1104.551 1104.537 1104.523 1104.509 1104.495 1104.482 1104.468 1104.454 1104.441 1104.427 1104.413 1104.4 1104.386 1104.636 1104.918 1104.908 1104.897 1104.886 1104.875 1104.865 1104.854 1104.844 1104.833 1104.823 1104.813 1104.802 1104.792 1104.781 1104.771 1104.761 1105.071 1105.06 1105.051 1105.042 1105.034 1105.026 1105.018 1105.009 1105 1104.992 1104.984 1104.977 1104.969 1104.961 1104.953 1104.946
1105.253 1105.244 1105.232 1105.223 1105.213 1105.2 1105.191 1105.181 1105.168 1105.157 1105.148 1105.137 1105.125 1105.115 1105.105 1105.093 1105.083 1105.347 1105.339 1105.326 1105.316 1105.31 1105.297 1105.288 1105.281 1105.269 1105.26 1105.25 1105.244 1105.231 1105.225 1105.509 1105.501 1105.493 1105.485 1105.477 1105.47 1105.462 1105.454 1105.447 1105.439 1105.432 1105.424 1105.416 1105.409 1105.401 1105.394 1105.705 1105.986 1105.985 1105.984 1105.984 1105.984 1105.984 1105.984 1105.984 1105.985 1105.986 1105.986 1105.987 1105.989 1105.99 1105.991
1105.753 1105.747 1105.738 1105.732 1105.724 1105.715 1105.708 1105.701 1105.691 1105.683 1105.677 1105.669 1105.66 1105.653 1105.646 1105.636 1105.63 1105.896 1106.128 1106.127 1106.125 1106.124 1106.123 1106.122 1106.121 1106.12 1106.12 1106.12 1106.119 1106.12 1106.12 1106.121 1106.122 1106.123 1106.124 1106.126 1106.128 1106.13 1106.133 1106.136 1106.139 1106.143 1106.148 1106.152 1106.157 1106.162 1106.169 1106.269 1106.557 1106.567 1106.576 1106.587 1106.598 1106.609 1106.62 1106.632 1106.644 1106.656 1106.67 1106.683 1106.697 1106.711 1106.726
1106.254 1106.253 1106.253 1106.253 1106.252 1106.253 1106.253 1106.253 1106.254 1106.255 1106.257 1106.259 1106.261 1106.263 1106.266 1106.27 1106.273 1106.365 1106.605 1106.613 1106.621 1106.63 1106.639 1106.649 1106.659 1106.67 1106.681 1106.693 1106.705 1106.718 1106.731 1106.746 1106.761 1106.777 1106.793 1106.81 1106.828 1106.848 1106.868 1106.889 1106.91 1106.933 1106.958 1106.983 1107.009 1107.037 1107.066 1107.096 1107.138 1107.188 1107.238 1107.287 1107.335 1107.384 1107.43 1107.477 1107.523 1107.568 1107.613 1107.657 1107.701 1107.743 1107.786
1106.749 1106.759 1106.77 1106.781 1106.793 1106.805 1106.819 1106.833 1106.848 1106.863 1106.88 1106.897 1106.916 1106.936 1106.956 1106.978 1107.002 1107.026 1107.075 1107.092 1107.11 1107.17 1107.229 1107.288 1107.347 1107.405 1107.462 1107.52 1107.577 1107.634 1107.689 1107.745 1107.8 1107.855 1107.909 1107.963 1108.016 1108.069 1108.122 1108.173 1108.224 1108.275 1108.325 1108.375 1108.424 1108.473 1108.521 1108.569 1108.616 1108.662 1108.708 1108.753 1108.798 1108.843 1108.886 1108.929 1108.972 1109.014 1109.055 1109.096 1109.137 1109.176 1109.215
1107.554 1107.613 1107.672 1107.732 1107.791 1107.85 1107.909 1107.967 1108.025 1108.084 1108.142 1108.199 1108.257 1108.314 1108.372 1108.428 1108.484 1108.541 1108.597 1108.652 1108.708 1108.763 1108.817 1108.872 1108.925 1108.979 1109.032 1109.085 1109.138 1109.189 1109.241 1109.292 1109.343 1109.393 1109.443 1109.492 1109.541 1109.59 1109.639 1109.686 1109.733 1109.779 1109.826 1109.872 1109.917 1109.962 1110.006 1110.05 1110.093 1110.136 1110.178 1110.22 1110.261 1110.302 1110.342 1110.382 1110.421 1110.46 1110.498 1110.535 1110.573 1110.609 1110.645
1109.252 1109.306 1109.36 1109.414 1109.468 1109.522 1109.576 1109.629 1109.682 1109.735 1109.788 1109.841 1109.893 1109.946 1109.998 1110.05 1110.101 1110.153 1110.204 1110.255 1110.305 1110.355 1110.405 1110.455 1110.504 1110.553 1110.601 1110.65 1110.698 1110.745 1110.792 1110.839 1110.885 1110.931 1110.977 1111.022 1111.067 1111.111 1111.156 1111.199 1111.242 1111.284 1111.327 1111.369 1111.41 1111.451 1111.491 1111.531 1111.571 1111.61 1111.648 1111.687 1111.724 1111.762 1111.798 1111.834 1111.87 1111.906 1111.94 1111.975 1112.009 1112.042 1112.075
1110.95 1110.998 1111.047 1111.096 1111.146 1111.194 1111.243 1111.291 1111.339 1111.387 1111.435 1111.483 1111.53 1111.578 1111.625 1111.672 1111.718 1111.765 1111.811 1111.857 1111.903 1111.948 1111.993 1112.038 1112.083 1112.127 1112.171 1112.214 1112.258 1112.301 1112.344 1112.386 1112.428 1112.469 1112.511 1112.551 1112.592 1112.632 1112.672 1112.712 1112.75 1112.789 1112.827 1112.865 1112.903 1112.94 1112.976 1113.013 1113.048 1113.083 1113.119 1113.153 1113.187 1113.221 1113.254 1113.287 1113.32 1113.352 1113.383 1113.414 1113.445 1113.475 1113.505
1112.648 1112.691 1112.735 1112.779 1112.823 1112.866 1112.91 1112.953 1112.996 1113.039 1113.082 1113.125 1113.167 1113.209 1113.252 1113.294 1113.335 1113.377 1113.418 1113.46 1113.5 1113.541 1113.581 1113.622 1113.661 1113.701 1113.74 1113.779 1113.818 1113.857 1113.895 1113.933 1113.97 1114.008 1114.045 1114.081 1114.117 1114.153 1114.189 1114.224 1114.259 1114.293 1114.328 1114.362 1114.395 1114.429 1114.461 1114.494 1114.526 1114.557 1114.589 1114.62 1114.65 1114.681 1114.71 1114.74 1114.769 1114.797 1114.826 1114.853 1114.881 1114.908 1114.935
1114.346 1114.384 1114.422 1114.461 1114.5 1114.538 1114.577 1114.615 1114.653 1114.691 1114.729 1114.766 1114.804 1114.841 1114.879 1114.916 1114.952 1114.989 1115.025 1115.062 1115.098 1115.134 1115.169 1115.205 1115.24 1115.275 1115.31 1115.344 1115.379 1115.413 1115.446 1115.479 1115.513 1115.546 1115.578 1115.61 1115.643 1115.674 1115.706 1115.737 1115.768 1115.798 1115.828 1115.859 1115.888 1115.917 1115.947 1115.975 1116.003 1116.031 1116.059 1116.086 1116.113 1116.14 1116.167 1116.192 1116.218 1116.243 1116.268 1116.292 1116.317 1116.341 1116.364
1116.044 1116.077 1116.11 1116.143 1116.177 1116.21 1116.244 1116.276 1116.31 1116.343 1116.375 1116.408 1116.441 1116.473 1116.506 1116.537 1116.569 1116.601 1116.633 1116.665 1116.695 1116.727 1116.757 1116.789 1116.819 1116.849 1116.879 1116.909 1116.939 1116.968 1116.998 1117.026 1117.055 1117.084 1117.112 1117.14 1117.168 1117.195 1117.223 1117.25 1117.277 1117.303 1117.33 1117.356 1117.382 1117.407 1117.432 1117.458 1117.482 1117.506 1117.53 1117.554 1117.577 1117.601 1117.624 1117.646 1117.668 1117.69 1117.712 1117.733 1117.755 1117.776 1117.796
1117.744 1117.771 1117.8 1117.828 1117.857 1117.885 1117.913 1117.941 1117.969 1117.997 1118.025 1118.053 1118.08 1118.108 1118.135 1118.162 1118.189 1118.217 1118.243 1118.27 1118.297 1118.323 1118.349 1118.376 1118.401 1118.427 1118.453 1118.478 1118.503 1118.528 1118.553 1118.578 1118.602 1118.626 1118.65 1118.674 1118.698 1118.721 1118.744 1118.767 1118.79 1118.812 1118.834 1118.857 1118.878 1118.9 1118.921 1118.943 1118.963 1118.984 1119.004 1119.024 1119.044 1119.064 1119.083 1119.102 1119.121 1119.14 1119.158 1119.176 1119.194 1119.212 1119.229
1119.447 1119.469 1119.493 1119.516 1119.539 1119.562 1119.586 1119.608 1119.631 1119.654 1119.677 1119.7 1119.722 1119.744 1119.767 1119.789 1119.811 1119.834 1119.855 1119.878 1119.899 1119.921 1119.942 1119.964 1119.985 1120.006 1120.027 1120.047 1120.068 1120.089 1120.109 1120.129 1120.149 1120.169 1120.188 1120.208 1120.227 1120.246 1120.265 1120.284 1120.303 1120.321 1120.339 1120.357 1120.375 1120.393 1120.41 1120.427 1120.444 1120.461 1120.478 1120.494 1120.51 1120.527 1120.543 1120.558 1120.574 1120.589 1120.604 1120.618 1120.633 1120.648 1120.662
