samples/S1/S1_noSlope/s1_noslope.asc
ncols         419
nrows         60
xllcorner     100
yllcorner     70
cellsize      1
NODATA_value  -9999
[rows 0 to 27 of 60, columns 63 to 125 of 419]
1126.153 1126.151 1126.149 1126.147 1126.146 1126.144 1126.142 1126.14 1126.139 1126.137 1126.135 1126.134 1126.132 1126.131 1126.129 1126.128 1126.127 1126.125 1126.124 1126.123 1126.122 1126.121 1126.12 1126.119 1126.118 1126.117 1126.116 1126.115 1126.115 1126.114 1126.113 1126.113 1126.112 1126.112 1126.111 1126.111 1126.111 1126.11 1126.11 1126.11 1126.11 1126.11 1126.11 1126.11 1126.11 1126.11 1126.11 1126.111 1126.111 1126.111 1126.112 1126.112 1126.113 1126.114 1126.114 1126.115 1126.116 1126.116 1126.117 1126.118 1126.119 1126.12 1126.121
1124.24 1124.234 1124.228 1124.223 1124.217 1124.212 1124.206 1124.201 1124.196 1124.191 1124.186 1124.182 1124.177 1124.173 1124.168 1124.164 1124.16 1124.156 1124.153 1124.149 1124.146 1124.142 1124.139 1124.136 1124.133 1124.13 1124.128 1124.126 1124.124 1124.122 1124.12 1124.118 1124.117 1124.115 1124.114 1124.113 1124.112 1124.111 1124.111 1124.11 1124.11 1124.11 1124.11 1124.11 1124.11 1124.111 1124.111 1124.112 1124.113 1124.115 1124.116 1124.117 1124.119 1124.121 1124.123 1124.125 1124.127 1124.129 1124.132 1124.135 1124.138 1124.141 1124.144
1122.326 1122.317 1122.307 1122.298 1122.288 1122.28 1122.271 1122.262 1122.253 1122.245 1122.237 1122.23 1122.222 1122.214 1122.207 1122.2 1122.194 1122.187 1122.181 1122.175 1122.169 1122.164 1122.159 1122.154 1122.149 1122.144 1122.14 1122.136 1122.133 1122.129 1122.126 1122.123 1122.121 1122.119 1122.116 1122.115 1122.113 1122.112 1122.111 1122.11 1122.11 1122.11 1122.11 1122.11 1122.11 1122.111 1122.112 1122.114 1122.115 1122.117 1122.12 1122.122 1122.124 1122.128 1122.131 1122.134 1122.138 1122.142 1122.147 1122.151 1122.156 1122.161 1122.166
1120.413 1120.399 1120.386 1120.373 1120.36 1120.347 1120.335 1120.322 1120.311 1120.299 1120.288 1120.277 1120.267 1120.256 1120.246 1120.236 1120.227 1120.218 1120.209 1120.201 1120.193 1120.185 1120.178 1120.171 1120.164 1120.158 1120.152 1120.147 1120.142 1120.137 1120.132 1120.129 1120.125 1120.122 1120.119 1120.116 1120.114 1120.113 1120.111 1120.111 1120.11 1120.11 1120.11 1120.11 1120.111 1120.112 1120.114 1120.116 1120.118 1120.12 1120.123 1120.127 1120.13 1120.135 1120.139 1120.144 1120.15 1120.155 1120.161 1120.168 1120.174 1120.181 1120.189
1118.499 1118.482 1118.464 1118.448 1118.431 1118.415 1118.399 1118.383 1118.368 1118.353 1118.339 1118.325 1118.312 1118.298 1118.285 1118.273 1118.26 1118.249 1118.238 1118.227 1118.217 1118.207 1118.197 1118.188 1118.18 1118.172 1118.165 1118.157 1118.151 1118.145 1118.139 1118.134 1118.13 1118.125 1118.122 1118.118 1118.115 1118.114 1118.112 1118.111 1118.11 1118.11 1118.11 1118.11 1118.111 1118.113 1118.115 1118.117 1118.12 1118.123 1118.127 1118.132 1118.136 1118.142 1118.148 1118.154 1118.161 1118.168 1118.176 1118.184 1118.193 1118.202 1118.211
1116.587 1116.566 1116.544 1116.524 1116.504 1116.484 1116.465 1116.445 1116.426 1116.409 1116.391 1116.374 1116.357 1116.341 1116.325 1116.31 1116.295 1116.281 1116.267 1116.254 1116.241 1116.229 1116.218 1116.207 1116.196 1116.186 1116.177 1116.169 1116.161 1116.153 1116.146 1116.14 1116.135 1116.129 1116.125 1116.12 1116.117 1116.115 1116.112 1116.111 1116.11 1116.11 1116.11 1116.11 1116.111 1116.114 1116.116 1116.119 1116.122 1116.127 1116.131 1116.137 1116.142 1116.15 1116.157 1116.164 1116.173 1116.182 1116.192 1116.201 1116.212 1116.223 1116.235
1114.677 1114.652 1114.627 1114.603 1114.579 1114.556 1114.532 1114.509 1114.487 1114.466 1114.445 1114.425 1114.405 1114.385 1114.366 1114.349 1114.331 1114.314 1114.298 1114.283 1114.267 1114.253 1114.239 1114.226 1114.214 1114.202 1114.191 1114.181 1114.172 1114.163 1114.154 1114.146 1114.14 1114.134 1114.128 1114.123 1114.119 1114.116 1114.113 1114.112 1114.11 1114.11 1114.11 1114.11 1114.112 1114.115 1114.117 1114.121 1114.125 1114.131 1114.136 1114.143 1114.15 1114.158 1114.166 1114.176 1114.186 1114.197 1114.208 1114.22 1114.233 1114.246 1114.26
1112.768 1112.739 1112.71 1112.682 1112.654 1112.627 1112.6 1112.574 1112.548 1112.523 1112.499 1112.476 1112.453 1112.43 1112.408 1112.387 1112.367 1112.348 1112.329 1112.311 1112.294 1112.277 1112.261 1112.246 1112.231 1112.217 1112.205 1112.193 1112.182 1112.172 1112.161 1112.153 1112.145 1112.138 1112.131 1112.125 1112.12 1112.117 1112.114 1112.112 1112.11 1112.11 1112.11 1112.11 1112.112 1112.115 1112.119 1112.123 1112.128 1112.134 1112.141 1112.148 1112.157 1112.167 1112.176 1112.187 1112.199 1112.211 1112.224 1112.238 1112.253 1112.268 1112.285
1110.858 1110.825 1110.792 1110.76 1110.729 1110.698 1110.668 1110.638 1110.609 1110.581 1110.553 1110.527 1110.501 1110.475 1110.45 1110.426 1110.403 1110.381 1110.36 1110.339 1110.32 1110.301 1110.282 1110.265 1110.248 1110.233 1110.219 1110.205 1110.193 1110.181 1110.169 1110.159 1110.151 1110.142 1110.135 1110.128 1110.122 1110.118 1110.115 1110.112 1110.111 1110.11 1110.11 1110.111 1110.113 1110.116 1110.121 1110.126 1110.131 1110.138 1110.146 1110.154 1110.164 1110.175 1110.186 1110.198 1110.212 1110.226 1110.241 1110.257 1110.273 1110.291 1110.31
1108.949 1108.911 1108.875 1108.839 1108.804 1108.77 1108.736 1108.702 1108.669 1108.638 1108.607 1108.578 1108.549 1108.52 1108.492 1108.465 1108.44 1108.415 1108.391 1108.368 1108.346 1108.324 1108.304 1108.284 1108.266 1108.248 1108.232 1108.217 1108.203 1108.19 1108.177 1108.166 1108.156 1108.147 1108.138 1108.131 1108.124 1108.119 1108.116 1108.113 1108.111 1108.11 1108.11 1108.111 1108.114 1108.117 1108.122 1108.128 1108.134 1108.142 1108.151 1108.16 1108.171 1108.183 1108.196 1108.21 1108.225 1108.241 1108.257 1108.275 1108.294 1108.313 1108.335
1107.097 1107.09 1107.083 1107.077 1107.071 1107.065 1107.059 1107.053 1107.048 1107.043 1107.039 1107.034 1107.03 1107.026 1106.974 1106.968 1106.964 1106.959 1106.955 1106.95 1106.947 1106.943 1106.94 1106.937 1106.933 1106.931 1106.928 1106.926 1106.924 1106.922 1106.92 1106.918 1106.917 1106.915 1106.914 1106.913 1106.912 1106.911 1106.911 1106.911 1106.91 1106.91 1106.91 1106.91 1106.911 1106.911 1106.912 1106.913 1106.914 1106.915 1106.916 1106.917 1106.919 1106.921 1106.923 1106.925 1106.927 1106.93 1106.932 1106.935 1106.938 1106.941 1106.945
1106.752 1106.75 1106.747 1106.744 1106.742 1106.74 1106.737 1106.735 1106.734 1106.732 1106.73 1106.728 1106.727 1106.726 1106.574 1106.508 1106.508 1106.508 1106.508 1106.508 1106.508 1106.508 1106.509 1106.509 1106.509 1106.509 1106.509 1106.509 1106.509 1106.509 1106.509 1106.509 1106.51 1106.51 1106.51 1106.51 1106.51 1106.51 1106.51 1106.51 1106.51 1106.51 1106.51 1106.51 1106.51 1106.51 1106.51 1106.51 1106.51 1106.51 1106.51 1106.51 1106.51 1106.51 1106.509 1106.509 1106.509 1106.509 1106.509 1106.508 1106.509 1106.508 1106.508
1106.404 1106.406 1106.407 1106.409 1106.41 1106.412 1106.413 1106.414 1106.416 1106.418 1106.419 1106.42 1106.422 1106.423 1106.274 1106.088 1106.091 1106.094 1106.097 1106.099 1106.102 1106.105 1106.107 1106.109 1106.111 1106.113 1106.115 1106.117 1106.119 1106.12 1106.121 1106.122 1106.124 1106.125 1106.126 1106.127 1106.127 1106.128 1106.128 1106.129 1106.129 1106.129 1106.129 1106.129 1106.129 1106.128 1106.128 1106.127 1106.126 1106.125 1106.125 1106.124 1106.122 1106.121 1106.119 1106.117 1106.116 1106.114 1106.112 1106.11 1106.108 1106.106 1106.103
1106.03 1105.837 1105.841 1105.846 1105.852 1105.856 1105.861 1105.865 1105.871 1105.875 1105.88 1105.884 1105.887 1105.891 1105.896 1105.711 1105.715 1105.719 1105.723 1105.726 1105.73 1105.734 1105.737 1105.74 1105.743 1105.745 1105.748 1105.75 1105.753 1105.755 1105.756 1105.758 1105.76 1105.761 1105.762 1105.764 1105.765 1105.766 1105.766 1105.766 1105.767 1105.767 1105.767 1105.767 1105.766 1105.766 1105.765 1105.764 1105.763 1105.762 1105.761 1105.759 1105.757 1105.756 1105.754 1105.751 1105.749 1105.747 1105.745 1105.741 1105.739 1105.735 1105.731
1105.631 1105.439 1105.27 1105.278 1105.285 1105.292 1105.299 1105.306 1105.312 1105.319 1105.326 1105.331 1105.337 1105.343 1105.348 1105.354 1105.359 1105.365 1105.369 1105.373 1105.378 1105.382 1105.386 1105.39 1105.394 1105.397 1105.4 1105.404 1105.406 1105.408 1105.411 1105.413 1105.415 1105.417 1105.418 1105.42 1105.421 1105.422 1105.423 1105.424 1105.424 1105.424 1105.424 1105.424 1105.424 1105.422 1105.422 1105.42 1105.419 1105.418 1105.416 1105.414 1105.412 1105.41 1105.407 1105.405 1105.402 1105.399 1105.396 1105.392 1105.389 1105.384 1105.38
1105.077 1105.085 1104.916 1104.926 1104.935 1104.943 1104.951 1104.96 1104.967 1104.975 1104.983 1104.99 1104.997 1105.004 1105.01 1105.017 1105.023 1105.029 1105.034 1105.04 1105.045 1105.05 1105.055 1105.059 1105.064 1105.068 1105.072 1105.075 1105.078 1105.082 1105.085 1105.087 1105.09 1105.092 1105.094 1105.095 1105.097 1105.098 1105.099 1105.099 1105.1 1105.1 1105.1 1105.1 1105.099 1105.099 1105.098 1105.096 1105.094 1105.093 1105.091 1105.088 1105.086 1105.084 1105.08 1105.077 1105.074 1105.071 1105.066 1105.062 1105.058 1105.052 1105.048
1104.563 1104.574 1104.584 1104.594 1104.605 1104.614 1104.624 1104.633 1104.643 1104.651 1104.659 1104.668 1104.677 1104.685 1104.692 1104.7 1104.706 1104.713 1104.72 1104.726 1104.732 1104.738 1104.743 1104.749 1104.753 1104.759 1104.763 1104.767 1104.771 1104.774 1104.777 1104.781 1104.783 1104.786 1104.788 1104.79 1104.791 1104.792 1104.794 1104.795 1104.795 1104.795 1104.795 1104.795 1104.794 1104.793 1104.792 1104.791 1104.789 1104.786 1104.784 1104.782 1104.779 1104.776 1104.773 1104.769 1104.765 1104.761 1104.756 1104.751 1104.747 1104.741 1104.735
1104.248 1104.261 1104.272 1104.284 1104.296 1104.306 1104.317 1104.327 1104.338 1104.348 1104.357 1104.367 1104.376 1104.385 1104.394 1104.402 1104.409 1104.417 1104.425 1104.432 1104.438 1104.445 1104.451 1104.457 1104.462 1104.468 1104.473 1104.478 1104.482 1104.486 1104.49 1104.493 1104.496 1104.499 1104.501 1104.503 1104.505 1104.507 1104.508 1104.509 1104.509 1104.51 1104.51 1104.51 1104.509 1104.508 1104.506 1104.504 1104.502 1104.5 1104.498 1104.495 1104.491 1104.488 1104.484 1104.48 1104.475 1104.471 1104.466 1104.459 1104.454 1104.448 1104.442
1103.955 1103.969 1103.981 1103.995 1104.007 1104.019 1104.03 1104.042 1104.054 1104.064 1104.075 1104.086 1104.096 1104.106 1104.115 1104.124 1104.133 1104.141 1104.149 1104.157 1104.165 1104.172 1104.178 1104.185 1104.191 1104.197 1104.203 1104.208 1104.212 1104.217 1104.221 1104.225 1104.228 1104.231 1104.234 1104.236 1104.238 1104.24 1104.241 1104.242 1104.243 1104.243 1104.243 1104.242 1104.241 1104.24 1104.239 1104.237 1104.235 1104.232 1104.23 1104.227 1104.223 1104.219 1104.215 1104.21 1104.205 1104.2 1104.194 1104.188 1104.182 1104.175 1104.168
1103.683 1103.698 1103.711 1103.726 1103.739 1103.752 1103.764 1103.777 1103.79 1103.801 1103.813 1103.825 1103.835 1103.847 1103.856 1103.866 1103.875 1103.885 1103.894 1103.902 1103.91 1103.918 1103.925 1103.932 1103.939 1103.946 1103.952 1103.957 1103.962 1103.967 1103.971 1103.975 1103.979 1103.982 1103.986 1103.988 1103.99 1103.992 1103.993 1103.994 1103.995 1103.995 1103.995 1103.995 1103.994 1103.993 1103.991 1103.989 1103.987 1103.984 1103.981 1103.978 1103.974 1103.969 1103.965 1103.96 1103.955 1103.949 1103.942 1103.936 1103.929 1103.922 1103.914
1103.431 1103.447 1103.461 1103.477 1103.491 1103.505 1103.519 1103.533 1103.546 1103.558 1103.571 1103.583 1103.595 1103.607 1103.509 1103.519 1103.529 1103.539 1103.549 1103.559 1103.568 1103.576 1103.584 1103.593 1103.6 1103.606 1103.613 1103.619 1103.625 1103.63 1103.635 1103.64 1103.644 1103.647 1103.651 1103.654 1103.656 1103.658 1103.659 1103.661 1103.661 1103.662 1103.661 1103.661 1103.66 1103.659 1103.657 1103.655 1103.652 1103.65 1103.646 1103.642 1103.638 1103.633 1103.628 1103.623 1103.616 1103.61 1103.604 1103.596 1103.589 1103.581 1103.573
1103.2 1103.217 1103.232 1103.249 1103.264 1103.279 1103.294 1103.309 1103.323 1103.336 1103.349 1103.362 1103.375 1103.387 1103.289 1103.211 1103.223 1103.234 1103.244 1103.255 1103.265 1103.273 1103.283 1103.291 1103.3 1103.307 1103.313 1103.321 1103.327 1103.333 1103.338 1103.343 1103.347 1103.351 1103.354 1103.357 1103.36 1103.362 1103.364 1103.366 1103.366 1103.366 1103.366 1103.366 1103.365 1103.363 1103.361 1103.359 1103.356 1103.353 1103.349 1103.345 1103.34 1103.335 1103.329 1103.323 1103.317 1103.311 1103.303 1103.295 1103.287 1103.278 1103.27
1102.896 1102.914 1102.931 1102.948 1102.965 1102.981 1102.997 1103.013 1103.028 1103.042 1103.057 1103.071 1103.084 1103.097 1103.11 1103.032 1103.045 1103.056 1103.067 1103.078 1103.088 1103.098 1103.107 1103.116 1103.125 1103.132 1103.14 1103.147 1103.153 1103.159 1103.165 1103.17 1103.175 1103.179 1103.182 1103.186 1103.189 1103.191 1103.193 1103.194 1103.195 1103.195 1103.195 1103.194 1103.193 1103.192 1103.19 1103.187 1103.185 1103.181 1103.177 1103.172 1103.168 1103.162 1103.156 1103.15 1103.144 1103.136 1103.128 1103.12 1103.112 1103.103 1103.093
1102.634 1102.653 1102.672 1102.69 1102.708 1102.724 1102.742 1102.759 1102.775 1102.79 1102.805 1102.82 1102.834 1102.847 1102.861 1102.874 1102.887 1102.898 1102.91 1102.921 1102.932 1102.942 1102.951 1102.96 1102.969 1102.978 1102.985 1102.993 1103 1103.006 1103.011 1103.017 1103.021 1103.026 1103.03 1103.033 1103.036 1103.038 1103.04 1103.042 1103.042 1103.043 1103.043 1103.042 1103.041 1103.039 1103.037 1103.035 1103.032 1103.028 1103.024 1103.02 1103.014 1103.009 1103.003 1102.996 1102.989 1102.981 1102.974 1102.965 1102.957 1102.947 1102.937
1102.487 1102.507 1102.526 1102.545 1102.563 1102.581 1102.599 1102.616 1102.632 1102.648 1102.664 1102.679 1102.693 1102.708 1102.722 1102.735 1102.748 1102.76 1102.773 1102.784 1102.795 1102.805 1102.815 1102.824 1102.833 1102.843 1102.851 1102.858 1102.865 1102.871 1102.877 1102.883 1102.887 1102.892 1102.896 1102.899 1102.902 1102.905 1102.907 1102.908 1102.909 1102.91 1102.909 1102.909 1102.908 1102.906 1102.904 1102.901 1102.898 1102.894 1102.89 1102.885 1102.88 1102.874 1102.868 1102.861 1102.854 1102.846 1102.838 1102.829 1102.82 1102.81 1102.8
1102.362 1102.382 1102.401 1102.421 1102.44 1102.458 1102.476 1102.494 1102.51 1102.527 1102.543 1102.558 1102.573 1102.588 1102.602 1102.616 1102.629 1102.642 1102.655 1102.666 1102.677 1102.688 1102.698 1102.708 1102.717 1102.726 1102.734 1102.742 1102.749 1102.756 1102.762 1102.767 1102.773 1102.777 1102.781 1102.785 1102.788 1102.791 1102.792 1102.794 1102.795 1102.795 1102.795 1102.795 1102.793 1102.791 1102.789 1102.787 1102.783 1102.779 1102.775 1102.771 1102.765 1102.759 1102.752 1102.745 1102.738 1102.73 1102.722 1102.713 1102.703 1102.693 1102.683
1102.257 1102.278 1102.298 1102.317 1102.337 1102.355 1102.374 1102.391 1102.409 1102.426 1102.443 1102.458 1102.474 1102.489 1102.503 1102.517 1102.53 1102.544 1102.556 1102.568 1102.579 1102.591 1102.601 1102.61 1102.62 1102.629 1102.638 1102.646 1102.653 1102.66 1102.666 1102.672 1102.677 1102.682 1102.686 1102.689 1102.692 1102.695 1102.697 1102.698 1102.7 1102.7 1102.7 1102.699 1102.698 1102.696 1102.694 1102.691 1102.688 1102.684 1102.68 1102.675 1102.669 1102.663 1102.656 1102.649 1102.641 1102.634 1102.625 1102.615 1102.606 1102.596 1102.585
1102.173 1102.194 1102.215 1102.234 1102.254 1102.273 1102.292 1102.31 1102.328 1102.345 1102.362 1102.378 1102.393 1102.409 1102.424 1102.438 1102.452 1102.465 1102.478 1102.49 1102.501 1102.512 1102.523 1102.533 1102.543 1102.552 1102.561 1102.569 1102.576 1102.583 1102.589 1102.595 1102.601 1102.605 1102.609 1102.613 1102.616 1102.619 1102.621 1102.623 1102.623 1102.624 1102.624 1102.623 1102.622 1102.62 1102.617 1102.615 1102.611 1102.607 1102.603 1102.598 1102.592 1102.586 1102.58 1102.572 1102.564 1102.556 1102.548 1102.538 1102.528 1102.518 1102.507
