samples/S1/S1_noSlope/s1_noslope.asc
ncols         419
nrows         60
xllcorner     100
yllcorner     70
cellsize      1
NODATA_value  -9999
[rows 0 to 27 of 60, columns 126 to 188 of 419]
1123.61 1123.61 1123.61 1123.61 1123.61 1123.61 1123.61 1123.61 1123.61 1123.61 1123.61 1123.61 1123.61 1123.61 1123.61 1123.61 1123.61 1123.61 1123.61 1123.61 1123.61 1123.61 1123.61 1123.61 1123.61 1123.701 1123.701 1123.701 1123.701 1123.701 1123.701 1123.701 1123.701 1123.701 1123.701 1123.701 1123.701 1123.701 1123.701 1123.701 1123.701 1123.701 1123.701 1123.701 1123.701 1123.701 1123.701 1123.701 1123.701 1123.701 1123.701 1123.701 1123.701 1123.701 1123.701 1123.701 1123.701 1123.701 1123.701 1123.777 1123.777 1123.777 1123.777
1121.61 1121.61 1121.61 1121.61 1121.61 1121.61 1121.61 1121.61 1121.61 1121.61 1121.61 1121.61 1121.61 1121.61 1121.61 1121.61 1121.61 1121.61 1121.61 1121.61 1121.61 1121.61 1121.61 1121.61 1121.61 1121.883 1121.883 1121.883 1121.883 1121.883 1121.883 1121.883 1121.883 1121.883 1121.883 1121.883 1121.883 1121.883 1121.883 1121.883 1121.883 1121.883 1121.883 1121.883 1121.883 1121.883 1121.883 1121.883 1121.883 1121.883 1121.883 1121.883 1121.883 1121.883 1121.883 1121.883 1121.883 1121.883 1121.883 1122.11 1122.11 1122.11 1122.11
1119.61 1119.61 1119.61 1119.61 1119.61 1119.61 1119.61 1119.61 1119.61 1119.61 1119.61 1119.61 1119.61 1119.61 1119.61 1119.61 1119.61 1119.61 1119.61 1119.61 1119.61 1119.61 1119.61 1119.61 1119.761 1120.065 1120.065 1120.065 1120.065 1120.065 1120.065 1120.065 1120.065 1120.065 1120.065 1120.065 1120.065 1120.065 1120.065 1120.065 1120.065 1120.065 1120.065 1120.065 1120.065 1120.065 1120.065 1120.065 1120.065 1120.065 1120.065 1120.065 1120.065 1120.065 1120.065 1120.065 1120.065 1120.065 1120.166 1120.443 1120.443 1120.443 1120.443
1117.61 1117.61 1117.61 1117.61 1117.61 1117.61 1117.61 1117.61 1117.61 1117.61 1117.61 1117.61 1117.61 1117.61 1117.61 1117.61 1117.61 1117.61 1117.61 1117.61 1117.61 1117.61 1117.61 1117.61 1117.943 1118.246 1118.246 1118.246 1118.246 1118.246 1118.246 1118.246 1118.246 1118.246 1118.246 1118.246 1118.246 1118.246 1118.246 1118.246 1118.246 1118.246 1118.246 1118.246 1118.246 1118.246 1118.246 1118.246 1118.246 1118.246 1118.246 1118.246 1118.246 1118.246 1118.246 1118.246 1118.246 1118.246 1118.499 1118.777 1118.777 1118.777 1118.777
1115.61 1115.61 1115.61 1115.61 1115.61 1115.61 1115.61 1115.61 1115.61 1115.61 1115.61 1115.61 1115.61 1115.61 1115.61 1115.61 1115.61 1115.61 1115.61 1115.61 1115.61 1115.61 1115.61 1115.61 1116.125 1116.428 1116.428 1116.428 1116.428 1116.428 1116.428 1116.428 1116.428 1116.428 1116.428 1116.428 1116.428 1116.428 1116.428 1116.428 1116.428 1116.428 1116.428 1116.428 1116.428 1116.428 1116.428 1116.428 1116.428 1116.428 1116.428 1116.428 1116.428 1116.428 1116.428 1116.428 1116.428 1116.428 1116.832 1117.11 1117.11 1117.11 1117.11
1113.61 1113.61 1113.61 1113.61 1113.61 1113.61 1113.61 1113.61 1113.61 1113.61 1113.61 1113.61 1113.61 1113.61 1113.61 1113.61 1113.61 1113.61 1113.61 1113.61 1113.61 1113.61 1113.61 1113.701 1114.307 1114.61 1114.61 1114.61 1114.61 1114.61 1114.61 1114.61 1114.61 1114.61 1114.61 1114.61 1114.61 1114.61 1114.61 1114.61 1114.61 1114.61 1114.61 1114.61 1114.61 1114.61 1114.61 1114.61 1114.61 1114.61 1114.61 1114.61 1114.61 1114.61 1114.61 1114.61 1114.61 1114.61 1115.166 1115.443 1115.443 1115.443 1115.443
1111.61 1111.61 1111.61 1111.61 1111.61 1111.61 1111.61 1111.61 1111.61 1111.61 1111.61 1111.61 1111.61 1111.61 1111.61 1111.61 1111.61 1111.61 1111.61 1111.61 1111.61 1111.61 1111.61 1111.883 1112.489 1112.792 1112.792 1112.792 1112.792 1112.792 1112.792 1112.792 1112.792 1112.792 1112.792 1112.792 1112.792 1112.792 1112.792 1112.792 1112.792 1112.792 1112.792 1112.792 1112.792 1112.792 1112.792 1112.792 1112.792 1112.792 1112.792 1112.792 1112.792 1112.792 1112.792 1112.792 1112.792 1112.943 1113.499 1113.777 1113.777 1113.777 1113.777
1109.61 1109.61 1109.61 1109.61 1109.61 1109.61 1109.61 1109.61 1109.61 1109.61 1109.61 1109.61 1109.61 1109.61 1109.61 1109.61 1109.61 1109.61 1109.61 1109.61 1109.61 1109.61 1109.61 1110.065 1110.671 1110.974 1110.974 1110.974 1110.974 1110.974 1110.974 1110.974 1110.974 1110.974 1110.974 1110.974 1110.974 1110.974 1110.974 1110.974 1110.974 1110.974 1110.974 1110.974 1110.974 1110.974 1110.974 1110.974 1110.974 1110.974 1110.974 1110.974 1110.974 1110.974 1110.974 1110.974 1110.974 1111.277 1111.832 1112.11 1112.11 1112.11 1112.11
1107.61 1107.61 1107.61 1107.61 1107.61 1107.61 1107.61 1107.61 1107.61 1107.61 1107.61 1107.61 1107.61 1107.61 1107.61 1107.61 1107.61 1107.61 1107.61 1107.61 1107.61 1107.61 1107.64 1108.246 1108.852 1109.155 1109.155 1109.155 1109.155 1109.155 1109.155 1109.155 1109.155 1109.155 1109.155 1109.155 1109.155 1109.155 1109.155 1109.155 1109.155 1109.155 1109.155 1109.155 1109.155 1109.155 1109.155 1109.155 1109.155 1109.155 1109.155 1109.155 1109.155 1109.155 1109.155 1109.155 1109.155 1109.61 1110.166 1110.443 1110.443 1110.443 1110.443
1105.61 1105.61 1105.61 1105.61 1105.61 1105.61 1105.61 1105.61 1105.61 1105.61 1105.61 1105.61 1105.61 1105.61 1105.61 1105.61 1105.61 1105.61 1105.61 1105.61 1105.61 1105.61 1105.822 1106.428 1107.034 1107.337 1107.337 1107.337 1107.337 1107.337 1107.337 1107.337 1107.337 1107.337 1107.337 1107.337 1107.337 1107.337 1107.337 1107.337 1107.337 1107.337 1107.337 1107.337 1107.337 1107.337 1107.337 1107.337 1107.337 1107.337 1107.337 1107.337 1107.337 1107.337 1107.337 1107.337 1107.388 1107.943 1108.499 1108.777 1108.777 1108.777 1108.777
1104.513 1104.512 1104.511 1104.511 1104.51 1104.51 1104.51 1104.508 1104.508 1104.508 1104.506 1104.506 1104.505 1104.503 1104.503 1104.502 1104.501 1104.501 1104.5 1104.5 1104.498 1104.497 1104.61 1104.61 1105.216 1105.519 1105.519 1105.519 1105.519 1105.519 1105.519 1105.519 1105.519 1105.519 1105.519 1105.519 1105.519 1105.519 1105.519 1105.519 1105.519 1105.519 1105.519 1105.519 1105.519 1105.519 1105.519 1105.519 1105.519 1105.519 1105.519 1105.519 1105.519 1105.519 1105.519 1105.519 1105.721 1106.277 1106.832 1107.11 1107.11 1107.11 1107.11
1104.318 1104.317 1104.315 1104.313 1104.312 1104.31 1104.307 1104.305 1104.304 1104.301 1104.3 1104.297 1104.295 1104.292 1104.289 1104.288 1104.285 1104.281 1104.28 1104.276 1104.274 1104.271 1104.268 1104.381 1104.377 1104.375 1104.375 1104.37 1104.37 1104.366 1104.364 1104.364 1104.484 1104.484 1104.484 1104.481 1104.481 1104.479 1104.477 1104.477 1104.474 1104.473 1104.473 1104.47 1104.47 1104.468 1104.467 1104.467 1104.464 1104.462 1104.462 1104.459 1104.458 1104.458 1104.455 1104.455 1104.61 1104.61 1105.166 1105.443 1105.443 1105.443 1105.443
1104.133 1104.13 1104.127 1104.124 1104.122 1104.119 1104.115 1104.111 1104.109 1104.105 1104.102 1104.097 1104.094 1104.091 1104.086 1104.082 1104.078 1104.073 1104.07 1104.064 1104.06 1104.056 1104.05 1104.045 1104.042 1104.035 1104.03 1104.026 1104.02 1104.015 1104.117 1104.115 1104.236 1104.231 1104.228 1104.225 1104.22 1104.218 1104.213 1104.208 1104.206 1104.201 1104.197 1104.195 1104.189 1104.187 1104.181 1104.177 1104.174 1104.168 1104.163 1104.161 1104.156 1104.151 1104.148 1104.142 1104.297 1104.291 1104.288 1104.288 1104.282 1104.279 1104.279
1103.957 1103.953 1103.949 1103.946 1103.941 1103.937 1103.932 1103.928 1103.923 1103.918 1103.914 1103.909 1103.904 1103.898 1103.892 1103.887 1103.881 1103.875 1103.869 1103.863 1103.856 1103.851 1103.844 1103.836 1103.831 1103.823 1103.815 1103.809 1103.802 1103.794 1103.786 1103.888 1103.884 1103.876 1103.869 1103.862 1103.855 1103.848 1103.841 1103.833 1103.825 1103.818 1103.936 1103.929 1103.922 1103.916 1103.908 1103.902 1103.895 1103.887 1103.881 1103.874 1103.866 1103.86 1103.853 1103.845 1103.838 1103.831 1103.823 1103.815 1103.808 1103.801 1103.793
1103.791 1103.786 1103.781 1103.776 1103.771 1103.766 1103.76 1103.755 1103.749 1103.743 1103.737 1103.73 1103.724 1103.718 1103.71 1103.703 1103.696 1103.688 1103.681 1103.673 1103.666 1103.657 1103.649 1103.641 1103.632 1103.624 1103.614 1103.605 1103.596 1103.587 1103.578 1103.568 1103.558 1103.548 1103.537 1103.527 1103.517 1103.507 1103.496 1103.485 1103.474 1103.463 1103.683 1103.679 1103.669 1103.661 1103.651 1103.642 1103.633 1103.623 1103.614 1103.604 1103.594 1103.584 1103.574 1103.565 1103.554 1103.544 1103.534 1103.524 1103.514 1103.504 1103.494
1103.633 1103.627 1103.621 1103.616 1103.609 1103.604 1103.598 1103.591 1103.583 1103.576 1103.568 1103.562 1103.553 1103.545 1103.537 1103.529 1103.52 1103.512 1103.502 1103.493 1103.483 1103.473 1103.464 1103.453 1103.443 1103.433 1103.422 1103.412 1103.4 1103.389 1103.379 1103.366 1103.354 1103.344 1103.33 1103.318 1103.307 1103.293 1103.281 1103.267 1103.255 1103.349 1103.334 1103.327 1103.316 1103.302 1103.291 1103.276 1103.263 1103.252 1103.237 1103.224 1103.213 1103.197 1103.186 1103.296 1103.283 1103.272 1103.258 1103.246 1103.234 1103.22 1103.207
1103.415 1103.408 1103.402 1103.394 1103.387 1103.38 1103.371 1103.364 1103.355 1103.345 1103.337 1103.327 1103.318 1103.309 1103.374 1103.365 1103.355 1103.344 1103.334 1103.323 1103.313 1103.302 1103.29 1103.279 1103.267 1103.254 1103.242 1103.229 1103.218 1103.205 1103.191 1103.178 1103.165 1103.15 1103.137 1103.124 1103.108 1103.094 1103.079 1103.065 1103.051 1103.034 1103.02 1103.004 1102.988 1102.973 1102.956 1102.941 1102.925 1102.907 1102.892 1102.875 1102.857 1102.842 1102.934 1103.045 1103.03 1103.014 1103 1102.984 1102.968 1102.954 1102.938
1103.216 1103.208 1103.2 1103.191 1103.183 1103.175 1103.165 1103.156 1103.146 1103.135 1103.125 1103.114 1103.103 1103.092 1103.146 1103.21 1103.2 1103.188 1103.177 1103.165 1103.152 1103.141 1103.127 1103.114 1103.101 1103.086 1103.073 1103.06 1103.045 1103.031 1103.016 1103.001 1102.987 1102.97 1102.954 1102.94 1102.923 1102.907 1102.89 1102.874 1102.858 1102.84 1102.823 1102.806 1102.788 1102.771 1102.752 1102.734 1102.717 1102.698 1102.678 1102.661 1102.642 1102.623 1102.715 1102.695 1102.678 1102.658 1102.64 1102.623 1102.602 1102.583 1102.567
1103.095 1103.087 1103.078 1103.069 1103.06 1103.05 1103.041 1103.03 1103.019 1103.008 1102.996 1102.984 1102.972 1102.96 1103.008 1103 1102.988 1102.974 1102.96 1102.947 1102.933 1102.918 1102.904 1102.889 1102.874 1102.858 1102.842 1102.826 1102.81 1102.793 1102.776 1102.836 1102.819 1102.802 1102.785 1102.767 1102.75 1102.732 1102.714 1102.696 1102.677 1102.658 1102.64 1102.62 1102.601 1102.582 1102.562 1102.542 1102.521 1102.501 1102.481 1102.46 1102.439 1102.419 1102.397 1102.376 1102.355 1102.333 1102.312 1102.29 1102.268 1102.246 1102.224
1102.984 1102.975 1102.966 1102.957 1102.946 1102.936 1102.926 1102.915 1102.902 1102.891 1102.878 1102.865 1102.853 1102.839 1102.826 1102.812 1102.798 1102.782 1102.767 1102.751 1102.736 1102.72 1102.703 1102.687 1102.67 1102.652 1102.635 1102.616 1102.599 1102.58 1102.561 1102.674 1102.665 1102.647 1102.628 1102.609 1102.59 1102.571 1102.551 1102.531 1102.511 1102.491 1102.47 1102.449 1102.428 1102.407 1102.385 1102.364 1102.342 1102.32 1102.298 1102.276 1102.253 1102.23 1102.207 1102.184 1102.161 1102.137 1102.115 1102.09 1102.067 1102.043 1102.019
1102.883 1102.873 1102.864 1102.853 1102.842 1102.831 1102.82 1102.807 1102.796 1102.782 1102.77 1102.756 1102.742 1102.729 1102.714 1102.698 1102.684 1102.667 1102.652 1102.635 1102.618 1102.602 1102.584 1102.566 1102.548 1102.53 1102.51 1102.492 1102.472 1102.453 1102.488 1102.467 1102.457 1102.437 1102.415 1102.395 1102.373 1102.353 1102.331 1102.307 1102.286 1102.264 1102.24 1102.218 1102.194 1102.172 1102.148 1102.123 1102.099 1102.075 1102.127 1102.104 1102.08 1102.054 1102.031 1102.005 1101.981 1101.957 1101.93 1101.906 1101.88 1101.854 1101.828
1102.79 1102.78 1102.77 1102.759 1102.747 1102.736 1102.724 1102.711 1102.698 1102.685 1102.671 1102.656 1102.642 1102.627 1102.612 1102.596 1102.58 1102.563 1102.547 1102.53 1102.511 1102.494 1102.476 1102.457 1102.438 1102.418 1102.398 1102.378 1102.357 1102.337 1102.316 1102.294 1102.271 1102.25 1102.228 1102.204 1102.182 1102.158 1102.135 1102.111 1102.086 1102.063 1102.037 1102.012 1101.988 1101.961 1101.937 1101.91 1101.884 1101.857 1101.894 1101.947 1101.922 1101.895 1101.87 1101.842 1101.815 1101.79 1101.762 1101.735 1101.709 1101.681 1101.654
1102.706 1102.696 1102.685 1102.674 1102.662 1102.65 1102.637 1102.624 1102.61 1102.596 1102.582 1102.567 1102.552 1102.536 1102.52 1102.504 1102.487 1102.469 1102.452 1102.434 1102.416 1102.397 1102.377 1102.358 1102.338 1102.318 1102.297 1102.276 1102.255 1102.233 1102.21 1102.188 1102.165 1102.142 1102.119 1102.095 1102.071 1102.047 1102.021 1101.997 1101.971 1101.946 1101.92 1101.894 1101.867 1101.841 1101.813 1101.787 1101.76 1101.731 1101.768 1101.74 1101.711 1101.685 1101.656 1101.628 1101.599 1101.569 1101.542 1101.513 1101.482 1101.455 1101.425
1102.632 1102.621 1102.61 1102.598 1102.586 1102.573 1102.56 1102.547 1102.533 1102.518 1102.503 1102.488 1102.472 1102.456 1102.439 1102.421 1102.405 1102.386 1102.368 1102.349 1102.33 1102.311 1102.291 1102.27 1102.25 1102.228 1102.207 1102.185 1102.162 1102.14 1102.116 1102.093 1102.07 1102.046 1102.021 1101.997 1101.971 1101.947 1101.921 1101.895 1101.869 1101.842 1101.815 1101.789 1101.76 1101.733 1101.704 1101.677 1101.648 1101.62 1101.59 1101.562 1101.531 1101.502 1101.473 1101.442 1101.412 1101.381 1101.35 1101.32 1101.288 1101.258 1101.227
1102.567 1102.556 1102.544 1102.532 1102.52 1102.506 1102.493 1102.479 1102.464 1102.449 1102.434 1102.418 1102.402 1102.385 1102.368 1102.35 1102.332 1102.314 1102.294 1102.276 1102.255 1102.235 1102.214 1102.193 1102.171 1102.15 1102.128 1102.105 1102.083 1102.059 1102.035 1102.011 1101.987 1101.962 1101.937 1101.911 1101.885 1101.859 1101.833 1101.806 1101.779 1101.751 1101.724 1101.696 1101.667 1101.638 1101.61 1101.581 1101.551 1101.521 1101.491 1101.461 1101.431 1101.401 1101.369 1101.339 1101.307 1101.276 1101.244 1101.211 1101.18 1101.148 1101.115
1102.489 1102.477 1102.465 1102.453 1102.439 1102.426 1102.411 1102.396 1102.382 1102.366 1102.35 1102.334 1102.317 1102.3 1102.281 1102.262 1102.245 1102.225 1102.206 1102.186 1102.165 1102.144 1102.123 1102.1 1102.078 1102.055 1102.032 1102.009 1101.984 1101.961 1101.936 1101.94 1101.916 1101.89 1101.864 1101.837 1101.811 1101.784 1101.757 1101.729 1101.702 1101.674 1101.645 1101.616 1101.587 1101.558 1101.528 1101.498 1101.468 1101.438 1101.406 1101.375 1101.344 1101.313 1101.281 1101.249 1101.217 1101.185 1101.152 1101.12 1101.086 1101.053 1101.02
1102.428 1102.416 1102.404 1102.391 1102.377 1102.364 1102.349 1102.334 1102.318 1102.302 1102.286 1102.269 1102.251 1102.234 1102.215 1102.196 1102.177 1102.157 1102.137 1102.116 1102.095 1102.073 1102.052 1102.029 1102.006 1101.983 1101.959 1101.935 1101.91 1101.885 1101.86 1101.852 1101.855 1101.83 1101.803 1101.776 1101.75 1101.722 1101.695 1101.666 1101.637 1101.609 1101.579 1101.55 1101.521 1101.49 1101.46 1101.429 1101.398 1101.367 1101.335 1101.303 1101.272 1101.24 1101.208 1101.175 1101.142 1101.109 1101.075 1101.042 1101.009 1100.974 1100.94
1102.401 1102.388 1102.375 1102.363 1102.349 1102.335 1102.32 1102.305 1102.29 1102.273 1102.256 1102.24 1102.222 1102.203 1102.185 1102.166 1102.146 1102.126 1102.105 1102.084 1102.063 1102.041 1102.019 1101.996 1101.973 1101.949 1101.926 1101.901 1101.876 1101.85 1101.825 1101.817 1101.791 1101.763 1101.737 1101.709 1101.681 1101.654 1101.625 1101.596 1101.567 1101.537 1101.508 1101.478 1101.447 1101.416 1101.385 1101.354 1101.323 1101.29 1101.258 1101.225 1101.193 1101.16 1101.126 1101.094 1101.06 1101.026 1100.992 1100.958 1100.923 1100.888 1100.854
