samples/S1/S1_noSlope/s1_noslope.asc
ncols         419
nrows         60
xllcorner     100
yllcorner     70
cellsize      1
NODATA_value  -9999
[rows 28 to 55 of 60, columns 189 to 251 of 419]
1100.762 1100.727 1100.691 1100.655 1100.619 1100.583 1100.547 1100.51 1100.473 1100.437 1100.4 1100.363 1100.326 1100.289 1100.251 1100.214 1100.177 1100.14 1100.103 1100.066 1100.029 1099.991 1099.954 1099.917 1099.879 1099.843 1099.805 1099.769 1099.731 1099.695 1099.657 1099.621 1099.584 1099.547 1099.51 1099.475 1099.438 1099.402 1099.366 1099.33 1099.294 1099.259 1099.224 1099.188 1099.154 1099.119 1099.078 1099.079 1099.062 1099.029 1098.996 1098.962 1098.929 1098.896 1098.864 1098.833 1098.801 1098.769 1098.738 1098.707 1098.676 1098.646 1098.615
1100.746 1100.711 1100.675 1100.639 1100.603 1100.566 1100.53 1100.493 1100.456 1100.419 1100.382 1100.345 1100.309 1100.271 1100.234 1100.197 1100.159 1100.122 1100.084 1100.047 1100.01 1099.972 1099.935 1099.897 1099.859 1099.823 1099.785 1099.748 1099.711 1099.674 1099.637 1099.6 1099.563 1099.526 1099.49 1099.453 1099.417 1099.38 1099.344 1099.308 1099.272 1099.237 1099.201 1099.166 1099.131 1099.096 1099.061 1099.021 1099.004 1098.97 1098.937 1098.903 1098.87 1098.836 1098.804 1098.771 1098.74 1098.708 1098.676 1098.645 1098.614 1098.583 1098.552
1100.746 1100.711 1100.675 1100.639 1100.603 1100.566 1100.53 1100.493 1100.456 1100.419 1100.382 1100.345 1100.309 1100.271 1100.234 1100.197 1100.159 1100.122 1100.084 1100.047 1100.01 1099.972 1099.935 1099.897 1099.859 1099.823 1099.785 1099.748 1099.711 1099.674 1099.637 1099.6 1099.563 1099.526 1099.49 1099.453 1099.417 1099.38 1099.344 1099.308 1099.272 1099.237 1099.201 1099.166 1099.131 1099.096 1099.061 1099.021 1099.004 1098.97 1098.937 1098.903 1098.87 1098.836 1098.804 1098.771 1098.74 1098.708 1098.676 1098.645 1098.614 1098.583 1098.552
1100.762 1100.727 1100.691 1100.655 1100.619 1100.583 1100.547 1100.51 1100.474 1100.437 1100.4 1100.363 1100.325 1100.289 1100.251 1100.214 1100.177 1100.141 1100.103 1100.066 1100.029 1099.991 1099.954 1099.917 1099.879 1099.843 1099.805 1099.769 1099.731 1099.695 1099.657 1099.621 1099.584 1099.548 1099.511 1099.475 1099.438 1099.402 1099.366 1099.33 1099.294 1099.26 1099.224 1099.188 1099.154 1099.119 1099.084 1099.062 1099.062 1099.029 1098.995 1098.962 1098.929 1098.896 1098.864 1098.832 1098.801 1098.769 1098.738 1098.707 1098.676 1098.646 1098.615
1100.819 1100.783 1100.749 1100.713 1100.677 1100.641 1100.605 1100.57 1100.533 1100.498 1100.461 1100.425 1100.388 1100.352 1100.315 1100.278 1100.242 1100.205 1100.169 1100.132 1100.095 1100.059 1100.021 1099.985 1099.948 1099.911 1099.875 1099.839 1099.802 1099.766 1099.729 1099.694 1099.657 1099.621 1099.585 1099.55 1099.513 1099.478 1099.442 1099.407 1099.372 1099.337 1099.302 1099.268 1099.233 1099.199 1099.165 1099.131 1099.132 1099.099 1099.066 1099.033 1099.001 1098.969 1098.936 1098.905 1098.874 1098.842 1098.812 1098.781 1098.75 1098.72 1098.691
1100.907 1100.872 1100.837 1100.803 1100.768 1100.734 1100.698 1100.663 1100.629 1100.593 1100.557 1100.522 1100.486 1100.451 1100.416 1100.379 1100.344 1100.308 1100.271 1100.236 1100.199 1100.164 1100.129 1100.093 1100.057 1100.021 1099.985 1099.949 1099.914 1099.878 1099.843 1099.807 1099.772 1099.737 1099.701 1099.667 1099.632 1099.596 1099.563 1099.528 1099.494 1099.459 1099.425 1099.392 1099.358 1099.324 1099.333 1099.3 1099.284 1099.251 1099.219 1099.188 1099.156 1099.124 1099.093 1099.062 1099.032 1099.001 1098.971 1098.942 1098.912 1098.883 1098.854
1100.987 1100.954 1100.919 1100.885 1100.852 1100.818 1100.783 1100.749 1100.714 1100.68 1100.645 1100.61 1100.575 1100.541 1100.506 1100.471 1100.436 1100.401 1100.365 1100.331 1100.296 1100.26 1100.225 1100.19 1100.156 1100.12 1100.085 1100.05 1100.016 1099.98 1099.946 1099.911 1099.877 1099.843 1099.808 1099.774 1099.74 1099.706 1099.672 1099.638 1099.604 1099.571 1099.538 1099.504 1099.471 1099.438 1099.406 1099.497 1099.481 1099.45 1099.419 1099.389 1099.358 1099.328 1099.299 1099.268 1099.239 1099.21 1099.181 1099.152 1099.124 1099.095 1099.068
1101.083 1101.05 1101.016 1100.984 1100.95 1100.917 1100.884 1100.851 1100.817 1100.783 1100.794 1100.777 1100.744 1100.71 1100.677 1100.644 1100.61 1100.577 1100.543 1100.509 1100.476 1100.442 1100.408 1100.375 1100.342 1100.307 1100.275 1100.24 1100.208 1100.174 1100.141 1100.108 1100.074 1100.042 1100.009 1099.976 1099.943 1099.911 1099.878 1099.845 1099.813 1099.781 1099.75 1099.718 1099.687 1099.655 1099.624 1099.674 1099.644 1099.614 1099.583 1099.554 1099.525 1099.495 1099.467 1099.438 1099.409 1099.381 1099.353 1099.325 1099.297 1099.271 1099.243
1101.195 1101.162 1101.131 1101.099 1101.067 1101.034 1101.003 1100.97 1100.938 1100.95 1100.934 1100.981 1100.949 1100.917 1100.886 1100.854 1100.822 1100.791 1100.759 1100.728 1100.695 1100.663 1100.632 1100.599 1100.568 1100.536 1100.504 1100.473 1100.441 1100.409 1100.378 1100.346 1100.315 1100.284 1100.253 1100.221 1100.191 1100.159 1100.13 1100.098 1100.068 1100.038 1100.007 1099.978 1099.948 1099.917 1099.979 1099.949 1099.934 1099.906 1099.877 1099.85 1099.823 1099.794 1099.768 1099.74 1099.714 1099.688 1099.661 1099.634 1099.609 1099.583 1099.557
1101.394 1101.365 1101.334 1101.305 1101.275 1101.244 1101.214 1101.184 1101.152 1101.123 1101.169 1101.141 1101.11 1101.079 1101.05 1101.019 1100.988 1100.958 1100.927 1100.897 1100.867 1100.836 1100.806 1100.776 1100.745 1100.715 1100.685 1100.654 1100.624 1100.593 1100.563 1100.533 1100.503 1100.474 1100.445 1100.414 1100.385 1100.354 1100.325 1100.297 1100.267 1100.239 1100.209 1100.18 1100.152 1100.123 1100.095 1100.285 1100.271 1100.246 1100.219 1100.193 1100.168 1100.143 1100.116 1100.092 1100.067 1100.042 1100.018 1099.993 1099.97 1099.947 1099.922
1101.627 1101.599 1101.572 1101.542 1101.515 1101.487 1101.458 1101.43 1101.403 1101.373 1101.345 1101.316 1101.288 1101.26 1101.23 1101.201 1101.173 1101.144 1101.115 1101.085 1101.057 1101.122 1101.092 1101.077 1101.051 1101.021 1100.993 1100.967 1100.937 1100.911 1100.881 1100.854 1100.828 1100.799 1100.771 1100.746 1100.717 1100.692 1100.663 1100.636 1100.61 1100.582 1100.555 1100.531 1100.502 1100.478 1100.45 1100.552 1100.529 1100.503 1100.478 1100.455 1100.429 1100.406 1100.383 1100.358 1100.335 1100.312 1100.288 1100.266 1100.243 1100.22 1100.199
1101.803 1101.776 1101.75 1101.724 1101.698 1101.672 1101.645 1101.617 1101.592 1101.564 1101.538 1101.511 1101.483 1101.457 1101.43 1101.402 1101.376 1101.349 1101.321 1101.294 1101.266 1101.24 1101.432 1101.418 1101.395 1101.37 1101.344 1101.319 1101.292 1101.269 1101.243 1101.218 1101.193 1101.168 1101.143 1101.12 1101.094 1101.069 1101.046 1101.02 1100.997 1100.972 1100.948 1100.925 1100.901 1100.876 1100.993 1100.969 1100.959 1100.937 1100.913 1100.893 1100.872 1100.848 1100.828 1100.805 1100.786 1100.766 1100.743 1100.724 1100.704 1100.683 1100.665
1101.995 1101.97 1101.947 1101.922 1101.995 1101.982 1101.958 1101.935 1101.91 1101.886 1101.863 1101.839 1101.814 1101.791 1101.766 1101.741 1101.718 1101.693 1101.668 1101.645 1101.62 1101.595 1101.572 1101.673 1101.651 1101.627 1101.604 1101.581 1101.557 1101.534 1101.511 1101.489 1101.465 1101.443 1101.419 1101.396 1101.375 1101.352 1101.328 1101.307 1101.284 1101.262 1101.24 1101.218 1101.196 1101.175 1101.153 1101.445 1101.436 1101.416 1101.397 1101.378 1101.359 1101.341 1101.322 1101.303 1101.286 1101.268 1101.25 1101.232 1101.214 1101.197 1101.18
1102.202 1102.179 1102.157 1102.135 1102.209 1102.199 1102.303 1102.282 1102.261 1102.24 1102.22 1102.199 1102.178 1102.157 1102.135 1102.115 1102.094 1102.073 1102.052 1102.031 1102.01 1101.988 1101.967 1101.946 1101.925 1101.904 1101.883 1101.861 1101.983 1101.972 1101.953 1101.933 1101.913 1101.894 1101.874 1101.854 1101.835 1101.815 1101.796 1101.777 1101.758 1101.739 1101.719 1101.7 1101.682 1101.664 1101.645 1101.801 1101.783 1101.766 1101.749 1101.732 1101.716 1101.699 1101.682 1101.666 1101.65 1101.634 1101.618 1101.603 1101.586 1101.571 1101.556
1102.546 1102.529 1102.507 1102.49 1102.47 1102.575 1102.557 1102.54 1102.52 1102.502 1102.483 1102.465 1102.447 1102.427 1102.408 1102.39 1102.37 1102.353 1102.333 1102.315 1102.297 1102.277 1102.259 1102.24 1102.22 1102.202 1102.183 1102.306 1102.462 1102.453 1102.438 1102.422 1102.405 1102.39 1102.374 1102.356 1102.342 1102.325 1102.311 1102.294 1102.278 1102.263 1102.248 1102.231 1102.217 1102.2 1102.377 1102.369 1102.353 1102.341 1102.327 1102.312 1102.301 1102.287 1102.272 1102.261 1102.246 1102.235 1102.223 1102.208 1102.198 1102.185 1102.171
1102.923 1102.906 1102.891 1102.875 1102.859 1102.844 1102.827 1102.811 1102.796 1102.779 1102.764 1102.746 1102.73 1102.863 1102.844 1102.836 1102.823 1102.806 1102.793 1102.776 1102.761 1102.749 1102.73 1102.716 1102.703 1102.686 1102.671 1102.658 1102.814 1102.802 1102.787 1102.773 1102.761 1102.747 1102.733 1102.721 1102.707 1102.694 1102.68 1102.667 1102.655 1102.641 1102.627 1102.615 1102.602 1102.59 1102.766 1102.76 1102.971 1102.959 1102.949 1102.941 1102.93 1102.92 1102.912 1102.901 1102.894 1102.883 1102.874 1102.865 1102.855 1102.846 1102.839
1103.194 1103.18 1103.168 1103.155 1103.141 1103.129 1103.115 1103.1 1103.089 1103.073 1103.061 1103.048 1103.033 1103.021 1103.327 1103.321 1103.312 1103.301 1103.289 1103.279 1103.266 1103.257 1103.245 1103.233 1103.224 1103.213 1103.201 1103.191 1103.179 1103.169 1103.159 1103.146 1103.336 1103.328 1103.315 1103.309 1103.3 1103.288 1103.281 1103.27 1103.263 1103.254 1103.242 1103.236 1103.228 1103.216 1103.21 1103.418 1103.412 1103.406 1103.397 1103.391 1103.384 1103.376 1103.37 1103.362 1103.356 1103.349 1103.342 1103.336 1103.329 1103.322 1103.317
1103.483 1103.623 1103.617 1103.608 1103.599 1103.59 1103.581 1103.572 1103.562 1103.553 1103.544 1103.534 1103.525 1103.516 1103.506 1103.669 1103.661 1103.654 1103.646 1103.637 1103.63 1103.622 1103.614 1103.605 1103.598 1103.59 1103.582 1103.574 1103.566 1103.558 1103.55 1103.542 1103.949 1103.948 1103.943 1103.938 1103.933 1103.929 1103.924 1103.919 1103.915 1103.91 1103.905 1103.901 1103.896 1103.892 1103.887 1104.126 1104.12 1104.117 1104.117 1104.111 1104.109 1104.109 1104.103 1104.103 1104.097 1104.094 1104.094 1104.089 1104.086 1104.086 1104.081
1103.786 1103.928 1103.926 1104.091 1104.086 1104.082 1104.077 1104.073 1104.067 1104.063 1104.058 1104.053 1104.049 1104.043 1104.038 1104.033 1104.029 1104.023 1104.019 1104.014 1104.01 1104.004 1104.202 1104.198 1104.196 1104.192 1104.189 1104.186 1104.182 1104.179 1104.176 1104.172 1104.39 1104.388 1104.386 1104.385 1104.384 1104.382 1104.38 1104.378 1104.377 1104.375 1104.374 1104.373 1104.371 1104.37 1104.368 1104.61 1104.61 1104.789 1105.146 1105.324 1105.324 1105.324 1105.324 1105.324 1105.324 1105.324 1105.324 1105.324 1105.324 1105.324 1105.324
1104.276 1104.27 1104.27 1104.437 1104.435 1104.435 1104.432 1104.43 1104.43 1104.427 1104.427 1104.424 1104.422 1104.422 1104.419 1104.417 1104.417 1104.414 1104.414 1104.411 1104.409 1104.61 1104.61 1105.11 1105.379 1105.379 1105.379 1105.379 1105.379 1105.379 1105.379 1105.379 1105.379 1105.379 1105.379 1105.379 1105.379 1105.379 1105.379 1105.379 1105.379 1105.379 1105.379 1105.379 1105.379 1105.379 1105.379 1105.503 1105.86 1106.217 1106.574 1106.753 1106.753 1106.753 1106.753 1106.753 1106.753 1106.753 1106.753 1106.753 1106.753 1106.753 1106.753
1105.443 1105.443 1105.443 1105.443 1105.443 1105.443 1105.443 1105.443 1105.443 1105.443 1105.443 1105.443 1105.443 1105.443 1105.443 1105.443 1105.443 1105.443 1105.443 1105.443 1105.443 1105.61 1106.11 1106.61 1106.918 1106.918 1106.918 1106.918 1106.918 1106.918 1106.918 1106.918 1106.918 1106.918 1106.918 1106.918 1106.918 1106.918 1106.918 1106.918 1106.918 1106.918 1106.918 1106.918 1106.918 1106.918 1106.918 1106.931 1107.289 1107.646 1108.003 1108.181 1108.181 1108.181 1108.181 1108.181 1108.181 1108.181 1108.181 1108.181 1108.181 1108.181 1108.181
1107.11 1107.11 1107.11 1107.11 1107.11 1107.11 1107.11 1107.11 1107.11 1107.11 1107.11 1107.11 1107.11 1107.11 1107.11 1107.11 1107.11 1107.11 1107.11 1107.11 1107.11 1107.11 1107.61 1108.11 1108.456 1108.456 1108.456 1108.456 1108.456 1108.456 1108.456 1108.456 1108.456 1108.456 1108.456 1108.456 1108.456 1108.456 1108.456 1108.456 1108.456 1108.456 1108.456 1108.456 1108.456 1108.456 1108.456 1108.456 1108.717 1109.074 1109.431 1109.61 1109.61 1109.61 1109.61 1109.61 1109.61 1109.61 1109.61 1109.61 1109.61 1109.61 1109.61
1108.777 1108.777 1108.777 1108.777 1108.777 1108.777 1108.777 1108.777 1108.777 1108.777 1108.777 1108.777 1108.777 1108.777 1108.777 1108.777 1108.777 1108.777 1108.777 1108.777 1108.777 1108.777 1109.11 1109.61 1109.995 1109.995 1109.995 1109.995 1109.995 1109.995 1109.995 1109.995 1109.995 1109.995 1109.995 1109.995 1109.995 1109.995 1109.995 1109.995 1109.995 1109.995 1109.995 1109.995 1109.995 1109.995 1109.995 1109.995 1110.146 1110.503 1110.86 1111.039 1111.039 1111.039 1111.039 1111.039 1111.039 1111.039 1111.039 1111.039 1111.039 1111.039 1111.039
1110.443 1110.443 1110.443 1110.443 1110.443 1110.443 1110.443 1110.443 1110.443 1110.443 1110.443 1110.443 1110.443 1110.443 1110.443 1110.443 1110.443 1110.443 1110.443 1110.443 1110.443 1110.443 1110.61 1111.11 1111.533 1111.533 1111.533 1111.533 1111.533 1111.533 1111.533 1111.533 1111.533 1111.533 1111.533 1111.533 1111.533 1111.533 1111.533 1111.533 1111.533 1111.533 1111.533 1111.533 1111.533 1111.533 1111.533 1111.533 1111.574 1111.931 1112.289 1112.467 1112.467 1112.467 1112.467 1112.467 1112.467 1112.467 1112.467 1112.467 1112.467 1112.467 1112.467
1112.11 1112.11 1112.11 1112.11 1112.11 1112.11 1112.11 1112.11 1112.11 1112.11 1112.11 1112.11 1112.11 1112.11 1112.11 1112.11 1112.11 1112.11 1112.11 1112.11 1112.11 1112.11 1112.11 1112.61 1113.072 1113.072 1113.072 1113.072 1113.072 1113.072 1113.072 1113.072 1113.072 1113.072 1113.072 1113.072 1113.072 1113.072 1113.072 1113.072 1113.072 1113.072 1113.072 1113.072 1113.072 1113.072 1113.072 1113.072 1113.072 1113.36 1113.717 1113.896 1113.896 1113.896 1113.896 1113.896 1113.896 1113.896 1113.896 1113.896 1113.896 1113.896 1113.896
1113.777 1113.777 1113.777 1113.777 1113.777 1113.777 1113.777 1113.777 1113.777 1113.777 1113.777 1113.777 1113.777 1113.777 1113.777 1113.777 1113.777 1113.777 1113.777 1113.777 1113.777 1113.777 1113.777 1114.11 1114.61 1114.61 1114.61 1114.61 1114.61 1114.61 1114.61 1114.61 1114.61 1114.61 1114.61 1114.61 1114.61 1114.61 1114.61 1114.61 1114.61 1114.61 1114.61 1114.61 1114.61 1114.61 1114.61 1114.61 1114.61 1114.789 1115.146 1115.324 1115.324 1115.324 1115.324 1115.324 1115.324 1115.324 1115.324 1115.324 1115.324 1115.324 1115.324
1115.443 1115.443 1115.443 1115.443 1115.443 1115.443 1115.443 1115.443 1115.443 1115.443 1115.443 1115.443 1115.443 1115.443 1115.443 1115.443 1115.443 1115.443 1115.443 1115.443 1115.443 1115.443 1115.443 1115.61 1116.11 1116.148 1116.148 1116.148 1116.148 1116.148 1116.148 1116.148 1116.148 1116.148 1116.148 1116.148 1116.148 1116.148 1116.148 1116.148 1116.148 1116.148 1116.148 1116.148 1116.148 1116.148 1116.148 1116.148 1116.148 1116.217 1116.574 1116.753 1116.753 1116.753 1116.753 1116.753 1116.753 1116.753 1116.753 1116.753 1116.753 1116.753 1116.753
1117.11 1117.11 1117.11 1117.11 1117.11 1117.11 1117.11 1117.11 1117.11 1117.11 1117.11 1117.11 1117.11 1117.11 1117.11 1117.11 1117.11 1117.11 1117.11 1117.11 1117.11 1117.11 1117.11 1117.11 1117.61 1117.687 1117.687 1117.687 1117.687 1117.687 1117.687 1117.687 1117.687 1117.687 1117.687 1117.687 1117.687 1117.687 1117.687 1117.687 1117.687 1117.687 1117.687 1117.687 1117.687 1117.687 1117.687 1117.687 1117.687 1117.687 1118.003 1118.181 1118.181 1118.181 1118.181 1118.181 1118.181 1118.181 1118.181 1118.181 1118.181 1118.181 1118.181
