samples/sfe_322/sfe_322_x1/sfe_322_x1/sfe_322_x1.asc
ncols         299
nrows         166
xllcorner     73.39999999851
yllcorner     65.60000000149
cellsize      1
NODATA_value  -9999
[rows 112 to 139 of 166, columns 128 to 191 of 299]
609.1526 609.1561 609.1612 609.1633 609.1686 609.174 609.1771 609.1804 609.1844 609.1884 609.1898 609.1926 609.1915 609.1904 609.1893 609.1881 609.187 609.1859 609.1848 609.1836 609.1825 609.1813 609.1802 609.1791 609.178 609.1768 609.1757 609.1746 609.1735 609.1723 609.1683 609.1628 609.1567 609.1507 609.1459 609.1412 609.1343 609.1273 609.1239 609.1174 609.1099 609.1023 609.0987 609.0907 609.087 609.0782 609.0694 609.0606 609.0518 609.0494 609.0408 609.0339 609.0245 609.0154 609.0064 608.996 608.9919 608.9819 608.9729 608.9616 608.9503 608.9448 608.9337 608.9225
609.1659 609.1674 609.1728 609.1745 609.1799 609.1852 609.1885 609.1918 609.1959 609.1998 609.2013 609.2045 609.2038 609.2027 609.2015 609.2004 609.1993 609.1982 609.197 609.1959 609.1948 609.1937 609.1925 609.1914 609.1902 609.1891 609.188 609.1869 609.1857 609.1846 609.18 609.1744 609.1683 609.1622 609.1589 609.1528 609.1458 609.1387 609.1365 609.1289 609.1214 609.1155 609.1103 609.1024 609.0986 609.0898 609.081 609.0722 609.0648 609.0616 609.0545 609.0458 609.0369 609.0286 609.0182 609.0081 609.0043 608.9944 608.985 608.9737 608.9627 608.9575 608.9464 608.938
609.1777 609.1788 609.1841 609.1864 609.191 609.1964 609.2002 609.2033 609.2073 609.2113 609.2129 609.216 609.2161 609.215 609.2139 609.2128 609.2116 609.2105 609.2094 609.2083 609.2071 609.206 609.2048 609.2037 609.2026 609.2015 609.2003 609.1992 609.1981 609.197 609.192 609.1859 609.1799 609.1738 609.1713 609.1642 609.1572 609.1509 609.148 609.1405 609.1329 609.129 609.1219 609.1158 609.1102 609.1014 609.0927 609.0839 609.0791 609.0735 609.0671 609.0578 609.0491 609.0404 609.03 609.0235 609.0167 609.0074 608.997 608.9857 608.9788 608.9702 608.959 608.9507
609.1891 609.1915 609.1955 609.1995 609.2023 609.2076 609.2126 609.2153 609.2188 609.2227 609.2249 609.2275 609.2285 609.2273 609.2262 609.225 609.2239 609.2228 609.2217 609.2205 609.2194 609.2183 609.2172 609.216 609.2149 609.2137 609.2126 609.2115 609.2104 609.2088 609.2036 609.1975 609.1914 609.1854 609.1827 609.1757 609.1688 609.1639 609.1595 609.152 609.1445 609.1415 609.1335 609.1294 609.1218 609.113 609.1042 609.0955 609.0934 609.0856 609.0792 609.0698 609.0609 609.0522 609.0417 609.0388 609.0291 609.0204 609.0091 608.9978 608.9941 608.9829 608.9719 608.9634
609.2005 609.2044 609.2069 609.2122 609.2135 609.2189 609.2242 609.2271 609.2302 609.2342 609.2371 609.2391 609.2408 609.2396 609.2385 609.2374 609.2363 609.2351 609.234 609.2328 609.2318 609.2306 609.2295 609.2283 609.2272 609.2261 609.225 609.2238 609.2227 609.2205 609.2151 609.209 609.203 609.1979 609.1942 609.1873 609.1802 609.1772 609.1711 609.1636 609.1567 609.1532 609.1452 609.1423 609.1335 609.1247 609.1159 609.1087 609.1064 609.0988 609.0911 609.0822 609.0743 609.064 609.0549 609.0515 609.0416 609.0325 609.0212 609.0119 609.0068 608.9956 608.9882 608.9761
609.2119 609.2177 609.2183 609.2236 609.2247 609.23 609.2354 609.2385 609.2417 609.2457 609.2496 609.2507 609.253 609.252 609.2508 609.2497 609.2485 609.2474 609.2463 609.2452 609.244 609.2429 609.2418 609.2407 609.2395 609.2384 609.2372 609.2361 609.235 609.2321 609.2267 609.2206 609.2145 609.2107 609.2057 609.1987 609.1917 609.1902 609.1827 609.1752 609.1703 609.1648 609.1576 609.1539 609.1451 609.1363 609.1275 609.123 609.1184 609.1124 609.1031 609.0946 609.0861 609.0757 609.0703 609.0639 609.0551 609.0445 609.0332 609.028 609.0195 609.0083 609.0009 608.9888
609.2233 609.2292 609.2299 609.235 609.2374 609.2413 609.2466 609.2501 609.2532 609.2571 609.2611 609.2623 609.2654 609.2643 609.2631 609.262 609.2609 609.2598 609.2586 609.2575 609.2563 609.2552 609.2541 609.253 609.2518 609.2507 609.2496 609.2485 609.2473 609.2437 609.2382 609.2322 609.2261 609.2235 609.2172 609.2102 609.2042 609.2018 609.1943 609.1867 609.1838 609.1765 609.1716 609.1655 609.1567 609.1479 609.1392 609.1373 609.1304 609.1245 609.1151 609.1064 609.0979 609.0875 609.0856 609.0763 609.0679 609.0566 609.0453 609.0433 609.0322 609.0223 609.0135 609.0015
609.235 609.2406 609.2432 609.2463 609.2505 609.2525 609.2579 609.2628 609.2649 609.2686 609.2726 609.2738 609.2769 609.2766 609.2755 609.2743 609.2732 609.272 609.2709 609.2698 609.2687 609.2675 609.2664 609.2653 609.2642 609.263 609.2619 609.2607 609.2596 609.2553 609.2498 609.2437 609.2377 609.2357 609.2287 609.2217 609.2172 609.2133 609.2058 609.1983 609.196 609.188 609.1851 609.1771 609.1683 609.1595 609.1526 609.1512 609.1431 609.1364 609.1274 609.1201 609.1097 609.1018 609.0987 609.0887 609.08 609.0687 609.061 609.056 609.0449 609.0383 609.0262 609.0142
609.2483 609.252 609.2562 609.2577 609.2631 609.2637 609.269 609.2744 609.2771 609.2801 609.2841 609.2859 609.2885 609.2889 609.2878 609.2866 609.2855 609.2844 609.2833 609.2821 609.281 609.2798 609.2787 609.2776 609.2765 609.2753 609.2742 609.2731 609.272 609.2674 609.2614 609.2552 609.25 609.2472 609.2402 609.2332 609.2305 609.2249 609.2174 609.2116 609.2077 609.1998 609.1976 609.1888 609.18 609.1712 609.1668 609.1632 609.1575 609.1484 609.1401 609.1319 609.1215 609.1171 609.1111 609.1027 609.092 609.0807 609.0771 609.0688 609.0576 609.051 609.0389 609.0268
609.2596 609.2634 609.2693 609.2691 609.2744 609.2756 609.2803 609.2856 609.2885 609.2916 609.2955 609.2981 609.3 609.3012 609.3 609.299 609.2978 609.2967 609.2955 609.2944 609.2933 609.2922 609.291 609.2899 609.2888 609.2877 609.2865 609.2854 609.2841 609.2789 609.2729 609.2668 609.2625 609.2587 609.2517 609.2447 609.2438 609.2365 609.2289 609.2249 609.2193 609.2134 609.2092 609.2004 609.1916 609.1828 609.1811 609.1752 609.1697 609.1603 609.1519 609.1436 609.1333 609.1324 609.1235 609.1154 609.1041 609.0941 609.0927 609.0815 609.0728 609.0637 609.0516 609.0395
609.2708 609.2749 609.2807 609.282 609.2858 609.2884 609.2915 609.2968 609.2999 609.303 609.307 609.3105 609.3116 609.3135 609.3124 609.3113 609.3101 609.309 609.3079 609.3068 609.3056 609.3045 609.3033 609.3022 609.3011 609.3 609.2988 609.2977 609.2958 609.2905 609.2845 609.2784 609.2755 609.2702 609.2632 609.2576 609.2556 609.248 609.2405 609.2386 609.231 609.2272 609.2208 609.212 609.2032 609.1965 609.1953 609.1874 609.1817 609.1727 609.1658 609.1554 609.1487 609.1459 609.1359 609.1274 609.1161 609.1102 609.1053 609.0942 609.0886 609.0764 609.0643 609.0522
609.2821 609.2877 609.2922 609.295 609.2972 609.3016 609.3027 609.308 609.3127 609.3146 609.3185 609.3224 609.3232 609.3257 609.3247 609.3235 609.3224 609.3213 609.3202 609.319 609.3179 609.3168 609.3157 609.3145 609.3134 609.3123 609.3112 609.31 609.3074 609.3021 609.296 609.29 609.288 609.2817 609.2747 609.2705 609.2671 609.2596 609.2527 609.2505 609.2426 609.2409 609.2324 609.2236 609.2148 609.2107 609.208 609.2021 609.1937 609.1855 609.1776 609.1672 609.1639 609.1583 609.1503 609.1395 609.1282 609.1263 609.118 609.1069 609.1012 609.0891 609.077 609.0649
609.2933 609.3 609.3036 609.3084 609.3085 609.3138 609.3139 609.3193 609.3246 609.327 609.3299 609.3339 609.3347 609.3378 609.337 609.3359 609.3348 609.3336 609.3325 609.3314 609.3303 609.3291 609.328 609.3268 609.3257 609.3246 609.3235 609.3223 609.319 609.3137 609.3076 609.3019 609.3002 609.2932 609.2862 609.2838 609.2787 609.2712 609.2665 609.2622 609.2552 609.2529 609.2441 609.2353 609.2265 609.2249 609.22 609.215 609.2056 609.1973 609.1894 609.1799 609.1791 609.1707 609.1628 609.1516 609.1434 609.1419 609.1307 609.123 609.1139 609.1018 609.0897 609.0824
609.3046 609.3113 609.315 609.3209 609.3204 609.3253 609.3267 609.3305 609.3358 609.3384 609.3414 609.3453 609.3469 609.3494 609.3493 609.3482 609.347 609.3459 609.3448 609.3437 609.3425 609.3414 609.3403 609.3392 609.338 609.3369 609.3358 609.3347 609.3307 609.3252 609.3192 609.3143 609.3116 609.3047 609.2977 609.2972 609.2902 609.2827 609.2798 609.2738 609.2692 609.2645 609.2557 609.2469 609.2404 609.2395 609.2321 609.227 609.218 609.2115 609.2012 609.1954 609.1931 609.1831 609.1749 609.1636 609.1594 609.1546 609.1434 609.1387 609.1266 609.1145 609.1024 609.0999
609.317 609.3226 609.327 609.3323 609.3338 609.3366 609.3398 609.3417 609.347 609.3499 609.3528 609.3568 609.3591 609.361 609.3616 609.3605 609.3594 609.3583 609.3571 609.356 609.3549 609.3538 609.3526 609.3515 609.3503 609.3492 609.3481 609.347 609.3428 609.3367 609.3307 609.3273 609.3232 609.3162 609.311 609.3093 609.3018 609.2943 609.2935 609.2855 609.2827 609.2761 609.2673 609.2585 609.2546 609.2529 609.2465 609.239 609.231 609.2233 609.2129 609.2108 609.2054 609.1979 609.187 609.1763 609.1755 609.1673 609.157 609.1514 609.1393 609.1272 609.1179 609.1172
609.3306 609.3338 609.3405 609.3437 609.3467 609.348 609.3526 609.3529 609.3583 609.3623 609.3643 609.3683 609.3713 609.3725 609.374 609.3728 609.3717 609.3705 609.3694 609.3683 609.3672 609.366 609.3649 609.3638 609.3627 609.3615 609.3604 609.3593 609.3544 609.3483 609.3422 609.3402 609.3347 609.3276 609.3238 609.3209 609.3134 609.3077 609.3051 609.2975 609.2966 609.2878 609.2789 609.2701 609.2687 609.2648 609.2603 609.2509 609.2428 609.2351 609.2267 609.2259 609.2178 609.2103 609.199 609.1923 609.1912 609.18 609.1735 609.1641 609.152 609.1399 609.1353 609.1341
609.3444 609.3451 609.3518 609.3551 609.3602 609.3594 609.3647 609.3649 609.3695 609.3747 609.3766 609.3798 609.3837 609.3841 609.3861 609.3851 609.384 609.3829 609.3818 609.3806 609.3795 609.3784 609.3773 609.3761 609.375 609.3738 609.3727 609.3711 609.366 609.3599 609.3538 609.3527 609.3461 609.3391 609.3372 609.3325 609.325 609.3212 609.3167 609.311 609.3082 609.2994 609.2906 609.2843 609.2833 609.2769 609.2723 609.2632 609.2573 609.2469 609.2419 609.2402 609.2303 609.2224 609.2111 609.2086 609.2039 609.1927 609.1889 609.1768 609.1647 609.1538 609.1528 609.1475
609.358 609.3573 609.363 609.3665 609.3724 609.3726 609.3761 609.3776 609.3807 609.386 609.3885 609.3912 609.3952 609.3957 609.3987 609.3975 609.3963 609.3952 609.394 609.3929 609.3918 609.3907 609.3895 609.3884 609.3873 609.3862 609.385 609.3828 609.3775 609.3715 609.3667 609.3646 609.3576 609.351 609.3505 609.344 609.3365 609.3346 609.3283 609.325 609.3198 609.311 609.3022 609.2984 609.2975 609.2908 609.2842 609.2765 609.269 609.2587 609.2575 609.2526 609.2456 609.2344 609.2255 609.2247 609.2166 609.2075 609.2016 609.1895 609.1774 609.1713 609.1703 609.1609
609.3715 609.3707 609.3743 609.3796 609.3838 609.3856 609.3875 609.3909 609.3919 609.3973 609.3998 609.4027 609.4067 609.4079 609.4103 609.4098 609.4086 609.4075 609.4064 609.4053 609.4041 609.403 609.4019 609.4008 609.3996 609.3985 609.3973 609.3943 609.389 609.383 609.3791 609.3761 609.3691 609.3644 609.3631 609.3556 609.3488 609.348 609.34 609.3384 609.3314 609.3226 609.3138 609.3127 609.3097 609.3051 609.2962 609.2883 609.2808 609.2736 609.2726 609.265 609.2578 609.2465 609.2415 609.2405 609.2293 609.2239 609.2143 609.2021 609.1901 609.1886 609.187 609.1744
609.3831 609.3846 609.3856 609.3923 609.3952 609.3985 609.3988 609.4037 609.4031 609.4085 609.412 609.4142 609.4182 609.4201 609.4219 609.4221 609.421 609.4198 609.4187 609.4175 609.4164 609.4153 609.4142 609.413 609.4119 609.4108 609.4097 609.4062 609.4006 609.3945 609.392 609.3876 609.3806 609.3771 609.3746 609.3671 609.3625 609.3596 609.3528 609.3519 609.3431 609.3343 609.3282 609.3271 609.3217 609.3176 609.3085 609.303 609.2926 609.2888 609.2874 609.2778 609.2699 609.2586 609.2576 609.2532 609.242 609.2391 609.227 609.2148 609.2068 609.206 609.2004 609.1878
609.3947 609.3981 609.3975 609.4035 609.4066 609.412 609.4111 609.4155 609.4159 609.4197 609.4248 609.4262 609.4296 609.4323 609.4335 609.4344 609.4333 609.4321 609.431 609.4299 609.4288 609.4276 609.4265 609.4254 609.4243 609.4231 609.422 609.4182 609.4122 609.4061 609.405 609.3991 609.3921 609.3904 609.3862 609.3787 609.3757 609.3712 609.3668 609.3635 609.3547 609.3459 609.3423 609.3414 609.3352 609.3295 609.322 609.3148 609.3049 609.3043 609.2998 609.2932 609.2819 609.2748 609.2739 609.2659 609.2581 609.2518 609.2396 609.2275 609.2241 609.2233 609.2139 609.2012
609.4063 609.412 609.4109 609.4148 609.419 609.4239 609.4244 609.4269 609.4286 609.4309 609.4363 609.4385 609.4411 609.4451 609.445 609.4467 609.4456 609.4445 609.4433 609.4422 609.441 609.4399 609.4388 609.4377 609.4365 609.4354 609.4343 609.4298 609.4237 609.4186 609.4174 609.4106 609.4044 609.4038 609.3978 609.3903 609.3895 609.3828 609.3806 609.3751 609.3663 609.3575 609.3568 609.3545 609.3497 609.3415 609.3339 609.3266 609.3204 609.3194 609.3122 609.3053 609.294 609.2907 609.2897 609.2786 609.2744 609.2645 609.2523 609.2426 609.2419 609.24 609.2273 609.2146
609.4178 609.4244 609.4249 609.426 609.4327 609.4354 609.4373 609.4383 609.442 609.4421 609.4474 609.4499 609.4525 609.4565 609.4567 609.4588 609.4579 609.4568 609.4556 609.4545 609.4534 609.4523 609.4511 609.45 609.4489 609.4478 609.4465 609.4413 609.4353 609.4309 609.4291 609.4221 609.4177 609.4167 609.4094 609.4037 609.4024 609.3953 609.3941 609.3867 609.3779 609.3721 609.371 609.3665 609.3629 609.3538 609.3488 609.3383 609.3356 609.3346 609.3254 609.3174 609.3076 609.3066 609.3024 609.2917 609.2892 609.2772 609.265 609.2601 609.2592 609.2534 609.2407 609.2289
609.4309 609.436 609.4384 609.4378 609.444 609.4468 609.4506 609.4497 609.4547 609.4542 609.4587 609.4619 609.464 609.468 609.4689 609.4713 609.4702 609.4691 609.468 609.4668 609.4657 609.4645 609.4634 609.4623 609.4612 609.46 609.4581 609.4529 609.4468 609.4438 609.4406 609.4336 609.4304 609.4284 609.4209 609.4174 609.4141 609.4086 609.4072 609.3984 609.3896 609.3861 609.3856 609.3795 609.3748 609.3674 609.3605 609.3517 609.3511 609.347 609.3408 609.3294 609.3235 609.323 609.3151 609.3085 609.3019 609.2899 609.2784 609.2774 609.2765 609.2668 609.2542 609.2471
609.445 609.4476 609.4523 609.4512 609.4553 609.4584 609.4639 609.4632 609.4664 609.4669 609.4699 609.475 609.4759 609.4794 609.4811 609.4828 609.4825 609.4814 609.4803 609.4791 609.478 609.4769 609.4758 609.4746 609.4735 609.4724 609.4697 609.4645 609.4584 609.4568 609.4521 609.4451 609.4438 609.44 609.4325 609.4305 609.4257 609.4226 609.4188 609.41 609.4013 609.4008 609.3993 609.3943 609.3868 609.3796 609.3723 609.3673 609.3661 609.3594 609.3528 609.3415 609.34 609.3389 609.3278 609.3248 609.3146 609.3025 609.2957 609.2947 609.2929 609.2803 609.2676 609.2655
609.4589 609.4592 609.4656 609.4652 609.4665 609.4716 609.4755 609.4761 609.4777 609.4802 609.4811 609.4865 609.4883 609.4909 609.4933 609.4944 609.4948 609.4937 609.4926 609.4915 609.4903 609.4892 609.488 609.4869 609.4858 609.4847 609.4816 609.476 609.4705 609.4695 609.4636 609.4578 609.4571 609.4515 609.4449 609.4443 609.4373 609.436 609.4304 609.4216 609.416 609.4148 609.4113 609.4081 609.399 609.3945 609.3841 609.3823 609.3818 609.373 609.3649 609.3569 609.3558 609.3517 609.3422 609.3394 609.3273 609.3152 609.313 609.3124 609.3063 609.2937 609.2849 609.2839
609.4727 609.472 609.4773 609.4786 609.478 609.4844 609.4869 609.4891 609.4891 609.493 609.4924 609.4977 609.4999 609.5024 609.5059 609.5059 609.5071 609.506 609.5049 609.5038 609.5026 609.5015 609.5004 609.4993 609.4981 609.497 609.4937 609.4876 609.4832 609.4821 609.475 609.4711 609.4703 609.4631 609.4586 609.4569 609.4505 609.4499 609.442 609.4332 609.43 609.4294 609.4238 609.4201 609.4129 609.4063 609.3985 609.3979 609.3942 609.3882 609.3769 609.3727 609.3722 609.3644 609.3586 609.3521 609.34 609.3312 609.3307 609.3297 609.3198 609.3071 609.3031 609.3021
609.4843 609.4858 609.4889 609.4921 609.4915 609.4957 609.4983 609.5027 609.5016 609.5058 609.5051 609.5089 609.5118 609.5139 609.5178 609.5177 609.5193 609.5183 609.5172 609.5161 609.515 609.5138 609.5127 609.5115 609.5104 609.5093 609.5052 609.4991 609.4957 609.4935 609.4866 609.4838 609.4822 609.4747 609.4721 609.4686 609.4644 609.4625 609.4537 609.4453 609.4446 609.4434 609.4386 609.4321 609.4253 609.418 609.4141 609.413 609.4066 609.4003 609.3898 609.3892 609.388 609.3771 609.3753 609.3648 609.3527 609.349 609.3479 609.3459 609.3332 609.3223 609.3212 609.3207
