samples/sfe_322/sfe_322_x1/sfe_322_x1/sfe_322_x1.asc
ncols         299
nrows         166
xllcorner     73.39999999851
yllcorner     65.60000000149
cellsize      1
NODATA_value  -9999
[rows 0 to 27 of 166, columns 128 to 191 of 299]
609.831 609.8295 609.8286 609.8276 609.8266 609.8256 609.8241 609.8226 609.8221 609.821 609.8201 609.8185 609.8175 609.817 609.8159 609.8149 609.814 609.813 609.8124 609.812 609.811 609.81 609.809 609.8085 609.808 609.807 609.806 609.8051 609.8045 609.8041 609.8036 609.8027 609.8022 609.8016 609.8018 609.8008 609.8004 609.7994 609.7993 609.7993 609.7988 609.7978 609.7973 609.7971 609.7972 609.7966 609.796 609.7953 609.795 609.7951 609.7948 609.7938 609.7935 609.7927 609.7931 609.7927 609.7917 609.7912 609.791 609.791 609.7903 609.7897 609.7891 609.7886
609.7452 609.7428 609.7404 609.7382 609.7352 609.7344 609.7311 609.728 609.7275 609.7245 609.7236 609.7202 609.7193 609.7187 609.7158 609.7147 609.7139 609.7129 609.7123 609.7119 609.711 609.71 609.7091 609.7085 609.7081 609.7071 609.7061 609.7053 609.7047 609.7054 609.7058 609.7049 609.7064 609.7055 609.7078 609.7068 609.7081 609.7081 609.7084 609.7105 609.7115 609.7106 609.7117 609.7126 609.7142 609.7151 609.716 609.7178 609.7185 609.7184 609.7208 609.7198 609.7216 609.7208 609.7228 609.7249 609.7239 609.7274 609.7265 609.7282 609.7297 609.7287 609.7305 609.7297
609.6602 609.6567 609.6523 609.6484 609.6439 609.6431 609.6382 609.6337 609.6329 609.6279 609.6272 609.6218 609.621 609.6204 609.6155 609.6145 609.6138 609.6128 609.6122 609.6118 609.611 609.61 609.6093 609.6085 609.6082 609.6072 609.6062 609.6055 609.6047 609.6076 609.608 609.6072 609.6105 609.6097 609.6137 609.6129 609.6159 609.6177 609.6179 609.6213 609.6243 609.6238 609.6264 609.6287 609.6309 609.6338 609.636 609.6406 609.6425 609.6417 609.6467 609.6478 609.6498 609.6528 609.6547 609.657 609.6562 609.6631 609.6623 609.6652 609.6686 609.6677 609.6718 609.6713
609.5751 609.5701 609.5645 609.5586 609.5525 609.5518 609.5452 609.5391 609.5383 609.5314 609.5308 609.5236 609.5228 609.522 609.5153 609.5143 609.5137 609.5127 609.5121 609.5117 609.511 609.51 609.5093 609.5085 609.5084 609.5073 609.5063 609.5057 609.5049 609.5098 609.5101 609.5094 609.5146 609.514 609.5197 609.5189 609.5237 609.5272 609.5275 609.5322 609.537 609.539 609.543 609.5468 609.5503 609.5524 609.5566 609.563 609.5662 609.5654 609.5727 609.5769 609.578 609.5839 609.588 609.5892 609.5901 609.5988 609.6001 609.6027 609.6075 609.6074 609.6129 609.6165
609.4901 609.4835 609.4766 609.4688 609.4611 609.4606 609.4523 609.4453 609.4436 609.4349 609.4343 609.4257 609.4246 609.4236 609.4152 609.4141 609.4136 609.4126 609.412 609.4116 609.411 609.41 609.4094 609.4085 609.4084 609.4074 609.4064 609.4059 609.4053 609.4119 609.4123 609.4117 609.4188 609.4182 609.4256 609.4258 609.4315 609.4368 609.437 609.4434 609.4497 609.4542 609.4595 609.4648 609.4697 609.4705 609.4795 609.4854 609.4899 609.4908 609.4986 609.506 609.5062 609.5142 609.5213 609.5208 609.528 609.5345 609.5374 609.5401 609.5458 609.5512 609.5541 609.559
609.405 609.3972 609.3883 609.3789 609.3708 609.3693 609.3598 609.3523 609.349 609.3385 609.3378 609.3277 609.3264 609.3254 609.3149 609.314 609.3135 609.3124 609.312 609.3115 609.311 609.31 609.3095 609.3085 609.3085 609.3075 609.3065 609.306 609.3055 609.3141 609.3145 609.314 609.3229 609.3226 609.3315 609.3335 609.3392 609.3463 609.3466 609.3546 609.3624 609.3694 609.376 609.3829 609.389 609.3923 609.4023 609.4078 609.4136 609.4179 609.424 609.435 609.4343 609.4445 609.4536 609.453 609.4615 609.4703 609.474 609.4776 609.4847 609.4916 609.4948 609.5031
609.3199 609.3107 609.3 609.2891 609.2816 609.278 609.2668 609.2593 609.2543 609.2439 609.2414 609.2313 609.2281 609.2271 609.2147 609.2137 609.2134 609.2123 609.212 609.2114 609.211 609.21 609.2097 609.2086 609.2085 609.2076 609.2066 609.2062 609.2059 609.2162 609.2166 609.216 609.2271 609.2285 609.2374 609.2411 609.247 609.2559 609.2564 609.2669 609.2751 609.2842 609.2923 609.3007 609.3082 609.3143 609.3235 609.3303 609.3373 609.3449 609.3501 609.3631 609.3621 609.3748 609.3858 609.3853 609.3972 609.406 609.4112 609.4183 609.4238 609.4327 609.4359 609.4483
609.2347 609.2239 609.2118 609.2015 609.1924 609.1867 609.1744 609.1664 609.1595 609.1493 609.145 609.1348 609.1299 609.1289 609.1163 609.1135 609.1133 609.1122 609.112 609.1113 609.111 609.11 609.1097 609.1087 609.1085 609.1077 609.1067 609.1064 609.1061 609.1184 609.1188 609.1195 609.1312 609.1345 609.1434 609.1489 609.1548 609.1654 609.1685 609.1796 609.1878 609.1985 609.2081 609.2179 609.2268 609.236 609.2443 609.2526 609.2609 609.2719 609.2762 609.2912 609.2944 609.3051 609.318 609.3175 609.3351 609.3412 609.3514 609.3596 609.3628 609.3766 609.3802 609.3911
609.1494 609.1378 609.1248 609.1139 609.1032 609.0955 609.0831 609.0734 609.0648 609.0547 609.0485 609.0384 609.0316 609.0306 609.018 609.0134 609.0132 609.0121 609.012 609.0112 609.011 609.01 609.0098 609.0089 609.0085 609.0078 609.0068 609.0067 609.0073 609.0206 609.0209 609.0236 609.0353 609.0404 609.0493 609.0565 609.0623 609.0749 609.0806 609.0923 609.1003 609.1127 609.1238 609.1352 609.1454 609.156 609.1667 609.1758 609.1844 609.199 609.2054 609.2192 609.2272 609.2384 609.2502 609.2553 609.2724 609.2772 609.2902 609.3009 609.3049 609.3188 609.3262 609.3347
609.0641 609.0527 609.039 609.0262 609.014 609.0042 608.9918 608.9805 608.9701 608.96 608.9521 608.942 608.9334 608.9324 608.9198 608.9131 608.9131 608.912 608.912 608.9111 608.911 608.91 608.91 608.9089 608.9085 608.908 608.9069 608.9069 608.9094 608.9227 608.9231 608.9278 608.9395 608.9464 608.9553 608.9642 608.9716 608.9844 608.9927 609.0051 609.0132 609.0269 609.0394 609.0524 609.064 609.076 609.0901 609.1004 609.1083 609.126 609.1345 609.1472 609.16 609.1718 609.1824 609.1932 609.2095 609.2166 609.2275 609.2413 609.2487 609.2601 609.2718 609.2812
608.9789 608.9677 608.9533 608.9387 608.9248 608.9129 608.9005 608.8875 608.8754 608.8654 608.8557 608.8455 608.845 608.8226 608.8117 608.7869 608.751 608.7464 608.7464 608.7466 608.7466 608.7456 608.7467 608.7457 608.7463 608.7458 608.7459 608.7766 608.8061 608.8093 608.8355 608.8345 608.8436 608.8523 608.8612 608.8719 608.8811 608.894 608.9048 608.9178 608.9284 608.9432 608.9568 608.9706 608.9825 608.9989 609.0134 609.025 609.0354 609.053 609.0635 609.0753 609.0928 609.105 609.1143 609.131 609.1465 609.1561 609.1649 609.1801 609.1924 609.2009 609.2147 609.2274
608.8942 608.8826 608.8676 608.851 608.849 608.8035 608.7617 608.7161 608.6722 608.6353 608.5988 608.5619 608.5363 608.4999 608.489 608.4682 608.4323 608.4277 608.4277 608.4318 608.4318 608.4308 608.4357 608.4348 608.439 608.4386 608.4423 608.4746 608.5022 608.5096 608.5424 608.5765 608.6091 608.6426 608.675 608.7104 608.7471 608.7834 608.831 608.8305 608.8436 608.8597 608.8749 608.89 608.9042 608.9218 608.9367 608.9496 608.9624 608.98 608.9927 609.0034 609.0256 609.0383 609.0466 609.0662 609.0835 609.0936 609.1059 609.1188 609.1344 609.1432 609.1606 609.1713
608.7475 608.7004 608.6412 608.5808 608.5269 608.4741 608.4323 608.3875 608.3449 608.308 608.2719 608.235 608.2136 608.1772 608.1661 608.1494 608.1135 608.109 608.1086 608.1169 608.1169 608.1161 608.1248 608.1239 608.1316 608.1314 608.1391 608.1726 608.1985 608.21 608.2427 608.2784 608.311 608.346 608.3784 608.4142 608.4523 608.4885 608.5392 608.5861 608.63 608.688 608.7462 608.8043 608.828 608.8447 608.86 608.8742 608.8894 608.9064 608.9218 608.936 608.9564 608.9716 608.9827 609.0041 609.0203 609.0323 609.0472 609.0586 609.0772 609.0892 609.1064 609.1174
608.4249 608.3711 608.3145 608.252 608.1992 608.1446 608.1028 608.0588 608.0176 607.9807 607.9451 607.9081 607.8909 607.8545 607.8434 607.8307 607.7947 607.7903 607.7896 607.8021 607.8021 607.8013 607.8138 607.813 607.8243 607.8242 607.8371 607.8707 607.895 607.9103 607.9431 607.9803 608.0129 608.0494 608.0818 608.1181 608.1573 608.1936 608.2475 608.2909 608.3361 608.3942 608.4509 608.5077 608.5704 608.6417 608.7062 608.7735 608.8255 608.8338 608.8509 608.8688 608.8889 608.9049 608.9205 608.942 608.956 608.9725 608.9885 609.0023 609.0211 609.0351 609.0506 609.0643
608.1034 608.0418 607.9877 607.9231 607.8696 607.817 607.7733 607.7302 607.6881 607.6533 607.6182 607.5813 607.5682 607.5317 607.5206 607.512 607.476 607.4716 607.4709 607.4873 607.4873 607.4866 607.5028 607.5021 607.5169 607.5169 607.5352 607.5687 607.5914 607.6106 607.6465 607.6823 607.7177 607.7529 607.7856 607.822 607.8625 607.8987 607.9542 607.9957 608.0421 608.1004 608.1555 608.2111 608.2762 608.3452 608.4053 608.4752 608.5458 608.6213 608.7006 608.7855 608.8235 608.8382 608.8584 608.8799 608.8936 608.9127 608.9297 608.9461 608.9649 608.981 608.9962 609.0111
607.7819 607.7125 607.6634 607.5947 607.5391 607.4894 607.4438 607.4016 607.357 607.326 607.2895 607.2545 607.243 607.209 607.1978 607.1932 607.1572 607.153 607.1523 607.1725 607.1725 607.1749 607.1918 607.1912 607.2097 607.2125 607.2332 607.2667 607.2878 607.311 607.35 607.3842 607.4238 607.4563 607.4894 607.5258 607.5676 607.6056 607.6591 607.7005 607.7482 607.8066 607.8602 607.9146 607.982 608.0487 608.1044 608.1768 608.244 608.3195 608.4009 608.4813 608.564 608.6523 608.7414 608.822 608.8331 608.8522 608.871 608.8899 608.9071 608.9269 608.9427 608.9556
607.4603 607.3831 607.3351 607.2679 607.2097 607.1617 607.1143 607.0725 607.0259 606.9987 606.9617 606.9276 606.9161 606.8863 606.875 606.8745 606.8385 606.8342 606.834 606.8577 606.8577 606.8639 606.8809 606.8802 606.9025 606.9093 606.9312 606.965 606.9842 607.0113 607.0521 607.0861 607.1273 607.1597 607.1932 607.2317 607.2727 607.3138 607.3639 607.4051 607.4542 607.5114 607.5649 607.618 607.6832 607.7464 607.8044 607.8784 607.9421 608.0176 608.1012 608.1765 608.2652 608.3464 608.439 608.5359 608.6194 608.7314 608.82 608.8337 608.8522 608.8721 608.8893 608.9033
607.1386 607.0573 607.0067 606.9412 606.8809 606.8341 606.7849 606.743 606.6966 606.6713 606.6344 606.6007 606.5892 606.5636 606.5522 606.5518 606.5197 606.5156 606.5192 606.5428 606.5428 606.5529 606.5699 606.5726 606.5952 606.6061 606.6292 606.6635 606.6807 606.7116 606.7543 606.788 606.8308 606.8632 606.8971 606.9379 606.9778 607.0221 607.0687 607.1089 607.1603 607.2138 607.2672 607.3214 607.3821 607.4437 607.5061 607.5801 607.6403 607.7166 607.8015 607.8718 607.9573 608.0406 608.1367 608.2265 608.317 608.4347 608.5367 608.6363 608.7533 608.818 608.8356 608.854
606.8168 606.7358 606.6774 606.6153 606.5519 606.5057 606.4554 606.4136 606.368 606.344 606.3071 606.2739 606.2623 606.2408 606.2295 606.229 606.201 606.1969 606.2045 606.228 606.228 606.2419 606.2589 606.2654 606.288 606.3029 606.3273 606.3621 606.3792 606.4138 606.4564 606.4899 606.5342 606.5666 606.601 606.6439 606.683 606.7303 606.7735 606.8127 606.8665 606.9161 606.9686 607.027 607.085 607.1426 607.2078 607.2758 607.3385 607.4169 607.4968 607.5679 607.6481 607.7349 607.8343 607.9171 608.0201 608.1319 608.2331 608.3353 608.4545 608.5549 608.6585 608.7758
606.4951 606.4142 606.348 606.2924 606.2231 606.1752 606.1259 606.0841 606.0394 606.0167 605.9797 605.947 605.9354 605.9182 605.9067 605.9066 605.8822 605.8782 605.8897 605.9133 605.913 605.931 605.9479 605.9581 605.9808 605.9997 606.0253 606.0607 606.0795 606.1179 606.1586 606.1918 606.2377 606.27 606.3048 606.3492 606.3881 606.4369 606.4783 606.5165 606.5728 606.6208 606.6699 606.7328 606.7885 606.8417 606.9094 606.9709 607.0366 607.1172 607.1893 607.2691 607.3423 607.4311 607.5313 607.6115 607.7233 607.8283 607.9256 608.0367 608.1505 608.2557 608.363 608.4894
606.1734 606.0928 606.0187 605.9667 605.8947 605.8447 605.7966 605.7546 605.7108 605.6893 605.6524 605.6201 605.6085 605.5954 605.584 605.5839 605.5635 605.5595 605.575 605.5984 605.5981 605.62 605.6368 605.6508 605.6735 605.6965 605.7233 605.7593 605.7798 605.822 605.8607 605.8967 605.9411 605.9734 606.0087 606.0546 606.0932 606.1417 606.1832 606.2207 606.279 606.3254 606.3724 606.4361 606.492 606.5409 606.6111 606.666 606.7348 606.8174 606.8825 606.9677 607.0366 607.1287 607.2221 607.3091 607.4237 607.5248 607.6203 607.7385 607.8467 607.9544 608.0676 608.2045
605.8519 605.7711 605.6896 605.6385 605.5679 605.5142 605.4691 605.4252 605.3821 605.362 605.3251 605.2933 605.2818 605.2727 605.2613 605.2611 605.2447 605.2408 605.2602 605.2836 605.2833 605.309 605.3258 605.3435 605.3663 605.3934 605.4213 605.4578 605.4802 605.5261 605.5629 605.6028 605.6445 605.6769 605.7147 605.7599 605.7983 605.8465 605.8876 605.9268 605.9813 606.0302 606.0758 606.1351 606.1904 606.24 606.311 606.361 606.433 606.5136 606.5778 606.6613 606.7307 606.8264 606.9127 607.012 607.12 607.2184 607.32 607.4425 607.5489 607.6548 607.777 607.92
605.5304 605.4493 605.3682 605.3103 605.2432 605.1837 605.1414 605.0957 605.0535 605.0347 604.9977 604.9664 604.9551 604.95 604.9386 604.9383 604.926 604.9221 604.9454 604.9688 604.9686 604.998 605.0147 605.0362 605.0591 605.0901 605.1194 605.1564 605.1809 605.2284 605.265 605.3089 605.348 605.3803 605.4209 605.4653 605.5049 605.5513 605.5914 605.6328 605.6837 605.7321 605.7792 605.8341 605.8878 605.9404 606.006 606.056 606.1331 606.2064 606.273 606.3503 606.4249 606.5237 606.6036 606.7152 606.8164 606.9096 607.0214 607.1385 607.2517 607.3593 607.4921 607.6265
605.2045 605.1276 605.0466 604.9821 604.9203 604.8532 604.8113 604.7662 604.7244 604.7073 604.6704 604.6396 604.6285 604.6273 604.6158 604.6155 604.6072 604.6035 604.6307 604.654 604.6538 604.687 604.7038 604.7289 604.7518 604.787 604.8179 604.855 604.885 604.9305 604.9669 605.015 605.0514 605.0839 605.1271 605.1706 605.2131 605.2562 605.2952 605.3389 605.386 605.4334 605.4836 605.5331 605.5851 605.6421 605.7011 605.7538 605.8334 605.899 605.9742 606.0392 606.1208 606.2174 606.3012 606.4119 606.5126 606.6043 606.73 606.8381 606.9503 607.0648 607.2157 607.3331
604.8801 604.8058 604.7252 604.6538 604.5975 604.5231 604.4808 604.4367 604.3949 604.3767 604.3431 604.309 604.3016 604.3008 604.2932 604.2927 604.2885 604.2847 604.3159 604.3392 604.3421 604.376 604.3929 604.4216 604.4465 604.4838 604.5165 604.5536 604.5892 604.6327 604.6688 604.7211 604.7548 604.7877 604.8334 604.876 604.9196 604.9609 604.999 605.0451 605.0884 605.1348 605.1891 605.2321 605.2824 605.3438 605.3962 605.452 605.5305 605.5915 605.6696 605.7281 605.8184 605.9083 606.0039 606.1081 606.2036 606.3048 606.4305 606.5454 606.6511 606.7798 606.9232 607.0396
604.5604 604.4843 604.4036 604.325 604.2701 604.1946 604.1503 604.1072 604.0654 604.046 604.0157 603.9788 603.9748 603.9738 603.9704 603.97 603.969 603.9667 604.0012 604.0244 604.0311 604.0651 604.082 604.1143 604.1433 604.1806 604.2151 604.2521 604.2933 604.3348 604.3707 604.4258 604.4582 604.4915 604.5396 604.5814 604.6243 604.6658 604.7028 604.7489 604.7907 604.8362 604.8881 604.9353 604.9797 605.0413 605.0912 605.1501 605.2233 605.2841 605.3638 605.4208 605.5159 605.5989 605.7038 605.8045 605.8945 606.0096 606.1268 606.2477 606.3557 606.5028 606.6298 606.7648
604.2406 604.1628 604.0818 604.0005 603.9419 603.8711 603.8198 603.7778 603.7485 603.7475 603.7275 603.7239 603.6989 603.6854 603.6849 603.6844 603.6965 603.7207 603.7218 603.7359 603.741 603.7541 603.774 603.8071 603.8401 603.8774 603.9136 603.9491 603.9974 604.037 604.0756 604.1293 604.1616 604.1977 604.2453 604.2867 604.3292 604.3702 604.4066 604.4512 604.4954 604.5375 604.587 604.6345 604.6771 604.7363 604.7863 604.8494 604.916 604.979 605.0543 605.115 605.2126 605.2933 605.4 605.4978 605.5883 605.7215 605.8371 605.9462 606.0676 606.22 606.3363 606.4882
603.9208 603.8413 603.7601 603.7371 603.7034 603.6608 603.6316 603.6064 603.5816 603.5556 603.5322 603.5275 603.5037 603.4867 603.4863 603.4858 603.4978 603.5207 603.5196 603.5337 603.5558 603.5665 603.5947 603.6106 603.6351 603.662 603.6847 603.713 603.736 603.7391 603.7817 603.8327 603.8651 603.9039 603.9507 603.9921 604.034 604.074 604.1104 604.1536 604.197 604.2389 604.286 604.3318 604.3756 604.4313 604.4813 604.5474 604.6086 604.6772 604.7432 604.8105 604.9035 604.9957 605.0962 605.1887 605.2896 605.4186 605.542 605.6475 605.7899 605.9265 606.067 606.2015
