samples/sfe_322/sfe_322_x1/sfe_322_x1/sfe_322_x1.asc
ncols         299
nrows         166
xllcorner     73.39999999851
yllcorner     65.60000000149
cellsize      1
NODATA_value  -9999
[rows 28 to 55 of 166, columns 0 to 63 of 299]
-9999 -9999 -9999 -9999 -9999 -9999 -9999 -9999 -9999 -9999 -9999 -9999 -9999 -9999 -9999 -9999 -9999 -9999 -9999 -9999 609.6589 609.644 609.6289 609.6144 609.5993 609.5857 609.5715 609.5564 609.5425 609.5287 609.5149 609.5013 609.4889 609.4758 609.4622 609.4488 609.4365 609.4235 609.419 609.4172 609.4044 609.3915 609.3859 609.385 609.3796 609.3658 609.3526 609.3517 609.3498 609.3354 609.3211 609.3154 609.3146 609.3062 609.2979 609.2843 609.2692 609.2675 609.2559 609.2425 609.2415 609.2302 609.2149 609.1999
-9999 -9999 -9999 -9999 -9999 -9999 -9999 -9999 -9999 -9999 -9999 -9999 -9999 -9999 -9999 -9999 -9999 -9999 -9999 609.6608 609.646 609.631 609.6158 609.6014 609.5864 609.5728 609.5585 609.5434 609.5295 609.5156 609.5018 609.488 609.4756 609.4631 609.4491 609.4355 609.423 609.4107 609.4012 609.4002 609.3904 609.3776 609.3669 609.3661 609.3649 609.3511 609.3373 609.3317 609.3309 609.3198 609.3055 609.2942 609.2934 609.2889 609.2758 609.2672 609.252 609.2447 609.2377 609.2227 609.2178 609.2107 609.1954 609.1802
-9999 -9999 -9999 -9999 -9999 -9999 -9999 -9999 -9999 -9999 -9999 -9999 -9999 -9999 -9999 -9999 -9999 -9999 -9999 609.6476 609.6329 609.6179 609.6027 609.5883 609.5735 609.5598 609.5455 609.5304 609.5164 609.5026 609.4888 609.4749 609.4623 609.45 609.4363 609.4225 609.4097 609.3973 609.384 609.3824 609.3765 609.3637 609.3519 609.3468 609.3463 609.3364 609.3226 609.3116 609.3108 609.3041 609.2898 609.2755 609.2722 609.2714 609.258 609.25 609.2349 609.2219 609.2195 609.2044 609.1942 609.1912 609.1759 609.1606
-9999 -9999 -9999 -9999 -9999 -9999 -9999 -9999 -9999 -9999 -9999 -9999 -9999 -9999 -9999 -9999 -9999 -9999 -9999 609.6345 609.6198 609.6047 609.5899 609.5752 609.5605 609.5469 609.5325 609.5174 609.5034 609.4895 609.4757 609.4619 609.449 609.4366 609.4233 609.4097 609.3962 609.3839 609.3712 609.3642 609.3625 609.3497 609.3369 609.3278 609.3269 609.3217 609.3079 609.2941 609.2904 609.2885 609.2741 609.2598 609.2509 609.2499 609.2407 609.2315 609.2177 609.2025 609.1982 609.1862 609.1711 609.1697 609.1564 609.1411
-9999 -9999 -9999 -9999 -9999 -9999 -9999 -9999 -9999 -9999 -9999 -9999 -9999 -9999 -9999 -9999 -9999 -9999 -9999 609.6213 609.6067 609.5916 609.577 609.5621 609.5476 609.5339 609.5195 609.5043 609.4903 609.4764 609.4626 609.4489 609.4357 609.4233 609.4102 609.3965 609.3829 609.3705 609.3582 609.3462 609.3453 609.3358 609.323 609.3121 609.308 609.307 609.2932 609.2794 609.2703 609.2696 609.2585 609.2441 609.2298 609.2286 609.2233 609.2098 609.2005 609.1854 609.1754 609.168 609.1529 609.1461 609.1369 609.1216
-9999 -9999 -9999 -9999 -9999 -9999 -9999 -9999 -9999 -9999 -9999 -9999 -9999 -9999 -9999 -9999 -9999 -9999 609.6234 609.6084 609.5936 609.5785 609.564 609.549 609.5346 609.5209 609.5065 609.4913 609.4773 609.4634 609.4497 609.4358 609.4224 609.4101 609.3974 609.3834 609.3697 609.3571 609.3447 609.3315 609.3275 609.3219 609.3091 609.2962 609.2889 609.2882 609.2785 609.2647 609.2509 609.2495 609.2428 609.2285 609.2142 609.2073 609.2061 609.1924 609.1833 609.1682 609.1531 609.1497 609.1346 609.1224 609.1174 609.1021
-9999 -9999 -9999 -9999 -9999 -9999 -9999 -9999 -9999 -9999 -9999 -9999 -9999 -9999 -9999 -9999 -9999 -9999 609.6102 609.5955 609.5805 609.5654 609.5511 609.5359 609.5216 609.508 609.4935 609.4783 609.4642 609.4503 609.4368 609.4228 609.4091 609.3968 609.3844 609.3708 609.3571 609.3437 609.3314 609.319 609.3096 609.3079 609.2951 609.2823 609.2711 609.2689 609.2638 609.25 609.2362 609.2294 609.2272 609.2128 609.1985 609.186 609.1852 609.1752 609.1652 609.1511 609.1359 609.1288 609.1165 609.1014 609.0979 609.0826
-9999 -9999 -9999 -9999 -9999 -9999 -9999 -9999 -9999 -9999 -9999 -9999 -9999 -9999 -9999 -9999 -9999 -9999 609.597 609.5825 609.5674 609.5522 609.538 609.5228 609.5086 609.4951 609.4805 609.4653 609.4512 609.4372 609.4237 609.4097 609.3959 609.3835 609.3711 609.3577 609.344 609.3303 609.3179 609.3056 609.2922 609.2907 609.2812 609.2684 609.2556 609.2498 609.2491 609.2354 609.2216 609.2092 609.2084 609.1972 609.1829 609.1685 609.1639 609.1578 609.1443 609.1339 609.1188 609.1062 609.0982 609.0831 609.0743 609.0631
-9999 -9999 -9999 -9999 -9999 -9999 -9999 -9999 -9999 -9999 -9999 -9999 -9999 -9999 -9999 -9999 -9999 -9999 609.5839 609.5693 609.5543 609.5391 609.5249 609.5097 609.4957 609.4821 609.4675 609.4523 609.4382 609.4241 609.4106 609.3967 609.3828 609.3702 609.3578 609.3445 609.3308 609.3171 609.3046 609.2922 609.2792 609.2726 609.2673 609.2545 609.2416 609.2307 609.2301 609.2206 609.2068 609.1931 609.1882 609.1815 609.1672 609.1528 609.1426 609.1406 609.127 609.1167 609.1016 609.0864 609.08 609.0649 609.0507 609.0436
-9999 -9999 -9999 -9999 -9999 -9999 -9999 -9999 -9999 -9999 -9999 -9999 -9999 -9999 -9999 -9999 -9999 609.586 609.571 609.5563 609.5412 609.526 609.5118 609.4966 609.4827 609.4691 609.4545 609.4393 609.4251 609.4111 609.3975 609.3837 609.3698 609.3569 609.3445 609.3315 609.3177 609.3043 609.2911 609.2788 609.2664 609.2546 609.2533 609.2405 609.2277 609.2164 609.2111 609.2059 609.1921 609.1783 609.168 609.1658 609.1516 609.1372 609.1229 609.1205 609.1097 609.0988 609.0844 609.0693 609.0596 609.0467 609.0316 609.0241
-9999 -9999 -9999 -9999 -9999 -9999 -9999 -9999 -9999 -9999 -9999 -9999 -9999 -9999 -9999 -9999 -9999 609.5728 609.558 609.5432 609.5281 609.5131 609.4987 609.4835 609.4697 609.456 609.4415 609.4263 609.412 609.3981 609.3844 609.3706 609.3568 609.3436 609.3312 609.3188 609.3051 609.2914 609.2778 609.2654 609.2531 609.2397 609.236 609.2266 609.2137 609.2009 609.192 609.1911 609.1774 609.1636 609.1498 609.1471 609.1359 609.1215 609.1072 609.0993 609.0923 609.0787 609.0673 609.0521 609.037 609.0284 609.0134 609.0025
-9999 -9999 -9999 -9999 -9999 -9999 -9999 -9999 -9999 -9999 -9999 -9999 -9999 -9999 -9999 -9999 -9999 609.5597 609.5451 609.5301 609.515 609.5003 609.4856 609.4704 609.4567 609.4429 609.4285 609.4133 609.399 609.3852 609.3713 609.3575 609.3437 609.3303 609.3179 609.3056 609.292 609.2783 609.2645 609.252 609.2396 609.227 609.2178 609.2126 609.1998 609.187 609.1754 609.172 609.1627 609.1489 609.1351 609.127 609.1202 609.1059 609.0916 609.0779 609.0751 609.0615 609.0501 609.035 609.0198 609.0102 608.9951 608.98
-9999 -9999 -9999 -9999 -9999 -9999 -9999 -9999 -9999 -9999 -9999 -9999 -9999 -9999 -9999 -9999 -9999 609.5466 609.532 609.517 609.5018 609.4874 609.4725 609.4573 609.4437 609.4298 609.4155 609.4003 609.386 609.3723 609.3583 609.3444 609.3307 609.317 609.3047 609.2923 609.2789 609.2651 609.2514 609.2386 609.2263 609.2139 609.2003 609.1987 609.1859 609.173 609.1602 609.1529 609.1481 609.1343 609.1205 609.1069 609.1046 609.0902 609.0759 609.0616 609.0557 609.0441 609.0324 609.0178 609.0026 608.9904 608.9769 608.9619
-9999 -9999 -9999 -9999 -9999 -9999 -9999 -9999 -9999 -9999 -9999 -9999 -9999 -9999 -9999 -9999 609.5486 609.5334 609.5189 609.5039 609.4887 609.4743 609.4594 609.4442 609.4308 609.4168 609.4025 609.3873 609.3729 609.3592 609.3452 609.3314 609.3176 609.3038 609.2914 609.279 609.2657 609.252 609.2388 609.2252 609.2128 609.2005 609.1873 609.181 609.1719 609.1591 609.1463 609.1343 609.1331 609.1196 609.1058 609.092 609.0859 609.0746 609.0602 609.0459 609.0345 609.0269 609.0132 609.0006 608.9855 608.9703 608.9587 608.9436
-9999 -9999 -9999 -9999 -9999 -9999 -9999 -9999 -9999 -9999 -9999 -9999 -9999 -9999 -9999 -9999 609.5355 609.5206 609.5058 609.4908 609.4756 609.4615 609.4463 609.4313 609.4178 609.4039 609.3895 609.3743 609.3599 609.3461 609.3322 609.3185 609.3046 609.2907 609.2781 609.2657 609.2533 609.2395 609.2257 609.2119 609.1995 609.1871 609.1747 609.163 609.158 609.1451 609.1323 609.1206 609.1139 609.1049 609.0911 609.0773 609.0658 609.0589 609.0446 609.0303 609.0159 609.0095 608.996 608.9835 608.9683 608.9532 608.9404 608.9254
-9999 -9999 -9999 -9999 -9999 -9999 -9999 -9999 -9999 -9999 -9999 -9999 -9999 -9999 -9999 -9999 609.5223 609.5077 609.4927 609.4777 609.4625 609.4484 609.4332 609.4183 609.4049 609.3909 609.3765 609.3613 609.3469 609.333 609.3191 609.3056 609.2916 609.2776 609.2648 609.2524 609.2401 609.2264 609.2125 609.1987 609.186 609.1737 609.1613 609.1478 609.144 609.1312 609.1184 609.1056 609.0949 609.0901 609.0764 609.0626 609.0488 609.0433 609.0289 609.0146 609.0002 608.991 608.9786 608.966 608.9512 608.936 608.9211 608.9072
-9999 -9999 -9999 -9999 -9999 -9999 -9999 -9999 -9999 -9999 -9999 -9999 -9999 -9999 -9999 -9999 609.5092 609.4946 609.4796 609.4645 609.4493 609.4353 609.4201 609.4055 609.3918 609.3779 609.3635 609.3483 609.3338 609.3199 609.306 609.2925 609.2785 609.2646 609.2515 609.2391 609.2267 609.2133 609.1994 609.186 609.1727 609.1603 609.1479 609.135 609.1262 609.1173 609.1045 609.0917 609.0796 609.075 609.0617 609.0479 609.0341 609.0247 609.0132 608.999 608.9846 608.9703 608.9614 608.9478 608.934 608.9188 608.9037 608.891
-9999 -9999 -9999 -9999 -9999 -9999 -9999 -9999 -9999 -9999 -9999 -9999 -9999 -9999 -9999 609.5112 609.496 609.4816 609.4666 609.4514 609.4363 609.4222 609.407 609.3925 609.3788 609.365 609.3505 609.3353 609.3207 609.3069 609.2929 609.2794 609.2655 609.2516 609.2382 609.2258 609.2134 609.2001 609.1865 609.1731 609.1592 609.1469 609.1345 609.1222 609.1084 609.1033 609.0905 609.0777 609.0649 609.056 609.047 609.0332 609.0194 609.0056 608.9976 608.9833 608.9689 608.9547 608.944 608.9304 608.9168 608.9017 608.892 608.7504
-9999 -9999 -9999 -9999 -9999 -9999 -9999 -9999 -9999 -9999 -9999 -9999 -9999 -9999 -9999 609.4981 609.483 609.4684 609.4534 609.4383 609.4235 609.4091 609.3939 609.3796 609.3657 609.352 609.3375 609.3223 609.3077 609.2938 609.2798 609.2663 609.2524 609.2386 609.2249 609.2125 609.2002 609.1877 609.1738 609.16 609.1461 609.1335 609.1212 609.1088 609.0953 609.0894 609.0766 609.0638 609.051 609.0385 609.0323 609.0185 609.0047 608.9909 608.9819 608.9677 608.9533 608.939 608.9263 608.9131 608.8997 608.8605 608.7154 608.5703
-9999 -9999 -9999 -9999 -9999 -9999 -9999 -9999 -9999 -9999 -9999 -9999 -9999 -9999 -9999 609.4849 609.47 609.4554 609.4404 609.4252 609.4108 609.396 609.3808 609.3666 609.3527 609.3391 609.3245 609.3093 609.2947 609.2808 609.2668 609.2532 609.2393 609.2255 609.2117 609.1993 609.1869 609.1745 609.1607 609.1469 609.1332 609.1201 609.1077 609.0954 609.0828 609.0713 609.0627 609.0499 609.037 609.0243 609.017 609.0038 608.99 608.9762 608.9635 608.952 608.9376 608.9233 608.909 608.8958 608.8355 608.6855 608.5353 608.3902
-9999 -9999 -9999 -9999 -9999 -9999 -9999 -9999 -9999 -9999 -9999 -9999 -9999 -9999 -9999 609.4718 609.4573 609.4423 609.4272 609.412 609.3977 609.3829 609.3677 609.3536 609.3396 609.3261 609.3115 609.2963 609.2816 609.2678 609.2537 609.2401 609.2262 609.2125 609.1986 609.186 609.1736 609.1613 609.1476 609.1337 609.1205 609.1067 609.0944 609.082 609.0696 609.0559 609.0487 609.0359 609.0231 609.0103 608.9979 608.9891 608.9753 608.9615 608.9478 608.9363 608.922 608.9077 608.8942 608.7971 608.658 608.5104 608.3604 608.2101
-9999 -9999 -9999 -9999 -9999 -9999 -9999 -9999 -9999 -9999 -9999 -9999 -9999 -9999 609.4739 609.4586 609.4442 609.4292 609.4141 609.3989 609.3846 609.3698 609.3546 609.3406 609.3267 609.3131 609.2985 609.2833 609.2686 609.2547 609.2407 609.2271 609.2131 609.1995 609.1855 609.1727 609.1603 609.1479 609.1345 609.1209 609.1074 609.0934 609.0809 609.0686 609.0562 609.043 609.0345 609.022 609.0092 608.9963 608.9838 608.9744 608.9606 608.9468 608.933 608.9207 608.9063 608.895 608.7563 608.6133 608.4741 608.3348 608.1854 608.0353
-9999 -9999 -9999 -9999 -9999 -9999 -9999 -9999 -9999 -9999 -9999 -9999 -9999 -9999 609.4607 609.4455 609.4311 609.4161 609.401 609.3858 609.3718 609.3567 609.3415 609.3276 609.3137 609.3002 609.2855 609.2703 609.2556 609.2417 609.2276 609.214 609.2003 609.1864 609.1725 609.1594 609.147 609.1346 609.1219 609.1082 609.0943 609.0803 609.0676 609.0552 609.0428 609.0305 609.0165 609.0081 608.9952 608.9824 608.9695 608.959 608.9459 608.9321 608.9183 608.9045 608.8936 608.7319 608.58 608.428 608.2903 608.1512 608.0107 607.8603
-9999 -9999 -9999 -9999 -9999 -9999 -9999 -9999 -9999 -9999 -9999 -9999 -9999 -9999 609.4476 609.4327 609.418 609.403 609.3879 609.3727 609.3588 609.3436 609.3284 609.3147 609.3008 609.2872 609.2725 609.2573 609.2425 609.2286 609.2146 609.2009 609.1874 609.1734 609.1595 609.1461 609.1337 609.1213 609.109 609.0951 609.0811 609.0678 609.0541 609.0418 609.0294 609.0171 609.0034 608.9941 608.9813 608.9684 608.9556 608.9427 608.9312 608.9174 608.9036 608.8688 608.7157 608.5644 608.4036 608.2516 608.1064 607.9673 607.8282 607.6865
-9999 -9999 -9999 -9999 -9999 -9999 -9999 -9999 -9999 -9999 -9999 -9999 -9999 -9999 609.4344 609.4197 609.4049 609.3899 609.3748 609.3596 609.3457 609.3305 609.3153 609.3017 609.2878 609.2742 609.2595 609.2443 609.2295 609.2156 609.2017 609.1879 609.1744 609.1603 609.1465 609.1328 609.1204 609.1081 609.0957 609.082 609.068 609.0549 609.0408 609.0284 609.0161 609.0037 608.9908 608.9796 608.9673 608.9545 608.9417 608.9289 608.9165 608.9027 608.8442 608.691 608.5379 608.3848 608.2336 608.0753 607.9233 607.7835 607.6443 607.5054
-9999 -9999 -9999 -9999 -9999 -9999 -9999 -9999 -9999 -9999 -9999 -9999 -9999 609.4365 609.4213 609.4069 609.3918 609.3768 609.3616 609.3467 609.3326 609.3174 609.3022 609.2887 609.2748 609.2612 609.2465 609.2313 609.2164 609.2025 609.1887 609.1748 609.1613 609.1473 609.1334 609.1196 609.1072 609.0948 609.0824 609.0688 609.0554 609.0417 609.0276 609.015 609.0026 608.9903 608.9779 608.964 608.9534 608.9406 608.9277 608.9149 608.9017 608.829 608.6664 608.5132 608.3601 608.207 608.0539 607.9025 607.7469 607.595 607.4605 607.3214
-9999 -9999 -9999 -9999 -9999 -9999 -9999 -9999 -9999 -9999 -9999 -9999 -9999 609.4233 609.4081 609.3937 609.3787 609.3637 609.3485 609.334 609.3195 609.3043 609.2891 609.2757 609.2619 609.2483 609.2335 609.2183 609.2034 609.1895 609.1758 609.1617 609.1481 609.1343 609.1204 609.1065 609.0939 609.0815 609.0691 609.0562 609.0425 609.0286 609.015 609.0016 608.9893 608.9769 608.9645 608.951 608.9395 608.9266 608.9138 608.901 608.8041 608.6501 608.4955 608.3354 608.1823 608.0292 607.8761 607.7239 607.5714 607.4186 607.2742 607.1375
-9999 -9999 -9999 -9999 -9999 -9999 -9999 -9999 -9999 -9999 -9999 -9999 -9999 609.4102 609.395 609.3807 609.3657 609.3506 609.3354 609.3212 609.3065 609.2913 609.2762 609.2628 609.249 609.2354 609.2205 609.2053 609.1903 609.1765 609.1628 609.1486 609.1351 609.1212 609.1074 609.0934 609.0806 609.0682 609.0558 609.0434 609.0294 609.0154 609.0023 608.9882 608.9758 608.9635 608.9511 608.9385 608.9248 608.9127 608.9 608.7886 608.6323 608.4713 608.3173 608.16 608.0045 607.8514 607.6983 607.5452 607.397 607.2422 607.0903 606.9537
