samples/sfe_322/sfe_322_x1/sfe_322_x1/sfe_322_x1.asc
ncols         299
nrows         166
xllcorner     73.39999999851
yllcorner     65.60000000149
cellsize      1
NODATA_value  -9999
[rows 56 to 83 of 166, columns 128 to 191 of 299]
600.619 600.7515 600.8495 601.247 601.4505 601.4874 601.5197 601.5464 601.5774 601.6012 601.6254 601.6487 601.6729 601.6958 601.7144 601.7383 601.7667 601.796 601.824 601.8447 601.8682 601.8926 601.9211 601.9475 601.9579 601.9775 601.9989 602.0057 602.0244 602.0335 602.0195 602.0392 602.0281 602.0049 601.9805 601.9578 601.924 601.8954 601.8497 601.8121 601.7687 601.7182 601.6645 601.6107 601.5475 601.4853 601.4269 601.1295 600.722 600.364 600.3895 600.1705 600.0935 600.0135 599.8045 599.833 599.6535 599.728 599.7545 599.5615 599.524 599.439 599.141 599.324
601.454 601.506 601.5588 601.5903 601.6416 601.6772 601.7111 601.7377 601.7681 601.7923 601.8166 601.8413 601.8663 601.8893 601.9111 601.935 601.9663 601.9951 602.0258 602.0485 602.074 602.0978 602.1265 602.1533 602.1601 602.1794 602.1976 602.2043 602.2205 602.2289 602.2067 602.225 602.2087 602.1846 602.1567 602.1314 602.0963 602.0647 602.014 601.9763 601.9292 601.8718 601.8168 601.761 601.6964 601.6375 601.5792 601.5087 601.4349 601.2185 600.826 600.134 599.9125 599.9925 599.819 599.603 599.679 599.827 599.7405 599.573 599.6115 599.553 599.2886 599.1545
601.6451 601.6984 601.7513 601.7849 601.8327 601.8671 601.9024 601.9291 601.9588 601.9834 602.0073 602.0339 602.0598 602.0828 602.1073 602.1317 602.166 602.1924 602.2274 602.2514 602.2798 602.3019 602.3317 602.3591 602.3622 602.3815 602.3962 602.4028 602.4166 602.42 602.394 602.4108 602.3894 602.3575 602.3329 602.2974 602.2686 602.2232 602.1784 602.1316 602.0851 602.0266 601.9692 601.9099 601.8472 601.7898 601.7287 601.656 601.5869 601.5129 601.4346 601.019 600.186 599.9695 600.013 599.8329 599.711 599.617 599.549 599.488 599.4185 599.3405 599.3135 599.2945
601.8363 601.8909 601.9386 601.9794 602.0213 602.0595 602.0938 602.1204 602.1495 602.1745 602.1981 602.2264 602.2515 602.2762 602.3022 602.3282 602.3654 602.3896 602.4291 602.4529 602.4838 602.5059 602.5369 602.5649 602.5643 602.5835 602.5948 602.6013 602.6127 602.6106 602.5812 602.5966 602.5701 602.5363 602.509 602.4661 602.4381 602.3804 602.3428 602.2928 602.2339 602.178 602.1229 602.0587 602.0004 601.9421 601.8784 601.8149 601.7479 601.6804 601.6005 601.5092 601.408 600.783 600.2665 599.738 599.5625 599.389 599.451 599.5049 599.447 599.2335 599.285 599.4561
602.0276 602.0861 602.1283 602.1739 602.2073 602.252 602.2836 602.3118 602.3402 602.3657 602.3887 602.419 602.4432 602.4697 602.4971 602.5249 602.5614 602.5892 602.6302 602.6544 602.6876 602.7104 602.7421 602.7703 602.7696 602.7858 602.7934 602.8 602.8088 602.8011 602.7684 602.7822 602.7507 602.708 602.6852 602.6383 602.6039 602.5447 602.5004 602.4506 602.3887 602.3296 602.2722 602.2076 602.1526 602.0953 602.0257 601.9689 601.9047 601.8434 601.7661 601.6675 601.5831 601.492 601.4065 600.592 599.8325 599.6145 599.5035 599.402 599.489 599.306 599.1025 599.1495
602.2189 602.2821 602.3226 602.3684 602.398 602.4432 602.4733 602.5032 602.5309 602.5568 602.5795 602.61 602.635 602.6632 602.6938 602.7216 602.7575 602.7888 602.829 602.8574 602.8915 602.9152 602.947 602.9756 602.9757 602.9881 602.9921 602.9986 603.005 602.9918 602.9574 602.9661 602.9313 602.882 602.8517 602.8105 602.7587 602.7091 602.6557 602.5997 602.5405 602.4814 602.4211 602.3616 602.3049 602.2437 602.1799 602.121 602.0615 602.0064 601.9312 601.8258 601.7673 601.6789 601.593 601.4973 601.405 600.5585 599.311 599.31 599.4805 599.4035 599.0955 599.062
602.4114 602.4732 602.515 602.5615 602.5931 602.6343 602.6631 602.6945 602.7216 602.7479 602.7705 602.8009 602.8276 602.8567 602.8911 602.9182 602.9528 602.9885 603.0278 603.0623 603.0953 603.12 603.1509 603.1808 603.1816 603.1903 603.1907 603.1972 603.2011 603.1823 603.1482 603.1446 603.1066 603.0603 603.0178 602.9807 602.9159 602.8705 602.8161 602.7508 602.6907 602.6345 602.568 602.5155 602.4574 602.3954 602.3436 602.2858 602.2292 602.1714 602.0905 602 601.9515 601.8657 601.7899 601.7045 601.5717 601.4583 600.9515 600.1324 599.398 599.1955 599.034 599.1175
602.608 602.6644 602.708 602.7491 602.7883 602.8254 602.8553 602.8859 602.9125 602.939 602.9616 602.9917 603.0201 603.0492 603.0825 603.1133 603.1474 603.1879 603.2261 603.264 603.2982 603.3248 603.3548 603.3862 603.3873 603.3925 603.3911 603.3958 603.3972 603.3729 603.3391 603.3231 603.2795 603.2365 603.184 603.1382 603.0754 603.0244 602.9672 602.9033 602.8423 602.7834 602.722 602.6677 602.6096 602.5449 602.503 602.4533 602.4044 602.3461 602.2488 602.1962 602.1408 602.0523 601.9968 601.907 601.7797 601.6866 601.5739 601.4245 600.656 599.6525 599.0545 598.947
602.8071 602.8557 602.9047 602.9434 602.9834 603.0131 603.0477 603.0773 603.1039 603.1301 603.1528 603.1825 603.2127 603.2408 603.274 603.3082 603.342 603.3839 603.4233 603.4642 603.4997 603.5297 603.5588 603.5915 603.593 603.5945 603.5936 603.5945 603.594 603.5635 603.5298 603.5015 603.4537 603.4062 603.3526 603.2942 603.2398 603.1797 603.1135 603.0519 602.9938 602.9306 602.876 602.82 602.7628 602.7086 602.6552 602.61 602.5783 602.5115 602.4142 602.3979 602.3342 602.26 602.197 602.1077 602.0017 601.9271 601.7966 601.6594 601.5403 601.409 600.572 599.477
603.0061 603.0491 603.1014 603.1377 603.1781 603.2057 603.2401 603.2686 603.2952 603.3212 603.3439 603.3732 603.4035 603.4326 603.4655 603.5031 603.5366 603.58 603.6204 603.663 603.7012 603.7344 603.739 603.7712 603.8034 603.826 603.825 603.8059 603.7719 603.7315 603.7207 603.6801 603.6255 603.572 603.5206 603.4514 603.3947 603.3346 603.266 603.2035 603.1458 603.0824 603.03 602.974 602.9125 602.8724 602.8238 602.7778 602.7413 602.6718 602.6089 602.5964 602.5211 602.4706 602.4147 602.3083 602.2191 602.1594 602.0193 601.9044 601.7935 601.6522 601.4938 601.249
603.2047 603.2456 603.298 603.3315 603.3716 603.4008 603.4325 603.4592 603.4866 603.5124 603.535 603.5639 603.5943 603.6242 603.6569 603.698 603.7313 603.7445 603.8134 603.8792 603.9374 603.9849 604.0248 604.0717 604.1033 604.1259 604.1249 604.1023 604.0682 604.0126 603.9612 603.8964 603.8042 603.727 603.6726 603.6086 603.5485 603.4812 603.4131 603.355 603.2932 603.2364 603.1829 603.1262 603.0736 603.0361 602.9934 602.9529 602.9144 602.8301 602.8036 602.7806 602.7114 602.6756 602.6261 602.5309 602.4639 602.3915 602.2528 602.1738 602.049 601.8953 601.7607 601.5778
603.3993 603.443 603.4924 603.5267 603.5642 603.5959 603.6249 603.651 603.678 603.7035 603.7261 603.7515 603.7559 603.8094 603.8676 603.9361 603.9927 604.0633 604.1244 604.1901 604.2439 604.2911 604.3259 604.3752 604.4032 604.4257 604.4244 604.3987 604.364 604.3059 604.2559 604.1857 604.0897 603.9927 603.8767 603.7533 603.702 603.6287 603.5646 603.5066 603.4428 603.3904 603.3361 603.2819 603.2374 603.1921 603.1586 603.1281 603.0917 603.0232 603.004 602.9782 602.9217 602.8896 602.8443 602.7625 602.7109 602.6142 602.5172 602.4264 602.3013 602.1554 602.0059 601.8566
603.5937 603.6421 603.6866 603.7233 603.7585 603.7575 603.8026 603.8472 603.8931 603.9371 603.9767 604.0298 604.0836 604.138 604.1888 604.261 604.3116 604.3821 604.4354 604.5011 604.5503 604.5972 604.6295 604.6763 604.7031 604.7256 604.724 604.6951 604.6581 604.6005 604.5505 604.4709 604.3799 604.2751 604.1502 604.0416 603.9253 603.7934 603.7162 603.6558 603.5968 603.5444 603.4905 603.4387 603.4011 603.3617 603.3264 603.3032 603.2532 603.2178 603.2059 603.1765 603.132 603.0994 603.045 602.9941 602.9649 602.8452 602.7776 602.6796 602.5445 602.431 602.2729 602.1337
603.7625 603.8287 603.9037 603.96 604.0185 604.0753 604.1227 604.1692 604.2166 604.2638 604.3034 604.3577 604.4113 604.4666 604.5197 604.586 604.6393 604.7009 604.7465 604.8121 604.8568 604.9034 604.9367 604.9774 605.0029 605.0255 605.024 604.9915 604.9511 604.8951 604.8413 604.756 604.6671 604.5577 604.4462 604.3299 604.211 604.0763 603.9421 603.829 603.7195 603.6982 603.6453 603.6024 603.5649 603.5314 603.5015 603.4763 603.4375 603.4125 603.408 603.373 603.3422 603.3251 603.2823 603.2411 603.2066 603.1141 603.0502 602.949 602.8164 602.6802 602.5507 602.4112
604.0533 604.1283 604.2059 604.2688 604.3283 604.3931 604.4379 604.4912 604.5401 604.5882 604.6301 604.6855 604.7391 604.7934 604.8483 604.9061 604.9642 605.0197 605.0672 605.123 605.1632 605.2095 605.2438 605.2786 605.3028 605.3253 605.3219 605.2878 605.2441 605.1898 605.1317 605.0416 604.9542 604.8366 604.7345 604.6182 604.4944 604.3597 604.2404 604.1273 604.0214 603.9396 603.8377 603.7425 603.716 603.701 603.6767 603.6573 603.6321 603.6109 603.6097 603.5833 603.5569 603.5477 603.5242 603.4882 603.4376 603.3784 603.3126 603.1949 603.0997 602.9674 602.8276 602.6884
604.3489 604.4279 604.5054 604.5776 604.6358 604.702 604.7557 604.8133 604.8636 604.9092 604.9567 605.0133 605.067 605.1206 605.1769 605.226 605.2892 605.3467 605.39 605.434 605.4727 605.5157 605.5512 605.5797 605.6027 605.625 605.6183 605.5842 605.5371 605.4844 605.4221 605.3297 605.2367 605.1199 605.0228 604.9064 604.7852 604.6459 604.5388 604.4282 604.3274 604.2402 604.1369 604.0493 603.9974 603.9454 603.9029 603.8698 603.8602 603.8371 603.8082 603.7913 603.784 603.7576 603.7299 603.7065 603.7065 603.651 603.579 603.4774 603.366 603.2449 603.1052 602.9644
604.6456 604.7274 604.801 604.8846 604.937 605.0089 605.0735 605.1353 605.1801 605.2327 605.2834 605.3369 605.3949 605.4484 605.5056 605.5478 605.6141 605.6656 605.713 605.7507 605.7875 605.8235 605.8585 605.8807 605.9026 605.9248 605.9147 605.8798 605.8301 605.7791 605.7082 605.6257 605.5192 605.4214 605.311 605.187 605.0684 604.9502 604.837 604.7313 604.6354 604.5408 604.4368 604.3562 604.3043 604.2245 604.1964 604.1574 604.1565 604.1163 604.0873 604.055 604.0428 604.0164 603.9772 603.9486 603.908 603.8505 603.7913 603.7144 603.6614 603.5216 603.3826 603.2187
604.9424 605.0211 605.1006 605.1868 605.2458 605.3187 605.3913 605.4441 605.5019 605.5563 605.6101 605.6589 605.7227 605.7761 605.8342 605.8788 605.9391 605.9844 606.0358 606.0671 606.1024 606.1346 606.1656 606.1819 606.2025 606.2245 606.2111 606.1752 606.1241 606.0737 605.9935 605.9133 605.7965 605.7156 605.5993 605.4871 605.3518 605.2485 605.137 605.0296 604.9433 604.8414 604.7284 604.6631 604.6111 604.5231 604.4899 604.4537 604.4243 604.3954 604.3335 604.3195 604.3016 604.2753 604.2245 604.1959 604.1484 604.0822 604.0189 603.9247 603.8186 603.7125 603.6572 603.4692
605.2391 605.3127 605.4001 605.4864 605.5547 605.6284 605.7057 605.7554 605.824 605.8798 605.9368 605.981 606.0505 606.1038 606.1626 606.2097 606.264 606.3033 606.3578 606.3782 606.4174 606.4454 606.4728 606.483 606.5023 606.5244 606.5075 606.4708 606.4186 606.3671 606.2791 606.1982 606.0897 606.0039 605.8841 605.777 605.6522 605.5468 605.44 605.3312 605.244 605.1367 605.0219 604.97 604.9074 604.8166 604.7834 604.7491 604.7034 604.6746 604.6046 604.5848 604.5605 604.5107 604.4718 604.4369 604.3732 604.314 604.2411 604.135 604.0289 603.9229 603.8071 603.7005
605.5284 605.6094 605.6996 605.7752 605.8635 605.9312 606.0074 606.0716 606.146 606.2027 606.2565 606.303 606.3783 606.4316 606.4888 606.5407 606.5844 606.6266 606.6766 606.6892 606.7322 606.7557 606.78 606.7841 606.8022 606.8244 606.8039 606.7662 606.7132 606.6575 606.5751 606.4807 606.3909 606.2922 606.1752 606.0604 605.9583 605.8458 605.7415 605.6365 605.5446 605.4366 605.3288 605.2769 605.1811 605.1101 605.0731 605.0455 604.9826 604.9477 604.8756 604.8456 604.8193 604.7477 604.7191 604.6773 604.605 604.5436 604.4514 604.3453 604.2393 604.1331 603.9899 603.8427
605.8082 605.9062 605.9888 606.0729 606.1678 606.2305 606.309 606.3894 606.4594 606.5182 606.5746 606.6297 606.7043 606.7596 606.815 606.8717 606.9068 606.9577 606.9954 607.0029 607.0469 607.0621 607.0872 607.0858 607.1055 607.1243 607.1 607.0616 607.0078 606.9456 606.8711 606.7614 606.6935 606.5805 606.4798 606.353 606.2566 606.1488 606.0377 605.9446 605.8428 605.7251 605.6357 605.5837 605.4565 605.4036 605.3425 605.3077 605.2618 605.1893 605.1165 605.1045 605.0781 604.9951 604.9658 604.9007 604.8367 604.7678 604.6617 604.5556 604.4495 604.3198 604.1726 604.0254
606.0862 606.1992 606.2765 606.3724 606.4673 606.5317 606.6188 606.7072 606.7657 606.8347 606.896 606.9564 607.0264 607.0875 607.1412 607.2017 607.2378 607.2892 607.3142 607.3257 607.3611 607.3686 607.3943 607.3929 607.4091 607.4243 607.3954 607.3546 607.3024 607.2309 607.1596 607.0593 606.985 606.8676 606.769 606.6598 606.5549 606.4518 606.3391 606.2476 606.137 606.0144 605.9426 605.8667 605.7363 605.6972 605.6386 605.5698 605.5409 605.429 605.3814 605.3633 605.3053 605.2424 605.2062 605.1277 605.0684 604.9781 604.872 604.7659 604.6498 604.5026 604.3554 604.1992
606.3662 606.4811 606.5732 606.6716 606.7562 606.8405 606.9272 607.0112 607.077 607.1567 607.2195 607.283 607.3484 607.4154 607.4686 607.5303 607.5687 607.6171 607.6348 607.6489 607.6721 607.675 607.701 607.7 607.7125 607.7242 607.691 607.6476 607.597 607.5244 607.4422 607.3604 607.2733 607.1674 607.0562 606.9664 606.8575 606.7497 606.641 606.5482 606.4365 606.3065 606.2495 606.1403 606.0225 605.9907 605.9345 605.8489 605.8054 605.6888 605.6465 605.6221 605.5242 605.4897 605.444 605.3594 605.2933 605.1884 605.0823 604.9763 604.8326 604.6854 604.5327 604.3787
606.6398 606.7588 606.8699 606.9565 607.0451 607.1488 607.2266 607.3128 607.3883 607.4753 607.5408 607.6069 607.6704 607.7433 607.7963 607.858 607.8997 607.942 607.9622 607.9717 607.983 607.9902 608.0072 608.0071 608.0159 608.0235 607.9865 607.9422 607.8916 607.8204 607.731 607.6631 607.5601 607.4725 607.3578 607.2646 607.1606 607.0459 606.9457 606.8439 606.7222 606.6083 606.5523 606.4142 606.3174 606.2615 606.2055 606.1281 606.0485 605.9575 605.9073 605.881 605.7656 605.7352 605.6525 605.5912 605.5048 605.3987 605.2927 605.1626 605.0153 604.8661 604.7191 604.5483
606.9212 607.0371 607.154 607.2415 607.3447 607.4483 607.5259 607.6144 607.7054 607.7801 607.8563 607.9249 607.9924 608.0712 608.1243 608.1842 608.2307 608.2658 608.2892 608.2944 608.2997 608.3051 608.3134 608.3147 608.3193 608.3199 608.282 608.2368 608.1829 608.1165 608.0291 607.9658 607.8561 607.761 607.6674 607.5663 607.4616 607.347 607.2513 607.138 607.0084 606.9152 606.826 606.6885 606.6109 606.5276 606.4546 606.4072 606.2868 606.1976 606.1661 606.0999 606.0129 605.9756 605.8821 605.8182 605.7151 605.609 605.4926 605.3453 605.1981 605.048 604.8885 604.7034
607.1979 607.3145 607.4317 607.537 607.6393 607.7371 607.8252 607.9189 608.0149 608.0875 608.1717 608.2429 608.3145 608.3937 608.4521 608.5104 608.5616 608.5967 608.6139 608.6172 608.6189 608.6198 608.6205 608.622 608.6226 608.6157 608.5775 608.5314 608.4738 608.4028 608.33 608.2543 608.1601 608.0601 607.9744 607.8693 607.7578 607.6489 607.5508 607.4344 607.3005 607.222 607.0996 606.9683 606.9044 606.8235 606.7153 606.6631 606.5262 606.4432 606.425 606.3188 606.2602 606.1958 606.114 606.0315 605.9254 605.8177 605.6753 605.5281 605.3755 605.2286 605.0478 604.8559
607.4658 607.5894 607.7094 607.8269 607.9243 608.0259 608.1264 608.2226 608.3165 608.3987 608.4894 608.5609 608.6365 608.7158 608.7801 608.8366 608.848 608.8464 608.8449 608.8434 608.8418 608.8402 608.8387 608.8371 608.8355 608.8339 608.832 608.8259 608.7698 608.7007 608.6326 608.5485 608.4651 608.3654 608.275 608.1724 608.054 607.9508 607.8449 607.7192 607.5925 607.5117 607.3734 607.2481 607.1859 607.1033 606.9944 606.9075 606.7731 606.7082 606.6757 606.5377 606.5045 606.4049 606.343 606.2418 606.1357 606.0053 605.8581 605.7043 605.569 605.3921 605.2003 605.0084
607.7405 607.8654 607.988 608.1046 608.2092 608.317 608.4293 608.522 608.6182 608.71 608.796 608.8555 608.8545 608.853 608.8514 608.8499 608.8483 608.8468 608.8453 608.8437 608.8422 608.8406 608.8391 608.8375 608.8359 608.8344 608.8328 608.8313 608.8297 608.8282 608.8266 608.825 608.7634 608.675 608.5781 608.4697 608.3549 608.2548 608.139 608.0034 607.8877 607.7853 607.6472 607.5279 607.4498 607.3524 607.2736 607.1459 607.0392 606.969 606.8945 606.7834 606.7391 606.6367 606.5582 606.4521 606.3351 606.188 606.0333 605.9062 605.7365 605.5446 605.3527 605.1868
