samples/S0/S0-X5/s0-x5.asc
ncols         80
nrows         50
xllcorner     95
yllcorner     75
cellsize      1
NODATA_value  -9999
[rows 0 to 27 of 50, columns 0 to 63 of 80]
-9999 -9999 -9999 -9999 -9999 604.2068 604.117 604.0272 603.9374 603.8477 603.7562 603.6666 603.577 603.4874 603.3978 603.3081 603.2183 603.1285 603.0387 602.9489 602.8592 602.7696 602.68 602.5904 602.5008 602.4111 602.3213 602.2315 602.1417 602.0519 601.8927 601.8031 601.7135 601.6239 601.5343 601.5457 601.4559 601.3661 601.2763 601.1865 601.0968 601.0072 600.9176 600.828 600.7384 600.6487 600.5589 600.4691 600.3793 600.2896 600.1999 600.1103 600.0207 599.9311 599.8415 599.7563 599.6665 599.5767 599.4869 599.3972 599.285 599.1954 599.1058 599.0162
-9999 -9999 -9999 -9999 -9999 604.1103 604.0205 603.9307 603.8409 603.7511 603.6596 603.5665 603.4769 603.3873 603.2977 603.2081 603.1183 603.0285 602.9387 602.8489 602.7592 602.6696 602.58 602.4904 602.4008 602.3111 602.2213 602.1315 602.0417 601.9102 601.6536 601.564 601.4744 601.3848 601.2952 601.509 601.4192 601.3294 601.2396 601.1498 601.0601 600.9705 600.8809 600.7913 600.7017 600.612 600.5222 600.4324 600.3426 600.2528 600.1632 600.0736 599.984 599.8944 599.8157 599.7287 599.6389 599.5491 599.4594 599.3583 599.2238 599.1229 599.0333 598.9437
-9999 -9999 -9999 -9999 604.1517 604.0137 603.924 603.8342 603.7444 603.6546 603.5631 603.4699 603.3768 603.2872 603.1976 603.108 603.0183 602.9285 602.8387 602.7489 602.6592 602.5696 602.48 602.3904 602.3008 602.2111 602.1213 602.0315 601.9417 601.7268 601.4702 601.325 601.2354 601.1458 601.0562 601.27 601.3824 601.2927 601.2029 601.113 601.0233 600.9337 600.8441 600.7545 600.665 600.5753 600.4855 600.3956 600.3058 600.2161 600.1265 600.0369 599.9473 599.8614 599.7909 599.7011 599.6113 599.5215 599.4317 599.3083 599.1738 599.0505 598.9609 598.8713
-9999 -9999 -9999 -9999 604.0551 603.9171 603.8275 603.7376 603.6478 603.558 603.4666 603.3734 603.2802 603.1871 603.0975 603.0079 602.9183 602.8285 602.7387 602.6489 602.5592 602.4696 602.38 602.2904 602.2008 602.1111 602.0213 601.9315 601.8 601.5434 601.2868 601.0859 600.9963 600.9067 600.8171 601.0309 601.3458 601.2559 601.1661 601.0763 600.9866 600.897 600.8074 600.7178 600.6282 600.5385 600.4487 600.3589 600.2692 600.1794 600.0898 600.0002 599.9106 599.8393 599.7633 599.6735 599.5837 599.4939 599.3929 599.2584 599.1238 598.9893 598.8884 598.7988
-9999 -9999 -9999 -9999 603.9585 603.8205 603.7309 603.6411 603.5513 603.4615 603.3701 603.2769 603.1837 603.0905 602.9974 602.9078 602.8182 602.7285 602.6387 602.5489 602.4592 602.3696 602.28 602.1904 602.1008 602.0111 601.9213 601.8315 601.6166 601.36 601.1034 600.8468 600.7572 600.6676 600.578 600.7918 601.309 601.2192 601.1294 601.0396 600.9499 600.8603 600.7707 600.6811 600.5915 600.5018 600.412 600.3222 600.2324 600.1428 600.0532 599.9636 599.8849 599.8172 599.7357 599.6459 599.5561 599.4663 599.343 599.2084 599.0739 598.9393 598.816 598.7264
-9999 -9999 -9999 -9999 603.8619 603.7239 603.6343 603.5446 603.4548 603.365 603.2735 603.1803 603.0872 602.994 602.9008 602.8076 602.718 602.6284 602.5387 602.4489 602.3592 602.2696 602.18 602.0904 602.0008 601.9111 601.8213 601.6898 601.4332 601.1766 600.92 600.6634 600.5181 600.4285 600.3389 600.5527 601.0699 601.1825 601.0927 601.0029 600.9131 600.8235 600.7339 600.6443 600.5547 600.4651 600.3752 600.2855 600.1957 600.1061 600.0165 599.9306 599.8629 599.7951 599.7081 599.6183 599.5285 599.4276 599.293 599.1584 599.0239 598.8893 598.7548 598.6539
-9999 -9999 -9999 603.9517 603.7653 603.6273 603.5377 603.4481 603.3582 603.2684 603.1769 603.0838 602.9906 602.8975 602.8043 602.7111 602.6179 602.5283 602.4387 602.3489 602.2592 602.1696 602.08 601.9904 601.9008 601.8111 601.7213 601.5064 601.2498 600.9932 600.7366 600.48 600.2791 600.1895 600.0999 600.3137 600.8309 601.1458 601.0559 600.9661 600.8764 600.7868 600.6972 600.6076 600.518 600.4283 600.3385 600.2487 600.1591 600.0695 599.9799 599.9085 599.8408 599.7703 599.6805 599.5907 599.5009 599.3776 599.243 599.1085 598.9739 598.8394 598.7048 598.5815
-9999 -9999 -9999 603.8551 603.6687 603.5307 603.4411 603.3515 603.2617 603.1719 603.0804 602.9872 602.8941 602.8009 602.7078 602.6146 602.5214 602.4282 602.3386 602.2489 602.1592 602.0696 601.98 601.8904 601.8008 601.7111 601.5796 601.323 601.0664 600.8098 600.5532 600.2966 600.04 599.9504 599.8608 600.0746 600.5918 601.109 601.0192 600.9294 600.8397 600.7501 600.6605 600.5709 600.4813 600.3916 600.3018 600.212 600.1224 600.0328 599.9542 599.8864 599.8187 599.7427 599.6529 599.5631 599.4621 599.3276 599.193 599.0585 598.924 598.7894 598.6548 598.5203
-9999 -9999 -9999 603.7585 603.5721 603.4341 603.3445 603.2549 603.1652 603.0754 602.9839 602.8907 602.7975 602.7044 602.6112 602.5181 602.4249 602.3317 602.2385 602.1489 602.0592 601.9696 601.88 601.7904 601.7008 601.6111 601.3962 601.1396 600.883 600.6264 600.3698 600.1132 599.8566 599.7114 599.6218 599.8356 600.3527 600.8699 600.9825 600.8926 600.803 600.7134 600.6238 600.5342 600.4446 600.3549 600.2651 600.1754 600.0858 599.9998 599.9321 599.8643 599.7966 599.7151 599.6253 599.5355 599.4122 599.2776 599.1431 599.0085 598.874 598.7394 598.6049 598.4703
-9999 -9999 -9999 603.6619 603.4755 603.3375 603.2479 603.1583 603.0687 602.9788 602.8874 602.7942 602.701 602.6078 602.5147 602.4215 602.3284 602.2352 602.142 602.0488 601.9592 601.8696 601.78 601.6904 601.6008 601.4694 601.2128 600.9562 600.6996 600.443 600.1864 599.9298 599.6732 599.4723 599.3827 599.5965 600.1136 600.6309 600.9457 600.856 600.7662 600.6766 600.587 600.4974 600.4078 600.3181 600.2283 600.1387 600.0491 599.9777 599.91 599.8423 599.7745 599.6875 599.5977 599.4967 599.3622 599.2276 599.0931 598.9585 598.824 598.6894 598.5549 598.4203
-9999 -9999 603.7517 603.5653 603.3789 603.2409 603.1513 603.0617 602.9721 602.8823 602.7908 602.6976 602.6045 602.5113 602.4182 602.325 602.2318 602.1386 602.0455 601.7403 601.6506 601.561 601.4714 601.3818 601.2922 601.2025 601.0294 600.7728 600.5162 600.2596 600.003 599.7464 599.4898 599.2332 599.1436 599.3574 599.8746 600.3918 600.909 600.8192 600.7295 600.6399 600.5503 600.4607 600.3711 600.2814 600.1916 600.102 600.0233 599.9556 599.8879 599.8202 599.7497 599.6599 599.5701 599.4467 599.3122 599.1776 599.0431 598.9086 598.774 598.6395 598.5049 598.3704
-9999 -9999 603.6551 603.4687 603.2823 603.1443 603.0547 602.9651 602.8755 602.7858 602.6943 602.6011 602.5079 602.4148 602.3216 602.2285 602.1353 601.8301 601.3129 601.2231 601.1334 601.0438 600.9542 600.8646 600.775 600.6853 600.5955 600.5059 600.3328 600.0762 599.8196 599.563 599.3064 599.0498 598.9045 599.1183 599.6356 600.1528 600.6699 600.7825 600.6927 600.6031 600.5135 600.424 600.3344 600.2447 600.155 600.069 600.0013 599.9335 599.8658 599.7981 599.7221 599.6323 599.5313 599.3968 599.2622 599.1277 598.9931 598.8586 598.724 598.5895 598.4549 598.3204
-9999 -9999 603.5585 603.3721 603.1857 603.0477 602.9581 602.8685 602.7789 602.6893 602.5978 602.5046 602.4114 602.3182 602.2251 601.9199 601.4027 600.8855 600.7957 600.7059 600.6162 600.5266 600.437 600.3474 600.2578 600.1681 600.0783 599.9885 599.8989 599.8093 599.6362 599.3796 599.123 598.8664 598.6655 598.8793 599.3965 599.9137 600.4308 600.7457 600.656 600.5665 600.4768 600.3872 600.2976 600.2079 600.1183 600.0469 599.9792 599.9114 599.8438 599.776 599.6945 599.6047 599.4813 599.3468 599.2122 599.0777 598.9431 598.8086 598.674 598.5395 598.405 598.2704
-9999 -9999 603.4619 603.2755 603.0891 602.9511 602.8615 602.7719 602.6823 602.5927 602.5012 602.4081 602.3149 602.0097 601.4925 600.9753 600.4581 600.3683 600.2785 600.1887 600.099 600.0094 599.9198 599.8302 599.7406 599.6509 599.5611 599.4713 599.3815 599.2919 599.2023 599.1127 598.9396 598.683 598.4264 598.6402 599.1574 599.6746 600.1918 600.709 600.6193 600.5297 600.4401 600.3505 600.2609 600.1712 600.0925 600.0248 599.9571 599.8894 599.8217 599.7539 599.6669 599.5659 599.4313 599.2968 599.1622 599.0277 598.8932 598.7586 598.6241 598.4895 598.355 598.2204
-9999 603.5517 603.3653 603.1789 602.9925 602.8545 602.7649 602.6753 602.5857 602.4961 602.4047 602.0995 601.5823 601.0651 600.5479 600.0307 599.9409 599.8511 599.7613 599.6715 599.5818 599.4922 599.4026 599.313 599.2234 599.1337 599.0439 598.9541 598.8643 598.7745 598.6849 598.5953 598.5057 598.4161 598.243 598.4011 598.9183 599.4355 599.9528 600.47 600.5826 600.493 600.4034 600.3138 600.2242 600.1382 600.0704 600.0027 599.935 599.8673 599.7996 599.7291 599.6393 599.5159 599.3814 599.2468 599.1123 598.9777 598.8432 598.7086 598.5741 598.4395 598.305 598.1704
-9999 603.4551 603.2687 603.0823 602.8959 602.5925 602.5029 602.4133 602.3237 602.2341 601.9306 601.4134 600.8962 600.379 599.8618 598.8956 598.7841 598.6943 598.6045 598.5146 598.1605 598.0074 597.9178 597.8282 597.7386 597.649 597.5591 597.4694 597.3796 597.2836 597.1681 597.0785 596.9889 596.8993 596.8041 597.9782 598.4954 599.0126 599.5298 600.047 600.2608 600.1712 600.0816 599.992 599.9024 600.1161 600.0484 599.9807 599.913 599.8452 599.7775 599.7015 599.6005 599.4659 599.3314 599.1968 599.0623 598.9277 598.7932 598.6586 598.5241 598.3896 598.255 598.1205
-9999 603.3585 603.1721 602.9857 602.4685 602.1651 602.0755 601.9859 601.8963 601.8065 601.503 600.9858 600.4686 599.9514 598.3726 597.4064 597.0527 596.8978 596.808 596.7182 596.364 595.7454 595.4656 595.376 595.2864 595.1967 595.1069 595.0171 594.9088 594.7673 594.6519 594.5623 594.4727 594.3663 594.0033 595.1774 597.8886 598.4058 598.923 599.4402 599.654 599.5644 599.4748 599.3852 599.5989 599.8126 600.0263 599.9586 599.8909 599.8231 599.7554 599.6739 599.5505 599.416 599.2814 599.1469 599.0123 598.8778 598.7432 598.6087 598.4741 598.3396 598.205 598.0705
-9999 603.2619 603.0755 602.5583 602.0411 601.7377 601.6481 601.5585 601.4687 601.3789 601.0754 600.5582 600.041 598.4622 596.8834 595.9172 595.5635 595.2098 595.0115 594.9218 594.5676 593.949 593.3304 592.9238 592.8342 592.7444 592.6547 592.5339 592.3925 592.2511 592.1356 592.046 591.9285 591.5655 591.2025 592.3766 595.0878 597.799 598.3162 598.8334 599.0472 598.9576 598.868 599.0817 599.2954 599.5091 599.7228 599.9365 599.8688 599.801 599.7333 599.6351 599.5005 599.366 599.2314 599.0969 598.9623 598.8278 598.6932 598.5587 598.4241 598.2896 598.155 598.0205
603.3517 603.1653 602.6481 602.1309 601.6137 601.3103 601.2207 601.1309 601.0411 600.9513 600.6478 600.1306 598.5518 596.973 595.3942 594.428 594.0743 593.7206 593.3669 593.1253 592.7711 592.1525 591.5339 590.9154 590.3819 590.2922 590.1591 590.0177 589.8763 589.7349 589.6194 589.4907 589.1277 588.7647 588.4017 589.5758 592.287 594.9982 597.7094 598.2266 598.4404 598.3508 598.5645 598.7782 598.9919 599.2056 599.4193 599.633 599.8467 599.7789 599.7085 599.5851 599.4506 599.316 599.1815 599.0469 598.9124 598.7778 598.6432 598.5087 598.3742 598.2396 598.1051 597.9705
603.2551 602.7379 602.2207 601.7035 601.1863 600.8829 600.7931 600.7033 600.6135 600.5237 600.2202 598.6414 597.0626 595.4838 593.905 592.9387 592.5851 592.2314 591.8777 591.8015 591.2672 590.2782 589.6453 589.0125 588.3796 587.9581 587.7479 587.5378 587.36 587.2186 587.0529 586.6899 586.3269 585.9639 585.6009 586.775 589.4862 592.1974 594.9086 597.6198 597.8336 598.0473 598.261 598.4747 598.6884 598.9021 599.1158 599.3295 599.5432 599.7569 599.6697 599.5352 599.4006 599.2661 599.1315 598.9969 598.8624 598.7278 598.5933 598.4587 598.3242 598.1896 598.0551 597.9205
602.7629 602.2457 601.7285 601.2113 600.6941 600.2201 599.9678 599.878 599.7881 599.6984 599.1273 598.0751 597.0228 595.9705 594.9183 594.1318 593.8317 593.5314 593.2312 592.931 592.7361 591.7319 590.7277 589.7235 588.7193 587.9694 587.4738 586.9782 586.4826 585.987 585.4414 584.4399 584.1572 584.051 583.9448 585.2473 587.9585 590.6697 593.1361 594.6061 595.6267 595.8404 596.0541 596.2678 596.4815 596.6952 596.9089 597.1226 597.3363 597.55 599.3636 599.2515 599.1169 598.9824 598.8478 598.7133 598.5787 598.4442 598.3097 598.1751 598.0406 597.906 597.7715 597.6369
603.131 601.6887 601.1715 600.6543 600.1371 599.6631 599.2322 598.8015 598.5651 598.4753 597.9043 596.852 595.7997 595.6134 595.5508 595.4746 595.2955 594.9952 594.695 594.3948 594.1999 594.1103 593.1061 592.1019 591.0977 590.3478 589.8522 589.3566 588.861 588.7712 588.2256 587.2242 586.2227 585.2213 584.2198 584.2583 585.7283 587.1982 588.6682 590.1382 591.1588 591.7301 591.9438 592.1575 592.3712 592.5849 592.7986 593.0123 593.226 596.9432 598.7569 598.6671 598.5773 598.4651 598.3306 598.196 598.0615 597.9269 597.7924 597.6578 597.5233 597.3887 597.2542 597.1196
603.3104 602.2457 600.6145 600.0973 599.5801 599.1061 598.6753 598.2444 597.8136 597.3828 597.029 596.9664 596.9038 596.8412 596.7786 596.7025 596.6127 596.459 596.1588 595.8586 595.6637 595.5741 595.4845 594.4803 593.4761 592.7262 592.2306 591.735 591.6452 591.5554 591.0098 590.0084 589.007 588.0055 587.8757 586.6177 584.1912 582.7303 584.2003 585.6703 586.6909 587.2622 587.8335 588.0472 588.2609 588.4746 588.6883 588.902 592.6192 596.3364 598.1501 598.0603 597.9705 597.8807 597.7909 597.6787 597.5442 597.4096 597.2751 597.1405 597.006 596.8715 596.7369 596.6024
-9999 602.6138 601.1715 599.5403 599.0231 598.5491 598.1183 597.6874 597.3912 597.2762 597.465 597.9576 598.1317 598.0691 598.0065 597.9303 597.8405 597.7507 597.6226 597.3224 597.1275 597.0379 596.9483 596.8587 595.8545 595.1046 594.609 594.5192 594.4294 594.3396 593.794 592.7925 592.1317 592.0421 591.9525 590.6945 588.2681 585.8417 583.4152 581.2024 582.223 582.7943 583.3656 583.9369 584.1506 584.3643 584.578 588.2952 592.0124 595.7296 597.5433 597.4535 597.3637 597.2739 597.1841 597.0943 597.0045 596.8923 596.7578 596.6232 596.4887 596.3541 596.2196 596.1075
-9999 602.7932 601.7285 600.0973 598.4661 597.9921 597.7114 597.5964 597.4814 597.3664 597.5552 598.0478 598.5404 599.033 599.2344 599.1582 599.0684 598.9786 598.8887 598.7862 598.5913 598.5017 598.4121 598.3225 598.2329 597.483 597.3932 597.3034 597.2136 597.1238 596.5782 596.2982 596.2086 596.119 596.0294 594.7714 592.3449 589.1708 585.2344 581.298 579.3049 579.2551 579.2053 579.469 580.0403 580.254 583.9712 587.6884 591.4056 595.1228 596.9365 596.8467 596.7569 596.6671 596.5773 596.4875 596.3977 596.3079 596.2181 596.106 595.9714 595.8593 595.7697 595.6801
-9999 602.9724 602.0966 600.6543 599.0231 598.15 598.035 597.92 597.805 597.69 597.9037 598.3963 598.8889 599.3815 599.8741 600.0755 599.9857 599.8959 599.8061 599.7163 599.5668 599.4473 599.3577 599.2681 599.1785 599.0889 598.9991 598.9093 598.8195 598.7297 598.64 598.5504 598.4608 598.3712 598.2816 597.1234 593.187 589.2505 585.3141 581.3777 580.2195 578.8619 578.152 578.1022 578.0524 579.886 583.6033 587.3204 590.2834 592.5066 593.5732 593.4835 593.3937 593.3039 593.3501 593.5859 593.4961 593.4063 593.3165 593.2267 592.656 592.5664 592.4768 592.3872
-9999 603.1517 602.2759 601.2113 599.5801 598.707 598.592 598.477 598.362 598.8792 599.0929 599.0031 599.4957 599.9883 600.4809 600.6823 600.5925 600.5027 600.4129 600.2634 600.114 599.9645 599.815 599.6955 599.6059 599.5163 599.4267 599.3369 599.2471 599.1573 599.0676 598.978 598.8884 598.7988 598.4954 598.2988 595.324 591.3876 587.4512 583.5148 582.3566 583.9765 582.619 581.2614 579.9038 577.7752 579.7175 581.9406 584.1638 586.387 587.4536 587.3638 587.274 587.5922 588.1537 588.3895 588.2997 588.2099 588.1201 587.5045 586.9338 586.408 586.3184 586.2288
-9999 603.3311 602.4553 601.5795 600.1371 599.264 599.149 599.034 599.5512 600.0684 600.2821 600.1923 600.1025 600.5951 601.0877 601.2891 601.1993 601.1095 600.96 600.8105 600.6611 600.5117 600.3622 600.2127 600.0632 599.9437 599.8541 599.7645 599.6747 599.5849 599.4952 599.4056 599.316 599.0126 598.7092 598.5126 597.4612 593.5248 589.5884 585.652 584.4937 586.1136 587.7335 586.3759 585.0184 582.8898 579.9901 577.0905 578.0441 580.2673 581.334 581.2729 581.8344 582.3958 582.9573 583.1931 583.1033 583.0135 582.3979 581.7823 581.2116 580.6858 580.16 580.0704
