SIN0=(0.3150859833020222,1.0,-1.05,MASK0)
SIN1=(0.3724997458145177,1.5,-0.22,MASK0)
SIN2=(0.21374996179071054,3.0,2.62,MASK0)
SIN3=(0.07382659880717282,4.0,1.4,MASK0)
SIN4=(0.07463498958929851,5.0,2.06,MASK0)
SIN5=(0.06377499505120955,6.0,-2.43,MASK0)
SIN6=(0.10516325261744378,8.0,-2.61,MASK0)
SIN7=(0.04574048957259928,9.0,-1.97,MASK0)
SIN8=(0.01986746439413776,11.5,2.72,MASK0)
SIN9=(0.07459172036641776,16.0,-2.29,MASK0)
SIN10=(0.08461389390954241,16.5,-0.46,MASK0)
SIN11=(0.06869253312018168,17.5,0.22,MASK0)
SIN12=(0.0772149643539681,20.0,-0.4,MASK0)
SIN13=(0.050893274341728356,21.0,0.12,MASK0)
SIN14=(0.07119162142696045,18.5,0.61,MASK0)
SIN15=(0.0686925331201817,17.5,0.22,MASK0)
SIN16=(0.08461389390954241,16.5,-0.46,MASK0)
SIN17=(0.07459172036641776,16.0,-2.29,MASK0)
SIN18=(0.076088889018699,15.0,-3.06,MASK0)
SIN19=(0.04826772647697199,14.0,3.02,MASK0)
SIN20=(0.013266729941574084,9.5,0.29,MASK0)
SIN21=(0.1768465662845416,7.0,-2.18,MASK0)
SIN22=(0.06377499505120955,6.0,-2.43,MASK0)
SIN23=(0.07382659880717281,4.0,1.4,MASK0)
SIN24=(0.21374996179071057,3.0,2.62,MASK0)
SIN25=(0.3724997458145177,1.5,-0.22,MASK0)
SIN26=(0.31508598330202214,1.0,-1.05,MASK0)

