SIN0=(0.29217247974017624,1.0,-0.81,MASK0)
SIN1=(0.8975499913499874,2.0,-1.42,MASK0)
SIN2=(0.10955668532217716,3.0,0.68,MASK0)
SIN3=(0.17069754440719678,4.0,-2.08,MASK0)
SIN4=(0.13413761480602032,5.0,0.0,MASK0)
SIN5=(0.07814165663277453,6.0,0.16,MASK0)
SIN6=(0.09413904195708686,7.0,-2.57,MASK0)
SIN7=(0.055642388571440486,7.5,3.1,MASK0)
SIN8=(0.029965855191835797,8.5,-0.15,MASK0)
SIN9=(0.09735473861443246,10.0,-2.73,MASK0)
SIN10=(0.0159479523069926,10.5,-2.96,MASK0)
SIN11=(0.1449150124052874,12.0,-1.13,MASK0)
SIN12=(0.07619152916909361,13.0,2.33,MASK0)
SIN13=(0.07149493335914942,14.0,-0.69,MASK0)
SIN14=(0.015947952306992606,10.5,-2.96,MASK0)
SIN15=(0.09735473861443247,10.0,-2.73,MASK0)
SIN16=(0.029965855191835783,8.5,-0.15,MASK0)
SIN17=(0.05564238857144052,7.5,3.1,MASK0)
SIN18=(0.09413904195708686,7.0,-2.57,MASK0)
SIN19=(0.07814165663277452,6.0,0.16,MASK0)
SIN20=(0.13413761480602032,5.0,0.0,MASK0)
SIN21=(0.1706975444071968,4.0,-2.08,MASK0)
SIN22=(0.10955668532217716,3.0,0.68,MASK0)
SIN23=(0.8975499913499874,2.0,-1.42,MASK0)
SIN24=(0.29217247974017624,1.0,-0.81,MASK0)

