SIN0=(0.31508598330202214,1.0,-1.05,MASK0)
SIN1=(0.3724997458145176,1.5,-0.22,MASK0)
SIN2=(0.21374996179071049,3.0,2.62,MASK0)
SIN3=(0.0738265988071728,4.0,1.4,MASK0)
SIN4=(0.07463498958929853,5.0,2.06,MASK0)
SIN5=(0.06377499505120954,6.0,-2.43,MASK0)
SIN6=(0.1768465662845416,7.0,-2.18,MASK0)
SIN7=(0.10516325261744386,8.0,-2.61,MASK0)
SIN8=(0.04574048957259932,9.0,-1.97,MASK0)
SIN9=(0.013266729941574226,9.5,0.29,MASK0)
SIN10=(0.09010831693904202,11.0,-0.19,MASK0)
SIN11=(0.019867464394137765,11.5,2.72,MASK0)
SIN12=(0.05702919295438375,12.5,-2.91,MASK0)
SIN13=(0.04826772647697197,14.0,3.02,MASK0)
SIN14=(0.076088889018699,15.0,-3.06,MASK0)
SIN15=(0.07459172036641777,16.0,-2.29,MASK0)
SIN16=(0.08461389390954235,16.5,-0.46,MASK0)
SIN17=(0.06869253312018164,17.5,0.22,MASK0)
SIN18=(0.07119162142696049,18.5,0.61,MASK0)
SIN19=(0.07459172036641779,16.0,-2.29,MASK0)
SIN20=(0.07608888901869898,15.0,-3.06,MASK0)
SIN21=(0.04826772647697197,14.0,3.02,MASK0)
SIN22=(0.057029192954383745,12.5,-2.91,MASK0)
SIN23=(0.01986746439413775,11.5,2.72,MASK0)
SIN24=(0.090108316939042,11.0,-0.19,MASK0)
SIN25=(0.013266729941574226,9.5,0.29,MASK0)
SIN26=(0.04574048957259931,9.0,-1.97,MASK0)
SIN27=(0.10516325261744389,8.0,-2.61,MASK0)
SIN28=(0.17684656628454157,7.0,-2.18,MASK0)
SIN29=(0.06377499505120952,6.0,-2.43,MASK0)
SIN30=(0.07463498958929854,5.0,2.06,MASK0)
SIN31=(0.07382659880717278,4.0,1.4,MASK0)
SIN32=(0.2137499617907105,3.0,2.62,MASK0)
SIN33=(0.3724997458145176,1.5,-0.22,MASK0)
SIN34=(0.31508598330202214,1.0,-1.05,MASK0)

