SIN0=(0.10346023082733251,1.0,-0.68,MASK0)
SIN1=(0.1341402624347926,2.0,2.05,MASK0)
SIN2=(0.06716128274822489,2.5,2.93,MASK0)
SIN3=(0.0305842841374079,4.0,-0.12,MASK0)
SIN4=(0.03226873372192682,5.0,-0.25,MASK0)
SIN5=(0.011460802375037191,6.0,1.0,MASK0)
SIN6=(0.013996284273263535,8.0,-0.06,MASK0)
SIN7=(0.008753949996317591,12.0,-0.68,MASK0)
SIN8=(0.012389032756729803,13.0,0.65,MASK0)
SIN9=(0.006710837449898915,10.0,0.43,MASK0)
SIN10=(0.011460802375037195,6.0,1.0,MASK0)
SIN11=(0.030584284137407894,4.0,-0.12,MASK0)
SIN12=(0.06716128274822487,2.5,2.93,MASK0)
SIN13=(0.1341402624347926,2.0,2.05,MASK0)
SIN14=(0.1034602308273325,1.0,-0.68,MASK0)

