SIN0=(0.10346023082733251,1.0,-0.68,MASK0)
SIN1=(0.1341402624347926,2.0,2.05,MASK0)
SIN2=(0.06716128274822487,2.5,2.93,MASK0)
SIN3=(0.0305842841374079,4.0,-0.12,MASK0)
SIN4=(0.032268733721926804,5.0,-0.25,MASK0)
SIN5=(0.011460802375037197,6.0,1.0,MASK0)
SIN6=(0.028364732906910883,7.0,0.38,MASK0)
SIN7=(0.013996284273263545,8.0,-0.06,MASK0)
SIN8=(0.022243329044873125,9.0,-0.51,MASK0)
SIN9=(0.006710837449898914,10.0,0.43,MASK0)
SIN10=(0.02427879093331257,11.0,1.05,MASK0)
SIN11=(0.013996284273263541,8.0,-0.06,MASK0)
SIN12=(0.028364732906910876,7.0,0.38,MASK0)
SIN13=(0.011460802375037198,6.0,1.0,MASK0)
SIN14=(0.032268733721926804,5.0,-0.25,MASK0)
SIN15=(0.0305842841374079,4.0,-0.12,MASK0)
SIN16=(0.06716128274822489,2.5,2.93,MASK0)
SIN17=(0.1341402624347926,2.0,2.05,MASK0)
SIN18=(0.10346023082733252,1.0,-0.68,MASK0)

