samples/sfe_322/sfe_322_c1/sfe_322_c1/sfe_322_c1.asc
ncols         299
nrows         166
xllcorner     73.39999999851
yllcorner     65.60000000149
cellsize      1
NODATA_value  -9999
[rows 0 to 27 of 166, columns 192 to 255 of 299]
608.2841 608.2833 608.2817 608.2807 608.2802 608.2795 608.2786 608.2774 608.2762 608.2756 608.275 608.2741 608.2725 608.2715 608.2709 608.2702 608.2694 608.2678 608.2669 608.2662 608.2653 608.2645 608.2628 608.2617 608.2612 608.2604 608.2594 608.2574 608.2568 608.2559 608.2552 608.2542 608.2523 608.2517 608.2507 608.2499 608.249 608.2472 608.2464 608.2455 608.2446 608.2438 608.242 608.241 608.2401 608.2391 608.2382 608.2364 608.2354 608.2347 608.2339 608.233 608.231 608.23 608.229 608.2283 608.2272 608.2255 608.2247 608.2236 608.2227 608.2216 608.2197 608.219
608.2277 608.2278 608.2264 608.2285 608.2276 608.228 608.2262 608.2278 608.2287 608.2277 608.2285 608.2266 608.2273 608.2274 608.2274 608.2278 608.2269 608.2269 608.2267 608.2269 608.2263 608.2258 608.225 608.2241 608.2252 608.2248 608.223 608.2239 608.223 608.222 608.2225 608.2208 608.221 608.2208 608.2198 608.2194 608.2188 608.2178 608.2183 608.2174 608.2169 608.2153 608.2151 608.2148 608.2138 608.2122 608.212 608.2111 608.21 608.2102 608.2095 608.2086 608.2076 608.2067 608.2057 608.2051 608.2039 608.2043 608.2034 608.2024 608.2006 608.1995 608.1985 608.199
608.1708 608.1722 608.1713 608.1758 608.175 608.1757 608.1771 608.1784 608.1807 608.1796 608.1812 608.182 608.183 608.1838 608.1846 608.1846 608.1852 608.1867 608.1871 608.1876 608.188 608.1884 608.1874 608.1856 608.1904 608.1886 608.1876 608.19 608.1884 608.1909 608.1893 608.1884 608.1894 608.189 608.1879 608.1887 608.1893 608.189 608.1895 608.1882 608.1887 608.1877 608.1882 608.1876 608.1866 608.1857 608.1866 608.1851 608.1857 608.186 608.1862 608.1852 608.1839 608.1824 608.1833 608.1824 608.1814 608.1831 608.1812 608.1802 608.1793 608.1783 608.1765 608.1782
608.1158 608.1171 608.1159 608.123 608.1223 608.1241 608.1299 608.1288 608.1322 608.1331 608.1346 608.1365 608.138 608.139 608.1408 608.1434 608.1448 608.1458 608.1465 608.1486 608.1497 608.1507 608.1489 608.1508 608.1541 608.1532 608.1517 608.1555 608.1543 608.1577 608.1568 608.1552 608.159 608.158 608.1594 608.1585 608.1595 608.1603 608.161 608.1601 608.1612 608.162 608.1605 608.1613 608.1603 608.1608 608.1603 608.1594 608.1613 608.1623 608.1627 608.1611 608.16 608.1591 608.1608 608.1595 608.16 608.1609 608.16 608.1591 608.1574 608.1563 608.1591 608.1583
608.0603 608.062 608.0631 608.0697 608.0734 608.0727 608.0804 608.0789 608.084 608.0889 608.0882 608.0903 608.0927 608.0969 608.0991 608.1014 608.103 608.1061 608.1079 608.1096 608.1115 608.1123 608.1113 608.1174 608.1186 608.1173 608.1174 608.1213 608.1204 608.1252 608.1236 608.1246 608.1279 608.127 608.1292 608.129 608.1296 608.1337 608.1328 608.1331 608.1328 608.1345 608.1348 608.1349 608.1333 608.1358 608.1349 608.1353 608.1368 608.1382 608.1384 608.1375 608.1365 608.1376 608.1376 608.1366 608.1406 608.1396 608.1387 608.137 608.136 608.1348 608.1392 608.1403
608.0046 608.0063 608.0112 608.017 608.0219 608.0205 608.0306 608.0329 608.0361 608.0424 608.0409 608.0452 608.0501 608.0533 608.0564 608.0608 608.0634 608.0659 608.0684 608.0706 608.073 608.0745 608.0732 608.0814 608.0831 608.0815 608.0876 608.0875 608.0894 608.0922 608.091 608.0947 608.0969 608.0952 608.0981 608.1011 608.1004 608.1055 608.1042 608.1062 608.1053 608.1076 608.1094 608.1078 608.1069 608.1104 608.1088 608.1125 608.113 608.1159 608.1151 608.1137 608.1124 608.1159 608.1151 608.1137 608.1193 608.1175 608.1166 608.1158 608.114 608.115 608.1185 608.1199
607.9496 607.9511 607.9611 607.9644 607.9703 607.9725 607.9808 607.988 607.9883 607.9959 607.9968 608.004 608.0066 608.0112 608.0153 608.0188 608.023 608.0268 608.0308 608.033 608.0377 608.0369 608.0372 608.0467 608.047 608.046 608.0543 608.0527 608.0606 608.0593 608.0582 608.0655 608.0651 608.0668 608.068 608.0717 608.0748 608.0764 608.0756 608.0787 608.08 608.0799 608.0824 608.0816 608.0833 608.0842 608.0833 608.0879 608.0908 608.0925 608.0911 608.09 608.0891 608.0934 608.0919 608.0945 608.0972 608.0963 608.0955 608.0937 608.0929 608.0991 608.0985 608.1005
607.8967 607.8959 607.9109 607.9114 607.9182 607.9265 607.9315 607.941 607.9413 607.9487 607.954 607.9592 607.9634 607.9684 607.9743 607.9792 607.9838 607.9872 607.9919 607.9966 608 607.9985 608.0054 608.0125 608.0116 608.0109 608.0197 608.0189 608.0276 608.0269 608.0272 608.035 608.0342 608.0386 608.0383 608.0414 608.046 608.0483 608.0482 608.0506 608.0538 608.054 608.0561 608.0545 608.0597 608.0588 608.0609 608.0634 608.0669 608.0687 608.0674 608.0661 608.0696 608.0702 608.0693 608.0768 608.0759 608.0751 608.0734 608.0726 608.0709 608.0794 608.0818 608.0803
607.8416 607.8442 607.8597 607.8618 607.8668 607.8798 607.8815 607.8929 607.8979 607.9023 607.9083 607.9138 607.9218 607.928 607.9335 607.9381 607.9444 607.9496 607.954 607.9584 607.9618 607.9609 607.9735 607.9769 607.9755 607.981 607.9858 607.9869 607.9951 607.9937 608 608.004 608.0027 608.0078 608.0128 608.012 608.0208 608.0201 608.0243 608.0228 608.027 608.0306 608.0292 608.0283 608.0342 608.0327 608.0393 608.04 608.0439 608.0449 608.0436 608.0425 608.0486 608.0477 608.0468 608.0555 608.0539 608.053 608.0521 608.0506 608.0551 608.0587 608.0617 608.0607
607.7864 607.7925 607.807 607.8134 607.8148 607.8332 607.835 607.8446 607.8544 607.8552 607.8632 607.8728 607.8792 607.8853 607.8939 607.8998 607.9051 607.9102 607.915 607.9202 607.924 607.9237 607.9376 607.9414 607.9401 607.951 607.9514 607.9581 607.9619 607.9611 607.969 607.9724 607.9738 607.9775 607.9834 607.9874 607.9926 607.9911 607.9962 607.9973 607.9994 608.0035 608.0028 608.0059 608.0081 608.0073 608.0145 608.0192 608.0222 608.0212 608.02 608.0197 608.0261 608.0245 608.0291 608.0337 608.0326 608.0316 608.0303 608.0287 608.0392 608.0389 608.0422 608.0405
607.731 607.7423 607.7539 607.7643 607.7679 607.7838 607.7901 607.7967 607.8098 607.8116 607.8224 607.829 607.8372 607.8463 607.8523 607.8591 607.8658 607.8739 607.8779 607.8859 607.8859 607.8919 607.903 607.9054 607.9042 607.9186 607.9174 607.9294 607.9294 607.9297 607.9419 607.9414 607.948 607.9475 607.9532 607.9595 607.9637 607.9631 607.9685 607.9738 607.973 607.9773 607.9758 607.9838 607.9827 607.9865 607.9901 607.9953 607.9988 607.9973 607.9958 608.0015 608.0029 608.0021 608.0114 608.0122 608.0113 608.0099 608.0084 608.0109 608.0196 608.0228 608.0219 608.0211
607.6758 607.6921 607.7012 607.7127 607.7222 607.7339 607.7452 607.7496 607.7633 607.7703 607.7801 607.788 607.796 607.8044 607.8125 607.8214 607.8279 607.8346 607.8434 607.8493 607.8481 607.8601 607.8707 607.8698 607.8744 607.8842 607.8845 607.8976 607.8963 607.9031 607.9111 607.9102 607.9178 607.9225 607.9239 607.9335 607.9355 607.9398 607.9404 607.9464 607.9505 607.9506 607.9496 607.958 607.9566 607.9662 607.967 607.9719 607.9747 607.9734 607.9725 607.9813 607.9804 607.9814 607.9917 607.9904 607.9894 607.9879 607.9872 607.9951 607.999 608.0035 608.0024 608.0009
607.624 607.642 607.6497 607.6609 607.6758 607.6843 607.7004 607.7062 607.7164 607.726 607.7349 607.7456 607.7554 607.7656 607.7733 607.7817 607.79 607.7983 607.8053 607.8113 607.8102 607.8283 607.8351 607.834 607.8445 607.8503 607.8557 607.8651 607.8639 607.8737 607.8802 607.8808 607.8871 607.8951 607.8987 607.908 607.9066 607.9136 607.9144 607.9191 607.925 607.9241 607.9284 607.9319 607.9321 607.9411 607.9472 607.9518 607.9513 607.9499 607.9517 607.9587 607.9572 607.9637 607.9703 607.9689 607.9677 607.9668 607.9667 607.9793 607.9799 607.9838 607.9823 607.9814
607.5737 607.5919 607.6013 607.6091 607.6292 607.637 607.6534 607.6627 607.6696 607.6811 607.694 607.7051 607.7142 607.7255 607.7347 607.7443 607.752 607.7593 607.7674 607.7734 607.7784 607.7937 607.7997 607.7982 607.8146 607.8159 607.827 607.832 607.8322 607.8454 607.8486 607.855 607.8567 607.8654 607.8739 607.8793 607.8785 607.886 607.8917 607.8922 607.8984 607.8972 607.9076 607.9066 607.912 607.9166 607.9237 607.9286 607.9272 607.9259 607.9335 607.9355 607.9344 607.946 607.9485 607.9475 607.9464 607.9449 607.951 607.9598 607.9637 607.9636 607.9629 607.9614
607.5236 607.5417 607.5528 607.5634 607.5826 607.5922 607.6051 607.6193 607.6265 607.6404 607.6514 607.663 607.6755 607.6858 607.6954 607.7049 607.7157 607.7228 607.7332 607.7354 607.7466 607.7592 607.7637 607.7678 607.783 607.782 607.7982 607.7994 607.8056 607.8183 607.8177 607.8273 607.8317 607.8357 607.8457 607.851 607.8547 607.858 607.8657 607.8696 607.8719 607.8718 607.8818 607.8806 607.8921 607.8941 607.8998 607.9045 607.9033 607.9026 607.9141 607.9131 607.916 607.9279 607.9268 607.9258 607.9245 607.9231 607.9352 607.9392 607.9453 607.9442 607.9427 607.9413
607.4734 607.4909 607.5044 607.5176 607.5361 607.5473 607.5579 607.5758 607.5851 607.5997 607.6114 607.6238 607.6345 607.6459 607.6582 607.6688 607.6774 607.6884 607.6986 607.6973 607.7148 607.727 607.7279 607.7379 607.7486 607.7532 607.7675 607.7665 607.7791 607.7873 607.7878 607.7966 607.8068 607.8101 607.821 607.8224 607.8314 607.8317 607.8389 607.8464 607.8453 607.851 607.8558 607.8576 607.8677 607.8742 607.8798 607.8812 607.8799 607.8836 607.8913 607.89 607.8983 607.9066 607.9053 607.904 607.9026 607.9069 607.9194 607.9208 607.9255 607.9241 607.9227 607.922
607.4233 607.438 607.4551 607.4718 607.4869 607.5024 607.5145 607.5307 607.5436 607.556 607.5694 607.5829 607.5968 607.6083 607.6189 607.6304 607.6418 607.6522 607.6608 607.6649 607.683 607.6934 607.6921 607.7079 607.7144 607.7245 607.735 607.7347 607.7489 607.7559 607.762 607.766 607.7775 607.7857 607.795 607.794 607.8035 607.8088 607.8115 607.8196 607.8184 607.8301 607.8304 607.8376 607.8433 607.8522 607.8583 607.8571 607.856 607.8655 607.8682 607.8682 607.8806 607.8848 607.8837 607.8825 607.8813 607.8911 607.8999 607.9047 607.9053 607.9042 607.9032 607.9068
607.3731 607.3892 607.4045 607.4252 607.4391 607.4576 607.471 607.4839 607.499 607.515 607.5303 607.5432 607.5569 607.5695 607.5827 607.5938 607.6037 607.6146 607.6229 607.6331 607.6498 607.6579 607.6611 607.6781 607.6804 607.6958 607.702 607.7081 607.7218 607.7249 607.7362 607.741 607.7476 607.7587 607.7664 607.7698 607.7755 607.7855 607.7887 607.7933 607.7943 607.8056 607.8045 607.8176 607.8211 607.8278 607.8347 607.8332 607.8337 607.8469 607.8454 607.8505 607.8629 607.8633 607.8622 607.861 607.8628 607.8753 607.8795 607.8871 607.8859 607.8846 607.8833 607.8923
607.3229 607.3407 607.3588 607.3786 607.3943 607.4127 607.4276 607.4413 607.4583 607.474 607.489 607.5042 607.5189 607.5319 607.5439 607.5571 607.5677 607.5804 607.5848 607.6013 607.6155 607.6221 607.6313 607.6473 607.6508 607.6671 607.6692 607.6815 607.6947 607.6948 607.7062 607.7159 607.7214 607.7332 607.7382 607.7463 607.7489 607.7582 607.7662 607.7665 607.7735 607.7797 607.7832 607.7943 607.8013 607.8077 607.811 607.8098 607.8156 607.8239 607.8228 607.8328 607.8428 607.8416 607.8405 607.8393 607.847 607.8595 607.8618 607.8671 607.8658 607.8646 607.8662 607.8779
607.1856 607.2642 607.3155 607.332 607.3494 607.3661 607.3841 607.3999 607.4175 607.4338 607.4503 607.4647 607.4792 607.4943 607.5081 607.5207 607.5332 607.5461 607.5513 607.5695 607.5833 607.5864 607.6014 607.6131 607.6221 607.6376 607.6372 607.6528 607.6635 607.6691 607.6757 607.6892 607.6971 607.7086 607.7095 607.721 607.7261 607.731 607.7407 607.7397 607.7526 607.7542 607.7632 607.7698 607.7806 607.7877 607.787 607.786 607.7974 607.8009 607.8027 607.8151 607.821 607.8199 607.8187 607.8183 607.8312 607.84 607.8457 607.847 607.8458 607.8446 607.8518 607.8635
606.9867 607.0652 607.1445 607.2281 607.3135 607.3227 607.3406 607.3585 607.3768 607.3932 607.4103 607.4269 607.4422 607.4561 607.4708 607.4846 607.4988 607.5102 607.5195 607.5377 607.551 607.5546 607.5715 607.5789 607.5933 607.6049 607.6107 607.6253 607.6321 607.6432 607.6502 607.6594 607.6727 607.6822 607.6848 607.6932 607.7032 607.7078 607.7144 607.7169 607.7294 607.7288 607.7432 607.7481 607.7564 607.7647 607.7632 607.7657 607.7792 607.7779 607.785 607.7974 607.7997 607.7986 607.797 607.8029 607.8154 607.8197 607.8288 607.8275 607.826 607.8257 607.8373 607.8447
606.7878 606.8664 606.9464 607.0372 607.1225 607.2064 607.2892 607.317 607.3359 607.3541 607.3714 607.3884 607.4043 607.42 607.4348 607.448 607.4618 607.4722 607.4877 607.5059 607.5162 607.5247 607.5416 607.5483 607.5646 607.5719 607.584 607.5982 607.6019 607.616 607.6252 607.6328 607.6454 607.6536 607.6614 607.6661 607.6777 607.6853 607.6877 607.696 607.7036 607.7088 607.7209 607.7283 607.7357 607.7408 607.7394 607.7476 607.7565 607.755 607.7673 607.7791 607.778 607.7769 607.7753 607.7871 607.7996 607.8027 607.8088 607.8076 607.8064 607.8112 607.8229 607.8258
606.5889 606.67 606.7507 606.8419 606.9256 607.0098 607.0927 607.1862 607.2664 607.3148 607.3328 607.3505 607.3676 607.3829 607.3984 607.4126 607.4276 607.4378 607.4559 607.4717 607.4803 607.4948 607.5117 607.5197 607.5359 607.5397 607.5574 607.5707 607.576 607.5855 607.6002 607.6084 607.6208 607.6251 607.6379 607.6433 607.6504 607.6623 607.6611 607.6752 607.6778 607.6888 607.6964 607.7084 607.7156 607.7169 607.7161 607.7294 607.7336 607.7373 607.7496 607.7576 607.7562 607.7552 607.7589 607.7713 607.7801 607.7867 607.7888 607.7877 607.7866 607.7968 607.8085 607.8071
606.39 606.472 606.5598 606.645 606.7306 606.8133 606.8983 606.9875 607.0707 607.1658 607.2603 607.3126 607.3303 607.3472 607.3632 607.3781 607.3933 607.406 607.4241 607.4395 607.4479 607.4648 607.4775 607.4909 607.5071 607.5131 607.5288 607.5393 607.5502 607.5594 607.5712 607.584 607.5961 607.5998 607.6109 607.6205 607.6269 607.6356 607.6394 607.6534 607.6544 607.6688 607.6752 607.6851 607.6945 607.6932 607.6977 607.7112 607.7106 607.7196 607.7319 607.736 607.7346 607.7336 607.743 607.7555 607.7599 607.7704 607.7689 607.7678 607.7707 607.7824 607.7897 607.7886
606.1956 606.2761 606.3652 606.4481 606.5339 606.6167 606.7064 606.7878 606.8794 606.9744 607.0693 607.1638 607.2583 607.3112 607.3273 607.3436 607.3591 607.3742 607.3923 607.4073 607.418 607.435 607.4459 607.4622 607.4747 607.4866 607.5017 607.5089 607.5244 607.5344 607.5442 607.5579 607.5692 607.5764 607.5833 607.5972 607.6044 607.6089 607.6186 607.6275 607.6343 607.6476 607.6553 607.6637 607.6707 607.6694 607.6795 607.6891 607.6896 607.7019 607.7142 607.7143 607.713 607.7144 607.7272 607.7396 607.7437 607.7504 607.7493 607.7479 607.7563 607.7679 607.7708 607.7698
605.9975 606.0825 606.1675 606.2533 606.3373 606.4185 606.509 606.5933 606.6885 606.783 606.8779 606.9723 607.0673 607.1752 607.2884 607.309 607.3243 607.3424 607.3605 607.3744 607.3882 607.4051 607.4172 607.4334 607.4423 607.46 607.4746 607.483 607.4951 607.5095 607.5198 607.533 607.5406 607.553 607.5605 607.5699 607.5818 607.5828 607.5977 607.6017 607.6144 607.623 607.6354 607.6436 607.6469 607.6478 607.6613 607.6663 607.6719 607.6842 607.694 607.6926 607.6913 607.6989 607.7114 607.7202 607.7277 607.7305 607.7294 607.7302 607.7418 607.7535 607.752 607.751
605.8026 605.891 605.9706 606.0587 606.1407 606.2266 606.3092 606.402 606.4969 606.5918 606.6865 606.7811 606.8789 606.9921 607.1014 607.1979 607.2932 607.3106 607.328 607.3413 607.3583 607.3752 607.3884 607.4047 607.4156 607.4323 607.4467 607.4573 607.4686 607.4832 607.4954 607.5083 607.5148 607.5284 607.5377 607.546 607.5567 607.562 607.5769 607.5799 607.5944 607.6022 607.6136 607.6235 607.6231 607.6296 607.6432 607.6434 607.6542 607.6665 607.6723 607.671 607.6699 607.6831 607.6956 607.7007 607.7116 607.7106 607.7095 607.7157 607.7274 607.7347 607.7332 607.7351
605.6051 605.6901 605.7759 605.8613 605.942 606.0304 606.1159 606.2111 606.3058 606.4005 606.4948 606.5899 606.6958 606.809 606.908 607.007 607.1014 607.1991 607.301 607.3115 607.3284 607.3434 607.3597 607.376 607.3891 607.4052 607.4159 607.4315 607.4437 607.4555 607.471 607.4836 607.4914 607.5006 607.5149 607.5235 607.5302 607.5411 607.5514 607.5599 607.5744 607.5823 607.5917 607.6007 607.5995 607.6115 607.6217 607.6241 607.6365 607.6488 607.6506 607.6495 607.6548 607.6673 607.6797 607.6847 607.6921 607.6907 607.6898 607.7013 607.713 607.7159 607.7145 607.7213
