samples/sfe_322/sfe_322_c1/sfe_322_c1/sfe_322_c1.asc
ncols         299
nrows         166
xllcorner     73.39999999851
yllcorner     65.60000000149
cellsize      1
NODATA_value  -9999
[rows 112 to 139 of 166, columns 192 to 255 of 299]
607.4011 607.3883 607.3756 607.3629 607.3543 607.3414 607.3281 607.3147 607.3013 607.2896 607.2759 607.2621 607.1975 607.0466 606.9089 606.7706 606.6187 606.4669 606.3143 606.1624 606.0102 605.8705 605.7245 605.5713 605.4178 605.2645 605.1276 604.9935 604.8427 604.6921 604.5415 604.3906 604.2393 604.0883 603.9376 603.7866 603.6364 603.4852 603.2355 602.8195 602.506 602.3955 602.336 602.178 601.9715 601.805 601.6085 601.1465 600.9545 601.0805 601.241 601.1995 600.555 600.022 600.11 600.4585 600.109 599.549 599.689 599.5845 599.353 599.795 599.689 599.448
607.4138 607.4011 607.3884 607.3756 607.3683 607.3549 607.3416 607.3282 607.3176 607.3039 607.2902 607.2764 607.2626 607.2097 607.072 606.9216 606.7697 606.6171 606.4653 606.3133 606.1712 606.0297 605.8765 605.723 605.5697 605.4277 605.2939 605.1432 604.9926 604.8419 604.691 604.5398 604.3889 604.2378 604.087 603.9368 603.7856 603.6345 603.4842 603.3459 603.246 602.7209 602.8015 602.329 602.1935 601.931 601.815 601.5245 601.4045 601.172 600.88 600.958 600.712 600.5295 600.458 600.417 600.192 600.02 600.2255 599.8865 599.3655 599.8275 599.7135 599.737
607.4266 607.4138 607.4011 607.3907 607.3817 607.3684 607.355 607.3417 607.3319 607.3182 607.3044 607.2907 607.2761 607.2615 607.2244 607.0726 606.9199 606.7682 606.6161 606.4719 606.3348 606.1818 606.0283 605.8749 605.728 605.5944 605.4437 605.293 605.1423 604.9915 604.8403 604.6894 604.5383 604.3873 604.2371 604.0861 603.9349 603.7847 603.6335 603.4817 603.484 603.294 603.0935 602.751 602.5735 602.3395 602.1545 601.7405 601.349 601.137 600.693 600.55 600.7115 600.9905 600.743 600.367 600.565 600.6435 600.5505 599.953 599.426 599.879 599.937 599.759
607.4393 607.4266 607.4138 607.4083 607.3952 607.3818 607.3685 607.3577 607.3462 607.3325 607.3187 607.305 607.2903 607.2756 607.2601 607.2227 607.0711 606.9189 606.7725 606.6354 606.4869 606.3336 606.1802 606.0281 605.8949 605.7442 605.5935 605.4427 605.292 605.1407 604.9899 604.8389 604.6879 604.5375 604.3866 604.2354 604.0851 603.934 603.7798 603.6303 603.462 603.274 602.8305 602.854 602.6355 602.4115 602.4305 601.9035 601.462 601.4305 601.276 601.071 600.724 600.887 600.9725 600.617 600.487 600.3815 600.444 600.034 599.4795 599.9415 600.314 599.7315
607.4521 607.4393 607.4271 607.4221 607.4087 607.3953 607.382 607.3741 607.3604 607.3467 607.3329 607.319 607.305 607.29 607.2756 607.2608 607.2217 607.0732 606.9361 606.7922 606.6388 606.4854 606.332 606.1954 606.0447 605.8939 605.7432 605.5925 605.4412 605.2905 605.1393 604.9883 604.838 604.6871 604.5359 604.3854 604.2332 604.0779 603.9285 603.7601 603.5918 603.4235 602.999 602.9465 602.7175 602.2515 602.1485 601.915 601.709 601.96 601.955 601.802 601.0515 600.8005 600.6465 600.427 600.471 600.35 600.2825 599.918 599.747 599.957 600.2385 599.987
607.4648 607.4521 607.4446 607.4355 607.4222 607.4088 607.3959 607.3884 607.3747 607.361 607.3472 607.3333 607.3192 607.304 607.2911 607.2763 607.2615 607.2368 607.0974 606.944 606.7906 606.6373 606.4958 606.3452 606.1944 606.0436 605.8929 605.7417 605.591 605.4399 605.2889 605.1383 604.9875 604.8364 604.6857 604.5314 604.376 604.2266 604.0583 603.89 603.7234 603.5719 603.4191 603.3245 603.286 602.711 602.259 602.2215 601.8199 601.87 601.943 601.555 601.295 601.0405 600.6825 600.822 600.9145 600.5915 600.356 600.1875 600.3245 599.995 599.758 599.9406
607.4775 607.4648 607.4623 607.449 607.4357 607.4223 607.4144 607.4027 607.389 607.3752 607.3618 607.3475 607.3333 607.3214 607.3066 607.2925 607.2772 607.2615 607.2493 607.0959 606.9425 606.7963 606.6456 606.4949 606.3441 606.1934 606.0422 605.8916 605.7404 605.5894 605.4387 605.288 605.1368 604.986 604.8295 604.674 604.5248 604.3564 604.1881 604.0262 603.8746 603.7195 603.5705 603.4185 603.119 602.9635 602.946 602.9875 602.449 602.0955 601.65 601.4045 601.4245 601.3355 600.8475 600.755 600.5845 600.3995 600.695 600.593 600.5245 600.0545 599.5225 599.445
607.4903 607.4812 607.4759 607.4625 607.4492 607.4358 607.4307 607.417 607.4033 607.3895 607.3752 607.3627 607.3481 607.3368 607.322 607.3085 607.2928 607.2772 607.2617 607.2477 607.0968 606.946 606.7953 606.6446 606.4938 606.3426 606.1921 606.0409 605.8899 605.7391 605.5884 605.4374 605.2864 605.1277 604.9721 604.8229 604.6546 604.4863 604.329 604.1773 604.0198 603.8734 603.7213 603.569 603.4173 603.2745 603.221 602.816 602.801 602.2405 601.538 601.834 601.8245 601.3485 601.197 600.9865 600.624 600.789 601.089 600.4395 600.3785 600.157 599.8165 599.9195
607.5031 607.4988 607.4894 607.476 607.4626 607.4526 607.445 607.4313 607.4175 607.4038 607.3905 607.3768 607.364 607.3523 607.3375 607.3242 607.3086 607.293 607.2767 607.2609 607.2465 607.0958 606.9451 606.7943 606.6431 606.4924 606.3414 606.1904 606.0395 605.8889 605.7379 605.587 605.4258 605.2702 605.1211 604.9528 604.7844 604.6318 604.48 604.3203 604.175 604.024 603.8718 603.7201 603.5679 603.4158 603.0315 602.4665 602.798 602.6465 602.1115 602.029 601.885 601.6545 601.479 601.5229 601.1725 600.921 600.8425 600.573 600.4475 600.0685 600.0035 600.335
607.5176 607.5162 607.5029 607.4895 607.4761 607.4712 607.4593 607.4456 607.4318 607.4182 607.4062 607.3923 607.3825 607.3677 607.3555 607.3399 607.3243 607.3091 607.2928 607.2767 607.2592 607.2455 607.0948 606.9435 606.793 606.642 606.491 606.3399 606.1894 606.0383 605.8871 605.724 605.5683 605.4193 605.2509 605.0865 604.9346 604.7827 604.6207 604.4755 604.3267 604.1746 604.0228 603.8707 603.7184 603.5668 603.4141 603.1225 602.93 602.791 602.71 602.1825 601.7445 601.7195 601.301 601.4295 601.6875 600.985 600.402 600.734 600.758 600.3285 599.9919 600.1975
607.5352 607.5297 607.5164 607.503 607.4908 607.4873 607.4736 607.4598 607.4461 607.4334 607.4203 607.4062 607.398 607.3832 607.3713 607.3556 607.34 607.3246 607.3094 607.2928 607.2759 607.2585 607.244 607.0934 606.9424 606.7914 606.6404 606.4899 606.3388 606.1852 606.0222 605.8665 605.7174 605.5491 605.3893 605.2374 605.0844 604.9216 604.7761 604.6295 604.4774 604.3256 604.1734 604.0212 603.8694 603.7147 603.5627 603.4127 603.18 602.8735 602.716 602.158 602.0245 602.2445 601.6905 601.382 601.452 601.1875 600.666 600.6535 600.7685 600.596 600.1495 600.2965
607.5527 607.5432 607.5298 607.5165 607.5093 607.5016 607.4879 607.4741 607.461 607.4487 607.4344 607.4261 607.4135 607.3991 607.387 607.3713 607.3563 607.3407 607.3257 607.3087 607.2922 607.275 607.2575 607.243 607.092 606.941 606.7903 606.6393 606.4834 606.3203 606.1646 606.0156 605.8472 605.6923 605.5403 605.3853 605.2225 605.0767 604.9323 604.7802 604.6284 604.4761 604.324 604.1721 604.0152 603.8607 603.7107 603.5607 603.4116 603.2525 602.874 602.552 602.0955 602.2345 602.132 601.6905 601.255 601.3565 601.365 600.894 600.7665 600.5825 600.2275 600.395
607.57 607.5566 607.5433 607.53 607.528 607.5159 607.5021 607.4884 607.4756 607.4638 607.4503 607.4437 607.429 607.4183 607.4026 607.387 607.3724 607.3575 607.3417 607.3257 607.3091 607.292 607.2744 607.2561 607.2415 607.0908 606.9398 606.7816 606.6185 606.4628 606.3137 606.147 605.9951 605.8431 605.6863 605.5234 605.3773 605.2352 605.083 604.9312 604.7789 604.6268 604.4744 604.3151 604.1588 604.0088 603.8589 603.7097 603.5597 603.4068 603.015 603.085 602.556 602.4265 602.4235 602.205 601.69 601.5455 601.561 601.182 601.0005 600.8575 600.37 600.314
607.5835 607.5701 607.5568 607.5475 607.5439 607.5302 607.5164 607.503 607.4907 607.4779 607.4677 607.4592 607.4444 607.434 607.4184 607.4027 607.3885 607.374 607.3584 607.3427 607.3262 607.3098 607.2919 607.274 607.2556 607.2402 607.0797 606.9166 606.7609 606.6119 606.4495 606.298 606.1459 605.9872 605.8244 605.6778 605.538 605.3858 605.2339 605.0816 604.9296 604.7708 604.6129 604.4569 604.3069 604.157 604.0078 603.8578 603.7048 603.5366 603.3683 603.133 602.777 602.6455 602.2955 602.1755 601.884 601.7345 601.694 601.236 601.0545 600.8875 600.7065 600.543
607.597 607.5836 607.5703 607.5662 607.5582 607.5444 607.5307 607.5173 607.5073 607.4944 607.488 607.4747 607.4628 607.4497 607.4341 607.4198 607.405 607.3903 607.3747 607.3594 607.343 607.3263 607.3091 607.2922 607.2739 607.2548 607.2148 607.0591 606.91 606.7524 606.6006 606.4487 606.2882 606.1254 605.9783 605.8392 605.6887 605.5367 605.3843 605.2324 605.0673 604.9106 604.7549 604.605 604.4552 604.3058 604.156 604.0029 603.8347 603.6663 603.5004 603.348 603.076 602.798 602.554 602.309 601.926 601.897 601.9625 601.736 601.753 601.5804 601.135 601.027
607.6105 607.5971 607.5858 607.5845 607.5724 607.5587 607.545 607.5336 607.5214 607.5095 607.5049 607.4901 607.481 607.4654 607.4498 607.4354 607.4224 607.4072 607.3925 607.3765 607.3605 607.3442 607.3273 607.3099 607.2914 607.2726 607.2536 607.2082 607.0552 606.9032 606.7515 606.5892 606.4263 606.2789 606.1398 605.9915 605.8394 605.6871 605.5351 605.3677 605.2083 605.053 604.903 604.7534 604.6039 604.4542 604.301 604.1327 603.9644 603.8031 603.6509 603.4982 603.347 603.0395 602.7685 602.508 601.8205 602.1075 601.8225 601.695 601.6935 601.333 600.8315 600.9125
607.624 607.6106 607.6044 607.6004 607.5867 607.5729 607.5602 607.5502 607.5373 607.5298 607.5204 607.5058 607.4968 607.4811 607.4667 607.453 607.4393 607.4243 607.4088 607.3937 607.3785 607.3621 607.3456 607.328 607.3103 607.2917 607.2714 607.2494 607.2057 607.053 606.8901 606.7273 606.5795 606.4404 606.2943 606.1422 605.9898 605.8377 605.6682 605.506 605.3511 605.2011 605.0515 604.902 604.7523 604.5991 604.4308 604.2625 604.1058 603.9538 603.7986 603.6474 603.4962 603.346 603.0855 602.944 602.238 602.287 602.2485 602.0565 601.6045 601.1625 600.9385 601.0755
607.6375 607.6241 607.6227 607.6147 607.601 607.5872 607.5764 607.5649 607.5526 607.5502 607.5359 607.5267 607.5125 607.4968 607.4836 607.4702 607.4563 607.442 607.4271 607.4119 607.3962 607.3798 607.364 607.3467 607.3289 607.311 607.2891 607.2672 607.2452 607.1911 607.0283 606.88 606.7409 606.597 606.4449 606.2925 606.1343 605.9666 605.8037 605.6492 605.4992 605.3497 605.2001 605.0505 604.8972 604.7289 604.5605 604.4086 604.2567 604.099 603.9478 603.7967 603.6465 603.4835 603.3445 603.068 602.518 602.538 602.5025 602.1035 601.5465 601.6395 601.331 601.242
607.6509 607.6425 607.6413 607.629 607.6152 607.6028 607.591 607.579 607.5715 607.5661 607.5513 607.5438 607.5281 607.5136 607.5003 607.4882 607.4733 607.4595 607.4449 607.4308 607.4142 607.3987 607.3824 607.3658 607.3478 607.3287 607.3068 607.2849 607.2629 607.2427 607.1806 607.0415 606.8999 606.7476 606.5953 606.4307 606.2643 606.1014 605.9473 605.7974 605.6478 605.4982 605.3486 605.1953 605.0269 604.8635 604.7113 604.5574 604.3994 604.2482 604.0972 603.9449 603.7814 603.618 603.4445 603.138 602.7415 602.7135 602.253 601.773 601.514 601.584 601.322 601.159
607.6644 607.661 607.657 607.6432 607.6295 607.6167 607.6085 607.5967 607.5919 607.5816 607.5696 607.5595 607.5439 607.5305 607.5181 607.5038 607.4917 607.4771 607.4633 607.4474 607.4326 607.4178 607.4019 607.3845 607.3674 607.3464 607.3245 607.3026 607.2847 607.2634 607.2415 607.2027 607.0504 606.898 606.7271 606.562 606.3992 606.2454 606.0955 605.946 605.7962 605.6468 605.4933 605.325 605.166 605.014 604.8575 604.6998 604.5485 604.3976 604.2429 604.0794 603.9161 603.74 603.5855 603.4338 603.3185 602.9205 602.4595 602.4145 602.1065 601.9295 601.6565 601.49
607.6807 607.6796 607.6713 607.6575 607.6438 607.6337 607.6226 607.6133 607.6118 607.597 607.5903 607.5752 607.5596 607.5475 607.5355 607.5229 607.509 607.496 607.4805 607.4667 607.4517 607.4367 607.4195 607.4036 607.3861 607.3641 607.3422 607.3203 607.3053 607.2847 607.2629 607.2409 607.2007 607.0236 606.8597 606.6969 606.5435 606.3937 606.2441 606.0943 605.9449 605.7914 605.6231 605.4687 605.3168 605.1577 605.0002 604.8489 604.6981 604.5409 604.3774 604.2128 604.0406 603.8882 603.7366 603.5842 603.4328 603.2135 602.738 602.758 602.484 602.4445 602.4095 602.1835
607.6993 607.6981 607.6855 607.6718 607.6594 607.6516 607.6403 607.6337 607.6273 607.6125 607.6065 607.5909 607.5773 607.5651 607.5528 607.5398 607.5272 607.5124 607.4996 607.485 607.4716 607.4548 607.4398 607.4236 607.4038 607.3819 607.36 607.3464 607.3254 607.3054 607.286 607.2627 607.2394 607.1575 606.9946 606.8415 606.6918 606.5423 606.3924 606.2431 606.0895 605.9236 605.7715 605.6197 605.4579 605.3005 605.1493 604.9985 604.8389 604.6755 604.5083 604.3433 604.191 604.0393 603.887 603.7357 603.5834 603.4311 602.9645 602.882 602.373 602.447 602.4115 601.989
607.7178 607.7136 607.6998 607.6861 607.6767 607.6661 607.6551 607.6539 607.6428 607.6332 607.6223 607.6066 607.5944 607.5831 607.5707 607.5585 607.5451 607.5319 607.5182 607.505 607.4898 607.4747 607.459 607.4435 607.4215 607.3996 607.3777 607.3661 607.3473 607.3271 607.3077 607.2845 607.2612 607.2393 607.1396 606.99 606.8405 606.6904 606.5413 606.3876 606.2264 606.0743 605.9225 605.7581 605.601 605.4497 605.299 605.1369 604.9736 604.8038 604.6461 604.4938 604.342 604.1899 604.0385 603.8862 603.7314 603.5804 603.4291 603.6985 602.825 602.6865 602.5705 602.0985
607.7364 607.7278 607.7141 607.7022 607.6922 607.6815 607.6752 607.673 607.6583 607.6536 607.6379 607.6245 607.6121 607.6019 607.5884 607.5762 607.5636 607.5519 607.538 607.5234 607.5092 607.4954 607.4801 607.4612 607.4393 607.4174 607.4061 607.3878 607.3694 607.3517 607.3295 607.3063 607.2853 607.2623 607.2386 607.1386 606.9885 606.8394 606.6856 606.5294 606.3771 606.2228 606.0582 605.9013 605.7501 605.5983 605.4349 605.2718 605.1008 604.9489 604.7966 604.6448 604.4927 604.3412 604.1891 604.0318 603.8809 603.7296 603.576 603.412 602.927 602.9085 602.8895 602.393
607.7548 607.7421 607.7284 607.7175 607.7096 607.6989 607.6956 607.6885 607.6762 607.6693 607.6536 607.6411 607.6312 607.6188 607.608 607.5951 607.5833 607.5699 607.5562 607.5441 607.5298 607.5155 607.4996 607.4789 607.457 607.4356 607.4279 607.4102 607.3914 607.3746 607.3513 607.3281 607.3087 607.2861 607.262 607.2369 607.1376 606.9837 606.8318 606.6799 606.5229 606.3583 606.2017 606.0505 605.8964 605.733 605.5699 605.4037 605.2517 605.0994 604.9475 604.7955 604.6441 604.4906 604.3322 604.1813 604.0301 603.8759 603.7119 603.5453 603.367 603.1584 602.6385 602.111
607.7701 607.7564 607.743 607.7339 607.7237 607.7172 607.7158 607.704 607.6971 607.685 607.6694 607.66 607.6486 607.6381 607.6257 607.6148 607.602 607.589 607.5765 607.5635 607.5496 607.5345 607.5186 607.4966 607.4747 607.4639 607.4503 607.4334 607.4129 607.3964 607.3731 607.3541 607.3328 607.3105 607.2869 607.262 607.2346 607.1343 606.9827 606.8231 606.6585 606.5021 606.3509 606.1943 606.0312 605.8676 605.7064 605.5544 605.4022 605.2502 605.0983 604.9468 604.7912 604.6325 604.4818 604.3305 604.1757 604.0117 603.8416 603.6674 603.5163 603.366 602.9045 602.7455
607.7844 607.7707 607.7585 607.7531 607.743 607.7374 607.7343 607.7194 607.7163 607.7007 607.6885 607.6773 607.6664 607.6555 607.6453 607.6328 607.6207 607.6085 607.5971 607.5836 607.5693 607.5562 607.5363 607.5143 607.4935 607.4896 607.4727 607.4539 607.4414 607.4182 607.3949 607.3777 607.3569 607.3342 607.3119 607.2878 607.2581 607.2283 607.1233 606.9587 606.8025 606.6512 606.4924 606.3293 606.1631 606.0088 605.8571 605.705 605.553 605.4011 605.2495 605.0917 604.9329 604.7822 604.631 604.4755 604.3115 604.1377 603.9678 603.8167 603.6664 603.5155 603.3651 603.3391
607.7987 607.785 607.7769 607.7672 607.7587 607.7577 607.7497 607.7401 607.7321 607.7164 607.7052 607.697 607.6854 607.6754 607.6634 607.6518 607.6406 607.6294 607.6162 607.6027 607.5902 607.5759 607.554 607.5321 607.5218 607.5118 607.4941 607.4771 607.4632 607.4399 607.4208 607.4029 607.3813 607.36 607.3365 607.3114 607.2817 607.2519 607.224 607.1028 606.9517 606.7906 606.6275 606.4638 606.3115 606.1597 606.0078 605.8557 605.7039 605.5522 605.3923 605.2332 605.0826 604.9315 604.7753 604.6113 604.4349 604.2682 604.1172 603.9668 603.8159 603.6655 603.5128 603.3638
