samples/sfe_322/sfe_322_c1/sfe_322_c1/sfe_322_c1.asc
ncols         299
nrows         166
xllcorner     73.39999999851
yllcorner     65.60000000149
cellsize      1
NODATA_value  -9999
[rows 112 to 139 of 166, columns 128 to 191 of 299]
607.6783 607.6817 607.6865 607.6878 607.6923 607.6967 607.7002 607.7026 607.706 607.7094 607.7102 607.7127 607.7108 607.7089 607.707 607.7051 607.7032 607.7014 607.6995 607.6976 607.6957 607.6938 607.6919 607.69 607.6881 607.6862 607.6843 607.6824 607.6805 607.6786 607.6739 607.6677 607.6611 607.6544 607.6492 607.6442 607.6366 607.6291 607.6251 607.6182 607.61 607.602 607.5975 607.5891 607.5851 607.5756 607.5662 607.5568 607.5473 607.5446 607.5351 607.5275 607.5176 607.5083 607.4987 607.4877 607.4832 607.4726 607.463 607.4512 607.4395 607.4336 607.4222 607.4109
607.6914 607.6929 607.6981 607.6991 607.7036 607.708 607.7117 607.714 607.7174 607.7208 607.7217 607.7243 607.7231 607.7212 607.7193 607.7174 607.7155 607.7137 607.7118 607.7099 607.708 607.7061 607.7042 607.7023 607.7004 607.6985 607.6967 607.6948 607.6929 607.691 607.6855 607.6793 607.6726 607.666 607.6619 607.6557 607.6482 607.6406 607.6379 607.6298 607.6217 607.6151 607.6092 607.6007 607.5967 607.5873 607.5779 607.5684 607.5602 607.5568 607.5488 607.5396 607.5302 607.5214 607.5105 607.5001 607.4956 607.485 607.4752 607.4634 607.452 607.4465 607.4352 607.4265
607.7031 607.7041 607.7094 607.7112 607.7148 607.7192 607.7235 607.7255 607.7289 607.7322 607.7332 607.7358 607.7354 607.7335 607.7316 607.7297 607.7278 607.726 607.7241 607.7222 607.7203 607.7184 607.7165 607.7146 607.7127 607.7108 607.7089 607.707 607.7052 607.7033 607.6976 607.6909 607.6842 607.6775 607.6747 607.6672 607.6597 607.6528 607.6495 607.6414 607.6333 607.6287 607.6209 607.6146 607.6084 607.5989 607.5895 607.5801 607.5748 607.5687 607.5615 607.5516 607.5426 607.5333 607.5223 607.5155 607.5081 607.4984 607.4874 607.4756 607.4681 607.4594 607.4481 607.4393
607.7144 607.7162 607.7205 607.7241 607.726 607.7305 607.7351 607.7372 607.7403 607.7437 607.7455 607.7473 607.7477 607.7458 607.744 607.7421 607.7402 607.7383 607.7364 607.7345 607.7326 607.7307 607.7288 607.7269 607.725 607.7231 607.7213 607.7194 607.7175 607.7151 607.7092 607.7025 607.6958 607.6891 607.6863 607.6788 607.6713 607.666 607.6611 607.653 607.6449 607.6411 607.6326 607.6282 607.6201 607.6106 607.6012 607.5917 607.5891 607.5807 607.5736 607.5637 607.5546 607.5451 607.5342 607.5309 607.5206 607.5114 607.4995 607.4877 607.4837 607.4724 607.4611 607.452
607.7258 607.7293 607.7318 607.737 607.7373 607.7418 607.7462 607.7495 607.7517 607.7551 607.7575 607.7589 607.76 607.7581 607.7562 607.7543 607.7524 607.7505 607.7487 607.7468 607.7449 607.743 607.7411 607.7393 607.7374 607.7355 607.7336 607.7317 607.7298 607.7267 607.7208 607.7141 607.7073 607.7018 607.6979 607.6903 607.6828 607.6793 607.6727 607.6646 607.6571 607.6528 607.6442 607.6412 607.6317 607.6223 607.6129 607.6048 607.6024 607.5938 607.5856 607.5762 607.5679 607.5569 607.5475 607.5436 607.533 607.5235 607.5117 607.5019 607.4966 607.4853 607.4775 607.4648
607.7371 607.7424 607.7429 607.7482 607.7485 607.753 607.7574 607.7609 607.7631 607.7665 607.77 607.7703 607.7726 607.7704 607.7686 607.7667 607.7648 607.7629 607.761 607.7591 607.7572 607.7553 607.7534 607.7515 607.7496 607.7477 607.7458 607.744 607.7421 607.7383 607.7323 607.7256 607.7189 607.7148 607.7094 607.7019 607.6943 607.6924 607.6843 607.6762 607.6707 607.6644 607.6572 607.6528 607.6434 607.6339 607.6245 607.6194 607.6144 607.6076 607.5977 607.5889 607.5798 607.5688 607.5631 607.5561 607.5468 607.5356 607.5239 607.5182 607.5096 607.4982 607.4903 607.4775
607.7485 607.7538 607.7545 607.7594 607.7614 607.7642 607.7687 607.7726 607.7745 607.778 607.7814 607.7819 607.7844 607.7828 607.7809 607.779 607.7771 607.7752 607.7733 607.7714 607.7695 607.7676 607.7657 607.7639 607.762 607.7601 607.7582 607.7563 607.7544 607.75 607.7439 607.7372 607.7305 607.7275 607.7209 607.7134 607.7067 607.704 607.6959 607.6878 607.6843 607.6761 607.671 607.6645 607.655 607.6456 607.6362 607.6339 607.6263 607.6197 607.6097 607.6008 607.5916 607.5806 607.5785 607.5685 607.5596 607.5479 607.5361 607.5338 607.5225 607.5123 607.5031 607.4903
607.7604 607.7652 607.7675 607.7706 607.7743 607.7755 607.78 607.7846 607.7862 607.7894 607.7928 607.7933 607.796 607.795 607.7932 607.7913 607.7894 607.7875 607.7856 607.7837 607.7818 607.7799 607.778 607.7761 607.7743 607.7724 607.7705 607.7686 607.7667 607.7616 607.7555 607.7488 607.7421 607.7401 607.7325 607.725 607.7201 607.7156 607.7075 607.6994 607.6963 607.6878 607.6847 607.6761 607.6667 607.6573 607.6494 607.648 607.6391 607.6317 607.6223 607.6144 607.6035 607.5952 607.5916 607.581 607.5718 607.56 607.5519 607.5468 607.5354 607.5285 607.5157 607.5031
607.7732 607.7766 607.7807 607.7818 607.787 607.7867 607.7912 607.7957 607.7987 607.8008 607.8042 607.8057 607.8074 607.8074 607.8055 607.8036 607.8017 607.7998 607.7979 607.796 607.7941 607.7922 607.7903 607.7885 607.7866 607.7847 607.7828 607.7809 607.779 607.7737 607.767 607.7604 607.7545 607.7516 607.744 607.7365 607.7333 607.7272 607.7191 607.7125 607.7079 607.6996 607.6973 607.6878 607.6783 607.6689 607.6639 607.66 607.6536 607.6438 607.6351 607.6263 607.6153 607.6107 607.6041 607.5952 607.584 607.5722 607.5682 607.5597 607.5483 607.5413 607.5285 607.5158
607.7845 607.7879 607.7932 607.793 607.7982 607.7988 607.8024 607.8069 607.8102 607.8122 607.8156 607.8178 607.819 607.8196 607.8177 607.8159 607.814 607.8121 607.8102 607.8083 607.8065 607.8046 607.8027 607.8008 607.7989 607.797 607.7951 607.7932 607.7912 607.7853 607.7786 607.7719 607.7672 607.7631 607.7556 607.748 607.7463 607.7388 607.7308 607.726 607.7197 607.7138 607.7089 607.6995 607.69 607.6806 607.6784 607.672 607.6658 607.6558 607.6471 607.6381 607.6273 607.6262 607.6165 607.608 607.5961 607.5858 607.584 607.5726 607.5636 607.554 607.5413 607.5286
607.7958 607.7993 607.8046 607.8054 607.8094 607.8115 607.8137 607.8181 607.8217 607.8237 607.8271 607.8303 607.8304 607.832 607.8301 607.8282 607.8263 607.8244 607.8225 607.8206 607.8187 607.8168 607.8149 607.813 607.8112 607.8093 607.8074 607.8055 607.8028 607.7969 607.7902 607.7835 607.7801 607.7747 607.7672 607.7607 607.7585 607.7505 607.7424 607.7397 607.7313 607.7275 607.7206 607.7111 607.7017 607.694 607.6929 607.6843 607.6778 607.6683 607.6609 607.65 607.6428 607.6396 607.629 607.6201 607.6083 607.6019 607.5969 607.5855 607.5795 607.5668 607.554 607.5413
607.8071 607.8123 607.816 607.8185 607.8206 607.8245 607.825 607.8294 607.834 607.8351 607.8385 607.8419 607.842 607.8444 607.8424 607.8405 607.8386 607.8367 607.8348 607.8329 607.8311 607.8292 607.8273 607.8254 607.8235 607.8216 607.8197 607.8178 607.8144 607.8085 607.8018 607.7951 607.793 607.7862 607.7787 607.7742 607.7702 607.7621 607.7547 607.7515 607.743 607.7413 607.7322 607.7228 607.7133 607.7086 607.7056 607.6989 607.6899 607.6813 607.6727 607.6618 607.6582 607.652 607.6436 607.6323 607.6205 607.6182 607.6098 607.5984 607.5922 607.5795 607.5668 607.5541
607.8184 607.8242 607.8273 607.8317 607.8318 607.837 607.8362 607.8406 607.8451 607.8477 607.8499 607.8533 607.8535 607.8561 607.8547 607.8528 607.8509 607.849 607.8471 607.8452 607.8434 607.8415 607.8396 607.8377 607.8358 607.8339 607.832 607.8301 607.826 607.8201 607.8134 607.8071 607.8053 607.7978 607.7902 607.7874 607.7818 607.7737 607.7682 607.7632 607.7563 607.7533 607.7439 607.7344 607.725 607.723 607.7177 607.7119 607.7019 607.6934 607.6846 607.675 607.6738 607.6645 607.6563 607.6445 607.6356 607.6341 607.6227 607.6149 607.605 607.5923 607.5795 607.5716
607.8297 607.8354 607.8387 607.844 607.8436 607.8483 607.8491 607.8519 607.8563 607.8594 607.8613 607.8647 607.866 607.8676 607.867 607.8651 607.8632 607.8613 607.8594 607.8575 607.8557 607.8538 607.8519 607.85 607.8481 607.8462 607.8443 607.8424 607.8378 607.8316 607.825 607.8197 607.8168 607.8093 607.8018 607.8004 607.7934 607.7853 607.7817 607.7749 607.77 607.765 607.7556 607.7461 607.7386 607.7374 607.7296 607.7239 607.7144 607.7074 607.6964 607.6904 607.6876 607.6769 607.6684 607.6566 607.6519 607.647 607.6357 607.6305 607.6177 607.605 607.5923 607.5891
607.8423 607.8467 607.8511 607.8553 607.8568 607.8595 607.8621 607.8632 607.8676 607.8709 607.8727 607.8762 607.8781 607.8791 607.8793 607.8774 607.8755 607.8737 607.8718 607.8699 607.868 607.8661 607.8642 607.8623 607.8604 607.8585 607.8566 607.8547 607.8499 607.8432 607.8365 607.8328 607.8284 607.8209 607.8148 607.8131 607.805 607.7969 607.795 607.7866 607.784 607.7766 607.7672 607.7578 607.7531 607.7513 607.744 607.7359 607.7276 607.7192 607.7083 607.7057 607.7 607.6921 607.6806 607.6694 607.6683 607.6599 607.6495 607.6432 607.6305 607.6178 607.608 607.6068
607.8557 607.858 607.8639 607.8667 607.8694 607.8707 607.8747 607.8744 607.8788 607.8832 607.8842 607.8876 607.8905 607.8906 607.8916 607.8897 607.8878 607.8859 607.884 607.8821 607.8802 607.8784 607.8765 607.8746 607.8727 607.8708 607.869 607.8671 607.8615 607.8548 607.8481 607.8454 607.8399 607.8324 607.8282 607.8247 607.8166 607.81 607.8068 607.7988 607.7977 607.7883 607.7789 607.7694 607.7675 607.7633 607.7579 607.748 607.7396 607.7311 607.7224 607.7214 607.7125 607.7046 607.6927 607.6857 607.6842 607.6729 607.6658 607.656 607.6432 607.6306 607.6255 607.6238
607.8692 607.8693 607.8752 607.8781 607.8828 607.8819 607.8871 607.8865 607.8901 607.8946 607.8963 607.899 607.9024 607.9021 607.9042 607.902 607.9001 607.8983 607.8964 607.8945 607.8926 607.8907 607.8888 607.8869 607.885 607.8831 607.8812 607.8788 607.873 607.8663 607.8597 607.8585 607.8515 607.8439 607.8414 607.8363 607.8282 607.8237 607.8184 607.8129 607.8094 607.7999 607.7905 607.7833 607.782 607.7753 607.77 607.7604 607.7539 607.7429 607.7377 607.7355 607.7249 607.7167 607.705 607.702 607.6971 607.6858 607.6815 607.6688 607.656 607.6443 607.6432 607.6373
607.8829 607.8816 607.8865 607.8895 607.8948 607.8945 607.8983 607.8993 607.9013 607.9058 607.9087 607.9104 607.9138 607.9136 607.9162 607.9143 607.9125 607.9106 607.9087 607.9068 607.9049 607.903 607.9011 607.8992 607.8973 607.8954 607.8936 607.8905 607.8846 607.8779 607.8727 607.8705 607.863 607.8559 607.8543 607.8479 607.8398 607.8373 607.8301 607.8266 607.821 607.8116 607.8022 607.7977 607.7967 607.789 607.782 607.7739 607.7657 607.7548 607.7532 607.748 607.7405 607.7289 607.7194 607.7181 607.7101 607.7005 607.6942 607.6815 607.6688 607.662 607.6608 607.6508
607.8964 607.8951 607.8977 607.9028 607.9061 607.9077 607.9095 607.9124 607.9126 607.9171 607.9202 607.9219 607.9252 607.9262 607.9277 607.9266 607.9247 607.9229 607.921 607.9191 607.9172 607.9153 607.9134 607.9115 607.9096 607.9077 607.9058 607.9021 607.8962 607.8895 607.8853 607.8821 607.8746 607.8689 607.8677 607.8596 607.8522 607.8503 607.8418 607.8402 607.8327 607.8233 607.8138 607.8122 607.8089 607.8038 607.7941 607.7859 607.7776 607.77 607.769 607.7604 607.7529 607.7411 607.7355 607.7343 607.723 607.7172 607.707 607.6943 607.6815 607.6796 607.6777 607.6643
607.9079 607.9088 607.909 607.9149 607.9175 607.9209 607.9207 607.925 607.9238 607.9283 607.9323 607.9333 607.9367 607.9383 607.9392 607.939 607.9371 607.9352 607.9333 607.9314 607.9295 607.9276 607.9257 607.9238 607.9219 607.92 607.9182 607.9139 607.9078 607.9011 607.8984 607.8936 607.8861 607.8823 607.8793 607.8712 607.8657 607.8619 607.8554 607.8538 607.8444 607.835 607.8279 607.8268 607.8209 607.816 607.8065 607.8004 607.7894 607.7853 607.7835 607.7733 607.765 607.7532 607.7518 607.7473 607.7359 607.7325 607.7197 607.707 607.6984 607.6973 607.6912 607.6778
607.9194 607.9225 607.9209 607.9261 607.9288 607.9337 607.9326 607.9371 607.937 607.9395 607.9441 607.9452 607.9481 607.9506 607.9507 607.9512 607.9493 607.9474 607.9456 607.9437 607.9418 607.9399 607.938 607.9362 607.9343 607.9324 607.9305 607.926 607.9194 607.9127 607.9109 607.9052 607.8976 607.8954 607.8909 607.8828 607.879 607.8737 607.8691 607.8655 607.856 607.8466 607.8423 607.8412 607.8342 607.8281 607.8201 607.8123 607.8022 607.8007 607.796 607.7889 607.7772 607.7692 607.7681 607.7602 607.7518 607.7452 607.7325 607.7198 607.7158 607.715 607.7046 607.6913
607.931 607.9357 607.9346 607.9374 607.9416 607.9455 607.9458 607.9484 607.9495 607.9508 607.9553 607.9579 607.9595 607.963 607.9622 607.9638 607.9617 607.9598 607.9579 607.956 607.9541 607.9522 607.9503 607.9484 607.9465 607.9446 607.9427 607.9376 607.9309 607.9252 607.9241 607.9167 607.91 607.9086 607.9025 607.8943 607.8929 607.8853 607.8832 607.8771 607.8677 607.8583 607.8571 607.8546 607.849 607.8401 607.8322 607.8241 607.8176 607.8166 607.8084 607.8011 607.7894 607.7855 607.7845 607.7731 607.7684 607.758 607.7452 607.7347 607.7335 607.7314 607.7181 607.7047
607.9424 607.9485 607.9484 607.9487 607.9545 607.9569 607.9587 607.9595 607.9626 607.962 607.9665 607.9694 607.9709 607.9744 607.9738 607.976 607.974 607.9721 607.9702 607.9683 607.9664 607.9645 607.9626 607.9608 607.9589 607.957 607.9549 607.9492 607.9425 607.9377 607.9358 607.9283 607.923 607.9218 607.9141 607.9074 607.9055 607.8979 607.8967 607.8888 607.8793 607.8725 607.8714 607.8665 607.8621 607.8525 607.8469 607.8359 607.833 607.8315 607.8218 607.8134 607.8032 607.8017 607.7974 607.7865 607.7834 607.7708 607.758 607.7524 607.7512 607.7449 607.7316 607.7192
607.9553 607.96 607.9617 607.9604 607.9658 607.9683 607.972 607.9708 607.9755 607.9741 607.9777 607.9814 607.9824 607.9858 607.9865 607.9879 607.9863 607.9844 607.9825 607.9806 607.9787 607.9768 607.9749 607.9731 607.9712 607.9693 607.9666 607.9608 607.9541 607.9509 607.9474 607.9398 607.9363 607.9338 607.9257 607.9214 607.9172 607.912 607.9099 607.9005 607.891 607.8869 607.8857 607.8796 607.8741 607.8664 607.8587 607.85 607.8483 607.8439 607.8373 607.8255 607.8194 607.818 607.8103 607.8032 607.7962 607.7835 607.7712 607.77 607.7688 607.7584 607.7451 607.7375
607.9694 607.9715 607.9753 607.9742 607.9771 607.98 607.9847 607.9835 607.9872 607.9871 607.989 607.9936 607.9941 607.9972 607.9985 607.9993 607.9986 607.9967 607.9948 607.9929 607.991 607.9891 607.9872 607.9854 607.9835 607.9816 607.9781 607.9724 607.9656 607.9635 607.9589 607.9514 607.9495 607.9454 607.9373 607.9346 607.9289 607.9257 607.9216 607.9121 607.9028 607.9017 607.9002 607.894 607.8862 607.8787 607.8705 607.8653 607.8641 607.8564 607.8495 607.8377 607.8356 607.8345 607.8232 607.8197 607.809 607.7963 607.7887 607.7876 607.7853 607.7719 607.7585 607.756
607.983 607.983 607.989 607.9879 607.9884 607.9933 607.9963 607.9969 607.9984 608.0001 608.0002 608.0047 608.0068 608.0086 608.0106 608.0109 608.0109 608.009 608.0071 608.0052 608.0034 608.0015 607.9996 607.9977 607.9958 607.9939 607.9901 607.9839 607.9778 607.9764 607.9705 607.964 607.9628 607.957 607.9498 607.9485 607.9406 607.9398 607.9332 607.9238 607.9171 607.916 607.9122 607.9082 607.8986 607.8934 607.8824 607.8806 607.8795 607.8702 607.8616 607.853 607.8517 607.8475 607.8376 607.8345 607.8217 607.809 607.8063 607.8051 607.7988 607.7854 607.7757 607.7745
607.9969 607.9957 608.0005 608.0012 607.9999 608.0056 608.0076 608.0096 608.0096 608.0128 608.0115 608.0159 608.0187 608.0201 608.0233 608.0223 608.0232 608.0213 608.0194 608.0175 608.0156 608.0137 608.0118 608.0099 608.0081 608.0062 608.0022 607.9955 607.9907 607.9895 607.982 607.9771 607.9758 607.9686 607.9631 607.9608 607.9545 607.9533 607.9449 607.9354 607.9316 607.9302 607.9247 607.9202 607.9127 607.9052 607.8973 607.8959 607.8919 607.8856 607.8738 607.8694 607.8679 607.8604 607.8545 607.8472 607.8345 607.8253 607.824 607.8227 607.8123 607.7989 607.7942 607.7932
608.0085 608.0098 608.0121 608.015 608.0137 608.0168 608.019 608.023 608.0217 608.026 608.0247 608.0272 608.0305 608.0315 608.0349 608.0341 608.0359 608.0336 608.0317 608.0298 608.028 608.0261 608.0242 608.0223 608.0204 608.0185 608.0138 608.0071 608.0034 608.0011 607.9935 607.9904 607.9883 607.9802 607.9769 607.9724 607.9684 607.9659 607.9565 607.9475 607.9463 607.945 607.9391 607.9323 607.9252 607.9171 607.913 607.9117 607.9044 607.8978 607.8868 607.8856 607.8845 607.8734 607.871 607.86 607.8472 607.8428 607.8417 607.8391 607.8257 607.814 607.8126 607.8116
