samples/sfe_25/sfe_25_v1/sfe_25_v1/sfe_25_v1.asc
ncols         253
nrows         137
xllcorner     79
yllcorner     53
cellsize      1
NODATA_value  -9999
[rows 0 to 27 of 137, columns 130 to 194 of 253]
603.1851 603.1753 603.1655 603.1556 603.1459 603.136 603.1281 603.1182 603.1084 603.1004 603.0906 603.0806 603.0727 603.0627 603.0547 603.0447 603.0364 603.028 603.0181 603.0096 602.9999 602.9912 602.9827 602.9741 602.9644 602.9556 602.9468 602.9381 602.9293 602.9204 602.9117 602.9028 602.8934 602.8848 602.8757 602.8657 602.8577 602.8485 602.8394 602.8307 602.8217 602.8125 602.8035 602.7941 602.7855 602.7755 602.7667 602.7581 602.7481 602.7392 602.7303 602.7203 602.7114 602.7025 602.6934 602.6843 602.6743 602.6652 602.6561 602.647 602.6377 602.6277 602.6177 602.6093 602.6005
603.0863 603.0767 603.067 603.0574 603.0482 603.0382 603.0326 603.0229 603.0133 603.0075 602.9979 602.9879 602.9823 602.9723 602.9665 602.9565 602.9503 602.9435 602.9338 602.927 602.9191 602.9103 602.9036 602.8965 602.8889 602.8795 602.8721 602.8649 602.8574 602.8499 602.8425 602.8347 602.8268 602.819 602.811 602.8011 602.795 602.7869 602.7787 602.7722 602.7637 602.7554 602.7486 602.7385 602.7316 602.7216 602.7142 602.707 602.697 602.6895 602.6818 602.6732 602.6641 602.6563 602.6483 602.6403 602.6302 602.6228 602.6141 602.6058 602.5975 602.5875 602.5775 602.5706 602.5635
602.9875 602.9781 602.9686 602.9592 602.9504 602.9404 602.9371 602.9277 602.9182 602.9146 602.9052 602.8966 602.8919 602.8832 602.8784 602.8683 602.8641 602.8591 602.8495 602.8444 602.8383 602.8295 602.8245 602.8188 602.8134 602.8046 602.7974 602.7918 602.7856 602.7792 602.7732 602.7666 602.7599 602.7532 602.7463 602.737 602.7324 602.7252 602.7203 602.7134 602.7056 602.6982 602.6931 602.683 602.6777 602.6677 602.6617 602.656 602.6459 602.6396 602.6332 602.6268 602.618 602.6105 602.6032 602.5962 602.5861 602.5805 602.572 602.5647 602.5572 602.5472 602.5407 602.5319 602.5264
602.8887 602.8795 602.8702 602.861 602.8526 602.8433 602.8416 602.8323 602.8237 602.8217 602.8125 602.806 602.8016 602.7949 602.7902 602.7803 602.7779 602.7746 602.7653 602.7617 602.7574 602.7487 602.7453 602.7411 602.7374 602.7303 602.7227 602.7186 602.7137 602.7086 602.7039 602.6985 602.6931 602.6874 602.6816 602.6756 602.6697 602.6651 602.661 602.6546 602.6476 602.641 602.6376 602.6275 602.6238 602.6149 602.6115 602.6049 602.5961 602.5898 602.5847 602.5796 602.5739 602.5659 602.5581 602.5521 602.5421 602.538 602.53 602.5235 602.5169 602.5069 602.5033 602.4933 602.4893
602.7899 602.7809 602.7719 602.7628 602.7548 602.7479 602.7461 602.7371 602.7308 602.7289 602.7198 602.7155 602.7112 602.7065 602.7021 602.6942 602.6917 602.6901 602.681 602.6791 602.6765 602.6678 602.6661 602.6635 602.6613 602.6561 602.6483 602.6454 602.6418 602.6395 602.6347 602.6305 602.6262 602.6216 602.6169 602.6142 602.6079 602.6061 602.6013 602.5958 602.5895 602.5838 602.582 602.5745 602.5699 602.5646 602.5615 602.5539 602.5486 602.541 602.5361 602.5323 602.5278 602.5201 602.5153 602.508 602.498 602.4954 602.4888 602.4824 602.4766 602.4666 602.4647 602.4547 602.4522
602.6909 602.6823 602.6735 602.6646 602.657 602.6523 602.6506 602.6419 602.6379 602.636 602.6271 602.6249 602.6208 602.6182 602.6139 602.608 602.6055 602.6057 602.5967 602.5964 602.5956 602.5888 602.587 602.5858 602.5852 602.5818 602.5763 602.5746 602.572 602.5707 602.5654 602.5624 602.5604 602.5568 602.5522 602.5528 602.5479 602.546 602.5416 602.537 602.5318 602.5267 602.5266 602.5217 602.516 602.5143 602.5115 602.5028 602.5003 602.4944 602.4875 602.485 602.4816 602.4744 602.4726 602.4639 602.4579 602.4553 602.4496 602.4417 602.4363 602.4263 602.426 602.4191 602.4151
602.5919 602.5837 602.575 602.5664 602.5592 602.5569 602.5551 602.5468 602.545 602.5431 602.5344 602.5344 602.5304 602.5298 602.5258 602.5218 602.5193 602.5214 602.5137 602.5139 602.5148 602.5102 602.5084 602.5081 602.5092 602.5076 602.5043 602.5037 602.5024 602.5019 602.4968 602.4944 602.4955 602.493 602.4875 602.4914 602.488 602.4854 602.4818 602.4796 602.4763 602.4717 602.471 602.469 602.4621 602.4617 602.4615 602.4518 602.4506 602.448 602.4404 602.4377 602.4354 602.4312 602.4298 602.4199 602.4166 602.4138 602.41 602.4033 602.3961 602.3893 602.3874 602.3836 602.378
602.4929 602.485 602.4766 602.4682 602.4614 602.4614 602.4597 602.4517 602.4521 602.4502 602.4417 602.4438 602.4401 602.4415 602.4376 602.4356 602.4346 602.4371 602.4316 602.4313 602.434 602.4316 602.4312 602.4304 602.4331 602.4334 602.4323 602.4329 602.4327 602.4331 602.4297 602.4278 602.4306 602.4291 602.4228 602.4291 602.427 602.4247 602.4231 602.4228 602.4208 602.4174 602.4155 602.4163 602.4081 602.4092 602.4108 602.4008 602.4008 602.4004 602.3955 602.3912 602.3893 602.3877 602.3857 602.3757 602.3755 602.3717 602.3689 602.3649 602.3558 602.3531 602.3488 602.3477 602.3408
602.3939 602.3865 602.3782 602.37 602.3636 602.3659 602.3641 602.3566 602.3593 602.3573 602.3491 602.3532 602.3497 602.3532 602.3495 602.3494 602.3502 602.3528 602.3495 602.3505 602.3531 602.353 602.354 602.3541 602.357 602.3592 602.3603 602.362 602.3631 602.3643 602.3625 602.3625 602.3657 602.3652 602.3608 602.3665 602.3654 602.3644 602.3658 602.366 602.3651 602.3631 602.36 602.3635 602.355 602.3568 602.3597 602.3507 602.351 602.3519 602.3506 602.3472 602.3447 602.3426 602.3417 602.3317 602.3351 602.3297 602.3278 602.3255 602.3155 602.317 602.3101 602.3118 602.3038
602.2949 602.2878 602.2798 602.2718 602.2658 602.2704 602.2687 602.2615 602.2664 602.2644 602.2568 602.2626 602.2594 602.2649 602.2614 602.2632 602.2657 602.2686 602.2675 602.2696 602.2722 602.2744 602.2768 602.2786 602.2809 602.2847 602.2883 602.2911 602.2935 602.2955 602.2954 602.2973 602.3007 602.3013 602.2994 602.3039 602.3037 602.3062 602.3085 602.3093 602.3079 602.3088 602.3051 602.3104 602.3047 602.3065 602.3087 602.3032 602.3015 602.3033 602.3057 602.303 602.3011 602.2982 602.2976 602.2898 602.2925 602.2882 602.2866 602.2852 602.2752 602.2806 602.2725 602.2759 602.2667
602.2098 602.2026 602.1953 602.1951 602.1953 602.1902 602.1899 602.1901 602.1864 602.1865 602.1866 602.1868 602.1869 602.187 602.181 602.1771 602.1812 602.1843 602.1854 602.1887 602.1913 602.1958 602.1996 602.2031 602.2067 602.21 602.2162 602.2203 602.2239 602.2267 602.2283 602.2321 602.2358 602.2375 602.238 602.2412 602.2446 602.2481 602.2513 602.2512 602.2507 602.2545 602.2523 602.2565 602.2543 602.2565 602.2576 602.2556 602.255 602.2548 602.2586 602.259 602.256 602.2555 602.2535 602.2498 602.2506 602.249 602.2454 602.2449 602.2379 602.2429 602.2373 602.2396 602.2296
602.1255 602.1188 602.1125 602.1127 602.1129 602.108 602.1082 602.1083 602.1052 602.1053 602.1059 602.106 602.1061 602.1062 602.1063 602.1105 602.1143 602.1152 602.1193 602.1241 602.1265 602.129 602.1224 602.1275 602.1325 602.1359 602.1432 602.1487 602.1537 602.158 602.1611 602.1668 602.1708 602.1736 602.1766 602.1807 602.1855 602.1899 602.194 602.1932 602.1942 602.2002 602.1995 602.2026 602.204 602.2065 602.2065 602.2079 602.2086 602.2076 602.2113 602.2146 602.2109 602.2128 602.2094 602.2097 602.211 602.2099 602.207 602.2047 602.2017 602.2042 602.2022 602.2025 602.1924
602.041 602.0351 602.0302 602.0303 602.0309 602.0262 602.0264 602.0269 602.0239 602.024 602.0251 602.0252 602.0253 602.0253 602.027 602.0312 602.0356 602.0366 602.0417 602.0456 602.0486 602.054 602.0596 602.0648 602.0705 602.0762 602.0829 602.084 602.0844 602.0891 602.094 602.101 602.1052 602.1092 602.1152 602.1207 602.1265 602.1318 602.1353 602.137 602.1398 602.1459 602.1468 602.1487 602.1537 602.1565 602.1555 602.1604 602.162 602.1627 602.1644 602.1684 602.1683 602.1701 602.1653 602.1684 602.1714 602.1707 602.1686 602.1643 602.1656 602.1656 602.1667 602.1653 602.1553
601.9565 601.9514 601.9478 601.948 601.9491 601.9445 601.9447 601.9457 601.9426 601.9427 601.9443 601.9444 601.9445 601.9445 601.9476 601.9518 601.9571 601.9581 601.9641 601.967 601.9731 601.9775 601.9835 601.9882 601.9963 602.0023 602.0091 602.0164 602.0243 602.0295 602.0357 602.045 602.046 602.0459 602.0538 602.0607 602.0674 602.0736 602.0781 602.0814 602.0856 602.0916 602.0941 602.095 602.1035 602.1065 602.1053 602.1121 602.1156 602.1179 602.1204 602.1224 602.1258 602.1274 602.1216 602.1283 602.1294 602.1315 602.1302 602.1241 602.1295 602.127 602.1308 602.1282 602.1189
601.8728 601.8676 601.8654 601.8656 601.8672 601.8627 601.8629 601.8644 601.8614 601.8615 601.8635 601.8635 601.8636 601.8637 601.8683 601.8746 601.8785 601.8802 601.8862 601.8885 601.8965 601.9014 601.9072 601.912 601.9221 601.9285 601.9352 601.9432 601.9525 601.958 601.9649 601.9743 601.9814 601.9913 602.0003 602.0077 602.015 602.0154 602.0213 602.0259 602.0313 602.037 602.0413 602.0447 602.0518 602.0565 602.0577 602.0624 602.0692 602.0729 602.0763 602.0789 602.082 602.0847 602.0816 602.0882 602.0876 602.0908 602.0919 602.0864 602.0932 602.0908 602.0949 602.0911 602.0865
601.79 601.7852 601.7831 601.7833 601.7853 601.781 601.7812 601.7831 601.7802 601.7803 601.7827 601.7827 601.7828 601.7829 601.7889 601.7972 601.7999 601.8026 601.8076 601.8099 601.8201 601.8254 601.8306 601.8416 601.848 601.8546 601.8614 601.8699 601.8808 601.8866 601.8948 601.9033 601.9119 601.9219 601.9315 601.9406 601.9504 601.9597 601.9689 601.9785 601.984 601.9828 601.9885 601.9944 602.0015 602.0065 602.0101 602.0156 602.022 602.0281 602.0322 602.0353 602.0385 602.0421 602.0416 602.0471 602.0485 602.0496 602.0535 602.0502 602.0568 602.0556 602.059 602.054 602.0542
601.7073 601.7028 601.7007 601.7009 601.7034 601.6993 601.6994 601.7015 601.6989 601.699 601.7018 601.7019 601.702 601.7036 601.7095 601.7197 601.7213 601.725 601.7291 601.736 601.7436 601.7493 601.754 601.7681 601.774 601.7808 601.79 601.8021 601.809 601.8152 601.8261 601.8325 601.8425 601.8568 601.8643 601.874 601.884 601.8934 601.903 601.9133 601.923 601.9319 601.9434 601.9554 601.953 601.9565 601.9625 601.9691 601.9749 601.9832 601.9882 601.9918 601.9957 601.999 602.0015 602.0063 602.0093 602.0107 602.0132 602.0142 602.0204 602.0204 602.0231 602.0169 602.0192
601.6245 601.6204 601.6183 601.6185 601.6212 601.6175 601.6177 601.6196 601.6177 601.6185 601.621 601.6211 601.6212 601.6254 601.6302 601.6417 601.6426 601.6474 601.6505 601.6627 601.6672 601.673 601.6801 601.694 601.7001 601.7069 601.7167 601.732 601.7374 601.7447 601.7551 601.7631 601.7729 601.788 601.7973 601.8071 601.8175 601.8281 601.8382 601.8482 601.8574 601.8668 601.8807 601.8917 601.9001 601.9117 601.9237 601.9301 601.9299 601.9377 601.944 601.9481 601.9531 601.955 601.9615 601.9667 601.9702 601.9723 601.9729 601.978 601.9824 601.9854 601.9873 601.9808 601.9862
601.5413 601.538 601.536 601.5365 601.5388 601.5358 601.5363 601.5377 601.5364 601.538 601.5402 601.5403 601.5403 601.5467 601.5522 601.5631 601.5641 601.5696 601.572 601.5862 601.5911 601.5965 601.6096 601.6198 601.6263 601.6351 601.6447 601.6603 601.666 601.6746 601.6841 601.6935 601.7104 601.7191 601.7307 601.7419 601.7518 601.7622 601.773 601.7829 601.7919 601.8054 601.8182 601.8279 601.8373 601.8497 601.8622 601.8734 601.8852 601.897 601.905 601.9055 601.9103 601.9135 601.9211 601.9271 601.931 601.9339 601.9349 601.9419 601.9442 601.9497 601.9514 601.9484 601.9536
601.4576 601.4556 601.4536 601.4547 601.4564 601.454 601.4551 601.4558 601.4552 601.4576 601.4594 601.4595 601.4595 601.4673 601.476 601.4845 601.486 601.4911 601.4966 601.5097 601.5151 601.5199 601.5388 601.5457 601.5524 601.5635 601.5781 601.5886 601.5946 601.607 601.6141 601.624 601.6445 601.6539 601.6642 601.6754 601.6855 601.6965 601.7079 601.7173 601.7263 601.7427 601.7557 601.7641 601.7752 601.7902 601.8007 601.8129 601.8246 601.8365 601.8458 601.8564 601.8698 601.8815 601.881 601.8871 601.8918 601.8955 601.8988 601.9058 601.909 601.9139 601.9155 601.9161 601.9209
601.3744 601.3732 601.3713 601.3727 601.3743 601.3723 601.3738 601.3738 601.374 601.3771 601.3785 601.3786 601.3799 601.3879 601.3991 601.4059 601.4083 601.4125 601.4235 601.4332 601.439 601.4481 601.4658 601.4718 601.4786 601.4903 601.5115 601.5169 601.5244 601.536 601.5446 601.5604 601.5756 601.5869 601.5974 601.6102 601.6214 601.6328 601.6428 601.6517 601.6674 601.68 601.6919 601.7008 601.7132 601.7286 601.7398 601.7524 601.7641 601.7752 601.7842 601.7967 601.8095 601.8212 601.833 601.8477 601.857 601.8572 601.8627 601.8694 601.8739 601.878 601.8785 601.8837 601.8882
601.2913 601.2908 601.2889 601.2909 601.2924 601.2905 601.2925 601.2926 601.2927 601.2964 601.2977 601.2978 601.3017 601.3086 601.3216 601.3273 601.3307 601.334 601.3505 601.3569 601.3624 601.3777 601.3916 601.3979 601.4089 601.4208 601.4398 601.4455 601.4556 601.4652 601.4752 601.4984 601.5078 601.5213 601.5334 601.5438 601.5555 601.5676 601.5772 601.5861 601.6047 601.6197 601.6281 601.6387 601.6556 601.6671 601.6801 601.6919 601.7036 601.7137 601.7236 601.7369 601.7493 601.7604 601.7738 601.7885 601.8005 601.8146 601.8291 601.833 601.8387 601.8421 601.8427 601.8502 601.8556
601.2075 601.2082 601.2065 601.209 601.21 601.2087 601.2112 601.2114 601.2115 601.2159 601.2169 601.217 601.2235 601.2297 601.2441 601.2487 601.2531 601.2571 601.2758 601.2809 601.2858 601.3068 601.3174 601.3241 601.3371 601.3542 601.368 601.3743 601.3878 601.3958 601.4105 601.4321 601.4435 601.4545 601.4669 601.4788 601.492 601.5024 601.5116 601.5277 601.542 601.5559 601.5643 601.5767 601.5952 601.6056 601.6196 601.6312 601.643 601.6521 601.6639 601.6772 601.6891 601.7 601.7146 601.7285 601.7403 601.7558 601.7698 601.7833 601.7974 601.8122 601.8104 601.8175 601.8229
601.1237 601.1256 601.1242 601.1271 601.1275 601.127 601.13 601.1301 601.1309 601.1353 601.136 601.1362 601.1453 601.1537 601.1666 601.1701 601.1746 601.1841 601.1993 601.2048 601.2161 601.236 601.2435 601.2502 601.2639 601.2876 601.2964 601.3042 601.3168 601.3262 601.3489 601.3633 601.3765 601.3896 601.4022 601.4147 601.4273 601.4371 601.446 601.4667 601.481 601.4921 601.5023 601.5188 601.5336 601.5463 601.5591 601.5706 601.5815 601.5906 601.6041 601.6171 601.6287 601.6407 601.6554 601.6681 601.6816 601.697 601.7105 601.724 601.7391 601.7527 601.7651 601.7812 601.792
601.0403 601.0425 601.0421 601.0452 601.0451 601.0457 601.0487 601.0489 601.0505 601.0546 601.0552 601.0563 601.0663 601.0773 601.0891 601.0916 601.0961 601.111 601.1229 601.1282 601.1458 601.1634 601.1696 601.1827 601.1968 601.2192 601.2249 601.2377 601.2468 601.2605 601.2863 601.2979 601.3115 601.3248 601.3359 601.3489 601.3622 601.3715 601.3871 601.4039 601.4199 601.4283 601.4402 601.4614 601.4721 601.4868 601.4987 601.51 601.52 601.531 601.5443 601.5568 601.5679 601.5815 601.596 601.6078 601.6228 601.6376 601.6512 601.6655 601.6812 601.6931 601.7076 601.7236 601.7394
600.9579 600.9595 600.9602 600.9633 600.9633 600.9644 600.9675 600.9677 600.9701 600.9741 600.9744 600.9781 600.987 601.0007 601.0115 601.014 601.0177 601.038 601.0467 601.0533 601.0749 601.0892 601.0958 601.1107 601.1302 601.1475 601.1541 601.1687 601.1773 601.199 601.2198 601.2332 601.2447 601.2589 601.2733 601.287 601.297 601.3059 601.3287 601.3422 601.3561 601.3657 601.382 601.4001 601.412 601.4263 601.4376 601.4495 601.4584 601.4713 601.4846 601.4966 601.5077 601.5223 601.5357 601.5486 601.5649 601.5786 601.592 601.6072 601.6221 601.634 601.6501 601.666 601.6817
600.8755 600.8769 600.8783 600.8815 600.8816 600.8832 600.8862 600.8864 600.8897 600.8934 600.8936 600.8998 600.9077 600.9234 600.9333 600.9364 600.9446 600.9648 600.9706 600.9841 601.004 601.0151 601.024 601.0395 601.0637 601.0758 601.085 601.098 601.1105 601.1375 601.1509 601.1666 601.1819 601.1943 601.2079 601.2219 601.2314 601.2466 601.2659 601.2827 601.2924 601.3037 601.3254 601.3386 601.3527 601.3658 601.3771 601.3879 601.398 601.4115 601.4246 601.4361 601.4483 601.4631 601.4753 601.4899 601.5054 601.5193 601.5336 601.5491 601.5626 601.5765 601.5925 601.6083 601.624
600.7931 600.7946 600.7964 600.7996 600.7998 600.8019 600.8049 600.8052 600.8093 600.8127 600.8128 600.8217 600.8311 600.8459 600.8547 600.8581 600.8716 600.889 600.8941 600.9138 600.9332 600.9413 600.9565 600.9729 600.9971 601.0044 601.0198 601.0284 601.049 601.0742 601.0879 601.1018 601.1163 601.1294 601.1444 601.1567 601.1658 601.1887 601.2034 601.2202 601.2292 601.2451 601.2667 601.2774 601.2934 601.3052 601.3165 601.3264 601.3384 601.3517 601.3644 601.3754 601.3891 601.4033 601.4156 601.4318 601.4465 601.46 601.4753 601.4915 601.503 601.5189 601.5349 601.5505 601.5663
