samples/sfe_25/sfe_25_v1/sfe_25_v1/sfe_25_v1.asc
ncols         253
nrows         137
xllcorner     79
yllcorner     53
cellsize      1
NODATA_value  -9999
[rows 28 to 55 of 137, columns 65 to 129 of 253]
602.098 602.0539 602.0099 601.9503 601.9074 601.8601 601.8123 601.773 601.7327 601.6929 601.6541 601.6182 601.5922 601.5668 601.5425 601.5199 601.5076 601.4758 601.4756 601.4633 601.4349 601.4355 601.4229 601.4071 601.3837 601.3657 601.3418 601.3138 601.2855 601.2498 601.2178 601.1921 601.1615 601.1295 601.0986 601.0697 601.0374 601.0062 600.9781 600.948 600.924 600.8994 600.873 600.8494 600.8253 600.8041 600.7844 600.7642 600.7481 600.7301 600.7203 600.7121 600.7004 600.6917 600.6899 600.6896 600.6834 600.6879 600.6896 600.6903 600.6961 600.6982 600.7039 600.7063 600.7088
602.0072 601.9647 601.924 601.8698 601.8149 601.7725 601.7224 601.6782 601.639 601.5986 601.5593 601.5204 601.4994 601.4686 601.4466 601.4258 601.4171 601.3857 601.3846 601.3778 601.3481 601.3488 601.3399 601.3229 601.3021 601.2827 601.2607 601.2321 601.2053 601.1705 601.1349 601.1099 601.0806 601.048 601.0165 600.9852 600.9542 600.9232 600.8915 600.8624 600.8365 600.8134 600.7852 600.7609 600.736 600.715 600.6948 600.674 600.6579 600.6398 600.6299 600.6217 600.6107 600.6019 600.6016 600.6014 600.5965 600.6009 600.603 600.6055 600.6111 600.6128 600.6196 600.6229 600.626
601.9107 601.8774 601.8346 601.7864 601.7255 601.6816 601.631 601.5842 601.545 601.5047 601.4645 601.4255 601.4016 601.3712 601.3536 601.334 601.3232 601.2956 601.2936 601.29 601.2614 601.262 601.257 601.2387 601.2204 601.1996 601.179 601.1516 601.1243 601.0911 601.0555 601.0276 600.9984 600.9657 600.9344 600.901 600.8712 600.8403 600.8047 600.7769 600.7489 600.7261 600.6971 600.6719 600.6472 600.6258 600.6051 600.5839 600.5676 600.5496 600.5394 600.5313 600.5208 600.5125 600.5134 600.5131 600.5096 600.5143 600.5164 600.5206 600.5261 600.5283 600.5355 600.5394 600.5433
601.8142 601.7864 601.7441 601.7005 601.6449 601.5887 601.5434 601.4933 601.4503 601.4102 601.3699 601.3308 601.3038 601.2764 601.2616 601.2422 601.2292 601.2055 601.2026 601.2005 601.1748 601.1752 601.1722 601.1545 601.1387 601.1167 601.0974 601.0713 601.0432 601.0118 600.9762 600.9438 600.9162 600.8841 600.8521 600.819 600.788 600.7565 600.7213 600.6913 600.6613 600.6387 600.6099 600.5841 600.5588 600.5367 600.5155 600.4941 600.4774 600.466 600.437 600.429 600.4189 600.432 600.425 600.4248 600.4228 600.4276 600.4297 600.4357 600.441 600.4448 600.452 600.4557 600.4606
601.7177 601.6899 601.6568 601.6146 601.5629 601.5006 601.4557 601.4019 601.3557 601.3164 601.2756 601.2366 601.2059 601.1816 601.1667 601.1505 601.1353 601.1154 601.1116 601.111 601.0886 601.0885 601.0867 601.0703 601.0544 601.0337 601.0156 600.991 600.9622 600.9325 600.8969 600.8613 600.834 600.8039 600.7696 600.7369 600.7049 600.6726 600.6383 600.6058 600.5757 600.5512 600.526 600.493 600.4355 600.3775 600.338 600.3 600.27 600.251 600.2235 600.2165 600.209 600.2145 600.2165 600.2185 600.2475 600.2855 600.2775 600.3155 600.35 600.364 600.3685 600.3724 600.3778
601.6212 601.5934 601.5656 601.5248 601.477 601.42 601.3625 601.3143 601.2631 601.2223 601.1818 601.1417 601.1081 601.0872 601.069 601.0549 601.0406 601.0253 601.0206 601.0214 601.0024 601.0018 601.0012 600.9861 600.9703 600.9507 600.9326 600.9097 600.8807 600.8531 600.8176 600.7819 600.7518 600.7225 600.688 600.6548 600.6218 600.5895 600.561 600.4845 600.4265 600.36 600.302 600.2455 600.1885 600.132 600.119 600.0695 600.0635 600.026 600.02 600.0145 600.009 600.0045 599.999 600.0225 600.021 600.06 600.0535 600.092 600.1281 600.165 600.191 600.2095 600.2285
601.5247 601.4969 601.4691 601.4362 601.3911 601.3394 601.2758 601.2267 601.1734 601.1274 601.0876 601.0469 601.0103 600.9893 600.9699 600.9575 600.9455 600.9355 600.9296 600.9317 600.9162 600.915 600.9156 600.9019 600.886 600.8677 600.8496 600.8281 600.8005 600.7724 600.7382 600.7026 600.6696 600.6403 600.6067 600.563 600.485 600.4015 600.3354 600.259 600.185 600.11 600.067 600.05 600.0115 599.993 599.9705 599.954 599.939 599.9245 599.9084 599.905 599.901 599.8985 599.8945 599.9105 599.9075 599.923 599.9265 599.933 599.9445 599.957 599.9605 599.9725 600.009
601.4282 601.4004 601.3726 601.3448 601.3052 601.2535 601.1952 601.1366 601.0853 601.0328 600.9938 600.9528 600.9136 600.8915 600.8716 600.8615 600.8515 600.8434 600.8386 600.8407 600.83 600.8283 600.8289 600.8177 600.8019 600.7847 600.7666 600.7464 600.7202 600.6914 600.6589 600.6232 600.5465 600.48 600.407 600.3095 600.2455 600.162 600.0955 600.063 600.0305 599.9926 599.9565 599.934 599.903 599.88 599.853 599.849 599.827 599.8235 599.8045 599.8025 599.8 599.7985 599.804 599.8094 599.8085 599.824 599.8295 599.8365 599.85 599.8575 599.866 599.868 599.8785
601.3317 601.3039 601.2761 601.2483 601.2156 601.1675 601.1146 601.0509 600.9976 600.9446 600.8995 600.8588 600.8189 600.7936 600.7738 600.7656 600.7574 600.7494 600.7476 600.7497 600.7429 600.7416 600.7422 600.7335 600.7177 600.7018 600.6836 600.6647 600.625 600.566 600.497 600.4125 600.3195 600.2265 600.1655 600.108 600.061 600.0215 599.9685 599.937 599.9055 599.875 599.8465 599.8195 599.798 599.778 599.7625 599.745 599.7345 599.722 599.715 599.7135 599.713 599.713 599.716 599.718 599.723 599.734 599.745 599.747 599.7605 599.7685 599.7679 599.776 599.787
601.2352 601.2074 601.1796 601.1518 601.124 601.0816 601.03 600.9703 600.91 600.8562 600.8047 600.75 600.6815 600.6315 600.5825 600.5555 600.5475 600.539 600.5585 600.5505 600.5595 600.5835 600.575 600.567 600.559 600.516 600.4925 600.433 600.374 600.3145 600.2295 600.156 600.124 600.075 600.028 599.981 599.934 599.9025 599.86 599.8295 599.793 599.7625 599.7419 599.71 599.6955 599.6815 599.6625 599.6435 599.642 599.627 599.6265 599.6255 599.6265 599.6285 599.629 599.6295 599.646 599.6465 599.653 599.661 599.6755 599.675 599.685 599.6935 599.694
601.1387 601.1108 601.0831 601.0552 601.0275 600.9957 600.944 600.8898 600.826 600.728 600.6245 600.5385 600.48 600.4295 600.3805 600.3335 600.3245 600.315 600.31 600.3015 600.335 600.334 600.325 600.317 600.308 600.253 600.2415 600.195 600.16 600.125 600.0905 600.042 600.0035 599.947 599.902 599.8715 599.82 599.787 599.7525 599.717 599.6865 599.653 599.6495 599.62 599.6065 599.586 599.571 599.56 599.5505 599.546 599.542 599.5385 599.5415 599.544 599.546 599.548 599.5665 599.5675 599.5765 599.5845 599.5975 599.5995 599.607 599.611 599.6075
601.0422 601.0143 600.9866 600.9587 600.931 600.9031 600.8581 600.7915 600.6575 600.5265 600.433 600.3365 600.308 600.2715 600.2395 600.217 600.198 600.1895 600.1805 600.172 600.1775 600.1685 600.1595 600.1515 600.143 600.118 600.1005 600.0665 600.0315 599.997 599.963 599.9275 599.885 599.843 599.7935 599.757 599.712 599.675 599.6485 599.6225 599.5975 599.57 599.5515 599.528 599.5105 599.4915 599.4915 599.477 599.4655 599.4665 599.4645 599.4615 599.4655 599.469 599.472 599.476 599.4895 599.4926 599.508 599.5095 599.5225 599.521 599.533 599.5291 599.534
600.9457 600.9178 600.8901 600.8622 600.8542 600.8459 600.738 600.6 600.4565 600.3676 600.308 600.245 600.2045 600.157 600.125 600.112 600.0825 600.0735 600.0635 600.0555 600.049 600.0395 600.0305 600.022 600.014 599.982 599.973 599.9425 599.91 599.8785 599.847 599.8055 599.7625 599.7295 599.699 599.6495 599.622 599.591 599.548 599.5235 599.4985 599.4771 599.4585 599.444 599.429 599.415 599.41 599.397 599.3945 599.388 599.3915 599.393 599.398 599.403 599.408 599.412 599.4205 599.4245 599.441 599.4435 599.4535 599.456 599.4666 599.4645 599.465
600.8881 600.8805 600.8729 600.865 600.7745 600.6585 600.5396 600.408 600.341 600.272 600.205 600.1425 600.103 600.0635 600.035 600.009 599.979 599.9695 599.949 599.94 599.9315 599.9225 599.914 599.905 599.8975 599.8665 599.8575 599.8265 599.7955 599.764 599.734 599.705 599.6655 599.627 599.599 599.549 599.522 599.4965 599.4665 599.439 599.4145 599.3955 599.3775 599.368 599.3535 599.3405 599.33 599.3275 599.3245 599.324 599.325 599.327 599.333 599.3385 599.3445 599.3505 599.3565 599.3615 599.377 599.3805 599.392 599.3925 599.4025 599.398 599.402
600.7835 600.775 600.7235 600.671 600.5645 600.4675 600.38 600.3125 600.244 600.1745 600.1165 600.059 600.017 599.966 599.9375 599.9075 599.877 599.8665 599.837 599.8275 599.8185 599.809 599.8005 599.7905 599.7835 599.7555 599.7469 599.719 599.69 599.6615 599.6331 599.6045 599.565 599.5275 599.503 599.4705 599.434 599.4095 599.385 599.361 599.3335 599.3245 599.308 599.294 599.2815 599.27 599.267 599.2615 599.257 599.2605 599.2655 599.263 599.269 599.277 599.2834 599.2905 599.2975 599.303 599.32 599.3245 599.3304 599.3385 599.3415 599.3435 599.341
600.571 600.5605 600.5075 600.455 600.4005 600.3495 600.274 600.216 600.158 600.092 600.026 599.9675 599.921 599.8845 599.85 599.818 599.79 599.775 599.747 599.737 599.727 599.707 599.6985 599.6895 599.6815 599.6541 599.6455 599.6175 599.589 599.5715 599.5365 599.511 599.4855 599.4405 599.415 599.389 599.3565 599.328 599.307 599.2865 599.2686 599.2515 599.236 599.2225 599.21 599.2065 599.205 599.2005 599.2015 599.204 599.2085 599.21 599.2165 599.222 599.23 599.2385 599.246 599.256 599.2685 599.274 599.281 599.2875 599.286 599.2905 599.283
600.4045 600.3935 600.367 600.334 600.298 600.245 600.17 600.124 600.068 600.0015 599.9455 599.894 599.8485 599.8035 599.7695 599.732 599.704 599.6855 599.6585 599.6475 599.636 599.6125 599.604 599.5925 599.584 599.5594 599.5505 599.526 599.5005 599.4795 599.4495 599.4235 599.3985 599.366 599.335 599.313 599.288 599.258 599.2335 599.2135 599.1975 599.183 599.172 599.164 599.156 599.1525 599.1475 599.1495 599.149 599.155 599.1545 599.162 599.1675 599.17 599.1801 599.189 599.197 599.2135 599.222 599.2285 599.2325 599.243 599.242 599.2415 599.2395
600.2855 600.2735 600.2585 600.224 600.1945 600.1445 600.0916 600.0345 599.9775 599.927 599.8685 599.819 599.7685 599.7325 599.693 599.6615 599.636 599.6071 599.581 599.5695 599.5495 599.5335 599.525 599.5055 599.496 599.4715 599.4625 599.4385 599.414 599.4 599.369 599.346 599.323 599.2925 599.2615 599.2395 599.2185 599.2 599.1775 599.1555 599.1405 599.123 599.115 599.111 599.103 599.0985 599.099 599.101 599.1025 599.109 599.111 599.118 599.1285 599.1335 599.143 599.1525 599.1615 599.1745 599.183 599.189 599.194 599.2025 599.203 599.2015 599.1975
600.184 600.171 600.159 600.1345 600.0965 600.0515 600.0024 599.958 599.9025 599.851 599.793 599.743 599.704 599.663 599.6235 599.585 599.5595 599.5305 599.5055 599.493 599.4695 599.459 599.4475 599.426 599.415 599.3955 599.3845 599.363 599.34 599.326 599.2955 599.2725 599.2505 599.2314 599.2045 599.1785 599.1584 599.1395 599.1215 599.1045 599.091 599.076 599.0705 599.0625 599.057 599.0575 599.056 599.0565 599.063 599.066 599.073 599.076 599.087 599.0975 599.108 599.1175 599.128 599.138 599.147 599.153 599.159 599.166 599.1685 599.166 599.1595
600.0905 600.0765 600.063 600.0325 600.0095 599.9715 599.928 599.8755 599.8205 599.7765 599.731 599.683 599.635 599.595 599.5625 599.524 599.497 599.4705 599.446 599.428 599.4035 599.3935 599.374 599.3545 599.341 599.3245 599.3105 599.2905 599.2705 599.256 599.2314 599.2115 599.191 599.1715 599.1445 599.125 599.103 599.0865 599.072 599.057 599.0445 599.0325 599.024 599.0165 599.0155 599.0175 599.017 599.02 599.027 599.033 599.0405 599.048 599.0585 599.0675 599.0785 599.0895 599.1005 599.1105 599.1195 599.1265 599.133 599.1395 599.1415 599.138 599.1305
599.9995 599.9905 599.9765 599.946 599.9245 599.8875 599.8455 599.7935 599.7555 599.713 599.6625 599.6145 599.577 599.535 599.503 599.4635 599.442 599.413 599.387 599.3645 599.3416 599.3305 599.31 599.298 599.2791 599.269 599.2495 599.23 599.21 599.193 599.171 599.1535 599.1355 599.119 599.1015 599.0785 599.057 599.041 599.025 599.012 599.002 598.9935 598.988 598.9835 598.9845 598.984 598.9865 598.991 598.9955 599.005 599.0105 599.021 599.0315 599.0395 599.0515 599.063 599.0745 599.0855 599.0935 599.1025 599.109 599.1125 599.117 599.113 599.1045
599.91 599.9091 599.894 599.863 599.85 599.807 599.7785 599.7325 599.6885 599.643 599.6055 599.5635 599.5205 599.479 599.442 599.413 599.3905 599.3605 599.334 599.3125 599.2885 599.274 599.257 599.238 599.2215 599.209 599.191 599.1735 599.157 599.1405 599.127 599.107 599.0895 599.0725 599.055 599.039 599.0215 599.004 598.991 598.979 598.9685 598.9604 598.9565 598.9555 598.954 598.955 598.9615 598.9666 598.9735 598.983 598.992 599.0025 599.0135 599.024 599.0365 599.0455 599.0575 599.0685 599.0785 599.087 599.094 599.098 599.1 599.096 599.0895
599.8405 599.837 599.821 599.7915 599.7765 599.737 599.705 599.6625 599.632 599.5875 599.552 599.507 599.472 599.433 599.3995 599.366 599.3416 599.311 599.282 599.2615 599.2455 599.224 599.21 599.1915 599.1795 599.161 599.144 599.127 599.11 599.0945 599.0785 599.0649 599.0505 599.036 599.0186 599.003 598.989 598.9715 598.959 598.9525 598.9445 598.9395 598.936 598.934 598.934 598.937 598.9415 598.947 598.9555 598.963 598.9745 598.9855 598.9969 599.0095 599.0225 599.0315 599.0435 599.0555 599.0655 599.075 599.082 599.086 599.0865 599.083 599.0755
599.774 599.769 599.752 599.722 599.7045 599.6775 599.64 599.611 599.572 599.5285 599.498 599.4615 599.425 599.3865 599.353 599.3254 599.3015 599.2745 599.2485 599.229 599.208 599.183 599.169 599.151 599.133 599.1165 599.1055 599.0905 599.0775 599.064 599.048 599.0325 599.0179 599.0031 598.99 598.9775 598.9635 598.953 598.942 598.9325 598.9245 598.9205 598.916 598.915 598.918 598.922 598.9285 598.9365 598.9455 598.9554 598.967 598.978 598.9905 599.0025 599.0155 599.0265 599.039 599.05 599.0605 599.0695 599.077 599.081 599.082 599.078 599.07
599.723 599.71 599.6915 599.662 599.6455 599.618 599.583 599.5515 599.515 599.4825 599.45 599.413 599.38 599.348 599.3195 599.2905 599.2635 599.2375 599.2115 599.1915 599.1715 599.1525 599.135 599.1185 599.103 599.088 599.0725 599.0575 599.047 599.0305 599.02 599.008 598.995 598.983 598.9709 598.959 598.9445 598.933 598.926 598.919 598.914 598.9105 598.9085 598.9085 598.911 598.9155 598.922 598.9295 598.939 598.9484 598.96 598.9725 598.985 598.999 599.0115 599.0245 599.0375 599.05 599.0605 599.0695 599.077 599.081 599.082 599.078 599.0695
599.6745 599.6545 599.635 599.603 599.5875 599.5595 599.5355 599.5 599.472 599.4355 599.403 599.373 599.3425 599.3145 599.2855 599.2565 599.2325 599.2085 599.184 599.1645 599.144 599.1255 599.107 599.0895 599.075 599.06 599.0475 599.036 599.0245 599.0125 599.0005 598.9875 598.9765 598.966 598.9565 598.9475 598.938 598.929 598.921 598.914 598.908 598.904 598.902 598.904 598.9085 598.914 598.9215 598.931 598.941 598.9525 598.964 598.9765 598.9895 599.0025 599.017 599.03 599.0425 599.056 599.0656 599.075 599.082 599.086 599.0865 599.083 599.0745
599.635 599.6125 599.5885 599.5656 599.5405 599.5155 599.4875 599.45 599.4285 599.3985 599.368 599.337 599.309 599.2805 599.259 599.2335 599.207 599.183 599.1605 599.1395 599.118 599.102 599.0855 599.0705 599.0555 599.041 599.029 599.0175 599.0065 598.9965 598.9875 598.9785 598.97 598.961 598.9515 598.9425 598.9329 598.925 598.9196 598.915 598.9115 598.9095 598.9085 598.9105 598.914 598.9196 598.927 598.9365 598.9455 598.958 598.9695 598.982 598.997 599.01 599.024 599.0405 599.0525 599.065 599.0785 599.087 599.094 599.098 599.0995 599.0959 599.0875
599.6 599.5754 599.546 599.522 599.4945 599.473 599.4435 599.417 599.3905 599.3615 599.33 599.3015 599.2835 599.259 599.2335 599.2075 599.182 599.1635 599.1425 599.126 599.1075 599.0875 599.07 599.055 599.0405 599.0275 599.018 599.009 599 598.9915 598.982 598.973 598.9657 598.96 598.954 598.947 598.94 598.934 598.928 598.923 598.919 598.9155 598.916 598.9205 598.926 598.9315 598.9405 598.9495 598.962 598.9725 598.985 598.998 599.013 599.027 599.04 599.0565 599.0675 599.0785 599.0935 599.1025 599.109 599.1125 599.1165 599.113 599.1045
