samples/sfe_25/sfe_25_v1/sfe_25_v1/sfe_25_v1.asc
ncols         253
nrows         137
xllcorner     79
yllcorner     53
cellsize      1
NODATA_value  -9999
[rows 56 to 83 of 137, columns 130 to 194 of 253]
599.1115 599.0875 599.062 599.026 598.9885 598.9445 598.898 598.8459 598.7945 598.7455 598.7035 598.658 598.628 598.6005 598.574 598.56 598.5455 598.5425 598.539 598.539 598.5439 598.5455 598.5465 598.5465 598.547 598.545 598.5405 598.531 598.516 598.5009 598.4845 598.4625 598.4395 598.412 598.3915 598.3645 598.3405 598.3175 598.2945 598.269 598.259 598.2505 598.2455 598.252 598.266 598.304 598.361 598.4255 598.495 598.639 598.7765 598.96 599.1895 599.5715 599.8247 599.8493 599.8715 599.8867 599.9017 599.9168 599.9319 599.947 599.962 599.9771 599.9835
599.14 599.1185 599.0915 599.054 599.01 598.9685 598.9245 598.8795 598.8135 598.774 598.7335 598.6965 598.663 598.635 598.6145 598.6005 598.585 598.583 598.5765 598.577 598.5775 598.5805 598.5775 598.575 598.5735 598.567 598.5585 598.5446 598.527 598.5065 598.484 598.454 598.4245 598.3905 598.359 598.32 598.285 598.255 598.2185 598.1905 598.1655 598.1485 598.123 598.1255 598.125 598.1485 598.1775 598.2285 598.291 598.4095 598.5325 598.7 598.8855 599.086 599.3525 599.804 599.817 599.8321 599.8472 599.8622 599.8774 599.8925 599.9075 599.9224 599.9249
599.178 599.1545 599.126 599.09 599.052 599.0055 598.9625 598.9185 598.8635 598.816 598.777 598.7426 598.707 598.684 598.665 598.6445 598.6345 598.6335 598.627 598.6285 598.624 598.6295 598.6245 598.619 598.6175 598.605 598.5915 598.5725 598.55 598.527 598.4975 598.4635 598.4305 598.3915 598.351 598.3015 598.2592 598.217 598.168 598.1275 598.1 598.0625 598.0375 598.0195 598.0115 598.014 598.0385 598.0675 598.126 598.2085 598.2825 598.4475 598.591 598.7745 598.9735 599.2105 599.645 599.7841 599.7927 599.8077 599.8228 599.8379 599.853 599.8633 599.8676
599.219 599.196 599.162 599.1315 599.0965 599.052 599.008 598.9655 598.9085 598.8635 598.8265 598.793 598.7655 598.7419 598.723 598.7004 598.695 598.6935 598.696 598.6865 598.691 598.6906 598.6875 598.681 598.6745 598.662 598.644 598.622 598.5945 598.5655 598.533 598.495 598.4445 598.4065 598.3615 598.308 598.2595 598.2055 598.1495 598.0992 598.0555 598.011 597.9745 597.946 597.9215 597.914 597.9255 597.938 597.9835 598.0415 598.1135 598.2225 598.349 598.4695 598.691 598.8755 599.068 599.27 599.699 599.7644 599.7683 599.7834 599.7985 599.8041 599.8098
599.2605 599.241 599.215 599.179 599.145 599.107 599.0594 599.019 598.9665 598.921 598.8855 598.8545 598.828 598.804 598.7885 598.7755 598.7705 598.7695 598.7705 598.77 598.775 598.7625 598.765 598.755 598.7485 598.73 598.7061 598.694 598.664 598.6305 598.59 598.5485 598.503 598.454 598.3945 598.332 598.2745 598.2165 598.16 598.0895 598.0345 597.981 597.9377 597.9025 597.8705 597.8505 597.839 597.845 597.8685 597.9105 597.9635 598.055 598.141 598.254 598.4215 598.587 598.727 598.905 599.061 599.256 599.514 599.744 599.7431 599.745 599.7516
599.3195 599.3 599.273 599.2415 599.205 599.1695 599.1185 599.078 599.033 598.996 598.9635 598.934 598.9085 598.8855 598.872 598.8685 598.8685 598.8665 598.8675 598.87 598.8625 598.8555 598.8565 598.842 598.8335 598.8094 598.799 598.769 598.751 598.7135 598.669 598.622 598.558 598.511 598.4515 598.3865 598.327 598.255 598.1795 598.1145 598.047 597.9785 597.9295 597.8845 597.843 597.812 597.7935 597.7825 597.791 597.808 597.849 597.9041 597.983 598.086 598.1855 598.2995 598.4615 598.6015 598.734 598.858 598.972 599.051 599.1355 599.2314 599.483
599.3805 599.3615 599.334 599.305 599.2685 599.2335 599.1805 599.14 599.1045 599.08 599.0495 599.022 599.001 598.9815 598.969 598.9655 598.9765 598.974 598.974 598.9755 598.961 598.962 598.9615 598.9595 598.935 598.925 598.8935 598.879 598.841 598.8195 598.7729 598.7225 598.6675 598.6075 598.54 598.456 598.3875 598.319 598.229 598.158 598.0895 598.016 597.9585 597.9015 597.8465 597.8075 597.777 597.7544 597.75 597.757 597.7745 597.811 597.863 597.93 598.0275 598.131 598.2345 598.3555 598.452 598.5485 598.6495 598.751 598.823 598.8995 598.96
599.444 599.423 599.399 599.369 599.338 599.301 599.261 599.2215 599.1985 599.167 599.1385 599.1135 599.1065 599.09 599.078 599.0925 599.087 599.0854 599.0845 599.085 599.084 599.0835 599.081 599.0775 599.072 599.0375 599.024 599.01 598.966 598.9465 598.8965 598.844 598.787 598.7245 598.647 598.5755 598.482 598.412 598.326 598.233 598.1635 598.0745 598.0105 597.949 597.887 597.842 597.8 597.769 597.751 597.7385 597.7419 597.7585 597.7925 597.824 597.8945 597.9675 598.0695 598.13 598.2195 598.3275 598.387 598.4885 598.564 598.6255 598.693
599.5155 599.4955 599.473 599.4435 599.4155 599.3795 599.348 599.31 599.292 599.2645 599.239 599.225 599.2145 599.2135 599.202 599.2175 599.212 599.2305 599.2271 599.226 599.2235 599.22 599.2155 599.21 599.203 599.1906 599.1785 599.151 599.116 599.0925 599.0435 598.9865 598.9255 598.8645 598.7765 598.7035 598.6169 598.538 598.44 598.349 598.268 598.1844 598.104 598.032 597.9709 597.911 597.8635 597.8265 597.792 597.77 597.7555 597.7575 597.7643 597.7915 597.823 597.8645 597.925 597.9925 598.0715 598.133 598.205 598.273 598.3521 598.3975 598.471
599.5955 599.5795 599.5555 599.53 599.5015 599.469 599.44 599.4055 599.3995 599.368 599.3465 599.351 599.333 599.3475 599.347 599.355 599.365 599.3705 599.3865 599.3825 599.378 599.3865 599.393 599.3865 599.3775 599.3669 599.3545 599.304 599.2896 599.2665 599.2155 599.155 599.0935 599.0305 598.9365 598.861 598.7695 598.6795 598.576 598.486 598.401 598.318 598.2385 598.1535 598.0815 598.0275 597.9795 597.9245 597.885 597.8505 597.8165 597.809 597.796 597.798 597.8082 597.8355 597.8655 597.9075 597.9575 598.0165 598.065 598.126 598.1825 598.2325 598.2975
599.6785 599.6615 599.6495 599.627 599.5995 599.5715 599.5455 599.5145 599.5125 599.486 599.4835 599.4885 599.474 599.4915 599.4945 599.507 599.526 599.531 599.5495 599.5535 599.5465 599.5625 599.564 599.5545 599.544 599.5325 599.52 599.497 599.4825 599.4554 599.4095 599.3466 599.2825 599.2185 599.1365 599.049 598.9475 598.857 598.7585 598.673 598.5675 598.4875 598.3945 598.3265 598.2605 598.178 598.1235 598.076 598.027 597.9655 597.94 597.908 597.8825 597.8545 597.8545 597.8475 597.861 597.88 597.9045 597.9415 597.9705 598.0205 598.0605 598.1155 598.142
599.7635 599.746 599.745 599.724 599.703 599.6805 599.656 599.6325 599.634 599.6195 599.6185 599.62 599.631 599.65 599.6675 599.661 599.707 599.7745 599.766 599.8355 599.849 599.8925 599.883 599.926 599.916 599.9055 599.8945 599.8835 599.8725 599.861 599.753 599.6785 599.5385 599.437 599.365 599.262 599.187 599.0675 598.966 598.8765 598.776 598.676 598.579 598.5105 598.446 598.3705 598.3094 598.258 598.2345 598.155 598.12 598.075 598.0325 597.9785 597.948 597.9225 597.9065 597.8955 597.9055 597.9161 597.9395 597.959 597.9865 598.0205 598.0595
599.867 599.8521 599.8405 599.821 599.8156 599.798 599.777 599.765 599.762 599.7835 599.7735 599.824 599.8785 599.9325 599.9895 600.0305 600.097 600.126 600.119 600.1165 600.1136 600.1089 600.1043 600.0972 600.0923 600.0865 600.0765 600.0656 600.0511 600.0366 600.0197 599.9992 599.9788 599.962 599.785 599.614 599.453 599.324 599.219 599.1055 599.026 598.943 598.847 598.779 598.701 598.6305 598.5635 598.5095 598.4695 598.4135 598.3615 598.291 598.2355 598.1585 598.1105 598.0505 597.991 597.964 597.9525 597.9375 597.937 597.9413 597.955 597.968 597.995
600.029 600.0295 600.015 599.9985 599.9969 600.019 600.0025 600.0015 600.0275 600.0575 600.103 600.157 600.179 600.1798 600.1823 600.185 600.1865 600.1879 600.1852 600.1819 600.1775 600.1728 600.1682 600.1586 600.1537 600.1472 600.1372 600.1244 600.1099 600.0953 600.0771 600.0568 600.0353 600.0113 599.9852 599.9578 599.9308 599.812 599.6355 599.4091 599.2955 599.216 599.115 599.0635 599.0145 598.9365 598.9155 598.855 598.787 598.721 598.6555 598.586 598.457 598.405 598.309 598.194 598.137 598.0865 598.026 598.0015 597.9795 597.9575 597.9565 597.953 597.9595
600.25 600.279 600.268 600.2555 600.2465 600.258 600.2471 600.2426 600.2422 600.2418 600.2419 600.2452 600.2463 600.2493 600.2507 600.2534 600.2529 600.2542 600.2515 600.2474 600.2413 600.2366 600.2318 600.2199 600.215 600.2079 600.1967 600.1832 600.1686 600.1541 600.1347 600.1143 600.0916 600.0676 600.0403 600.0128 599.9861 599.96 599.9336 599.9096 599.89 599.808 599.6525 599.4945 599.4835 599.3245 599.315 599.1965 599.176 599.077 598.982 598.9041 598.796 598.7025 598.5385 598.442 598.3285 598.222 598.157 598.1025 598.05 598.0125 597.9885 597.9655 597.9604
600.369 600.3644 600.3599 600.3528 600.3415 600.3301 600.3254 600.3196 600.3192 600.3162 600.3137 600.317 600.3158 600.3187 600.3192 600.3218 600.3193 600.3204 600.3177 600.3128 600.3051 600.3005 600.2949 600.2813 600.2764 600.2687 600.257 600.2419 600.2274 600.2126 600.1922 600.1718 600.1479 600.1227 600.0953 600.0676 600.0415 600.0145 599.989 599.9644 599.9407 599.9214 599.903 599.886 599.872 599.8581 599.8449 599.8316 599.814 599.804 599.6985 599.3715 599.152 598.9965 598.8665 598.711 598.5229 598.432 598.32 598.2275 598.1505 598.1055 598.052 598.0155 597.9905
600.4501 600.4454 600.4409 600.4332 600.4209 600.4084 600.4037 600.3967 600.3962 600.3905 600.3854 600.3888 600.3852 600.3881 600.3876 600.3902 600.3858 600.3867 600.384 600.3782 600.369 600.3643 600.3552 600.3427 600.3378 600.3293 600.316 600.3007 600.2862 600.2701 600.2498 600.2283 600.2042 600.1777 600.1503 600.1227 600.0969 600.0684 600.0434 600.0193 599.996 599.976 599.9581 599.9407 599.9266 599.9111 599.8978 599.8845 599.8614 599.8315 599.8017 599.7842 599.7755 599.67 599.2535 598.9926 598.813 598.654 598.5065 598.3965 598.2805 598.222 598.132 598.0895 598.0485
600.5313 600.5264 600.5219 600.5139 600.5003 600.4867 600.482 600.4737 600.4733 600.4649 600.4572 600.4606 600.4547 600.4575 600.456 600.4586 600.4522 600.4529 600.4503 600.4437 600.4328 600.4281 600.4154 600.404 600.3991 600.3901 600.3731 600.3595 600.345 600.3277 600.3073 600.2845 600.2605 600.2327 600.2053 600.178 600.1517 600.1238 600.0983 600.0742 600.0513 600.0311 600.0129 599.9952 599.9812 599.9641 599.9507 599.9375 599.9099 599.88 599.8502 599.8203 599.7904 599.7629 599.7542 599.4595 599.0885 598.8935 598.743 598.5575 598.4505 598.353 598.2475 598.192 598.125
600.6125 600.6074 600.6029 600.5939 600.5797 600.565 600.5603 600.5507 600.5503 600.5393 600.5294 600.5323 600.525 600.527 600.5244 600.527 600.5186 600.5192 600.5152 600.5092 600.4966 600.4919 600.4755 600.4653 600.4604 600.4508 600.4317 600.4183 600.4037 600.3852 600.3648 600.3409 600.3156 600.2877 600.2598 600.2335 600.206 600.1792 600.1533 600.128 600.1065 600.0862 600.0638 600.0499 600.0356 600.017 600.0037 599.9882 599.9584 599.9285 599.8986 599.8688 599.8389 599.809 599.7792 599.7493 599.732 599.1605 598.9225 598.775 598.646 598.5125 598.4135 598.3395 598.2365
600.6937 600.6884 600.6839 600.6733 600.6589 600.6433 600.6386 600.6277 600.6273 600.6137 600.6032 600.6041 600.5965 600.5964 600.5928 600.5955 600.5851 600.5854 600.5793 600.5746 600.5604 600.5558 600.5357 600.5267 600.5215 600.5114 600.4911 600.4771 600.4625 600.4427 600.4223 600.3972 600.3702 600.3427 600.3146 600.2888 600.2587 600.2324 600.2075 600.181 600.1617 600.1412 600.1185 600.1044 600.0848 600.0699 600.0566 600.0367 600.0068 599.977 599.9471 599.9173 599.8874 599.8575 599.8277 599.7978 599.7639 599.7211 599.22 599.012 598.8615 598.7075 598.591 598.502 598.4065
600.7748 600.7693 600.7649 600.7529 600.7381 600.7216 600.7169 600.7048 600.7029 600.688 600.6771 600.6758 600.668 600.6658 600.6612 600.6639 600.6515 600.6517 600.6434 600.64 600.6243 600.6196 600.5958 600.588 600.5823 600.5683 600.5504 600.5358 600.5207 600.5002 600.4775 600.4534 600.4252 600.3978 600.37 600.3434 600.314 600.2871 600.2624 600.2363 600.2142 600.1963 600.173 600.159 600.1358 600.1229 600.1096 600.0852 600.0554 600.0255 599.9956 599.9658 599.9359 599.906 599.8762 599.8463 599.8047 599.7634 599.7206 599.42 599.0775 598.9315 598.796 598.6695 598.5955
600.856 600.8503 600.8459 600.8323 600.8173 600.7999 600.7952 600.7817 600.7784 600.7625 600.751 600.7476 600.7396 600.7353 600.7296 600.7322 600.718 600.718 600.7076 600.7036 600.6881 600.6834 600.6559 600.6494 600.643 600.6285 600.6091 600.5946 600.5782 600.5577 600.5338 600.5085 600.4802 600.452 600.4254 600.3969 600.3694 600.342 600.3169 600.2916 600.2693 600.2488 600.2277 600.2136 600.1891 600.1758 600.1625 600.1337 600.1038 600.074 600.0441 600.0142 599.9844 599.9545 599.9247 599.8887 599.8474 599.8053 599.7617 599.7166 599.617 599.248 599.0505 598.884 598.819
600.9372 600.9314 600.9269 600.9119 600.8965 600.8782 600.8735 600.8588 600.8539 600.8369 600.8249 600.8194 600.8111 600.8047 600.798 600.8007 600.7844 600.7842 600.773 600.7659 600.752 600.7466 600.7161 600.7108 600.7037 600.688 600.6679 600.6534 600.6357 600.6153 600.5901 600.5627 600.5352 600.5065 600.4805 600.4495 600.4226 600.3959 600.369 600.3469 600.3243 600.2993 600.2822 600.2659 600.242 600.2287 600.212 600.1822 600.1523 600.1224 600.0926 600.0627 600.0329 600.003 599.9727 599.9296 599.8896 599.8466 599.8019 599.7568 599.7219 599.688 599.556 599.311 599.094
601.0184 601.0124 601.0079 600.9914 600.9756 600.9565 600.9518 600.9358 600.9294 600.9112 600.8988 600.8912 600.8826 600.8741 600.8664 600.8691 600.8508 600.8505 600.8384 600.8282 600.8157 600.8071 600.777 600.7721 600.7644 600.7452 600.7267 600.7122 600.6932 600.671 600.6464 600.6177 600.5902 600.5619 600.5351 600.5042 600.4758 600.4507 600.4213 600.4003 600.3795 600.3509 600.3369 600.3152 600.2949 600.2816 600.2606 600.2307 600.2008 600.171 600.1411 600.1112 600.0814 600.0515 600.0135 599.9736 599.9313 599.8873 599.8421 599.8037 599.7699 599.7359 599.7032 599.6763 599.6524
601.0995 601.0934 601.0889 601.0709 601.0551 601.0349 601.0302 601.0128 601.0049 600.9856 600.9727 600.963 600.9542 600.9436 600.9348 600.9375 600.9172 600.9167 600.9039 600.8906 600.8796 600.8674 600.8383 600.8334 600.8251 600.8024 600.7855 600.7709 600.7507 600.7267 600.7016 600.6727 600.6442 600.6172 600.5877 600.5596 600.5308 600.5055 600.4766 600.4524 600.4338 600.4055 600.3914 600.3645 600.3478 600.3345 600.309 600.2792 600.2493 600.2194 600.1896 600.1597 600.1298 600.0975 600.0571 600.0159 599.9725 599.9274 599.886 599.8516 599.8178 599.7838 599.7538 599.7263 599.7035
601.1807 601.1744 601.1699 601.1504 601.1346 601.1132 601.1085 601.0898 601.0804 601.06 601.0466 601.0347 601.0257 601.013 601.0032 601.0059 600.9836 600.983 600.9693 600.9529 600.9434 600.9276 600.8997 600.8948 600.8852 600.8595 600.8442 600.8287 600.8083 600.783 600.7556 600.7277 600.6984 600.6722 600.6403 600.6128 600.5853 600.5579 600.5319 600.5074 600.4847 600.46 600.446 600.4138 600.4008 600.3874 600.3575 600.3276 600.2978 600.2679 600.238 600.2082 600.1783 600.1384 600.1 600.0573 600.0128 599.9679 599.9333 599.8997 599.8657 599.8314 599.8046 599.7774 599.7546
601.2619 601.2554 601.2509 601.2299 601.2141 601.1915 601.1868 601.1669 601.1559 601.1344 601.1204 601.1064 601.0972 601.0825 601.0717 601.0743 601.0501 601.0493 601.0347 601.0153 601.0073 600.9879 600.9611 600.9562 600.9421 600.9166 600.903 600.8862 600.8653 600.8394 600.8102 600.7827 600.7538 600.7261 600.6943 600.6655 600.6389 600.6099 600.5872 600.5626 600.5351 600.5146 600.4962 600.467 600.4537 600.4359 600.406 600.3762 600.3463 600.3164 600.2866 600.2567 600.2224 600.184 600.142 600.0981 600.053 600.0156 599.9811 599.9476 599.9136 599.8821 599.8537 599.8285 599.8032
601.3431 601.3364 601.3309 601.3094 601.2936 601.2701 601.2651 601.2439 601.2314 601.2087 601.1943 601.1782 601.1688 601.1519 601.1405 601.1414 601.1165 601.1155 601.1002 601.0776 601.0711 601.0481 601.0224 601.0173 601.0001 600.976 600.9618 600.9437 600.9197 600.8947 600.8652 600.8365 600.8091 600.7786 600.7498 600.7195 600.6938 600.6619 600.6389 600.6176 600.5855 600.5692 600.5455 600.5199 600.5067 600.4844 600.4545 600.4246 600.3948 600.3649 600.335 600.3052 600.2641 600.2263 600.1832 600.1383 600.0978 600.0629 600.0294 599.9955 599.9612 599.9329 599.9024 599.8796 599.8546
