samples/sfe_25/sfe_25_v1/sfe_25_v1/sfe_25_v1.asc
ncols         253
nrows         137
xllcorner     79
yllcorner     53
cellsize      1
NODATA_value  -9999
[rows 84 to 111 of 137, columns 130 to 194 of 253]
601.4243 601.4174 601.4113 601.3889 601.3731 601.3489 601.3431 601.3209 601.3069 601.2831 601.2682 601.25 601.2403 601.2213 601.2097 601.208 601.1829 601.1818 601.1656 601.14 601.1349 601.1083 601.0837 601.078 601.0601 601.0351 601.0206 601.0013 600.976 600.9485 600.9202 600.8903 600.864 600.8311 600.803 600.7745 600.7468 600.717 600.6906 600.6697 600.6379 600.6238 600.5948 600.5729 600.5596 600.5328 600.503 600.4731 600.4432 600.4134 600.3835 600.3472 600.3102 600.2679 600.2236 600.1797 600.1453 600.1108 600.0775 600.0435 600.0104 599.9827 599.9535 599.9307 599.9065
601.5054 601.4984 601.4911 601.4684 601.4521 601.4277 601.4201 601.3979 601.3824 601.3575 601.3422 601.3218 601.3118 601.2907 601.2789 601.2747 601.2494 601.2468 601.2311 601.2034 601.1984 601.1685 601.1451 601.1387 601.1172 601.0939 601.0792 601.0588 601.0323 601.0027 600.975 600.9457 600.9169 600.8845 600.8557 600.8275 600.7988 600.7723 600.7457 600.7206 600.6924 600.6774 600.6442 600.6258 600.6112 600.5814 600.5515 600.5216 600.4918 600.4619 600.4312 600.3915 600.3525 600.3089 600.2638 600.228 600.1926 600.1591 600.1253 600.0909 600.0612 600.0298 600.0046 599.9774 599.9584
601.5866 601.5793 601.5706 601.5479 601.5309 601.5065 601.4971 601.4749 601.4579 601.4319 601.4161 601.3936 601.3834 601.3602 601.348 601.3414 601.3158 601.3109 601.2965 601.2672 601.259 601.2286 601.2065 601.1994 601.1744 601.1526 601.1367 601.1138 601.0877 601.0577 601.0287 601.0011 600.9694 600.94 600.9083 600.8821 600.8508 600.8265 600.8007 600.771 600.7471 600.7266 600.6935 600.6787 600.6597 600.6298 600.6 600.5701 600.5402 600.5104 600.472 600.4365 600.3939 600.3491 600.3096 600.275 600.2404 600.2073 600.1733 600.1387 600.1117 600.0785 600.0557 600.0272 600.0063
601.668 601.6603 601.6501 601.6274 601.6097 601.5853 601.5742 601.5519 601.5333 601.5063 601.4901 601.4653 601.4549 601.4296 601.4172 601.4081 601.3823 601.3749 601.3591 601.3311 601.3192 601.2887 601.2678 601.2591 601.2316 601.2114 601.1943 601.1689 601.1416 601.1127 601.0823 601.0553 601.0219 600.9932 600.9633 600.9357 600.9029 600.8775 600.8547 600.8214 600.8016 600.7759 600.7449 600.7316 600.7082 600.6783 600.6484 600.6186 600.5887 600.556 600.5189 600.4786 600.4344 600.3915 600.3577 600.3222 600.2888 600.2551 600.2206 600.1895 600.1588 600.1296 600.105 600.0791 600.0506
601.7496 601.7413 601.7296 601.7069 601.6885 601.6641 601.6512 601.629 601.6088 601.5812 601.564 601.5371 601.5264 601.499 601.4864 601.4747 601.4487 601.439 601.4214 601.3949 601.3795 601.3488 601.3292 601.316 601.2887 601.2702 601.2518 601.2252 601.1955 601.1672 601.1376 601.1078 601.0751 601.0458 601.0168 600.9877 600.9573 600.9288 600.9056 600.8717 600.8562 600.8252 600.7979 600.7845 600.7567 600.7268 600.697 600.6671 600.6372 600.5986 600.5629 600.5198 600.4746 600.4399 600.4047 600.3701 600.3371 600.3031 600.2681 600.2401 600.2059 600.1807 600.1517 600.1309 600.0948
601.832 601.8224 601.8091 601.7864 601.7673 601.7429 601.7281 601.706 601.6843 601.6567 601.6379 601.6104 601.5979 601.5696 601.5555 601.5414 601.5151 601.5031 601.4837 601.4587 601.4398 601.409 601.3905 601.3729 601.3458 601.329 601.3081 601.2808 601.2502 601.2209 601.1928 601.1602 601.1302 601.0985 601.0703 601.0397 601.0126 600.9839 600.9565 600.9249 600.9077 600.8745 600.8508 600.835 600.8052 600.7753 600.7454 600.7156 600.6808 600.6463 600.6046 600.5599 600.5213 600.4874 600.4518 600.4184 600.3849 600.3503 600.3177 600.2878 600.2546 600.2319 600.1998 600.1785 600.1391
601.9146 601.9035 601.8886 601.8659 601.8461 601.8217 601.8052 601.783 601.7598 601.7322 601.7118 601.6843 601.6694 601.6411 601.6247 601.6081 601.5815 601.5671 601.5461 601.5225 601.5 601.4691 601.4519 601.4319 601.403 601.3873 601.3624 601.3347 601.3052 601.2746 601.2462 601.2127 601.1834 601.152 601.1246 601.0918 601.0651 601.0389 601.0069 600.9794 600.9568 600.9238 600.9037 600.8835 600.8536 600.8238 600.7939 600.764 600.726 600.6891 600.6453 600.6032 600.5701 600.5345 600.4997 600.4669 600.4329 600.398 600.3684 600.3349 600.3057 600.2792 600.2516 600.2228 600.1833
601.9965 601.9846 601.9681 601.9454 601.9249 601.9005 601.8822 601.86 601.8353 601.8077 601.7858 601.7582 601.741 601.7126 601.6939 601.6748 601.6479 601.6312 601.6084 601.5864 601.5603 601.5292 601.513 601.4893 601.4608 601.4448 601.4182 601.3885 601.3595 601.3295 601.2986 601.2659 601.236 601.2062 601.1766 601.1438 601.1161 601.0907 601.0573 601.0341 601.0062 600.9731 600.9567 600.932 600.9022 600.8723 600.8424 600.8056 600.7731 600.7305 600.6857 600.6516 600.617 600.5815 600.5481 600.5148 600.4802 600.446 600.4168 600.382 600.3569 600.3259 600.3035 600.267 600.2276
602.0783 602.0657 602.0476 602.0249 602.0037 601.9793 601.9592 601.937 601.9108 601.8832 601.8597 601.832 601.8125 601.7842 601.7631 601.7415 601.7144 601.6953 601.6707 601.6501 601.6205 601.5894 601.5737 601.5464 601.5198 601.5023 601.4738 601.4427 601.4131 601.3845 601.3511 601.3204 601.2887 601.2591 601.2287 601.1977 601.1672 601.1416 601.1076 601.0886 601.0555 601.0226 601.0096 600.9805 600.9506 600.9208 600.8896 600.8533 600.8152 600.7708 600.733 600.6998 600.6642 600.6293 600.5966 600.5627 600.5278 600.4967 600.4639 600.4307 600.4068 600.3726 600.3507 600.3113 600.2719
602.1603 602.1468 602.1271 602.1044 602.0824 602.0581 602.0363 602.0139 601.9863 601.9587 601.9336 601.9059 601.884 601.8557 601.8322 601.8082 601.7808 601.7593 601.733 601.7109 601.6808 601.6495 601.6329 601.6036 601.5786 601.5567 601.5277 601.4977 601.4668 601.437 601.4036 601.3736 601.3414 601.3134 601.2807 601.2526 601.222 601.1924 601.158 601.1379 601.1049 601.0758 601.0588 601.029 600.9991 600.9692 600.933 600.8994 600.8561 600.815 600.782 600.7466 600.7113 600.6777 600.6446 600.6099 600.575 600.5458 600.511 600.4818 600.4535 600.4243 600.395 600.3555 600.3161
602.2427 602.2279 602.2066 602.184 602.1612 602.1369 602.1133 602.0894 602.0618 602.0342 602.0075 601.9799 601.9556 601.9272 601.9014 601.8748 601.8471 601.8234 601.7954 601.7711 601.7411 601.7096 601.6899 601.6608 601.6374 601.6111 601.5816 601.5517 601.5214 601.4894 601.4567 601.4262 601.3956 601.3655 601.3328 601.3037 601.2757 601.2428 601.2119 601.1872 601.1542 601.1287 601.1074 601.0775 601.0476 601.0144 600.9808 600.9412 600.8975 600.8633 600.8294 600.794 600.7589 600.7263 600.6925 600.6575 600.625 600.593 600.5581 600.533 600.5002 600.4761 600.4392 600.3998 600.3604
602.2698 602.2528 602.2355 602.2177 602.2001 602.183 602.1654 602.1473 602.129 602.1097 602.0814 602.0537 602.0271 601.9988 601.9706 601.9415 601.9133 601.8876 601.8577 601.8314 601.8012 601.7698 601.7468 601.7179 601.6953 601.6668 601.6355 601.6054 601.5754 601.5419 601.5106 601.4789 601.4484 601.4176 601.3848 601.3547 601.3266 601.2932 601.2664 601.2365 601.2035 601.1816 601.1558 601.126 601.0961 601.0604 601.0258 600.9816 600.9448 600.9122 600.8763 600.8411 600.8074 600.7744 600.7397 600.7048 600.6749 600.64 600.6068 600.5811 600.5469 600.5229 600.4835 600.444 600.4046
602.2936 602.2767 602.2598 602.2419 602.2248 602.2076 602.1902 602.1721 602.1531 602.1342 602.114 602.0937 602.0736 602.054 602.0398 602.0082 601.9783 601.9521 601.92 601.8917 601.8614 601.8299 601.8038 601.775 601.751 601.7207 601.6902 601.6591 601.6278 601.5944 601.5638 601.5316 601.5017 601.4696 601.438 601.4058 601.3775 601.3435 601.3193 601.2858 601.2528 601.2342 601.2043 601.1744 601.1401 601.1082 601.067 601.0268 600.9937 600.959 600.9237 600.8885 600.8559 600.8223 600.7872 600.7533 600.7219 600.6871 600.658 600.6277 600.5969 600.5671 600.5277 600.4883 600.4489
602.3176 602.3007 602.2841 602.2662 602.2494 602.2322 602.215 602.1971 602.178 602.1593 602.1391 602.1193 602.0991 602.0801 602.0609 602.0404 602.0208 601.9995 601.9824 601.9519 601.9215 601.89 601.8614 601.8322 601.8053 601.7747 601.744 601.7134 601.6803 601.6475 601.6165 601.5844 601.5544 601.5217 601.4913 601.4603 601.4283 601.3939 601.3682 601.3352 601.3021 601.2827 601.2528 601.223 601.1878 601.1519 601.1093 601.0751 601.0418 601.0059 600.9709 600.9371 600.9042 600.8695 600.8348 600.8038 600.769 600.7343 600.7086 600.6744 600.6487 600.6114 600.572 600.5325 600.4931
602.3415 602.3246 602.3084 602.2905 602.274 602.2568 602.2399 602.222 602.2029 602.1844 602.1641 602.1448 602.1247 602.1062 602.087 602.0663 602.0476 602.026 602.0051 601.9845 601.9627 601.943 601.9185 601.8893 601.8599 601.8286 601.7976 601.7662 601.7328 601.7007 601.6691 601.6378 601.6065 601.5737 601.5423 601.5117 601.4786 601.4443 601.4175 601.3845 601.3537 601.3312 601.3013 601.2675 601.2355 601.1924 601.1565 601.124 601.0887 601.0535 601.0182 600.9855 600.9521 600.9169 600.8817 600.851 600.8162 600.783 600.7553 600.7211 600.6951 600.6556 600.6162 600.5768 600.5374
602.3654 602.3488 602.3327 602.3148 602.2986 602.2814 602.2646 602.2469 602.2284 602.2095 602.1892 602.1703 602.1503 602.1323 602.1132 602.0928 602.0742 602.0526 602.0319 602.0118 601.9898 601.9683 601.946 601.9247 601.9036 601.8825 601.8513 601.8187 601.7853 601.754 601.7217 601.6906 601.6585 601.6257 601.5933 601.5626 601.5291 601.4988 601.4669 601.4338 601.4066 601.3796 601.348 601.3152 601.2778 601.2385 601.2054 601.1714 601.1356 601.1007 601.0667 601.0341 600.9993 600.9647 600.9323 600.8981 600.8632 600.834 600.802 600.7695 600.7393 600.6999 600.6605 600.621 600.5816
602.3893 602.3732 602.357 602.3391 602.3232 602.306 602.2895 602.2717 602.2539 602.2347 602.2143 602.1959 602.1758 602.1584 602.1393 602.1193 602.1006 602.079 602.0588 602.0389 602.0168 601.9958 601.9736 601.9531 601.9317 601.9092 601.8849 601.861 601.8384 601.8066 601.7744 601.7433 601.7106 601.6784 601.6443 601.6135 601.5794 601.5496 601.5162 601.4832 601.458 601.4282 601.3948 601.3623 601.321 601.2868 601.2542 601.2183 601.1832 601.1479 601.1152 601.082 601.0466 601.0117 600.98 600.9451 600.9103 600.8829 600.8487 600.8214 600.7836 600.7441 600.7047 600.6653 600.6259
602.4133 602.3975 602.3813 602.3634 602.3478 602.3307 602.3143 602.2966 602.279 602.2603 602.2406 602.2215 602.2026 602.1846 602.1657 602.1458 602.1272 602.1056 602.0857 602.066 602.0439 602.0234 602.0012 601.9814 601.9598 601.9376 601.9132 601.8902 601.8669 601.8434 601.823 601.7954 601.7626 601.7299 601.6967 601.6642 601.6298 601.5986 601.5655 601.5325 601.5065 601.4745 601.4426 601.4036 601.3682 601.3358 601.3011 601.2652 601.2305 601.1964 601.1637 601.1291 601.0945 601.0605 601.027 600.9922 600.959 600.9296 600.8954 600.8672 600.8278 600.7884 600.749 600.7095 600.6701
602.4371 602.4219 602.4056 602.3877 602.3725 602.3557 602.3391 602.3215 602.3041 602.2854 602.2669 602.247 602.2294 602.2107 602.1917 602.1722 602.1537 602.1321 602.1126 602.0931 602.0729 602.051 602.0299 602.0098 601.988 601.9659 601.9415 601.9197 601.8962 601.873 601.8482 601.824 601.8002 601.7809 601.7476 601.7145 601.6801 601.6479 601.6149 601.5818 601.555 601.5223 601.4885 601.4503 601.4171 601.3839 601.348 601.313 601.2775 601.2449 601.2118 601.1763 601.1416 601.1089 601.0742 601.0394 601.0102 600.9763 600.9421 600.9115 600.8721 600.8326 600.7932 600.7538 600.7144
602.4611 602.4464 602.4299 602.412 602.3971 602.3809 602.364 602.3463 602.3293 602.3104 602.2927 602.2726 602.256 602.2368 602.2176 602.1987 602.1802 602.16 602.1395 602.1202 602.1006 602.0785 602.0591 602.0381 602.0169 601.9941 601.9698 601.949 601.9255 601.9027 601.8779 601.8549 601.8312 601.8073 601.7813 601.761 601.7309 601.6972 601.6642 601.6317 601.6019 601.57 601.5328 601.4985 601.4661 601.4308 601.3949 601.3603 601.326 601.2934 601.2589 601.2241 601.1888 601.1561 601.1213 601.0865 601.0571 601.0229 600.994 600.9557 600.9163 600.8769 600.8375 600.798 600.7482
602.485 602.4708 602.4542 602.4363 602.4217 602.4061 602.3887 602.3712 602.3544 602.3355 602.3182 602.2981 602.2822 602.2629 602.2435 602.2251 602.2067 602.1869 602.1664 602.1472 602.1282 602.1061 602.0875 602.0665 602.0453 602.0225 601.9999 601.9782 601.9547 601.9324 601.9075 601.8858 601.8623 601.8383 601.8123 601.7874 601.7615 601.7356 601.7135 601.6816 601.6497 601.6154 601.5799 601.5475 601.5135 601.4776 601.4427 601.4072 601.3745 601.3416 601.306 601.2715 601.238 601.2032 601.1683 601.1352 601.1038 601.0696 601.0394 601 600.9606 600.9211 600.8817 600.8334 600.782
602.5089 602.4952 602.4785 602.461 602.4464 602.4312 602.4136 602.3961 602.3795 602.3606 602.3438 602.3237 602.3083 602.2891 602.2695 602.2518 602.2333 602.2138 602.1942 602.1743 602.1558 602.134 602.1158 602.0952 602.0736 602.0507 602.0301 602.0075 601.984 601.962 601.9371 601.9174 601.8933 601.8694 601.8433 601.8197 601.7938 601.7678 601.743 601.7175 601.6974 601.6621 601.6288 601.5963 601.5604 601.5247 601.4901 601.4557 601.423 601.3887 601.3538 601.3185 601.2851 601.2502 601.2155 601.1847 601.1505 601.1163 601.0837 601.0443 601.0048 600.9654 600.9186 600.8683 600.8297
602.5328 602.5196 602.5027 602.4858 602.4709 602.4564 602.4384 602.4209 602.4047 602.3856 602.3693 602.3492 602.3344 602.3152 602.2955 602.2795 602.2598 602.2407 602.2228 602.2014 602.1833 602.1616 602.1442 602.1233 602.1026 602.079 602.0593 602.0368 602.0159 601.9917 601.9683 601.9485 601.9244 601.9004 601.8743 601.852 601.826 601.8005 601.7769 601.7513 601.7241 601.6951 601.676 601.6432 601.6072 601.5725 601.5369 601.5042 601.4714 601.4356 601.4014 601.367 601.3322 601.2974 601.2626 601.2314 601.1972 601.1666 601.128 601.0885 601.0491 601.0038 600.9545 600.9159 600.8789
602.5568 602.544 602.527 602.5107 602.4955 602.4813 602.4632 602.4458 602.4297 602.4107 602.3949 602.3748 602.3605 602.3413 602.3228 602.3072 602.2863 602.2676 602.2505 602.2285 602.2109 602.1892 602.1725 602.1514 602.1317 602.1073 602.0885 602.0661 602.0462 602.0214 602.0013 601.9795 601.9554 601.9314 601.9059 601.8843 601.8583 601.8328 601.8107 601.7852 601.7573 601.7288 601.7034 601.6755 601.652 601.6199 601.5853 601.5527 601.5185 601.4835 601.4484 601.4141 601.3793 601.3445 601.3113 601.2781 601.2439 601.2117 601.1722 601.1328 601.0891 601.0408 601.0022 600.9652 600.9272
602.5806 602.5684 602.5514 602.5356 602.5202 602.5061 602.488 602.4706 602.4549 602.4357 602.4205 602.4003 602.3866 602.3674 602.35 602.3345 602.3129 602.2945 602.2776 602.257 602.2385 602.218 602.2009 602.1799 602.16 602.1356 602.1183 602.0953 602.0759 602.051 602.0329 602.0105 601.9874 601.9624 601.9407 601.9166 601.8906 601.8684 601.8445 601.819 601.7919 601.7654 601.7388 601.7104 601.6838 601.6565 601.629 601.6012 601.5654 601.5314 601.496 601.4612 601.4264 601.3916 601.3589 601.3248 601.2906 601.2559 601.2165 601.1743 601.1271 601.0884 601.0515 601.0136 600.9699
602.6046 602.5928 602.5757 602.5604 602.5448 602.5309 602.5133 602.4959 602.48 602.4609 602.446 602.4271 602.4127 602.3943 602.3765 602.361 602.3394 602.3214 602.3047 602.2861 602.2661 602.2477 602.2292 602.2097 602.1883 602.166 602.1481 602.1246 602.1055 602.0807 602.0638 602.0416 602.0194 601.9934 601.9747 601.9488 601.9229 601.9039 601.8783 601.8526 601.8256 601.8009 601.7743 601.7458 601.7206 601.6935 601.6636 601.6335 601.606 601.5783 601.5431 601.5083 601.4735 601.4387 601.4056 601.3715 601.3391 601.3002 601.2595 601.2134 601.1747 601.1378 601.0999 601.0596 601.0125
602.6285 602.6172 602.6 602.5853 602.5694 602.5558 602.5388 602.5217 602.5051 602.4872 602.4716 602.4539 602.4388 602.4207 602.403 602.3875 602.3674 602.3483 602.3318 602.3151 602.2936 602.2774 602.2576 602.2381 602.2166 602.1971 602.1774 602.1542 602.1352 602.1104 602.0946 602.0726 602.0504 602.0244 602.007 601.9811 601.9563 601.9377 601.9122 601.8857 601.8593 601.8364 601.8102 601.7847 601.7574 601.7303 601.7012 601.6715 601.6429 601.6118 601.583 601.5554 601.5206 601.4865 601.4523 601.4182 601.3839 601.3444 601.2996 601.261 601.2242 601.1862 601.1483 601.1008 601.0614
602.6524 602.6416 602.6243 602.6102 602.5941 602.5806 602.5643 602.5474 602.5305 602.5135 602.4971 602.4807 602.465 602.4467 602.4294 602.414 602.3956 602.3756 602.3588 602.3433 602.322 602.3069 602.2863 602.2664 602.2449 602.2283 602.2067 602.1863 602.1649 602.1432 602.1269 602.1036 602.0815 602.0554 602.0393 602.0134 601.9887 601.9715 601.946 601.9189 601.8929 601.8718 601.8452 601.8215 601.7943 601.768 601.7396 601.7101 601.6815 601.6515 601.6205 601.5904 601.56 601.5332 601.499 601.4648 601.4281 601.3859 601.3473 601.3105 601.2725 601.2346 601.1893 601.1498 601.1126
