samples/sfe_322/sfe_322_r3/sfe_322_r3/sfe_322_r3.asc
ncols         299
nrows         166
xllcorner     73.39999999851
yllcorner     65.60000000149
cellsize      1
NODATA_value  -9999
[rows 84 to 111 of 166, columns 128 to 191 of 299]
607.9911 608.1009 608.2322 608.3526 608.4678 608.5767 608.6855 608.7844 608.8201 608.8179 608.8156 608.8133 608.811 608.8088 608.8065 608.8043 608.802 608.7997 608.7975 608.7952 608.793 608.7907 608.7885 608.7862 608.7839 608.7816 608.7794 608.7771 608.7748 608.7726 608.7703 608.7684 608.7665 608.7646 608.7615 608.7101 608.6082 608.5079 608.3956 608.2613 608.1487 608.0229 607.889 607.7619 607.643 607.5092 607.3618 607.2137 607.0713 606.9194 606.7852 606.6381 606.4794 606.318 606.1592 605.9941 605.8298 605.6866 605.521 605.3549 605.1847 605.0052 604.8287 604.6621
608.2618 608.3756 608.4984 608.6266 608.7419 608.8265 608.8271 608.826 608.8241 608.8222 608.8203 608.8184 608.8165 608.8146 608.8127 608.8109 608.809 608.8071 608.8052 608.8033 608.8015 608.7996 608.7977 608.7958 608.7939 608.792 608.7901 608.7882 608.7863 608.7844 608.7825 608.7807 608.7788 608.7769 608.7733 608.7675 608.7607 608.7555 608.6611 608.5366 608.4201 608.2867 608.1528 608.0364 607.9079 607.7689 607.6149 607.4786 607.3253 607.1843 607.0476 606.8892 606.7304 606.5682 606.4083 606.2416 606.0865 605.9337 605.7677 605.6016 605.4223 605.2428 605.0762 604.9095
608.5275 608.6516 608.7651 608.8303 608.8334 608.8361 608.8387 608.8383 608.8364 608.8345 608.8326 608.8307 608.8289 608.827 608.8251 608.8232 608.8213 608.8194 608.8175 608.8156 608.8138 608.8119 608.81 608.8081 608.8062 608.8043 608.8024 608.8005 608.7986 608.7968 608.7949 608.793 608.7911 608.7892 608.785 608.779 608.7723 608.7656 608.7589 608.7523 608.6841 608.5502 608.4227 608.3074 608.1735 608.0221 607.878 607.7328 607.5835 607.4495 607.2988 607.1401 606.9776 606.8225 606.6558 606.4937 606.3463 606.1805 606.0144 605.8394 605.6599 605.4902 605.3236 605.1572
608.7944 608.8354 608.8386 608.8417 608.8449 608.8476 608.8502 608.8506 608.8487 608.8469 608.845 608.8431 608.8412 608.8393 608.8374 608.8355 608.8336 608.8317 608.8298 608.8279 608.826 608.8242 608.8223 608.8204 608.8185 608.8167 608.8148 608.8129 608.811 608.8091 608.8072 608.8053 608.8034 608.8015 608.7968 608.7906 608.7839 608.7772 608.7704 608.7638 608.7567 608.749 608.6971 608.5723 608.4292 608.2775 608.1403 607.9869 607.8485 607.7085 607.5498 607.3905 607.2322 607.07 606.9033 606.7507 606.5933 606.4272 606.2565 606.077 605.9043 605.7377 605.571 605.405
608.843 608.8469 608.8501 608.8532 608.8564 608.8591 608.8618 608.8629 608.861 608.8591 608.8572 608.8554 608.8535 608.8516 608.8497 608.8478 608.8459 608.8441 608.8422 608.8403 608.8384 608.8365 608.8346 608.8327 608.8308 608.829 608.8271 608.8252 608.8233 608.8214 608.8195 608.8176 608.8157 608.8138 608.8085 608.8022 608.7955 608.7888 608.782 608.7753 608.7682 608.7604 608.7527 608.7449 608.6824 608.5422 608.3944 608.2476 608.1136 607.9595 607.8008 607.6412 607.4843 607.3176 607.1576 607.006 606.8401 606.6736 606.4941 606.3184 606.1517 605.9851 605.8188 605.6439
608.8542 608.8584 608.8616 608.8647 608.8679 608.8707 608.8732 608.8752 608.8734 608.8715 608.8696 608.8677 608.8658 608.8639 608.8621 608.8602 608.8583 608.8564 608.8545 608.8526 608.8507 608.8488 608.8469 608.845 608.8431 608.8412 608.8394 608.8375 608.8356 608.8337 608.8318 608.83 608.8281 608.8259 608.8203 608.8137 608.807 608.8004 608.7936 608.7869 608.7797 608.7719 608.7642 608.7565 608.7487 608.741 608.6484 608.5127 608.3693 608.2105 608.0502 607.8963 607.7318 607.567 607.4148 607.2529 607.0868 606.9113 606.7324 606.5658 606.3992 606.2327 606.0609 605.8815
608.8658 608.8698 608.873 608.8762 608.8793 608.8822 608.8848 608.8873 608.8857 608.8838 608.8819 608.88 608.8781 608.8762 608.8743 608.8724 608.8706 608.8687 608.8668 608.8649 608.863 608.8611 608.8593 608.8574 608.8555 608.8536 608.8517 608.8498 608.8479 608.8461 608.8442 608.8423 608.8404 608.8376 608.832 608.8253 608.8186 608.8119 608.8052 608.7989 608.7911 608.7834 608.7757 608.7679 608.7603 608.7522 608.7441 608.7377 608.6202 608.4615 608.3053 608.146 607.9793 607.8215 607.6657 607.4996 607.3283 607.1489 606.9799 606.8132 606.6466 606.4779 606.2985 606.119
608.8772 608.881 608.8845 608.8876 608.8908 608.8939 608.8963 608.8989 608.898 608.8961 608.8942 608.8923 608.8904 608.8885 608.8867 608.8848 608.8829 608.881 608.8792 608.8773 608.8754 608.8735 608.8716 608.8697 608.8678 608.8659 608.864 608.8621 608.8602 608.8583 608.8564 608.8546 608.8527 608.8494 608.8436 608.8369 608.8302 608.8235 608.8168 608.8104 608.8027 608.7949 608.7872 608.7795 608.7719 608.7638 608.7557 608.7476 608.7392 608.7143 608.5602 608.3935 608.2308 608.0784 607.9124 607.7454 607.5659 607.3939 607.2273 607.0607 606.8943 606.7155 606.5361 606.3566
608.8884 608.8922 608.8959 608.8991 608.9023 608.9054 608.9078 608.9104 608.9103 608.9084 608.9066 608.9047 608.9028 608.9009 608.899 608.8971 608.8952 608.8933 608.8914 608.8895 608.8876 608.8858 608.8839 608.882 608.8801 608.8782 608.8763 608.8745 608.8726 608.8707 608.8688 608.8669 608.865 608.8611 608.8552 608.8484 608.8417 608.835 608.8284 608.8219 608.8141 608.8064 608.7986 608.7916 608.7835 608.7754 608.7673 608.7594 608.7509 608.7424 608.7334 608.6411 608.4854 608.3252 608.1591 607.983 607.808 607.6414 607.4747 607.3082 607.1325 606.9531 606.7736 606.5908
608.8995 608.9036 608.9074 608.9106 608.9138 608.9169 608.9193 608.9219 608.9226 608.9208 608.9189 608.917 608.9151 608.9132 608.9113 608.9094 608.9075 608.9056 608.9037 608.9019 608.9 608.8981 608.8962 608.8943 608.8925 608.8906 608.8887 608.8868 608.8849 608.883 608.8811 608.8792 608.8773 608.8728 608.8668 608.86 608.8533 608.8466 608.8399 608.8334 608.8256 608.8179 608.8102 608.8032 608.7951 608.787 608.7789 608.7711 608.7626 608.7543 608.7451 608.7358 608.73 608.572 608.4001 608.222 608.0554 607.8888 607.7222 607.5496 607.3701 607.1907 607.0104 606.8232
608.9108 608.9152 608.9191 608.9221 608.9252 608.9283 608.9308 608.9334 608.9349 608.933 608.9312 608.9293 608.9274 608.9255 608.9236 608.9218 608.9199 608.918 608.9161 608.9142 608.9123 608.9104 608.9085 608.9066 608.9047 608.9029 608.901 608.8991 608.8972 608.8953 608.8934 608.8915 608.8896 608.8846 608.8783 608.8716 608.8649 608.8582 608.8519 608.8448 608.8372 608.8294 608.8217 608.8148 608.8067 608.7986 608.7905 608.7828 608.7743 608.7661 608.7568 608.7475 608.7383 608.729 608.6378 608.4695 608.3029 608.1362 607.9666 607.7871 607.6077 607.4282 607.2426 607.0619
608.9219 608.9266 608.9303 608.9335 608.9366 608.9398 608.9425 608.9449 608.9473 608.9454 608.9435 608.9416 608.9397 608.9378 608.936 608.9341 608.9322 608.9303 608.9284 608.9265 608.9246 608.9227 608.9208 608.9189 608.9171 608.9152 608.9133 608.9114 608.9095 608.9077 608.9058 608.9039 608.9019 608.8963 608.8899 608.8832 608.8765 608.8698 608.8641 608.8564 608.8486 608.8409 608.8336 608.8264 608.8183 608.8102 608.8024 608.7945 608.786 608.7778 608.7685 608.7592 608.7499 608.7407 608.7314 608.7169 608.5503 608.3836 608.2041 608.0247 607.8453 607.6622 607.4808 607.2943
608.9331 608.9378 608.9415 608.945 608.9481 608.9513 608.9545 608.9565 608.959 608.9577 608.9558 608.9539 608.952 608.9501 608.9482 608.9464 608.9445 608.9426 608.9407 608.9388 608.937 608.9351 608.9332 608.9313 608.9294 608.9275 608.9256 608.9237 608.9218 608.9199 608.9181 608.9162 608.9136 608.9081 608.9015 608.8948 608.8881 608.8813 608.8756 608.8679 608.8601 608.8524 608.8461 608.838 608.8299 608.8218 608.8147 608.8062 608.7978 608.7895 608.7802 608.7709 608.7617 608.7524 608.7435 608.7339 608.7241 608.6212 608.4417 608.2623 608.0817 607.8997 607.7147 607.5293
608.9443 608.949 608.9527 608.9565 608.9596 608.9628 608.9659 608.968 608.9706 608.97 608.9681 608.9662 608.9644 608.9625 608.9606 608.9587 608.9568 608.9549 608.9531 608.9512 608.9493 608.9474 608.9455 608.9436 608.9417 608.9398 608.9379 608.936 608.9341 608.9323 608.9304 608.9285 608.9254 608.9197 608.913 608.9063 608.8996 608.8929 608.8871 608.8793 608.8716 608.8638 608.8577 608.8496 608.8416 608.8334 608.8264 608.8179 608.8104 608.8011 608.7919 608.7827 608.7734 608.7641 608.7555 608.746 608.7361 608.7262 608.6793 608.4998 608.3186 608.1349 607.9473 607.763
608.9555 608.9602 608.9646 608.9683 608.9711 608.9742 608.9774 608.9795 608.9821 608.9824 608.9805 608.9786 608.9767 608.9748 608.9729 608.971 608.9691 608.9672 608.9653 608.9634 608.9615 608.9597 608.9578 608.9559 608.954 608.9521 608.9503 608.9484 608.9465 608.9446 608.9427 608.9408 608.9371 608.9313 608.9246 608.9179 608.9112 608.9045 608.8986 608.8908 608.8831 608.8754 608.8693 608.8613 608.8531 608.845 608.8381 608.8296 608.8221 608.8129 608.8036 608.7944 608.7851 608.7761 608.7675 608.7581 608.7482 608.7382 608.728 608.7192 608.5553 608.3674 608.1817 607.9954
608.9667 608.9714 608.9761 608.9796 608.9825 608.9857 608.9889 608.991 608.9936 608.9946 608.9928 608.9909 608.989 608.9871 608.9852 608.9833 608.9814 608.9796 608.9777 608.9758 608.9739 608.972 608.9701 608.9683 608.9664 608.9645 608.9626 608.9607 608.9588 608.9569 608.955 608.9531 608.9489 608.9429 608.9362 608.9295 608.9228 608.9174 608.9101 608.9023 608.8946 608.8877 608.881 608.8729 608.8647 608.858 608.8498 608.8412 608.8339 608.8246 608.8153 608.806 608.7968 608.7891 608.7795 608.7701 608.7602 608.7502 608.7399 608.7289 608.718 608.6005 608.4138 608.233
608.9778 608.9825 608.9873 608.9908 608.994 608.9972 609.0004 609.0027 609.0051 609.007 609.0051 609.0032 609.0013 608.9995 608.9976 608.9957 608.9938 608.9919 608.99 608.9881 608.9862 608.9843 608.9824 608.9805 608.9786 608.9768 608.9749 608.973 608.9711 608.9692 608.9673 608.9655 608.9606 608.9545 608.9478 608.941 608.9343 608.9293 608.9216 608.9138 608.9061 608.9007 608.8926 608.8845 608.8763 608.87 608.8615 608.8542 608.8456 608.8363 608.827 608.8177 608.8085 608.8011 608.7921 608.7822 608.7723 608.7623 608.7517 608.7407 608.7302 608.7191 608.65 608.466
608.989 608.9938 608.9985 609.002 609.0055 609.0087 609.0118 609.015 609.0167 609.0192 609.0174 609.0155 609.0136 609.0117 609.0099 609.008 609.0061 609.0042 609.0023 609.0004 608.9985 608.9966 608.9948 608.9929 608.991 608.9891 608.9872 608.9853 608.9835 608.9816 608.9797 608.9778 608.9724 608.9661 608.9594 608.9526 608.9459 608.9408 608.933 608.9253 608.9175 608.9123 608.9042 608.8961 608.8879 608.8817 608.8732 608.8665 608.8572 608.848 608.8387 608.8295 608.8207 608.813 608.8041 608.7943 608.7845 608.7745 608.7635 608.7526 608.7425 608.7314 608.7202 608.6948
609.0002 609.0049 609.0096 609.014 609.0171 609.0201 609.0233 609.0264 609.0281 609.0308 609.0297 609.0278 609.0259 609.024 609.0222 609.0203 609.0184 609.0165 609.0146 609.0128 609.0109 609.009 609.0071 609.0052 609.0033 609.0014 608.9995 608.9976 608.9957 608.9938 608.992 608.9897 608.9843 608.9776 608.9709 608.9642 608.9575 608.9523 608.9445 608.9368 608.9291 608.9239 608.9158 608.9077 608.9 608.8934 608.8848 608.8782 608.869 608.8597 608.8505 608.8412 608.8347 608.8251 608.8162 608.8063 608.7964 608.7864 608.7754 608.7644 608.7548 608.7437 608.7325 608.7209
609.0114 609.0161 609.0209 609.0255 609.0289 609.0316 609.0347 609.0379 609.0397 609.0423 609.0421 609.0402 609.0383 609.0364 609.0345 609.0326 609.0307 609.0288 609.0269 609.0251 609.0232 609.0213 609.0194 609.0175 609.0156 609.0137 609.0118 609.0099 609.0081 609.0062 609.0043 609.0015 608.9959 608.9892 608.9825 608.9758 608.97 608.9638 608.9561 608.9483 608.9418 608.9355 608.9274 608.9193 608.9136 608.905 608.8969 608.89 608.8807 608.8714 608.8621 608.8529 608.8467 608.8375 608.8282 608.8184 608.8085 608.7982 608.7872 608.7781 608.767 608.7562 608.7448 608.7332
609.024 609.0273 609.032 609.0367 609.0401 609.0431 609.0462 609.0494 609.0512 609.0538 609.0544 609.0525 609.0506 609.0487 609.0468 609.0449 609.043 609.0411 609.0392 609.0374 609.0355 609.0336 609.0317 609.0298 609.028 609.0261 609.0242 609.0223 609.0204 609.0185 609.0166 609.0132 609.0074 609.0007 608.9941 608.9874 608.9827 608.9753 608.9675 608.9598 608.9551 608.9471 608.939 608.9309 608.9252 608.9167 608.9108 608.9017 608.8924 608.8831 608.8738 608.8653 608.8587 608.8502 608.8403 608.8307 608.821 608.8101 608.7991 608.7904 608.7794 608.7686 608.757 608.7455
609.0361 609.0385 609.0432 609.0479 609.0513 609.0546 609.0577 609.0609 609.063 609.0653 609.0667 609.0648 609.0629 609.061 609.0591 609.0573 609.0554 609.0535 609.0516 609.0497 609.0478 609.0459 609.044 609.0422 609.0403 609.0384 609.0365 609.0346 609.0327 609.0308 609.0289 609.025 609.019 609.0123 609.0056 608.9989 608.9945 608.9868 608.979 608.9713 608.9668 608.9587 608.9506 608.9425 608.937 608.9285 608.9226 608.9133 608.9041 608.8948 608.8856 608.8798 608.8707 608.8623 608.8524 608.8427 608.8328 608.8219 608.8117 608.8027 608.7916 608.7808 608.7693 608.7578
609.0474 609.0497 609.0544 609.0591 609.0634 609.066 609.0692 609.0723 609.0753 609.0768 609.0789 609.0771 609.0753 609.0734 609.0715 609.0696 609.0677 609.0658 609.0639 609.062 609.0601 609.0582 609.0563 609.0544 609.0526 609.0507 609.0488 609.0469 609.045 609.0432 609.0413 609.0367 609.0306 609.0239 609.0172 609.0105 609.006 608.9982 608.9905 608.9828 608.9784 608.9703 608.9622 608.9556 608.9487 608.9401 608.9343 608.925 608.9158 608.9066 608.8973 608.8923 608.8826 608.8743 608.8644 608.8547 608.8447 608.8337 608.8261 608.815 608.8046 608.7931 608.7816 608.7722
609.0587 609.0614 609.0656 609.0703 609.0749 609.0781 609.0806 609.0838 609.0869 609.0884 609.0909 609.0894 609.0875 609.0856 609.0838 609.0819 609.08 609.0781 609.0762 609.0743 609.0724 609.0706 609.0687 609.0668 609.0649 609.063 609.0611 609.0592 609.0574 609.0555 609.0536 609.0485 609.0422 609.0355 609.0287 609.0225 609.0175 609.0098 609.002 608.9958 608.9901 608.9819 608.9738 608.9689 608.9603 608.9534 608.946 608.9368 608.9275 608.9182 608.9099 608.9043 608.8963 608.8864 608.8769 608.8675 608.8565 608.8456 608.8384 608.8273 608.8169 608.8054 608.7939 608.785
609.0701 609.0745 609.0768 609.0815 609.0862 609.0894 609.0921 609.0953 609.0984 609.0999 609.1025 609.1017 609.0999 609.098 609.0961 609.0942 609.0923 609.0905 609.0886 609.0867 609.0848 609.0829 609.081 609.0791 609.0772 609.0753 609.0734 609.0715 609.0696 609.0677 609.0658 609.0605 609.0538 609.0471 609.0403 609.0354 609.029 609.0212 609.0135 609.0092 609.0016 608.9935 608.9854 608.9805 608.972 608.967 608.9578 608.9485 608.9392 608.9299 608.9243 608.9163 608.9084 608.8984 608.8889 608.8793 608.8683 608.8593 608.8506 608.8396 608.8292 608.8176 608.8071 608.7977
609.0814 609.0862 609.088 609.0927 609.0974 609.1006 609.1036 609.1068 609.1099 609.1114 609.114 609.1141 609.1122 609.1103 609.1084 609.1065 609.1046 609.1027 609.1008 609.099 609.0971 609.0952 609.0933 609.0914 609.0895 609.0876 609.0858 609.0839 609.082 609.0801 609.0776 609.072 609.0653 609.0587 609.0519 609.0482 609.0405 609.0327 609.025 609.0214 609.0132 609.0051 608.9976 608.9922 608.9837 608.9787 608.9694 608.9602 608.9509 608.9417 608.9379 608.9282 608.9204 608.9105 608.9009 608.8912 608.8802 608.874 608.863 608.853 608.8414 608.83 608.8223 608.8105
609.0927 609.0975 609.0991 609.1039 609.1086 609.1124 609.1151 609.1182 609.1213 609.1232 609.1255 609.1264 609.1245 609.1226 609.1207 609.1188 609.1169 609.1151 609.1132 609.1113 609.1094 609.1075 609.1057 609.1038 609.1019 609.1 609.0981 609.0962 609.0943 609.0924 609.0893 609.0836 609.0769 609.0702 609.0635 609.0597 609.0519 609.0442 609.0367 609.033 609.0248 609.0167 609.0113 609.0039 608.996 608.9904 608.9811 608.9719 608.9626 608.9545 608.9499 608.9424 608.9325 608.923 608.914 608.903 608.892 608.8864 608.8752 608.8652 608.8537 608.8422 608.8351 608.8233
609.1041 609.1088 609.1119 609.1151 609.1198 609.1243 609.1274 609.1297 609.1328 609.1356 609.137 609.1387 609.1368 609.1349 609.1331 609.1312 609.1293 609.1274 609.1255 609.1236 609.1217 609.1198 609.1179 609.116 609.1142 609.1123 609.1104 609.1085 609.1066 609.1047 609.1011 609.0952 609.0885 609.0818 609.0751 609.0712 609.0634 609.0557 609.05 609.0446 609.0364 609.0283 609.0241 609.0156 609.0099 609.0021 608.9929 608.9836 608.9743 608.9689 608.9619 608.9545 608.9445 608.9351 608.9258 608.9149 608.9068 608.8986 608.888 608.8775 608.866 608.8571 608.8478 608.8361
