samples/sfe_322/sfe_322_r3/sfe_322_r3/sfe_322_r3.asc
ncols         299
nrows         166
xllcorner     73.39999999851
yllcorner     65.60000000149
cellsize      1
NODATA_value  -9999
[rows 56 to 83 of 166, columns 64 to 127 of 299]
605.949 605.7686 605.5812 605.392 605.2024 605.019 604.8301 604.65 604.467 604.2723 604.0916 603.905 603.7109 603.5269 602.9705 602.1195 600.832 600.5645 600.235 599.949 599.7455 599.5345 599.4155 599.291 599.188 599.1265 599.078 599.039 599.027 599.0275 599.0375 599.07 599.1035 599.1541 599.21 599.286 599.353 599.4275 599.5265 599.6295 599.7225 599.8355 599.9495 600.0455 600.168 600.2895 600.3898 600.51 600.6315 600.751 600.8755 600.9845 601.0955 601.2085 601.317 601.419 601.5345 601.635 601.6895 601.7535 601.827 601.891 601.9465 602.003
605.718 605.532 605.3484 605.1611 604.9705 604.7848 604.6015 604.4162 604.2333 604.0503 603.8505 603.6779 603.4863 602.7465 601.7265 600.877 600.5435 600.2295 599.98 599.7645 599.5435 599.443 599.326 599.2265 599.1705 599.106 599.0745 599.06 599.053 599.0625 599.088 599.129 599.1595 599.2215 599.2985 599.363 599.4415 599.532 599.6165 599.722 599.831 599.929 600.0485 600.167 600.269 600.39 600.512 600.6345 600.7355 600.8595 600.99 601.1035 601.197 601.32 601.433 601.5325 601.6365 601.742 601.813 601.8775 601.9475 601.9975 602.0655 602.127
605.5019 605.2982 605.115 604.9283 604.741 604.5505 604.3672 604.1839 603.9995 603.8165 603.6336 603.471 602.427 601.542 600.9221 600.5284 600.1625 600.0305 599.814 599.615 599.497 599.3695 599.28 599.2095 599.1485 599.1145 599.098 599.0835 599.0945 599.118 599.1445 599.189 599.2405 599.3085 599.3735 599.4615 599.52 599.6255 599.727 599.8165 599.935 600.0575 600.164 600.271 600.39 600.51 600.62 600.7455 600.8645 600.9735 601.091 601.2125 601.3325 601.4325 601.541 601.6445 601.7495 601.849 601.9365 602.0015 602.0685 602.119 602.186 602.232
605.276 605.0803 604.8783 604.6954 604.5081 604.3209 604.1329 603.9496 603.7663 603.5828 603.2531 602.2915 601.263 600.9276 600.553 600.238 600.041 599.8285 599.67 599.534 599.422 599.3325 599.2565 599.1945 599.163 599.137 599.1274 599.1325 599.1515 599.1695 599.2165 599.2695 599.32 599.3955 599.478 599.5485 599.637 599.7365 599.829 599.9445 600.0635 600.148 600.275 600.394 600.503 600.619 600.7445 600.864 600.9935 601.105 601.219 601.3195 601.4425 601.5475 601.6755 601.7595 601.8595 601.965 602.0595 602.1125 602.1815 602.2465 602.313 602.3495
605.0434 604.8558 604.6586 604.4604 604.2753 604.088 603.9007 603.7154 603.532 603.1035 602.1575 601.2195 600.8781 600.555 600.308 600.093 599.8615 599.7215 599.58 599.4595 599.387 599.303 599.2545 599.2115 599.1825 599.1735 599.177 599.1845 599.2155 599.253 599.288 599.344 599.4235 599.4839 599.57 599.652 599.741 599.84 599.9595 600.0442 600.161 600.2845 600.4085 600.509 600.641 600.756 600.855 600.99 601.1195 601.217 601.3435 601.465 601.571 601.667 601.7865 601.895 601.974 602.0675 602.1645 602.246 602.312 602.361 602.4215 602.4765
604.8107 604.6232 604.4355 604.237 604.0424 603.8552 603.6678 603.4811 602.8565 601.844 601.2955 600.892 600.548 600.322 600.105 599.947 599.7885 599.6355 599.535 599.438 599.3585 599.3085 599.265 599.2315 599.225 599.2235 599.229 599.2525 599.2915 599.331 599.3815 599.4415 599.509 599.5895 599.675 599.752 599.8545 599.9625 600.057 600.1765 600.2975 600.401 600.5245 600.6479 600.7425 600.8755 600.997 601.119 601.2345 601.3555 601.4675 601.5855 601.686 601.8035 601.895 601.996 602.1 602.2005 602.2875 602.3635 602.4215 602.482 602.543 602.5875
604.5855 604.3905 604.2029 604.0153 603.8154 603.6223 603.477 602.6775 601.829 601.225 600.906 600.564 600.3805 600.1365 599.979 599.8285 599.7045 599.5985 599.5005 599.42 599.371 599.323 599.291 599.28 599.275 599.2815 599.3055 599.323 599.3685 599.4185 599.4635 599.544 599.6205 599.6855 599.784 599.876 599.972 600.082 600.196 600.297 600.4155 600.536 600.6425 600.7755 600.89 601.001 601.1195 601.261 601.3765 601.4765 601.6025 601.7155 601.8235 601.9205 602.028 602.135 602.2085 602.311 602.3945 602.493 602.546 602.6105 602.6664 602.7085
604.3663 604.1607 603.9703 603.7827 603.5951 603.2896 602.5075 601.68 601.254 600.901 600.6085 600.429 600.1845 600.0435 599.876 599.7415 599.654 599.5555 599.493 599.435 599.3845 599.3565 599.337 599.3295 599.338 599.3535 599.374 599.4135 599.4645 599.5085 599.5815 599.6515 599.7145 599.819 599.8962 599.9965 600.1055 600.2225 600.313 600.436 600.5359 600.6559 600.793 600.906 601.0165 601.1435 601.27 601.3905 601.504 601.622 601.738 601.836 601.958 602.0594 602.147 602.2545 602.351 602.4375 602.5215 602.592 602.6735 602.743 602.775 602.8345
604.1565 603.9448 603.7377 603.55 603.2965 602.349 601.6435 601.3035 600.914 600.687 600.4285 600.2365 600.1065 599.9515 599.821 599.7175 599.6155 599.55 599.4915 599.449 599.4195 599.398 599.387 599.397 599.406 599.4255 599.4655 599.4985 599.553 599.6265 599.6895 599.763 599.8395 599.9195 600.0375 600.14 600.225 600.3385 600.4435 600.5395 600.678 600.7964 600.9205 601.0395 601.173 601.268 601.396 601.54 601.6535 601.7515 601.8775 601.981 602.0715 602.183 602.2985 602.3725 602.472 602.562 602.6505 602.7235 602.7865 602.856 602.907 602.965
603.9463 603.7349 603.5232 603.2155 602.386 601.572 601.2425 600.9845 600.7235 600.4995 600.2825 600.1345 600.015 599.8905 599.779 599.6925 599.6185 599.553 599.511 599.483 599.4585 599.452 599.4535 599.4685 599.4895 599.523 599.5535 599.6115 599.664 599.724 599.808 599.8755 599.9545 600.048 600.1655 600.25 600.359 600.4745 600.575 600.6975 600.822 600.927 601.06 601.1975 601.3065 601.429 601.5425 601.6505 601.7895 601.905 601.995 602.112 602.232 602.308 602.4155 602.513 602.6085 602.689 602.7675 602.838 602.9165 602.9825 603.026 603.075
603.7252 603.5247 602.9645 602.3345 601.6285 601.2925 600.948 600.762 600.5415 600.3535 600.2005 600.042 599.943 599.843 599.7515 599.6865 599.6185 599.58 599.5464 599.523 599.518 599.52 599.5245 599.5495 599.5765 599.615 599.661 599.716 599.772 599.85 599.9146 599.998 600.083 600.168 600.295 600.3935 600.487 600.609 600.735 600.8375 600.9585 601.08 601.1895 601.329 601.459 601.568 601.685 601.8015 601.9275 602.043 602.15 602.245 602.3475 602.458 602.5715 602.638 602.732 602.8265 602.9105 602.952 603.0375 603.1025 603.159 603.2005
603.4998 602.9635 602.1015 601.6275 601.3185 601.0135 600.7745 600.5555 600.421 600.248 600.1185 599.997 599.892 599.8275 599.752 599.6895 599.649 599.613 599.591 599.584 599.5825 599.5915 599.608 599.6325 599.671 599.7145 599.7549 599.8245 599.8915 599.957 600.0415 600.1215 600.2135 600.3145 600.4255 600.5235 600.6505 600.7445 600.867 600.995 601.0955 601.229 601.3585 601.4685 601.5805 601.738 601.848 601.9445 602.0805 602.184 602.288 602.404 602.503 602.591 602.6955 602.7859 602.8755 602.9505 603.032 603.0955 603.1615 603.224 603.281 603.3355
602.8325 602.0725 601.6436 601.3355 601.025 600.822 600.5895 600.4335 600.3005 600.1645 600.057 599.9465 599.876 599.8185 599.755 599.7175 599.6785 599.659 599.65 599.6465 599.654 599.669 599.6865 599.7315 599.775 599.8165 599.8785 599.9344 600.008 600.094 600.1555 600.2605 600.3685 600.4475 600.564 600.6695 600.776 600.8955 601.0165 601.137 601.257 601.3795 601.5 601.6435 601.754 601.861 601.988 602.111 602.2 602.352 602.443 602.545 602.644 602.758 602.841 602.9195 603.007 603.0955 603.175 603.237 603.297 603.3635 603.4175 603.5019
602.0179 601.63 601.332 601.066 600.861 600.614 600.489 600.3225 600.229 600.1185 600 599.9385 599.863 599.817 599.779 599.745 599.7245 599.712 599.7105 599.717 599.7295 599.749 599.79 599.8235 599.877 599.931 599.9845 600.065 600.136 600.208 600.312 600.4015 600.494 600.594 600.6875 600.817 600.9365 601.0305 601.1645 601.301 601.4025 601.5375 601.6545 601.7765 601.911 602.027 602.1305 602.2655 602.3755 602.48 602.588 602.7104 602.8095 602.9065 602.992 603.073 603.159 603.2345 603.3235 603.379 603.4399 603.5489 603.6586 603.7781
601.677 601.3175 601.089 600.9 600.6715 600.5325 600.362 600.264 600.1675 600.073 599.999 599.9205 599.877 599.8335 599.799 599.7885 599.771 599.77 599.78 599.7895 599.8125 599.851 599.8825 599.938 599.9875 600.0365 600.1195 600.1835 600.2535 600.3485 600.4385 600.5495 600.6505 600.7325 600.862 600.9915 601.0795 601.2105 601.333 601.447 601.575 601.6965 601.807 601.9465 602.0895 602.1845 602.314 602.422 602.5315 602.646 602.7605 602.842 602.96 603.0725 603.1265 603.2245 603.3245 603.405 603.4685 603.5843 603.7142 603.8251 603.9354 604.0542
601.3655 601.1245 600.888 600.7335 600.583 600.415 600.3075 600.199 600.1295 600.0495 599.9815 599.934 599.8935 599.8625 599.846 599.8325 599.829 599.84 599.8455 599.8755 599.911 599.9435 599.9955 600.0427 600.0995 600.1705 600.2325 600.316 600.401 600.4825 600.5959 600.6855 600.782 600.8975 601.0165 601.1275 601.2415 601.351 601.489 601.6105 601.7305 601.8535 601.9935 602.103 602.2455 602.367 602.4725 602.5855 602.7125 602.795 602.918 603.018 603.1125 603.2225 603.2935 603.405 603.4609 603.6117 603.742 603.8577 603.9803 604.1017 604.2121 604.322
601.1715 600.9295 600.754 600.611 600.4605 600.36 600.2395 600.163 600.1035 600.033 599.988 599.944 599.9205 599.9035 599.8915 599.8915 599.8995 599.9095 599.938 599.9665 600.0035 600.053 600.0987 600.1625 600.227 600.2865 600.3705 600.4375 600.5275 600.6385 600.7255 600.842 600.948 601.05 601.1785 601.2815 601.3915 601.529 601.6625 601.772 601.9085 602.0305 602.1565 602.2975 602.4045 602.513 602.6495 602.77 602.8705 602.9825 603.0805 603.1805 603.286 603.392 603.4564 603.589 603.7216 603.8688 604.0098 604.1312 604.2466 604.3783 604.4873 604.5985
600.977 600.7945 600.6335 600.4895 600.3925 600.291 600.209 600.139 600.079 600.0385 599.9945 599.971 599.9545 599.9465 599.9475 599.9585 599.97 599.999 600.026 600.0635 600.111 600.158 600.2175 600.272 600.341 600.4305 600.499 600.5854 600.684 600.7825 600.8915 600.9855 601.086 601.224 601.327 601.4425 601.561 601.6905 601.8175 601.966 602.072 602.2055 602.3385 602.4435 602.5685 602.7095 602.812 602.933 603.049 603.13 603.2725 603.371 603.4593 603.5909 603.7227 603.8566 603.9891 604.1251 604.2761 604.4047 604.5204 604.6447 604.7635 604.8752
600.8215 600.662 600.52 600.435 600.317 600.2475 600.1765 600.124 600.082 600.0425 600.0205 600.0035 599.9944 600 600.006 600.025 600.0535 600.0785 600.122 600.1685 600.2145 600.2725 600.328 600.405 600.4835 600.55 600.6465 600.7205 600.8175 600.9405 601.028 601.15 601.2605 601.366 601.499 601.6045 601.72 601.876 601.995 602.113 602.2605 602.3795 602.4985 602.6325 602.735 602.8785 602.999 603.0985 603.2209 603.33 603.4482 603.5767 603.7255 603.8573 603.9891 604.1209 604.2567 604.3892 604.533 604.6743 604.7939 604.9108 605.04 605.1507
600.6835 600.556 600.4535 600.3565 600.2845 600.207 600.1595 600.124 600.084 600.0635 600.049 600.0439 600.048 600.0525 600.075 600.099 600.1345 600.173 600.2158 600.2695 600.327 600.384 600.459 600.5265 600.6075 600.6975 600.782 600.8755 600.9825 601.0865 601.202 601.301 601.4055 601.548 601.654 601.7729 601.907 602.0395 602.167 602.3101 602.412 602.5575 602.68 602.805 602.928 603.068 603.1575 603.2945 603.4145 603.5082 603.6725 603.829 603.9855 604.1238 604.2555 604.3872 604.5216 604.6567 604.7892 604.9406 605.0673 605.1818 605.309 605.4253
600.589 600.482 600.386 600.317 600.242 600.1945 600.1535 600.1215 600.104 600.0875 600.086 600.0905 600.1005 600.1215 600.1495 600.174 600.2234 600.2576 600.323 600.3775 600.439 600.513 600.58 600.6615 600.7585 600.834 600.929 601.016 601.1215 601.252 601.3445 601.472 601.587 601.6965 601.8335 601.942 602.0715 602.2235 602.34 602.4845 602.608 602.7325 602.8575 603.0015 603.1025 603.253 603.369 603.4609 603.6248 603.7576 603.9214 604.0814 604.2378 604.3901 604.5219 604.6537 604.7854 604.9243 605.0568 605.1972 605.3387 605.4565 605.575 605.7018
600.5 600.4075 600.342 600.2655 600.224 600.1865 600.153 600.1375 600.125 600.123 600.131 600.137 600.1625 600.1915 600.225 600.269 600.305 600.3695 600.4205 600.483 600.565 600.6225 600.715 600.7975 600.8845 600.9875 601.064 601.17 601.2945 601.4015 601.526 601.6295 601.738 601.886 601.9995 602.1285 602.2565 602.39 602.5195 602.6825 602.7815 602.9335 603.037 603.1835 603.299 603.455 603.5454 603.7087 603.8732 604.0231 604.1704 604.3347 604.4901 604.6466 604.7883 604.92 605.0517 605.1834 605.3243 605.4568 605.605 605.73 605.8422 605.9733
600.4255 600.3651 600.2915 600.2485 600.2055 600.1835 600.1665 600.153 600.158 600.1625 600.178 600.2 600.224 600.265 600.3165 600.353 600.4155 600.4715 600.5355 600.6125 600.676 600.767 600.8495 600.9405 601.035 601.1265 601.227 601.325 601.439 601.567 601.674 601.8075 601.9275 602.035 602.1955 602.295 602.4344 602.5805 602.6995 602.846 602.977 603.1135 603.238 603.394 603.4704 603.6303 603.7952 603.96 604.121 604.2854 604.422 604.5836 604.7416 604.8989 605.0548 605.1865 605.3183 605.4499 605.5898 605.7244 605.8614 606.0031 606.1182 606.2393
600.3795 600.3145 600.272 600.228 600.204 600.191 600.179 600.1825 600.193 600.2079 600.235 600.2605 600.3025 600.3445 600.396 600.4565 600.5085 600.585 600.652 600.72 600.8175 600.8855 600.991 601.0835 601.174 601.279 601.374 601.4865 601.619 601.7015 601.8625 601.9705 602.0835 602.2215 602.3535 602.4865 602.636 602.76 602.8855 603.0305 603.1615 603.3075 603.439 603.5818 603.7368 603.8801 604.0449 604.2098 604.3702 604.5333 604.6877 604.8326 604.9969 605.1508 605.3077 605.4529 605.5847 605.7162 605.848 605.992 606.1245 606.2693 606.3926 606.5058
600.3325 600.291 600.248 600.2245 600.2095 600.2005 600.2075 600.215 600.2355 600.261 600.291 600.332 600.3765 600.4245 600.4895 600.5485 600.618 600.6974 600.7665 600.8465 600.933 601.0245 601.132 601.2205 601.3245 601.4225 601.5345 601.6485 601.7615 601.8795 602.0125 602.155 602.2795 602.391 602.5464 602.659 602.8015 602.9675 603.0715 603.216 603.3775 603.4783 603.6561 603.8289 603.9929 604.1351 604.2947 604.4595 604.6244 604.7811 604.9456 605.0864 605.2458 605.4034 605.5601 605.7166 605.851 605.9829 606.1143 606.2515 606.392 606.5255 606.6661 606.7787
600.3035 600.2595 600.2405 600.2255 600.2175 600.2245 600.235 600.2555 600.287 600.31 600.36 600.4028 600.4585 600.5245 600.572 600.646 600.7185 600.8044 600.8905 600.956 601.0695 601.1515 601.266 601.3705 601.465 601.589 601.694 601.815 601.9385 602.0425 602.181 602.3235 602.4405 602.5835 602.6995 602.865 603.01 603.1345 603.2785 603.422 603.54 603.7175 603.8949 604.0728 604.24 604.4016 604.5411 604.7094 604.8742 605.035 605.1934 605.3524 605.4948 605.6591 605.8102 605.9689 606.1174 606.2493 606.3806 606.5126 606.658 606.7921 606.9335 607.0547
600.2725 600.253 600.2385 600.2325 600.24 600.2475 600.2715 600.301 600.335 600.3835 600.42 600.4875 600.551 600.608 600.676 600.7385 600.8325 600.9205 600.997 601.0965 601.183 601.2895 601.4005 601.4995 601.623 601.724 601.8445 601.9825 602.102 602.226 602.349 602.5055 602.643 602.7645 602.898 603.072 603.1765 603.3415 603.4651 603.6064 603.7802 603.9584 604.1337 604.3116 604.4872 604.651 604.7999 604.958 605.124 605.2888 605.4415 605.6057 605.7509 605.908 606.0669 606.2197 606.3776 606.5156 606.6475 606.7787 606.9133 607.0597 607.1922 607.3288
600.263 600.248 600.242 600.251 600.263 600.284 600.312 600.3455 600.3979 600.4425 600.508 600.5635 600.633 600.709 600.7655 600.854 600.9445 601.036 601.127 601.2245 601.333 601.443 601.5439 601.6625 601.768 601.888 601.9945 602.1405 602.285 602.3935 602.5305 602.6875 602.7965 602.9735 603.0755 603.242 603.3845 603.5235 603.7026 603.8597 604.0202 604.1985 604.3768 604.5504 604.7282 604.8981 605.0621 605.2034 605.3737 605.5386 605.6998 605.8536 606.0171 606.1589 606.3212 606.472 606.6299 606.782 606.9139 607.0452 607.177 607.3197 607.4598 607.5977
