samples/sfe_322/sfe_322_r3/sfe_322_r3/sfe_322_r3.asc
ncols         299
nrows         166
xllcorner     73.39999999851
yllcorner     65.60000000149
cellsize      1
NODATA_value  -9999
[rows 56 to 83 of 166, columns 192 to 255 of 299]
600.031 599.876 599.7215 599.613 599.47 599.3285 599.2315 599.101 598.979 598.873 598.782 598.6925 598.615 598.553 598.5035 598.4675 598.4605 598.4625 598.4965 598.559 598.6395 598.7525 598.938 599.173 599.493 599.8745 600.4135 601.6541 602.75 603.3906 603.5728 603.7551 603.9362 604.118 604.3015 604.4847 604.6635 604.8395 605.0448 605.2486 605.4418 605.6168 605.7957 605.9901 606.1944 606.3751 606.5631 606.7672 606.9636 607.1569 607.3485 607.5369 607.7336 607.9434 608.1355 608.325 608.5334 608.7 608.7084 608.7184 608.7283 608.7404 608.7505 608.7607
600.1015 599.9695 599.816 599.6635 599.5115 599.4045 599.28 599.153 599.0355 598.9155 598.798 598.7235 598.6315 598.5445 598.4985 598.444 598.4085 598.4065 598.4175 598.427 598.5155 598.5965 598.6935 598.899 599.1155 599.405 599.7975 600.0815 601.3185 602.477 603.337 603.5189 603.7008 603.8828 604.0662 604.2449 604.4199 604.6234 604.8292 605.0224 605.1983 605.3773 605.572 605.7798 605.9606 606.1458 606.3457 606.5452 606.7387 606.9332 607.1191 607.3121 607.522 607.7177 607.9071 608.1153 608.3161 608.5056 608.699 608.7056 608.7163 608.7277 608.7379 608.748
600.1935 600.044 599.893 599.7605 599.607 599.4555 599.341 599.2265 599.089 598.9735 598.852 598.751 598.6625 598.5665 598.494 598.4385 598.3925 598.3625 598.3521 598.367 598.396 598.467 598.563 598.652 598.8315 599.039 599.294 599.6794 600.1325 601.069 602.2015 603.32 603.4655 603.6477 603.8264 604.004 604.202 604.4098 604.603 604.787 604.9607 605.1538 605.3622 605.5461 605.7285 605.9242 606.1268 606.3206 606.5178 606.7012 606.8907 607.1008 607.2998 607.4893 607.6971 607.9003 608.0877 608.2774 608.4872 608.6863 608.7042 608.715 608.7252 608.7354
600.277 600.119 599.9885 599.8375 599.6865 599.5551 599.4175 599.285 599.1685 599.0245 598.898 598.795 598.6925 598.59 598.5165 598.4435 598.373 598.345 598.3175 598.299 598.3275 598.3645 598.4215 598.5305 598.634 598.7791 599.032 599.2285 599.652 600.0755 600.59 601.8905 603.052 603.4078 603.5865 603.7806 603.9904 604.1835 604.3761 604.5468 604.7357 604.944 605.1315 605.3123 605.5027 605.7084 605.9025 606.1025 606.2839 606.4729 606.6795 606.882 607.0714 607.2789 607.4849 607.6697 607.8593 608.0658 608.2684 608.4579 608.6547 608.7023 608.7125 608.7227
600.367 600.233 600.0735 599.9313 599.785 599.6355 599.479 599.3635 599.2195 599.0915 598.9735 598.8425 598.7485 598.6479 598.5355 598.4615 598.3985 598.33 598.2985 598.2785 598.268 598.2845 598.3275 598.376 598.492 598.62 598.7525 599.0175 599.215 599.5615 600.001 600.4605 601.7165 602.741 603.3591 603.569 603.7642 603.9573 604.1285 604.3176 604.5258 604.717 604.8978 605.0831 605.29 605.4843 605.6871 605.8685 606.0551 606.2582 606.4641 606.6536 606.8607 607.069 607.2518 607.4413 607.6443 607.8505 608.04 608.2365 608.4451 608.6387 608.6998 608.71
600.4666 600.324 600.1875 600.03 599.8715 599.738 599.584 599.43 599.3055 599.171 599.0345 598.917 598.8075 598.68 598.5915 598.4865 598.418 598.3545 598.303 598.2605 598.2455 598.2395 598.252 598.3055 598.371 598.4745 598.6 598.7445 598.9565 599.2055 599.539 599.961 600.3805 601.2985 602.548 603.3447 603.5379 603.7175 603.8994 604.1076 604.3025 604.4832 604.6658 604.8701 605.0662 605.2717 605.4531 605.6372 605.8369 606.0463 606.2358 606.4425 606.6508 606.8353 607.0234 607.2229 607.4326 607.6221 607.8183 608.0269 608.2213 608.4106 608.6097 608.6973
600.591 600.4395 600.289 600.1255 599.9935 599.8365 599.676 599.5365 599.377 599.233 599.117 598.989 598.866 598.748 598.64 598.545 598.4604 598.3781 598.3175 598.2679 598.226 598.214 598.218 598.2275 598.2896 598.36 598.432 598.5775 598.736 598.945 599.246 599.5 599.892 600.3525 601.266 602.3145 603.315 603.4813 603.6894 603.888 604.0687 604.2495 604.4489 604.648 604.8564 605.0378 605.2194 605.4154 605.6252 605.8179 606.0243 606.2325 606.42 606.6055 606.8017 607.0118 607.2042 607.4001 607.6086 607.8041 607.9932 608.1882 608.3989 608.6085
600.7025 600.5365 600.416 600.233 600.071 599.956 599.7845 599.628 599.4968 599.3416 599.2055 599.0825 598.948 598.808 598.7035 598.5975 598.4825 598.4175 598.338 598.28 598.237 598.203 598.19 598.2015 598.2245 598.265 598.35 598.419 598.5845 598.7635 598.951 599.2155 599.461 599.8885 600.361 601.064 602.089 603.0745 603.4735 603.6542 603.8349 604.0275 604.2299 604.4385 604.6224 604.8038 604.9939 605.2037 605.4001 605.6061 605.8143 606.0046 606.1876 606.3804 606.5906 606.7863 606.9819 607.1904 607.3895 607.5758 607.7671 607.9773 608.1871 608.3975
600.81 600.6555 600.501 600.324 600.192 600.039 599.888 599.7465 599.5965 599.4125 599.3035 599.162 599.015 598.903 598.759 598.662 598.5545 598.4595 598.382 598.309 598.248 598.2125 598.1875 598.1705 598.191 598.216 598.263 598.3525 598.453 598.5966 598.769 598.9295 599.194 599.5295 599.869 600.3385 600.8625 601.8815 603.0805 603.4204 603.606 603.8118 604.0205 604.207 604.3884 604.5732 604.7822 604.9822 605.1879 605.3961 605.5893 605.7704 605.9592 606.1691 606.3683 606.5637 606.7722 606.9749 607.1584 607.3477 607.5557 607.7656 607.976 608.1865
600.931 600.749 600.628 600.468 600.305 600.163 600.0065 599.8495 599.7185 599.5325 599.39 599.262 599.124 598.9835 598.8645 598.7401 598.6155 598.539 598.4355 598.3545 598.291 598.2305 598.199 598.1785 598.165 598.1845 598.219 598.2625 598.366 598.466 598.586 598.761 598.9275 599.2285 599.5425 599.875 600.2905 600.688 601.9195 602.8125 603.3936 603.6025 603.7917 603.9731 604.1553 604.3607 604.5644 604.7697 604.9779 605.174 605.355 605.5413 605.7476 605.9504 606.1455 606.354 606.5604 606.7411 606.9303 607.1342 607.3442 607.5546 607.765 607.9745
601.039 600.9015 600.7385 600.5715 600.455 600.27 600.108 599.9765 599.8195 599.6145 599.5025 599.352 599.2132 599.085 598.952 598.836 598.7075 598.597 598.51 598.415 598.3365 598.2795 598.224 598.1865 598.1725 598.1675 598.1865 598.229 598.2785 598.373 598.481 598.5925 598.8005 599.0005 599.2705 599.53 599.803 600.3365 600.759 601.565 602.65 603.3763 603.5577 603.7391 603.9392 604.1465 604.3515 604.5598 604.7587 604.9398 605.1234 605.3261 605.5325 605.7273 605.9358 606.1444 606.3265 606.5129 606.7126 606.9227 607.1331 607.3436 607.5531 607.7635
601.1955 601.0365 600.8725 600.7325 600.556 600.403 600.265 600.0865 599.942 599.776 599.608 599.467 599.318 599.174 599.055 598.9155 598.786 598.687 598.5735 598.4845 598.4 598.3195 598.2675 598.219 598.178 598.1745 598.1775 598.195 598.2515 598.298 598.3805 598.513 598.627 598.835 599.067 599.229 599.5635 599.8795 600.3415 600.741 601.549 602.637 603.3237 603.5178 603.7285 603.9333 604.1417 604.3433 604.5244 604.7055 604.9046 605.1146 605.3091 605.5176 605.7261 605.9119 606.0955 606.2911 606.5013 606.7117 606.9221 607.1317 607.3421 607.5376
601.3245 601.1975 601.0211 600.8665 600.704 600.542 600.389 600.2185 600.0569 599.8895 599.75 599.5895 599.4195 599.2935 599.148 599.0255 598.8925 598.7685 598.669 598.554 598.4575 598.3845 598.312 598.262 598.2205 598.187 598.183 598.195 598.2105 598.2625 598.3325 598.421 598.5435 598.669 598.881 599.056 599.291 599.622 599.867 600.291 600.8095 601.517 602.554 603.307 603.5151 603.7236 603.928 604.1091 604.2902 604.4832 604.6932 604.8909 605.0994 605.308 605.4973 605.6781 605.8696 606.0798 606.2902 606.5006 606.7102 606.9207 607.1191 607.3099
601.468 601.315 601.152 601.0195 600.826 600.6855 600.5335 600.35 600.1755 600.041 599.873 599.723 599.5655 599.3831 599.2625 599.1245 598.9865 598.87 598.746 598.6375 598.548 598.449 598.377 598.312 598.2605 598.226 598.202 598.199 598.218 598.237 598.293 598.375 598.453 598.6021 598.7295 598.888 599.122 599.3195 599.6655 599.915 600.3445 600.795 601.4575 602.2995 603.3055 603.5126 603.6937 603.8748 604.0616 604.2717 604.4728 604.6812 604.89 605.0827 605.2635 605.45 605.6583 605.8688 606.079 606.2888 606.4992 606.7006 606.8917 607.0998
601.607 601.466 601.3095 601.1385 601.007 600.826 600.6645 600.514 600.349 600.1525 600.0165 599.857 599.694 599.5291 599.3735 599.2385 599.1025 598.9665 598.8575 598.7385 598.6135 598.5395 598.448 598.3765 598.3185 598.2675 598.239 598.225 598.221 598.241 598.277 598.3295 598.4185 598.5005 598.6415 598.781 598.9345 599.173 599.3935 599.6935 599.969 600.3585 600.8745 601.293 602.331 603.304 603.4595 603.6412 603.8505 604.0546 604.2629 604.472 604.6682 604.8489 605.0326 605.2368 605.4473 605.6575 605.8673 606.0778 606.282 606.4734 606.6816 606.8904
601.79 601.62 601.469 601.31 601.156 600.9695 600.821 600.6555 600.5 600.32 600.1465 599.9935 599.8435 599.64 599.5125 599.3605 599.2205 599.0935 598.9605 598.8516 598.7325 598.614 598.54 598.454 598.3765 598.3325 598.283 598.2615 598.2515 598.2505 598.278 598.3205 598.3735 598.4645 598.567 598.678 598.8345 599.0035 599.2495 599.4365 599.703 600.059 600.4399 600.85 601.3575 602.2685 603.1205 603.4293 603.6365 603.8447 604.0538 604.2535 604.4343 604.6152 604.8153 605.0259 605.236 605.4459 605.6563 605.8635 606.0552 606.2634 606.4723 606.6805
601.95 601.795 601.6465 601.465 601.329 601.1435 600.966 600.816 600.655 600.4465 600.3035 600.143 599.9715 599.822 599.6375 599.5049 599.354 599.207 599.083 598.9565 598.8365 598.734 598.6215 598.546 598.4665 598.3855 598.351 598.308 598.2895 598.287 598.293 598.3195 598.366 598.423 598.525 598.606 598.7355 598.9085 599.068 599.2765 599.5065 599.7905 600.14 600.422 600.8955 601.234 602.212 602.9485 603.4265 603.6356 603.8389 604.0197 604.2004 604.3939 604.6044 604.8144 605.0244 605.2349 605.4449 605.637 605.8453 606.0541 606.2623 606.4711
602.131 601.961 601.7841 601.6535 601.4725 601.3145 601.137 600.969 600.788 600.629 600.4485 600.317 600.137 599.9735 599.793 599.641 599.4691 599.3525 599.201 599.0875 598.9561 598.8285 598.7426 598.636 598.56 598.4835 598.4145 598.379 598.343 598.323 598.327 598.335 598.367 598.4245 598.486 598.5735 598.681 598.803 598.9645 599.1274 599.3355 599.5925 599.858 600.139 600.424 600.9135 601.303 602.064 602.959 603.4244 603.6051 603.7859 603.9725 604.183 604.3929 604.603 604.8134 605.0234 605.2188 605.4271 605.6359 605.8441 606.053 606.2614
602.279 602.1275 601.9785 601.8055 601.663 601.508 601.3 601.145 600.9815 600.7695 600.623 600.4595 600.282 600.142 599.9365 599.7995 599.6405 599.4675 599.349 599.212 599.0745 598.9645 598.843 598.7575 598.658 598.564 598.513 598.447 598.41 598.3845 598.3615 598.3719 598.3905 598.421 598.484 598.54 598.6299 598.74 598.8675 599.0525 599.1645 599.4025 599.6375 599.895 600.196 600.496 600.9875 601.37 602.105 602.97 603.3713 603.5523 603.7615 603.9714 604.1815 604.3918 604.6018 604.8006 605.009 605.2178 605.4259 605.6348 605.8431 606.0514
602.476 602.3215 602.1545 602.0205 601.835 601.658 601.4985 601.3185 601.129 600.9691 600.783 600.65 600.4635 600.2935 600.111 599.943 599.791 599.641 599.4725 599.353 599.2175 599.085 598.978 598.863 598.7742 598.68 598.5965 598.535 598.4855 598.446 598.4275 598.4155 598.424 598.4455 598.479 598.5435 598.603 598.6945 598.8235 598.9495 599.1055 599.2675 599.47 599.7321 599.949 600.271 600.576 601.008 601.393 602.145 602.9135 603.3401 603.5499 603.7601 603.9704 604.1802 604.3823 604.5908 604.7996 605.0077 605.2166 605.4249 605.6331 605.8421
602.6615 602.513 602.3625 602.184 602.026 601.8695 601.6575 601.5215 601.3391 601.1235 600.9734 600.807 600.6015 600.478 600.2505 600.109 599.9485 599.778 599.6485 599.4955 599.361 599.23 599.1035 598.999 598.884 598.7912 598.7065 598.6245 598.575 598.523 598.4905 598.4765 598.47 598.4785 598.51 598.5414 598.605 598.681 598.7725 598.901 599.0095 599.169 599.3535 599.5601 599.7725 600.009 600.353 600.6455 601.055 601.498 602.1575 602.8745 603.3386 603.5489 603.7587 603.9641 604.1726 604.3813 604.5895 604.7984 605.0067 605.2148 605.4239 605.632
602.8735 602.7166 602.5495 602.4015 602.221 602.0355 601.8745 601.703 601.5005 601.3385 601.1479 601.0135 600.8115 600.621 600.4515 600.2745 600.1295 599.9695 599.791 599.665 599.5125 599.363 599.249 599.1275 599.0135 598.9155 598.7975 598.742 598.6645 598.6195 598.576 598.5375 598.5325 598.5275 598.5415 598.576 598.615 598.677 598.755 598.843 598.9745 599.07 599.2465 599.42 599.6255 599.8595 600.0925 600.433 600.6785 601.104 601.514 602.169 602.8475 603.3372 603.5459 603.7545 603.9631 604.1713 604.3802 604.5884 604.7966 605.0057 605.2138 605.4223
603.0885 602.902 602.7625 602.5775 602.4171 602.2625 602.049 601.914 601.7265 601.508 601.354 601.185 600.974 600.8235 600.6125 600.4635 600.3025 600.119 599.985 599.81 599.6795 599.5315 599.3715 599.2745 599.148 599.0455 598.9424 598.845 598.786 598.711 598.6645 598.6255 598.597 598.589 598.594 598.603 598.643 598.677 598.7425 598.8295 598.92 599.036 599.1405 599.3315 599.5255 599.7015 599.928 600.174 600.448 600.7105 601.1705 601.5735 602.099 602.8615 603.3363 603.5449 603.7531 603.962 604.1702 604.3784 604.5875 604.7956 605.004 605.2018
603.332 603.1405 602.9695 602.8085 602.639 602.4665 602.2815 602.108 601.9265 601.739 601.5435 601.4085 601.188 600.982 600.83 600.644 600.4745 600.3175 600.1425 600.0055 599.8345 599.6855 599.5535 599.399 599.304 599.179 599.0605 598.989 598.8915 598.8195 598.765 598.713 598.686 598.6575 598.6505 598.6545 598.6689 598.7075 598.7545 598.8165 598.908 598.994 599.117 599.224 599.4035 599.5795 599.736 599.991 600.201 600.5265 600.829 601.1685 601.5875 602.138 602.8745 603.3348 603.5436 603.752 603.9601 604.1693 604.3773 604.5859 604.7869 604.9979
603.5163 603.3391 603.2265 603.0105 602.8415 602.693 602.489 602.335 602.1415 601.9225 601.766 601.5945 601.3765 601.2015 601.0055 600.8515 600.6735 600.493 600.353 600.1555 600.032 599.8445 599.6975 599.563 599.4355 599.343 599.2165 599.1075 599.0205 598.934 598.875 598.816 598.766 598.739 598.7185 598.713 598.723 598.738 598.78 598.8285 598.8925 598.9855 599.067 599.1985 599.323 599.4725 599.6375 599.8115 600.0625 600.2785 600.5715 600.867 601.217 601.6455 602.1755 602.7975 603.3338 603.5419 603.751 603.9591 604.1678 604.3719 604.5829 604.7936
603.7539 603.5865 603.4199 603.275 603.111 602.8775 602.7271 602.556 602.333 602.17 601.9775 601.833 601.58 601.398 601.239 601.031 600.873 600.694 600.5155 600.3455 600.1675 600.004 599.8765 599.7025 599.6005 599.478 599.358 599.2505 599.1435 599.071 598.9885 598.929 598.8715 598.815 598.8045 598.784 598.7795 598.7914 598.8055 598.854 598.898 598.9655 599.0605 599.146 599.26 599.404 599.543 599.718 599.8885 600.1395 600.3245 600.6145 600.9335 601.297 601.693 602.1775 602.812 603.3328 603.5409 603.7498 603.9568 604.167 604.3754 604.5837
604.0005 603.8339 603.6678 603.5006 603.327 603.1435 602.9505 602.809 602.5785 602.3676 602.228 601.9955 601.81 601.631 601.429 601.2675 601.0625 600.8505 600.719 600.511 600.3725 600.1935 600.02 599.902 599.7445 599.6435 599.5015 599.3805 599.287 599.191 599.1295 599.043 598.9775 598.9295 598.887 598.8625 598.849 598.8415 598.8615 598.888 598.9235 598.9795 599.0395 599.1375 599.198 599.339 599.4825 599.621 599.7955 599.9655 600.182 600.3615 600.6825 600.988 601.3275 601.743 602.2125 602.8025 603.3318 603.54 603.7484 603.9572 604.1654 604.3743
604.248 604.0816 603.9156 603.7382 603.5588 603.377 603.22 603.013 602.797 602.631 602.4445 602.2375 602.028 601.8415 601.6785 601.4465 601.275 601.08 600.8845 600.7395 600.5495 600.3865 600.236 600.064 599.9344 599.787 599.6595 599.545 599.407 599.34 599.2455 599.1689 599.095 599.0348 598.988 598.9435 598.9265 598.912 598.9145 598.9335 598.9575 598.998 599.0505 599.114 599.1995 599.2745 599.4155 599.5595 599.697 599.8635 600.03 600.2535 600.4315 600.7599 601.047 601.3825 601.7905 602.193 602.7955 603.3299 603.5389 603.7471 603.9561 604.1644
