samples/sfe_322/sfe_322_r3/sfe_322_r3/sfe_322_r3.asc
ncols         299
nrows         166
xllcorner     73.39999999851
yllcorner     65.60000000149
cellsize      1
NODATA_value  -9999
[rows 56 to 83 of 166, columns 128 to 191 of 299]
602.058 602.1125 602.168 602.219 602.2615 602.301 602.355 602.402 602.445 602.485 602.524 602.551 602.5765 602.6135 602.631 602.6645 602.681 602.7145 602.7305 602.744 602.757 602.77 602.782 602.792 602.801 602.809 602.8 602.805 602.793 602.7945 602.779 602.7615 602.7505 602.7285 602.705 602.679 602.6435 602.6125 602.5811 602.5439 602.4985 602.451 602.3895 602.3455 602.278 602.225 602.1625 602.0865 602.01 601.9385 601.839 601.7255 601.6071 601.4919 601.378 601.2485 601.1265 600.9855 600.8535 600.711 600.5901 600.4495 600.306 600.1565
602.182 602.233 602.274 602.338 602.377 602.415 602.4675 602.504 602.5415 602.579 602.617 602.641 602.6765 602.7125 602.726 602.759 602.772 602.804 602.817 602.8295 602.8415 602.8525 602.8625 602.871 602.879 602.886 602.876 602.879 602.867 602.8675 602.8525 602.8345 602.8155 602.7945 602.7705 602.7455 602.719 602.689 602.6575 602.6135 602.5695 602.52 602.4745 602.423 602.3655 602.2975 602.237 602.176 602.103 602.0095 601.905 601.7965 601.6905 601.57 601.448 601.3385 601.2125 601.0645 600.926 600.8045 600.6685 600.5225 600.3958 600.2515
602.291 602.356 602.3925 602.441 602.4935 602.5305 602.5675 602.6155 602.651 602.6745 602.7095 602.744 602.7775 602.8105 602.822 602.8535 602.8645 602.895 602.9055 602.9155 602.9255 602.934 602.9425 602.9495 602.956 602.9615 602.951 602.954 602.9405 602.9335 602.925 602.908 602.889 602.868 602.8445 602.82 602.7945 602.7654 602.725 602.684 602.649 602.603 602.557 602.494 602.4425 602.3865 602.325 602.2535 602.178 602.085 601.985 601.8835 601.7675 601.6535 601.55 601.412 601.287 601.172 601.0405 600.8855 600.726 600.6165 600.4725 600.3255
602.413 602.459 602.5145 602.5525 602.611 602.646 602.681 602.715 602.748 602.7905 602.8145 602.8465 602.8775 602.909 602.9185 602.948 602.957 602.985 602.9935 603.0015 603.009 603.0165 603.0225 603.0285 603.033 603.0325 603.0255 603.0275 603.0145 603.007 602.998 602.98 602.9615 602.941 602.919 602.895 602.8705 602.8335 602.804 602.7635 602.7215 602.6765 602.6285 602.5804 602.531 602.466 602.4095 602.341 602.264 602.1685 602.0615 601.9575 601.8715 601.7485 601.629 601.491 601.3835 601.2645 601.13 600.986 600.837 600.6985 600.555 600.4245
602.5315 602.5755 602.6225 602.67 602.7166 602.763 602.7945 602.8265 602.858 602.8895 602.9205 602.9505 602.9795 602.998 603.0155 603.0425 603.05 603.075 603.0805 603.087 603.093 603.098 603.1025 603.1065 603.1105 603.1125 603.1 603.1015 603.0875 603.072 603.0705 603.053 603.0345 603.0145 602.993 602.97 602.9455 602.911 602.874 602.8445 602.7925 602.7615 602.71 602.663 602.6105 602.5465 602.4955 602.4285 602.3475 602.2405 602.163 602.054 601.9525 601.829 601.7295 601.6085 601.471 601.34 601.2305 601.0785 600.9285 600.808 600.661 600.51
602.6395 602.6995 602.746 602.791 602.823 602.8645 602.9095 602.94 602.9695 602.9985 603.027 603.055 603.0815 603.0905 603.1125 603.137 603.1425 603.1555 603.1689 603.173 603.176 603.1795 603.182 603.185 603.187 603.1775 603.1745 603.1705 603.16 603.145 603.1355 603.126 603.108 603.088 603.068 603.0455 603.014 602.98 602.954 602.926 602.8775 602.8415 602.794 602.736 602.7015 602.6405 602.5765 602.505 602.4165 602.342 602.2415 602.1335 602.0495 601.938 601.814 601.7045 601.5765 601.452 601.32 601.1865 601.0445 600.904 600.749 600.6265
602.7655 602.808 602.856 602.907 602.943 602.9755 603.0135 603.0535 603.0815 603.108 603.134 603.16 603.184 603.1975 603.21 603.2345 603.2365 603.239 603.262 603.264 603.265 603.266 603.267 603.268 603.2685 603.25 603.25 603.25 603.233 603.217 603.208 603.199 603.181 603.162 603.143 603.1135 603.083 603.0595 603.035 602.9945 602.9625 602.913 602.881 602.8275 602.7785 602.7245 602.661 602.599 602.5165 602.428 602.3385 602.2455 602.137 602.0415 601.9055 601.8094 601.677 601.5465 601.437 601.307 601.1435 601.024 600.8725 600.725
602.8875 602.927 602.98 603.0095 603.0605 603.091 603.13 603.1685 603.1935 603.22 603.2465 603.2715 603.2875 603.301 603.325 603.337 603.348 603.3475 603.3685 603.3675 603.367 603.366 603.3645 603.3635 603.3625 603.343 603.342 603.3315 603.321 603.302 603.282 603.275 603.25 603.2285 603.218 603.1905 603.1615 603.1395 603.1055 603.074 603.0475 603.001 602.961 602.917 602.865 602.8205 602.759 602.681 602.6035 602.523 602.436 602.3391 602.2265 602.141 602.018 601.916 601.795 601.6685 601.5405 601.407 601.27 601.116 600.978 600.846
602.995 603.051 603.0995 603.1325 603.175 603.212 603.241 603.277 603.318 603.3425 603.365 603.389 603.41 603.4252 603.462 603.4965 603.5245 603.5502 603.5681 603.5959 603.6028 603.6013 603.5992 603.5951 603.5643 603.5376 603.5089 603.4778 603.4351 603.3917 603.3725 603.356 603.3415 603.316 603.3005 603.2685 603.244 603.211 603.1835 603.158 603.1195 603.0895 603.042 603.005 602.955 602.903 602.8425 602.776 602.702 602.618 602.5315 602.4465 602.342 602.251 602.1185 602.026 601.9005 601.7745 601.6665 601.523 601.3765 601.23 601.113 600.9555
603.124 603.178 603.207 603.2625 603.295 603.3435 603.378 603.406 603.4377 603.5081 603.5645 603.6218 603.6776 603.7196 603.7571 603.7919 603.8202 603.8468 603.8613 603.8892 603.8961 603.8945 603.8925 603.8882 603.8574 603.8338 603.8045 603.7725 603.7291 603.686 603.6384 603.58 603.5295 603.4574 603.3913 603.3645 603.3354 603.305 603.2775 603.2469 603.204 603.1795 603.1349 603.088 603.0385 602.997 602.937 602.8725 602.7925 602.718 602.641 602.5445 602.439 602.366 602.241 602.142 602.0035 601.9055 601.782 601.628 601.505 601.371 601.2215 601.0905
603.2555 603.2955 603.3525 603.3985 603.4409 603.5145 603.5851 603.6553 603.7257 603.7964 603.8563 603.9134 603.9686 604.014 604.0522 604.0873 604.1158 604.1433 604.1546 604.1824 604.1893 604.1877 604.1857 604.1813 604.1505 604.13 604.1001 604.0665 604.0231 603.9804 603.9301 603.8729 603.8177 603.7474 603.6813 603.6114 603.5234 603.4496 603.3688 603.3395 603.307 603.27 603.2245 603.1745 603.138 603.086 603.0265 602.9604 602.9065 602.829 602.744 602.6445 602.563 602.4755 602.3525 602.261 602.142 602.0235 601.8755 601.7705 601.6265 601.4905 601.345 601.198
603.3885 603.427 603.5129 603.6174 603.7224 603.8016 603.8734 603.9435 604.0137 604.0844 604.148 604.205 604.2596 604.3083 604.3474 604.3824 604.4114 604.4395 604.4479 604.4757 604.4825 604.4808 604.4788 604.4744 604.4436 604.4262 604.3958 604.3605 604.3177 604.2748 604.2217 604.1657 604.106 604.0374 603.9713 603.8994 603.8116 603.7368 603.6505 603.5555 603.46 603.3645 603.3315 603.285 603.2401 603.182 603.1345 603.076 603.0065 602.94 602.8685 602.7685 602.672 602.587 602.4845 602.3805 602.2595 602.165 602.023 601.8795 601.7745 601.628 601.467 601.3275
603.5986 603.6914 603.7921 603.895 604.0024 604.0889 604.1614 604.2318 604.3019 604.3724 604.4398 604.4965 604.5507 604.6027 604.6425 604.6775 604.707 604.735 604.7411 604.769 604.7758 604.774 604.772 604.7675 604.7367 604.7224 604.6914 604.6545 604.6125 604.5691 604.5133 604.4586 604.3943 604.3274 604.2611 604.181 604.0997 604.0239 603.9322 603.8369 603.7415 603.645 603.5444 603.428 603.36 603.308 603.239 603.1855 603.121 603.0515 602.98 602.894 602.8045 602.724 602.608 602.519 602.4085 602.287 602.151 602.0355 601.899 601.7355 601.626 601.4815
603.8806 603.9749 604.0713 604.1747 604.2787 604.3763 604.4496 604.52 604.5902 604.6604 604.7311 604.7881 604.8417 604.897 604.9376 604.9726 605.0026 605.0306 605.0344 605.0622 605.0691 605.0673 605.0652 605.0606 605.0298 605.0181 604.987 604.9484 604.9069 604.8629 604.8049 604.7515 604.6825 604.6174 604.5493 604.4626 604.3859 604.3087 604.2139 604.1184 604.0229 603.9254 603.8193 603.6981 603.5862 603.4743 603.357 603.315 603.245 603.1755 603.1075 603.028 602.9255 602.8485 602.752 602.647 602.541 602.407 602.3 602.1675 602.045 601.914 601.7715 601.6155
604.1631 604.2584 604.3513 604.4539 604.5551 604.6589 604.7343 604.8083 604.8784 604.9484 605.0192 605.0797 605.1339 605.1889 605.2321 605.2677 605.2983 605.3263 605.3281 605.3555 605.3624 605.3605 605.3585 605.3537 605.3229 605.3137 605.2827 605.2424 605.2013 605.1558 605.0964 605.0441 604.9728 604.9074 604.8375 604.7493 604.6722 604.5903 604.4954 604.3999 604.3044 604.2052 604.0929 603.9739 603.8621 603.7432 603.618 603.5124 603.3938 603.312 603.236 603.1595 603.0505 602.995 602.8835 602.781 602.696 602.5705 602.439 602.319 602.194 602.0425 601.9175 601.777
604.4398 604.54 604.6348 604.7331 604.8348 604.94 605.0215 605.0965 605.1666 605.2365 605.3071 605.3714 605.427 605.48 605.5264 605.5628 605.5939 605.6219 605.6248 605.6487 605.6556 605.6537 605.6517 605.6468 605.616 605.6094 605.5783 605.5365 605.4957 605.4485 605.3878 605.3323 605.2635 605.1974 605.1212 605.0375 604.9593 604.8721 604.7768 604.6813 604.5815 604.4802 604.361 604.2498 604.1379 604.0085 603.8964 603.7907 603.6582 603.524 603.391 603.3199 603.216 603.117 603.0225 602.941 602.8354 602.716 602.6085 602.472 602.3455 602.2085 602.067 601.9189
604.7159 604.8206 604.9183 605.0123 605.1158 605.2164 605.3089 605.3846 605.4548 605.5249 605.5951 605.6631 605.72 605.771 605.8207 605.8579 605.8893 605.9175 605.9214 605.942 605.9489 605.9469 605.9449 605.9399 605.9101 605.905 605.8738 605.8314 605.79 605.7401 605.6806 605.6206 605.5535 605.4872 605.4028 605.3256 605.2463 605.1537 605.0583 604.9628 604.862 604.7551 604.6376 604.5257 604.4078 604.2803 604.1747 604.0551 603.9218 603.7904 603.6566 603.5228 603.3889 603.296 603.1815 603.09 602.9925 602.8885 602.7425 602.6475 602.517 602.366 602.2405 602.095
604.986 605.1016 605.2018 605.2946 605.395 605.4927 605.5955 605.6692 605.7431 605.8132 605.8831 605.9539 606.0116 606.062 606.1151 606.153 606.1846 606.2131 606.2181 606.2353 606.2421 606.2401 606.2381 606.233 606.2064 606.2006 606.1678 606.1262 606.0844 606.0317 605.9735 605.9089 605.8436 605.7755 605.6873 605.6077 605.5303 605.4352 605.3398 605.2416 605.1411 605.0227 604.9135 604.8016 604.6733 604.5586 604.4527 604.3195 604.1852 604.0555 603.9219 603.7876 603.6529 603.499 603.3561 603.2581 603.156 603.033 602.9265 602.805 602.654 602.557 602.402 602.235
605.2617 605.3777 605.48 605.5781 605.6741 605.7748 605.8769 605.9542 606.0315 606.1015 606.1711 606.2418 606.3032 606.3531 606.4093 606.4481 606.4799 606.5087 606.5145 606.5285 606.5354 606.5333 606.5313 606.5261 606.5025 606.4963 606.4618 606.4211 606.378 606.3234 606.2664 606.1971 606.1335 606.0615 605.9752 605.8948 605.812 605.7167 605.6212 605.5181 605.416 605.3013 605.1893 605.0726 604.9434 604.8369 604.7164 604.5829 604.4547 604.321 604.1871 604.0532 603.9061 603.7579 603.6101 603.4642 603.343 603.2395 603.0995 602.9635 602.8525 602.7265 602.565 602.442
605.5384 605.6501 605.7607 605.8616 605.9544 606.0568 606.1541 606.2415 606.3196 606.3897 606.4595 606.5298 606.5947 606.6459 606.7003 606.7432 606.7753 606.8044 606.8112 606.8218 606.8287 606.8265 606.8244 606.8192 606.7989 606.7919 606.7558 606.7159 606.671 606.6149 606.5587 606.4876 606.4236 606.343 606.2634 606.1818 606.0936 605.9982 605.9026 605.7986 605.6876 605.5771 605.4652 605.3379 605.2209 605.114 604.9807 604.8465 604.72 604.5862 604.4521 604.3132 604.1593 604.0176 603.8641 603.7294 603.585 603.4267 603.2995 603.1615 603.016 602.918 602.763 602.623
605.8141 605.9247 606.0394 606.1428 606.2379 606.336 606.4318 606.5288 606.6057 606.6779 606.7479 606.8178 606.8865 606.9391 606.9913 607.0384 607.0706 607.1 607.108 607.1151 607.1219 607.1198 607.1176 607.1122 607.095 607.0875 607.0501 607.0108 606.9639 606.9063 606.847 606.7783 606.7134 606.6254 606.5475 606.4689 606.3751 606.2796 606.1774 606.0769 605.9647 605.853 605.7373 605.6069 605.4992 605.3777 605.2441 605.1188 604.9855 604.8516 604.7175 604.5664 604.4224 604.2717 604.1284 603.9941 603.8363 603.678 603.5132 603.347 603.2455 603.1045 602.941 602.827
606.0882 606.2015 606.3141 606.4199 606.5214 606.6152 606.7147 606.8134 606.8871 606.9662 607.0362 607.1058 607.1766 607.2322 607.2824 607.3332 607.3659 607.3956 607.4045 607.4083 607.4152 607.413 607.4107 607.4054 607.3911 607.3832 607.345 607.3052 607.2568 607.1978 607.1353 607.0691 607.0016 606.9133 606.8302 606.7518 606.6566 606.5611 606.4547 606.3519 606.2408 606.1288 606.0026 605.8831 605.7751 605.6418 605.5078 605.3845 605.2505 605.1166 604.9736 604.8214 604.6791 604.5275 604.3936 604.2458 604.0875 603.9261 603.7599 603.5946 603.4299 603.3135 603.16 603.026
606.3636 606.4776 606.5876 606.7008 606.8049 606.8977 606.9971 607.0917 607.1741 607.2546 607.3245 607.3942 607.4645 607.5253 607.5734 607.6276 607.6613 607.6912 607.701 607.7016 607.7084 607.7062 607.7039 607.6985 607.6874 607.6788 607.6398 607.5996 607.5497 607.4892 607.4235 607.3597 607.2833 607.2011 607.1173 607.0335 606.938 606.8386 606.7351 606.6254 606.5166 606.402 606.2704 606.1614 606.0391 605.9053 605.7796 605.6498 605.5159 605.3807 605.2267 605.0867 604.9332 604.7926 604.6555 604.4971 604.3387 604.1729 604.0089 603.8421 603.6951 603.5418 603.3763 603.2625
606.6376 606.7516 606.8647 606.9774 607.0827 607.1812 607.277 607.3717 607.4614 607.5422 607.6127 607.6825 607.7525 607.8182 607.8649 607.9207 607.9566 607.9866 607.9975 607.9949 608.0017 607.9993 607.997 607.9916 607.9838 607.9744 607.9347 607.8932 607.8418 607.7813 607.7117 607.6497 607.5648 607.4876 607.4044 607.315 607.2195 607.1132 607.0127 606.9046 606.7925 606.6672 606.546 606.4364 606.303 606.169 606.049 605.9149 605.7812 605.6339 605.4857 605.3407 605.1917 605.0577 604.9067 604.7484 604.5858 604.4221 604.2563 604.0941 603.9545 603.7889 603.623 603.4568
606.9036 607.0257 607.1411 607.2507 607.3597 607.4647 607.5576 607.6546 607.7488 607.8237 607.9011 607.9708 608.0405 608.1098 608.158 608.2117 608.2519 608.2819 608.2939 608.2918 608.295 608.2925 608.2902 608.2847 608.2802 608.2692 608.2296 608.1861 608.1334 608.0734 608.0024 607.9395 607.8513 607.7692 607.6914 607.5964 607.4998 607.3912 607.2859 607.1803 607.0667 606.9339 606.8237 606.7004 606.5665 606.4404 606.3143 606.1804 606.041 605.8871 605.7482 605.5947 605.4568 605.3163 605.158 604.9987 604.8325 604.6706 604.5038 604.3593 604.2015 604.0358 603.8697 603.6957
607.17 607.3019 607.4151 607.5278 607.6391 607.7456 607.8411 607.9371 608.0294 608.1068 608.1895 608.2592 608.3288 608.3992 608.4511 608.5027 608.5472 608.5773 608.5905 608.5886 608.5883 608.5858 608.5833 608.5785 608.5765 608.5638 608.5244 608.479 608.4248 608.3616 608.2931 608.2234 608.1392 608.0528 607.9734 607.8779 607.7744 607.6717 607.5684 607.4561 607.3318 607.2095 607.0977 606.9643 606.8303 606.7133 606.5792 606.4456 606.2943 606.1499 606.0023 605.8558 605.7219 605.5676 605.4091 605.2454 605.0848 604.9181 604.7582 604.6142 604.4487 604.2825 604.1129 603.9334
607.4391 607.5679 607.6891 607.8044 607.9136 608.0226 608.1246 608.2181 608.3116 608.394 608.4778 608.5475 608.6171 608.6873 608.7443 608.7938 608.803 608.8006 608.7983 608.796 608.7936 608.7912 608.7888 608.7865 608.7839 608.7811 608.779 608.772 608.7162 608.6498 608.5838 608.5051 608.4271 608.3398 608.2549 608.1594 608.049 607.9471 607.8441 607.7314 607.5974 607.486 607.3616 607.2277 607.1011 606.9786 606.8447 606.7014 606.5494 606.4097 606.2563 606.121 605.9772 605.8188 605.6583 605.4952 605.3323 605.166 605.0234 604.8613 604.6954 604.5292 604.3505 604.171
607.7151 607.8342 607.9637 608.0786 608.1907 608.2997 608.408 608.5009 608.5945 608.6814 608.7602 608.814 608.8121 608.8099 608.8077 608.8054 608.803 608.8007 608.7984 608.7961 608.7938 608.7914 608.7891 608.7867 608.7844 608.7821 608.7797 608.7774 608.7751 608.7727 608.7704 608.768 608.7092 608.6269 608.5363 608.4355 608.3278 608.229 608.1198 607.9965 607.873 607.7589 607.6255 607.4916 607.3756 607.2435 607.1085 606.9546 606.8142 606.6638 606.5201 606.386 606.2285 606.0698 605.905 605.7465 605.5798 605.4224 605.2739 605.1082 604.9421 604.7676 604.5881 604.4147
