samples/sfe_316/sfe_316_c3/sfe_316_c3/sfe_316_c3.asc
ncols         184
nrows         75
xllcorner     96.199999999255
yllcorner     62.60000000149
cellsize      1
NODATA_value  -9999
[rows 0 to 27 of 75, columns 0 to 63 of 184]
-9999 -9999 -9999 -9999 610.4408 610.4164 610.3923 610.3678 610.3438 610.3196 610.2953 610.2711 610.2468 610.2225 610.1982 610.1741 610.15 610.1257 610.1013 610.077 610.0528 610.0284 610.0044 609.98 609.9557 609.9314 609.9073 609.883 609.8587 609.8343 609.8102 609.7859 609.762 609.7375 609.7132 609.6891 609.6647 609.6408 609.6163 609.5923 609.5679 609.5439 609.5195 609.4955 609.4711 609.4471 609.4231 609.3987 609.3746 609.3508 609.3263 609.3022 609.2784 609.2544 609.2299 609.2059 609.1821 609.158 609.1342 609.1102 609.0864 609.0624 609.0383 609.0145
-9999 -9999 -9999 -9999 610.3751 610.3491 610.325 610.2989 610.2748 610.2497 610.2249 610.1997 610.1744 610.1492 610.1246 610.0998 610.0749 610.0496 610.0241 609.9987 609.9741 609.9482 609.9241 609.8986 609.8734 609.8485 609.8236 609.798 609.7728 609.7479 609.7228 609.6976 609.6735 609.6475 609.6221 609.598 609.572 609.5485 609.5224 609.4983 609.4727 609.4487 609.423 609.3989 609.3732 609.3491 609.3251 609.2994 609.2752 609.2519 609.2255 609.2014 609.178 609.154 609.1281 609.1041 609.0806 609.0565 609.0332 609.0092 608.9858 608.9619 608.9378 608.9145
-9999 -9999 -9999 610.3398 610.3095 610.2818 610.2578 610.2299 610.2058 610.1798 610.1544 610.1283 610.1021 610.0759 610.0517 610.0254 609.9998 609.9734 609.9469 609.9203 609.8958 609.8681 609.8438 609.817 609.791 609.7665 609.7399 609.713 609.6868 609.6622 609.6353 609.6091 609.585 609.5575 609.5313 609.5069 609.4792 609.4561 609.4285 609.4042 609.3774 609.3534 609.3264 609.3024 609.2753 609.251 609.2271 609.2001 609.1758 609.153 609.1247 609.1005 609.0776 609.0536 609.0261 609.0021 608.9791 608.955 608.9322 608.9082 608.8854 608.8613 608.8373 608.8145
-9999 -9999 -9999 610.2756 610.2438 610.2139 610.1904 610.1603 610.1368 610.1099 610.0837 610.0579 610.0295 610.0037 609.9784 609.951 609.9247 609.8972 609.8696 609.8418 609.8174 609.7899 609.7635 609.7355 609.7094 609.6844 609.6561 609.628 609.6017 609.5765 609.5479 609.5203 609.4965 609.4675 609.4412 609.4158 609.3863 609.3637 609.3345 609.3102 609.2821 609.2581 609.2298 609.2058 609.177 609.153 609.129 609.1006 609.0764 609.054 609.0239 608.9996 608.9772 608.9532 608.9241 608.9002 608.8776 608.8535 608.8312 608.8072 608.7849 608.7609 608.7368 608.7145
-9999 -9999 -9999 610.2115 610.1781 610.1487 610.123 610.0938 610.0677 610.0396 610.0128 609.9878 609.9568 609.9318 609.905 609.8766 609.8494 609.8205 609.7918 609.763 609.7391 609.7116 609.6832 609.6535 609.6279 609.6019 609.5724 609.5428 609.5166 609.4905 609.4604 609.4321 609.408 609.3772 609.3511 609.3246 609.2932 609.2713 609.2402 609.2162 609.1868 609.1628 609.1328 609.1092 609.0795 609.055 609.031 609.0009 608.977 608.955 608.9229 608.8987 608.8768 608.8528 608.8217 608.7983 608.7761 608.7521 608.7302 608.7062 608.6844 608.6603 608.6364 608.6145
-9999 -9999 -9999 610.147 610.1121 610.0836 610.0554 610.0268 609.9984 609.9695 609.9432 609.9177 609.8845 609.8598 609.8316 609.8019 609.774 609.7444 609.7147 609.6847 609.6608 609.6331 609.6028 609.5719 609.5464 609.5195 609.4885 609.4574 609.4315 609.4044 609.3727 609.3447 609.3195 609.2869 609.261 609.2335 609.201 609.179 609.1462 609.1222 609.0911 609.0676 609.0361 609.0126 608.9829 608.957 608.933 608.9017 608.8776 608.8561 608.8218 608.7979 608.7764 608.7524 608.7204 608.6964 608.6746 608.6506 608.6292 608.6052 608.5837 608.5599 608.5358 608.5145
-9999 -9999 610.1205 610.0825 610.0462 610.0172 609.988 609.9587 609.9293 609.9 609.8736 609.8476 609.8126 609.7878 609.7581 609.7274 609.699 609.6695 609.639 609.6082 609.5825 609.5537 609.5222 609.4911 609.465 609.437 609.4044 609.3725 609.3464 609.3184 609.285 609.2572 609.231 609.197 609.1709 609.1423 609.1099 609.0863 609.0533 609.0282 608.9958 608.9723 608.9407 608.9161 608.8864 608.8591 608.8351 608.8038 608.7781 608.7567 608.7211 608.697 608.676 608.652 608.62 608.5945 608.5732 608.5492 608.5282 608.5042 608.4827 608.4594 608.4353 608.4145
-9999 -9999 610.0544 610.0179 609.9807 609.9507 609.9208 609.8907 609.8604 609.8314 609.804 609.7775 609.7427 609.7159 609.6844 609.653 609.6241 609.5948 609.5637 609.5318 609.5042 609.4745 609.4418 609.4109 609.3835 609.3544 609.3207 609.2879 609.2614 609.2321 609.1977 609.1697 609.1425 609.108 609.0808 609.051 609.0187 608.9935 608.961 608.9341 608.9009 608.877 608.8455 608.8195 608.7897 608.7612 608.7372 608.7059 608.6787 608.6572 608.6218 608.5961 608.5756 608.5516 608.5196 608.4926 608.4718 608.4478 608.4272 608.4032 608.3817 608.3589 608.3348 608.3145
-9999 -9999 609.9899 609.9534 609.9165 609.8855 609.8536 609.824 609.7914 609.7628 609.7344 609.707 609.6728 609.6434 609.611 609.5787 609.55 609.5203 609.4883 609.4554 609.4257 609.3954 609.3616 609.3308 609.302 609.2717 609.2371 609.2045 609.1763 609.146 609.1103 609.0823 609.054 609.0195 608.9907 608.9599 608.9276 608.9007 608.8686 608.8401 608.8069 608.7817 608.7502 608.723 608.6932 608.6632 608.6392 608.6079 608.5793 608.5578 608.5228 608.4952 608.4752 608.4512 608.4192 608.3907 608.3704 608.3464 608.3262 608.3022 608.2807 608.2584 608.2343 608.2145
-9999 -9999 609.9255 609.8889 609.8523 609.8203 609.7863 609.7572 609.7225 609.6943 609.6647 609.6364 609.6029 609.5708 609.5377 609.5049 609.4759 609.4457 609.413 609.379 609.3474 609.3164 609.2814 609.2507 609.2205 609.1893 609.1542 609.1212 609.0912 609.06 609.0245 608.9949 608.9654 608.931 608.9006 608.8688 608.8365 608.8079 608.7762 608.7462 608.7129 608.6865 608.6549 608.6263 608.5966 608.5653 608.5413 608.51 608.4799 608.4584 608.4239 608.3943 608.3748 608.3508 608.3188 608.2888 608.269 608.245 608.2252 608.2012 608.1797 608.1579 608.1339 608.1145
-9999 -9999 609.8613 609.8243 609.7881 609.7551 609.7191 609.6904 609.6542 609.6257 609.5952 609.5658 609.5322 609.4985 609.4644 609.432 609.4019 609.3711 609.3377 609.3026 609.2689 609.238 609.2024 609.1706 609.139 609.1069 609.0721 609.0378 609.0061 608.9742 608.9389 608.9074 608.8768 608.8425 608.8105 608.7786 608.7454 608.7151 608.6838 608.6521 608.6189 608.5912 608.5597 608.5298 608.5 608.4673 608.4434 608.412 608.3804 608.3589 608.328 608.306 608.2136 608.1896 608.1706 608.1054 607.9976 607.9649 607.9417 607.9177 607.8961 607.8748 607.8507 607.8315
-9999 609.8358 609.7971 609.7598 609.7239 609.6899 609.6542 609.6237 609.5877 609.5571 609.5255 609.4954 609.4613 609.4261 609.3919 609.3591 609.3278 609.2965 609.2623 609.2262 609.1904 609.1597 609.1241 609.0905 609.0576 609.0252 608.9901 608.9545 608.921 608.8892 608.8533 608.8199 608.7884 608.754 608.7205 608.6886 608.6543 608.6223 608.5915 608.57 608.4865 608.3947 608.2932 608.2256 608.1138 608.0606 607.9492 607.8988 607.8354 607.7261 607.6898 607.6157 607.5077 607.4811 607.4616 607.4082 607.3005 607.2678 607.2322 607.2084 607.1863 607.1654 607.1414 607.1218
-9999 609.769 609.7329 609.6953 609.6598 609.6248 609.5892 609.5569 609.5212 609.4885 609.4559 609.4249 609.3912 609.3538 609.3199 609.2861 609.2537 609.2219 609.187 609.1498 609.112 609.0814 609.0459 609.0103 608.9761 608.9437 608.908 608.8711 608.8359 608.8041 608.769 608.7475 608.6464 608.5344 608.4242 608.3149 608.2051 608.0963 607.9838 607.8914 607.7821 607.6912 607.5854 607.5209 607.4091 607.3588 607.2473 607.1907 607.1312 607.022 606.9813 606.9171 606.8091 606.7725 606.7526 606.7111 606.6033 606.5707 606.5209 606.499 606.4766 606.4561 606.432 606.4121
-9999 609.7046 609.6688 609.6308 609.5956 609.5596 609.5243 609.4901 609.4547 609.4199 609.3862 609.3547 609.3211 609.2822 609.248 609.2133 609.1796 609.1473 609.111 609.0726 609.0341 609.0031 608.9677 608.9302 608.9035 608.824 608.6852 608.5444 608.4178 608.3093 608.1738 608.0519 607.942 607.8294 607.7202 607.6109 607.4992 607.3919 607.2795 607.187 607.0776 606.9877 606.8792 606.8161 606.7043 606.6571 606.5455 606.4825 606.4271 606.3177 606.2727 606.2186 606.1105 606.064 606.0436 606.0139 605.9061 605.8736 605.8104 605.7897 605.7668 605.7468 605.7227 605.7023
-9999 609.6401 609.6046 609.5664 609.5314 609.4944 609.4594 609.4233 609.3881 609.3513 609.3163 609.285 609.251 609.2123 609.1761 609.1403 609.1055 609.0728 609.0425 608.9353 608.7734 608.652 608.5068 608.3666 608.2437 608.1229 607.9851 607.8442 607.7142 607.6056 607.4733 607.348 607.2383 607.1243 607.0162 606.9069 606.7933 606.6876 606.5752 606.4825 606.3732 606.2843 606.1757 606.1113 605.9995 605.9553 605.8436 605.7744 605.7233 605.6136 605.5641 605.5209 605.4118 605.3554 605.3347 605.3121 605.209 605.1765 605.1016 605.0804 605.0571 605.0374 605.0134 604.9926
-9999 609.5756 609.5404 609.502 609.4671 609.4293 609.3944 609.3566 609.3213 609.2828 609.2471 609.2155 609.1819 609.107 608.9604 608.8195 608.6795 608.5419 608.4012 608.2414 608.0786 607.9472 607.8125 607.6655 607.5425 607.4217 607.285 607.1441 607.0104 606.9019 606.7727 606.6439 606.5347 606.4193 606.3124 606.2029 606.0875 605.9833 605.8708 605.7781 605.6688 605.5811 605.4723 605.4066 605.2947 605.2532 605.1418 605.0663 605.0197 604.9094 604.8556 604.8232 604.7132 604.6469 604.6257 604.6033 604.5118 604.4794 604.3944 604.3711 604.3474 604.3281 604.3041 604.2828
609.5511 609.5112 609.4762 609.4376 609.4027 609.3641 609.329 609.297 609.1879 609.0063 608.8701 608.7307 608.5878 608.4219 608.2649 608.1222 607.9791 607.8422 607.7015 607.5475 607.3847 607.2424 607.1182 606.9645 606.8413 606.7206 606.5848 606.444 606.3084 606.1982 606.0721 605.9399 605.8307 605.7142 605.6089 605.4989 605.3816 605.2789 605.1666 605.0737 604.9644 604.8782 604.7688 604.7018 604.59 604.5455 604.4399 604.3581 604.3159 604.2052 604.147 604.1255 604.0146 603.9382 603.9167 603.8926 603.8146 603.7823 603.6972 603.6617 603.6378 603.6188 603.5947 603.5731
609.4836 609.4469 609.4175 609.2881 609.1461 608.9603 608.8203 608.6325 608.4926 608.3101 608.1741 608.0347 607.8884 607.7368 607.5694 607.4249 607.2829 607.142 607.0018 606.8536 606.6908 606.5376 606.4155 606.2634 606.14 606.0194 605.8887 605.7439 605.6074 605.4945 605.3716 605.2381 605.1266 605.0092 604.9054 604.7949 604.6757 604.5746 604.4622 604.3692 604.2599 604.1753 604.0654 603.997 603.8852 603.8378 603.7381 603.65 603.6122 603.501 603.4384 603.4175 603.3162 603.2294 603.2077 603.1834 603.1175 603.0851 603.0001 602.9525 602.9285 602.9095 602.8854 602.8633
609.0764 608.9164 608.7764 608.5886 608.4487 608.2629 608.1208 607.9441 607.7931 607.6221 607.4779 607.3387 607.189 607.0483 606.8739 606.7324 606.5871 606.4417 606.3021 606.1597 605.9969 605.8341 605.7111 605.5667 605.4388 605.3183 605.1943 605.0438 604.9065 604.7908 604.6711 604.5367 604.4227 604.3041 604.2019 604.0909 603.9716 603.8703 603.7579 603.6648 603.5555 603.4724 603.3619 603.2923 603.1804 603.1299 603.0364 602.9418 602.9084 602.7968 602.7299 602.709 602.6185 602.5209 602.4987 602.4744 602.4203 602.388 602.3029 602.2431 602.2191 602.2001 602.1761 602.1536
608.3829 608.2202 608.077 607.897 607.7491 607.5739 607.4213 607.2593 607.0936 606.9374 606.7817 606.6428 606.4937 606.3489 606.1784 606.0386 605.8898 605.7414 605.6024 605.4615 605.303 605.1402 605.0066 604.8723 604.7375 604.6171 604.4941 604.3436 604.2055 604.0871 603.9681 603.8353 603.7186 603.5991 603.4984 603.3868 603.268 603.166 603.0536 602.9603 602.8511 602.7695 602.6584 602.5875 602.4756 602.422 602.3347 602.2337 602.2047 602.093 602.0213 602.0009 601.9208 601.8124 601.7897 601.7655 601.7231 601.6909 601.6057 601.5338 601.5098 601.4908 601.4668 601.4438
607.6714 607.5267 607.3774 607.2094 607.0497 606.8863 606.7219 606.5745 606.3941 606.2526 606.0856 605.9468 605.8086 605.6496 605.4866 605.343 605.1924 605.0411 604.9026 604.7618 604.6091 604.4463 604.3018 604.1776 604.0364 603.916 603.7932 603.6435 603.5046 603.3834 603.265 603.134 603.0146 602.8955 602.7949 602.6829 602.5645 602.4617 602.3492 602.2559 602.1466 602.0667 601.955 601.8828 601.7709 601.7137 601.6329 601.5248 601.501 601.3893 601.3127 601.2928 601.2231 601.1121 601.0807 601.0566 601.026 600.9937 600.9086 600.8245 600.8005 600.7815 600.7574 600.7341
607.8654 606.8333 606.678 606.5218 606.3502 606.1987 606.0224 605.8821 605.6946 605.5544 605.3893 605.2508 605.1129 604.9502 604.8015 604.6475 604.4966 604.3462 604.2029 604.0621 603.9151 603.7524 603.597 603.4733 603.3353 603.2148 603.0922 602.9485 602.8036 602.6797 602.5618 602.4326 602.3106 602.1919 602.0915 601.9791 601.861 601.7548 601.645 601.5515 601.4422 601.3638 601.2521 601.178 601.0661 601.0051 600.9312 600.8192 600.7935 600.6855 600.6042 600.5848 600.5255 600.4139 600.3718 600.3477 600.3284 600.2965 600.2114 600.1152 600.0912 600.0721 600.0482 600.0244
608.3011 606.1397 605.9785 605.8307 605.6517 605.5043 605.3262 605.1828 605.009 604.855 604.6932 604.5549 604.4166 604.2509 604.1101 603.9518 603.8054 603.6527 603.5032 603.3624 603.2212 603.0584 602.8957 602.7689 602.6343 602.5135 602.3913 602.2542 602.1027 601.9782 601.8586 601.7312 601.6067 601.4883 601.388 601.2757 601.1575 601.0475 600.9406 600.847 600.7377 600.6608 600.5493 600.4732 600.3613 600.2966 600.2295 600.1174 600.0853 599.991 599.793 599.7735 599.731 599.8185 599.86 599.7524 599.6595 599.713 599.634 599.4825 599.61 599.683 599.653 599.553
608.7369 605.4462 605.2836 605.1348 604.9581 604.8084 604.6328 604.4834 604.324 604.1556 604.0021 603.8591 603.7203 603.5583 603.4108 603.2563 603.1141 602.9592 602.8033 602.6627 602.522 602.3645 602.2017 602.0646 601.9332 601.8123 601.6903 601.5598 601.4023 601.2772 601.1555 601.0298 600.9053 600.7847 600.6845 600.5722 600.454 600.3402 600.245 600.1705 600.1075 600.0396 599.9475 599.735 599.8345 599.8875 599.601 599.6145 599.438 599.407 599.4536 599.404 599.3655 599.2835 599.2775 599.346 599.12 599.088 599.1135 599.012 599.2065 599.147 599.084 599.1956
609.1728 604.7527 604.59 604.4389 604.2646 604.1118 603.9392 603.784 603.6392 603.4562 603.3156 603.1632 603.024 602.8732 602.7114 602.5608 602.4214 602.2626 602.103 601.963 601.8223 601.6706 601.5078 601.3603 601.2354 601.111 600.9894 600.8649 600.7026 600.5763 600.4523 600.397 600.355 600.261 600.088 599.97 599.916 599.724 599.885 599.6071 599.4445 599.754 599.7785 599.5915 599.431 599.5145 599.26 599.372 599.35 599.3905 599.3835 599.32 599.142 599.0695 599.052 599.1565 599.0595 598.801 598.902 598.998 599.044 598.75 598.666 598.976
609.6086 604.0592 603.8965 603.7401 603.5745 603.4123 603.2514 603.0845 602.944 602.759 602.6162 602.4674 602.3278 602.1882 602.012 601.8661 601.7259 601.5695 601.4095 601.2633 601.1226 600.9767 600.8139 600.6559 600.5715 600.404 600.4905 600.377 600.1646 600.0425 600.153 600.052 599.9215 599.9945 599.7545 599.7105 599.701 599.493 599.6415 599.582 599.467 599.3416 599.308 599.3725 599.1295 599.2045 599.007 598.9545 598.9825 598.9165 598.914 599.0205 598.7975 598.745 598.792 598.7645 598.7401 598.6331 598.8355 598.7845 598.7125 598.7535 598.7545 598.698
-9999 603.7704 603.2031 603.0406 602.884 602.7149 602.5576 602.3895 602.2446 602.074 601.9168 601.7715 601.6315 601.4955 601.3126 601.1719 601.0303 600.8782 600.716 600.6855 600.726 600.528 600.2215 600.173 600.083 600.1805 600.2585 599.94 599.7695 599.9355 600.0155 599.6645 599.5359 599.781 599.7295 599.7315 599.7125 599.5155 599.538 599.508 599.281 599.1725 599.147 599.1975 598.9285 599.046 598.9715 598.6945 598.7525 598.612 598.518 598.6165 598.5235 598.4406 598.4035 598.423 598.5875 598.6665 598.575 598.4405 598.5575 598.7745 598.6105 598.403
-9999 604.2062 602.5095 602.3469 602.188 602.0214 601.8617 601.696 601.5452 601.389 601.2175 601.0757 600.9356 600.8355 600.6956 600.553 600.525 600.5715 600.3455 600.2495 600.257 600.3645 600.1015 600.083 600.0965 599.987 599.9105 599.9115 599.857 599.732 599.6745 599.657 599.61 599.4885 599.4195 599.3455 599.2605 599.2125 599.1655 599.247 598.987 598.9005 598.9345 599.008 598.7585 598.6905 598.7 598.578 598.7555 598.7215 598.64 598.615 598.6015 598.5685 598.5355 598.396 598.6175 598.688 598.392 598.3035 598.6 598.6855 598.389 598.3085
