samples/sfe_316/sfe_316_c3/sfe_316_c3/sfe_316_c3.asc
ncols         184
nrows         75
xllcorner     96.199999999255
yllcorner     62.60000000149
cellsize      1
NODATA_value  -9999
[rows 28 to 55 of 75, columns 64 to 127 of 184]
598.5865 598.504 598.3955 598.3715 598.4335 598.384 598.3435 598.3615 598.4885 598.3865 598.4515 598.3815 598.395 598.311 598.3385 598.374 598.3375 598.2275 597.9135 597.73 597.7209 597.9015 597.922 598.0125 597.8295 597.6095 597.6875 597.932 597.913 597.531 597.4475 597.59 597.603 597.589 597.662 597.783 597.715 597.7295 597.4555 597.401 597.697 597.801 597.657 597.481 597.692 597.5245 597.5355 597.4615 597.49 597.769 597.6275 597.6935 597.814 597.9915 598.2315 598.3635 598.446 598.541 598.6813 598.7752 598.9166 599.0105 599.1227 599.2427
598.378 598.5115 598.2795 598.1935 598.463 598.452 598.3585 598.2135 598.3755 598.2185 598.3375 598.2525 598.1525 598.1165 598.081 598.0385 598.03 598.1205 597.88 597.894 597.914 597.8085 597.79 597.884 597.636 597.663 597.6785 597.5935 597.5685 597.6085 597.5875 597.565 597.5205 597.3715 597.5601 597.4755 597.4305 597.547 597.303 597.2375 597.4965 597.411 597.3205 597.268 597.4795 597.463 597.4275 597.449 597.4685 597.525 597.3415 597.4455 597.5085 597.5145 597.553 597.538 597.542 597.702 597.9641 598.1875 598.2435 598.3039 598.4211 598.5375
598.2615 598.454 598.277 598.19 598.454 598.3925 598.313 598.381 598.432 598.195 598.2677 598.1979 598.1542 597.9675 597.863 597.822 597.8045 598.081 598.028 598.07 598.026 597.6705 597.7295 597.8785 597.7585 597.6085 597.545 597.361 597.314 597.642 597.699 597.674 597.607 597.2635 597.2425 597.1755 597.2975 597.4745 597.366 597.2895 597.1935 597.0205 597.001 597.199 597.188 597.3345 597.23 597.3625 597.3936 597.1835 597.208 597.2245 597.358 597.283 597.3745 597.1575 597.251 597.1436 597.111 597.3185 597.4585 597.582 597.526 597.522
598.3465 598.478 598.3055 598.2135 598.483 598.477 598.3915 598.31 598.2595 598.1555 598.3215 598.1646 598.2834 598.24 598.1465 598.1005 598.054 597.943 597.881 597.831 597.7635 597.6535 597.7629 597.6909 597.608 597.6245 597.5935 597.5525 597.5075 597.416 597.3655 597.3305 597.306 597.344 597.298 597.1415 597.317 597.2175 597.162 597.2655 597.035 597.087 597.1535 597.196 596.9815 597.1025 596.9205 596.928 596.9475 596.8745 597.066 596.933 597.0755 596.942 597.089 596.971 597.157 597.1585 597.0945 596.998 597.235 597.1715 597.151 597.245
598.3255 598.5675 598.535 598.3285 598.5445 598.652 598.426 598.1985 598.3 598.198 598.1975 598.322 598.363 598.2225 598.2985 598.337 598.262 598.0295 597.769 597.642 597.624 597.8235 597.8835 597.576 597.615 597.592 597.549 597.672 597.513 597.3975 597.3328 597.2483 597.113 597.4325 597.4535 597.313 597.303 597.023 597.1045 597.22 596.9445 596.9635 597.1335 596.9775 596.982 597.05 596.796 596.847 596.8975 596.875 596.7785 596.6915 596.9335 596.8985 596.7915 596.8875 597.0335 597.0465 596.901 596.9065 596.8645 596.7296 596.763 597.1115
598.598 598.5295 598.482 598.394 598.6225 598.6865 598.3669 598.265 598.516 598.4835 598.396 598.298 598.222 598.101 598.282 598.1715 598.0765 598.1585 597.9065 597.92 597.9385 597.8115 597.725 597.6075 597.7785 597.7321 597.6565 597.663 597.423 597.5045 597.3055 597.3255 597.347 597.245 597.192 597.15 597.0835 597.1115 597.2 597.2145 596.881 596.7895 596.999 596.835 596.9895 597.007 596.7065 596.691 596.7415 596.8425 596.5885 596.5275 596.8105 596.8405 596.57 596.5785 596.6525 596.7745 596.6085 596.767 596.631 596.7035 596.811 596.898
598.706 598.638 598.502 598.6145 598.6055 598.723 598.647 598.4335 598.6205 598.711 598.4865 598.3915 598.196 598.142 598.353 598.1071 597.9555 598.0205 597.936 598.177 598.1645 597.7795 597.83 597.86 597.7345 597.8725 597.8885 597.7635 597.4565 597.3605 597.288 597.3315 597.3195 597.3275 597.2965 597.224 597.0115 597.1375 597.2585 597.194 596.8705 596.774 597.0025 596.8885 597.0065 596.9815 596.8445 596.7515 596.7375 596.813 596.7165 596.6835 596.7385 596.561 596.5935 596.5665 596.3935 596.4205 596.38 596.4745 596.6255 596.747 596.604 596.5455
598.757 598.874 598.737 598.8165 598.6485 598.617 598.6245 598.533 598.7475 598.7775 598.495 598.5825 598.3676 598.252 598.4745 598.44 598.3475 598.2825 598.2335 598.0995 598.02 597.8945 598.081 598.0945 597.76 597.7104 597.723 597.804 597.549 597.564 597.5715 597.521 597.47 597.3311 597.2975 597.3905 597.1295 597.081 597.105 597.18 596.905 596.802 597.0145 596.8845 596.7735 596.734 596.6956 596.6555 596.639 596.574 596.5421 596.505 596.452 596.383 596.6125 596.6335 596.3545 596.4365 596.4615 596.3325 596.576 596.615 596.3365 596.3115
598.9084 599.0515 599.037 598.885 598.9475 598.9005 598.677 598.61 598.699 598.869 598.6005 598.526 598.482 598.5724 598.5065 598.6565 598.6285 598.4175 598.4785 598.356 598.256 598.198 598.0915 598.1525 597.8755 597.6845 597.678 597.89 597.666 597.607 597.638 597.7285 597.5465 597.2675 597.222 597.4795 597.4125 597.257 597.038 597.055 597.102 596.9295 597.089 596.9845 596.694 596.6115 596.7525 596.7745 596.6825 596.4725 596.547 596.374 596.3035 596.4936 596.5348 596.3965 596.244 596.357 596.5225 596.2755 596.2855 596.301 596.2065 596.2015
599.1615 599.116 599.119 598.963 599.175 599.2295 598.933 598.9635 599.0235 599.037 598.7915 598.7985 598.855 598.8795 598.5895 598.545 598.545 598.412 598.589 598.461 598.3605 598.4355 598.1945 598.2935 598.0665 598.076 598.098 598.107 597.827 597.8415 597.878 597.8715 597.582 597.588 597.5895 597.4705 597.413 597.484 597.189 597.0755 597.26 597.065 597.19 597.1815 596.838 596.7271 596.924 596.7915 596.6575 596.5575 596.7285 596.679 596.5815 596.4605 596.4185 596.463 596.4225 596.274 596.4705 596.3732 596.4005 596.389 596.388 596.388
599.8549 599.8307 599.8018 599.7777 599.7277 599.6161 599.5674 599.5384 599.5143 599.4281 599.374 599.2985 599.27 599.2525 599.0215 598.992 598.939 598.7339 598.8385 598.681 598.438 598.402 598.334 598.516 598.4325 598.268 598.2145 598.3045 598.0335 598.1775 598.215 598.0625 597.7715 597.699 597.6955 597.6895 597.6265 597.4675 597.293 597.225 597.3955 597.2075 597.3205 597.3345 597.1735 597.0935 597.0735 596.759 596.809 596.861 596.848 596.688 596.737 596.424 596.3385 596.6071 596.44 596.274 596.506 596.609 596.5425 596.372 596.472 596.3715
600.5528 600.5283 600.4993 600.4752 600.4247 600.3132 600.2759 600.2473 600.2232 600.1248 600.0328 600.0056 599.9138 599.8139 599.7899 599.6821 599.598 599.4911 599.4062 599.3196 599.207 599.1194 599.035 598.965 598.787 598.694 598.5795 598.5805 598.235 598.175 598.1815 598.2565 597.977 597.9855 597.977 597.83 597.7275 597.772 597.6805 597.4785 597.591 597.3855 597.4595 597.309 597.174 597.103 597.0155 596.8905 597.044 596.9075 596.752 596.6475 596.8125 596.7545 596.687 596.6915 596.398 596.3185 596.542 596.422 596.309 596.255 596.4325 596.279
601.2507 601.2258 601.1968 601.1727 601.1218 601.0103 600.9845 600.9562 600.932 600.8216 600.741 600.7128 600.6163 600.5216 600.4938 600.3825 600.3049 600.1957 600.1136 600.0239 599.9125 599.7974 599.7014 599.5894 599.4774 599.3747 599.2697 599.1382 599.0062 598.92 598.833 598.5765 598.4115 598.4135 598.1925 598.098 597.906 598.0635 597.866 597.6535 597.8285 597.752 597.544 597.4995 597.268 597.1475 597.23 597.074 597.047 597.0665 596.841 596.923 596.807 596.783 596.92 596.8485 596.5485 596.581 596.4885 596.304 596.244 596.301 596.51 596.3095
601.9486 601.9233 601.8943 601.8702 601.8189 601.7181 601.6931 601.6651 601.6301 601.5183 601.4491 601.4216 601.3189 601.2293 601.1942 601.0829 601.0118 600.9005 600.821 600.7283 600.6179 600.5028 600.4068 600.2949 600.1828 600.0811 599.9731 599.8323 599.7096 599.5973 599.4771 599.3532 599.2288 599.0742 598.9494 598.8273 598.636 598.597 598.223 598.0309 598.182 598.0885 597.769 597.823 597.5595 597.431 597.6245 597.5475 597.4475 597.41 597.136 597.182 596.9165 596.823 597.051 597.0335 596.7315 596.8205 596.6005 596.6404 596.622 596.467 596.6325 596.6075
602.6465 602.6208 602.5918 602.5677 602.516 602.427 602.4016 602.374 602.3268 602.2151 602.1572 602.1304 602.0214 601.937 601.8946 601.7833 601.7175 601.6051 601.5283 601.4326 601.3233 601.2083 601.1123 601.0003 600.8882 600.7876 600.6766 600.5264 600.4131 600.3008 600.1782 600.0542 599.9297 599.7694 599.6507 599.5116 599.3514 599.2233 599.0616 598.9373 598.7908 598.648 598.527 598.2895 598.19 598.0049 597.9295 597.906 597.822 597.702 597.52 597.3145 597.2945 597.1015 597.2455 597.265 597.123 597.0575 596.795 596.954 596.9815 596.8075 596.6525 596.8185
603.3445 603.3183 603.2892 603.2653 603.2131 603.1359 603.1102 603.0829 603.0236 602.9118 602.8654 602.8362 602.7238 602.6447 602.595 602.4835 602.4222 602.3096 602.2357 602.1369 602.0287 601.9136 601.8177 601.7057 601.5936 601.4924 601.3801 601.225 601.1166 601.0043 600.8793 600.7551 600.6257 600.4694 600.352 600.1959 600.0557 599.9177 599.7656 599.6414 599.4847 599.3519 599.2139 599.0561 598.9148 598.7316 598.6073 598.4815 598.3199 598.012 597.718 597.5105 597.6125 597.4125 597.4665 597.321 597.211 597.2685 596.975 596.912 596.9355 597.0135 596.745 596.694
604.0424 604.0157 603.9868 603.9627 603.9102 603.8448 603.8187 603.7919 603.7203 603.6086 603.5735 603.5388 603.4257 603.3524 603.2954 603.1838 603.1269 603.0139 602.9431 602.8412 602.7341 602.6191 602.5233 602.4111 602.299 602.1959 602.0813 601.9293 601.8201 601.7052 601.5804 601.4561 601.32 601.169 601.0532 600.8849 600.7601 600.612 600.4696 600.3414 600.1806 600.0558 599.9074 599.7534 599.6 599.4318 599.3075 599.1456 598.9808 598.8196 598.6569 598.4941 598.3589 598.2235 597.936 597.702 597.4785 597.5095 597.22 597.0415 597.196 597.295 596.9535 596.7575
604.7403 604.7133 604.6843 604.6602 604.6072 604.5536 604.5273 604.501 604.4171 604.3084 604.2817 604.2413 604.1276 604.0602 603.9958 603.8841 603.8315 603.7181 603.6505 603.5452 603.4396 603.3245 603.2288 603.1165 603.0044 602.8994 602.7754 602.6337 602.5236 602.4061 602.2814 602.1571 602.0143 601.8686 601.7545 601.5893 601.4644 601.3063 601.1737 601.0353 600.8845 600.7597 600.6009 600.4508 600.285 600.132 600.0051 599.8348 599.6757 599.5131 599.3504 599.1876 599.0467 598.866 598.719 598.544 598.3913 598.239 598.006 597.6655 597.7395 597.6385 597.222 597.2315
605.4382 605.4108 605.3818 605.3577 605.3043 605.2626 605.2358 605.2099 605.1138 605.017 604.9898 604.9439 604.8296 604.768 604.6962 604.5844 604.5362 604.4224 604.3577 604.2491 604.145 604.03 603.9342 603.8218 603.7095 603.6028 603.4695 603.3384 603.2271 603.107 602.9825 602.858 602.7108 602.5682 602.4498 602.2936 602.1635 602.0037 601.8778 601.7292 601.5884 601.4585 601.2944 601.1481 600.97 600.8322 600.698 600.5264 600.3693 600.2065 600.0439 599.8867 599.746 599.559 599.4183 599.2313 599.0906 598.9125 598.7644 598.5883 598.4484 598.3093 598.1465 597.967
606.1361 606.1083 606.0793 606.0552 606.0014 605.9715 605.9444 605.9187 605.8106 605.726 605.6979 605.6465 605.5315 605.4758 605.3965 605.2859 605.2408 605.1266 605.065 604.953 604.8504 604.7354 604.6397 604.5272 604.4144 604.3063 604.1702 604.0432 603.9305 603.8079 603.6834 603.559 603.4109 603.2685 603.1341 602.9979 602.8578 602.7072 602.5818 602.4232 602.2923 602.1518 601.9879 601.8419 601.6677 601.5324 601.3909 601.218 601.0627 600.9001 600.7374 600.586 600.431 600.2583 600.109 599.9306 599.7899 599.6075 599.4656 599.2803 599.1519 599.0027 598.84 598.6773
606.834 606.8058 606.7768 606.7527 606.7045 606.6806 606.653 606.6213 606.5074 606.4344 606.4061 606.3487 606.2335 606.1837 606.0967 605.9919 605.9455 605.8309 605.771 605.6569 605.5558 605.4408 605.3452 605.2326 605.1193 605.0098 604.8745 604.7479 604.634 604.5088 604.3844 604.2599 604.111 603.9698 603.8271 603.7023 603.5522 603.4108 603.2798 603.1211 602.9962 602.8451 602.6832 602.5331 602.3672 602.2327 602.0838 601.91 601.7563 601.5936 601.4308 601.2853 601.116 600.9576 600.794 600.6299 600.4891 600.3079 600.1633 599.9802 599.8553 599.6962 599.5335 599.3708
607.532 607.5033 607.4743 607.4503 607.4134 607.3896 607.3615 607.3181 607.2041 607.1423 607.1142 607.0506 606.9354 606.8914 606.797 606.698 606.65 606.5351 606.4753 606.3608 606.2612 606.1462 606.0505 605.938 605.8242 605.7133 605.5789 605.4527 605.337 605.2097 605.0853 604.9546 604.8112 604.6711 604.5315 604.4066 604.2465 604.1144 603.9738 603.825 603.7001 603.5384 603.3806 603.22 603.0667 602.9329 602.7695 602.6067 602.4498 602.287 602.1253 601.9846 601.801 601.6569 601.479 601.3292 601.1808 601.0091 600.8566 600.6837 600.5525 600.3897 600.2271 600.0643
608.0326 608.0037 607.9747 607.9507 607.9223 607.8964 607.8668 607.8376 607.8087 607.7813 607.7515 607.7255 607.6373 607.5992 607.4973 607.4053 607.3542 607.2394 607.1796 607.0647 606.9667 606.8516 606.7559 606.6434 606.5291 606.4127 606.2833 606.1575 606.0378 605.9106 605.7863 605.6522 605.5108 605.3724 605.2358 605.1037 604.9457 604.8182 604.6677 604.5289 604.3968 604.2317 604.0778 603.9061 603.7661 603.6331 603.4553 603.3033 603.1432 602.9806 602.8246 602.681 602.4968 602.3561 602.1692 602.0284 601.8715 601.7104 601.5472 601.3871 601.246 601.0832 600.9205 600.7578
608.0729 608.0442 608.0154 607.9914 607.9632 607.9373 607.9077 607.8791 607.8503 607.8229 607.7932 607.7606 607.7313 607.7016 607.6741 607.6443 607.6147 607.5844 607.5541 607.5228 607.4913 607.461 607.435 607.3488 607.234 607.1154 606.9876 606.8622 606.7388 606.6116 606.4873 606.3523 606.2104 606.0723 605.9401 605.798 605.6493 605.5223 605.3616 605.2328 605.0901 604.925 604.769 604.6057 604.4655 604.3292 604.1469 603.9995 603.8368 603.6741 603.5239 603.366 603.1962 603.044 602.8685 602.7277 602.5637 602.4116 602.2379 602.0906 601.9395 601.7767 601.614 601.4514
608.1132 608.0847 608.0562 608.0322 608.0042 607.9783 607.9486 607.9205 607.8919 607.8646 607.8348 607.803 607.7737 607.744 607.717 607.6873 607.6581 607.6279 607.5977 607.5667 607.5358 607.5042 607.4727 607.4402 607.4099 607.3795 607.3459 607.3143 607.2825 607.2525 607.1882 607.0524 606.9101 606.7693 606.6445 606.4924 606.3528 606.2183 606.0615 605.9366 605.7834 605.6182 605.4602 605.3052 605.1648 605.0209 604.8411 604.6929 604.5303 604.3676 604.2231 604.051 603.8954 603.729 603.5677 603.427 603.2617 603.1096 602.9345 602.7941 602.6329 602.4702 602.3076 602.1448
608.1536 608.1252 608.0969 608.0729 608.045 608.0192 607.9896 607.9619 607.9335 607.9062 607.8765 607.8453 607.8161 607.7864 607.76 607.7302 607.7016 607.6713 607.6417 607.6107 607.5802 607.5486 607.5177 607.4852 607.4555 607.4253 607.3917 607.3608 607.3295 607.2956 607.2648 607.2316 607.1976 607.1656 607.1343 607.1015 607.0565 606.9122 606.7654 606.6406 606.4767 606.3116 606.1514 606.0046 605.8641 605.7063 605.5377 605.3865 605.2238 605.0632 604.9224 604.736 604.5947 604.414 604.267 604.1263 603.9598 603.8054 603.6326 603.4891 603.3264 603.1637 603.001 602.8383
608.1939 608.1658 608.1376 608.1136 608.086 608.0601 608.0305 608.0033 607.9752 607.9478 607.9181 607.8878 607.8585 607.8289 607.8029 607.7731 607.7451 607.7148 607.6857 607.6545 607.6247 607.5931 607.5627 607.5302 607.5012 607.4711 607.4374 607.4073 607.3763 607.3433 607.3124 607.2793 607.246 607.2147 607.1834 607.1473 607.1152 607.0829 607.0485 607.0118 606.9769 606.95 606.8441 606.7042 606.5635 606.3917 606.2343 606.08 605.9173 605.7625 605.616 605.4347 605.294 605.107 604.9663 604.8256 604.658 604.5012 604.3307 604.1827 604.0199 603.8572 603.6945 603.5319
608.2342 608.2063 608.1783 608.1543 608.1269 608.101 608.0714 608.0447 608.0168 607.9894 607.9597 607.9301 607.9009 607.8719 607.8459 607.816 607.7885 607.7582 607.7297 607.6985 607.6691 607.6376 607.6077 607.5756 607.5468 607.5169 607.4836 607.4538 607.4233 607.3911 607.36 607.327 607.2945 607.2639 607.2325 607.1962 607.1654 607.1332 607.0994 607.0627 607.0294 606.9984 606.9641 606.9316 606.8958 606.8585 606.825 606.7734 606.6108 606.4617 606.301 606.134 605.979 605.8063 605.6656 605.5211 605.3575 605.1968 605.0293 604.8762 604.7134 604.5507 604.3881 604.2253
