samples/sfe_316/sfe_316_c3/sfe_316_c3/sfe_316_c3.asc
ncols         184
nrows         75
xllcorner     96.199999999255
yllcorner     62.60000000149
cellsize      1
NODATA_value  -9999
[rows 0 to 27 of 75, columns 64 to 127 of 184]
608.9905 608.9667 608.9426 608.9188 608.8948 608.8709 608.8469 608.8231 608.7991 608.775 608.7518 608.7278 608.7039 608.6799 608.6566 608.6326 608.6086 608.5853 608.5613 608.5379 608.5139 608.4899 608.4666 608.4425 608.4191 608.3951 608.3715 608.3475 608.3241 608.3007 608.2766 608.2531 608.2296 608.2056 608.1819 608.1584 608.1344 608.1107 608.0871 608.0635 608.0395 608.0158 607.9921 607.9686 607.9445 607.9208 607.8971 607.8734 607.8497 607.8259 607.8022 607.7784 607.7547 607.7307 607.707 607.6832 607.6594 607.6357 607.6118 607.5881 607.564 607.5405 607.5164 607.4928
608.8905 608.8672 608.8431 608.8196 608.7957 608.7723 608.7484 608.725 608.701 608.6783 608.6561 608.6321 608.6087 608.5846 608.5637 608.5397 608.5155 608.4945 608.4705 608.4493 608.4254 608.4023 608.38 608.3569 608.3345 608.3112 608.2884 608.2655 608.2428 608.2212 608.197 608.1749 608.1531 608.129 608.1066 608.0847 608.0607 608.0381 608.0156 607.9935 607.9701 607.9468 607.9242 607.9019 607.8778 607.8558 607.8323 607.8094 607.787 607.7641 607.7412 607.7183 607.6954 607.6713 607.6486 607.6255 607.6025 607.5794 607.5566 607.5332 607.5101 607.4869 607.4629 607.4405
608.7905 608.7677 608.7437 608.7206 608.6965 608.6737 608.6497 608.6268 608.6028 608.5826 608.5604 608.5364 608.5135 608.4893 608.4706 608.4467 608.4226 608.4037 608.3798 608.3607 608.3367 608.3157 608.2935 608.2724 608.2498 608.2281 608.2052 608.1843 608.1615 608.1417 608.1175 608.0967 608.0766 608.0524 608.0313 608.0111 607.9869 607.9656 607.9442 607.9235 607.9015 607.8777 607.8563 607.8353 607.8112 607.7916 607.7675 607.7455 607.7244 607.7023 607.6802 607.658 607.636 607.6119 607.5901 607.5679 607.5455 607.5232 607.5021 607.4784 607.4559 607.4334 607.41 607.3882
608.6905 608.6682 608.6441 608.6215 608.5975 608.5751 608.5511 608.5287 608.5048 608.4869 608.4647 608.4407 608.4183 608.394 608.3777 608.3537 608.332 608.313 608.289 608.2721 608.2481 608.2292 608.2069 608.1878 608.1652 608.1451 608.1221 608.103 608.0802 608.0622 608.0379 608.0186 608.0001 607.9759 607.9559 607.9374 607.9132 607.893 607.8727 607.8535 607.8329 607.8087 607.7883 607.7687 607.7445 607.7269 607.7027 607.6832 607.6617 607.6404 607.6192 607.5978 607.5767 607.5546 607.5333 607.5117 607.49 607.4669 607.4476 607.4236 607.4017 607.3799 607.3579 607.3359
608.5905 608.5687 608.5446 608.5224 608.4984 608.4765 608.4525 608.4307 608.4067 608.3912 608.3691 608.3451 608.3231 608.3003 608.2847 608.2607 608.2413 608.2222 608.1982 608.1835 608.1595 608.1427 608.1204 608.1033 608.0806 608.062 608.0389 608.0219 607.999 607.9827 607.9594 607.9404 607.9236 607.8993 607.8806 607.8638 607.8397 607.8208 607.8012 607.7835 607.764 607.7407 607.7205 607.7021 607.6785 607.6622 607.6393 607.6209 607.5991 607.5786 607.5582 607.5377 607.5173 607.4973 607.4765 607.4556 607.4346 607.4117 607.393 607.3688 607.3477 607.3264 607.305 607.2836
608.4905 608.4692 608.4451 608.4233 608.3993 608.3779 608.3539 608.3326 608.3085 608.2955 608.2734 608.2494 608.228 608.2074 608.1917 608.1677 608.1506 608.1315 608.108 608.0948 608.0709 608.0562 608.0338 608.0187 607.9959 607.9789 607.9557 607.9406 607.9186 607.9032 607.8815 607.8624 607.8472 607.8233 607.8058 607.7902 607.7672 607.7496 607.7298 607.7135 607.695 607.6733 607.6539 607.6356 607.6143 607.5975 607.5765 607.5587 607.5367 607.5172 607.4975 607.4777 607.4579 607.4393 607.4193 607.399 607.3788 607.3571 607.3383 607.3143 607.2947 607.2731 607.2532 607.2316
608.3905 608.3697 608.3456 608.3243 608.3003 608.2793 608.2553 608.2345 608.2104 608.1999 608.1777 608.1537 608.1328 608.1145 608.0988 608.0747 608.06 608.0408 608.0194 608.0062 607.9822 607.9696 607.9473 607.9341 607.9113 607.8959 607.8729 607.8594 607.8391 607.8237 607.8036 607.7845 607.7707 607.7471 607.732 607.7165 607.6956 607.6784 607.6587 607.6435 607.626 607.6061 607.5874 607.569 607.5503 607.5328 607.5136 607.4965 607.4742 607.4556 607.4368 607.4183 607.3986 607.381 607.3616 607.3422 607.3226 607.3025 607.2835 607.2598 607.2416 607.2199 607.2014 607.1796
608.2905 608.2702 608.2462 608.2253 608.2013 608.1807 608.1567 608.1364 608.1126 608.1042 608.082 608.058 608.0375 608.0217 608.0059 607.9818 607.9693 607.95 607.9308 607.9176 607.8939 607.8831 607.8608 607.8496 607.8267 607.8128 607.7898 607.7782 607.7596 607.7442 607.7258 607.7073 607.6942 607.6729 607.6583 607.6428 607.624 607.6072 607.5873 607.5737 607.5571 607.5388 607.5209 607.5025 607.4858 607.4681 607.4507 607.4342 607.4128 607.3948 607.3766 607.3592 607.3395 607.323 607.3043 607.2855 607.2667 607.2476 607.2288 607.2049 607.1887 607.1663 607.1496 607.1273
608.1905 608.1707 608.1466 608.1263 608.1023 608.0821 608.0581 608.0383 608.0156 608.0085 607.9863 607.9623 607.9423 607.9288 607.913 607.8887 607.8787 607.8593 607.8422 607.829 607.8052 607.7965 607.7744 607.7651 607.7422 607.7297 607.7075 607.697 607.6801 607.6647 607.6479 607.6308 607.6178 607.5986 607.5847 607.5692 607.5524 607.5359 607.5178 607.5038 607.4882 607.4715 607.4543 607.4362 607.42 607.4037 607.3872 607.3719 607.3519 607.3347 607.3173 607.3001 607.2803 607.2648 607.2469 607.2289 607.2108 607.1924 607.174 607.1514 607.1356 607.1127 607.0978 607.075
608.0905 608.0712 608.0471 608.0273 608.0033 607.9835 607.9595 607.9402 607.9199 607.9128 607.8906 607.8666 607.8472 607.8359 607.8202 607.7959 607.788 607.7685 607.7535 607.7404 607.7183 607.71 607.6891 607.6805 607.6583 607.6466 607.6263 607.6158 607.6006 607.5852 607.57 607.5543 607.5413 607.5242 607.511 607.4955 607.4807 607.4647 607.4482 607.4341 607.4195 607.4042 607.3878 607.3694 607.3555 607.339 607.3234 607.3097 607.291 607.2745 607.2579 607.241 607.2209 607.2064 607.1893 607.172 607.1545 607.1369 607.1193 607.0986 607.0826 607.0609 607.046 607.0238
607.8076 607.7885 607.7645 607.7449 607.7209 607.7013 607.6809 607.7206 607.7764 607.7549 607.7334 607.738 607.761 607.743 607.7273 607.7043 607.6973 607.6777 607.6649 607.6518 607.6318 607.6234 607.6046 607.5959 607.5753 607.5635 607.5451 607.5346 607.5211 607.5059 607.4921 607.4778 607.4648 607.45 607.4374 607.4219 607.4091 607.3936 607.3787 607.3655 607.3505 607.3369 607.3213 607.3028 607.2912 607.2742 607.2595 607.2475 607.23 607.2144 607.1986 607.1819 607.1621 607.1483 607.1317 607.1151 607.0983 607.0816 607.0645 607.0458 607.0296 607.0095 606.9941 606.9735
607.0978 607.0783 607.0548 607.0348 607.0109 606.9909 606.9821 607.0219 607.0658 607.0439 607.0223 607.0388 607.1049 607.0976 607.1261 607.1907 607.1884 607.253 607.2709 607.3144 607.3699 607.411 607.4693 607.5097 607.497 607.4805 607.4639 607.4534 607.4417 607.4267 607.4142 607.4014 607.3884 607.3757 607.3638 607.3483 607.3374 607.3223 607.3093 607.2969 607.2817 607.2696 607.2548 607.2381 607.227 607.2106 607.197 607.1851 607.1691 607.1543 607.1393 607.1228 607.1049 607.0914 607.0756 607.0594 607.0425 607.0271 607.0099 606.9931 606.9764 606.958 606.9423 606.9232
606.3881 606.3682 606.3451 606.3246 606.3008 606.2818 606.2834 606.3231 606.3552 606.3328 606.3112 606.3396 606.4058 606.3865 606.4192 606.4838 606.481 606.5457 606.5595 606.6041 606.6582 606.7023 606.7571 606.7991 606.8565 606.9134 606.978 607.0463 607.097 607.1644 607.2415 607.2954 607.3195 607.3014 607.2901 607.2755 607.2652 607.2511 607.2397 607.2283 607.2144 607.2018 607.1882 607.1741 607.1628 607.1478 607.1348 607.1226 607.1082 607.0941 607.0799 607.0637 607.0476 607.0346 607.0194 607.004 606.9879 606.9725 606.9552 606.9393 606.9231 606.9066 606.8902 606.8729
605.6783 605.658 605.6353 605.6144 605.5906 605.5831 605.5847 605.6244 605.6447 605.6218 605.6001 605.6404 605.6981 605.6755 605.7123 605.7736 605.7737 605.8384 605.8481 605.8939 605.9464 605.9937 606.0449 606.0884 606.1443 606.2027 606.2657 606.3342 606.3875 606.4561 606.5336 606.5875 606.6547 606.7588 606.8217 606.889 607.0046 607.0828 607.1702 607.161 607.1471 607.1347 607.1217 607.1101 607.0985 607.0849 607.0726 607.06 607.0472 607.034 607.0206 607.0046 606.9903 606.9778 606.9633 606.9486 606.9332 606.918 606.9004 606.8859 606.8696 606.8542 606.8379 606.822
604.9686 604.9478 604.9256 604.9043 604.8804 604.8843 604.8859 604.9257 604.9341 604.9108 604.889 604.9413 604.9869 604.9645 605.0054 605.0622 605.0664 605.1311 605.1368 605.1837 605.2346 605.2851 605.3327 605.3778 605.4321 605.492 605.5536 605.6224 605.678 605.7482 605.8257 605.8795 605.9466 606.053 606.1133 606.1896 606.2975 606.3745 606.463 606.5594 606.6541 606.7479 606.8173 606.9139 607.0341 607.022 607.0103 606.9981 606.9858 606.9733 606.9607 606.9456 606.933 606.921 606.9072 606.8932 606.8786 606.8635 606.8457 606.8329 606.8161 606.8024 606.7856 606.7713
604.2589 604.2376 604.2158 604.1941 604.1702 604.1855 604.1871 604.2269 604.2234 604.1998 604.1784 604.2421 604.2755 604.2535 604.2986 604.3508 604.3591 604.4238 604.4254 604.4734 604.5228 604.5765 604.6205 604.6672 604.7199 604.7813 604.8414 604.9115 604.9685 605.0403 605.1176 605.1716 605.238 605.3455 605.4048 605.4903 605.5892 605.6661 605.7558 605.8517 605.9466 606.0405 606.1085 606.2207 606.3262 606.4322 606.5311 606.6143 606.7304 606.8461 606.9065 606.8864 606.8757 606.8642 606.8511 606.8378 606.824 606.809 606.7925 606.7798 606.7632 606.7507 606.7335 606.7206
603.5491 603.5275 603.506 603.4839 603.4599 603.4868 603.4884 603.5281 603.5129 603.4889 603.4785 603.543 603.564 603.5425 603.5917 603.6393 603.6518 603.7165 603.7141 603.7631 603.8111 603.8679 603.9083 603.9565 604.0077 604.0706 604.1292 604.2006 604.259 604.3325 604.4081 604.4636 604.5295 604.6365 604.6964 604.7911 604.881 604.9579 605.0486 605.144 605.2391 605.3323 605.3997 605.5246 605.6184 605.7303 605.8195 605.9144 606.0273 606.1437 606.259 606.3372 606.439 606.5571 606.6755 606.792 606.7694 606.7544 606.7397 606.7269 606.7117 606.6989 606.6829 606.67
602.8394 602.8173 602.7962 602.7737 602.7496 602.788 602.7897 602.8237 602.8023 602.7783 602.7794 602.8438 602.8526 602.8315 602.8848 602.9279 602.9445 603.0092 603.0027 603.0529 603.0993 603.1587 603.196 603.2459 603.2955 603.36 603.4169 603.4897 603.5495 603.6247 603.6987 603.7557 603.821 603.9274 603.988 604.0895 604.1727 604.2496 604.3413 604.4365 604.5316 604.6235 604.6909 604.8167 604.912 605.028 605.1078 605.2145 605.325 605.4414 605.5524 605.6298 605.739 605.856 605.9732 606.0897 606.2042 606.296 606.3901 606.5187 606.6196 606.648 606.6327 606.6193
602.1296 602.1071 602.0864 602.0636 602.0408 602.0893 602.0911 602.1126 602.0917 602.0677 602.0802 602.1446 602.1411 602.1204 602.1779 602.2164 602.2372 602.3019 602.2913 602.3426 602.3875 602.4494 602.4838 602.5352 602.5848 602.6493 602.7048 602.7789 602.84 602.9169 602.9892 603.0478 603.1125 603.2184 603.2795 603.3842 603.4644 603.5413 603.6339 603.7296 603.8241 603.9147 603.9916 604.1089 604.21 604.3158 604.3961 604.5145 604.6227 604.7391 604.8451 604.923 605.0353 605.1544 605.2709 605.3874 605.4995 605.5834 605.6965 605.8104 605.926 606.0457 606.1555 606.281
601.4199 601.397 601.3766 601.3535 601.3302 601.3906 601.3924 601.4021 601.3811 601.3571 601.381 601.4454 601.4297 601.4095 601.471 601.5049 601.5299 601.5946 601.58 601.6324 601.6757 601.7402 601.7717 601.8245 601.8741 601.9386 601.9926 602.068 602.132 602.209 602.2797 602.3398 602.4067 602.5094 602.5775 602.679 602.7561 602.833 602.9261 603.0227 603.1168 603.206 603.2984 603.401 603.5081 603.6036 603.6902 603.8121 603.9203 604.0367 604.1378 604.223 604.3326 604.4521 604.5685 604.6791 604.7911 604.8708 605.003 605.1021 605.2324 605.3375 605.4619 605.5728
600.7101 600.6868 600.6667 600.6432 600.6282 600.6918 600.6937 600.6935 600.6705 600.6465 600.6819 600.7424 600.7192 600.6995 600.7642 600.7935 600.8226 600.8873 600.8686 600.9221 600.9654 601.0309 601.0594 601.1138 601.1635 601.2279 601.2803 601.3571 601.4241 601.5012 601.5703 601.6313 601.7009 601.8004 601.8783 601.9709 602.0478 602.1247 602.2184 602.3152 602.4095 602.4972 602.5993 602.6932 602.8062 602.8918 602.9966 603.1058 603.218 603.3344 603.4305 603.5231 603.6315 603.7498 603.8662 603.9732 604.0807 604.1597 604.3 604.3939 604.5353 604.6292 604.7682 604.8644
600.0004 599.9766 599.9569 599.9331 599.9294 599.993 599.9951 599.984 599.96 599.9359 599.9827 600.0309 600.0085 599.9926 600.0573 600.0821 600.1153 600.1769 600.1572 600.2119 600.2568 600.3216 600.3472 600.403 600.4528 600.5172 600.5682 600.6462 600.7162 600.7927 600.8608 600.9228 600.9951 601.0913 601.1741 601.2626 601.3395 601.4164 601.5111 601.6077 601.7021 601.7884 601.8915 601.9879 602.1019 602.1801 602.2985 602.3995 602.5156 602.6321 602.7232 602.8223 602.9304 603.0474 603.1639 603.2685 603.3681 603.4661 603.5917 603.6956 603.827 603.925 604.0623 604.1562
599.258 599.0755 599.0905 599.2745 599.307 599.2985 599.472 599.1725 599.0765 599.417 599.4445 599.278 599.2845 599.3475 599.3504 599.3707 599.408 599.4651 599.4459 599.5016 599.5481 599.6124 599.635 599.6923 599.7421 599.8065 599.8574 599.9353 600.0084 600.0833 600.1513 600.2143 600.2883 600.379 600.4688 600.5543 600.6312 600.7081 600.8042 600.9003 600.9947 601.0797 601.1836 601.286 601.3897 601.4684 601.5986 601.6969 601.8133 601.9278 602.0159 602.1171 602.2286 602.3451 602.4604 602.5638 602.6555 602.7725 602.8834 603.002 603.1188 603.2314 603.354 603.4531
598.971 598.9935 599.0635 599.1275 598.8665 598.7625 599.0205 598.9955 598.9355 598.866 598.8115 598.722 598.9025 598.7445 598.92 598.968 598.6875 598.8655 598.6595 598.6925 598.9655 599.04 598.9305 598.989 599.0935 599.0958 599.1465 599.2244 599.3005 599.3738 599.4418 599.5057 599.5793 599.67 599.7635 599.846 599.9229 600.0001 600.0973 600.193 600.2872 600.3761 600.4758 600.5841 600.6775 600.7661 600.8934 600.9945 601.111 601.2216 601.3087 601.4119 601.5262 601.6428 601.7521 601.8558 601.9429 602.0789 602.1751 602.3083 602.4105 602.5378 602.6458 602.7513
598.9365 598.851 598.998 598.9945 598.7145 598.576 598.7065 598.92 598.765 598.5085 598.484 598.6935 598.817 598.7235 598.597 598.5635 598.6046 598.508 598.3745 598.3215 598.424 598.469 598.4465 598.352 598.5405 598.3805 598.3595 598.492 598.6545 598.746 598.867 598.7885 598.906 598.9639 599.0582 599.1377 599.2146 599.2928 599.3904 599.4857 599.5798 599.6741 599.7679 599.8821 599.9653 600.0725 600.1871 600.2922 600.4086 600.5155 600.6071 600.7068 600.8239 600.9404 601.0438 601.1455 601.2357 601.373 601.4669 601.6083 601.7021 601.8436 601.9375 602.0548
598.6635 598.5725 598.8005 598.867 598.5815 598.611 598.688 598.749 598.5175 598.5405 598.5805 598.517 598.5115 598.605 598.365 598.2535 598.4965 598.4815 598.404 598.3845 598.373 598.3425 598.3115 598.147 598.363 598.342 598.248 598.126 598.3195 598.2545 598.2165 598.257 598.262 598.1235 598.3775 598.3765 598.6125 598.534 598.7435 598.7784 598.8724 598.9662 599.0638 599.1757 599.2532 599.379 599.4808 599.5898 599.7063 599.8093 599.9041 600.0049 600.1216 600.2381 600.3355 600.4352 600.5421 600.6647 600.7715 600.9 601.0009 601.1353 601.2297 601.3569
598.508 598.4659 598.671 598.748 598.4685 598.4595 598.5025 598.4405 598.327 598.401 598.4035 598.2525 598.3455 598.3605 598.337 598.171 598.2115 598.4155 598.281 598.3645 598.41 598.3875 598.3265 597.9935 597.9785 598.0735 598.197 597.937 597.938 598.0515 598.032 597.99 597.985 598.042 598.009 598.0325 598 598.052 598.0145 598.064 598.3095 598.314 598.2025 598.4305 598.5685 598.681 598.7745 598.8875 599.004 599.1032 599.1989 599.3028 599.4193 599.5334 599.6281 599.725 599.8484 599.9564 600.0779 600.1918 600.3073 600.4271 600.5273 600.6522
598.56 598.4275 598.589 598.661 598.3806 598.4145 598.476 598.4595 598.4415 598.4145 598.3625 598.218 598.3695 598.2075 598.3375 598.2975 598.236 598.2705 598.022 597.9835 598.0165 597.981 597.9655 597.984 597.9425 597.796 597.974 597.961 597.883 597.812 597.7925 597.8435 597.873 597.9155 597.737 597.8605 597.7335 597.8705 597.678 597.6265 597.9315 598.006 597.711 597.6865 597.94 597.8115 598.0525 598.13 598.2545 598.464 598.4937 598.6005 598.7169 598.8251 598.9205 599.0147 599.1542 599.2482 599.3843 599.4835 599.6137 599.7188 599.825 599.9474
