samples/sfe_316/sfe_316_c3/sfe_316_c3/sfe_316_c3.asc
ncols         184
nrows         75
xllcorner     96.199999999255
yllcorner     62.60000000149
cellsize      1
NODATA_value  -9999
[rows 28 to 55 of 75, columns 0 to 63 of 184]
-9999 604.642 601.816 601.6533 601.4922 601.3279 601.1658 601.0026 600.826 600.9045 600.682 600.7105 600.52 600.5735 600.367 600.1615 600.2865 600.2525 600.073 600.1205 599.9605 599.976 600.039 599.969 600.076 599.953 599.829 599.752 599.818 599.537 599.52 599.5195 599.579 599.2875 599.275 599.0895 598.953 598.8915 598.8335 598.9155 598.9405 598.7125 598.6265 598.882 598.8345 598.6795 598.457 598.4035 598.64 598.778 598.717 598.53 598.625 598.676 598.4795 598.4695 598.5895 598.6265 598.498 598.2975 598.523 598.6105 598.3375 598.42
-9999 605.0779 601.1226 601.06 600.9875 600.8965 600.8075 600.7215 600.6745 600.699 600.443 600.4925 600.3165 600.391 600.1915 600.0185 600.2415 600.2145 600.1305 600.1685 599.898 599.733 599.9415 599.7791 599.8615 599.7755 599.6235 599.5045 599.6365 599.466 599.5255 599.3455 599.414 599.229 599.304 599.2585 599.1349 599.0705 598.981 598.79 598.9315 598.8925 598.7715 598.6595 598.6265 598.718 598.4605 598.3285 598.566 598.4985 598.392 598.288 598.5099 598.579 598.293 598.2841 598.343 598.338 598.3225 598.2435 598.483 598.575 598.3005 598.2965
-9999 605.5137 600.8635 600.83 600.697 600.5305 600.503 600.4295 600.353 600.2865 600.3365 600.399 600.1345 600.1995 600.0315 599.846 599.913 599.9785 600.101 600.127 599.951 599.684 599.6835 599.7915 599.842 599.524 599.38 599.536 599.478 599.4655 599.543 599.44 599.423 599.327 599.3005 599.123 598.994 598.9685 599.0585 598.775 598.711 598.723 598.6495 598.4875 598.5785 598.739 598.616 598.343 598.3651 598.4635 598.4183 598.3854 598.4171 598.3556 598.2115 598.342 598.398 598.3985 598.3855 598.224 598.301 598.5075 598.3095 598.3235
-9999 605.9495 600.845 600.619 600.3435 600.3205 600.3515 600.2975 600.2365 600.047 600.217 600.29 599.989 600.072 599.9125 599.9115 599.9405 599.7585 599.9195 599.8525 599.7365 599.766 599.7475 599.6335 599.576 599.6125 599.593 599.6281 599.3645 599.288 599.3025 599.2435 599.1805 599.1335 599.0845 599.0985 599.0335 598.837 598.976 598.8876 598.8038 598.783 598.7125 598.527 598.686 598.5965 598.495 598.5305 598.5165 598.4265 598.3745 598.289 598.491 598.4985 598.4335 598.369 598.3545 598.3545 598.361 598.4305 598.463 598.541 598.3465 598.4715
-9999 606.3853 601.163 600.468 600.1705 600.2895 600.363 600.1455 600.1965 599.9765 600.0765 599.9845 599.773 599.811 599.9025 600.061 600.0375 599.7205 599.859 599.827 599.5825 599.7995 599.8675 599.4885 599.37 599.6765 599.722 599.468 599.4295 599.2275 599.2735 599.12 599.2188 599.1305 598.992 599.166 599.063 598.9745 598.8855 598.8311 598.9825 598.997 598.7485 598.536 598.717 598.4995 598.374 598.7015 598.7585 598.562 598.3535 598.455 598.4355 598.444 598.6105 598.5445 598.4825 598.28 598.2575 598.5815 598.525 598.5675 598.3835 598.3395
-9999 606.8211 601.4809 600.224 599.987 599.9235 599.935 599.8185 599.9935 599.857 599.9595 599.9675 599.8705 599.7105 599.8815 599.826 599.705 599.6085 599.817 599.903 599.6025 599.5475 599.581 599.6195 599.612 599.5317 599.4573 599.3215 599.483 599.326 599.425 599.402 599.312 599.3475 599.0955 599.1675 598.999 599.072 598.869 598.7275 598.977 599.025 598.701 598.562 598.812 598.796 598.7175 598.62 598.6085 598.728 598.534 598.6515 598.4685 598.3695 598.654 598.5925 598.513 598.577 598.6245 598.697 598.5035 598.627 598.4825 598.5355
-9999 607.2569 601.7695 599.8555 599.955 599.764 599.6555 599.6855 599.9135 599.7635 599.7115 599.7835 599.915 599.719 599.83 599.644 599.5179 599.711 599.6725 599.6718 599.6846 599.5015 599.421 599.74 599.808 599.6125 599.3685 599.273 599.3515 599.476 599.554 599.559 599.357 599.383 599.334 599.3125 599.0485 598.9845 599.0705 598.8905 598.8815 598.875 598.7485 598.6875 598.7655 598.988 598.822 598.5995 598.734 598.914 598.8565 598.8525 598.6135 598.523 598.7755 598.58 598.4825 598.65 598.864 598.879 598.5955 598.5745 598.719 598.8585
-9999 607.6927 602.0056 600.4055 599.9355 599.946 599.851 599.6835 599.8655 599.8935 599.809 599.652 599.82 599.697 599.7593 599.857 599.8 599.8705 599.624 599.499 599.766 599.7865 599.698 599.614 599.597 599.7155 599.4955 599.5185 599.5625 599.467 599.423 599.537 599.3115 599.243 599.2965 599.3955 599.1455 598.9995 599.253 599.266 599.1685 599.134 599.115 599.082 599.089 599.12 598.8651 598.757 599.0165 598.961 598.882 599.035 598.7975 598.6915 598.9865 598.9919 598.899 598.7565 598.9675 599.0375 598.763 598.6675 598.953 599.024
-9999 608.1285 602.2416 600.402 599.775 599.739 599.7415 599.627 599.6591 599.7658 599.919 599.8845 599.7225 599.614 599.847 600.012 599.9965 599.9425 599.671 599.528 599.6495 599.886 599.7525 599.7095 599.7245 599.608 599.5035 599.7495 599.8355 599.6475 599.4065 599.4135 599.5365 599.5285 599.485 599.35 599.228 599.17 599.246 599.485 599.504 599.2925 599.409 599.463 599.426 599.178 599.02 598.983 599.0675 599.139 599.0205 599.191 599.039 599.1075 599.0934 599.228 599.1281 599.121 599.225 599.071 599.062 598.9255 599.1225 599.1895
-9999 608.5643 602.4777 600.7173 599.7751 599.7555 599.8355 599.835 599.817 599.6645 599.8735 599.995 599.713 599.608 599.8795 599.8391 599.7775 599.933 599.7435 599.7885 599.881 599.949 599.7235 599.6855 599.743 599.7896 599.7925 599.7115 599.6915 599.808 599.583 599.4585 599.72 599.645 599.5595 599.6185 599.6145 599.595 599.584 599.4865 599.4175 599.3535 599.555 599.4885 599.422 599.469 599.4555 599.4835 599.4815 599.5555 599.325 599.4515 599.3335 599.4344 599.322 599.4189 599.256 599.2135 599.231 599.145 599.344 599.2515 599.3965 599.46
-9999 609.0001 602.7262 601.0327 599.9395 599.9839 599.8685 599.956 599.863 599.6725 599.7295 599.802 599.8979 599.957 599.8405 599.693 599.7 599.99 599.852 600.009 600.15 600.0965 599.8295 599.8665 599.9385 599.8719 599.845 599.905 599.897 599.7971 599.6785 599.621 599.719 599.826 599.6405 599.706 599.9246 600.025 599.9555 599.621 599.5049 599.554 599.8025 599.6215 599.7285 599.736 599.7855 599.994 600.087 599.8225 599.832 599.8825 599.91 599.919 599.9557 599.9415 599.9175 599.8891 599.9249 599.9795 599.9555 599.929 599.903 599.8788
-9999 609.4359 603.162 601.348 599.845 599.998 599.8345 599.9595 599.846 599.894 599.966 599.84 600.062 600.1855 599.9305 599.987 600.091 600.1715 599.964 599.919 600.0075 600.1705 599.963 599.9415 600.0135 600.072 600.0915 600.005 599.977 600.0515 600.08 600.055 600.09 600.1535 599.924 599.8595 600.1165 600.1135 600.0745 600.147 600.204 600.219 600.2204 600.2831 600.3479 600.3424 600.4044 600.4301 600.4948 600.5178 600.5168 600.5807 600.5828 600.5929 600.6561 600.6522 600.6282 600.6001 600.6232 600.6778 600.6538 600.6273 600.6013 600.5768
-9999 609.8717 603.5978 601.6634 599.9545 600.1485 599.9435 600.0715 599.9555 599.939 600.024 600.133 600.2425 600.1185 600.171 600.3405 600.3705 600.181 600.2175 600.041 600.0005 600.2835 600.139 600.1825 600.2745 600.4105 600.4335 600.1145 599.9975 600.17 600.2415 600.314 600.4905 600.479 600.4144 600.4898 600.5634 600.6278 600.6788 600.7568 600.8217 600.8702 600.9316 600.9908 601.0556 601.0531 601.1151 601.138 601.202 601.2296 601.2234 601.2873 601.2943 601.2932 601.3563 601.3629 601.3387 601.3112 601.3215 601.3762 601.3522 601.3257 601.2996 601.2747
-9999 -9999 604.0336 601.9788 600.1725 600.327 600.082 600.2175 600.121 600.1725 600.2535 600.1955 600.194 600.1605 600.3875 600.349 600.2725 600.214 600.44 600.4835 600.454 600.547 600.308 600.3065 600.405 600.4565 600.5405 600.5645 600.6436 600.7362 600.8138 600.8909 600.9692 601.0471 601.1223 601.1978 601.2719 601.3378 601.3897 601.4677 601.5314 601.5814 601.6428 601.6985 601.7633 601.7639 601.8259 601.8481 601.9092 601.9413 601.9305 601.9939 602.0057 601.9941 602.0566 602.0736 602.0493 602.0222 602.0198 602.0745 602.0505 602.024 601.998 601.9726
-9999 -9999 604.4694 602.2941 600.4818 600.3105 600.182 600.4365 600.486 600.3775 600.36 600.26 600.2585 600.493 600.488 600.53 600.3935 600.375 600.708 600.8675 600.7325 600.711 600.7926 600.8861 600.9796 601.0737 601.1688 601.2611 601.3489 601.4425 601.5221 601.5992 601.6791 601.757 601.8301 601.9058 601.9799 602.0479 602.1008 602.1786 602.2411 602.2925 602.3539 602.4066 602.471 602.4746 602.5366 602.5602 602.6164 602.6531 602.6375 602.7005 602.7171 602.695 602.757 602.7843 602.7599 602.7332 602.7182 602.7728 602.7488 602.7224 602.6963 602.6705
-9999 -9999 604.9052 602.6094 600.791 600.5465 600.6035 600.5345 600.543 600.6485 600.694 600.7205 600.7705 600.8885 600.7339 600.8615 600.8605 600.9758 601.0922 601.1855 601.2686 601.3846 601.4985 601.5917 601.6855 601.7795 601.8762 601.9691 602.054 602.1481 602.2303 602.3076 602.3872 602.4669 602.538 602.6139 602.6879 602.7579 602.8121 602.8895 602.9507 603.0037 603.0651 603.1149 603.1788 603.1853 603.2473 603.2724 603.3236 603.3649 603.3445 603.407 603.4286 603.4029 603.4573 603.4949 603.4705 603.4442 603.4165 603.4711 603.4471 603.4207 603.3947 603.3685
-9999 -9999 605.341 602.9248 601.1002 600.674 600.929 600.7325 600.8395 600.9055 600.9275 600.9907 601.1221 601.226 601.3327 601.4489 601.5635 601.6781 601.7946 601.8964 601.9742 602.0874 602.2029 602.2978 602.3915 602.4854 602.5831 602.6772 602.7634 602.8536 602.9386 603.0159 603.0946 603.1768 603.2458 603.3219 603.3959 603.4679 603.5235 603.6003 603.6604 603.7148 603.7762 603.8232 603.8865 603.8961 603.958 603.9846 604.0308 604.0767 604.0516 604.1136 604.14 604.1135 604.1576 604.2056 604.1811 604.1551 604.1286 604.1695 604.1455 604.1189 604.093 604.0663
-9999 -9999 605.7768 603.2402 601.4095 601.0995 601.1599 601.2764 601.3928 601.4716 601.5913 601.6989 601.8157 601.9343 602.035 602.1509 602.2665 602.3804 602.4969 602.6071 602.6845 602.7897 602.9048 603.0037 603.0975 603.1912 603.276 603.3848 603.4727 603.5591 603.6469 603.7241 603.8021 603.8867 603.9537 604.0299 604.1039 604.1779 604.2349 604.3112 604.3701 604.426 604.4874 604.5315 604.5942 604.6074 604.6688 604.6968 604.7385 604.7884 604.7621 604.8203 604.8514 604.8267 604.8585 604.9162 604.8917 604.8656 604.8393 604.8678 604.8438 604.8169 604.7913 604.7643
-9999 -9999 606.2126 603.4633 601.7065 601.635 601.8622 601.9787 602.0952 602.1841 602.2907 602.4072 602.5093 602.6425 602.7374 602.8529 602.9693 603.0828 603.1992 603.2996 603.3953 603.4921 603.6068 603.7095 603.801 603.897 603.9833 604.0923 604.182 604.2623 604.3552 604.4324 604.5095 604.5966 604.6633 604.7379 604.8119 604.8879 604.9462 605.0222 605.0797 605.1385 605.1985 605.2398 605.3019 605.3196 605.3795 605.409 605.4465 605.5002 605.4736 605.5272 605.5629 605.5389 605.5594 605.6213 605.6023 605.5761 605.55 605.5662 605.5422 605.5149 605.4896 605.4622
-9999 -9999 606.6484 603.6558 601.9831 602.0438 602.5646 602.681 602.7975 602.8967 602.9901 603.1155 603.2094 603.3508 603.4447 603.5559 603.6713 603.7851 603.9016 604.0053 604.1062 604.1944 604.3087 604.4154 604.5007 604.6028 604.6905 604.7997 604.8911 604.9629 605.0634 605.1407 605.2177 605.3065 605.3738 605.4459 605.5199 605.596 605.6576 605.733 605.7892 605.8511 605.9097 605.9481 606.0098 606.0317 606.0902 606.1212 606.1544 606.212 606.1851 606.2343 606.2744 606.2503 606.2604 606.3216 606.3129 606.2866 606.2603 606.2645 606.2405 606.2129 606.188 606.1601
-9999 -9999 607.0842 603.8482 602.2596 602.4525 603.2669 603.3834 603.4998 603.6093 603.6944 603.8238 603.9177 604.0462 604.153 604.2585 604.3733 604.4881 604.6039 604.711 604.8171 604.9012 605.0118 605.1213 605.204 605.3088 605.3978 605.5037 605.5992 605.6656 605.7692 605.8491 605.926 606.0164 606.0842 606.1539 606.2279 606.3038 606.369 606.4439 606.4988 606.5635 606.6208 606.6564 606.7181 606.744 606.801 606.8334 606.8623 606.9238 606.8964 606.9413 606.9858 606.9617 606.9613 607.0221 607.0235 606.9971 606.9706 606.9628 606.9388 606.9109 606.8863 606.858
-9999 -9999 607.52 604.0406 602.5363 602.8613 603.9692 604.0857 604.2021 604.3186 604.4014 604.532 604.6259 604.7398 604.8613 604.9608 605.0753 605.1911 605.3062 605.4167 605.519 605.6095 605.715 605.8271 605.9109 606.0148 606.105 606.1964 606.3073 606.3749 606.4747 606.5573 606.6342 606.7255 606.7947 606.8619 606.936 607.0117 607.0803 607.1548 607.2084 607.2732 607.332 607.3659 607.4264 607.4562 607.5117 607.5457 607.5703 607.6316 607.6076 607.6483 607.6972 607.6732 607.6622 607.723 607.7341 607.7076 607.6811 607.6611 607.6371 607.6089 607.5847 607.556
-9999 -9999 607.9559 604.233 602.8129 603.2701 604.6652 604.788 604.9045 605.0209 605.112 605.2394 605.3342 605.4333 605.5695 605.6634 605.7775 605.8937 606.0085 606.1224 606.2097 606.3178 606.4178 606.5308 606.6179 606.7156 606.8123 606.8892 607.0153 607.0842 607.1757 607.2656 607.3425 607.433 607.5051 607.5699 607.644 607.7196 607.7917 607.8661 607.918 607.9828 608.0432 608.0786 608.1347 608.1684 608.2224 608.2578 608.2781 608.3391 608.3189 608.3553 608.337 608.311 608.2885 608.2645 608.2397 608.2152 608.1904 608.162 608.138 608.1095 608.0855 608.0566
-9999 -9999 608.3917 604.4255 603.0894 603.6788 605.3304 605.4904 605.6068 605.7233 605.8246 605.9388 606.0425 606.1364 606.2766 606.3716 606.4805 606.5957 606.7109 606.8273 606.9047 607.0269 607.1202 607.2329 607.3248 607.4152 607.5195 607.5927 607.7232 607.7936 607.8763 607.9739 608.0508 608.1404 608.2156 608.2778 608.352 608.4275 608.5031 608.5775 608.6275 608.63 608.6039 608.5817 608.5593 608.537 608.515 608.4925 608.4698 608.4465 608.4242 608.4019 608.373 608.3507 608.3281 608.3041 608.2795 608.2549 608.2302 608.202 608.1779 608.1497 608.1257 608.0969
-9999 -9999 608.8275 604.6179 603.366 604.0876 605.7391 606.1927 606.3091 606.4256 606.5372 606.6401 606.7507 606.8447 606.9702 607.08 607.1835 607.2977 607.4132 607.5297 607.6104 607.7377 607.8282 607.9361 608.0318 608.1149 608.2262 608.2999 608.4242 608.5029 608.5768 608.6823 608.7592 608.836 608.81 608.7882 608.7698 608.7493 608.7285 608.71 608.6882 608.6659 608.644 608.6218 608.5993 608.5768 608.5548 608.5323 608.5095 608.4861 608.4638 608.4415 608.4127 608.3904 608.3678 608.3438 608.3192 608.2946 608.27 608.2419 608.2178 608.1898 608.1658 608.1372
-9999 -9999 609.2632 604.8104 603.6612 604.4963 606.1479 606.895 607.0115 607.1279 607.2444 607.3472 607.459 607.5529 607.6638 607.7882 607.8865 607.9997 608.1157 608.232 608.3162 608.4308 608.5365 608.6393 608.7387 608.8162 608.9305 608.9875 608.9653 608.9461 608.9277 608.9105 608.8893 608.8712 608.8508 608.829 608.8104 608.7899 608.7687 608.7502 608.7285 608.7062 608.6841 608.6618 608.6393 608.6166 608.5947 608.572 608.5493 608.5259 608.5034 608.4811 608.4523 608.4301 608.4075 608.3835 608.3589 608.3344 608.3098 608.2819 608.2578 608.2299 608.2059 608.1776
-9999 -9999 609.6991 605.0028 603.9585 604.9051 606.5566 607.5893 607.7138 607.8303 607.9467 608.0543 608.1673 608.2612 608.3574 608.4965 608.5904 608.7021 608.8181 608.9343 609.0219 609.1216 609.1158 609.0997 609.0813 609.0598 609.0441 609.0266 609.0075 608.9883 608.9691 608.9522 608.931 608.9122 608.892 608.8703 608.8511 608.8306 608.8089 608.7904 608.7687 608.7465 608.7242 608.7018 608.6793 608.6565 608.6345 608.6118 608.5891 608.5656 608.543 608.5206 608.4921 608.4697 608.4471 608.4232 608.3986 608.3741 608.3495 608.3218 608.2977 608.27 608.246 608.2179
-9999 -9999 610.1349 605.2554 604.2558 605.3138 606.9654 608.2829 608.4161 608.5326 608.649 608.7614 608.8756 608.9695 609.0634 609.2006 609.2635 609.243 609.2281 609.2087 609.191 609.1752 609.1598 609.1429 609.1249 609.1032 609.087 609.0693 609.0497 609.0305 609.0104 608.9939 608.9727 608.9532 608.9332 608.9116 608.8918 608.8713 608.8495 608.8306 608.809 608.7867 608.7643 608.7418 608.7194 608.6964 608.6743 608.6515 608.6288 608.6053 608.5826 608.5602 608.5319 608.5094 608.4868 608.4628 608.4384 608.4138 608.3892 608.3618 608.3376 608.3101 608.2861 608.2582
