samples/sfe_81/sfe_81_c2/sfe_81_c2/sfe_81_c2.asc
ncols         249
nrows         120
xllcorner     84.60000000149
yllcorner     40
cellsize      1
NODATA_value  -9999
[rows 28 to 55 of 120, columns 64 to 127 of 249]
605.1647 605.1411 605.1174 605.0952 605.0643 605.0323 605.0189 604.9874 604.9535 604.9384 604.92 604.8854 604.8502 604.8259 604.7928 604.756 604.7427 604.7142 604.677 604.6397 604.6151 604.5869 604.554 604.5211 604.4825 604.443 604.4069 604.3652 604.3305 604.2922 604.2535 604.1708 603.857 603.543 603.2289 602.9265 602.6302 602.3794 602.1229 601.8982 601.6843 601.4505 601.2701 601.0553 600.8661 600.6739 600.4622 600.249 600.0401 599.716 598.452 598.4355 598.601 598.3115 598.045 598.2635 598.2945 598.342 598.521 598.44 598.299 598.3935 598.4885 598.351
605.1446 605.121 605.0974 605.0737 605.0482 605.0153 604.9929 604.9703 604.9365 604.9111 604.8974 604.8669 604.8318 604.7968 604.7742 604.7371 604.7117 604.6915 604.6557 604.6185 604.5817 604.5628 604.5254 604.4944 604.458 604.4185 604.3821 604.3398 604.3021 604.2619 604.1819 603.8678 603.554 603.24 602.926 602.6118 602.3237 602.0323 601.8061 601.5591 601.3341 601.1241 600.9293 600.7355 600.5511 600.3696 600.1631 599.9518 599.325 598.5505 598.3845 598.3625 598.5275 598.4215 598.246 598.194 598.353 598.526 598.5065 598.42 598.3705 598.3719 598.3625 598.4579
605.1245 605.1009 605.0773 605.0536 605.032 604.9991 604.9671 604.9534 604.9195 604.8856 604.8704 604.8486 604.8134 604.7783 604.7539 604.7184 604.6813 604.6665 604.6345 604.5972 604.5599 604.5348 604.5013 604.4677 604.4334 604.3939 604.3543 604.3149 604.2736 604.1934 603.8792 603.565 603.2512 602.9371 602.623 602.309 601.9946 601.7152 601.4501 601.2328 601.0066 600.7953 600.5884 600.408 600.2201 600.0447 599.6105 598.907 598.6135 598.4715 598.371 598.325 598.3965 598.256 598.3475 598.4485 598.3975 598.378 598.4995 598.6495 598.662 598.6955 598.5615 598.6671
605.1044 605.0808 605.0572 605.0336 605.0099 604.9829 604.95 604.9276 604.9025 604.8687 604.8431 604.827 604.795 604.7598 604.7247 604.6998 604.6627 604.6367 604.6132 604.5759 604.5386 604.5014 604.4772 604.4397 604.4075 604.3693 604.3298 604.2901 604.205 603.8909 603.5767 603.2623 602.9481 602.6344 602.3203 602.0061 601.692 601.3776 601.1085 600.8814 600.6509 600.4539 600.2564 600.0672 599.9745 599.2655 598.6844 598.554 598.649 598.3979 598.348 598.325 598.2971 598.415 598.545 598.5065 598.324 598.323 598.4375 598.7135 598.77 598.7568 598.916 598.8925
605.0844 605.0607 605.0371 605.0135 604.9898 604.9667 604.9338 604.9018 604.8855 604.8516 604.8177 604.8023 604.7767 604.7415 604.7063 604.6811 604.644 604.6069 604.5885 604.5547 604.5174 604.4801 604.4531 604.4156 604.3813 604.3447 604.3052 604.2181 603.9136 603.5884 603.2742 602.9601 602.6454 602.3312 602.0177 601.7035 601.389 601.0749 600.775 600.5187 600.3081 600.0924 599.87 599.234 598.764 598.587 598.4034 598.461 598.6285 598.364 598.338 598.3345 598.1905 598.3065 598.5215 598.4915 598.4755 598.6885 598.596 598.738 598.807 598.844 598.933 598.8
605.0643 605.0406 605.017 604.9933 604.9697 604.9461 604.9177 604.8848 604.8624 604.8347 604.8008 604.7752 604.7566 604.7231 604.6879 604.6528 604.6253 604.5882 604.5615 604.5334 604.4962 604.4589 604.4216 604.3915 604.355 604.3198 604.2282 603.9243 603.6193 603.3148 602.9892 602.6577 602.3435 602.0285 601.7144 601.4011 601.0867 600.772 600.4576 600.1752 599.9839 599.469 599.1155 598.7055 598.4225 598.356 598.4385 598.412 598.237 598.3545 598.393 598.253 598.2185 598.2585 598.522 598.5675 598.63 598.753 598.769 598.824 598.851 599.0496 598.927 598.92
605.0442 605.0206 604.9969 604.9733 604.9496 604.926 604.9015 604.8686 604.8365 604.8177 604.7838 604.7499 604.7343 604.7047 604.6696 604.6343 604.6066 604.5696 604.5325 604.5104 604.4749 604.4376 604.4003 604.3674 604.33 604.2804 603.9419 603.6299 603.3257 603.0204 602.7158 602.3906 602.041 601.7269 601.4117 601.098 600.7845 600.4698 600.1549 599.5934 598.9789 598.8 598.828 598.6385 598.461 598.545 598.5785 598.414 598.1405 598.356 598.5555 598.5155 598.557 598.6075 598.728 598.6176 598.7045 598.761 598.8335 598.8965 598.794 598.9305 598.9045 599.117
605.0241 605.0005 604.9769 604.9532 604.9296 604.9059 604.8825 604.8524 604.8195 604.7972 604.7668 604.7329 604.707 604.6863 604.6512 604.616 604.5808 604.5509 604.5138 604.4861 604.4537 604.4164 604.3791 604.3418 604.3127 604.0159 603.6821 603.3436 603.0316 602.7272 602.4216 602.1168 601.7921 601.4358 601.1102 600.7953 600.4821 600.1678 599.403 599.1355 598.765 598.6535 598.82 598.5425 598.488 598.505 598.44 598.5255 598.3395 598.279 598.4915 598.675 598.716 598.7905 598.677 598.705 598.973 598.847 598.9175 598.973 598.823 598.9175 599.095 599.3315
605.004 604.9804 604.9568 604.9331 604.9095 604.8859 604.8622 604.8362 604.8033 604.7713 604.7498 604.7159 604.6821 604.6644 604.6328 604.5976 604.5624 604.5322 604.4951 604.458 604.4324 604.3951 604.3578 604.3245 604.0645 603.7518 603.4078 603.0838 602.7454 602.4333 602.1286 601.8229 601.5178 601.1935 600.8372 600.4937 600.1788 599.6415 598.935 598.8645 598.5805 598.622 598.774 598.504 598.4625 598.4455 598.249 598.314 598.4075 598.51 598.468 598.4455 598.5474 598.5665 598.5545 598.7745 599.0875 598.931 599.004 599.0595 599.0505 599.2816 599.2405 599.222
604.9839 604.9603 604.9367 604.913 604.8894 604.8658 604.8422 604.8198 604.7872 604.7542 604.7319 604.699 604.6651 604.639 604.6144 604.5792 604.5441 604.5089 604.4764 604.4394 604.408 604.3739 604.3366 604.0809 603.7528 603.4341 603.1421 602.7997 602.479 602.147 601.835 601.53 601.2243 600.9188 600.5949 600.2386 599.812 599.2925 599.0025 598.838 598.6025 598.4475 598.4055 598.4645 598.5995 598.5575 598.371 598.2345 598.328 598.442 598.377 598.529 598.78 598.665 598.5785 598.744 599.027 599.0075 599.0915 599.1525 599.219 599.3475 599.1645 599.33
604.9639 604.9402 604.9166 604.8929 604.8693 604.8457 604.8221 604.7984 604.771 604.7381 604.7061 604.6819 604.6481 604.6143 604.5939 604.5609 604.5256 604.4905 604.4578 604.4207 604.3836 604.3526 604.1482 603.8031 603.4422 603.1185 602.8239 602.5264 602.1916 601.8715 601.5488 601.2368 600.9315 600.6257 600.3198 599.9315 599.09 598.932 598.746 598.63 598.5895 598.617 598.4165 598.4536 598.535 598.362 598.4305 598.5325 598.583 598.625 598.527 598.678 598.96 598.785 598.8026 599.0395 599.2035 599.1105 599.1845 599.2465 599.3085 599.3675 599.205 599.73
604.9438 604.9202 604.8965 604.8729 604.8492 604.8256 604.802 604.7783 604.7548 604.7219 604.689 604.665 604.6311 604.5972 604.5709 604.5425 604.5073 604.4721 604.437 604.402 604.3649 604.1525 603.822 603.5037 603.1644 602.8068 602.4842 602.2137 601.9105 601.5835 601.2643 600.9504 600.6384 600.3329 600.084 599.284 598.959 598.9295 598.844 598.589 598.3781 598.577 598.4905 598.456 598.636 598.3995 598.319 598.45 598.5899 598.6725 598.6325 598.8585 598.86 598.7535 598.8335 599.1255 599.1974 599.2065 599.2865 599.345 599.4075 599.489 599.8515 600.0228
604.9237 604.9001 604.8765 604.8528 604.8292 604.8055 604.7819 604.7582 604.7346 604.7057 604.6728 604.6408 604.6141 604.5803 604.5464 604.5235 604.4889 604.4537 604.4186 604.3834 604.2294 603.8685 603.4877 603.1686 602.8593 602.5258 602.1725 601.8644 601.6034 601.2945 600.9753 600.6573 600.3488 600.042 599.6495 599.113 598.7865 598.734 598.7825 598.601 598.301 598.4955 598.493 598.4625 598.7085 598.4925 598.421 598.5841 598.7575 598.6635 598.5526 598.6985 598.885 599.0625 598.9695 599.1375 599.254 599.3225 599.389 599.4275 599.651 599.8842 600.0641 600.2947
604.9036 604.88 604.8564 604.8327 604.8091 604.7855 604.7618 604.7382 604.7145 604.6896 604.6566 604.6237 604.5972 604.5633 604.5294 604.5017 604.4705 604.4354 604.4001 604.3207 603.922 603.5541 603.196 602.8229 602.5187 602.2149 601.8871 601.5382 601.2541 600.9913 600.6785 600.3638 599.888 599.2975 599.0795 599.003 598.95 598.7921 598.5975 598.567 598.4745 598.494 598.679 598.4835 598.5505 598.521 598.5495 598.5425 598.7485 598.7225 598.5705 598.68 598.9821 599.126 599.013 599.1285 599.3575 599.552 599.537 599.749 600.0053 600.1896 600.3733 600.5507
604.8835 604.8599 604.8363 604.8126 604.789 604.7654 604.7418 604.7181 604.6945 604.6708 604.6405 604.6075 604.5756 604.5463 604.5124 604.4785 604.4521 604.417 604.389 604.0084 603.6041 603.2242 602.8788 602.5236 602.1675 601.8731 601.5705 601.2432 600.9048 600.6439 600.3751 599.9955 599.403 599.2435 598.956 598.871 598.859 598.595 598.4285 598.53 598.5215 598.493 598.735 598.532 598.5275 598.5458 598.545 598.758 598.8945 598.801 598.788 599.0295 599.2025 599.151 599.1885 599.4575 599.4475 599.588 599.9561 600.1457 600.3147 600.505 600.6788 600.8585
604.8635 604.8398 604.8162 604.7925 604.7689 604.7453 604.7217 604.698 604.6744 604.6508 604.6243 604.5914 604.5585 604.5293 604.4954 604.4615 604.4313 604.3995 604.0051 603.6413 603.2917 602.8875 602.5263 602.2035 601.8511 601.5215 601.2276 600.926 600.5986 600.2946 600.0955 599.487 599.095 599.0035 598.8255 598.6705 598.738 598.571 598.3615 598.41 598.548 598.5075 598.5285 598.6615 598.5395 598.608 598.817 598.9015 598.9635 598.976 599.1015 599.0915 599.174 599.2205 599.315 599.6515 599.6985 599.9957 600.2441 600.4539 600.6425 600.8144 600.9967 601.1679
604.8434 604.8198 604.7961 604.7725 604.7488 604.7252 604.7016 604.6779 604.6543 604.6307 604.6071 604.5752 604.5423 604.5103 604.4785 604.4446 604.4107 604.049 603.624 603.2413 602.8934 602.5751 602.1848 601.8333 601.528 601.1786 600.8755 600.582 600.2816 599.828 599.507 599.28 599.035 599.057 598.937 598.8385 598.845 598.634 598.4905 598.5985 598.6625 598.531 598.389 598.5295 598.4575 598.6715 598.779 598.6655 598.763 598.849 599.076 599.076 599.183 599.303 599.2451 599.5085 600.0137 600.2619 600.5104 600.7589 600.9517 601.1255 601.3141 601.4733
604.8233 604.7997 604.7761 604.7524 604.7288 604.7051 604.6815 604.6578 604.6342 604.6106 604.587 604.559 604.5261 604.4932 604.4614 604.4276 604.15 603.6827 603.2438 602.8486 602.494 602.1486 601.8492 601.487 601.1578 600.8525 600.5062 600.2296 599.945 599.3985 599.216 599.2485 598.9785 598.9315 598.8435 598.765 598.8585 598.7195 598.569 598.477 598.433 598.5415 598.709 598.5475 598.561 598.828 598.7645 598.644 598.8425 599.0485 599.065 599.0345 599.3185 599.4045 599.2965 599.98 600.2264 600.5316 600.7767 601.0251 601.259 601.4495 601.6234 601.8057
604.8032 604.7796 604.756 604.7323 604.7087 604.6851 604.6614 604.6378 604.6141 604.5905 604.5669 604.5429 604.5099 604.4771 604.4445 604.2504 603.766 603.3198 602.8524 602.4386 602.0733 601.7467 601.4164 601.1171 600.7891 600.4823 600.177 599.746 599.5285 599.3145 598.996 598.959 598.774 598.8065 598.7175 598.6435 598.6865 598.511 598.5545 598.6345 598.4839 598.5629 598.8685 598.6844 598.566 598.6985 598.856 599.0135 598.9905 598.966 599.1475 599.322 599.5265 599.4915 599.6915 600.1149 600.438 600.7545 601.0494 601.2914 601.5399 601.7578 601.942 602.1231
604.7831 604.7595 604.7359 604.7122 604.6886 604.665 604.6414 604.6177 604.5941 604.5704 604.5468 604.5231 604.4938 604.4609 604.3322 603.8397 603.4044 602.9284 602.4896 602.0437 601.6501 601.3038 600.9994 600.6843 600.3849 600.1055 599.648 599.5525 599.3315 599.0625 598.9965 598.9995 598.9425 598.762 598.54 598.509 598.587 598.6355 598.5265 598.6285 598.6246 598.614 598.8645 598.8355 598.83 598.895 599.029 599.175 599.032 599.089 599.2785 599.2775 599.5055 599.7015 600.0045 600.3226 600.6602 600.9661 601.2827 601.5672 601.8062 602.0546 602.2556 602.4342
604.7631 604.7394 604.7158 604.6921 604.6685 604.6449 604.6213 604.5976 604.574 604.5504 604.5267 604.5031 604.4776 604.418 603.9251 603.4804 602.988 602.5499 602.0908 601.6534 601.2385 600.8804 600.5565 600.2521 599.989 599.7275 599.345 599.274 599.2045 599.1776 598.9635 598.7945 598.8695 598.7505 598.6075 598.722 598.59 598.473 598.4105 598.5855 598.632 598.6725 598.794 598.7 598.7675 598.842 598.8955 598.9655 598.984 599.2345 599.479 599.5275 599.555 599.82 600.2253 600.5555 600.8848 601.2055 601.4999 601.8108 602.085 602.3209 602.5577 602.7534
604.744 604.7206 604.6973 604.6739 604.6505 604.6271 604.6038 604.5804 604.557 604.5336 604.5103 604.4869 604.4675 604.0333 603.5684 603.0725 602.6094 602.1362 601.6954 601.2532 600.8158 600.4333 600.1335 599.842 599.601 599.481 599.4455 599.2735 599.2665 599.088 598.701 598.747 598.9 598.812 598.778 598.803 598.597 598.3995 598.5745 598.6305 598.6175 598.828 598.8745 598.9045 598.969 599.045 599.0095 598.976 599.0675 599.2166 599.3185 599.6195 599.991 600.1517 600.4484 600.8063 601.1176 601.4469 601.7508 602.0522 602.3389 602.6028 602.8356 603.0574
604.7378 604.7144 604.691 604.6677 604.6443 604.6209 604.5975 604.5742 604.5508 604.5274 604.504 604.4807 604.1423 603.6816 603.215 602.7429 602.22 601.7369 601.2844 600.8411 600.4073 600.046 599.732 599.553 599.4465 599.337 599.3125 599.0295 599.082 598.8965 598.61 598.7775 598.7755 598.5795 598.547 598.505 598.592 598.7145 598.8065 598.68 598.5385 598.6525 598.715 598.82 598.9125 599.007 599.165 599.3395 599.4445 599.545 599.4815 599.8665 600.1653 600.4665 600.7679 601.0619 601.3873 601.6947 602.009 602.3043 602.6044 602.867 603.1207 603.3503
604.736 604.7121 604.6882 604.6644 604.6404 604.6166 604.5927 604.5688 604.545 604.5211 604.4972 604.217 603.7818 603.3462 602.8695 602.4122 601.8906 601.408 600.8745 600.4241 599.9965 599.603 599.4595 599.323 599.3715 599.236 599.118 598.9895 598.7845 598.755 598.786 598.7405 598.487 598.59 598.608 598.429 598.606 598.819 598.83 598.8265 598.7055 598.629 598.6555 598.899 599.164 599.241 599.277 599.3195 599.587 599.6435 599.917 600.1816 600.4827 600.782 601.083 601.3841 601.6754 601.9683 602.2869 602.5711 602.8698 603.1567 603.3951 603.6385
604.7269 604.7031 604.6792 604.6553 604.6315 604.6075 604.5837 604.5598 604.5359 604.5121 604.3552 603.9506 603.4744 603.0303 602.5928 602.1166 601.6002 601.0887 600.5768 600.0355 599.7485 599.713 599.5649 599.4165 599.394 599.153 599.075 599.0035 598.8395 598.9435 598.9275 598.7215 598.4641 598.6605 598.7965 598.719 598.6535 598.5745 598.5975 598.659 598.821 598.9605 598.8875 599.0365 599.227 599.166 599.366 599.5855 599.8305 600.01 600.22 600.501 600.7983 601.0995 601.3986 601.6995 602.0002 602.2889 602.559 602.879 603.1332 603.4347 603.709 603.9343
604.7179 604.694 604.6702 604.6463 604.6224 604.5986 604.5746 604.5508 604.5269 604.4411 604.0589 603.6561 603.2659 602.7811 602.2928 601.8435 601.3451 600.8249 600.2938 599.6995 599.6355 599.7035 599.4625 599.222 599.069 599.0775 599.176 599.034 598.9875 598.971 598.769 598.7036 598.783 598.7704 598.6615 598.6813 598.871 598.6425 598.4825 598.729 599.057 599.001 599.0475 599.1375 599.2285 599.2925 599.267 599.6825 600.1305 600.2694 600.5518 600.8328 601.1138 601.415 601.7162 602.0152 602.3159 602.6163 602.9024 603.1664 603.4711 603.7254 603.9996 604.1515
604.7184 604.6932 604.668 604.6427 604.6174 604.5922 604.567 604.5417 604.465 604.1437 603.7928 603.37 602.9709 602.5586 602.124 601.6117 601.1181 600.6357 600.07 599.805 599.564 599.343 599.3245 599.301 599.0334 598.999 599.033 598.809 598.7405 598.674 598.565 598.6835 598.7375 598.5455 598.477 598.643 598.9065 598.714 598.557 598.8635 599.1795 599.0135 599.089 599.198 599.309 599.4695 599.3755 599.94 600.2292 600.555 600.8776 601.1645 601.4455 601.7307 602.0317 602.333 602.6318 602.9324 603.2323 603.5159 603.7738 604.0632 604.1672 604.1266
604.7216 604.6946 604.6676 604.6406 604.6136 604.5867 604.5597 604.5383 604.2144 603.8645 603.5186 603.1571 602.7853 602.3022 601.8948 601.4611 600.9777 600.4531 599.837 599.6305 599.4185 599.1975 599.2715 599.2265 598.922 598.8405 598.902 598.908 598.7005 598.686 598.656 598.682 598.711 598.5644 598.499 598.5715 598.65 598.655 598.798 599.0315 599.197 599.0795 598.9865 599.287 599.4225 599.566 600.0125 600.2018 600.5331 600.8386 601.1656 601.4857 601.7772 602.0582 602.3477 602.6483 602.9498 603.2484 603.5489 603.8483 604.1294 604.1882 604.1517 604.1152
