samples/sfe_81/sfe_81_c2/sfe_81_c2/sfe_81_c2.asc
ncols         249
nrows         120
xllcorner     84.60000000149
yllcorner     40
cellsize      1
NODATA_value  -9999
[rows 84 to 111 of 120, columns 64 to 127 of 249]
599.9865 599.9095 599.5755 599.647 599.673 599.487 599.274 599.084 599.1155 599.204 599.1785 599.175 599.0315 599.0975 599.3645 599.442 599.5145 599.7175 600.5703 600.8043 601.0386 601.2991 601.5779 601.7947 602.0547 602.3065 602.554 602.8055 603.0289 603.2484 603.4672 603.6673 603.9039 604.1519 604.3774 604.5674 604.5709 604.5726 604.576 604.5793 604.5796 604.5807 604.5793 604.5804 604.5816 604.5787 604.5712 604.5724 604.5735 604.5644 604.5639 604.5634 604.5488 604.5263 604.5038 604.4813 604.4588 604.4363 604.4138 604.3913 604.3688 604.3463 604.3239 604.3013
599.6725 599.7565 599.861 599.5755 599.433 599.2515 599.1305 599.003 598.943 599.131 599.1515 599.1565 599.2475 599.1435 599.4745 599.6315 600.0365 600.5838 600.8181 601.0519 601.2862 601.5205 601.7733 602.05 602.2598 602.5068 602.7592 603.0046 603.2559 603.4799 603.6995 603.9185 604.1301 604.3694 604.5785 604.5822 604.5856 604.5891 604.5895 604.5929 604.592 604.5956 604.5917 604.5929 604.594 604.5941 604.5834 604.5833 604.5845 604.5786 604.5747 604.5742 604.568 604.5471 604.5245 604.5021 604.4796 604.457 604.4346 604.412 604.3896 604.3671 604.3446 604.3221
599.5305 599.6215 599.775 599.4895 599.2885 599.342 599.2745 599.1945 599.0555 599.124 599.1595 599.266 599.5305 599.637 600.2075 600.5075 600.6533 600.8349 601.0654 601.2994 601.5336 601.7681 602.0025 602.2475 602.5193 602.7258 602.9589 603.2119 603.4573 603.7061 603.9308 604.1505 604.3699 604.5916 604.5934 604.5969 604.6003 604.6038 604.6031 604.6064 604.607 604.6079 604.6069 604.6053 604.6064 604.6075 604.6019 604.5943 604.5954 604.5958 604.5855 604.585 604.5843 604.5678 604.5453 604.5228 604.5003 604.4778 604.4553 604.4328 604.4103 604.3878 604.3654 604.3428
599.5175 599.4315 599.455 599.4575 599.218 599.219 599.248 599.066 599.2215 599.2645 599.2305 599.687 600.3945 600.5892 600.6854 600.794 600.9415 601.122 601.3218 601.5469 601.7809 602.0153 602.25 602.4844 602.7217 602.9886 603.1914 603.4197 603.6677 603.91 604.1564 604.3818 604.6015 604.6048 604.6091 604.6116 604.6151 604.6186 604.6196 604.6199 604.6234 604.6203 604.6239 604.6177 604.6188 604.6199 604.6196 604.6066 604.6064 604.6075 604.5997 604.5958 604.5953 604.5873 604.566 604.5436 604.5211 604.4986 604.4761 604.4536 604.4311 604.4086 604.3861 604.3636
599.6915 599.5995 599.3675 599.171 599.056 599.1505 599.3 599.308 599.569 599.9455 600.5685 600.6772 600.7836 600.8962 600.9989 601.0946 601.2356 601.4214 601.5908 601.8025 602.0285 602.2623 602.4969 602.7319 602.9664 603.2015 603.4579 603.6603 603.8849 604.1235 604.3628 604.6082 604.6163 604.6223 604.6252 604.6264 604.6299 604.6333 604.6368 604.6335 604.6368 604.6347 604.6362 604.633 604.6312 604.6323 604.6334 604.6251 604.6173 604.6185 604.617 604.6066 604.6061 604.6038 604.5868 604.5643 604.5418 604.5193 604.4968 604.4744 604.4518 604.4293 604.4069 604.3843
599.6685 599.5175 599.263 599.15 599.347 599.198 599.1735 599.7485 600.6158 600.7215 600.8392 600.9605 601.0714 601.1755 601.3063 601.4086 601.5276 601.6796 601.8906 602.0686 602.283 602.51 602.7438 602.9786 603.2138 603.4484 603.6835 603.9272 604.1296 604.3499 604.5794 604.6275 604.6345 604.6379 604.6424 604.6468 604.6447 604.6481 604.6516 604.6494 604.6504 604.6537 604.6486 604.6522 604.6436 604.6447 604.6459 604.6433 604.6298 604.6294 604.6306 604.6207 604.6169 604.6164 604.6066 604.5851 604.5626 604.5401 604.5176 604.4951 604.4726 604.4501 604.4276 604.4051
599.473 599.186 599.071 599.2141 599.468 599.394 600.601 600.7271 600.8704 600.9946 601.1002 601.2353 601.3492 601.4633 601.6061 601.7221 601.8179 601.9782 602.1502 602.3593 602.5504 602.7635 602.9916 603.2252 603.4603 603.6957 603.9304 604.1655 604.3965 604.5989 604.64 604.6467 604.6523 604.6563 604.6595 604.6617 604.6594 604.6628 604.6663 604.6697 604.6639 604.6673 604.6625 604.6646 604.659 604.6572 604.6583 604.6584 604.6482 604.6404 604.6415 604.638 604.6277 604.6272 604.6232 604.6058 604.5833 604.5609 604.5383 604.5159 604.4933 604.4709 604.4484 604.4258
599.505 599.2035 599.1105 599.3875 599.9705 600.6547 600.8202 600.9731 601.1233 601.2641 601.3732 601.4961 601.6313 601.74 601.8552 602.0074 602.1318 602.2586 602.4198 602.6296 602.8281 603.0322 603.244 603.4731 603.7067 603.942 604.1774 604.4124 604.6475 604.6528 604.6588 604.6653 604.6688 604.6739 604.6771 604.68 604.6829 604.6776 604.6811 604.6845 604.6793 604.6808 604.683 604.6769 604.6789 604.6696 604.6707 604.6718 604.6665 604.653 604.6525 604.6536 604.6418 604.638 604.6375 604.626 604.6041 604.5816 604.5591 604.5366 604.5141 604.4916 604.4691 604.4467
599.462 599.249 599.1151 600.6375 600.7465 600.8912 601.0566 601.2191 601.3698 601.517 601.6463 601.7532 601.902 602.0213 602.1429 602.2844 602.4454 602.5412 602.7169 602.8884 603.1108 603.306 603.5171 603.7245 603.9547 604.1882 604.4237 604.6591 604.6641 604.6732 604.6779 604.6849 604.6884 604.6932 604.6953 604.6971 604.6987 604.6929 604.6958 604.6993 604.701 604.6943 604.6978 604.6902 604.6929 604.6851 604.6831 604.6842 604.6838 604.6713 604.6634 604.6646 604.6592 604.6488 604.6483 604.6426 604.6248 604.6024 604.5798 604.5574 604.5349 604.5124 604.4899 604.4674
599.312 600.2155 600.7177 600.8647 601.0156 601.1377 601.2932 601.4586 601.6158 601.7665 601.9108 602.025 602.1455 602.2981 602.41 602.5349 602.7173 602.855 602.9896 603.1624 603.359 603.5921 603.7877 603.9976 604.2051 604.4362 604.6699 604.6758 604.6855 604.6915 604.6986 604.7026 604.7079 604.7098 604.713 604.7163 604.7175 604.7164 604.7106 604.7141 604.7175 604.7091 604.7112 604.7108 604.7053 604.7049 604.6955 604.6966 604.6978 604.6896 604.6761 604.6755 604.6765 604.6628 604.6591 604.6586 604.6456 604.6231 604.6006 604.5781 604.5556 604.5331 604.5106 604.4882
600.715 600.8484 600.9883 601.1163 601.2731 601.4054 601.5314 601.6951 601.8602 602.0126 602.1638 602.298 602.4071 602.5522 602.6934 602.8226 602.9641 603.136 603.2645 603.4478 603.6266 603.8377 604.0654 604.2695 604.4781 604.6805 604.688 604.6979 604.7061 604.7117 604.7187 604.722 604.7274 604.7289 604.733 604.7328 604.7347 604.7364 604.7263 604.7288 604.7322 604.7309 604.7248 604.7281 604.7178 604.7212 604.7111 604.709 604.7101 604.7081 604.6944 604.6865 604.6876 604.6804 604.6699 604.6694 604.6618 604.6439 604.6214 604.5989 604.5764 604.5539 604.5314 604.5089
600.9911 601.1118 601.2527 601.3842 601.5247 601.6745 601.7972 601.9316 602.097 602.2577 602.4093 602.5575 602.6767 602.7958 602.9589 603.0821 603.2145 603.3974 603.5783 603.7206 603.9051 604.0972 604.319 604.5433 604.6934 604.7036 604.7106 604.7197 604.7257 604.7334 604.7388 604.7432 604.7451 604.7496 604.7517 604.7529 604.7532 604.7538 604.7496 604.7435 604.747 604.7505 604.739 604.7417 604.7384 604.7336 604.7311 604.7214 604.7225 604.7227 604.7129 604.6993 604.6985 604.6974 604.684 604.6802 604.6785 604.6646 604.6422 604.6196 604.5972 604.5746 604.5521 604.5297
601.2672 601.3933 601.5142 601.655 601.7804 601.9332 602.0646 602.19 602.3336 602.499 602.6552 602.8063 602.9498 603.061 603.2016 603.3608 603.4912 603.6437 603.8285 603.9933 604.1788 604.3647 604.5678 604.7068 604.7177 604.7286 604.7333 604.7413 604.7484 604.7555 604.7589 604.7633 604.7663 604.7687 604.77 604.7714 604.7711 604.7723 604.7731 604.7597 604.7618 604.7653 604.7606 604.7552 604.7586 604.7459 604.7495 604.7372 604.735 604.7361 604.7314 604.7178 604.7095 604.7106 604.7014 604.691 604.6905 604.6815 604.6629 604.6404 604.6179 604.5954 604.5729 604.5504
601.5455 601.6694 601.7819 601.9186 602.0507 602.1848 602.3334 602.4569 602.5823 602.7355 602.8987 603.052 603.2039 603.3284 603.4497 603.6083 603.7542 603.8942 604.0771 604.2778 604.4515 604.637 604.7195 604.732 604.7427 604.7536 604.7576 604.7648 604.7706 604.7748 604.7803 604.7862 604.7866 604.7897 604.7908 604.7932 604.7916 604.7894 604.7883 604.7832 604.7766 604.78 604.7825 604.769 604.7722 604.7662 604.7618 604.7573 604.7474 604.7485 604.7481 604.7359 604.7225 604.7216 604.7188 604.7052 604.7013 604.6977 604.6837 604.6611 604.6387 604.6161 604.5937 604.5712
601.8422 601.9455 602.0717 602.181 602.3217 602.4474 602.5933 602.7242 602.8499 602.9771 603.1375 603.2963 603.4487 603.598 603.7149 603.851 604.0151 604.1598 604.3234 604.5154 604.7242 604.7368 604.7485 604.757 604.7677 604.7786 604.7895 604.7874 604.7947 604.7978 604.8034 604.8049 604.8088 604.8098 604.8115 604.8093 604.811 604.8103 604.8098 604.8066 604.7931 604.7947 604.7982 604.7906 604.7856 604.7868 604.7742 604.7769 604.7634 604.7609 604.762 604.7544 604.7409 604.7325 604.7337 604.7224 604.7121 604.7116 604.7009 604.6819 604.6594 604.6369 604.6144 604.5919
602.1326 602.2264 602.3477 602.4531 602.5844 602.7175 602.8448 602.9923 603.1166 603.2424 603.377 603.5394 603.6938 603.8461 603.9802 604.1036 604.2577 604.4218 604.5739 604.7426 604.7548 604.7657 604.7775 604.7832 604.7927 604.8036 604.8145 604.81 604.8156 604.8214 604.8251 604.8275 604.8304 604.8307 604.8322 604.8319 604.8314 604.8298 604.827 604.8259 604.8165 604.8095 604.813 604.8121 604.7992 604.8026 604.7939 604.7902 604.7833 604.7733 604.7744 604.7728 604.7595 604.7457 604.7446 604.7399 604.7264 604.7224 604.7171 604.7026 604.6802 604.6577 604.6352 604.6127
602.4225 602.5239 602.6238 602.7446 602.8509 602.9883 603.1145 603.2534 603.384 603.5092 603.6346 603.7769 603.9373 604.0913 604.2438 604.3688 604.5004 604.6644 604.7598 604.7714 604.7854 604.7994 604.8065 604.8182 604.8201 604.8286 604.8395 604.8412 604.8416 604.845 604.8472 604.8505 604.8519 604.8528 604.8529 604.8525 604.8511 604.8494 604.8483 604.846 604.8398 604.8265 604.8277 604.8312 604.8204 604.8161 604.8143 604.8026 604.8032 604.7896 604.7869 604.7878 604.7773 604.764 604.7556 604.7567 604.7437 604.7332 604.7327 604.7202 604.7009 604.6784 604.6559 604.6334
602.7162 602.8185 602.9073 603.0261 603.1243 603.2501 603.3846 603.5115 603.6513 603.7762 603.9023 604.027 604.1779 604.3348 604.4883 604.634 604.7575 604.7751 604.793 604.8051 604.816 604.8301 604.8354 604.8471 604.8437 604.8536 604.8645 604.8737 604.8642 604.8683 604.8713 604.8752 604.8737 604.8757 604.8738 604.8743 604.8713 604.8706 604.8656 604.8646 604.8634 604.8498 604.8425 604.8459 604.8423 604.8297 604.833 604.8215 604.8185 604.8093 604.7993 604.8004 604.7958 604.7825 604.7689 604.7677 604.7608 604.7476 604.7435 604.7367 604.7217 604.6992 604.6767 604.6542
603.0184 603.1085 603.2023 603.3022 603.4158 603.5208 603.6545 603.7816 603.9134 604.0436 604.1686 604.2947 604.4227 604.5783 604.7323 604.786 604.7973 604.813 604.8258 604.8418 604.8467 604.8607 604.8657 604.8761 604.8785 604.8799 604.8895 604.9005 604.8924 604.8957 604.8965 604.8948 604.8981 604.8992 604.897 604.8946 604.8936 604.893 604.8881 604.8835 604.8803 604.8735 604.8599 604.8607 604.8637 604.8501 604.8466 604.8423 604.8309 604.8292 604.8157 604.8128 604.8124 604.8009 604.7871 604.7786 604.7782 604.765 604.7543 604.753 604.7394 604.72 604.6974 604.6749
603.3094 603.3976 603.5046 603.5883 603.7044 603.7955 603.92 604.0516 604.1785 604.311 604.436 604.5621 604.687 604.7995 604.815 604.8283 604.8409 604.8503 604.8586 604.8763 604.8773 604.8914 604.9043 604.9051 604.9147 604.9069 604.9146 604.9254 604.9247 604.9183 604.9217 604.9214 604.9213 604.9207 604.9189 604.9174 604.9148 604.9116 604.9084 604.9043 604.9021 604.8965 604.8831 604.8754 604.8789 604.8719 604.86 604.863 604.8491 604.8468 604.8355 604.8252 604.8263 604.8193 604.8055 604.7921 604.7907 604.7819 604.7687 604.7646 604.756 604.7407 604.7182 604.6957
603.6104 603.6986 603.7946 603.8808 603.9821 604.087 604.1907 604.3203 604.4486 604.5755 604.7033 604.8156 604.8248 604.8418 604.8571 604.8705 604.8835 604.8875 604.8967 604.9098 604.9174 604.922 604.936 604.9341 604.9458 604.9375 604.9398 604.9504 604.9572 604.9437 604.9455 604.9449 604.9441 604.9432 604.9429 604.9392 604.9376 604.935 604.9303 604.9268 604.9193 604.9155 604.9067 604.8933 604.8937 604.8937 604.8801 604.877 604.8698 604.8592 604.8551 604.8419 604.8387 604.8376 604.8239 604.8102 604.8017 604.7991 604.7861 604.7754 604.7724 604.7587 604.739 604.7165
603.9159 604.0019 604.0837 604.1857 604.2692 604.3786 604.4666 604.5899 604.7187 604.8322 604.8364 604.8566 604.8745 604.8849 604.901 604.9128 604.9258 604.9248 604.9405 604.9426 604.9583 604.9526 604.9667 604.968 604.9748 604.9739 604.97 604.9755 604.9864 604.976 604.9725 604.9716 604.9687 604.9686 604.9649 604.9633 604.9607 604.9561 604.9505 604.9466 604.9431 604.9382 604.9302 604.9164 604.9084 604.9119 604.9016 604.8905 604.8905 604.877 604.875 604.8619 604.8511 604.8522 604.8423 604.8286 604.8153 604.8138 604.8033 604.7898 604.7857 604.7752 604.7597 604.7372
604.2214 604.2973 604.3768 604.4805 604.5593 604.663 604.7582 604.848 604.8576 604.872 604.8902 604.9047 604.9234 604.9318 604.9432 604.9561 604.9681 604.9692 604.9778 604.9755 604.9929 604.9877 604.9973 605.0064 605.0037 605.0101 604.9965 605.0004 605.0114 605.0084 604.9952 604.9953 604.9954 604.9944 604.9896 604.9879 604.9823 604.9796 604.9732 604.9697 604.9626 604.9568 604.9532 604.94 604.9268 604.9266 604.9234 604.9102 604.9074 604.8974 604.8875 604.8813 604.868 604.8646 604.8605 604.8469 604.8333 604.8247 604.8204 604.8071 604.7965 604.7916 604.778 604.758
604.5247 604.597 604.681 604.7697 604.8641 604.8688 604.8854 604.9012 604.9164 604.9258 604.944 604.9521 604.9724 604.9831 604.9911 604.9982 605.0104 605.0167 605.015 605.0181 605.0266 605.0296 605.028 605.042 605.0327 605.0444 605.033 605.0284 605.0364 605.0408 605.0273 605.0265 605.0219 605.0176 605.0156 605.0123 605.0073 605.0009 604.9971 604.9924 604.9855 604.9786 604.9722 604.9634 604.95 604.9414 604.9449 604.9316 604.921 604.918 604.905 604.9009 604.8879 604.8771 604.8771 604.8652 604.8516 604.8385 604.8368 604.8245 604.8109 604.8068 604.7946 604.7787
604.832 604.894 604.9003 604.9099 604.924 604.9383 604.9498 604.9634 604.9752 604.9876 604.9979 605.0059 605.0213 605.0305 605.0345 605.0455 605.0526 605.064 605.0523 605.0631 605.0594 605.0715 605.0586 605.0726 605.0699 605.0734 605.069 605.0566 605.0613 605.0723 605.0598 605.0493 605.0486 605.0447 605.0405 605.0361 605.0305 605.0258 605.0194 605.0135 605.0069 604.9984 604.9944 604.9868 604.9737 604.9601 604.9596 604.9536 604.94 604.9379 604.9254 604.9158 604.9077 604.8941 604.8906 604.8839 604.8703 604.8566 604.8478 604.8417 604.8282 604.8176 604.811 604.7973
604.9519 604.9629 604.9765 604.9842 604.9927 605.0078 605.0143 605.0256 605.0341 605.0495 605.0517 605.0652 605.0703 605.0851 605.0805 605.0877 605.0962 605.1079 605.0977 605.1052 605.0948 605.1094 605.1002 605.1033 605.1087 605.1024 605.1056 605.0919 605.0891 605.0973 605.0921 605.0789 605.0755 605.0705 605.0637 605.0606 605.0563 605.0491 605.044 605.0375 605.0304 605.0234 605.0137 605.0066 604.9969 604.9835 604.9744 604.9753 604.9617 604.9514 604.9458 604.9326 604.9274 604.914 604.903 604.9021 604.8885 604.8748 604.8617 604.8589 604.8455 604.832 604.8274 604.8143
605.0333 605.0421 605.0533 605.0585 605.0614 605.0773 605.0787 605.0878 605.0952 605.1083 605.1055 605.1237 605.1177 605.137 605.1343 605.1356 605.1392 605.1501 605.1448 605.1425 605.1396 605.1434 605.1418 605.1339 605.1472 605.1334 605.1417 605.1279 605.1198 605.1223 605.1244 605.1112 605.1034 605.0988 605.0921 605.0875 605.0802 605.0748 605.0679 605.0607 605.052 605.0452 605.0375 605.0303 605.0203 605.0071 604.9936 604.9926 604.9833 604.9698 604.9667 604.9532 604.9442 604.9338 604.9203 604.9165 604.9072 604.8937 604.8799 604.8708 604.8627 604.8492 604.8387 604.8307
605.1147 605.1212 605.1288 605.1329 605.1338 605.1468 605.1456 605.1544 605.1619 605.1671 605.1639 605.1776 605.1703 605.186 605.1884 605.184 605.186 605.1924 605.1923 605.1797 605.1846 605.1762 605.1838 605.1702 605.1786 605.1719 605.1721 605.1641 605.1509 605.1473 605.1569 605.1436 605.1298 605.1246 605.12 605.1134 605.1066 605.0995 605.092 605.0845 605.0763 605.0684 605.0596 605.0494 605.0428 605.0305 605.017 605.0073 605.0049 604.9914 604.9818 604.9737 604.9603 604.9535 604.94 604.929 604.9254 604.912 604.8981 604.8849 604.8798 604.8665 604.8531 604.8471
