samples/sfe_81/sfe_81_c2/sfe_81_c2/sfe_81_c2.asc
ncols         249
nrows         120
xllcorner     84.60000000149
yllcorner     40
cellsize      1
NODATA_value  -9999
[rows 56 to 83 of 120, columns 0 to 63 of 249]
-9999 -9999 -9999 605.7004 605.2485 604.7965 604.3445 603.8926 603.4407 602.9887 602.5367 602.0848 601.2699 601.5756 600.9413 600.288 600.4007 600.5204 600.7237 601.4232 601.5723 601.7494 601.9052 602.0545 602.2247 602.4274 602.5871 602.7729 603.0141 603.2115 603.4276 603.6627 603.8763 604.0865 604.348 604.606 604.8624 605.1029 605.3401 605.3702 605.3447 605.3192 605.2937 605.2682 605.2427 605.2172 605.1917 605.1663 605.1407 605.1152 605.0898 605.0632 605.0362 605.0092 604.9822 604.9552 604.9282 604.9012 604.8743 604.8473 604.8203 604.7933 604.7664 604.7394
-9999 -9999 -9999 605.5911 605.1392 604.6872 604.2352 603.7833 603.3313 602.8793 602.4274 601.9755 601.1699 601.4996 600.8216 600.1778 600.2904 600.4102 600.622 601.075 601.3372 601.4938 601.6431 601.8078 601.9995 602.1558 602.3265 602.5575 602.7549 602.962 603.196 603.4095 603.6093 603.8644 604.1225 604.377 604.6144 604.8519 605.0892 605.3484 605.353 605.3262 605.2993 605.2725 605.2457 605.2188 605.192 605.1651 605.1383 605.1115 605.0847 605.0579 605.0311 605.0043 604.9775 604.9506 604.9238 604.897 604.8702 604.8434 604.8165 604.7896 604.7628 604.736
-9999 -9999 -9999 605.4818 605.0298 604.5778 604.1259 603.674 603.222 602.77 602.3181 601.8661 601.0938 601.4235 600.7018 600.0677 600.1801 600.3395 600.342 600.653 600.975 601.284 601.3909 601.5715 601.7244 601.8801 602.1008 602.2982 602.4963 602.7292 602.9426 603.1362 603.3808 603.639 603.8884 604.1259 604.3636 604.6072 604.8673 605.1266 605.3607 605.3394 605.3126 605.2858 605.259 605.2322 605.2053 605.1772 605.1491 605.121 605.0929 605.0648 605.0367 605.0085 604.9805 604.9523 604.9243 604.8961 604.868 604.8399 604.8118 604.7837 604.7556 604.7275
-9999 -9999 -9999 605.3724 604.9205 604.4685 604.0165 603.5646 603.1126 602.6607 602.2087 601.7568 601.0177 601.3474 600.5822 599.9575 600.2135 600.307 600.2985 600.417 600.8055 601.049 601.0725 601.2931 601.4435 601.6442 601.8416 602.0306 602.2624 602.4757 602.6694 602.8972 603.1556 603.4 603.6375 603.8749 604.126 604.3861 604.6439 604.8956 605.1443 605.3475 605.319 605.2888 605.2585 605.2283 605.198 605.1678 605.1378 605.1093 605.0811 605.053 605.025 604.9972 604.9693 604.9412 604.9132 604.8853 604.8574 604.8294 604.8015 604.7736 604.7456 604.7177
-9999 -9999 -9999 605.2631 604.8111 604.3591 603.9072 603.4553 603.0033 602.5513 602.0994 601.6474 600.9417 601.2714 600.4624 599.9715 600.069 599.974 600.0266 600.285 600.5161 600.517 600.6235 600.9415 601.3125 601.3849 601.565 601.7957 602.0088 602.2025 602.4136 602.6722 602.9115 603.1489 603.3862 603.6448 603.9155 604.1642 604.4264 604.675 604.9167 605.153 605.3297 605.2994 605.2692 605.2389 605.2087 605.1784 605.1481 605.1179 605.0876 605.0574 605.0271 604.9968 604.9666 604.9363 604.9061 604.8758 604.8455 604.8165 604.788 604.7596 604.7311 604.7029
-9999 -9999 605.6057 605.1537 604.7018 604.2498 603.7979 603.3459 602.8939 602.442 601.9901 601.5381 600.8656 600.564 600.2705 600.0305 599.8807 599.922 600.2165 600.194 600.0775 600.341 600.783 600.839 601.0316 601.176 601.3289 601.5419 601.7356 601.9318 602.1857 602.4231 602.6603 602.9036 603.1686 603.4447 603.6979 603.9572 604.2059 604.4603 604.6865 604.9105 605.1473 605.3113 605.2805 605.2496 605.2188 605.1879 605.157 605.1262 605.0954 605.0645 605.0337 605.0028 604.972 604.9415 604.9109 604.8804 604.8498 604.8193 604.7887 604.7582 604.7276 604.6971
-9999 -9999 605.4963 605.0444 604.5924 604.1404 603.6885 603.2366 602.7846 602.3326 601.8807 601.4288 600.511 600.3395 600.424 600.064 599.7715 599.9425 600.2135 600.0825 599.922 600.24 600.683 600.6395 600.759 600.9715 600.8775 601.2687 601.4623 601.6971 601.9347 602.1717 602.4224 602.6982 602.962 603.2316 603.488 603.7316 603.9943 604.2203 604.4503 604.6942 604.9381 605.1805 605.2946 605.2623 605.23 605.1978 605.1655 605.1332 605.101 605.0687 605.0365 605.0042 604.972 604.9401 604.9081 604.8762 604.8443 604.8124 604.7805 604.7485 604.7166 604.6847
-9999 -9999 605.387 604.9351 604.4831 604.0311 603.5792 603.1272 602.6753 602.2233 601.7714 601.3583 600.8765 600.4025 600.1705 600.0975 600.177 599.9735 599.8912 599.985 600.055 600.1435 600.468 600.523 600.717 600.7595 600.667 601.07 601.2085 601.4462 601.6832 601.9513 602.228 602.4921 602.7654 603.0188 603.2846 603.5279 603.7533 603.9972 604.2482 604.5289 604.7567 604.9612 605.1553 605.2772 605.2435 605.2097 605.176 605.1422 605.1085 605.0747 605.041 605.0072 604.9734 604.9399 604.9063 604.8726 604.8391 604.8054 604.7718 604.7382 604.7046 604.671
-9999 -9999 605.2776 604.8257 604.3737 603.9218 603.4698 603.0179 602.5659 602.114 601.7318 601.4423 601.029 600.804 600.3915 600.198 600.2865 599.97 599.716 599.9585 600.0215 600.047 600.255 600.2025 600.478 600.57 600.509 600.889 601.2835 601.2043 601.481 601.7577 602.0258 602.2991 602.5475 602.8354 603.0605 603.3002 603.5588 603.8448 604.1121 604.3329 604.5534 604.7515 604.9265 605.1124 605.2616 605.2278 605.194 605.1602 605.1264 605.0926 605.0588 605.0233 604.9861 604.9497 604.9153 604.8809 604.8466 604.8079 604.7691 604.7303 604.6911 604.5702
-9999 -9999 605.1683 604.7164 604.2644 603.8124 603.3605 602.9085 602.4566 602.1052 601.8289 601.5639 601.2992 600.8715 600.71 600.376 600.176 599.883 599.8835 600.044 599.934 599.9815 600.223 600.2275 600.228 600.3805 600.7275 600.7375 600.7645 601.093 601.2863 601.5596 601.8317 602.1012 602.3693 602.6033 602.8693 603.1554 603.4318 603.6937 603.909 604.1418 604.3478 604.5227 604.7095 604.9026 605.0941 605.245 605.2145 605.1767 605.1374 605.098 605.0587 605.0193 604.98 604.9406 604.9012 604.8619 604.8226 604.7832 604.7439 604.7045 604.5438 604.3167
-9999 605.5109 605.059 604.607 604.155 603.7031 603.2512 602.7992 602.4808 602.2155 601.9508 601.6943 601.409 600.9795 600.752 600.2505 600.1575 600.1385 599.985 599.8035 599.7296 599.8905 600.051 599.9425 600 600.284 600.6495 600.5955 600.549 600.9285 601.2525 601.3641 601.6549 601.9063 602.1799 602.4659 602.7491 603.0181 603.2752 603.4852 603.7302 603.9441 604.119 604.3066 604.5 604.6918 604.8731 605.0347 605.2056 605.1885 605.1463 605.1041 605.0618 605.0196 604.9774 604.9351 604.8928 604.8506 604.8083 604.765 604.7197 604.5554 604.3067 604.0564
-9999 605.4016 604.9496 604.4977 604.0457 603.5938 603.156 602.8674 602.6024 602.3453 602.0858 601.8005 601.5162 601.277 600.9535 600.493 600.0699 600.149 600.0785 599.762 599.734 599.7825 599.819 599.817 599.9935 600.297 600.3055 600.4435 600.6625 600.7085 601.0685 601.2086 601.4904 601.7765 602.0626 602.3347 602.6021 602.8568 603.0746 603.3185 603.5403 603.7153 603.9037 604.0974 604.2895 604.472 604.6342 604.7997 604.9733 605.1424 605.1708 605.1211 605.0713 605.0215 604.9717 604.922 604.8723 604.8252 604.7786 604.744 604.5263 604.303 604.08 603.8185
-9999 605.2922 604.8403 604.3883 603.9364 603.5295 603.254 602.9893 602.7573 602.4772 602.1989 601.9103 601.6389 601.3584 601.0065 600.6615 600.154 600.1665 600.237 600.05 599.9995 599.984 599.9344 600.002 599.9925 599.9795 600.041 600.302 600.6895 600.75 600.921 601.1095 601.3732 601.652 601.9221 602.1837 602.4337 602.6689 602.9069 603.1309 603.3115 603.5008 603.6947 603.8871 604.0707 604.2336 604.3939 604.5674 604.7405 604.8802 605.0469 605.157 605.0913 605.0331 604.9749 604.9167 604.8586 604.8004 604.6932 604.4962 604.285 604.0509 603.8275 603.6045
-9999 605.1829 604.731 604.279 603.9059 603.6409 603.4006 603.1539 602.8815 602.593 602.3308 602.0521 601.7849 601.4957 601.1345 600.6945 600.296 600.2665 600.3625 600.0725 599.9535 599.9515 599.769 599.855 599.772 599.933 600.065 600.2145 600.48 600.4945 600.777 601.072 601.2377 601.5073 601.7652 602.0098 602.2632 602.4952 602.7193 602.9078 603.098 603.2921 603.4849 603.6694 603.8331 603.9904 604.1616 604.3375 604.4657 604.6265 604.7611 604.9072 605.0522 605.085 605.0032 604.8951 604.7863 604.631 604.4492 604.2603 604.049 603.8395 603.5755 603.352
605.5255 605.0735 604.6216 604.2925 604.0438 603.8126 603.5454 603.2756 603.0069 602.7457 602.4762 602.2086 601.9375 601.6443 601.3455 601.077 600.591 600.3911 600.4245 600.0695 599.926 599.915 599.788 599.959 599.8532 599.9185 600.0455 600.1425 600.455 600.518 600.65 600.7635 601.086 601.3468 601.5936 601.8575 602.0836 602.3077 602.504 602.6953 602.8894 603.0825 603.2681 603.4326 603.5914 603.7557 603.9333 604.0644 604.2061 604.358 604.478 604.6281 604.752 604.8367 604.835 604.6837 604.524 604.3766 604.2317 604.0206 603.8274 603.611 603.3941 603.1001
605.4161 604.9642 604.687 604.4558 604.2221 603.9583 603.683 603.4376 603.1614 602.9142 602.6323 602.3741 602.0826 601.7838 601.4903 601.222 600.829 600.537 600.311 600.152 599.808 599.9105 599.896 599.883 600.0675 599.908 599.8975 600.1479 600.377 600.382 600.294 600.6585 601.1545 601.1879 601.4479 601.672 601.8961 602.1003 602.2926 602.4868 602.6801 602.8668 603.0313 603.1925 603.3498 603.526 603.6756 603.7889 603.9522 604.0546 604.1948 604.3391 604.4495 604.5208 604.4872 604.4048 604.265 604.1145 603.9814 603.8321 603.5986 603.3945 603.173 602.9487
605.331 605.099 604.8679 604.6179 604.3591 604.1138 603.8525 603.598 603.345 603.0802 602.819 602.522 602.2342 601.939 601.6508 601.3721 601 600.6875 600.389 600.234 599.819 599.919 599.899 599.839 600.037 599.838 599.7075 599.8335 600.1085 600.212 600.1465 600.597 601.0285 601.0855 601.2604 601.4844 601.6966 601.8899 602.0841 602.2777 602.4655 602.63 602.7932 602.9452 603.1175 603.278 603.3856 603.5318 603.663 603.7657 603.9153 604.0389 604.1343 604.2104 604.1375 604.1061 603.9974 603.8532 603.7159 603.5832 603.4127 603.1768 602.9615 602.7351
605.4935 605.28 605.0353 604.7899 604.5445 604.2833 604.0345 603.7687 603.535 603.2593 602.9601 602.6918 602.39 602.1173 601.8386 601.5598 601.2612 600.7785 600.5025 600.2495 600.0345 599.926 599.9805 599.887 599.71 599.7045 599.674 599.719 599.98 600.114 600.2035 600.448 600.6885 600.9245 601.1005 601.2928 601.4872 601.6815 601.8755 602.0642 602.2288 602.3926 602.5463 602.7116 602.8737 602.999 603.1122 603.2634 603.3586 603.4825 603.6259 603.7394 603.8184 603.8966 603.8227 603.7975 603.6951 603.576 603.4603 603.3317 603.1878 602.9933 602.7549 602.5286
-9999 605.466 605.2206 604.9685 604.7198 604.4775 604.223 603.978 603.6984 603.4228 603.1406 602.8595 602.5838 602.305 602.0273 601.7434 601.4503 601.2005 600.9205 600.6089 600.4171 600.2785 600.2141 599.9415 599.7705 599.91 599.901 599.9265 600.068 600.027 600.11 600.2905 600.5095 600.7285 600.9385 601.0846 601.2788 601.473 601.6629 601.8275 601.9919 602.1473 602.3057 602.4695 602.6102 602.7068 602.8571 602.967 603.0535 603.2025 603.3259 603.4313 603.506 603.5728 603.5079 603.4841 603.4083 603.317 603.188 603.0681 602.9348 602.792 602.5739 602.333
-9999 605.5092 605.405 605.1564 604.9108 604.6778 604.434 604.1487 603.8856 603.5959 603.329 603.0502 602.7746 602.4863 602.2255 601.937 601.687 601.4345 601.1865 600.721 600.599 600.527 600.3815 600.003 599.8975 599.9105 599.8325 599.861 599.8125 600.026 599.946 600.1535 600.3245 600.512 600.732 600.923 601.0704 601.2616 601.4261 601.5906 601.7485 601.9 602.0652 602.2152 602.3224 602.4371 602.5683 602.6625 602.7703 602.9119 603.0285 603.116 603.1965 603.2489 603.1931 603.1705 603.127 603.0357 602.9146 602.8039 602.6821 602.5393 602.3726 602.1545
-9999 605.5524 605.4872 605.3657 605.1326 604.8746 604.6115 604.3421 604.0654 603.7955 603.5168 603.2478 602.9706 602.7077 602.4236 602.1735 601.9156 601.668 601.4227 601.2152 600.983 600.5225 600.4125 600.1685 599.979 599.927 599.8185 599.795 599.6165 599.7505 599.7755 600.033 600.214 600.3275 600.564 600.737 601.109 601.0545 601.1893 601.3495 601.5011 601.661 601.8142 601.9337 602.028 602.1686 602.2708 602.3575 602.4896 602.6129 602.7241 602.8017 602.887 602.925 602.8784 602.8582 602.8196 602.7333 602.6281 602.5314 602.4206 602.2863 602.1439 601.9532
-9999 -9999 605.5285 605.4677 605.3373 605.0742 604.8019 604.535 604.262 603.99 603.7137 603.4573 603.1899 602.9102 602.66 602.3967 602.1496 601.902 601.6823 601.481 601.2881 601.0475 600.6635 600.412 599.99 600.0025 600.0945 599.8295 599.6625 599.831 599.89 600.009 600.139 600.283 600.457 600.6275 600.8395 601.0015 601.077 601.1022 601.2568 601.41 601.5448 601.6458 601.7604 601.8733 601.9666 602.0581 602.1974 602.3176 602.4132 602.4921 602.5775 602.6011 602.5636 602.5449 602.5123 602.431 602.369 602.2615 602.1498 602.0333 601.8909 601.7485
-9999 -9999 605.5717 605.509 605.4482 605.2714 605.0045 604.7321 604.4631 604.1927 603.944 603.6733 603.3969 603.1469 602.8778 602.6312 602.3813 602.1492 601.948 601.7435 601.5659 601.39 601.2221 600.9145 600.291 600.2711 600.2795 599.8995 599.605 599.6435 599.651 599.6815 599.802 599.944 600.0795 600.1795 600.389 600.565 600.8095 600.9195 601.0142 601.1506 601.2571 601.3491 601.4736 601.5747 601.6614 601.7751 601.9012 602.0135 602.0976 602.1826 602.2574 602.2748 602.2488 602.2317 602.205 602.1329 602.074 601.976 601.8842 601.7731 601.6378 601.4954
-9999 -9999 605.615 605.5503 605.4895 605.4263 605.2053 604.9363 604.6794 604.4307 604.1599 603.8835 603.6293 603.3589 603.1127 602.8607 602.6162 602.415 602.199 602.0214 601.8195 601.6516 601.4733 601.2919 601.1267 600.7625 600.4425 600.0455 599.611 599.695 599.7435 599.581 599.7325 599.952 599.9105 600.066 600.3975 600.4965 600.532 600.679 600.965 601.07 600.987 601.0719 601.1782 601.2705 601.3564 601.4828 601.6068 601.706 601.7878 601.873 601.9336 601.9456 601.934 601.9189 601.8977 601.8405 601.7716 601.6877 601.6026 601.5024 601.3848 601.2424
-9999 -9999 -9999 605.5916 605.5308 605.4677 605.4149 605.1661 604.9174 604.6465 604.3701 604.1099 603.84 603.5942 603.3401 603.0832 602.882 602.6544 602.4767 602.2481 602.0811 601.9028 601.7109 601.5378 601.3713 601.2025 600.956 600.3365 599.7905 599.8225 599.893 599.8155 599.747 599.713 599.7451 599.9775 600.1375 600.111 600.218 600.513 600.7115 600.603 600.6835 600.782 600.969 600.9655 601.0607 601.1898 601.3026 601.3951 601.4782 601.5635 601.6097 601.6028 601.6193 601.6061 601.5865 601.5332 601.4693 601.4146 601.3257 601.2316 601.1255 600.9894
-9999 -9999 -9999 605.6343 605.5721 605.5107 605.4435 605.4041 605.1332 604.8568 604.5904 604.3212 604.0756 603.8194 603.5556 603.3489 603.1183 602.9322 602.682 602.5092 602.3323 602.1299 601.9568 601.7748 601.6072 601.439 601.266 601.094 600.4045 599.8979 599.8911 599.8 599.64 599.7915 599.913 599.8569 599.7965 599.9135 600.1645 600.4505 600.5925 600.477 600.4955 600.7465 600.699 600.7815 601.0525 600.913 600.9985 601.0834 601.1687 601.254 601.2859 601.2858 601.3045 601.293 601.2725 601.2259 601.1669 601.1122 601.0374 600.9553 600.8549 600.7363
-9999 -9999 -9999 605.6776 605.6134 605.5527 605.4862 605.4263 605.3434 605.0709 604.8025 604.5568 604.2988 604.0314 603.8159 603.5837 603.3876 603.1333 602.9308 602.7618 602.5583 602.3759 602.1797 602.012 601.8438 601.6708 601.4874 601.3095 601.12 600.423 600.1675 599.8045 599.5455 599.609 599.759 599.757 599.803 600.036 600.066 600.071 600.303 600.401 600.3005 600.4135 600.435 600.5985 600.8935 600.7715 600.767 600.848 600.8591 600.9421 600.962 600.971 600.9897 600.9798 600.9584 600.9186 600.8593 600.8099 600.7491 600.6737 600.573 600.516
-9999 -9999 -9999 605.7252 605.6547 605.5939 605.5293 605.4672 605.409 605.2838 605.0381 604.7781 604.507 604.2829 604.0491 603.8431 603.5887 603.374 603.1913 602.9904 602.7949 602.6025 602.4169 602.2486 602.0779 601.8865 601.7087 601.5198 601.3159 601.1069 600.355 599.9875 599.6595 599.7475 599.6725 599.5795 599.796 599.9045 599.934 600.011 600.0495 600.347 600.231 600.3245 600.4715 600.4146 600.4585 600.6215 600.7209 600.5675 600.685 600.812 600.7695 600.7855 600.8445 600.681 600.599 600.625 600.4865 600.6145 600.4485 600.2295 600.3405 600.2975
