samples/sfe_81/sfe_81_c2/sfe_81_c2/sfe_81_c2.asc
ncols         249
nrows         120
xllcorner     84.60000000149
yllcorner     40
cellsize      1
NODATA_value  -9999
[rows 56 to 83 of 120, columns 64 to 127 of 249]
604.7124 604.6854 604.6584 604.6315 604.6045 604.5775 604.5535 604.3253 603.976 603.6139 603.264 602.9141 602.5746 602.1593 601.7479 601.2648 600.8187 600.3561 599.784 599.747 599.568 599.4269 599.3935 599.1195 598.9515 599.0585 598.8765 598.708 598.6 598.7271 598.7065 598.6605 598.8315 598.776 598.7775 598.8195 598.8765 598.905 598.877 598.8555 599.119 599.17 599.0425 599.395 599.518 599.6815 600.1285 600.4726 600.8091 601.1404 601.4455 601.7762 602.0939 602.3899 602.6709 602.9648 603.2649 603.5665 603.8651 604.1653 604.2037 604.1703 604.1369 604.1036
604.709 604.681 604.6528 604.6248 604.5966 604.5685 604.3595 604.0597 603.7748 603.4798 603.0835 602.679 602.3136 601.9637 601.6077 601.1635 600.7103 600.2745 599.933 599.768 599.4455 599.3425 599.426 599.079 598.9445 599.09 598.855 598.6144 598.5385 598.7185 598.7525 598.568 598.7785 598.7695 598.588 598.8195 599.071 598.929 598.785 598.8575 599.152 599.247 599.2605 599.6045 599.6205 599.878 600.3687 600.7218 601.0795 601.4165 601.7477 602.0524 602.3869 602.702 602.9982 603.2836 603.5821 603.8815 604.1833 604.2202 604.1869 604.1537 604.1216 604.0895
604.6994 604.6713 604.6432 604.6151 604.587 604.4297 604.1354 603.8232 603.5234 603.2239 602.9418 602.5908 602.1916 601.7845 601.382 601.0132 600.6099 600.1585 599.801 599.4615 599.23 599.2525 599.37 599.063 598.7845 598.7765 598.824 598.896 598.688 598.7145 598.893 598.8205 598.896 598.7615 598.5335 598.793 599.1035 598.932 598.9335 599.184 599.3355 599.321 599.292 599.477 599.824 600.2621 600.6321 600.9868 601.3312 601.6863 602.0276 602.355 602.6593 602.9975 603.3102 603.6064 603.8973 604.1993 604.2378 604.2068 604.1758 604.1448 604.1139 604.0829
604.6897 604.6616 604.6335 604.6054 604.4575 604.1958 603.9487 603.6592 603.3376 602.9871 602.6873 602.3912 602.0864 601.7019 601.2997 600.8907 600.4875 600.0105 599.6595 599.4435 599.28 599.2155 599.102 599.134 598.888 598.679 598.8065 598.9575 598.7215 598.7195 598.9275 598.9025 598.9135 598.882 598.715 598.833 599.1475 598.9745 599.0745 599.232 599.125 599.401 599.538 599.528 600.1605 600.5081 600.8987 601.2604 601.6049 601.9512 602.2922 602.6448 602.9624 603.2662 603.6059 603.9184 604.2145 604.2576 604.2266 604.1957 604.1647 604.1338 604.1028 604.0719
604.6749 604.6468 604.6187 604.5107 604.2596 603.9879 603.7198 603.467 603.1932 602.8857 602.5398 602.173 601.8513 601.5584 601.1975 600.8129 600.4078 599.867 599.6485 599.471 599.292 599.161 598.9 598.9015 598.902 598.9405 598.8155 598.6765 598.5635 598.702 598.7825 598.6235 598.663 598.7215 598.6875 598.877 599.1805 599.0425 599.1295 599.258 599.134 599.5065 599.823 600.067 600.3141 600.7231 601.1317 601.5352 601.8887 602.2345 602.5717 602.9078 603.2562 603.5697 603.8731 604.2128 604.2756 604.2485 604.2196 604.1907 604.1619 604.1329 604.1041 604.0752
604.6665 604.636 604.5264 604.2884 604.0502 603.8179 603.5204 603.2502 602.9861 602.7352 602.4077 602.0871 601.7412 601.3752 601.0152 600.6931 600.3335 599.7896 599.7935 599.4205 599.1015 599.0125 598.9805 599.027 598.857 598.8795 598.996 598.717 598.6373 598.621 598.615 598.5855 598.7295 598.8845 598.9845 598.9415 599.0285 599.081 599.152 599.4345 599.508 599.684 600.024 600.1934 600.5916 600.9813 601.3489 601.7557 602.1644 602.5311 602.8707 603.1987 603.5277 603.8644 604.1818 604.2891 604.2623 604.2355 604.2087 604.1819 604.1552 604.1284 604.1015 604.0746
604.6528 604.5405 604.2968 604.066 603.8279 603.5969 603.3683 603.0907 602.7812 602.5125 602.2578 601.9497 601.6281 601.2885 600.9426 600.5774 600.094 599.7045 599.7555 599.3965 599.184 599.2 598.99 598.8385 598.724 598.8165 598.9995 598.7455 598.682 598.8485 598.8695 598.9085 598.8485 598.7965 599.0045 599.015 599.0755 599.178 599.1145 599.295 599.41 599.56 600.1425 600.4296 600.8652 601.2643 601.6584 602.0084 602.3864 602.7882 603.1773 603.5069 603.821 604.1477 604.3058 604.2789 604.252 604.225 604.198 604.1711 604.1441 604.1171 604.0902 604.0633
604.5543 604.3049 604.0696 603.8292 603.6057 603.3675 603.1485 602.9186 602.6542 602.3533 602.0429 601.7765 601.4918 601.1642 600.8357 600.4898 599.9665 599.5575 599.5215 599.4495 599.351 599.1305 598.7755 598.8475 599.0035 598.8125 598.664 598.6525 598.809 598.8385 598.81 598.9995 598.9925 598.9745 599.072 599.1646 599.2305 599.3415 599.4015 599.501 599.4795 599.7141 600.2 600.6724 601.1155 601.5286 601.9371 602.3353 602.6678 603.0458 603.4238 603.8187 604.1431 604.3223 604.2953 604.2684 604.2415 604.2145 604.1875 604.1606 604.1336 604.1066 604.0797 604.0527
604.3219 604.072 603.8228 603.5987 603.3696 603.1452 602.9071 602.7001 602.4689 602.2051 601.9207 601.6141 601.3052 601.0338 600.7063 600.3787 599.816 599.7345 599.4465 599.197 599.2435 599.0735 598.7255 598.849 599.034 598.7885 598.7065 598.876 598.933 598.8085 598.669 598.771 598.802 598.845 598.903 598.9795 599.091 599.216 599.307 599.442 599.515 599.99 600.418 600.8844 601.3507 601.8071 602.2022 602.6238 603.0081 603.3448 603.7052 604.0832 604.3387 604.3118 604.2849 604.2579 604.2309 604.204 604.177 604.1503 604.125 604.0995 604.074 604.0486
604.0759 603.8397 603.5898 603.3409 603.1276 602.9101 602.6848 602.4517 602.2516 602.0192 601.7554 601.4842 601.1863 600.8749 600.5675 600.154 599.7165 599.7245 599.506 599.28 599.2105 599.1215 598.8895 598.745 598.746 598.687 598.833 598.8595 598.661 598.83 598.8325 598.8515 598.9535 598.839 598.915 598.992 599.193 599.4275 599.5355 599.651 599.8655 600.1835 600.6514 601.1344 601.5911 602.0262 602.4919 602.9047 603.2908 603.6809 604.0223 604.3535 604.3306 604.306 604.2814 604.2568 604.2321 604.2075 604.1829 604.1583 604.1337 604.109 604.0839 604.0584
603.8293 603.5817 603.3574 603.1075 602.8765 602.6559 602.4506 602.2244 602.0032 601.8032 601.5695 601.3057 601.0419 600.7507 600.4471 600.009 599.688 599.3565 599.2015 599.0955 598.9735 598.8515 598.898 598.95 598.8679 598.9055 598.9745 598.8315 598.597 598.851 598.9055 598.968 599.202 599.2115 599.265 599.2995 599.33 599.3545 599.451 599.56 600.022 600.3717 600.8707 601.3645 601.8682 602.3005 602.7645 603.1649 603.6072 603.9914 604.3675 604.3471 604.3224 604.2979 604.2733 604.2486 604.224 604.1994 604.1747 604.1501 604.1255 604.1009 604.0763 604.0517
603.569 603.3419 603.0958 602.8751 602.6254 602.412 602.1892 601.991 601.7639 601.5548 601.3547 601.1198 600.856 600.5922 600.213 599.842 599.6375 599.24 599.185 599.181 598.965 598.764 598.9065 598.8843 598.8755 598.883 598.8815 598.8665 598.694 598.811 598.8181 599.0295 599.3135 599.3615 599.3095 599.2615 599.2875 599.486 599.643 599.6755 600.1175 600.6897 601.1855 601.6303 602.1317 602.5813 603.0462 603.4736 603.9283 604.3098 604.3636 604.339 604.3143 604.2897 604.2651 604.2405 604.2159 604.1913 604.1667 604.1421 604.1175 604.0929 604.0683 604.0437
603.3303 603.0817 602.8503 602.6111 602.3928 602.1432 601.9475 601.7297 601.5316 601.3064 601.1063 600.9063 600.67 600.4063 599.787 599.7015 599.6375 599.431 599.2095 598.9635 598.979 599.031 599.0465 598.8515 598.8355 598.8795 598.888 598.9109 598.8955 599.1155 599.004 599.117 599.2505 599.1826 599.3465 599.5235 599.4865 599.656 599.9555 600.2595 600.5473 601.0092 601.4974 601.9995 602.4423 602.8864 603.3563 603.7919 604.2123 604.3809 604.3563 604.3317 604.3071 604.2825 604.2579 604.2333 604.2087 604.1841 604.1595 604.1349 604.1108 604.0871 604.0634 604.0397
603.129 602.8421 602.5943 602.3561 602.1264 601.9105 601.6641 601.4831 601.2701 601.072 600.8579 600.6579 600.4579 600.092 599.6795 599.5805 599.453 599.2935 599.341 598.9725 598.88 599.0615 599.0745 598.86 598.8075 599.005 599.0855 598.9755 598.985 599.2545 599.141 599.229 599.3105 599.3525 599.5315 599.5245 599.743 599.885 600.15 600.4323 600.9111 601.397 601.8661 602.3196 602.8292 603.2656 603.6893 604.1425 604.3979 604.3752 604.3525 604.3297 604.307 604.2842 604.261 604.2374 604.2137 604.1901 604.1664 604.1428 604.1191 604.0954 604.0717 604.0481
602.8765 602.6536 602.3571 602.1069 601.8619 601.6417 601.4261 601.1996 601.0148 600.8106 600.6125 600.429 600.102 599.68 599.4525 599.4695 599.335 599.169 599.31 599.0195 598.78 598.8115 598.9295 598.8795 598.7255 598.8135 599.03 599.075 598.9825 599.105 599.121 599.3605 599.501 599.576 599.853 599.9395 600.226 600.2755 600.5695 600.9067 601.3062 601.7578 602.2466 602.7231 603.1641 603.6448 604.0891 604.413 604.3903 604.3676 604.3448 604.322 604.2993 604.2766 604.2538 604.2311 604.2083 604.1855 604.1628 604.1401 604.1174 604.0946 604.0718 604.0491
602.6437 602.4011 602.1722 601.8751 601.6196 601.3726 601.157 600.9413 600.7352 600.5492 600.258 599.908 599.7355 599.5055 599.324 599.3695 599.447 599.109 599.0025 599.069 598.972 598.947 598.8405 598.9035 598.9585 598.83 599.0535 599.285 599.3595 599.2785 599.3985 599.5585 599.626 599.957 600.2531 600.293 600.4985 600.7374 600.9916 601.4091 601.7463 602.1725 602.6129 603.0959 603.5754 604.0087 604.4245 604.4053 604.3826 604.3598 604.3371 604.3143 604.2916 604.2689 604.2461 604.2234 604.2006 604.1779 604.1552 604.1324 604.1096 604.0869 604.0641 604.0414
602.5019 602.1979 601.9257 601.6903 601.3932 601.1305 600.8878 600.6722 600.4645 600.14 600.037 599.958 599.8 599.6315 599.356 599.264 599.341 599.0415 598.814 598.8495 598.8035 598.773 598.7265 598.9315 599.1895 599.237 599.2275 599.2465 599.4955 599.5445 599.683 599.8845 600.045 600.3521 600.5321 600.7112 600.9615 601.2067 601.4902 601.7981 602.2417 602.5859 603.0272 603.4877 603.9453 604.425 604.4346 604.4122 604.3896 604.3672 604.3447 604.3222 604.2997 604.2772 604.2547 604.2322 604.2097 604.1872 604.1647 604.1422 604.1198 604.0972 604.0748 604.0522
602.2972 602.0516 601.7521 601.4503 601.2084 600.9113 600.6363 600.442 600.1825 599.9 599.7095 599.7444 599.6575 599.3665 599.3515 599.192 598.958 598.895 598.8955 598.9815 598.8675 598.7595 598.8095 598.9245 599.18 599.412 599.49 599.5505 599.795 599.842 600.265 600.3951 600.5674 600.7505 600.9473 601.1711 601.4131 601.6533 601.9138 602.2319 602.609 603.049 603.4331 603.8818 604.3625 604.4476 604.4471 604.4329 604.4104 604.3879 604.3654 604.343 604.3204 604.298 604.2755 604.253 604.2305 604.2079 604.1855 604.163 604.1405 604.118 604.0955 604.073
602.0958 601.8592 601.6013 601.3065 601.0024 600.7265 600.4955 600.0505 600.1115 599.943 599.6235 599.5355 599.5885 599.4351 599.3755 599.111 598.9605 599.0695 598.9095 598.794 598.931 599.088 599.155 599.282 599.3445 599.374 599.52 599.7665 600.316 600.4333 600.6062 600.7772 600.9219 601.135 601.3619 601.5424 601.8102 602.1162 602.3546 602.6524 602.9755 603.4199 603.8563 604.2903 604.4589 604.4584 604.4579 604.4537 604.4312 604.4087 604.3862 604.3637 604.3412 604.3187 604.2962 604.2737 604.2512 604.2288 604.2062 604.1837 604.1613 604.1387 604.1163 604.0938
601.9111 601.663 601.4213 601.151 600.8609 600.5566 600.1565 599.8635 599.868 599.8725 599.606 599.3335 599.2415 599.2825 599.2425 598.95 599.0377 599.011 598.7825 598.7785 599.033 599.139 599.042 599.391 599.688 599.8465 600.248 600.4675 600.6228 600.7778 600.9272 601.1399 601.304 601.494 601.7025 601.9733 602.1965 602.4492 602.8128 603.0911 603.4164 603.7864 604.2307 604.4692 604.4704 604.4692 604.4687 604.4682 604.452 604.4294 604.4069 604.3845 604.3619 604.3395 604.317 604.2945 604.272 604.2495 604.227 604.2045 604.182 604.1595 604.137 604.1145
601.735 601.4892 601.2301 600.9833 600.7125 600.3335 600.1975 599.9846 599.741 599.4805 599.4835 599.5005 599.2405 599.165 599.2661 599.1024 599.1675 598.9925 598.919 599.1325 599.2805 599.2525 599.1695 599.5685 600.1635 600.4276 600.6091 600.7571 600.9426 601.1042 601.252 601.467 601.6736 601.8307 602.0774 602.27 602.5684 602.8572 603.1264 603.5049 603.8065 604.1804 604.4791 604.4802 604.4813 604.48 604.4795 604.479 604.4727 604.4502 604.4277 604.4052 604.3827 604.3602 604.3377 604.3152 604.2927 604.2703 604.2477 604.2253 604.2028 604.1803 604.1578 604.1353
601.5338 601.3156 601.0673 600.8062 600.5453 600.1625 599.7895 599.8295 599.71 599.3505 599.3955 599.4715 599.3865 599.132 599.0511 599.171 599.133 599.0855 599.1175 599.244 599.3685 599.494 599.6175 600.2465 600.5266 600.7004 600.8931 601.0754 601.2327 601.4122 601.5818 601.7262 602.0069 602.2073 602.3746 602.6545 602.8926 603.1636 603.5179 603.8295 604.2021 604.4915 604.4908 604.4911 604.4923 604.4935 604.4903 604.4898 604.4893 604.4709 604.4485 604.426 604.4035 604.381 604.3585 604.336 604.3135 604.291 604.2685 604.246 604.2235 604.201 604.1785 604.156
601.3325 601.1144 600.8962 600.6454 600.489 600.089 599.6479 599.71 599.756 599.5745 599.351 599.1105 599.2085 599.0785 598.843 598.8915 598.8719 598.864 598.946 599.0645 599.211 599.511 600.261 600.5409 600.7598 600.975 601.1489 601.3586 601.5417 601.7078 601.8819 602.0706 602.2529 602.5467 602.7396 602.9576 603.222 603.5164 603.8177 604.1786 604.5025 604.5038 604.5044 604.5021 604.5032 604.5044 604.5011 604.5006 604.5001 604.4917 604.4692 604.4467 604.4243 604.4017 604.3793 604.3568 604.3342 604.3118 604.2892 604.2668 604.2443 604.2218 604.1993 604.1768
601.1 600.9131 600.6949 600.4415 600.1525 600.0655 599.6805 599.6005 599.7005 599.5465 599.2895 599.022 599.136 599.061 598.7645 598.9355 599.0055 598.876 599.122 599.256 599.3045 600.0725 600.5541 600.7733 600.9921 601.211 601.4235 601.5974 601.8242 602.008 602.1829 602.3615 602.5449 602.7927 603.0865 603.2664 603.5411 603.7997 604.1401 604.4784 604.5151 604.5162 604.5173 604.5139 604.5142 604.5153 604.5152 604.5114 604.5109 604.5098 604.49 604.4675 604.445 604.4225 604.4 604.3775 604.355 604.3325 604.31 604.2875 604.265 604.2426 604.22 604.1976
600.847 600.7047 600.5765 600.2675 599.9995 599.7765 599.553 599.522 599.4585 599.174 599.1815 599.2375 599.26 599.0465 598.7921 599.028 599.2385 599.2395 599.399 599.3965 599.6445 600.5012 600.7528 601.0044 601.2245 601.4434 601.6622 601.8719 602.0473 602.2897 602.4742 602.6631 602.8605 603.0388 603.3325 603.6263 603.8385 604.1246 604.4234 604.5266 604.5275 604.5286 604.5297 604.5298 604.5251 604.5263 604.5274 604.5222 604.5217 604.5212 604.5107 604.4882 604.4658 604.4432 604.4208 604.3983 604.3758 604.3533 604.3307 604.3083 604.2858 604.2633 604.2408 604.2183
600.6074 600.2625 600.1115 599.9975 599.8825 599.7835 599.7255 599.4675 599.159 599.0735 598.9965 599.131 599.3085 599.0385 598.9315 599.1555 599.2525 599.3535 599.4305 599.537 600.4423 600.6985 600.9515 601.2031 601.4547 601.6757 601.8946 602.1135 602.3204 602.5093 602.7553 602.9406 603.141 603.3483 603.5786 603.8723 604.1661 604.4213 604.5353 604.5389 604.5399 604.541 604.5421 604.5432 604.5372 604.5372 604.5384 604.5363 604.5325 604.532 604.5292 604.509 604.4865 604.464 604.4415 604.419 604.3965 604.374 604.3516 604.329 604.3065 604.2841 604.2615 604.2391
600.3979 600.292 600.1475 600.017 599.7845 599.4895 599.5335 599.3905 599.2234 599.246 599.0285 599.0235 599.239 599.043 598.886 598.9585 599.07 599.244 599.586 600.275 600.6294 600.8858 601.1506 601.4018 601.6534 601.905 602.127 602.3459 602.5648 602.7689 602.9728 603.2208 603.4149 603.6168 603.8377 604.1183 604.4122 604.5455 604.5489 604.5513 604.5546 604.5534 604.5545 604.5557 604.5552 604.5482 604.5493 604.5505 604.5433 604.5428 604.5423 604.5297 604.5073 604.4847 604.4623 604.4398 604.4173 604.3948 604.3723 604.3498 604.3273 604.3048 604.2823 604.2598
600.209 600.113 599.7615 599.839 599.7275 599.3635 599.359 599.358 599.222 599.075 598.9855 598.94 598.919 599.063 599.129 599.015 599.258 599.52 600.1455 600.5568 600.8249 601.1036 601.3379 601.6027 601.8537 602.1036 602.3553 602.5779 602.7971 603.016 603.2174 603.4384 603.6864 603.8972 604.1174 604.3644 604.5561 604.5591 604.5624 604.5637 604.5673 604.5658 604.567 604.5681 604.5687 604.5603 604.5603 604.5614 604.5575 604.5536 604.5531 604.5486 604.528 604.5055 604.483 604.4605 604.438 604.4155 604.3931 604.3705 604.3481 604.3256 604.303 604.2806
