site316/site316_5x_roughbed_BF1/site316_5x_roughbed_BF1/sfe316_roughbed.asc
ncols         646
nrows         246
xllcorner     -123.11749299363
yllcorner     -132.6
cellsize      1
NODATA_value  -9999
[rows 84 to 111 of 246, columns 252 to 314 of 646]
502.0036 501.9907 501.9777 501.9648 501.9518 501.9388 501.9259 501.9129 501.8999 501.887 501.874 501.8611 501.8481 501.8351 501.8222 501.8092 501.7963 501.7833 501.7703 501.7574 501.7444 501.7314 501.7185 501.7055 501.6926 501.6796 501.6667 501.6537 501.6407 501.6278 501.6148 501.6019 501.5889 501.5756 501.5623 501.5491 501.5358 501.5225 501.5093 501.4961 501.4829 501.4697 501.4565 501.4434 501.4301 501.417 501.4038 501.3906 501.3774 501.3642 501.351 501.3378 501.3246 501.3114 501.2504 501.1451 501.0422 500.9493 500.8408 500.7456 500.6429 500.5369 500.4264
502.0037 501.9907 501.9777 501.9646 501.9516 501.9386 501.9256 501.9126 501.8995 501.8865 501.8735 501.8605 501.8475 501.8344 501.8214 501.8084 501.7954 501.7823 501.7693 501.7563 501.7433 501.7303 501.7173 501.7043 501.6912 501.6782 501.6652 501.6522 501.6392 501.6261 501.6131 501.6001 501.5871 501.574 501.561 501.548 501.535 501.522 501.509 501.496 501.4831 501.4701 501.4572 501.4442 501.4312 501.4183 501.4053 501.3924 501.3794 501.3665 501.3533 501.34 501.3268 501.3135 501.3002 501.2546 501.1543 501.0458 500.9448 500.8421 500.7361 500.6256 500.5163
502.0053 501.9923 501.9792 501.9662 501.9532 501.9402 501.9272 501.9141 501.9011 501.8881 501.875 501.862 501.849 501.836 501.8229 501.8099 501.7969 501.7838 501.7708 501.7578 501.7448 501.7318 501.7187 501.7057 501.6927 501.6796 501.6666 501.6536 501.6406 501.6275 501.6145 501.6015 501.5884 501.5754 501.5624 501.5494 501.5363 501.5233 501.5103 501.4973 501.4843 501.4713 501.4582 501.4452 501.4322 501.4192 501.4061 501.3931 501.3801 501.3671 501.3541 501.341 501.328 501.315 501.302 501.289 501.2508 501.144 501.0413 500.9354 500.8248 500.7182 500.6029
502.005 501.9921 501.9792 501.9664 501.9535 501.9406 501.9278 501.9149 501.902 501.8892 501.8763 501.8634 501.8506 501.8376 501.8245 501.8115 501.7985 501.7855 501.7724 501.7594 501.7464 501.7333 501.7203 501.7073 501.6943 501.6812 501.6682 501.6552 501.6422 501.6292 501.6161 501.6031 501.5901 501.577 501.564 501.551 501.538 501.5249 501.5119 501.4989 501.4858 501.4728 501.4598 501.4468 501.4337 501.4207 501.4077 501.3947 501.3816 501.3686 501.3556 501.3426 501.3295 501.3165 501.3035 501.2904 501.2774 501.2404 501.1347 501.0261 500.9201 500.8074 500.6989
502.0035 501.9906 501.9777 501.9648 501.952 501.9391 501.9262 501.9134 501.9005 501.8876 501.8748 501.8619 501.849 501.8362 501.8233 501.8104 501.7975 501.7847 501.7718 501.7589 501.746 501.7332 501.7203 501.7074 501.6945 501.6817 501.6688 501.6559 501.6431 501.6302 501.6173 501.6045 501.5916 501.5786 501.5656 501.5526 501.5396 501.5265 501.5135 501.5005 501.4875 501.4744 501.4614 501.4484 501.4353 501.4223 501.4093 501.3963 501.3832 501.3702 501.3572 501.3441 501.3311 501.3181 501.3051 501.2921 501.279 501.266 501.2281 501.1221 501.012 500.9035 500.7961
502.0085 501.9954 501.9824 501.9694 501.9564 501.9434 501.9303 501.9173 501.9043 501.8913 501.8782 501.8652 501.8522 501.8392 501.8261 501.8131 501.8001 501.7871 501.774 501.761 501.748 501.735 501.722 501.7089 501.6959 501.6829 501.6699 501.6569 501.6438 501.6308 501.6178 501.6048 501.5917 501.5787 501.5657 501.5527 501.5396 501.5266 501.5136 501.5006 501.4875 501.4745 501.4615 501.4485 501.4356 501.4227 501.4099 501.397 501.3841 501.3712 501.3584 501.3455 501.3326 501.3197 501.3067 501.2936 501.2806 501.2676 501.2546 501.2166 501.1083 501.0009 500.8882
502.0148 502.0018 501.9888 501.9757 501.9627 501.9497 501.9367 501.9236 501.9106 501.8976 501.8846 501.8716 501.8585 501.8455 501.8325 501.8195 501.8065 501.7934 501.7804 501.7674 501.7544 501.7413 501.7283 501.7153 501.7023 501.6892 501.6762 501.6632 501.6502 501.6371 501.6241 501.6111 501.5981 501.5851 501.5721 501.559 501.546 501.533 501.52 501.5069 501.4939 501.4809 501.4679 501.4548 501.4418 501.4288 501.4158 501.4027 501.3897 501.3767 501.3637 501.3506 501.3376 501.3246 501.3116 501.2986 501.2856 501.2725 501.2595 501.2443 501.2052 501.0956 500.9861
502.0211 502.0081 501.9951 501.9821 501.9691 501.9561 501.943 501.93 501.917 501.904 501.8909 501.8779 501.8649 501.8519 501.8388 501.8258 501.8128 501.7998 501.7867 501.7737 501.7607 501.7477 501.7346 501.7216 501.7086 501.6956 501.6826 501.6696 501.6565 501.6435 501.6305 501.6175 501.6044 501.5914 501.5784 501.5654 501.5523 501.5393 501.5263 501.5133 501.5002 501.4872 501.4742 501.4612 501.4482 501.4352 501.4221 501.4091 501.3961 501.3831 501.37 501.357 501.344 501.331 501.3179 501.3049 501.2919 501.2789 501.2656 501.2493 501.233 501.1935 501.0845
502.0275 502.0145 502.0015 501.9884 501.9754 501.9624 501.9494 501.9363 501.9233 501.9103 501.8973 501.8842 501.8712 501.8582 501.8452 501.8322 501.8192 501.8061 501.7931 501.7801 501.7671 501.754 501.741 501.728 501.715 501.7019 501.6889 501.6759 501.6629 501.6498 501.6368 501.6238 501.6108 501.5977 501.5847 501.5717 501.5587 501.5457 501.5327 501.5196 501.5066 501.4936 501.4806 501.4675 501.4545 501.4415 501.4285 501.4154 501.4024 501.3894 501.3764 501.3633 501.3503 501.3373 501.3243 501.3112 501.2982 501.2852 501.2706 501.2543 501.2375 501.2209 501.1747
502.0338 502.0208 502.0078 501.9948 501.9818 501.9688 501.9557 501.9427 501.9297 501.9167 501.9036 501.8906 501.8776 501.8646 501.8515 501.8385 501.8255 501.8125 501.7994 501.7864 501.7734 501.7604 501.7473 501.7343 501.7213 501.7083 501.6953 501.6823 501.6692 501.6562 501.6432 501.6302 501.6171 501.6041 501.5911 501.5781 501.565 501.552 501.539 501.526 501.5129 501.4999 501.4869 501.4739 501.4608 501.4478 501.4348 501.4218 501.4088 501.3958 501.3827 501.3697 501.3567 501.3437 501.3306 501.3176 501.3046 501.2916 501.2756 501.2594 501.2419 501.2264 501.2095
502.0402 502.0272 502.0142 502.0011 501.9881 501.9751 501.9621 501.949 501.936 501.923 501.91 501.8969 501.8839 501.8709 501.8579 501.8449 501.8318 501.8188 501.8058 501.7928 501.7798 501.7667 501.7537 501.7407 501.7277 501.7146 501.7016 501.6886 501.6756 501.6625 501.6495 501.6365 501.6235 501.6104 501.5974 501.5844 501.5714 501.5584 501.5453 501.5323 501.5193 501.5063 501.4933 501.4802 501.4672 501.4542 501.4412 501.4281 501.4151 501.4021 501.3891 501.376 501.363 501.35 501.337 501.324 501.3109 501.2969 501.2807 501.2644 501.2473 501.2318 501.2144
502.0465 502.0335 502.0205 502.0075 501.9945 501.9814 501.9684 501.9554 501.9424 501.9294 501.9163 501.9033 501.8903 501.8773 501.8642 501.8512 501.8382 501.8252 501.8121 501.7991 501.7861 501.7731 501.76 501.747 501.734 501.721 501.708 501.6949 501.6819 501.6689 501.6559 501.6429 501.6298 501.6168 501.6038 501.5908 501.5777 501.5647 501.5517 501.5387 501.5256 501.5126 501.4996 501.4866 501.4736 501.4605 501.4475 501.4345 501.4215 501.4084 501.3954 501.3824 501.3694 501.3564 501.3433 501.3303 501.3173 501.302 501.2857 501.2684 501.2528 501.2367 501.22
502.0529 502.0399 502.0269 502.0138 502.0008 501.9878 501.9748 501.9617 501.9487 501.9357 501.9227 501.9097 501.8966 501.8836 501.8706 501.8576 501.8445 501.8315 501.8185 501.8055 501.7924 501.7794 501.7664 501.7534 501.7404 501.7273 501.7143 501.7013 501.6883 501.6752 501.6622 501.6492 501.6362 501.6232 501.6101 501.5971 501.5841 501.5711 501.558 501.545 501.532 501.519 501.506 501.4929 501.4799 501.4669 501.4539 501.4408 501.4278 501.4148 501.4018 501.3888 501.3757 501.3627 501.3497 501.3367 501.3233 501.307 501.2907 501.2737 501.2583 501.241 501.2256
502.0593 502.0462 502.0332 502.0202 502.0072 501.9941 501.9811 501.9681 501.9551 501.942 501.929 501.916 501.903 501.89 501.8769 501.8639 501.8509 501.8379 501.8248 501.8118 501.7988 501.7858 501.7728 501.7597 501.7467 501.7337 501.7207 501.7076 501.6946 501.6816 501.6686 501.6555 501.6425 501.6295 501.6165 501.6035 501.5904 501.5774 501.5644 501.5514 501.5384 501.5253 501.5123 501.4993 501.4863 501.4732 501.4602 501.4472 501.4342 501.4211 501.4081 501.3951 501.3821 501.369 501.356 501.343 501.3283 501.312 501.2953 501.2792 501.2638 501.2465 501.2311
502.0656 502.0526 502.0396 502.0265 502.0135 502.0005 501.9875 501.9745 501.9614 501.9484 501.9354 501.9224 501.9093 501.8963 501.8833 501.8703 501.8572 501.8442 501.8312 501.8182 501.8051 501.7921 501.7791 501.7661 501.7531 501.74 501.727 501.714 501.701 501.688 501.6749 501.6619 501.6489 501.6359 501.6228 501.6098 501.5968 501.5838 501.5707 501.5577 501.5447 501.5317 501.5186 501.5056 501.4926 501.4796 501.4666 501.4536 501.4405 501.4275 501.4145 501.4015 501.3884 501.3754 501.3624 501.3494 501.3333 501.317 501.3001 501.2847 501.2678 501.2522 501.2365
502.072 502.0589 502.0459 502.0329 502.0199 502.0068 501.9938 501.9808 501.9678 501.9547 501.9417 501.9287 501.9157 501.9026 501.8896 501.8766 501.8636 501.8506 501.8376 501.8245 501.8115 501.7985 501.7855 501.7724 501.7594 501.7464 501.7334 501.7203 501.7073 501.6943 501.6813 501.6682 501.6552 501.6422 501.6292 501.6161 501.6031 501.5901 501.5771 501.5641 501.5511 501.538 501.525 501.512 501.499 501.4859 501.4729 501.4599 501.4469 501.4338 501.4208 501.4078 501.3948 501.3817 501.3687 501.3546 501.3383 501.3222 501.3056 501.2901 501.2731 501.2578 501.2415
502.0783 502.0653 502.0522 502.0392 502.0262 502.0132 502.0002 501.9872 501.9741 501.9611 501.9481 501.9351 501.922 501.909 501.896 501.883 501.8699 501.8569 501.8439 501.8309 501.8178 501.8048 501.7918 501.7788 501.7657 501.7527 501.7397 501.7267 501.7137 501.7007 501.6876 501.6746 501.6616 501.6486 501.6355 501.6225 501.6095 501.5965 501.5834 501.5704 501.5574 501.5444 501.5313 501.5183 501.5053 501.4923 501.4792 501.4662 501.4532 501.4402 501.4272 501.4142 501.4011 501.3881 501.3751 501.3596 501.3434 501.3262 501.3111 501.295 501.2788 501.2633 501.2466
502.0847 502.0716 502.0586 502.0456 502.0326 502.0195 502.0065 501.9935 501.9805 501.9674 501.9544 501.9414 501.9284 501.9153 501.9023 501.8893 501.8763 501.8633 501.8503 501.8372 501.8242 501.8112 501.7982 501.7851 501.7721 501.7591 501.7461 501.733 501.72 501.707 501.694 501.6809 501.6679 501.6549 501.6419 501.6288 501.6158 501.6028 501.5898 501.5768 501.5638 501.5507 501.5377 501.5247 501.5117 501.4986 501.4856 501.4726 501.4596 501.4465 501.4335 501.4205 501.4075 501.3944 501.381 501.3647 501.3487 501.332 501.3166 501.2996 501.2844 501.2684 501.2517
502.091 502.078 502.0649 502.0519 502.0389 502.0259 502.0128 501.9998 501.9868 501.9738 501.9608 501.9478 501.9347 501.9217 501.9087 501.8957 501.8826 501.8696 501.8566 501.8436 501.8305 501.8175 501.8045 501.7915 501.7784 501.7654 501.7524 501.7394 501.7263 501.7133 501.7003 501.6873 501.6743 501.6613 501.6482 501.6352 501.6222 501.6092 501.5961 501.5831 501.5701 501.5571 501.544 501.531 501.518 501.505 501.4919 501.4789 501.4659 501.4529 501.4399 501.4268 501.4138 501.4008 501.386 501.3697 501.3531 501.3375 501.3221 501.3052 501.2899 501.2735 501.2567
502.0974 502.0843 502.0713 502.0583 502.0453 502.0322 502.0192 502.0062 501.9932 501.9801 501.9671 501.9541 501.9411 501.928 501.915 501.902 501.889 501.876 501.8629 501.8499 501.8369 501.8239 501.8109 501.7978 501.7848 501.7718 501.7588 501.7457 501.7327 501.7197 501.7067 501.6936 501.6806 501.6676 501.6546 501.6415 501.6285 501.6155 501.6025 501.5895 501.5764 501.5634 501.5504 501.5374 501.5244 501.5113 501.4983 501.4853 501.4723 501.4592 501.4462 501.4332 501.4202 501.4071 501.391 501.3747 501.3584 501.343 501.3261 501.311 501.2953 501.2785 501.2618
502.1037 502.0907 502.0776 502.0646 502.0516 502.0386 502.0256 502.0125 501.9995 501.9865 501.9735 501.9604 501.9474 501.9344 501.9214 501.9084 501.8953 501.8823 501.8693 501.8563 501.8432 501.8302 501.8172 501.8042 501.7911 501.7781 501.7651 501.7521 501.7391 501.726 501.713 501.7 501.687 501.674 501.6609 501.6479 501.6349 501.6219 501.6088 501.5958 501.5828 501.5698 501.5567 501.5437 501.5307 501.5177 501.5047 501.4916 501.4786 501.4656 501.4526 501.4395 501.4265 501.4123 501.396 501.38 501.3639 501.3485 501.3317 501.3166 501.3004 501.2836 501.2669
502.11 502.097 502.084 502.071 502.058 502.0449 502.0319 502.0189 502.0059 501.9928 501.9798 501.9668 501.9538 501.9408 501.9277 501.9147 501.9017 501.8887 501.8756 501.8626 501.8496 501.8366 501.8235 501.8105 501.7975 501.7845 501.7715 501.7584 501.7454 501.7324 501.7194 501.7063 501.6933 501.6803 501.6673 501.6543 501.6412 501.6282 501.6152 501.6022 501.5891 501.5761 501.5631 501.5501 501.537 501.524 501.511 501.498 501.485 501.4719 501.4589 501.4459 501.4329 501.4173 501.401 501.3847 501.3694 501.3532 501.3376 501.3221 501.3054 501.2887 501.2719
502.1164 502.1034 502.0904 502.0773 502.0643 502.0513 502.0383 502.0252 502.0122 501.9992 501.9862 501.9731 501.9601 501.9471 501.9341 501.9211 501.908 501.895 501.882 501.869 501.8559 501.8429 501.8299 501.8169 501.8039 501.7908 501.7778 501.7648 501.7518 501.7387 501.7257 501.7127 501.6997 501.6866 501.6736 501.6606 501.6476 501.6346 501.6215 501.6085 501.5955 501.5825 501.5695 501.5564 501.5434 501.5304 501.5174 501.5043 501.4913 501.4783 501.4653 501.4522 501.4386 501.4223 501.4069 501.3903 501.3748 501.3583 501.3432 501.3272 501.3105 501.2937 501.277
502.1227 502.1097 502.0967 502.0837 502.0706 502.0576 502.0446 502.0316 502.0186 502.0056 501.9925 501.9795 501.9665 501.9535 501.9404 501.9274 501.9144 501.9014 501.8883 501.8753 501.8623 501.8493 501.8362 501.8232 501.8102 501.7972 501.7841 501.7711 501.7581 501.7451 501.7321 501.7191 501.706 501.693 501.68 501.667 501.6539 501.6409 501.6279 501.6149 501.6018 501.5888 501.5758 501.5628 501.5497 501.5367 501.5237 501.5107 501.4977 501.4846 501.4716 501.4586 501.4436 501.4274 501.4109 501.3958 501.3804 501.3643 501.3488 501.3323 501.3156 501.2988 501.2821
502.1291 502.1161 502.1031 502.09 502.077 502.064 502.051 502.0379 502.0249 502.0119 501.9989 501.9858 501.9728 501.9598 501.9468 501.9337 501.9207 501.9077 501.8947 501.8817 501.8687 501.8556 501.8426 501.8296 501.8166 501.8035 501.7905 501.7775 501.7645 501.7514 501.7384 501.7254 501.7124 501.6993 501.6863 501.6733 501.6603 501.6472 501.6342 501.6212 501.6082 501.5952 501.5822 501.5691 501.5561 501.5431 501.5301 501.517 501.504 501.491 501.478 501.4649 501.4487 501.4324 501.4167 501.4012 501.3848 501.3698 501.3541 501.3373 501.3206 501.3039 501.2871
502.1354 502.1224 502.1094 502.0964 502.0833 502.0703 502.0573 502.0443 502.0313 502.0182 502.0052 501.9922 501.9792 501.9662 501.9531 501.9401 501.9271 501.9141 501.901 501.888 501.875 501.862 501.8489 501.8359 501.8229 501.8099 501.7968 501.7838 501.7708 501.7578 501.7448 501.7318 501.7187 501.7057 501.6927 501.6797 501.6666 501.6536 501.6406 501.6276 501.6145 501.6015 501.5885 501.5755 501.5624 501.5494 501.5364 501.5234 501.5103 501.4973 501.4843 501.47 501.4537 501.4378 501.4222 501.4073 501.3904 501.3754 501.3591 501.3424 501.3257 501.3089 501.2922
502.1418 502.1288 502.1158 502.1027 502.0897 502.0767 502.0637 502.0506 502.0376 502.0246 502.0116 501.9985 501.9855 501.9725 501.9595 501.9464 501.9334 501.9204 501.9074 501.8943 501.8813 501.8683 501.8553 501.8423 501.8293 501.8162 501.8032 501.7902 501.7772 501.7641 501.7511 501.7381 501.7251 501.712 501.699 501.686 501.673 501.6599 501.6469 501.6339 501.6209 501.6078 501.5948 501.5818 501.5688 501.5558 501.5428 501.5297 501.5167 501.5037 501.4907 501.475 501.4587 501.4431 501.4276 501.4115 501.3965 501.381 501.3642 501.3475 501.3307 501.314 501.2973
502.1481 502.1351 502.1221 502.1091 502.096 502.083 502.07 502.057 502.0439 502.0309 502.0179 502.0049 501.9919 501.9789 501.9658 501.9528 501.9398 501.9268 501.9137 501.9007 501.8877 501.8747 501.8616 501.8486 501.8356 501.8226 501.8095 501.7965 501.7835 501.7705 501.7574 501.7444 501.7314 501.7184 501.7054 501.6924 501.6793 501.6663 501.6533 501.6403 501.6272 501.6142 501.6012 501.5882 501.5751 501.5621 501.5491 501.5361 501.523 501.51 501.4963 501.48 501.4647 501.4486 501.4331 501.4169 501.402 501.386 501.3693 501.3525 501.3358 501.3191 501.3023
