site316/site316_5x_roughbed_BF1/site316_5x_roughbed_BF1/sfe316_roughbed.asc
ncols         646
nrows         246
xllcorner     -123.11749299363
yllcorner     -132.6
cellsize      1
NODATA_value  -9999
[rows 28 to 55 of 246, columns 63 to 125 of 646]
503.901 503.9011 503.9011 503.9012 503.9012 503.9013 503.9013 503.9014 503.9014 503.9015 503.9015 503.9016 503.9016 503.9016 503.9017 503.9017 503.9018 503.9018 503.9019 503.9019 503.902 503.902 503.9021 503.9021 503.9022 503.9022 503.9023 503.9023 503.9023 503.9024 503.9024 503.9025 503.9025 503.9026 503.9026 503.9027 503.9027 503.9028 503.9028 503.9029 503.9029 503.903 503.903 503.903 503.9031 503.9031 503.9032 503.9032 503.9033 503.9033 503.9034 503.9034 503.9035 503.9035 503.9036 503.9036 503.9037 503.9037 503.9037 503.8893 503.8661 503.8426 503.8191
503.8883 503.8884 503.8885 503.8885 503.8885 503.8886 503.8886 503.8887 503.8887 503.8888 503.8888 503.8889 503.8889 503.8889 503.889 503.889 503.8891 503.8891 503.8892 503.8893 503.8893 503.8893 503.8894 503.8894 503.8895 503.8895 503.8896 503.8896 503.8896 503.8897 503.8897 503.8898 503.8898 503.8899 503.8899 503.89 503.89 503.8901 503.8901 503.8902 503.8902 503.8903 503.8903 503.8904 503.8904 503.8904 503.8905 503.8905 503.8906 503.8906 503.8907 503.8907 503.8908 503.8908 503.8909 503.8909 503.891 503.891 503.8911 503.8717 503.8484 503.8249 503.8014
503.8757 503.8757 503.8758 503.8758 503.8759 503.8759 503.8759 503.876 503.876 503.8761 503.8761 503.8762 503.8762 503.8763 503.8763 503.8764 503.8764 503.8765 503.8765 503.8766 503.8766 503.8766 503.8767 503.8767 503.8768 503.8768 503.8769 503.8769 503.877 503.877 503.8771 503.8771 503.8772 503.8772 503.8773 503.8773 503.8773 503.8774 503.8774 503.8775 503.8775 503.8776 503.8776 503.8777 503.8777 503.8778 503.8778 503.8779 503.8779 503.878 503.878 503.8781 503.8781 503.8781 503.8782 503.8782 503.8783 503.8783 503.8771 503.8541 503.8307 503.8072 503.7837
503.863 503.863 503.8631 503.8631 503.8632 503.8632 503.8633 503.8633 503.8633 503.8634 503.8634 503.8635 503.8636 503.8636 503.8636 503.8637 503.8637 503.8638 503.8638 503.8639 503.8639 503.864 503.864 503.864 503.8641 503.8641 503.8642 503.8642 503.8643 503.8643 503.8644 503.8644 503.8645 503.8645 503.8646 503.8646 503.8647 503.8647 503.8647 503.8648 503.8648 503.8649 503.8649 503.865 503.865 503.8651 503.8651 503.8652 503.8652 503.8653 503.8653 503.8654 503.8654 503.8654 503.8655 503.8655 503.8656 503.8656 503.8595 503.8364 503.813 503.7895 503.7661
503.8503 503.8503 503.8504 503.8504 503.8505 503.8505 503.8506 503.8506 503.8507 503.8507 503.8508 503.8508 503.8509 503.8509 503.851 503.851 503.851 503.8511 503.8511 503.8512 503.8512 503.8513 503.8513 503.8514 503.8514 503.8515 503.8515 503.8516 503.8516 503.8517 503.8517 503.8517 503.8518 503.8518 503.8519 503.8519 503.852 503.852 503.8521 503.8521 503.8522 503.8522 503.8523 503.8523 503.8524 503.8524 503.8524 503.8525 503.8525 503.8526 503.8526 503.8527 503.8527 503.8528 503.8528 503.8529 503.8529 503.853 503.8419 503.8188 503.7953 503.7719 503.7484
503.8376 503.8376 503.8377 503.8378 503.8378 503.8379 503.8379 503.838 503.838 503.838 503.8381 503.8381 503.8382 503.8382 503.8383 503.8383 503.8383 503.8384 503.8384 503.8385 503.8386 503.8386 503.8387 503.8387 503.8387 503.8388 503.8388 503.8389 503.8389 503.839 503.839 503.8391 503.8391 503.8391 503.8392 503.8392 503.8393 503.8394 503.8394 503.8394 503.8395 503.8395 503.8396 503.8396 503.8397 503.8397 503.8398 503.8398 503.8398 503.8399 503.8399 503.84 503.84 503.8401 503.8401 503.8402 503.8402 503.8403 503.8242 503.8011 503.7776 503.7542 503.7307
503.8249 503.825 503.825 503.8251 503.8251 503.8252 503.8252 503.8253 503.8253 503.8253 503.8254 503.8254 503.8255 503.8255 503.8256 503.8256 503.8257 503.8257 503.8258 503.8258 503.8259 503.8259 503.826 503.826 503.826 503.8261 503.8261 503.8262 503.8262 503.8263 503.8263 503.8264 503.8264 503.8265 503.8265 503.8266 503.8266 503.8267 503.8267 503.8268 503.8268 503.8268 503.8269 503.8269 503.827 503.827 503.8271 503.8271 503.8272 503.8272 503.8273 503.8273 503.8274 503.8274 503.8275 503.8275 503.8275 503.8276 503.8066 503.7834 503.7599 503.7365 503.713
503.8123 503.8123 503.8123 503.8124 503.8124 503.8125 503.8125 503.8126 503.8126 503.8127 503.8127 503.8127 503.8128 503.8129 503.8129 503.813 503.813 503.813 503.8131 503.8131 503.8132 503.8132 503.8133 503.8133 503.8134 503.8134 503.8134 503.8135 503.8135 503.8136 503.8137 503.8137 503.8138 503.8138 503.8138 503.8139 503.8139 503.814 503.814 503.8141 503.8141 503.8141 503.8142 503.8142 503.8143 503.8143 503.8144 503.8145 503.8145 503.8145 503.8146 503.8146 503.8147 503.8147 503.8148 503.8148 503.8148 503.8121 503.789 503.7657 503.7422 503.7188 503.6953
503.7996 503.7996 503.7997 503.7997 503.7997 503.7998 503.7998 503.7999 503.7999 503.8 503.8 503.8001 503.8001 503.8002 503.8002 503.8003 503.8003 503.8004 503.8004 503.8004 503.8005 503.8005 503.8006 503.8006 503.8007 503.8007 503.8008 503.8008 503.8009 503.8009 503.801 503.801 503.8011 503.8011 503.8011 503.8012 503.8012 503.8013 503.8013 503.8014 503.8014 503.8015 503.8015 503.8016 503.8016 503.8017 503.8017 503.8018 503.8018 503.8018 503.8019 503.8019 503.802 503.802 503.8021 503.8021 503.8022 503.7945 503.7714 503.748 503.7246 503.7011 503.6776
503.7869 503.7869 503.787 503.787 503.7871 503.7871 503.7872 503.7872 503.7873 503.7873 503.7874 503.7874 503.7874 503.7875 503.7875 503.7876 503.7876 503.7877 503.7877 503.7878 503.7878 503.7879 503.7879 503.788 503.788 503.7881 503.7881 503.7881 503.7882 503.7882 503.7883 503.7883 503.7884 503.7884 503.7885 503.7885 503.7885 503.7886 503.7887 503.7887 503.7888 503.7888 503.7888 503.7889 503.7889 503.789 503.789 503.7891 503.7891 503.7892 503.7892 503.7892 503.7893 503.7893 503.7894 503.7895 503.7895 503.7769 503.7538 503.7304 503.7069 503.6834 503.6599
503.7742 503.7742 503.7743 503.7743 503.7744 503.7744 503.7745 503.7745 503.7746 503.7746 503.7747 503.7747 503.7747 503.7748 503.7748 503.7749 503.7749 503.775 503.775 503.7751 503.7751 503.7752 503.7752 503.7753 503.7753 503.7754 503.7754 503.7755 503.7755 503.7755 503.7756 503.7756 503.7757 503.7757 503.7758 503.7758 503.7759 503.7759 503.776 503.776 503.7761 503.7761 503.7762 503.7762 503.7762 503.7763 503.7763 503.7764 503.7764 503.7765 503.7765 503.7766 503.7766 503.7767 503.7767 503.7768 503.7768 503.7592 503.7362 503.7127 503.6892 503.6657 503.6422
503.7615 503.7616 503.7616 503.7617 503.7617 503.7617 503.7618 503.7618 503.7619 503.7619 503.762 503.762 503.7621 503.7621 503.7622 503.7622 503.7623 503.7623 503.7624 503.7624 503.7625 503.7625 503.7625 503.7626 503.7626 503.7627 503.7627 503.7628 503.7628 503.7628 503.7629 503.763 503.763 503.7631 503.7631 503.7632 503.7632 503.7632 503.7633 503.7633 503.7634 503.7634 503.7635 503.7635 503.7635 503.7636 503.7636 503.7637 503.7638 503.7638 503.7639 503.7639 503.7639 503.764 503.764 503.7641 503.7641 503.7416 503.7185 503.695 503.6715 503.648 503.6245
503.7488 503.7489 503.7489 503.749 503.749 503.7491 503.7491 503.7491 503.7492 503.7492 503.7493 503.7493 503.7494 503.7494 503.7495 503.7495 503.7496 503.7496 503.7497 503.7497 503.7498 503.7498 503.7498 503.7499 503.7499 503.75 503.75 503.7501 503.7501 503.7502 503.7502 503.7503 503.7503 503.7504 503.7504 503.7505 503.7505 503.7505 503.7506 503.7506 503.7507 503.7507 503.7508 503.7508 503.7509 503.7509 503.751 503.751 503.7511 503.7511 503.7512 503.7512 503.7513 503.7513 503.7513 503.7514 503.747 503.724 503.7008 503.6773 503.6538 503.6303 503.6068
503.7361 503.7362 503.7362 503.7363 503.7363 503.7364 503.7364 503.7365 503.7365 503.7366 503.7366 503.7367 503.7367 503.7368 503.7368 503.7368 503.7369 503.7369 503.737 503.737 503.7371 503.7371 503.7372 503.7372 503.7373 503.7373 503.7374 503.7374 503.7375 503.7375 503.7375 503.7376 503.7376 503.7377 503.7377 503.7378 503.7378 503.7379 503.7379 503.738 503.738 503.7381 503.7381 503.7382 503.7382 503.7383 503.7383 503.7383 503.7384 503.7384 503.7385 503.7385 503.7386 503.7386 503.7386 503.7387 503.7294 503.7064 503.6831 503.6596 503.6361 503.6126 503.5891
503.7234 503.7235 503.7235 503.7236 503.7236 503.7237 503.7237 503.7238 503.7238 503.7239 503.7239 503.724 503.724 503.7241 503.7241 503.7242 503.7242 503.7242 503.7243 503.7243 503.7244 503.7244 503.7245 503.7245 503.7246 503.7246 503.7247 503.7247 503.7248 503.7248 503.7249 503.7249 503.7249 503.725 503.725 503.7251 503.7251 503.7252 503.7252 503.7253 503.7253 503.7254 503.7254 503.7255 503.7255 503.7256 503.7256 503.7256 503.7257 503.7257 503.7258 503.7258 503.7259 503.7259 503.726 503.726 503.7118 503.6888 503.6654 503.6419 503.6184 503.5949 503.5714
503.7108 503.7108 503.7109 503.7109 503.711 503.711 503.7111 503.7111 503.7112 503.7112 503.7112 503.7113 503.7113 503.7114 503.7114 503.7115 503.7115 503.7116 503.7116 503.7117 503.7117 503.7118 503.7118 503.7119 503.7119 503.7119 503.712 503.712 503.7121 503.7121 503.7122 503.7122 503.7123 503.7123 503.7124 503.7124 503.7125 503.7125 503.7126 503.7126 503.7126 503.7127 503.7127 503.7128 503.7128 503.7129 503.7129 503.713 503.713 503.7131 503.7131 503.7132 503.7132 503.7133 503.7133 503.7133 503.6942 503.6711 503.6477 503.6242 503.6007 503.5772 503.5537
503.6981 503.6982 503.6982 503.6982 503.6983 503.6983 503.6984 503.6984 503.6985 503.6985 503.6985 503.6986 503.6986 503.6987 503.6987 503.6988 503.6988 503.6989 503.6989 503.699 503.699 503.6991 503.6991 503.6992 503.6992 503.6992 503.6993 503.6993 503.6994 503.6994 503.6995 503.6995 503.6996 503.6996 503.6997 503.6997 503.6998 503.6998 503.6999 503.6999 503.7 503.7 503.7 503.7001 503.7001 503.7002 503.7002 503.7003 503.7003 503.7004 503.7004 503.7005 503.7005 503.7006 503.7006 503.6996 503.6766 503.6535 503.63 503.6065 503.583 503.5595 503.536
503.6854 503.6855 503.6855 503.6855 503.6856 503.6856 503.6857 503.6857 503.6858 503.6858 503.6859 503.6859 503.686 503.686 503.6861 503.6861 503.6862 503.6862 503.6862 503.6863 503.6863 503.6864 503.6864 503.6865 503.6865 503.6866 503.6866 503.6867 503.6867 503.6868 503.6868 503.6869 503.6869 503.687 503.687 503.687 503.6871 503.6871 503.6872 503.6872 503.6873 503.6873 503.6874 503.6874 503.6875 503.6875 503.6876 503.6876 503.6877 503.6877 503.6877 503.6878 503.6878 503.6879 503.6879 503.682 503.6589 503.6358 503.6123 503.5888 503.5653 503.5418 503.5184
503.6808 503.6728 503.6728 503.6729 503.6729 503.6729 503.673 503.673 503.6731 503.6731 503.6732 503.6732 503.6733 503.6733 503.6734 503.6734 503.6735 503.6735 503.6736 503.6736 503.6736 503.6737 503.6737 503.6738 503.6738 503.6739 503.6739 503.674 503.674 503.6741 503.6741 503.6742 503.6742 503.6743 503.6743 503.6743 503.6744 503.6744 503.6745 503.6745 503.6746 503.6746 503.6747 503.6747 503.6748 503.6748 503.6749 503.6749 503.675 503.675 503.675 503.6751 503.6751 503.6752 503.6752 503.6644 503.6413 503.6181 503.5946 503.5711 503.5476 503.5242 503.5007
503.6803 503.6707 503.6613 503.6602 503.6602 503.6603 503.6603 503.6604 503.6604 503.6605 503.6605 503.6606 503.6606 503.6606 503.6607 503.6607 503.6608 503.6608 503.6609 503.6609 503.661 503.661 503.6611 503.6611 503.6612 503.6612 503.6613 503.6613 503.6613 503.6614 503.6614 503.6615 503.6615 503.6616 503.6616 503.6617 503.6617 503.6618 503.6618 503.6619 503.6619 503.662 503.662 503.662 503.6621 503.6621 503.6622 503.6622 503.6623 503.6623 503.6624 503.6624 503.6625 503.6625 503.6626 503.6468 503.6237 503.6004 503.5769 503.5534 503.53 503.5065 503.483
503.6797 503.6702 503.6607 503.6512 503.6476 503.6476 503.6476 503.6477 503.6477 503.6478 503.6478 503.6479 503.6479 503.6479 503.648 503.648 503.6481 503.6481 503.6482 503.6483 503.6483 503.6483 503.6484 503.6484 503.6485 503.6485 503.6486 503.6486 503.6487 503.6487 503.6487 503.6488 503.6488 503.6489 503.6489 503.649 503.649 503.6491 503.6491 503.6492 503.6492 503.6493 503.6493 503.6494 503.6494 503.6494 503.6495 503.6495 503.6496 503.6496 503.6497 503.6497 503.6498 503.6498 503.6499 503.6292 503.6061 503.5827 503.5593 503.5358 503.5123 503.4888 503.4653
503.6792 503.6697 503.6602 503.6507 503.6412 503.6349 503.6349 503.635 503.635 503.6351 503.6351 503.6352 503.6352 503.6353 503.6353 503.6354 503.6354 503.6355 503.6355 503.6356 503.6356 503.6357 503.6357 503.6357 503.6358 503.6358 503.6359 503.6359 503.636 503.636 503.6361 503.6361 503.6362 503.6362 503.6363 503.6363 503.6364 503.6364 503.6364 503.6365 503.6365 503.6366 503.6366 503.6367 503.6367 503.6368 503.6368 503.6369 503.6369 503.637 503.637 503.6371 503.6371 503.6371 503.6346 503.6115 503.5885 503.5651 503.5416 503.5181 503.4946 503.4711 503.4477
503.6783 503.6692 503.6597 503.6502 503.6407 503.6312 503.6223 503.6223 503.6223 503.6224 503.6224 503.6225 503.6226 503.6226 503.6227 503.6227 503.6227 503.6228 503.6228 503.6229 503.6229 503.623 503.623 503.623 503.6231 503.6231 503.6232 503.6232 503.6233 503.6234 503.6234 503.6234 503.6235 503.6235 503.6236 503.6236 503.6237 503.6237 503.6237 503.6238 503.6238 503.6239 503.6239 503.624 503.624 503.6241 503.6241 503.6242 503.6242 503.6243 503.6243 503.6244 503.6244 503.6245 503.617 503.5939 503.5709 503.5474 503.5239 503.5004 503.4769 503.4534 503.4301
503.6772 503.6682 503.6592 503.6497 503.6402 503.6307 503.6212 503.6116 503.6097 503.6097 503.6098 503.6098 503.6099 503.6099 503.61 503.61 503.61 503.6101 503.6101 503.6102 503.6102 503.6103 503.6103 503.6104 503.6104 503.6105 503.6105 503.6106 503.6106 503.6107 503.6107 503.6107 503.6108 503.6108 503.6109 503.6109 503.611 503.611 503.6111 503.6111 503.6112 503.6112 503.6113 503.6113 503.6114 503.6114 503.6115 503.6115 503.6115 503.6116 503.6116 503.6117 503.6117 503.6118 503.5993 503.5763 503.5532 503.5297 503.5062 503.4827 503.4592 503.4357 503.4125
503.6763 503.6671 503.6581 503.6492 503.6396 503.6302 503.6206 503.6111 503.6016 503.597 503.5971 503.5971 503.5972 503.5972 503.5973 503.5973 503.5974 503.5974 503.5974 503.5975 503.5976 503.5976 503.5977 503.5977 503.5977 503.5978 503.5978 503.5979 503.5979 503.598 503.598 503.5981 503.5981 503.5981 503.5982 503.5982 503.5983 503.5984 503.5984 503.5984 503.5985 503.5985 503.5986 503.5986 503.5987 503.5987 503.5988 503.5988 503.5988 503.5989 503.5989 503.599 503.599 503.5991 503.5817 503.5587 503.5355 503.512 503.4885 503.465 503.4415 503.418 503.3949
503.6757 503.6663 503.657 503.648 503.639 503.6296 503.6201 503.6106 503.6011 503.5916 503.5844 503.5844 503.5845 503.5845 503.5846 503.5846 503.5847 503.5847 503.5848 503.5848 503.5849 503.5849 503.585 503.585 503.5851 503.5851 503.5851 503.5852 503.5852 503.5853 503.5853 503.5854 503.5854 503.5855 503.5855 503.5856 503.5856 503.5857 503.5857 503.5858 503.5858 503.5858 503.5859 503.5859 503.586 503.586 503.5861 503.5861 503.5862 503.5862 503.5863 503.5863 503.5864 503.5864 503.5641 503.541 503.5178 503.4943 503.4708 503.4473 503.4238 503.4003 503.3772
503.6755 503.6656 503.6562 503.6468 503.6379 503.6289 503.6196 503.6101 503.6006 503.5911 503.5816 503.5721 503.5718 503.5719 503.5719 503.572 503.572 503.5721 503.5721 503.5721 503.5722 503.5722 503.5723 503.5723 503.5724 503.5724 503.5724 503.5725 503.5725 503.5726 503.5727 503.5727 503.5728 503.5728 503.5728 503.5729 503.5729 503.573 503.573 503.5731 503.5731 503.5732 503.5732 503.5732 503.5733 503.5733 503.5734 503.5735 503.5735 503.5735 503.5736 503.5736 503.5737 503.5695 503.5465 503.5234 503.5001 503.4766 503.4531 503.4296 503.4061 503.3826 503.3596
503.672 503.6655 503.6556 503.6462 503.6367 503.6277 503.6188 503.6096 503.6001 503.5906 503.5811 503.5716 503.562 503.5592 503.5592 503.5593 503.5593 503.5594 503.5594 503.5594 503.5595 503.5595 503.5596 503.5596 503.5597 503.5597 503.5598 503.5598 503.5599 503.5599 503.56 503.56 503.5601 503.5601 503.5602 503.5602 503.5602 503.5603 503.5603 503.5604 503.5604 503.5605 503.5605 503.5606 503.5606 503.5607 503.5607 503.5608 503.5608 503.5609 503.5609 503.5609 503.561 503.5519 503.5289 503.5058 503.4824 503.4589 503.4354 503.4119 503.3884 503.3649 503.342
