site316/site316_5x_roughbed_BF1/site316_5x_roughbed_BF1/sfe316_roughbed.asc
ncols         646
nrows         246
xllcorner     -123.11749299363
yllcorner     -132.6
cellsize      1
NODATA_value  -9999
[rows 196 to 223 of 246, columns 0 to 62 of 646]
-9999 -9999 503.3122 503.3006 503.2951 503.2185 503.1401 503.0618 502.9834 502.9051 502.8267 502.7484 502.67 502.5916 502.5133 502.4349 502.3566 502.2782 502.1999 502.1215 502.0432 501.9648 501.8865 501.8081 501.7298 501.6514 501.5731 501.4947 501.4164 501.338 501.2596 501.1813 501.1029 501.0246 500.9462 500.8679 500.7895 500.7112 500.6328 500.5544 500.4761 500.3977 500.2854 500.2924 500.2573 500.0962 500.0435 500.0408 500.07 500.0992 500.1283 500.1575 500.2562 500.4076 500.4848 500.562 500.6393 500.7165 500.7937 500.8709 500.9481 501.0253 501.1025
-9999 -9999 503.3073 503.2957 503.2252 503.1469 503.0685 502.9901 502.9118 502.8334 502.7551 502.6767 502.5984 502.52 502.4417 502.3633 502.2849 502.2066 502.1282 502.0499 501.9715 501.8932 501.8148 501.7365 501.6581 501.5798 501.5014 501.4231 501.3447 501.2664 501.188 501.1096 501.0313 500.9529 500.8746 500.7962 500.7179 500.6395 500.5612 500.4828 500.4044 500.3017 500.293 500.2597 500.0985 500.0422 500.0384 500.0676 500.0968 500.1259 500.1552 500.2379 500.4005 500.4777 500.5549 500.6321 500.7093 500.7865 500.8638 500.941 501.0182 501.0954 501.1726
-9999 -9999 503.304 503.2344 503.1536 503.0752 502.9969 502.9185 502.8401 502.7618 502.6834 502.6051 502.5267 502.4484 502.37 502.2917 502.2133 502.1349 502.0566 501.9782 501.8999 501.8215 501.7432 501.6648 501.5865 501.5081 501.4297 501.3514 501.273 501.1947 501.1163 501.038 500.9596 500.8813 500.8029 500.7246 500.6462 500.5679 500.4895 500.4112 500.3206 500.2922 500.262 500.1007 500.0409 500.036 500.0652 500.0944 500.1236 500.1527 500.2248 500.3883 500.4706 500.5478 500.625 500.7022 500.7794 500.8566 500.9338 501.0111 501.0883 501.1655 501.2182
-9999 -9999 503.232 503.1601 503.0868 503.0035 502.9252 502.8468 502.7685 502.6901 502.6118 502.5334 502.4551 502.3767 502.2984 502.22 502.1417 502.0633 501.985 501.9066 501.8282 501.7499 501.6715 501.5932 501.5148 501.4365 501.3581 501.2798 501.2014 501.123 501.0447 500.9663 500.888 500.8096 500.7313 500.6529 500.5746 500.4962 500.4179 500.3314 500.2911 500.2643 500.1029 500.0396 500.0336 500.0628 500.092 500.1212 500.1504 500.2121 500.3744 500.4634 500.5406 500.6179 500.6951 500.7723 500.8495 500.9267 501.0039 501.0811 501.1584 501.1979 501.2354
-9999 -9999 -9999 503.0839 503.012 502.9391 502.8535 502.7752 502.6968 502.6185 502.5401 502.4618 502.3834 502.3051 502.2267 502.1484 502.07 501.9917 501.9133 501.835 501.7566 501.6783 501.5999 501.5215 501.4432 501.3648 501.2865 501.2081 501.1298 501.0514 500.9731 500.8947 500.8163 500.738 500.6596 500.5813 500.5029 500.4246 500.3453 500.2899 500.2667 500.1052 500.0383 500.0312 500.0604 500.0896 500.1188 500.148 500.1995 500.3604 500.4563 500.5335 500.6107 500.6879 500.7651 500.8424 500.9196 500.9968 501.074 501.1401 501.1776 501.2151 501.2527
-9999 -9999 -9999 -9999 502.9358 502.8639 502.7915 502.7103 502.6252 502.5468 502.4685 502.3901 502.3118 502.2334 502.1551 502.0767 501.9984 501.92 501.8416 501.7633 501.6849 501.6066 501.5282 501.4499 501.3715 501.2932 501.2148 501.1365 501.0581 500.9798 500.9014 500.8231 500.7447 500.6664 500.588 500.5096 500.4313 500.3529 500.2888 500.269 500.1074 500.037 500.0288 500.058 500.0872 500.1164 500.1456 500.1902 500.3463 500.4492 500.5264 500.6036 500.6808 500.758 500.8352 500.9124 500.9897 501.0669 501.1198 501.1573 501.1948 501.2323 501.2699
-9999 -9999 -9999 -9999 -9999 502.7903 502.7158 502.6438 502.565 502.4752 502.3969 502.3185 502.2401 502.1618 502.0834 502.0051 501.9267 501.8484 501.77 501.6917 501.6133 501.5349 501.4566 501.3782 501.2999 501.2215 501.1432 501.0648 500.9865 500.9081 500.8298 500.7514 500.6731 500.5947 500.5164 500.438 500.3596 500.288 500.2714 500.1096 500.0357 500.0265 500.0556 500.0848 500.114 500.1432 500.1811 500.3317 500.442 500.5192 500.5965 500.6737 500.7509 500.8281 500.9053 500.9825 501.0598 501.0995 501.137 501.1745 501.212 501.2496 501.2871
-9999 -9999 -9999 -9999 -9999 -9999 502.6459 502.5677 502.4958 502.4173 502.3252 502.2469 502.1685 502.0901 502.0118 501.9334 501.8551 501.7767 501.6984 501.62 501.5417 501.4633 501.3849 501.3066 501.2282 501.1499 501.0715 500.9932 500.9148 500.8365 500.7581 500.6797 500.6014 500.523 500.4447 500.3663 500.2877 500.2737 500.1119 500.0345 500.0241 500.0533 500.0825 500.1116 500.1408 500.1721 500.317 500.4349 500.5121 500.5893 500.6665 500.7437 500.821 500.8982 500.9754 501.0416 501.0792 501.1167 501.1542 501.1917 501.2293 501.2668 501.3043
-9999 -9999 -9999 -9999 -9999 -9999 -9999 502.5016 502.4196 502.3477 502.2697 502.1752 502.0968 502.0185 501.9401 501.8618 501.7834 501.7051 501.6267 501.5484 501.47 501.3917 501.3133 501.235 501.1566 501.0782 500.9999 500.9215 500.8432 500.7648 500.6865 500.6081 500.5298 500.4514 500.373 500.2886 500.2761 500.1141 500.0332 500.0217 500.0509 500.08 500.1093 500.1384 500.1676 500.3018 500.4278 500.505 500.5822 500.6594 500.7366 500.8138 500.8911 500.9683 501.0213 501.0589 501.0964 501.1339 501.1714 501.209 501.2465 501.284 501.3215
-9999 -9999 -9999 -9999 -9999 -9999 -9999 -9999 502.3572 502.2715 502.1997 502.122 502.0252 501.9468 501.8685 501.7901 501.7118 501.6334 501.5551 501.4767 501.3984 501.32 501.2417 501.1633 501.085 501.0066 500.9283 500.8499 500.7715 500.6932 500.6148 500.5365 500.4581 500.3798 500.2898 500.2784 500.1163 500.0319 500.0193 500.0485 500.0777 500.1069 500.136 500.1652 500.2836 500.4206 500.4978 500.5751 500.6523 500.7295 500.8067 500.8839 500.9612 501.001 501.0386 501.0761 501.1136 501.1511 501.1887 501.2262 501.2637 501.3012 501.3388
-9999 -9999 -9999 -9999 -9999 -9999 -9999 -9999 -9999 502.2175 502.1234 502.0516 501.9744 501.8752 501.7968 501.7185 501.6401 501.5618 501.4834 501.4051 501.3267 501.2484 501.17 501.0917 501.0133 500.935 500.8566 500.7783 500.6999 500.6215 500.5432 500.4648 500.3865 500.2935 500.2807 500.1186 500.0306 500.0169 500.0461 500.0753 500.1045 500.1337 500.1628 500.2653 500.4135 500.4907 500.5679 500.6451 500.7224 500.7996 500.8768 500.9432 500.9807 501.0182 501.0558 501.0933 501.1308 501.1684 501.2059 501.2434 501.2809 501.3185 501.356
-9999 -9999 -9999 -9999 -9999 -9999 -9999 -9999 -9999 -9999 502.0212 501.9768 501.9035 501.8267 501.7252 501.6469 501.5685 501.4901 501.4118 501.3334 501.2551 501.1767 501.0984 501.02 500.9417 500.8633 500.7849 500.7066 500.6282 500.5499 500.4715 500.3932 500.3015 500.2831 500.1208 500.0307 500.0145 500.0437 500.0729 500.1021 500.1313 500.1605 500.2474 500.4064 500.4836 500.5608 500.638 500.7152 500.7924 500.8697 500.9229 500.9604 500.998 501.0355 501.073 501.1105 501.1481 501.1856 501.2231 501.2606 501.2982 501.3357 501.3732
-9999 -9999 -9999 -9999 -9999 -9999 -9999 -9999 -9999 -9999 -9999 -9999 501.8325 501.7554 501.6791 501.5752 501.4969 501.4185 501.3401 501.2618 501.1834 501.1051 501.0267 500.9484 500.87 500.7917 500.7133 500.6349 500.5566 500.4782 500.3999 500.3103 500.2854 500.123 500.0309 500.0121 500.0413 500.0705 500.0997 500.1289 500.1581 500.2347 500.3992 500.4764 500.5537 500.6309 500.7081 500.7853 500.8625 500.9026 500.9401 500.9777 501.0152 501.0527 501.0902 501.1277 501.1653 501.2028 501.2403 501.2779 501.3154 501.3529 501.3904
-9999 -9999 -9999 -9999 -9999 -9999 -9999 -9999 -9999 -9999 -9999 -9999 -9999 501.6881 501.6073 501.5314 501.4252 501.3469 501.2685 501.1902 501.1118 501.0334 500.9551 500.8767 500.7984 500.72 500.6417 500.5633 500.485 500.4066 500.3166 500.2878 500.1253 500.0311 500.0098 500.0389 500.0681 500.0973 500.1265 500.1557 500.2221 500.3857 500.4693 500.5465 500.6237 500.701 500.7782 500.8448 500.8823 500.9198 500.9574 500.9949 501.0324 501.0699 501.1075 501.145 501.1825 501.22 501.2576 501.2951 501.3326 501.3701 501.4077
-9999 -9999 -9999 -9999 -9999 -9999 -9999 -9999 -9999 -9999 -9999 -9999 -9999 -9999 501.5438 501.4592 501.3838 501.2752 501.1968 501.1185 501.0401 500.9618 500.8834 500.8051 500.7267 500.6484 500.57 500.4917 500.4133 500.3285 500.2901 500.1274 500.0313 500.0074 500.0366 500.0657 500.0949 500.1241 500.1533 500.2095 500.3718 500.4622 500.5394 500.6166 500.6938 500.7711 500.8245 500.862 500.8995 500.937 500.9746 501.0121 501.0496 501.0872 501.1247 501.1622 501.1997 501.2372 501.2748 501.3123 501.3498 501.3874 501.4249
-9999 -9999 -9999 -9999 -9999 -9999 -9999 -9999 -9999 -9999 -9999 -9999 -9999 -9999 -9999 501.3994 501.3111 501.2361 501.1252 501.0468 500.9685 500.8901 500.8118 500.7334 500.6551 500.5767 500.4984 500.42 500.3417 500.2924 500.1294 500.0315 500.005 500.0342 500.0634 500.0926 500.1217 500.1509 500.1994 500.3572 500.455 500.5323 500.6095 500.6867 500.7639 500.8042 500.8417 500.8792 500.9167 500.9543 500.9918 501.0293 501.0669 501.1044 501.1419 501.1794 501.2169 501.2545 501.292 501.3295 501.3671 501.4046 501.4421
-9999 -9999 -9999 -9999 -9999 -9999 -9999 -9999 -9999 -9999 -9999 -9999 -9999 -9999 -9999 -9999 501.255 501.1634 501.0884 500.9752 500.8969 500.8185 500.7401 500.6618 500.5834 500.5051 500.4267 500.3484 500.2948 500.1314 500.0317 500.0026 500.0318 500.061 500.0901 500.1194 500.1485 500.1904 500.3426 500.4479 500.5251 500.6024 500.6796 500.7463 500.7839 500.8214 500.8589 500.8965 500.934 500.9715 501.009 501.0465 501.0841 501.1216 501.1591 501.1967 501.2342 501.2717 501.3092 501.3467 501.3843 501.4218 501.4593
-9999 -9999 -9999 -9999 -9999 -9999 -9999 -9999 -9999 -9999 -9999 -9999 -9999 -9999 -9999 -9999 -9999 501.1107 501.0191 500.9408 500.8252 500.7469 500.6685 500.5901 500.5118 500.4334 500.3551 500.2971 500.1334 500.0319 500.0002 500.0294 500.0586 500.0878 500.117 500.1461 500.1813 500.3279 500.4408 500.518 500.5952 500.6725 500.726 500.7636 500.8011 500.8386 500.8762 500.9137 500.9512 500.9887 501.0262 501.0638 501.1013 501.1388 501.1764 501.2139 501.2514 501.2889 501.3264 501.364 501.4015 501.439 501.4766
-9999 -9999 -9999 -9999 -9999 -9999 -9999 -9999 -9999 -9999 -9999 -9999 -9999 -9999 -9999 -9999 -9999 -9999 500.9663 500.8747 500.7932 500.6752 500.5969 500.5185 500.4402 500.3618 500.2995 500.1354 500.0321 499.9978 500.027 500.0562 500.0854 500.1146 500.1438 500.1729 500.311 500.4337 500.5109 500.5881 500.6653 500.7057 500.7433 500.7808 500.8183 500.8558 500.8934 500.9309 500.9684 501.006 501.0435 501.081 501.1185 501.156 501.1936 501.2311 501.2686 501.3062 501.3437 501.3812 501.4187 501.4562 501.4938
-9999 -9999 -9999 -9999 -9999 -9999 -9999 -9999 -9999 -9999 -9999 -9999 -9999 -9999 -9999 -9999 -9999 -9999 -9999 500.822 500.7303 500.6455 500.5252 500.4468 500.3685 500.3018 500.1374 500.0323 499.9959 500.0246 500.0538 500.083 500.1122 500.1414 500.1706 500.2927 500.4265 500.5038 500.581 500.6479 500.6855 500.723 500.7605 500.798 500.8355 500.8731 500.9106 500.9481 500.9857 501.0232 501.0607 501.0982 501.1357 501.1733 501.2108 501.2483 501.2859 501.3234 501.3609 501.3984 501.4359 501.4735 501.511
-9999 -9999 -9999 -9999 -9999 -9999 -9999 -9999 -9999 -9999 -9999 -9999 -9999 -9999 -9999 -9999 -9999 -9999 -9999 -9999 500.6776 500.586 500.4978 500.3752 500.3041 500.1394 500.0325 499.9969 500.0222 500.0514 500.0806 500.1098 500.139 500.1682 500.2745 500.4194 500.4966 500.5738 500.6276 500.6651 500.7027 500.7402 500.7777 500.8152 500.8528 500.8903 500.9278 500.9653 501.0029 501.0404 501.0779 501.1154 501.153 501.1905 501.228 501.2655 501.3031 501.3406 501.3781 501.4156 501.4532 501.4907 501.5282
-9999 -9999 -9999 -9999 -9999 -9999 -9999 -9999 -9999 -9999 -9999 -9999 -9999 -9999 -9999 -9999 -9999 -9999 -9999 -9999 -9999 500.5332 500.4416 500.3307 500.1414 500.0327 499.998 500.0199 500.049 500.0782 500.1074 500.1366 500.1658 500.2574 500.4123 500.4895 500.5667 500.6073 500.6448 500.6824 500.7199 500.7574 500.795 500.8325 500.87 500.9075 500.945 500.9826 501.0201 501.0576 501.0952 501.1327 501.1702 501.2077 501.2452 501.2828 501.3203 501.3578 501.3954 501.4329 501.4704 501.5079 501.5454
-9999 -9999 -9999 -9999 -9999 -9999 -9999 -9999 -9999 -9999 -9999 -9999 -9999 -9999 -9999 -9999 -9999 -9999 -9999 -9999 -9999 -9999 500.3634 500.2722 500.1026 499.999 500.0175 500.0467 500.0758 500.105 500.1342 500.1634 500.2447 500.4052 500.4824 500.5495 500.587 500.6245 500.6621 500.6996 500.7371 500.7747 500.8122 500.8497 500.8872 500.9247 500.9623 500.9998 501.0373 501.0748 501.1124 501.1499 501.1874 501.2249 501.2625 501.3 501.3375 501.375 501.4126 501.4501 501.4876 501.5251 501.5627
-9999 -9999 -9999 -9999 -9999 -9999 -9999 -9999 -9999 -9999 -9999 -9999 -9999 -9999 -9999 -9999 -9999 -9999 -9999 -9999 -9999 -9999 -9999 500.1198 500.0414 499.9447 500.0443 500.0735 500.1026 500.1318 500.161 500.2321 500.3971 500.4752 500.5292 500.5667 500.6042 500.6418 500.6793 500.7168 500.7543 500.7919 500.8294 500.8669 500.9044 500.942 500.9795 501.017 501.0545 501.0921 501.1296 501.1671 501.2047 501.2422 501.2797 501.3172 501.3547 501.3923 501.4298 501.4673 501.5049 501.5424 501.5799
-9999 -9999 -9999 -9999 -9999 -9999 -9999 -9999 -9999 -9999 -9999 -9999 -9999 -9999 -9999 -9999 -9999 -9999 -9999 -9999 -9999 -9999 -9999 -9999 499.8465 499.9375 500.042 500.1003 500.1295 500.1586 500.2195 500.3827 500.4681 500.5089 500.5464 500.584 500.6215 500.659 500.6965 500.734 500.7716 500.8091 500.8466 500.8842 500.9217 500.9592 500.9967 501.0342 501.0718 501.1093 501.1468 501.1844 501.2219 501.2594 501.2969 501.3344 501.372 501.4095 501.447 501.4846 501.5221 501.5596 501.5971
-9999 -9999 -9999 -9999 -9999 -9999 -9999 -9999 -9999 -9999 -9999 -9999 -9999 -9999 -9999 -9999 -9999 -9999 -9999 -9999 -9999 -9999 -9999 -9999 -9999 499.8765 500.0243 500.123 500.1563 500.2086 500.3681 500.451 500.4886 500.5261 500.5636 500.6012 500.6387 500.6762 500.7137 500.7513 500.7888 500.8263 500.8638 500.9014 500.9389 500.9764 501.0139 501.0515 501.089 501.1265 501.164 501.2016 501.2391 501.2766 501.3141 501.3517 501.3892 501.4267 501.4642 501.5018 501.5393 501.5768 501.6143
-9999 -9999 -9999 -9999 -9999 -9999 -9999 -9999 -9999 -9999 -9999 -9999 -9999 -9999 -9999 -9999 -9999 -9999 -9999 -9999 -9999 -9999 -9999 -9999 -9999 -9999 500.0954 500.1865 500.2102 500.3534 500.4308 500.4683 500.5058 500.5433 500.5809 500.6184 500.6559 500.6935 500.731 500.7685 500.806 500.8435 500.8811 500.9186 500.9561 500.9937 501.0312 501.0687 501.1062 501.1437 501.1813 501.2188 501.2563 501.2939 501.3314 501.3689 501.4064 501.4439 501.4815 501.519 501.5565 501.5941 501.6316
-9999 -9999 -9999 -9999 -9999 -9999 -9999 -9999 -9999 -9999 -9999 -9999 -9999 -9999 -9999 -9999 -9999 -9999 -9999 -9999 -9999 -9999 -9999 -9999 -9999 -9999 -9999 500.3426 500.406 500.4529 500.504 500.5107 500.523 500.5605 500.5981 500.6356 500.6731 500.7107 500.7482 500.7857 500.8232 500.8607 500.8983 500.9358 500.9733 501.0109 501.0484 501.0859 501.1234 501.1609 501.1985 501.236 501.2735 501.3111 501.3486 501.3861 501.4236 501.4612 501.4987 501.5362 501.5737 501.6113 501.6488
