site316/site316_5x_roughbed_BF1/site316_5x_roughbed_BF1/sfe316_roughbed.asc
ncols         646
nrows         246
xllcorner     -123.11749299363
yllcorner     -132.6
cellsize      1
NODATA_value  -9999
[rows 112 to 139 of 246, columns 441 to 503 of 646]
500.4609 500.4547 500.4487 500.4427 500.4359 500.4284 500.4215 500.4146 500.4077 500.4007 500.3914 500.3843 500.3773 500.3702 500.3632 500.3561 500.3491 500.3404 500.3319 500.3239 500.3158 500.3078 500.2992 500.2913 500.2834 500.2751 500.2606 500.2435 500.2265 500.2094 500.1924 500.1754 500.1583 500.1412 500.1242 500.1071 500.0901 500.0731 500.056 500.039 500.0219 500.0049 499.9878 499.9708 499.9537 499.9367 499.9196 499.9026 499.8856 499.8685 499.8515 499.8344 499.8174 499.8003 499.7833 499.7662 499.7492 499.7321 499.7151 499.6981 499.681 499.664 499.6469
500.4561 500.4501 500.4441 500.4379 500.4311 500.4236 500.4167 500.4098 500.4028 500.3957 500.3867 500.3796 500.3726 500.3655 500.3585 500.3514 500.3444 500.3351 500.327 500.319 500.3109 500.3025 500.2943 500.2864 500.2786 500.2697 500.2533 500.2363 500.2192 500.2022 500.1852 500.1681 500.1511 500.134 500.117 500.0999 500.0829 500.0658 500.0488 500.0317 500.0147 499.9977 499.9806 499.9636 499.9465 499.9295 499.9124 499.8954 499.8783 499.8613 499.8442 499.8272 499.8102 499.7931 499.776 499.759 499.7419 499.7249 499.7079 499.6908 499.6738 499.6567 499.6397
500.4515 500.4455 500.4395 500.4331 500.4258 500.4188 500.4118 500.4049 500.398 500.39 500.3819 500.3749 500.3678 500.3608 500.3537 500.3467 500.3394 500.3301 500.3221 500.3141 500.306 500.2973 500.2895 500.2816 500.2737 500.2632 500.2461 500.2291 500.212 500.1949 500.1779 500.1609 500.1438 500.1268 500.1097 500.0927 500.0757 500.0586 500.0415 500.0245 500.0074 499.9904 499.9734 499.9563 499.9393 499.9222 499.9052 499.8881 499.8711 499.854 499.837 499.8199 499.8029 499.7859 499.7688 499.7518 499.7347 499.7177 499.7006 499.6836 499.6665 499.6495 499.6324
500.4469 500.4409 500.4349 500.4283 500.4209 500.4139 500.407 500.4001 500.3932 500.3844 500.3772 500.3701 500.3631 500.356 500.349 500.342 500.3339 500.3252 500.3172 500.3091 500.3011 500.2925 500.2846 500.2768 500.2689 500.2559 500.2389 500.2218 500.2048 500.1877 500.1707 500.1536 500.1366 500.1195 500.1025 500.0854 500.0684 500.0514 500.0343 500.0173 500.0002 499.9832 499.9661 499.9491 499.932 499.915 499.8979 499.8809 499.8639 499.8468 499.8298 499.8127 499.7957 499.7786 499.7616 499.7445 499.7275 499.7104 499.6934 499.6763 499.6593 499.6422 499.6252
500.4423 500.4363 500.4302 500.4234 500.416 500.4091 500.4022 500.3953 500.3883 500.3795 500.3725 500.3654 500.3584 500.3513 500.3443 500.3372 500.3284 500.3203 500.3123 500.3042 500.2962 500.2877 500.2798 500.2719 500.2636 500.2487 500.2316 500.2146 500.1975 500.1805 500.1635 500.1464 500.1294 500.1123 500.0953 500.0782 500.0612 500.0441 500.0271 500.01 499.993 499.976 499.9589 499.9418 499.9248 499.9077 499.8907 499.8737 499.8566 499.8396 499.8225 499.8055 499.7884 499.7714 499.7543 499.7373 499.7202 499.7032 499.6862 499.6691 499.6521 499.635 499.618
500.4377 500.4317 500.4254 500.4185 500.4112 500.4043 500.3974 500.3904 500.3831 500.3748 500.3677 500.3607 500.3536 500.3466 500.3395 500.3325 500.3234 500.3154 500.3073 500.2993 500.2908 500.2828 500.275 500.2671 500.2583 500.2415 500.2244 500.2073 500.1903 500.1732 500.1562 500.1392 500.1221 500.1051 500.088 500.071 500.0539 500.0369 500.0198 500.0028 499.9857 499.9687 499.9517 499.9346 499.9176 499.9005 499.8835 499.8664 499.8494 499.8323 499.8153 499.7982 499.7812 499.7642 499.7471 499.7301 499.713 499.696 499.6789 499.6619 499.6448 499.6278 499.6107
500.4331 500.4271 500.4205 500.4133 500.4064 500.3994 500.3925 500.3856 500.3774 500.37 500.363 500.356 500.3489 500.3419 500.3348 500.3274 500.3185 500.3105 500.3024 500.2944 500.2859 500.278 500.2701 500.2622 500.2513 500.2342 500.2172 500.2001 500.1831 500.166 500.149 500.1319 500.1149 500.0978 500.0808 500.0638 500.0467 500.0297 500.0126 499.9956 499.9785 499.9615 499.9444 499.9274 499.9103 499.8933 499.8763 499.8592 499.8421 499.8251 499.808 499.791 499.774 499.7569 499.7399 499.7228 499.7058 499.6887 499.6717 499.6546 499.6376 499.6205 499.6035
500.4285 500.4225 500.4157 500.4085 500.4016 500.3946 500.3877 500.3808 500.3723 500.3653 500.3583 500.3512 500.3442 500.3371 500.3301 500.3219 500.3136 500.3055 500.2975 500.2895 500.281 500.2731 500.2653 500.2574 500.244 500.227 500.2099 500.1929 500.1758 500.1588 500.1418 500.1247 500.1076 500.0906 500.0735 500.0565 500.0395 500.0224 500.0054 499.9883 499.9713 499.9542 499.9372 499.9201 499.9031 499.886 499.869 499.852 499.8349 499.8179 499.8008 499.7838 499.7667 499.7497 499.7326 499.7156 499.6985 499.6815 499.6645 499.6474 499.6304 499.6133 499.5963
500.424 500.4177 500.4109 500.4037 500.3967 500.3898 500.3829 500.3759 500.3676 500.3606 500.3535 500.3465 500.3394 500.3324 500.3254 500.3167 500.3087 500.3006 500.2926 500.2845 500.2762 500.2683 500.2604 500.2522 500.2368 500.2197 500.2027 500.1856 500.1686 500.1516 500.1345 500.1175 500.1004 500.0834 500.0663 500.0493 500.0322 500.0152 499.9981 499.9811 499.9641 499.947 499.93 499.9129 499.8959 499.8788 499.8618 499.8447 499.8277 499.8106 499.7936 499.7766 499.7595 499.7424 499.7254 499.7083 499.6913 499.6743 499.6572 499.6402 499.6231 499.6061 499.589
500.4193 500.4128 500.4058 500.3988 500.3919 500.385 500.3781 500.3704 500.3629 500.3559 500.3488 500.3418 500.3347 500.3277 500.3206 500.3118 500.3037 500.2957 500.2877 500.2792 500.2713 500.2635 500.2556 500.2466 500.2296 500.2125 500.1955 500.1784 500.1614 500.1443 500.1273 500.1102 500.0932 500.0761 500.0591 500.0421 500.025 500.0079 499.9909 499.9738 499.9568 499.9398 499.9227 499.9057 499.8886 499.8716 499.8545 499.8375 499.8204 499.8034 499.7863 499.7693 499.7523 499.7352 499.7182 499.7011 499.6841 499.667 499.65 499.6329 499.6159 499.5988 499.5818
500.4148 500.408 500.4009 500.394 500.3871 500.3801 500.3732 500.3652 500.3582 500.3511 500.3441 500.337 500.33 500.3229 500.3154 500.3069 500.2988 500.2908 500.2827 500.2744 500.2665 500.2586 500.2507 500.2393 500.2223 500.2053 500.1882 500.1712 500.1541 500.1371 500.12 500.103 500.0859 500.0689 500.0518 500.0348 500.0178 500.0007 499.9837 499.9666 499.9496 499.9325 499.9155 499.8984 499.8814 499.8643 499.8473 499.8303 499.8132 499.7962 499.7791 499.7621 499.745 499.728 499.7109 499.6939 499.6768 499.6598 499.6428 499.6257 499.6086 499.5916 499.5746
500.41 500.4032 500.3961 500.3892 500.3822 500.3753 500.3684 500.3605 500.3534 500.3464 500.3394 500.3323 500.3253 500.3182 500.31 500.302 500.2939 500.2859 500.2778 500.2695 500.2617 500.2538 500.2459 500.2321 500.2151 500.198 500.181 500.1639 500.1469 500.1299 500.1128 500.0958 500.0787 500.0617 500.0446 500.0276 500.0105 499.9935 499.9764 499.9594 499.9424 499.9253 499.9082 499.8912 499.8741 499.8571 499.8401 499.823 499.806 499.7889 499.7719 499.7548 499.7378 499.7207 499.7037 499.6866 499.6696 499.6526 499.6355 499.6185 499.6014 499.5844 499.5673
500.4051 500.3982 500.3913 500.3843 500.3774 500.3705 500.3634 500.3557 500.3487 500.3417 500.3346 500.3276 500.3205 500.3135 500.3051 500.2971 500.289 500.2809 500.2728 500.2647 500.2568 500.2489 500.2408 500.2249 500.2079 500.1908 500.1737 500.1567 500.1396 500.1226 500.1056 500.0885 500.0715 500.0544 500.0374 500.0203 500.0033 499.9862 499.9692 499.9521 499.9351 499.9181 499.901 499.884 499.8669 499.8499 499.8328 499.8158 499.7987 499.7817 499.7646 499.7476 499.7306 499.7135 499.6965 499.6794 499.6624 499.6453 499.6283 499.6112 499.5942 499.5771 499.5601
500.4003 500.3934 500.3864 500.3795 500.3726 500.3657 500.3581 500.351 500.344 500.3369 500.3299 500.3228 500.3158 500.3087 500.3002 500.2921 500.2841 500.276 500.2677 500.2598 500.252 500.2441 500.2347 500.2177 500.2006 500.1836 500.1665 500.1495 500.1324 500.1154 500.0983 500.0813 500.0642 500.0472 500.0302 500.0131 499.9961 499.979 499.962 499.9449 499.9279 499.9108 499.8938 499.8767 499.8597 499.8427 499.8256 499.8086 499.7915 499.7744 499.7574 499.7404 499.7233 499.7063 499.6892 499.6722 499.6551 499.6381 499.621 499.604 499.5869 499.5699 499.5529
500.3954 500.3885 500.3816 500.3747 500.3677 500.3608 500.3533 500.3463 500.3393 500.3322 500.3252 500.3181 500.3111 500.3035 500.2953 500.2872 500.2792 500.2711 500.2628 500.255 500.2471 500.2393 500.2275 500.2104 500.1934 500.1763 500.1593 500.1422 500.1252 500.1082 500.0911 500.074 500.057 500.0399 500.0229 500.0059 499.9888 499.9718 499.9547 499.9377 499.9206 499.9036 499.8865 499.8695 499.8524 499.8354 499.8184 499.8013 499.7843 499.7672 499.7502 499.7331 499.7161 499.699 499.682 499.6649 499.6479 499.6309 499.6138 499.5968 499.5797 499.5627 499.5456
500.39 500.3837 500.3768 500.3698 500.3629 500.356 500.3486 500.3416 500.3345 500.3275 500.3204 500.3134 500.3063 500.2984 500.2903 500.2823 500.2743 500.2662 500.258 500.2502 500.2423 500.2344 500.2202 500.2032 500.1861 500.1691 500.152 500.135 500.118 500.1009 500.0839 500.0668 500.0498 500.0327 500.0157 499.9986 499.9816 499.9645 499.9475 499.9305 499.9134 499.8964 499.8793 499.8623 499.8452 499.8282 499.8111 499.7941 499.777 499.76 499.743 499.7259 499.7089 499.6918 499.6747 499.6577 499.6407 499.6236 499.6066 499.5895 499.5725 499.5554 499.5384
500.3166 500.3695 500.3719 500.365 500.3581 500.3509 500.3439 500.3368 500.3298 500.3228 500.3157 500.3087 500.3016 500.2935 500.2854 500.2774 500.2693 500.2611 500.2532 500.2453 500.2374 500.2293 500.213 500.196 500.1789 500.1619 500.1448 500.1278 500.1107 500.0937 500.0766 500.0596 500.0425 500.0255 500.0085 499.9914 499.9743 499.9573 499.9402 499.9232 499.9062 499.8891 499.8721 499.855 499.838 499.8209 499.8039 499.7868 499.7698 499.7527 499.7357 499.7187 499.7016 499.6846 499.6675 499.6505 499.6334 499.6164 499.5993 499.5823 499.5652 499.5482 499.5312
500.2325 500.2826 500.3306 500.361 500.3533 500.3462 500.3391 500.3321 500.3251 500.318 500.311 500.3039 500.2969 500.2885 500.2805 500.2725 500.2644 500.2562 500.2483 500.2405 500.2326 500.2228 500.2057 500.1887 500.1717 500.1546 500.1376 500.1205 500.1035 500.0864 500.0694 500.0523 500.0353 500.0182 500.0012 499.9842 499.9671 499.9501 499.933 499.916 499.8989 499.8819 499.8648 499.8478 499.8307 499.8137 499.7967 499.7796 499.7626 499.7455 499.7285 499.7114 499.6944 499.6773 499.6603 499.6432 499.6262 499.6092 499.5921 499.575 499.558 499.541 499.5239
500.1479 500.1958 500.2382 500.2808 500.3244 500.3415 500.3344 500.3274 500.3203 500.3133 500.3062 500.2992 500.2917 500.2836 500.2756 500.2675 500.2595 500.2514 500.2435 500.2356 500.2278 500.2156 500.1985 500.1815 500.1644 500.1474 500.1303 500.1133 500.0963 500.0792 500.0622 500.0451 500.0281 500.011 499.994 499.9769 499.9599 499.9428 499.9258 499.9088 499.8917 499.8747 499.8576 499.8405 499.8235 499.8065 499.7894 499.7724 499.7553 499.7383 499.7212 499.7042 499.6871 499.6701 499.653 499.636 499.619 499.6019 499.5849 499.5678 499.5508 499.5337 499.5167
500.061 500.1051 500.1487 500.1913 500.239 500.2856 500.3298 500.3226 500.3156 500.3086 500.3015 500.2945 500.2867 500.2787 500.2707 500.2626 500.2546 500.2465 500.2386 500.2308 500.2229 500.2083 500.1913 500.1743 500.1572 500.1401 500.1231 500.106 500.089 500.072 500.0549 500.0379 500.0208 500.0038 499.9867 499.9697 499.9526 499.9356 499.9185 499.9015 499.8845 499.8674 499.8504 499.8333 499.8163 499.7992 499.7822 499.7651 499.7481 499.731 499.714 499.697 499.6799 499.6629 499.6458 499.6288 499.6117 499.5947 499.5776 499.5606 499.5435 499.5265 499.5095
499.9738 500.0165 500.0591 500.1055 500.1534 500.1992 500.2505 500.2957 500.3112 500.3038 500.2968 500.2897 500.2818 500.2738 500.2657 500.2577 500.2495 500.2417 500.2338 500.226 500.2179 500.2011 500.1841 500.167 500.15 500.1329 500.1159 500.0988 500.0818 500.0647 500.0477 500.0306 500.0136 499.9966 499.9795 499.9625 499.9454 499.9284 499.9113 499.8943 499.8772 499.8602 499.8431 499.8261 499.8091 499.792 499.775 499.7579 499.7408 499.7238 499.7068 499.6897 499.6727 499.6556 499.6386 499.6215 499.6045 499.5874 499.5704 499.5533 499.5363 499.5193 499.5022
499.8844 499.927 499.9724 500.0209 500.0663 500.1176 500.1672 500.2091 500.2511 500.2931 500.2921 500.285 500.2769 500.2689 500.2608 500.2528 500.2447 500.2368 500.229 500.2211 500.2109 500.1939 500.1768 500.1598 500.1427 500.1257 500.1086 500.0916 500.0746 500.0575 500.0405 500.0234 500.0063 499.9893 499.9723 499.9552 499.9382 499.9211 499.9041 499.887 499.87 499.8529 499.8359 499.8188 499.8018 499.7848 499.7677 499.7507 499.7336 499.7166 499.6995 499.6825 499.6654 499.6484 499.6313 499.6143 499.5973 499.5802 499.5632 499.5461 499.5291 499.512 499.495
499.7949 499.8393 499.8883 499.9338 499.9846 500.0386 500.0806 500.1225 500.1645 500.2082 500.2476 500.2797 500.272 500.2639 500.2559 500.2479 500.2399 500.232 500.2241 500.2162 500.2037 500.1866 500.1696 500.1525 500.1355 500.1184 500.1014 500.0844 500.0673 500.0503 500.0332 500.0162 499.9991 499.9821 499.965 499.948 499.9309 499.9139 499.8969 499.8798 499.8628 499.8457 499.8287 499.8116 499.7946 499.7775 499.7605 499.7434 499.7264 499.7094 499.6923 499.6753 499.6582 499.6411 499.6241 499.6071 499.59 499.573 499.5559 499.5389 499.5218 499.5048 499.4877
499.7063 499.7558 499.8015 499.8517 499.91 499.952 499.994 500.0359 500.0804 500.1218 500.1612 500.2053 500.2477 500.259 500.251 500.243 500.235 500.2272 500.2193 500.2114 500.1964 500.1794 500.1624 500.1453 500.1283 500.1112 500.0942 500.0771 500.0601 500.043 500.026 500.0089 499.9919 499.9749 499.9578 499.9408 499.9237 499.9066 499.8896 499.8726 499.8555 499.8385 499.8214 499.8044 499.7873 499.7703 499.7532 499.7362 499.7191 499.7021 499.6851 499.668 499.651 499.6339 499.6169 499.5998 499.5828 499.5657 499.5487 499.5316 499.5146 499.4976 499.4805
499.6232 499.6693 499.7187 499.7812 499.8234 499.8654 499.9073 499.9518 499.996 500.0354 500.0818 500.1242 500.164 500.1992 500.2359 500.2381 500.2302 500.2223 500.2144 500.2062 500.1892 500.1721 500.1551 500.1381 500.121 500.104 500.0869 500.0699 500.0528 500.0358 500.0187 500.0017 499.9846 499.9676 499.9506 499.9335 499.9165 499.8994 499.8824 499.8653 499.8483 499.8312 499.8142 499.7971 499.7801 499.7631 499.746 499.729 499.7119 499.6949 499.6778 499.6608 499.6437 499.6267 499.6096 499.5926 499.5756 499.5585 499.5414 499.5244 499.5074 499.4903 499.4733
499.5371 499.5858 499.6473 499.6949 499.7368 499.7788 499.8232 499.8702 499.9096 499.9582 500.0006 500.0461 500.0808 500.1175 500.1587 500.1932 500.225 500.2175 500.2096 500.199 500.182 500.1649 500.1479 500.1308 500.1138 500.0967 500.0797 500.0627 500.0456 500.0286 500.0115 499.9945 499.9774 499.9604 499.9433 499.9263 499.9092 499.8922 499.8752 499.8581 499.8411 499.824 499.8069 499.7899 499.7729 499.7558 499.7388 499.7217 499.7047 499.6876 499.6706 499.6535 499.6365 499.6194 499.6024 499.5854 499.5683 499.5513 499.5342 499.5172 499.5001 499.4831 499.466
499.4528 499.5134 499.5663 499.6082 499.6502 499.6947 499.7444 499.7838 499.8347 499.8771 499.9281 499.9624 499.9991 500.0464 500.081 500.1166 500.1486 500.181 500.2032 500.1918 500.1747 500.1577 500.1407 500.1236 500.1066 500.0895 500.0724 500.0554 500.0383 500.0212 500.0042 499.9871 499.97 499.953 499.9359 499.9189 499.9018 499.8847 499.8676 499.8506 499.8335 499.8165 499.7994 499.7823 499.7653 499.7482 499.7311 499.7141 499.697 499.6799 499.6629 499.6458 499.6288 499.6117 499.5946 499.5775 499.5605 499.5434 499.5264 499.5093 499.4922 499.4752 499.4581
499.3795 499.4377 499.4797 499.5216 499.5661 499.6186 499.658 499.7112 499.7536 499.8101 499.844 499.8807 499.9287 499.9688 500.0087 500.0397 500.072 500.1047 500.1361 500.1675 500.1819 500.1656 500.1485 500.1314 500.1144 500.0973 500.0803 500.0632 500.0461 500.0291 500.012 499.9949 499.9779 499.9608 499.9437 499.9267 499.9096 499.8925 499.8755 499.8584 499.8413 499.8243 499.8072 499.7901 499.7731 499.756 499.739 499.7219 499.7048 499.6877 499.6707 499.6536 499.6366 499.6195 499.6024 499.5854 499.5683 499.5512 499.5342 499.5171 499.5 499.483 499.4659
