samples/sfe_95/sfe_95_c2/sfe_95_c2/sfe_95_c2.asc
ncols         647
nrows         184
xllcorner     100
yllcorner     8
cellsize      1
NODATA_value  -9999
[rows 58 to 86 of 184, columns 576 to 639 of 647]
607.7897 607.7838 607.7775 607.7711 607.7667 607.762 607.7572 607.7525 607.7477 607.7416 607.7345 607.7335 607.733 607.6506 607.5766 607.4982 607.4197 607.3412 607.2631 607.1849 607.1131 607.1113 607.1041 607.0258 606.9477 606.8696 606.7914 606.7136 606.6357 606.6149 606.556 606.4779 606.3998 606.3666 606.3204 606.2426 606.1644 606.1184 606.0847 606.0065 605.9283 605.8695 605.8492 605.7711 605.6929 605.6265 605.6889 605.6968 605.6517 605.5616 604.2139 603.4061 602.5984 602.3311 602.0638 601.551 601.4135 601.5389 601.6808 602.0083 606.3191 606.5123 606.9302 607.7285
607.7736 607.7678 607.7615 607.7552 607.75 607.7452 607.7405 607.739 607.7375 607.7365 607.6544 607.5721 607.4897 607.4073 607.3463 607.2678 607.1894 607.1109 607.0326 606.9544 606.8762 606.8681 606.8673 606.7955 606.7173 606.6392 606.561 606.483 606.4052 606.3716 606.3256 606.2475 606.1694 606.1234 606.0898 606.012 605.934 605.8751 605.8542 605.7761 605.6979 605.6262 605.6188 605.5406 605.4624 605.3842 605.4321 605.4314 605.3864 605.2962 605.2061 603.2123 602.4646 602.1973 601.93 601.3914 601.2921 601.4204 601.5623 601.8898 606.274 606.4667 606.8524 607.6508
607.7574 607.7518 607.7455 607.7445 607.743 607.6606 607.6189 607.6174 607.5753 607.4932 607.4111 607.3289 607.2465 607.1641 607.1158 607.0375 606.959 606.8806 606.8021 606.7239 606.6458 606.6249 606.624 606.5652 606.4869 606.4088 606.3306 606.2525 606.1746 606.1284 606.0952 606.0171 605.939 605.8801 605.8593 605.7815 605.7036 605.6319 605.6238 605.5456 605.4674 605.3892 605.3818 605.3101 605.2319 605.1537 605.1667 605.1661 605.121 605.0309 604.9407 603.0184 602.3308 602.0635 601.7963 601.2318 601.1706 601.3019 601.4437 601.7712 606.2289 606.4211 606.7746 607.5729
607.748 607.747 607.6646 607.5822 607.4998 607.4174 607.3756 607.3741 607.3319 607.2498 607.1677 607.0856 607.0032 606.9208 606.8788 606.8071 606.7287 606.6503 606.5718 606.4935 606.4153 606.3816 606.3807 606.3349 606.2565 606.1784 606.1002 606.0221 605.9441 605.8853 605.8649 605.7867 605.7086 605.6368 605.6288 605.551 605.4731 605.3951 605.387 605.3151 605.2369 605.1588 605.1385 605.0797 605.0015 604.9233 604.9012 604.9007 604.8557 604.7655 604.764 602.8246 602.197 601.9297 601.6625 601.0721 601.0492 601.1833 601.3251 601.6526 606.1838 606.3754 606.6968 607.4952
607.5862 607.5038 607.4213 607.3389 607.2565 607.1741 607.1324 607.1309 607.0886 607.0065 606.9244 606.8423 606.76 606.6776 606.6355 606.5767 606.4984 606.4199 606.3414 606.263 606.1848 606.1384 606.1374 606.1047 606.0262 605.948 605.8699 605.7917 605.7136 605.6421 605.6345 605.5563 605.4781 605.4 605.3919 605.3204 605.2426 605.1647 605.1438 605.0847 605.0065 604.9283 604.8951 604.8492 604.771 604.7705 604.482 604.4775 604.4771 604.325 604.3235 603.447 602.0632 601.796 601.5287 600.9125 600.9277 601.0648 601.2066 601.5341 606.1387 606.3298 606.619 607.4174
607.343 607.2605 607.1781 607.0956 607.0132 606.9308 606.8892 606.8876 606.8454 606.7632 606.681 606.5989 606.5167 606.4343 606.3922 606.3462 606.268 606.1896 606.1111 606.0327 605.9543 605.8953 605.8941 605.8744 605.796 605.7176 605.6395 605.5613 605.4832 605.4052 605.3976 605.3259 605.2478 605.1696 605.1487 605.0899 605.012 604.9342 604.9006 604.8542 604.776 604.7755 604.49 604.489 604.3409 604.197 603.9065 603.899 603.595 603.4435 603.4425 603.006 601.9295 601.6622 601.382 600.7529 600.8063 600.9462 601.088 601.4156 606.0936 606.2842 606.5412 607.3395
607.0849 607.0173 606.9349 606.8524 606.77 606.6876 606.6459 606.6443 606.6022 606.5198 606.4377 606.3556 606.2735 606.1911 606.1489 606.1157 606.0375 605.9592 605.8807 605.8023 605.7239 605.6521 605.6509 605.6442 605.5657 605.4873 605.4091 605.3309 605.2528 605.1747 605.1544 605.0955 605.0174 604.9393 604.9056 604.8594 604.7816 604.781 604.5 604.4985 604.4965 604.2085 603.9195 603.9185 603.7735 603.335 603.3295 603.322 603.0145 602.858 602.857 602.4205 601.7957 601.5284 601.2224 600.6171 600.6858 600.8276 600.9695 601.297 606.0485 606.2385 606.4634 607.2618
606.8195 606.774 606.6916 606.6092 606.5267 606.4443 606.4026 606.4011 606.3589 606.2765 606.1944 606.1123 606.0302 605.9478 605.9056 605.8853 605.8071 605.7289 605.6504 605.572 605.4935 605.4152 605.4077 605.4073 605.3354 605.257 605.1786 605.1005 605.0224 604.9443 604.9111 604.8651 604.787 604.786 604.511 604.508 604.365 604.2255 603.943 603.9375 603.6445 603.499 603.351 603.351 603.348 602.9075 602.9034 602.8915 602.879 602.7185 602.5675 602.4205 601.7395 601.3947 601.0627 600.4957 600.5673 600.7091 600.851 601.1785 606.0034 606.1929 606.391 607.184
606.554 606.5308 606.4484 606.3659 606.2835 606.2011 606.1594 606.1578 606.1157 606.0333 605.951 605.869 605.7869 605.7046 605.6624 605.6548 605.5766 605.4984 605.4201 605.3416 605.2632 605.1848 605.1644 605.164 605.1052 605.0268 604.9484 604.8701 604.792 604.791 604.522 604.52 604.38 604.106 603.966 603.9605 603.6735 603.3915 603.3865 603.3785 603.3695 603.0785 602.9335 602.928 602.9265 602.772 602.6245 602.6125 602.599 602.432 602.2775 602.276 601.7395 601.2609 600.9031 600.3743 600.4487 600.5906 600.7324 601.0599 605.9583 606.1472 606.3453 607.1061
606.2885 606.2875 606.2051 606.1227 606.0403 605.9578 605.9161 605.9146 605.8724 605.79 605.7077 605.6256 605.5435 605.4614 605.4191 605.4178 605.3461 605.2679 605.1898 605.1113 605.0328 604.9544 604.9211 604.9207 604.8749 604.7965 604.795 604.5305 604.3935 604.259 603.9885 603.9835 603.703 603.563 603.4215 603.413 603.405 602.9825 602.979 602.968 602.9575 602.807 602.664 602.6555 602.653 602.495 602.3445 602.334 602.3175 602.3 602.006 602.0015 601.7395 601.1271 600.7435 600.2528 600.3301 600.472 600.6138 600.9413 605.9131 606.1016 606.2997 607.0284
606.0453 606.022 605.9619 605.8795 605.797 605.7146 605.6729 605.6713 605.6292 605.5468 605.4644 605.3823 605.3002 605.2181 605.1759 605.1745 605.1157 605.0375 604.9593 604.8809 604.8025 604.8015 604.543 604.5425 604.54 604.4055 604.2715 604.007 603.8665 603.46 603.4565 603.449 603.165 603.1605 603.022 603.014 603.0035 602.86 602.7155 602.708 602.695 602.543 602.392 602.3875 602.376 602.2215 602.213 602.0715 602.0535 602.0345 601.821 601.749 601.48 601.004 600.5839 600.1313 600.2116 600.3535 600.4953 600.8228 605.868 606.056 606.254 606.9506
605.802 605.7566 605.7186 605.6362 605.5538 605.4714 605.4296 605.4281 605.3859 605.3035 605.2211 605.1389 605.0568 604.9747 604.9326 604.9312 604.8852 604.807 604.8055 604.552 604.551 604.2915 604.033 604.028 603.7575 603.6235 603.4895 603.4815 603.4725 603.1995 603.067 603.0575 603.046 602.908 602.7685 602.76 602.7469 602.6 602.454 602.4455 602.431 602.275 602.2665 602.1285 602.119 602.041 601.9 601.8235 601.8045 601.7155 601.568 601.4895 601.3505 601.004 600.4243 600.0099 600.0931 600.2349 600.3767 600.7042 605.8229 606.0103 606.2084 606.8728
605.5588 605.4911 605.4753 605.3929 605.3105 605.2281 605.1864 605.1849 605.1426 605.0602 604.9778 604.8956 604.8135 604.8125 604.5645 604.562 604.561 604.432 604.3025 604.048 603.915 603.6525 603.52 603.514 603.5055 603.112 603.109 603.0995 603.0885 602.952 602.8215 602.812 602.7985 602.653 602.515 602.507 602.492 602.477 602.3325 602.198 602.181 602.0995 601.9625 601.8885 601.871 601.7275 601.5875 601.5765 601.555 601.397 601.264 601.252 601.236 600.8895 600.2646 599.8885 599.9745 600.1163 600.2582 600.5857 605.7778 605.9647 606.1628 606.795
605.3155 605.2331 605.2247 605.1497 605.0673 604.9849 604.9431 604.9416 604.8994 604.817 604.816 604.572 604.571 604.322 604.073 604.068 603.938 603.6815 603.676 603.544 603.279 603.153 603.1495 603.141 603.1305 602.9975 602.8705 602.862 602.849 602.7075 602.575 602.5665 602.551 602.537 602.397 602.266 602.2495 602.1695 602.0365 601.964 601.945 601.797 601.659 601.6485 601.627 601.6145 601.475 601.344 601.3215 601.299 601.165 601.0315 601.0105 600.775 600.105 599.767 599.856 599.9978 600.1396 600.4672 605.6962 605.919 606.1171 606.7172
605.0723 604.9899 604.9592 604.9064 604.824 604.8225 604.586 604.5825 604.458 604.457 604.3335 604.0895 603.8345 603.5855 603.5825 603.5754 603.567 603.3105 603.1885 603.1815 603.171 603.045 602.917 602.9091 602.8985 602.764 602.6305 602.623 602.61 602.4665 602.459 602.3315 602.316 602.3 602.169 602.038 602.02 601.9385 601.803 601.7305 601.71 601.56 601.433 601.4225 601.3995 601.3835 601.2585 601.1275 601.104 600.957 600.823 600.811 600.789 600.775 600.105 599.6456 599.7374 599.8792 600.0211 600.3486 605.5051 605.8734 606.0715 606.6394
604.829 604.8275 604.5955 604.594 604.5905 604.3515 604.115 604.1115 603.8595 603.736 603.7315 603.6055 603.597 603.2305 603.2264 603.219 603.21 603.085 602.9645 602.9565 602.9456 602.812 602.686 602.6785 602.6655 602.652 602.52 602.3955 602.38 602.365 602.237 602.109 602.0909 602.013 601.881 601.809 601.789 601.644 601.5195 601.5085 601.4865 601.4659 601.338 601.209 601.186 601.0475 600.9821 600.91 600.8855 600.86 600.6135 600.6005 600.575 600.511 600.105 599.5242 599.6188 599.7607 599.9025 600.23 605.314 605.8278 606.0259 606.5616
604.6 604.3655 604.134 604.1305 604.126 603.883 603.6445 603.6355 603.626 603.269 603.2665 603.2575 603.248 603.1265 603.0105 603.002 602.991 602.8625 602.742 602.733 602.72 602.7065 602.4655 602.4575 602.4425 602.3695 602.304 602.1785 602.161 602.0245 601.9565 601.886 601.867 601.8475 601.5995 601.5925 601.5715 601.4925 601.425 601.2995 601.2765 601.1365 601.0665 600.9965 600.972 600.9475 600.715 600.7025 600.621 600.602 600.5265 600.401 600.274 600.2105 599.9555 599.4027 599.5003 599.6422 599.784 600.1115 605.1229 605.7821 605.9802 606.4838
604.1455 603.9085 603.672 603.6689 603.662 603.417 603.413 603.2975 603.286 603.1705 603.0545 603.048 603.0365 602.914 602.792 602.786 602.7729 602.643 602.636 602.519 602.504 602.489 602.3115 602.247 602.2305 602.1555 601.9715 601.962 601.943 601.805 601.795 601.671 601.6545 601.634 601.5074 601.38 601.366 601.286 601.1015 601.0905 601.067 600.926 600.914 600.7925 600.7675 600.743 600.5706 600.505 600.423 600.291 600.2285 600.202 600.0745 600.0615 599.7205 599.342 599.3817 599.5236 599.6654 599.9929 604.9318 605.7365 605.9346 606.406
603.6885 603.449 603.3415 603.3365 603.3275 603.3195 603.207 603.093 603.0804 602.9585 602.845 602.8365 602.825 602.8115 602.584 602.5765 602.563 602.4925 602.4305 602.3125 602.2965 602.1655 602.101 602.0355 602.0165 601.9985 601.761 601.751 601.734 601.7145 601.5865 601.4666 601.452 601.4305 601.2995 601.175 601.1595 601.136 601.009 600.889 600.865 600.786 600.6645 600.597 600.572 600.4395 600.32 600.307 600.281 600.1555 600.048 600.022 599.9955 599.896 599.7205 599.342 599.2632 599.405 599.5469 599.8744 604.7407 605.6909 605.8889 606.3282
603.3635 603.3545 603.2455 603.137 603.126 603.062 602.9475 602.887 602.8745 602.8615 602.6415 602.6345 602.6205 602.5515 602.4375 602.3755 602.3605 602.2335 602.1155 602.106 602.089 602.071 601.9485 601.829 601.8125 601.794 601.673 601.5505 601.5365 601.516 601.383 601.2615 601.2495 601.2275 601.0915 600.973 600.961 600.937 600.7625 600.6965 600.6715 600.592 600.4146 600.402 600.377 600.351 600.2305 600.127 600.101 599.9895 599.8825 599.8605 599.8345 599.731 599.636 599.342 599.1447 599.2865 599.4283 599.7559 604.5496 605.6452 605.8433 606.2504
603.167 603.105 602.9945 602.936 602.924 602.804 602.6965 602.6895 602.6765 602.609 602.5505 602.4385 602.424 602.3 602.238 602.175 602.1584 602.141 601.915 601.909 601.89 601.8705 601.7485 601.6325 601.6185 601.5985 601.469 601.3495 601.338 601.3165 601.294 601.172 601.0545 600.9771 600.954 600.8885 600.769 600.636 600.5155 600.503 600.478 600.4525 600.33 600.2235 600.1985 600.1255 600.021 599.964 599.939 599.8235 599.717 599.6995 599.673 599.565 599.4821 599.342 599.0261 599.1679 599.3098 599.6373 604.3585 605.5995 605.7977 606.1726
602.972 602.9595 602.849 602.744 602.7305 602.6655 602.558 602.5 602.4845 602.417 602.252 602.244 602.2265 602.1025 602.0935 601.9795 601.964 601.9465 601.83 601.713 601.7 601.6805 601.5565 601.439 601.425 601.4041 601.2729 601.158 601.1465 601.1235 601.0475 600.983 600.8655 600.788 600.6685 600.603 600.578 600.4445 600.3385 600.326 600.3005 600.275 600.169 600.0625 600.037 599.964 599.8575 599.8005 599.7775 599.7515 599.645 599.552 599.526 599.462 599.379 599.2035 598.9695 599.0494 599.1912 599.5187 604.1674 605.5539 605.752 606.0948
602.783 602.72 602.6645 602.5585 602.5435 602.4265 602.3685 602.309 602.293 602.2765 602.061 602.0555 602.037 602.0195 601.902 601.794 601.778 601.7585 601.6345 601.5235 601.5095 601.4885 601.4675 601.2475 601.236 601.1615 601.145 601.076 600.96 600.83 600.7655 600.748 600.676 600.652 600.4395 600.427 600.402 600.33 600.2705 600.165 600.1395 600.02 599.9605 599.9015 599.8755 599.8495 599.6625 599.6515 599.6295 599.5645 599.5115 599.419 599.3945 599.292 599.2405 599.2035 598.9695 598.9308 599.0726 599.4002 603.9763 605.5083 605.7064 606.017
602.6025 602.4875 602.4305 602.374 602.3575 602.3415 602.1315 602.123 602.108 602.0905 601.976 601.868 601.8555 601.836 601.7185 601.606 601.5915 601.571 601.4465 601.3355 601.3245 601.2505 601.229 601.1665 601.0525 600.925 600.856 600.844 600.7736 600.6436 600.535 600.5265 600.502 600.477 600.3715 600.266 600.241 600.169 600.063 600.0035 599.9785 599.859 599.7645 599.752 599.7265 599.6615 599.608 599.516 599.493 599.3905 599.3385 599.2865 599.262 599.238 599.085 599.0835 598.9695 598.8123 598.9541 599.2816 603.7852 605.4626 605.6608 605.9392
602.4205 602.405 602.1995 602.194 602.1775 602.16 602.0485 601.9455 601.93 601.9115 601.7925 601.6865 601.673 601.6535 601.633 601.421 601.41 601.3375 601.322 601.2555 601.1435 601.018 600.955 600.938 600.8685 600.8445 600.6335 600.625 600.6005 600.576 600.4625 600.3625 600.3416 600.2235 600.1646 600.105 600.08 600.0545 599.8625 599.854 599.8285 599.763 599.7095 599.6155 599.5905 599.4855 599.433 599.3805 599.3585 599.3354 599.1785 599.167 599.1435 599.089 599.0455 598.9755 598.9155 598.616 598.8356 599.1631 603.5941 605.417 605.6151 605.8615
602.2455 602.229 602.1219 602.0155 602.004 601.986 601.873 601.7625 601.753 601.7335 601.613 601.603 601.495 601.4745 601.4035 601.2985 601.2325 601.1595 601.042 600.9855 600.963 600.8365 600.8245 600.718 600.698 600.673 600.566 600.4575 600.441 600.4165 600.303 600.194 600.1815 600.0635 600.0505 599.951 599.9305 599.905 599.806 599.7075 599.691 599.6255 599.4915 599.479 599.454 599.3495 599.3375 599.2545 599.236 599.2135 599.1045 599.0605 599.038 598.9845 598.88 598.873 598.8075 598.616 598.717 599.0445 603.403 605.3719 605.5695 605.7836
602.076 602.0575 601.9435 601.8395 601.8295 601.811 601.7915 601.684 601.5815 601.508 601.4925 601.385 601.3199 601.1985 601.1325 601.121 601.0545 601.031 600.9185 600.817 600.7935 600.7695 600.663 600.556 600.5395 600.5145 600.4025 600.2946 600.282 600.257 600.2314 600.1265 600.0315 600.006 599.907 599.8125 599.792 599.7665 599.664 599.57 599.5535 599.4475 599.4355 599.3545 599.33 599.3065 599.2235 599.1455 599.127 599.073 598.9985 598.955 598.933 598.85 598.789 598.7791 598.7686 598.616 598.5984 598.926 603.2119 605.3268 605.5238 605.7219
601.9055 601.887 601.8675 601.6725 601.662 601.642 601.575 601.5195 601.417 601.29 601.2265 601.2104 601.145 601.122 600.9185 600.911 600.8875 600.8635 600.754 600.6565 600.6365 600.6125 600.497 600.394 600.3815 600.3565 600.3315 600.2275 600.1325 600.1075 600.0405 599.9455 599.892 599.8669 599.764 599.6695 599.653 599.6281 599.5215 599.4395 599.4275 599.403 599.3185 599.2385 599.2185 599.196 599.1105 599.0334 599.018 598.933 598.87 598.86 598.8145 598.7939 598.7595 598.7005 598.6895 598.5375 598.3995 598.8074 603.0208 605.2817 605.4782 605.6763
601.741 601.722 601.6565 601.601 601.5005 601.48 601.366 601.309 601.2525 601.23 601.0105 601.003 600.9805 600.9575 600.8485 600.752 600.7325 600.708 600.594 600.496 600.48 600.455 600.4305 600.327 600.2325 600.207 600.141 600.046 599.9925 599.9675 599.86 599.765 599.7525 599.728 599.621 599.537 599.525 599.5005 599.476 599.3945 599.313 599.2889 599.201 599.122 599.107 599.0845 598.9965 598.93 598.92 598.8995 598.837 598.7745 598.706 598.666 598.658 598.621 598.6115 598.4985 598.3995 598.6888 602.8297 605.2366 605.4326 605.6306
