samples/sfe_95/sfe_95_c2/sfe_95_c2/sfe_95_c2.asc
ncols         647
nrows         184
xllcorner     100
yllcorner     8
cellsize      1
NODATA_value  -9999
[rows 87 to 115 of 184, columns 448 to 511 of 647]
607.0091 606.9813 606.9803 606.9793 606.9521 606.9046 606.903 606.9019 606.9 606.899 606.898 606.8969 606.8892 606.8353 606.7814 606.7276 606.674 606.6628 606.6613 606.6603 606.6593 606.6578 606.6562 606.6505 606.5941 606.5377 606.4813 606.425 606.4235 606.4215 606.42 606.3908 606.3334 606.2702 606.1956 606.1888 606.1873 606.1859 606.1849 606.1162 606.0419 606.0406 606.0392 605.9649 605.9434 605.8846 605.8259 605.7671 605.7214 605.7199 605.7054 605.6469 605.5883 605.537 605.536 605.5342 605.5145 605.4476 605.3714 605.2952 605.2846 605.2255 605.147 605.0685
606.8004 606.7726 606.7715 606.7706 606.7433 606.6899 606.6783 606.6772 606.6753 606.6743 606.6733 606.6722 606.6704 606.6267 606.5728 606.519 606.4653 606.438 606.4365 606.4355 606.4345 606.433 606.4315 606.43 606.3737 606.3173 606.2609 606.2045 606.1987 606.1967 606.1953 606.1661 606.1086 606.0513 605.9766 605.9641 605.9626 605.9612 605.9603 605.8972 605.8229 605.7974 605.7958 605.7458 605.7144 605.6556 605.5968 605.538 605.4967 605.4952 605.4763 605.4178 605.3593 605.3008 605.2926 605.2909 605.2897 605.2229 605.1467 605.0704 605.0412 604.995 604.9165 604.9155
606.5918 606.5638 606.5629 606.5619 606.5347 606.4813 606.4535 606.4525 606.4505 606.4495 606.4485 606.4475 606.4455 606.418 606.3641 606.3104 606.2567 606.2131 606.2118 606.2107 606.2097 606.2083 606.2068 606.2053 606.1532 606.0969 606.0405 605.9841 605.9739 605.972 605.9706 605.9414 605.884 605.8265 605.7576 605.7394 605.7379 605.7366 605.7357 605.6782 605.6039 605.5541 605.5522 605.5268 605.4853 605.4265 605.3677 605.309 605.272 605.2705 605.2473 605.1888 605.1302 605.0718 605.0492 605.0476 605.0463 604.9982 604.922 604.921 604.7535 604.7515 604.7495 604.5775
606.3831 606.3552 606.3541 606.3531 606.3259 606.2725 606.229 606.2277 606.2258 606.2247 606.2237 606.2227 606.2208 606.2094 606.1555 606.1017 606.048 605.9944 605.9871 605.986 605.985 605.9836 605.9821 605.9806 605.9327 605.8764 605.8201 605.7637 605.7492 605.7472 605.7459 605.7167 605.6593 605.6019 605.5387 605.5147 605.5132 605.512 605.511 605.4593 605.3849 605.3106 605.3088 605.3077 605.2562 605.1974 605.1387 605.0799 605.0474 605.0458 605.0182 604.9597 604.93 604.9285 604.766 604.7645 604.7625 604.676 604.675 604.5905 604.423 604.419 604.4155 604.2419
606.1745 606.1465 606.1454 606.1445 606.1172 606.0638 606.0104 606.003 606.0011 605.9999 605.999 605.998 605.9961 605.9947 605.9468 605.8931 605.8394 605.7857 605.7624 605.7612 605.7602 605.7589 605.7574 605.7559 605.7123 605.6559 605.5996 605.5433 605.5244 605.5225 605.5212 605.492 605.4346 605.3771 605.3197 605.29 605.2886 605.2874 605.2864 605.2403 605.166 605.0917 605.0656 605.0643 605.0272 604.9684 604.9385 604.9365 604.7765 604.775 604.7735 604.7725 604.69 604.6065 604.444 604.44 604.4365 604.2655 604.1805 604.178 604.0905 604.085 604.081 604.0755
605.9658 605.9379 605.9367 605.9357 605.9085 605.8551 605.8016 605.7782 605.7764 605.7752 605.7742 605.7732 605.7714 605.7697 605.7382 605.6844 605.6307 605.5771 605.5376 605.5364 605.5355 605.5342 605.5327 605.5312 605.4919 605.4355 605.3792 605.3228 605.2996 605.2977 605.2966 605.2673 605.2099 605.1525 605.095 605.0654 605.0638 605.0628 605.0618 605.0213 604.947 604.9455 604.7865 604.785 604.7835 604.7815 604.7795 604.6195 604.4595 604.458 604.456 604.291 604.2085 604.126 604.1205 604.1165 604.1115 603.9395 603.879 603.8765 603.8715 603.865 603.8265 603.821
605.7572 605.7292 605.728 605.727 605.6998 605.6464 605.593 605.5535 605.5518 605.5504 605.5494 605.5485 605.5468 605.5448 605.5296 605.4758 605.4221 605.3685 605.3148 605.3116 605.3107 605.3096 605.308 605.3065 605.2715 605.2151 605.1588 605.1024 605.0749 605.0729 605.0718 605.0426 604.9852 604.9554 604.9545 604.7975 604.796 604.794 604.793 604.7125 604.711 604.6305 604.4715 604.47 604.468 604.4655 604.3035 604.223 604.1425 604.14 604.138 603.973 603.9165 603.9146 603.909 603.9025 603.8965 603.8905 603.83 603.7695 603.764 603.7565 603.718 603.6505
605.5486 605.5206 605.5193 605.5183 605.4911 605.4376 605.3842 605.3308 605.327 605.3256 605.3246 605.3237 605.322 605.32 605.3189 605.2672 605.2135 605.1598 605.1061 605.0869 605.0859 605.0848 605.0833 605.0818 605.051 604.9947 604.966 604.9645 604.8085 604.8065 604.8055 604.8035 604.802 604.801 604.643 604.486 604.484 604.4821 604.4805 604.3995 604.2405 604.16 604.157 604.1545 604.1525 604.1495 603.988 603.934 603.933 603.9305 603.928 603.9255 603.869 603.8115 603.807 603.8005 603.7935 603.7865 603.721 603.6605 603.657 603.649 603.6405 603.573
605.3379 605.312 605.3105 605.3096 605.2823 605.2289 605.1755 605.1221 605.1024 605.1009 605.0999 605.0989 605.0974 605.0953 605.094 605.0585 605.0048 604.977 604.976 604.8225 604.8215 604.82 604.8185 604.817 604.815 604.7365 604.735 604.58 604.501 604.498 604.4965 604.4945 604.4925 604.3345 604.1765 604.174 604.172 604.1696 604.1675 604.165 603.954 603.9515 603.948 603.9455 603.9435 603.9145 603.912 603.8845 603.831 603.828 603.8255 603.8235 603.766 603.7095 603.7055 603.6975 603.6895 603.682 603.6735 603.553 603.548 603.5396 603.53 603.4595
605.113 605.1033 605.1019 605.1008 605.0736 605.0202 604.993 604.9915 604.841 604.839 604.8375 604.836 604.835 604.8325 604.8305 604.8295 604.7515 604.75 604.6725 604.519 604.517 604.515 604.5135 604.511 604.509 604.3521 604.274 604.272 604.193 604.1905 604.188 604.1855 604.183 604.181 603.97 603.968 603.965 603.963 603.96 603.932 603.9045 603.8495 603.846 603.8435 603.841 603.786 603.7585 603.757 603.7285 603.726 603.7235 603.7205 603.7185 603.6075 603.603 603.594 603.585 603.547 603.5405 603.5035 603.439 603.429 603.4189 603.347
604.8525 604.8515 604.8495 604.848 604.772 604.771 604.769 604.693 604.5425 604.5405 604.5385 604.536 604.534 604.532 604.5295 604.5275 604.3735 604.2955 604.293 604.215 604.2125 604.2105 604.208 604.206 604.203 604.2 603.9915 603.9905 603.9875 603.9855 603.9825 603.9805 603.9515 603.949 603.921 603.866 603.864 603.861 603.859 603.804 603.777 603.748 603.7435 603.7415 603.7385 603.7365 603.63 603.629 603.6265 603.624 603.6215 603.592 603.59 603.5595 603.499 603.4895 603.4795 603.4105 603.3765 603.368 603.33 603.3185 603.308 603.2965
604.5585 604.556 604.554 604.552 604.4755 604.324 604.323 604.2465 604.244 604.2415 604.2395 604.2365 604.234 604.231 604.229 604.2265 604.0715 604.0695 604.0145 604.0125 604.0095 604.0075 604.0045 604.002 603.999 603.9695 603.916 603.888 603.8855 603.883 603.88 603.878 603.849 603.7945 603.7675 603.7645 603.7625 603.7595 603.7575 603.7025 603.7015 603.6455 603.6415 603.6395 603.6365 603.634 603.5545 603.527 603.5245 603.522 603.5195 603.49 603.435 603.4055 603.3955 603.385 603.3745 603.3045 603.299 603.2355 603.2235 603.2115 603.1995 603.1875
604.2635 604.2605 604.2581 604.2555 604.2535 604.1025 604.049 604.0465 604.0435 604.041 604.0385 604.035 604.032 604.03 604.0275 603.9985 603.996 603.9415 603.913 603.911 603.9085 603.9055 603.902 603.899 603.8435 603.815 603.814 603.786 603.783 603.7805 603.778 603.7755 603.7205 603.6665 603.665 603.6625 603.66 603.6575 603.655 603.626 603.572 603.544 603.5405 603.5375 603.535 603.48 603.4265 603.4255 603.423 603.4205 603.4175 603.3615 603.307 603.3025 603.2935 603.282 603.2705 603.2595 603.167 603.1315 603.1185 603.106 603.0935 603.0195
604.0656 604.062 604.0595 604.031 604.028 604 603.946 603.9435 603.9415 603.9385 603.936 603.933 603.9295 603.927 603.9245 603.87 603.8425 603.8145 603.812 603.809 603.807 603.8045 603.8005 603.797 603.7945 603.74 603.686 603.6835 603.681 603.678 603.6755 603.647 603.6445 603.617 603.5625 603.56 603.5575 603.555 603.5525 603.4976 603.4435 603.442 603.4385 603.4355 603.433 603.4305 603.3245 603.323 603.3205 603.318 603.315 603.311 603.2565 603.2025 603.1935 603.182 603.1695 603.0985 603.035 603.0284 603.014 603.0005 602.987 602.973
603.964 603.96 603.931 603.8765 603.875 603.872 603.844 603.8415 603.8385 603.8365 603.834 603.831 603.8275 603.825 603.8225 603.8195 603.7135 603.712 603.7095 603.7075 603.7045 603.702 603.6985 603.669 603.667 603.613 603.5845 603.582 603.579 603.5755 603.5725 603.5175 603.489 603.488 603.46 603.4575 603.455 603.4525 603.4495 603.4475 603.3936 603.339 603.336 603.333 603.3305 603.3015 603.274 603.22 603.217 603.215 603.212 603.1825 603.1285 603.101 603.0935 603.0815 603.0685 603.055 602.99 602.9225 602.908 602.893 602.879 602.8325
603.8615 603.8585 603.856 603.8015 603.747 603.7445 603.742 603.7395 603.736 603.734 603.7315 603.7285 603.725 603.696 603.6935 603.6915 603.6375 603.6095 603.607 603.6045 603.602 603.5995 603.596 603.567 603.5125 603.5115 603.483 603.48 603.4765 603.473 603.47 603.415 603.361 603.36 603.3575 603.355 603.3521 603.3495 603.347 603.318 603.2905 603.236 603.233 603.23 603.2275 603.1985 603.118 603.117 603.114 603.1115 603.109 603.1065 603.0525 602.9985 602.992 602.98 602.9655 602.9515 602.883 602.8155 602.8 602.784 602.7685 602.722
603.7595 603.757 603.7285 603.6995 603.645 603.6425 603.64 603.6365 603.6335 603.631 603.6285 603.6255 603.622 603.567 603.5395 603.5375 603.509 603.5065 603.5045 603.5015 603.499 603.4965 603.494 603.4385 603.3845 603.3835 603.3805 603.3775 603.374 603.3705 603.3675 603.365 603.3115 603.2575 603.255 603.2525 603.2495 603.2465 603.2175 603.163 603.1615 603.133 603.13 603.127 603.1245 603.1219 603.0675 603.0135 603.011 603.0085 603.006 602.9765 602.949 602.8945 602.888 602.875 602.86 602.815 602.746 602.7075 602.6915 602.6755 602.659 602.6425
603.6565 603.6014 603.5735 603.5715 603.543 603.5405 603.538 603.5345 603.5305 603.5285 603.5255 603.5225 603.5195 603.517 603.4105 603.409 603.4065 603.404 603.4015 603.399 603.396 603.394 603.365 603.3625 603.3345 603.2805 603.2775 603.2745 603.2715 603.268 603.2655 603.2105 603.183 603.1555 603.153 603.1505 603.1465 603.143 603.141 603.034 603.0325 603.0305 603.027 603.0245 603.0215 602.993 602.965 602.9115 602.908 602.905 602.9025 602.847 602.819 602.791 602.7845 602.771 602.7545 602.739 602.6115 602.603 602.586 602.569 602.552 602.5045
603.554 603.4985 603.4969 603.443 603.4406 603.438 603.4355 603.432 603.428 603.426 603.423 603.42 603.3905 603.388 603.3345 603.306 603.3035 603.301 603.2985 603.2955 603.293 603.2905 603.262 603.207 603.18 603.1775 603.1745 603.1715 603.168 603.166 603.163 603.1085 603.107 603.0525 603.0505 603.0475 603.044 603.04 603.038 602.958 602.93 602.928 602.9245 602.922 602.919 602.8905 602.81 602.809 602.8055 602.8015 602.7995 602.7435 602.7426 602.688 602.6815 602.669 602.653 602.6365 602.54 602.502 602.484 602.4665 602.449 602.4005
603.425 603.4225 603.3685 603.34 603.3375 603.335 603.3325 603.3295 603.326 603.3235 603.321 603.2645 603.236 603.234 603.2315 603.203 603.2 603.1975 603.195 603.1925 603.19 603.1875 603.185 603.078 603.077 603.0745 603.0715 603.068 603.0656 603.063 603.0334 603.032 602.9775 602.949 602.947 602.944 602.9405 602.9375 602.883 602.8555 602.828 602.8255 602.8225 602.8195 602.8165 602.814 602.707 602.7055 602.702 602.6985 602.696 602.6935 602.6395 602.5855 602.58 602.57 602.5535 602.477 602.4095 602.4005 602.382 602.3635 602.3455 602.327
603.2705 603.268 603.2395 603.237 603.234 603.2315 603.2295 603.2271 603.224 603.2215 603.219 603.2145 603.159 603.105 603.1025 603.1 603.097 603.095 603.092 603.089 603.0865 603.0845 603.056 603.0015 602.973 602.9705 602.9675 602.9645 602.9625 602.96 602.904 602.8755 602.8485 602.846 602.8435 602.841 602.838 602.8355 602.7805 602.726 602.7245 602.722 602.7195 602.7166 602.687 602.685 602.6305 602.6025 602.5995 602.596 602.5935 602.5645 602.5105 602.483 602.4785 602.4705 602.4545 602.3775 602.3685 602.2965 602.278 602.259 602.2395 602.1925
603.141 603.139 603.1365 603.134 603.131 603.1285 603.126 603.123 603.121 603.118 603.1155 603.0855 603.056 603.0025 603 602.9975 602.9945 602.992 602.989 602.986 602.983 602.954 602.9 602.8979 602.87 602.8676 602.8645 602.861 602.8585 602.856 602.854 602.746 602.745 602.7426 602.74 602.737 602.7345 602.7054 602.704 602.675 602.6205 602.618 602.616 602.613 602.557 602.529 602.527 602.4985 602.496 602.493 602.4905 602.4355 602.381 602.3795 602.377 602.369 602.321 602.3075 602.236 602.19 602.1705 602.1505 602.0985 602.024
603.0375 603.0355 603.033 603.0305 603.0275 603.0255 603.0229 603.02 603.0175 603.0145 603.012 602.982 602.901 602.8995 602.897 602.895 602.892 602.8895 602.8865 602.8824 602.88 602.877 602.823 602.769 602.767 602.764 602.761 602.758 602.755 602.7525 602.7235 602.6695 602.641 602.6385 602.6365 602.6335 602.631 602.602 602.547 602.5195 602.517 602.5145 602.5125 602.5095 602.4535 602.452 602.3975 602.395 602.3925 602.3895 602.387 602.3585 602.304 602.2755 602.2729 602.265 602.217 602.14 602.1295 602.0835 602.0635 602.0425 602.0215 601.947
602.934 602.9315 602.929 602.927 602.924 602.9215 602.919 602.917 602.914 602.911 602.909 602.906 602.8515 602.797 602.794 602.792 602.7896 602.7865 602.783 602.7795 602.777 602.7485 602.72 602.6665 602.664 602.6615 602.6585 602.6555 602.6515 602.596 602.568 602.5405 602.538 602.535 602.5325 602.53 602.5275 602.525 602.4705 602.4165 602.414 602.411 602.4084 602.379 602.3765 602.348 602.2935 602.291 602.2885 602.2855 602.23 602.2025 602.2 602.1715 602.169 602.1605 602.1435 602.071 602.0015 601.9805 601.9595 601.9385 601.9175 601.838
602.831 602.828 602.826 602.823 602.8206 602.818 602.8156 602.813 602.8105 602.7815 602.779 602.777 602.7476 602.693 602.6906 602.688 602.6855 602.683 602.6794 602.6765 602.6215 602.5935 602.5915 602.5635 602.561 602.5585 602.556 602.5515 602.548 602.545 602.4385 602.437 602.4345 602.432 602.429 602.4265 602.424 602.395 602.3675 602.3135 602.311 602.3075 602.3044 602.2485 602.2205 602.218 602.1895 602.187 602.1844 602.182 602.1794 602.0725 602.071 602.0685 602.066 602.059 602.042 601.9655 601.899 601.8815 601.8605 601.8385 601.817 601.7335
602.7271 602.7245 602.722 602.7195 602.717 602.714 602.712 602.709 602.707 602.651 602.6235 602.621 602.6185 602.589 602.587 602.584 602.582 602.579 602.577 602.5735 602.571 602.464 602.4625 602.46 602.4575 602.455 602.4525 602.4485 602.418 602.4165 602.388 602.334 602.331 602.329 602.326 602.3235 602.321 602.2655 602.238 602.2105 602.208 602.204 602.2005 602.1975 602.09 602.089 602.086 602.0835 602.081 602.0785 602.0495 602.022 601.968 601.965 601.963 601.958 601.944 601.8635 601.797 601.7825 601.7605 601.7385 601.7166 601.694
602.6235 602.6205 602.6185 602.6155 602.6135 602.6105 602.608 602.6055 602.603 602.5475 602.546 602.4915 602.4885 602.4855 602.483 602.4805 602.478 602.4755 602.473 602.4705 602.441 602.3875 602.3585 602.3565 602.3535 602.3515 602.3485 602.3445 602.315 602.2605 602.2335 602.231 602.228 602.2255 602.223 602.2205 602.218 602.1625 602.1615 602.1071 602.1045 602.1005 602.097 602.094 602.013 601.9855 601.983 601.9805 601.978 601.9755 601.9465 601.866 601.8645 601.862 601.8595 601.855 601.845 601.766 601.755 601.6805 601.658 601.635 601.613 601.557
602.5195 602.517 602.5145 602.512 602.5095 602.5065 602.5045 602.475 602.4725 602.4705 602.416 602.3875 602.3845 602.3815 602.379 602.3765 602.374 602.3715 602.369 602.3135 602.285 602.2574 602.255 602.2525 602.25 602.2475 602.245 602.2415 602.1855 602.131 602.13 602.1275 602.1245 602.1219 602.1195 602.117 602.1145 602.086 602.0315 602.0031 602.0005 601.9975 601.994 601.9645 601.91 601.8825 601.88 601.8775 601.875 601.8725 601.87 601.8156 601.761 601.7585 601.7565 601.7535 601.712 601.693 601.624 601.5745 601.5515 601.529 601.473 601.3955
602.4155 602.413 602.4105 602.408 602.4055 602.403 602.4005 602.3445 602.3165 602.315 602.2865 602.2834 602.2805 602.2775 602.275 602.2729 602.27 602.2675 602.265 602.2625 602.155 602.1535 602.151 602.1485 602.146 602.1435 602.141 602.1115 602.1085 602.0804 602.026 602.0235 602.021 602.0186 602.0155 602.013 601.984 601.9295 601.9275 601.899 601.8965 601.894 601.891 601.835 601.78 601.779 601.7765 601.774 601.7715 601.769 601.74 601.6855 601.6575 601.655 601.6525 601.65 601.576 601.536 601.493 601.4695 601.4455 601.422 601.333 601.256
