samples/sfe_95/sfe_95_c2/sfe_95_c2/sfe_95_c2.asc
ncols         647
nrows         184
xllcorner     100
yllcorner     8
cellsize      1
NODATA_value  -9999
[rows 116 to 144 of 184, columns 0 to 63 of 647]
608.6959 608.6945 608.6929 608.6919 608.6899 608.6884 608.6871 608.6858 608.6843 608.6831 608.6821 608.6808 608.6793 608.6772 608.6744 608.6717 608.6689 608.6661 608.6634 608.6606 608.6582 608.6569 608.6558 608.6548 608.653 608.651 608.6498 608.6479 608.6451 608.6423 608.6395 608.6367 608.634 608.6312 608.6285 608.6273 608.6262 608.6247 608.6232 608.6213 608.6185 608.6157 608.6129 608.6101 608.6073 608.6045 608.6017 608.6003 608.5981 608.5953 608.5925 608.5897 608.5869 608.5841 608.5813 608.5798 608.5778 608.5749 608.5721 608.5692 608.5664 608.5635 608.5607 608.5579
608.7078 608.7064 608.7048 608.7038 608.7018 608.7003 608.699 608.6978 608.6962 608.6951 608.694 608.6927 608.6912 608.6891 608.6864 608.6836 608.6808 608.6781 608.6753 608.6725 608.6703 608.669 608.6679 608.6669 608.6651 608.6631 608.6619 608.66 608.6572 608.6544 608.6516 608.6488 608.6461 608.6432 608.6408 608.6396 608.6384 608.637 608.6354 608.6335 608.6308 608.628 608.6252 608.6224 608.6196 608.6168 608.6141 608.6128 608.6105 608.6077 608.6049 608.6021 608.5994 608.5966 608.5938 608.5924 608.5903 608.5875 608.5847 608.5818 608.579 608.5761 608.5733 608.5704
608.7197 608.7183 608.7167 608.7157 608.7137 608.7122 608.711 608.7097 608.7082 608.707 608.7059 608.7047 608.7032 608.701 608.6983 608.6956 608.6927 608.69 608.6872 608.6844 608.6824 608.681 608.68 608.679 608.6772 608.6752 608.674 608.6721 608.6693 608.6665 608.6637 608.6609 608.6581 608.6553 608.6531 608.6518 608.6507 608.6492 608.6477 608.6458 608.643 608.6402 608.6374 608.6346 608.6318 608.629 608.6266 608.6252 608.623 608.6202 608.6174 608.6146 608.6118 608.6089 608.6064 608.605 608.6029 608.6001 608.5972 608.5944 608.5916 608.5887 608.5859 608.5831
608.7316 608.7302 608.7286 608.7276 608.7256 608.7241 608.7229 608.7216 608.7201 608.7189 608.7179 608.7166 608.7151 608.713 608.7102 608.7075 608.7047 608.7019 608.6992 608.6964 608.6945 608.6931 608.6921 608.691 608.6893 608.6873 608.686 608.6841 608.6814 608.6786 608.6758 608.673 608.6702 608.6674 608.6654 608.6641 608.663 608.6615 608.66 608.6581 608.6553 608.6525 608.6497 608.6469 608.644 608.6412 608.639 608.6376 608.6354 608.6326 608.6298 608.627 608.6241 608.6213 608.619 608.6176 608.6155 608.6127 608.6098 608.6069 608.6041 608.6013 608.5984 608.5959
608.7435 608.7421 608.7405 608.7395 608.7375 608.7361 608.7348 608.7335 608.7321 608.7308 608.7298 608.7285 608.7271 608.7249 608.7221 608.7194 608.7166 608.7138 608.7111 608.7083 608.7066 608.7052 608.7042 608.7031 608.7014 608.6994 608.6981 608.6962 608.6935 608.6907 608.6879 608.6851 608.6823 608.6795 608.6777 608.6763 608.6752 608.6737 608.6722 608.6703 608.6675 608.6647 608.6619 608.6591 608.6563 608.6535 608.6515 608.6501 608.6478 608.645 608.6422 608.6393 608.6366 608.6338 608.6315 608.6302 608.6281 608.6252 608.6224 608.6195 608.6167 608.6138 608.611 608.6086
608.7555 608.754 608.7524 608.7515 608.7495 608.748 608.7467 608.7454 608.744 608.7427 608.7417 608.7404 608.739 608.7368 608.7341 608.7313 608.7285 608.7257 608.723 608.7202 608.7187 608.7172 608.7162 608.7152 608.7134 608.7115 608.7102 608.7083 608.7056 608.7028 608.7 608.6971 608.6944 608.6916 608.6899 608.6885 608.6875 608.686 608.6845 608.6826 608.6798 608.677 608.6742 608.6714 608.6686 608.6658 608.6639 608.6625 608.6602 608.6574 608.6546 608.6518 608.649 608.6462 608.644 608.6428 608.6406 608.6378 608.6349 608.6321 608.6293 608.6264 608.6236 608.6215
608.7674 608.7659 608.7643 608.7634 608.7614 608.7599 608.7587 608.7574 608.7559 608.7546 608.7536 608.7524 608.7509 608.7487 608.746 608.7432 608.7404 608.7377 608.7349 608.7321 608.7308 608.7293 608.7283 608.7273 608.7256 608.7236 608.7223 608.7204 608.7177 608.7148 608.712 608.7092 608.7065 608.7037 608.7022 608.7007 608.6997 608.6982 608.6968 608.6949 608.6921 608.6893 608.6865 608.6837 608.6808 608.678 608.6762 608.6749 608.6726 608.6698 608.667 608.6642 608.6614 608.6586 608.6566 608.6554 608.6532 608.6504 608.6475 608.6447 608.6418 608.639 608.6362 608.6342
608.7793 608.7778 608.7762 608.7753 608.7733 608.7719 608.7706 608.7693 608.7678 608.7665 608.7656 608.7643 608.7628 608.7606 608.7579 608.7551 608.7523 608.7496 608.7468 608.744 608.7428 608.7414 608.7404 608.7394 608.7377 608.7357 608.7344 608.7325 608.7297 608.7269 608.7241 608.7213 608.7186 608.7158 608.7144 608.713 608.712 608.7105 608.709 608.7071 608.7043 608.7015 608.6987 608.6959 608.6931 608.6902 608.6886 608.6874 608.685 608.6822 608.6794 608.6766 608.6738 608.671 608.6692 608.668 608.6658 608.663 608.6601 608.6573 608.6544 608.6516 608.6487 608.6469
608.7912 608.7897 608.7881 608.7872 608.7852 608.7838 608.7825 608.7813 608.7797 608.7784 608.7775 608.7762 608.7747 608.7726 608.7698 608.767 608.7643 608.7615 608.7587 608.756 608.7548 608.7535 608.7525 608.7515 608.7498 608.7478 608.7465 608.7446 608.7418 608.739 608.7362 608.7334 608.7307 608.7278 608.7266 608.7252 608.7242 608.7228 608.7213 608.7194 608.7166 608.7137 608.7109 608.7081 608.7053 608.7025 608.701 608.6998 608.6974 608.6946 608.6918 608.689 608.6862 608.6834 608.6818 608.6805 608.6783 608.6755 608.6727 608.6699 608.667 608.6641 608.6613 608.6596
608.8031 608.8016 608.8 608.7991 608.7971 608.7957 608.7944 608.7932 608.7917 608.7904 608.7894 608.7881 608.7867 608.7845 608.7817 608.7789 608.7762 608.7734 608.7706 608.7681 608.7669 608.7656 608.7646 608.7635 608.7618 608.7599 608.7585 608.7567 608.7539 608.7511 608.7483 608.7455 608.7427 608.7401 608.7388 608.7375 608.7365 608.735 608.7335 608.7316 608.7288 608.726 608.7232 608.7204 608.7176 608.7148 608.7135 608.7122 608.7098 608.707 608.7042 608.7014 608.6986 608.6958 608.6944 608.6931 608.6909 608.6881 608.6852 608.6824 608.6796 608.6767 608.6739 608.6723
608.815 608.8135 608.812 608.811 608.809 608.8076 608.8063 608.8051 608.8036 608.8023 608.8013 608.8001 608.7986 608.7964 608.7936 608.7908 608.7881 608.7853 608.7825 608.7803 608.7789 608.7776 608.7767 608.7756 608.7739 608.772 608.7706 608.7687 608.766 608.7632 608.7604 608.7576 608.7548 608.7524 608.751 608.7498 608.7488 608.7473 608.7458 608.7439 608.7411 608.7383 608.7355 608.7327 608.7299 608.7272 608.726 608.7247 608.7222 608.7194 608.7166 608.7138 608.711 608.7083 608.707 608.7057 608.7035 608.7007 608.6978 608.695 608.6921 608.6893 608.6865 608.6851
608.8269 608.8254 608.8239 608.8229 608.8209 608.8196 608.8182 608.817 608.8156 608.8142 608.8132 608.812 608.8105 608.8083 608.8055 608.8028 608.8 608.7972 608.7945 608.7924 608.7911 608.7897 608.7888 608.7877 608.7861 608.7841 608.7827 608.7808 608.7781 608.7753 608.7725 608.7697 608.7669 608.7646 608.7633 608.762 608.761 608.7595 608.7581 608.7562 608.7534 608.7505 608.7477 608.7449 608.7421 608.7397 608.7384 608.7371 608.7346 608.7319 608.7291 608.7263 608.7234 608.7209 608.7196 608.7183 608.7161 608.7133 608.7104 608.7076 608.7047 608.7019 608.6992 608.6979
608.8388 608.8373 608.8358 608.8348 608.8328 608.8315 608.8301 608.829 608.8275 608.8261 608.8251 608.824 608.8224 608.8203 608.8174 608.8147 608.812 608.8091 608.8064 608.8045 608.8032 608.8018 608.8008 608.7998 608.7982 608.7961 608.7948 608.7929 608.7902 608.7874 608.7845 608.7817 608.779 608.7769 608.7756 608.7743 608.7733 608.7718 608.7703 608.7684 608.7656 608.7628 608.7599 608.7571 608.7543 608.7521 608.7509 608.7495 608.7471 608.7443 608.7415 608.7386 608.7358 608.7335 608.7322 608.7309 608.7286 608.7258 608.723 608.7202 608.7173 608.7145 608.7119 608.7106
608.8507 608.8492 608.8477 608.8467 608.8447 608.8434 608.842 608.8409 608.8394 608.8381 608.837 608.8359 608.8344 608.8322 608.8293 608.8266 608.8239 608.821 608.8183 608.8166 608.8152 608.8139 608.8129 608.8119 608.8102 608.8082 608.8069 608.805 608.8022 608.7994 608.7966 608.7939 608.7911 608.7892 608.7878 608.7865 608.7855 608.7841 608.7825 608.7806 608.7778 608.775 608.7722 608.7694 608.7666 608.7646 608.7633 608.762 608.7595 608.7567 608.7538 608.751 608.7482 608.7461 608.7447 608.7435 608.7412 608.7384 608.7355 608.7327 608.7299 608.7271 608.7247 608.7233
608.8626 608.8611 608.8596 608.8586 608.8566 608.8553 608.854 608.8528 608.8513 608.85 608.8489 608.8478 608.8463 608.8441 608.8413 608.8385 608.8358 608.833 608.8302 608.8287 608.8273 608.826 608.825 608.824 608.8223 608.8204 608.819 608.8171 608.8143 608.8115 608.8087 608.8059 608.8032 608.8015 608.8001 608.7988 608.7978 608.7963 608.7948 608.7929 608.7901 608.7873 608.7845 608.7817 608.7789 608.777 608.7757 608.7744 608.7719 608.769 608.7663 608.7635 608.7607 608.7586 608.7573 608.756 608.7538 608.751 608.7481 608.7453 608.7424 608.7396 608.7375 608.7358
608.8745 608.873 608.8715 608.8705 608.8685 608.8672 608.8659 608.8647 608.8632 608.8619 608.8608 608.8597 608.8582 608.856 608.8532 608.8505 608.8477 608.8449 608.8422 608.8408 608.8394 608.8381 608.8371 608.8361 608.8344 608.8325 608.8311 608.8292 608.8264 608.8236 608.8208 608.818 608.8152 608.8138 608.8124 608.811 608.8101 608.8085 608.8071 608.8052 608.8024 608.7996 608.7968 608.7939 608.7911 608.7896 608.7881 608.7868 608.7843 608.7815 608.7787 608.7759 608.7731 608.7711 608.7698 608.7687 608.7664 608.7635 608.7607 608.7579 608.755 608.7522 608.7503 608.7484
608.8864 608.8849 608.8834 608.8824 608.8804 608.8792 608.8778 608.8766 608.8752 608.8738 608.8728 608.8716 608.8702 608.8679 608.8651 608.8624 608.8596 608.8568 608.8541 608.8529 608.8515 608.8502 608.8492 608.8481 608.8466 608.8445 608.8431 608.8412 608.8385 608.8357 608.8329 608.8301 608.8273 608.826 608.8246 608.8233 608.8223 608.8208 608.8193 608.8174 608.8146 608.8118 608.809 608.8062 608.8034 608.8019 608.8006 608.7993 608.7967 608.7939 608.7911 608.7883 608.7855 608.7836 608.7823 608.7813 608.7789 608.7761 608.7733 608.7704 608.7676 608.7648 608.7631 608.761
608.8983 608.8969 608.8953 608.8943 608.8923 608.8911 608.8897 608.8886 608.8871 608.8857 608.8847 608.8836 608.8821 608.8798 608.877 608.8743 608.8715 608.8687 608.866 608.865 608.8636 608.8622 608.8613 608.8602 608.8586 608.8566 608.8552 608.8533 608.8506 608.8478 608.845 608.8422 608.8394 608.8383 608.8369 608.8356 608.8345 608.8331 608.8315 608.8297 608.8268 608.824 608.8212 608.8184 608.8156 608.8143 608.813 608.8117 608.8091 608.8063 608.8035 608.8007 608.7979 608.7962 608.7949 608.7938 608.7915 608.7887 608.7858 608.783 608.7802 608.7773 608.7759 608.7736
608.9102 608.9088 608.9072 608.9062 608.9042 608.9031 608.9017 608.9005 608.899 608.8976 608.8966 608.8955 608.894 608.8917 608.889 608.8862 608.8834 608.8807 608.8781 608.8771 608.8757 608.8743 608.8734 608.8723 608.8707 608.8687 608.8673 608.8654 608.8627 608.8599 608.8571 608.8542 608.8516 608.8506 608.8492 608.8478 608.8468 608.8453 608.8438 608.8419 608.8391 608.8363 608.8335 608.8307 608.8279 608.8267 608.8254 608.8241 608.8215 608.8187 608.8159 608.8131 608.8103 608.8088 608.8074 608.8064 608.8041 608.8013 608.7984 608.7956 608.7927 608.7899 608.7886 608.7861
608.9221 608.9207 608.9191 608.9181 608.9161 608.915 608.9136 608.9125 608.9109 608.9095 608.9085 608.9075 608.9059 608.9036 608.9009 608.8981 608.8953 608.8926 608.8903 608.8892 608.8878 608.8864 608.8854 608.8844 608.8828 608.8809 608.8794 608.8775 608.8748 608.8719 608.8691 608.8663 608.8639 608.8629 608.8615 608.86 608.8591 608.8575 608.8561 608.8542 608.8514 608.8486 608.8458 608.843 608.8403 608.8391 608.8378 608.8365 608.8339 608.8311 608.8283 608.8255 608.8228 608.8214 608.82 608.819 608.8167 608.8138 608.811 608.8082 608.8053 608.8025 608.8013 608.7987
608.934 608.9326 608.931 608.93 608.928 608.9269 608.9255 608.9244 608.9229 608.9214 608.9205 608.9194 608.9179 608.9156 608.9128 608.91 608.9072 608.9045 608.9023 608.9012 608.8999 608.8985 608.8975 608.8965 608.8949 608.8929 608.8915 608.8896 608.8868 608.884 608.8812 608.8785 608.8762 608.8751 608.8737 608.8723 608.8713 608.8698 608.8683 608.8665 608.8636 608.8608 608.858 608.8552 608.8528 608.8514 608.8502 608.849 608.8463 608.8435 608.8407 608.838 608.8354 608.834 608.8326 608.8316 608.8293 608.8264 608.8235 608.8207 608.8179 608.8152 608.814 608.8113
608.9459 608.9445 608.9429 608.9419 608.9399 608.9388 608.9374 608.9363 608.9348 608.9333 608.9324 608.9313 608.9298 608.9275 608.9247 608.9219 608.9192 608.9164 608.9144 608.9133 608.912 608.9106 608.9096 608.9086 608.907 608.905 608.9036 608.9017 608.8989 608.8961 608.8933 608.8905 608.8884 608.8873 608.886 608.8846 608.8836 608.8821 608.8806 608.8787 608.8759 608.8731 608.8703 608.8675 608.8652 608.8638 608.8626 608.8614 608.8588 608.856 608.8531 608.8503 608.848 608.8466 608.8452 608.8442 608.8419 608.839 608.8361 608.8333 608.8304 608.828 608.8267 608.8239
608.9578 608.9564 608.9548 608.9538 608.9518 608.9507 608.9493 608.9482 608.9467 608.9453 608.9443 608.9432 608.9417 608.9394 608.9366 608.9338 608.9311 608.9283 608.9266 608.9254 608.9241 608.9227 608.9217 608.9207 608.9191 608.9171 608.9156 608.9138 608.911 608.9082 608.9054 608.9026 608.9007 608.8995 608.8983 608.8969 608.8958 608.8943 608.8928 608.8909 608.8881 608.8853 608.8825 608.8797 608.8777 608.8763 608.875 608.8738 608.8712 608.8683 608.8655 608.8627 608.8607 608.8592 608.8578 608.8568 608.8544 608.8516 608.8487 608.8459 608.843 608.8408 608.8394 608.8364
608.9697 608.9683 608.9667 608.9657 608.9637 608.9627 608.9612 608.9601 608.9587 608.9572 608.9562 608.9551 608.9537 608.9513 608.9485 608.9458 608.943 608.9402 608.9387 608.9374 608.9362 608.9348 608.9338 608.9327 608.9312 608.9292 608.9277 608.9258 608.9231 608.9203 608.9175 608.9147 608.913 608.9117 608.9105 608.9091 608.9081 608.9066 608.9051 608.9032 608.9004 608.8976 608.8948 608.892 608.8902 608.8887 608.8875 608.8863 608.8835 608.8807 608.8779 608.8752 608.8732 608.8718 608.8704 608.8693 608.867 608.8641 608.8613 608.8585 608.8556 608.8536 608.8521 608.849
608.9816 608.9802 608.9786 608.9776 608.9756 608.9746 608.9731 608.9721 608.9706 608.9691 608.9681 608.9671 608.9656 608.9632 608.9604 608.9577 608.9549 608.9521 608.9508 608.9494 608.9483 608.9468 608.9459 608.9448 608.9433 608.9413 608.9398 608.9379 608.9352 608.9324 608.9296 608.9268 608.9253 608.924 608.9228 608.9213 608.9203 608.9188 608.9174 608.9155 608.9127 608.9099 608.907 608.9042 608.9026 608.9012 608.8998 608.8987 608.896 608.8932 608.8904 608.8876 608.8857 608.8844 608.8829 608.882 608.8796 608.8767 608.8739 608.871 608.8682 608.8663 608.8649 608.8616
608.9935 608.9921 608.9905 608.9895 608.9875 608.9866 608.985 608.984 608.9825 608.981 608.98 608.979 608.9775 608.9752 608.9724 608.9696 608.9669 608.9641 608.9629 608.9615 608.9604 608.9589 608.9579 608.9569 608.9554 608.9534 608.9519 608.95 608.9473 608.9445 608.9417 608.9388 608.9376 608.9362 608.9351 608.9336 608.9326 608.9311 608.9296 608.9277 608.9249 608.9221 608.9193 608.9165 608.9151 608.9136 608.9122 608.9111 608.9084 608.9056 608.9028 608.9 608.8983 608.897 608.8955 608.8945 608.8922 608.8893 608.8865 608.8836 608.8807 608.8792 608.8777 608.8741
609.0055 609.004 609.0024 609.0015 608.9995 608.9985 608.997 608.996 608.9944 608.993 608.9919 608.991 608.9894 608.9871 608.9843 608.9815 608.9788 608.976 608.975 608.9735 608.9725 608.971 608.97 608.969 608.9675 608.9655 608.964 608.9621 608.9594 608.9565 608.9537 608.9509 608.9498 608.9484 608.9473 608.9459 608.9449 608.9434 608.9419 608.94 608.9372 608.9344 608.9316 608.9288 608.9276 608.9261 608.9246 608.9236 608.9208 608.918 608.9152 608.9124 608.9108 608.9096 608.9081 608.9071 608.9047 608.9019 608.899 608.8962 608.8933 608.8919 608.8904 608.8867
609.0174 609.0159 609.0143 609.0134 609.0114 609.0104 609.0089 609.0079 609.0063 609.0049 609.0038 609.0029 609.0013 608.999 608.9962 608.9934 608.9907 608.9881 608.9871 608.9856 608.9846 608.9831 608.9821 608.9811 608.9796 608.9776 608.9761 608.9742 608.9714 608.9686 608.9658 608.9631 608.9622 608.9606 608.9596 608.9581 608.9571 608.9556 608.9541 608.9522 608.9494 608.9466 608.9438 608.941 608.94 608.9385 608.937 608.936 608.9332 608.9304 608.9276 608.9248 608.9233 608.9222 608.9207 608.9197 608.9173 608.9144 608.9116 608.9088 608.9059 608.9047 608.9032 608.8993
609.0293 609.0278 609.0262 609.0253 609.0233 609.0223 609.0208 609.0198 609.0183 609.0168 609.0158 609.0148 609.0133 609.0109 609.0081 609.0054 609.0026 609.0002 608.9992 608.9977 608.9966 608.9952 608.9941 608.9932 608.9916 608.9897 608.9882 608.9863 608.9835 608.9807 608.9779 608.9754 608.9744 608.9729 608.9719 608.9704 608.9694 608.9679 608.9664 608.9645 608.9617 608.9589 608.9561 608.9535 608.9524 608.9509 608.9495 608.9484 608.9456 608.9428 608.94 608.9373 608.9358 608.9348 608.9333 608.9323 608.9299 608.927 608.9242 608.9213 608.9185 608.9175 608.916 608.9119
