samples/sfe_95/sfe_95_c2/sfe_95_c2/sfe_95_c2.asc
ncols         647
nrows         184
xllcorner     100
yllcorner     8
cellsize      1
NODATA_value  -9999
[rows 116 to 144 of 184, columns 512 to 575 of 647]
601.1415 601.1255 601.101 601.0395 600.9465 600.934 600.8825 600.858 600.8335 600.8085 600.7285 600.6545 600.63 600.605 600.58 600.5015 600.4225 600.406 600.381 600.3564 600.269 600.194 600.182 600.1562 600.1207 600.08 600.0283 599.9821 599.9453 599.9135 599.8895 599.8195 599.749 599.7255 599.702 599.6215 599.5525 599.541 599.518 599.4955 599.428 599.3625 599.341 599.3195 599.2975 599.209 599.1725 599.152 599.1075 599.0229 599.014 598.995 598.9295 598.9205 598.876 598.859 598.843 598.7975 598.7565 598.7465 598.7325 598.6906 598.6545 598.648
601.0425 601.026 601.002 600.9645 600.812 600.8035 600.7785 600.754 600.729 600.673 600.63 600.555 600.5305 600.5055 600.4805 600.3935 600.323 600.3065 600.2799 600.2447 600.204 600.1528 600.1062 600.0688 600.0355 599.9815 599.94 599.869 599.8445 599.8206 599.7385 599.6975 599.657 599.6335 599.6105 599.587 599.462 599.451 599.4285 599.38 599.341 599.2765 599.2555 599.234 599.162 599.126 599.09 599.0705 599.052 598.9505 598.9445 598.927 598.91 598.8605 598.819 598.8055 598.791 598.7445 598.707 598.698 598.6855 598.673 598.618 598.6145
601.0015 600.924 600.899 600.866 600.7755 600.7015 600.6805 600.6555 600.6305 600.5435 600.5 600.4565 600.431 600.4024 600.367 600.3257 600.2744 600.2292 600.1918 600.159 600.1045 600.062 599.9905 599.966 599.9415 599.858 599.787 599.775 599.751 599.7275 599.6455 599.576 599.5645 599.5415 599.5185 599.4685 599.429 599.3615 599.34 599.2645 599.227 599.1895 599.1696 599.1495 599.129 599.0675 599.017 598.9985 598.9805 598.9295 598.8831 598.869 598.8525 598.8025 598.762 598.752 598.7375 598.7245 598.6625 598.6585 598.646 598.6355 598.61 598.588
600.8965 600.8185 600.7935 600.7645 600.669 600.599 600.5825 600.557 600.5245 600.4875 600.4297 600.3923 600.3501 600.3145 600.284 600.229 600.186 600.114 600.089 600.064 599.9795 599.9375 599.8955 599.8715 599.847 599.823 599.6925 599.681 599.6575 599.6335 599.582 599.541 599.4725 599.45 599.4275 599.35 599.311 599.273 599.252 599.231 599.119 599.1125 599.093 599.0735 599.0345 599.0035 598.9535 598.9365 598.919 598.865 598.8215 598.811 598.796 598.781 598.713 598.707 598.694 598.682 598.651 598.6255 598.617 598.607 598.582 598.562
600.739 600.713 600.6824 600.6467 600.6033 600.554 600.5087 600.4706 600.4363 600.41 600.3325 600.2555 600.2385 600.2135 600.1885 600.1335 600.0305 600.0185 599.9935 599.969 599.8845 599.8725 599.7995 599.776 599.752 599.728 599.6275 599.586 599.563 599.54 599.4885 599.391 599.38 599.358 599.3365 599.2595 599.2485 599.1925 599.172 599.152 599.0945 599.0385 599.0255 599.007 598.9685 598.8985 598.89 598.874 598.8575 598.804 598.7965 598.7595 598.746 598.7325 598.688 598.669 598.6575 598.647 598.6175 598.5905 598.586 598.578 598.5544 598.551
600.6624 600.6221 600.5873 600.5595 600.5065 600.4335 600.3905 600.365 600.3395 600.314 600.2285 600.16 600.143 600.118 600.093 600.068 599.934 599.9215 599.897 599.873 599.8485 599.776 599.703 599.68 599.656 599.574 599.533 599.4915 599.469 599.447 599.4245 599.356 599.2965 599.2755 599.2545 599.233 599.177 599.1215 599.102 599.082 599.0205 598.971 598.9585 598.9406 598.924 598.84 598.832 598.819 598.804 598.775 598.738 598.7175 598.705 598.6685 598.637 598.6325 598.6225 598.6125 598.604 598.5705 598.5675 598.5605 598.554 598.5485
600.531 600.5055 600.48 600.4585 600.407 600.3075 600.295 600.2695 600.244 600.219 600.1935 600.1205 600.0455 600.0205 599.996 599.971 599.897 599.823 599.799 599.775 599.7205 599.6485 599.607 599.5835 599.56 599.537 599.467 599.4055 599.383 599.3615 599.3395 599.2555 599.2209 599.2005 599.18 599.1375 599.082 599.0495 599.031 599.012 598.9945 598.9425 598.8985 598.881 598.8655 598.8225 598.7805 598.771 598.757 598.729 598.6805 598.675 598.663 598.653 598.623 598.6045 598.5955 598.5875 598.578 598.5695 598.558 598.5535 598.548 598.544
600.4275 600.402 600.376 600.357 600.342 600.273 600.197 600.172 600.1465 600.121 600.0705 600.021 599.946 599.9215 599.897 599.811 599.768 599.725 599.701 599.6775 599.5935 599.5255 599.5175 599.495 599.472 599.45 599.381 599.323 599.3045 599.284 599.215 599.156 599.146 599.126 599.1065 599.0415 598.9905 598.984 598.966 598.9485 598.9145 598.8875 598.8445 598.8285 598.814 598.7685 598.729 598.723 598.7105 598.6985 598.6645 598.641 598.631 598.6155 598.5955 598.5855 598.5795 598.5725 598.562 598.5555 598.55 598.5465 598.545 598.554
600.33 600.304 600.278 600.259 600.244 600.1725 600.0965 600.0715 600.0465 599.959 599.9084 599.8715 599.8465 599.822 599.7975 599.712 599.7 599.634 599.61 599.587 599.564 599.496 599.4285 599.4135 599.3915 599.3695 599.3015 599.237 599.227 599.2065 599.138 599.0825 599.0725 599.054 599.0355 599.02 598.969 598.9185 598.907 598.8915 598.8575 598.797 598.79 598.7765 598.762 598.7175 598.688 598.682 598.671 598.6605 598.6375 598.614 598.606 598.592 598.576 598.566 598.5615 598.5585 598.548 598.5555 598.554 598.554 598.5525 598.574
600.2375 600.212 600.186 600.1625 600.114 600.04 599.996 599.971 599.9455 599.9205 599.7865 599.774 599.754 599.73 599.7055 599.6815 599.6155 599.55 599.527 599.504 599.4815 599.407 599.3475 599.3325 599.311 599.2896 599.2185 599.1605 599.151 599.1315 599.1115 599.0575 599.003 598.9855 598.9685 598.957 598.9035 598.8565 598.849 598.834 598.8195 598.777 598.743 598.73 598.7065 598.6935 598.677 598.65 598.6405 598.622 598.601 598.5885 598.5815 598.577 598.563 598.562 598.5585 598.5575 598.5655 598.573 598.5725 598.575 598.592 598.6005
600.145 600.119 600.094 600.068 600.045 599.914 599.9015 599.8765 599.8521 599.827 599.751 599.6875 599.668 599.644 599.6205 599.543 599.504 599.4655 599.443 599.421 599.3985 599.3765 599.263 599.253 599.232 599.1875 599.172 599.134 599.0765 599.058 598.9955 598.964 598.9335 598.9165 598.9041 598.8945 598.8805 598.803 598.7965 598.7825 598.756 598.735 598.702 598.6905 598.6575 598.6405 598.6335 598.617 598.6095 598.602 598.578 598.576 598.5715 598.568 598.5695 598.571 598.5705 598.5706 598.581 598.5905 598.592 598.5959 598.6 598.653
600.05 600.0245 599.9985 599.9735 599.95 599.883 599.8135 599.7889 599.764 599.74 599.6605 599.597 599.5815 599.558 599.5345 599.512 599.393 599.382 599.3595 599.338 599.2915 599.275 599.234 599.1735 599.154 599.0875 599.0535 599.0395 599.0025 598.9845 598.967 598.8785 598.873 598.8575 598.845 598.821 598.813 598.7865 598.7495 598.737 598.6985 598.679 598.6605 598.6515 598.642 598.606 598.6035 598.597 598.5915 598.5855 598.581 598.5775 598.5745 598.573 598.577 598.5805 598.5815 598.5835 598.5855 598.627 598.6285 598.634 598.6405 598.683
599.952 599.9265 599.901 599.876 599.853 599.79 599.725 599.701 599.6765 599.6525 599.5735 599.5615 599.4945 599.471 599.4485 599.4265 599.3355 599.2975 599.2765 599.2555 599.2095 599.144 599.114 599.0945 599.0755 599.01 599.0005 598.952 598.937 598.9205 598.904 598.8605 598.818 598.8075 598.7965 598.771 598.731 598.7125 598.702 598.6905 598.6535 598.6485 598.6305 598.6235 598.6165 598.604 598.5935 598.5895 598.5855 598.5815 598.578 598.5775 598.577 598.577 598.583 598.584 598.608 598.612 598.616 598.6495 598.6845 598.6885 598.6975 598.742
599.854 599.8285 599.8035 599.7791 599.758 599.6995 599.6355 599.612 599.588 599.564 599.519 599.4515 599.407 599.3845 599.363 599.3145 599.251 599.214 599.194 599.173 599.103 599.05 599.0435 599.0245 599.007 598.9895 598.9405 598.896 598.882 598.8669 598.851 598.807 598.7686 598.7595 598.7475 598.7054 598.6805 598.6755 598.6675 598.657 598.649 598.6305 598.6155 598.6095 598.605 598.5935 598.5845 598.5835 598.582 598.5785 598.578 598.595 598.5955 598.599 598.601 598.6265 598.6515 598.658 598.666 598.7055 598.7395 598.7445 598.757 598.7685
599.7625 599.737 599.7125 599.6885 599.64 599.582 599.5445 599.521 599.4985 599.4475 599.3805 599.364 599.3195 599.298 599.277 599.256 599.1485 599.1385 599.119 599.1 599.0805 599.0255 598.979 598.964 598.9465 598.9305 598.8785 598.837 598.8265 598.813 598.799 598.7535 598.7245 598.7195 598.7085 598.6965 598.672 598.6515 598.6445 598.636 598.6295 598.6125 598.599 598.595 598.5925 598.5895 598.582 598.5925 598.592 598.593 598.6095 598.6285 598.6315 598.636 598.6525 598.6805 598.6965 598.7045 598.715 598.7245 598.818 598.824 598.839 598.8865
599.6765 599.6515 599.6275 599.6035 599.5555 599.4905 599.453 599.4305 599.408 599.386 599.319 599.258 599.2395 599.2195 599.1985 599.1785 599.103 599.072 599.0525 599.0345 599.017 598.962 598.911 598.9025 598.8875 598.8715 598.8206 598.813 598.78 598.7665 598.754 598.7325 598.7035 598.687 598.6775 598.6695 598.645 598.624 598.6205 598.6155 598.609 598.594 598.592 598.5966 598.594 598.5925 598.6055 598.616 598.6165 598.6195 598.643 598.662 598.665 598.672 598.6805 598.7085 598.7655 598.775 598.7855 598.798 598.8915 598.929 598.944 598.994
599.591 599.5665 599.543 599.519 599.4955 599.379 599.3695 599.348 599.3255 599.304 599.2395 599.1855 599.168 599.1485 599.129 599.0665 599.035 599.0045 598.987 598.9695 598.9525 598.936 598.8545 598.8475 598.8335 598.8199 598.794 598.773 598.7405 598.7295 598.7185 598.6875 598.6715 598.6565 598.6485 598.6415 598.6345 598.6135 598.612 598.608 598.6045 598.6045 598.6055 598.611 598.6115 598.612 598.627 598.64 598.643 598.6485 598.6535 598.7205 598.726 598.7355 598.773 598.8035 598.86 598.87 598.8825 598.9575 598.994 599.0325 599.0515 599.0715
599.5035 599.4805 599.457 599.408 599.3845 599.35 599.2915 599.2715 599.25 599.2295 599.163 599.106 599.0966 599.0775 599.0585 598.9965 598.949 598.941 598.925 598.908 598.8765 598.8645 598.837 598.7965 598.7845 598.7735 598.749 598.7195 598.7015 598.6915 598.6815 598.6735 598.64 598.6375 598.6305 598.626 598.6215 598.617 598.616 598.6145 598.613 598.614 598.6205 598.625 598.6275 598.6295 598.6345 598.6885 598.6925 598.699 598.733 598.7585 598.8095 598.823 598.891 598.9245 598.955 598.964 598.9785 598.996 599.064 599.179 599.2005 599.279
599.4155 599.393 599.3705 599.295 599.2575 599.2465 599.2125 599.1955 599.1755 599.155 599.1355 599.0365 599.0275 599.0095 598.9926 598.956 598.928 598.882 598.867 598.8525 598.8055 598.7815 598.772 598.747 598.736 598.7275 598.7205 598.6765 598.673 598.665 598.6575 598.6475 598.6395 598.63 598.6265 598.623 598.621 598.6195 598.62 598.6205 598.622 598.652 598.658 598.662 598.667 598.693 598.6965 598.722 598.7665 598.777 598.8365 598.8655 598.896 598.9115 598.9265 599.0854 599.0885 599.1005 599.116 599.1895 599.2505 599.3665 599.392 599.5295
599.327 599.305 599.2834 599.2085 599.1985 599.1485 599.137 599.1205 599.1015 599.0825 599.0425 598.9945 598.9604 598.944 598.928 598.8935 598.829 598.822 598.8085 598.795 598.7495 598.7435 598.7175 598.7085 598.699 598.6925 598.6875 598.6645 598.654 598.648 598.6425 598.6345 598.623 598.6215 598.62 598.619 598.619 598.6195 598.643 598.646 598.65 598.6825 598.717 598.72 598.728 598.757 598.803 598.826 598.8385 598.852 598.914 598.922 599.0145 599.033 599.0515 599.158 599.263 599.272 599.294 599.37 599.5405 599.5535 599.5815 599.722
599.246 599.2255 599.204 599.162 599.107 599.0785 599.064 599.0485 599.03 598.991 598.9399 598.91 598.895 598.879 598.865 598.8125 598.7805 598.774 598.763 598.7505 598.7395 598.714 598.6915 598.6835 598.676 598.6705 598.6595 598.6455 598.636 598.633 598.6285 598.62 598.6345 598.6355 598.635 598.636 598.6515 598.6745 598.6895 598.694 598.7015 598.738 598.775 598.7795 598.792 598.842 598.8485 598.933 598.9485 598.963 598.98 599.0755 599.17 599.1925 599.2125 599.3325 599.436 599.447 599.4745 599.5005 599.6195 599.811 599.8425 599.873
599.1735 599.153 599.133 599.0705 599.0385 599.009 598.992 598.976 598.959 598.8995 598.859 598.854 598.84 598.8255 598.813 598.788 598.769 598.7385 598.729 598.7195 598.7095 598.6844 598.664 598.6595 598.653 598.649 598.6445 598.638 598.6365 598.636 598.635 598.6335 598.65 598.6675 598.671 598.6735 598.7045 598.7185 598.7345 598.7415 598.752 598.7615 598.867 598.873 598.8885 598.903 598.989 599.0765 599.092 599.111 599.173 599.2715 599.3265 599.351 599.374 599.4005 599.6794 599.693 599.723 599.8425 599.9445 600.1375 600.1715 600.204
599.1 599.081 599.0615 599.0435 598.9515 598.943 598.929 598.914 598.898 598.882 598.8415 598.8065 598.7955 598.7825 598.772 598.7375 598.7195 598.7025 598.695 598.687 598.6785 598.6725 598.652 598.6505 598.646 598.6445 598.6465 598.6485 598.6555 598.6575 598.6595 598.6689 598.688 598.699 598.7055 598.7105 598.7185 598.81 598.813 598.8225 598.836 598.8845 598.9246 599.0005 599.019 599.0365 599.1295 599.22 599.2345 599.257 599.366 599.547 599.5555 599.582 599.608 599.7245 599.8235 600.0095 600.0425 600.2535 600.359 600.464 600.5 600.5355
599.0291 599.011 598.994 598.976 598.9105 598.884 598.87 598.8585 598.8465 598.834 598.7935 598.756 598.75 598.7405 598.73 598.697 598.693 598.682 598.6745 598.6685 598.6645 598.6585 598.6565 598.6565 598.6565 598.655 598.6595 598.6735 598.676 598.678 598.6825 598.6885 598.7075 598.764 598.772 598.7815 598.7895 598.8585 598.929 598.9385 598.952 599.0035 599.119 599.1295 599.148 599.1685 599.191 599.2815 599.4545 599.4745 599.502 599.683 599.8669 599.8855 599.9175 600.034 600.309 600.327 600.36 600.574 600.592 601.329 601.365 601.3955
598.9615 598.946 598.93 598.8765 598.8305 598.8245 598.8145 598.8065 598.7955 598.7845 598.7729 598.738 598.719 598.711 598.7025 598.694 598.684 598.674 598.6705 598.666 598.6646 598.662 598.662 598.663 598.6655 598.6675 598.678 598.723 598.7275 598.734 598.7395 598.777 598.8065 598.8635 598.8715 598.883 598.896 598.9695 599.042 599.0535 599.0715 599.161 599.322 599.3345 599.358 599.38 599.4005 599.58 599.745 599.7665 599.7975 599.9945 600.1745 600.192 600.2255 600.259 600.4485 601.2095 601.2395 601.2695 601.836 602.5605 602.755 602.7725
598.8945 598.8795 598.8655 598.8515 598.7835 598.7785 598.7695 598.764 598.7565 598.739 598.731 598.717 598.699 598.693 598.6875 598.6765 598.6705 598.6665 598.665 598.6646 598.664 598.664 598.6965 598.7015 598.7055 598.7105 598.7385 598.762 598.811 598.8215 598.832 598.899 598.932 598.963 598.9715 598.985 599.001 599.018 599.2325 599.2445 599.2665 599.366 599.4515 599.6169 599.644 599.666 599.6855 599.8715 600.0396 600.0605 600.093 600.126 601.082 601.0935 601.1225 601.1515 601.547 602.485 602.685 602.7025 602.897 603.7925 604.1575 604.162
598.8395 598.8265 598.8135 598.791 598.7729 598.746 598.7385 598.733 598.727 598.7045 598.6925 598.6885 598.679 598.6755 598.672 598.6695 598.684 598.686 598.6875 598.6895 598.6925 598.7135 598.7305 598.768 598.776 598.784 598.839 598.8655 598.8945 598.9084 598.9225 598.937 599.1305 599.1335 599.146 599.1615 599.2535 599.267 599.3555 599.5115 599.5375 599.718 599.8075 599.8995 599.9305 599.9535 599.9705 599.997 600.969 600.98 601.0081 601.0365 601.821 602.5995 602.6165 602.634 602.834 603.7595 604.1365 604.142 604.324 604.8535 604.852 604.9319
598.7955 598.785 598.774 598.7535 598.7165 598.7125 598.707 598.702 598.696 598.676 598.674 598.6845 598.6825 598.682 598.6815 598.682 598.7175 598.7305 598.735 598.7405 598.7469 598.771 598.8285 598.833 598.844 598.8555 598.914 598.921 599.0475 599.0605 599.078 599.0966 599.2375 599.3785 599.388 599.4105 599.5065 599.668 599.747 599.7765 599.8065 599.991 600.007 600.646 600.8755 600.895 600.908 600.9305 601.738 602.5395 602.556 602.5725 603.345 604.112 604.1165 604.1219 604.3105 604.8575 604.857 604.937 604.9874 605.0159 605.0958 605.1758
598.7531 598.745 598.7355 598.7285 598.703 598.701 598.6985 598.695 598.6905 598.6875 598.702 598.713 598.7145 598.7155 598.72 598.7345 598.7625 598.7765 598.786 598.7935 598.8025 598.814 598.957 598.963 598.978 598.9955 599.0095 599.1445 599.2685 599.283 599.303 599.325 599.4825 599.6205 599.6335 599.6615 599.6915 599.8485 600.7105 600.742 600.763 600.795 601.22 602.0555 602.47 602.486 602.494 602.5015 603.2975 604.0935 604.092 604.1025 604.8635 604.862 604.942 604.9819 604.9924 605.0209 605.1008 605.1808 605.2534 605.2597 605.3397 605.4196
