COS0=(1.0419159062374246, 1.0, -114.0, MASK0)
COS1=(2.0129969584369327, 2.0, -76.0, MASK0)
COS2=(0.2622357794302676, 3.0, 40.0, MASK0)
COS3=(0.7216152937329382, 4.0, -28.0, MASK0)
COS4=(0.3602467635291036, 5.0, -22.0, MASK0)
COS5=(0.4383719947177423, 6.0, -26.0, MASK0)
COS6=(0.3808899800310186, 7.0, -4.0, MASK0)
COS7=(0.7216152937329383, 4.0, -28.0, MASK0)
COS8=(0.2622357794302676, 3.0, 40.0, MASK0)
COS9=(2.0129969584369323, 2.0, -76.0, MASK0)
COS10=(1.0419159062374246, 1.0, -114.0, MASK0)
