COS0=(0.6531148480081548, 1.0, -136.0, MASK0)
COS1=(1.069795219611903, 2.0, 22.0, MASK0)
COS2=(0.33271906547758795, 3.0, -16.0, MASK0)
COS3=(0.36731655562256116, 4.0, -8.0, MASK0)
COS4=(0.5859132353129878, 5.0, 6.0, MASK0)
COS5=(0.1444487227355002, 6.0, -16.0, MASK0)
COS6=(0.3542838012771037, 7.0, 18.0, MASK0)
COS7=(0.37664511621884084, 8.0, -18.0, MASK0)
COS8=(0.35007579216062096, 8.5, -8.0, MASK0)
COS9=(0.15322304963518762, 10.0, 16.0, MASK0)
COS10=(0.35428380127710374, 7.0, 18.0, MASK0)
COS11=(0.14444872273550013, 6.0, -16.0, MASK0)
COS12=(0.5859132353129879, 5.0, 6.0, MASK0)
COS13=(0.36731655562256116, 4.0, -8.0, MASK0)
COS14=(0.33271906547758795, 3.0, -16.0, MASK0)
COS15=(1.069795219611903, 2.0, 22.0, MASK0)
COS16=(0.6531148480081548, 1.0, -136.0, MASK0)
