COS0=(0.24646353104435467, 1.0, 130.0, MASK0)
COS1=(0.43162239254966905, 2.0, 42.0, MASK0)
COS2=(0.31209014561130594, 3.0, -40.0, MASK0)
COS3=(0.11714739521889342, 4.0, 22.0, MASK0)
COS4=(0.07951718555854007, 5.0, 10.0, MASK0)
COS5=(0.11995218530798649, 6.0, -26.0, MASK0)
COS6=(0.3120901456113059, 3.0, -40.0, MASK0)
COS7=(0.43162239254966916, 2.0, 42.0, MASK0)
COS8=(0.2464635310443547, 1.0, 130.0, MASK0)
