SIN0=(0.17198073585079893,1.0,-1.35,MASK0)
SIN1=(0.10516035737293322,2.0,1.41,MASK0)
SIN2=(0.2857361996031078,3.0,-0.87,MASK0)
SIN3=(0.10119699124428565,4.0,2.87,MASK0)
SIN4=(0.18859785287371672,5.0,-0.55,MASK0)
SIN5=(0.18941200767165073,6.0,3.09,MASK0)
SIN6=(0.03811068222051553,6.5,0.39,MASK0)
SIN7=(0.08249320323425396,7.5,-3.1,MASK0)
SIN8=(0.0815254124333972,9.0,-0.52,MASK0)
SIN9=(0.04292533273617666,10.0,0.28,MASK0)
SIN10=(0.033202761795519946,10.5,0.57,MASK0)
SIN11=(0.06924338386813886,11.5,0.52,MASK0)
SIN12=(0.017924524335305426,13.0,2.75,MASK0)
SIN13=(0.07273942512120044,13.5,0.42,MASK0)
SIN14=(0.04570150908789278,14.5,-2.25,MASK0)
SIN15=(0.040885636990197996,15.5,-0.72,MASK0)
SIN16=(0.040697822460467874,17.0,-0.33,MASK0)
SIN17=(0.04494409365449343,18.0,0.14,MASK0)
SIN18=(0.04400178184808235,19.0,-0.0,MASK0)
SIN19=(0.040172695283347326,20.0,-3.02,MASK0)
SIN20=(0.0479946244921642,20.5,0.9,MASK0)
SIN21=(0.059360750007148674,21.5,-1.38,MASK0)
SIN22=(0.06735568498913044,22.5,0.43,MASK0)
SIN23=(0.05159471714361962,23.5,1.43,MASK0)
SIN24=(0.0012422163949297495,24.5,2.09,MASK0)
SIN25=(0.039455727187535095,25.0,2.92,MASK0)
SIN26=(0.021408423135133765,26.5,-2.89,MASK0)
SIN27=(0.0800482641381613,27.5,0.39,MASK0)
SIN28=(0.001242216394929761,24.5,2.09,MASK0)
SIN29=(0.05159471714361962,23.5,1.43,MASK0)
SIN30=(0.06735568498913043,22.5,0.43,MASK0)
SIN31=(0.05936075000714868,21.5,-1.38,MASK0)
SIN32=(0.04799462449216419,20.5,0.9,MASK0)
SIN33=(0.040172695283347326,20.0,-3.02,MASK0)
SIN34=(0.04400178184808236,19.0,-0.0,MASK0)
SIN35=(0.044944093654493436,18.0,0.14,MASK0)
SIN36=(0.04069782246046787,17.0,-0.33,MASK0)
SIN37=(0.040885636990197996,15.5,-0.72,MASK0)
SIN38=(0.04570150908789277,14.5,-2.25,MASK0)
SIN39=(0.07273942512120044,13.5,0.42,MASK0)
SIN40=(0.01792452433530542,13.0,2.75,MASK0)
SIN41=(0.06924338386813886,11.5,0.52,MASK0)
SIN42=(0.03320276179551997,10.5,0.57,MASK0)
SIN43=(0.04292533273617665,10.0,0.28,MASK0)
SIN44=(0.0815254124333972,9.0,-0.52,MASK0)
SIN45=(0.08249320323425396,7.5,-3.1,MASK0)
SIN46=(0.038110682220515536,6.5,0.39,MASK0)
SIN47=(0.18941200767165073,6.0,3.09,MASK0)
SIN48=(0.18859785287371672,5.0,-0.55,MASK0)
SIN49=(0.10119699124428565,4.0,2.87,MASK0)
SIN50=(0.28573619960310787,3.0,-0.87,MASK0)
SIN51=(0.10516035737293322,2.0,1.41,MASK0)
SIN52=(0.17198073585079893,1.0,-1.35,MASK0)

