SIN0=(1.58905040925,1.0,-0.0,MASK0)
SIN1=(0.70469018175,2.0,-1.32,MASK0)
SIN2=(0.191773109,3.0,-0.05,MASK0)
SIN3=(0.038377739,6.0,-0.02,MASK0)
SIN4=(1.58905040925,1.0,-0.0,MASK0)
