SIN0=(1.5916185790973163,1.0,0.01,MASK0)
SIN1=(0.6502603878728971,2.0,-1.35,MASK0)
SIN2=(0.19151963664974,3.0,0.04,MASK0)

