SIN0=(0.022548950800900767,1.0,-0.17,MASK0)
SIN1=(0.10971724594660366,2.0,-2.99,MASK0)
SIN2=(0.12333167317547587,3.0,-0.29,MASK0)
SIN3=(0.04116272880651299,4.0,2.33,MASK0)
SIN4=(0.051147887388638874,5.0,-1.92,MASK0)
SIN5=(0.020305302645593166,5.5,3.25,MASK0)
SIN6=(0.02018788433661494,7.0,-0.13,MASK0)
SIN7=(0.02098235168209605,8.0,-0.13,MASK0)
SIN8=(0.019900940828843076,9.0,2.78,MASK0)
SIN9=(0.014750519275361515,10.0,0.23,MASK0)
SIN10=(0.008981020273567168,10.5,-2.71,MASK0)
SIN11=(0.010881685232841384,11.5,0.72,MASK0)
SIN12=(0.019900940828843076,9.0,2.78,MASK0)
SIN13=(0.02098235168209605,8.0,-0.13,MASK0)
SIN14=(0.020187884336614927,7.0,-0.13,MASK0)
SIN15=(0.020305302645593163,5.5,3.25,MASK0)
SIN16=(0.051147887388638874,5.0,-1.92,MASK0)
SIN17=(0.04116272880651299,4.0,2.33,MASK0)
SIN18=(0.12333167317547589,3.0,-0.29,MASK0)
SIN19=(0.10971724594660366,2.0,-2.99,MASK0)
SIN20=(0.02254895080090076,1.0,-0.17,MASK0)

