SIN0=(26.06709989114908,1.0,3.099999999999978,MASK0)
SIN1=(11.559878307440474,2.0,-1.7900000000000014,MASK0)
SIN2=(3.1458843324814154,3.0,-3.049999999999979,MASK0)
SIN3=(2.5267822313505404,4.0,-2.9399999999999813,MASK0)
SIN4=(26.06709989114908,1.0,3.099999999999978,MASK0)
