samples/sfe_316/sfe_316_v9/sfe_316_v9/sfe_316_v9.asc
ncols         184
nrows         75
xllcorner     96.199999999255
yllcorner     62.60000000149
cellsize      1
NODATA_value  -9999
[rows 28 to 55 of 75, columns 0 to 63 of 184]
-9999 605.3099 602.6298 602.4008 602.1879 601.9581 601.73 601.5035 601.2537 601.0897 601.0054 600.9224 600.8417 600.7712 600.7016 600.6302 600.5588 600.493 600.4334 600.3602 600.2907 600.2188 600.1666 600.1123 600.1069 600.0721 600.025 599.9914 599.9619 599.9319 599.8988 599.8547 599.8239 599.796 599.772 599.7372 599.6964 599.6526 599.6082 599.564 599.5233 599.4981 599.4717 599.433 599.3871 599.155 598.892 599.009 599.0925 598.751 598.5425 598.7375 598.7485 598.5555 598.481 598.615 598.723 598.68 598.509 598.4045 598.537 598.636 598.6095 598.54
-9999 605.6901 602.0355 601.791 601.5675 601.3389 601.191 601.1098 601.024 600.9243 600.8242 600.7433 600.6641 600.5999 600.5395 600.4673 600.3963 600.3397 600.2813 600.2119 600.141 600.0669 600.015 599.9689 599.9689 599.9411 599.8993 599.8654 599.839 599.8127 599.7861 599.744 599.713 599.6876 599.667 599.6348 599.595 599.5507 599.4505 599.163 599.1255 599.0585 598.8465 599.048 599.0255 598.875 598.5865 598.678 598.8 598.51 598.337 598.5235 598.6385 598.533 598.316 598.4465 598.4485 598.286 598.457 598.559 598.418 598.341 598.314 598.2805
-9999 606.0702 601.4411 601.263 601.1777 601.1092 601.023 600.9398 600.8501 600.7548 600.6472 600.5609 600.4872 600.4271 600.3698 600.3045 600.2377 600.1804 600.1256 600.0635 599.991 599.9172 599.7195 599.788 599.781 599.7455 599.775 599.5685 599.5565 599.6325 599.3905 599.465 599.4615 599.289 599.432 599.2825 599.1495 599.1655 599.1605 598.8875 598.843 598.895 598.828 598.805 598.5815 598.6566 598.51 598.5365 598.4555 598.475 598.4903 598.3969 598.4061 598.3522 598.1595 598.408 598.5665 598.302 598.3565 598.5155 598.4771 598.457 598.512 598.3175
-9999 606.4503 601.2435 601.0793 600.9982 600.9307 600.8499 600.7764 600.6785 600.5845 600.4771 600.3754 600.3037 600.251 600.2 600.1392 600.0738 600.0192 599.9805 599.751 599.885 599.7595 599.489 599.6945 599.83 599.7155 599.7145 599.4835 599.275 599.3115 599.2675 599.386 599.465 599.3275 599.2615 599.0125 598.816 598.8005 598.926 598.8412 598.7712 598.6715 598.583 598.543 598.4565 598.572 598.547 598.6045 598.533 598.5245 598.6435 598.4196 598.4575 598.385 598.269 598.531 598.7185 598.436 598.3135 598.369 598.3485 598.3845 598.587 598.406
-9999 606.8305 601.5291 600.902 600.8156 600.7415 600.6793 600.6126 600.5179 600.4128 600.308 600.1998 600.133 600.0836 599.9555 599.8245 599.732 599.8995 600.0115 599.6975 599.6825 599.785 599.547 599.652 599.828 599.5515 599.5601 599.4325 599.1795 599.3765 599.4635 599.382 599.2305 599.173 598.993 598.981 598.901 598.8625 598.7809 598.9605 599.009 598.946 598.722 598.851 598.8855 598.7265 598.7775 598.864 598.9065 598.687 598.6155 598.6465 598.627 598.6035 598.6875 598.7675 598.8975 598.6609 598.7945 598.7975 598.9955 598.9717 598.8795 598.556
-9999 607.2106 601.8147 600.7195 600.6284 600.5517 600.5073 600.4396 600.3536 600.2471 600.0615 599.8515 599.77 599.713 599.8175 599.885 599.684 599.7834 599.921 599.632 599.5255 599.5855 599.4675 599.631 599.765 599.5333 599.549 599.485 599.256 599.403 599.3305 599.2055 599.387 599.229 599.1995 599.3715 599.37 599.338 599.1025 599.243 599.2215 599.013 599.2145 599.408 599.3953 599.3713 599.3476 599.3235 599.2998 599.2776 599.2719 599.2514 599.2455 599.2152 599.1797 599.1569 599.1519 599.1432 599.1239 599.1161 599.1007 599.0767 599.0502 599.0073
-9999 607.5908 602.1517 600.5341 600.4423 600.3623 600.3254 600.2648 600.3015 600.007 599.671 599.837 599.828 599.6625 599.6819 599.681 599.5805 599.7515 599.765 599.6331 599.6767 599.7166 599.5245 599.6349 599.578 599.582 599.6855 599.5995 599.6105 599.413 599.2155 599.431 599.6385 599.4345 599.6265 599.6284 599.6229 599.6071 599.5832 599.5605 599.5518 599.5342 599.5182 599.512 599.5037 599.4795 599.4584 599.4343 599.4127 599.3887 599.3829 599.3624 599.3555 599.3288 599.2966 599.2729 599.2668 599.2582 599.2388 599.23 599.2139 599.1933 599.1669 599.1269
-9999 607.9709 602.5318 600.3624 600.3205 600.2585 599.941 599.964 600.1215 599.809 599.536 599.7385 599.944 599.931 599.7778 599.8545 599.6905 599.805 599.8695 599.771 599.6115 599.4995 599.5025 599.6525 599.621 599.6855 599.601 599.4116 599.6425 599.587 599.57 599.72 599.7228 599.7279 599.7278 599.7335 599.7318 599.7163 599.6925 599.6712 599.6605 599.643 599.6261 599.6187 599.6104 599.5876 599.5687 599.545 599.525 599.5013 599.4939 599.4758 599.4655 599.4423 599.4127 599.3902 599.3817 599.3732 599.3537 599.3439 599.3272 599.3099 599.2835 599.2465
-9999 608.3511 602.912 600.3665 599.9995 599.953 599.72 599.813 600.014 599.7647 599.593 599.681 599.816 599.892 599.958 599.777 599.732 599.865 599.765 599.6945 599.6505 599.623 599.7841 599.673 599.6395 599.788 599.8235 599.8015 599.8096 599.8156 599.8303 599.8396 599.8372 599.8446 599.8367 599.8397 599.8408 599.8255 599.8018 599.7823 599.7693 599.7518 599.7339 599.7263 599.7172 599.6959 599.6794 599.6557 599.6377 599.614 599.6049 599.5886 599.5755 599.5559 599.5278 599.5074 599.4966 599.4882 599.4686 599.4578 599.4417 599.4265 599.4001 599.3661
-9999 608.7313 603.2921 600.4406 599.7487 599.6785 599.7035 599.904 600.0885 599.88 599.868 599.966 599.763 599.663 599.855 599.7885 599.696 599.735 599.837 599.9825 600.054 599.9575 599.9525 599.823 599.8737 599.8961 599.9315 599.9389 599.9413 599.9491 599.9513 599.9598 599.956 599.9614 599.9456 599.9501 599.9497 599.9347 599.9111 599.8928 599.878 599.8605 599.8436 599.834 599.824 599.804 599.7903 599.7664 599.7493 599.7267 599.7159 599.7013 599.6855 599.6694 599.6428 599.6246 599.6113 599.6033 599.5831 599.5717 599.556 599.5424 599.5167 599.4857
-9999 609.1114 603.6722 600.7336 599.6805 599.919 600.097 600.0875 600.146 600.177 600.2125 599.993 599.809 599.848 599.883 599.9765 600.066 600.0621 600.0688 600.0668 600.0743 600.0736 600.0651 600.0411 600.025 600.0504 600.0717 600.0764 600.073 600.0815 600.0759 600.0794 600.0748 600.0781 600.0608 600.0605 600.0587 600.0439 600.0204 600.0022 599.9868 599.9692 599.9551 599.9417 599.9307 599.9122 599.899 599.8771 599.86 599.8395 599.827 599.814 599.7955 599.783 599.7578 599.7418 599.726 599.7183 599.6975 599.6856 599.6704 599.6548 599.6334 599.6053
-9999 609.4916 604.0524 601.0266 600.1725 600.2715 600.301 600.3198 600.3399 600.3232 600.3047 600.2548 600.221 600.1973 600.2036 600.2217 600.2432 600.2366 600.2397 600.2318 600.237 600.2331 600.2245 600.2006 600.1822 600.2024 600.2045 600.2138 600.2068 600.2135 600.206 600.1978 600.194 600.1948 600.1776 600.171 600.1658 600.1533 600.1296 600.1115 600.0955 600.078 600.0665 600.0497 600.0375 600.0204 600.0072 599.9878 599.9707 599.9522 599.938 599.9268 599.9055 599.8965 599.8727 599.8589 599.8407 599.8344 599.8119 599.7995 599.7848 599.7672 599.75 599.7249
-9999 609.8717 604.4326 601.3196 600.5527 600.5293 600.4932 600.5092 600.5222 600.5068 600.4954 600.4452 600.4193 600.3967 600.3933 600.404 600.4205 600.4138 600.4106 600.3968 600.3997 600.3926 600.384 600.36 600.3395 600.3536 600.3373 600.3512 600.3416 600.3454 600.3358 600.3214 600.314 600.3096 600.2944 600.2803 600.2729 600.2626 600.2388 600.2208 600.2042 600.1868 600.1779 600.1586 600.1452 600.1286 600.1154 600.0984 600.0814 600.0649 600.049 600.0395 600.0154 600.0095 599.9877 599.976 599.9553 599.951 599.9263 599.9135 599.8992 599.8796 599.8685 599.8445
-9999 -9999 604.8127 601.6127 600.634 600.7557 600.6962 600.6987 600.7044 600.6903 600.686 600.6422 600.6177 600.5961 600.583 600.5865 600.5998 600.5909 600.5814 600.5618 600.5624 600.5566 600.5435 600.5195 600.4968 600.5048 600.4896 600.4886 600.4762 600.4773 600.4612 600.4479 600.4341 600.4269 600.4113 600.3892 600.3834 600.3719 600.348 600.3301 600.3149 600.2955 600.2867 600.2675 600.2529 600.2368 600.2236 600.2092 600.1921 600.1777 600.16 600.1522 600.1254 600.1105 600.1393 600.192 600.2949 600.2894 600.3895 600.4027 600.4556 600.5192 600.5143 600.6119
-9999 -9999 605.1929 601.9057 600.9271 600.975 600.9044 600.8952 600.8867 600.8738 600.875 600.8403 600.817 600.7954 600.7727 600.7721 600.7835 600.7681 600.7523 600.7288 600.725 600.7211 600.7031 600.6791 600.655 600.6584 600.6438 600.6283 600.6109 600.61 600.593 600.5735 600.5543 600.5458 600.5278 600.504 600.4938 600.4812 600.4572 600.4395 600.4263 600.4042 600.389 600.3919 600.437 600.4736 600.5748 600.6115 600.7167 600.7444 600.8399 600.8551 600.9604 600.949 601.0524 601.1027 601.2057 601.1931 601.2806 601.2932 601.3267 601.3903 601.3672 601.4648
-9999 -9999 605.5731 602.1987 601.2201 601.1854 601.1125 601.0947 601.0764 601.0574 601.0641 601.0388 601.0164 600.9948 600.9708 600.9576 600.965 600.9453 600.9232 600.8992 600.8878 600.886 600.8625 600.8386 600.8146 600.8065 600.8293 600.8425 600.8184 600.7962 600.8813 600.9249 600.9009 600.8826 600.9438 601.0088 600.9944 601.0356 601.1414 601.1191 601.1345 601.2408 601.2489 601.3277 601.3914 601.4154 601.5264 601.5465 601.6565 601.6765 601.772 601.7873 601.8926 601.8812 601.9656 602.0179 602.1165 602.1035 602.1717 602.1836 602.1978 602.2614 602.2327 602.3177
-9999 -9999 605.9532 602.4918 601.5131 601.3531 601.4088 601.4272 601.4063 601.3854 601.3719 601.4323 601.4584 601.4437 601.4258 601.408 601.416 601.4951 601.4987 601.4747 601.4705 601.4958 601.5779 601.5669 601.5569 601.5475 601.6379 601.6821 601.658 601.6533 601.7327 601.7882 601.7756 601.7763 601.8321 601.9024 601.9072 601.9485 602.0544 602.0522 602.0682 602.1745 602.2034 602.2634 602.3453 602.3574 602.4682 602.4824 602.5915 602.6086 602.704 602.7376 602.8248 602.8137 602.8787 602.949 603.0273 603.0137 603.0627 603.074 603.0688 603.1324 603.1038 603.1706
-9999 -9999 606.3334 602.7848 601.8062 601.9903 602.0443 602.0711 602.0604 602.0501 602.0403 602.1055 602.1444 602.1422 602.1363 602.131 602.1382 602.2195 602.2476 602.2235 602.2477 602.2646 602.3502 602.3584 602.3641 602.3708 602.4467 602.5129 602.4974 602.5104 602.584 602.6447 602.6503 602.67 602.7204 602.796 602.8203 602.8616 602.9674 602.9854 603.0015 603.1083 603.158 603.1992 603.2996 603.3 603.41 603.4186 603.5265 603.5499 603.6361 603.6776 603.7569 603.7459 603.7921 603.8802 603.938 603.924 603.9539 603.9645 603.9399 604.0035 603.977 604.0236
-9999 -9999 606.7135 603.0734 602.0992 602.4959 602.6797 602.7154 602.7149 602.7151 602.7162 602.7786 602.8316 602.8362 602.8468 602.848 602.8533 602.9438 602.983 602.9723 602.9951 603.032 603.1189 603.15 603.16 603.177 603.2553 603.3194 603.3369 603.3675 603.4354 603.5011 603.525 603.5637 603.6087 603.6896 603.7334 603.7745 603.8804 603.9187 603.9347 604.042 604.113 604.1359 604.2444 604.2427 604.3517 604.368 604.4615 604.5063 604.5682 604.6096 604.6891 604.678 604.7063 604.8113 604.8488 604.8347 604.8449 604.855 604.8311 604.8745 604.8486 604.8765
-9999 -9999 607.0936 603.359 602.3922 602.8627 603.3152 603.3597 603.3694 603.3802 603.3923 603.4517 603.5189 603.5192 603.5573 603.5543 603.5688 603.6683 603.7106 603.7211 603.7485 603.7971 603.8876 603.9415 603.9515 603.9777 604.064 604.1316 604.1764 604.2127 604.2867 604.3576 604.3997 604.4574 604.497 604.5831 604.6465 604.6876 604.7934 604.852 604.8679 604.9758 605.0552 605.0725 605.1802 605.1854 605.2935 605.322 605.3971 605.4608 605.5003 605.5417 605.6212 605.6102 605.6205 605.725 605.7596 605.7456 605.736 605.7455 605.7217 605.7456 605.7202 605.7294
-9999 -9999 607.4738 603.6446 602.6852 603.2296 603.9507 604.004 604.0239 604.0453 604.0682 604.1248 604.1948 604.2021 604.2678 604.2606 604.2844 604.3926 604.4382 604.47 604.5111 604.562 604.6564 604.733 604.7429 604.7785 604.8735 604.9543 605.0159 605.0521 605.1349 605.2141 605.2744 605.3511 605.3853 605.4768 605.5596 605.6006 605.7064 605.7853 605.801 605.9095 605.989 606.0091 606.116 606.137 606.2356 606.2763 606.3334 606.4147 606.4325 606.4737 606.5534 606.5424 606.5347 606.6382 606.6704 606.6565 606.6314 606.636 606.6124 606.6166 606.5918 606.5823
-9999 -9999 607.8539 603.9302 602.9782 603.5964 604.5776 604.6418 604.6785 604.7104 604.7442 604.7979 604.867 604.885 604.9519 604.9669 604.9999 605.117 605.1665 605.2188 605.2696 605.3318 605.4251 605.5229 605.5344 605.5792 605.6832 605.7733 605.8554 605.8914 605.9782 606.0705 606.149 606.2359 606.2736 606.3705 606.4587 606.5135 606.6194 606.7185 606.7343 606.8433 606.9227 606.954 607.0524 607.092 607.1783 607.2308 607.2697 607.3687 607.3646 607.4058 607.4855 607.4745 607.4489 607.5524 607.5812 607.5674 607.5412 607.5266 607.5029 607.4877 607.4634 607.4352
-9999 -9999 608.2341 604.2158 603.2712 603.9633 605.1952 605.2773 605.333 605.3736 605.4163 605.4709 605.5392 605.5679 605.6357 605.6733 605.7213 605.832 605.902 605.9676 606.0183 606.1086 606.1938 606.2916 606.3258 606.3799 606.493 606.5819 606.6948 606.7308 606.8216 606.9269 607.0234 607.1074 607.1619 607.261 607.3524 607.4266 607.5324 607.6357 607.6674 607.777 607.8565 607.909 607.989 608.047 608.121 608.1852 608.2059 608.3118 608.2968 608.3378 608.337 608.311 608.2885 608.2645 608.2397 608.2152 608.1904 608.162 608.138 608.1095 608.0855 608.0566
-9999 -9999 608.6143 604.5014 603.5643 604.3301 605.7853 605.9128 605.9692 606.0198 606.0728 606.1384 606.2114 606.2509 606.3195 606.3796 606.4442 606.5469 606.6375 606.7164 606.7671 606.8843 606.9603 607.0602 607.1172 607.1823 607.3027 607.3906 607.5296 607.5702 607.6649 607.7834 607.8815 607.979 608.0502 608.1493 608.2459 608.3395 608.4454 608.5487 608.6006 608.63 608.6039 608.5817 608.5593 608.537 608.515 608.4925 608.4698 608.4465 608.4242 608.4019 608.373 608.3507 608.3281 608.3041 608.2795 608.2549 608.2302 608.202 608.178 608.1497 608.1257 608.0969
-9999 -9999 608.9944 604.787 603.8573 604.697 606.1522 606.5483 606.6054 606.666 606.7292 606.8034 606.8837 606.9338 607.0067 607.0859 607.1669 607.2619 607.3693 607.465 607.5158 607.6296 607.7252 607.8288 607.9087 607.9893 608.1125 608.2003 608.3361 608.4096 608.5083 608.6399 608.738 608.836 608.81 608.7882 608.7698 608.7493 608.7285 608.71 608.6882 608.6659 608.644 608.6218 608.5993 608.5768 608.5548 608.5323 608.5095 608.4861 608.4638 608.4415 608.4127 608.3904 608.3678 608.3438 608.3192 608.2946 608.27 608.2419 608.2179 608.1898 608.1658 608.1372
-9999 -9999 609.3746 605.0726 604.1503 605.0638 606.519 607.1787 607.2416 607.3121 607.3857 607.4684 607.5558 607.6187 607.705 607.7956 607.8859 607.9771 608.0937 608.1976 608.2645 608.3749 608.4902 608.5974 608.7001 608.7896 608.9183 608.9875 608.9653 608.9461 608.9277 608.9105 608.8893 608.8712 608.8508 608.829 608.8104 608.7899 608.7687 608.7502 608.7285 608.7062 608.6841 608.6618 608.6393 608.6166 608.5947 608.572 608.5493 608.5259 608.5034 608.4811 608.4523 608.4301 608.4075 608.3835 608.3589 608.3344 608.3098 608.2819 608.2579 608.2299 608.2059 608.1776
-9999 -9999 609.7548 605.3583 604.4434 605.4306 606.8858 607.7963 607.8778 607.9583 608.0421 608.1334 608.228 608.3054 608.3893 608.5059 608.5922 608.6926 608.8108 608.9252 609.0132 609.1202 609.1158 609.0997 609.0813 609.0598 609.0441 609.0266 609.0075 608.9883 608.9691 608.9522 608.931 608.9122 608.892 608.8703 608.8511 608.8306 608.8089 608.7904 608.7687 608.7465 608.7242 608.7018 608.6793 608.6565 608.6345 608.6118 608.5891 608.5656 608.543 608.5206 608.4921 608.4697 608.4471 608.4232 608.3986 608.3741 608.3495 608.3218 608.2979 608.27 608.246 608.2179
-9999 -9999 610.1349 605.6439 604.7364 605.7975 607.2527 608.414 608.514 608.6045 608.6986 608.7984 608.9003 608.9881 609.0723 609.2019 609.2635 609.243 609.2281 609.2087 609.191 609.1752 609.1598 609.1429 609.1249 609.1032 609.087 609.0693 609.0497 609.0305 609.0104 608.9939 608.9727 608.9532 608.9332 608.9116 608.8918 608.8713 608.8495 608.8306 608.809 608.7867 608.7643 608.7418 608.7194 608.6964 608.6743 608.6515 608.6288 608.6053 608.5826 608.5602 608.5319 608.5094 608.4868 608.4628 608.4384 608.4138 608.3892 608.3618 608.3378 608.3101 608.2861 608.2582
