samples/sfe_316/sfe_316_v9/sfe_316_v9/sfe_316_v9.asc
ncols         184
nrows         75
xllcorner     96.199999999255
yllcorner     62.60000000149
cellsize      1
NODATA_value  -9999
[rows 0 to 27 of 75, columns 0 to 63 of 184]
-9999 -9999 -9999 -9999 610.4408 610.4164 610.3923 610.3678 610.3438 610.3196 610.2953 610.2711 610.2468 610.2225 610.1982 610.1741 610.15 610.1257 610.1013 610.077 610.0528 610.0284 610.0044 609.98 609.9557 609.9314 609.9073 609.883 609.8587 609.8343 609.8102 609.7859 609.762 609.7375 609.7132 609.6891 609.6647 609.6407 609.6163 609.5923 609.5679 609.5439 609.5195 609.4955 609.4711 609.4471 609.4232 609.3987 609.3746 609.3506 609.3263 609.3022 609.2784 609.2544 609.2299 609.2059 609.1821 609.158 609.1342 609.1102 609.0862 609.0624 609.0383 609.0145
-9999 -9999 -9999 -9999 610.3751 610.3491 610.325 610.2989 610.2748 610.2497 610.2249 610.1997 610.1744 610.1492 610.1246 610.0998 610.0749 610.0496 610.0241 609.9987 609.9741 609.9482 609.9241 609.8986 609.8734 609.8485 609.8236 609.798 609.7728 609.7479 609.7228 609.6976 609.6735 609.6475 609.6221 609.598 609.572 609.5479 609.5224 609.4983 609.4727 609.4487 609.423 609.3989 609.3732 609.3491 609.3252 609.2994 609.2752 609.2512 609.2255 609.2014 609.178 609.154 609.1281 609.1041 609.0807 609.0565 609.0332 609.0092 608.9852 608.9619 608.9378 608.9145
-9999 -9999 -9999 610.3398 610.3095 610.2818 610.2578 610.2299 610.2058 610.1798 610.1544 610.1283 610.1021 610.0759 610.0517 610.0254 609.9998 609.9734 609.9469 609.9203 609.8958 609.8681 609.8438 609.817 609.791 609.7665 609.7399 609.713 609.6868 609.6622 609.6353 609.6091 609.585 609.5575 609.5313 609.5069 609.4792 609.4551 609.4285 609.4042 609.3774 609.3534 609.3264 609.3024 609.2753 609.251 609.2273 609.2001 609.1758 609.1518 609.1247 609.1005 609.0776 609.0536 609.0261 609.0021 608.9793 608.955 608.9322 608.9082 608.8842 608.8614 608.8373 608.8145
-9999 -9999 -9999 610.2756 610.2438 610.2139 610.1904 610.1603 610.1368 610.1099 610.0837 610.0579 610.0295 610.0037 609.9784 609.951 609.9247 609.8972 609.8696 609.8418 609.8174 609.7899 609.7635 609.7355 609.7094 609.6844 609.6561 609.628 609.6017 609.5765 609.5479 609.5203 609.4965 609.4675 609.4412 609.4158 609.3863 609.3622 609.3345 609.3102 609.2821 609.2581 609.2298 609.2058 609.177 609.153 609.1293 609.1006 609.0764 609.0524 609.0239 608.9996 608.9772 608.9532 608.9241 608.9002 608.8779 608.8535 608.8312 608.8072 608.7832 608.7609 608.7368 608.7145
-9999 -9999 -9999 610.2115 610.1781 610.1487 610.123 610.0938 610.0677 610.0396 610.0128 609.9878 609.9568 609.9318 609.905 609.8766 609.8494 609.8205 609.7918 609.763 609.7391 609.7116 609.6832 609.6535 609.6279 609.6019 609.5724 609.5428 609.5166 609.4905 609.4604 609.4321 609.408 609.3772 609.3511 609.3246 609.2932 609.2694 609.2402 609.2162 609.1868 609.1628 609.1328 609.1092 609.0795 609.055 609.0314 609.0009 608.977 608.953 608.9229 608.8987 608.8768 608.8528 608.8217 608.7983 608.7765 608.7521 608.7302 608.7062 608.6822 608.6604 608.6364 608.6145
-9999 -9999 -9999 610.147 610.1121 610.0836 610.0554 610.0268 609.9984 609.9695 609.9432 609.9177 609.8845 609.8598 609.8316 609.8019 609.774 609.7444 609.7147 609.6847 609.6608 609.6331 609.6028 609.5719 609.5464 609.5195 609.4885 609.4574 609.4315 609.4044 609.3727 609.3447 609.3195 609.2869 609.261 609.2335 609.201 609.1766 609.1462 609.1222 609.0911 609.0676 609.0361 609.0126 608.9829 608.957 608.9335 608.9017 608.8776 608.8536 608.8218 608.7979 608.7764 608.7524 608.7204 608.6964 608.675 608.6506 608.6292 608.6052 608.5814 608.5599 608.5358 608.5145
-9999 -9999 610.1205 610.0825 610.0462 610.0172 609.988 609.9587 609.9293 609.9 609.8736 609.8476 609.8126 609.7878 609.7581 609.7274 609.699 609.6695 609.639 609.6082 609.5825 609.5537 609.5222 609.4911 609.465 609.437 609.4044 609.3725 609.3464 609.3184 609.285 609.2572 609.231 609.197 609.1709 609.1423 609.1099 609.084 609.0533 609.0282 608.9958 608.9723 608.9407 608.9161 608.8864 608.8591 608.8355 608.8038 608.7781 608.7546 608.7211 608.697 608.676 608.652 608.62 608.5945 608.5735 608.5492 608.5282 608.5042 608.4808 608.4594 608.4353 608.4145
-9999 -9999 610.0544 610.0179 609.9807 609.9507 609.9208 609.8907 609.8604 609.8314 609.804 609.7775 609.7427 609.7159 609.6844 609.653 609.6241 609.5948 609.5637 609.5318 609.5042 609.4745 609.4418 609.4109 609.3835 609.3544 609.3207 609.2879 609.2614 609.2321 609.1977 609.1697 609.1425 609.108 609.0808 609.051 609.0187 608.9917 608.961 608.9341 608.9009 608.877 608.8455 608.8195 608.7897 608.7612 608.7375 608.7059 608.6787 608.6557 608.6218 608.5961 608.5756 608.5516 608.5196 608.4926 608.472 608.4478 608.4272 608.4032 608.3804 608.3589 608.3348 608.3145
-9999 -9999 609.9899 609.9534 609.9165 609.8855 609.8536 609.824 609.7914 609.7628 609.7344 609.707 609.6728 609.6434 609.611 609.5787 609.55 609.5203 609.4883 609.4554 609.4257 609.3954 609.3616 609.3308 609.302 609.2717 609.2371 609.2045 609.1763 609.146 609.1103 609.0823 609.054 609.0195 608.9907 608.9599 608.9276 608.8994 608.8686 608.8401 608.8069 608.7817 608.7502 608.723 608.6932 608.6632 608.6395 608.6079 608.5793 608.5568 608.5228 608.4952 608.4752 608.4512 608.4192 608.3907 608.3705 608.3464 608.3262 608.3022 608.2798 608.2584 608.2343 608.2145
-9999 -9999 609.9255 609.8889 609.8523 609.8203 609.7863 609.7572 609.7225 609.6943 609.6647 609.6364 609.6029 609.5708 609.5377 609.5049 609.4759 609.4457 609.413 609.379 609.3474 609.3164 609.2814 609.2507 609.2205 609.1893 609.1542 609.1212 609.0912 609.06 609.0245 608.9949 608.9654 608.931 608.9006 608.8688 608.8365 608.8069 608.7762 608.7462 608.7129 608.6865 608.6549 608.6263 608.5966 608.5653 608.5414 608.51 608.4799 608.4578 608.4239 608.3943 608.3748 608.3508 608.3188 608.2888 608.269 608.245 608.2252 608.2012 608.1794 608.1579 608.1339 608.1145
-9999 -9999 609.8613 609.8243 609.7881 609.7551 609.7191 609.6904 609.6542 609.6257 609.5952 609.5658 609.5322 609.4985 609.4644 609.432 609.4019 609.3711 609.3377 609.3026 609.2689 609.238 609.2024 609.1706 609.139 609.1069 609.0721 609.0378 609.0061 608.9742 608.9389 608.9074 608.8768 608.8425 608.8105 608.7786 608.7454 608.7146 608.6838 608.6521 608.6189 608.5912 608.5597 608.5298 608.5 608.4673 608.4434 608.412 608.3804 608.3589 608.328 608.306 608.1936 608.1696 608.1506 608.0662 607.9312 607.9072 607.8876 607.8636 607.8422 607.8205 607.8023 607.7832
-9999 609.8358 609.7971 609.7598 609.7239 609.6899 609.6542 609.6237 609.5877 609.5571 609.5255 609.4954 609.4613 609.4261 609.3919 609.3591 609.3278 609.2965 609.2623 609.2262 609.1904 609.1597 609.1241 609.0905 609.0576 609.0252 608.9901 608.9545 608.921 608.8892 608.8533 608.8199 608.7884 608.754 608.7205 608.6886 608.6543 608.6222 608.5915 608.57 608.4536 608.3383 608.2206 608.1342 607.9827 607.9337 607.7774 607.7311 607.6544 607.5131 607.4911 607.3972 607.2849 607.2609 607.2419 607.1767 607.0416 607.0177 606.9982 606.9742 606.9527 606.9304 606.9318 606.9121
-9999 609.769 609.7329 609.6953 609.6598 609.6248 609.5892 609.5569 609.5212 609.4885 609.4559 609.4249 609.3912 609.3538 609.3199 609.2861 609.2537 609.2219 609.187 609.1498 609.112 609.0814 609.0459 609.0103 608.9761 608.9437 608.908 608.8711 608.8359 608.8041 608.769 608.7475 608.6217 608.4682 608.3373 608.1947 608.0535 607.9265 607.7697 607.6616 607.5074 607.4075 607.2695 607.1997 607.0427 607.0048 606.8486 606.8024 606.7256 606.5844 606.5618 606.4885 606.376 606.3521 606.3331 606.2873 606.152 606.1282 606.1088 606.0848 606.0633 606.0403 606.0613 606.0411
-9999 609.7046 609.6688 609.6308 609.5956 609.5596 609.5243 609.4901 609.4547 609.4199 609.3862 609.3547 609.3211 609.2822 609.248 609.2133 609.1796 609.1473 609.111 609.0726 609.0341 609.0031 608.9677 608.9302 608.9035 608.8112 608.6472 608.4759 608.3132 608.1643 608.0186 607.8521 607.7225 607.5587 607.4154 607.2671 607.1287 606.9988 606.842 606.7271 606.5726 606.4767 606.3201 606.2653 606.1083 606.0619 605.9197 605.8737 605.7969 605.6556 605.6325 605.5797 605.4673 605.4433 605.4243 605.3978 605.2625 605.2388 605.2193 605.1953 605.1738 605.1511 605.1907 605.17
-9999 609.6401 609.6046 609.5664 609.5314 609.4944 609.4594 609.4233 609.3881 609.3513 609.3163 609.285 609.251 609.2123 609.1761 609.1403 609.1055 609.0728 609.0425 608.9232 608.7394 608.6025 608.4296 608.2602 608.1035 607.9614 607.7949 607.6115 607.4368 607.2916 607.1355 606.9566 606.822 606.6492 606.4936 606.3412 606.204 606.0706 605.9142 605.7933 605.6379 605.5452 605.3893 605.3309 605.1739 605.1113 604.9908 604.9449 604.8542 604.7269 604.7032 604.6709 604.5585 604.5345 604.5155 604.4914 604.3729 604.3493 604.3298 604.3058 604.2844 604.2805 604.3202 604.299
-9999 609.5756 609.5404 609.502 609.4671 609.4293 609.3944 609.3566 609.3213 609.2828 609.2471 609.2155 609.1819 609.1041 608.9481 608.7941 608.6409 608.4813 608.327 608.1414 607.9448 607.7893 607.6147 607.426 607.2779 607.1115 606.9426 606.7471 606.5706 606.4152 606.2524 606.0635 605.9155 605.7396 605.5902 605.4194 605.2792 605.1423 604.9865 604.8595 604.7031 604.6135 604.4585 604.3965 604.2394 604.1609 604.062 604.0162 603.9039 603.7979 603.7741 603.7522 603.6498 603.6258 603.6068 603.5829 603.4834 603.4598 603.4404 603.4164 603.3945 603.4098 603.4496 603.4279
609.5511 609.5112 609.4762 609.4376 609.4027 609.3641 609.329 609.297 609.188 609.0034 608.8658 608.7169 608.5626 608.3804 608.2037 608.0358 607.8745 607.7177 607.5464 607.3583 607.1494 606.9762 606.8094 606.5988 606.4492 606.2615 606.0902 605.9 605.7145 605.5388 605.3685 605.1913 605.017 604.8331 604.6887 604.4976 604.3545 604.214 604.0588 603.9161 603.7684 603.6802 603.5276 603.4467 603.3051 603.2106 603.1331 603.0874 602.9535 602.8685 602.8453 602.8235 602.7411 602.7171 602.6979 602.6741 602.5939 602.5703 602.5509 602.5269 602.5045 602.5392 602.5792 602.5568
609.4836 609.4469 609.4175 609.2949 609.1591 608.97 608.8329 608.6419 608.5037 608.3088 608.1616 608.0006 607.8337 607.6567 607.4592 607.2798 607.1246 606.9602 606.7659 606.5751 606.3541 606.163 606.015 605.798 605.6151 605.4116 605.2433 605.055 604.8501 604.6624 604.4842 604.3148 604.1216 603.93 603.7671 603.5757 603.4298 603.2857 603.1311 602.9749 602.8343 602.7299 602.5963 602.4969 602.3706 602.2603 602.2042 602.1587 602.0029 601.9392 601.9166 601.8949 601.8325 601.8085 601.7892 601.7651 601.7045 601.6807 601.6614 601.6375 601.6145 601.6685 601.7086 601.6857
609.1157 608.9633 608.8337 608.6462 608.5085 608.3246 608.1511 607.9746 607.8141 607.6255 607.4572 607.2843 607.1047 606.9468 606.7207 606.5574 606.3685 606.1938 605.9852 605.7954 605.584 605.3705 605.213 604.9831 604.7809 604.5785 604.4069 604.21 603.9857 603.786 603.5999 603.4316 603.2261 603.0269 602.8576 602.6539 602.5052 602.3574 602.2034 602.0472 601.9006 601.7802 601.6646 601.5472 601.4362 601.3099 601.2753 601.2299 601.0729 601.0099 600.9879 600.9662 600.9238 600.8998 600.8804 600.8563 600.8151 600.7911 600.772 600.748 600.7245 600.7979 600.8381 600.8147
608.502 608.3432 608.1967 608.0115 607.8544 607.677 607.4692 607.3053 607.1245 606.9421 606.7527 606.5682 606.4072 606.2302 606.0048 605.822 605.6101 605.4273 605.2047 605.0237 604.8203 604.5804 604.3998 604.1736 603.9468 603.7552 603.5697 603.365 603.1295 602.9178 602.715 602.5482 602.333 602.1259 601.949 601.7347 601.5805 601.4291 601.2756 601.1194 600.9668 600.8304 600.7329 600.5974 600.5018 600.3596 600.3355 600.3011 600.197 600.1679 600.1413 600.119 600.0947 600.0707 600.0512 600.0272 600.0033 599.9792 599.9602 599.9362 599.9235 599.9272 599.9675 599.9436
607.877 607.72 607.5597 607.3766 607.2003 607.0295 606.8015 606.6438 606.4349 606.2709 606.0515 605.886 605.709 605.5012 605.2811 605.0775 604.8517 604.6609 604.4459 604.2517 604.0449 603.785 603.5867 603.3898 603.1351 602.9319 602.7198 602.5147 602.2847 602.0639 601.8469 601.6639 601.4608 601.2342 601.0459 600.8332 600.6559 600.5008 600.4275 600.3973 600.3588 600.3217 600.2864 600.2558 600.2166 600.1853 600.1435 600.123 600.0991 600.061 600.0344 600.0089 599.9818 599.9582 599.938 599.914 599.8907 599.8666 599.847 599.8229 599.817 599.7958 599.7755 599.7537
608.088 607.0965 606.9227 606.7523 606.5483 606.3965 606.1807 605.9684 605.7739 605.6042 605.3796 605.2042 604.9928 604.7723 604.5701 604.333 604.1249 603.9134 603.6964 603.4797 603.2622 603.015 602.7889 602.5954 602.3416 602.1086 601.879 601.6649 601.4399 601.21 600.9788 600.7796 600.5887 600.5347 600.4934 600.4471 600.4066 600.3682 600.3325 600.2924 600.2556 600.2197 600.184 600.1519 600.1117 600.0794 600.0376 600.0136 599.9896 599.9542 599.9276 599.899 599.8695 599.8456 599.8248 599.8008 599.7781 599.7541 599.7338 599.7106 599.7052 599.6827 599.6589 599.6325
608.4681 606.473 606.2866 606.133 605.923 605.7598 605.5474 605.2865 605.1051 604.9175 604.6962 604.502 604.2765 604.0705 603.8644 603.6204 603.4023 603.1777 602.947 602.7076 602.4905 602.2513 602.0022 601.7964 601.5378 601.2853 601.0558 600.8285 600.658 600.6147 600.5635 600.5206 600.4793 600.4309 600.3911 600.3475 600.3044 600.2638 600.2281 600.1874 600.1522 600.1182 600.0817 600.0497 600.0069 599.9735 599.9317 599.9041 599.8802 599.8474 599.8207 599.7892 599.7596 599.7331 599.7117 599.6877 599.6656 599.6415 599.6207 599.5988 599.5935 599.5695 599.5423 599.5112
608.8483 605.863 605.6769 605.5138 605.2881 605.1058 604.8998 604.6526 604.4445 604.2279 604.024 603.7975 603.5884 603.3766 603.1585 602.9055 602.6801 602.4261 602.1975 601.928 601.7188 601.4875 601.2155 600.9974 600.754 600.7079 600.6534 600.601 600.5505 600.5044 600.4539 600.4098 600.3729 600.3271 600.2886 600.2477 600.2023 600.1618 600.1238 600.0825 600.049 600.015 599.9793 599.9475 599.902 599.8677 599.8258 599.7944 599.7708 599.7405 599.7139 599.6795 599.6497 599.6205 599.5985 599.5745 599.553 599.529 599.5075 599.4869 599.4818 599.4563 599.4257 599.39
609.2284 605.2687 605.0671 604.8821 604.6646 604.4517 604.266 604.0293 603.7857 603.5632 603.3571 603.1222 602.9063 602.683 602.4398 602.1934 601.9513 601.6925 601.4473 601.174 600.9469 600.826 600.7543 600.6942 600.6427 600.5823 600.5295 600.4803 600.4332 600.3904 600.3444 600.299 600.2665 600.2234 600.1863 600.1464 600.1002 600.06 600.0195 599.9776 599.9456 599.9114 599.877 599.8451 599.7972 599.7618 599.72 599.685 599.6614 599.6336 599.6065 599.5702 599.5399 599.5078 599.4854 599.4613 599.4404 599.4164 599.3943 599.3751 599.369 599.3431 599.309 599.27
609.6086 604.6744 604.4539 604.2451 604.0455 603.828 603.6341 603.405 603.1113 602.9048 602.6904 602.4503 602.2244 601.985 601.7339 601.4879 601.23 600.9698 600.8785 600.8138 600.7398 600.6792 600.6063 600.5487 600.5139 600.4589 600.4056 600.3597 600.3167 600.2746 600.2347 600.1881 600.1568 600.1196 600.0839 600.0444 599.9985 599.9581 599.9152 599.8727 599.8406 599.808 599.7757 599.7408 599.6938 599.6559 599.6141 599.5756 599.552 599.5267 599.4991 599.4627 599.43 599.3951 599.3722 599.3481 599.3279 599.3039 599.2812 599.2632 599.2558 599.23 599.1924 599.1507
-9999 604.5496 603.8304 603.6202 603.4263 603.1996 603.0024 602.7703 602.5021 602.2451 602.0209 601.7772 601.5425 601.2909 601.0399 600.9485 600.8747 600.8032 600.7297 600.6639 600.5901 600.5269 600.4598 600.4033 600.382 600.3343 600.2798 600.2391 600.2002 600.1593 600.1242 600.0772 600.0461 600.0128 599.9815 599.942 599.8989 599.8563 599.8119 599.7695 599.7344 599.7047 599.6744 599.6371 599.5916 599.55 599.5082 599.4664 599.4426 599.4185 599.3917 599.3553 599.3201 599.2825 599.259 599.235 599.2153 599.1913 599.168 599.1515 599.1426 599.1168 599.0757 599.0341
-9999 604.9297 603.2241 603.0105 602.8071 602.5768 602.3571 602.1356 601.8779 601.5928 601.3525 601.1101 601.0189 600.9397 600.8655 600.7902 600.7203 600.6461 600.5817 600.5112 600.4404 600.3715 600.3133 600.2578 600.2444 600.2032 600.1508 600.1171 600.0837 600.0456 600.0115 599.9647 599.9351 599.9047 599.8773 599.8396 599.7978 599.7545 599.7101 599.6667 599.6289 599.6014 599.5731 599.5346 599.4894 599.4442 599.4023 599.3605 599.3332 599.3091 599.2842 599.2479 599.2102 599.1698 599.1458 599.1218 599.1027 599.0787 599.0548 599.0398 599.0294 599.0037 598.9606 598.9235
