samples/sfe_316/sfe_316_v9/sfe_316_v9/sfe_316_v9.asc
ncols         184
nrows         75
xllcorner     96.199999999255
yllcorner     62.60000000149
cellsize      1
NODATA_value  -9999
[rows 28 to 55 of 75, columns 64 to 127 of 184]
598.3965 598.318 598.327 598.3365 598.293 598.4575 598.5655 598.496 598.2835 598.344 598.4505 598.1755 598.171 598.274 598.284 598.042 598.04 598.1485 597.9465 598.0025 598.0855 597.9965 597.848 597.7665 597.84 597.844 597.6635 597.782 597.934 597.8045 598.0025 598.242 598.3097 598.3768 598.4299 598.4821 598.5367 598.5892 598.6509 598.7344 598.7766 598.8208 598.8485 598.8957 599.0112 599.1271 599.2418 599.3557 599.4676 599.5376 599.6392 599.7477 599.8503 599.9229 600.0325 600.1343 600.2166 600.2971 600.3704 600.4434 600.5417 600.619 600.6982 600.7918
598.453 598.552 598.489 598.455 598.2705 598.408 598.3885 598.2055 598.11 598.275 598.424 598.186 598.004 598.001 598.1505 597.995 597.849 597.8875 597.795 597.9555 597.9235 597.7645 597.863 597.857 597.657 597.5775 597.541 597.723 597.8435 597.5505 597.382 597.676 597.6535 598.058 598.1207 598.1678 598.2173 598.2958 598.3813 598.4826 598.524 598.5623 598.5765 598.6033 598.6462 598.6797 598.7525 598.7983 598.9025 598.972 599.0854 599.1962 599.2899 599.3683 599.4822 599.5795 599.6633 599.7405 599.8153 599.8843 599.9909 600.0599 600.1434 600.2355
598.374 598.525 598.3905 598.3051 598.2115 598.4035 598.5395 598.245 598.117 598.167 598.1795 598.2121 598.1515 597.9985 597.9915 597.943 597.8225 597.9695 597.857 597.9235 597.9695 597.864 597.9095 597.693 597.4535 597.6415 597.7175 597.668 597.706 597.45 597.2675 597.5295 597.628 597.575 597.474 597.37 597.3325 598.0208 598.1548 598.2356 598.2714 598.287 598.2856 598.2874 598.3155 598.3171 598.3596 598.4534 598.5307 598.576 598.6294 598.6459 598.7295 598.8181 598.9318 599.0247 599.11 599.184 599.2562 599.3314 599.4318 599.5016 599.5919 599.6765
598.2825 598.3135 598.484 598.5315 598.3525 598.4785 598.5656 598.3135 598.298 598.403 598.2205 598.304 598.3435 598.27 598.2065 598.123 597.8845 597.9545 597.8416 597.857 597.7825 597.622 597.7526 597.666 597.407 597.6415 597.551 597.415 597.5915 597.391 597.1715 597.379 597.3305 597.2395 597.413 597.4695 597.21 597.3475 597.391 597.9796 598.0189 598.0085 597.9897 597.9717 597.9663 597.9514 597.9669 598.0947 598.1984 598.2595 598.2667 598.292 598.3122 598.3959 598.4818 598.5365 598.5567 598.6274 598.6971 598.783 598.8727 598.9468 599.0356 599.1207
598.5545 598.6795 598.7205 598.6565 598.643 598.6715 598.557 598.4155 598.323 598.3775 598.4295 598.342 598.153 598.2465 598.179 598.014 597.9265 597.885 597.8255 597.7875 597.7225 597.6635 597.827 597.637 597.4205 597.645 597.5015 597.531 597.677 597.373 597.3232 597.301 597.1415 597.291 597.401 597.3395 597.153 597.075 597.026 597.2175 597.2355 597.088 597.3105 597.1281 596.9 597.147 597.3845 597.7835 597.8773 597.9161 597.9041 597.899 597.9083 597.9918 598.089 598.1829 598.2404 598.2731 598.3038 598.3604 598.3908 598.392 598.4792 598.5659
598.9854 598.9612 598.957 598.9374 598.9134 598.8918 598.8577 598.799 598.7353 598.6931 598.6694 598.6454 598.6214 598.5825 598.431 598.212 598.206 598.1395 598.1205 598.0995 598.057 598.007 597.9835 597.745 597.4675 597.616 597.498 597.5345 597.7065 597.4615 597.39 597.4255 597.196 597.2655 597.185 597.0235 597.1475 597.1122 597.016 597.137 597.2155 597.118 597.142 596.952 596.705 596.8975 597.129 596.949 596.906 597.008 597.122 597.1155 596.929 597.4215 597.7082 597.8273 597.8893 597.9283 597.9652 598.0046 598.0464 598.0872 598.1361 598.1866
599.1082 599.0831 599.0765 599.0595 599.0355 599.0167 598.9824 598.9252 598.8792 598.838 598.8184 598.7943 598.7703 598.7253 598.6818 598.6063 598.5085 598.07 598.04 598.1245 598.0735 598.021 597.9675 597.897 597.696 597.6025 597.5415 597.5105 597.614 597.6265 597.4765 597.375 597.2985 597.259 597.1875 597.1295 597.1195 597.1125 597.14 597.181 597.194 596.94 596.911 596.8845 596.769 596.7015 596.818 596.8425 596.8305 596.8115 596.8995 596.6765 596.508 596.801 596.9675 597.044 597.469 597.5774 597.626 597.647 597.7019 597.7372 597.7916 597.8541
599.231 599.2052 599.196 599.1816 599.1577 599.1415 599.1071 599.046 599.0231 598.983 598.9648 598.9431 598.9191 598.8748 598.8444 598.7656 598.6868 598.6216 598.5459 598.5028 598.4384 598.206 598.1875 597.897 597.884 597.8655 597.826 597.837 597.683 597.6045 597.6775 597.7079 597.7185 597.67 597.5625 597.5165 597.506 597.488 597.2795 597.1965 597.24 597.0255 596.7914 596.737 596.906 596.9035 596.6675 596.5905 596.6109 596.453 596.615 596.462 596.307 596.5365 596.5155 596.4795 596.6875 596.641 596.7715 596.7475 596.765 597.1776 597.4472 597.5262
599.3533 599.3273 599.3155 599.3037 599.2797 599.266 599.2318 599.1773 599.167 599.128 599.1091 599.092 599.068 599.0286 599.0069 598.9249 598.8715 598.8317 598.7656 598.7338 598.6768 598.6165 598.5989 598.5319 598.4557 598.3498 598.2965 598.2726 598.246 598.2814 598.2574 598.2334 598.2094 598.1782 598.0998 598.0778 598.0731 598.0975 598.1051 598.058 597.9629 597.65 597.1899 596.9815 597.109 596.8785 596.6495 596.855 596.7415 596.5544 596.519 596.452 596.4115 596.4437 596.3716 596.4575 596.3985 596.4725 596.583 596.5305 596.397 596.5915 596.5245 596.6825
599.4752 599.45 599.435 599.4258 599.4019 599.3893 599.3566 599.3137 599.3055 599.273 599.2533 599.241 599.217 599.1824 599.1695 599.1071 599.0638 599.0417 598.9886 598.9648 598.9201 598.8732 598.8556 598.8207 598.7654 598.6777 598.6519 598.628 598.576 598.5894 598.5654 598.5414 598.5174 598.4738 598.4078 598.3858 598.3431 598.3528 598.3604 598.303 598.2268 598.1265 597.9799 597.766 597.373 597.1875 597.016 597.209 597.1875 597.0125 596.883 596.813 596.767 596.6815 596.3805 596.448 596.424 596.4955 596.413 596.3226 596.178 596.3305 596.2905 596.4515
599.5948 599.5728 599.5545 599.5479 599.5239 599.5114 599.4813 599.45 599.444 599.418 599.3975 599.3901 599.3661 599.3372 599.3313 599.2916 599.2549 599.2517 599.2199 599.1958 599.1633 599.1298 599.1122 599.1094 599.075 599.035 599.007 598.9709 598.9057 598.8972 598.8732 598.8491 598.8251 598.7703 598.7156 598.6928 598.6356 598.6232 598.6157 598.548 598.4951 598.3912 598.3082 598.1531 598.0717 597.9975 598.0064 597.9793 597.8774 597.7253 597.0475 597.0225 597.1005 596.806 596.616 596.6155 596.64 596.619 596.5385 596.468 596.3295 596.267 596.185 596.383
599.7145 599.6955 599.674 599.6697 599.6461 599.6335 599.6123 599.5863 599.5825 599.563 599.5417 599.5391 599.5151 599.4931 599.482 599.5151 599.5011 599.5004 599.5634 599.5649 599.5374 599.5133 599.4859 599.4979 599.5558 599.5316 599.4455 599.3514 599.3244 599.3004 599.2735 599.2467 599.1537 599.0772 599.0523 598.9685 598.9366 598.8935 598.871 598.796 598.7625 598.6812 598.6259 598.514 598.4363 598.3824 598.3347 598.3019 598.2056 598.0644 597.916 597.824 597.7631 597.7286 597.6994 597.6275 597.5455 597.0905 596.657 596.5515 596.5805 596.5675 596.369 596.4335
599.832 599.806 599.863 599.8491 599.9416 599.948 599.9997 600.0554 600.0313 600.0883 600.1178 600.1055 600.188 600.174 600.1561 600.2312 600.2172 600.1948 600.2579 600.2562 600.2169 600.1927 600.1539 600.1512 600.2075 600.1678 600.0785 599.9877 599.9509 599.9214 599.8901 599.8541 599.7567 599.6845 599.6494 599.5519 599.475 599.4218 599.3248 599.2668 599.1708 599.089 598.9932 598.8894 598.8016 598.728 598.6755 598.6241 598.5506 598.4373 598.3148 598.2313 598.1501 598.1105 598.0449 597.9586 597.8638 597.7689 597.6727 597.5646 597.4829 597.426 597.0125 596.9985
600.6002 600.6415 600.698 600.6735 600.7595 600.7663 600.8015 600.8571 600.8209 600.8594 600.8889 600.8481 600.9306 600.9161 600.8723 600.9474 600.9332 600.8892 600.9523 600.9476 600.8964 600.8716 600.8218 600.8044 600.8541 600.8041 600.7115 600.6239 600.5773 600.5367 600.5067 600.4587 600.3596 600.2918 600.2401 600.1425 600.0644 600.0028 599.9045 599.8404 599.7443 599.6605 599.5638 599.4537 599.362 599.2676 599.1663 599.0607 598.9572 598.8297 598.7191 598.6066 598.5347 598.4655 598.3728 598.2965 598.1937 598.1151 598.0054 597.9133 597.8353 597.7458 597.697 597.6533
601.4531 601.477 601.533 601.5092 601.5774 601.5846 601.6032 601.6589 601.6068 601.6306 601.66 601.5959 601.6732 601.6583 601.5948 601.6635 601.6492 601.5854 601.6467 601.639 601.5759 601.5396 601.4897 601.4577 601.5008 601.4401 601.3445 601.2601 601.2038 601.152 601.1232 601.0617 600.9626 600.8873 600.8307 600.7331 600.6538 600.5838 600.481 600.4139 600.3174 600.2319 600.1247 600.018 599.9224 599.8279 599.724 599.6151 599.5109 599.3785 599.2722 599.1523 599.0281 598.9009 598.7602 598.637 598.4922 598.4405 598.3405 598.2619 598.1632 598.0904 598.0065 597.9594
602.306 602.3125 602.368 602.3442 602.3953 602.4029 602.405 602.4609 602.3928 602.4017 602.4312 602.365 602.4156 602.4005 602.3246 602.3796 602.3653 602.2887 602.3411 602.3231 602.2554 602.2076 602.1577 602.1109 602.1475 602.0756 601.9775 601.8964 601.8303 601.7673 601.738 601.6647 601.5644 601.481 601.4213 601.3219 601.2432 601.1648 601.0552 600.9875 600.8889 600.8034 600.6865 600.5823 600.4827 600.3883 600.2817 600.1694 600.0609 599.9278 599.8252 599.6981 599.578 599.4405 599.3101 599.1766 599.0421 598.9159 598.775 598.6498 598.5065 598.3852 598.3124 598.2463
603.1589 603.148 603.203 603.1791 603.2132 603.2212 603.2068 603.2628 603.1788 603.1728 603.2023 603.134 603.1582 603.1427 603.0589 603.0958 603.0814 602.9921 603.0356 603.0027 602.9348 602.8757 602.8257 602.7642 602.7941 602.7111 602.6101 602.533 602.4568 602.3826 602.3442 602.2676 602.1628 602.0747 602.0119 601.9101 601.8326 601.7458 601.6294 601.561 601.4615 601.3749 601.2508 601.1428 601.0432 600.9451 600.8395 600.7238 600.6096 600.4808 600.377 600.2438 600.1279 599.9801 599.86 599.7162 599.592 599.4591 599.3261 599.1912 599.0576 598.9266 598.7892 598.6621
604.0118 603.9852 604.038 604.014 604.0311 604.0396 604.0134 604.0647 603.9647 603.9439 603.9734 603.903 603.9008 603.8849 603.7954 603.812 603.7974 603.697 603.73 603.6823 603.6143 603.5437 603.4922 603.4174 603.4306 603.3463 603.2406 603.1616 603.0833 602.9979 602.9504 602.8706 602.7613 602.6684 602.6025 602.4983 602.4225 602.3263 602.2065 602.1345 602.0421 601.9461 601.8151 601.7008 601.6035 601.5017 601.3972 601.2781 601.1583 601.0339 600.9227 600.7936 600.6778 600.5256 600.4099 600.2577 600.1418 600.0023 599.8772 599.7325 599.6087 599.468 599.3403 599.2035
604.8647 604.8376 604.873 604.849 604.849 604.8579 604.8312 604.8663 604.7507 604.7151 604.7444 604.672 604.6433 604.6271 604.5319 604.5281 604.5134 604.405 604.4244 604.3619 604.2938 604.2118 604.1535 604.0707 604.067 603.9793 603.871 603.7867 603.71 603.6141 603.5566 603.4736 603.3598 603.2634 603.1932 603.0943 603.0048 602.9043 602.7873 602.7081 602.6136 602.507 602.3794 602.2603 602.1639 602.0582 601.9467 601.8325 601.707 601.5869 601.4684 601.3434 601.218 601.0755 600.9542 600.8076 600.6918 600.5476 600.4283 600.2802 600.1599 600.0127 599.8914 599.7452
605.7177 605.6898 605.708 605.684 605.6669 605.6763 605.6492 605.668 605.5367 605.4975 605.5155 605.441 605.3859 605.3693 605.2684 605.2442 605.2286 605.1132 605.1188 605.0414 604.9733 604.8798 604.8147 604.7239 604.7032 604.6122 604.5015 604.4119 604.3365 604.2308 604.1627 604.0765 603.9608 603.8616 603.783 603.677 603.5858 603.4823 603.3682 603.2803 603.1851 603.0679 602.9437 602.8207 602.7242 602.6158 602.4939 602.3841 602.2558 602.14 602.0141 601.8934 601.7576 601.6254 601.4938 601.3574 601.2416 601.0963 600.9745 600.8288 600.7099 600.5613 600.4425 600.2939
606.5706 606.5422 606.543 606.519 606.4915 606.4947 606.467 606.462 606.3226 606.2829 606.2866 606.21 606.1284 606.1115 606.0048 605.9603 605.9367 605.8213 605.812 605.7211 605.6531 605.5479 605.476 605.3771 605.3396 605.2452 605.132 605.0369 604.9589 604.8475 604.7689 604.6794 604.5681 604.46 604.3712 604.2597 604.1668 604.0603 603.9491 603.8517 603.7565 603.6288 603.508 603.381 603.2847 603.1736 603.0447 602.9347 602.8045 602.693 602.5599 602.4432 602.2972 602.1753 602.0334 601.9073 601.7914 601.6465 601.5159 601.3781 601.2513 601.11 600.9868 600.8425
607.4235 607.3948 607.378 607.354 607.3262 607.3131 607.285 607.248 607.1086 607.0688 607.0576 606.979 606.8709 606.8536 606.7413 606.6765 606.6448 606.5294 606.5034 606.4006 606.3262 606.2159 606.1371 606.0304 605.976 605.8782 605.7625 605.662 605.5742 605.4642 605.3751 605.2791 605.1696 605.0582 604.9595 604.8425 604.7478 604.6383 604.5248 604.4232 604.328 604.1897 604.0685 603.9415 603.8449 603.7313 603.599 603.4853 603.3532 603.2387 603.1089 602.9931 602.8409 602.7252 602.573 602.4572 602.3347 602.1976 602.0598 601.9292 601.7927 601.6608 601.5282 601.3923
608.0326 608.0037 607.9747 607.9507 607.9223 607.8964 607.8668 607.8376 607.8087 607.7813 607.7515 607.7255 607.6229 607.5958 607.4778 607.3989 607.3529 607.2375 607.1921 607.0802 606.9943 606.8839 606.7984 606.6913 606.6122 606.5102 606.393 606.2872 606.1895 606.0809 605.9813 605.8775 605.7633 605.6532 605.5477 605.4252 605.326 605.2135 605.0983 604.9945 604.8893 604.7506 604.6265 604.5019 604.4015 604.289 604.1534 604.0356 603.9019 603.7844 603.6588 603.5352 603.3908 603.2713 603.1229 603.0071 602.8779 602.7487 602.6085 602.4803 602.341 602.2119 602.0735 601.9434
608.0729 608.0442 608.0154 607.9914 607.9632 607.9373 607.9077 607.8791 607.8503 607.8229 607.7932 607.7606 607.7313 607.7016 607.6741 607.6443 607.6147 607.5844 607.5541 607.5228 607.4913 607.461 607.435 607.3526 607.2486 607.1407 607.0235 606.9122 606.8048 606.6976 606.5875 606.476 606.357 606.2438 606.1359 606.0079 605.9041 605.7877 605.6718 605.5659 605.4502 605.3115 605.1846 605.0623 604.9581 604.8433 604.7067 604.5844 604.4547 604.3302 604.2087 604.0748 603.9407 603.8109 603.6727 603.5569 603.4246 603.2992 603.1571 603.0314 602.8896 602.7629 602.6222 602.4945
608.1132 608.0847 608.0562 608.0322 608.0042 607.9783 607.9486 607.9205 607.8919 607.8646 607.8348 607.803 607.7737 607.744 607.717 607.6873 607.6581 607.6279 607.5977 607.5667 607.5358 607.5042 607.4727 607.4402 607.4099 607.3795 607.3459 607.3143 607.2825 607.2525 607.1937 607.0744 606.9507 606.8324 606.7241 606.5906 606.4821 606.3619 606.2432 606.1373 606.0111 605.8724 605.7426 605.6227 605.5146 605.3906 605.2573 605.1331 605.0078 604.8759 604.7585 604.6144 604.4906 604.3505 604.2227 604.1068 603.9733 603.8406 603.7057 603.576 603.4383 603.3115 603.1708 603.0457
608.1536 608.1252 608.0969 608.0729 608.045 608.0192 607.9896 607.9619 607.9335 607.9062 607.8765 607.8453 607.8161 607.7864 607.76 607.7302 607.7016 607.6713 607.6417 607.6107 607.5802 607.5486 607.5177 607.4852 607.4555 607.4253 607.3917 607.3608 607.3295 607.2956 607.2648 607.2316 607.1976 607.1656 607.1343 607.1015 607.0601 606.9362 606.8146 606.7097 606.572 606.4337 606.3006 606.1832 606.0712 605.9377 605.8079 605.6818 605.5547 605.4243 605.3084 605.1563 605.0405 604.8901 604.7725 604.6567 604.5219 604.3881 604.2544 604.1207 603.9869 603.8532 603.7195 603.5883
608.1939 608.1658 608.1376 608.1136 608.086 608.0601 608.0305 608.0033 607.9752 607.9478 607.9181 607.8878 607.8585 607.8289 607.8029 607.7731 607.7451 607.7148 607.6857 607.6545 607.6247 607.5931 607.5627 607.5302 607.5012 607.4711 607.4374 607.4073 607.3763 607.3433 607.3124 607.2793 607.246 607.2147 607.1834 607.1473 607.1152 607.0829 607.0485 607.0118 606.9769 606.95 606.8603 606.7436 606.6278 606.485 606.3585 606.2305 606.1005 605.9741 605.8523 605.7061 605.5884 605.4382 605.3224 605.2066 605.0705 604.9368 604.803 604.6694 604.5356 604.4019 604.2681 604.1344
608.2342 608.2063 608.1783 608.1543 608.1269 608.101 608.0714 608.0447 608.0168 607.9894 607.9597 607.9301 607.9009 607.8719 607.8459 607.816 607.7885 607.7582 607.7297 607.6985 607.6691 607.6376 607.6077 607.5756 607.5468 607.5169 607.4836 607.4538 607.4233 607.3911 607.36 607.327 607.2945 607.2639 607.2325 607.1962 607.1654 607.1332 607.0994 607.0627 607.0294 606.9984 606.9641 606.9316 606.8958 606.8585 606.825 606.7792 606.6462 606.524 606.3918 606.256 606.128 605.9881 605.8723 605.7534 605.6203 605.4854 605.3519 605.218 605.0842 604.9505 604.8168 604.683
