samples/sfe_316/sfe_316_v9/sfe_316_v9/sfe_316_v9.asc
ncols         184
nrows         75
xllcorner     96.199999999255
yllcorner     62.60000000149
cellsize      1
NODATA_value  -9999
[rows 0 to 27 of 75, columns 64 to 127 of 184]
608.9905 608.9667 608.9426 608.9188 608.8948 608.8709 608.8469 608.8231 608.7991 608.775 608.7518 608.7278 608.7039 608.6799 608.6566 608.6326 608.6086 608.5853 608.5613 608.5379 608.5139 608.4899 608.4666 608.4425 608.4191 608.3951 608.3715 608.3475 608.3241 608.3007 608.2766 608.2531 608.2296 608.2056 608.1819 608.1584 608.1344 608.1107 608.0871 608.0635 608.0395 608.0158 607.9921 607.9686 607.9445 607.9208 607.8971 607.8734 607.8497 607.8259 607.8022 607.7784 607.7547 607.7307 607.707 607.6832 607.6594 607.6357 607.6118 607.5881 607.564 607.5405 607.5164 607.4928
608.8905 608.8672 608.8431 608.8196 608.7958 608.7723 608.7484 608.725 608.701 608.6783 608.6561 608.6321 608.6087 608.5846 608.5638 608.5397 608.5155 608.4945 608.4705 608.4493 608.4254 608.4023 608.38 608.3569 608.3345 608.3112 608.2884 608.2655 608.2428 608.2212 608.197 608.1749 608.1531 608.129 608.1066 608.0847 608.0607 608.0381 608.0156 607.9935 607.9701 607.9468 607.9242 607.9019 607.8778 607.8558 607.8323 607.8094 607.787 607.7641 607.7412 607.7183 607.6954 607.6713 607.6486 607.6255 607.6025 607.5794 607.5566 607.5332 607.5101 607.4869 607.4629 607.4405
608.7905 608.7677 608.7437 608.7206 608.6968 608.6737 608.6497 608.6268 608.6028 608.5826 608.5604 608.5364 608.5135 608.4893 608.4709 608.4467 608.4226 608.4037 608.3798 608.3607 608.3367 608.3157 608.2935 608.2724 608.2498 608.2281 608.2052 608.1843 608.1615 608.1417 608.1175 608.0967 608.0766 608.0524 608.0313 608.0111 607.9869 607.9656 607.9442 607.9235 607.9015 607.8777 607.8563 607.8353 607.8112 607.7916 607.7675 607.7455 607.7244 607.7023 607.6802 607.658 607.636 607.6119 607.5901 607.5679 607.5455 607.5232 607.5021 607.4784 607.4559 607.4334 607.41 607.3882
608.6905 608.6682 608.6441 608.6215 608.5978 608.5751 608.5511 608.5287 608.5048 608.4869 608.4647 608.4407 608.4183 608.394 608.378 608.3537 608.332 608.313 608.289 608.2721 608.2481 608.2292 608.2069 608.1878 608.1652 608.1451 608.1221 608.103 608.0802 608.0622 608.0379 608.0186 608.0001 607.9759 607.9559 607.9374 607.9132 607.893 607.8727 607.8535 607.8329 607.8087 607.7883 607.7687 607.7445 607.7269 607.7027 607.6832 607.6617 607.6404 607.6192 607.5978 607.5767 607.5546 607.5333 607.5117 607.49 607.4669 607.4476 607.4236 607.4017 607.3799 607.3579 607.3359
608.5905 608.5687 608.5446 608.5224 608.4988 608.4765 608.4525 608.4307 608.4067 608.3912 608.3691 608.3451 608.3231 608.3003 608.2851 608.2607 608.2413 608.2222 608.1982 608.1835 608.1595 608.1427 608.1204 608.1033 608.0806 608.062 608.0389 608.0219 607.999 607.9827 607.9594 607.9404 607.9236 607.8993 607.8806 607.8638 607.8397 607.8208 607.8012 607.7835 607.764 607.7407 607.7205 607.7021 607.6785 607.6622 607.6393 607.6209 607.5991 607.5786 607.5582 607.5377 607.5173 607.4973 607.4765 607.4556 607.4346 607.4117 607.393 607.3688 607.3477 607.3264 607.305 607.2836
608.4905 608.4692 608.4451 608.4233 608.3998 608.3779 608.3539 608.3326 608.3085 608.2955 608.2734 608.2494 608.228 608.2074 608.1922 608.1677 608.1506 608.1315 608.108 608.0948 608.0709 608.0562 608.0338 608.0187 607.9959 607.9789 607.9557 607.9406 607.9186 607.9032 607.8815 607.8624 607.8472 607.8233 607.8058 607.7902 607.7672 607.7496 607.7298 607.7135 607.695 607.6733 607.6539 607.6356 607.6143 607.5975 607.5765 607.5587 607.5367 607.5172 607.4975 607.4777 607.4579 607.4393 607.4193 607.399 607.3788 607.3571 607.3383 607.3143 607.2947 607.2731 607.2532 607.2316
608.3905 608.3697 608.3456 608.3243 608.3007 608.2793 608.2553 608.2345 608.2104 608.1999 608.1777 608.1537 608.1328 608.1145 608.0992 608.0747 608.06 608.0408 608.0194 608.0062 607.9822 607.9696 607.9473 607.9341 607.9113 607.8959 607.8729 607.8594 607.8391 607.8237 607.8036 607.7845 607.7707 607.7471 607.732 607.7165 607.6956 607.6784 607.6587 607.6435 607.626 607.6061 607.5874 607.569 607.5503 607.5328 607.5136 607.4965 607.4742 607.4556 607.4368 607.4183 607.3986 607.381 607.3616 607.3422 607.3226 607.3025 607.2835 607.2598 607.2416 607.2199 607.2014 607.1796
608.2905 608.2702 608.2462 608.2253 608.2015 608.1807 608.1567 608.1364 608.1126 608.1042 608.082 608.058 608.0375 608.0217 608.0062 607.9818 607.9693 607.95 607.9308 607.9176 607.8939 607.8831 607.8608 607.8496 607.8267 607.8128 607.7898 607.7782 607.7596 607.7442 607.7258 607.7073 607.6942 607.6729 607.6583 607.6428 607.624 607.6072 607.5873 607.5737 607.5571 607.5388 607.5209 607.5025 607.4858 607.4681 607.4507 607.4342 607.4128 607.3948 607.3766 607.3592 607.3395 607.323 607.3043 607.2855 607.2667 607.2476 607.2288 607.2049 607.1887 607.1663 607.1496 607.1273
608.1905 608.1707 608.1466 608.1263 608.1025 608.0821 608.0581 608.0383 608.0156 608.0085 607.9863 607.9623 607.9423 607.9288 607.9133 607.8887 607.8787 607.8593 607.8422 607.829 607.8052 607.7965 607.7744 607.7651 607.7422 607.7297 607.7075 607.697 607.6801 607.6647 607.6479 607.6308 607.6178 607.5986 607.5847 607.5692 607.5524 607.5359 607.5178 607.5038 607.4882 607.4715 607.4543 607.4362 607.42 607.4037 607.3872 607.3719 607.3519 607.3347 607.3173 607.3001 607.2803 607.2648 607.2469 607.2289 607.2108 607.1924 607.174 607.1514 607.1356 607.1127 607.0978 607.075
608.0905 608.0712 608.0471 608.0273 608.0034 607.9835 607.9595 607.9402 607.9199 607.9128 607.8906 607.8666 607.8472 607.8359 607.8203 607.7959 607.788 607.7685 607.7535 607.7404 607.7183 607.71 607.6891 607.6805 607.6583 607.6466 607.6263 607.6158 607.6006 607.5852 607.57 607.5543 607.5413 607.5242 607.511 607.4955 607.4807 607.4647 607.4482 607.4341 607.4195 607.4042 607.3878 607.3694 607.3555 607.339 607.3234 607.3097 607.291 607.2745 607.2579 607.241 607.2209 607.2064 607.1893 607.172 607.1545 607.1369 607.1193 607.0986 607.0826 607.0609 607.046 607.0238
607.7592 607.74 607.7216 607.7021 607.6832 607.6635 607.6447 607.6841 607.7655 607.7458 607.7256 607.7145 607.761 607.743 607.7273 607.7043 607.6973 607.6777 607.6649 607.6518 607.6318 607.6234 607.6046 607.5959 607.5753 607.5635 607.5451 607.5346 607.5211 607.5059 607.4921 607.4778 607.4648 607.45 607.4374 607.4219 607.4091 607.3936 607.3787 607.3655 607.3505 607.3369 607.3213 607.3028 607.2912 607.2742 607.2595 607.2475 607.23 607.2144 607.1986 607.1819 607.1621 607.1483 607.1317 607.1151 607.0983 607.0816 607.0645 607.0458 607.0296 607.0095 606.9941 606.9735
606.8881 606.8798 606.8687 606.8489 606.8473 606.837 606.8254 606.8766 606.9456 606.9435 606.9369 606.9389 607.029 607.0409 607.0683 607.158 607.1453 607.2275 607.2601 607.3122 607.3674 607.4128 607.4709 607.5099 607.497 607.4805 607.4639 607.4534 607.4417 607.4267 607.4142 607.4014 607.3884 607.3757 607.3638 607.3483 607.3374 607.3223 607.3093 607.2969 607.2817 607.2696 607.2548 607.2381 607.227 607.2106 607.197 607.1851 607.1691 607.1543 607.1393 607.1228 607.1049 607.0914 607.0756 607.0594 607.0425 607.0271 607.0099 606.9931 606.9764 606.958 606.9423 606.9232
606.0171 606.0264 606.0157 605.9996 606.0114 606.0173 606.0063 606.0692 606.1257 606.1396 606.1481 606.1633 606.2615 606.267 606.3104 606.4023 606.4046 606.4868 606.5294 606.5966 606.6469 606.7127 606.7744 606.8212 606.8808 606.9401 607.009 607.0715 607.1215 607.1819 607.2526 607.3 607.3195 607.3014 607.2901 607.2755 607.2652 607.2511 607.2397 607.2283 607.2144 607.2018 607.1882 607.1741 607.1628 607.1478 607.1348 607.1226 607.1082 607.0941 607.0799 607.0637 607.0476 607.0346 607.0194 607.004 606.9879 606.9725 606.9552 606.9393 606.9231 606.9066 606.8902 606.8729
605.146 605.1729 605.1628 605.1636 605.1753 605.1976 605.1873 605.2618 605.3214 605.3354 605.3594 605.3878 605.4901 605.4937 605.5526 605.6423 605.6639 605.7714 605.8065 605.881 605.9374 606.0126 606.078 606.1324 606.2032 606.2634 606.3437 606.4125 606.468 606.5418 606.61 606.6663 606.7242 606.8228 606.8768 606.9356 607.0334 607.0994 607.172 607.161 607.1471 607.1347 607.1217 607.1101 607.0985 607.0849 607.0726 607.06 607.0472 607.034 607.0206 607.0046 606.9903 606.9778 606.9633 606.9486 606.9332 606.918 606.9004 606.8859 606.8696 606.8542 606.8379 606.822
604.275 604.3195 604.3099 604.3276 604.3392 604.3779 604.3681 604.454 604.5178 604.5312 604.5706 604.6122 604.7183 604.7222 604.7947 604.8821 604.9232 605.0489 605.0937 605.1655 605.2443 605.3125 605.3815 605.4437 605.5265 605.5867 605.6783 605.7647 605.8145 605.8992 605.9675 606.0325 606.1008 606.205 606.2548 606.3264 606.4257 606.4887 606.5714 606.6547 606.7305 606.8077 606.8619 606.9406 607.0361 607.022 607.0103 606.9981 606.9858 606.9733 606.9607 606.9456 606.933 606.921 606.9072 606.8932 606.8786 606.8635 606.8457 606.8329 606.8161 606.8024 606.7856 606.7713
603.4048 603.4661 603.457 603.4915 603.5031 603.5582 603.5523 603.6457 603.7142 603.7275 603.7819 603.8366 603.9465 603.9521 604.0562 604.1221 604.1825 604.3268 604.3809 604.4499 604.5455 604.6152 604.6894 604.7549 604.8497 604.9333 605.0131 605.1095 605.1609 605.2567 605.3376 605.3988 605.4791 605.5859 605.6328 605.7172 605.8149 605.881 605.9708 606.0591 606.1347 606.2155 606.2684 606.366 606.4513 606.5381 606.6198 606.6821 606.7721 606.8624 606.9065 606.8864 606.8757 606.8642 606.8511 606.8378 606.824 606.809 606.7925 606.7798 606.7632 606.7507 606.7335 606.7206
602.5345 602.6126 602.6041 602.6555 602.6673 602.7385 602.7449 602.8374 602.9105 602.9388 602.9931 603.07 603.1747 603.1943 603.3151 603.3643 603.4755 603.6047 603.6681 603.7463 603.8454 603.9333 604.0006 604.092 604.173 604.2744 604.3477 604.447 604.5074 604.6141 604.7097 604.7651 604.8574 604.9543 605.0107 605.108 605.2042 605.2864 605.3702 605.4634 605.5389 605.622 605.6749 605.7914 605.8665 605.9623 606.0432 606.1124 606.2065 606.2975 606.3884 606.446 606.5227 606.6147 606.7045 606.792 606.7694 606.7544 606.7397 606.7269 606.7117 606.6989 606.6829 606.67
601.6631 601.7592 601.7513 601.8195 601.8321 601.9188 601.9374 602.0292 602.1069 602.15 602.2046 602.3056 602.403 602.4364 602.5667 602.6188 602.7592 602.8826 602.9531 603.0475 603.1453 603.2488 603.3119 603.4241 603.4963 603.6135 603.6824 603.7935 603.8691 603.9715 604.0817 604.1313 604.2358 604.3322 604.3954 604.502 604.5934 604.6896 604.7777 604.8678 604.9431 605.0285 605.097 605.2083 605.2911 605.387 605.4664 605.5427 605.6398 605.7324 605.8226 605.8799 605.9622 606.0579 606.1466 606.2342 606.3217 606.3932 606.46 606.5566 606.6305 606.648 606.6327 606.6193
600.8081 600.9058 600.899 600.9835 601.0056 601.0992 601.1297 601.2209 601.3033 601.3613 601.4199 601.5412 601.6312 601.6877 601.8182 601.8782 602.0363 602.155 602.2375 602.3487 602.4453 602.5583 602.6231 602.7501 602.8196 602.9527 603.0441 603.14 603.2339 603.3289 603.4424 603.5052 603.6185 603.7102 603.7917 603.9008 603.9827 604.089 604.187 604.2722 604.3564 604.435 604.5224 604.6234 604.7196 604.8184 604.8898 604.973 605.0732 605.1674 605.2565 605.3138 605.4054 605.5011 605.5914 605.6763 605.7639 605.8354 605.9133 606.0001 606.082 606.1725 606.2534 606.3481
599.9547 600.0523 600.0523 600.1475 600.1859 600.2795 600.3214 600.4114 600.4996 600.5725 600.6443 600.7735 600.8594 600.9516 601.0697 601.1664 601.3134 601.4222 601.5219 601.6307 601.7451 601.8678 601.9343 602.0762 602.1595 602.2892 602.4038 602.4865 602.5988 602.6929 602.8059 602.8887 603.0043 603.0882 603.1826 603.2997 603.3778 603.4884 603.5962 603.6763 603.774 603.8415 603.9478 604.0386 604.1438 604.2498 604.3133 604.4108 604.5073 604.6031 604.6904 604.7531 604.8516 604.9434 605.0322 605.1185 605.2132 605.2775 605.3666 605.4435 605.5335 605.6134 605.7049 605.7891
599.7466 599.7259 599.7261 599.7108 599.7045 599.6923 599.6869 599.674 599.696 599.7838 599.8785 600.0017 600.0876 600.2155 600.3212 600.4667 600.5908 600.6983 600.8063 600.9376 601.0591 601.1772 601.2579 601.4023 601.5141 601.6239 601.7538 601.833 601.9637 602.0648 602.1722 602.2704 602.3901 602.4662 602.5734 602.6982 602.7833 602.8878 603.0049 603.0806 603.1917 603.2537 603.3732 603.4605 603.568 603.6747 603.7436 603.8495 603.9481 604.0458 604.1242 604.1926 604.2951 604.3855 604.4731 604.5607 604.6597 604.7197 604.8164 604.8869 604.985 605.0543 605.1564 605.2299
599.6238 599.6044 599.6039 599.5902 599.5811 599.5688 599.5576 599.5555 599.5388 599.5334 599.5323 599.5369 599.535 599.5345 599.5728 599.7471 599.8687 599.9855 600.1013 600.2445 600.3772 600.4867 600.5985 600.7283 600.862 600.9586 601.1038 601.1935 601.3286 601.4366 601.5384 601.6487 601.7759 601.8551 601.9709 602.0874 602.1887 602.2914 602.4093 602.4875 602.6016 602.6791 602.7955 602.89 602.9942 603.098 603.1739 603.2839 603.3832 603.4884 603.5581 603.6321 603.7383 603.8277 603.9153 604.0028 604.1049 604.1619 604.2617 604.3303 604.4262 604.4952 604.6018 604.6708
599.501 599.4828 599.481 599.4697 599.4576 599.4454 599.4305 599.4255 599.3966 599.3912 599.3868 599.385 599.3839 599.3931 599.3948 599.4059 599.4086 599.4279 599.4195 599.5515 599.6953 599.7961 599.9391 600.0533 600.2012 600.312 600.4539 600.5583 600.6904 600.8086 600.9088 601.0319 601.1617 601.2515 601.3698 601.4767 601.5941 601.7006 601.8137 601.9052 602.0081 602.1044 602.2107 602.3194 602.4256 602.5213 602.611 602.7173 602.8181 602.928 602.9919 603.0761 603.1815 603.2762 603.3574 603.4484 603.5486 603.6138 603.7051 603.7747 603.8671 603.946 604.0427 604.1141
599.3783 599.3612 599.3575 599.349 599.3342 599.322 599.3032 599.2934 599.2545 599.2491 599.2413 599.233 599.2336 599.2363 599.2418 599.2377 599.2231 599.2314 599.2278 599.2556 599.2853 599.2948 599.3235 599.3857 599.5403 599.6757 599.8039 599.9232 600.0482 600.1806 600.2923 600.4177 600.545 600.6479 600.7686 600.8747 600.9996 601.1098 601.218 601.3228 601.4146 601.5297 601.6299 601.7488 601.857 601.9446 602.0496 602.1542 602.2581 602.3629 602.4258 602.5223 602.6245 602.7214 602.7996 602.898 602.9908 603.0671 603.1486 603.2262 603.308 603.3976 603.4836 603.5593
599.2555 599.2397 599.2341 599.2282 599.2108 599.1986 599.1759 599.1612 599.1124 599.107 599.0959 599.0811 599.0837 599.082 599.0867 599.0695 599.0419 599.035 599.0157 599.031 599.0552 599.0591 599.0878 599.1053 599.1439 599.1949 599.2275 599.288 599.42 599.5526 599.6758 599.8036 599.9216 600.041 600.1675 600.2801 600.405 600.519 600.6223 600.7405 600.8357 600.955 601.0593 601.1736 601.2885 601.3748 601.4883 601.5949 601.7007 601.7979 601.8625 601.9685 602.0666 602.1611 602.2418 602.3477 602.4329 602.5165 602.592 602.6777 602.7488 602.8491 602.9245 603.0085
599.1328 599.1179 599.1112 599.1074 599.0874 599.0725 599.0486 599.0291 598.9796 598.9649 598.9504 598.9292 598.9324 598.9289 598.9329 598.9012 598.8608 598.8385 598.8054 598.8065 598.8253 598.8233 598.8258 598.828 598.8665 598.9106 598.9121 598.9546 599.0124 599.0661 599.1365 599.1894 599.3148 599.4398 599.5664 599.6855 599.805 599.9283 600.0363 600.1581 600.261 600.3804 600.4888 600.6014 600.7198 600.811 600.927 601.0339 601.1434 601.2328 601.3021 601.4147 601.5114 601.6006 601.6839 601.7974 601.8751 601.9632 602.0355 602.1207 602.1898 602.2963 602.3654 602.4581
599.0099 598.9955 598.9907 598.9866 598.964 598.9453 598.9213 598.8969 598.8474 598.8202 598.8011 598.7772 598.7805 598.7758 598.7792 598.733 598.6796 598.642 598.595 598.5706 598.5937 598.5784 598.5641 598.5561 598.5892 598.6209 598.5887 598.5919 598.6497 598.7214 598.8139 598.8808 598.9369 598.9949 599.0405 599.0909 599.2142 599.3375 599.4539 599.5757 599.6863 599.7993 599.9182 600.0329 600.1512 600.2498 600.3615 600.4704 600.586 600.6677 600.7468 600.8609 600.9611 601.0403 601.1332 601.2439 601.3173 601.4099 601.4789 601.5616 601.6387 601.7372 601.8079 601.9045
598.74 598.875 598.8699 598.8646 598.8406 598.818 598.794 598.7647 598.7152 598.4935 598.4275 598.484 598.6285 598.6226 598.6157 598.5591 598.3675 598.288 598.274 598.013 598.1905 598.0905 598.0325 598.207 598.204 598.3311 598.212 598.1705 598.2808 598.3963 598.483 598.5614 598.6176 598.6857 598.7391 598.7964 598.8488 598.8977 598.9445 598.9924 599.1117 599.2287 599.3477 599.4643 599.5762 599.6884 599.801 599.913 600.0286 600.1027 600.193 600.3049 600.4106 600.4807 600.5829 600.6891 600.7676 600.8537 600.9223 601.0025 601.0903 601.1781 601.2531 601.3481
