samples/sfe_82/sfe_82_c2/sfe_82_c2/sfe_82_c2.asc
ncols         243
nrows         113
xllcorner     94.199999999255
yllcorner     60.60000000149
cellsize      0.7
NODATA_value  -9999
[rows 0 to 27 of 113, columns 63 to 125 of 243]
604.8681 604.8655 604.863 604.8605 604.8582 604.8562 604.8538 604.8513 604.8488 604.8463 604.8447 604.8422 604.8397 604.8372 604.835 604.833 604.8307 604.8282 604.8257 604.8232 604.821 604.819 604.8168 604.8142 604.812 604.8101 604.8079 604.8054 604.8029 604.8004 604.7982 604.7963 604.7941 604.7916 604.7891 604.7867 604.7844 604.7825 604.7802 604.7778 604.7757 604.7737 604.7715 604.769 604.7665 604.7641 604.7619 604.76 604.7578 604.7552 604.7529 604.7504 604.749 604.7465 604.744 604.7416 604.7395 604.7375 604.7352 604.7329 604.7303 604.7278 604.7258
604.8029 604.7992 604.7966 604.7941 604.7904 604.7886 604.7849 604.7825 604.78 604.7775 604.7754 604.7722 604.7696 604.7671 604.7649 604.7629 604.7607 604.7582 604.7557 604.7533 604.751 604.7491 604.7469 604.7444 604.7424 604.7417 604.7394 604.737 604.7344 604.7327 604.7313 604.7294 604.7285 604.7259 604.7233 604.7222 604.7203 604.7194 604.7169 604.7158 604.7149 604.7129 604.7115 604.7102 604.7076 604.7064 604.7045 604.7043 604.7017 604.7012 604.6987 604.6965 604.6965 604.6948 604.6923 604.691 604.6904 604.6882 604.6858 604.6855 604.6829 604.6809 604.6807
604.7375 604.7328 604.7303 604.7278 604.7229 604.7209 604.7157 604.7137 604.7112 604.7087 604.7065 604.7021 604.6995 604.697 604.6948 604.6929 604.6906 604.6882 604.6857 604.6834 604.6812 604.6793 604.6771 604.6745 604.6727 604.6733 604.671 604.6686 604.666 604.6657 604.6644 604.6622 604.6628 604.6602 604.6581 604.658 604.6566 604.6562 604.6537 604.6539 604.6541 604.6518 604.6515 604.6514 604.6496 604.6489 604.6467 604.6484 604.6458 604.6471 604.6447 604.6434 604.6439 604.643 604.6409 604.6405 604.6412 604.6386 604.6395 604.638 604.6359 604.6337 604.6354
604.6721 604.6661 604.6639 604.6614 604.6554 604.6533 604.6473 604.6448 604.6423 604.6398 604.6377 604.632 604.6293 604.6268 604.6246 604.6228 604.6205 604.6182 604.6157 604.6135 604.6112 604.6094 604.6072 604.6047 604.6028 604.6049 604.6026 604.6003 604.5977 604.5988 604.5975 604.5952 604.5972 604.5944 604.5938 604.5938 604.5934 604.593 604.5909 604.5922 604.5933 604.5908 604.5915 604.5925 604.5924 604.5913 604.5899 604.5924 604.5898 604.593 604.5909 604.5912 604.5913 604.5913 604.5903 604.5894 604.5917 604.5891 604.5932 604.5907 604.5888 604.5875 604.5899
604.6068 604.5999 604.5975 604.595 604.5879 604.5856 604.5797 604.5759 604.5735 604.571 604.5689 604.5616 604.5591 604.5566 604.5545 604.5527 604.5505 604.5483 604.5458 604.5435 604.5413 604.5395 604.5374 604.5349 604.5327 604.5364 604.5342 604.532 604.5295 604.5318 604.5306 604.528 604.5315 604.5287 604.5294 604.5295 604.5302 604.5297 604.5289 604.53 604.5325 604.5297 604.5315 604.5336 604.5353 604.5334 604.5348 604.5365 604.5343 604.5388 604.5369 604.5378 604.5389 604.5399 604.5411 604.5407 604.5422 604.5399 604.5459 604.5437 604.5413 604.5441 604.5443
604.5414 604.5349 604.5312 604.5287 604.5204 604.5179 604.5121 604.5069 604.5046 604.5022 604.5001 604.4913 604.489 604.4865 604.4844 604.4827 604.4804 604.4783 604.4758 604.4736 604.4714 604.4696 604.4675 604.465 604.4628 604.4679 604.4658 604.4636 604.4614 604.4648 604.4637 604.4614 604.4658 604.4631 604.4651 604.4652 604.467 604.4665 604.4676 604.4679 604.4716 604.4689 604.4719 604.475 604.4777 604.4755 604.4778 604.4805 604.4785 604.4848 604.4826 604.4863 604.4869 604.4885 604.4901 604.4913 604.4927 604.4907 604.4985 604.4965 604.4938 604.5007 604.499
604.4763 604.4698 604.4648 604.4623 604.4527 604.4503 604.4446 604.4379 604.4357 604.4333 604.4312 604.4213 604.4189 604.4164 604.4144 604.4126 604.4103 604.4083 604.4058 604.4037 604.4014 604.3997 604.3976 604.3953 604.3935 604.3994 604.3973 604.3953 604.3929 604.3978 604.3967 604.3958 604.4001 604.3976 604.4007 604.4007 604.4039 604.4032 604.4062 604.4057 604.4105 604.4088 604.4129 604.4165 604.4201 604.4175 604.4222 604.4247 604.4243 604.431 604.4284 604.4352 604.4362 604.4366 604.4391 604.4416 604.4435 604.4424 604.4512 604.4491 604.4469 604.456 604.4539
604.4111 604.4048 604.3983 604.3959 604.385 604.3827 604.377 604.369 604.3668 604.3645 604.3624 604.3513 604.3488 604.3463 604.3443 604.3425 604.3403 604.3383 604.3358 604.3337 604.3315 604.3297 604.3278 604.3255 604.3251 604.3309 604.3289 604.3269 604.3245 604.3309 604.3297 604.3301 604.3344 604.3322 604.3364 604.3362 604.3406 604.34 604.3448 604.3445 604.3495 604.3501 604.3547 604.3577 604.3624 604.3601 604.3672 604.3692 604.3719 604.377 604.3746 604.384 604.3856 604.3848 604.3883 604.3935 604.3943 604.3961 604.4041 604.4016 604.3995 604.4105 604.4083
604.346 604.3398 604.3317 604.3296 604.3187 604.3151 604.3094 604.3002 604.2979 604.2957 604.2936 604.2817 604.2786 604.2761 604.2742 604.2724 604.2702 604.2682 604.2657 604.2638 604.2616 604.2598 604.2579 604.2557 604.2567 604.2625 604.2605 604.2585 604.2563 604.2639 604.2626 604.2645 604.2687 604.2664 604.272 604.2717 604.2775 604.277 604.2834 604.284 604.2886 604.2915 604.2966 604.2988 604.3047 604.3022 604.3122 604.3132 604.3189 604.3228 604.3233 604.3318 604.335 604.3334 604.3376 604.3455 604.3448 604.3498 604.357 604.3545 604.3561 604.3655 604.3629
604.2806 604.2747 604.2653 604.2632 604.2523 604.2474 604.2418 604.2314 604.2289 604.2269 604.2247 604.2129 604.2085 604.206 604.2041 604.2023 604.2001 604.1982 604.1957 604.1938 604.1917 604.1899 604.188 604.1859 604.1882 604.194 604.1921 604.1902 604.1894 604.197 604.1956 604.1988 604.2029 604.2006 604.2076 604.2075 604.2143 604.2139 604.222 604.2235 604.2277 604.2328 604.2385 604.2401 604.2468 604.2474 604.2571 604.2573 604.2655 604.2686 604.2724 604.2795 604.2841 604.284 604.2881 604.2974 604.2954 604.3035 604.3096 604.3073 604.3127 604.3201 604.3195
604.2161 604.2097 604.199 604.1968 604.1859 604.1797 604.1743 604.1626 604.16 604.158 604.1559 604.144 604.1383 604.1359 604.134 604.1323 604.1301 604.1282 604.1257 604.124 604.1217 604.1199 604.1182 604.116 604.1198 604.1255 604.1237 604.1218 604.1224 604.1299 604.1286 604.1332 604.1373 604.136 604.1432 604.144 604.1511 604.1508 604.1601 604.163 604.167 604.1742 604.1803 604.1829 604.189 604.193 604.2021 604.2017 604.2122 604.2146 604.2208 604.227 604.2324 604.2355 604.2404 604.2485 604.2462 604.2571 604.2622 604.2597 604.2693 604.2745 604.2777
604.152 604.1447 604.1326 604.1304 604.1196 604.1121 604.1066 604.095 604.0911 604.0892 604.087 604.0753 604.0682 604.0657 604.064 604.0622 604.06 604.0582 604.0557 604.054 604.0518 604.05 604.0483 604.046 604.0514 604.0569 604.0552 604.0535 604.0554 604.063 604.0618 604.0675 604.0715 604.0717 604.0789 604.0809 604.0879 604.0891 604.098 604.1025 604.106 604.1152 604.1221 604.1257 604.1312 604.1385 604.1471 604.147 604.1588 604.1606 604.1682 604.1744 604.1806 604.1869 604.1926 604.1992 604.199 604.2108 604.2148 604.2126 604.226 604.2294 604.236
604.0879 604.0797 604.0671 604.064 604.0532 604.0445 604.0391 604.0275 604.0222 604.0203 604.0182 604.0064 603.998 603.9955 603.9939 603.9921 603.9899 603.9883 603.9858 603.9841 603.9819 603.9801 603.9785 603.9763 603.983 603.9885 603.9868 603.985 603.9885 603.996 603.9947 604.0019 604.0059 604.0073 604.0145 604.0176 604.0247 604.0276 604.0358 604.042 604.0451 604.0552 604.064 604.0685 604.0735 604.0825 604.092 604.0945 604.1053 604.1064 604.1171 604.1228 604.1292 604.1365 604.1429 604.1497 604.1527 604.1645 604.1678 604.1682 604.1826 604.1839 604.1943
604.0238 604.0146 604.002 603.9976 603.9868 603.9769 603.9715 603.9598 603.9533 603.9515 603.9494 603.9376 603.9279 603.9254 603.9238 603.9221 603.9199 603.9183 603.9158 603.9141 603.9119 603.9102 603.9086 603.9067 603.9146 603.92 603.9184 603.9166 603.9215 603.9291 603.9289 603.9362 603.9401 603.943 603.9501 603.9545 603.9615 603.9662 603.9739 603.9815 603.9862 603.9956 604.0059 604.0114 604.0157 604.0274 604.0364 604.0421 604.052 604.0541 604.0659 604.0722 604.0774 604.0857 604.0948 604.1005 604.1064 604.1182 604.1203 604.1248 604.1393 604.1387 604.1511
603.9597 603.9496 603.937 603.9312 603.9205 603.9093 603.9039 603.8923 603.8844 603.8827 603.8806 603.8687 603.8578 603.8553 603.8538 603.852 603.8498 603.8483 603.8458 603.8442 603.842 603.8403 603.8387 603.8383 603.8461 603.8515 603.85 603.8482 603.8546 603.8621 603.8632 603.8706 603.8744 603.8786 603.8858 603.8913 603.8983 603.9049 603.9127 603.921 603.9276 603.9375 603.9477 603.9542 603.9594 603.9724 603.9805 603.9896 603.9986 604.0032 604.0147 604.0217 604.0262 604.0356 604.0468 604.051 604.0601 604.0718 604.0732 604.0814 604.0955 604.0969 604.1071
603.8956 603.8845 603.8719 603.8647 603.8583 603.8565 603.8012 603.7856 603.7483 603.699 603.6975 603.6951 603.679 603.6188 603.6132 603.6114 603.6093 603.6077 603.6052 603.6036 603.6013 603.5995 603.6181 603.6718 603.6703 603.6736 603.6784 603.7329 603.7501 603.7786 603.8077 603.806 603.8087 603.8143 603.8214 603.8281 603.8351 603.8435 603.8522 603.8605 603.869 603.8793 603.8895 603.8971 603.905 603.9173 603.9247 603.9366 603.9452 603.9523 603.9635 603.9711 603.9777 603.9878 603.9987 604.002 604.0137 604.0255 604.0258 604.038 604.0502 604.0551 604.0656
603.7549 603.723 603.662 603.6152 603.5692 603.5595 603.4957 603.4747 603.4498 603.4005 603.399 603.3967 603.392 603.3318 603.3262 603.3242 603.3223 603.3205 603.318 603.3165 603.314 603.3123 603.331 603.3731 603.3714 603.3864 603.3954 603.45 603.4637 603.5038 603.5452 603.5615 603.6113 603.6385 603.6862 603.7226 603.7596 603.7945 603.7923 603.8 603.8103 603.8212 603.831 603.8399 603.8505 603.8622 603.8696 603.8832 603.8918 603.9014 603.9124 603.9205 603.9291 603.94 603.9506 603.9556 603.9674 603.9792 603.9802 603.9947 604.0048 604.0134 604.024
603.4444 603.4147 603.3512 603.3094 603.2584 603.2537 603.1901 603.1638 603.1514 603.1022 603.1006 603.0984 603.0967 603.0448 603.0392 603.0371 603.0352 603.0334 603.0309 603.0294 603.0269 603.025 603.0439 603.0743 603.0728 603.0992 603.1125 603.167 603.187 603.2292 603.2833 603.3019 603.3533 603.3894 603.4371 603.4865 603.5234 603.5689 603.6156 603.6514 603.6974 603.7474 603.7845 603.7827 603.7961 603.8073 603.8171 603.8298 603.8384 603.8503 603.8611 603.87 603.8806 603.8922 603.9025 603.9093 603.9211 603.9329 603.9368 603.9513 603.9594 603.9716 603.9825
603.136 603.1066 603.0427 603.0035 602.9476 602.946 602.8845 602.8528 602.8513 602.8038 602.8021 602.8 602.7981 602.7578 602.7523 602.7499 602.748 602.7462 602.7437 602.7422 602.7397 602.7377 602.7567 602.7756 602.7741 602.8121 602.8296 602.8841 602.9104 602.9545 603.0189 603.0424 603.1044 603.1403 603.2095 603.2502 603.2908 603.337 603.3866 603.4224 603.4758 603.5193 603.5625 603.6038 603.6587 603.7148 603.765 603.7765 603.785 603.799 603.81 603.8195 603.832 603.8444 603.8544 603.863 603.8748 603.8862 603.8934 603.9079 603.916 603.9299 603.9407
602.8352 602.7985 602.7345 602.6979 602.6369 602.6349 602.5789 602.5419 602.5405 602.5055 602.5036 602.5017 602.4996 602.4708 602.4652 602.4628 602.4609 602.4591 602.4566 602.4551 602.4526 602.4504 602.4696 602.4768 602.4818 602.5249 602.5466 602.6011 602.6338 602.6799 602.7543 602.7829 602.8553 602.8912 602.9769 603.0141 603.0599 603.1074 603.1575 603.199 603.2542 603.2913 603.3324 603.3715 603.4249 603.4655 603.5155 603.5761 603.6274 603.7066 603.7685 603.7689 603.7831 603.7961 603.8063 603.8167 603.8284 603.8389 603.85 603.8646 603.8742 603.8881 603.8974
602.5344 602.4904 602.4262 602.3923 602.3293 602.3239 602.2731 602.231 602.2293 602.2071 602.2051 602.2034 602.2011 602.1838 602.1782 602.1757 602.1738 602.172 602.1695 602.168 602.1655 602.1632 602.1808 602.178 602.1945 602.2378 602.2637 602.3158 602.3572 602.4079 602.4899 602.5249 602.6062 602.6456 602.7433 602.778 602.8279 602.8844 602.9285 602.9791 603.0265 603.0632 603.0999 603.1393 603.191 603.2162 603.2661 603.309 603.3569 603.421 603.4886 603.5498 603.6362 603.7337 603.7607 603.7703 603.7821 603.7922 603.8067 603.8212 603.8325 603.8453 603.8563
602.2336 602.1823 602.118 602.0866 602.0234 602.0129 601.9673 601.9201 601.9185 601.9088 601.9067 601.9049 601.9026 601.8968 601.8912 601.8887 601.8866 601.8848 601.8823 601.8809 601.8783 601.8759 601.8819 601.8793 601.9073 601.9506 601.9808 602.0284 602.0805 602.1548 602.2254 602.2761 602.3503 602.4188 602.5082 602.5453 602.5959 602.6576 602.6995 602.7575 602.7988 602.8351 602.8662 602.9041 602.9438 602.9669 603.0167 603.0419 603.0856 603.1343 603.1915 603.2537 603.3371 603.4138 603.4904 603.6171 603.7073 603.7543 603.7633 603.7778 603.7907 603.8038 603.8151
601.9328 601.8743 601.8098 601.7809 601.7265 601.611 601.5718 601.1538 601.1518 601.1498 601.0718 600.9567 600.9537 600.9518 600.9495 600.947 600.9453 600.943 600.9405 600.9388 600.9363 600.9338 601.008 601.1193 601.5342 601.57 601.6978 601.7507 601.8039 601.8975 601.9588 602.0272 602.0963 602.1923 602.2686 602.3154 602.3691 602.4308 602.475 602.5348 602.5698 602.6055 602.6326 602.6628 602.6945 602.7176 602.7652 602.7747 602.8185 602.8494 602.8923 602.9431 603.0379 603.0901 603.1705 603.287 603.3643 603.4473 603.6047 603.6941 603.749 603.7622 603.7739
601.282 600.9406 600.5992 600.1808 600.028 600.0263 599.8948 599.8923 599.8848 599.882 599.8745 599.8622 599.859 599.857 599.8547 599.852 599.85 599.8472 599.8448 599.8425 599.84 599.837 599.8498 599.8478 599.85 599.977 600.0125 600.579 600.8808 601.6752 601.6966 601.7783 601.8551 601.9658 602.0325 602.0855 602.1469 602.2041 602.257 602.3071 602.3359 602.3755 602.3989 602.4215 602.445 602.4683 602.4982 602.5076 602.5514 602.5645 602.5932 602.6414 602.7319 602.7686 602.8588 602.951 603.0212 603.1291 603.2585 603.3422 603.4816 603.6007 603.7118
599.9147 599.8898 599.8745 599.8565 599.8488 599.832 599.8292 599.8278 599.8257 599.8262 599.8237 599.8212 599.8187 599.8182 599.8152 599.8127 599.811 599.8077 599.8052 599.8032 599.8002 599.7965 599.7938 599.788 599.785 599.782 599.7955 599.8085 599.8245 599.848 600.23 600.8353 601.517 601.7332 601.7999 601.855 601.9233 601.9766 602.0391 602.0793 602.1074 602.1454 602.1654 602.18 602.1958 602.2129 602.2308 602.2405 602.2723 602.2797 602.2942 602.3422 602.4174 602.4469 602.5193 602.6113 602.6819 602.8109 602.9058 603.0029 603.1331 603.2606 603.3716
599.8468 599.845 599.8465 599.8472 599.8455 599.8457 599.8445 599.8492 599.8502 599.8478 599.849 599.8457 599.8433 599.8482 599.8492 599.846 599.8443 599.8417 599.8387 599.836 599.8343 599.8205 599.8182 599.8127 599.8102 599.7963 599.7922 599.7855 599.7767 599.7703 599.7822 599.8203 599.83 600.451 601.208 601.6622 601.6965 601.7509 601.8154 601.8516 601.8787 601.9153 601.9332 601.9462 601.9466 601.9547 601.9634 601.9734 601.9844 601.9948 601.9968 602.0428 602.103 602.1253 602.1882 602.2687 602.3456 602.4753 602.5531 602.6656 602.8076 602.9205 603.0357
599.864 599.8748 599.8782 599.8835 599.8915 599.8925 599.8992 599.902 599.9003 599.8985 599.9133 599.9108 599.9083 599.9058 599.9028 599.9 599.9058 599.9033 599.9002 599.893 599.8882 599.885 599.8825 599.8625 599.8593 599.8517 599.8378 599.826 599.8123 599.7917 599.78 599.7725 599.7642 599.781 599.8057 599.8305 600.2908 600.8212 601.5035 601.5018 601.6512 601.6852 601.6995 601.6988 601.6972 601.6966 601.6962 601.6967 601.6966 601.6974 601.6986 601.7284 601.7885 601.7954 601.8484 601.9279 602.0172 602.1312 602.2004 602.3221 602.4692 602.5803 602.7107
599.9155 599.9268 599.943 599.9478 599.9562 599.9655 599.968 599.9675 599.9695 599.9827 599.9802 599.978 599.9807 599.978 599.975 599.9727 599.976 599.984 599.9813 599.962 599.9605 599.9578 599.953 599.947 599.9232 599.92 599.9127 599.8897 599.8715 599.8572 599.8342 599.8137 599.7932 599.7755 599.7672 599.7595 599.763 599.7842 599.8095 599.8068 599.977 599.9745 599.972 599.9695 600.0435 600.388 600.3953 600.4067 600.4147 600.4285 600.4385 600.6315 600.888 600.8962 601.316 601.6215 601.684 601.7785 601.8484 601.9964 602.1292 602.2405 602.3754
