samples/sfe_82/sfe_82_c2/sfe_82_c2/sfe_82_c2.asc
ncols         243
nrows         113
xllcorner     94.199999999255
yllcorner     60.60000000149
cellsize      0.7
NODATA_value  -9999
[rows 56 to 83 of 113, columns 0 to 62 of 243]
-9999 -9999 603.6307 602.7027 602.1473 601.8147 601.0955 601.8071 599.999 600.006 600.0185 600.0375 600.0792 600.1145 600.1795 600.2267 600.3125 600.3738 600.4377 600.51 600.5662 600.658 600.735 600.8213 600.906 600.9787 601.0722 601.1855 601.2595 601.3492 601.471 601.6072 601.686 601.7975 601.9334 602.0818 602.2064 602.3187 602.4713 602.5988 602.6992 602.7944 602.8791 602.9751 603.069 603.1428 603.2184 603.3092 603.3987 603.4997 603.5828 603.6677 603.7614 603.8549 603.9065 603.9092 603.9115 603.9137 603.916 603.9169 603.918 603.9194 603.9207
-9999 -9999 603.75 602.822 602.1749 602.1307 600.9769 601.8964 600.0056 600.0295 600.069 600.1005 600.1477 600.2005 600.2708 600.334 600.4297 600.498 600.561 600.6468 600.701 600.8148 600.9077 600.972 601.0697 601.138 601.237 601.3605 601.4172 601.5392 601.6372 601.7585 601.8763 602.0313 602.1682 602.3117 602.4521 602.5724 602.6902 602.8299 602.9307 603.0345 603.1287 603.213 603.3243 603.407 603.4797 603.5636 603.6661 603.7704 603.8634 603.9147 603.9163 603.9195 603.9226 603.9257 603.9282 603.9302 603.9325 603.9337 603.9344 603.936 603.9371
-9999 -9999 603.8693 602.9412 602.2025 602.2003 600.8583 601.9857 600.0949 600.0737 600.1185 600.1762 600.2537 600.3115 600.3893 600.4843 600.554 600.627 600.7297 600.8127 600.9075 600.9789 601.0705 601.142 601.2228 601.318 601.3807 601.5045 601.6003 601.6947 601.827 601.9215 602.1105 602.2834 602.4061 602.5552 602.6912 602.818 602.9322 603.0558 603.1782 603.2731 603.3771 603.4593 603.5671 603.6624 603.7409 603.8251 603.9222 603.9214 603.9254 603.9292 603.933 603.9362 603.9392 603.9422 603.9448 603.9468 603.949 603.9504 603.951 603.9525 603.9536
-9999 -9999 603.9886 603.0605 602.2301 602.1683 600.7552 602.075 600.1842 600.0925 600.1912 600.274 600.341 600.4325 600.5198 600.6287 600.695 600.802 600.8915 600.9738 601.0825 601.162 601.2448 601.3273 601.4008 601.5052 601.5828 601.6945 601.7585 601.8747 602.0357 602.1711 602.3732 602.5176 602.6747 602.79 602.9274 603.0638 603.1841 603.2892 603.4144 603.5047 603.6116 603.7089 603.805 603.9177 603.9282 603.9326 603.9359 603.9387 603.942 603.9459 603.9498 603.9531 603.9558 603.9587 603.9614 603.9634 603.9656 603.9671 603.9675 603.969 603.9705
-9999 -9999 604.1078 603.1797 602.2577 602.1362 600.8529 602.1508 600.2735 600.1859 600.2648 600.3727 600.462 600.5598 600.666 600.7767 600.8538 601.011 601.078 601.1785 601.2727 601.3575 601.4578 601.5297 601.5935 601.7065 601.789 601.8851 601.9689 602.1459 602.318 602.4491 602.5999 602.7721 602.9248 603.0411 603.1771 603.3006 603.4297 603.5457 603.6461 603.7521 603.8472 603.9352 603.9365 603.9409 603.9453 603.9497 603.9531 603.956 603.9587 603.9626 603.9664 603.9698 603.9728 603.9755 603.978 603.9799 603.9821 603.9838 603.984 603.9855 603.987
-9999 -9999 604.2271 603.2991 602.2853 602.1042 600.9507 602.2067 600.3628 600.2794 600.3615 600.4847 600.5707 600.729 600.8483 600.9555 601.033 601.2035 601.284 601.39 601.4883 601.5858 601.6743 601.7593 601.8248 601.9095 602.0488 602.1876 602.2772 602.4166 602.5854 602.7321 602.8625 603.0515 603.1669 603.3152 603.4175 603.5495 603.6757 603.7959 603.9026 603.9402 603.944 603.9489 603.9539 603.9581 603.9625 603.9669 603.9705 603.9733 603.9754 603.9792 603.9832 603.9866 603.9895 603.9921 603.9949 603.9965 603.9987 604.0005 604.001 604.002 604.0035
-9999 -9999 -9999 603.4183 602.4118 602.0721 601.0484 602.2626 600.4521 600.3728 600.4637 600.5965 600.7648 600.8862 601.0088 601.156 601.3027 601.4082 601.5422 601.5975 601.7667 601.8477 601.8876 601.9899 602.1052 602.205 602.3314 602.4706 602.5923 602.7006 602.8654 603.0245 603.1404 603.2939 603.4504 603.5662 603.6784 603.799 603.9214 603.947 603.9518 603.9564 603.9614 603.9664 603.9713 603.9752 603.9796 603.9839 603.9877 603.9905 603.9921 603.996 603.9998 604.0034 604.0062 604.0087 604.0114 604.0132 604.0152 604.0174 604.0179 604.0185 604.02
-9999 -9999 -9999 603.5376 602.577 602.0401 601.1462 602.3185 600.5414 600.4662 600.5622 600.6199 600.9595 601.0699 601.2475 601.3618 601.5182 601.63 601.7618 601.8801 602.0047 602.0956 602.1644 602.2694 602.3958 602.5007 602.614 602.7529 602.8918 602.9943 603.1389 603.296 603.4317 603.5556 603.7299 603.8453 603.9525 603.9552 603.9601 603.965 603.9699 603.9739 603.9788 603.9838 603.9888 603.993 603.9966 604.001 604.0051 604.0079 604.0091 604.0126 604.0165 604.0201 604.0228 604.0253 604.0278 604.0298 604.0318 604.034 604.0347 604.035 604.0365
-9999 -9999 -9999 603.6569 602.7288 602.008 601.2439 602.3745 600.6306 600.5597 600.6528 600.7372 601.1047 601.2808 601.4628 601.5787 601.7695 601.8845 602.0114 602.1382 602.2584 602.3639 602.447 602.5575 602.6686 602.7839 602.8968 603.0356 603.1746 603.2997 603.4323 603.5845 603.7241 603.8389 603.9572 603.96 603.9664 603.9728 603.9781 603.9831 603.988 603.9913 603.9963 604.0012 604.0062 604.0112 604.0138 604.0182 604.0226 604.0251 604.0271 604.0293 604.0332 604.0369 604.0396 604.0419 604.0444 604.0464 604.0483 604.0505 604.0513 604.0515 604.053
-9999 -9999 -9999 603.7761 602.8481 601.9982 601.3417 602.4305 600.7199 600.6531 600.7435 600.8546 601.1917 601.5162 601.6395 601.8463 601.9827 602.1426 602.27 602.3964 602.5206 602.6347 602.7294 602.8281 602.941 603.0745 603.1885 603.3184 603.4569 603.5961 603.7258 603.8706 603.9625 603.9644 603.9713 603.9782 603.9843 603.9905 603.9962 604.0011 604.006 604.0106 604.0137 604.0187 604.0236 604.0286 604.0309 604.0353 604.0397 604.0424 604.0452 604.046 604.0499 604.0538 604.0566 604.0585 604.0609 604.063 604.0649 604.0671 604.0681 604.0681 604.0695
-9999 -9999 -9999 603.8954 602.9673 602.2782 601.4394 602.4864 600.8092 600.7466 600.8341 600.9719 601.3259 601.7792 601.8643 602.0609 602.221 602.3962 602.5281 602.6552 602.7819 602.8909 602.9991 603.0958 603.2271 603.3473 603.4716 603.6014 603.7397 603.8786 603.9669 603.9724 603.9781 603.9838 603.9894 603.9963 604.0022 604.0085 604.0143 604.0192 604.0241 604.029 604.0311 604.0361 604.0411 604.046 604.048 604.0524 604.0568 604.0597 604.0626 604.0627 604.0665 604.0704 604.0737 604.0761 604.0778 604.0797 604.0814 604.0836 604.0848 604.0845 604.0861
-9999 -9999 -9999 604.0146 603.0866 602.5582 601.5372 602.5424 600.8985 600.84 600.9247 601.0798 601.4516 601.9575 602.0851 602.3027 602.4792 602.6346 602.7864 602.9136 603.04 603.1501 603.2642 603.3633 603.4943 603.6198 603.7531 603.884 603.9733 603.9801 603.986 603.9917 603.9974 604.0031 604.0076 604.0145 604.0206 604.0265 604.0323 604.0372 604.0421 604.0471 604.0485 604.0535 604.0585 604.0635 604.0651 604.0695 604.0739 604.077 604.0798 604.0793 604.0833 604.0871 604.0905 604.0928 604.0948 604.0969 604.098 604.1002 604.1015 604.1011 604.1025
-9999 -9999 -9999 604.1339 603.2059 602.8201 601.6349 602.5983 600.9878 600.9322 601.0153 601.1805 601.5773 602.0752 602.3752 602.5232 602.7317 602.8801 603.045 603.1718 603.2986 603.4208 603.5235 603.6427 603.7622 603.8935 603.9778 603.9854 603.9926 603.9995 604.0053 604.011 604.0167 604.0224 604.0258 604.0327 604.0396 604.0444 604.0503 604.0553 604.0602 604.0651 604.066 604.0709 604.0759 604.0809 604.0837 604.0866 604.091 604.0943 604.0971 604.097 604.0999 604.1038 604.1072 604.1096 604.1113 604.1135 604.1149 604.1168 604.1182 604.118 604.1191
-9999 -9999 -9999 604.2532 603.3251 602.8477 601.7327 602.6542 601.0771 601.0238 601.106 601.2813 601.7029 602.1929 602.6362 602.7988 602.9613 603.1474 603.2865 603.4302 603.5571 603.6837 603.7795 603.9009 603.9824 603.9905 603.9974 604.0051 604.0119 604.0189 604.0248 604.0303 604.036 604.0417 604.0443 604.0508 604.0577 604.0623 604.0679 604.0734 604.0782 604.0831 604.0851 604.0884 604.0933 604.0983 604.1023 604.1038 604.1082 604.1122 604.1144 604.115 604.1166 604.1205 604.124 604.1262 604.1279 604.13 604.1315 604.1333 604.1349 604.1353 604.1356
-9999 -9999 -9999 604.3725 603.4444 602.8753 601.8304 602.7102 601.1664 601.1154 601.1966 601.382 601.8287 602.3105 602.7538 603.0663 603.2285 603.3996 603.5465 603.6888 603.8155 603.9421 603.9869 603.9952 604.0025 604.0104 604.0171 604.0248 604.0311 604.0385 604.044 604.0496 604.0552 604.061 604.0648 604.069 604.0759 604.0802 604.0859 604.0914 604.0963 604.1012 604.1042 604.1058 604.1108 604.1157 604.1207 604.1208 604.1252 604.1296 604.1317 604.1331 604.1333 604.1371 604.1409 604.1429 604.1445 604.1465 604.1481 604.1498 604.152 604.1522 604.1521
-9999 -9999 -9999 -9999 603.5637 602.9029 601.9282 602.7661 601.2557 601.2069 601.2872 601.4827 601.9543 602.4282 602.8715 603.3149 603.5098 603.6581 603.8138 603.9456 603.9914 604.0001 604.0078 604.0154 604.023 604.0303 604.0374 604.0443 604.051 604.0576 604.0635 604.0688 604.0745 604.0803 604.0854 604.0872 604.094 604.0988 604.1044 604.1094 604.1144 604.1193 604.1235 604.1232 604.1282 604.1332 604.1381 604.1379 604.1423 604.1467 604.149 604.1511 604.15 604.1539 604.1577 604.1599 604.1614 604.163 604.1647 604.1664 604.1686 604.1691 604.1686
-9999 -9999 -9999 -9999 603.6829 602.9305 602.0259 602.8221 601.3454 601.2985 601.3778 601.5834 602.0801 602.5459 602.9892 603.4326 603.7772 603.9464 603.9965 604.0045 604.0125 604.0211 604.0286 604.0362 604.0435 604.0507 604.0576 604.0643 604.0707 604.0767 604.0832 604.0881 604.0938 604.0995 604.1052 604.1053 604.1122 604.1188 604.1224 604.1277 604.1324 604.1373 604.1422 604.1407 604.1456 604.1506 604.1556 604.1558 604.1595 604.1639 604.1663 604.1691 604.1668 604.1705 604.1744 604.1776 604.1789 604.1801 604.1813 604.1829 604.1852 604.1858 604.1851
-9999 -9999 -9999 -9999 603.8022 602.9581 602.1237 602.8781 601.4351 601.3901 601.4684 601.6841 602.2057 602.6636 603.1069 603.5502 603.9935 604.0096 604.0181 604.0259 604.034 604.0421 604.0494 604.0566 604.0643 604.0707 604.0778 604.0839 604.0905 604.0969 604.1026 604.108 604.1131 604.1188 604.1245 604.1243 604.1303 604.1372 604.1403 604.1453 604.1505 604.1554 604.1603 604.1597 604.1631 604.168 604.173 604.1744 604.1766 604.181 604.1835 604.1864 604.1849 604.1873 604.1911 604.1943 604.1962 604.1974 604.1986 604.1995 604.2017 604.2025 604.2016
-9999 -9999 -9999 -9999 603.9215 602.9857 602.2369 602.934 601.5248 601.4816 601.5591 601.7874 602.3314 602.7813 603.2245 603.6679 604.0302 604.0314 604.0398 604.048 604.0554 604.063 604.0702 604.0778 604.0845 604.0907 604.0981 604.1036 604.1108 604.1161 604.1227 604.1273 604.1324 604.1381 604.1438 604.1448 604.1485 604.1554 604.1582 604.163 604.1685 604.1734 604.1783 604.1788 604.1805 604.1855 604.1904 604.193 604.1937 604.1981 604.2009 604.2037 604.203 604.2039 604.2078 604.2111 604.2129 604.214 604.2156 604.2164 604.2183 604.2192 604.2181
-9999 -9999 -9999 -9999 604.0408 603.0394 602.553 602.9899 601.6145 601.5732 601.6497 601.923 602.4556 602.8989 603.3422 603.7856 604.0548 604.0532 604.0624 604.0696 604.0768 604.0839 604.0917 604.0988 604.1048 604.1118 604.118 604.1246 604.1303 604.136 604.1418 604.1465 604.1517 604.1573 604.1631 604.1653 604.1666 604.1735 604.1768 604.1824 604.1866 604.1915 604.1964 604.1981 604.1979 604.2029 604.2079 604.2115 604.2108 604.2152 604.2192 604.2209 604.2211 604.2206 604.2245 604.2279 604.2296 604.2306 604.2321 604.2332 604.2348 604.2359 604.2352
-9999 -9999 -9999 -9999 604.16 603.2046 602.869 603.0459 601.7042 601.6647 601.7404 602.0585 602.5732 603.0166 603.4599 603.9033 604.0795 604.077 604.0842 604.0913 604.0982 604.105 604.1136 604.1196 604.1264 604.1323 604.139 604.1447 604.1501 604.1561 604.1609 604.1669 604.171 604.1766 604.1824 604.1859 604.1848 604.1917 604.1969 604.2004 604.2048 604.2095 604.2144 604.2173 604.2154 604.2203 604.2253 604.2303 604.2279 604.2323 604.2367 604.2382 604.2391 604.2373 604.2411 604.2448 604.2463 604.2471 604.2487 604.2498 604.2513 604.2526 604.2522
-9999 -9999 -9999 -9999 604.2793 603.3513 603.185 603.1018 601.7939 601.7563 601.831 602.1935 602.6909 603.1342 603.5776 604.0209 604.1042 604.1016 604.106 604.113 604.1196 604.1276 604.1346 604.1404 604.1469 604.1536 604.1591 604.1649 604.1705 604.1758 604.1819 604.1863 604.191 604.1959 604.2017 604.2065 604.2042 604.2098 604.2167 604.2183 604.2227 604.2276 604.2325 604.2365 604.2342 604.2378 604.2427 604.2477 604.2466 604.2495 604.2538 604.2555 604.2573 604.2549 604.2579 604.2617 604.2632 604.2643 604.2651 604.2664 604.2679 604.2695 604.2694
-9999 -9999 -9999 -9999 604.3986 603.4705 603.1913 603.1578 601.8836 601.8479 601.9357 602.3192 602.8086 603.2519 603.6953 604.1312 604.1289 604.1263 604.1278 604.1346 604.1428 604.149 604.1555 604.1611 604.1675 604.1739 604.1791 604.1859 604.1901 604.1968 604.2012 604.2064 604.2105 604.2152 604.2209 604.2266 604.2249 604.228 604.2349 604.2362 604.2403 604.2457 604.2505 604.2554 604.2534 604.2552 604.2602 604.2651 604.2651 604.2665 604.2709 604.2728 604.2752 604.2728 604.2745 604.2784 604.281 604.2817 604.2825 604.2831 604.2845 604.2866 604.2863
-9999 -9999 -9999 -9999 604.5178 603.5898 603.1593 603.2137 601.9733 601.9395 602.053 602.4448 602.9263 603.3696 603.8129 604.156 604.1537 604.1511 604.1497 604.1587 604.1645 604.1704 604.1765 604.1827 604.1898 604.1942 604.2005 604.2058 604.2111 604.2163 604.2206 604.226 604.2297 604.2345 604.2402 604.2459 604.2454 604.2462 604.2531 604.2548 604.2601 604.2637 604.2686 604.2735 604.2725 604.2726 604.2776 604.2826 604.2836 604.2836 604.288 604.2901 604.2929 604.2911 604.2912 604.2951 604.2982 604.2994 604.2999 604.3004 604.301 604.3032 604.3034
-9999 -9999 -9999 -9999 -9999 603.709 603.1273 603.2697 602.063 602.0311 602.1703 602.5706 603.0439 603.4872 603.9306 604.1807 604.1784 604.1758 604.1735 604.1806 604.1862 604.1918 604.1975 604.2061 604.2106 604.2165 604.221 604.2265 604.2319 604.2359 604.2415 604.2451 604.2507 604.2538 604.2595 604.2652 604.2659 604.2643 604.2712 604.2749 604.2783 604.2817 604.2867 604.2916 604.2919 604.29 604.295 604.3 604.3024 604.3008 604.3052 604.3079 604.3102 604.309 604.3079 604.3118 604.315 604.3163 604.3167 604.3178 604.3176 604.3198 604.3202
-9999 -9999 -9999 -9999 -9999 603.8283 603.0952 603.3256 602.1528 602.1234 602.2838 602.6962 603.1616 603.6049 604.0483 604.2054 604.2031 604.2005 604.1982 604.2024 604.2078 604.2132 604.2211 604.2271 604.2313 604.2371 604.2422 604.2474 604.252 604.257 604.2612 604.2662 604.27 604.2736 604.2787 604.2845 604.2866 604.2842 604.2894 604.295 604.2963 604.3 604.3047 604.3096 604.311 604.3087 604.3124 604.3174 604.3209 604.3186 604.3223 604.3262 604.3275 604.3271 604.3246 604.3284 604.3318 604.3329 604.3333 604.3343 604.3348 604.3363 604.3369
-9999 -9999 -9999 -9999 -9999 603.9476 603.0632 603.3815 602.2424 602.2256 602.3845 602.8219 603.2793 603.7226 604.166 604.23 604.2278 604.2252 604.2229 604.2242 604.2295 604.2372 604.2427 604.2481 604.2521 604.2575 604.2632 604.2675 604.2736 604.2766 604.2821 604.2862 604.2899 604.2938 604.298 604.3038 604.3071 604.3049 604.3076 604.3145 604.3141 604.3177 604.3228 604.3277 604.3303 604.3279 604.3299 604.3348 604.3397 604.3372 604.3394 604.3438 604.3448 604.3451 604.3429 604.3452 604.3487 604.3496 604.3498 604.3508 604.3514 604.3529 604.3536
-9999 -9999 -9999 -9999 -9999 604.0668 603.3414 603.4375 602.3322 602.3278 602.4852 602.9476 603.397 603.8403 604.257 604.2548 604.2526 604.2498 604.2476 604.246 604.2538 604.2593 604.264 604.269 604.2738 604.2805 604.2834 604.2892 604.2935 604.2975 604.3023 604.3055 604.3102 604.313 604.3173 604.3231 604.3276 604.3253 604.3257 604.3326 604.3329 604.3373 604.3408 604.3457 604.3495 604.3472 604.3474 604.3523 604.3572 604.3559 604.3565 604.3609 604.3621 604.3633 604.3608 604.3618 604.3657 604.3666 604.3672 604.3673 604.368 604.3694 604.3703
