samples/sfe_82/sfe_82_c2/sfe_82_c2/sfe_82_c2.asc
ncols         243
nrows         113
xllcorner     94.199999999255
yllcorner     60.60000000149
cellsize      0.7
NODATA_value  -9999
[rows 84 to 111 of 113, columns 126 to 188 of 243]
604.1046 604.0977 604.0884 604.0807 604.0702 604.0621 604.0549 604.046 604.035 604.0256 604.0161 604.0076 603.9979 603.9856 603.9753 603.9666 603.9566 603.9451 603.9329 603.9224 603.9125 603.9012 603.8878 603.8768 603.8649 603.8533 603.8401 603.8258 603.8134 603.7997 603.7863 603.7717 603.7567 603.7429 603.728 603.7128 603.6962 603.6851 603.6703 603.6548 603.6384 603.6213 603.6125 603.4274 603.1791 602.9359 602.6935 602.5081 602.2591 602 601.7404 601.5734 601.3242 600.9683 600.6655 600.41 600.0305 599.882 599.848 599.7482 599.677 599.6017 599.5652
604.1258 604.1172 604.1091 604.103 604.0929 604.0827 604.0756 604.0669 604.0588 604.0479 604.0374 604.0297 604.021 604.0106 603.9982 603.9895 603.9797 603.9706 603.9579 603.9463 603.9367 603.9258 603.9155 603.9019 603.8901 603.879 603.8669 603.8542 603.84 603.8281 603.8138 603.8012 603.7849 603.7715 603.757 603.7425 603.7278 603.7169 603.7017 603.6862 603.6696 603.6544 603.6396 603.6232 603.6082 603.4169 603.1877 603.033 602.7731 602.5143 602.2786 602.1362 601.8922 601.7064 601.58 601.4553 601.153 600.9727 600.6085 600.1515 600.0724 599.7892 599.7112
604.1475 604.1372 604.1308 604.1232 604.1152 604.1058 604.0962 604.0878 604.0809 604.0719 604.0602 604.0516 604.0431 604.0338 604.0235 604.0125 604.0027 603.9941 603.9839 603.972 603.9608 603.9504 603.9412 603.9299 603.9153 603.9047 603.8931 603.8824 603.868 603.8549 603.8427 603.8291 603.8162 603.8002 603.7858 603.7722 603.7612 603.7485 603.7331 603.7181 603.7007 603.6875 603.6733 603.6569 603.6403 603.6213 603.6036 603.5468 603.2874 603.0281 602.8414 602.6567 602.4247 602.2264 602.0906 601.9415 601.7773 601.6832 601.5901 601.4681 601.202 600.8693 600.71
604.1693 604.1595 604.1509 604.1433 604.1357 604.1289 604.1186 604.1087 604.1023 604.0941 604.0847 604.074 604.0652 604.0562 604.0486 604.0376 604.0258 604.0175 604.0078 603.9988 603.9858 603.9751 603.9662 603.9557 603.9438 603.9304 603.9194 603.909 603.8961 603.8823 603.8706 603.857 603.8449 603.8317 603.8148 603.8019 603.7932 603.7799 603.7645 603.7493 603.7349 603.7206 603.707 603.6906 603.6737 603.6554 603.6396 603.6238 603.6079 603.5466 603.4042 603.171 602.9341 602.7657 602.6047 602.4276 602.2699 602.1612 602.0563 601.9153 601.7806 601.6762 601.5684
604.1888 604.1801 604.1727 604.1635 604.1563 604.1505 604.1419 604.1319 604.1237 604.1154 604.1085 604.0986 604.0878 604.0786 604.0715 604.0629 604.0517 604.041 604.0317 604.0238 604.0131 604.0007 603.9913 603.981 603.9716 603.9586 603.9456 603.9355 603.9231 603.9121 603.8983 603.8849 603.8735 603.8608 603.8467 603.8316 603.825 603.8113 603.7958 603.7816 603.769 603.7537 603.7407 603.7242 603.7075 603.6896 603.676 603.6602 603.6437 603.6244 603.6086 603.593 603.4454 603.308 603.1046 602.9136 602.7671 602.6271 602.5077 602.3626 602.2375 602.0956 601.9883
604.2082 604.2006 604.1953 604.186 604.177 604.1711 604.1636 604.1555 604.1459 604.1367 604.1304 604.1231 604.1127 604.1017 604.0944 604.0859 604.0776 604.066 604.0557 604.0479 604.0385 604.0284 604.0164 604.0062 603.9973 603.9868 603.9744 603.962 603.9521 603.9397 603.9288 603.9135 603.9022 603.8896 603.8779 603.8634 603.8567 603.8427 603.8272 603.8132 603.8021 603.7867 603.7744 603.7579 603.7421 603.7238 603.7124 603.6966 603.6794 603.6638 603.6471 603.6305 603.6124 603.5951 603.5704 603.3997 603.2485 603.1069 602.9409 602.8148 602.661 602.5154 602.4083
604.2281 604.223 604.2164 604.2087 604.2001 604.1918 604.1845 604.179 604.17 604.1597 604.1525 604.1452 604.1372 604.1272 604.1174 604.1089 604.1021 604.0926 604.0816 604.0721 604.0631 604.0557 604.0444 604.0318 604.023 604.013 604.0039 603.9901 603.9794 603.9681 603.9573 603.945 603.9308 603.9186 603.9076 603.8967 603.8884 603.8741 603.8604 603.8443 603.8351 603.8227 603.808 603.7924 603.7756 603.7617 603.7488 603.733 603.7164 603.7022 603.6856 603.6689 603.6528 603.6354 603.6181 603.6024 603.5833 603.55 603.374 603.256 603.0845 602.9352 602.8283
604.2505 604.2432 604.2366 604.23 604.2231 604.2141 604.2054 604.2004 604.1934 604.1841 604.1747 604.1673 604.1596 604.1524 604.1425 604.1321 604.1255 604.1172 604.1083 604.0972 604.0878 604.0807 604.0719 604.0603 604.0487 604.0392 604.0311 604.0195 604.0067 603.9973 603.9852 603.9755 603.9626 603.9474 603.9373 603.9299 603.9208 603.9055 603.8916 603.8784 603.8682 603.8582 603.8417 603.8257 603.8107 603.7999 603.7852 603.7693 603.7524 603.7407 603.7241 603.7075 603.6931 603.6758 603.6589 603.6447 603.6249 603.605 603.5892 603.5768 603.5027 603.3553 603.2292
604.2719 604.2648 604.2567 604.2505 604.2461 604.2375 604.2288 604.2217 604.2147 604.2083 604.1995 604.19 604.182 604.1765 604.1684 604.1583 604.149 604.1411 604.135 604.1244 604.1136 604.1058 604.0971 604.089 604.0769 604.0655 604.0576 604.0465 604.037 604.025 604.0131 604.0042 603.9935 603.9799 603.967 603.9633 603.9523 603.9368 603.9235 603.9136 603.9013 603.8919 603.8754 603.8597 603.8452 603.8375 603.8216 603.8062 603.7885 603.7791 603.7625 603.7452 603.7335 603.7162 603.7023 603.6862 603.6664 603.6497 603.6337 603.618 603.6005 603.5835 603.5705
604.2921 604.2873 604.2792 604.2713 604.2668 604.2603 604.2521 604.244 604.236 604.2313 604.224 604.2147 604.2053 604.1994 604.1922 604.1841 604.1741 604.165 604.1592 604.1511 604.1414 604.131 604.1223 604.1155 604.1058 604.0947 604.0842 604.0752 604.0655 604.0553 604.0421 604.0328 604.0224 604.0127 603.9988 603.9965 603.9837 603.9682 603.9568 603.9489 603.9344 603.9256 603.9091 603.8964 603.8793 603.8738 603.858 603.8419 603.8279 603.8176 603.801 603.7839 603.7739 603.7565 603.7441 603.7278 603.708 603.6948 603.6782 603.6635 603.646 603.6302 603.6129
604.3145 604.3097 604.3019 604.2945 604.2874 604.2813 604.276 604.2681 604.2592 604.2532 604.2473 604.2399 604.2309 604.2224 604.2153 604.2102 604.2007 604.1912 604.1833 604.1758 604.169 604.1588 604.1483 604.1412 604.1328 604.1241 604.1122 604.1039 604.0934 604.0854 604.0735 604.0615 604.0513 604.043 604.032 604.0283 604.0151 604.0018 603.988 603.9828 603.969 603.9593 603.9439 603.9299 603.9171 603.9102 603.8944 603.8787 603.8683 603.856 603.8394 603.8262 603.8142 603.7969 603.7858 603.7694 603.7496 603.7392 603.7227 603.709 603.6915 603.6771 603.66
604.3354 604.3298 604.3242 604.3173 604.3095 604.3021 604.2985 604.2918 604.2834 604.2754 604.2694 604.2629 604.2559 604.2476 604.2386 604.2336 604.2266 604.2181 604.2085 604.2004 604.1953 604.1871 604.1768 604.1669 604.1591 604.1532 604.1424 604.131 604.1239 604.1133 604.1052 604.0933 604.0803 604.0727 604.0656 604.0599 604.0464 604.0339 604.0217 604.0159 604.0048 603.9929 603.9778 603.9647 603.9554 603.9467 603.9308 603.9164 603.9086 603.8945 603.8792 603.8686 603.8546 603.8372 603.8276 603.811 603.7912 603.7837 603.7672 603.7545 603.7377 603.7238 603.71
604.3569 604.35 604.3447 604.3406 604.3332 604.3256 604.3198 604.314 604.3079 604.3003 604.2922 604.2853 604.2814 604.2735 604.2648 604.257 604.2505 604.2448 604.2355 604.2265 604.2203 604.2132 604.2054 604.1951 604.1854 604.1797 604.1699 604.1612 604.1516 604.1412 604.1348 604.1253 604.1131 604.1024 604.0986 604.0917 604.0778 604.0655 604.0572 604.049 604.0409 604.0266 604.0119 604.0007 603.9937 603.983 603.9682 603.9525 603.9491 603.933 603.9169 603.911 603.8949 603.8807 603.8694 603.8525 603.8365 603.8282 603.8123 603.8 603.7863 603.7706 603.7599
604.3792 604.3723 604.3656 604.3624 604.3562 604.349 604.342 604.3353 604.3318 604.3246 604.3168 604.3089 604.3044 604.2985 604.2907 604.2823 604.2744 604.2704 604.263 604.2544 604.2457 604.2384 604.2338 604.2243 604.2149 604.2062 604.1984 604.1913 604.1818 604.1707 604.1635 604.1552 604.1459 604.1343 604.1322 604.1247 604.1092 604.1005 604.0922 604.082 604.0767 604.0603 604.0493 604.0349 604.0319 604.0194 604.0043 603.9917 603.988 603.9714 603.9556 603.9526 603.9353 603.9245 603.9136 603.8942 603.8827 603.8726 603.8597 603.8455 603.8347 603.8173 603.8098
604.4019 604.3953 604.3889 604.3831 604.3779 604.3728 604.3661 604.3586 604.3541 604.3494 604.3422 604.3346 604.3273 604.3215 604.3168 604.3087 604.3008 604.2946 604.2884 604.2818 604.2734 604.2648 604.2595 604.2527 604.2441 604.2344 604.2283 604.2189 604.2125 604.2021 604.1921 604.184 604.1783 604.1677 604.1655 604.1561 604.1425 604.1317 604.1277 604.1151 604.1105 604.0944 604.0842 604.0726 604.0701 604.0558 604.0409 604.0323 604.0265 604.0099 603.9979 603.993 603.9756 603.9683 603.9555 603.9357 603.9288 603.9171 603.9069 603.891 603.8815 603.8641 603.8589
604.4231 604.4177 604.4116 604.4051 604.3989 604.3964 604.3899 604.3828 604.3761 604.3715 604.3663 604.3596 604.3526 604.3451 604.3417 604.3353 604.3278 604.3198 604.313 604.3098 604.3018 604.2933 604.2852 604.2789 604.2739 604.2647 604.2554 604.2493 604.2415 604.2338 604.224 604.2135 604.2081 604.2009 604.1989 604.1874 604.1761 604.1652 604.1628 604.1512 604.1442 604.1298 604.1185 604.1107 604.1081 604.0922 604.0804 604.0726 604.0649 604.049 604.0401 604.0333 604.016 604.0111 603.9971 603.9773 603.9749 603.9616 603.954 603.9365 603.9282 603.9119 603.9078
604.4432 604.439 604.4349 604.4288 604.4225 604.4179 604.4134 604.4075 604.4011 604.3943 604.3887 604.385 604.3784 604.3712 604.3651 604.3599 604.3543 604.3467 604.3394 604.3349 604.3293 604.3217 604.3134 604.3054 604.3018 604.2933 604.2856 604.2783 604.2693 604.2653 604.2562 604.2463 604.2378 604.2344 604.2315 604.2188 604.2075 604.2006 604.1966 604.187 604.1778 604.1641 604.1561 604.1492 604.1445 604.1288 604.1165 604.1131 604.1034 604.0886 604.0826 604.0737 604.0583 604.0529 604.0387 604.0234 604.0209 604.006 603.9995 603.983 603.975 603.9619 603.9567
604.4653 604.4599 604.4578 604.4518 604.4459 604.44 604.4347 604.4315 604.4254 604.419 604.4125 604.4093 604.4041 604.3973 604.3904 604.3838 604.3815 604.3744 604.3674 604.3603 604.3546 604.3505 604.3427 604.3351 604.3284 604.3216 604.3162 604.308 604.2993 604.2941 604.2878 604.2788 604.2697 604.2675 604.2632 604.2502 604.2424 604.2358 604.2296 604.2233 604.2115 604.2012 604.1904 604.1872 604.1808 604.1667 604.1558 604.1533 604.1419 604.1273 604.1248 604.114 604.1024 604.0947 604.0803 604.0693 604.0671 604.0513 604.045 604.0315 604.0217 604.0118 604.0057
604.4885 604.4832 604.4786 604.4746 604.4694 604.464 604.458 604.4548 604.4501 604.4442 604.4382 604.4323 604.4278 604.4231 604.4166 604.4103 604.4058 604.4011 604.3948 604.3881 604.3812 604.3777 604.3715 604.3643 604.3566 604.3521 604.3447 604.339 604.3308 604.3228 604.3168 604.3119 604.3033 604.3009 604.2954 604.2831 604.2753 604.2709 604.2627 604.2591 604.2452 604.2384 604.2281 604.2258 604.2173 604.2031 604.1962 604.194 604.1804 604.1693 604.167 604.1544 604.146 604.1381 604.1219 604.1157 604.1116 604.0983 604.0905 604.0803 604.0685 604.0616 604.0546
604.511 604.5059 604.5006 604.4955 604.4933 604.488 604.4822 604.4769 604.4737 604.4691 604.4633 604.4576 604.4516 604.4496 604.4435 604.4375 604.4312 604.4257 604.4224 604.4163 604.4099 604.4034 604.3988 604.394 604.387 604.3797 604.3748 604.3696 604.3621 604.3547 604.3467 604.3434 604.3364 604.3343 604.3284 604.3177 604.3087 604.3066 604.2974 604.2949 604.2819 604.2725 604.2662 604.2639 604.2537 604.2432 604.2366 604.2344 604.2188 604.212 604.2097 604.1948 604.1902 604.1826 604.1639 604.1616 604.1561 604.1459 604.136 604.1287 604.1153 604.1118 604.1035
604.5331 604.529 604.5242 604.5193 604.516 604.5117 604.507 604.502 604.4965 604.4921 604.4883 604.4832 604.4777 604.4731 604.4692 604.4641 604.4581 604.4523 604.4494 604.4444 604.4381 604.4317 604.4256 604.4234 604.4167 604.4099 604.405 604.3975 604.394 604.387 604.3796 604.3732 604.3698 604.3676 604.3598 604.3496 604.3438 604.3417 604.3334 604.329 604.3163 604.3101 604.3045 604.302 604.29 604.2805 604.2768 604.2739 604.2603 604.254 604.2518 604.2361 604.2339 604.2249 604.2102 604.2078 604.2005 604.1931 604.1815 604.1773 604.1639 604.1616 604.1523
604.5542 604.5522 604.5475 604.5427 604.538 604.534 604.5311 604.5263 604.5212 604.5161 604.5142 604.5092 604.5039 604.4985 604.4933 604.4909 604.4856 604.4804 604.4749 604.4706 604.467 604.4612 604.4554 604.4504 604.4448 604.4403 604.4343 604.4279 604.4248 604.4189 604.412 604.4052 604.4032 604.4012 604.3912 604.3842 604.3795 604.3767 604.3692 604.3627 604.3535 604.346 604.3429 604.3404 604.3287 604.3198 604.3177 604.3123 604.299 604.2964 604.2928 604.2802 604.2776 604.2664 604.2563 604.2541 604.245 604.2402 604.2284 604.2261 604.2136 604.2116 604.2012
604.5776 604.5743 604.5705 604.566 604.5619 604.5574 604.5551 604.5507 604.5462 604.5417 604.5373 604.5341 604.5297 604.5247 604.52 604.517 604.5128 604.5078 604.5027 604.4977 604.4954 604.4899 604.4846 604.4788 604.475 604.4705 604.4655 604.4594 604.4535 604.4495 604.445 604.439 604.4363 604.4344 604.4236 604.4189 604.4145 604.4103 604.4053 604.3964 604.3911 604.3835 604.3809 604.3787 604.3654 604.36 604.3578 604.3508 604.341 604.3389 604.3331 604.3241 604.3199 604.308 604.3021 604.3 604.2902 604.2876 604.2768 604.2729 604.2639 604.2618 604.2502
604.6003 604.5962 604.5922 604.5902 604.5862 604.5817 604.5776 604.5758 604.5714 604.567 604.5626 604.5581 604.5559 604.5516 604.5472 604.5425 604.5383 604.5352 604.5306 604.5264 604.5217 604.5186 604.514 604.5091 604.5042 604.5001 604.4962 604.4907 604.4853 604.4799 604.4777 604.472 604.4695 604.4665 604.4585 604.4523 604.4495 604.4434 604.4415 604.433 604.4264 604.4217 604.4193 604.4151 604.4052 604.4008 604.3981 604.3893 604.3834 604.3811 604.3735 604.3677 604.3624 604.3507 604.3488 604.346 604.3373 604.3352 604.3255 604.3197 604.3137 604.3116 604.2991
604.6231 604.6196 604.6161 604.6136 604.6098 604.6063 604.6027 604.5987 604.5955 604.592 604.588 604.5842 604.5812 604.5779 604.5738 604.5695 604.5652 604.5633 604.5591 604.5546 604.55 604.5458 604.5438 604.5391 604.5343 604.5306 604.5257 604.5226 604.5179 604.5128 604.5085 604.5051 604.5033 604.4994 604.4919 604.4872 604.4852 604.4798 604.4772 604.4684 604.4641 604.4597 604.4579 604.4515 604.4445 604.441 604.4385 604.4303 604.4259 604.4232 604.4141 604.4117 604.4072 604.3969 604.3947 604.3922 604.3844 604.381 604.3743 604.3665 604.3634 604.3615 604.3493
604.6467 604.6431 604.6395 604.636 604.6334 604.6307 604.6271 604.6234 604.6197 604.6176 604.6143 604.6105 604.6067 604.6029 604.6003 604.5967 604.5933 604.5895 604.5868 604.5833 604.5795 604.5756 604.5726 604.568 604.5645 604.5605 604.5565 604.5541 604.5498 604.5452 604.5407 604.5387 604.5364 604.5322 604.5261 604.5227 604.5205 604.5156 604.5131 604.5056 604.5015 604.4983 604.496 604.4893 604.4838 604.4811 604.4793 604.4706 604.468 604.4656 604.4576 604.4559 604.4514 604.4432 604.4406 604.4386 604.4321 604.4265 604.4227 604.4158 604.4132 604.4113 604.4017
604.6694 604.6661 604.6629 604.6598 604.6569 604.6547 604.6514 604.6482 604.6453 604.6423 604.6398 604.6363 604.6329 604.6295 604.6276 604.6243 604.6208 604.6173 604.6142 604.6121 604.6084 604.6048 604.6011 604.5981 604.5954 604.5919 604.5881 604.5842 604.5817 604.5779 604.5743 604.5721 604.5698 604.5641 604.5614 604.5582 604.5556 604.5514 604.5475 604.543 604.5389 604.5366 604.534 604.5276 604.5239 604.5219 604.5196 604.5126 604.5101 604.5083 604.502 604.4995 604.4941 604.4891 604.4868 604.4839 604.4794 604.4738 604.4712 604.4655 604.4634 604.4611 604.4536
604.6917 604.689 604.6868 604.6843 604.6813 604.6784 604.6763 604.6737 604.6707 604.6677 604.6646 604.6622 604.6595 604.6569 604.6538 604.651 604.6482 604.6451 604.6429 604.64 604.6371 604.634 604.6312 604.6286 604.6255 604.6226 604.6193 604.616 604.6131 604.6111 604.6077 604.6052 604.6035 604.5992 604.5958 604.5932 604.5906 604.5874 604.5836 604.5805 604.5772 604.5747 604.5721 604.5673 604.5646 604.5624 604.5597 604.5547 604.5529 604.5505 604.5458 604.5432 604.5375 604.5351 604.5333 604.5291 604.5266 604.5222 604.5197 604.5155 604.5135 604.511 604.5054
