samples/sfe_82/sfe_82_c2/sfe_82_c2/sfe_82_c2.asc
ncols         243
nrows         113
xllcorner     94.199999999255
yllcorner     60.60000000149
cellsize      0.7
NODATA_value  -9999
[rows 84 to 111 of 113, columns 0 to 62 of 243]
-9999 -9999 -9999 -9999 -9999 604.1861 603.6033 603.4935 602.4219 602.4299 602.5859 603.0713 603.5146 603.9579 604.2817 604.2794 604.2773 604.2746 604.2723 604.2699 604.277 604.281 604.2855 604.29 604.2971 604.3015 604.3059 604.3098 604.3138 604.319 604.3218 604.3268 604.3293 604.3339 604.3366 604.3423 604.348 604.3461 604.3439 604.3508 604.3529 604.3563 604.3589 604.3638 604.3687 604.3663 604.3647 604.3698 604.3747 604.3744 604.3736 604.378 604.3793 604.3811 604.379 604.3785 604.3824 604.3843 604.3844 604.3848 604.385 604.386 604.387
-9999 -9999 -9999 -9999 -9999 604.3054 603.6309 603.5494 602.5116 602.5322 602.6866 603.189 603.6323 604.0756 604.3065 604.3042 604.3019 604.2994 604.2971 604.2946 604.2988 604.3027 604.3069 604.3136 604.3197 604.3223 604.3272 604.3308 604.3358 604.3392 604.3434 604.3466 604.3503 604.3538 604.3561 604.3616 604.3673 604.3665 604.3642 604.3689 604.3732 604.3743 604.3775 604.3818 604.3867 604.3857 604.3832 604.3871 604.3922 604.3931 604.3907 604.3951 604.3967 604.3992 604.3969 604.3952 604.399 604.4021 604.4022 604.4021 604.4023 604.4025 604.4042
-9999 -9999 -9999 -9999 -9999 604.4247 603.6585 603.4765 602.6013 602.6248 602.7899 603.3066 603.75 604.1933 604.3311 604.3288 604.3267 604.3241 604.3217 604.3195 604.3207 604.3245 604.3309 604.3363 604.3406 604.3431 604.3477 604.3525 604.3558 604.3606 604.3631 604.3671 604.3712 604.3734 604.377 604.3809 604.3866 604.3873 604.3851 604.3871 604.3931 604.3922 604.3951 604.3999 604.4048 604.4047 604.4026 604.4046 604.4095 604.4117 604.4094 604.4122 604.415 604.4167 604.4151 604.4126 604.4158 604.4189 604.4196 604.4193 604.4196 604.4191 604.4211
-9999 -9999 -9999 -9999 -9999 604.5439 603.6862 603.3579 602.691 602.7155 602.9255 603.4243 603.8677 604.311 604.3558 604.3535 604.3514 604.3487 604.3465 604.3441 604.3425 604.3488 604.3542 604.3577 604.3616 604.3649 604.3705 604.3728 604.3772 604.3813 604.3839 604.3883 604.3904 604.3945 604.3962 604.4001 604.4059 604.4076 604.4055 604.4052 604.4121 604.4109 604.4144 604.418 604.4229 604.4241 604.4216 604.422 604.427 604.4302 604.4279 604.4293 604.4332 604.4341 604.433 604.4309 604.4324 604.4357 604.4363 604.4359 604.4365 604.4364 604.4379
-9999 -9999 -9999 -9999 -9999 604.6632 603.7137 603.2393 602.7807 602.8061 603.061 603.542 603.9854 604.3828 604.3804 604.3781 604.376 604.3734 604.371 604.3687 604.3664 604.373 604.3759 604.3791 604.3826 604.3882 604.3925 604.3951 604.3986 604.4012 604.4059 604.4078 604.4116 604.4136 604.4168 604.4194 604.4252 604.4284 604.4259 604.4238 604.4302 604.4311 604.4341 604.436 604.4409 604.4432 604.4411 604.4395 604.4444 604.449 604.4466 604.4465 604.4509 604.4514 604.451 604.4487 604.4492 604.4526 604.453 604.4525 604.4529 604.4531 604.4544
-9999 -9999 -9999 -9999 -9999 -9999 603.8322 603.1362 602.8704 602.8967 603.1867 603.6597 604.103 604.4076 604.4053 604.403 604.4008 604.3981 604.3958 604.3936 604.3913 604.3953 604.3975 604.4006 604.406 604.4117 604.4133 604.4174 604.4194 604.424 604.4263 604.4292 604.4319 604.4345 604.4375 604.4387 604.4444 604.4487 604.4467 604.4442 604.4484 604.4512 604.4522 604.4546 604.459 604.4625 604.4601 604.4576 604.4619 604.4668 604.4652 604.4636 604.468 604.4686 604.4694 604.467 604.4658 604.4697 604.47 604.4701 604.4697 604.4697 604.4709
-9999 -9999 -9999 -9999 -9999 -9999 603.9737 603.2339 602.9601 602.9874 603.3124 603.7773 604.2206 604.4321 604.4299 604.4277 604.4255 604.4229 604.4207 604.4182 604.4158 604.4171 604.4195 604.4245 604.4296 604.4332 604.4341 604.4379 604.4419 604.4442 604.4474 604.4496 604.4522 604.4559 604.457 604.4598 604.4637 604.4694 604.467 604.4651 604.4666 604.4713 604.4702 604.4725 604.477 604.4819 604.4795 604.4771 604.4793 604.4843 604.4837 604.4813 604.485 604.4859 604.4871 604.4847 604.4825 604.4864 604.4877 604.4872 604.4872 604.4868 604.4875
-9999 -9999 -9999 -9999 -9999 -9999 604.093 603.3317 603.0498 603.0779 603.4381 603.895 604.3383 604.457 604.4545 604.4523 604.4502 604.4476 604.4453 604.4429 604.4407 604.4389 604.4438 604.4487 604.4513 604.4542 604.4559 604.4603 604.4622 604.4652 604.4691 604.4702 604.4743 604.4755 604.4782 604.4795 604.483 604.4887 604.4878 604.4854 604.4847 604.4913 604.489 604.4915 604.4951 604.5 604.4984 604.4961 604.4967 604.5017 604.5025 604.5002 604.5022 604.5036 604.5052 604.5029 604.5007 604.5031 604.5054 604.5049 604.5043 604.5041 604.504
-9999 -9999 -9999 -9999 -9999 -9999 604.2122 603.4294 603.1395 603.1686 603.5638 604.0127 604.456 604.4815 604.4795 604.4769 604.4749 604.4724 604.4698 604.4678 604.4652 604.463 604.468 604.4707 604.4727 604.4751 604.4794 604.4832 604.4843 604.4874 604.489 604.4921 604.4938 604.4964 604.4978 604.4998 604.5023 604.508 604.5081 604.5059 604.5039 604.5098 604.5093 604.5115 604.5131 604.518 604.5178 604.5155 604.5142 604.5191 604.5209 604.5185 604.5193 604.522 604.5231 604.5212 604.5187 604.5198 604.5228 604.5226 604.5219 604.5213 604.5206
-9999 -9999 -9999 -9999 -9999 -9999 604.3315 603.5272 603.2292 603.2592 603.687 604.1304 604.5085 604.5065 604.504 604.5015 604.4996 604.4971 604.4946 604.4922 604.4902 604.4877 604.4917 604.4924 604.4943 604.4984 604.5027 604.5043 604.5071 604.5079 604.5113 604.5135 604.5148 604.5173 604.5186 604.5212 604.5215 604.5272 604.5289 604.5266 604.5242 604.528 604.5291 604.5302 604.5314 604.5361 604.5372 604.5347 604.5323 604.5366 604.5396 604.5373 604.5364 604.5402 604.5406 604.5389 604.5366 604.5364 604.5396 604.5397 604.5385 604.5386 604.5377
-9999 -9999 -9999 -9999 -9999 -9999 604.4507 603.6249 603.319 603.3688 603.8047 604.248 604.5334 604.5311 604.5286 604.5262 604.5243 604.5219 604.5194 604.517 604.5145 604.5124 604.5135 604.5145 604.5182 604.5223 604.5258 604.5251 604.5281 604.5306 604.5325 604.5342 604.5361 604.5372 604.5399 604.5406 604.5425 604.5465 604.5496 604.5472 604.5451 604.5461 604.5495 604.5481 604.5499 604.5541 604.556 604.5538 604.5516 604.554 604.5583 604.556 604.5535 604.5579 604.5579 604.5571 604.5549 604.5531 604.5566 604.5563 604.5552 604.5551 604.5548
-9999 -9999 -9999 -9999 -9999 -9999 604.57 603.7227 603.4087 603.4861 603.9224 604.3657 604.5579 604.5555 604.5532 604.551 604.549 604.5466 604.5443 604.5418 604.5395 604.537 604.5353 604.5388 604.5424 604.5449 604.5467 604.547 604.55 604.5515 604.5534 604.5564 604.5565 604.5593 604.5605 604.5616 604.5627 604.5658 604.5698 604.5676 604.5654 604.5643 604.5692 604.567 604.5686 604.5722 604.5755 604.5733 604.5709 604.5714 604.5764 604.5743 604.5721 604.575 604.5752 604.5753 604.5728 604.5704 604.5737 604.5734 604.5729 604.572 604.5714
-9999 -9999 -9999 -9999 -9999 -9999 604.6893 603.9233 603.4984 603.5884 604.04 604.4834 604.5828 604.5804 604.5781 604.5757 604.5737 604.5713 604.5689 604.5666 604.5643 604.5619 604.5596 604.5632 604.5656 604.5663 604.5677 604.5707 604.5733 604.5734 604.576 604.5767 604.5784 604.5798 604.5809 604.582 604.5827 604.5851 604.5906 604.5884 604.5861 604.584 604.5893 604.5873 604.5888 604.5903 604.5949 604.5923 604.5899 604.5889 604.5938 604.5931 604.5909 604.5922 604.5925 604.5932 604.5908 604.5887 604.5903 604.591 604.5901 604.5895 604.5886
-9999 -9999 -9999 -9999 -9999 -9999 -9999 604.2145 603.5881 603.6891 604.1577 604.6011 604.6075 604.6052 604.603 604.6006 604.5984 604.5959 604.5935 604.591 604.5887 604.5864 604.5841 604.5875 604.5872 604.588 604.5908 604.5937 604.5953 604.5965 604.5966 604.5986 604.6007 604.6005 604.6024 604.6026 604.6043 604.6044 604.6101 604.6088 604.6064 604.6042 604.6075 604.6071 604.6082 604.6083 604.6132 604.6115 604.6094 604.6069 604.6113 604.6119 604.6092 604.6093 604.6107 604.6111 604.6091 604.6066 604.6071 604.6088 604.6077 604.6066 604.606
-9999 -9999 -9999 -9999 -9999 -9999 -9999 604.1824 603.6778 603.7924 604.2754 604.6343 604.632 604.6298 604.6276 604.6253 604.6231 604.6206 604.618 604.6158 604.6135 604.6113 604.6091 604.6099 604.6096 604.6121 604.6147 604.6172 604.6161 604.6183 604.6193 604.6209 604.621 604.6226 604.6224 604.6239 604.6243 604.6251 604.6293 604.6293 604.6272 604.6251 604.6256 604.6274 604.6261 604.6273 604.6312 604.6309 604.6284 604.6261 604.6287 604.6301 604.6281 604.6263 604.6291 604.6293 604.6271 604.6246 604.6237 604.6266 604.6254 604.6242 604.623
-9999 -9999 -9999 -9999 -9999 -9999 -9999 604.1503 603.7675 603.928 604.3931 604.6594 604.6567 604.6544 604.6521 604.65 604.6478 604.6453 604.6428 604.6406 604.6384 604.636 604.6334 604.6317 604.6339 604.636 604.6382 604.6393 604.6381 604.6398 604.6408 604.6415 604.6434 604.6428 604.6444 604.6455 604.645 604.6459 604.6486 604.6501 604.6477 604.6455 604.6438 604.6476 604.6451 604.6458 604.6493 604.6501 604.6476 604.6456 604.6461 604.6489 604.6469 604.6441 604.6472 604.647 604.6448 604.6429 604.6404 604.6434 604.643 604.6412 604.6405
-9999 -9999 -9999 -9999 -9999 -9999 -9999 604.3865 603.8572 604.0543 604.5107 604.6838 604.6817 604.6791 604.6768 604.6746 604.6725 604.6699 604.6675 604.6654 604.663 604.6605 604.6583 604.6562 604.6584 604.6602 604.66 604.6602 604.6617 604.6632 604.6626 604.6639 604.6644 604.6649 604.6658 604.6655 604.6663 604.6656 604.6679 604.6707 604.6681 604.6661 604.6641 604.6674 604.6654 604.6659 604.6674 604.6691 604.6671 604.6644 604.6636 604.6677 604.665 604.663 604.665 604.6644 604.6631 604.6608 604.6584 604.6605 604.6597 604.6581 604.6572
-9999 -9999 -9999 -9999 -9999 -9999 -9999 604.4142 603.9469 604.1799 604.6284 604.7083 604.7062 604.704 604.7014 604.6993 604.6972 604.6945 604.6923 604.6902 604.6874 604.6854 604.6831 604.6805 604.6824 604.6821 604.6818 604.6831 604.6847 604.686 604.6858 604.6854 604.686 604.6869 604.6863 604.6873 604.6866 604.6873 604.6872 604.6909 604.6889 604.6863 604.6842 604.687 604.6852 604.6856 604.6854 604.6885 604.6861 604.6838 604.6815 604.686 604.6838 604.6816 604.6821 604.6817 604.6813 604.6786 604.6768 604.6777 604.6768 604.6758 604.6744
-9999 -9999 -9999 -9999 -9999 -9999 -9999 604.4597 604.0366 604.3027 604.7355 604.7334 604.7307 604.7287 604.7261 604.7239 604.7219 604.7192 604.7171 604.7147 604.7123 604.7103 604.7075 604.7055 604.7063 604.7045 604.7058 604.7071 604.7083 604.7071 604.7083 604.7081 604.7087 604.708 604.7083 604.7078 604.7081 604.708 604.7075 604.7117 604.7095 604.707 604.7051 604.7051 604.7054 604.7041 604.7043 604.7079 604.7052 604.7033 604.7006 604.7034 604.7026 604.6999 604.6992 604.6993 604.6993 604.697 604.6945 604.6943 604.6943 604.693 604.6919
-9999 -9999 -9999 -9999 -9999 -9999 -9999 604.5961 604.1285 604.4204 604.7601 604.758 604.7554 604.7533 604.7509 604.7486 604.7466 604.7439 604.7419 604.7393 604.7371 604.7347 604.7324 604.7302 604.7281 604.7288 604.7296 604.7308 604.7318 604.7291 604.7297 604.7302 604.7297 604.7303 604.7291 604.7294 604.7296 604.7285 604.7286 604.7314 604.7297 604.7278 604.7256 604.7233 604.7258 604.7231 604.7228 604.7264 604.7246 604.722 604.72 604.7208 604.7211 604.7188 604.7163 604.7177 604.717 604.7152 604.7125 604.7111 604.7121 604.7104 604.7089
-9999 -9999 -9999 -9999 -9999 -9999 -9999 604.7154 604.2219 604.5381 604.7852 604.7825 604.7805 604.7778 604.7758 604.7732 604.7713 604.7686 604.7667 604.7639 604.762 604.7593 604.7574 604.7546 604.7527 604.7534 604.7538 604.7536 604.7527 604.7528 604.753 604.7518 604.7519 604.7521 604.7513 604.7516 604.7501 604.7501 604.7485 604.7507 604.7505 604.7482 604.746 604.7441 604.7455 604.7435 604.743 604.7445 604.744 604.7414 604.7391 604.7382 604.7394 604.7376 604.7349 604.7361 604.7353 604.733 604.7308 604.7281 604.7299 604.7282 604.7264
-9999 -9999 -9999 -9999 -9999 -9999 -9999 604.8347 604.3145 604.6558 604.8097 604.8071 604.8051 604.8024 604.8005 604.7979 604.796 604.7933 604.7914 604.7888 604.7866 604.7842 604.7817 604.7796 604.7769 604.7775 604.7769 604.7755 604.7756 604.7759 604.7761 604.775 604.7742 604.7734 604.7731 604.7721 604.772 604.7706 604.7702 604.77 604.7713 604.7687 604.7665 604.7642 604.7657 604.7634 604.7629 604.7625 604.7629 604.7608 604.7582 604.7561 604.7582 604.7558 604.7538 604.7543 604.7532 604.7509 604.7489 604.7465 604.7473 604.7459 604.7438
-9999 -9999 -9999 -9999 -9999 -9999 -9999 -9999 604.4061 604.7734 604.8342 604.8322 604.8297 604.8271 604.8252 604.8225 604.8207 604.8181 604.8161 604.8135 604.811 604.809 604.8064 604.8044 604.8019 604.8018 604.7996 604.7996 604.7994 604.7993 604.7981 604.7977 604.7966 604.7961 604.7952 604.7939 604.7931 604.7922 604.7917 604.79 604.7918 604.7895 604.7869 604.785 604.7847 604.7834 604.7821 604.7811 604.782 604.78 604.7776 604.775 604.777 604.7744 604.7722 604.772 604.7709 604.7691 604.7665 604.7648 604.7644 604.7631 604.761
-9999 -9999 -9999 -9999 -9999 -9999 -9999 -9999 604.4984 604.8613 604.8589 604.8569 604.8542 604.8521 604.8498 604.8472 604.8454 604.8428 604.8407 604.8384 604.8357 604.8338 604.8313 604.8286 604.8269 604.8246 604.8238 604.8232 604.8234 604.8228 604.8202 604.8195 604.819 604.8178 604.8171 604.8153 604.8145 604.8135 604.8121 604.8113 604.812 604.8102 604.8077 604.8058 604.8033 604.8038 604.8011 604.7999 604.8015 604.7988 604.797 604.7945 604.7955 604.7932 604.7906 604.7892 604.7883 604.7874 604.7848 604.7823 604.7817 604.7802 604.7787
-9999 -9999 -9999 -9999 -9999 -9999 -9999 -9999 604.5969 604.8858 604.884 604.8814 604.8788 604.877 604.8745 604.8718 604.8701 604.8675 604.8653 604.8632 604.8605 604.8582 604.8562 604.8536 604.8511 604.8492 604.8484 604.8475 604.8467 604.8453 604.8439 604.8428 604.841 604.8399 604.8391 604.8378 604.8366 604.8348 604.8335 604.8317 604.8328 604.8304 604.8285 604.8259 604.824 604.8239 604.8215 604.8201 604.8209 604.8183 604.8157 604.8139 604.8129 604.812 604.8094 604.8069 604.8063 604.8054 604.803 604.8005 604.7983 604.7976 604.7958
-9999 -9999 -9999 -9999 -9999 -9999 -9999 -9999 604.6875 604.9109 604.9085 604.9059 604.9037 604.9017 604.8991 604.8964 604.8948 604.8922 604.8899 604.8879 604.8854 604.8828 604.8808 604.8785 604.8759 604.8735 604.8727 604.8717 604.8692 604.868 604.8672 604.8661 604.8641 604.8627 604.8608 604.8594 604.8579 604.8567 604.8547 604.8531 604.8528 604.851 604.8486 604.8467 604.8442 604.8435 604.8416 604.8403 604.8397 604.8377 604.8351 604.8326 604.8307 604.8303 604.8283 604.8257 604.8248 604.8231 604.8212 604.8187 604.8162 604.8154 604.8132
-9999 -9999 -9999 -9999 -9999 -9999 -9999 -9999 604.7949 604.9355 604.933 604.9305 604.9286 604.9263 604.9237 604.9211 604.9195 604.9169 604.9145 604.9126 604.9102 604.9076 604.9052 604.9033 604.9009 604.8983 604.8967 604.8946 604.8934 604.8918 604.8902 604.8887 604.8871 604.8852 604.8835 604.8817 604.8795 604.8781 604.8764 604.8748 604.8725 604.8718 604.8692 604.8668 604.8651 604.8639 604.8613 604.8597 604.858 604.857 604.8546 604.8521 604.8495 604.8488 604.8466 604.8446 604.8432 604.8412 604.8389 604.837 604.8345 604.8333 604.831
-9999 -9999 -9999 -9999 -9999 -9999 -9999 -9999 604.9185 604.96 604.9575 604.9555 604.9534 604.9508 604.9483 604.9459 604.9442 604.9417 604.9391 604.9372 604.935 604.9324 604.9299 604.9276 604.9256 604.9233 604.921 604.9188 604.9169 604.9158 604.9138 604.9113 604.9093 604.9077 604.9061 604.9039 604.9017 604.8995 604.8975 604.8957 604.894 604.8925 604.89 604.8875 604.8859 604.8834 604.8817 604.8792 604.8771 604.8758 604.8738 604.8715 604.869 604.8676 604.8651 604.8629 604.8613 604.8594 604.8569 604.8546 604.8527 604.8511 604.8487
