samples/sfe_209/sfe_209_r3/sfe_209_r3/sfe_209_r3.asc
ncols         267
nrows         135
xllcorner     98.199999999255
yllcorner     82.800000000745
cellsize      0.3
NODATA_value  -9999
[rows 56 to 83 of 135, columns 64 to 127 of 267]
598.6965 598.64 598.531 598.473 598.3937 598.3442 598.2557 598.2003 598.1537 598.0493 598.0175 597.9507 597.8563 597.7948 597.6973 597.6103 597.5373 597.3798 597.345 597.2775 597.2158 597.1533 597.0925 597.0577 597.0502 597.0553 597.0558 597.05 597.0763 597.105 597.1358 597.165 597.1738 597.1927 597.209 597.2108 597.1932 597.1588 597.0887 597.0463 596.98 596.9083 596.8307 596.7426 596.6417 596.522 596.3965 596.2557 596.1385 596.0445 595.9815 595.9497 595.9448 595.957 595.9767 595.998 596.019 596.0418 596.058 596.0955 596.136 596.1737 596.1973 596.1995
598.6443 598.5388 598.496 598.4167 598.3538 598.2717 598.2115 598.1535 598.0518 598.0317 597.9578 597.889 597.815 597.7015 597.623 597.5458 597.4017 597.365 597.2815 597.2128 597.15 597.0748 597.0317 597.005 596.994 596.9908 596.9833 596.9943 597.0208 597.0495 597.0818 597.1155 597.1365 597.1615 597.1823 597.189 597.177 597.1238 597.0905 597.0283 596.9615 596.8893 596.8108 596.7213 596.6195 596.4757 596.366 596.2368 596.1185 596.0242 595.9605 595.9288 595.9243 595.9368 595.9637 595.9745 595.9965 596.0212 596.05 596.0872 596.1293 596.1662 596.191 596.1927
598.6032 598.5392 598.4703 598.3992 598.3025 598.2485 598.1852 598.1078 598.0585 597.9747 597.9095 597.8383 597.718 597.6512 597.5708 597.471 597.3938 597.308 597.2338 597.163 597.0992 597.055 597.0025 596.9685 596.9512 596.9467 596.9473 596.9637 596.99 597.0205 597.058 597.0768 597.1127 597.1442 597.166 597.1693 597.1609 597.129 597.0798 597.02 596.9531 596.8799 596.8007 596.7114 596.587 596.487 596.3588 596.23 596.1121 596.0173 595.9535 595.9218 595.921 595.9315 595.9525 595.9792 596.001 596.025 596.0552 596.0925 596.1335 596.1712 596.1953 596.1974
598.594 598.5148 598.4487 598.3762 598.2855 598.2103 598.1442 598.083 597.9893 597.9373 597.8695 597.7407 597.701 597.6135 597.5313 597.4505 597.3693 597.2927 597.2167 597.1335 597.0782 597.023 596.9735 596.94 596.9228 596.9172 596.924 596.9457 596.9727 597.0088 597.0405 597.0693 597.106 597.1376 597.1592 597.1663 597.1569 597.1264 597.0794 597.0201 596.9532 596.8802 596.7603 596.7155 596.6135 596.4968 596.3693 596.24 596.122 596.0277 595.964 595.9323 595.9277 595.9567 595.9765 595.9977 596.019 596.0428 596.0717 596.1088 596.1485 596.1852 596.2085 596.2103
598.5217 598.4868 598.417 598.3387 598.2518 598.1802 598.114 598.0153 597.9765 597.9122 597.8445 597.7643 597.7045 597.6235 597.54 597.4465 597.3688 597.3022 597.2245 597.1355 597.072 597.0105 596.9606 596.9261 596.9065 596.9045 596.917 596.9397 596.974 597.0002 597.0385 597.0743 597.1102 597.1423 597.164 597.1727 597.1657 597.1348 597.0875 597.0283 596.9615 596.88 596.814 596.7355 596.6342 596.5182 596.3918 596.265 596.1483 596.055 595.992 595.9847 595.9792 595.9902 596.009 596.029 596.049 596.0715 596.1 596.134 596.1738 596.2085 596.2308 596.232
598.5315 598.4642 598.393 598.305 598.2488 598.176 598.1072 598.028 597.9893 597.926 597.8597 597.7778 597.7105 597.6293 597.5453 597.4305 597.3755 597.2939 597.2143 597.1395 597.071 597.0101 596.9607 596.9245 596.9147 596.9155 596.927 596.9487 596.9757 597.0203 597.0535 597.089 597.1237 597.161 597.1857 597.192 597.183 597.152 597.1047 597.0463 596.9802 596.9045 596.8508 596.7643 596.665 596.551 596.4277 596.3022 596.188 596.098 596.0602 596.037 596.0303 596.04 596.0577 596.076 596.0942 596.1147 596.1412 596.1735 596.2097 596.2435 596.2648 596.2648
598.5358 598.4775 598.4085 598.306 598.267 598.191 598.1075 598.0522 597.9855 597.9227 597.8387 597.7822 597.7054 597.6115 597.5415 597.458 597.3798 597.2993 597.1995 597.1613 597.0905 597.0272 596.9725 596.9448 596.9418 596.9407 596.952 596.9722 597.0208 597.0445 597.0765 597.11 597.1442 597.1815 597.207 597.2222 597.2162 597.1932 597.1523 597.0885 597.0258 596.9682 596.8932 596.8095 596.7135 596.6045 596.484 596.364 596.2525 596.1633 596.1387 596.1068 596.0992 596.107 596.1225 596.1385 596.1547 596.1725 596.1962 596.2255 596.2598 596.2895 596.3095 596.3318
598.5347 598.485 598.3777 598.3405 598.2617 598.1855 598.1127 598.0485 597.9852 597.9127 597.86 597.7903 597.713 597.6317 597.5673 597.4985 597.4167 597.3362 597.252 597.225 597.1523 597.086 597.007 597.0052 596.983 596.9785 596.985 597.0115 597.0405 597.0718 597.1 597.1307 597.1625 597.1932 597.2468 597.2565 597.2545 597.2352 597.1992 597.1508 597.0997 597.0468 596.9772 596.9005 596.814 596.716 596.6045 596.4727 596.391 596.301 596.2345 596.1974 596.1818 596.1875 596.1992 596.2133 596.227 596.242 596.2625 596.3328 596.3515 596.377 596.393 596.3892
598.5397 598.4728 598.4152 598.3427 598.265 598.1895 598.1175 598.0625 597.9993 597.9345 597.8947 597.8375 597.7637 597.685 597.6272 597.559 597.4772 597.3923 597.3265 597.2733 597.2015 597.1357 597.0803 597.0698 597.0413 597.0287 597.0433 597.0527 597.103 597.1248 597.1505 597.1785 597.2327 597.2687 597.2895 597.3002 597.2972 597.2772 597.2492 597.2005 597.1693 597.1075 597.0402 596.9667 596.8843 596.7927 596.6747 596.6308 596.5235 596.43 596.355 596.307 596.281 596.2802 596.2895 596.3185 596.329 596.3387 596.355 596.3912 596.4418 596.4622 596.4757 596.4685
598.5447 598.4865 598.4358 598.3708 598.295 598.2188 598.1722 598.1125 598.0483 597.9865 597.9427 597.8818 597.8105 597.7252 597.6722 597.5975 597.5175 597.4393 597.3903 597.327 597.2567 597.1945 597.1608 597.1373 597.1088 597.0955 597.0963 597.1575 597.1725 597.1918 597.2142 597.239 597.2952 597.3295 597.3459 597.3545 597.3492 597.33 597.3255 597.2853 597.2298 597.17 597.1053 597.0347 596.9567 596.8663 596.8168 596.729 596.6293 596.54 596.4695 596.4225 596.3978 596.3905 596.3935 596.4037 596.466 596.4905 596.5005 596.515 596.53 596.5465 596.5563 596.5465
598.5762 598.5233 598.4757 598.4175 598.3435 598.2718 598.2083 598.145 598.0815 598.0123 597.9815 597.9165 597.8428 597.78 597.7278 597.6493 597.5712 597.4998 597.4635 597.392 597.3278 597.275 597.2637 597.2209 597.1923 597.1923 597.237 597.2422 597.2542 597.2692 597.3052 597.3228 597.3693 597.3997 597.4135 597.4183 597.4108 597.4103 597.3972 597.3513 597.2985 597.2407 597.1797 597.1127 597.054 596.9767 596.9373 596.843 596.75 596.667 596.601 596.5555 596.53 596.5195 596.5615 596.6065 596.6065 596.6055 596.6107 596.619 596.6292 596.639 596.6465 596.6335
598.6047 598.536 598.5085 598.4405 598.368 598.2973 598.246 598.1788 598.1115 598.0858 598.0258 597.9623 597.8903 597.861 597.7865 597.7108 597.6725 597.6115 597.5415 597.4722 597.4105 597.4257 597.3718 597.3177 597.2883 597.3245 597.3403 597.3427 597.3502 597.3622 597.393 597.4545 597.4685 597.4807 597.4895 597.4903 597.5152 597.4948 597.4717 597.427 597.3768 597.3217 597.2645 597.2015 597.1837 597.135 597.0537 596.9675 596.8832 596.8073 596.7465 596.7025 596.7235 596.7408 596.7322 596.7513 596.7445 596.7405 596.7368 596.7368 596.7405 596.7448 596.7463 596.731
598.6227 598.5815 598.5372 598.4713 598.3878 598.359 598.2913 598.2265 598.17 598.1625 598.105 598.018 597.9908 597.933 597.8618 597.7977 597.778 597.7288 597.6605 597.5947 597.554 597.5557 597.5005 597.43 597.4 597.4023 597.4622 597.4585 597.4598 597.4655 597.527 597.5547 597.563 597.57 597.5735 597.5848 597.6155 597.59 597.5557 597.513 597.4655 597.414 597.3743 597.373 597.3125 597.255 597.1827 597.1063 597.0303 596.9627 596.9285 596.894 596.8657 596.9352 596.9221 596.91 596.899 596.888 596.879 596.8707 596.864 596.861 596.8588 596.8393
598.6545 598.6335 598.5867 598.524 598.4637 598.441 598.3732 598.309 598.2482 598.2372 598.182 598.1065 598.0905 598.044 597.9772 597.9085 597.899 597.8447 597.7797 597.7262 597.714 597.676 597.624 597.5745 597.5388 597.6075 597.5958 597.5877 597.5837 597.6462 597.6462 597.668 597.6688 597.6702 597.67 597.6657 597.7137 597.6887 597.656 597.6172 597.5617 597.5525 597.5205 597.4893 597.436 597.3882 597.3255 597.2582 597.1932 597.133 597.0828 597.1722 597.1423 597.12 597.1003 597.0835 597.0652 597.0485 597.032 597.0175 597.0027 596.99 596.9795 596.957
598.7062 598.6765 598.6505 598.5925 598.54 598.501 598.4355 598.3743 598.3505 598.3052 598.252 598.2117 598.183 598.1378 598.0745 598.046 598.0145 597.9535 597.8925 597.8555 597.8428 597.812 597.7625 597.7188 597.7772 597.7548 597.7418 597.7302 597.722 597.739 597.805 597.7982 597.7915 597.7853 597.8118 597.8415 597.823 597.7997 597.7697 597.7347 597.6927 597.6503 597.677 597.6298 597.57 597.5345 597.481 597.4268 597.4172 597.5265 597.4852 597.4515 597.4212 597.3948 597.3705 597.347 597.3245 597.301 597.278 597.2565 597.2358 597.215 597.2957 597.2695
598.7582 598.7377 598.6967 598.64 598.6145 598.561 598.4995 598.459 598.423 598.3835 598.3328 598.2943 598.2897 598.234 598.2015 598.1713 598.132 598.0755 598.019 598.0023 598.0099 597.9603 597.9142 597.9425 597.947 597.918 597.9037 597.8882 597.8972 597.9677 597.953 597.9393 597.9243 597.9683 597.9578 597.9592 597.9357 597.909 597.8782 597.8435 597.8067 598.0652 598.0313 597.987 597.942 597.9102 597.8668 597.9307 598.105 598.1827 598.1558 598.1265 598.0995 598.0728 598.046 598.0198 597.9927 597.967 597.941 597.9145 597.8887 597.863 597.939 597.9516
598.8105 598.7965 598.7502 598.7073 598.69 598.6337 598.5732 598.5388 598.541 598.472 598.4465 598.4448 598.3953 598.344 598.3063 598.336 598.2827 598.2117 598.1925 598.2158 598.1693 598.1245 598.081 598.07 598.127 598.097 598.081 598.0615 598.1268 598.1973 598.1758 598.1542 598.1328 598.2915 598.4475 598.4222 598.3958 598.369 598.3405 598.401 598.5535 598.5361 598.5378 598.5108 598.4838 598.4568 598.4163 598.3954 598.4258 598.4563 598.458 598.431 598.404 598.377 598.35 598.3229 598.296 598.2692 598.2416 598.2147 598.1876 598.1606 598.1481 598.1686
598.8882 598.8625 598.8198 598.8002 598.782 598.7357 598.6765 598.6475 598.6448 598.5778 598.5755 598.5738 598.5305 598.4835 598.452 598.4808 598.435 598.3678 598.3693 598.401 598.3605 598.3195 598.2805 598.2702 598.512 598.4832 598.4633 598.4395 598.6885 598.7568 598.7302 598.7037 598.6777 598.7511 598.782 598.8032 598.7769 598.7501 598.7232 598.705 598.7354 598.7659 598.7676 598.7405 598.7136 598.6865 598.6461 598.6259 598.6556 598.686 598.6877 598.6608 598.6337 598.6068 598.5797 598.5527 598.5257 598.499 598.4698 598.4428 598.4158 598.3888 598.3651 598.3856
598.9713 598.942 598.9022 598.871 598.8608 598.823 598.7842 598.788 598.7432 598.7133 598.6775 598.695 598.6553 598.6145 598.7104 598.6788 598.6387 598.685 598.6445 598.8723 598.8395 598.8085 599.0555 599.0285 599.0304 599.0133 598.987 598.9689 598.9934 599.0179 599.0166 598.9883 598.9733 598.9825 599.0133 599.0345 599.0082 598.9815 598.9545 598.9467 598.9651 598.9956 598.9973 598.9703 598.9433 598.9163 598.8759 598.8571 598.8853 598.9158 598.9175 598.8905 598.8635 598.8365 598.8095 598.7825 598.7555 598.7287 598.698 598.671 598.644 598.6169 598.59 598.6026
599.033 599.0098 598.9728 598.9838 598.9423 598.9165 598.9048 598.8905 598.851 598.812 599.0065 598.979 598.9453 598.9103 599.114 599.1625 599.1345 599.1905 599.1926 599.2238 599.226 599.2054 599.2001 599.2309 599.2618 599.2446 599.2183 599.2083 599.2263 599.2508 599.2496 599.2196 599.2191 599.2138 599.2447 599.2659 599.2396 599.2128 599.1859 599.1909 599.1949 599.2254 599.2271 599.2001 599.1731 599.1461 599.1061 599.0884 599.1151 599.1456 599.1473 599.1203 599.0933 599.0663 599.0392 599.0123 598.9852 598.9585 598.9261 598.8992 598.8721 598.8452 598.8182 598.8196
599.119 599.0917 599.088 599.118 599.08 599.0557 599.2205 599.2635 599.2315 599.271 599.383 599.3646 599.3633 599.3387 599.3386 599.3702 599.4018 599.3943 599.4255 599.4568 599.4589 599.4391 599.4314 599.4623 599.4931 599.476 599.4495 599.4541 599.4593 599.4838 599.4825 599.451 599.4529 599.4452 599.476 599.4973 599.4709 599.4442 599.4172 599.4328 599.4247 599.4551 599.4568 599.4299 599.4028 599.3759 599.3375 599.3197 599.3448 599.3753 599.3771 599.35 599.3231 599.296 599.269 599.242 599.215 599.1882 599.1544 599.1273 599.1003 599.0733 599.0463 599.0366
599.3477 599.3168 599.4813 599.5182 599.4897 599.4628 599.5045 599.526 599.5573 599.5485 599.5731 599.5975 599.5963 599.5862 599.5715 599.603 599.6346 599.6273 599.6585 599.6898 599.6918 599.6705 599.67 599.6936 599.7245 599.7073 599.6808 599.6999 599.6923 599.7167 599.7155 599.6823 599.6843 599.6838 599.7074 599.7286 599.7022 599.6754 599.6486 599.6642 599.6545 599.6849 599.6866 599.6596 599.6326 599.6056 599.5688 599.551 599.5754 599.605 599.6068 599.5798 599.5528 599.5258 599.4988 599.4718 599.4448 599.418 599.3825 599.3555 599.3285 599.3015 599.2745 599.2536
599.6655 599.6484 599.6796 599.7112 599.7428 599.7353 599.7277 599.759 599.7902 599.7802 599.806 599.8304 599.8292 599.8337 599.8068 599.8359 599.8675 599.8602 599.8914 599.9227 599.9237 599.9019 599.9158 599.925 599.9558 599.9387 599.9121 599.9336 599.9252 599.9496 599.9484 599.9137 599.9156 599.9296 599.9387 599.96 599.9335 599.9067 599.8799 599.8955 599.8962 599.9147 599.9164 599.8893 599.8624 599.8354 599.8002 599.7822 599.8066 599.8348 599.8366 599.8096 599.7826 599.7556 599.7286 599.7015 599.6746 599.6478 599.6107 599.5837 599.5567 599.5297 599.5027 599.4757
599.8527 599.8848 599.9125 599.944 599.9756 599.9681 599.9607 599.9919 600.0231 600.0115 600.0389 600.0634 600.0621 600.0812 600.0543 600.0687 600.1003 600.0931 600.1244 600.1556 600.1551 600.1332 600.1617 600.1564 600.1872 600.17 600.1434 600.1649 600.1646 600.1826 600.1813 600.145 600.147 600.1754 600.1701 600.1913 600.1647 600.1379 600.1113 600.1269 600.1403 600.1444 600.1461 600.1191 600.0921 600.0651 600.0316 600.0135 600.0379 600.0646 600.0663 600.0394 600.0123 599.9854 599.9583 599.9313 599.9043 599.8776 599.8389 599.8119 599.7849 599.7579 599.7309 599.7039
600.0891 600.1212 600.1478 600.1769 600.2085 600.201 600.2057 600.2249 600.2561 600.2429 600.2719 600.2964 600.2951 600.3167 600.3018 600.3016 600.3332 600.3261 600.3573 600.3885 600.3864 600.3646 600.3954 600.3877 600.4185 600.4014 600.3746 600.3961 600.4103 600.4155 600.4142 600.3764 600.3783 600.4091 600.4014 600.4227 600.396 600.3692 600.3427 600.3582 600.3823 600.3742 600.3759 600.3489 600.3219 600.2949 600.2629 600.2448 600.2692 600.2944 600.2961 600.2691 600.2421 600.2151 600.1881 600.1611 600.1341 600.1068 600.0671 600.04 600.0131 599.986 599.959 599.9321
600.3255 600.3576 600.3897 600.4097 600.4413 600.4339 600.4532 600.4578 600.489 600.4742 600.5048 600.5293 600.528 600.5496 600.5493 600.5344 600.566 600.559 600.5903 600.6215 600.6178 600.5959 600.6268 600.6263 600.6499 600.6328 600.6059 600.6274 600.6562 600.6485 600.6472 600.6077 600.6097 600.6405 600.64 600.6541 600.6273 600.6005 600.574 600.5896 600.6136 600.6039 600.6057 600.5787 600.5516 600.5247 600.4943 600.476 600.5004 600.5248 600.5259 600.4989 600.4719 600.4449 600.4178 600.3909 600.3638 600.335 600.2952 600.2682 600.2412 600.2142 600.1873 600.1602
600.562 600.5941 600.6261 600.6426 600.6742 600.6667 600.6983 600.6907 600.722 600.7056 600.7364 600.7623 600.761 600.7825 600.7968 600.7697 600.7989 600.792 600.8232 600.8544 600.8491 600.8273 600.8581 600.8721 600.8813 600.8641 600.8372 600.8586 600.8898 600.8814 600.8801 600.8391 600.841 600.8718 600.8858 600.8854 600.8585 600.8318 600.8054 600.8209 600.845 600.8457 600.8354 600.8084 600.7814 600.7544 600.7256 600.7073 600.7317 600.7561 600.7556 600.7286 600.7017 600.6746 600.6476 600.6206 600.5936 600.5632 600.5234 600.4964 600.4694 600.4424 600.4154 600.3884
600.7983 600.8304 600.8625 600.8754 600.907 600.8996 600.9312 600.9237 600.9549 600.9369 600.9678 600.9952 600.994 601.0154 601.0443 601.0173 601.0317 601.0249 601.0562 601.0874 601.0805 601.0586 601.0895 601.1179 601.1126 601.0955 601.0684 601.0899 601.1211 601.1208 601.1131 601.0704 601.0724 601.1032 601.1317 601.1167 601.0898 601.063 601.0367 601.0522 601.0764 601.0898 601.0652 601.0382 601.0112 600.9842 600.957 600.9385 600.9373 600.9109 600.884 600.8564 600.8284 600.8005 600.7725 600.7448 600.7178 600.6865 600.6469 600.6199 600.5929 600.5659 600.5389 600.512
