samples/sfe_209/sfe_209_r3/sfe_209_r3/sfe_209_r3.asc
ncols         267
nrows         135
xllcorner     98.199999999255
yllcorner     82.800000000745
cellsize      0.3
NODATA_value  -9999
[rows 84 to 111 of 135, columns 192 to 255 of 267]
597.8887 597.8036 597.7203 597.6635 597.5925 597.5353 597.4525 597.4069 597.3264 597.2621 597.1784 597.0947 597.0601 596.9845 596.9297 596.8565 596.7739 596.7003 596.6454 596.5625 596.4741 596.4276 596.3451 596.2562 596.1567 596.0726 596.0162 595.9618 595.8801 595.7985 595.72 595.6308 595.548 595.4644 595.3807 595.2971 595.2138 595.1305 595.0771 595.0105 594.9835 594.4507 594.4247 593.6955 593.6765 593.6355 593.4125 593.2927 593.145 593.098 593.0673 592.9812 592.9113 592.8835 592.757 592.7318 592.6697 592.5728 592.548 592.4332 592.4195 592.3618 592.291 592.1938
598.1121 598.0286 597.9454 597.887 597.83 597.7587 597.6758 597.6302 597.5637 597.4889 597.4052 597.3245 597.2905 597.208 597.1533 597.08 596.9973 596.9237 596.8688 596.7852 596.6959 596.6494 596.5669 596.4738 596.379 596.3087 596.2381 596.1804 596.0988 596.0171 595.9418 595.8526 595.7748 595.6911 595.6075 595.5239 595.4406 595.3573 595.3115 595.2278 595.1441 595.0539 594.9539 594.732 594.704 594.6755 594.1055 593.9085 593.8755 593.2585 593.2435 593.18 593.098 593.0395 592.895 592.869 592.807 592.7083 592.6825 592.5495 592.5342 592.4735 592.4015 592.3353
598.3369 598.2536 598.1703 598.1105 598.065 597.9821 597.8992 597.8537 597.7993 597.7156 597.6319 597.5618 597.514 597.4315 597.3768 597.3035 597.2207 597.1472 597.0922 597.007 596.9178 596.8712 596.7887 596.6913 596.6043 596.5424 596.4599 596.399 596.3173 596.2357 596.1636 596.0744 596.0015 595.9179 595.8342 595.7507 595.6674 595.5841 595.5383 595.4545 595.3708 595.273 595.173 595.0989 595.035 594.9517 594.8684 594.8223 594.7678 594.7415 594.1738 593.96 593.5745 593.364 593.146 593.0342 592.9045 592.8615 592.8342 592.8065 592.6992 592.64 592.5162 592.4518
598.5619 598.4786 598.3953 598.334 598.2884 598.2055 598.1227 598.0771 598.0261 597.9424 597.8586 597.7992 597.7375 597.655 597.6002 597.527 597.4441 597.3705 597.3156 597.2288 597.1396 597.093 597.0084 596.9126 596.8297 596.7642 596.6817 596.6176 596.5359 596.4543 596.3854 596.2963 596.2283 596.1447 596.0609 595.9776 595.8942 595.8162 595.765 595.6813 595.5922 595.4921 595.3923 595.3346 595.2601 595.1768 595.0896 595.0443 594.9622 594.88 594.7977 594.7153 594.6605 594.4523 594.2372 593.667 593.638 593.048 593.0002 592.9713 592.8255 592.7963 592.652 592.605
598.6321 598.5976 598.5692 598.5338 598.5025 598.429 598.3461 598.3029 598.2528 598.1691 598.0854 598.0366 597.961 597.8785 597.8237 597.7504 597.6675 597.5939 597.539 597.4506 597.3615 597.3148 597.226 597.1379 597.0549 596.986 596.9036 596.8362 596.7546 596.6729 596.6073 596.5311 596.4551 596.3714 596.2877 596.2044 596.1211 596.0536 595.9918 595.908 595.8113 595.7112 595.6162 595.5685 595.4852 595.402 595.3115 595.2661 595.184 595.1019 595.0195 594.9371 594.8518 594.7722 594.6897 594.6072 594.5525 594.5255 593.9472 593.7297 593.3362 593.1188 593.0833 592.7733
598.6552 598.621 598.5858 598.5507 598.5156 598.4843 598.4532 598.4222 598.3945 598.3675 598.3121 598.267 598.1845 598.102 598.0472 597.9738 597.8909 597.8174 597.7617 597.6724 597.5833 597.5366 597.4461 597.3632 597.2802 597.2078 597.1254 597.0548 596.9731 596.8915 596.8291 596.7655 596.6818 596.5981 596.5145 596.4312 596.3479 596.291 596.2185 596.1304 596.0304 595.9304 595.8401 595.7936 595.7104 595.6221 595.5334 595.488 595.4059 595.3238 595.2413 595.1589 595.0704 594.994 594.9115 594.829 594.7466 594.6642 594.5831 594.5002 594.4455 594.2322 594.011 593.4228
598.679 598.6444 598.6093 598.5741 598.5392 598.5085 598.4775 598.4465 598.4154 598.3839 598.3519 598.32 598.2883 598.2598 598.2335 598.1972 598.1143 598.0408 597.9835 597.8943 597.8051 597.7585 597.6714 597.5884 597.5121 597.4296 597.3472 597.2734 597.1918 597.1101 597.0509 596.9922 596.9086 596.8249 596.7413 596.658 596.5747 596.5283 596.4453 596.3495 596.2495 596.1538 596.0687 596.0188 595.9355 595.8396 595.7553 595.71 595.6279 595.5457 595.4632 595.3753 595.289 595.2158 595.1333 595.0508 594.9684 594.886 594.8083 594.7254 594.6425 594.5592 594.476 594.3967
598.7027 598.6678 598.6326 598.5975 598.5636 598.5328 598.5018 598.4708 598.44 598.4084 598.3765 598.3445 598.3132 598.2816 598.2499 598.2172 598.1799 598.1425 598.112 598.085 598.0269 597.9796 597.8967 597.8137 597.7339 597.6515 597.569 597.4921 597.4104 597.3309 597.2728 597.219 597.1353 597.0516 596.9681 596.8848 596.8015 596.7557 596.6687 596.5687 596.4686 596.3777 596.3043 596.2439 596.1567 596.0593 595.9772 595.9319 595.8498 595.7675 595.685 595.5893 595.5108 595.4376 595.3552 595.2727 595.1902 595.1147 595.0336 594.9506 594.8676 594.7844 594.701 594.6542
598.7263 598.6912 598.656 598.6208 598.5881 598.5571 598.5261 598.495 598.4648 598.4329 598.401 598.3691 598.3381 598.3065 598.2748 598.2422 598.2048 598.1674 598.1301 598.0979 598.0657 598.0334 598.0008 597.9728 597.9465 597.8733 597.7908 597.7106 597.629 597.5527 597.5076 597.4457 597.3621 597.2784 597.1949 597.1116 597.0301 596.9824 596.8878 596.7878 596.6914 596.6016 596.54 596.4691 596.3742 596.2813 596.1992 596.1538 596.0717 595.9893 595.9004 595.8079 595.7327 595.6594 595.577 595.4945 595.4121 595.3417 595.2587 595.1758 595.0928 595.0095 594.9262 594.9117
598.7497 598.7145 598.6794 598.6443 598.6124 598.5814 598.5504 598.5193 598.4894 598.4575 598.4255 598.3936 598.3631 598.3314 598.2997 598.2671 598.2297 598.1924 598.1559 598.124 598.0917 598.0595 598.027 597.9938 597.9606 597.9272 597.8936 597.8655 597.8385 597.7745 597.7449 597.6725 597.5888 597.5051 597.4218 597.3384 597.2675 597.207 597.1069 597.0069 596.9153 596.8256 596.7757 596.6913 596.5918 596.5032 596.421 596.3757 596.2936 596.2111 596.1138 596.0265 595.9545 595.8812 595.7988 595.7164 595.6339 595.5669 595.4839 595.401 595.3179 595.2346 595.1514 595.1633
598.7731 598.738 598.7028 598.6677 598.6367 598.6057 598.5746 598.5436 598.5139 598.4819 598.4501 598.4185 598.388 598.3563 598.3246 598.2921 598.2547 598.2173 598.1822 598.15 598.1178 598.0856 598.0532 598.02 597.9874 597.9539 597.9202 597.8876 597.8561 597.8245 597.7929 597.761 597.7305 597.7035 597.6486 597.5653 597.5048 597.4261 597.326 597.229 597.1392 597.0495 597.0026 596.9089 596.8094 596.7251 596.6429 596.5976 596.5154 596.4254 596.3273 596.2451 596.1763 596.1031 596.0206 595.9382 595.8557 595.7921 595.7092 595.6262 595.543 595.4597 595.3765 595.4119
598.7965 598.7614 598.7262 598.691 598.661 598.6299 598.5989 598.5679 598.5384 598.5065 598.4745 598.4437 598.413 598.3813 598.3496 598.317 598.2796 598.2422 598.2083 598.176 598.1439 598.1116 598.0794 598.0463 598.0141 597.9804 597.9468 597.9152 597.8836 597.852 597.8204 597.7885 597.7546 597.7207 597.6852 597.6475 597.6097 597.583 597.5452 597.4529 597.3632 597.274 597.2259 597.1264 597.0291 596.947 596.8649 596.8195 596.7371 596.6389 596.5453 596.4637 596.3981 596.3249 596.2424 596.16 596.0845 596.0173 595.9343 595.8514 595.7681 595.6849 595.6186 595.6605
598.8199 598.7847 598.7496 598.7144 598.6852 598.6542 598.6232 598.5922 598.5629 598.531 598.4991 598.4689 598.4379 598.4062 598.3745 598.3419 598.3046 598.2672 598.2343 598.2021 598.1699 598.1381 598.1057 598.0724 598.0406 598.007 597.9733 597.9427 597.9111 597.8795 597.848 597.816 597.7822 597.7482 597.7133 597.6755 597.6378 597.6005 597.564 597.5284 597.4975 597.4705 597.4435 597.344 597.251 597.1689 597.0868 597.0414 596.9505 596.8523 596.764 596.6823 596.6199 596.5467 596.4643 596.3818 596.3202 596.2425 596.1595 596.0765 595.9933 595.91 595.8672 595.9091
598.8433 598.8081 598.773 598.7379 598.7095 598.6785 598.6475 598.6165 598.5875 598.5555 598.5236 598.4941 598.4628 598.4312 598.3997 598.3669 598.3295 598.2921 598.2604 598.2281 598.1959 598.1649 598.1318 598.0986 598.0673 598.0336 597.9999 597.9702 597.9386 597.907 597.8754 597.8436 597.8097 597.7758 597.7413 597.7036 597.6659 597.6287 597.5923 597.5582 597.5253 597.4923 597.4594 597.423 597.3895 597.3632 597.3087 597.2621 597.1639 597.0658 596.9825 596.9009 596.8417 596.7686 596.6861 596.6036 596.5506 596.4677 596.3847 596.3017 596.2184 596.1351 596.1158 596.1577
598.8667 598.8315 598.7964 598.7618 598.7338 598.7028 598.6718 598.6407 598.612 598.5801 598.5482 598.5193 598.4877 598.4561 598.4252 598.3918 598.3544 598.3171 598.2864 598.2542 598.222 598.1912 598.158 598.1249 598.0938 598.0602 598.0265 597.9977 597.9661 597.9345 597.903 597.8712 597.8372 597.8035 597.7693 597.7317 597.694 597.6569 597.6205 597.5879 597.5549 597.522 597.489 597.4522 597.4155 597.3833 597.3505 597.3176 597.2825 597.2555 597.2012 597.1195 597.0636 596.9904 596.9079 596.8255 596.7758 596.6929 596.6099 596.5269 596.4435 596.3603 596.3644 596.4063
598.8901 598.8549 598.8198 598.7863 598.7581 598.7271 598.696 598.6655 598.6365 598.6046 598.5727 598.5444 598.5127 598.481 598.4508 598.4167 598.3794 598.342 598.3125 598.2803 598.248 598.2174 598.1843 598.1511 598.1204 598.0867 598.0538 598.0252 597.9936 597.962 597.9305 597.8987 597.8647 597.8322 597.7974 597.7597 597.722 597.6852 597.6487 597.6176 597.5847 597.5518 597.5181 597.4814 597.4466 597.4141 597.3812 597.3484 597.3129 597.2758 597.2413 597.2079 597.1745 597.1475 597.1205 597.0543 597.001 596.9181 596.8351 596.752 596.6687 596.5854 596.613 596.6549
598.9135 598.8783 598.8431 598.8107 598.7824 598.7513 598.7203 598.6904 598.661 598.6292 598.5972 598.5693 598.5376 598.5059 598.4764 598.4417 598.4043 598.3675 598.3386 598.3063 598.2741 598.2437 598.2104 598.1775 598.147 598.1133 598.0815 598.0527 598.0211 597.9896 597.9579 597.9262 597.8923 597.8608 597.8255 597.7878 597.7501 597.7134 597.677 597.6473 597.6144 597.5815 597.5473 597.5106 597.4777 597.4449 597.412 597.3792 597.3433 597.3062 597.2731 597.2397 597.2064 597.1735 597.1403 597.1071 597.0739 597.0405 597.0135 596.9771 596.8939 596.8197 596.8616 596.8928
598.9368 598.9017 598.8666 598.8352 598.8067 598.7756 598.7446 598.7151 598.6855 598.6536 598.6217 598.5942 598.5625 598.5308 598.502 598.4666 598.4293 598.3939 598.3646 598.3324 598.3002 598.2698 598.2367 598.2048 598.1736 598.1399 598.1091 598.0802 598.0486 598.017 597.986 597.9537 597.9199 597.8894 597.8536 597.8159 597.7781 597.7416 597.7066 597.6771 597.6441 597.6112 597.5765 597.5397 597.5086 597.4757 597.4429 597.41 597.3737 597.3365 597.3051 597.2717 597.2383 597.2061 597.1729 597.1396 597.1066 597.072 597.0368 597.0019 596.9665 596.9325 596.9063 596.8867
598.9603 598.9251 598.89 598.8597 598.8309 598.7999 598.7689 598.74 598.7101 598.6782 598.6469 598.6191 598.5875 598.5558 598.5275 598.4916 598.4542 598.4203 598.3907 598.3585 598.3262 598.2961 598.2629 598.2321 598.2001 598.1665 598.1368 598.1077 598.0761 598.0446 598.014 597.9813 597.9474 597.918 597.8817 597.8439 597.8063 597.7699 597.7366 597.7068 597.6738 597.6409 597.6057 597.5689 597.5394 597.5065 597.4737 597.4412 597.404 597.3684 597.3369 597.3035 597.2701 597.2385 597.2054 597.1722 597.1401 597.1049 597.0696 597.0353 597 596.9646 596.9345 596.9088
598.9836 598.9485 598.9133 598.8841 598.8552 598.8242 598.7932 598.7648 598.7346 598.7027 598.6722 598.644 598.6124 598.5807 598.5531 598.5165 598.4791 598.4467 598.4167 598.3845 598.3527 598.3223 598.2891 598.2593 598.2267 598.1931 598.1644 598.1352 598.1036 598.0721 598.0422 598.0089 597.9749 597.9466 597.9097 597.872 597.8346 597.7982 597.7667 597.7365 597.7036 597.6707 597.6348 597.5981 597.5702 597.5374 597.5045 597.4715 597.4344 597.4006 597.3688 597.3354 597.3021 597.2711 597.2379 597.2047 597.1729 597.1377 597.1025 597.0688 597.0334 596.9981 596.9694 596.9424
599.007 598.9719 598.9368 598.9086 598.8795 598.8484 598.8174 598.7896 598.7592 598.7272 598.6976 598.669 598.6373 598.6057 598.5787 598.5414 598.5041 598.473 598.4427 598.4105 598.3795 598.3484 598.3153 598.2865 598.2533 598.2197 598.1921 598.1627 598.1312 598.0995 598.0703 598.0364 598.0025 597.9752 597.9377 597.9 597.8628 597.8264 597.7967 597.7662 597.7333 597.7003 597.6641 597.629 597.601 597.5682 597.5353 597.5019 597.4648 597.4329 597.4008 597.3674 597.334 597.3036 597.2704 597.2372 597.2057 597.1706 597.1354 597.1024 597.067 597.0316 597.0042 596.9773
599.0305 598.9953 598.9601 598.933 598.9038 598.8727 598.8417 598.8145 598.7837 598.7518 598.7228 598.6939 598.6622 598.6312 598.6038 598.5664 598.529 598.4994 598.4688 598.4366 598.4062 598.3747 598.3415 598.3135 598.2798 598.2467 598.2197 598.1902 598.1586 598.1271 598.0978 598.0639 598.0305 598.0035 597.9658 597.9281 597.8911 597.8546 597.8267 597.796 597.763 597.73 597.6932 597.6601 597.6318 597.599 597.5661 597.5323 597.4951 597.4651 597.4326 597.3992 597.3661 597.3361 597.3029 597.2697 597.2386 597.2034 597.1682 597.1358 597.1005 597.066 597.039 597.0121
599.0538 599.0187 598.9845 598.9575 598.9281 598.897 598.8663 598.8392 598.8082 598.7763 598.748 598.7189 598.6872 598.6568 598.6287 598.5913 598.554 598.5258 598.4949 598.4626 598.433 598.4009 598.3677 598.3401 598.3065 598.2744 598.2474 598.2177 598.1862 598.1545 598.1254 598.0914 598.0591 598.0316 597.9939 597.9562 597.9193 597.8837 597.8568 597.8256 597.7927 597.7592 597.7224 597.6912 597.6627 597.6298 597.5969 597.5626 597.5255 597.4974 597.4645 597.4312 597.399 597.3686 597.3354 597.3022 597.2715 597.2363 597.2014 597.1693 597.1339 597.1008 597.0739 597.047
599.0772 599.0421 599.009 598.9819 598.9523 598.9213 598.8911 598.8641 598.8327 598.8008 598.7733 598.7438 598.7121 598.6824 598.6536 598.6163 598.5792 598.5521 598.5209 598.4887 598.4598 598.4271 598.395 598.3667 598.333 598.302 598.275 598.2452 598.2137 598.1821 598.1529 598.119 598.088 598.0597 598.022 597.9843 597.9475 597.9138 597.8868 597.8553 597.8224 597.7883 597.7516 597.7224 597.6935 597.6606 597.6277 597.593 597.5566 597.5296 597.4964 597.463 597.4319 597.4011 597.3679 597.3347 597.3044 597.2692 597.2355 597.2028 597.1674 597.1357 597.1087 597.0818
599.1006 599.0655 599.0334 599.0064 598.9766 598.9456 598.9159 598.8889 598.8572 598.8253 598.7985 598.7687 598.737 598.7079 598.6786 598.6412 598.6055 598.5786 598.547 598.5148 598.4865 598.4533 598.4224 598.3932 598.3596 598.3297 598.3027 598.2728 598.2411 598.2097 598.1804 598.1465 598.1166 598.0877 598.05 598.0123 597.9758 597.9438 597.9168 597.8851 597.8522 597.8175 597.7808 597.7537 597.7243 597.6914 597.6586 597.6234 597.5889 597.5617 597.5283 597.4949 597.4647 597.4336 597.4004 597.3679 597.3372 597.302 597.2697 597.2363 597.2009 597.1705 597.1435 597.1167
599.124 599.0889 599.0579 599.0309 599.0009 598.9699 598.9407 598.9137 598.8818 598.8502 598.8237 598.7936 598.762 598.7335 598.7036 598.6661 598.6319 598.6049 598.5731 598.5408 598.5127 598.4796 598.4495 598.4199 598.3862 598.3574 598.3303 598.3002 598.2687 598.2378 598.2079 598.1741 598.1452 598.1158 598.0781 598.0404 598.004 597.9738 597.9468 597.9148 597.8819 597.8467 597.8115 597.7849 597.7551 597.7222 597.6901 597.6537 597.6212 597.5936 597.5602 597.5268 597.4976 597.4661 597.4329 597.4015 597.3701 597.3349 597.3038 597.2698 597.2344 597.2053 597.1783 597.1516
599.1474 599.1122 599.0823 599.0553 599.0252 598.9941 598.9655 598.9382 598.9063 598.8754 598.8489 598.8185 598.7869 598.7591 598.7285 598.6911 598.6583 598.6313 598.5991 598.5671 598.5389 598.5057 598.4767 598.4464 598.4128 598.385 598.358 598.3278 598.2961 598.2659 598.2355 598.2016 598.1738 598.1439 598.1061 598.0687 598.0322 598.0038 597.9769 597.9445 597.9116 597.8759 597.8426 597.816 597.7859 597.7531 597.7213 597.6841 597.6534 597.6255 597.5921 597.5587 597.5305 597.4986 597.4654 597.435 597.403 597.3677 597.3379 597.3033 597.2679 597.2402 597.2132 597.1864
599.1708 599.1356 599.1068 599.0798 599.0495 599.0184 598.9903 598.9627 598.9308 598.9006 598.8741 598.8435 598.8118 598.7846 598.7534 598.716 598.6846 598.6573 598.6252 598.5939 598.5651 598.5319 598.504 598.473 598.4396 598.4127 598.3857 598.3553 598.3237 598.294 598.2631 598.2292 598.2024 598.1719 598.1342 598.0969 598.0609 598.0339 598.0069 597.9742 597.9413 597.9051 597.8737 597.8471 597.8167 597.7839 597.7516 597.7145 597.6856 597.6573 597.624 597.5906 597.5633 597.5311 597.4979 597.4684 597.4358 597.4006 597.3721 597.3368 597.302 597.275 597.248 597.2213
