samples/sfe_209/sfe_209_r3/sfe_209_r3/sfe_209_r3.asc
ncols         267
nrows         135
xllcorner     98.199999999255
yllcorner     82.800000000745
cellsize      0.3
NODATA_value  -9999
[rows 28 to 55 of 135, columns 192 to 255 of 267]
599.0425 599.0196 598.995 598.9719 598.9488 598.924 598.899 598.8759 598.8527 598.8276 598.8046 598.786 598.7674 598.7448 598.7195 598.6969 598.6742 598.6478 598.6251 598.6024 598.5771 598.5519 598.5291 598.5061 598.4809 598.462 598.4431 598.4211 598.3942 598.3709 598.3479 598.3224 598.297 598.2748 598.2502 598.2267 598.2039 598.1788 598.1536 598.1303 598.1063 598.0793 598.056 598.0334 598.0068 597.9843 597.9603 597.9341 597.912 597.888 597.8675 597.8479 597.8254 597.7984 597.7714 597.7477 597.725 597.7022 597.6774 597.6508 597.6276 597.6041 597.5776 597.5547
599.0189 598.9957 598.9717 598.9485 598.9254 598.9005 598.876 598.8528 598.8297 598.8045 598.7827 598.7641 598.7455 598.7226 598.6979 598.6752 598.6526 598.6265 598.6038 598.5811 598.5556 598.5309 598.5081 598.4849 598.4608 598.4419 598.423 598.4008 598.3741 598.3511 598.3281 598.3023 598.2777 598.2555 598.2305 598.2075 598.1846 598.1594 598.1346 598.1114 598.0871 598.0601 598.0375 598.0145 597.9885 597.9661 597.9417 597.9163 597.8941 597.8697 597.85 597.8304 597.8077 597.7807 597.7537 597.7308 597.708 597.6852 597.6602 597.6335 597.6111 597.5872 597.5613 597.5383
598.9954 598.9718 598.9483 598.9252 598.9021 598.877 598.8531 598.8299 598.8067 598.7814 598.7607 598.7421 598.7236 598.7004 598.6763 598.6536 598.6308 598.6052 598.5825 598.5598 598.5341 598.5101 598.4872 598.4637 598.4406 598.4218 598.4028 598.3804 598.3543 598.3312 598.3082 598.2822 598.2584 598.2361 598.2111 598.1883 598.1654 598.14 598.1156 598.0924 598.0679 598.0414 598.019 597.9956 597.9703 597.9479 597.9231 597.8984 597.8762 597.8522 597.8326 597.813 597.79 597.7629 597.7366 597.7138 597.691 597.6683 597.6429 597.6169 597.5945 597.5701 597.5449 597.522
598.9717 598.9481 598.925 598.9019 598.8788 598.8535 598.8301 598.8069 598.7838 598.7583 598.7388 598.7202 598.7016 598.6782 598.6547 598.632 598.6091 598.5839 598.5612 598.5384 598.5126 598.4892 598.4664 598.4426 598.4205 598.4016 598.3828 598.3599 598.3345 598.3114 598.2884 598.2621 598.239 598.2169 598.192 598.1691 598.1462 598.1205 598.0967 598.0734 598.0487 598.0229 598.0005 597.9767 597.9521 597.9296 597.9044 597.8805 597.8584 597.8348 597.8152 597.7957 597.7722 597.7452 597.7196 597.6968 597.6741 597.6514 597.6257 597.6004 597.5779 597.5532 597.5284 597.5056
598.9482 598.9247 598.9017 598.8785 598.8554 598.8303 598.8072 598.784 598.7608 598.7355 598.7169 598.6982 598.6797 598.6559 598.6331 598.6104 598.5872 598.5626 598.5399 598.5171 598.4911 598.4683 598.4454 598.4214 598.4004 598.3815 598.3626 598.3395 598.3146 598.2916 598.2686 598.242 598.2197 598.1975 598.1727 598.1499 598.127 598.101 598.0777 598.0545 598.0295 598.0044 597.982 597.9578 597.9338 597.9114 597.8858 597.8627 597.8405 597.8174 597.7979 597.7782 597.7545 597.7275 597.7027 597.6799 597.6572 597.6344 597.6086 597.5838 597.5613 597.5361 597.5121 597.4891
598.9246 598.9014 598.8783 598.8552 598.8321 598.8074 598.7842 598.761 598.7379 598.7135 598.6949 598.6763 598.6577 598.6341 598.6114 598.5887 598.5654 598.5413 598.5186 598.4958 598.4702 598.4474 598.4246 598.4003 598.3802 598.3614 598.3425 598.3192 598.2948 598.2717 598.2487 598.2225 598.2004 598.1782 598.1535 598.1307 598.1078 598.082 598.0587 598.0355 598.0103 597.9859 597.9635 597.9389 597.9156 597.8931 597.8672 597.8448 597.8226 597.8 597.7804 597.7608 597.7368 597.7098 597.6857 597.663 597.6402 597.6174 597.5916 597.5673 597.5447 597.5191 597.4957 597.4728
598.901 598.8781 598.855 598.8318 598.8088 598.7844 598.7612 598.738 598.7148 598.6916 598.673 598.6544 598.6358 598.6124 598.5898 598.5671 598.5435 598.52 598.4973 598.4745 598.4493 598.4265 598.4036 598.3791 598.3602 598.3412 598.3223 598.2987 598.275 598.2519 598.2289 598.2032 598.181 598.1586 598.1343 598.1115 598.0886 598.063 598.0398 598.0165 597.9911 597.9674 597.945 597.92 597.8974 597.8749 597.8491 597.8269 597.8047 597.7826 597.763 597.7434 597.7191 597.6921 597.6688 597.646 597.6232 597.6005 597.5743 597.5507 597.5282 597.5022 597.4792 597.456
598.8774 598.8547 598.8317 598.8085 598.7854 598.7615 598.7383 598.7151 598.6919 598.6696 598.6511 598.6324 598.6139 598.5908 598.5681 598.5455 598.5216 598.4987 598.476 598.4532 598.4284 598.4056 598.3828 598.3589 598.34 598.3211 598.3022 598.2783 598.2551 598.2321 598.2088 598.1838 598.1617 598.1389 598.1151 598.0923 598.0694 598.0441 598.0208 597.9976 597.972 597.9489 597.9265 597.9016 597.8792 597.8567 597.8312 597.809 597.7864 597.7652 597.7456 597.726 597.7014 597.6746 597.6519 597.6291 597.6063 597.5836 597.557 597.5341 597.5116 597.4858 597.4629 597.4392
598.8538 598.8314 598.8083 598.7852 598.7621 598.7385 598.7153 598.6921 598.6689 598.6477 598.6291 598.6105 598.5919 598.5692 598.5465 598.5238 598.5001 598.4774 598.4546 598.4319 598.4075 598.3846 598.3618 598.3388 598.3199 598.301 598.2821 598.2583 598.2353 598.2122 598.1887 598.1646 598.1423 598.1191 598.0959 598.0731 598.0499 598.0251 598.0019 597.9786 597.9528 597.9304 597.908 597.8834 597.8609 597.8383 597.8133 597.7911 597.7681 597.7478 597.7281 597.7086 597.6836 597.6577 597.6349 597.6121 597.5894 597.5665 597.54 597.5175 597.4951 597.4694 597.4465 597.4224
598.8335 598.8165 598.7895 598.7625 598.7388 598.7155 598.6923 598.6692 598.646 598.6258 598.6072 598.5886 598.57 598.5475 598.5248 598.5022 598.4788 598.4561 598.4333 598.4105 598.3866 598.3638 598.3409 598.3187 598.2997 598.2809 598.262 598.2385 598.2155 598.1924 598.1686 598.1452 598.123 598.0995 598.0767 598.0538 598.0305 598.0061 597.9829 597.9597 597.9343 597.9119 597.8895 597.8651 597.8427 597.8196 597.7954 597.7733 597.7499 597.7303 597.7108 597.6912 597.6659 597.6407 597.6179 597.5952 597.5724 597.5493 597.5234 597.5009 597.4781 597.4529 597.4301 597.4056
598.6006 598.6102 598.5953 598.6169 598.6481 598.6697 598.6427 598.6545 598.6275 598.6052 598.5853 598.5667 598.548 598.5259 598.5032 598.4805 598.4575 598.4348 598.412 598.389 598.3657 598.3428 598.32 598.2985 598.2797 598.2607 598.2419 598.2186 598.1956 598.1725 598.1485 598.1259 598.1037 598.0804 598.0575 598.0347 598.011 597.9872 597.9639 597.9407 597.9158 597.8934 597.871 597.8469 597.8244 597.801 597.7775 597.7554 597.7325 597.713 597.6934 597.6738 597.6481 597.6237 597.601 597.5782 597.5555 597.532 597.5068 597.4844 597.4611 597.4366 597.4136 597.3889
598.3678 598.3627 598.3624 598.384 598.4152 598.4368 598.4097 598.4313 598.4625 598.4776 598.4578 598.485 598.5229 598.5115 598.4845 598.4589 598.4362 598.4135 598.3907 598.3676 598.3448 598.322 598.2991 598.2784 598.2595 598.2407 598.2217 598.1988 598.1758 598.1527 598.1287 598.1065 598.0844 598.0612 598.0383 598.0154 597.9916 597.9682 597.945 597.9218 597.8973 597.8749 597.8525 597.8286 597.8062 597.7824 597.7596 597.7375 597.7151 597.6956 597.6759 597.6563 597.6304 597.6068 597.584 597.5613 597.5385 597.5148 597.4902 597.4678 597.4441 597.4202 597.3973 597.3721
598.1349 598.1274 598.1295 598.151 598.1823 598.2038 598.1768 598.1983 598.2296 598.2318 598.2266 598.2537 598.2916 598.3052 598.3195 598.3508 598.382 598.374 598.3765 598.3495 598.3239 598.3011 598.2783 598.2583 598.2394 598.2205 598.2016 598.179 598.1559 598.1329 598.1094 598.0872 598.065 598.042 598.0191 597.9963 597.9725 597.9492 597.926 597.9028 597.8788 597.8564 597.8336 597.8104 597.788 597.7639 597.7418 597.7196 597.6978 597.6781 597.6585 597.6389 597.6127 597.5898 597.5671 597.5443 597.5215 597.4976 597.4737 597.4512 597.4271 597.4037 597.3809 597.356
597.8947 597.8944 597.8965 597.9181 597.9493 597.9709 597.9438 597.9654 597.9966 597.9932 597.9953 598.0225 598.0604 598.0577 598.0865 598.1178 598.1418 598.1376 598.1696 598.2017 598.1987 598.2278 598.2595 598.2422 598.2153 598.1973 598.1815 598.1591 598.1361 598.113 598.09 598.0679 598.0457 598.0228 597.9999 597.9771 597.9535 597.9303 597.907 597.8839 597.8603 597.838 597.8147 597.7922 597.7697 597.746 597.7239 597.7017 597.6803 597.6607 597.6411 597.6215 597.5956 597.5729 597.5501 597.5274 597.5046 597.4805 597.4571 597.4346 597.4103 597.3874 597.3644 597.3398
597.6472 597.6615 597.6636 597.6852 597.7164 597.7379 597.7109 597.7324 597.7623 597.762 597.764 597.7912 597.8291 597.8224 597.8536 597.8849 597.8943 597.9011 597.9332 597.9653 597.9634 597.9949 598.0266 598.0363 598.0117 598.0429 598.0742 598.1002 598.1157 598.0985 598.0715 598.0485 598.0264 598.0035 597.9807 597.9578 597.9345 597.9113 597.8881 597.8647 597.8418 597.8195 597.7964 597.7739 597.7515 597.7281 597.706 597.6838 597.6629 597.6433 597.6237 597.6041 597.5787 597.556 597.5332 597.5104 597.4877 597.4632 597.4405 597.418 597.3939 597.371 597.3481 597.3235
597.3997 597.4285 597.4307 597.4522 597.4835 597.505 597.478 597.4995 597.5213 597.5307 597.5328 597.5599 597.5897 597.5894 597.6207 597.6519 597.6468 597.6647 597.6968 597.7289 597.7304 597.762 597.7936 597.7888 597.7787 597.8099 597.8412 597.8672 597.8812 597.9128 597.9445 597.9751 598.0076 597.9905 597.9643 597.9387 597.9156 597.8923 597.8691 597.8456 597.8233 597.801 597.7781 597.7557 597.7333 597.7103 597.6881 597.666 597.6455 597.6259 597.6063 597.5865 597.5618 597.539 597.5162 597.4935 597.4707 597.4464 597.424 597.4014 597.3775 597.3546 597.3317 597.3074
597.1644 597.1956 597.1978 597.2193 597.2505 597.272 597.245 597.2665 597.2755 597.2994 597.3015 597.3287 597.3422 597.3565 597.3877 597.4189 597.3993 597.4283 597.4604 597.4833 597.4975 597.5291 597.5607 597.5413 597.5458 597.577 597.6082 597.6343 597.6467 597.6783 597.7045 597.7371 597.7695 597.7951 597.7976 597.8296 597.8616 597.8546 597.8565 597.8295 597.8048 597.7825 597.7599 597.7375 597.715 597.6924 597.6702 597.6481 597.6281 597.6085 597.5889 597.5688 597.5448 597.522 597.4993 597.4765 597.4538 597.4298 597.4073 597.3849 597.3611 597.3382 597.3152 597.2912
596.9315 596.9627 596.9648 596.9863 597.0176 597.0391 597.0121 597.0336 597.037 597.0682 597.0703 597.0974 597.0947 597.1235 597.1548 597.1788 597.1598 597.1919 597.2239 597.2357 597.2645 597.2961 597.3206 597.2938 597.3129 597.3441 597.3753 597.4014 597.4121 597.4438 597.4665 597.499 597.5319 597.5607 597.5632 597.5952 597.6271 597.6235 597.6542 597.685 597.7151 597.7464 597.7485 597.7215 597.6968 597.6745 597.6524 597.6302 597.6107 597.5911 597.5715 597.5511 597.5278 597.5051 597.4824 597.4596 597.4368 597.4133 597.3907 597.3683 597.3447 597.3218 597.2984 597.275
596.6985 596.7297 596.7319 596.7534 596.7846 596.8062 596.7791 596.7994 596.8057 596.8369 596.839 596.8661 596.8594 596.8906 596.9218 596.9313 596.9233 596.9554 596.9875 597.0004 597.0316 597.0632 597.0732 597.0487 597.0799 597.1111 597.1424 597.1684 597.1776 597.2092 597.2285 597.261 597.3019 597.3262 597.3287 597.3607 597.3926 597.3923 597.4231 597.4539 597.4822 597.5134 597.5423 597.5737 597.6058 597.638 597.6415 597.6145 597.5933 597.5737 597.554 597.5337 597.5109 597.4882 597.4654 597.4426 597.4199 597.3967 597.3742 597.3517 597.3283 597.3054 597.2818 597.2589
596.4656 596.4968 596.4989 596.5204 596.5517 596.5732 596.5462 596.5586 596.5745 596.6057 596.6077 596.6268 596.6264 596.6577 596.6889 596.6838 596.687 596.7191 596.7511 596.7675 596.7986 596.8302 596.8257 596.8157 596.847 596.8782 596.9094 596.9355 596.9431 596.9747 596.9905 597.0229 597.0696 597.0918 597.0943 597.1263 597.1581 597.1612 597.192 597.2228 597.2493 597.2805 597.3052 597.3373 597.3694 597.4017 597.4341 597.4666 597.4637 597.4548 597.4929 597.5245 597.4975 597.4712 597.4484 597.4257 597.403 597.3801 597.3576 597.335 597.3119 597.289 597.2656 597.2426
596.2326 596.2639 596.266 596.2875 596.3187 596.3403 596.3132 596.3179 596.3432 596.3744 596.3765 596.3793 596.3935 596.4247 596.4559 596.4363 596.4505 596.4826 596.5147 596.5345 596.5657 596.5973 596.5782 596.5828 596.614 596.6453 596.6765 596.7025 596.7086 596.728 596.7524 596.7922 596.8352 596.8574 596.8599 596.8918 596.9235 596.9301 596.9609 596.9916 597.0163 597.0475 597.0688 597.1009 597.133 597.1653 597.1978 597.2302 597.2284 597.2219 597.2599 597.2979 597.3441 597.3938 597.402 597.4165 597.3895 597.3635 597.3411 597.3184 597.2955 597.2726 597.2494 597.2264
595.7565 595.73 595.7048 596.1225 596.0955 596.1073 596.0803 596.0807 596.1119 596.1431 596.1452 596.1317 596.1605 596.1918 596.2158 596.1888 596.2141 596.2462 596.2728 596.3016 596.3328 596.3572 596.3307 596.3499 596.3811 596.4123 596.4435 596.4696 596.4741 596.4819 596.5144 596.5621 596.6008 596.6229 596.6254 596.6573 596.689 596.699 596.7297 596.7605 596.7834 596.8146 596.8324 596.8645 596.8966 596.929 596.9614 596.9939 596.9954 596.989 597.027 597.0649 597.1141 597.163 597.1559 597.1884 597.2209 597.2551 597.2871 597.3095 597.2825 597.2562 597.2332 597.2103
594.9828 594.9587 594.9363 594.9413 595.3605 595.3362 595.3102 595.436 595.8408 595.8282 595.8013 595.9255 595.9276 595.9588 595.9683 595.9456 595.9777 596.0098 596.0374 596.0686 596.0999 596.11 596.0857 596.1169 596.1481 596.1794 596.2106 596.2366 596.2395 596.2438 596.2825 596.3322 596.3663 596.3885 596.391 596.4229 596.4545 596.4678 596.4986 596.5294 596.5505 596.5793 596.5959 596.6281 596.6602 596.6926 596.7251 596.7483 596.7625 596.756 596.794 596.8344 596.8841 596.925 596.9178 596.9504 596.9828 597.0207 597.0527 597.0847 597.1139 597.1464 597.1789 597.2015
594.7818 594.7915 594.7765 594.784 594.8467 594.8265 594.8045 594.834 594.9597 594.9393 594.8945 595.023 595.4425 595.4117 595.381 595.6105 595.7905 595.7734 595.8044 595.8357 595.8669 595.8627 595.8527 595.884 595.9152 595.9464 595.9777 596.0027 596.005 596.0059 596.0524 596.0999 596.1319 596.1541 596.1566 596.1883 596.2199 596.2367 596.2675 596.2983 596.3175 596.3318 596.3596 596.3917 596.4238 596.4563 596.4887 596.5007 596.5295 596.5231 596.5611 596.6044 596.6541 596.6814 596.6799 596.7123 596.7505 596.7863 596.8182 596.8502 596.8759 596.9084 596.9451 596.9767
594.6207 594.6363 594.6265 594.6208 594.6785 594.6875 594.6713 594.6625 594.6993 594.6805 594.6332 594.6633 594.6602 594.6223 594.5853 594.885 595.011 594.9893 595.274 595.5552 595.5283 595.502 595.6295 595.651 595.6823 595.7135 595.7448 595.7681 595.7582 595.7728 595.8224 595.8655 595.8975 595.9196 595.9221 595.9538 595.9854 596.0056 596.0363 596.0671 596.0846 596.0911 596.1231 596.1552 596.1874 596.2199 596.2524 596.2654 596.2966 596.2902 596.3281 596.3744 596.4164 596.4322 596.4418 596.4743 596.5198 596.5518 596.5838 596.6053 596.6378 596.6703 596.7106 596.7422
594.4323 594.4515 594.4925 594.5098 594.545 594.557 594.5495 594.5297 594.522 594.554 594.5057 594.4745 594.4933 594.4753 594.4548 594.449 594.4665 594.445 594.4885 594.629 594.602 594.575 595.0115 595.1382 595.1105 595.5485 595.5215 595.5336 595.509 595.5427 595.5924 595.631 595.663 595.6852 595.6876 595.7192 595.7509 595.7744 595.8052 595.836 595.8516 595.8546 595.8867 595.9188 595.9511 595.9836 596.0161 596.0325 596.0637 596.0572 596.0952 596.1443 596.1784 596.183 596.2038 596.2408 596.2853 596.3174 596.3494 596.3673 596.3998 596.4377 596.4761 596.5077
594.2933 594.3503 594.372 594.3765 594.3785 594.4453 594.4348 594.4133 594.4175 594.433 594.385 594.3472 594.3 594.3417 594.2988 594.3165 594.295 594.2895 594.2648 594.3433 594.3193 594.3157 594.344 594.341 594.3118 594.4565 594.7432 594.7133 594.6835 595.283 595.2555 595.3966 595.4286 595.4507 595.4531 595.4847 595.5164 595.5433 595.5741 595.6031 595.6163 595.6182 595.6503 595.6824 595.7147 595.7472 595.7797 595.7995 595.8307 595.8243 595.8647 595.9078 595.9404 595.9338 595.9658 596.0109 596.0509 596.0829 596.1149 596.1293 596.1618 596.2076 596.2415 596.2731
594.189 594.2105 594.2473 594.275 594.2817 594.2972 594.3328 594.31 594.3018 594.303 594.2598 594.212 594.1613 594.2057 594.1622 594.1415 594.1592 594.1547 594.1335 594.1567 594.1805 594.175 594.1962 594.195 594.1677 594.1818 594.2048 594.1735 594.1967 594.3375 594.3038 594.589 594.8768 594.847 595.3065 595.2795 595.2818 595.3122 595.343 595.3701 595.3688 595.3818 595.4139 595.446 595.4784 595.5109 595.5378 595.5666 595.5978 595.5913 595.6346 595.6699 595.7024 595.6952 595.7311 595.7808 595.8165 595.8484 595.8805 595.8912 595.928 595.9753 596.007 596.0386
