samples/sfe_2248/sfe_2248_v0/sfe_2248_v0/sfe_2248_v0.asc
ncols         187
nrows         82
xllcorner     100
yllcorner     83.60000000149
cellsize      0.4
NODATA_value  -9999
[rows 29 to 57 of 82, columns 65 to 129 of 187]
602.5833 602.5782 602.5732 602.5683 602.5633 602.5583 602.5533 602.5483 602.5433 602.5383 602.5333 602.5283 602.5223 602.5173 602.5123 602.5073 602.5023 602.4973 602.4922 602.4872 602.4823 602.4773 602.4722 602.4958 602.5165 602.5115 602.5055 602.5005 602.4955 602.4905 602.4855 602.4805 602.4755 602.4705 602.4655 602.4605 602.4555 602.3997 602.3909 602.3863 602.3802 602.3752 602.3703 602.3653 602.3603 602.3553 602.3174 602.2856 602.2806 602.2756 602.2706 602.2656 602.2606 602.2556 602.2496 602.2446 602.2396 602.2346 602.2296 602.2246 602.2197 602.2147 602.2097 602.2047 602.1996
602.3182 602.3132 602.3082 602.3032 602.2982 602.2932 602.2882 602.2833 602.2783 602.2733 602.2682 602.2632 602.2573 602.2523 602.2473 602.2422 602.2372 602.2322 602.2272 602.2222 602.2172 602.2122 602.2072 602.2428 602.2635 602.2585 602.2525 602.2475 602.2425 602.2375 602.2325 602.2275 602.2225 602.2175 602.2125 602.2075 602.2025 602.1467 602.1257 602.1212 602.1152 602.1102 602.1052 602.1002 602.0952 602.0902 602.0524 602.0073 602.0024 601.9974 601.9924 601.9874 601.9824 601.9774 601.9714 601.9664 601.9614 601.9564 601.9514 601.9464 601.9413 601.9363 601.9313 601.9263 601.9214
602.0532 602.0482 602.0432 602.0382 602.0332 602.0282 602.0232 602.0182 602.0132 602.0082 602.0032 601.9982 601.9922 601.9872 601.9822 601.9772 601.9722 601.9672 601.9622 601.9572 601.9522 601.9472 601.9444 601.9898 602.0105 602.0055 601.9995 601.9945 601.9895 601.9845 601.9795 601.9745 601.9695 601.9645 601.9595 601.9545 601.9495 601.8937 601.8608 601.8562 601.8502 601.8452 601.8402 601.8352 601.8302 601.8252 601.7873 601.7288 601.7241 601.7191 601.7141 601.709 601.704 601.699 601.6931 601.688 601.683 601.678 601.673 601.668 601.6631 601.6581 601.6531 601.6481 601.6431
601.7881 601.7831 601.7781 601.7731 601.7681 601.7631 601.7581 601.7532 601.7482 601.7432 601.7382 601.7332 601.7272 601.7222 601.7172 601.7122 601.7072 601.7021 601.6971 601.6921 601.6871 601.6821 601.6914 601.7368 601.7575 601.7525 601.7465 601.7415 601.7365 601.7315 601.7265 601.7215 601.7165 601.7115 601.7065 601.7015 601.6965 601.6407 601.5957 601.5911 601.5851 601.5801 601.5751 601.5701 601.5651 601.5601 601.5223 601.4505 601.4457 601.4407 601.4357 601.4307 601.4257 601.4207 601.4147 601.4097 601.4047 601.3997 601.3947 601.3897 601.3848 601.3798 601.3748 601.3698 601.3647
601.5231 601.5181 601.5131 601.5081 601.5031 601.4981 601.4931 601.4881 601.4831 601.4781 601.4731 601.4681 601.4621 601.4571 601.4521 601.4471 601.4421 601.4371 601.4321 601.4271 601.4221 601.4171 601.4384 601.4838 601.5045 601.4995 601.4935 601.4885 601.4835 601.4785 601.4735 601.4685 601.4635 601.4585 601.4535 601.4485 601.4435 601.3877 601.3318 601.3261 601.3201 601.3151 601.3101 601.3051 601.3001 601.2951 601.2572 601.1855 601.1675 601.1625 601.1575 601.1525 601.1475 601.1425 601.1365 601.1315 601.1265 601.1215 601.1165 601.1115 601.1064 601.1014 601.0964 601.0914 601.0865
601.2581 601.2531 601.248 601.243 601.238 601.233 601.228 601.2231 601.2181 601.2131 601.2081 601.2031 601.1971 601.1921 601.1871 601.1821 601.1771 601.1721 601.1671 601.162 601.157 601.152 601.1854 601.2308 601.2515 601.2465 601.2405 601.2355 601.2305 601.2255 601.2205 601.2155 601.2105 601.2055 601.2005 601.1955 601.1905 601.1347 601.0789 601.061 601.0551 601.05 601.045 601.04 601.035 601.03 600.9922 600.9204 600.8892 600.8842 600.8792 600.8741 600.8691 600.8641 600.8582 600.8531 600.8481 600.8431 600.8381 600.8331 600.8282 600.8232 600.8182 600.8132 600.8082
600.993 600.988 600.983 600.978 600.973 600.968 600.963 600.958 600.953 600.948 600.943 600.938 600.932 600.927 600.922 600.917 600.912 600.907 600.902 600.897 600.892 600.887 600.9324 600.9778 600.9985 600.9935 600.9875 600.9825 600.9775 600.9725 600.9675 600.9625 600.9575 600.9525 600.9475 600.9425 600.9375 600.8817 600.8259 600.796 600.79 600.785 600.78 600.775 600.77 600.765 600.76 600.755 600.3747 600.3697 600.3643 600.4535 600.4485 600.4435 600.4375 600.4325 600.4275 600.4225 600.4175 600.4125 600.4075 600.3087 600.3036 600.2986 600.2937
600.2423 600.2373 600.2323 600.2747 600.41 600.405 600.4 600.395 600.39 600.385 600.38 600.375 600.369 600.364 600.2188 600.1663 600.1613 600.1563 600.1513 600.1463 600.1414 600.1364 600.319 600.3135 600.4966 600.4917 600.4857 600.481 600.5695 600.4706 600.4657 600.4607 600.2685 600.263 600.258 600.253 600.248 600.243 600.238 600.0453 600.0393 600.0343 600.0294 600.0244 599.644 599.639 599.634 599.629 599.624 599.619 599.7543 599.8905 599.8855 599.8805 599.8745 599.8695 599.8645 599.8595 599.8545 599.8495 599.8445 599.6987 599.553 599.548 599.543
599.475 599.492 599.481 599.852 599.847 599.842 599.837 599.832 599.827 599.822 599.817 599.812 599.806 599.801 599.796 599.338 599.279 599.273 599.261 599.249 599.237 599.271 599.259 599.751 599.746 599.741 599.735 599.8713 600.0065 599.72 599.715 599.71 599.705 599.136 599.068 599.059 599.05 599.042 599.035 599.028 599.021 599.015 599.009 599.003 598.997 598.991 598.984 598.978 598.971 598.964 598.956 598.948 598.94 598.931 598.923 598.914 598.905 598.896 598.888 598.879 598.871 598.862 598.854 598.847 598.839
599.427 599.413 599.399 599.384 599.37 599.356 599.37 599.357 599.345 599.332 599.32 599.308 599.296 599.253 599.24 599.228 599.215 599.202 599.188 599.175 599.161 599.146 599.131 599.116 599.141 599.126 599.112 599.098 599.085 599.072 599.059 598.995 598.99 598.979 598.97 598.919 598.915 598.91 598.906 598.902 598.9 598.898 598.896 598.895 598.893 598.892 598.89 598.887 598.884 598.88 598.875 598.87 598.886 598.878 598.871 598.863 598.855 598.848 598.84 598.811 598.808 598.802 598.796 598.791 598.786
599.378 599.362 599.345 599.329 599.313 599.298 599.282 599.284 599.27 599.256 599.242 599.229 599.197 599.184 599.17 599.156 599.142 599.128 599.113 599.098 599.082 599.065 599.048 599.031 599.014 599.02 599.004 598.987 598.971 598.956 598.941 598.901 598.888 598.878 598.869 598.861 598.855 598.851 598.848 598.846 598.846 598.846 598.846 598.847 598.847 598.848 598.848 598.847 598.845 598.842 598.839 598.835 598.83 598.824 598.818 598.811 598.804 598.798 598.791 598.785 598.78 598.775 598.77 598.766 598.762
599.356 599.338 599.321 599.304 599.287 599.271 599.255 599.239 599.224 599.209 599.194 599.18 599.166 599.152 599.138 599.124 599.109 599.094 599.079 599.063 599.046 599.029 599.011 598.992 598.974 598.955 598.937 598.918 598.901 598.884 598.869 598.855 598.842 598.832 598.823 598.816 598.811 598.807 598.805 598.805 598.805 598.807 598.809 598.811 598.813 598.815 598.816 598.816 598.816 598.815 598.812 598.809 598.804 598.799 598.793 598.787 598.781 598.775 598.769 598.764 598.759 598.754 598.751 598.748 598.745
599.356 599.338 599.321 599.304 599.287 599.271 599.255 599.239 599.224 599.209 599.194 599.18 599.166 599.152 599.138 599.124 599.109 599.094 599.079 599.063 599.046 599.029 599.011 598.992 598.974 598.955 598.937 598.918 598.901 598.884 598.869 598.855 598.842 598.832 598.823 598.816 598.811 598.807 598.805 598.805 598.805 598.807 598.809 598.811 598.813 598.815 598.816 598.816 598.816 598.815 598.812 598.809 598.804 598.799 598.793 598.787 598.781 598.775 598.769 598.764 598.759 598.754 598.751 598.748 598.745
599.378 599.362 599.345 599.329 599.313 599.298 599.282 599.284 599.27 599.256 599.242 599.229 599.197 599.184 599.17 599.156 599.142 599.128 599.113 599.098 599.082 599.065 599.048 599.031 599.014 599.02 599.004 598.987 598.971 598.956 598.941 598.901 598.888 598.878 598.869 598.861 598.855 598.851 598.848 598.846 598.846 598.846 598.846 598.847 598.847 598.848 598.848 598.847 598.845 598.842 598.839 598.835 598.83 598.824 598.818 598.811 598.804 598.798 598.791 598.785 598.78 598.775 598.77 598.766 598.762
599.427 599.413 599.399 599.384 599.37 599.356 599.37 599.357 599.345 599.332 599.32 599.308 599.296 599.253 599.24 599.228 599.215 599.202 599.188 599.175 599.161 599.146 599.131 599.116 599.141 599.126 599.112 599.098 599.085 599.072 599.059 598.995 598.99 598.979 598.97 598.919 598.915 598.91 598.906 598.902 598.9 598.898 598.896 598.895 598.893 598.892 598.89 598.887 598.884 598.88 598.875 598.87 598.886 598.878 598.871 598.863 598.855 598.848 598.84 598.811 598.808 598.802 598.796 598.791 598.786
599.475 599.492 599.481 599.852 599.847 599.842 599.837 599.832 599.827 599.822 599.817 599.812 599.806 599.801 599.796 599.338 599.279 599.273 599.261 599.249 599.237 599.271 599.259 599.751 599.746 599.741 599.735 599.8712 600.0065 599.72 599.715 599.71 599.705 599.136 599.068 599.059 599.05 599.042 599.035 599.028 599.021 599.015 599.009 599.003 598.997 598.991 598.984 598.978 598.971 598.964 598.956 598.948 598.94 598.931 598.923 598.914 598.905 598.896 598.888 598.879 598.871 598.862 598.854 598.847 598.839
600.2423 600.2373 600.2323 600.2747 600.41 600.405 600.4 600.395 600.39 600.385 600.38 600.375 600.369 600.364 600.2188 600.1663 600.1613 600.1563 600.1513 600.1463 600.1414 600.1364 600.319 600.3135 600.4966 600.4917 600.4857 600.481 600.5695 600.4706 600.4657 600.4607 600.2685 600.263 600.258 600.253 600.248 600.243 600.238 600.0453 600.0393 600.0343 600.0294 600.0244 599.644 599.639 599.634 599.629 599.624 599.619 599.7543 599.8905 599.8855 599.8805 599.8745 599.8695 599.8645 599.8595 599.8545 599.8495 599.8445 599.6987 599.553 599.548 599.543
600.993 600.988 600.983 600.978 600.973 600.968 600.963 600.958 600.953 600.948 600.943 600.938 600.932 600.927 600.922 600.917 600.912 600.907 600.902 600.897 600.892 600.887 600.9324 600.9778 600.9985 600.9935 600.9875 600.9825 600.9775 600.9725 600.9675 600.9625 600.9575 600.9525 600.9475 600.9425 600.9375 600.8817 600.8259 600.796 600.79 600.785 600.78 600.775 600.77 600.765 600.76 600.755 600.3747 600.3697 600.3643 600.4535 600.4485 600.4435 600.4375 600.4325 600.4275 600.4225 600.4175 600.4125 600.4075 600.3087 600.3036 600.2986 600.2937
601.2581 601.2531 601.248 601.243 601.238 601.233 601.228 601.2231 601.2181 601.2131 601.2081 601.2031 601.1971 601.1921 601.1871 601.1821 601.1771 601.1721 601.1671 601.162 601.157 601.152 601.1854 601.2308 601.2515 601.2465 601.2405 601.2355 601.2305 601.2255 601.2205 601.2155 601.2105 601.2055 601.2005 601.1955 601.1905 601.1347 601.0789 601.061 601.0551 601.05 601.045 601.04 601.035 601.03 600.9922 600.9204 600.8892 600.8842 600.8792 600.8741 600.8691 600.8641 600.8582 600.8531 600.8481 600.8431 600.8381 600.8331 600.8282 600.8232 600.8182 600.8132 600.8082
601.5231 601.5181 601.5131 601.5081 601.5031 601.4981 601.4931 601.4881 601.4831 601.4781 601.4731 601.4681 601.4621 601.4571 601.4521 601.4471 601.4421 601.4371 601.4321 601.4271 601.4221 601.4171 601.4384 601.4838 601.5045 601.4995 601.4935 601.4885 601.4835 601.4785 601.4735 601.4685 601.4635 601.4585 601.4535 601.4485 601.4435 601.3877 601.3318 601.3261 601.3201 601.3151 601.3101 601.3051 601.3001 601.2951 601.2572 601.1855 601.1675 601.1625 601.1575 601.1525 601.1475 601.1425 601.1365 601.1315 601.1265 601.1215 601.1165 601.1115 601.1064 601.1014 601.0964 601.0914 601.0865
601.7881 601.7831 601.7781 601.7731 601.7681 601.7631 601.7581 601.7532 601.7482 601.7432 601.7382 601.7332 601.7272 601.7222 601.7172 601.7122 601.7072 601.7021 601.6971 601.6921 601.6871 601.6821 601.6914 601.7368 601.7575 601.7525 601.7465 601.7415 601.7365 601.7315 601.7265 601.7215 601.7165 601.7115 601.7065 601.7015 601.6965 601.6407 601.5957 601.5911 601.5851 601.5801 601.5751 601.5701 601.5651 601.5601 601.5223 601.4505 601.4457 601.4407 601.4357 601.4307 601.4257 601.4207 601.4147 601.4097 601.4047 601.3997 601.3947 601.3897 601.3848 601.3798 601.3748 601.3698 601.3647
602.0532 602.0482 602.0432 602.0382 602.0332 602.0282 602.0232 602.0182 602.0132 602.0082 602.0032 601.9982 601.9922 601.9872 601.9822 601.9772 601.9722 601.9672 601.9622 601.9572 601.9522 601.9472 601.9444 601.9898 602.0105 602.0055 601.9995 601.9945 601.9895 601.9845 601.9795 601.9745 601.9695 601.9645 601.9595 601.9545 601.9495 601.8937 601.8608 601.8562 601.8502 601.8452 601.8402 601.8352 601.8302 601.8252 601.7873 601.7288 601.7241 601.7191 601.7141 601.709 601.704 601.699 601.6931 601.688 601.683 601.678 601.673 601.668 601.6631 601.6581 601.6531 601.6481 601.6431
602.3182 602.3132 602.3082 602.3032 602.2982 602.2932 602.2882 602.2833 602.2783 602.2733 602.2682 602.2632 602.2573 602.2523 602.2473 602.2422 602.2372 602.2322 602.2272 602.2222 602.2172 602.2122 602.2072 602.2428 602.2635 602.2585 602.2525 602.2475 602.2425 602.2375 602.2325 602.2275 602.2225 602.2175 602.2125 602.2075 602.2025 602.1467 602.1257 602.1212 602.1152 602.1102 602.1052 602.1002 602.0952 602.0902 602.0524 602.0073 602.0024 601.9974 601.9924 601.9874 601.9824 601.9774 601.9714 601.9664 601.9614 601.9564 601.9514 601.9464 601.9413 601.9363 601.9313 601.9263 601.9214
602.5833 602.5782 602.5732 602.5683 602.5633 602.5583 602.5533 602.5483 602.5433 602.5383 602.5333 602.5283 602.5223 602.5173 602.5123 602.5073 602.5023 602.4973 602.4922 602.4872 602.4823 602.4773 602.4722 602.4958 602.5165 602.5115 602.5055 602.5005 602.4955 602.4905 602.4855 602.4805 602.4755 602.4705 602.4655 602.4605 602.4555 602.3997 602.3909 602.3863 602.3802 602.3752 602.3703 602.3653 602.3603 602.3553 602.3174 602.2856 602.2806 602.2756 602.2706 602.2656 602.2606 602.2556 602.2496 602.2446 602.2396 602.2346 602.2296 602.2246 602.2197 602.2147 602.2097 602.2047 602.1996
602.8483 602.8433 602.8383 602.8333 602.8283 602.8233 602.8183 602.8134 602.8083 602.8033 602.7983 602.7933 602.7874 602.7823 602.7773 602.7723 602.7673 602.7623 602.7573 602.7523 602.7473 602.7423 602.737 602.7488 602.7695 602.7645 602.7585 602.7535 602.7485 602.7435 602.7385 602.7335 602.7285 602.7235 602.7185 602.7135 602.7085 602.661 602.656 602.6513 602.6453 602.6403 602.6353 602.6303 602.6253 602.6203 602.5825 602.564 602.559 602.554 602.549 602.5439 602.5389 602.5339 602.528 602.5229 602.5179 602.5129 602.5079 602.5029 602.4979 602.4929 602.4879 602.4829 602.478
603.1134 603.1084 603.1034 603.0984 603.0934 603.0884 603.0834 603.0784 603.0734 603.0684 603.0634 603.0584 603.0524 603.0474 603.0424 603.0374 603.0324 603.0274 603.0224 603.0174 603.0124 603.0074 603.0021 603.0018 603.0225 603.0175 603.0115 603.0065 603.0015 602.9965 602.9915 602.9865 602.9815 602.9765 602.9715 602.9665 602.9615 602.9259 602.9211 602.9164 602.9104 602.9054 602.9004 602.8954 602.8904 602.8854 602.8475 602.8423 602.8373 602.8323 602.8273 602.8223 602.8173 602.8123 602.8063 602.8013 602.7963 602.7913 602.7863 602.7813 602.7762 602.7712 602.7662 602.7612 602.7563
603.3784 603.3734 603.3684 603.3634 603.3584 603.3534 603.3484 603.3434 603.3384 603.3334 603.3284 603.3234 603.3174 603.3124 603.3074 603.3024 603.2974 603.2924 603.2874 603.2824 603.2774 603.2724 603.2673 603.2621 603.2755 603.2705 603.2645 603.2595 603.2545 603.2495 603.2445 603.2395 603.2345 603.2295 603.2245 603.2195 603.2145 603.1912 603.1863 603.1814 603.1754 603.1704 603.1654 603.1604 603.1554 603.1504 603.1257 603.1205 603.1155 603.1105 603.1055 603.1005 603.0955 603.0905 603.0845 603.0795 603.0745 603.0695 603.0645 603.0595 603.0546 603.0496 603.0446 603.0396 603.0345
603.6435 603.6385 603.6335 603.6285 603.6235 603.6185 603.6135 603.6085 603.6035 603.5985 603.5935 603.5885 603.5825 603.5775 603.5725 603.5675 603.5625 603.5575 603.5525 603.5475 603.5425 603.5375 603.5324 603.5273 603.5285 603.5235 603.5175 603.5125 603.5074 603.5025 603.4975 603.4925 603.4875 603.4825 603.4775 603.4725 603.4675 603.4564 603.4514 603.4465 603.4405 603.4355 603.4305 603.4255 603.4205 603.4155 603.4039 603.3989 603.3939 603.3889 603.3839 603.3788 603.3738 603.3688 603.3629 603.3578 603.3528 603.3478 603.3428 603.3378 603.3328 603.3278 603.3228 603.3178 603.3129
603.796 603.791 603.786 603.781 603.776 603.771 603.766 603.761 603.756 603.751 603.746 603.741 603.735 603.73 603.725 603.72 603.715 603.71 603.705 603.7 603.695 603.69 603.685 603.68 603.675 603.67 603.664 603.659 603.654 603.649 603.644 603.639 603.634 603.629 603.624 603.619 603.614 603.609 603.604 603.599 603.593 603.588 603.583 603.578 603.573 603.568 603.563 603.558 603.553 603.548 603.543 603.538 603.533 603.528 603.522 603.517 603.512 603.507 603.502 603.497 603.492 603.487 603.482 603.477 603.472
