samples/sfe_2248/sfe_2248_v0/sfe_2248_v0/sfe_2248_v0.asc
ncols         187
nrows         82
xllcorner     100
yllcorner     83.60000000149
cellsize      0.4
NODATA_value  -9999
[rows 0 to 28 of 82, columns 0 to 64 of 187]
605.086 605.081 605.076 605.071 605.066 605.061 605.056 605.051 605.045 605.04 605.035 605.03 605.025 605.02 605.015 605.01 605.005 605 604.995 604.99 604.985 604.98 604.974 604.969 604.964 604.959 604.954 604.949 604.944 604.939 604.934 604.929 604.924 604.919 604.914 604.909 604.903 604.898 604.893 604.888 604.883 604.878 604.873 604.868 604.863 604.858 604.853 604.848 604.843 604.838 604.832 604.827 604.822 604.817 604.812 604.807 604.802 604.797 604.792 604.787 604.782 604.777 604.772 604.767 604.761
605.046 605.041 605.036 605.031 605.026 605.021 605.016 605.011 605.005 605 604.995 604.99 604.985 604.98 604.975 604.97 604.965 604.96 604.955 604.95 604.945 604.94 604.934 604.929 604.924 604.919 604.914 604.909 604.904 604.899 604.894 604.889 604.884 604.879 604.874 604.869 604.863 604.858 604.853 604.848 604.843 604.838 604.833 604.828 604.823 604.818 604.813 604.808 604.803 604.798 604.792 604.787 604.782 604.777 604.772 604.767 604.762 604.757 604.752 604.747 604.742 604.737 604.732 604.727 604.721
605.006 605.001 604.996 604.991 604.986 604.981 604.976 604.971 604.965 604.96 604.955 604.95 604.945 604.94 604.935 604.9301 604.925 604.92 604.915 604.91 604.905 604.9 604.894 604.889 604.884 604.879 604.874 604.869 604.864 604.859 604.854 604.849 604.844 604.8391 604.834 604.829 604.823 604.8181 604.813 604.808 604.803 604.798 604.793 604.788 604.783 604.778 604.773 604.768 604.763 604.758 604.752 604.747 604.742 604.737 604.732 604.7271 604.722 604.717 604.712 604.707 604.702 604.697 604.692 604.687 604.681
604.966 604.961 604.956 604.951 604.946 604.941 604.936 604.931 604.925 604.92 604.915 604.91 604.905 604.9 604.895 604.89 604.885 604.88 604.875 604.87 604.865 604.86 604.854 604.849 604.844 604.839 604.834 604.829 604.824 604.819 604.814 604.809 604.804 604.799 604.794 604.789 604.783 604.778 604.773 604.768 604.763 604.758 604.753 604.748 604.743 604.738 604.733 604.728 604.723 604.718 604.712 604.707 604.702 604.697 604.692 604.687 604.682 604.677 604.672 604.667 604.662 604.657 604.652 604.647 604.641
604.926 604.921 604.916 604.911 604.906 604.901 604.896 604.891 604.885 604.88 604.875 604.87 604.865 604.86 604.855 604.85 604.845 604.84 604.835 604.83 604.825 604.82 604.814 604.809 604.804 604.799 604.794 604.789 604.784 604.779 604.774 604.769 604.764 604.759 604.754 604.749 604.743 604.738 604.733 604.728 604.723 604.718 604.713 604.708 604.703 604.698 604.693 604.688 604.683 604.678 604.672 604.667 604.662 604.657 604.652 604.647 604.642 604.637 604.632 604.627 604.622 604.617 604.612 604.607 604.601
604.886 604.881 604.876 604.871 604.866 604.861 604.856 604.851 604.845 604.84 604.835 604.83 604.825 604.82 604.815 604.8101 604.8051 604.8 604.795 604.79 604.785 604.78 604.774 604.769 604.764 604.759 604.754 604.749 604.744 604.739 604.734 604.729 604.724 604.7191 604.7141 604.709 604.703 604.6981 604.6931 604.688 604.683 604.678 604.673 604.668 604.663 604.658 604.653 604.648 604.643 604.638 604.632 604.627 604.622 604.617 604.612 604.6071 604.6021 604.597 604.592 604.587 604.582 604.577 604.572 604.567 604.561
604.846 604.841 604.836 604.831 604.826 604.821 604.816 604.811 604.805 604.8 604.795 604.79 604.785 604.78 604.775 604.77 604.765 604.76 604.755 604.75 604.745 604.74 604.734 604.729 604.724 604.719 604.714 604.709 604.704 604.699 604.694 604.689 604.684 604.679 604.674 604.669 604.663 604.658 604.653 604.648 604.643 604.638 604.633 604.628 604.623 604.618 604.613 604.608 604.603 604.598 604.592 604.587 604.582 604.577 604.572 604.567 604.562 604.557 604.552 604.547 604.542 604.537 604.532 604.527 604.521
604.806 604.801 604.796 604.791 604.786 604.781 604.776 604.771 604.765 604.76 604.755 604.75 604.745 604.74 604.735 604.73 604.725 604.72 604.715 604.71 604.705 604.7 604.694 604.689 604.684 604.679 604.674 604.669 604.664 604.659 604.654 604.649 604.644 604.639 604.634 604.629 604.623 604.618 604.613 604.608 604.603 604.598 604.593 604.588 604.583 604.578 604.573 604.568 604.563 604.558 604.552 604.547 604.542 604.537 604.532 604.527 604.522 604.517 604.512 604.507 604.502 604.497 604.492 604.487 604.481
604.766 604.761 604.756 604.751 604.746 604.741 604.736 604.731 604.725 604.72 604.715 604.71 604.705 604.7 604.6949 604.69 604.685 604.68 604.675 604.67 604.665 604.66 604.654 604.649 604.644 604.639 604.634 604.629 604.624 604.619 604.614 604.6089 604.6039 604.599 604.594 604.589 604.5829 604.578 604.573 604.568 604.563 604.558 604.553 604.548 604.543 604.538 604.533 604.528 604.5229 604.5179 604.512 604.507 604.502 604.4969 604.4919 604.487 604.482 604.477 604.472 604.467 604.462 604.457 604.452 604.447 604.441
604.726 604.721 604.716 604.711 604.706 604.701 604.696 604.691 604.685 604.68 604.675 604.67 604.665 604.66 604.655 604.65 604.645 604.64 604.635 604.63 604.625 604.62 604.614 604.609 604.604 604.599 604.594 604.589 604.584 604.579 604.574 604.569 604.564 604.559 604.554 604.549 604.543 604.538 604.533 604.528 604.523 604.518 604.513 604.508 604.503 604.498 604.493 604.488 604.483 604.478 604.472 604.467 604.462 604.457 604.452 604.447 604.442 604.437 604.432 604.427 604.422 604.417 604.412 604.407 604.401
604.686 604.681 604.676 604.671 604.666 604.661 604.656 604.651 604.645 604.64 604.635 604.63 604.625 604.62 604.615 604.61 604.605 604.6 604.595 604.59 604.585 604.58 604.574 604.569 604.564 604.559 604.554 604.549 604.544 604.539 604.534 604.529 604.524 604.519 604.514 604.509 604.503 604.498 604.493 604.488 604.483 604.478 604.473 604.468 604.463 604.458 604.453 604.448 604.443 604.438 604.432 604.427 604.422 604.417 604.412 604.407 604.402 604.397 604.392 604.387 604.382 604.377 604.372 604.367 604.361
604.646 604.641 604.636 604.631 604.626 604.621 604.616 604.611 604.605 604.6 604.595 604.59 604.585 604.58 604.575 604.57 604.565 604.56 604.555 604.55 604.545 604.54 604.534 604.529 604.524 604.519 604.514 604.509 604.504 604.499 604.494 604.489 604.4839 604.479 604.474 604.469 604.463 604.458 604.453 604.448 604.443 604.438 604.433 604.428 604.423 604.418 604.413 604.408 604.403 604.3979 604.392 604.387 604.382 604.377 604.3719 604.367 604.362 604.357 604.352 604.347 604.342 604.337 604.332 604.327 604.321
604.606 604.601 604.596 604.591 604.586 604.581 604.576 604.571 604.565 604.56 604.555 604.55 604.545 604.54 604.535 604.53 604.525 604.52 604.515 604.51 604.505 604.5 604.494 604.489 604.484 604.479 604.474 604.469 604.464 604.459 604.454 604.449 604.444 604.439 604.434 604.429 604.423 604.418 604.413 604.408 604.403 604.398 604.393 604.388 604.383 604.378 604.373 604.368 604.363 604.358 604.352 604.347 604.342 604.337 604.332 604.327 604.322 604.317 604.312 604.307 604.302 604.297 604.292 604.287 604.281
604.566 604.561 604.556 604.551 604.546 604.541 604.536 604.531 604.525 604.52 604.515 604.51 604.505 604.5 604.495 604.4901 604.485 604.48 604.475 604.47 604.465 604.46 604.454 604.449 604.444 604.439 604.434 604.429 604.424 604.419 604.414 604.409 604.404 604.399 604.394 604.389 604.383 604.3781 604.373 604.368 604.363 604.358 604.353 604.348 604.343 604.338 604.333 604.328 604.323 604.318 604.312 604.307 604.302 604.297 604.292 604.287 604.282 604.277 604.272 604.267 604.262 604.257 604.252 604.247 604.241
604.526 604.521 604.516 604.511 604.506 604.501 604.496 604.491 604.485 604.48 604.475 604.47 604.465 604.46 604.455 604.45 604.445 604.44 604.435 604.43 604.425 604.42 604.414 604.409 604.404 604.399 604.394 604.389 604.384 604.379 604.374 604.369 604.364 604.359 604.354 604.349 604.343 604.338 604.333 604.328 604.323 604.318 604.313 604.308 604.303 604.298 604.293 604.288 604.283 604.278 604.272 604.267 604.262 604.257 604.252 604.247 604.242 604.237 604.232 604.227 604.222 604.217 604.212 604.207 604.201
604.486 604.481 604.476 604.471 604.466 604.461 604.456 604.451 604.445 604.44 604.435 604.43 604.425 604.42 604.415 604.41 604.405 604.4 604.395 604.39 604.385 604.38 604.374 604.369 604.364 604.359 604.354 604.349 604.344 604.339 604.334 604.329 604.324 604.319 604.314 604.309 604.303 604.298 604.293 604.288 604.283 604.278 604.273 604.268 604.263 604.258 604.253 604.248 604.243 604.238 604.232 604.227 604.222 604.217 604.212 604.207 604.202 604.197 604.192 604.187 604.182 604.177 604.172 604.167 604.161
604.446 604.441 604.436 604.431 604.426 604.421 604.416 604.411 604.405 604.4 604.395 604.39 604.385 604.38 604.375 604.3701 604.3651 604.36 604.355 604.35 604.345 604.34 604.334 604.329 604.324 604.319 604.314 604.309 604.304 604.299 604.294 604.289 604.284 604.2791 604.274 604.269 604.263 604.2581 604.2531 604.248 604.243 604.238 604.233 604.228 604.223 604.218 604.213 604.208 604.203 604.198 604.192 604.187 604.182 604.177 604.172 604.1671 604.162 604.157 604.152 604.147 604.142 604.137 604.132 604.127 604.121
604.406 604.401 604.396 604.391 604.386 604.381 604.376 604.371 604.365 604.36 604.355 604.35 604.345 604.34 604.335 604.33 604.325 604.32 604.315 604.31 604.305 604.3 604.294 604.289 604.284 604.279 604.274 604.269 604.264 604.259 604.254 604.249 604.244 604.239 604.234 604.229 604.223 604.218 604.213 604.208 604.203 604.198 604.193 604.188 604.183 604.178 604.173 604.168 604.163 604.158 604.152 604.147 604.142 604.137 604.132 604.127 604.122 604.117 604.112 604.107 604.102 604.097 604.092 604.087 604.081
604.366 604.361 604.356 604.351 604.346 604.341 604.336 604.331 604.325 604.32 604.315 604.31 604.305 604.3 604.295 604.29 604.285 604.28 604.275 604.27 604.265 604.26 604.254 604.249 604.244 604.239 604.234 604.229 604.224 604.219 604.214 604.209 604.204 604.199 604.194 604.189 604.183 604.178 604.173 604.168 604.163 604.158 604.153 604.148 604.143 604.138 604.133 604.128 604.123 604.118 604.112 604.107 604.102 604.097 604.092 604.087 604.082 604.077 604.072 604.067 604.062 604.057 604.052 604.047 604.041
604.326 604.321 604.316 604.311 604.306 604.301 604.296 604.291 604.285 604.28 604.275 604.27 604.265 604.2599 604.2549 604.25 604.245 604.24 604.235 604.23 604.225 604.22 604.214 604.209 604.204 604.199 604.194 604.189 604.184 604.179 604.174 604.1689 604.1639 604.159 604.154 604.149 604.1429 604.138 604.133 604.128 604.123 604.118 604.113 604.108 604.103 604.098 604.093 604.088 604.0829 604.0779 604.072 604.067 604.062 604.0569 604.0519 604.047 604.042 604.037 604.032 604.027 604.022 604.017 604.012 604.007 604.001
604.286 604.281 604.276 604.271 604.266 604.261 604.256 604.251 604.245 604.24 604.235 604.23 604.225 604.22 604.215 604.21 604.205 604.2 604.195 604.19 604.185 604.18 604.174 604.169 604.164 604.159 604.154 604.149 604.144 604.139 604.134 604.129 604.124 604.119 604.114 604.109 604.103 604.098 604.093 604.088 604.083 604.078 604.073 604.068 604.063 604.058 604.053 604.048 604.043 604.038 604.032 604.027 604.022 604.017 604.012 604.007 604.002 603.997 603.992 603.987 603.982 603.977 603.972 603.967 603.961
604.246 604.241 604.236 604.231 604.226 604.221 604.216 604.211 604.205 604.2 604.195 604.19 604.185 604.18 604.175 604.17 604.165 604.16 604.155 604.15 604.145 604.14 604.134 604.129 604.124 604.119 604.114 604.109 604.104 604.099 604.094 604.089 604.084 604.079 604.074 604.069 604.063 604.058 604.053 604.048 604.043 604.038 604.033 604.028 604.023 604.018 604.013 604.008 604.003 603.998 603.992 603.987 603.982 603.977 603.972 603.967 603.962 603.957 603.952 603.947 603.942 603.937 603.932 603.927 603.921
604.206 604.201 604.196 604.191 604.186 604.181 604.176 604.171 604.165 604.16 604.155 604.15 604.145 604.14 604.1349 604.13 604.125 604.12 604.115 604.11 604.105 604.1 604.094 604.089 604.084 604.079 604.074 604.069 604.064 604.059 604.054 604.049 604.0439 604.039 604.034 604.029 604.0229 604.018 604.013 604.008 604.003 603.998 603.993 603.988 603.983 603.978 603.973 603.968 603.963 603.9579 603.952 603.947 603.942 603.937 603.9319 603.927 603.922 603.917 603.912 603.907 603.902 603.897 603.892 603.887 603.881
604.166 604.161 604.156 604.151 604.146 604.141 604.136 604.131 604.125 604.12 604.115 604.11 604.105 604.1 604.095 604.09 604.085 604.08 604.075 604.07 604.065 604.06 604.054 604.049 604.044 604.039 604.034 604.029 604.024 604.019 604.014 604.009 604.004 603.999 603.994 603.989 603.983 603.978 603.973 603.968 603.963 603.958 603.953 603.948 603.943 603.938 603.933 603.928 603.923 603.918 603.912 603.907 603.902 603.897 603.892 603.887 603.882 603.877 603.872 603.867 603.862 603.857 603.852 603.847 603.841
604.126 604.121 604.116 604.111 604.106 604.101 604.096 604.091 604.085 604.08 604.075 604.07 604.065 604.06 604.055 604.05 604.045 604.04 604.035 604.03 604.025 604.02 604.014 604.009 604.004 603.999 603.994 603.989 603.984 603.979 603.974 603.969 603.964 603.959 603.954 603.949 603.943 603.938 603.933 603.928 603.923 603.918 603.913 603.908 603.903 603.898 603.893 603.888 603.883 603.878 603.872 603.867 603.862 603.857 603.852 603.847 603.842 603.837 603.832 603.827 603.822 603.817 603.812 603.807 603.801
603.9514 603.9464 603.9414 603.9272 603.9223 603.9173 603.9123 603.9073 603.9013 603.8963 603.8913 603.8863 603.8813 603.8763 603.8713 603.8663 603.8613 603.8563 603.8513 603.8554 603.8504 603.8454 603.8395 603.8345 603.8375 603.8325 603.8275 603.8226 603.8248 603.8198 603.8148 603.8098 603.8048 603.7999 603.7949 603.7899 603.7838 603.7789 603.7739 603.7689 603.7639 603.7589 603.7538 603.7488 603.7438 603.7388 603.7338 603.7288 603.7238 603.7188 603.7128 603.7078 603.7028 603.6978 603.6928 603.6879 603.6829 603.6779 603.6729 603.6678 603.6628 603.6578 603.6528 603.6478 603.6485
603.6422 603.6372 603.6322 603.5997 603.5948 603.5898 603.5849 603.5799 603.5739 603.5688 603.5638 603.5589 603.5539 603.5489 603.5439 603.5389 603.5339 603.5289 603.5237 603.5462 603.5412 603.5362 603.5303 603.5255 603.5446 603.5396 603.5345 603.5297 603.5466 603.5416 603.5366 603.5316 603.5266 603.5215 603.5165 603.5115 603.5056 603.5005 603.4955 603.4905 603.4855 603.4805 603.4755 603.4705 603.4655 603.4605 603.4556 603.4506 603.4456 603.4406 603.4345 603.4296 603.4246 603.4196 603.4146 603.4095 603.4045 603.3995 603.3945 603.3895 603.3845 603.3795 603.3744 603.3693 603.3834
603.3329 603.3279 603.3229 603.2722 603.2675 603.2625 603.2574 603.2524 603.2465 603.2415 603.2365 603.2314 603.2264 603.2214 603.2164 603.2115 603.2065 603.2015 603.1962 603.2369 603.2319 603.2269 603.2213 603.2205 603.2516 603.2466 603.2416 603.2369 603.2682 603.2632 603.2582 603.2532 603.2482 603.2433 603.2383 603.2333 603.2272 603.2223 603.2173 603.2123 603.2073 603.2023 603.1973 603.1923 603.1873 603.1823 603.1772 603.1722 603.1672 603.1622 603.1563 603.1512 603.1462 603.1412 603.1362 603.1313 603.1263 603.1213 603.1163 603.1113 603.1063 603.1013 603.096 603.0908 603.1184
603.0237 603.0187 603.0137 602.9449 602.9401 602.9351 602.9301 602.925 602.9191 602.9141 602.9091 602.9041 602.899 602.894 602.889 602.8841 602.8791 602.8741 602.8689 602.9277 602.9227 602.9177 602.9121 602.9276 602.9587 602.9537 602.9487 602.9439 602.9899 602.9849 602.9799 602.9749 602.9699 602.965 602.96 602.955 602.9489 602.944 602.939 602.934 602.929 602.924 602.9189 602.9139 602.9089 602.9039 602.8989 602.8939 602.8889 602.8839 602.8779 602.8729 602.8679 602.8629 602.8579 602.853 602.848 602.843 602.838 602.8329 602.8279 602.8229 602.8176 602.8257 602.8533
