samples/sfe_2248/sfe_2248_v0/sfe_2248_v0/sfe_2248_v0.asc
ncols         187
nrows         82
xllcorner     100
yllcorner     83.60000000149
cellsize      0.4
NODATA_value  -9999
[rows 29 to 57 of 82, columns 0 to 64 of 187]
602.7145 602.7095 602.7045 602.6222 602.6126 602.6076 602.6027 602.5977 602.5916 602.5866 602.5816 602.5767 602.5717 602.5667 602.5616 602.5566 602.5516 602.5466 602.5462 602.6185 602.6135 602.6085 602.603 602.6346 602.6657 602.6607 602.6557 602.6508 602.7117 602.7067 602.7017 602.6967 602.6917 602.6866 602.6816 602.6766 602.6707 602.6656 602.6606 602.6556 602.6506 602.6456 602.6406 602.6356 602.6306 602.6256 602.6207 602.6157 602.6107 602.6057 602.5996 602.5947 602.5897 602.5847 602.5797 602.5746 602.5696 602.5646 602.5596 602.5546 602.5496 602.5446 602.5392 602.5607 602.5883
602.4053 602.4003 602.3953 602.313 602.2852 602.2802 602.2753 602.2703 602.2642 602.2592 602.2542 602.2493 602.2443 602.2393 602.2343 602.2292 602.2242 602.2192 602.237 602.3093 602.3043 602.2993 602.2936 602.3417 602.3728 602.3678 602.3628 602.3688 602.4333 602.4283 602.4233 602.4183 602.4133 602.4084 602.4034 602.3984 602.3923 602.3874 602.3824 602.3774 602.3724 602.3674 602.3624 602.3574 602.3524 602.3474 602.3423 602.3373 602.3323 602.3273 602.3214 602.3163 602.3113 602.3063 602.3013 602.2964 602.2914 602.2864 602.2814 602.2764 602.2714 602.2664 602.2609 602.2956 602.3232
602.0961 602.0911 602.0861 602.0037 601.9578 601.9528 601.9478 601.9428 601.9368 601.9318 601.9268 601.9218 601.9168 601.9118 601.9068 601.9019 601.8969 601.8918 601.9277 602.0001 601.9951 601.9901 601.9845 602.0487 602.0798 602.0748 602.0698 602.0905 602.1551 602.1501 602.1451 602.1401 602.1351 602.1301 602.1251 602.1201 602.1141 602.1091 602.1041 602.0991 602.0941 602.0891 602.084 602.079 602.074 602.069 602.0641 602.0591 602.0541 602.0491 602.043 602.0381 602.0331 602.0281 602.0231 602.0181 602.0131 602.0081 602.0031 601.998 601.993 601.988 601.9827 602.0305 602.0582
601.7868 601.7819 601.7769 601.6945 601.6304 601.6254 601.6204 601.6154 601.6094 601.6044 601.5994 601.5944 601.5894 601.5844 601.5794 601.5744 601.5694 601.5644 601.6185 601.6909 601.6858 601.6808 601.6875 601.7557 601.7869 601.7819 601.7769 601.8122 601.8768 601.8718 601.8668 601.8618 601.8568 601.8517 601.8467 601.8417 601.8358 601.8307 601.8257 601.8207 601.8157 601.8107 601.8057 601.8007 601.7957 601.7907 601.7858 601.7808 601.7758 601.7708 601.7647 601.7598 601.7548 601.7498 601.7448 601.7397 601.7347 601.7297 601.7247 601.7197 601.7147 601.7097 601.7042 601.7655 601.7932
601.4776 601.4726 601.4676 601.3853 601.303 601.298 601.293 601.288 601.282 601.277 601.272 601.267 601.262 601.257 601.252 601.247 601.242 601.237 601.3093 601.3816 601.3766 601.3716 601.3946 601.4628 601.494 601.489 601.4839 601.5339 601.5984 601.5934 601.5884 601.5834 601.5784 601.5735 601.5685 601.5635 601.5574 601.5525 601.5475 601.5425 601.5375 601.5325 601.5275 601.5225 601.5175 601.5125 601.5074 601.5024 601.4974 601.4924 601.4865 601.4814 601.4764 601.4714 601.4664 601.4615 601.4565 601.4515 601.4465 601.4415 601.4365 601.4315 601.4392 601.5004 601.5281
601.1622 601.1303 601.1253 601.1203 601.0882 600.9763 600.9713 600.9663 600.9603 600.9553 600.9503 600.9453 600.9406 600.9755 600.9705 600.9655 600.9605 601.049 601.0712 601.0662 601.0612 601.0667 601.211 601.206 601.201 601.196 601.191 601.2556 601.3202 601.3152 601.3102 601.3052 601.3002 601.2952 601.2902 601.2852 601.2792 601.2742 601.2692 601.2642 601.2592 601.2542 601.2491 601.2441 601.2391 601.2341 601.2292 601.2242 601.2192 601.2142 601.2081 601.2032 601.1982 601.1932 601.1882 601.1832 601.1782 601.1732 601.1682 601.1631 601.1581 601.1531 601.1741 601.2354 601.2631
600.8405 600.755 600.75 600.745 600.7395 600.6545 600.6496 600.6446 600.6385 600.6335 600.6285 600.6236 600.619 600.694 600.689 600.684 600.679 600.754 600.7495 600.7444 600.7394 600.7662 600.8357 600.8307 600.8257 600.8207 600.91 600.9045 600.8995 600.8945 600.8895 600.8845 600.7853 600.7807 600.7757 600.7707 600.7646 600.7596 600.7547 600.7497 600.7447 600.7397 600.7347 600.7293 600.8185 600.8135 600.8085 600.8035 600.7985 600.7935 600.7875 600.689 600.6837 600.6786 600.6736 600.6687 600.6637 600.6587 600.6537 600.6487 600.6437 600.6387 601.009 601.004 600.998
600.5187 600.4062 600.3747 600.3697 600.3645 600.3328 600.3279 600.3229 600.3168 600.3118 600.3068 600.3019 600.324 600.4125 600.4075 600.4025 600.3975 600.4324 600.4277 600.4227 600.4177 600.4657 600.4603 600.4553 600.4503 600.4453 600.4877 600.3415 600.3365 600.3315 600.3265 600.3215 600.1752 600.03 600.025 600.02 600.014 600.009 600.004 599.999 599.994 599.989 599.984 600.1193 600.2555 600.2505 600.2455 600.2405 600.2355 600.2305 600.2245 600.0792 599.933 599.928 599.923 599.918 599.913 599.908 599.903 599.898 599.893 599.888 599.883 599.878 600.2473
600.197 600.192 600.099 600.093 600.083 600.073 600.064 600.054 600.045 600.036 600.059 600.049 600.136 600.131 600.126 600.121 600.116 600.111 600.106 600.101 600.096 600.091 600.085 600.08 600.075 600.07 600.065 599.896 599.886 599.849 599.844 599.834 599.824 599.814 599.805 599.771 599.766 599.756 599.746 599.736 599.726 599.716 599.725 599.715 599.705 599.695 599.705 599.695 599.685 599.655 599.645 599.635 599.624 599.59 599.585 599.574 599.563 599.551 599.54 599.528 599.515 599.503 599.512 599.5 599.488
600.065 600.059 600.048 600.037 599.999 599.994 599.985 599.976 599.991 599.983 599.975 599.967 599.96 599.952 599.967 599.959 599.951 599.942 599.909 599.905 599.897 599.888 599.88 599.871 599.862 599.853 599.844 599.835 599.826 599.816 599.807 599.782 599.773 599.764 599.754 599.744 599.735 599.725 599.715 599.705 599.695 599.686 599.676 599.666 599.67 599.66 599.65 599.641 599.631 599.621 599.592 599.587 599.576 599.566 599.555 599.543 599.532 599.52 599.507 599.494 599.481 599.467 599.452 599.438 599.423
600.015 600.002 599.99 599.979 599.968 599.959 599.95 599.942 599.934 599.927 599.92 599.914 599.908 599.901 599.895 599.889 599.882 599.875 599.868 599.861 599.853 599.846 599.838 599.83 599.821 599.813 599.804 599.796 599.787 599.778 599.769 599.759 599.75 599.741 599.731 599.722 599.712 599.703 599.693 599.683 599.674 599.664 599.654 599.644 599.634 599.625 599.615 599.605 599.595 599.586 599.576 599.565 599.555 599.544 599.52 599.514 599.502 599.489 599.476 599.462 599.447 599.441 599.426 599.41 599.394
599.989 599.976 599.963 599.952 599.942 599.932 599.924 599.916 599.909 599.902 599.896 599.89 599.884 599.878 599.873 599.867 599.861 599.854 599.848 599.841 599.834 599.826 599.819 599.811 599.803 599.795 599.786 599.778 599.769 599.76 599.751 599.742 599.733 599.724 599.715 599.705 599.696 599.686 599.676 599.667 599.657 599.647 599.638 599.628 599.618 599.608 599.599 599.589 599.579 599.57 599.56 599.549 599.539 599.528 599.517 599.505 599.493 599.48 599.466 599.452 599.437 599.422 599.406 599.389 599.369
599.989 599.976 599.963 599.952 599.942 599.932 599.924 599.916 599.909 599.902 599.896 599.89 599.884 599.878 599.873 599.867 599.861 599.854 599.848 599.841 599.834 599.826 599.819 599.811 599.803 599.795 599.786 599.778 599.769 599.76 599.751 599.742 599.733 599.724 599.715 599.705 599.696 599.686 599.676 599.667 599.657 599.647 599.638 599.628 599.618 599.608 599.599 599.589 599.579 599.57 599.56 599.549 599.539 599.528 599.517 599.505 599.493 599.48 599.466 599.452 599.437 599.422 599.406 599.389 599.369
600.015 600.002 599.99 599.979 599.968 599.959 599.95 599.942 599.934 599.927 599.92 599.914 599.908 599.901 599.895 599.889 599.882 599.875 599.868 599.861 599.853 599.846 599.838 599.83 599.821 599.813 599.804 599.796 599.787 599.778 599.769 599.759 599.75 599.741 599.731 599.722 599.712 599.703 599.693 599.683 599.674 599.664 599.654 599.644 599.634 599.625 599.615 599.605 599.595 599.586 599.576 599.565 599.555 599.544 599.52 599.514 599.502 599.489 599.476 599.462 599.447 599.441 599.426 599.41 599.394
600.065 600.059 600.048 600.037 599.999 599.994 599.985 599.976 599.991 599.983 599.975 599.967 599.96 599.952 599.967 599.959 599.951 599.942 599.909 599.905 599.897 599.888 599.88 599.871 599.862 599.853 599.844 599.835 599.826 599.816 599.807 599.782 599.773 599.764 599.754 599.744 599.735 599.725 599.715 599.705 599.695 599.686 599.676 599.666 599.67 599.66 599.65 599.641 599.631 599.621 599.592 599.587 599.576 599.566 599.555 599.543 599.532 599.52 599.507 599.494 599.481 599.467 599.452 599.438 599.423
600.197 600.192 600.099 600.093 600.083 600.073 600.064 600.054 600.045 600.036 600.059 600.049 600.136 600.131 600.126 600.121 600.116 600.111 600.106 600.101 600.096 600.091 600.085 600.08 600.075 600.07 600.065 599.896 599.886 599.849 599.844 599.834 599.824 599.814 599.805 599.771 599.766 599.756 599.746 599.736 599.726 599.716 599.725 599.715 599.705 599.695 599.705 599.695 599.685 599.655 599.645 599.635 599.624 599.59 599.585 599.574 599.563 599.551 599.54 599.528 599.515 599.503 599.512 599.5 599.488
600.5187 600.4062 600.3747 600.3697 600.3645 600.3328 600.3279 600.3229 600.3168 600.3118 600.3068 600.3019 600.324 600.4125 600.4075 600.4025 600.3975 600.4324 600.4277 600.4227 600.4177 600.4286 600.4603 600.4553 600.4503 600.4453 600.347 600.3415 600.3365 600.3315 600.3265 600.3215 600.1752 600.03 600.025 600.02 600.014 600.009 600.004 599.999 599.994 599.989 599.984 600.1193 600.2555 600.2505 600.2455 600.2405 600.2355 600.2305 600.2245 600.0792 599.933 599.928 599.923 599.918 599.913 599.908 599.903 599.898 599.893 599.888 599.883 599.878 600.2473
600.8405 600.755 600.75 600.745 600.7395 600.6545 600.6496 600.6446 600.6385 600.6335 600.6285 600.6236 600.619 600.694 600.689 600.684 600.679 600.754 600.7495 600.7444 600.7394 600.7662 600.8357 600.8307 600.8257 600.8207 600.7692 600.9045 600.8995 600.8945 600.8895 600.8845 600.7853 600.7807 600.7757 600.7707 600.7646 600.7596 600.7547 600.7497 600.7447 600.7397 600.7347 600.7293 600.8185 600.8135 600.8085 600.8035 600.7985 600.7935 600.7875 600.689 600.6837 600.6786 600.6736 600.6687 600.6637 600.6587 600.6537 600.6487 600.6437 600.6387 601.009 601.004 600.998
601.1622 601.1303 601.1253 601.1203 601.0882 600.9763 600.9713 600.9663 600.9603 600.9553 600.9503 600.9453 600.9406 600.9755 600.9705 600.9655 600.9605 601.049 601.0712 601.0662 601.0612 601.1038 601.211 601.206 601.201 601.196 601.191 601.2556 601.3202 601.3152 601.3102 601.3052 601.3002 601.2952 601.2902 601.2852 601.2792 601.2742 601.2692 601.2642 601.2592 601.2542 601.2491 601.2441 601.2391 601.2341 601.2292 601.2242 601.2192 601.2142 601.2081 601.2032 601.1982 601.1932 601.1882 601.1832 601.1782 601.1732 601.1682 601.1631 601.1581 601.1531 601.1741 601.2354 601.2631
601.4776 601.4726 601.4676 601.3853 601.303 601.298 601.293 601.288 601.282 601.277 601.272 601.267 601.262 601.257 601.252 601.247 601.242 601.237 601.3093 601.3816 601.3766 601.3716 601.3946 601.4628 601.494 601.489 601.4839 601.5339 601.5984 601.5934 601.5884 601.5834 601.5784 601.5735 601.5685 601.5635 601.5574 601.5525 601.5475 601.5425 601.5375 601.5325 601.5275 601.5225 601.5175 601.5125 601.5074 601.5024 601.4974 601.4924 601.4865 601.4814 601.4764 601.4714 601.4664 601.4615 601.4565 601.4515 601.4465 601.4415 601.4365 601.4315 601.4392 601.5004 601.5281
601.7869 601.7818 601.7768 601.6945 601.6304 601.6254 601.6204 601.6154 601.6094 601.6044 601.5994 601.5944 601.5894 601.5844 601.5794 601.5744 601.5694 601.5644 601.6185 601.6908 601.6859 601.6808 601.6875 601.7557 601.7869 601.7819 601.7769 601.8122 601.8768 601.8718 601.8668 601.8618 601.8568 601.8517 601.8467 601.8417 601.8358 601.8307 601.8257 601.8207 601.8157 601.8107 601.8057 601.8007 601.7957 601.7907 601.7858 601.7808 601.7758 601.7708 601.7647 601.7598 601.7548 601.7498 601.7448 601.7397 601.7347 601.7297 601.7247 601.7197 601.7147 601.7097 601.7042 601.7655 601.7932
602.0961 602.0911 602.0861 602.0037 601.9578 601.9528 601.9478 601.9428 601.9368 601.9318 601.9268 601.9218 601.9168 601.9118 601.9068 601.9019 601.8969 601.8918 601.9277 602.0001 601.9951 601.9901 601.9845 602.0487 602.0798 602.0748 602.0698 602.0905 602.1551 602.1501 602.1451 602.1401 602.1351 602.1301 602.1251 602.1201 602.1141 602.1091 602.1041 602.0991 602.0941 602.0891 602.084 602.079 602.074 602.069 602.0641 602.0591 602.0541 602.0491 602.043 602.0381 602.0331 602.0281 602.0231 602.0181 602.0131 602.0081 602.0031 601.998 601.993 601.988 601.9827 602.0305 602.0582
602.4053 602.4003 602.3953 602.313 602.2852 602.2802 602.2753 602.2703 602.2642 602.2592 602.2542 602.2493 602.2443 602.2393 602.2343 602.2292 602.2242 602.2192 602.237 602.3093 602.3043 602.2993 602.2936 602.3417 602.3728 602.3678 602.3628 602.3688 602.4333 602.4283 602.4233 602.4183 602.4133 602.4084 602.4034 602.3984 602.3923 602.3874 602.3824 602.3774 602.3724 602.3674 602.3624 602.3574 602.3524 602.3474 602.3423 602.3373 602.3323 602.3273 602.3214 602.3163 602.3113 602.3063 602.3013 602.2964 602.2914 602.2864 602.2814 602.2764 602.2714 602.2664 602.2609 602.2956 602.3232
602.7145 602.7095 602.7045 602.6222 602.6126 602.6076 602.6027 602.5977 602.5916 602.5866 602.5816 602.5767 602.5717 602.5667 602.5616 602.5566 602.5516 602.5466 602.5462 602.6185 602.6135 602.6085 602.603 602.6346 602.6657 602.6607 602.6557 602.6508 602.7117 602.7067 602.7017 602.6967 602.6917 602.6866 602.6816 602.6766 602.6707 602.6656 602.6606 602.6556 602.6506 602.6456 602.6406 602.6356 602.6306 602.6256 602.6207 602.6157 602.6107 602.6057 602.5996 602.5947 602.5897 602.5847 602.5797 602.5746 602.5696 602.5646 602.5596 602.5546 602.5496 602.5446 602.5392 602.5607 602.5883
603.0237 603.0187 603.0137 602.9449 602.9401 602.9351 602.9301 602.925 602.9191 602.9141 602.9091 602.9041 602.899 602.894 602.889 602.8841 602.8791 602.8741 602.8689 602.9277 602.9227 602.9177 602.9121 602.9276 602.9587 602.9537 602.9487 602.9439 602.9899 602.9849 602.9799 602.9749 602.9699 602.965 602.96 602.955 602.9489 602.944 602.939 602.934 602.929 602.924 602.9189 602.9139 602.9089 602.9039 602.8989 602.8939 602.8889 602.8839 602.8779 602.8729 602.8679 602.8629 602.8579 602.853 602.848 602.843 602.838 602.8329 602.8279 602.8229 602.8176 602.8257 602.8533
603.3329 603.3279 603.3229 603.2722 603.2675 603.2625 603.2574 603.2524 603.2465 603.2415 603.2365 603.2314 603.2264 603.2214 603.2164 603.2115 603.2065 603.2015 603.1962 603.2369 603.2319 603.2269 603.2213 603.2205 603.2516 603.2466 603.2416 603.2369 603.2682 603.2632 603.2582 603.2532 603.2482 603.2433 603.2383 603.2333 603.2272 603.2223 603.2173 603.2123 603.2073 603.2023 603.1973 603.1923 603.1873 603.1823 603.1772 603.1722 603.1672 603.1622 603.1563 603.1512 603.1462 603.1412 603.1362 603.1313 603.1263 603.1213 603.1163 603.1113 603.1063 603.1013 603.096 603.0908 603.1184
603.6422 603.6371 603.6321 603.5997 603.5948 603.5898 603.5849 603.5799 603.5739 603.5688 603.5638 603.5589 603.5539 603.5489 603.5439 603.5389 603.5339 603.5289 603.5237 603.5462 603.5412 603.5361 603.5303 603.5255 603.5446 603.5396 603.5345 603.5297 603.5466 603.5416 603.5366 603.5316 603.5266 603.5215 603.5165 603.5115 603.5056 603.5005 603.4955 603.4905 603.4855 603.4805 603.4755 603.4705 603.4655 603.4605 603.4556 603.4506 603.4456 603.4406 603.4345 603.4296 603.4246 603.4196 603.4146 603.4095 603.4045 603.3995 603.3945 603.3895 603.3845 603.3795 603.3744 603.3693 603.3834
603.9514 603.9464 603.9414 603.9272 603.9223 603.9173 603.9123 603.9073 603.9013 603.8963 603.8913 603.8863 603.8813 603.8763 603.8713 603.8663 603.8613 603.8563 603.8513 603.8554 603.8504 603.8454 603.8395 603.8345 603.8375 603.8325 603.8275 603.8226 603.8248 603.8198 603.8148 603.8098 603.8048 603.7999 603.7949 603.7899 603.7838 603.7789 603.7739 603.7689 603.7639 603.7589 603.7538 603.7488 603.7438 603.7388 603.7338 603.7288 603.7238 603.7188 603.7128 603.7078 603.7028 603.6978 603.6928 603.6879 603.6829 603.6779 603.6729 603.6678 603.6628 603.6578 603.6528 603.6478 603.6485
604.126 604.121 604.116 604.111 604.106 604.101 604.096 604.091 604.085 604.08 604.075 604.07 604.065 604.06 604.055 604.05 604.045 604.04 604.035 604.03 604.025 604.02 604.014 604.009 604.004 603.999 603.994 603.989 603.984 603.979 603.974 603.969 603.964 603.959 603.954 603.949 603.943 603.938 603.933 603.928 603.923 603.918 603.913 603.908 603.903 603.898 603.893 603.888 603.883 603.878 603.872 603.867 603.862 603.857 603.852 603.847 603.842 603.837 603.832 603.827 603.822 603.817 603.812 603.807 603.801
