samples/sfe_24/sfe_24_c3/sfe_24_c3/sfe_24_c3.asc
ncols         275
nrows         75
xllcorner     98.60000000149
yllcorner     70.60000000149
cellsize      0.7
NODATA_value  -9999
[rows 28 to 55 of 75, columns 0 to 63 of 275]
-9999 602.4003 600.5602 600.41 600.3077 600.4405 600.4135 600.2285 600.23 600.4302 600.655 600.5892 600.3823 600.308 600.4205 600.4473 600.4393 600.4537 600.421 600.286 600.374 600.556 600.6503 600.4725 600.3018 600.3433 600.42 600.3548 600.3378 600.4745 600.6095 600.5108 600.467 600.5167 600.5303 600.5552 600.57 600.5643 600.608 600.607 600.6013 600.6592 600.6578 600.6715 600.766 600.827 600.7308 600.6956 600.8182 600.789 600.6747 600.7508 600.843 600.9765 600.9933 600.8477 600.8158 600.9198 600.9705 601.0303 601.049 601.0712 600.9662 601.0688
-9999 602.2252 600.4473 600.4078 600.317 600.321 600.3285 600.254 600.2607 600.3348 600.4545 600.5128 600.3923 600.369 600.4548 600.4252 600.354 600.3275 600.3347 600.2605 600.2545 600.3632 600.4587 600.3155 600.1355 600.0502 600.0707 600.0413 600.0977 600.219 600.3077 600.309 600.274 600.3098 600.3678 600.3638 600.3973 600.4618 600.5074 600.5082 600.4285 600.4478 600.5822 600.5762 600.544 600.541 600.4905 600.5522 600.6823 600.623 600.5623 600.4983 600.4587 600.6492 600.8013 600.737 600.6305 600.6177 600.5902 600.8245 601.024 600.9713 600.7913 600.8472
-9999 602.05 600.2673 600.3422 600.2808 600.1585 600.2483 600.4108 600.4032 600.2473 600.182 600.316 600.349 600.3895 600.3573 600.19 600.0853 600.1165 600.1295 600.2618 600.2188 600.116 600.2277 600.193 600.0212 599.9725 600.0267 600.0182 600.0212 600.0657 600.116 600.2068 600.2385 600.176 600.1068 600.0938 600.0342 600.154 600.2955 600.2562 600.156 600.1873 600.3453 600.3205 600.1555 600.1183 600.3005 600.446 600.4998 600.4595 600.483 600.483 600.331 600.3342 600.5518 600.579 600.6298 600.5615 600.4245 600.515 600.733 600.6965 600.5258 600.6488
-9999 601.8748 600.154 600.1307 600.1055 600.0607 600.1965 600.4058 600.3925 600.1815 600.0525 600.102 600.1365 600.24 600.2572 600.087 600.0303 600.1617 600.1778 600.2377 600.148 600.011 600.1178 600.099 599.9518 600.0182 600.1017 600.1165 600.1015 600.086 600.0665 599.9943 599.981 600.0228 600.073 600.0823 599.9363 599.9462 600.13 600.177 600.0958 600.1548 600.2352 600.1193 599.9337 599.8995 600.1282 600.2603 600.1835 600.1293 600.241 600.3007 600.1925 600.088 600.183 600.248 600.3897 600.4097 600.264 600.2215 600.3475 600.3433 600.2905 600.424
-9999 601.6997 600.0182 600.02 600.0925 600.1813 600.2805 600.3453 600.2478 600.1595 600.135 600.1242 600.1195 600.2095 600.2612 600.1732 600.1755 600.2817 600.282 600.155 600.026 600.03 600.1233 600.0285 599.8572 599.9365 600.0905 600.1665 600.1688 600.0652 599.9592 599.916 599.9155 600.0048 600.139 600.1512 599.9193 599.7585 599.87 599.9548 600.0278 600.14 600.1785 600.0893 599.9412 599.8197 599.989 600.0805 599.8662 599.7663 599.971 600.1375 600.0137 599.8657 599.8455 599.8915 600.0403 600.1597 600.1672 600.0577 600.066 600.152 600.2599 600.285
-9999 601.5486 599.9227 600.1 600.267 600.2487 600.1755 600.1768 600.0608 600.1585 600.2748 600.2245 600.173 600.171 600.162 600.135 600.126 600.1235 600.0892 599.9197 599.9255 600.0933 600.1715 599.9763 599.7628 599.7197 599.9215 600.1038 600.0787 599.8825 599.772 599.871 599.9128 599.9255 599.9365 599.9205 599.8335 599.733 599.714 599.6848 599.788 599.9575 599.9988 599.9258 599.8672 599.7473 599.858 599.998 599.866 599.7913 599.939 600.0323 599.8873 599.7825 599.8492 599.864 599.8422 599.9548 600.0922 600.0302 600.0222 600.2165 600.3148 600.1852
-9999 601.4131 599.937 600.1219 600.265 600.2075 600.1122 600.057 600.041 600.1807 600.2513 600.0945 600.0255 600.0023 599.97 600.014 599.9932 599.9573 599.8878 599.8177 599.9115 600.081 600.1398 599.9233 599.7165 599.6705 599.8535 600.037 600.0103 599.8073 599.662 599.6743 599.6956 599.695 599.7057 599.7013 599.7578 599.8297 599.7947 599.65 599.695 599.829 599.775 599.662 599.62 599.6093 599.754 599.9123 599.9252 599.8837 599.9555 599.9393 599.7915 599.7527 599.9058 599.946 599.8043 599.83 599.9772 599.9193 599.9387 600.1268 600.2095 600.0372
-9999 601.2776 600.074 600.0703 600.1523 600.2167 600.2128 600.1953 600.2307 600.306 600.2285 600.0112 600.0195 600.0057 599.8578 599.8145 599.9122 599.9315 599.83 599.8668 600.0445 600.1058 599.9855 599.8163 599.7892 599.8624 599.8453 599.8165 599.8025 599.8035 599.725 599.5617 599.513 599.5925 599.717 599.7363 599.833 599.8545 599.7637 599.6905 599.692 599.6605 599.5172 599.4498 599.4448 599.4797 599.5823 599.739 599.8863 599.842 599.8387 599.8517 599.7112 599.624 599.8157 599.9318 599.811 599.668 599.7655 599.8588 599.8698 599.8978 599.8862 599.8215
-9999 601.1422 600.3282 600.2025 600.223 600.2815 600.303 600.2958 600.283 600.2765 600.1523 600.061 600.1715 600.2245 600.0693 600.0203 600.1342 600.104 599.9233 599.9092 600.0245 600.005 599.9187 599.8517 599.8905 599.9897 599.8662 599.649 599.6407 599.8213 599.8915 599.7482 599.6823 599.7098 599.7615 599.7125 599.7853 599.7437 599.6147 599.6845 599.7073 599.55 599.516 599.5862 599.5905 599.5947 599.601 599.702 599.7968 599.6695 599.6567 599.7661 599.653 599.478 599.608 599.8027 599.8333 599.7052 599.7305 599.893 599.8525 599.7115 599.715 599.8057
-9999 601.1335 600.496 600.4059 600.3735 600.2537 600.1765 600.172 600.1725 600.1693 600.1275 600.1232 600.2425 600.3342 600.2847 600.239 600.2468 600.1305 599.9495 599.8757 599.9315 599.9332 600.0027 600.0402 600.0745 600.0765 599.895 599.6677 599.6418 599.811 599.9315 599.8849 599.8358 599.742 599.6068 599.594 599.7548 599.7605 599.612 599.6935 599.736 599.6 599.654 599.7331 599.7051 599.66 599.7016 599.7785 599.7947 599.6392 599.6213 599.7395 599.623 599.459 599.582 599.7543 599.85 599.8232 599.853 599.903 599.8093 599.702 599.8045 599.927
-9999 601.2482 600.4993 600.4072 600.361 600.238 600.1727 600.1323 600.1675 600.2637 600.3707 600.338 600.267 600.3265 600.3718 600.261 600.1338 600.0452 599.9765 600.0185 600.1057 600.0735 600.0175 600.094 600.2 600.1778 599.9532 599.735 599.6848 599.7465 599.7955 599.8027 599.7698 599.6788 599.547 599.529 599.7333 599.7885 599.6325 599.707 599.829 599.7968 599.8405 599.783 599.6663 599.613 599.6277 599.7108 599.7828 599.6432 599.6232 599.737 599.6245 599.573 599.6777 599.655 599.6822 599.7346 599.8201 599.8045 599.7355 599.8315 599.9605 599.9153
604.9117 601.2512 600.542 600.5117 600.5103 600.4797 600.4773 600.402 600.335 600.4705 600.6473 600.571 600.3362 600.323 600.4042 600.2305 600.1348 600.1982 600.1845 600.1772 600.186 600.137 599.9872 600.0575 600.245 600.253 600.0307 599.8597 599.8805 599.9225 599.891 599.8707 599.8342 599.8162 599.7995 599.7912 599.8928 599.8503 599.6802 599.6572 599.7565 599.7913 599.867 599.7377 599.58 599.6025 599.6646 599.744 599.817 599.6747 599.6492 599.765 599.6487 599.668 599.766 599.6152 599.462 599.6302 599.7963 599.7183 599.7057 599.9105 600.0078 599.8265
604.6085 600.646 600.7838 600.835 600.8228 600.7705 600.7475 600.6673 600.4685 600.535 600.7057 600.6992 600.5272 600.4855 600.556 600.4205 600.3328 600.416 600.3893 600.2375 600.0908 600.0547 600.0225 600.1047 600.267 600.2858 600.0728 599.9885 600.1248 600.1625 600.146 600.118 600.087 600.0723 600.0845 600.0782 600.1075 599.9855 599.8075 599.6515 599.6428 599.6718 599.8777 599.8625 599.7368 599.818 599.8815 599.9053 599.9142 599.7795 599.7292 599.761 599.6495 599.7003 599.8085 599.6697 599.533 599.684 599.8095 599.7538 599.7475 599.9088 600.007 599.8452
604.3052 600.9022 600.9927 601.0513 600.9615 600.8127 600.8575 600.8687 600.6453 600.5755 600.6907 600.7803 600.756 600.741 600.7205 600.666 600.5265 600.4445 600.3985 600.287 600.2057 600.1497 600.157 600.1957 600.203 600.201 600.1227 600.1517 600.302 600.235 600.1895 600.2225 600.13 600.096 600.2125 600.2263 600.2003 600.1187 600.0455 599.83 599.7025 599.7382 599.927 600.0118 600.0075 600.0372 599.9315 599.8545 599.942 599.9553 599.8585 599.7327 599.6752 599.8145 599.8812 599.7433 599.7523 599.8303 599.7853 599.8353 599.8545 599.831 599.9445 599.8905
604.002 601.037 601.0055 601.0068 600.946 600.8247 600.923 601.034 600.9605 600.8475 600.8372 600.8358 600.7833 600.7728 600.751 600.7078 600.6663 600.6325 600.6205 600.5672 600.552 600.542 600.4897 600.4792 600.458 600.416 600.3862 600.4315 600.469 600.2735 600.2318 600.334 600.1689 600.07 600.1558 600.1448 600.136 600.1047 600.0815 600.0753 600.0275 600.0197 600.0278 599.9915 600.0455 600.1145 599.96 599.8257 599.883 599.9327 599.933 599.9025 599.9075 600.0153 600.0095 599.8358 599.8995 599.9645 599.8287 599.927 599.9525 599.847 599.9665 599.965
603.6988 601.0645 601.04 601.038 601.0475 601.0635 601.114 601.1925 601.234 601.189 601.0497 600.9528 600.9293 600.873 600.8062 600.7297 600.8465 600.9467 600.8948 600.856 600.8367 600.8695 600.8848 600.7857 600.7165 600.6577 600.6272 600.6057 600.5807 600.4787 600.4065 600.457 600.3795 600.2097 600.184 600.1995 600.1428 600.0757 600.052 600.2318 600.352 600.2385 600.0497 599.9553 599.9792 600.118 600.0367 599.9142 599.948 599.9237 599.9475 600.1157 600.1613 600.1927 600.0905 599.997 600.0723 600.1382 600.0373 600.081 600.0655 599.923 599.9915 600.0422
603.3955 601.293 601.2232 601.3305 601.4482 601.4738 601.3212 601.2905 601.3615 601.292 601.1757 601.2067 601.2353 601.2517 601.1458 600.9713 601.0313 601.1432 600.949 600.8232 600.964 601.0723 601.1353 600.959 600.765 600.6832 600.6917 600.646 600.5887 600.6835 600.6927 600.554 600.613 600.5465 600.405 600.5048 600.4625 600.2822 600.2545 600.449 600.4813 600.3278 600.142 600.1445 600.1502 600.163 600.157 600.1832 600.2575 600.1572 599.9835 600.11 600.288 600.2318 600.1243 600.2098 600.3272 600.2853 600.2772 600.3035 600.1868 600.011 599.9448 600.118
603.0923 601.8634 601.8409 601.7396 601.7169 601.6782 601.5784 601.5638 601.4625 601.4344 601.4078 601.4268 601.36 601.441 601.4247 601.2599 601.2548 601.3062 601.1348 600.9288 601.103 601.2863 601.3325 601.1198 600.9215 600.9567 600.9932 600.8995 600.8228 600.8915 600.9127 600.7875 600.835 600.8045 600.687 600.782 600.8105 600.6987 600.6845 600.7775 600.6265 600.465 600.484 600.5372 600.5388 600.516 600.4853 600.5537 600.5477 600.3823 600.1805 600.2012 600.3998 600.3805 600.2623 600.393 600.4265 600.3035 600.2983 600.4157 600.3335 600.1355 600.0663 600.2383
602.789 602.3632 602.3407 602.2394 602.2169 602.174 602.0742 602.0636 601.9622 601.926 601.9033 601.802 601.7794 601.7384 601.6387 601.6335 601.553 601.4885 601.466 601.45 601.3832 601.4435 601.4777 601.3595 601.1677 601.1955 601.2855 601.186 601.1688 601.2512 601.2192 601.1375 601.1875 601.0552 600.938 601.0285 601.1627 601.0865 600.9647 600.9083 600.7783 600.6565 600.81 600.8932 600.831 600.8983 600.914 600.8615 600.6645 600.4943 600.3515 600.3828 600.4808 600.5452 600.5153 600.522 600.5305 600.4493 600.4702 600.5983 600.6068 600.4382 600.3865 600.532
602.9406 602.863 602.8405 602.7394 602.7168 602.6697 602.5719 602.5634 602.462 602.4258 602.4031 602.3019 602.2793 602.23 602.1345 602.1335 602.0488 601.9882 601.9658 601.8644 601.842 601.8025 601.702 601.6959 601.6414 601.5508 601.5494 601.4555 601.4415 601.4493 601.4503 601.445 601.4245 601.2742 601.1745 601.2775 601.4315 601.2995 601.051 600.9595 600.9818 600.952 601.123 601.0575 600.9377 600.9978 601.055 600.9915 600.8292 600.7687 600.6818 600.6868 600.7112 600.7897 600.8285 600.683 600.638 600.7628 600.7525 600.778 600.775 600.7603 600.7057 600.7355
603.3692 603.3627 603.3403 603.2393 603.2167 603.1655 603.0717 603.0632 602.962 602.9256 602.9029 602.8018 602.7792 602.7216 602.6343 602.6334 602.5445 602.488 602.4655 602.3643 602.342 602.298 602.1978 602.1959 602.1332 602.0506 602.0491 601.9512 601.9043 601.8679 601.7665 601.7584 601.7357 601.6343 601.6125 601.5468 601.467 601.4657 601.429 601.2938 601.3955 601.403 601.4183 601.3215 601.1245 601.091 601.151 601.098 601.1563 601.1777 601.16 601.1068 601.1082 601.1705 601.0797 600.9165 600.8052 600.8635 600.8777 600.8222 600.8255 600.8245 600.8273 600.7705
603.8636 603.8625 603.84 603.7392 603.7166 603.6613 603.5715 603.5629 603.4619 603.4254 603.4026 603.3017 603.2791 603.2133 603.134 603.1333 603.0402 602.9878 602.9653 602.8642 602.8419 602.7936 602.6968 602.6958 602.625 602.5504 602.5469 602.447 602.4041 602.3676 602.2665 602.2583 602.2355 602.1342 602.1125 602.0468 601.9667 601.9656 601.9149 601.8208 601.8198 601.777 601.6779 601.6737 601.6223 601.5281 601.5271 601.462 601.4103 601.4363 601.4415 601.4177 601.4235 601.3452 601.2582 601.2285 601.2128 601.1627 601.146 601.147 601.0928 601.083 601.06 600.9742
604.3633 604.3624 604.3398 604.2391 604.2166 604.157 604.0712 604.0627 603.9619 603.9251 603.9024 603.8016 603.7791 603.7048 603.6338 603.6332 603.5359 603.4875 603.4651 603.3641 603.3418 603.2892 603.1967 603.1957 603.1168 603.0501 603.0427 602.9427 602.9041 602.8674 602.7664 602.7582 602.7355 602.6341 602.6123 602.5466 602.4666 602.4655 602.4149 602.3207 602.3197 602.2689 602.1749 602.1736 602.1222 602.0281 602.027 601.9619 601.8823 601.8812 601.8548 601.7542 601.7346 601.6982 601.5968 601.5885 601.5875 601.5214 601.4427 601.4417 601.4048 601.418 601.4443 601.3438
604.8633 604.8623 604.8397 604.739 604.7165 604.6528 604.571 604.5624 604.4617 604.4249 604.4022 604.3016 604.2789 604.1964 604.1336 604.1322 604.0317 603.9873 603.9648 603.864 603.8417 603.7849 603.6967 603.6956 603.6084 603.5499 603.5384 603.4385 603.4039 603.3672 603.2663 603.2581 603.2354 603.134 603.1121 603.0466 602.9665 602.9655 602.9147 602.8206 602.8196 602.7606 602.6747 602.6735 602.6221 602.528 602.527 602.4618 602.3821 602.3811 602.3505 602.2501 602.2346 602.1981 602.0967 602.0884 602.0875 602.0172 601.9426 601.9417 601.8903 601.7965 601.795 601.7944
604.9371 604.9312 604.9252 604.9193 604.9133 604.9075 604.9014 604.8954 604.8911 604.8895 604.8878 604.8015 604.7789 604.688 604.6334 604.6279 604.5274 604.4872 604.4647 604.364 604.3416 604.2806 604.1965 604.1955 604.1 604.0497 604.0341 603.9343 603.9039 603.8669 603.7662 603.7581 603.7354 603.634 603.6118 603.5464 603.4664 603.4653 603.4147 603.3206 603.3195 603.2524 603.1744 603.1732 603.122 603.0279 603.0269 602.9617 602.8821 602.881 602.8463 602.746 602.7345 602.698 602.5966 602.5884 602.5873 602.5128 602.4426 602.4415 602.3902 602.2964 602.2949 602.2942
604.9803 604.9744 604.9684 604.9626 604.9566 604.9513 604.9453 604.9393 604.9355 604.9294 604.9234 604.9169 604.9099 604.9056 604.8994 604.8931 604.8887 604.8824 604.879 604.8639 604.8413 604.7764 604.6965 604.6913 604.5916 604.5496 604.5299 604.4301 604.4037 604.3668 604.2662 604.2579 604.2352 604.1339 604.1116 604.0462 603.9663 603.9653 603.9146 603.8204 603.8195 603.7441 603.6742 603.673 603.6219 603.5278 603.5268 603.4617 603.382 603.3809 603.342 603.2419 603.2344 603.1979 603.0966 603.0883 603.0873 603.0085 602.9424 602.9415 602.8901 602.7964 602.7949 602.7939
605.0235 605.0175 605.0115 605.0059 604.9999 604.9952 604.9891 604.9832 604.9799 604.9738 604.9684 604.9618 604.9548 604.9511 604.9449 604.9387 604.9349 604.9286 604.9225 604.9165 604.9102 604.9042 604.8977 604.8913 604.8885 604.8813 604.874 604.87 604.8677 604.8668 604.7661 604.7579 604.7352 604.6338 604.6114 604.546 604.4662 604.4652 604.4145 604.3204 604.3193 604.2357 604.174 604.1727 604.1219 604.0277 604.0267 603.9615 603.8819 603.8809 603.8377 603.7378 603.7343 603.6978 603.5964 603.5882 603.5872 603.5043 603.4424 603.4413 603.39 603.2963 603.2948 603.2937
605.0667 605.0607 605.0548 605.0491 605.0432 605.039 605.033 605.0276 605.0243 605.0182 605.0134 605.0067 604.9998 604.9966 604.9904 604.9845 604.981 604.9747 604.9693 604.9633 604.9569 604.9515 604.9451 604.9387 604.9366 604.9293 604.9223 604.9188 604.9118 604.9058 604.9032 604.8957 604.8882 604.8834 604.8763 604.8708 604.8671 604.8594 604.8572 604.8203 604.8193 604.7273 604.6738 604.6725 604.6218 604.5276 604.5267 604.4615 604.3818 604.3807 604.3336 604.2357 604.2342 604.1978 604.0964 604.0881 604.0871 604.0001 603.9423 603.9413 603.89 603.7962 603.7947 603.7935
