samples/sfe_24/sfe_24_c3/sfe_24_c3/sfe_24_c3.asc
ncols         275
nrows         75
xllcorner     98.60000000149
yllcorner     70.60000000149
cellsize      0.7
NODATA_value  -9999
[rows 28 to 55 of 75, columns 192 to 255 of 275]
601.3641 601.3631 601.3621 601.2957 601.1943 601.213 601.2032 601.185 601.1483 601.2615 601.2263 601.1153 601.0618 601.0607 601.0078 600.9747 600.9277 600.923 600.839 600.8397 600.8342 600.837 600.775 600.7513 600.6293 600.6873 600.8428 600.7585 600.6608 600.5885 600.4962 600.603 600.74 600.676 600.5728 600.56 600.5075 600.472 600.475 600.4345 600.423 600.4482 600.4108 600.4348 600.5223 600.3752 600.17 600.0778 600.247 600.314 600.1635 600.212 600.303 600.1825 600.1228 600.103 600.1273 600.117 600.0703 600.0468 600.032 600.1458 600.0938 599.9188
600.9517 600.9338 601.0275 600.8825 600.7552 600.7637 600.8137 600.7943 600.906 600.996 600.911 600.7913 600.7913 600.75 600.751 600.6995 600.607 600.473 600.4105 600.393 600.4057 600.426 600.4538 600.388 600.3925 600.5707 600.631 600.5383 600.4155 600.3495 600.2262 600.302 600.4227 600.4427 600.493 600.3962 600.1743 600.1935 600.2315 600.2263 600.2285 600.2203 600.2507 600.258 600.227 600.1788 600.0688 599.9193 599.994 600.0605 600.0345 600.0375 600.0417 599.9418 599.852 599.9063 600.1357 600.17 600.0367 599.8805 599.8782 600.003 599.9263 599.7718
600.6765 600.5185 600.6207 600.7215 600.6157 600.5842 600.66 600.714 600.6865 600.6638 600.4917 600.4393 600.4238 600.4033 600.3802 600.4788 600.4673 600.3135 600.2028 600.2465 600.2205 600.3727 600.377 600.1923 600.2493 600.4042 600.3828 600.3525 600.3305 600.2568 600.1295 600.1025 600.034 600.0775 600.228 600.1763 600.042 600.133 600.2318 600.1868 600.1382 600.061 599.996 599.9315 599.885 599.9745 600.0488 599.9492 599.8362 599.892 599.9998 599.8745 599.826 599.9015 599.7625 599.7285 599.9265 599.946 599.9047 599.8515 599.8633 599.9185 599.8192 599.631
600.4063 600.2428 600.3688 600.513 600.3745 600.331 600.468 600.4158 600.2957 600.2527 600.3242 600.3348 600.3355 600.2915 600.2932 600.3392 600.313 600.1497 600.099 600.1882 600.2252 600.309 600.1875 600.023 599.9688 600.0545 600.0258 600.0233 600.0015 600.0005 600.0723 600.0543 599.965 599.8995 600.002 600.0185 599.9127 600.0115 600.0712 599.92 599.892 599.9348 599.948 599.9172 599.784 599.8177 599.9747 599.9665 599.8622 599.9048 599.915 599.7545 599.7063 599.7878 599.684 599.5678 599.6145 599.6432 599.6257 599.6215 599.6332 599.7552 599.7227 599.5147
600.1183 600.1147 600.2347 600.1923 600.0778 600.1225 600.249 600.0465 599.8575 599.9312 600.2142 600.3228 600.2922 600.249 600.15 600.1335 600.1205 599.969 599.9642 600.1248 600.0935 599.9818 599.8888 599.7867 599.7123 599.6877 599.691 599.6763 599.656 599.703 599.831 599.885 599.8748 599.825 599.853 599.8525 599.881 599.9735 599.9628 599.8282 599.7975 599.8132 599.8882 599.945 599.8507 599.8438 599.9478 599.9678 599.8517 599.7555 599.6905 599.6675 599.6448 599.6008 599.506 599.464 599.5145 599.4608 599.3685 599.3585 599.3755 599.4948 599.507 599.4185
600.0162 600.1428 600.1085 599.9293 599.7767 599.9418 600.0427 599.9598 599.8205 599.8483 599.9265 599.9825 600.0365 600.022 599.8408 599.8312 599.934 599.7985 599.8157 599.9263 599.763 599.6765 599.7352 599.7195 599.6955 599.695 599.6895 599.6675 599.669 599.6597 599.6722 599.6877 599.7568 599.8295 599.7097 599.6468 599.7632 599.8177 599.8162 599.787 599.761 599.6342 599.6603 599.811 599.832 599.758 599.7917 599.8132 599.6667 599.4615 599.4263 599.5945 599.6815 599.5538 599.4717 599.5782 599.6268 599.4713 599.3703 599.429 599.4402 599.458 599.4603 599.4645
600.0123 600.0705 599.9715 599.7733 599.625 599.7598 599.9193 599.9495 599.8775 599.7955 599.6868 599.651 599.7485 599.8217 599.701 599.6865 599.7933 599.6738 599.7037 599.7637 599.6235 599.612 599.7355 599.7477 599.752 599.7535 599.7375 599.7535 599.7452 599.736 599.7195 599.7048 599.7648 599.7675 599.6068 599.4822 599.5305 599.5703 599.5598 599.5598 599.5535 599.4735 599.5433 599.6915 599.6577 599.5293 599.5648 599.6863 599.5935 599.3828 599.3465 599.5325 599.6655 599.6252 599.5833 599.6493 599.6135 599.462 599.4395 599.5883 599.614 599.6022 599.6 599.5922
599.7977 599.8775 599.9105 599.7947 599.5798 599.632 599.8077 599.9235 599.8695 599.7703 599.5087 599.4905 599.6287 599.7618 599.7057 599.7055 599.7455 599.7025 599.717 599.6805 599.527 599.4795 599.5715 599.5883 599.5938 599.5775 599.617 599.7377 599.7103 599.6095 599.5557 599.5643 599.561 599.5633 599.5745 599.4945 599.418 599.484 599.4765 599.433 599.5005 599.475 599.432 599.4838 599.434 599.4243 599.51 599.5527 599.5365 599.4875 599.3715 599.3925 599.4735 599.5008 599.4922 599.4847 599.493 599.4998 599.5802 599.6812 599.7448 599.63 599.6083 599.6685
599.6205 599.6646 599.699 599.6547 599.4853 599.5323 599.6888 599.6842 599.5978 599.5205 599.3948 599.481 599.6328 599.6042 599.5625 599.5543 599.566 599.5715 599.6498 599.6135 599.4455 599.3737 599.463 599.481 599.4702 599.474 599.5255 599.6432 599.5547 599.4016 599.4133 599.4697 599.4142 599.4003 599.5545 599.5675 599.4575 599.5798 599.558 599.478 599.6215 599.6392 599.5085 599.4767 599.399 599.4996 599.5804 599.5251 599.5237 599.6295 599.5342 599.451 599.452 599.454 599.4523 599.3782 599.403 599.571 599.675 599.6093 599.5867 599.452 599.4933 599.654
599.6527 599.5675 599.468 599.407 599.3672 599.4753 599.594 599.4788 599.3513 599.3077 599.2993 599.423 599.5175 599.3985 599.3182 599.3265 599.3434 599.342 599.4993 599.5715 599.4395 599.441 599.579 599.5767 599.5967 599.6235 599.653 599.6765 599.546 599.43 599.525 599.6 599.5025 599.4325 599.5688 599.564 599.4523 599.5324 599.5607 599.5324 599.6547 599.7267 599.6658 599.6375 599.469 599.486 599.5853 599.4747 599.4918 599.6445 599.6645 599.6357 599.6585 599.6657 599.6678 599.5443 599.472 599.5973 599.6042 599.4753 599.4675 599.4117 599.501 599.6725
599.5005 599.5287 599.4412 599.324 599.3757 599.552 599.5485 599.3402 599.2825 599.404 599.4455 599.3788 599.365 599.3589 599.2673 599.267 599.345 599.281 599.3725 599.5718 599.5577 599.604 599.6008 599.513 599.5529 599.5939 599.4818 599.6938 599.6245 599.6105 599.657 599.5941 599.5 599.5595 599.6592 599.566 599.4525 599.599 599.7003 599.6755 599.7233 599.6563 599.646 599.729 599.5667 599.4443 599.48 599.4343 599.4465 599.4922 599.5665 599.6923 599.8013 599.8307 599.825 599.7798 599.6547 599.582 599.4635 599.4775 599.5803 599.5735 599.5143 599.6052
599.4672 599.5785 599.53 599.3545 599.336 599.4415 599.394 599.2632 599.35 599.5452 599.5697 599.3602 599.3057 599.3754 599.3625 599.3625 599.4429 599.3538 599.2972 599.4385 599.4877 599.5948 599.538 599.384 599.3953 599.5157 599.5245 599.5262 599.536 599.5912 599.6512 599.5217 599.4043 599.5112 599.58 599.4795 599.4683 599.633 599.7292 599.6528 599.6313 599.5157 599.5605 599.732 599.729 599.6143 599.6093 599.6168 599.6115 599.5515 599.519 599.6585 599.7917 599.7468 599.7 599.797 599.7915 599.6232 599.4665 599.6052 599.7922 599.8478 599.7357 599.738
599.481 599.574 599.4645 599.3107 599.2578 599.2932 599.248 599.2582 599.409 599.5575 599.5413 599.374 599.3317 599.395 599.3162 599.313 599.4468 599.3885 599.3157 599.3335 599.3492 599.4925 599.5365 599.4338 599.3848 599.4028 599.3917 599.442 599.4717 599.5477 599.6948 599.6172 599.462 599.4252 599.4825 599.4595 599.48 599.6268 599.6663 599.5595 599.5568 599.5082 599.5915 599.759 599.8848 599.8475 599.8422 599.8545 599.8488 599.7615 599.6245 599.7419 599.8483 599.6885 599.6535 599.793 599.851 599.7622 599.61 599.7162 599.94 600.062 599.9975 599.9865
599.4348 599.4133 599.359 599.319 599.411 599.3903 599.2805 599.376 599.53 599.521 599.396 599.4055 599.4575 599.3702 599.2875 599.2623 599.3687 599.4948 599.5975 599.5025 599.3765 599.3403 599.5018 599.6137 599.6747 599.5362 599.4475 599.5405 599.6525 599.7105 599.7765 599.7708 599.6425 599.5145 599.6218 599.6737 599.5775 599.6137 599.5815 599.6042 599.7273 599.7363 599.6448 599.7277 599.94 599.9293 599.8647 599.9463 599.941 599.7612 599.6802 599.8545 599.9235 599.7725 599.838 599.8992 599.8905 599.957 599.8883 599.8998 600.0775 600.2513 600.1623 600.0495
599.522 599.5192 599.5068 599.5178 599.6195 599.5435 599.3717 599.3773 599.4683 599.4177 599.3342 599.4659 599.6077 599.54 599.4843 599.4212 599.4185 599.593 599.793 599.7005 599.508 599.3682 599.5395 599.763 599.89 599.7238 599.5707 599.5942 599.7065 599.7183 599.7238 599.7308 599.6787 599.643 599.8043 599.934 599.8392 599.8235 599.7343 599.7635 599.9653 600.0128 599.9037 599.953 600.06 599.986 599.8898 600.007 599.9937 599.7922 599.8002 600.0142 600.0555 599.9437 600.0725 600.0942 600.0068 600.1338 600.1328 600.0655 600.2288 600.4257 600.2555 600.117
599.744 599.7155 599.6407 599.6362 599.6702 599.5887 599.474 599.3602 599.3505 599.3483 599.4383 599.556 599.6537 599.68 599.7383 599.68 599.624 599.7457 599.8663 599.7045 599.558 599.4467 599.599 599.7615 599.8912 599.8095 599.7025 599.6307 599.617 599.6432 599.709 599.7322 599.66 599.691 599.8622 599.9922 600.0632 600.1025 599.965 599.9343 600.0955 600.1703 600.1288 600.1423 600.2415 600.2087 600.101 600.147 600.142 599.9987 599.969 600.0945 600.1658 600.1695 600.2278 600.1923 600.1215 600.2452 600.2315 600.1777 600.3577 600.5372 600.4277 600.3427
599.8005 599.7777 599.6417 599.6023 599.5555 599.6237 599.6978 599.6072 599.4777 599.5505 599.7032 599.6765 599.5427 599.617 599.7972 599.9025 599.8668 599.9095 599.8515 599.713 599.6675 599.6837 599.7188 599.7607 599.789 599.8817 599.9922 599.883 599.7742 599.8545 600.0197 599.9423 599.809 599.8712 599.9348 599.9547 600.0655 600.2087 600.1775 600.0967 600.2418 600.3012 600.1625 600.1713 600.325 600.3935 600.3405 600.239 600.2872 600.3835 600.2717 600.2295 600.3725 600.4579 600.3647 600.2925 600.304 600.35 600.3738 600.4025 600.4652 600.6428 600.676 600.543
599.8643 599.9493 599.8463 599.7983 599.665 599.7305 599.913 599.903 599.822 599.8787 599.9532 599.8125 599.6288 599.6745 599.884 599.992 599.927 599.8953 599.9222 599.9658 600.0137 600.021 600.0383 600.0512 599.936 600.0413 600.219 600.2183 600.1685 600.2347 600.294 600.1662 600.0845 600.1794 600.253 600.193 600.17 600.354 600.348 600.2662 600.4587 600.5197 600.4247 600.468 600.44 600.432 600.4203 600.3485 600.5015 600.6693 600.6268 600.612 600.6882 600.725 600.6157 600.5203 600.6497 600.7343 600.7595 600.7975 600.813 600.971 600.9012 600.766
599.9145 600.1063 600.174 600.1297 599.919 599.8333 599.9628 600.1363 600.2 600.2233 600.158 599.9897 599.8515 599.9158 600.0285 600.0984 600.0605 600.047 600.113 600.2438 600.3188 600.3798 600.3802 600.3087 600.2142 600.316 600.4692 600.549 600.5547 600.548 600.4063 600.299 600.2943 600.5002 600.5657 600.4738 600.4492 600.5315 600.4525 600.426 600.5383 600.651 600.758 600.798 600.7103 600.6667 600.6255 600.5538 600.651 600.7705 600.8595 600.854 600.8698 600.9313 600.8702 600.9167 601.1042 601.072 601.05 601.1455 601.2135 601.2885 601.2215 601.1885
600.0297 600.1472 600.246 600.2682 600.1202 600.019 600.051 600.2415 600.3043 600.331 600.3303 600.2053 600.1318 600.251 600.2207 600.1815 600.3018 600.3935 600.2895 600.2975 600.461 600.6688 600.526 600.3868 600.4012 600.5793 600.6052 600.6598 600.687 600.6473 600.5587 600.4918 600.587 600.7875 600.6807 600.6633 600.78 600.6923 600.6118 600.656 600.6935 600.6813 600.8383 600.989 601.032 601.013 600.981 600.9083 600.9077 600.935 601.019 601.0252 601.0992 601.1622 601.1852 601.1975 601.2953 601.3022 601.3515 601.4431 601.442 601.5308 601.5829 601.6102
600.3542 600.307 600.2795 600.2922 600.3337 600.3802 600.4087 600.341 600.3005 600.3665 600.5332 600.421 600.3828 600.5035 600.4532 600.3357 600.4367 600.4877 600.4172 600.469 600.7155 600.8737 600.717 600.548 600.553 600.6465 600.6688 600.7147 600.7192 600.7845 600.8577 600.8845 601.003 601.037 600.8815 600.8872 601.055 600.935 600.9565 601.0963 601.1064 601.0513 601.1085 601.2205 601.2103 601.2447 601.2437 601.3353 601.3839 601.3896 601.489 601.5235 601.5381 601.6357 601.6633 601.6936 601.7914 601.8024 601.8517 601.9433 601.9421 602.0268 602.0829 602.1022
600.688 600.5375 600.4085 600.467 600.589 600.6102 600.5822 600.4293 600.3412 600.498 600.7527 600.7667 600.6823 600.72 600.7167 600.736 600.7397 600.7745 600.7686 600.9115 601.0287 601.1165 601.0315 600.8395 600.6938 600.7247 600.8187 600.948 601.0602 601.1025 601.1565 601.2335 601.2582 601.244 601.2153 601.2759 601.3262 601.3252 601.4026 601.4658 601.4643 601.5275 601.605 601.6039 601.6814 601.7448 601.7438 601.8353 601.8841 601.8899 601.9891 602.0236 602.03 602.1275 602.1634 602.1896 602.2876 602.3026 602.3519 602.4435 602.4421 602.5228 602.5831 602.5942
600.8627 600.793 600.7098 600.8975 600.8885 600.7842 600.7705 600.7445 600.803 600.8318 600.959 600.9985 600.9847 600.8935 601.0153 601.1785 601.1768 601.1487 601.206 601.239 601.258 601.282 601.2343 601.2687 601.2677 601.3303 601.4086 601.4076 601.4245 601.5215 601.5475 601.5507 601.6486 601.6863 601.6855 601.7679 601.8262 601.8253 601.9027 601.9658 601.9644 602.0277 602.1052 602.1039 602.1815 602.2448 602.2438 602.3354 602.3843 602.3901 602.4891 602.5236 602.5226 602.6193 602.6635 602.6856 602.7837 602.8028 602.852 602.9437 602.9422 603.0188 603.0831 603.0861
601.1046 601.0618 601.0483 601.2333 601.2845 601.2097 601.204 601.232 601.2388 601.2318 601.2477 601.3306 601.3524 601.3512 601.3502 601.4424 601.491 601.4901 601.5622 601.6307 601.6292 601.6285 601.726 601.7687 601.7678 601.8263 601.9086 601.9077 601.9165 602.0135 602.0475 602.0466 602.1446 602.1864 602.1857 602.2599 602.3263 602.3253 602.4028 602.4659 602.4644 602.528 602.6053 602.6041 602.6815 602.7449 602.7439 602.8355 602.8845 602.8903 602.9892 603.0237 603.0226 603.111 603.1635 603.1816 603.2798 603.303 603.3521 603.4439 603.4423 603.5148 603.5832 603.5822
601.4376 601.4365 601.4551 601.5529 601.5756 601.5745 601.5735 601.6583 601.7144 601.7134 601.7256 601.8226 601.8525 601.8514 601.8504 601.9424 601.9911 601.9901 602.0541 602.1309 602.1293 602.128 602.2178 602.2688 602.2678 602.3223 602.4087 602.4077 602.4084 602.5055 602.5476 602.5463 602.6406 602.6865 602.6857 602.7519 602.8264 602.8253 602.9028 602.9659 602.9645 603.0281 603.1053 603.1041 603.1816 603.2449 603.244 603.3356 603.3848 603.3905 603.4893 603.5237 603.5227 603.603 603.6636 603.6776 603.7759 603.8032 603.8521 603.9441 603.9424 604.0107 604.0833 604.0822
601.9376 601.9365 601.951 602.0489 602.0756 602.0745 602.0735 602.1503 602.2144 602.2134 602.2173 602.3146 602.3526 602.3516 602.3505 602.4425 602.4911 602.4902 602.5461 602.631 602.6295 602.6282 602.7096 602.7689 602.7679 602.8182 602.9088 602.9078 602.9068 602.9974 603.0477 603.0464 603.1366 603.1865 603.1858 603.2438 603.3264 603.3254 603.4029 603.4661 603.4645 603.5281 603.6054 603.6042 603.6816 603.7451 603.7441 603.8356 603.8849 603.8907 603.9894 604.0237 604.0228 604.095 604.1636 604.1735 604.272 604.3035 604.3522 604.4442 604.4426 604.5067 604.5833 604.5823
602.4377 602.4365 602.4468 602.5449 602.5756 602.5746 602.5736 602.6423 602.7145 602.7135 602.7122 602.8066 602.8528 602.8518 602.8506 602.9426 602.9912 602.9902 603.038 603.1311 603.1296 603.1284 603.2014 603.2689 603.2679 603.314 603.4088 603.4078 603.4069 603.4894 603.5477 603.5464 603.6324 603.6866 603.6859 603.7358 603.8265 603.8254 603.903 603.9661 603.9646 604.0282 604.1055 604.1042 604.1817 604.2451 604.2441 604.3357 604.3849 604.3909 604.4896 604.5238 604.5231 604.5869 604.6282 604.6275 604.6295 604.6337 604.6384 604.6413 604.6454 604.6495 604.6519 604.6559
602.9377 602.9365 602.9426 603.0409 603.0757 603.0746 603.0737 603.1343 603.2145 603.2135 603.2123 603.2985 603.353 603.3521 603.3506 603.4426 603.4913 603.4903 603.5297 603.6271 603.6299 603.6286 603.6934 603.769 603.7681 603.8098 603.908 603.9079 603.9069 603.9814 604.0478 604.0465 604.1283 604.1866 604.1859 604.2278 604.3248 604.3255 604.403 604.4662 604.4647 604.5283 604.6055 604.6043 604.6387 604.6386 604.6436 604.6466 604.6499 604.6553 604.6579 604.6621 604.6669 604.6677 604.6695 604.6743 604.678 604.6816 604.6863 604.6885 604.6926 604.6967 604.6985 604.7025
