samples/sfe_24/sfe_24_c3/sfe_24_c3/sfe_24_c3.asc
ncols         275
nrows         75
xllcorner     98.60000000149
yllcorner     70.60000000149
cellsize      0.7
NODATA_value  -9999
[rows 28 to 55 of 75, columns 64 to 127 of 275]
601.2405 601.2662 601.1953 601.1313 601.113 601.2695 601.3723 601.2995 601.2845 601.3052 601.3353 601.3838 601.373 601.3572 601.358 601.3855 601.4841 601.4902 601.4892 601.5224 601.6208 601.6288 601.6273 601.626 601.6982 601.7669 601.7659 601.7648 601.7632 601.8432 601.9042 601.9028 601.9018 601.9008 601.8998 601.9712 602.0405 602.0394 602.0379 602.0366 602.0356 602.075 602.1703 602.1753 602.1735 602.1725 602.1715 602.1705 602.1696 602.197 602.2715 602.3046 602.3077 602.3064 602.3054 602.3042 602.3033 602.3021 602.3011 602.3001 602.2986 602.2979 602.3882 602.394
601.043 601.1095 601.0822 600.9853 600.9845 601.1072 601.1038 600.861 600.8507 601.0513 601.2977 601.32 601.241 601.0563 601.0172 601.215 601.4475 601.4233 601.2692 601.2112 601.2665 601.2875 601.1852 601.1487 601.2768 601.2408 601.2402 601.2863 601.2188 601.3693 601.404 601.4027 601.4017 601.4007 601.3997 601.4872 601.5405 601.5394 601.5378 601.5366 601.5356 601.5911 601.6763 601.6752 601.6736 601.6725 601.6714 601.6705 601.6695 601.7169 601.7916 601.809 601.8076 601.8063 601.8054 601.8043 601.8033 601.8022 601.8012 601.8001 601.7986 601.8135 601.9081 601.9139
600.8625 600.9125 600.749 600.687 600.798 600.9133 600.8597 600.723 600.7025 600.8718 601.0338 601.0663 601.0835 601.0048 600.8677 600.9545 601.1405 601.1807 601.1375 601.1195 601.1243 601.0287 600.993 600.9888 601.002 601.0345 601.0323 601.0468 601.0325 601.0087 601.0497 601.0693 601.2488 601.2573 601.123 601.2382 601.3063 601.1902 601.2618 601.3508 601.3007 601.23 601.1973 601.2711 601.3807 601.3915 601.3693 601.3755 601.391 601.3247 601.3093 601.3027 601.306 601.3073 601.3115 601.3358 601.3447 601.3445 601.3407 601.338 601.3155 601.3335 601.4281 601.4338
600.6813 600.7233 600.5447 600.4153 600.4877 600.549 600.6337 600.707 600.7328 600.697 600.6918 600.7042 600.8428 600.8265 600.7037 600.6772 600.7704 600.8038 600.811 600.8385 600.8643 600.9427 600.996 601.0068 601.0002 601.0005 601.0353 601.0502 601.048 601.0438 601.0453 601.0577 601.185 601.1042 600.9658 601.0608 601.0967 600.9385 600.9512 601.0208 601.0395 601.098 601.1193 601.1235 601.0648 601.0445 601.0502 601.0495 601.052 601.0943 601.146 601.1597 601.1915 601.1888 601.1805 601.1198 601.0768 601.0717 601.0715 601.0688 601.0113 600.9792 601.125 601.2628
600.386 600.5292 600.4852 600.334 600.2438 600.3318 600.5075 600.73 600.7595 600.6697 600.4777 600.4228 600.5037 600.5367 600.4578 600.4145 600.5342 600.634 600.6935 600.6155 600.6392 600.8907 601.0125 600.9945 600.8622 600.8342 600.9147 600.983 600.965 600.8835 600.8705 600.8875 600.9985 600.9445 600.8225 600.9318 601.0283 600.934 600.8655 600.7925 600.777 600.8843 600.9465 600.9455 600.8695 600.815 600.726 600.766 600.85 600.938 601.0352 601.1008 601.0681 601.0417 601.095 601.0093 600.8622 600.8063 600.854 600.8355 600.7395 600.7347 600.847 601.009
600.0833 600.2078 600.324 600.2355 600.1455 600.3088 600.4723 600.4713 600.4918 600.5615 600.4895 600.3385 600.2795 600.396 600.3893 600.3525 600.476 600.6965 600.7767 600.594 600.5068 600.6483 600.7548 600.719 600.6458 600.631 600.7518 600.813 600.6713 600.564 600.6537 600.6855 600.8273 600.814 600.6583 600.7062 600.8527 600.8785 600.905 600.7665 600.645 600.67 600.7357 600.8232 600.8855 600.7425 600.5507 600.636 600.8475 600.826 600.7665 600.887 600.8152 600.7668 600.935 601.0135 600.8094 600.698 600.806 600.7712 600.6542 600.664 600.7188 600.7742
599.9223 599.9465 600.033 600.0085 600.0375 600.2172 600.3257 600.1853 600.1558 600.3033 600.3727 600.2375 600.2508 600.4202 600.446 600.3115 600.3898 600.6 600.6868 600.4932 600.3535 600.4003 600.4595 600.5098 600.613 600.6387 600.737 600.7188 600.561 600.5228 600.6738 600.7162 600.7965 600.6953 600.5237 600.4918 600.5623 600.6137 600.7468 600.6602 600.5385 600.6535 600.7632 600.807 600.7913 600.6313 600.437 600.5208 600.6998 600.6743 600.5975 600.7427 600.672 600.625 600.7905 600.901 600.719 600.6005 600.6948 600.662 600.5493 600.6445 600.7253 600.6882
599.8068 599.9065 599.89 599.8743 600.0602 600.2205 600.1667 599.9507 599.9117 600.0237 600.0967 600.0677 600.1188 600.3315 600.4222 600.2922 600.289 600.4645 600.4435 600.277 600.2555 600.3355 600.3205 600.3702 600.5818 600.5757 600.5695 600.636 600.6093 600.6213 600.7318 600.767 600.7593 600.6045 600.4398 600.4222 600.435 600.3945 600.4418 600.433 600.4562 600.6617 600.6753 600.5807 600.5045 600.434 600.3405 600.3813 600.4683 600.5545 600.5625 600.5468 600.548 600.5415 600.5695 600.684 600.6923 600.6005 600.5258 600.5305 600.5292 600.559 600.649 600.691
599.8865 600.019 599.929 599.8338 599.9813 600.0677 600.0448 599.9877 600.0105 600.034 600.0555 600.065 600.023 600.1248 600.2797 600.2117 600.212 600.3777 600.339 600.261 600.335 600.4502 600.3422 600.3055 600.4625 600.3768 600.2977 600.4297 600.4703 600.4893 600.497 600.51 600.5855 600.51 600.3705 600.4673 600.4812 600.327 600.3218 600.4122 600.4855 600.5945 600.4785 600.3362 600.371 600.4075 600.399 600.42 600.4262 600.551 600.5465 600.3983 600.4575 600.4962 600.3545 600.3785 600.4902 600.4333 600.328 600.4225 600.493 600.3752 600.4438 600.6365
599.961 599.9763 599.8542 599.7435 599.7917 599.8483 599.9158 600.057 600.1185 600.135 600.1353 600.137 600.0433 600.0938 600.2388 600.1417 600.1255 600.2943 600.3535 600.317 600.3782 600.4465 600.3262 600.273 600.3693 600.3007 600.1812 600.1898 600.211 600.24 600.257 600.2713 600.4022 600.392 600.2755 600.4005 600.4197 600.2805 600.3593 600.4895 600.5477 600.5632 600.433 600.3275 600.4375 600.506 600.5178 600.5048 600.4865 600.5385 600.4787 600.3185 600.3873 600.4467 600.2872 600.193 600.2393 600.2162 600.178 600.2943 600.3745 600.281 600.3367 600.5055
599.8207 599.7605 599.7295 599.758 599.8508 599.7988 599.7573 599.947 600.1147 600.1358 600.018 600.016 600.074 600.1935 600.25 600.0998 600.0045 600.0943 600.1605 600.1752 600.2395 600.3775 600.388 600.2935 600.2385 600.2917 600.2462 600.0957 600.0707 600.196 600.2502 600.1605 600.1617 600.201 600.1855 600.359 600.3675 600.1993 600.2267 600.425 600.5475 600.556 600.468 600.3605 600.3563 600.4688 600.591 600.5225 600.3958 600.4092 600.3938 600.2385 600.2958 600.4493 600.3577 600.1535 600.1575 600.2315 600.156 600.1275 600.2198 600.2913 600.2488 600.1915
599.6895 599.732 599.8348 599.8987 599.9229 599.8956 599.699 599.7997 600.0208 600.106 600.006 600 600.047 600.0985 600.1207 600.103 600.095 600.1125 600.1315 600.151 600.1747 600.2275 600.254 600.1793 600.1307 600.279 600.378 600.2662 600.2347 600.3615 600.3547 600.1915 600.14 600.235 600.2765 600.3997 600.3265 600.1282 600.0703 600.28 600.4323 600.3975 600.3305 600.2402 600.1827 600.328 600.529 600.432 600.2365 600.2635 600.3337 600.181 600.1512 600.2717 600.242 600.112 600.1858 600.3365 600.2855 600.185 600.2498 600.328 600.192 599.9825
599.7245 599.845 599.9835 600.071 600.0793 599.9478 599.7915 599.8467 600.0105 600.151 600.1542 600.1285 600.0007 599.8998 599.9277 600.0895 600.2303 600.2677 600.1745 600.1938 600.2246 600.1381 600.095 600.0142 600.0543 600.2092 600.3765 600.397 600.363 600.3772 600.319 600.2035 600.2123 600.3542 600.4115 600.4658 600.352 600.1825 600.1255 600.3008 600.4042 600.2702 600.1515 600.108 600.1588 600.2878 600.4585 600.42 600.2567 600.2425 600.2842 600.1735 600.1013 600.1392 600.1135 600.0253 600.105 600.2517 600.31 600.2982 600.3553 600.3547 600.2095 600.027
599.727 599.7838 599.985 600.1307 600.1382 600.085 600.0682 600.0468 599.9865 600.0703 600.1647 600.0682 599.9102 599.868 599.8837 599.9797 600.178 600.2787 600.213 600.2415 600.3175 600.1163 600.003 600.012 600.0547 600.1147 600.288 600.3932 600.2845 600.1425 600.1915 600.2765 600.2573 600.2603 600.3533 600.3827 600.3175 600.2703 600.2626 600.2939 600.4315 600.3408 600.1732 600.1423 600.266 600.2435 600.254 600.3743 600.3495 600.2137 600.18 600.254 600.2915 600.2532 600.2197 600.084 600.034 600.062 600.1047 600.2275 600.3547 600.3538 600.2737 600.2393
599.7592 599.7468 599.9723 600.1168 600.053 600.0167 600.1232 600.1432 600.0057 600.0468 600.1465 600.0175 599.9832 600.1095 600.1025 600.0107 600.1165 600.2518 600.1485 600.1827 600.3422 600.3025 600.2355 600.24 600.2475 600.2555 600.3538 600.3685 600.202 600.0197 600.1525 600.326 600.254 600.2025 600.3575 600.3718 600.272 600.269 600.2675 600.269 600.3325 600.3986 600.2598 600.212 600.3293 600.226 600.1183 600.2137 600.2353 600.1195 600.1365 600.292 600.3245 600.2092 600.1902 600.1818 600.1678 600.1172 600.0255 600.1405 600.278 600.2162 600.1448 600.2227
599.947 599.924 600.0472 600.1232 600.0692 600.0255 600.1537 600.2105 600.0677 600.0577 600.1703 600.113 600.2003 600.372 600.3618 600.1462 600.168 600.3 600.202 600.2346 600.3925 600.4163 600.413 600.464 600.457 600.4163 600.451 600.4532 600.3195 600.1797 600.28 600.409 600.2865 600.1757 600.2865 600.288 600.1685 600.1215 600.0853 600.0858 600.153 600.2827 600.2083 600.1713 600.2955 600.2555 600.18 600.194 600.1945 600.1525 600.1895 600.2693 600.2545 600.1627 600.1577 600.2055 600.2425 600.202 600.1193 600.1603 600.219 600.15 600.0952 600.1528
600.2647 600.3022 600.1487 600.0935 600.1937 600.256 600.3232 600.3175 600.1475 600.007 600.136 600.2915 600.4085 600.4338 600.4075 600.2225 600.2448 600.3607 600.2628 600.2935 600.4117 600.3347 600.3948 600.5755 600.5443 600.3793 600.3275 600.451 600.4605 600.415 600.438 600.4585 600.3248 600.2062 600.2555 600.3675 600.3022 600.1585 600.1085 600.1467 600.1663 600.2133 600.1965 600.1472 600.2097 600.3322 600.418 600.3825 600.3572 600.3937 600.332 600.208 600.2083 600.302 600.2913 600.2117 600.158 600.1893 600.28 600.213 600.1183 600.1932 600.2448 600.1645
600.4583 600.4985 600.302 600.1467 600.2188 600.2818 600.387 600.4105 600.2623 600.0685 600.2062 600.4015 600.4542 600.3217 600.2968 600.2177 600.3257 600.4577 600.3387 600.372 600.4692 600.3482 600.4078 600.6185 600.5905 600.386 600.2642 600.3485 600.379 600.38 600.3807 600.3622 600.388 600.413 600.441 600.533 600.4348 600.2672 600.3085 600.4065 600.4082 600.4075 600.3997 600.3123 600.2548 600.39 600.4803 600.3622 600.325 600.4335 600.411 600.2275 600.1675 600.2573 600.2635 600.2778 600.293 600.3315 600.399 600.2675 600.1155 600.1553 600.212 600.1282
600.615 600.5575 600.4482 600.3447 600.257 600.3185 600.4243 600.4302 600.3082 600.1937 600.2687 600.3912 600.3823 600.322 600.3575 600.3078 600.4253 600.5812 600.5577 600.5598 600.6328 600.5247 600.4928 600.6232 600.6355 600.4682 600.289 600.2358 600.251 600.2498 600.2498 600.2698 600.4808 600.6045 600.5618 600.5257 600.4785 600.4492 600.589 600.6747 600.6377 600.5593 600.5825 600.5052 600.3488 600.4575 600.5425 600.408 600.366 600.4105 600.4167 600.3442 600.2188 600.212 600.2715 600.4608 600.5555 600.5648 600.5417 600.4183 600.2895 600.2427 600.257 600.1795
600.691 600.5602 600.6063 600.6432 600.5103 600.5732 600.6702 600.5457 600.4727 600.4535 600.4775 600.4985 600.4072 600.4863 600.6242 600.5615 600.5447 600.7177 600.7612 600.711 600.7477 600.737 600.6057 600.586 600.6718 600.568 600.4088 600.4247 600.4495 600.4217 600.4217 600.4425 600.6302 600.661 600.4925 600.3553 600.5065 600.655 600.7225 600.6838 600.6083 600.479 600.5663 600.5865 600.4507 600.5472 600.6693 600.5858 600.545 600.4247 600.3962 600.5013 600.411 600.3555 600.503 600.6065 600.5735 600.566 600.534 600.4948 600.469 600.4487 600.4427 600.3798
600.7255 600.6757 600.801 600.8525 600.739 600.8027 600.9133 600.852 600.8255 600.7938 600.8045 600.7917 600.6688 600.6672 600.8125 600.7292 600.705 600.8267 600.7808 600.6815 600.7347 600.8483 600.7188 600.6695 600.7917 600.6722 600.5885 600.7133 600.7524 600.7555 600.76 600.7412 600.8262 600.739 600.546 600.4293 600.6235 600.754 600.6962 600.591 600.5427 600.4902 600.633 600.672 600.5392 600.638 600.721 600.5858 600.532 600.4435 600.4717 600.6152 600.5342 600.478 600.6225 600.5927 600.4673 600.4615 600.461 600.4572 600.452 600.4423 600.4388 600.4695
600.8197 600.8467 601.0205 601.137 601.0342 601.001 600.9818 600.97 600.9747 601.071 601.0867 601.0087 600.9255 600.9945 601.055 600.9872 600.898 600.8777 600.7427 600.6337 600.741 600.9545 600.8558 600.73 600.818 600.855 600.925 600.9767 600.9275 600.9427 601.0495 601.066 601.0585 600.8593 600.6815 600.6725 600.8595 600.9017 600.7092 600.6165 600.696 600.7355 600.7485 600.681 600.612 600.752 600.8408 600.6655 600.5433 600.5497 600.7318 600.82 600.671 600.582 600.7087 600.5952 600.4833 600.555 600.6055 600.597 600.5412 600.4435 600.4785 600.6325
601.173 601.0665 601.2758 601.438 601.4058 601.1873 601.07 601.0588 601.096 601.2275 601.2568 601.0545 601.0358 601.1763 601.2065 601.2605 601.11 600.9585 600.8893 600.9392 601.002 601.1385 601.0325 600.793 600.834 601.0235 601.2145 601.1487 600.9272 600.889 601.0363 601.072 601.1248 601.0137 600.821 600.851 600.9922 600.953 600.8032 600.853 601.0485 601.0543 600.8668 600.671 600.7023 600.9015 601.0505 600.941 600.7477 600.7095 600.868 600.8755 600.7183 600.7333 600.861 600.7535 600.7283 600.8427 600.8632 600.8027 600.7215 600.6068 600.7162 600.9203
601.7374 601.6489 601.6479 601.6357 601.536 601.5019 601.5011 601.4912 601.3915 601.4115 601.4045 601.3515 601.3282 601.204 601.2438 601.383 601.314 601.1387 601.2048 601.3157 601.319 601.334 601.1975 601.0002 601.0267 601.1793 601.3815 601.3038 601.1077 600.9968 601.0078 601.0355 601.1873 601.178 600.998 600.9442 600.9872 600.9592 600.919 601.0515 601.243 601.2115 601.0132 600.81 600.8458 601.0338 601.2138 601.126 600.9412 600.7988 600.8522 600.8445 600.7655 600.853 600.9835 600.8992 600.8898 601.0153 600.9492 600.8488 600.794 600.7653 600.8843 601.0745
602.229 602.1489 602.1479 602.1275 602.0278 602.0018 602.001 601.9828 601.8831 601.8542 601.8532 601.8375 601.7377 601.7073 601.7064 601.6955 601.595 601.5596 601.5585 601.5576 601.5048 601.4127 601.4117 601.4107 601.4097 601.3725 601.4628 601.4813 601.4033 601.3387 601.2562 601.1953 601.2737 601.4193 601.345 601.2742 601.2455 601.2407 601.2435 601.3297 601.3735 601.2615 601.2122 601.1797 601.171 601.1462 601.132 601.1425 601.154 601.1642 601.0805 600.9692 600.8438 600.9257 601.0157 601.095 601.0825 601.0692 601.076 601.0815 601.012 600.9407 601.066 601.1815
602.7206 602.6488 602.6478 602.6193 602.5195 602.5017 602.5009 602.4744 602.3747 602.3541 602.3531 602.3292 602.2295 602.2073 602.2063 602.1912 602.0907 602.0596 602.0585 602.0575 601.9963 601.9127 601.9116 601.9106 601.9097 601.8602 601.7639 601.7629 601.762 601.7608 601.7322 601.6332 601.6149 601.6137 601.6122 601.6117 601.61 601.5388 601.4651 601.4641 601.4631 601.4619 601.4611 601.4602 601.407 601.3205 601.2825 601.3148 601.351 601.3855 601.3465 601.2963 601.2795 601.299 601.31 601.3453 601.3057 601.1635 601.2188 601.3152 601.2402 601.143 601.2695 601.3115
603.2123 603.1487 603.1477 603.111 603.0112 603.0016 603.0007 602.966 602.8663 602.8541 602.853 602.821 602.7213 602.7072 602.7062 602.687 602.5866 602.5597 602.5583 602.5574 602.4879 602.4125 602.4116 602.4105 602.4095 602.3479 602.2639 602.2629 602.262 602.2607 602.224 602.1249 602.1149 602.1136 602.1121 602.1116 602.1101 602.0225 601.9652 601.9641 601.9631 601.9618 601.9611 601.9603 601.8909 601.8151 601.8135 601.8124 601.8113 601.8102 601.8092 601.8082 601.8072 601.7874 601.786 601.696 601.6595 601.6584 601.6575 601.6564 601.6555 601.6541 601.6526 601.6515
603.7041 603.6486 603.6476 603.6027 603.503 603.5015 603.5004 603.4576 603.3579 603.3539 603.353 603.3127 603.213 603.2072 603.2061 603.1827 603.0825 603.0598 603.0583 603.0573 602.9796 602.9125 602.9114 602.9105 602.9092 602.8356 602.7639 602.7631 602.7619 602.7606 602.7158 602.6168 602.6148 602.6135 602.6122 602.6115 602.6043 602.5062 602.4652 602.4639 602.463 602.4617 602.4609 602.4601 602.3749 602.3151 602.3134 602.3124 602.3113 602.3101 602.3091 602.3081 602.3068 602.2673 602.2661 602.176 602.1595 602.1585 602.1575 602.1563 602.1555 602.1541 602.1525 602.1516
