samples/sfe_24/sfe_24_c3/sfe_24_c3/sfe_24_c3.asc
ncols         275
nrows         75
xllcorner     98.60000000149
yllcorner     70.60000000149
cellsize      0.7
NODATA_value  -9999
[rows 28 to 55 of 75, columns 128 to 191 of 275]
602.3927 602.3914 602.39 602.389 602.388 602.387 602.3857 602.3847 602.3837 602.3827 602.381 602.38 602.379 602.3777 602.377 602.3757 602.3747 602.3737 602.3723 602.3707 602.3699 602.2792 602.2691 602.2679 602.2664 602.2654 602.2644 602.2634 602.2621 602.2611 602.2601 602.2405 602.2191 602.129 602.1123 602.1113 602.1103 602.1093 602.1083 602.1073 602.1058 602.0157 601.9604 601.9595 601.9585 601.9574 601.9557 601.9258 601.8283 601.8096 601.8087 601.8076 601.8066 601.7572 601.6609 601.6598 601.6588 601.6578 601.6232 601.5258 601.512 601.5099 601.509 601.4142
601.9128 601.9115 601.91 601.9089 601.908 601.9069 601.9058 601.9048 601.9037 601.9027 601.901 601.9 601.8989 601.8978 601.897 601.8958 601.8948 601.8937 601.8922 601.8907 601.89 601.7993 601.7692 601.7679 601.7665 601.7654 601.7643 601.7634 601.7622 601.7612 601.7603 601.7585 601.739 601.649 601.6124 601.6113 601.6104 601.6094 601.6083 601.6072 601.6055 601.5319 601.4605 601.4595 601.4586 601.4573 601.4557 601.4419 601.3444 601.3097 601.3087 601.3077 601.3067 601.2695 601.1842 601.2043 601.2338 601.2567 601.2895 601.2108 600.986 600.9988 601.1373 601.151
601.4329 601.4316 601.4301 601.4288 601.4279 601.4268 601.4258 601.4249 601.4238 601.4226 601.4211 601.4199 601.4188 601.4178 601.4169 601.4158 601.4149 601.4136 601.4121 601.4108 601.4099 601.3194 601.2455 601.2545 601.3027 601.3398 601.3012 601.2445 601.22 601.2698 601.2953 601.3177 601.2868 601.251 601.2795 601.2395 601.0363 601.0013 601.1695 601.262 601.1295 601.0895 601.1762 601.2248 601.0725 600.919 601.0082 601.1467 601.0782 600.905 600.9072 600.8837 600.8152 600.8403 600.9897 600.9195 600.7463 600.7775 600.8983 600.894 600.7452 600.8155 601.0073 600.875
601.218 601.177 601.2535 601.219 601.0562 601.0953 601.2282 601.063 600.913 601.0828 601.2222 601.122 601.1152 601.2105 601.2053 601.1382 601.0602 600.9672 601.0909 601.2208 601.1645 601.1145 600.9803 600.9503 601.1122 601.2792 601.1323 600.9308 600.7913 600.9608 601.1545 601.1793 600.9797 600.8738 600.9887 600.9438 600.737 600.7335 600.9398 601.072 600.9665 600.9268 601.0032 600.9658 600.7835 600.5785 600.7258 600.8725 600.9182 600.8278 600.8187 600.7615 600.7607 600.7935 600.8295 600.6873 600.4188 600.4323 600.6337 600.6553 600.5242 600.592 600.771 600.6473
601.1693 601.1893 601.1998 601.0625 600.8818 600.9255 601.0787 600.9825 600.7932 600.8677 601.026 601.0112 600.9265 600.9205 600.9538 601.0292 601.0518 600.9315 600.8953 600.982 601.0513 600.9865 600.792 600.6978 600.7838 600.8752 600.857 600.7728 600.7352 600.749 600.783 600.7678 600.6485 600.5875 600.6516 600.6215 600.4913 600.5275 600.691 600.8823 600.8755 600.7785 600.7915 600.7305 600.563 600.4505 600.564 600.5945 600.599 600.54 600.5563 600.6642 600.7318 600.6937 600.5128 600.416 600.3212 600.2723 600.422 600.518 600.3698 600.3438 600.3695 600.2613
600.8793 600.905 600.9645 600.9005 600.7255 600.6965 600.8447 600.8335 600.6755 600.706 600.8943 600.9822 600.791 600.6042 600.563 600.7568 600.9442 600.9197 600.7202 600.695 600.8062 600.6945 600.5545 600.536 600.5458 600.48 600.5422 600.6998 600.8098 600.6392 600.4712 600.4265 600.4728 600.463 600.4645 600.41 600.3472 600.3443 600.5073 600.711 600.641 600.4523 600.459 600.496 600.3605 600.3932 600.4557 600.2828 600.22 600.2747 600.2703 600.3602 600.411 600.2932 600.1547 600.2308 600.2737 600.1537 600.1948 600.3855 600.3055 600.1127 599.9955 600.0018
600.586 600.5555 600.694 600.7405 600.5917 600.4957 600.5615 600.5583 600.4865 600.5825 600.7695 600.8577 600.6555 600.4518 600.4085 600.6097 600.805 600.7688 600.5632 600.522 600.6263 600.5123 600.4282 600.5295 600.5388 600.381 600.3663 600.5267 600.6535 600.4813 600.32 600.3663 600.4265 600.414 600.3998 600.3945 600.3068 600.2015 600.3207 600.5155 600.4603 600.239 600.2545 600.3455 600.2185 600.2385 600.2847 600.1238 600.1003 600.2233 600.2048 600.075 600.0266 599.9777 599.9418 600.0705 600.1152 599.9513 600.0378 600.2285 600.1475 599.957 599.8593 599.982
600.52 600.372 600.3633 600.4738 600.5115 600.5165 600.508 600.4977 600.5023 600.5818 600.673 600.7025 600.5103 600.343 600.4092 600.582 600.6722 600.648 600.5465 600.524 600.566 600.504 600.3985 600.3563 600.3383 600.218 600.1638 600.2265 600.2483 600.234 600.2695 600.3777 600.3385 600.2327 600.1722 600.1785 600.1163 600.018 600.0325 600.1058 600.1308 600.135 600.2347 600.2765 600.208 600.218 600.134 599.96 599.9188 600.008 599.9543 599.8215 599.824 599.9163 599.9623 599.897 599.8102 599.7523 599.901 600.0048 599.8765 599.8303 599.83 599.802
600.5724 600.3632 600.17 600.2665 600.4512 600.5342 600.45 600.4285 600.4255 600.4257 600.4513 600.5145 600.3895 600.2385 600.3027 600.4 600.3987 600.3915 600.3785 600.3685 600.36 600.3435 600.2835 600.2103 600.185 600.1387 600.118 600.0877 599.9988 600.066 600.2435 600.327 600.1277 599.9575 599.951 600.0025 599.9707 599.9617 599.96 599.8928 599.899 600.0493 600.1573 600.075 600.0292 600.1005 600.019 599.8375 599.7598 599.834 599.7792 599.6968 599.8033 599.9893 600.003 599.7935 599.5798 599.589 599.7873 599.7783 599.6597 599.7632 599.8145 599.671
600.4708 600.2902 600.1058 600.1818 600.3652 600.3918 600.2198 600.1797 600.1803 600.1788 600.201 600.362 600.3287 600.1595 600.0835 600.113 600.107 600.0993 600.0905 600.0835 600.1097 600.106 600.1685 600.261 600.26 600.2255 600.187 600.1317 599.968 599.976 600.1295 600.211 600.0177 599.8467 599.961 600.0703 600.0495 600.0223 600.0258 599.9105 599.7953 599.8913 599.9295 599.771 599.7412 599.8813 599.8983 599.759 599.7785 599.9085 599.86 599.7 599.736 599.913 599.9152 599.6978 599.4967 599.4935 599.6683 599.6813 599.5815 599.671 599.7433 599.6845
600.2048 600.2568 600.1765 600.138 600.2905 600.3805 600.1893 600.0648 600.1077 600.1273 600.0543 600.2158 600.325 600.2197 600.0082 599.9307 599.924 599.9165 599.907 599.97 600.1035 600.1257 600.1823 600.275 600.2762 600.268 600.156 600.0265 599.968 599.9525 599.9122 600.002 599.9152 599.7817 599.9505 600.0887 600.0093 599.891 599.955 599.9078 599.6978 599.6898 599.6797 599.5815 599.5547 599.617 599.724 599.7752 599.8882 599.9407 599.9008 599.7968 599.777 599.8528 599.8285 599.63 599.4968 599.573 599.582 599.573 599.5977 599.538 599.4958 599.5013
600.026 600.2162 600.2087 600.101 600.233 600.4012 600.2495 600.078 600.1465 600.182 600.0267 600.0428 600.148 600.1362 600.093 600.0652 600.0582 600.05 600.0403 600.0463 600.073 600.0652 600.0495 600.0345 600.0237 600.097 600.0128 599.8445 599.9016 599.9182 599.7765 599.8658 599.8484 599.6948 599.7425 599.829 599.736 599.6542 599.7878 599.8885 599.775 599.7217 599.715 599.7057 599.674 599.5748 599.6198 599.7737 599.7975 599.6965 599.676 599.653 599.6403 599.679 599.7205 599.5757 599.5018 599.6163 599.527 599.4888 599.5945 599.4715 599.3688 599.4465
600.036 600.1678 600.1298 600.0225 600.133 600.284 600.1865 600.0625 600.1075 600.1338 600.0125 599.9672 600.0095 600.0403 600.1753 600.235 600.227 600.195 600.1542 600.0395 599.8693 599.8185 599.8043 599.8152 599.8315 599.9478 599.9382 599.8248 599.8903 599.8752 599.7242 599.7842 599.799 599.6575 599.585 599.625 599.5955 599.5938 599.7493 599.9127 599.8912 599.833 599.822 599.828 599.7878 599.6382 599.6127 599.7085 599.6677 599.5132 599.464 599.4227 599.4053 599.4775 599.665 599.6033 599.5175 599.5512 599.4542 599.4277 599.5245 599.4542 599.429 599.4934
600.1932 600.1097 599.9795 599.948 599.9838 600.0018 600.0518 600.1158 600.0732 600.0468 600.1193 600.1452 600.1097 600.1245 600.2147 600.2515 600.2686 600.224 600.08 599.8983 599.7753 599.7527 599.7068 599.7622 599.8718 599.883 599.8353 599.9012 600.0052 599.8632 599.663 599.6015 599.7343 599.751 599.6143 599.6418 599.6857 599.626 599.7335 599.9365 599.9037 599.7523 599.755 599.7892 599.6892 599.6669 599.6664 599.6193 599.6276 599.5885 599.4245 599.3455 599.3602 599.4193 599.635 599.6782 599.5978 599.465 599.391 599.3813 599.402 599.3702 599.37 599.4323
600.2473 600.0865 599.978 600.071 600.0878 599.9747 600.0025 600.144 600.0625 600.0142 600.1633 600.1595 600.0585 600.0497 600.0443 600.0388 600.0988 600.148 599.9935 599.8615 599.9308 599.9562 599.8387 599.8248 599.9593 599.8912 599.7975 599.943 600.064 599.8655 599.6435 599.5348 599.7208 599.814 599.686 599.723 599.785 599.6605 599.7395 599.9407 599.8735 599.6718 599.678 599.7655 599.631 599.6752 599.73 599.5885 599.6575 599.675 599.5055 599.5103 599.5905 599.5805 599.577 599.5757 599.572 599.5635 599.5535 599.549 599.5495 599.545 599.5377 599.5285
600.1965 600.1125 600.076 600.156 600.1652 600.0722 600.0547 600.1187 600.0098 599.9643 600.081 600.0667 599.9445 599.8887 599.8713 599.9117 600.001 600.0588 599.9373 599.9117 600.1265 600.1795 600.0328 599.9077 599.9473 599.842 599.7535 599.8732 600.042 599.9455 599.7727 599.6845 599.8255 599.894 599.795 599.826 599.8412 599.687 599.769 599.9705 599.9022 599.7003 599.7068 599.8035 599.663 599.6548 599.7285 599.6542 599.6693 599.6422 599.537 599.6873 599.8412 599.7963 599.632 599.571 599.6243 599.74 599.7407 599.692 599.7112 599.7485 599.7352 599.7225
600.0998 600.1868 600.2197 600.1093 600.0817 600.1737 600.1775 600.056 599.9475 599.9692 600.0275 600.144 600.0642 599.8888 599.8412 600.0065 600.1152 600.0258 599.925 599.976 600.1583 600.1932 600.176 600.0643 599.92 599.7813 599.7787 599.8083 599.9373 599.9948 599.9465 599.9162 599.9423 599.9505 599.9218 599.9313 599.8538 599.708 599.8165 600.0185 599.9585 599.7603 599.7668 599.8588 599.7068 599.5643 599.691 599.8068 599.7802 599.6323 599.6152 599.7755 599.886 599.8645 599.8027 599.7642 599.8157 599.857 599.7302 599.5693 599.6238 599.78 599.7755 599.6923
600.1022 600.2535 600.3542 600.245 600.2167 600.309 600.2557 600.0835 600.0537 600.1663 600.2003 600.2845 600.1732 599.9662 599.9097 600.1105 600.2645 600.2065 600.1365 600.1145 600.0712 600.053 600.1445 600.135 599.9555 599.882 599.9847 599.9813 599.9418 599.9025 599.8853 599.871 599.8743 599.8645 599.8565 599.8505 599.7805 599.7363 599.8963 600.0975 600.0292 599.839 599.847 599.9355 599.7805 599.6063 599.767 599.9368 599.9628 599.8533 599.8303 599.797 599.7903 599.7795 599.7715 599.771 599.8428 599.9268 599.7795 599.5712 599.6517 599.8467 599.8342 599.7337
600.118 600.21 600.3855 600.4377 600.3805 600.4102 600.3972 600.28 600.2215 600.2653 600.2728 600.284 600.2315 600.1555 600.1567 600.2875 600.3652 600.2815 600.2178 600.1873 600.127 600.1022 600.135 600.1412 600.0757 600.1274 600.2 600.1305 600.0338 599.9852 599.9715 599.937 599.8607 599.819 599.8505 599.8325 599.7975 599.876 599.9805 600.053 600.0302 599.9622 600.0275 600.1102 600.0167 599.8932 599.9938 600.1002 600.0778 599.971 599.9597 599.798 599.6973 599.724 599.796 599.7758 599.859 600.0092 599.8998 599.7682 599.8942 600.0645 599.9735 599.8112
600.2675 600.2572 600.4012 600.4677 600.3257 600.2995 600.4243 600.4122 600.315 600.2438 600.217 600.1702 600.2675 600.3958 600.4218 600.3915 600.362 600.2397 600.1907 600.22 600.2912 600.2938 600.173 600.1188 600.259 600.417 600.2945 600.1177 600.0908 600.187 600.201 600.219 600.0823 599.9895 600.0893 600.0465 600.0075 600.1323 600.0773 599.9117 599.958 600.1355 600.256 600.2255 600.1998 600.1745 600.1815 600.18 600.1122 600.017 599.9985 599.9442 599.9117 599.9767 600.1387 600.045 599.999 600.1417 600.0525 599.9937 600.1423 600.2053 600.1312 600.0095
600.4933 600.5048 600.577 600.539 600.3665 600.2762 600.3558 600.367 600.4127 600.452 600.415 600.2855 600.3605 600.4975 600.4265 600.322 600.3372 600.4042 600.441 600.4105 600.331 600.3052 600.212 600.231 600.389 600.54 600.3792 600.186 600.1212 600.1865 600.2188 600.3305 600.2395 600.1718 600.2895 600.2457 600.174 600.283 600.1967 600.01 600.0745 600.279 600.3632 600.2242 600.1843 600.1778 600.2022 600.197 600.252 600.291 600.2805 600.2697 600.3102 600.35 600.3865 600.2432 600.1815 600.3082 600.2555 600.1262 600.1818 600.236 600.2695 600.3533
600.7537 600.7005 600.6227 600.5295 600.4295 600.4238 600.4567 600.398 600.4515 600.558 600.5575 600.5292 600.5302 600.5165 600.3668 600.2825 600.379 600.6628 600.7515 600.603 600.3635 600.3715 600.4352 600.4467 600.4518 600.4697 600.4402 600.3998 600.3615 600.278 600.2582 600.3193 600.3025 600.271 600.4683 600.4985 600.417 600.3495 600.2598 600.1705 600.259 600.4537 600.5373 600.352 600.2697 600.2872 600.3205 600.2805 600.4437 600.555 600.5128 600.4705 600.5573 600.6015 600.5112 600.4235 600.4658 600.4795 600.4667 600.3702 600.3047 600.4083 600.495 600.5917
600.8932 600.7025 600.573 600.6057 600.6225 600.745 600.7485 600.5897 600.5295 600.6102 600.6475 600.7725 600.7055 600.5507 600.5137 600.555 600.5942 600.7155 600.755 600.6328 600.5167 600.6437 600.8215 600.7242 600.5297 600.3647 600.5313 600.7025 600.811 600.6273 600.4535 600.418 600.4735 600.4918 600.5985 600.6393 600.5958 600.5463 600.505 600.4323 600.4605 600.6325 600.8305 600.7037 600.5552 600.5983 600.657 600.531 600.6255 600.7085 600.5313 600.4475 600.632 600.72 600.6355 600.6832 600.7355 600.623 600.702 600.7083 600.652 600.7555 600.7505 600.7105
601.0193 600.826 600.7682 600.9095 600.9493 601.0005 600.9072 600.7465 600.7642 600.9027 600.9275 600.988 600.8743 600.7345 600.8112 600.9092 600.864 600.7537 600.7213 600.664 600.7062 600.863 601.0455 600.9398 600.7305 600.5458 600.6802 600.8658 600.9965 600.8265 600.6735 600.7185 600.825 600.7912 600.7477 600.7135 600.757 600.8472 600.8652 600.75 600.6808 600.8237 601.0515 600.9407 600.7625 600.807 600.8677 600.777 600.8572 600.9193 600.741 600.654 600.8335 600.9815 600.868 600.9147 600.9705 600.8632 601.0278 601.0475 600.9373 601.0483 601.0292 600.9857
601.0917 601.052 601.1445 601.2682 601.2833 601.1693 600.9647 600.8912 601.0527 601.1688 601.1068 601.1535 601.165 601.109 601.1905 601.26 601.1465 600.896 600.8962 600.9975 601.0202 601.0092 601.0972 601.0955 600.9222 600.7468 600.805 600.8903 600.958 600.9662 600.9952 601.1725 601.1537 601.0048 600.8392 600.887 601.0468 601.1832 601.1163 600.941 600.9022 600.9662 601.0563 601.0007 600.9158 600.969 600.9975 600.9763 601.0203 601.129 601.1455 601.189 601.1895 601.21 601.2072 601.2057 601.199 601.2662 601.301 601.2997 601.2987 601.3034 601.3988 601.4385
601.1932 601.2903 601.408 601.3488 601.319 601.259 601.1965 601.204 601.3422 601.3105 601.1548 601.1852 601.2975 601.298 601.3027 601.3052 601.2222 601.1145 601.2363 601.4362 601.3823 601.1912 601.2 601.2927 601.1533 601.0565 601.1375 601.2477 601.2372 601.269 601.3075 601.3285 601.2863 601.2267 601.2215 601.2733 601.3185 601.2888 601.3561 601.3931 601.3922 601.3912 601.3902 601.3892 601.3882 601.446 601.5289 601.5278 601.5263 601.525 601.524 601.55 601.6453 601.6638 601.6629 601.6616 601.6602 601.7402 601.8012 601.7997 601.7988 601.7978 601.8828 601.9385
601.6514 601.6501 601.6486 601.6475 601.6465 601.6454 601.6445 601.6434 601.6423 601.6411 601.6396 601.6385 601.6375 601.6365 601.6355 601.6343 601.6335 601.6321 601.6307 601.6295 601.6286 601.6275 601.6266 601.6255 601.6245 601.6235 601.6225 601.6424 601.737 601.7433 601.7609 601.7593 601.7584 601.7574 601.7563 601.7551 601.7542 601.7532 601.8361 601.8935 601.8922 601.8912 601.8903 601.8892 601.8882 601.9301 602.0255 602.0278 602.0264 602.0251 602.0241 602.0339 602.1292 602.1637 602.163 602.1617 602.1603 602.228 602.3014 602.2998 602.2988 602.2979 602.3668 602.4384
602.1513 602.15 602.1486 602.1475 602.1465 602.1455 602.1445 602.1433 602.1423 602.1411 602.1395 602.1385 602.1375 602.1365 602.1356 602.1343 602.1335 602.132 602.1308 602.1295 602.1285 602.1276 602.1265 602.1255 602.1245 602.1235 602.1226 602.1224 602.217 602.2233 602.2609 602.2594 602.2584 602.2574 602.2564 602.2551 602.2541 602.2531 602.3162 602.3837 602.3923 602.3913 602.3903 602.3893 602.3883 602.4139 602.5095 602.5279 602.5264 602.5251 602.5242 602.5234 602.6131 602.6636 602.663 602.6618 602.6605 602.7159 602.8015 602.7999 602.7989 602.7979 602.8508 602.9383
