samples/sfe_95/sfe_95_c4/sfe_95_c4/sfe_95_c4.asc
ncols         647
nrows         184
xllcorner     100
yllcorner     8
cellsize      1
NODATA_value  -9999
[rows 29 to 57 of 184, columns 384 to 447 of 647]
609.2611 609.2601 609.2585 609.2575 609.256 609.2549 609.2539 609.2523 609.2513 609.2499 609.2493 609.2492 609.2491 609.2485 609.2475 609.246 609.2441 609.2432 609.2418 609.2402 609.2391 609.2375 609.2365 609.2352 609.2346 609.2346 609.2345 609.234 609.2327 609.2311 609.23 609.2287 609.2277 609.2261 609.225 609.2233 609.2223 609.2208 609.2193 609.2183 609.2168 609.2153 609.2143 609.2133 609.2119 609.21 609.2086 609.2071 609.2059 609.205 609.2036 609.2021 609.2009 609.1991 609.1963 609.1935 609.1913 609.1897 609.1887 609.1876 609.186 609.185 609.1835 609.1824
609.249 609.2479 609.2464 609.2454 609.2439 609.2428 609.2418 609.2401 609.2391 609.2377 609.2373 609.2372 609.2371 609.2365 609.2355 609.234 609.2321 609.2311 609.2297 609.2281 609.2271 609.2255 609.2245 609.2231 609.2227 609.2227 609.2227 609.2221 609.2208 609.2192 609.2181 609.2168 609.2158 609.2142 609.2131 609.2114 609.2104 609.2089 609.2074 609.2064 609.2049 609.2034 609.2024 609.2014 609.2 609.198 609.1967 609.1952 609.194 609.1931 609.1917 609.1902 609.189 609.1872 609.1844 609.1816 609.1792 609.1777 609.1766 609.1755 609.174 609.1729 609.1714 609.1703
609.2368 609.2358 609.2343 609.2333 609.2318 609.2307 609.2296 609.228 609.2271 609.2255 609.2253 609.2252 609.2251 609.2245 609.2235 609.222 609.2202 609.2191 609.2178 609.2161 609.2151 609.2135 609.2125 609.211 609.2108 609.2108 609.2108 609.2102 609.2089 609.2074 609.2062 609.2049 609.2039 609.2024 609.2012 609.1995 609.1985 609.197 609.1955 609.1945 609.193 609.1915 609.1905 609.1895 609.188 609.1861 609.1848 609.1832 609.1821 609.1812 609.1797 609.1782 609.1771 609.1752 609.1725 609.1697 609.1671 609.1656 609.1645 609.1635 609.1619 609.1608 609.1594 609.1582
609.2247 609.2236 609.2221 609.2211 609.2196 609.2186 609.2175 609.2159 609.2149 609.2134 609.2133 609.2132 609.2131 609.2125 609.2115 609.21 609.2081 609.2071 609.2057 609.2041 609.203 609.2015 609.2005 609.1989 609.1989 609.1989 609.1989 609.1984 609.197 609.1955 609.1944 609.193 609.192 609.1905 609.1894 609.1876 609.1866 609.1851 609.1836 609.1826 609.1811 609.1796 609.1786 609.1776 609.1761 609.1742 609.1728 609.1713 609.1702 609.1693 609.1678 609.1663 609.1652 609.1633 609.1606 609.1578 609.155 609.1536 609.1523 609.1514 609.1498 609.1487 609.1473 609.1462
609.2126 609.2115 609.21 609.209 609.2075 609.2064 609.2053 609.2038 609.2028 609.2014 609.2013 609.2012 609.201 609.2005 609.1995 609.198 609.1961 609.1951 609.1937 609.1921 609.191 609.1895 609.1885 609.1871 609.187 609.187 609.187 609.1865 609.1851 609.1836 609.1825 609.1811 609.1801 609.1786 609.1775 609.1757 609.1747 609.1732 609.1717 609.1707 609.1692 609.1677 609.1667 609.1657 609.1642 609.1623 609.1609 609.1594 609.1583 609.1573 609.1559 609.1544 609.1533 609.1514 609.1486 609.1459 609.1431 609.1416 609.1403 609.1393 609.1377 609.1367 609.1352 609.1341
609.2004 609.1994 609.1979 609.1968 609.1954 609.1943 609.1931 609.1917 609.1907 609.1894 609.1893 609.1892 609.1891 609.1885 609.1875 609.186 609.1841 609.1831 609.1816 609.1801 609.1789 609.1775 609.1765 609.1752 609.1752 609.1751 609.1751 609.1746 609.1732 609.1717 609.1706 609.1692 609.1682 609.1667 609.1656 609.1638 609.1628 609.1613 609.1598 609.1588 609.1573 609.1558 609.1548 609.1538 609.1523 609.1503 609.1489 609.1475 609.1464 609.1454 609.144 609.1425 609.1414 609.1395 609.1367 609.134 609.1312 609.1296 609.1282 609.1272 609.1256 609.1246 609.1231 609.122
609.1883 609.1873 609.1857 609.1847 609.1832 609.1822 609.1809 609.1796 609.1786 609.1774 609.1773 609.1772 609.1771 609.1765 609.1755 609.174 609.1721 609.1711 609.1697 609.1681 609.1669 609.1655 609.1645 609.1633 609.1633 609.1633 609.1632 609.1627 609.1613 609.1598 609.1588 609.1573 609.1563 609.1548 609.1537 609.1519 609.1509 609.1494 609.1479 609.1469 609.1454 609.1439 609.1429 609.1419 609.1404 609.1384 609.137 609.1355 609.1345 609.1335 609.132 609.1305 609.1295 609.1276 609.1248 609.1221 609.1193 609.1176 609.1161 609.1151 609.1135 609.1125 609.111 609.1099
609.1761 609.1751 609.1736 609.1726 609.1711 609.17 609.1688 609.1675 609.1664 609.1654 609.1653 609.1652 609.165 609.1646 609.1635 609.162 609.1601 609.1591 609.1576 609.1561 609.1548 609.1535 609.1525 609.1514 609.1514 609.1514 609.1514 609.1508 609.1494 609.1479 609.1469 609.1454 609.1444 609.1429 609.1418 609.14 609.139 609.1375 609.136 609.1349 609.1335 609.132 609.131 609.13 609.1285 609.1265 609.1251 609.1236 609.1226 609.1216 609.1201 609.1186 609.1176 609.1157 609.1129 609.1101 609.1074 609.1056 609.104 609.103 609.1014 609.1004 609.0989 609.0978
609.1641 609.163 609.1614 609.1605 609.1589 609.158 609.1566 609.1554 609.1542 609.1534 609.1533 609.1532 609.1531 609.1525 609.1515 609.15 609.1481 609.147 609.1456 609.144 609.1428 609.1415 609.1404 609.1395 609.1395 609.1395 609.1395 609.1389 609.1375 609.136 609.1349 609.1335 609.1325 609.131 609.1299 609.1281 609.1271 609.1255 609.1241 609.123 609.1216 609.1201 609.1191 609.1181 609.1166 609.1146 609.1132 609.1116 609.1107 609.1097 609.1082 609.1066 609.1057 609.1038 609.101 609.0982 609.0955 609.0934 609.0919 609.0909 609.0894 609.0883 609.0869 609.0858
609.1519 609.1509 609.1494 609.1483 609.1469 609.1458 609.1444 609.1432 609.142 609.1414 609.1413 609.1412 609.1411 609.1405 609.1395 609.138 609.136 609.135 609.1335 609.132 609.1307 609.1295 609.1283 609.1276 609.1276 609.1276 609.1276 609.1271 609.1256 609.1241 609.1231 609.1216 609.1206 609.1191 609.1181 609.1161 609.1152 609.1136 609.1122 609.1111 609.1097 609.1082 609.1072 609.1062 609.1047 609.1027 609.1013 609.0997 609.0987 609.0977 609.0963 609.0947 609.0937 609.0919 609.0891 609.0863 609.0836 609.0814 609.0798 609.0788 609.0773 609.0762 609.0748 609.0737
609.1398 609.1387 609.1372 609.1362 609.1347 609.1337 609.1323 609.1312 609.1298 609.1294 609.1293 609.1292 609.1291 609.1285 609.1275 609.126 609.124 609.123 609.1216 609.1201 609.1187 609.1175 609.1162 609.1158 609.1157 609.1157 609.1157 609.1152 609.1137 609.1122 609.1112 609.1097 609.1088 609.1072 609.1062 609.1042 609.1033 609.1017 609.1003 609.0992 609.0978 609.0963 609.0953 609.0943 609.0928 609.0908 609.0893 609.0878 609.0868 609.0858 609.0844 609.0828 609.0818 609.0799 609.0771 609.0744 609.0716 609.0692 609.0677 609.0667 609.0652 609.0641 609.0627 609.0616
609.1276 609.1266 609.1251 609.124 609.1226 609.1216 609.1201 609.1191 609.1176 609.1174 609.1173 609.1172 609.1171 609.1165 609.1155 609.114 609.112 609.111 609.1095 609.108 609.1066 609.1055 609.1041 609.1039 609.1039 609.1038 609.1038 609.1033 609.1018 609.1003 609.0993 609.0978 609.0969 609.0953 609.0943 609.0923 609.0914 609.0898 609.0884 609.0873 609.0859 609.0844 609.0834 609.0824 609.0809 609.0789 609.0774 609.0759 609.0749 609.0739 609.0724 609.0709 609.0699 609.068 609.0652 609.0624 609.0597 609.0571 609.0556 609.0546 609.0531 609.0521 609.0506 609.0496
609.1155 609.1144 609.1129 609.1119 609.1104 609.1094 609.1079 609.1069 609.1055 609.1054 609.1053 609.1052 609.105 609.1045 609.1035 609.102 609.1 609.099 609.0975 609.096 609.0945 609.0935 609.092 609.092 609.092 609.092 609.0919 609.0914 609.0899 609.0884 609.0875 609.0859 609.085 609.0834 609.0825 609.0804 609.0795 609.0779 609.0765 609.0754 609.074 609.0724 609.0715 609.0705 609.069 609.067 609.0654 609.064 609.063 609.062 609.0605 609.059 609.058 609.0561 609.0533 609.0505 609.0478 609.045 609.0435 609.0425 609.041 609.04 609.0385 609.0375
609.1034 609.1023 609.1008 609.0998 609.0983 609.0974 609.0958 609.0948 609.0935 609.0934 609.0933 609.0932 609.0931 609.0925 609.0915 609.09 609.088 609.087 609.0854 609.084 609.0825 609.0815 609.0801 609.0801 609.0801 609.0801 609.0801 609.0795 609.0781 609.0765 609.0756 609.0741 609.0731 609.0715 609.0706 609.0685 609.0675 609.066 609.0645 609.0635 609.062 609.0605 609.0595 609.0585 609.0571 609.055 609.0535 609.052 609.051 609.05 609.0485 609.047 609.046 609.0442 609.0414 609.0386 609.0359 609.0331 609.0315 609.0304 609.029 609.028 609.0264 609.0254
609.0912 609.0901 609.0886 609.0876 609.0862 609.0852 609.0837 609.0827 609.0815 609.0814 609.0813 609.0812 609.0811 609.0805 609.0795 609.0779 609.076 609.075 609.0734 609.072 609.0705 609.0695 609.0682 609.0682 609.0682 609.0682 609.0682 609.0676 609.0662 609.0647 609.0637 609.0622 609.0612 609.0597 609.0587 609.0566 609.0556 609.0541 609.0526 609.0516 609.0501 609.0486 609.0476 609.0466 609.0452 609.0431 609.0416 609.0401 609.0391 609.0381 609.0366 609.0351 609.0341 609.0322 609.0295 609.0267 609.0239 609.0212 609.0195 609.0183 609.0169 609.0159 609.0143 609.0133
609.0791 609.0781 609.0765 609.0755 609.074 609.0731 609.0716 609.0706 609.0695 609.0694 609.0693 609.0692 609.0691 609.0685 609.0675 609.066 609.064 609.0629 609.0614 609.06 609.0585 609.0575 609.0564 609.0563 609.0563 609.0563 609.0563 609.0557 609.0543 609.0528 609.0518 609.0503 609.0493 609.0478 609.0468 609.0447 609.0437 609.0422 609.0407 609.0397 609.0382 609.0367 609.0357 609.0347 609.0332 609.0312 609.0297 609.0282 609.0272 609.0262 609.0247 609.0232 609.0222 609.0203 609.0176 609.0148 609.012 609.0093 609.0075 609.0062 609.0049 609.0038 609.0023 609.0012
609.067 609.0659 609.0644 609.0634 609.062 609.061 609.0595 609.0585 609.0575 609.0574 609.0573 609.0572 609.0571 609.0565 609.0555 609.054 609.0519 609.0509 609.0494 609.048 609.0465 609.0455 609.0445 609.0445 609.0444 609.0444 609.0444 609.0439 609.0424 609.0409 609.0399 609.0384 609.0374 609.0359 609.0349 609.0328 609.0318 609.0303 609.0288 609.0278 609.0263 609.0248 609.0238 609.0228 609.0213 609.0193 609.0178 609.0163 609.0153 609.0143 609.0128 609.0113 609.0103 609.0084 609.0057 609.0029 609.0001 608.9974 608.9955 608.9941 608.9928 608.9917 608.9902 608.9891
609.0548 609.0538 609.0522 609.0513 609.0498 609.0488 609.0474 609.0463 609.0455 609.0454 609.0453 609.0452 609.045 609.0445 609.0435 609.0419 609.0399 609.0389 609.0373 609.0359 609.0345 609.0335 609.0326 609.0326 609.0326 609.0325 609.0325 609.032 609.0305 609.0291 609.028 609.0265 609.0255 609.024 609.023 609.021 609.0199 609.0184 609.0169 609.0159 609.0144 609.0129 609.0119 609.0109 609.0094 609.0073 609.0059 609.0043 609.0034 609.0024 609.0009 608.9993 608.9984 608.9965 608.9937 608.991 608.9882 608.9854 608.9835 608.982 608.9808 608.9796 608.9781 608.9771
609.0427 609.0416 609.0401 609.0391 609.0377 609.0367 609.0353 609.0341 609.0335 609.0334 609.0333 609.0332 609.0331 609.0325 609.0315 609.0299 609.028 609.0269 609.0253 609.0239 609.0225 609.0214 609.0208 609.0207 609.0207 609.0207 609.0206 609.0201 609.0186 609.0172 609.0161 609.0146 609.0136 609.0121 609.0111 609.0091 609.008 609.0065 609.005 609.004 609.0025 609.001 609 608.999 608.9975 608.9954 608.994 608.9924 608.9915 608.9905 608.989 608.9874 608.9865 608.9846 608.9818 608.9791 608.9763 608.9735 608.9714 608.9699 608.9688 608.9675 608.9661 608.965
609.0306 609.0295 609.028 609.027 609.0256 609.0246 609.0232 609.022 609.0215 609.0214 609.0213 609.0212 609.0211 609.0205 609.0195 609.0179 609.0159 609.0148 609.0132 609.0119 609.0105 609.0093 609.0089 609.0089 609.0088 609.0088 609.0088 609.0082 609.0067 609.0052 609.0042 609.0027 609.0017 609.0002 608.9992 608.9972 608.9961 608.9946 608.9931 608.9921 608.9906 608.9891 608.9881 608.9871 608.9855 608.9835 608.982 608.9805 608.9796 608.9786 608.9771 608.9755 608.9745 608.9727 608.9699 608.9672 608.9644 608.9616 608.9593 608.9578 608.9567 608.9554 608.954 608.9529
609.0184 609.0174 609.0159 609.0148 609.0134 609.0125 609.011 609.0098 609.0095 609.0094 609.0093 609.0092 609.009 609.0085 609.0075 609.0059 609.0039 609.0028 609.0012 608.9999 608.9985 608.9973 608.9969 608.9969 608.9969 608.9969 608.9969 608.9963 608.9948 608.9934 608.9923 608.9908 608.9898 608.9884 608.9873 608.9853 608.9842 608.9827 608.9812 608.9802 608.9787 608.9772 608.9762 608.9752 608.9736 608.9716 608.9701 608.9686 608.9677 608.9667 608.9651 608.9636 608.9626 608.9608 608.958 608.9552 608.9525 608.9497 608.9471 608.9457 608.9446 608.9434 608.942 608.9408
609.0063 609.0052 609.0037 609.0027 609.0013 609.0003 608.999 608.9976 608.9975 608.9974 608.9973 608.9972 608.9971 608.9965 608.9955 608.9939 608.9919 608.9908 608.9892 608.9879 608.9865 608.9852 608.9851 608.985 608.985 608.985 608.985 608.9844 608.9829 608.9815 608.9804 608.9789 608.9779 608.9765 608.9754 608.9734 608.9723 608.9708 608.9693 608.9683 608.9668 608.9653 608.9643 608.9633 608.9617 608.9597 608.9582 608.9567 608.9557 608.9547 608.9532 608.9517 608.9507 608.9489 608.946 608.9433 608.9406 608.9377 608.9351 608.9337 608.9326 608.9313 608.9299 608.9287
608.9941 608.9931 608.9916 608.9906 608.9892 608.9882 608.9869 608.9856 608.9855 608.9854 608.9853 608.9852 608.985 608.9845 608.9835 608.9819 608.9799 608.9788 608.9771 608.9759 608.9745 608.9732 608.9732 608.9732 608.9731 608.9731 608.9731 608.9725 608.971 608.9696 608.9685 608.967 608.966 608.9646 608.9635 608.9615 608.9604 608.9589 608.9574 608.9564 608.9549 608.9534 608.9524 608.9514 608.9498 608.9478 608.9463 608.9448 608.9438 608.9428 608.9413 608.9398 608.9388 608.937 608.9341 608.9314 608.9286 608.9258 608.9231 608.9216 608.9205 608.9192 608.9178 608.9166
608.9821 608.981 608.9794 608.9785 608.9771 608.976 608.9747 608.9736 608.9735 608.9734 608.9733 608.9731 608.9731 608.9725 608.9715 608.9698 608.9679 608.9667 608.9651 608.9638 608.9625 608.9613 608.9613 608.9613 608.9613 608.9612 608.9612 608.9606 608.9591 608.9578 608.9567 608.9551 608.9541 608.9528 608.9517 608.9496 608.9485 608.947 608.9455 608.9445 608.943 608.9415 608.9405 608.9395 608.9379 608.9359 608.9343 608.9329 608.9319 608.9309 608.9294 608.9279 608.9269 608.925 608.9222 608.9195 608.9167 608.9139 608.9112 608.9095 608.9084 608.9071 608.9057 608.9045
608.9699 608.9688 608.9673 608.9663 608.965 608.9639 608.9626 608.9616 608.9615 608.9614 608.9613 608.9612 608.9611 608.9605 608.9595 608.9578 608.9559 608.9547 608.9531 608.9518 608.9505 608.9495 608.9494 608.9494 608.9494 608.9494 608.9493 608.9487 608.9472 608.9459 608.9448 608.9432 608.9423 608.9409 608.9398 608.9377 608.9366 608.9351 608.9336 608.9326 608.9311 608.9296 608.9286 608.9276 608.926 608.924 608.9224 608.921 608.92 608.919 608.9175 608.916 608.915 608.9131 608.9103 608.9075 608.9048 608.902 608.8992 608.8974 608.8964 608.895 608.8936 608.8925
608.9578 608.9567 608.9552 608.9542 608.9528 608.9517 608.9505 608.9496 608.9495 608.9494 608.9493 608.9492 608.949 608.9485 608.9475 608.9459 608.9438 608.9427 608.941 608.9397 608.9385 608.9376 608.9376 608.9376 608.9375 608.9375 608.9375 608.9368 608.9353 608.934 608.9329 608.9313 608.9304 608.929 608.9279 608.9258 608.9247 608.9232 608.9217 608.9207 608.9192 608.9177 608.9167 608.9157 608.9141 608.912 608.9105 608.9091 608.9081 608.907 608.9055 608.9041 608.9031 608.9012 608.8984 608.8956 608.8929 608.8901 608.8873 608.8854 608.8843 608.8829 608.8816 608.8804
608.9456 608.9446 608.9431 608.942 608.9407 608.9395 608.9384 608.9376 608.9375 608.9374 608.9373 608.9372 608.9371 608.9365 608.9355 608.9338 608.9318 608.9307 608.929 608.9277 608.9265 608.9257 608.9257 608.9257 608.9257 608.9256 608.9256 608.9249 608.9235 608.9221 608.921 608.9194 608.9185 608.9171 608.916 608.9139 608.9128 608.9113 608.9098 608.9088 608.9073 608.9058 608.9048 608.9038 608.9022 608.9001 608.8986 608.8971 608.8961 608.8951 608.8936 608.8921 608.8911 608.8893 608.8865 608.8837 608.881 608.8782 608.8754 608.8734 608.8722 608.8708 608.8695 608.8683
608.9335 608.9324 608.9309 608.9299 608.9286 608.9274 608.9263 608.9256 608.9255 608.9254 608.9253 608.9252 608.925 608.9245 608.9235 608.9218 608.9198 608.9186 608.9169 608.9156 608.9145 608.9138 608.9138 608.9138 608.9138 608.9138 608.9137 608.913 608.9116 608.9102 608.9091 608.9076 608.9066 608.9052 608.9041 608.902 608.9009 608.8994 608.8979 608.8969 608.8954 608.8939 608.8929 608.8919 608.8902 608.8882 608.8867 608.8852 608.8842 608.8832 608.8817 608.8802 608.8792 608.8773 608.8746 608.8718 608.869 608.8663 608.8635 608.8613 608.86 608.8588 608.8574 608.8562
608.9214 608.9203 608.9188 608.9178 608.9165 608.9152 608.9141 608.9136 608.9135 608.9134 608.9133 608.9131 608.9131 608.9125 608.9115 608.9098 608.9078 608.9066 608.9049 608.9036 608.9025 608.9019 608.9019 608.9019 608.9019 608.9019 608.9019 608.9011 608.8997 608.8983 608.8972 608.8957 608.8947 608.8933 608.8922 608.8901 608.889 608.8875 608.886 608.8849 608.8835 608.882 608.881 608.88 608.8783 608.8763 608.8748 608.8733 608.8723 608.8713 608.8698 608.8683 608.8673 608.8654 608.8627 608.8599 608.8571 608.8544 608.8516 608.8493 608.848 608.8467 608.8453 608.8441
