samples/sfe_95/sfe_95_c4/sfe_95_c4/sfe_95_c4.asc
ncols         647
nrows         184
xllcorner     100
yllcorner     8
cellsize      1
NODATA_value  -9999
[rows 0 to 28 of 184, columns 256 to 319 of 647]
609.774 609.7727 609.7717 609.7708 609.7692 609.7677 609.7667 609.7652 609.7637 609.7629 609.7619 609.7603 609.759 609.7581 609.757 609.7557 609.7543 609.7533 609.7517 609.7503 609.7493 609.7483 609.7467 609.7454 609.7446 609.743 609.7416 609.7405 609.7396 609.738 609.7366 609.7356 609.7343 609.7328 609.7318 609.7308 609.7292 609.7278 609.7269 609.7259 609.7244 609.723 609.722 609.7205 609.7191 609.718 609.7171 609.7156 609.7142 609.7131 609.7117 609.7103 609.7092 609.7084 609.7068 609.7054 609.7043 609.7028 609.7015 609.7004 609.6995 609.6979 609.6965 609.6955
609.756 609.7552 609.7542 609.7532 609.7515 609.7502 609.7492 609.7475 609.7462 609.7457 609.7447 609.7429 609.7421 609.7411 609.7401 609.7393 609.7379 609.7369 609.7352 609.7339 609.7329 609.7319 609.7302 609.7293 609.7287 609.7271 609.7257 609.7247 609.7237 609.722 609.7207 609.7197 609.7188 609.7175 609.7164 609.7155 609.7137 609.7125 609.7118 609.7108 609.7091 609.7078 609.7072 609.7054 609.7042 609.7031 609.7024 609.7007 609.6995 609.6984 609.6971 609.6957 609.6948 609.6941 609.6924 609.6911 609.6901 609.6884 609.6874 609.6863 609.6854 609.6837 609.6824 609.6814
609.738 609.7376 609.7366 609.7356 609.7338 609.7327 609.7317 609.7298 609.7287 609.7284 609.7274 609.7255 609.7252 609.7242 609.7232 609.7228 609.7215 609.7205 609.7187 609.7175 609.7165 609.7155 609.7136 609.7132 609.7128 609.7111 609.7098 609.7088 609.7078 609.7059 609.7049 609.7039 609.7034 609.7021 609.701 609.7001 609.6982 609.6971 609.6967 609.6956 609.6938 609.6927 609.6922 609.6904 609.6893 609.6882 609.6877 609.6859 609.6848 609.6837 609.6826 609.6813 609.6803 609.6798 609.6781 609.6768 609.6758 609.674 609.6733 609.6722 609.6713 609.6695 609.6683 609.6674
609.72 609.7201 609.7191 609.7181 609.7162 609.7151 609.7141 609.7122 609.7122 609.7112 609.7101 609.7092 609.7083 609.7072 609.707 609.7063 609.7051 609.704 609.7021 609.7011 609.7001 609.699 609.6979 609.6971 609.6969 609.6951 609.694 609.6929 609.692 609.69 609.689 609.6888 609.6879 609.6867 609.6857 609.6847 609.6828 609.6819 609.6815 609.6805 609.6786 609.6777 609.6773 609.6754 609.6744 609.6735 609.673 609.6711 609.67 609.6691 609.668 609.6668 609.6658 609.6655 609.6638 609.6625 609.6616 609.6596 609.6592 609.6582 609.6572 609.6553 609.6542 609.6533
609.7026 609.7025 609.7015 609.7005 609.6985 609.6976 609.6964 609.6946 609.6949 609.694 609.6927 609.6923 609.6913 609.6903 609.6908 609.6898 609.6887 609.6876 609.6857 609.6847 609.6837 609.6824 609.682 609.6814 609.681 609.6791 609.6781 609.6771 609.6759 609.6741 609.6732 609.6736 609.6725 609.6713 609.6703 609.6693 609.6674 609.6671 609.6664 609.6653 609.6635 609.6631 609.6624 609.6605 609.6595 609.659 609.6583 609.6563 609.6553 609.6549 609.6534 609.6523 609.6516 609.6512 609.6494 609.6483 609.6472 609.6455 609.6451 609.6441 609.6431 609.6412 609.6402 609.6392
609.6852 609.6849 609.684 609.6829 609.681 609.6801 609.6787 609.6771 609.6777 609.6768 609.6753 609.6754 609.6744 609.6734 609.6745 609.6733 609.6722 609.6711 609.6693 609.6683 609.6673 609.6659 609.6659 609.6657 609.6651 609.6632 609.6622 609.6612 609.6599 609.6583 609.6573 609.6584 609.657 609.6559 609.655 609.6537 609.652 609.6522 609.6512 609.65 609.6483 609.6485 609.6474 609.6456 609.6446 609.6445 609.6435 609.6416 609.6406 609.6407 609.6389 609.6378 609.6375 609.6369 609.635 609.634 609.6329 609.6316 609.631 609.63 609.629 609.6271 609.6261 609.6251
609.6679 609.6674 609.6664 609.6652 609.6635 609.6625 609.661 609.6596 609.6605 609.6595 609.6579 609.6584 609.6575 609.6564 609.6582 609.6569 609.6558 609.6546 609.6529 609.6519 609.6509 609.6494 609.6498 609.65 609.6492 609.6473 609.6464 609.6453 609.6439 609.6425 609.6414 609.6432 609.6416 609.6406 609.6396 609.6382 609.6367 609.6371 609.6361 609.6348 609.6332 609.6336 609.6324 609.6307 609.6297 609.6298 609.6287 609.627 609.6259 609.6262 609.6243 609.6234 609.6233 609.6226 609.6207 609.6197 609.6185 609.6176 609.6169 609.6159 609.6148 609.613 609.6121 609.611
609.6505 609.6498 609.6489 609.6475 609.646 609.645 609.6433 609.6421 609.6432 609.6423 609.6405 609.6415 609.6405 609.6395 609.6419 609.6404 609.6394 609.6381 609.6365 609.6355 609.6345 609.6328 609.6337 609.6343 609.6332 609.6315 609.6305 609.6295 609.6279 609.6266 609.6255 609.628 609.6262 609.6252 609.6242 609.6227 609.6213 609.6219 609.621 609.6195 609.6181 609.6187 609.6174 609.6158 609.6148 609.6151 609.6138 609.6122 609.6112 609.6116 609.6099 609.6088 609.6091 609.6083 609.6064 609.6054 609.6041 609.6037 609.6028 609.6018 609.6006 609.5989 609.598 609.597
609.6331 609.6323 609.6313 609.6299 609.6284 609.6274 609.6256 609.6254 609.626 609.6251 609.6239 609.6246 609.6236 609.6231 609.6256 609.624 609.623 609.6216 609.6201 609.6191 609.6181 609.6166 609.6176 609.6185 609.6173 609.6156 609.6146 609.6136 609.6119 609.6107 609.6104 609.6126 609.6108 609.6098 609.6088 609.6072 609.606 609.6068 609.6058 609.6043 609.603 609.6038 609.6024 609.6009 609.5999 609.6004 609.599 609.5975 609.5965 609.597 609.5954 609.5944 609.595 609.5939 609.5922 609.5911 609.5897 609.5897 609.5887 609.5878 609.5864 609.5849 609.5839 609.5829
609.6157 609.6147 609.6138 609.6122 609.6109 609.6099 609.6081 609.6089 609.6088 609.6077 609.6077 609.6077 609.6066 609.6071 609.6093 609.6075 609.6066 609.605 609.6037 609.6027 609.6016 609.6011 609.6014 609.6025 609.6013 609.5997 609.5987 609.5977 609.5959 609.5949 609.5955 609.5972 609.5955 609.5944 609.5934 609.5917 609.5906 609.5917 609.5907 609.5891 609.5878 609.5889 609.5873 609.586 609.585 609.5857 609.5842 609.5828 609.5818 609.5824 609.5809 609.5799 609.5807 609.5796 609.5779 609.5769 609.5753 609.5757 609.5747 609.5737 609.5722 609.5708 609.5698 609.5688
609.5981 609.5972 609.5962 609.5945 609.5934 609.5922 609.5906 609.5925 609.5916 609.5903 609.5915 609.5908 609.5897 609.5911 609.593 609.5911 609.5901 609.5886 609.5873 609.5863 609.585 609.5857 609.5854 609.5867 609.5853 609.5839 609.5828 609.5818 609.58 609.579 609.5805 609.5817 609.5801 609.579 609.5781 609.5763 609.5757 609.5765 609.5756 609.5738 609.5731 609.574 609.5723 609.5711 609.5704 609.571 609.5694 609.5681 609.5673 609.5678 609.5664 609.5654 609.5665 609.5652 609.5636 609.5626 609.5609 609.5616 609.5606 609.5596 609.558 609.5568 609.5558 609.5552
609.5806 609.5797 609.5786 609.5769 609.5759 609.5745 609.5731 609.5754 609.5744 609.5729 609.5748 609.5738 609.5728 609.5749 609.5765 609.5747 609.5737 609.572 609.5709 609.5699 609.5685 609.5702 609.5697 609.5708 609.5694 609.568 609.567 609.5658 609.5641 609.5632 609.5652 609.5663 609.5647 609.5637 609.5627 609.5609 609.5609 609.5614 609.5604 609.5586 609.5585 609.559 609.5573 609.5562 609.5559 609.5563 609.5546 609.5535 609.5531 609.5532 609.5519 609.551 609.5522 609.5508 609.5493 609.5483 609.5465 609.5475 609.5465 609.5455 609.5438 609.5427 609.5417 609.5416
609.563 609.5621 609.5611 609.5593 609.5583 609.5568 609.5555 609.5581 609.5571 609.5555 609.5579 609.5569 609.5558 609.5586 609.5599 609.5583 609.5573 609.5555 609.5545 609.5535 609.5519 609.5541 609.554 609.5549 609.5534 609.5521 609.5511 609.5498 609.5483 609.5473 609.55 609.5508 609.5493 609.5483 609.5472 609.5455 609.5461 609.5463 609.5452 609.5435 609.5439 609.5441 609.5423 609.5413 609.5414 609.5416 609.5397 609.5388 609.5389 609.5386 609.5374 609.5369 609.5379 609.5365 609.535 609.5341 609.5325 609.5334 609.5324 609.5314 609.5297 609.5286 609.5276 609.528
609.5455 609.5446 609.5435 609.5417 609.5408 609.5391 609.5388 609.5409 609.5399 609.5387 609.541 609.5399 609.5392 609.5423 609.5435 609.5419 609.5409 609.5391 609.5381 609.5371 609.5353 609.538 609.5383 609.539 609.5374 609.5363 609.5352 609.5338 609.5325 609.532 609.5349 609.5354 609.5339 609.533 609.5317 609.5302 609.5313 609.5311 609.53 609.5283 609.5293 609.5292 609.5274 609.5264 609.527 609.5268 609.525 609.524 609.5247 609.524 609.5229 609.5227 609.5236 609.5222 609.5208 609.5197 609.5186 609.5193 609.5183 609.5173 609.5155 609.5145 609.5135 609.5143
609.528 609.527 609.5259 609.5242 609.5233 609.5215 609.5223 609.5237 609.5226 609.5225 609.524 609.523 609.5232 609.526 609.527 609.5255 609.5245 609.5227 609.5217 609.5207 609.5198 609.5219 609.5226 609.5231 609.5215 609.5204 609.5193 609.5178 609.5166 609.517 609.5197 609.52 609.5186 609.5176 609.5162 609.5148 609.5164 609.516 609.5147 609.5132 609.5147 609.5143 609.5125 609.5115 609.5125 609.5121 609.5103 609.5093 609.5105 609.5095 609.5084 609.5085 609.5093 609.5078 609.5065 609.5053 609.5046 609.5052 609.5042 609.5032 609.5015 609.5005 609.4995 609.5007
609.5104 609.5095 609.5082 609.5067 609.5057 609.504 609.5057 609.5065 609.5052 609.5062 609.5071 609.506 609.5071 609.5097 609.5105 609.509 609.508 609.5063 609.5053 609.5042 609.5043 609.5057 609.5069 609.5073 609.5055 609.5045 609.5035 609.5017 609.5007 609.5021 609.5044 609.5045 609.5032 609.5022 609.5007 609.4995 609.5016 609.5009 609.4995 609.4981 609.5001 609.4993 609.4976 609.4966 609.498 609.4973 609.4956 609.4946 609.4963 609.495 609.494 609.4944 609.495 609.4934 609.4922 609.4909 609.4907 609.4911 609.4902 609.4891 609.4874 609.4864 609.4854 609.487
609.4929 609.4919 609.4906 609.4891 609.488 609.4865 609.4893 609.4893 609.4879 609.49 609.4902 609.4891 609.4911 609.4934 609.494 609.4926 609.4915 609.4899 609.4889 609.4877 609.4889 609.4896 609.4911 609.4913 609.4896 609.4886 609.4876 609.4859 609.4849 609.4871 609.4892 609.489 609.4878 609.4868 609.4853 609.4843 609.4867 609.4857 609.4842 609.4831 609.4855 609.4843 609.4828 609.4818 609.4836 609.4824 609.4809 609.4799 609.4821 609.4805 609.4795 609.4803 609.4807 609.479 609.478 609.4766 609.4767 609.4771 609.4761 609.4749 609.4733 609.4724 609.4716 609.473
609.4753 609.4743 609.4729 609.4716 609.4703 609.4689 609.4728 609.472 609.4705 609.4738 609.4732 609.4722 609.475 609.4771 609.4775 609.4762 609.4749 609.4735 609.4725 609.4711 609.4734 609.4737 609.4755 609.4755 609.4738 609.4728 609.4717 609.47 609.469 609.4722 609.474 609.4736 609.4724 609.4714 609.4698 609.4695 609.4716 609.4706 609.4689 609.4685 609.4706 609.4692 609.4679 609.4673 609.4689 609.4677 609.4662 609.4656 609.4677 609.466 609.465 609.4661 609.4664 609.4647 609.4637 609.4622 609.4628 609.463 609.462 609.4608 609.4592 609.4583 609.4579 609.459
609.4578 609.4568 609.4553 609.4541 609.4526 609.4521 609.4557 609.4548 609.4534 609.4573 609.4563 609.4553 609.459 609.4609 609.4611 609.4598 609.4584 609.4571 609.4561 609.4545 609.458 609.458 609.4597 609.4596 609.4579 609.4568 609.4557 609.4542 609.4536 609.457 609.4588 609.4581 609.4571 609.4561 609.4543 609.4547 609.4564 609.4554 609.4537 609.4539 609.4557 609.4542 609.453 609.4528 609.4542 609.4528 609.4515 609.4514 609.4531 609.4515 609.4505 609.452 609.4521 609.4504 609.4494 609.4478 609.4489 609.4489 609.4479 609.4465 609.4452 609.4442 609.4443 609.445
609.4402 609.4392 609.4376 609.4366 609.4349 609.4356 609.4385 609.4376 609.4373 609.4404 609.4393 609.4393 609.4427 609.4446 609.4446 609.4434 609.4419 609.4407 609.4397 609.4384 609.4423 609.4423 609.444 609.4436 609.442 609.441 609.4397 609.4384 609.4386 609.4417 609.4436 609.4427 609.4417 609.4407 609.439 609.4399 609.4413 609.4403 609.4386 609.4393 609.4408 609.4392 609.438 609.4384 609.4395 609.438 609.4368 609.4371 609.4385 609.437 609.4363 609.4379 609.4379 609.4362 609.4351 609.4335 609.4349 609.4348 609.4338 609.4324 609.4311 609.4301 609.4307 609.431
609.4227 609.4216 609.42 609.419 609.4174 609.4191 609.4213 609.4202 609.421 609.4234 609.4224 609.4232 609.4264 609.4283 609.4281 609.4269 609.4254 609.4243 609.4233 609.423 609.4261 609.4266 609.4283 609.4277 609.4261 609.4251 609.4236 609.4225 609.4236 609.4265 609.4283 609.4273 609.4263 609.4252 609.4236 609.425 609.4261 609.4251 609.4235 609.4247 609.4258 609.4242 609.4232 609.4239 609.4248 609.4232 609.4221 609.423 609.424 609.4225 609.4221 609.4238 609.4236 609.4219 609.4208 609.4196 609.421 609.4207 609.4197 609.4182 609.4171 609.416 609.4171 609.417
609.4051 609.4041 609.4025 609.4015 609.3998 609.4026 609.4041 609.4028 609.4048 609.4065 609.4055 609.4072 609.4101 609.412 609.4116 609.4105 609.4089 609.4079 609.4068 609.4075 609.41 609.4109 609.4126 609.4117 609.4103 609.4092 609.4077 609.4066 609.4087 609.4113 609.4131 609.412 609.4109 609.4097 609.4083 609.4102 609.411 609.4099 609.4083 609.4101 609.4109 609.4093 609.4083 609.4094 609.4101 609.4084 609.4074 609.4088 609.4094 609.408 609.408 609.4096 609.4092 609.4076 609.4066 609.4056 609.407 609.4067 609.4056 609.404 609.403 609.402 609.4035 609.403
609.3876 609.3865 609.3849 609.3839 609.3823 609.386 609.3868 609.3854 609.3885 609.3896 609.3885 609.3912 609.3938 609.3957 609.3951 609.3941 609.3925 609.3915 609.3903 609.3921 609.3939 609.3951 609.3969 609.3957 609.3944 609.3934 609.3918 609.3907 609.3937 609.3961 609.3979 609.3966 609.3956 609.3943 609.3929 609.3954 609.3959 609.3946 609.3932 609.3955 609.3961 609.3944 609.3934 609.395 609.3954 609.3937 609.3927 609.3945 609.3948 609.3936 609.3939 609.3954 609.3949 609.3933 609.3922 609.3917 609.3931 609.3926 609.3915 609.3899 609.3889 609.388 609.3899 609.389
609.37 609.369 609.3674 609.3661 609.3654 609.3696 609.3696 609.3682 609.3723 609.3726 609.3716 609.3751 609.3776 609.3794 609.3787 609.3777 609.3761 609.3751 609.3737 609.3766 609.3778 609.3795 609.3812 609.3798 609.3785 609.3775 609.3759 609.3751 609.3788 609.3809 609.3828 609.3812 609.3802 609.3788 609.3782 609.3806 609.3807 609.3793 609.3785 609.3809 609.3812 609.3795 609.3787 609.3805 609.3807 609.379 609.378 609.3803 609.3802 609.3791 609.3797 609.3813 609.3805 609.379 609.3778 609.3777 609.3791 609.3785 609.3775 609.3758 609.3748 609.3744 609.3763 609.3751
609.3524 609.3513 609.3499 609.3484 609.3489 609.3531 609.3524 609.352 609.3561 609.3557 609.3554 609.3591 609.3613 609.3631 609.3623 609.3613 609.3597 609.3587 609.3571 609.3612 609.362 609.3637 609.3652 609.3638 609.3627 609.3616 609.36 609.3602 609.3638 609.3657 609.3674 609.3658 609.3648 609.3633 609.3633 609.3658 609.3656 609.3641 609.3639 609.3663 609.3661 609.3646 609.3642 609.366 609.3659 609.3643 609.3638 609.3661 609.3656 609.3646 609.3655 609.3672 609.3661 609.3647 609.3634 609.3638 609.3652 609.3644 609.3634 609.3618 609.3608 609.3608 609.3627 609.3613
609.3349 609.3336 609.3323 609.3308 609.3324 609.3362 609.3352 609.3358 609.3398 609.3387 609.3394 609.343 609.345 609.3468 609.3459 609.3448 609.3433 609.3423 609.3416 609.3458 609.3463 609.348 609.3494 609.3478 609.3468 609.3456 609.3442 609.3452 609.3486 609.3505 609.3519 609.3505 609.3494 609.3478 609.3485 609.351 609.3505 609.3489 609.3493 609.3517 609.3511 609.3497 609.3497 609.3516 609.3511 609.3496 609.3496 609.3519 609.3511 609.3501 609.3514 609.353 609.3518 609.3505 609.349 609.3498 609.3512 609.3503 609.3492 609.3477 609.3467 609.3472 609.349 609.3474
609.3173 609.316 609.3148 609.3133 609.3159 609.3189 609.3178 609.3195 609.3228 609.3218 609.3233 609.3268 609.3287 609.3305 609.3295 609.3283 609.3269 609.3259 609.3262 609.3303 609.3306 609.3323 609.3335 609.3319 609.3309 609.3296 609.3283 609.3303 609.3334 609.3353 609.3365 609.3351 609.334 609.3325 609.3337 609.3361 609.3353 609.3337 609.3347 609.3371 609.3361 609.3348 609.3353 609.3372 609.3362 609.3349 609.3354 609.3377 609.3366 609.3356 609.3373 609.3388 609.3374 609.3362 609.3346 609.3359 609.3372 609.3362 609.3351 609.3336 609.3326 609.3336 609.335 609.3335
609.2998 609.2983 609.2973 609.2958 609.2994 609.3017 609.3004 609.3033 609.3059 609.3049 609.3073 609.3105 609.3124 609.3142 609.313 609.3118 609.3105 609.3094 609.3107 609.3143 609.3149 609.3166 609.3176 609.316 609.315 609.3135 609.3125 609.3153 609.3182 609.32 609.321 609.3197 609.3187 609.3171 609.3188 609.3212 609.3202 609.3186 609.3201 609.3225 609.3211 609.3199 609.3208 609.3227 609.3214 609.3202 609.3212 609.3235 609.3221 609.3215 609.3232 609.3245 609.3231 609.3219 609.3206 609.3219 609.3231 609.3221 609.3209 609.3195 609.3185 609.3199 609.321 609.3196
609.2822 609.2807 609.2797 609.2787 609.2829 609.2845 609.283 609.287 609.289 609.288 609.2912 609.2943 609.2961 609.2979 609.2966 609.2952 609.2941 609.2928 609.2953 609.2982 609.2991 609.3009 609.3017 609.3002 609.2991 609.2976 609.2967 609.3004 609.303 609.3048 609.3056 609.3043 609.3032 609.3018 609.3041 609.306 609.3051 609.3035 609.3055 609.3076 609.3061 609.305 609.3063 609.308 609.3066 609.3055 609.307 609.3092 609.3077 609.3074 609.309 609.3102 609.3087 609.3077 609.3066 609.308 609.309 609.308 609.3067 609.3055 609.3044 609.3063 609.307 609.3059
