samples/sfe_95/sfe_95_c4/sfe_95_c4/sfe_95_c4.asc
ncols         647
nrows         184
xllcorner     100
yllcorner     8
cellsize      1
NODATA_value  -9999
[rows 87 to 115 of 184, columns 64 to 127 of 647]
604.7435 604.7415 604.7395 604.737 604.7115 604.7095 604.661 604.6355 604.6325 604.6295 604.627 604.6235 604.6205 604.5645 604.534 604.529 604.52 604.487 604.476 604.4645 604.454 604.444 604.432 604.421 604.296 604.2896 604.2755 604.2625 604.249 604.2365 604.1925 604.1785 604.166 604.1205 604.045 604.0315 604.0185 603.933 603.8885 603.8795 603.8355 603.822 603.811 603.8 603.7185 603.641 603.636 603.6275 603.5825 603.5765 603.569 603.5625 603.5215 603.4475 603.37 603.3305 603.328 603.323 603.318 603.313 603.2735 603.131 603.128 603.1225
604.85 604.848 604.846 604.844 604.8415 604.8395 604.7765 604.728 604.725 604.7225 604.7195 604.7165 604.7135 604.71 604.6785 604.6735 604.6655 604.6095 604.574 604.564 604.554 604.545 604.5355 604.497 604.433 604.426 604.387 604.3745 604.3635 604.3515 604.34 604.327 604.25 604.244 604.17 604.157 604.1455 604.1281 604.0811 604.0705 603.9955 603.9525 603.9415 603.9325 603.887 603.809 603.8044 603.7965 603.755 603.7475 603.74 603.662 603.659 603.5845 603.579 603.538 603.5345 603.5295 603.5245 603.451 603.3755 603.3015 603.2975 603.292
604.97 604.968 604.9665 604.9645 604.963 604.93 604.8665 604.835 604.833 604.83 604.8275 604.8245 604.8225 604.8195 604.8145 604.8094 604.7355 604.732 604.6725 604.6625 604.655 604.647 604.6385 604.6305 604.593 604.587 604.5235 604.486 604.476 604.466 604.4555 604.4456 604.4025 604.329 604.324 604.2825 604.2715 604.2575 604.2426 604.161 604.1555 604.0825 604.073 604.0645 604.056 604.012 604.007 604 603.9245 603.884 603.8775 603.8361 603.7595 603.757 603.7515 603.712 603.707 603.7025 603.6255 603.623 603.5495 603.5085 603.5045 603.499
605.0895 605.088 605.087 605.0854 605.084 605.0515 605.0505 605.018 604.955 604.9525 604.9505 604.948 604.947 604.944 604.9405 604.937 604.8645 604.8285 604.821 604.814 604.774 604.7675 604.761 604.755 604.748 604.7415 604.601 604.596 604.5875 604.579 604.5705 604.562 604.5205 604.515 604.5065 604.467 604.396 604.3835 604.3735 604.294 604.2535 604.248 604.2405 604.233 604.2255 604.184 604.177 604.171 604.0235 604.0205 604.0145 603.9735 603.9695 603.9645 603.9595 603.9205 603.846 603.842 603.765 603.7264 603.723 603.718 603.713 603.6725
605.2984 605.2974 605.2964 605.2948 605.248 605.1773 605.1415 605.14 605.077 605.0755 605.074 605.0725 605.071 605.069 605.068 605.065 605.0285 605.027 605.0229 604.986 604.9145 604.909 604.9055 604.9015 604.8965 604.812 604.7705 604.7685 604.762 604.7545 604.7095 604.703 604.6955 604.69 604.5955 604.5915 604.5215 604.5145 604.506 604.499 604.457 604.452 604.446 604.4395 604.398 604.3235 604.317 604.238 604.1975 604.1949 604.19 604.185 604.1445 604.14 604.0615 603.9875 603.9855 603.981 603.9399 603.936 603.9325 603.9275 603.8875 603.8125
605.5963 605.5953 605.5942 605.5924 605.5245 605.4539 605.3832 605.3126 605.2875 605.2753 605.2737 605.2728 605.2713 605.2698 605.2688 605.2678 605.2267 605.1595 605.125 605.124 605.0525 605.0515 605.048 605.046 605.043 605.042 605.0005 604.998 604.9945 604.9135 604.8685 604.8645 604.861 604.8555 604.763 604.717 604.7145 604.7075 604.703 604.653 604.6479 604.643 604.6385 604.633 604.5365 604.462 604.4565 604.452 604.4115 604.4065 604.4025 604.3985 604.358 604.2825 604.2045 604.1645 604.1625 604.1584 604.1545 604.1505 604.146 604.105 604.028 603.953
605.8941 605.8931 605.892 605.8716 605.8011 605.7305 605.6598 605.5892 605.5854 605.5519 605.5502 605.5493 605.5479 605.5464 605.5453 605.5444 605.4891 605.422 605.3549 605.2877 605.2608 605.2598 605.2588 605.248 605.2465 605.2455 605.2106 605.1459 605.113 605.1115 605.0295 605.028 605.026 605.0225 604.976 604.9745 604.974 604.9695 604.9225 604.8315 604.8265 604.824 604.821 604.77 604.6735 604.6715 604.6675 604.663 604.6125 604.608 604.605 604.5031 604.4275 604.4255 604.3845 604.381 604.3785 604.375 604.371 604.367 604.291 604.213 604.136 604.1325
606.192 606.191 606.1896 606.1482 606.0777 606.007 605.9364 605.8843 605.8646 605.8284 605.8267 605.8257 605.8244 605.8229 605.822 605.8186 605.7515 605.6844 605.6172 605.5502 605.5374 605.5363 605.5353 605.506 605.5045 605.5035 605.4643 605.3996 605.335 605.2703 605.239 605.2375 605.2365 605.2355 605.2339 605.1939 605.132 605.1005 605.099 605.0081 605.0065 605.004 605.002 604.953 604.9515 604.9495 604.9475 604.8515 604.801 604.7985 604.796 604.7445 604.6445 604.642 604.639 604.6365 604.633 604.5811 604.578 604.574 604.3975 604.358 604.354 604.3505
606.4898 606.4888 606.4872 606.4248 606.3542 606.2836 606.213 606.1823 606.1411 606.105 606.1033 606.1022 606.101 606.0995 606.0985 606.081 606.0139 605.9468 605.8796 605.8151 605.8139 605.8129 605.798 605.764 605.7625 605.7615 605.7181 605.6534 605.5887 605.524 605.497 605.4956 605.4946 605.4936 605.4918 605.4357 605.3738 605.3118 605.2499 605.2184 605.2169 605.2155 605.2145 605.2058 605.1758 605.1176 605.088 605.087 604.9905 604.989 604.9875 604.9365 604.935 604.9335 604.9315 604.9295 604.8785 604.778 604.776 604.7225 604.62 604.618 604.6155 604.5615
606.7877 606.7866 606.7717 606.7014 606.6309 606.5602 606.4895 606.4802 606.4175 606.3816 606.3798 606.3787 606.3776 606.3761 606.3751 606.3434 606.2763 606.2092 606.1422 606.0915 606.0905 606.0895 606.056 606.022 606.0205 606.0195 605.9718 605.9071 605.8424 605.7778 605.755 605.7537 605.7527 605.7517 605.7396 605.6776 605.6156 605.5536 605.4917 605.4603 605.4587 605.4574 605.4564 605.4335 605.4034 605.3453 605.2871 605.2289 605.2065 605.2054 605.1973 605.1957 605.1943 605.16 605.105 605.077 605.0755 604.976 604.974 604.921 604.9205 604.919 604.9165 604.864
607.0854 607.0845 607.0483 606.9779 606.9074 606.8367 606.7793 606.7647 606.694 606.6581 606.6563 606.6552 606.6541 606.6526 606.6517 606.6058 606.5387 606.4716 606.4047 606.368 606.3671 606.366 606.314 606.28 606.2785 606.2775 606.2256 606.1609 606.0962 606.0315 606.013 606.0117 606.0107 606.0095 605.9814 605.9194 605.8574 605.7955 605.7336 605.7022 605.7005 605.6993 605.6912 605.6611 605.6312 605.573 605.5148 605.4567 605.4484 605.4474 605.425 605.4233 605.4221 605.375 605.32 605.265 605.21 605.1883 605.1804 605.179 605.1498 605.0956 605.068 605.0665
607.3833 607.3821 607.3249 607.2545 607.184 607.1133 607.077 607.0412 606.9706 606.9347 606.9327 606.9317 606.9307 606.9292 606.9282 606.8682 606.8011 606.7341 606.6672 606.6447 606.6436 606.638 606.572 606.538 606.5365 606.5355 606.4793 606.4146 606.3499 606.2853 606.271 606.2698 606.2688 606.2674 606.2233 606.1612 606.0992 606.0373 605.9755 605.9441 605.9423 605.9413 605.9189 605.8888 605.8589 605.8007 605.7426 605.6914 605.6904 605.68 605.6526 605.6508 605.645 605.59 605.535 605.48 605.4249 605.416 605.3953 605.3939 605.3618 605.3076 605.2534 605.1991
607.6812 607.6718 607.6014 607.5311 607.4606 607.3899 607.3749 607.3177 607.2471 607.2112 607.2093 607.2083 607.2073 607.2058 607.1978 607.1306 607.0635 606.9966 606.9297 606.9212 606.9202 606.896 606.83 606.796 606.7945 606.7935 606.7331 606.6684 606.6037 606.539 606.529 606.5278 606.5269 606.5253 606.4651 606.403 606.3411 606.2791 606.2173 606.1859 606.1842 606.1832 606.1465 606.1164 606.0866 606.0284 605.9702 605.9333 605.9323 605.9033 605.8802 605.8785 605.86 605.805 605.75 605.695 605.6447 605.6388 605.6102 605.6089 605.5739 605.5196 605.4653 605.4111
607.979 607.9484 607.8781 607.8076 607.7371 607.6744 607.6648 607.5942 607.5236 607.4877 607.4858 607.4847 607.4838 607.4824 607.4601 607.393 607.326 607.2592 607.1992 607.1978 607.1968 607.154 607.088 607.054 607.0525 607.0515 606.9868 606.9221 606.8574 606.7928 606.787 606.7859 606.7849 606.7691 606.7069 606.6448 606.5829 606.5209 606.4592 606.4278 606.4261 606.4252 606.3741 606.3441 606.3143 606.2561 606.1979 606.1752 606.1742 606.1265 606.1079 606.1062 606.075 606.02 605.965 605.91 605.8723 605.8537 605.8251 605.8238 605.7858 605.7316 605.6773 605.623
608.2769 608.225 608.1546 608.0842 608.0137 607.9721 607.9413 607.8707 607.8 607.7642 607.7624 607.7612 607.7603 607.759 607.7225 607.6555 607.5886 607.5217 607.4756 607.4744 607.4733 607.412 607.346 607.3121 607.3105 607.3052 607.2406 607.1759 607.1112 607.0465 607.045 607.0439 607.043 607.0109 606.9487 606.8867 606.8247 606.7628 606.701 606.6697 606.6681 606.66 606.6018 606.5717 606.542 606.4838 606.4257 606.4172 606.4161 606.3497 606.3354 606.3339 606.29 606.235 606.18 606.1248 606.0999 606.0686 606.04 606.0388 605.9978 605.9435 605.8893 605.8351
608.5719 608.5015 608.4312 608.3608 608.2903 608.2698 608.2178 608.1472 608.0765 608.0408 608.039 608.0377 608.0367 608.0355 607.9849 607.918 607.8511 607.7842 607.7521 607.7509 607.736 607.67 607.604 607.5701 607.5686 607.559 607.4943 607.4296 607.3649 607.3045 607.3031 607.3021 607.3008 607.2527 607.1905 607.1284 607.0665 607.0046 606.9429 606.9116 606.91 606.8876 606.8295 606.7994 606.7697 606.7115 606.6604 606.6591 606.6487 606.573 606.5629 606.56 606.505 606.45 606.395 606.3397 606.3276 606.2835 606.2549 606.2537 606.2098 606.1555 606.1013 606.0471
608.8485 608.7781 608.7078 608.6374 608.5695 608.5649 608.4943 608.4237 608.353 608.3173 608.3156 608.3142 608.3132 608.3121 608.2474 608.1805 608.1136 608.0468 608.0285 608.0275 607.994 607.928 607.862 607.8282 607.8267 607.8127 607.7481 607.6834 607.6187 607.5625 607.5612 607.5601 607.5567 607.4945 607.4323 607.3702 607.3083 607.2465 607.1848 607.1534 607.152 607.1152 607.0571 607.027 606.9974 606.9392 606.9021 606.9011 606.872 606.7963 606.7905 606.775 606.72 606.665 606.6099 606.5562 606.5536 606.4984 606.4698 606.4686 606.4218 606.3675 606.3133 606.259
609.0215 609.02 608.9843 608.9139 608.8672 608.8414 608.7708 608.7002 608.6295 608.5938 608.5921 608.5908 608.5898 608.5768 608.5099 608.4431 608.3762 608.3093 608.3051 608.304 608.252 608.186 608.12 608.0862 608.0848 608.0665 608.0018 607.9371 607.8724 607.8205 607.8192 607.8182 607.7985 607.7363 607.6741 607.6121 607.5501 607.4884 607.4267 607.3952 607.3939 607.3429 607.2847 607.2547 607.2251 607.1669 607.144 607.1429 607.0952 607.0195 607.018 606.99 606.935 606.8799 606.8247 606.7839 606.7685 606.7133 606.6847 606.6836 606.6337 606.5795 606.5253 606.471
609.0287 609.0252 609.0211 609.017 609.0155 609.014 609.0125 608.9767 608.9061 608.8702 608.8687 608.8672 608.8663 608.8393 608.7725 608.7056 608.6387 608.5834 608.5817 608.576 608.51 608.444 608.378 608.3444 608.3428 608.3203 608.2556 608.1909 608.1262 608.0785 608.0773 608.0762 608.0403 607.9781 607.916 607.8539 607.792 607.7303 607.6686 607.637 607.6287 607.5706 607.5124 607.4824 607.4528 607.3947 607.3859 607.3849 607.3185 607.2471 607.2457 607.205 607.15 607.0948 607.0396 607.0115 606.9834 606.9282 606.8996 606.8985 606.8458 606.7915 606.7372 606.683
609.0413 609.0378 609.0337 609.0296 609.0255 609.0214 609.018 609.0151 609.0123 609.0094 609.0075 609.006 609.0045 609.0035 609.002 608.9681 608.9012 608.8598 608.8582 608.834 608.768 608.702 608.636 608.6024 608.6009 608.574 608.5093 608.4446 608.3799 608.3365 608.3353 608.3344 608.2822 608.22 608.1578 608.0957 608.0339 607.9722 607.9105 607.8788 607.8564 607.7982 607.7401 607.7101 607.6805 607.6294 607.6279 607.6175 607.5417 607.4748 607.4734 607.42 607.3649 607.3098 607.2545 607.2391 607.1982 607.1431 607.1145 607.112 607.0577 607.0035 606.9492 606.895
609.0538 609.0504 609.0463 609.0422 609.038 609.0339 609.0309 609.0281 609.0252 609.0223 609.0195 609.0166 609.0137 609.0109 609.0077 609.004 609.0004 608.9975 608.9965 608.995 608.9935 608.96 608.894 608.8605 608.8589 608.8278 608.7631 608.6984 608.6337 608.5945 608.5934 608.5862 608.524 608.4618 608.3996 608.3375 608.2758 608.2141 608.1523 608.1207 608.084 608.0258 607.9677 607.9378 607.9082 607.8711 607.8698 607.8408 607.765 607.7025 607.69 607.635 607.5798 607.5246 607.4694 607.4668 607.4131 607.358 607.3294 607.324 607.2697 607.2155 607.1612 607.1085
609.0664 609.0629 609.0588 609.0547 609.0506 609.0465 609.0438 609.041 609.0381 609.0353 609.0324 609.0295 609.0267 609.0238 609.0206 609.017 609.0133 609.0096 609.006 609.0023 608.9988 608.9953 608.9918 608.989 608.988 608.9865 608.985 608.9521 608.8875 608.8525 608.8514 608.828 608.7658 608.7036 608.6414 608.5793 608.5176 608.4559 608.3942 608.3627 608.3116 608.2535 608.1953 608.1655 608.1359 608.1129 608.1117 608.064 607.9883 607.9301 607.905 607.85 607.7947 607.7395 607.6954 607.6833 607.6281 607.5728 607.5444 607.5359 607.4817 607.4274 607.3732 607.3234
609.079 609.0755 609.0714 609.0673 609.0632 609.0591 609.0568 609.0539 609.051 609.0482 609.0453 609.0424 609.0396 609.0367 609.0337 609.03 609.0264 609.0227 609.019 609.0154 609.0121 609.0085 609.005 609.0015 608.9979 608.9944 608.9908 608.9871 608.9834 608.981 608.9795 608.9785 608.977 608.9454 608.8832 608.8212 608.7595 608.6978 608.636 608.5975 608.5393 608.4811 608.423 608.3932 608.3636 608.3547 608.3536 608.2872 608.2115 608.1577 608.12 608.0648 608.0096 607.9544 607.9231 607.8981 607.843 607.7877 607.7593 607.7479 607.6937 607.6395 607.5852 607.5383
609.0917 609.0881 609.084 609.0799 609.0757 609.0718 609.0697 609.0668 609.064 609.0611 609.0582 609.0554 609.0525 609.0496 609.0466 609.043 609.0393 609.0356 609.032 609.0283 609.0253 609.0217 609.0182 609.0146 609.0111 609.0076 609.0042 609.0005 608.9968 608.993 608.9893 608.9855 608.9814 608.9768 608.974 608.9725 608.971 608.9396 608.8779 608.8251 608.767 608.7088 608.6506 608.6209 608.5984 608.5966 608.5862 608.5105 608.4348 608.3853 608.335 608.2797 608.2245 608.1693 608.1508 608.113 608.0579 608.0026 607.9742 607.9599 607.9057 607.8514 607.7972 607.7533
609.1045 609.1006 609.0966 609.0925 609.0883 609.0848 609.0826 609.0797 609.0768 609.074 609.0711 609.0682 609.0654 609.0626 609.0597 609.056 609.0524 609.0487 609.045 609.0414 609.0385 609.0349 609.0314 609.0278 609.0244 609.0208 609.0176 609.0139 609.0101 609.0064 609.0026 608.9989 608.9947 608.9901 608.9855 608.981 608.9764 608.9718 608.969 608.9675 608.966 608.9365 608.8783 608.8486 608.8401 608.8386 608.8095 608.7338 608.658 608.605 608.5499 608.4946 608.4394 608.3842 608.3784 608.3279 608.2727 608.2175 608.1892 608.1719 608.1177 608.0634 608.0092 607.9683
609.1173 609.1132 609.1091 609.105 609.1009 609.0977 609.0955 609.0927 609.0898 609.0869 609.084 609.0812 609.0783 609.0757 609.0726 609.069 609.0653 609.0616 609.058 609.0544 609.0516 609.0482 609.0446 609.0411 609.0375 609.034 609.0309 609.0272 609.0235 609.0198 609.016 609.0123 609.0081 609.0035 608.9989 608.9943 608.99 608.9854 608.9807 608.9761 608.9719 608.9677 608.9635 608.9625 608.961 608.96 608.9585 608.957 608.8813 608.8199 608.7647 608.7095 608.6542 608.607 608.598 608.5428 608.4876 608.4324 608.4041 608.3839 608.3297 608.2754 608.2211 608.183
609.1299 609.1259 609.1217 609.1176 609.1135 609.1106 609.1084 609.1055 609.1027 609.0998 609.0969 609.0941 609.0912 609.0887 609.0857 609.082 609.0784 609.0747 609.071 609.0677 609.0649 609.0613 609.0578 609.0543 609.0507 609.0472 609.0443 609.0406 609.0369 609.0331 609.0294 609.0256 609.0214 609.0168 609.0123 609.0076 609.0035 608.9988 608.9942 608.9896 608.9858 608.9816 608.9775 608.9733 608.9691 608.9649 608.9607 608.9565 608.9555 608.954 608.9525 608.9244 608.8691 608.8347 608.8129 608.7578 608.7025 608.6473 608.6191 608.5959 608.5416 608.4874 608.4331 608.3979
609.1425 609.1384 609.1343 609.1302 609.126 609.1235 609.1213 609.1185 609.1156 609.1127 609.1099 609.107 609.1041 609.1019 609.0986 609.095 609.0913 609.0876 609.084 609.0811 609.0781 609.0745 609.071 609.0674 609.064 609.0607 609.0577 609.054 609.0502 609.0465 609.0428 609.0391 609.0348 609.0302 609.0256 609.0211 609.017 609.0124 609.0078 609.0031 608.9998 608.9956 608.9914 608.9872 608.983 608.9788 608.9747 608.9705 608.9662 608.9621 608.958 608.9537 608.9495 608.948 608.947 608.946 608.9174 608.8622 608.834 608.8079 608.7536 608.6993 608.6451 608.6044
609.1551 609.151 609.1469 609.1428 609.1386 609.1365 609.1342 609.1313 609.1285 609.1256 609.1227 609.1199 609.1171 609.115 609.1117 609.108 609.1044 609.1007 609.097 609.0943 609.0912 609.0877 609.0842 609.0807 609.0771 609.0742 609.071 609.0673 609.0636 609.0599 609.0562 609.0527 609.0481 609.0435 609.0389 609.035 609.0305 609.0259 609.0213 609.0168 609.0138 609.0096 609.0054 609.0012 608.997 608.9928 608.9886 608.9844 608.9802 608.9761 608.9723 608.9681 608.9638 608.9595 608.9553 608.9512 608.9471 608.943 608.942 608.9405 608.939 608.9114 608.8571 608.8081
