samples/sfe_95/sfe_95_c4/sfe_95_c4/sfe_95_c4.asc
ncols         647
nrows         184
xllcorner     100
yllcorner     8
cellsize      1
NODATA_value  -9999
[rows 0 to 28 of 184, columns 192 to 255 of 647]
609.852 609.8506 609.8495 609.8489 609.8474 609.8462 609.8452 609.8436 609.8422 609.8415 609.8405 609.8389 609.8375 609.8368 609.8353 609.8338 609.8328 609.8318 609.8305 609.8291 609.8283 609.8268 609.8253 609.8243 609.8233 609.8217 609.8203 609.8193 609.8188 609.8173 609.8158 609.8148 609.8132 609.8121 609.8113 609.8102 609.8087 609.8073 609.8063 609.8047 609.8033 609.8025 609.8015 609.7999 609.7985 609.7977 609.7963 609.7949 609.7939 609.7928 609.7915 609.79 609.7891 609.788 609.7867 609.7852 609.7842 609.7827 609.7813 609.7804 609.7794 609.7778 609.7764 609.7754
609.826 609.8247 609.8237 609.8237 609.822 609.8216 609.8206 609.8189 609.8176 609.8175 609.8165 609.8148 609.8135 609.8134 609.8117 609.8104 609.8094 609.8084 609.8075 609.8062 609.806 609.8043 609.803 609.802 609.801 609.7992 609.798 609.7971 609.7974 609.7958 609.7944 609.7935 609.7917 609.7911 609.7908 609.7897 609.7881 609.7868 609.7858 609.7841 609.7828 609.7824 609.7814 609.7797 609.7784 609.778 609.7769 609.7756 609.7746 609.7736 609.7725 609.7711 609.7701 609.7692 609.768 609.7667 609.7657 609.764 609.7627 609.7622 609.7612 609.7595 609.7582 609.7572
609.7999 609.7988 609.798 609.7985 609.7966 609.797 609.796 609.7942 609.7931 609.7935 609.7925 609.7906 609.7896 609.7899 609.7882 609.787 609.7859 609.785 609.7845 609.7834 609.7836 609.7819 609.7806 609.7797 609.7786 609.7767 609.7757 609.7751 609.776 609.7743 609.7731 609.7721 609.7701 609.7702 609.7703 609.7692 609.7675 609.7663 609.7653 609.7635 609.7623 609.7623 609.7614 609.7595 609.7584 609.7584 609.7576 609.7563 609.7553 609.7543 609.7535 609.7523 609.7512 609.7502 609.7494 609.7481 609.7471 609.7453 609.7441 609.744 609.743 609.7411 609.74 609.739
609.774 609.7729 609.7739 609.7733 609.7721 609.7724 609.7714 609.7695 609.7691 609.7695 609.7685 609.7665 609.7661 609.7665 609.7646 609.7635 609.7626 609.7628 609.7615 609.7608 609.7612 609.7595 609.7583 609.7573 609.7562 609.7543 609.7534 609.7543 609.7546 609.7527 609.7517 609.7506 609.7499 609.7494 609.7498 609.7488 609.7469 609.7458 609.7448 609.7429 609.7429 609.7423 609.7412 609.7394 609.7396 609.739 609.7382 609.7371 609.736 609.7352 609.7345 609.7333 609.7323 609.7315 609.7307 609.7296 609.7286 609.7267 609.726 609.7258 609.7248 609.7228 609.7218 609.7216
609.7481 609.7471 609.7491 609.7479 609.7479 609.7478 609.7467 609.7449 609.7455 609.7455 609.7444 609.7426 609.7431 609.7431 609.7412 609.7402 609.7392 609.7405 609.7386 609.7386 609.7388 609.7371 609.736 609.735 609.7337 609.7321 609.7311 609.7335 609.7332 609.7314 609.7303 609.7291 609.7294 609.7291 609.7292 609.7283 609.7264 609.7253 609.7242 609.7225 609.7232 609.7222 609.7209 609.7193 609.72 609.72 609.7188 609.7178 609.7167 609.7167 609.7155 609.7144 609.7134 609.7133 609.7121 609.7111 609.71 609.7081 609.7082 609.7076 609.7065 609.7047 609.7037 609.704
609.7222 609.7212 609.7239 609.7225 609.7237 609.7231 609.722 609.7203 609.7219 609.7215 609.7203 609.7186 609.72 609.7197 609.7178 609.7167 609.7158 609.7175 609.7158 609.7165 609.7165 609.7146 609.7136 609.7126 609.7112 609.7097 609.7087 609.7127 609.7117 609.71 609.709 609.7075 609.7085 609.7087 609.7087 609.7078 609.7059 609.7049 609.7036 609.702 609.7032 609.7021 609.7007 609.6993 609.7004 609.7011 609.6995 609.6985 609.6975 609.6981 609.6965 609.6956 609.6945 609.695 609.6935 609.6925 609.6913 609.6896 609.6904 609.6894 609.6882 609.6865 609.6855 609.686
609.6964 609.6954 609.6987 609.6971 609.6995 609.6986 609.6973 609.6957 609.6984 609.6975 609.6962 609.6946 609.697 609.6961 609.6943 609.6934 609.6924 609.6945 609.6929 609.6943 609.6942 609.6923 609.6913 609.6903 609.6887 609.6874 609.6865 609.6915 609.6902 609.6886 609.6876 609.686 609.6876 609.6884 609.6882 609.6872 609.6854 609.6844 609.6829 609.6815 609.6831 609.6821 609.6805 609.6792 609.6807 609.6821 609.6802 609.6792 609.6782 609.6795 609.6776 609.6766 609.6756 609.6768 609.6749 609.674 609.6726 609.6711 609.6722 609.6712 609.6699 609.6683 609.6673 609.668
609.6705 609.6701 609.6735 609.6718 609.675 609.674 609.6725 609.6712 609.6745 609.6735 609.6721 609.6707 609.6738 609.6726 609.671 609.6699 609.6689 609.6715 609.67 609.6721 609.6718 609.6699 609.6689 609.6679 609.6662 609.6651 609.6655 609.67 609.6688 609.6672 609.6663 609.6644 609.6666 609.668 609.6677 609.6666 609.6649 609.6639 609.6624 609.6611 609.663 609.662 609.6603 609.6594 609.6611 609.6627 609.6609 609.66 609.6589 609.6605 609.6587 609.6577 609.6567 609.6582 609.6564 609.6554 609.6539 609.6525 609.6539 609.653 609.6515 609.6501 609.6491 609.65
609.6446 609.6459 609.6483 609.6466 609.6504 609.6494 609.6478 609.6466 609.6505 609.6495 609.6479 609.6467 609.6503 609.649 609.6475 609.6465 609.6464 609.6485 609.6472 609.65 609.6493 609.6476 609.6466 609.6456 609.6437 609.6428 609.6447 609.6487 609.6473 609.6459 609.6448 609.6441 609.6458 609.6477 609.6472 609.6461 609.6444 609.6434 609.6417 609.6412 609.643 609.642 609.6402 609.6405 609.6414 609.6434 609.6417 609.6407 609.6396 609.6415 609.6398 609.6388 609.6378 609.6395 609.6378 609.6368 609.6353 609.634 609.6357 609.6348 609.6332 609.6319 609.6313 609.632
609.6188 609.6218 609.623 609.6224 609.6258 609.6248 609.6231 609.623 609.6265 609.6255 609.6238 609.6234 609.627 609.6255 609.6241 609.6232 609.6243 609.6255 609.6246 609.6277 609.6269 609.6252 609.6243 609.6232 609.6215 609.6205 609.6238 609.6273 609.6257 609.6245 609.6234 609.624 609.6248 609.6274 609.6268 609.6255 609.624 609.6229 609.6212 609.6218 609.6229 609.6218 609.6201 609.6217 609.6218 609.624 609.6224 609.6214 609.6204 609.6225 609.6209 609.6199 609.6189 609.6209 609.6193 609.6183 609.6166 609.616 609.6176 609.6166 609.6149 609.6137 609.6141 609.614
609.5929 609.5976 609.5977 609.5983 609.6012 609.6002 609.5984 609.5994 609.6025 609.6015 609.5997 609.6003 609.6035 609.602 609.6007 609.5997 609.6023 609.6025 609.6024 609.6056 609.6044 609.6029 609.6019 609.6007 609.5991 609.5981 609.603 609.6059 609.6042 609.6031 609.6018 609.6039 609.6042 609.6071 609.6063 609.6049 609.6035 609.6024 609.6007 609.6025 609.6028 609.6016 609.6001 609.6028 609.6029 609.6046 609.6031 609.6021 609.6017 609.6035 609.602 609.601 609.6005 609.6022 609.6008 609.5998 609.598 609.5981 609.5994 609.5984 609.5966 609.5955 609.5969 609.5961
609.567 609.5734 609.5724 609.574 609.5766 609.5756 609.5739 609.5758 609.5785 609.5775 609.5757 609.5773 609.5801 609.5785 609.5773 609.5764 609.5802 609.5796 609.5802 609.5833 609.582 609.5806 609.5796 609.5782 609.5768 609.5766 609.5822 609.5845 609.5828 609.5817 609.5803 609.5838 609.5838 609.5867 609.5858 609.5843 609.583 609.5818 609.5803 609.5833 609.5828 609.5814 609.58 609.5834 609.5839 609.5852 609.5839 609.5828 609.5832 609.5845 609.5831 609.5821 609.5823 609.5836 609.5822 609.5812 609.5794 609.5803 609.5812 609.5802 609.5784 609.5773 609.5798 609.5787
609.5422 609.5484 609.547 609.5499 609.552 609.5509 609.5493 609.5522 609.5545 609.5535 609.5518 609.5543 609.5566 609.5549 609.5539 609.5529 609.5582 609.5568 609.558 609.561 609.5596 609.5582 609.5573 609.5557 609.5545 609.5558 609.5614 609.5631 609.5614 609.5604 609.5587 609.563 609.5635 609.5663 609.5652 609.5637 609.5625 609.5612 609.5598 609.5637 609.5627 609.5612 609.5603 609.5637 609.565 609.5659 609.5646 609.5635 609.5646 609.5655 609.5642 609.5632 609.564 609.565 609.5637 609.5626 609.5609 609.5625 609.5629 609.5618 609.5602 609.5592 609.562 609.5613
609.518 609.5233 609.5217 609.5257 609.5274 609.5262 609.5247 609.5286 609.5305 609.5294 609.5278 609.5313 609.5332 609.5316 609.5305 609.53 609.5355 609.5339 609.5358 609.5386 609.5372 609.5359 609.5349 609.5332 609.5322 609.535 609.5406 609.5417 609.54 609.539 609.5382 609.5422 609.5432 609.5458 609.5447 609.5432 609.5421 609.5406 609.5395 609.5436 609.5427 609.541 609.5414 609.5441 609.5461 609.5464 609.5453 609.5443 609.546 609.5465 609.5453 609.5443 609.5458 609.5463 609.5451 609.5438 609.5424 609.5447 609.5447 609.5435 609.542 609.541 609.544 609.5439
609.4938 609.498 609.4969 609.5015 609.5028 609.5015 609.5004 609.505 609.5065 609.5052 609.5038 609.5082 609.5098 609.5081 609.5071 609.508 609.5125 609.511 609.5137 609.5162 609.5147 609.5135 609.5126 609.5109 609.5099 609.5142 609.5198 609.5202 609.5186 609.5176 609.5181 609.5212 609.5228 609.5253 609.5242 609.5226 609.5215 609.52 609.5202 609.5236 609.5226 609.5209 609.5226 609.5244 609.5271 609.5271 609.526 609.525 609.5274 609.5275 609.5264 609.5254 609.5275 609.5277 609.5266 609.5251 609.5238 609.5269 609.5266 609.5252 609.5238 609.5238 609.526 609.5266
609.4697 609.4728 609.4728 609.4774 609.4781 609.4767 609.4768 609.4814 609.4825 609.4811 609.4807 609.4852 609.4864 609.4847 609.4837 609.4859 609.4895 609.4883 609.4915 609.4938 609.4923 609.4912 609.4902 609.4885 609.4877 609.4933 609.499 609.4987 609.4973 609.4961 609.498 609.5003 609.5024 609.5048 609.5038 609.5021 609.5011 609.4994 609.5009 609.5035 609.5025 609.5009 609.5038 609.5048 609.5082 609.5078 609.5068 609.5057 609.5089 609.5085 609.5075 609.5065 609.5093 609.509 609.5081 609.5065 609.5059 609.509 609.5084 609.5068 609.5056 609.5067 609.508 609.5092
609.4455 609.4476 609.4486 609.4531 609.4536 609.452 609.4532 609.4578 609.4585 609.457 609.4576 609.4622 609.4629 609.4613 609.4603 609.4639 609.4665 609.4661 609.4694 609.4715 609.4698 609.4689 609.4677 609.4662 609.4669 609.4725 609.4781 609.4772 609.4759 609.4745 609.4779 609.4794 609.4821 609.4843 609.4833 609.4816 609.4806 609.4789 609.4816 609.4835 609.4823 609.4808 609.485 609.4857 609.4893 609.4885 609.4875 609.4869 609.4902 609.4896 609.4886 609.4877 609.4911 609.4905 609.4895 609.4878 609.488 609.4911 609.4902 609.4885 609.4874 609.4894 609.49 609.4918
609.4213 609.4222 609.4244 609.429 609.429 609.4274 609.4296 609.4343 609.4345 609.4329 609.4346 609.4391 609.4393 609.4379 609.4369 609.4418 609.4435 609.4439 609.4471 609.4492 609.4475 609.4465 609.4453 609.4439 609.4461 609.4517 609.4572 609.4557 609.4545 609.453 609.4578 609.4589 609.4618 609.4637 609.4628 609.4611 609.4601 609.4585 609.4622 609.4634 609.4621 609.4612 609.4661 609.4668 609.4703 609.4692 609.4682 609.4683 609.4717 609.4707 609.4697 609.4695 609.4728 609.4719 609.4709 609.4692 609.4702 609.4729 609.4719 609.4703 609.4692 609.4722 609.4722 609.4744
609.3972 609.3969 609.4002 609.4048 609.4044 609.4028 609.406 609.4106 609.4105 609.4089 609.4116 609.4161 609.4158 609.4145 609.4137 609.4197 609.4206 609.4218 609.425 609.4268 609.4252 609.4242 609.4227 609.4216 609.4253 609.4308 609.4357 609.4343 609.4332 609.4323 609.4377 609.4386 609.4415 609.4432 609.4422 609.4407 609.4395 609.438 609.4429 609.4434 609.4418 609.4424 609.4468 609.4479 609.4514 609.45 609.4489 609.4497 609.4531 609.4518 609.4507 609.4513 609.4546 609.4534 609.4524 609.4507 609.4524 609.4547 609.4537 609.4521 609.451 609.4551 609.4548 609.4571
609.373 609.3715 609.376 609.3806 609.3798 609.3783 609.3824 609.3871 609.3865 609.3849 609.3885 609.3931 609.3923 609.3911 609.3916 609.3976 609.3977 609.3996 609.4028 609.4044 609.4028 609.4019 609.4003 609.3993 609.4044 609.41 609.4144 609.4128 609.4118 609.4122 609.4176 609.4182 609.4211 609.4228 609.4216 609.4202 609.4188 609.4185 609.4236 609.4233 609.4217 609.4235 609.4271 609.4289 609.4323 609.4307 609.4296 609.4311 609.4345 609.4329 609.4319 609.433 609.4363 609.4348 609.4338 609.4322 609.4346 609.4365 609.4355 609.4339 609.4335 609.4379 609.4374 609.4397
609.3478 609.3473 609.3519 609.3562 609.3551 609.3542 609.3588 609.3635 609.3625 609.361 609.3655 609.37 609.3688 609.3677 609.3696 609.3756 609.3749 609.3774 609.3806 609.382 609.3805 609.3795 609.3779 609.3781 609.3836 609.3892 609.3929 609.3914 609.3904 609.3921 609.3967 609.3979 609.4008 609.4023 609.4011 609.3997 609.3982 609.3992 609.4042 609.4033 609.4017 609.4047 609.4075 609.41 609.4129 609.4114 609.4104 609.4125 609.4155 609.414 609.413 609.4148 609.4178 609.4163 609.4151 609.4136 609.4168 609.4183 609.4172 609.4157 609.4163 609.42 609.42 609.4223
609.3226 609.3231 609.3277 609.3316 609.3304 609.3306 609.3353 609.3395 609.3384 609.338 609.3425 609.3468 609.3453 609.3443 609.3475 609.3535 609.3521 609.3552 609.3585 609.3597 609.3582 609.3572 609.3557 609.3572 609.3628 609.3684 609.3716 609.3701 609.3688 609.372 609.3759 609.3776 609.3804 609.3818 609.3805 609.3792 609.3777 609.3799 609.3842 609.3832 609.3816 609.3859 609.3878 609.3911 609.3935 609.3921 609.3911 609.3939 609.3965 609.3951 609.394 609.3965 609.3992 609.3978 609.3964 609.3958 609.399 609.4001 609.3989 609.3975 609.3991 609.402 609.4026 609.405
609.2974 609.299 609.3035 609.307 609.3057 609.307 609.3116 609.3155 609.3143 609.3149 609.3195 609.3234 609.3219 609.3209 609.3254 609.3305 609.3298 609.3331 609.3363 609.3373 609.3358 609.3347 609.3333 609.3364 609.342 609.3476 609.3502 609.3487 609.3473 609.3519 609.3549 609.3572 609.3601 609.3613 609.3599 609.3587 609.3572 609.3606 609.3641 609.3629 609.3621 609.3671 609.3686 609.3721 609.3741 609.3729 609.3719 609.3754 609.3775 609.3762 609.3752 609.3783 609.3806 609.3792 609.3777 609.3779 609.3812 609.3819 609.3805 609.3793 609.3819 609.384 609.3853 609.3876
609.272 609.2748 609.2793 609.2824 609.2809 609.2834 609.2881 609.2915 609.2901 609.2919 609.2964 609.2999 609.2985 609.2975 609.3033 609.3075 609.3077 609.3109 609.3141 609.3148 609.3135 609.3122 609.311 609.3156 609.3212 609.3268 609.3287 609.3273 609.3264 609.3318 609.334 609.3369 609.3398 609.3408 609.3393 609.3383 609.3367 609.3412 609.3441 609.3427 609.3433 609.3482 609.3497 609.3531 609.3547 609.3536 609.3534 609.3568 609.3585 609.3572 609.3568 609.36 609.3619 609.3607 609.3591 609.3602 609.3633 609.3637 609.3622 609.3611 609.3647 609.366 609.3679 609.3702
609.2467 609.2505 609.2551 609.2578 609.2564 609.2598 609.2645 609.2675 609.2661 609.2689 609.2734 609.2765 609.2751 609.2753 609.2813 609.2845 609.2855 609.2888 609.2919 609.2924 609.2911 609.2897 609.2891 609.2947 609.3004 609.306 609.3073 609.3059 609.3063 609.3117 609.3137 609.3165 609.3194 609.3203 609.3188 609.3177 609.3168 609.322 609.324 609.3225 609.3245 609.3294 609.3307 609.3342 609.3354 609.3343 609.3348 609.3382 609.3395 609.3384 609.3385 609.3419 609.3433 609.3421 609.3406 609.3423 609.3455 609.3455 609.344 609.3431 609.3475 609.3483 609.3505 609.3528
609.2219 609.2264 609.231 609.2332 609.2318 609.2363 609.2409 609.2435 609.2421 609.2458 609.2503 609.2531 609.2516 609.2532 609.2592 609.2616 609.2633 609.2665 609.2698 609.27 609.2688 609.2673 609.2683 609.2739 609.2795 609.2852 609.2858 609.2845 609.2863 609.2916 609.2933 609.2962 609.2991 609.2997 609.2983 609.2971 609.2975 609.3026 609.304 609.3025 609.3056 609.3101 609.3118 609.3152 609.316 609.315 609.3162 609.3196 609.3205 609.3195 609.3203 609.3236 609.3246 609.3235 609.322 609.3245 609.3277 609.3273 609.3258 609.326 609.3304 609.3309 609.3331 609.3354
609.1976 609.2022 609.2067 609.2086 609.208 609.2127 609.2173 609.2195 609.2183 609.2228 609.2273 609.2296 609.2283 609.2311 609.2372 609.2387 609.2411 609.2444 609.2476 609.2476 609.2465 609.2451 609.2475 609.2531 609.2587 609.2643 609.2642 609.2631 609.2661 609.2715 609.273 609.2759 609.2787 609.2792 609.2778 609.2765 609.2782 609.2833 609.2839 609.2824 609.2868 609.2905 609.2928 609.2963 609.2968 609.2957 609.2976 609.301 609.3016 609.3005 609.3021 609.3054 609.306 609.3051 609.3035 609.3067 609.3099 609.3091 609.3076 609.3088 609.3132 609.3135 609.3158 609.3181
609.1735 609.178 609.1826 609.184 609.1844 609.1891 609.1937 609.1955 609.1953 609.1998 609.2042 609.2061 609.2048 609.209 609.2151 609.2159 609.219 609.2222 609.2255 609.2251 609.2241 609.2227 609.2267 609.2323 609.2379 609.2435 609.2429 609.2415 609.246 609.2513 609.2527 609.2556 609.2584 609.2588 609.2573 609.2559 609.2589 609.264 609.2638 609.2631 609.2679 609.2708 609.2739 609.2774 609.2775 609.2765 609.2791 609.2824 609.2827 609.2817 609.2838 609.2871 609.2875 609.2863 609.2857 609.2889 609.2919 609.2908 609.2894 609.2916 609.296 609.2961 609.2984 609.3007
609.1493 609.1538 609.1584 609.1593 609.1609 609.1655 609.1702 609.1715 609.1722 609.1767 609.1812 609.1826 609.1815 609.187 609.193 609.1936 609.1968 609.2 609.2032 609.2028 609.2017 609.2004 609.2059 609.2115 609.2171 609.2227 609.2214 609.2206 609.226 609.2304 609.2323 609.2352 609.238 609.2383 609.2369 609.2355 609.2396 609.2447 609.2436 609.2442 609.2491 609.2515 609.2549 609.2584 609.2582 609.2572 609.2604 609.2639 609.2637 609.2628 609.2656 609.2689 609.2689 609.2676 609.2679 609.2711 609.2737 609.2725 609.2712 609.2744 609.278 609.2787 609.281 609.2832
