COS0=(0.054289053997606106, 1.0, -12.0, MASK0)
COS1=(0.06100295562924124, 2.0, -4.0, MASK0)
COS2=(0.045746358477490444, 2.5, 5.0, MASK0)
COS3=(0.0160569794178679, 4.0, -2.0, MASK0)
COS4=(0.028880420229652655, 4.5, -4.0, MASK0)
COS5=(0.03508338562175895, 6.0, -1.0, MASK0)
COS6=(0.07050147122473918, 7.0, 5.0, MASK0)
COS7=(0.01603836082452948, 7.5, -2.0, MASK0)
COS8=(0.019498571230519755, 8.5, 1.0, MASK0)
COS9=(0.03353708553373305, 9.5, -2.0, MASK0)
COS10=(0.018793124437610338, 10.5, -1.0, MASK0)
COS11=(0.028177438505301418, 12.0, 3.0, MASK0)
COS12=(0.0185143633988209, 12.5, 2.0, MASK0)
COS13=(0.015926144367526852, 13.5, -1.0, MASK0)
COS14=(0.011687623959556186, 14.5, -2.0, MASK0)
COS15=(0.014886770018136663, 15.5, -1.0, MASK0)
COS16=(0.006325525574306291, 16.5, 2.0, MASK0)
COS17=(0.016385092106660615, 17.5, 2.0, MASK0)
COS18=(0.012190337493175918, 18.5, 2.0, MASK0)
COS19=(0.007271862608133407, 19.5, -1.0, MASK0)
COS20=(0.012292331877793529, 20.5, 1.0, MASK0)
COS21=(0.00745449784677143, 21.5, 2.0, MASK0)
COS22=(0.01223732801009867, 22.5, 1.0, MASK0)
COS23=(0.01350762090186608, 23.5, -1.0, MASK0)
COS24=(0.012292331877793532, 20.5, 1.0, MASK0)
COS25=(0.007271862608133407, 19.5, -1.0, MASK0)
COS26=(0.012190337493175916, 18.5, 2.0, MASK0)
COS27=(0.016385092106660615, 17.5, 2.0, MASK0)
COS28=(0.006325525574306293, 16.5, 2.0, MASK0)
COS29=(0.014886770018136663, 15.5, -1.0, MASK0)
COS30=(0.011687623959556186, 14.5, -2.0, MASK0)
COS31=(0.015926144367526852, 13.5, -1.0, MASK0)
COS32=(0.018514363398820895, 12.5, 2.0, MASK0)
COS33=(0.028177438505301418, 12.0, 3.0, MASK0)
COS34=(0.018793124437610338, 10.5, -1.0, MASK0)
COS35=(0.03353708553373305, 9.5, -2.0, MASK0)
COS36=(0.01949857123051975, 8.5, 1.0, MASK0)
COS37=(0.01603836082452948, 7.5, -2.0, MASK0)
COS38=(0.07050147122473917, 7.0, 5.0, MASK0)
COS39=(0.03508338562175895, 6.0, -1.0, MASK0)
COS40=(0.02888042022965266, 4.5, -4.0, MASK0)
COS41=(0.0160569794178679, 4.0, -2.0, MASK0)
COS42=(0.04574635847749045, 2.5, 5.0, MASK0)
COS43=(0.06100295562924124, 2.0, -4.0, MASK0)
COS44=(0.054289053997606106, 1.0, -12.0, MASK0)
