COS0=(0.1853073136590984, 1.0, 14.0, MASK0)
COS1=(0.09633564684325875, 2.0, -13.0, MASK0)
COS2=(0.1083521855452052, 2.5, -6.0, MASK0)
COS3=(0.10068736534136612, 3.5, -4.0, MASK0)
COS4=(0.0965276523894086, 5.0, -1.0, MASK0)
COS5=(0.030632705590297394, 6.0, -1.0, MASK0)
COS6=(0.02385382978577314, 6.5, 3.0, MASK0)
COS7=(0.017268496337135886, 7.5, 2.0, MASK0)
COS8=(0.02977055365126216, 8.5, 3.0, MASK0)
COS9=(0.03118852526316605, 9.5, -2.0, MASK0)
COS10=(0.011546722383170482, 10.5, -1.0, MASK0)
COS11=(0.006941645002816773, 12.0, 3.0, MASK0)
COS12=(0.0372348138783081, 13.0, 3.0, MASK0)
COS13=(0.03118852526316605, 9.5, -2.0, MASK0)
COS14=(0.02977055365126214, 8.5, 3.0, MASK0)
COS15=(0.017268496337135886, 7.5, 2.0, MASK0)
COS16=(0.02385382978577312, 6.5, 3.0, MASK0)
COS17=(0.030632705590297394, 6.0, -1.0, MASK0)
COS18=(0.09652765238940857, 5.0, -1.0, MASK0)
COS19=(0.10068736534136612, 3.5, -4.0, MASK0)
COS20=(0.1083521855452052, 2.5, -6.0, MASK0)
COS21=(0.09633564684325875, 2.0, -13.0, MASK0)
COS22=(0.1853073136590984, 1.0, 14.0, MASK0)
