COS0=(0.01998983098342377, 1.0, 20.0, MASK0)
COS1=(0.03327757491318455, 1.5, -8.0, MASK0)
COS2=(0.02685566483953803, 2.5, 6.0, MASK0)
COS3=(0.021803653843054202, 4.0, -8.0, MASK0)
COS4=(0.004951680838065906, 5.0, -5.0, MASK0)
COS5=(0.014273255550014255, 6.0, -4.0, MASK0)
COS6=(0.010759677616794912, 7.0, 5.0, MASK0)
COS7=(0.005098432427673888, 7.5, 2.0, MASK0)
COS8=(0.0014357277676982543, 9.0, -5.0, MASK0)
COS9=(0.008427899637224161, 9.5, -2.0, MASK0)
COS10=(0.005446075459205932, 10.5, -2.0, MASK0)
COS11=(0.0018250873711065168, 11.5, 1.0, MASK0)
COS12=(0.0057765392562955506, 12.5, 1.0, MASK0)
COS13=(0.008427899637224161, 9.5, -2.0, MASK0)
COS14=(0.0014357277676982547, 9.0, -5.0, MASK0)
COS15=(0.005098432427673888, 7.5, 2.0, MASK0)
COS16=(0.010759677616794914, 7.0, 5.0, MASK0)
COS17=(0.014273255550014255, 6.0, -4.0, MASK0)
COS18=(0.004951680838065903, 5.0, -5.0, MASK0)
COS19=(0.021803653843054202, 4.0, -8.0, MASK0)
COS20=(0.026855664839538034, 2.5, 6.0, MASK0)
COS21=(0.03327757491318455, 1.5, -8.0, MASK0)
COS22=(0.019989830983423773, 1.0, 20.0, MASK0)
