SIN0=(0.6531148480081551,1.0,-2.72,MASK0)
SIN1=(1.069795219611903,2.0,2.26,MASK0)
SIN2=(0.332719065477588,3.0,-0.99,MASK0)
SIN3=(0.5859132353129877,5.0,2.46,MASK0)
SIN4=(0.14444872273550022,6.0,-1.87,MASK0)
SIN5=(0.37664511621884095,8.0,-2.93,MASK0)
SIN6=(0.350075792160621,8.5,-0.03,MASK0)
SIN7=(0.15322304963518768,10.0,-0.07,MASK0)
SIN8=(0.3766451162188409,8.0,-2.93,MASK0)
SIN9=(0.35428380127710374,7.0,0.47,MASK0)
SIN10=(0.14444872273550025,6.0,-1.87,MASK0)
SIN11=(0.3673165556225613,4.0,-0.58,MASK0)
SIN12=(0.332719065477588,3.0,-0.99,MASK0)
SIN13=(1.069795219611903,2.0,2.26,MASK0)
SIN14=(0.653114848008155,1.0,-2.72,MASK0)

