samples/sfe_316/sfe_316_v8/sfe_316_v8/sfe_316_v8.asc
ncols         184
nrows         75
xllcorner     96.199999999255
yllcorner     62.60000000149
cellsize      1
NODATA_value  -9999
[rows 0 to 27 of 75, columns 63 to 125 of 184]
609.5515 609.5365 609.5215 609.5066 609.4917 609.4767 609.4617 609.4468 609.4319 609.4169 609.4019 609.3875 609.3726 609.3576 609.3426 609.3282 609.3133 609.2983 609.2839 609.2689 609.2545 609.2395 609.2245 609.21 609.195 609.1806 609.1656 609.1511 609.136 609.1216 609.1071 609.092 609.0775 609.063 609.048 609.0333 609.0187 609.0038 608.9891 608.9744 608.9598 608.9449 608.9302 608.9155 608.9009 608.8859 608.8712 608.8564 608.8417 608.827 608.8123 608.7976 608.7828 608.7681 608.7531 608.7383 608.7236 608.7088 608.694 608.6793 608.6644 608.6495 608.6349
609.4515 609.4365 609.4219 609.4069 609.3923 609.3773 609.3627 609.3477 609.3331 609.3181 609.3044 609.291 609.276 609.2614 609.2463 609.2341 609.2192 609.2042 609.1918 609.1768 609.1644 609.1494 609.1354 609.1218 609.1078 609.0943 609.08 609.0662 609.0522 609.0385 609.0256 609.0106 608.9974 608.9844 608.9694 608.9561 608.943 608.928 608.9145 608.901 608.8877 608.8734 608.8591 608.8455 608.8321 608.8171 608.8041 608.7896 608.7758 608.7623 608.7484 608.7345 608.7206 608.7066 608.6917 608.6779 608.6639 608.6498 608.6359 608.6221 608.6077 608.5935 608.5794
609.3515 609.3365 609.3222 609.3072 609.2929 609.2779 609.2635 609.2485 609.2343 609.2192 609.2078 609.1944 609.1794 609.1651 609.1501 609.14 609.125 609.1102 609.0997 609.0847 609.0743 609.0593 609.0472 609.0337 609.0214 609.0079 608.9952 608.9814 608.9691 608.9554 608.9442 608.9292 608.9173 608.9059 608.8909 608.8788 608.8672 608.8522 608.8399 608.8275 608.8156 608.8027 608.7881 608.7755 608.7633 608.7483 608.7378 608.7228 608.7099 608.6974 608.6845 608.6714 608.6583 608.6452 608.6302 608.6175 608.6042 608.5909 608.5776 608.5655 608.5508 608.5374 608.5239
609.2515 609.2365 609.2225 609.2075 609.1935 609.1785 609.1645 609.1495 609.1354 609.1205 609.1112 609.0978 609.0828 609.0688 609.0538 609.0458 609.0309 609.0181 609.0076 608.9926 608.9842 608.9692 608.959 608.9455 608.9351 608.9216 608.9104 608.8965 608.886 608.8723 608.8627 608.8478 608.8372 608.8274 608.8124 608.8016 608.7914 608.7764 608.7653 608.7541 608.7435 608.7321 608.717 608.7055 608.6946 608.6796 608.671 608.6559 608.6453 608.6327 608.6206 608.6084 608.5961 608.5838 608.5707 608.5585 608.5459 608.5333 608.5194 608.5089 608.494 608.4813 608.4684
609.1515 609.1365 609.1228 609.1078 609.0941 609.0791 609.0654 609.0504 609.0367 609.0217 609.0146 609.0012 608.9863 608.9725 608.9589 608.9517 608.9368 608.926 608.9156 608.9006 608.8941 608.8791 608.8708 608.8573 608.8488 608.8353 608.8256 608.8118 608.8029 608.7891 608.7813 608.7673 608.7571 608.7488 608.7339 608.7243 608.7156 608.7006 608.6911 608.6806 608.6714 608.661 608.6469 608.6356 608.6258 608.6108 608.6041 608.5905 608.5808 608.5679 608.5566 608.5453 608.5339 608.5223 608.5112 608.4995 608.4877 608.4758 608.4622 608.4522 608.4373 608.4252 608.413
609.0515 609.0365 609.0231 609.0081 608.9947 608.9797 608.9662 608.9512 608.9379 608.9229 608.9181 608.9047 608.8897 608.8763 608.8648 608.8575 608.8426 608.8339 608.8235 608.8085 608.804 608.789 608.7827 608.7691 608.7625 608.7489 608.7407 608.7269 608.7198 608.7064 608.6999 608.6874 608.6771 608.6703 608.6553 608.647 608.6398 608.6256 608.6178 608.6072 608.5992 608.59 608.5774 608.5668 608.557 608.5444 608.5373 608.5255 608.5163 608.5031 608.4927 608.4823 608.4717 608.4609 608.4511 608.4402 608.4291 608.418 608.4055 608.3954 608.3804 608.3702 608.3575
608.9515 608.9365 608.9234 608.9084 608.8953 608.8802 608.8672 608.8522 608.8391 608.8241 608.8215 608.8081 608.7932 608.78 608.7707 608.7634 608.7485 608.7418 608.7314 608.7184 608.7139 608.6989 608.6945 608.681 608.6761 608.6626 608.6559 608.6421 608.6367 608.625 608.6184 608.6075 608.597 608.5918 608.5773 608.571 608.564 608.5519 608.5445 608.5337 608.5271 608.5189 608.5079 608.498 608.4883 608.4783 608.4705 608.4605 608.4518 608.4383 608.4288 608.4192 608.4099 608.3995 608.3907 608.3805 608.3702 608.3598 608.3488 608.3386 608.3236 608.3152 608.3021
608.8515 608.8365 608.8237 608.8087 608.7959 608.7809 608.7681 608.7531 608.7402 608.7253 608.725 608.7115 608.6966 608.6837 608.6765 608.6693 608.6543 608.6498 608.6393 608.6283 608.6238 608.6088 608.6063 608.5928 608.5898 608.5762 608.5711 608.5573 608.5536 608.5435 608.537 608.5276 608.5178 608.5133 608.501 608.4953 608.4882 608.4783 608.4712 608.4602 608.455 608.4479 608.4384 608.4293 608.4195 608.4117 608.4036 608.3954 608.3873 608.3748 608.366 608.357 608.3486 608.3381 608.3302 608.3208 608.3113 608.3016 608.2917 608.2818 608.2668 608.2601 608.2466
608.7515 608.7365 608.724 608.709 608.6965 608.6815 608.669 608.654 608.6414 608.6274 608.6284 608.615 608.6 608.5874 608.5824 608.5752 608.5602 608.5577 608.5472 608.5382 608.5338 608.5187 608.5181 608.5046 608.5034 608.4899 608.4863 608.4732 608.4705 608.4621 608.4556 608.4477 608.4392 608.4348 608.4247 608.4195 608.4124 608.4045 608.3979 608.3885 608.3829 608.3768 608.3689 608.3605 608.3507 608.3439 608.3368 608.3295 608.3229 608.3117 608.3037 608.2956 608.2874 608.2767 608.2698 608.2611 608.2523 608.2433 608.2343 608.225 608.2114 608.2051 608.1911
608.6515 608.6365 608.6243 608.6093 608.5971 608.5821 608.5699 608.5549 608.5427 608.5309 608.5318 608.5184 608.5034 608.4911 608.4883 608.481 608.4661 608.4656 608.4552 608.4481 608.4437 608.4302 608.4299 608.4176 608.4171 608.4043 608.4014 608.3901 608.3874 608.3807 608.3741 608.3678 608.3607 608.3563 608.3484 608.3437 608.3366 608.3309 608.3246 608.3168 608.3111 608.3058 608.2994 608.2917 608.282 608.2772 608.27 608.2636 608.2584 608.2486 608.2415 608.2341 608.2262 608.2152 608.2094 608.2014 608.1934 608.1852 608.1768 608.1682 608.1566 608.1501 608.1373
608.3202 608.3052 608.2931 608.2836 608.2715 608.2617 608.2497 608.2397 608.287 608.3765 608.3647 608.3527 608.3503 608.4045 608.3941 608.3869 608.3732 608.3735 608.3631 608.358 608.3536 608.342 608.3418 608.3313 608.3307 608.3195 608.3166 608.307 608.3043 608.2992 608.2927 608.2879 608.2822 608.2777 608.2722 608.2679 608.2609 608.2572 608.2513 608.2452 608.2404 608.2347 608.2299 608.223 608.2132 608.2108 608.2031 608.1977 608.1939 608.1855 608.1793 608.1727 608.165 608.1544 608.1491 608.1418 608.1345 608.127 608.1195 608.1114 608.1017 608.095 608.0839
607.4492 607.4341 607.4331 607.4307 607.4183 607.4259 607.4236 607.4207 607.4797 607.5571 607.5623 607.5645 607.5751 607.673 607.6935 607.7285 607.8267 607.822 607.9127 607.9544 608.0136 608.0776 608.1312 608.197 608.2443 608.2395 608.2318 608.2239 608.2212 608.2178 608.2116 608.208 608.2037 608.1992 608.1959 608.1921 608.1851 608.1834 608.178 608.1735 608.1697 608.1639 608.1605 608.1542 608.1461 608.1445 608.1375 608.1331 608.1293 608.1225 608.117 608.1113 608.1038 608.0948 608.0901 608.0836 608.0768 608.0691 608.0629 608.0546 608.0469 608.0397 608.0304
606.5781 606.563 606.5799 606.5778 606.5693 606.5901 606.6042 606.6016 606.6724 606.7377 606.7589 606.7763 606.8 606.9058 606.9202 606.9712 607.0718 607.082 607.1727 607.2236 607.2988 607.3581 607.4317 607.5015 607.5563 607.6238 607.6924 607.7698 607.8398 607.8979 607.9664 608.0455 608.1016 608.1285 608.1196 608.1163 608.1101 608.1092 608.1047 608.1018 608.099 608.0944 608.0905 608.0854 608.08 608.0781 608.0725 608.0686 608.0645 608.0594 608.0548 608.0499 608.0426 608.0353 608.0313 608.0254 608.0193 608.0125 608.0063 607.9977 607.9911 607.9843 607.977
605.707 605.692 605.7266 605.7249 605.7335 605.7543 605.7848 605.7825 605.865 605.9337 605.9553 605.9882 606.0248 606.1349 606.1473 606.2139 606.3125 606.342 606.4581 606.5006 606.5839 606.6494 606.7323 606.8061 606.8683 606.9473 607.0168 607.1053 607.1816 607.2454 607.3273 607.404 607.4688 607.5348 607.642 607.7036 607.7704 607.877 607.952 608.0328 608.0295 608.0249 608.0212 608.0166 608.0139 608.0117 608.0075 608.0041 607.9997 607.9963 607.9926 607.9885 607.9814 607.9759 607.9723 607.9672 607.9618 607.9557 607.9496 607.941 607.9357 607.9288 607.9227
604.8359 604.8209 604.8734 604.872 604.8976 604.9185 604.9654 604.9634 605.0574 605.1304 605.1517 605.2 605.2497 605.3637 605.3755 605.4567 605.5532 605.6021 605.7361 605.7885 605.869 605.9572 606.0328 606.1107 606.1803 606.2717 606.3411 606.4408 606.5347 606.5928 606.6857 606.7624 606.8361 606.9124 607.0253 607.0827 607.1626 607.2706 607.3427 607.4332 607.5244 607.6084 607.6945 607.7567 607.8436 607.9478 607.9425 607.9396 607.9357 607.9329 607.9297 607.9265 607.9202 607.9164 607.9133 607.9089 607.9043 607.8991 607.8931 607.8842 607.8807 607.8733 607.869
603.9649 603.9504 604.0202 604.019 604.0618 604.0826 604.146 604.1478 604.2496 604.3271 604.348 604.4118 604.4745 604.5925 604.6062 604.7188 604.794 604.8621 605.0145 605.0765 605.1542 605.259 605.3362 605.4194 605.4923 605.5961 605.6887 605.7763 605.8804 605.9401 606.0442 606.1339 606.2034 606.2919 606.4073 606.4618 606.5547 606.6612 606.7363 606.8337 606.9301 607.0141 607.1036 607.1645 607.2704 607.3646 607.4601 607.55 607.6201 607.7187 607.8177 607.8705 607.859 607.8569 607.8544 607.8508 607.8468 607.8424 607.8364 607.8289 607.8256 607.8184 607.8152
603.0938 603.0798 603.1669 603.1661 603.226 603.2471 603.3266 603.3405 603.4417 603.5237 603.5598 603.6237 603.7081 603.8212 603.849 603.9784 604.0361 604.1558 604.2929 604.3644 604.4514 604.5596 604.6552 604.7314 604.8304 604.9204 605.0306 605.1118 605.2191 605.2875 605.4026 605.507 605.5707 605.6714 605.7764 605.8409 605.9469 606.0518 606.1429 606.2342 606.3358 606.4198 606.5114 606.5723 606.6974 606.7813 606.8858 606.9747 607.0519 607.1546 607.2544 607.354 607.42 607.5052 607.6048 607.7023 607.7985 607.7858 607.7798 607.774 607.7706 607.765 607.7614
602.2228 602.2084 602.3137 602.3133 602.3902 602.4118 602.5072 602.5331 602.6339 602.7204 602.7717 602.8355 602.944 603.05 603.0917 603.2307 603.2915 603.4402 603.5713 603.6501 603.7532 603.8602 603.9716 604.0435 604.1635 604.2448 604.3708 604.4473 604.5665 604.6502 604.761 604.8801 604.938 605.051 605.1555 605.2267 605.3422 605.4424 605.5472 605.643 605.7415 605.8255 605.9192 605.996 606.1158 606.2075 606.3119 606.3993 606.4837 606.5896 606.6909 606.7897 606.8553 606.9463 607.0493 607.1462 607.2424 607.3386 607.4189 607.4946 607.5998 607.6825 607.7085
601.3517 601.3536 601.4605 601.4607 601.5544 601.5857 601.6877 601.7256 601.826 601.9171 601.9835 602.0512 602.1797 602.2788 602.3436 602.483 602.5515 602.7181 602.8444 602.9352 603.0551 603.1607 603.282 603.3555 603.4906 603.5692 603.7109 603.8102 603.9139 604.0161 604.1195 604.2419 604.3129 604.4348 604.5345 604.6247 604.7423 604.8331 604.9477 605.0537 605.1472 605.2402 605.327 605.4229 605.5325 605.6373 605.7447 605.8239 605.9155 606.0245 606.1274 606.2251 606.2908 606.3911 606.4938 606.5928 606.6863 606.7825 606.8629 606.9496 607.0449 607.1356 607.2348
600.4807 600.5004 600.6073 600.6142 600.7186 600.7663 600.8683 600.9177 601.017 601.1138 601.1953 601.2761 601.4124 601.5076 601.6082 601.7353 601.8404 601.996 602.1123 602.2204 602.338 602.4612 602.5925 602.6675 602.8177 602.9101 603.0483 603.1711 603.2614 603.382 603.4847 603.6066 603.6976 603.8218 603.9136 604.0168 604.1425 604.2296 604.3481 604.4644 604.5529 604.6593 604.7347 604.8498 604.9493 605.063 605.1776 605.2488 605.355 605.4603 605.5647 605.6605 605.7317 605.839 605.9378 606.0353 606.1302 606.2335 606.3068 606.4045 606.4901 606.5888 606.6774
600.2905 600.2926 600.2806 600.2884 600.2823 600.2845 600.2811 600.2838 600.2795 600.3104 600.4072 600.5105 600.6412 600.7363 600.8727 600.9875 601.1412 601.2741 601.3887 601.5056 601.6457 601.776 601.9029 601.992 602.1448 602.2654 602.3838 602.5219 602.6088 602.7479 602.8578 602.9739 603.0805 603.2087 603.2927 603.409 603.5422 603.6362 603.7487 603.8746 603.9586 604.0783 604.1484 604.2767 604.3727 604.4887 604.6038 604.6806 604.7954 604.9025 605.0089 605.0959 605.1728 605.2838 605.3818 605.478 605.5742 605.6818 605.7507 605.856 605.9353 606.042 606.1201
600.1694 600.1698 600.1591 600.1663 600.1617 600.1614 600.1579 600.1549 600.1611 600.1534 600.1573 600.1651 600.1771 600.1834 600.1925 600.2398 600.4224 600.5525 600.6767 600.8011 600.9535 601.095 601.2133 601.3336 601.472 601.6143 601.7192 601.8728 601.9702 602.1137 602.2309 602.3412 602.46 602.5956 602.683 602.8078 602.9329 603.0428 603.1534 603.2803 603.3671 603.4894 603.5753 603.7006 603.8036 603.9164 604.0284 604.1124 604.2314 604.3392 604.4529 604.5313 604.6139 604.7283 604.8257 604.9219 605.0181 605.1287 605.1946 605.303 605.3804 605.4849 605.5627
600.0482 600.0471 600.0375 600.0436 600.0413 600.0382 600.0348 600.028 600.0316 600.0116 600.0155 600.0198 600.0256 600.033 600.0516 600.0616 600.082 600.0935 600.1199 600.1205 600.2612 600.4139 600.5237 600.6751 600.798 600.9543 601.0737 601.2236 601.3361 601.4766 601.6041 601.7126 601.8443 601.9826 602.0809 602.2079 602.3235 602.4494 602.5641 602.686 602.7861 602.8972 603.0022 603.1172 603.2345 603.3492 603.453 603.5511 603.6664 603.7758 603.8941 603.9667 604.0594 604.1729 604.2759 604.3658 604.4653 604.5741 604.6482 604.7482 604.8265 604.9276 605.0153
599.927 599.9243 599.916 599.9204 599.9207 599.915 599.9116 599.9011 599.8998 599.8698 599.8737 599.8746 599.8741 599.8833 599.8951 599.9092 599.9143 599.9086 599.9243 599.9294 599.9658 600.0046 600.0227 600.0605 600.1315 600.2945 600.4388 600.5745 600.7019 600.8354 600.9772 601.0973 601.2313 601.3669 601.4789 601.6081 601.7228 601.8561 601.9748 602.0917 602.2051 602.3051 602.4291 602.538 602.6653 602.782 602.8776 602.9915 603.1048 603.2172 603.3306 603.4021 603.5073 603.6172 603.7228 603.8098 603.9167 604.0181 604.1031 604.1933 604.2797 604.3702 604.4684
599.8074 599.8015 599.7944 599.7973 599.8002 599.7919 599.7885 599.7742 599.7681 599.728 599.7319 599.7293 599.7227 599.7343 599.7413 599.7549 599.7466 599.728 599.7286 599.7181 599.7422 599.7756 599.7879 599.8257 599.8522 599.8993 599.9592 600.0005 600.0677 600.2086 600.3503 600.4819 600.6182 600.7446 600.8733 601.0082 601.1294 601.2627 601.3854 601.4974 601.6241 601.7277 601.856 601.9689 602.0917 602.2148 602.3093 602.4318 602.5471 602.6614 602.7671 602.8404 602.9552 603.0612 603.1642 603.2537 603.368 603.462 603.5542 603.6385 603.7328 603.8129 603.9216
599.6879 599.6788 599.6726 599.6746 599.6797 599.6688 599.6624 599.6473 599.6364 599.5955 599.59 599.584 599.5712 599.5835 599.5889 599.602 599.579 599.5475 599.533 599.5085 599.5187 599.5466 599.5532 599.5649 599.576 599.6232 599.676 599.6858 599.7357 599.8019 599.8646 599.9435 600.0051 600.1393 600.2734 600.4084 600.536 600.6638 600.7961 600.9128 601.0431 601.1546 601.2829 601.3998 601.5209 601.6477 601.7473 601.8722 601.9875 602.1055 602.2036 602.2815 602.403 602.5078 602.6057 602.6976 602.8193 602.9059 603.0026 603.0837 603.1776 603.2555 603.3705
599.5713 599.556 599.5505 599.5541 599.5591 599.5456 599.5355 599.5204 599.5047 599.4636 599.4451 599.4348 599.4198 599.4321 599.4364 599.449 599.4113 599.3669 599.3373 599.2989 599.2839 599.3159 599.3094 599.3041 599.3051 599.347 599.3871 599.363 599.3746 599.4408 599.5214 599.6223 599.6978 599.7623 599.8292 599.8835 599.9427 600.0745 600.2068 600.3318 600.4621 600.5815 600.7034 600.8306 600.9537 601.0805 601.1876 601.3082 601.4257 601.5496 601.6401 601.7278 601.8509 601.959 602.0471 602.1485 602.2676 602.3498 602.451 602.5288 602.6203 602.7062 602.8132
599.4605 599.476 599.4305 599.4335 599.4374 599.4224 599.4086 599.3936 599.373 599.3318 599.1815 599.1965 599.2964 599.2806 599.284 599.2855 599.2379 599.1885 598.9195 598.6695 598.8935 598.9625 598.8185 598.998 598.9205 599.046 599.0982 598.913 598.928 599.0737 599.1976 599.2928 599.3794 599.444 599.5214 599.5834 599.6494 599.7106 599.7681 599.8235 599.8801 600.0084 600.1342 600.2615 600.3866 600.5068 600.6279 600.7493 600.8698 600.9937 601.0766 601.1757 601.2964 601.4103 601.4892 601.5999 601.7145 601.8018 601.8965 601.974 602.0629 602.1594 602.2559
