samples/sfe_316/sfe_316_v8/sfe_316_v8/sfe_316_v8.asc
ncols         184
nrows         75
xllcorner     96.199999999255
yllcorner     62.60000000149
cellsize      1
NODATA_value  -9999
[rows 28 to 55 of 75, columns 63 to 125 of 184]
599.0875 599.1845 599.13 599.1565 599.28 599.317 599.127 598.9515 598.9415 598.9195 599.0875 599.0186 599.105 599.205 599.136 598.97 598.866 598.829 598.7675 598.719 598.7265 598.8645 598.698 598.7935 598.6905 598.7625 598.6566 598.6775 598.587 598.436 598.782 598.941 599.0611 599.1378 599.2135 599.2755 599.3364 599.3999 599.4613 599.5319 599.6235 599.6742 599.7271 599.7635 599.8194 599.9434 600.0683 600.1915 600.3138 600.4342 600.5131 600.6235 600.7407 600.8517 600.9331 601.0511 601.1614 601.2524 601.3417 601.4238 601.5056 601.6125 601.6985
599.0175 599.062 598.982 598.923 599.0145 599.188 599.035 599.0775 599.213 598.999 599.0585 599.0035 599.0735 599.011 598.832 598.967 599.0025 598.987 598.941 598.9345 598.927 598.892 598.6805 598.708 598.6281 598.7125 598.615 598.612 598.535 598.3435 598.569 598.7475 598.723 598.795 598.8325 598.9676 599.0234 599.0816 599.17 599.2639 599.3728 599.423 599.4702 599.4933 599.5287 599.5801 599.6222 599.7035 599.758 599.8707 599.9491 600.0714 600.1909 600.2932 600.3804 600.5025 600.6083 600.7009 600.7869 600.8704 600.9483 601.0634 601.1412
599.0695 599.071 598.9495 599.0595 599.1395 599.2255 599.025 599.051 599.1935 599.1985 598.9875 598.9808 598.9969 598.9934 598.8615 598.9455 598.869 598.9085 598.7985 598.7835 598.8695 598.639 598.707 598.6035 598.6525 598.7385 598.6475 598.4385 598.5405 598.476 598.377 598.5891 598.46 598.5345 598.4305 598.519 598.473 598.6155 598.8965 599.0385 599.1274 599.1718 599.1967 599.2042 599.2147 599.2516 599.261 599.3123 599.4147 599.5008 599.5547 599.6165 599.6422 599.7346 599.8317 599.9539 600.0552 600.1492 600.2321 600.313 600.3971 600.506 600.5847
599.081 599.279 599.2615 599.1275 599.05 599.184 599.072 598.9185 598.968 599.1095 598.9505 598.8185 598.8915 599.0765 598.901 598.9005 598.7965 598.822 598.7215 598.6265 598.6585 598.592 598.741 598.6127 598.5965 598.508 598.3545 598.306 598.513 598.631 598.523 598.499 598.293 598.413 598.362 598.3695 598.2615 598.39 598.353 598.342 598.8729 598.9206 598.9196 598.9098 598.9007 598.9029 598.8969 598.921 599.0571 599.1706 599.2398 599.2552 599.2894 599.3184 599.4107 599.5052 599.5685 599.5977 599.6772 599.7557 599.8503 599.9487 600.0316
599.141 599.2625 599.404 599.355 599.3245 599.2365 599.283 599.201 599.123 599.1115 598.9515 598.853 599.0345 599.2075 598.926 598.783 598.7995 598.759 598.7225 598.783 598.817 598.7855 598.7745 598.6005 598.498 598.453 598.392 598.308 598.513 598.6635 598.3775 598.3106 598.2903 598.346 598.381 598.2315 598.147 598.322 598.1805 598.211 598.342 598.2686 598.183 598.414 598.246 598.0785 598.126 598.3185 598.748 598.8513 598.8983 598.8941 598.8981 598.916 599.0083 599.114 599.2164 599.2831 599.3244 599.3637 599.4288 599.4678 599.4785
599.5442 599.5314 599.5163 599.5213 599.5106 599.4956 599.4833 599.4583 599.4101 599.355 599.3221 599.3074 599.2924 599.2774 599.2475 599.106 599.087 599.0245 598.9925 598.836 598.7245 598.6915 598.651 598.713 598.7725 598.7525 598.6625 598.4095 598.5425 598.6775 598.3745 598.4165 598.523 598.332 598.2245 598.284 598.297 598.37 598.1668 598.01 597.9925 598.1195 598.231 598.2166 598.0375 598.085 598.144 598.0205 597.9705 598.034 598.142 598.2695 598.333 598.1425 598.4455 598.7348 598.8628 598.9342 598.9819 599.0273 599.0745 599.1252 599.1742
599.6638 599.6542 599.6385 599.641 599.633 599.618 599.6085 599.5836 599.5368 599.4991 599.4673 599.457 599.442 599.4269 599.391 599.3566 599.2894 599.201 598.998 599.0345 598.93 598.89 598.843 598.6625 598.7895 598.9075 598.6021 598.3695 598.6065 598.754 598.4561 598.466 598.56 598.4875 598.433 598.2975 598.223 598.307 598.3345 598.3055 598.07 597.9005 598.129 597.9995 597.9994 598.1805 597.919 597.949 597.8235 597.697 597.935 597.8975 597.987 597.9415 597.873 597.9485 598.0865 598.4595 598.6328 598.6902 598.7188 598.7827 598.8259
599.7834 599.777 599.7609 599.7607 599.7554 599.7404 599.7338 599.7088 599.6576 599.6433 599.6127 599.6039 599.5915 599.5765 599.541 599.5198 599.4492 599.3806 599.325 599.2578 599.2241 599.1685 599.014 598.9815 598.972 599.0285 598.738 598.5245 598.6895 598.791 598.605 598.446 598.4565 598.4775 598.4465 598.573 598.595 598.4485 598.358 598.4525 598.277 598.034 598.2075 598.032 598.0245 598.1801 597.892 597.903 597.826 597.7672 597.7885 597.7175 597.827 597.9016 597.844 597.9245 597.9425 598.024 598.1075 598.073 598.1605 598.1765 598.2485
599.9031 599.8997 599.8833 599.8805 599.8777 599.8627 599.859 599.8341 599.7888 599.7875 599.758 599.7488 599.741 599.726 599.6956 599.683 599.6091 599.5664 599.5356 599.4785 599.4558 599.4078 599.3562 599.3477 599.2897 599.2238 599.1264 599.0822 599.0672 599.0496 599.0942 599.0792 599.0642 599.0492 599.0259 598.9574 598.9439 598.9471 598.9807 598.9978 598.9592 598.8731 598.6675 598.322 598.1335 598.243 597.9935 597.819 598.0396 597.9285 597.765 597.6515 597.8125 597.7784 597.6793 597.7585 597.664 597.705 597.8025 597.635 597.8165 597.8135 597.7445
600.0227 600.0216 600.006 600.0002 600.0001 599.9851 599.9826 599.9594 599.9256 599.9263 599.9033 599.8936 599.8905 599.8755 599.85 599.8462 599.7922 599.7596 599.7463 599.7025 599.6876 599.6518 599.6137 599.6052 599.5793 599.5338 599.455 599.4387 599.4237 599.3807 599.4032 599.3882 599.3732 599.3582 599.3235 599.2664 599.2529 599.2188 599.2378 599.2545 599.2056 599.1384 599.0463 598.9085 598.757 598.4785 598.283 598.1665 598.3774 598.429 598.2385 597.8835 597.943 598.026 597.925 597.9205 597.7265 597.504 597.4825 597.531 597.6867 597.811 597.8015
600.1423 600.1412 600.1287 600.12 600.1224 600.1075 600.105 600.0847 600.0623 600.0651 600.0486 600.0385 600.04 600.025 600.0054 600.0086 599.9776 599.9511 599.957 599.9343 599.9193 599.8958 599.8712 599.8627 599.869 599.8438 599.8126 599.7952 599.7681 599.7117 599.7122 599.6972 599.6822 599.6672 599.6218 599.5754 599.5613 599.5129 599.5096 599.5112 599.452 599.4081 599.3129 599.2385 599.0928 599.0204 598.9547 598.9719 598.9534 598.8597 598.7181 598.1645 598.209 598.318 598.0385 597.996 598.036 597.8165 597.6905 597.761 597.7865 597.609 597.752
600.262 600.2609 600.2515 600.2397 600.2447 600.2299 600.2274 600.2161 600.1991 600.2039 600.1939 600.1833 600.1896 600.1746 600.162 600.1595 600.2032 600.1982 600.2072 600.279 600.2892 600.2707 600.2557 600.2372 600.2587 600.3256 600.3103 600.2351 600.1498 600.1318 600.1168 600.0989 600.0811 599.9968 599.9294 599.9135 599.8385 599.8159 599.7813 599.7678 599.7015 599.6769 599.6046 599.558 599.4549 599.3864 599.3409 599.3019 599.2776 599.1898 599.058 598.9183 598.8351 598.783 598.7574 598.7361 598.6722 598.5995 598.3605 597.9345 597.8565 597.811 597.941
600.3816 600.3785 600.362 600.429 600.424 600.5259 600.5431 600.6034 600.6686 600.6536 600.7206 600.7596 600.7567 600.8478 600.8432 600.8348 600.9201 600.9151 600.9025 600.9743 600.9816 600.9512 600.9362 600.9064 600.9131 600.9784 600.9479 600.8692 600.7874 600.7596 600.7392 600.7169 600.6899 600.6011 600.5382 600.5121 600.4231 600.3553 600.3109 600.2231 600.1739 600.087 600.0135 599.9269 599.8317 599.7527 599.6885 599.6445 599.6018 599.5369 599.4324 599.3185 599.2441 599.1715 599.1407 599.0833 599.0054 598.9193 598.8333 598.7458 598.6477 598.5739 598.5245
601.149 601.1461 601.1975 601.2642 601.2488 601.3441 601.3616 601.4055 601.4707 601.4436 601.4922 601.5313 601.4999 601.5911 601.5862 601.5518 601.637 601.6321 601.5978 601.6697 601.674 601.6318 601.6163 601.5756 601.5676 601.6263 601.5854 601.5033 601.4249 601.3874 601.3558 601.335 601.2959 601.2054 601.147 601.1041 601.0151 600.9463 600.8934 600.8044 600.749 600.662 600.5866 600.4991 600.3976 600.3147 600.2294 600.1369 600.0397 599.9453 599.8267 599.7245 599.6204 599.5577 599.4972 599.4133 599.3453 599.2512 599.1809 599.081 598.9975 598.9272 598.8463
602.0019 601.999 602.033 602.0994 602.0844 602.1623 602.1801 602.2077 602.2729 602.23 602.2638 602.3029 602.2485 602.3344 602.3292 602.2751 602.3539 602.349 602.2949 602.365 602.3663 602.3124 602.2855 602.2448 602.222 602.2743 602.2229 602.1374 602.0625 602.0151 601.9725 601.953 601.9002 601.8097 601.744 601.6962 601.6072 601.5372 601.4759 601.3824 601.3241 601.2368 601.1597 601.0618 600.9635 600.8767 600.7914 600.6961 600.5957 600.5007 600.3771 600.2792 600.1678 600.0524 599.9338 599.8017 599.6873 599.5511 599.5085 599.4177 599.3473 599.2573 599.1927
602.8548 602.852 602.8685 602.9346 602.9196 602.9805 602.9985 603.0098 603.075 603.0165 603.0354 603.0745 603.018 603.0776 603.0722 603.0054 603.0709 603.0659 602.9992 603.0603 603.0515 602.993 602.9547 602.9139 602.8765 602.9222 602.86 602.7715 602.7001 602.6429 602.5892 602.5692 602.5045 602.4129 602.3391 602.2881 602.1974 602.1282 602.0584 601.9581 601.8992 601.8097 601.7328 601.6252 601.5294 601.4387 601.3535 601.2554 601.1517 601.0526 600.9281 600.8339 600.7153 600.6041 600.4751 600.3534 600.2286 600.1027 599.9853 599.8528 599.7365 599.6017 599.4893
603.7077 603.7049 603.704 603.7698 603.7548 603.7986 603.8171 603.812 603.8772 603.8029 603.807 603.8461 603.7875 603.8209 603.8152 603.7405 603.7878 603.7828 603.7035 603.7556 603.7321 603.6736 603.6238 603.5831 603.5309 603.5701 603.4971 603.4052 603.3376 603.2707 603.2059 603.1767 603.1088 603.0128 602.9343 602.8802 602.7871 602.7191 602.6409 602.5339 602.4742 602.3838 602.3058 602.1912 602.0916 602.0007 601.9118 601.8146 601.7076 601.6029 601.4828 601.3873 601.2628 601.1557 601.0164 600.905 600.7699 600.6544 600.5302 600.4058 600.2795 600.1546 600.0323
604.5606 604.5578 604.5413 604.605 604.59 604.6169 604.6356 604.619 604.6794 604.5894 604.5786 604.6177 604.5569 604.5642 604.5582 604.4777 604.5048 604.4998 604.4092 604.4509 604.4127 604.3542 604.293 604.251 604.1853 604.2078 604.1339 604.037 603.9674 603.8984 603.8225 603.7842 603.7131 603.6126 603.5294 603.4722 603.3768 603.3101 603.2229 603.1125 603.0494 602.9656 602.8787 602.757 602.6512 602.5627 602.47 602.3738 602.2636 602.1533 602.0375 601.9347 601.8143 601.7073 601.5636 601.4567 601.313 601.2061 601.075 600.9587 600.8226 600.7075 600.5754
605.4136 605.4107 605.3939 605.4402 605.4252 605.4351 605.454 605.4372 605.4815 605.3758 605.3502 605.3893 605.3265 605.3075 605.3012 605.215 605.2217 605.2167 605.1182 605.1462 605.0933 605.0347 604.9622 604.9134 604.8397 604.8455 604.768 604.6688 604.5938 604.5262 604.4401 604.3917 604.3174 604.2125 604.1259 604.0642 603.9744 603.8937 603.8026 603.6948 603.6245 603.5386 603.4413 603.3229 603.2123 603.1247 603.0281 602.9249 602.8196 602.7037 602.5922 602.4821 602.366 602.2492 602.1152 602.0027 601.8646 601.7577 601.6221 601.5115 601.3719 601.2604 601.1217
606.2665 606.2636 606.2465 606.2755 606.2604 606.2533 606.2726 606.2554 606.2837 606.1622 606.1337 606.1609 606.0959 606.0507 606.0442 605.9522 605.9386 605.9327 605.8271 605.8416 605.7738 605.7153 605.6313 605.5757 605.4942 605.483 605.4021 605.3006 605.2202 605.154 605.0582 604.9993 604.9217 604.8148 604.7255 604.6555 604.5586 604.4762 604.3822 604.2771 604.1982 604.1117 604.004 603.8889 603.7743 603.6867 603.5873 603.4736 603.373 603.2542 603.1469 603.0295 602.9176 602.7905 602.6669 602.544 602.4163 602.3093 602.1725 602.0595 601.9223 601.8123 601.6721
607.1194 607.1165 607.0991 607.1107 607.0956 607.0781 607.0911 607.0735 607.0782 606.9487 606.9198 606.9324 606.8654 606.794 606.7872 606.6895 606.6555 606.6417 606.5362 606.5356 606.4544 606.3959 606.3005 606.2382 606.1486 606.1206 606.0362 605.9324 605.8466 605.7777 605.6762 605.6068 605.526 605.4236 605.3251 605.2452 605.1428 605.0587 604.9619 604.8594 604.7712 604.6848 604.5666 604.4547 604.3362 604.2487 604.1465 604.026 603.9257 603.8046 603.7015 603.577 603.4692 603.3317 603.2186 603.0853 602.9679 602.8609 602.7245 602.6025 602.4733 602.3553 602.2225
607.9723 607.9695 607.9517 607.9459 607.9308 607.913 607.9095 607.8918 607.8646 607.7352 607.7062 607.704 607.6349 607.5373 607.5302 607.4268 607.3724 607.3506 607.2452 607.228 607.135 607.0702 606.9697 606.9006 606.803 606.7582 606.6703 606.5642 606.473 606.3944 606.2943 606.2143 606.127 606.0267 605.9248 605.835 605.7269 605.6412 605.5415 605.4366 605.3441 605.2579 605.1292 605.0169 604.8983 604.8106 604.7057 604.582 604.4782 604.355 604.249 604.1278 604.0209 603.8771 603.7702 603.6265 603.5195 603.4058 603.2774 603.1482 603.0262 602.8984 602.7751
608.5936 608.5786 608.5606 608.5427 608.5276 608.5097 608.4932 608.4731 608.4536 608.4356 608.4181 608.3985 608.382 608.2898 608.2732 608.164 608.0956 608.0597 607.9542 607.9175 607.8156 607.7394 607.6389 607.5629 607.4651 607.3958 607.3034 607.196 607.0994 607.011 606.9122 606.8218 606.7268 606.6218 606.5213 606.4247 606.3111 606.2211 606.1182 606.0117 605.9171 605.8209 605.6918 605.5766 605.4603 605.3688 605.265 605.1379 605.0305 604.9054 604.7964 604.6794 604.5646 604.4288 604.3181 604.1782 604.0712 603.9507 603.8303 603.6986 603.5792 603.4484 603.328
608.6339 608.6189 608.6011 608.5832 608.5682 608.5504 608.5339 608.5138 608.4948 608.4769 608.4594 608.4392 608.4182 608.3986 608.3784 608.3605 608.3403 608.3204 608.3001 608.2799 608.2586 608.2372 608.217 608.2005 608.1276 608.0333 607.9352 607.8278 607.7258 607.6277 607.5303 607.4293 607.3267 607.217 607.1133 607.0144 606.8953 606.8007 606.694 606.5869 606.49 606.3835 606.2545 606.1363 606.0223 605.9269 605.8209 605.6929 605.5809 605.4598 605.3438 605.2311 605.1058 604.9805 604.8594 604.7298 604.6229 604.4991 604.3825 604.249 604.132 603.9988 603.8809
608.6743 608.6592 608.6415 608.6238 608.6088 608.5911 608.5745 608.5545 608.5359 608.5181 608.5006 608.4805 608.46 608.4404 608.4202 608.4028 608.3827 608.3632 608.343 608.3228 608.3018 608.2809 608.2593 608.238 608.2156 608.1948 608.174 608.1505 608.1286 608.1065 608.0865 608.0368 607.9266 607.8121 607.7034 607.6041 607.4794 607.3804 607.2697 607.1598 607.0629 606.9461 606.8171 606.6959 606.5843 606.485 606.3696 606.2455 606.1313 606.0145 605.8913 605.7828 605.6471 605.5321 605.4006 605.2814 605.1745 605.0496 604.9256 604.7994 604.6783 604.5493 604.4312
608.7146 608.6996 608.6819 608.6644 608.6494 608.6318 608.6152 608.5952 608.577 608.5594 608.5419 608.5217 608.5019 608.4822 608.462 608.4452 608.425 608.406 608.3857 608.366 608.345 608.3245 608.303 608.282 608.2596 608.2394 608.2189 608.1953 608.174 608.1523 608.1286 608.1074 608.084 608.0598 608.0372 608.0154 607.992 607.96 607.8454 607.7327 607.6368 607.5087 607.3801 607.2556 607.1463 607.0432 606.9183 606.798 606.6817 606.5632 606.4413 606.3344 606.1907 606.0837 605.9418 605.8331 605.7261 605.6 605.4749 605.3498 605.2247 605.0997 604.9746
608.7549 608.7399 608.7224 608.7049 608.6899 608.6724 608.6559 608.6359 608.6182 608.6006 608.5831 608.563 608.5437 608.524 608.5041 608.4875 608.4673 608.4488 608.4285 608.4093 608.3881 608.3682 608.3467 608.3261 608.3037 608.2841 608.2637 608.2401 608.2194 608.1981 608.1752 608.1537 608.1305 608.107 608.085 608.0632 608.0371 608.0146 607.9918 607.9669 607.9404 607.9154 607.8975 607.8169 607.7083 607.6014 607.4671 607.3506 607.2321 607.1107 606.993 606.8799 606.7424 606.6334 606.4916 606.3847 606.2778 606.1504 606.0253 605.9002 605.7751 605.6501 605.525
608.7952 608.7802 608.7628 608.7455 608.7305 608.7131 608.6966 608.6765 608.6593 608.6419 608.6244 608.6042 608.5856 608.5659 608.5464 608.5298 608.5096 608.4916 608.4713 608.4526 608.4313 608.4119 608.3903 608.3702 608.3482 608.3287 608.3085 608.2853 608.2648 608.2439 608.2218 608.2001 608.177 608.1542 608.1328 608.111 608.0847 608.0635 608.0406 608.0164 607.9899 607.9663 607.944 607.9191 607.8959 607.8707 607.8436 607.8195 607.7825 607.6581 607.5447 607.4212 607.294 607.1747 607.0433 606.9363 606.8264 606.702 606.5757 606.4507 606.3256 606.2005 606.0754
