samples/sfe_316/sfe_316_v8/sfe_316_v8/sfe_316_v8.asc
ncols         184
nrows         75
xllcorner     96.199999999255
yllcorner     62.60000000149
cellsize      1
NODATA_value  -9999
[rows 0 to 27 of 75, columns 0 to 62 of 184]
-9999 -9999 -9999 -9999 610.4474 610.4319 610.4169 610.4014 610.3865 610.3712 610.356 610.3407 610.3254 610.3101 610.2949 610.2798 610.2646 610.2493 610.234 610.2186 610.2034 610.188 610.173 610.1577 610.1424 610.127 610.112 610.0966 610.0812 610.0659 610.0509 610.0355 610.0205 610.0051 609.9897 609.9747 609.9592 609.9442 609.9288 609.9138 609.8984 609.8834 609.868 609.853 609.8375 609.8225 609.8076 609.7921 609.777 609.762 609.7466 609.7316 609.7166 609.7016 609.6862 609.6711 609.6563 609.6412 609.6263 609.6113 609.5963 609.5814 609.5664
-9999 -9999 -9999 -9999 610.3837 610.3667 610.3517 610.3345 610.3196 610.3034 610.2875 610.2714 610.2552 610.239 610.2233 610.2076 610.1917 610.1753 610.1589 610.1425 610.1268 610.1099 610.0948 610.0782 610.062 610.0462 610.0304 610.0137 609.9973 609.9814 609.9655 609.9489 609.9339 609.9171 609.9004 609.8854 609.8683 609.8533 609.8366 609.8216 609.8047 609.7898 609.7729 609.7579 609.7409 609.7259 609.7109 609.6938 609.6789 609.6639 609.6468 609.6318 609.6171 609.6021 609.585 609.5699 609.5553 609.5403 609.5258 609.5107 609.4957 609.4811 609.4661
-9999 -9999 -9999 610.3416 610.3201 610.3015 610.2864 610.2676 610.2526 610.2357 610.2191 610.202 610.1849 610.1677 610.1526 610.1354 610.1187 610.1013 610.0839 610.0663 610.0508 610.0317 610.0166 609.9989 609.9816 609.9662 609.9487 609.9307 609.9133 609.8979 609.8801 609.8624 609.8474 609.829 609.8112 609.7961 609.7775 609.7625 609.7444 609.7294 609.7111 609.6961 609.6778 609.6628 609.6443 609.6293 609.6143 609.5957 609.5807 609.5657 609.5469 609.532 609.5176 609.5026 609.4838 609.4688 609.4544 609.4394 609.4251 609.4102 609.3951 609.3808 609.3658
-9999 -9999 -9999 610.2794 610.2564 610.2362 610.2212 610.2007 610.1857 610.1679 610.1506 610.1337 610.1146 610.0977 610.0815 610.0633 610.0457 610.0272 610.0088 609.9902 609.9747 609.9556 609.9384 609.9195 609.9022 609.8862 609.8671 609.8478 609.8303 609.8142 609.7946 609.7758 609.7607 609.741 609.7232 609.7068 609.6866 609.6716 609.6522 609.6371 609.6175 609.6025 609.5827 609.5677 609.5477 609.5327 609.5177 609.4975 609.4825 609.4675 609.4471 609.4321 609.4181 609.4031 609.3825 609.3676 609.3535 609.3385 609.3245 609.3095 609.2945 609.2805 609.2655
-9999 -9999 -9999 610.2172 610.1927 610.1731 610.1559 610.1363 610.1188 610.1002 610.0822 610.0657 610.0444 610.0279 610.0103 609.9911 609.9727 609.9532 609.9337 609.9141 609.8987 609.8795 609.8602 609.8401 609.8229 609.8058 609.7855 609.7648 609.7473 609.7302 609.7092 609.6898 609.6742 609.6529 609.6351 609.6174 609.5958 609.5807 609.5599 609.5449 609.5239 609.5089 609.4876 609.4726 609.4519 609.4361 609.4211 609.3994 609.3843 609.3693 609.3474 609.3323 609.3186 609.3036 609.2813 609.2664 609.2526 609.2376 609.2239 609.2089 609.1939 609.1802 609.1652
-9999 -9999 -9999 610.1547 610.129 610.1099 610.0907 610.0714 610.0519 610.0323 610.0148 609.9977 609.9741 609.9581 609.939 609.9189 609.8997 609.8792 609.8586 609.8379 609.8227 609.8031 609.782 609.7607 609.7437 609.7255 609.7038 609.6819 609.6644 609.6461 609.6238 609.6044 609.5876 609.5648 609.5471 609.5281 609.5054 609.4899 609.4677 609.4526 609.4302 609.4152 609.3925 609.3775 609.3568 609.3395 609.3245 609.3013 609.2862 609.2712 609.2475 609.2325 609.2191 609.2041 609.1806 609.1652 609.1517 609.1367 609.1234 609.1083 609.0934 609.0799 609.0649
-9999 -9999 610.1209 610.0922 610.0654 610.0454 610.0255 610.0053 609.985 609.9649 609.9474 609.9297 609.9042 609.8882 609.8679 609.8467 609.8267 609.8064 609.7852 609.7635 609.7466 609.726 609.7038 609.682 609.6644 609.6451 609.6221 609.599 609.5815 609.5621 609.5384 609.519 609.501 609.4767 609.459 609.4388 609.416 609.3991 609.3766 609.3604 609.3366 609.3216 609.2987 609.2824 609.2617 609.2429 609.2279 609.2047 609.188 609.1733 609.1477 609.1328 609.1196 609.1046 609.0811 609.0639 609.0508 609.0358 609.0227 609.0078 608.9931 608.9796 608.9646
-9999 -9999 610.0567 610.0296 610.0017 609.981 609.9602 609.9394 609.9182 609.8984 609.8799 609.8617 609.8364 609.8185 609.7966 609.7745 609.7538 609.7339 609.712 609.6893 609.6705 609.649 609.6255 609.604 609.5852 609.5647 609.5405 609.5164 609.4985 609.478 609.453 609.4336 609.4144 609.3897 609.371 609.3495 609.3267 609.3085 609.2859 609.2682 609.2433 609.228 609.2051 609.1873 609.1666 609.1463 609.1313 609.1081 609.0898 609.0754 609.0493 609.033 609.0201 609.0051 608.9816 608.9627 608.95 608.9349 608.9221 608.9071 608.8928 608.8793 608.8643
-9999 -9999 609.9942 609.9671 609.9396 609.9177 609.895 609.8747 609.8513 609.832 609.8125 609.7935 609.7687 609.7483 609.7254 609.7023 609.682 609.6614 609.6388 609.6151 609.5944 609.5719 609.5474 609.5259 609.5059 609.4843 609.4589 609.4352 609.4156 609.394 609.3676 609.3481 609.3278 609.3031 609.283 609.2603 609.2374 609.2179 609.1954 609.176 609.151 609.1343 609.1115 609.0922 609.0715 609.0497 609.0347 609.0115 608.9916 608.9775 608.9515 608.9331 608.9205 608.9056 608.8821 608.8615 608.8491 608.834 608.8215 608.8065 608.7925 608.779 608.764
-9999 -9999 609.9318 609.9045 609.8774 609.8546 609.8297 609.8099 609.7844 609.7655 609.7451 609.725 609.7009 609.678 609.6542 609.6307 609.6102 609.5889 609.5656 609.5408 609.5182 609.4949 609.4692 609.4479 609.4267 609.4039 609.3781 609.354 609.3326 609.31 609.2838 609.2628 609.2413 609.2166 609.1949 609.1709 609.1481 609.1273 609.1047 609.0837 609.0588 609.0406 609.0178 608.9971 608.9764 608.9531 608.9381 608.9149 608.8935 608.8796 608.8536 608.8333 608.821 608.8061 608.7826 608.7603 608.7482 608.7332 608.7209 608.7059 608.6922 608.6787 608.6637
-9999 -9999 609.8696 609.842 609.8152 609.7914 609.7649 609.7452 609.7185 609.699 609.6777 609.6566 609.6323 609.6077 609.583 609.5599 609.5384 609.5165 609.4924 609.4666 609.4421 609.4188 609.3922 609.3699 609.3474 609.3235 609.2981 609.2728 609.2497 609.2262 609.2003 609.1774 609.1547 609.1299 609.1068 609.0827 609.0588 609.0367 609.0142 608.9915 608.9666 608.947 608.9242 608.902 608.8813 608.8564 608.8415 608.8183 608.7953 608.7817 608.7585 608.7451 608.6406 608.6256 608.6136 608.5381 608.4106 608.3956 608.3836 608.3686 608.3551 608.3415 608.3323
-9999 609.8367 609.8074 609.7795 609.7531 609.7282 609.702 609.6805 609.6541 609.6325 609.6103 609.5881 609.5634 609.5375 609.5126 609.4892 609.4666 609.444 609.4192 609.3924 609.3659 609.3428 609.316 609.2918 609.2682 609.244 609.2181 609.1915 609.1667 609.1432 609.1167 609.0919 609.0682 609.0433 609.0188 608.9946 608.9695 608.946 608.9235 608.91 608.8015 608.6951 608.5843 608.5071 608.3641 608.3229 608.1752 608.1366 608.0685 607.9355 607.9217 607.8359 607.7314 607.7165 607.7045 607.6484 607.5209 607.5059 607.4939 607.4789 607.4655 607.4515 607.4615
-9999 609.7719 609.7452 609.7169 609.6909 609.665 609.639 609.6158 609.5896 609.566 609.5428 609.5197 609.4954 609.4672 609.4428 609.4185 609.3948 609.3715 609.346 609.3182 609.2897 609.2667 609.2399 609.2137 609.1889 609.1647 609.1381 609.1104 609.0838 609.0603 609.0345 609.0211 608.9034 608.7583 608.6358 608.5011 608.3686 608.2486 608.1009 608.0009 607.8544 607.7634 607.6328 607.572 607.4234 607.3935 607.2457 607.2072 607.1391 607.006 606.9919 606.9268 606.8223 606.8074 606.7953 606.7587 606.6313 606.6163 606.6042 606.5892 606.5757 606.5615 606.5908
-9999 609.7094 609.683 609.6544 609.6287 609.6019 609.5761 609.5511 609.5251 609.4996 609.4753 609.4517 609.4274 609.3978 609.373 609.3477 609.323 609.299 609.2721 609.2432 609.2141 609.1907 609.1638 609.1357 609.1185 609.0333 608.8781 608.7158 608.5612 608.4194 608.2827 608.1245 608.003 607.8477 607.713 607.5724 607.4429 607.3198 607.1721 607.0656 606.919 606.8316 606.6835 606.6368 606.4882 606.4499 606.3163 606.2778 606.2097 606.0767 606.0622 606.0177 605.9133 605.8983 605.8862 605.8691 605.7416 605.7266 605.7145 605.6996 605.6861 605.6718 605.72
-9999 609.6469 609.6208 609.592 609.5665 609.5388 609.5132 609.4864 609.4607 609.4331 609.4076 609.3843 609.3594 609.33 609.3032 609.277 609.2512 609.2265 609.2054 609.0948 608.9197 608.7905 608.626 608.4651 608.3167 608.1823 608.0244 607.85 607.6839 607.5457 607.3981 607.2278 607.1011 606.937 606.7901 606.6454 606.5171 606.3908 606.2434 606.1307 605.9836 605.8993 605.7517 605.7017 605.5531 605.4988 605.3869 605.3483 605.2667 605.1472 605.1324 605.1086 605.0042 604.9891 604.9771 604.9622 604.8519 604.8369 604.8249 604.8099 604.7964 604.801 604.8493
-9999 609.5844 609.5587 609.5296 609.5042 609.4756 609.4503 609.4217 609.3959 609.3666 609.3405 609.3168 609.2925 609.2231 609.0759 608.9308 608.7858 608.6339 608.4885 608.3116 608.1235 607.9761 607.8096 607.6296 607.4898 607.3312 607.1707 606.9843 606.8167 606.6684 606.5136 606.3336 606.1934 606.0263 605.8856 605.7225 605.5914 605.4617 605.3146 605.1959 605.0482 604.9669 604.8199 604.7665 604.6179 604.5478 604.4575 604.4189 604.3156 604.2176 604.2028 604.1893 604.095 604.0801 604.0681 604.053 603.9623 603.9473 603.9352 603.9202 603.9065 603.9303 603.9785
609.5526 609.522 609.4965 609.4672 609.4418 609.4124 609.3868 609.3645 609.2639 609.0882 608.9579 608.8171 608.6716 608.498 608.3298 608.1707 608.018 607.8687 607.7062 607.5269 607.3265 607.1617 607.0028 606.8009 606.6597 606.4802 606.317 606.1355 605.9592 605.7911 605.6287 605.4601 605.2938 605.1185 604.9828 604.7997 604.6656 604.5326 604.3859 604.2518 604.1127 604.033 603.8882 603.8158 603.6827 603.5967 603.528 603.4894 603.3646 603.2878 603.2734 603.2599 603.1859 603.171 603.1589 603.1439 603.0726 603.0576 603.0455 603.0306 603.0165 603.0596 603.1078
609.487 609.4597 609.4395 609.3262 609.1984 609.0186 608.8897 608.7079 608.5778 608.3922 608.2523 608.0994 607.941 607.7728 607.5836 607.4131 607.2667 607.1097 606.9241 606.7422 606.5295 606.3473 606.207 605.9985 605.8242 605.6292 605.4687 605.2892 605.0934 604.9138 604.7434 604.5822 604.3972 604.2141 604.0599 603.8768 603.7399 603.6035 603.4572 603.3095 603.1777 603.0822 602.956 602.8651 602.7476 602.6457 602.5986 602.56 602.4135 602.3581 602.3439 602.3304 602.2768 602.2618 602.2498 602.2348 602.1829 602.1679 602.1559 602.1409 602.1265 602.1888 602.2371
609.1194 608.9756 608.8541 608.6758 608.5462 608.3715 608.2064 608.0389 607.8867 607.7069 607.5465 607.3817 607.2104 607.0612 606.8436 606.6891 606.5089 606.3419 606.1418 605.9609 605.7581 605.5531 605.4037 605.1821 604.9887 604.7947 604.631 604.4429 604.2277 604.0364 603.8582 603.6977 603.5006 603.3097 603.1492 602.954 602.8141 602.6744 602.5284 602.3807 602.2429 602.1315 602.0236 601.9144 601.8124 601.6946 601.6692 601.6306 601.4828 601.4283 601.4145 601.401 601.3677 601.3527 601.3407 601.3257 601.2932 601.2782 601.2662 601.2512 601.2365 601.3181 601.3663
608.5042 608.3539 608.2156 608.0393 607.8906 607.7219 607.5229 607.3677 607.1956 607.0217 606.8408 606.6641 606.5114 606.3431 606.1262 605.952 605.7489 605.5741 605.3597 605.1873 604.993 604.7612 604.5893 604.3712 604.1533 603.9701 603.7927 603.5966 603.37 603.1671 602.9722 602.813 602.6063 602.4074 602.2395 602.0338 601.8884 601.7454 601.5997 601.452 601.3081 601.1808 601.0912 600.9637 600.8773 600.7436 600.7286 600.7012 600.6065 600.5861 600.5673 600.5535 600.5382 600.5232 600.5112 600.4962 600.4812 600.4662 600.4542 600.4391 600.4355 600.4473 600.4955
607.8773 607.7291 607.5771 607.4024 607.2349 607.0723 606.8539 606.7043 606.5045 606.3488 606.1381 605.9805 605.8116 605.6125 605.4011 605.2058 604.9888 604.8063 604.5993 604.4138 604.2161 603.9642 603.7748 603.5862 603.3401 603.1454 602.9416 602.7449 602.5237 602.312 602.103 601.9277 601.7328 601.5145 601.3351 601.131 600.9626 600.8163 600.7505 600.7294 600.6996 600.6708 600.6433 600.6211 600.591 600.5685 600.5357 600.5225 600.5075 600.4787 600.4598 600.4431 600.4252 600.4102 600.3978 600.3828 600.3682 600.3531 600.3408 600.3257 600.3291 600.3165 600.3035
608.088 607.1039 606.9385 606.7761 606.5812 606.4378 606.2311 606.0273 605.842 605.6804 605.4647 605.2969 605.0939 604.8819 604.6884 604.4597 604.2604 604.0573 603.8483 603.6403 603.4318 603.1927 602.9755 602.7904 602.5449 602.3208 602.0996 601.8937 601.6774 601.4567 601.2339 601.0425 600.8593 600.8146 600.7816 600.7445 600.7126 600.6824 600.6545 600.6234 600.5953 600.5681 600.5403 600.5164 600.4854 600.4619 600.429 600.4125 600.3975 600.3712 600.3524 600.3328 600.3123 600.2971 600.2843 600.2693 600.2551 600.2401 600.2273 600.2133 600.217 600.2031 600.1869
608.4681 606.4788 606.301 606.1554 605.9545 605.7993 605.5958 605.3439 605.1713 604.9921 604.7794 604.5933 604.3762 604.1788 603.981 603.7456 603.5364 603.3201 603.0973 602.8667 602.6583 602.4277 602.187 601.99 601.7395 601.4962 601.275 601.0561 600.8945 600.86 600.8174 600.7822 600.7489 600.7097 600.678 600.6434 600.6093 600.5771 600.5493 600.5174 600.491 600.4656 600.4374 600.4135 600.3796 600.3552 600.3224 600.3025 600.2875 600.2638 600.2449 600.2224 600.2019 600.1841 600.1709 600.1559 600.1421 600.1271 600.1139 600.1013 600.105 600.0897 600.0703
608.8483 605.8671 605.6896 605.5347 605.3176 605.1437 604.9463 604.7089 604.5089 604.301 604.1057 603.8875 603.6867 603.4835 603.2737 603.0293 602.8123 602.567 602.3463 602.0855 601.8848 601.6626 601.3984 601.1896 600.9545 600.9172 600.8712 600.8271 600.7861 600.7485 600.7065 600.6702 600.6415 600.6048 600.5744 600.5422 600.506 600.474 600.444 600.4113 600.3867 600.3613 600.3345 600.3106 600.2739 600.2485 600.2157 600.1925 600.1775 600.1564 600.1375 600.1121 600.0916 600.071 600.0575 600.0425 600.0291 600.014 600.0005 599.9893 599.9929 599.9763 599.9537
609.2284 605.2712 605.0782 604.9015 604.6921 604.488 604.3109 604.0834 603.8483 603.6348 603.4372 603.2106 603.0031 602.7882 602.5535 602.3156 602.0818 601.8318 601.5945 601.33 601.1112 600.9995 600.9368 600.885 600.8419 600.7902 600.7459 600.7051 600.6672 600.6331 600.5955 600.5583 600.5342 600.4999 600.4708 600.4396 600.4026 600.371 600.3387 600.3053 600.2823 600.257 600.2315 600.2075 600.1683 600.1418 600.109 600.0825 600.0675 600.049 600.0298 600.0022 599.9812 599.9579 599.9441 599.9291 599.916 599.9009 599.8871 599.8772 599.8798 599.8629 599.837
609.6086 604.6754 604.4633 604.2629 604.0714 603.8628 603.6773 603.4571 603.1724 602.975 602.7687 602.5372 602.3195 602.0884 601.8461 601.6082 601.3591 601.1077 601.0252 600.969 600.9035 600.8514 600.7871 600.7382 600.712 600.665 600.6205 600.5831 600.5491 600.5158 600.4846 600.4464 600.4233 600.395 600.3672 600.3365 600.2998 600.2679 600.2335 600.1993 600.1761 600.1526 600.1292 600.1028 600.0641 600.0351 600.0023 599.9725 599.9575 599.9415 599.922 599.8944 599.8708 599.8449 599.8307 599.8157 599.8029 599.7879 599.7737 599.7651 599.7664 599.7495 599.7204
-9999 604.5496 603.8381 603.6365 603.4507 603.2327 603.0438 602.8202 602.5621 602.3134 602.0975 601.8625 601.6358 601.3929 601.1509 601.0682 601.0023 600.9398 600.8749 600.8173 600.7522 600.6976 600.639 600.5912 600.5789 600.5388 600.4932 600.4611 600.4311 600.399 600.3728 600.3344 600.3113 600.287 600.2637 600.2328 600.1987 600.1649 600.1293 600.095 600.0693 600.0483 600.0269 599.9982 599.9612 599.9284 599.8956 599.8629 599.8475 599.8325 599.8142 599.7866 599.7604 599.7319 599.7172 599.7022 599.6899 599.6749 599.6602 599.6531 599.653 599.636 599.6038
-9999 604.9297 603.2302 603.0251 602.83 602.608 602.3967 602.184 601.9357 601.6592 601.4276 601.1941 601.1115 601.0402 600.9749 600.908 600.8466 600.781 600.7252 600.6631 600.6009 600.5405 600.491 600.4444 600.4398 600.4066 600.3624 600.3376 600.313 600.2839 600.2589 600.2205 600.1993 600.1777 600.1585 600.1292 600.0964 600.0618 600.0262 599.9912 599.9626 599.944 599.9245 599.8951 599.8583 599.8217 599.7889 599.7562 599.7375 599.7225 599.7064 599.6788 599.6501 599.6188 599.6038 599.5888 599.5768 599.5618 599.5468 599.5411 599.5396 599.5226 599.4887
