samples/sfe_316/sfe_316_v8/sfe_316_v8/sfe_316_v8.asc
ncols         184
nrows         75
xllcorner     96.199999999255
yllcorner     62.60000000149
cellsize      1
NODATA_value  -9999
[rows 28 to 55 of 75, columns 0 to 62 of 184]
-9999 605.3099 602.6342 602.4138 602.2092 601.9873 601.7682 601.5504 601.3094 601.1554 601.0789 601.0046 600.9325 600.8702 600.8094 600.7463 600.6835 600.6263 600.5755 600.5106 600.4496 600.3862 600.3429 600.2975 600.3007 600.2745 600.235 600.2105 600.1897 600.1688 600.145 600.1092 600.0875 600.0684 600.0521 600.0256 599.9938 599.9588 599.9232 599.8875 599.8559 599.8397 599.8222 599.7926 599.7554 599.6655 599.6095 599.5155 599.441 599.3555 599.387 599.4025 599.249 599.0535 599.0035 599.177 599.341 599.114 598.935 599.1855 599.107 599.1525 599.3285
-9999 605.6901 602.0383 601.8024 601.5874 601.3666 601.2275 601.1551 601.0779 600.9863 600.896 600.8234 600.753 600.6972 600.6455 600.5819 600.5194 600.4716 600.422 600.361 600.2982 600.2328 600.1898 600.1527 600.1613 600.1424 600.1078 600.0834 600.0661 600.0488 600.0311 599.9971 599.9755 599.9592 599.9457 599.9219 599.8912 599.8557 599.7995 599.5095 599.275 599.3015 599.419 599.4735 599.229 599.0555 598.9735 598.956 598.9705 598.912 598.865 598.8555 598.999 599.084 598.921 598.997 599.1985 598.99 598.772 598.992 599.0105 599.114 599.233
-9999 606.0702 601.4424 601.2725 601.196 601.136 601.058 600.983 600.9023 600.8158 600.7176 600.639 600.5742 600.5228 600.4742 600.4177 600.3591 600.3107 600.2648 600.2112 600.1466 600.0815 599.904 599.97 600.0505 600.032 600.0229 599.7985 599.8385 599.7875 599.611 599.84 599.8925 599.7465 599.548 599.6615 599.7555 599.4295 599.245 599.2035 599.134 599.0625 599.067 599.0615 598.961 598.9035 598.8585 598.841 598.9919 598.8625 598.8315 598.8975 598.8664 598.9561 599.131 598.8915 598.932 599.0525 598.9155 598.8785 599.0185 599.1095 598.9605
-9999 606.4503 601.2438 601.0871 601.0145 600.9556 600.8832 600.8179 600.7292 600.6442 600.545 600.4518 600.3886 600.3449 600.3029 600.2508 600.1937 600.148 600.1305 600.063 600.2135 599.9585 599.685 599.86 599.898 599.777 599.8595 599.706 599.7705 599.7225 599.451 599.593 599.5985 599.417 599.33 599.4555 599.557 599.3051 599.285 599.2753 599.2008 599.218 599.252 599.2475 599.1855 599.166 599.165 599.1125 599.1215 598.9145 598.9415 599.1295 598.927 599.044 599.202 598.98 598.8675 598.895 599.1035 599.2575 599.105 598.986 598.915
-9999 606.8305 601.5293 600.9078 600.83 600.7644 600.7111 600.6528 600.5663 600.4708 600.3744 600.2748 600.2165 600.182 600.268 600.131 600.089 600.0985 600.123 599.9065 599.8925 599.9825 599.8145 599.7365 599.82 599.8525 599.7365 599.623 599.7135 599.7535 599.579 599.481 599.5387 599.435 599.459 599.3935 599.187 599.395 599.5445 599.3125 599.1515 599.2184 599.3075 599.4055 599.2645 599.342 599.463 599.2255 599.0985 599.108 599.1045 599.327 599.224 599.2755 599.221 599.2555 599.288 599.1465 599.3904 599.488 599.5055 599.4905 599.268
-9999 607.2106 601.8148 600.7235 600.6407 600.5731 600.5372 600.4781 600.4003 600.3033 600.1895 600.181 599.978 600.0099 599.9895 599.8285 599.8285 599.841 600.0145 599.907 599.734 599.725 599.811 599.88 599.763 599.7279 599.785 599.885 599.6435 599.4945 599.615 599.682 599.752 599.5505 599.5675 599.5649 599.3865 599.5585 599.702 599.5155 599.5045 599.6125 599.6495 599.7635 599.7592 599.7442 599.7295 599.7145 599.6997 599.6863 599.6898 599.6782 599.6815 599.6606 599.6336 599.6198 599.6239 599.6257 599.6157 599.6171 599.6105 599.5955 599.5781
-9999 607.5908 602.1517 600.5364 600.4527 600.3819 600.3536 600.3016 600.237 600.1695 599.9 599.983 600.1355 599.873 599.909 599.8265 599.8085 599.941 599.964 599.9179 599.9033 599.7875 599.679 599.753 599.885 599.7315 599.7365 599.881 599.7005 599.596 599.6405 599.6615 599.838 599.7415 599.9 599.9113 599.9147 599.9075 599.8925 599.8789 599.8793 599.8704 599.8639 599.8665 599.8666 599.8516 599.8394 599.8244 599.8118 599.7968 599.8002 599.7888 599.7911 599.7737 599.7506 599.7356 599.7385 599.7402 599.7302 599.7308 599.7235 599.7121 599.6948
-9999 607.9709 602.5318 600.3632 600.2675 600.1765 600.1595 600.0935 599.8715 599.786 599.745 599.8745 600.078 599.895 599.8654 599.851 599.7005 599.76 599.7935 599.749 599.9 599.849 599.8375 599.9775 599.981 599.7615 599.624 599.6645 599.8155 599.965 600.0015 599.9654 599.9767 599.9904 600.0001 600.0154 600.0224 600.0156 600.0006 599.9888 599.9871 599.9781 599.9706 599.9725 599.9727 599.959 599.9493 599.9343 599.924 599.909 599.9105 599.9014 599.9007 599.8869 599.8669 599.8526 599.8531 599.8547 599.8447 599.8445 599.8365 599.8287 599.8113
-9999 608.3511 602.912 600.368 599.896 599.7925 599.9475 599.8255 599.593 599.8345 600.049 599.832 599.8345 599.963 599.804 599.923 599.867 599.919 600.12 599.8765 599.707 599.95 599.9015 599.961 599.9655 599.8325 600.023 600.0105 600.0273 600.0427 600.0654 600.0837 600.09 600.1058 600.1075 600.1205 600.1301 600.1237 600.1087 600.0991 600.0948 600.0859 600.0775 600.079 600.0786 600.0664 600.0591 600.0442 600.0361 600.0211 600.0209 600.0135 600.0103 600.0001 599.9814 599.9696 599.9677 599.9692 599.9592 599.9582 599.9507 599.9453 599.928
-9999 608.7313 603.2921 600.4766 599.8306 599.997 599.9925 599.849 599.725 599.9155 600.069 599.907 599.7525 599.762 599.7515 599.9565 599.9935 600.093 600.214 600.002 599.827 600.035 600.0175 600.043 600.0545 600.0856 600.1292 600.1463 600.1576 600.1746 600.1852 600.2025 600.2074 600.2212 600.215 600.2296 600.2379 600.2318 600.2167 600.2084 600.2025 600.1936 600.1863 600.1855 600.1846 600.1738 600.169 600.1541 600.1469 600.1333 600.1313 600.1257 600.1199 600.1132 600.0959 600.0866 600.0823 600.0837 600.0735 600.0718 600.0648 600.0612 600.0446
-9999 609.1114 603.6722 600.7656 600.092 600.044 599.91 600.062 600.302 600.1194 599.9065 600.1045 600.088 599.9505 599.981 600.089 600.1745 600.1798 600.1953 600.2014 600.2177 600.2259 600.2267 600.2117 600.2042 600.2383 600.2681 600.2822 600.2879 600.3054 600.3085 600.3207 600.3248 600.3366 600.3292 600.3387 600.3456 600.3398 600.3248 600.3165 600.3102 600.3013 600.2966 600.2921 600.2906 600.2812 600.2769 600.2639 600.2568 600.2454 600.2417 600.2379 600.2296 600.2263 600.2104 600.2036 600.197 600.1982 600.1876 600.1855 600.179 600.1733 600.1613
-9999 609.4916 604.0524 601.0546 600.2815 600.2055 600.3215 600.3488 600.3773 600.369 600.359 600.3176 600.2936 600.2787 600.2937 600.3204 600.35 600.3526 600.3646 600.3649 600.3789 600.3839 600.3847 600.3697 600.3601 600.3887 600.3997 600.418 600.4203 600.4357 600.437 600.4376 600.4426 600.452 600.4448 600.4479 600.4516 600.4479 600.4329 600.4245 600.418 600.4091 600.4068 600.3991 600.3967 600.3885 600.3843 600.3738 600.3667 600.3576 600.3521 600.35 600.3391 600.3395 600.3249 600.3206 600.3116 600.314 600.3018 600.2992 600.2931 600.2855 600.2778
-9999 609.8717 604.4326 601.3436 600.554 600.539 600.5121 600.5365 600.5578 600.5511 600.548 600.5065 600.4904 600.4763 600.4814 600.501 600.5256 600.5282 600.5339 600.5283 600.5402 600.5419 600.5427 600.5277 600.5161 600.5385 600.5314 600.5539 600.5536 600.566 600.5652 600.5596 600.5615 600.5656 600.5604 600.5558 600.5576 600.556 600.541 600.5326 600.5257 600.5168 600.517 600.5068 600.5032 600.4959 600.4917 600.4837 600.4766 600.4697 600.4625 600.4622 600.4487 600.4519 600.4394 600.4376 600.4261 600.4302 600.4159 600.4129 600.4072 600.3977 600.3965
-9999 -9999 604.8127 601.6326 600.6956 600.764 600.7131 600.7242 600.7384 600.7332 600.737 600.7023 600.6873 600.6738 600.6691 600.6819 600.7032 600.7037 600.7031 600.6918 600.7014 600.7043 600.7007 600.6857 600.6719 600.6881 600.682 600.6898 600.687 600.6962 600.6893 600.6848 600.6804 600.6816 600.6761 600.6633 600.6667 600.664 600.649 600.6406 600.6353 600.6245 600.6249 600.6146 600.6097 600.6033 600.5991 600.5936 600.5865 600.5818 600.5729 600.5743 600.5583 600.5525 600.5897 600.6519 600.7648 600.7692 600.8793 600.9017 600.9642 601.0363 601.0421
-9999 -9999 605.1929 601.9216 600.9846 600.9816 600.9191 600.9188 600.9189 600.9152 600.9245 600.8992 600.8848 600.8713 600.8569 600.8656 600.8855 600.8793 600.8724 600.8574 600.8626 600.8677 600.8587 600.8437 600.8287 600.8404 600.8349 600.8282 600.8203 600.8275 600.8201 600.8096 600.7993 600.799 600.7917 600.7767 600.7759 600.7721 600.7571 600.7487 600.7455 600.7322 600.7265 600.7382 600.7919 600.8398 600.9495 600.9956 601.1096 601.1478 601.2525 601.2769 601.3927 601.3906 601.5027 601.5624 601.6753 601.6727 601.77 601.792 601.8352 601.9073 601.895
-9999 -9999 605.5731 602.2106 601.2736 601.1902 601.1252 601.1163 601.1068 601.0972 601.112 601.0961 601.0823 601.0688 601.0538 601.0493 601.0656 601.0549 601.0417 601.0267 601.0238 601.0312 601.0167 601.0017 600.9867 600.9875 601.0187 601.0413 601.0262 601.0131 601.1068 601.1595 601.1445 601.1352 601.2057 601.2806 601.2754 601.3255 601.4406 601.427 601.4515 601.5676 601.585 601.673 601.7454 601.7808 601.9002 601.9301 602.0486 602.0792 602.184 602.2083 602.3242 602.3221 602.4157 602.4772 602.5858 602.5828 602.6606 602.6823 602.7063 602.7784 602.7604
-9999 -9999 605.9532 602.4996 601.5626 601.3558 601.42 601.4473 601.4353 601.4235 601.4193 601.4882 601.5229 601.5159 601.5068 601.498 601.5148 601.6031 601.6155 601.6005 601.6052 601.6392 601.7302 601.7284 601.7274 601.7269 601.826 601.8792 601.8643 601.8685 601.9568 602.0214 602.0178 602.0275 602.0926 602.1729 602.1871 602.2373 602.3524 602.3592 602.384 602.5001 602.5388 602.6079 602.6988 602.7219 602.8412 602.8651 602.9832 603.0107 603.1155 603.158 603.2557 603.2538 603.3287 603.408 603.4962 603.4929 603.5513 603.5726 603.5773 603.6494 603.6317
-9999 -9999 606.3334 602.7886 601.8516 601.9913 602.0539 602.0897 602.088 602.0867 602.0858 602.1595 602.2075 602.2125 602.2156 602.2192 602.2354 602.3257 602.3625 602.3475 602.3805 602.4062 602.5008 602.5183 602.5328 602.5483 602.6334 602.7086 602.7022 602.7239 602.8069 602.8765 602.8911 602.9197 602.9795 603.0652 603.0989 603.1491 603.2641 603.2913 603.3163 603.4326 603.4926 603.5427 603.6523 603.6634 603.7822 603.8002 603.9177 603.9515 604.047 604.0974 604.1871 604.1852 604.2419 604.3387 604.4066 604.403 604.4419 604.463 604.4484 604.5205 604.504
-9999 -9999 606.7135 603.0756 602.1406 602.4959 602.6877 602.7322 602.7407 602.7499 602.7599 602.8309 602.8929 602.9048 602.9243 602.9344 602.9489 603.0485 603.0962 603.0946 603.1263 603.1719 603.2678 603.3082 603.3271 603.3529 603.4407 603.5137 603.5402 603.5793 603.6569 603.7316 603.7643 603.812 603.8663 603.9575 604.0107 604.0609 604.1759 604.2235 604.2484 604.3651 604.4465 604.4782 604.5961 604.6049 604.7231 604.7485 604.8522 604.9062 604.9785 605.0289 605.1187 605.1168 605.1555 605.2695 605.3171 605.3134 605.3326 605.3533 605.3383 605.3915 605.3754
-9999 -9999 607.0936 603.361 602.4296 602.8627 603.3215 603.3748 603.3934 603.4131 603.434 603.5023 603.5782 603.5861 603.6329 603.639 603.6627 603.7711 603.8221 603.8417 603.8779 603.9352 604.0348 604.0981 604.117 604.152 604.248 604.3244 604.3781 604.423 604.507 604.5867 604.6377 604.7043 604.7532 604.8498 604.9225 604.9727 605.0877 605.1556 605.1806 605.2976 605.3875 605.4137 605.531 605.5464 605.6642 605.702 605.787 605.8597 605.9099 605.9604 606.0501 606.0482 606.0692 606.1832 606.2275 606.2238 606.2232 606.2436 606.2286 606.2626 606.2468
-9999 -9999 607.4738 603.6465 602.7186 603.2296 603.9554 604.0173 604.0461 604.0764 604.1081 604.1736 604.2523 604.2674 604.3417 604.3437 604.3765 604.4938 604.5482 604.5888 604.6389 604.6985 604.8018 604.8881 604.9069 604.9512 605.0558 605.1456 605.2161 605.2609 605.3536 605.4418 605.511 605.5966 605.6401 605.7421 605.8343 605.8844 605.9995 606.0878 606.1127 606.2301 606.32 606.3492 606.4659 606.4969 606.6053 606.6555 606.7221 606.8132 606.8414 606.8918 606.9816 606.9797 606.9827 607.0962 607.1379 607.1343 607.1183 607.1339 607.119 607.1337 607.1182
-9999 -9999 607.8539 603.9321 603.0076 603.5964 604.5807 604.6534 604.6988 604.7396 604.7822 604.845 604.9228 604.9487 605.0242 605.0483 605.0903 605.2166 605.2749 605.3359 605.3956 605.4666 605.5688 605.6768 605.6968 605.7503 605.8638 605.9631 606.0541 606.0989 606.1953 606.2969 606.3843 606.4803 606.5269 606.6343 606.7321 606.7962 606.9113 607.02 607.0449 607.1626 607.2525 607.293 607.4012 607.4507 607.5469 607.6089 607.6573 607.7667 607.7729 607.8233 607.9131 607.9111 607.8964 608.0098 608.0484 608.0447 608.0284 608.0243 608.0093 608.0048 607.9896
-9999 -9999 608.2341 604.2175 603.2966 603.9633 605.1967 605.2873 605.3515 605.4009 605.4525 605.5163 605.5932 605.63 605.7065 605.753 605.8099 605.9299 606.0086 606.083 606.1427 606.2419 606.3358 606.4435 606.4867 606.5494 606.6716 606.7705 606.892 606.9368 607.0369 607.152 607.2576 607.3505 607.4138 607.5234 607.6244 607.7079 607.823 607.9362 607.9771 608.0952 608.185 608.2468 608.3367 608.4046 608.4884 608.5624 608.5924 608.7089 608.7043 608.7548 608.7645 608.7484 608.7355 608.7205 608.7061 608.692 608.6775 608.6595 608.6445 608.6266 608.6116
-9999 -9999 608.6143 604.5031 603.5856 604.3301 605.7853 605.9211 605.9861 606.0455 606.1072 606.1819 606.2637 606.3113 606.3887 606.4576 606.5311 606.6432 606.7424 606.8301 606.8898 607.0157 607.1006 607.2103 607.2766 607.3501 607.4796 607.5778 607.7255 607.7748 607.8785 608.0071 608.1142 608.2208 608.3007 608.4102 608.5167 608.6198 608.7348 608.8479 608.9092 608.9474 608.9319 608.9199 608.9074 608.8949 608.8825 608.8698 608.8571 608.8438 608.8311 608.8184 608.8012 608.7885 608.7755 608.7606 608.7461 608.732 608.7175 608.6996 608.6846 608.6667 608.6518
-9999 -9999 608.9944 604.7885 603.8746 604.697 606.1522 606.5549 606.6207 606.69 606.762 606.8452 606.9341 606.9926 607.0744 607.1623 607.2522 607.3566 607.4728 607.5772 607.6369 607.7595 607.8639 607.9771 608.0665 608.1555 608.2875 608.3857 608.5306 608.6127 608.7202 608.8622 608.9693 609.0765 609.06 609.0483 609.0392 609.0286 609.0178 609.0087 608.9969 608.9846 608.9728 608.9606 608.9482 608.9354 608.923 608.9102 608.8975 608.8841 608.8712 608.8585 608.8412 608.8285 608.8156 608.8006 608.786 608.7719 608.7574 608.7397 608.7247 608.707 608.692
-9999 -9999 609.3746 605.074 604.1636 605.0638 606.519 607.1838 607.2552 607.3345 607.4168 607.5084 607.6046 607.6758 607.7711 607.8702 607.9694 608.0701 608.1955 608.3082 608.384 608.5032 608.6271 608.7438 608.8564 608.9542 609.0916 609.171 609.1574 609.1484 609.1399 609.1321 609.1212 609.1124 609.102 609.0901 609.081 609.0703 609.059 609.0499 609.038 609.0258 609.0137 609.0013 608.9889 608.976 608.9635 608.9505 608.9378 608.9244 608.9114 608.8986 608.8813 608.8685 608.8556 608.8406 608.826 608.8119 608.7974 608.7798 608.7648 608.7471 608.7322
-9999 -9999 609.7548 605.3595 604.4526 605.4306 606.8858 607.7998 607.8898 607.979 608.0715 608.1716 608.275 608.3609 608.4537 608.5789 608.6741 608.7839 608.911 609.0342 609.1311 609.2469 609.2512 609.2444 609.2361 609.2254 609.2191 609.2103 609.2009 609.1919 609.1826 609.175 609.164 609.1547 609.1443 609.1325 609.1227 609.1119 609.1002 609.0911 609.0792 609.067 609.0546 609.0421 609.0296 609.0165 609.004 608.9908 608.9781 608.9647 608.9515 608.9388 608.9214 608.9086 608.8956 608.8807 608.866 608.8519 608.8373 608.8198 608.8048 608.7874 608.7724
-9999 -9999 610.1349 605.645 604.7416 605.7975 607.2527 608.4158 608.5244 608.6235 608.7263 608.8348 608.9454 609.0421 609.1351 609.2732 609.3435 609.3323 609.3267 609.3183 609.3098 609.3029 609.2968 609.2892 609.2812 609.2703 609.2634 609.2545 609.2444 609.2354 609.2252 609.2179 609.2069 609.197 609.1866 609.1749 609.1645 609.1535 609.1417 609.1323 609.1204 609.1082 609.0955 609.0828 609.0704 609.057 609.0446 609.0311 609.0184 609.0051 608.9916 608.9789 608.9617 608.9487 608.9357 608.9207 608.9059 608.8918 608.8773 608.8599 608.8449 608.8276 608.8126
