SIN0=(0.35788532027227893,1.0,0.36,MASK0)
SIN1=(0.48078236810313546,2.0,0.41,MASK0)
SIN2=(0.2713477114587397,3.0,0.36,MASK0)
SIN3=(0.2280183144785113,4.0,-0.11,MASK0)
SIN4=(0.28351184792755674,5.0,-0.7,MASK0)
SIN5=(0.07264994519136227,6.0,1.02,MASK0)
SIN6=(0.05847277796248048,8.0,-0.73,MASK0)
SIN7=(0.03457479461219009,11.0,-0.05,MASK0)
SIN8=(0.06626667626679353,9.0,-1.03,MASK0)
SIN9=(0.07264994519136238,6.0,1.02,MASK0)
SIN10=(0.2280183144785112,4.0,-0.11,MASK0)
SIN11=(0.2713477114587396,3.0,0.36,MASK0)
SIN12=(0.4807823681031354,2.0,0.41,MASK0)
SIN13=(0.35788532027227893,1.0,0.36,MASK0)

