samples/sfe_24/sfe_24_v0/sfe_24_v0/sfe_24_v0.asc
ncols         275
nrows         75
xllcorner     98.60000000149
yllcorner     70.60000000149
cellsize      0.7
NODATA_value  -9999
[rows 28 to 55 of 75, columns 0 to 63 of 275]
-9999 602.1761 600.8992 600.8904 600.9127 600.8762 600.8404 600.8394 600.8456 600.8694 600.8619 600.8467 600.8564 600.8749 600.8734 600.8723 600.8427 600.8209 600.8201 600.8083 600.8003 600.8165 600.8253 600.8577 600.8696 600.8824 600.9036 600.903 600.9016 600.9005 600.8805 600.8839 600.8903 600.8565 600.8533 600.8787 600.8776 600.9065 600.9354 600.9381 600.969 601.0093 601.0083 600.9839 600.9702 600.9689 600.9681 600.9262 600.892 600.886 600.885 600.8838 600.9185 600.9221 600.9211 600.9559 600.9546 600.9534 600.9392 600.9174 600.9161 600.9153 600.9144 600.9335
-9999 601.9849 600.7148 600.7139 600.7477 600.7294 600.6978 600.697 600.7002 600.7166 600.709 600.6828 600.6912 600.7026 600.7013 600.7003 600.6747 600.6489 600.6481 600.6432 600.6351 600.6443 600.6561 600.6885 600.6975 600.7027 600.7159 600.7152 600.714 600.713 600.6927 600.6814 600.6838 600.65 600.6359 600.6494 600.6484 600.6638 600.6809 600.6802 600.6998 600.7512 600.7502 600.7258 600.6951 600.6938 600.6931 600.6312 600.6166 600.6107 600.6097 600.6085 600.6606 600.6642 600.6749 600.7131 600.7117 600.7104 600.7097 600.6879 600.6869 600.6859 600.6851 600.7038
-9999 601.7937 600.5425 600.5417 600.572 600.5814 600.5554 600.5545 600.5548 600.5638 600.556 600.524 600.5261 600.5302 600.5292 600.5282 600.5068 600.477 600.4761 600.4745 600.4698 600.472 600.4868 600.519 600.524 600.5247 600.5284 600.5275 600.5264 600.5253 600.5051 600.4781 600.4774 600.4435 600.4186 600.4201 600.4191 600.4208 600.4226 600.4221 600.4348 600.4931 600.4921 600.4677 600.42 600.4187 600.418 600.3572 600.3622 600.3212 600.3095 600.353 600.4027 600.4063 600.4319 600.4702 600.4687 600.4675 600.4666 600.4586 600.4576 600.4566 600.4557 600.4613
-9999 601.6025 600.3387 600.2557 600.4053 600.4158 600.413 600.4121 600.4113 600.4107 600.4031 600.3978 600.4342 600.304 600.2537 600.3295 600.338 600.3315 600.3215 600.284 600.1815 600.282 600.3715 600.279 600.3177 600.4647 600.4417 600.3027 600.202 600.273 600.302 600.2747 600.27 600.2147 600.2117 600.216 600.1915 600.0773 600.147 600.3045 600.3328 600.2475 600.2435 600.2488 600.1927 600.1188 600.0637 600.2057 600.319 600.2228 600.1743 600.0715 600.098 600.292 600.2415 600.1778 600.3417 600.2555 600.229 600.3835 600.3723 600.2825 600.2817 600.2745
-9999 601.4113 600.2347 600.1305 600.1962 600.362 600.3893 600.2318 600.0488 600.01 600.0262 600.145 600.2527 600.1665 600.0258 599.9705 599.972 600.0928 600.191 600.1615 600.086 600.161 600.232 600.0895 600.1227 600.2897 600.245 600.1068 600.048 600.1175 600.1428 600.134 600.125 600.1047 600.0367 599.926 599.8805 599.879 599.9908 600.099 600.1885 600.1993 600.1345 600.032 599.9998 599.9028 599.8723 600.0292 600.2057 600.2363 600.2108 600.0605 599.9758 600.117 600.0735 599.9915 600.0867 600.043 600.0713 600.2075 600.1022 599.9963 600.0855 600.254
-9999 601.2201 600.1465 600.1943 600.171 600.1439 600.1738 600.1487 599.9703 599.9427 599.9565 599.9495 600.031 600.1338 600.091 599.9115 599.879 599.9222 599.9715 599.9745 600.0507 600.1198 600.0618 599.8985 599.9843 600.071 599.9517 599.9683 600.0345 599.9265 599.8732 599.8605 599.8477 599.843 599.927 599.886 599.7557 599.8588 599.9158 599.8455 599.9592 599.9633 599.864 599.8993 599.9695 599.8824 599.7905 599.9103 600.0795 600.0997 600.0818 599.9075 599.8365 600.01 599.9962 599.8435 599.8597 599.8405 599.9578 600.0867 599.9662 599.9495 600.1473 600.2523
-9999 601.0289 600.2645 600.345 600.2867 600.189 600.2875 600.188 600.0575 600.144 600.1667 600.0403 600.0062 600.1495 600.2017 600.0569 600.0275 600.014 600.0137 599.9887 599.9473 599.9168 599.853 599.7728 599.8993 599.9562 599.817 599.8837 600.0062 599.9258 599.8675 599.8522 599.852 599.8472 599.934 599.8655 599.71 599.781 599.8287 599.7048 599.8065 599.7997 599.6625 599.6832 599.7565 599.692 599.655 599.8058 599.9115 599.8077 599.7653 599.6923 599.7283 599.9055 599.9968 599.9065 599.874 599.7625 599.8405 599.974 599.8905 599.914 600.128 600.17
-9999 600.8376 600.4807 600.4771 600.4604 600.4342 600.4105 600.3685 600.2419 600.3765 600.3455 600.1263 600.052 600.2025 600.2433 600.1345 600.0908 600.1725 600.2247 600.183 600.0155 599.8975 599.8322 599.7906 599.871 599.8661 599.7475 599.7468 599.9077 600.0255 600.019 600.0043 599.993 599.9745 599.8883 599.7625 599.6948 599.709 599.7275 599.7053 599.7977 599.7265 599.549 599.4518 599.472 599.4548 599.4995 599.6245 599.6695 599.5422 599.4985 599.4888 599.6435 599.834 599.9092 599.827 599.823 599.785 599.8018 599.8542 599.8322 599.851 599.9685 600.0573
-9999 600.7028 600.6281 600.6193 600.5997 600.5762 600.5508 600.5197 600.4859 600.444 600.3978 600.1992 600.1465 600.3155 600.2963 600.0972 600.077 600.1337 600.2087 600.1555 600.1015 600.0518 599.9615 599.8235 599.912 599.9838 599.8355 599.7493 599.811 599.921 599.9283 599.9077 599.891 599.8607 599.691 599.6968 599.7231 599.669 599.6315 599.7885 599.8755 599.688 599.5167 599.4735 599.5172 599.5233 599.5463 599.5673 599.5682 599.5427 599.5433 599.501 599.5935 599.7748 599.81 599.6727 599.6863 599.8207 599.807 599.7185 599.825 599.828 599.7798 599.9133
-9999 600.8009 600.7755 600.7614 600.7391 600.7183 600.691 600.6605 600.6319 600.584 600.5467 600.5104 600.4664 600.4103 600.412 600.3953 600.3233 600.2422 600.125 600.111 600.0568 600.0397 599.948 599.8805 599.9877 600.0978 600.0508 599.9725 599.902 599.8162 599.7783 599.7508 599.7267 599.692 599.5915 599.65 599.7785 599.6735 599.6268 599.7985 599.8812 599.6787 599.5342 599.6144 599.6834 599.6581 599.6943 599.717 599.7153 599.7108 599.7065 599.587 599.5805 599.749 599.8403 599.7672 599.7823 599.862 599.771 599.6653 599.7968 599.8002 599.7315 599.8718
-9999 600.9384 600.9223 600.9035 600.8784 600.8602 600.8313 600.8015 600.778 600.7278 600.7037 600.6738 600.6313 600.5752 600.5344 600.494 600.4435 600.4093 600.3887 600.2083 600.2393 600.133 600.0552 600.0823 600.1472 600.114 600.1282 600.184 600.0652 599.8373 599.8043 599.8717 599.7822 599.6588 599.67 599.8285 599.89 599.7063 599.583 599.66 599.706 599.5945 599.512 599.6064 599.676 599.729 599.8685 599.9025 599.833 599.6978 599.668 599.564 599.574 599.751 599.9193 599.8535 599.6974 599.7092 599.6558 599.5657 599.664 599.7637 599.8188 599.9468
604.9318 601.0757 601.0649 601.0455 601.0177 601.0005 600.9714 600.9423 600.924 600.8865 600.8607 600.8372 600.7963 600.7438 600.7048 600.6589 600.6112 600.5757 600.5408 600.5047 600.4713 600.4376 600.4039 600.3715 600.3583 600.1042 600.0975 600.2462 600.2173 600.0178 600.0983 600.216 600.0803 599.854 599.8 599.9318 599.9238 599.7997 599.723 599.7087 599.6965 599.677 599.6525 599.6635 599.6505 599.682 599.7653 599.796 599.7432 599.644 599.6202 599.5415 599.5858 599.7708 599.9448 599.7997 599.6282 599.5717 599.6407 599.6205 599.5897 599.736 599.9033 599.93
604.654 601.2178 601.2072 601.1857 601.157 601.1407 601.1116 601.0848 601.07 601.0452 601.0224 601.0007 600.9612 600.9138 600.8751 600.8199 600.7789 600.7416 600.7066 600.6685 600.6348 600.6025 600.5757 600.547 600.5104 600.4879 600.4502 600.402 600.3775 600.2493 600.283 600.3898 600.2242 599.9922 599.875 599.9393 599.9133 599.9875 600.023 600.0165 599.959 599.9545 599.9302 599.8978 599.887 599.8157 599.7208 599.662 599.7175 599.8307 599.8355 599.691 599.6545 599.815 599.9615 599.8038 599.6435 599.6688 599.8105 599.7875 599.6802 599.7745 599.9085 599.8058
604.3762 601.3649 601.3493 601.325 601.2964 601.2811 601.2518 601.2322 601.214 601.2036 601.1871 601.1699 601.1274 601.0837 601.0449 600.9841 600.9465 600.9078 600.87 600.8322 600.7993 600.7674 600.7475 600.7264 600.6904 600.6755 600.6407 600.593 600.5472 600.4977 600.4501 600.3809 600.33 600.0992 600.1115 600.1722 600.154 600.2662 600.3075 600.2618 600.0938 600.0978 600.1825 600.1577 600.0367 599.9145 599.8235 599.7252 599.7428 599.9985 600.0522 599.837 599.7227 599.8735 599.9188 599.7202 599.636 599.691 599.7765 599.7888 599.8455 599.9398 599.9507 599.7265
604.0984 601.5123 601.4915 601.4643 601.4357 601.4213 601.3919 601.3793 601.3629 601.3619 601.352 601.3417 601.2976 601.2537 601.2098 601.1506 601.1126 601.0739 601.0334 600.9958 600.9642 600.9377 600.9193 600.9058 600.8777 600.863 600.8301 600.7857 600.7413 600.6937 600.6488 600.5743 600.5242 600.4765 600.4223 600.3698 600.3645 600.353 600.3118 600.2687 600.0815 600.1255 600.3127 600.2975 600.0425 599.9573 600.0457 599.9175 599.8275 599.9247 599.9605 599.8358 599.811 599.9623 599.9822 599.8527 599.838 599.8215 599.8329 599.8377 599.8932 599.9335 599.9145 599.861
603.8206 601.7153 601.631 601.584 601.5751 601.5615 601.532 601.5264 601.5213 601.5204 601.517 601.5121 601.4677 601.4237 601.3659 601.3171 601.2775 601.2385 601.1968 601.1595 601.1292 601.1096 601.0911 601.0852 601.0652 601.0507 601.0197 600.9815 600.9355 600.8918 600.8402 600.778 600.7304 600.6935 600.6453 600.5947 600.559 600.5366 600.4952 600.4713 600.423 600.3632 600.3907 600.4742 600.2203 600.0855 600.1349 600.0452 599.8848 599.9278 599.9025 599.8492 599.9543 600.117 600.1823 600.0753 600.0545 600.0497 600.0308 600.012 599.8675 599.8028 599.8415 599.9672
603.5428 602.0954 602.0307 601.9685 601.9138 601.8477 601.8372 601.8359 601.835 601.8254 601.8077 601.7297 601.6352 601.5728 601.527 601.4837 601.4424 601.4019 601.3602 601.3231 601.2941 601.2816 601.268 601.2646 601.2526 601.2382 601.2111 601.178 601.131 601.0969 601.0336 600.9818 600.947 600.9118 600.8682 600.8237 600.8017 600.7791 600.7531 600.7289 600.692 600.6245 600.579 600.5015 600.4106 600.3588 600.2147 600.1042 600.1362 600.1625 600.0595 600.0552 600.2322 600.281 600.2192 600.0995 600.0673 600.0522 600.038 600.0007 599.8907 599.8185 599.8467 599.9503
603.265 602.4754 602.4304 602.3721 602.3136 602.2615 602.2369 602.2357 602.2349 602.2118 602.1941 602.1157 602.0182 601.9335 601.781 601.6801 601.5769 601.5652 601.5236 601.4867 601.459 601.4534 601.4472 601.444 601.4399 601.4329 601.4037 601.3732 601.3291 601.2956 601.2373 601.1855 601.1641 601.1411 601.0912 601.0527 601.0444 601.0217 601.011 600.9866 600.9581 600.8934 600.8495 600.7706 600.684 600.6287 600.5497 600.4886 600.4189 600.4071 600.353 600.3125 600.3438 600.3467 600.3328 600.2532 600.2515 600.2067 600.195 600.1655 600.1518 600.1217 600.1195 600.1235
602.9872 602.8712 602.8301 602.7719 602.7133 602.6755 602.6367 602.6354 602.6271 602.5982 602.5805 602.4988 602.4071 602.3298 602.1921 602.0916 602.0024 601.8951 601.7958 601.7316 601.7242 601.7229 601.7156 601.7151 601.7135 601.6309 601.5701 601.557 601.5272 601.4929 601.441 601.3907 601.3809 601.3699 601.3141 601.2879 601.2872 601.2697 601.2689 601.249 601.2242 601.168 601.1201 601.0396 600.9695 600.9035 600.8218 600.7637 600.6938 600.6776 600.6089 600.5911 600.5903 600.5748 600.5209 600.5031 600.45 600.4226 600.3645 600.343 600.396 600.4083 600.3597 600.3847
603.326 603.2711 603.2299 603.1716 603.113 603.0896 603.0364 603.0351 603.0134 602.9846 602.9669 602.8818 602.8012 602.7263 602.6044 602.5209 602.4279 602.3224 602.2373 602.1903 602.1701 602.1685 602.1451 602.1444 602.1321 602.048 601.9995 601.9129 601.85 601.7678 601.6566 601.6483 601.6281 601.5502 601.5371 601.5306 601.5297 601.5276 601.5266 601.5242 601.4903 601.4429 601.3906 601.3143 601.248 601.1782 601.1014 601.0388 600.9687 600.9482 600.8829 600.8488 600.8478 600.8164 600.7566 600.7413 600.6824 600.6517 600.5971 600.5382 600.5119 600.462 600.4578 600.4324
603.7112 603.6708 603.6296 603.5714 603.5128 603.5002 603.4362 603.4349 603.3998 603.371 603.3533 603.2648 603.2009 603.1064 603.0149 602.9504 602.8534 602.7549 602.6788 602.6362 602.6159 602.6142 602.5746 602.5737 602.5493 602.465 602.4288 602.3422 602.2794 602.2094 602.1018 602.0943 602.074 601.9834 601.9631 601.9621 601.9457 601.9447 601.9438 601.8797 601.8182 601.7377 601.6389 601.5388 601.5228 601.4518 601.3835 601.3138 601.2435 601.2187 601.1577 601.1064 601.1004 601.0521 600.9922 600.9736 600.918 600.8807 600.8295 600.7764 600.7443 600.7045 600.687 600.6615
604.0913 604.0703 604.0394 603.9711 603.9188 603.9 603.8359 603.8346 603.7863 603.7574 603.7397 603.653 603.6008 603.4968 603.4253 603.3799 603.2789 603.1926 603.1236 603.082 603.0618 603.0602 603.004 603.0031 602.9664 602.8819 602.8581 602.7715 602.7087 602.6509 602.5477 602.5402 602.5198 602.4293 602.4091 602.4081 602.375 602.374 602.373 602.2999 602.2476 602.1671 602.0642 601.9725 601.874 601.7583 601.6429 601.5342 601.5184 601.489 601.425 601.3643 601.3429 601.2878 601.2322 601.206 601.152 601.1098 601.0618 601.0188 600.9766 600.9471 600.9163 600.8906
604.4713 604.4697 604.4514 604.3708 604.333 604.2997 604.2356 604.2343 604.1727 604.1438 604.1261 604.0422 604.0006 603.905 603.8358 603.8093 603.7077 603.6385 603.5873 603.5279 603.5076 603.5016 603.4335 603.4324 603.3835 603.3076 603.2874 603.2009 603.1381 603.0925 602.9935 602.9861 602.9657 602.8751 602.855 602.8536 602.8043 602.8033 602.8022 602.72 602.677 602.5966 602.4916 602.4142 602.3332 602.2175 602.1226 602.0038 601.9369 601.8436 601.7193 601.6473 601.5381 601.5235 601.475 601.4384 601.3813 601.3389 601.2941 601.2611 601.2089 601.1896 601.1455 601.1196
604.8704 604.8694 604.8511 604.7705 604.7471 604.6994 604.6353 604.634 604.5591 604.5302 604.5114 604.4313 604.4005 604.3132 604.2462 604.2371 604.1401 604.084 604.0508 603.9737 603.9535 603.931 603.8629 603.8618 603.8005 603.7368 603.7168 603.6302 603.5674 603.5341 603.4394 603.4319 603.4115 603.3209 603.3008 603.2996 603.2336 603.2327 603.225 603.14 603.1064 603.0229 602.9242 602.8559 602.7924 602.6768 602.603 602.5066 602.424 602.3423 602.2463 602.1602 602.0592 601.9619 601.8674 601.7524 601.6485 601.5541 601.5222 601.5002 601.4412 601.4323 601.3748 601.3608
604.9371 604.9312 604.9252 604.9193 604.9133 604.9075 604.9014 604.8954 604.8911 604.8895 604.8878 604.8204 604.8003 604.7214 604.6688 604.6626 604.5726 604.5297 604.5095 604.4196 604.3993 604.3604 604.2924 604.2912 604.2174 604.1658 604.1461 604.0596 604.0079 603.9756 603.8852 603.8777 603.8574 603.7668 603.7466 603.7316 603.663 603.662 603.6451 603.56 603.5359 603.4482 603.3568 603.2976 603.2516 603.1398 603.0809 603.0099 602.9111 602.841 602.7734 602.6731 602.5803 602.514 602.4091 602.3044 602.2283 602.1267 602.0604 601.9249 601.9124 601.7634 601.7359 601.5927
604.9803 604.9744 604.9684 604.9626 604.9566 604.9513 604.9453 604.9393 604.9355 604.9294 604.9234 604.9169 604.9099 604.9056 604.8994 604.8931 604.8887 604.8824 604.879 604.8654 604.8452 604.7897 604.7217 604.7191 604.6343 604.595 604.5754 604.4889 604.4539 604.4209 604.3311 604.3236 604.3032 604.2126 604.1925 604.1609 604.0923 604.0913 604.0653 603.98 603.9654 603.8773 603.8015 603.7584 603.7108 603.6071 603.5589 603.4971 603.3983 603.3397 603.29 603.1862 603.1014 603.0606 602.9509 602.8564 602.808 602.6993 602.6401 602.5237 602.5074 602.3579 602.346 602.2064
605.0235 605.0175 605.0115 605.0059 604.9999 604.9952 604.9891 604.9832 604.9799 604.9738 604.9684 604.9618 604.9548 604.9511 604.9449 604.9387 604.9349 604.9286 604.9225 604.9165 604.9102 604.9042 604.8977 604.8913 604.8885 604.8813 604.874 604.87 604.8677 604.8668 604.7769 604.7695 604.7491 604.6585 604.6384 604.5903 604.5217 604.5206 604.4853 604.4 604.3948 604.3099 604.2474 604.2219 604.17 604.0745 604.0369 603.9842 603.8854 603.8384 603.8029 603.6994 603.6226 603.6023 603.4926 603.4084 603.3878 603.2716 603.2199 603.1339 603.102 602.9575 602.9561 602.8508
605.0667 605.0607 605.0548 605.0491 605.0432 605.039 605.033 605.0276 605.0243 605.0182 605.0134 605.0067 604.9998 604.9966 604.9904 604.9845 604.981 604.9747 604.9693 604.9633 604.9569 604.9515 604.9451 604.9387 604.9366 604.9293 604.9223 604.9188 604.9118 604.9058 604.9032 604.8957 604.8882 604.8834 604.8763 604.8708 604.8671 604.8594 604.8572 604.8253 604.8243 604.7425 604.6931 604.6854 604.6367 604.5418 604.5238 604.4713 604.3777 604.3554 604.3159 604.2125 604.1713 604.144 604.0342 603.9683 603.9676 603.844 603.7997 603.7442 603.6965 603.5678 603.5662 603.4948
