samples/sfe_24/sfe_24_v0/sfe_24_v0/sfe_24_v0.asc
ncols         275
nrows         75
xllcorner     98.60000000149
yllcorner     70.60000000149
cellsize      0.7
NODATA_value  -9999
[rows 0 to 27 of 75, columns 192 to 255 of 275]
605.6696 605.6683 605.6674 605.6663 605.665 605.6641 605.6631 605.6618 605.6602 605.6589 605.6578 605.6569 605.6555 605.6546 605.6536 605.6523 605.6507 605.6494 605.6486 605.647 605.6461 605.6451 605.6441 605.6426 605.6411 605.6406 605.6389 605.6376 605.6366 605.6353 605.6343 605.6331 605.632 605.6308 605.6293 605.6277 605.6267 605.6257 605.6244 605.6234 605.6224 605.621 605.6194 605.6181 605.6168 605.6158 605.6148 605.6134 605.6124 605.611 605.6094 605.6082 605.6068 605.6058 605.6047 605.6033 605.6024 605.6011 605.5994 605.598 605.597 605.5956 605.5946 605.5932
605.6232 605.6215 605.6206 605.6196 605.6176 605.6166 605.6157 605.6144 605.6124 605.6108 605.6099 605.6089 605.6068 605.6058 605.6049 605.6037 605.6015 605.6 605.5992 605.5975 605.5959 605.595 605.594 605.5919 605.5903 605.5898 605.5875 605.586 605.585 605.5828 605.5819 605.5807 605.5787 605.5778 605.5761 605.5739 605.5727 605.5718 605.5695 605.5685 605.5677 605.5653 605.5638 605.5624 605.5601 605.5591 605.5582 605.5558 605.5549 605.5533 605.5511 605.5497 605.5472 605.5463 605.5453 605.5427 605.5418 605.5406 605.5381 605.5364 605.5355 605.533 605.5319 605.5303
605.5766 605.575 605.5739 605.5729 605.5706 605.5692 605.5683 605.567 605.5645 605.563 605.5619 605.5609 605.5581 605.5571 605.5562 605.5551 605.5523 605.5505 605.5498 605.5482 605.5458 605.5449 605.5439 605.541 605.5396 605.5389 605.5362 605.5344 605.5334 605.5304 605.5295 605.5284 605.5259 605.5245 605.523 605.5202 605.5187 605.5178 605.5152 605.5137 605.5129 605.5095 605.5083 605.5068 605.5036 605.5025 605.5016 605.4982 605.4974 605.4958 605.4929 605.4913 605.4885 605.4868 605.4859 605.4821 605.4812 605.4801 605.4766 605.475 605.474 605.4706 605.4692 605.4677
605.5297 605.5284 605.5272 605.5262 605.5238 605.5218 605.5209 605.5197 605.5164 605.5151 605.5139 605.5129 605.5097 605.5083 605.5075 605.5064 605.5029 605.5012 605.5004 605.4988 605.4957 605.4948 605.4938 605.4901 605.4888 605.4881 605.4846 605.483 605.4819 605.4779 605.4771 605.476 605.4736 605.4713 605.4698 605.4668 605.4647 605.4639 605.4612 605.4589 605.4581 605.4537 605.4528 605.4511 605.4473 605.4459 605.4451 605.4406 605.4398 605.4382 605.4344 605.4328 605.43 605.4272 605.4265 605.4223 605.4206 605.4196 605.4149 605.4136 605.4125 605.4081 605.4066 605.405
605.483 605.4818 605.4805 605.4794 605.4771 605.4743 605.4735 605.4723 605.4684 605.4673 605.4659 605.4649 605.4614 605.4595 605.4588 605.4577 605.4534 605.452 605.451 605.4495 605.4458 605.4447 605.4437 605.4391 605.438 605.4373 605.4329 605.4315 605.4303 605.4258 605.4247 605.4237 605.4213 605.418 605.4167 605.4136 605.4109 605.4099 605.4073 605.404 605.4033 605.3979 605.3972 605.3954 605.3913 605.3893 605.3885 605.3832 605.3823 605.3807 605.3758 605.3743 605.3716 605.3678 605.367 605.3629 605.36 605.359 605.3541 605.3522 605.351 605.3453 605.3439 605.3424
605.4369 605.4352 605.4338 605.4327 605.4304 605.4271 605.4261 605.4249 605.4211 605.4194 605.4179 605.4169 605.4134 605.4108 605.4101 605.4091 605.4039 605.4026 605.4017 605.4001 605.3959 605.3947 605.3936 605.3882 605.3872 605.3865 605.3812 605.38 605.3787 605.3738 605.3723 605.3713 605.3689 605.3648 605.3636 605.3605 605.3571 605.356 605.3533 605.3492 605.3484 605.3425 605.3415 605.3398 605.3356 605.3326 605.332 605.326 605.3247 605.3231 605.3173 605.316 605.3131 605.3086 605.3076 605.3035 605.2994 605.2985 605.2936 605.2907 605.2894 605.2828 605.2812 605.2798
605.3908 605.3884 605.387 605.386 605.3837 605.38 605.3787 605.3775 605.3737 605.3713 605.3699 605.3689 605.3654 605.3623 605.3614 605.3604 605.3544 605.3534 605.3523 605.3508 605.3459 605.3445 605.3435 605.3373 605.3364 605.3356 605.3295 605.3286 605.3271 605.3222 605.3199 605.319 605.3166 605.3115 605.3104 605.3074 605.3033 605.302 605.2994 605.2943 605.2937 605.2877 605.2858 605.2841 605.28 605.2762 605.2754 605.2684 605.2672 605.2656 605.2587 605.2576 605.2546 605.2494 605.2481 605.244 605.239 605.238 605.2332 605.2291 605.2279 605.2213 605.2186 605.2172
605.3447 605.3416 605.3403 605.3393 605.337 605.3326 605.3313 605.3301 605.3263 605.3232 605.3219 605.3209 605.3173 605.3138 605.3127 605.3116 605.3052 605.3041 605.303 605.3014 605.2957 605.2944 605.2934 605.2867 605.2856 605.2848 605.2784 605.277 605.2756 605.2706 605.2675 605.2667 605.2642 605.2584 605.2573 605.2542 605.2493 605.248 605.2454 605.2396 605.2389 605.2329 605.23 605.2285 605.2243 605.2198 605.2189 605.2111 605.2096 605.2081 605.2004 605.1992 605.1962 605.1898 605.1887 605.1846 605.1787 605.1774 605.1727 605.1674 605.1664 605.1597 605.1559 605.1545
605.2986 605.2948 605.2936 605.2926 605.2903 605.2852 605.2839 605.2827 605.2789 605.2751 605.2739 605.2729 605.2693 605.2651 605.264 605.2629 605.2565 605.2548 605.2536 605.2521 605.2455 605.2443 605.2433 605.2363 605.2348 605.234 605.2275 605.2255 605.224 605.2191 605.2151 605.2143 605.2119 605.2054 605.2042 605.2011 605.1952 605.1941 605.1915 605.1851 605.1841 605.1781 605.1743 605.1728 605.1686 605.1633 605.1623 605.1545 605.152 605.1505 605.1424 605.1408 605.1378 605.1302 605.1293 605.1251 605.1182 605.1169 605.1122 605.1058 605.1048 605.0982 605.0934 605.0919
605.2525 605.248 605.2469 605.2459 605.2435 605.2377 605.2365 605.2353 605.2315 605.2271 605.2259 605.2249 605.2213 605.2163 605.2153 605.2142 605.2079 605.2054 605.2043 605.2027 605.1953 605.1942 605.1932 605.1862 605.1839 605.1832 605.1768 605.174 605.1724 605.1675 605.163 605.162 605.1595 605.1523 605.1511 605.1479 605.1411 605.1401 605.1375 605.1302 605.1293 605.1233 605.1186 605.1171 605.113 605.1067 605.1057 605.098 605.0945 605.093 605.0849 605.0824 605.0793 605.0712 605.0698 605.0657 605.0575 605.0564 605.0518 605.0443 605.0433 605.0367 605.0308 605.0293
605.2064 605.2014 605.2002 605.1992 605.1968 605.1904 605.1891 605.1879 605.1841 605.1791 605.1779 605.1769 605.1732 605.1675 605.1665 605.1655 605.1592 605.1559 605.1549 605.1534 605.1459 605.1441 605.1431 605.136 605.1331 605.1323 605.1259 605.1223 605.1208 605.1159 605.1108 605.1096 605.1072 605.0993 605.0979 605.0948 605.0872 605.0862 605.0836 605.0759 605.0745 605.0685 605.063 605.0615 605.0573 605.05 605.0491 605.0414 605.037 605.0354 605.0273 605.024 605.0209 605.0127 605.0104 605.0062 604.9975 604.9958 604.9913 604.9828 604.9818 604.9752 604.9681 604.9667
605.1603 605.1548 605.1534 605.1525 605.1501 605.1437 605.1417 605.1405 605.1367 605.1313 605.1299 605.1289 605.1251 605.1189 605.1178 605.1168 605.1105 605.1064 605.1056 605.1041 605.0966 605.094 605.093 605.0859 605.0822 605.0815 605.0751 605.0707 605.0693 605.0643 605.0583 605.0573 605.0548 605.047 605.0447 605.0417 605.0338 605.0322 605.0296 605.022 605.0197 605.0137 605.0075 605.0058 605.0016 604.9935 604.9926 604.9848 604.9796 604.9778 604.9698 604.9655 604.9624 604.9542 604.9509 604.9468 604.938 604.9354 604.9308 604.922 604.9202 604.9136 604.9053 604.9041
605.1142 605.108 605.1068 605.1058 605.1034 605.097 605.0944 605.0931 605.0894 605.0833 605.082 605.0809 605.0771 605.0706 605.0691 605.0681 605.0619 605.057 605.0562 605.0547 605.0472 605.0439 605.0429 605.0358 605.0313 605.0307 605.0243 605.019 605.0177 605.0128 605.0059 605.0049 605.0025 604.9946 604.9916 604.9885 604.9806 604.9783 604.9756 604.968 604.9649 604.9589 604.9518 604.9501 604.946 604.9377 604.936 604.9282 604.9221 604.9203 604.9122 604.907 604.9039 604.8958 604.8915 604.8873 604.8786 604.8748 604.8704 604.8615 604.8587 604.8521 604.8427 604.8414
605.0681 605.0618 605.0601 605.059 605.0567 605.0503 605.0471 605.0457 605.042 605.0359 605.0339 605.033 605.0291 605.0226 605.0204 605.0194 605.0132 605.0076 605.0069 605.0054 604.9979 604.9939 604.9928 604.9858 604.9804 604.9799 604.9734 604.9677 604.9661 604.9612 604.9536 604.9526 604.9501 604.9423 604.9385 604.9354 604.9275 604.9243 604.9217 604.9141 604.9101 604.9041 604.8964 604.8945 604.8903 604.882 604.8795 604.8717 604.8646 604.8627 604.8547 604.8485 604.8455 604.8373 604.8321 604.8279 604.8192 604.8143 604.8099 604.801 604.7972 604.7906 604.7803 604.7788
605.022 605.0157 605.0133 605.0123 605.01 605.0036 604.9999 604.9984 604.9946 604.9885 604.986 604.9849 604.981 604.9745 604.9717 604.9707 604.9646 604.9584 604.9575 604.956 604.9485 604.9439 604.9427 604.9357 604.9297 604.929 604.9226 604.9161 604.9146 604.9096 604.9019 604.9003 604.8978 604.89 604.8854 604.8823 604.8743 604.8704 604.8677 604.8601 604.8553 604.8493 604.8416 604.8387 604.8347 604.8264 604.8229 604.8151 604.8071 604.8052 604.7971 604.7901 604.787 604.7789 604.7727 604.7685 604.7597 604.7539 604.7495 604.7406 604.7357 604.7291 604.7188 604.7161
604.9759 604.9696 604.9666 604.9656 604.9633 604.9569 604.9525 604.9509 604.9472 604.9412 604.938 604.937 604.933 604.9265 604.923 604.922 604.9159 604.9089 604.9082 604.9067 604.8992 604.8939 604.8926 604.8856 604.8789 604.8782 604.8718 604.8646 604.863 604.858 604.8503 604.848 604.8455 604.8376 604.8322 604.8292 604.8212 604.8164 604.8138 604.8062 604.8005 604.7945 604.7868 604.7831 604.779 604.7707 604.7664 604.7585 604.7502 604.7477 604.7396 604.7316 604.7286 604.7205 604.7133 604.709 604.7003 604.6934 604.689 604.6801 604.6741 604.6675 604.6572 604.6535
604.9298 604.9235 604.9199 604.9189 604.9166 604.9102 604.905 604.9036 604.8998 604.8937 604.89 604.8889 604.8849 604.8784 604.8743 604.8733 604.8672 604.8599 604.8588 604.8573 604.8499 604.8437 604.8425 604.8354 604.828 604.8274 604.821 604.8137 604.8114 604.8065 604.7987 604.7957 604.7931 604.7853 604.779 604.776 604.7681 604.7625 604.7599 604.7523 604.7457 604.7397 604.732 604.7274 604.7233 604.715 604.7098 604.702 604.6936 604.6901 604.682 604.674 604.6702 604.662 604.6538 604.6496 604.6409 604.6329 604.6285 604.6196 604.6172 604.5784 604.5773 604.4895
604.8837 604.8774 604.8732 604.8722 604.8699 604.8635 604.8577 604.8562 604.8524 604.8464 604.842 604.8409 604.8369 604.8304 604.8256 604.8246 604.8186 604.8112 604.8095 604.808 604.8005 604.7936 604.7924 604.7853 604.7778 604.7766 604.7701 604.7629 604.7598 604.7549 604.7471 604.7434 604.7408 604.7329 604.7258 604.7228 604.7149 604.7085 604.7059 604.6983 604.6909 604.6849 604.6772 604.6718 604.6677 604.6594 604.6532 604.6454 604.637 604.6326 604.6283 604.627 604.563 604.5176 604.493 604.39 604.3578 604.299 604.1853 604.1843 604.1506 604.0515 604.0531 604.0065
604.8376 604.8313 604.8266 604.8255 604.8231 604.8168 604.8104 604.8089 604.805 604.799 604.7941 604.7928 604.7889 604.7823 604.7769 604.7759 604.77 604.7625 604.7601 604.7586 604.7512 604.7437 604.7423 604.7352 604.7277 604.7257 604.7193 604.712 604.7083 604.7033 604.6956 604.6911 604.6884 604.6806 604.6727 604.6697 604.6618 604.6545 604.652 604.6443 604.64 604.6254 604.6041 604.5469 604.4758 604.4747 604.4426 604.3659 604.3683 604.3096 604.2453 604.2425 604.1205 604.0618 604.0117 603.8816 603.8311 603.751 603.6333 603.6323 603.6237 603.5246 603.5355 603.5235
604.7915 604.7852 604.7798 604.7787 604.7764 604.77 604.7637 604.7615 604.7576 604.7516 604.7461 604.7448 604.7408 604.7343 604.7282 604.7272 604.7213 604.7139 604.7108 604.7093 604.7018 604.6943 604.6922 604.6852 604.6776 604.6749 604.6685 604.6613 604.6567 604.652 604.6508 604.6246 604.5535 604.5521 604.5402 604.4561 604.437 604.4009 604.3157 604.2906 604.2645 604.1726 604.1404 604.1011 604.0299 604.0289 604.0256 603.9519 603.9685 603.9232 603.8589 603.8284 603.6779 603.5983 603.5076 603.3733 603.3043 603.1983 603.0813 603.0803 603.0793 602.9977 603.018 603.0405
604.7454 604.7391 604.7332 604.7321 604.7297 604.7233 604.717 604.7142 604.7103 604.7042 604.6981 604.6968 604.6927 604.6863 604.6797 604.6785 604.6726 604.6655 604.6647 604.632 604.6304 604.6238 604.5359 604.4997 604.4924 604.4109 604.3573 604.3434 604.2819 604.2213 604.2203 604.1788 604.1076 604.1075 604.1253 604.0421 604.023 603.9788 603.8925 603.8446 603.8118 603.7198 603.6768 603.6553 603.5841 603.5831 603.6086 603.5379 603.5687 603.5367 603.4725 603.4144 603.2647 603.1462 603.0136 602.8854 602.7773 602.6884 602.5293 602.5283 602.5272 602.4708 602.5004 602.5575
604.6993 604.693 604.6867 604.6854 604.683 604.6795 604.678 604.6294 604.5873 604.5829 604.5649 604.4789 604.4565 604.447 604.4268 604.3369 604.3166 604.3157 604.2601 604.1977 604.1847 604.1832 604.1035 604.0537 604.0286 603.9581 603.8937 603.8607 603.8183 603.7575 603.7565 603.7329 603.6617 603.6782 603.696 603.6281 603.609 603.561 603.4694 603.3989 603.348 603.267 603.2131 603.2094 603.1382 603.1372 603.1916 603.1237 603.1688 603.1503 603.0861 603.0006 602.8717 602.7036 602.5844 602.4307 602.2535 602.155 601.9792 601.9763 601.9753 601.9438 601.9828 602.0575
604.409 604.408 604.3989 604.3154 604.2965 604.2802 604.2793 604.2154 604.1733 604.1533 604.1418 604.0558 604.0271 604.0012 603.9808 603.8909 603.8706 603.8699 603.8307 603.7682 603.739 603.7375 603.671 603.6078 603.5647 603.5054 603.4302 603.3777 603.3546 603.2938 603.2927 603.287 603.2157 603.2489 603.2665 603.2141 603.195 603.14 603.0462 602.9623 602.8845 602.8142 602.7495 602.748 602.6924 602.6914 602.7622 602.7095 602.769 602.7639 602.6997 602.5883 602.4788 602.2814 602.1552 601.976 601.7478 601.634 601.4331 601.4243 601.4233 601.4167 601.4653 601.5536
603.9797 603.9787 603.9774 603.9012 603.8823 603.851 603.85 603.8014 603.7593 603.7282 603.7188 603.6327 603.5977 603.5555 603.535 603.4449 603.4246 603.424 603.4014 603.3387 603.2932 603.2916 603.2386 603.1618 603.1163 603.0526 602.9664 602.9054 602.8909 602.8301 602.8289 602.8283 602.7698 602.8196 602.8371 602.8 602.781 602.7108 602.623 602.5368 602.4318 602.3615 602.2858 602.2847 602.2465 602.2455 602.3244 602.2955 602.3691 602.3741 602.3133 602.202 602.0858 601.8884 601.726 601.5096 601.3093 601.2923 601.2571 601.2255 601.2097 601.2274 601.2405 601.2596
603.5504 603.5494 603.548 603.4871 603.4682 603.4218 603.4207 603.3874 603.3452 603.3142 603.2936 603.2096 603.1683 603.1096 603.0891 602.9989 602.9786 602.9781 602.9721 602.9093 602.8472 602.8458 602.8061 602.7182 602.6705 602.5998 602.5078 602.4417 602.4102 602.3665 602.3651 602.3643 602.3239 602.3903 602.4077 602.386 602.367 602.2888 602.2024 602.1113 602.0024 601.9087 601.822 601.8209 601.8007 601.7997 601.8852 601.8907 601.9692 601.9741 601.9269 601.8156 601.6927 601.4954 601.312 601.2789 601.2192 601.1682 601.1359 601.1042 601.0884 601.1061 601.1179 601.1371
603.121 603.12 603.1185 603.073 603.0541 602.9923 602.9913 602.9734 602.931 602.9002 602.8641 602.7866 602.739 602.6635 602.6433 602.5529 602.5327 602.5323 602.531 602.4799 602.4012 602.3999 602.3737 602.2858 602.2246 602.147 602.0551 601.978 601.9274 601.9028 601.9013 601.9006 601.8781 601.9609 601.9782 601.972 601.953 601.8748 601.7846 601.6858 601.5731 601.4559 601.364 601.3571 601.3549 601.3596 601.446 601.4908 601.5694 601.5742 601.5405 601.4291 601.3138 601.2969 601.2207 601.152 601.0876 601.044 601.0146 600.983 600.9672 600.9849 600.9954 601.0146
602.6917 602.6907 602.689 602.6589 602.64 602.563 602.562 602.5594 602.5169 602.4862 602.4347 602.3635 602.3097 602.2286 602.1974 602.1069 602.0867 602.0864 602.0849 602.0504 601.9637 601.9541 601.9412 601.8533 601.7787 601.6942 601.6022 601.5143 601.4445 601.4391 601.4376 601.4371 601.4471 601.5316 601.5489 601.5478 601.539 601.4608 601.3669 601.3282 601.2821 601.2351 601.2018 601.1652 601.1641 601.1992 601.2233 601.2528 601.2513 601.2502 601.252 601.2495 601.183 601.1467 601.0877 601.0065 600.9607 600.9199 600.8929 600.8618 600.8459 600.8636 600.8729 600.8922
602.2623 602.2614 602.2596 602.2448 602.2258 602.1476 602.1327 602.1312 602.1028 602.0722 602.0052 601.9404 601.8804 601.7993 601.7516 601.661 601.6409 601.6404 601.6388 601.6209 601.5343 601.5082 601.5073 601.4208 601.3458 601.3409 601.2968 601.2501 601.217 601.1779 601.1763 601.1795 601.2285 601.2272 601.2256 601.2245 601.2234 601.2224 601.1785 601.1333 601.0917 601.0477 601.0168 600.9858 600.9848 601.0199 601.0441 601.0654 601.0639 601.0663 601.0727 601.0717 601.0131 600.9814 600.9469 600.8735 600.8338 600.7957 600.7641 600.7405 600.7247 600.7417 600.7504 600.7697
