samples/sfe_24/sfe_24_v0/sfe_24_v0/sfe_24_v0.asc
ncols         275
nrows         75
xllcorner     98.60000000149
yllcorner     70.60000000149
cellsize      0.7
NODATA_value  -9999
[rows 0 to 27 of 75, columns 128 to 191 of 275]
605.7427 605.7418 605.7407 605.7397 605.7388 605.7375 605.736 605.7347 605.7338 605.7327 605.7318 605.7307 605.7297 605.7285 605.727 605.7258 605.7247 605.7238 605.7227 605.7217 605.7208 605.7195 605.718 605.7167 605.7158 605.7147 605.7137 605.7128 605.7115 605.7103 605.7088 605.7076 605.7068 605.7056 605.7045 605.7036 605.7026 605.7012 605.6997 605.6992 605.6976 605.6964 605.6954 605.6944 605.6931 605.692 605.6912 605.6899 605.6884 605.6872 605.686 605.6849 605.684 605.6829 605.6819 605.6806 605.679 605.6777 605.6768 605.6758 605.6744 605.6735 605.6725 605.6713
605.7001 605.6991 605.6981 605.6971 605.6961 605.6948 605.6933 605.6921 605.6911 605.6901 605.6891 605.688 605.6871 605.6859 605.6843 605.6831 605.6821 605.6811 605.6801 605.679 605.678 605.6768 605.6752 605.6741 605.6731 605.6721 605.6711 605.6701 605.6682 605.6672 605.6656 605.6644 605.6635 605.6623 605.6613 605.6603 605.6593 605.6578 605.6561 605.6554 605.6538 605.6525 605.6516 605.6506 605.6487 605.6478 605.6468 605.6456 605.644 605.6428 605.6409 605.64 605.639 605.6379 605.637 605.6351 605.6336 605.6322 605.6312 605.6302 605.6282 605.6273 605.6264 605.6252
605.6574 605.6564 605.6554 605.6544 605.6534 605.6522 605.6506 605.6494 605.6484 605.6474 605.6464 605.6454 605.6444 605.6431 605.6417 605.6404 605.6394 605.6384 605.6374 605.6363 605.6353 605.634 605.6325 605.6314 605.6304 605.6294 605.6284 605.6274 605.6248 605.624 605.6224 605.6212 605.6203 605.6191 605.618 605.6171 605.6161 605.6146 605.6124 605.6116 605.61 605.6088 605.6078 605.6068 605.6042 605.6034 605.6024 605.6012 605.5997 605.5984 605.596 605.595 605.5941 605.593 605.592 605.5895 605.5882 605.5867 605.5858 605.5848 605.582 605.5811 605.5803 605.5791
605.6147 605.6137 605.6127 605.6117 605.6107 605.6094 605.608 605.6067 605.6057 605.6047 605.6037 605.6027 605.6017 605.6005 605.5989 605.5977 605.5967 605.5957 605.5947 605.5936 605.5926 605.5913 605.5898 605.5887 605.5877 605.5867 605.5857 605.5847 605.5815 605.5807 605.5792 605.5779 605.577 605.5758 605.5748 605.5738 605.5728 605.5714 605.5687 605.5679 605.5662 605.5649 605.564 605.563 605.5598 605.559 605.5581 605.5569 605.5554 605.5541 605.5514 605.55 605.5492 605.548 605.5471 605.5438 605.5428 605.5412 605.5402 605.5392 605.5358 605.5349 605.5341 605.533
605.572 605.571 605.57 605.569 605.5681 605.5668 605.5652 605.564 605.563 605.562 605.561 605.56 605.559 605.5578 605.5563 605.5551 605.554 605.553 605.552 605.5508 605.5499 605.5486 605.5471 605.546 605.545 605.544 605.543 605.5421 605.5381 605.5374 605.5359 605.5347 605.5338 605.5325 605.5315 605.5305 605.5295 605.5281 605.5248 605.524 605.5225 605.5212 605.5202 605.5192 605.5154 605.5146 605.5137 605.5125 605.511 605.5098 605.5067 605.5051 605.5043 605.5031 605.5021 605.4982 605.4973 605.4957 605.4948 605.4938 605.4896 605.4888 605.488 605.4869
605.5294 605.5284 605.5273 605.5264 605.5254 605.5241 605.5226 605.5214 605.5204 605.5193 605.5184 605.5173 605.5164 605.5151 605.5136 605.5124 605.5114 605.5104 605.5093 605.5081 605.5071 605.5059 605.5043 605.5034 605.5024 605.5013 605.5004 605.4994 605.4954 605.4941 605.4927 605.4915 605.4905 605.4893 605.4883 605.4873 605.4863 605.4849 605.481 605.4802 605.4786 605.4774 605.4764 605.4754 605.4716 605.4702 605.4694 605.4682 605.4667 605.4655 605.4624 605.4601 605.4594 605.4581 605.4572 605.4525 605.4517 605.4502 605.4492 605.4482 605.4442 605.4426 605.4418 605.4408
605.4866 605.4857 605.4846 605.4836 605.4827 605.4814 605.4799 605.4786 605.4777 605.4766 605.4756 605.4746 605.4736 605.4724 605.4709 605.4697 605.4686 605.4677 605.4666 605.4654 605.4644 605.4631 605.4616 605.4606 605.4597 605.4586 605.4576 605.4567 605.4527 605.4507 605.4495 605.4483 605.4473 605.446 605.445 605.444 605.4431 605.4416 605.4371 605.4363 605.4348 605.4336 605.4326 605.4316 605.4277 605.4258 605.425 605.4238 605.4223 605.4211 605.418 605.4153 605.4145 605.4132 605.4122 605.4075 605.4062 605.4047 605.4037 605.4028 605.3986 605.3965 605.3957 605.3947
605.444 605.443 605.442 605.441 605.44 605.4387 605.4372 605.436 605.435 605.434 605.433 605.4319 605.431 605.4297 605.4282 605.427 605.426 605.425 605.424 605.4227 605.4217 605.4204 605.4189 605.418 605.417 605.416 605.415 605.414 605.41 605.4075 605.4064 605.4052 605.4041 605.4028 605.4017 605.4008 605.3998 605.3983 605.3932 605.3925 605.3911 605.3898 605.3888 605.3878 605.384 605.3814 605.3807 605.3795 605.3779 605.3767 605.3737 605.3706 605.3696 605.3683 605.3672 605.3626 605.3606 605.3593 605.3583 605.3572 605.3531 605.3506 605.3495 605.3485
605.4013 605.4003 605.3993 605.3983 605.3973 605.3961 605.3945 605.3933 605.3923 605.3913 605.3903 605.3893 605.3883 605.387 605.3856 605.3843 605.3833 605.3823 605.3813 605.3801 605.379 605.3777 605.3763 605.3753 605.3743 605.3733 605.3723 605.3713 605.3673 605.3642 605.3632 605.3619 605.3609 605.3596 605.3585 605.3575 605.3565 605.3551 605.3494 605.3487 605.3472 605.346 605.345 605.344 605.3401 605.337 605.3364 605.3351 605.3336 605.3324 605.3293 605.3259 605.3246 605.3234 605.3223 605.3177 605.315 605.3137 605.3127 605.3118 605.3076 605.3046 605.3034 605.3024
605.3586 605.3576 605.3566 605.3556 605.3546 605.3533 605.3519 605.3506 605.3496 605.3486 605.3476 605.3466 605.3456 605.3444 605.3428 605.3416 605.3406 605.3396 605.3386 605.3373 605.3362 605.335 605.3336 605.3326 605.3316 605.3306 605.3296 605.3286 605.3246 605.321 605.3199 605.3187 605.3177 605.3164 605.3152 605.3143 605.3133 605.3118 605.3059 605.3048 605.3035 605.3022 605.3012 605.3002 605.2964 605.2928 605.292 605.2908 605.2892 605.288 605.285 605.2809 605.2797 605.2784 605.2773 605.2728 605.2694 605.2682 605.2673 605.2662 605.2621 605.2584 605.2573 605.2562
605.3159 605.3149 605.3139 605.3129 605.312 605.3107 605.3091 605.3079 605.3069 605.3059 605.3049 605.3039 605.3029 605.3017 605.3002 605.299 605.2979 605.2969 605.2959 605.2947 605.2935 605.2922 605.2909 605.2899 605.2889 605.2879 605.2869 605.2859 605.282 605.278 605.2767 605.2755 605.2745 605.2732 605.272 605.271 605.27 605.2686 605.2626 605.261 605.2596 605.2584 605.2574 605.2564 605.2526 605.2487 605.2477 605.2465 605.2449 605.2437 605.2407 605.2358 605.2348 605.2335 605.2323 605.2278 605.2239 605.2227 605.2217 605.2208 605.2166 605.2121 605.2111 605.2101
605.2733 605.2723 605.2712 605.2703 605.2693 605.268 605.2665 605.2653 605.2643 605.2632 605.2623 605.2612 605.2603 605.259 605.2575 605.2563 605.2552 605.2543 605.2532 605.252 605.2508 605.2495 605.2482 605.2473 605.2463 605.2452 605.2443 605.2433 605.2393 605.2348 605.2335 605.2323 605.2313 605.23 605.2288 605.2278 605.2267 605.2253 605.2194 605.2172 605.2159 605.2146 605.2136 605.2126 605.2088 605.2043 605.2033 605.2021 605.2006 605.1993 605.1963 605.1909 605.1899 605.1886 605.1874 605.1829 605.1786 605.1772 605.1763 605.1752 605.1711 605.1659 605.1649 605.1639
605.2305 605.2296 605.2285 605.2275 605.2266 605.2253 605.2238 605.2225 605.2216 605.2205 605.2195 605.2185 605.2175 605.2163 605.2148 605.2136 605.2125 605.2115 605.2105 605.2093 605.208 605.2068 605.2055 605.2045 605.2036 605.2025 605.2015 605.2006 605.1966 605.1915 605.1903 605.1891 605.188 605.1868 605.1855 605.1845 605.1835 605.1821 605.1761 605.1733 605.1721 605.1708 605.1699 605.1688 605.165 605.1599 605.159 605.1578 605.1563 605.155 605.1519 605.1461 605.145 605.1437 605.1424 605.138 605.1331 605.1317 605.1307 605.1298 605.1256 605.1196 605.1188 605.1177
605.1879 605.1869 605.1859 605.1849 605.1839 605.1826 605.1811 605.1799 605.1789 605.1779 605.1769 605.1758 605.1749 605.1736 605.1721 605.1709 605.1699 605.1689 605.1678 605.1666 605.1653 605.1641 605.1628 605.1619 605.1609 605.1599 605.1589 605.1579 605.1539 605.1481 605.1471 605.1459 605.1448 605.1436 605.1423 605.1413 605.1403 605.1389 605.1329 605.1295 605.1283 605.127 605.126 605.1251 605.1212 605.1155 605.1146 605.1134 605.1119 605.1107 605.1076 605.1015 605.1 605.0988 605.0974 605.0931 605.0875 605.0862 605.0853 605.0842 605.0801 605.0739 605.0726 605.0716
605.1452 605.1442 605.1432 605.1422 605.1412 605.14 605.1384 605.1372 605.1362 605.1352 605.1342 605.1332 605.1322 605.131 605.1295 605.1282 605.1272 605.1262 605.1252 605.124 605.1226 605.1213 605.1202 605.1192 605.1182 605.1172 605.1162 605.1152 605.1112 605.1053 605.1039 605.1027 605.1016 605.1004 605.099 605.098 605.097 605.0956 605.0896 605.0856 605.0845 605.0833 605.0823 605.0812 605.0774 605.0718 605.0703 605.069 605.0675 605.0663 605.0632 605.0571 605.0551 605.0539 605.0525 605.0482 605.042 605.0407 605.0397 605.0388 605.0346 605.0284 605.0265 605.0255
605.1025 605.1015 605.1005 605.0995 605.0985 605.0972 605.0958 605.0945 605.0935 605.0925 605.0915 605.0905 605.0895 605.0883 605.0867 605.0855 605.0845 605.0835 605.0825 605.0812 605.0798 605.0786 605.0775 605.0765 605.0755 605.0745 605.0735 605.0725 605.0685 605.0626 605.0607 605.0594 605.0584 605.0572 605.0557 605.0547 605.0538 605.0523 605.0464 605.0419 605.0407 605.0394 605.0385 605.0375 605.0336 605.028 605.0259 605.0247 605.0232 605.022 605.0189 605.0128 605.0102 605.009 605.0075 605.0032 604.9971 604.9952 604.9943 604.9932 604.9891 604.9829 604.9803 604.9793
605.0598 605.0588 605.0578 605.0568 605.0558 605.0546 605.053 605.0518 605.0508 605.0498 605.0488 605.0478 605.0468 605.0456 605.0441 605.0428 605.0418 605.0408 605.0398 605.0386 605.0371 605.0359 605.0348 605.0338 605.0328 605.0318 605.0308 605.0298 605.0259 605.02 605.0175 605.0162 605.0152 605.014 605.0125 605.0115 605.0105 605.0091 605.0031 604.9982 604.9969 604.9957 604.9947 604.9937 604.9898 604.9842 604.9816 604.9803 604.9788 604.9776 604.9745 604.9684 604.9653 604.9641 604.9625 604.9583 604.9521 604.9497 604.9487 604.9478 604.9437 604.9374 604.9342 604.9332
605.0172 605.0162 605.0151 605.0142 605.0132 605.0119 605.0104 605.0092 605.0082 605.0071 605.0062 605.0051 605.0042 605.0029 605.0014 605.0002 604.9991 604.9982 604.9971 604.9959 604.9944 604.9932 604.9921 604.9911 604.9902 604.9891 604.9882 604.9872 604.9832 604.9773 604.9742 604.973 604.972 604.9708 604.9692 604.9683 604.9672 604.9658 604.9598 604.9543 604.9531 604.9518 604.9509 604.9498 604.946 604.9404 604.9373 604.936 604.9345 604.9333 604.9302 604.9241 604.9203 604.9191 604.9176 604.9134 604.9073 604.9042 604.9033 604.9022 604.8981 604.8919 604.8881 604.887
604.9745 604.9735 604.9725 604.9715 604.9705 604.9692 604.9677 604.9665 604.9655 604.9645 604.9635 604.9625 604.9615 604.9602 604.9587 604.9575 604.9565 604.9555 604.9545 604.9532 604.9517 604.9505 604.9495 604.9485 604.9475 604.9465 604.9455 604.9445 604.9405 604.9346 604.931 604.9298 604.9288 604.9276 604.926 604.925 604.924 604.9225 604.9166 604.9106 604.9093 604.9081 604.9071 604.9061 604.9022 604.8966 604.8929 604.8917 604.8901 604.8889 604.8859 604.8798 604.8754 604.8742 604.8727 604.8685 604.8624 604.8588 604.8578 604.8568 604.8527 604.8464 604.8419 604.8409
604.9318 604.9308 604.9297 604.9288 604.9278 604.9265 604.925 604.9238 604.9228 604.9218 604.9208 604.9197 604.9188 604.9175 604.916 604.9148 604.9138 604.9128 604.9117 604.9105 604.909 604.9078 604.9067 604.9058 604.9048 604.9037 604.9028 604.9017 604.8978 604.8919 604.8878 604.8866 604.8856 604.8843 604.8828 604.8818 604.8807 604.8793 604.8734 604.8674 604.8655 604.8643 604.8633 604.8622 604.8585 604.8528 604.8485 604.8473 604.8458 604.8445 604.8415 604.8354 604.8305 604.8293 604.8278 604.8235 604.8174 604.8132 604.8123 604.8112 604.8071 604.8009 604.7958 604.7947
604.8892 604.8881 604.8871 604.8861 604.8851 604.8839 604.8823 604.8811 604.8801 604.8791 604.8781 604.8771 604.8761 604.8749 604.8734 604.8721 604.8711 604.8701 604.8691 604.8679 604.8663 604.8651 604.8641 604.8631 604.8621 604.8611 604.8601 604.859 604.8552 604.8492 604.8445 604.8434 604.8423 604.8411 604.8396 604.8385 604.8375 604.8361 604.8301 604.8242 604.8217 604.8205 604.8195 604.8185 604.8146 604.809 604.8042 604.803 604.8015 604.8002 604.7972 604.7911 604.7857 604.7844 604.7828 604.7787 604.7725 604.7678 604.7668 604.7657 604.7617 604.7554 604.7497 604.7486
604.8466 604.8455 604.8444 604.8434 604.8425 604.8412 604.8397 604.8384 604.8375 604.8364 604.8354 604.8344 604.8334 604.8322 604.8307 604.8295 604.8284 604.8275 604.8264 604.8252 604.8237 604.8224 604.8214 604.8204 604.8195 604.8184 604.8174 604.8163 604.8124 604.8065 604.8013 604.8002 604.7991 604.7979 604.7964 604.7952 604.7943 604.7928 604.7869 604.7809 604.778 604.7767 604.7757 604.7747 604.7709 604.7652 604.7599 604.7586 604.7571 604.7559 604.7528 604.7467 604.7408 604.7394 604.738 604.7338 604.7276 604.7222 604.7213 604.7202 604.7161 604.7099 604.7037 604.7025
604.804 604.8027 604.8017 604.8007 604.7997 604.7985 604.797 604.7957 604.7947 604.7937 604.7927 604.7917 604.7907 604.7895 604.788 604.7867 604.7857 604.7847 604.7837 604.7825 604.781 604.7797 604.7787 604.7777 604.7767 604.7757 604.7747 604.7736 604.7698 604.7639 604.7581 604.757 604.7559 604.7547 604.7532 604.752 604.751 604.7496 604.7436 604.7376 604.7341 604.7329 604.7319 604.7309 604.7271 604.7214 604.7158 604.7142 604.7128 604.7115 604.7085 604.7023 604.699 604.6851 604.6656 604.6644 604.6633 604.6336 604.5501 604.5431 604.5366 604.5354 604.5184 604.4324
604.7613 604.7601 604.759 604.7581 604.7571 604.7558 604.7543 604.7531 604.7521 604.751 604.7501 604.749 604.748 604.7468 604.7453 604.7441 604.743 604.7421 604.741 604.7398 604.7383 604.7371 604.736 604.735 604.7341 604.733 604.7321 604.7308 604.7271 604.7247 604.7238 604.6467 604.6264 604.6252 604.6237 604.6225 604.6215 604.6204 604.6157 604.6146 604.5472 604.4881 604.4871 604.486 604.485 604.484 604.4727 604.3854 604.3658 604.3516 604.3507 604.3496 604.343 604.2557 604.2363 604.235 604.2339 604.2195 604.136 604.129 604.107 604.1059 604.0953 604.0093
604.3737 604.3725 604.3715 604.3705 604.3695 604.368 604.3799 604.3787 604.3777 604.3633 604.3625 604.3615 604.3605 604.3592 604.3577 604.3565 604.3555 604.3545 604.3535 604.3522 604.3507 604.3495 604.334 604.3332 604.3322 604.325 604.3148 604.3137 604.312 604.2943 604.2906 604.2007 604.1804 604.1792 604.1779 604.1766 604.1756 604.1744 604.1518 604.1508 604.1013 604.0422 604.0413 604.04 604.0391 604.038 604.0368 603.9561 603.9363 603.9058 603.9048 603.9036 603.9025 603.8264 603.8069 603.8057 603.8046 603.8032 603.7219 603.7148 603.6774 603.6765 603.6723 603.5862
603.9596 603.9583 603.9573 603.9564 603.9553 603.9536 603.9801 603.9789 603.9779 603.9491 603.9484 603.9473 603.9464 603.9451 603.9436 603.9423 603.9413 603.9404 603.9393 603.9381 603.9366 603.9354 603.9164 603.9037 603.9028 603.8955 603.8687 603.8677 603.8661 603.8304 603.8293 603.7548 603.7344 603.7332 603.732 603.7308 603.7297 603.7285 603.688 603.687 603.6553 603.5964 603.5953 603.5941 603.5931 603.592 603.5909 603.5267 603.507 603.4601 603.4589 603.4576 603.4566 603.397 603.3776 603.3763 603.3753 603.374 603.3077 603.3007 603.2581 603.2469 603.2462 603.1631
603.5455 603.5442 603.5432 603.5422 603.5412 603.5396 603.5803 603.579 603.578 603.5349 603.5342 603.5332 603.5322 603.5309 603.5295 603.5282 603.5272 603.5262 603.5252 603.524 603.5225 603.5212 603.5023 603.4743 603.4733 603.4661 603.4225 603.4217 603.4202 603.3666 603.3657 603.3088 603.2885 603.2872 603.2861 603.2849 603.2838 603.2825 603.2242 603.2231 603.2093 603.1505 603.1494 603.1481 603.1471 603.1461 603.1451 603.0974 603.0776 603.0141 603.0129 603.0117 603.0106 602.9677 602.9482 602.947 602.946 602.9445 602.8936 602.8866 602.8441 602.8175 602.8168 602.7401
603.1313 603.1301 603.1291 603.1281 603.1271 603.1256 603.1804 603.1792 603.1782 603.1208 603.1201 603.1191 603.1181 603.1168 603.1154 603.1141 603.1131 603.1121 603.1111 603.1099 603.1083 603.1071 603.0881 603.0448 603.0438 603.0366 602.9764 602.9756 602.9742 602.9033 602.9019 602.8628 602.8425 602.8412 602.8403 602.8391 602.8378 602.8365 602.7659 602.7593 602.7581 602.7047 602.7033 602.7021 602.7011 602.7001 602.6991 602.668 602.6483 602.568 602.5669 602.5657 602.5646 602.5384 602.5189 602.5176 602.5167 602.5151 602.4795 602.4725 602.4301 602.3881 602.3873 602.317
