samples/sfe_24/sfe_24_v0/sfe_24_v0/sfe_24_v0.asc
ncols         275
nrows         75
xllcorner     98.60000000149
yllcorner     70.60000000149
cellsize      0.7
NODATA_value  -9999
[rows 28 to 55 of 75, columns 128 to 191 of 275]
602.7172 602.7159 602.715 602.714 602.713 602.7191 602.7806 602.7794 602.7783 602.7067 602.706 602.705 602.704 602.7027 602.7012 602.7 602.699 602.698 602.697 602.6957 602.6942 602.693 602.674 602.6154 602.6144 602.6071 602.5305 602.5297 602.5282 602.4445 602.438 602.4167 602.3965 602.3953 602.3945 602.3932 602.3918 602.3906 602.3199 602.2955 602.2942 602.2589 602.2573 602.2561 602.2551 602.2541 602.2531 602.2387 602.219 602.1379 602.1209 602.1197 602.1187 602.109 602.0895 602.0883 602.0873 602.0859 602.0654 602.0583 602.0161 601.9586 601.9578 601.8939
602.3031 602.3018 602.3008 602.2999 602.2988 602.3192 602.3807 602.3795 602.3785 602.303 602.2919 602.2908 602.2899 602.2886 602.2871 602.2858 602.2849 602.2839 602.2828 602.2816 602.2801 602.2789 602.2599 602.1862 602.1849 602.1777 602.0903 602.0837 602.0822 601.9985 601.9742 601.9708 601.9506 601.9494 601.9485 601.9473 601.9458 601.9446 601.8739 601.8317 601.8307 601.8129 601.8113 601.8101 601.8091 601.8081 601.8071 601.8063 601.7897 601.7086 601.6749 601.6737 601.6727 601.6718 601.66 601.659 601.658 601.6567 601.6512 601.6442 601.6021 601.5293 601.5284 601.4708
601.8889 601.8877 601.8867 601.8857 601.8847 601.9194 601.9809 601.9797 601.9786 601.9031 601.8777 601.8767 601.8757 601.8745 601.873 601.8717 601.8707 601.8698 601.8687 601.8676 601.866 601.8647 601.8458 601.7623 601.7555 601.7482 601.6609 601.6377 601.6362 601.5525 601.5104 601.5094 601.5046 601.5035 601.5026 601.5013 601.4998 601.4986 601.4279 601.4012 601.3845 601.3832 601.3809 601.3796 601.3777 601.3755 601.3746 601.3724 601.3699 601.3671 601.3093 601.2737 601.2727 601.2659 601.2612 601.2602 601.2592 601.2581 601.2454 601.244 601.2433 601.1979 601.1339 601.1238
601.4746 601.4736 601.4726 601.4716 601.4706 601.5195 601.5811 601.5798 601.5788 601.5032 601.4636 601.4626 601.4616 601.4603 601.4589 601.4576 601.4566 601.4556 601.4546 601.4536 601.4518 601.4506 601.4316 601.419 601.3969 601.3842 601.382 601.3513 601.3309 601.3295 601.3025 601.2779 601.2739 601.2704 601.2659 601.2585 601.2502 601.2486 601.2399 601.2084 601.1672 601.166 601.152 601.1504 601.1349 601.1177 601.1169 601.0973 601.075 601.0689 601.0146 600.9614 600.9554 600.9488 600.9173 600.9163 600.9153 600.9143 600.8705 600.8689 600.8682 600.8165 600.7587 600.7487
601.2855 601.2907 601.2896 601.2947 601.3229 601.3414 601.3435 601.3423 601.3445 601.3401 601.3193 601.296 601.2952 601.2889 601.2874 601.2861 601.2851 601.2841 601.2832 601.2872 601.2855 601.2843 601.2833 601.277 601.2473 601.2314 601.2231 601.1927 601.1662 601.1646 601.1376 601.1129 601.102 601.0984 601.0863 601.0708 601.0618 601.0522 601.0338 601.0082 600.9527 600.9489 600.9227 600.9213 600.8923 600.8696 600.859 600.8221 600.7864 600.7741 600.7198 600.6666 600.638 600.6316 600.5734 600.5724 600.5715 600.5704 600.5115 600.4937 600.493 600.4035 600.3835 600.3735
601.1137 601.1257 601.1242 601.1407 601.1699 601.1882 601.1961 601.1951 601.2022 601.1927 601.1761 601.1485 601.1478 601.1357 601.1345 601.1332 601.1323 601.1313 601.1305 601.1398 601.1382 601.137 601.136 601.124 601.0978 601.0786 601.0643 601.0341 601.001 600.9997 600.9727 600.9478 600.9301 600.9265 600.9067 600.8831 600.8741 600.8558 600.8278 600.8081 600.7488 600.7317 600.7034 600.6922 600.6498 600.6271 600.6011 600.5472 600.5115 600.4794 600.4138 600.3718 600.3206 600.3145 600.2335 600.2285 600.2275 600.2266 600.2007 600.0355 600.0145 599.925 599.9005 600.0463
600.9415 600.9606 600.9624 600.9878 601.0172 601.0355 601.0488 601.0479 601.0599 601.0452 601.0329 601.0029 601.0004 600.9884 600.9817 600.9804 600.9794 600.9785 600.9778 600.9924 600.991 600.9897 600.9886 600.9713 600.9482 600.9257 600.9055 600.8783 600.8424 600.8348 600.8077 600.7827 600.7584 600.7546 600.7272 600.7033 600.6866 600.6595 600.6277 600.6067 600.5486 600.5145 600.4861 600.4632 600.4169 600.3846 600.3432 600.2823 600.2367 600.2105 600.169 599.9943 599.9745 600.0208 599.9532 599.9155 600.0335 600.1328 600.0527 600.0112 599.9957 599.9592 599.9492 599.9155
600.7752 600.7955 600.8096 600.8348 600.8649 600.8828 600.9014 600.9048 600.9177 600.8978 600.8897 600.8597 600.853 600.841 600.8289 600.8276 600.8266 600.8256 600.8248 600.845 600.8438 600.8425 600.8412 600.8212 600.7986 600.7729 600.7478 600.7225 600.6838 600.6699 600.6428 600.6177 600.5864 600.5826 600.5479 600.5239 600.499 600.4628 600.4312 600.4053 600.3521 600.2975 600.269 600.2341 600.2165 600.0652 600.1262 600.1965 600.0952 600.1168 600.108 599.9053 599.7623 599.793 599.8035 599.8727 599.9855 600.1003 600.1102 600.0652 600.0513 600.047 600.0098 599.7742
600.6102 600.6305 600.6567 600.682 600.7134 600.7322 600.754 600.7625 600.7753 600.7506 600.7465 600.7164 600.7056 600.6937 600.676 600.6747 600.6738 600.6728 600.6721 600.6976 600.6965 600.6953 600.6939 600.6738 600.649 600.6202 600.595 600.5667 600.5269 600.5049 600.4777 600.4526 600.4189 600.4106 600.3749 600.3445 600.3115 600.2725 600.2347 600.188 600.0992 599.994 599.9747 599.9382 599.9107 599.8975 599.975 600.0457 600.0032 600 599.961 599.866 599.6818 599.7552 599.8973 599.9072 599.867 599.88 599.8757 599.8712 599.8578 599.8337 599.8075 599.616
600.4451 600.4653 600.5018 600.5293 600.5619 600.5848 600.6066 600.6202 600.6331 600.6053 600.6027 600.5732 600.5583 600.5463 600.5231 600.5219 600.5209 600.52 600.5242 600.5503 600.5493 600.548 600.5465 600.5264 600.4995 600.4689 600.4421 600.4109 600.3711 600.3398 600.3126 600.2875 600.2538 600.2387 600.2278 600.0493 600.0638 600.055 600.092 600.0855 600.0372 600.0285 599.993 599.981 599.9365 599.9222 599.8213 599.767 599.7263 599.7185 599.6965 599.6362 599.5892 599.7087 599.802 599.689 599.6095 599.6003 599.5942 599.5757 599.5623 599.5505 599.533 599.4398
600.2801 600.3013 600.3467 600.3766 600.4104 600.4374 600.4592 600.4779 600.4908 600.4631 600.4552 600.4301 600.4109 600.3989 600.3702 600.3691 600.368 600.3671 600.3768 600.4029 600.4019 600.4006 600.3992 600.3791 600.35 600.3193 600.2893 600.2552 600.204 600.0292 600.0745 600.225 600.1343 600.031 599.935 599.7945 599.8333 599.893 599.9608 600.038 600.106 600.1118 600.072 599.9535 599.817 599.7855 599.6205 599.5037 599.483 599.4715 599.5458 599.6082 599.6642 599.7475 599.793 599.6227 599.4612 599.3625 599.3835 599.468 599.4515 599.3317 599.3005 599.3942
600.16 600.2662 600.15 600.0438 600.2617 600.29 600.3119 600.3356 600.3485 600.3207 600.3077 600.2868 600.2635 600.2515 600.2517 600.1628 600.2255 600.286 600.2462 600.2555 600.2545 600.2532 600.2518 600.2403 600.2405 600.076 600.035 600.0972 600.0558 599.8597 599.927 599.9927 599.8542 599.879 599.922 599.769 599.8257 599.8588 599.7592 599.8517 599.9498 599.8873 599.8568 599.769 599.6752 599.6567 599.6182 599.5855 599.5443 599.482 599.5847 599.7285 599.7295 599.6705 599.7083 599.6875 599.518 599.3167 599.3785 599.5592 599.6038 599.449 599.4238 599.5595
600.1378 600.2242 600.0787 599.925 600.0782 600.242 600.178 600.125 600.2888 600.3675 600.1565 599.9615 599.9098 600.0975 600.175 600.063 600.131 600.2637 600.2245 600.178 600.0283 599.962 600.1143 600.2587 600.0823 599.8635 599.7735 599.791 599.7555 599.6943 599.7778 599.8645 599.7637 599.8045 599.8517 599.6945 599.747 599.7828 599.6793 599.776 599.807 599.664 599.6332 599.7155 599.792 599.785 599.749 599.7155 599.6622 599.5222 599.5805 599.674 599.565 599.4567 599.544 599.6527 599.514 599.3162 599.391 599.5805 599.6296 599.5629 599.5359 599.5297
600.251 600.2312 600.057 599.9967 600.1785 600.265 600.2265 600.1072 600.0705 600.041 599.9647 599.8577 599.8565 600.0465 600.1815 600.1635 600.1747 600.2515 600.2723 600.2493 600.0475 599.902 600.0217 600.0507 599.843 599.7222 599.6298 599.6068 599.575 599.5738 599.6368 599.7055 599.7972 599.8707 599.8345 599.621 599.5967 599.6965 599.7335 599.6998 599.581 599.5363 599.6293 599.7706 599.7084 599.683 599.6839 599.6265 599.6171 599.6305 599.5992 599.5287 599.3815 599.319 599.4352 599.6265 599.5163 599.3978 599.5493 599.6663 599.6435 599.5161 599.4968 599.6027
600.358 600.256 600.055 600.0002 600.1295 600.1597 600.2333 600.1398 599.9688 599.9342 600.0062 599.961 599.903 600.0335 600.179 600.1398 600.0785 600.0728 600.0648 600.0488 599.9115 599.8683 600.0085 600.0313 599.874 599.831 599.8058 599.783 599.763 599.7452 599.7313 599.7333 599.7817 599.796 599.764 599.7007 599.6787 599.778 599.83 599.6745 599.4789 599.5807 599.7668 599.8465 599.7595 599.7288 599.6608 599.6095 599.6398 599.7468 599.647 599.4775 599.471 599.525 599.6025 599.6795 599.5422 599.4385 599.5603 599.6027 599.5573 599.5013 599.493 599.5325
600.3853 600.2685 600.0722 599.9355 599.9602 599.9968 600.1565 600.164 600.0403 600.0833 600.2032 600.1633 600.0295 600.1068 600.2037 600.0767 599.9893 599.9612 599.9022 599.8807 599.86 599.9382 600.065 600.1252 600.037 600.0153 600.0397 600.0533 600.0295 599.9692 599.9357 599.913 599.7733 599.6863 599.7018 599.8115 599.8483 599.8943 599.8665 599.7265 599.5735 599.6565 599.7972 599.762 599.5917 599.5812 599.72 599.8032 599.8005 599.8378 599.718 599.59 599.687 599.775 599.8 599.7445 599.5955 599.4597 599.4583 599.4935 599.6133 599.737 599.7385 599.6378
600.404 600.296 600.1175 599.949 599.9582 600.035 600.1152 600.2582 600.2672 600.2557 600.2753 600.3135 600.3105 600.2787 600.2952 600.219 600.1732 600.102 599.9612 599.9247 600.0687 600.1645 600.1332 600.1047 600.0717 600.0317 600.1603 600.2508 600.1738 600.019 600.025 600.1248 600.0167 599.8157 599.7077 599.7798 599.829 599.798 599.8113 599.855 599.9215 599.8705 599.7902 599.6638 599.5725 599.5817 599.811 599.8798 599.779 599.8329 599.8675 599.8242 599.8815 599.9208 599.8337 599.6743 599.6797 599.6415 599.5455 599.6275 599.804 599.8962 599.8905 599.8088
600.3303 600.2718 600.2682 600.2979 600.327 600.3532 600.375 600.3965 600.4095 600.3817 600.3709 600.3482 600.3267 600.3254 600.3093 600.2818 600.2858 600.3145 600.3196 600.3187 600.321 600.3481 600.3474 600.3176 600.3127 600.2847 600.2631 600.2363 600.2135 599.9962 600.0768 600.2747 600.288 600.0417 599.8972 599.9415 599.9977 599.8882 599.8455 599.999 600.1892 600.0662 599.8485 599.7755 599.87 599.891 599.979 599.907 599.7385 599.7485 599.8412 599.8292 599.8082 599.8008 599.7365 599.6652 599.8007 599.8177 599.6995 599.8143 599.9025 599.8333 599.8035 599.7965
600.3765 600.4014 600.4269 600.4556 600.4798 600.5005 600.5224 600.5389 600.5518 600.524 600.5184 600.4914 600.4741 600.4728 600.4566 600.4346 600.4334 600.4619 600.467 600.4661 600.4649 600.4905 600.4897 600.4614 600.4603 600.432 600.416 600.3848 600.3574 600.3398 600.3109 600.29 600.2918 600.2691 600.2408 600.2372 600.226 600.1732 600.0334 600.0938 600.2808 600.2305 600.0623 600.0395 600.1485 600.1225 600.0908 600.0087 599.8928 599.8475 599.8475 599.8203 599.7402 599.7028 599.6677 599.724 599.898 599.9789 599.8865 599.9402 599.9617 599.822 599.7595 599.7162
600.5485 600.5665 600.5856 600.6144 600.6327 600.6479 600.6698 600.6812 600.694 600.6663 600.6647 600.6346 600.6215 600.6202 600.604 600.5874 600.5862 600.6093 600.6144 600.6135 600.6123 600.6329 600.632 600.6088 600.6077 600.5794 600.569 600.5424 600.5161 600.5047 600.4722 600.4552 600.4642 600.4441 600.4202 600.4166 600.3801 600.3724 600.3523 600.3213 600.3095 600.265 600.2659 600.2183 600.2365 600.1982 599.9975 600.0923 600.1965 600.1633 600.1215 600.077 599.921 599.8525 599.8212 599.8845 600.063 600.2245 600.1487 600.0137 600.017 600.077 599.9525 599.846
600.7204 600.7316 600.7469 600.7731 600.7855 600.7955 600.8171 600.8234 600.8363 600.8137 600.8079 600.7778 600.7688 600.7676 600.7514 600.7402 600.7393 600.7567 600.7618 600.7608 600.7598 600.7753 600.7743 600.7562 600.7551 600.7297 600.722 600.7012 600.6747 600.6666 600.6335 600.6204 600.6359 600.619 600.5997 600.596 600.5612 600.5599 600.5399 600.5178 600.506 600.4713 600.4814 600.4404 600.4301 600.3919 600.3711 600.3798 600.3278 600.31 600.3156 600.2467 600.2307 600.2315 600.2306 600.2296 600.2285 600.3006 600.324 600.3311 600.3332 600.3327 600.3312 600.33
600.8923 600.8966 600.9119 600.9319 600.9384 600.9482 600.9645 600.9658 600.9786 600.9609 600.9511 600.921 600.9162 600.915 600.8987 600.8931 600.8921 600.9041 600.9092 600.9082 600.9072 600.9177 600.9166 600.9037 600.9025 600.8826 600.8749 600.8597 600.8363 600.8279 600.7947 600.7856 600.8013 600.794 600.7791 600.7755 600.7489 600.7475 600.7274 600.7142 600.7025 600.6776 600.6877 600.6667 600.6594 600.6212 600.6138 600.6377 600.5859 600.5851 600.6106 600.5494 600.5483 600.5546 600.5747 600.5734 600.5724 600.6448 600.6681 600.6752 600.7084 600.7078 600.7064 600.7051
601.0643 601.063 601.0771 601.0906 601.0912 601.1009 601.1119 601.111 601.1209 601.1084 601.0943 601.0642 601.0635 601.0623 601.0472 601.0459 601.0449 601.0514 601.0565 601.0555 601.0546 601.0602 601.0589 601.0512 601.0498 601.0356 601.0279 601.0183 601.0013 600.9893 600.9558 600.9508 600.9664 600.969 600.9585 600.9548 600.9362 600.9351 600.915 600.9108 600.899 600.884 600.894 600.8929 600.8886 600.8576 600.8565 600.8956 600.8611 600.8602 600.9052 600.8671 600.8658 600.8721 600.9186 600.9173 600.9163 600.989 601.0122 601.0193 601.0835 601.083 601.0815 601.0803
601.2362 601.2354 601.2425 601.2493 601.248 601.2538 601.2593 601.2582 601.2632 601.2559 601.2375 601.2117 601.2109 601.2097 601.2004 601.1987 601.1978 601.1988 601.2039 601.2029 601.2019 601.2026 601.2012 601.1987 601.1972 601.1886 601.1808 601.1769 601.1662 601.1506 601.117 601.116 601.1314 601.1439 601.1379 601.1343 601.1237 601.1226 601.108 601.1072 601.0955 601.0903 601.1003 601.1194 601.1179 601.1003 601.0992 601.1537 601.1364 601.1353 601.188 601.1847 601.1832 601.1895 601.2625 601.2612 601.2602 601.3331 601.3564 601.3635 601.3905 601.4665 601.465 601.467
601.4081 601.4072 601.4076 601.408 601.407 601.407 601.4067 601.4055 601.4055 601.4034 601.3807 601.3593 601.3583 601.3571 601.353 601.3516 601.3506 601.3497 601.3513 601.3503 601.3493 601.3484 601.3472 601.3461 601.3446 601.3414 601.3371 601.3356 601.3314 601.3118 601.2822 601.2811 601.2964 601.3191 601.3174 601.3137 601.3112 601.3102 601.3047 601.3037 601.2977 601.2968 601.3067 601.3486 601.3471 601.343 601.342 601.3932 601.3923 601.4229 601.4219 601.4991 601.5467 601.5453 601.5817 601.6602 601.6592 601.6642 601.7487 601.7786 601.8046 601.8806 601.8791 601.8965
601.7704 601.7693 601.7684 601.7674 601.7664 601.7651 601.7636 601.7624 601.7614 601.6832 601.6487 601.6477 601.6467 601.6455 601.644 601.6427 601.6417 601.6407 601.6398 601.6387 601.6377 601.6367 601.6357 601.6345 601.633 601.6325 601.631 601.6297 601.5612 601.5086 601.5114 601.5101 601.5093 601.5359 601.6238 601.6291 601.628 601.627 601.626 601.6338 601.6329 601.632 601.6309 601.6524 601.7402 601.7455 601.7584 601.7574 601.8383 601.8688 601.8679 601.9286 601.989 601.9913 602.0113 602.0897 602.0887 602.0938 602.1783 602.208 602.2188 602.2947 602.2933 602.3263
602.1845 602.1835 602.1825 602.1815 602.1805 602.1793 602.1777 602.1765 602.1755 602.0973 602.0782 602.0771 602.0762 602.075 602.0734 602.0722 602.0712 602.0702 602.0694 602.0682 602.0672 602.0662 602.0652 602.0639 602.0624 602.062 602.0604 602.0592 601.9906 601.9546 601.975 601.9739 601.9732 601.9821 602.0699 602.0752 602.074 602.0729 602.072 602.0975 602.0967 602.0958 602.0947 602.0986 602.1863 602.1917 602.2225 602.2213 602.2842 602.3148 602.3138 602.358 602.4184 602.4373 602.4409 602.5193 602.5184 602.5234 602.6079 602.6375 602.6364 602.7089 602.7075 602.756
602.5986 602.5976 602.5965 602.5956 602.5946 602.5934 602.5919 602.5906 602.5896 602.5115 602.5077 602.5067 602.5057 602.5044 602.5029 602.5016 602.5007 602.4997 602.4989 602.4977 602.4966 602.4957 602.4947 602.4934 602.4919 602.4914 602.4899 602.4886 602.4201 602.4006 602.4387 602.4378 602.437 602.4357 602.516 602.5213 602.52 602.5189 602.5179 602.5485 602.5605 602.5596 602.5585 602.5572 602.6325 602.6378 602.6816 602.6852 602.7302 602.7608 602.7598 602.7875 602.8478 602.8834 602.8828 602.9489 602.9479 602.953 603.0375 603.067 603.066 603.123 603.1218 603.1853
