site316_orig/site316_all/site316_5x/site316_all.asc
ncols         546
nrows         246
xllcorner     -23.4
yllcorner     -132.6
cellsize      1
NODATA_value  -9999
[rows 56 to 83 of 246, columns 378 to 440 of 546]
497.9986 497.9905 497.9821 497.9722 497.9588 497.9418 497.9247 497.9077 497.8907 497.8736 497.8566 497.8395 497.8225 497.8054 497.7884 497.7713 497.7543 497.7372 497.7202 497.7032 497.6861 497.6691 497.652 497.635 497.6179 497.6009 497.5838 497.5668 497.5497 497.5327 497.5157 497.4986 497.4815 497.4645 497.4474 497.4324 497.4199 497.4059 497.3912 497.3783 497.366 497.3539 497.3399 497.3281 497.3134 497.2973 497.2871 497.2771 497.2651 497.2536 497.2388 497.2224 497.2102 497.2002 497.1855 497.171 497.1609 497.1494 497.1339 497.1212 497.1064 497.0964 497.0864
497.9936 497.9857 497.9768 497.9668 497.9516 497.9346 497.9175 497.9005 497.8834 497.8664 497.8493 497.8323 497.8152 497.7982 497.7812 497.7641 497.747 497.73 497.713 497.6959 497.6789 497.6618 497.6448 497.6277 497.6107 497.5936 497.5766 497.5595 497.5425 497.5255 497.5084 497.4914 497.4743 497.4573 497.4402 497.4249 497.4106 497.3984 497.3821 497.3704 497.3585 497.3444 497.3323 497.3195 497.3056 497.2895 497.2772 497.2672 497.2568 497.2437 497.2301 497.2143 497.2 497.19 497.1771 497.1612 497.1506 497.1406 497.1252 497.1118 497.0965 497.0858 497.0758
497.9887 497.9809 497.9714 497.9614 497.9444 497.9273 497.9103 497.8932 497.8762 497.8591 497.8421 497.825 497.808 497.791 497.7739 497.7569 497.7398 497.7228 497.7057 497.6887 497.6716 497.6546 497.6375 497.6205 497.6035 497.5864 497.5694 497.5523 497.5353 497.5182 497.5012 497.4841 497.4671 497.45 497.433 497.416 497.4014 497.3908 497.3746 497.3622 497.3489 497.3364 497.3247 497.3104 497.2978 497.2816 497.2673 497.2573 497.2473 497.2337 497.2217 497.2063 497.1898 497.1799 497.1688 497.1528 497.1403 497.1302 497.1166 497.1013 497.088 497.0752 497.0652
497.9839 497.976 497.9661 497.9542 497.9371 497.9201 497.903 497.886 497.869 497.8519 497.8349 497.8178 497.8008 497.7837 497.7667 497.7496 497.7326 497.7155 497.6985 497.6815 497.6644 497.6473 497.6303 497.6133 497.5962 497.5792 497.5621 497.5451 497.528 497.511 497.4939 497.4769 497.4598 497.4428 497.4258 497.4087 497.3938 497.3819 497.367 497.3528 497.3394 497.3268 497.3151 497.3008 497.289 497.2738 497.2576 497.2474 497.2374 497.2248 497.2134 497.1982 497.1818 497.1697 497.1597 497.1444 497.1299 497.1199 497.1079 497.0924 497.0796 497.0645 497.0546
497.9791 497.9707 497.9607 497.947 497.9299 497.9128 497.8958 497.8788 497.8617 497.8447 497.8276 497.8106 497.7935 497.7765 497.7594 497.7424 497.7253 497.7083 497.6913 497.6742 497.6572 497.6401 497.6231 497.606 497.589 497.5719 497.5549 497.5378 497.5208 497.5038 497.4867 497.4697 497.4526 497.4356 497.4185 497.4015 497.3863 497.3726 497.3595 497.3433 497.3315 497.3195 497.3055 497.2928 497.28 497.2659 497.2498 497.2375 497.2275 497.2166 497.2038 497.1901 497.1738 497.1595 497.1495 497.1361 497.1201 497.1095 497.0992 497.0837 497.0703 497.0548 497.0439
497.9742 497.9654 497.9554 497.9397 497.9227 497.9056 497.8886 497.8715 497.8545 497.8374 497.8204 497.8033 497.7863 497.7693 497.7522 497.7352 497.7181 497.7011 497.684 497.667 497.6499 497.6329 497.6158 497.5988 497.5818 497.5647 497.5477 497.5306 497.5135 497.4965 497.4795 497.4624 497.4454 497.4283 497.4113 497.3942 497.3784 497.3633 497.3519 497.3357 497.3235 497.3104 497.2972 497.2852 497.2714 497.2581 497.2419 497.2277 497.2177 497.2076 497.1939 497.1813 497.1657 497.1493 497.1393 497.1277 497.1118 497.0992 497.0892 497.075 497.0598 497.0464 497.0333
497.9694 497.96 497.9495 497.9325 497.9154 497.8984 497.8813 497.8643 497.8473 497.8302 497.8131 497.7961 497.7791 497.762 497.745 497.7279 497.7109 497.6938 497.6768 497.6597 497.6427 497.6256 497.6086 497.5916 497.5745 497.5575 497.5404 497.5234 497.5063 497.4893 497.4722 497.4552 497.4381 497.4211 497.4041 497.387 497.37 497.3552 497.344 497.3281 497.3144 497.3008 497.2881 497.2763 497.2618 497.2499 497.2341 497.218 497.2078 497.1978 497.1845 497.173 497.1577 497.1412 497.1291 497.1191 497.1034 497.0888 497.0788 497.0664 497.0509 497.0379 497.0227
497.9645 497.9546 497.9423 497.9252 497.9082 497.8911 497.8741 497.8571 497.84 497.823 497.8059 497.7889 497.7718 497.7548 497.7377 497.7207 497.7036 497.6866 497.6696 497.6525 497.6355 497.6184 497.6014 497.5843 497.5673 497.5502 497.5332 497.5161 497.4991 497.4821 497.465 497.448 497.4309 497.4138 497.3968 497.3798 497.3627 497.3476 497.3347 497.3206 497.3049 497.2925 497.2802 497.2668 497.2532 497.2404 497.2262 497.2101 497.1978 497.1879 497.1763 497.164 497.1497 497.1332 497.1189 497.1089 497.0951 497.0791 497.0685 497.0577 497.0422 497.0287 497.0131
497.9593 497.9493 497.9351 497.918 497.901 497.8839 497.8669 497.8498 497.8328 497.8157 497.7987 497.7816 497.7646 497.7476 497.7305 497.7135 497.6964 497.6794 497.6623 497.6453 497.6282 497.6112 497.5941 497.5771 497.56 497.543 497.5259 497.5089 497.4919 497.4748 497.4578 497.4407 497.4237 497.4066 497.3896 497.3725 497.3555 497.3401 497.3254 497.313 497.2968 497.2846 497.2718 497.258 497.2456 497.2324 497.2184 497.2022 497.188 497.178 497.168 497.154 497.1408 497.1252 497.1087 497.0987 497.0867 497.0707 497.0581 497.0481 497.0335 497.0182 497.0047
497.9539 497.9439 497.9278 497.9108 497.8937 497.8767 497.8596 497.8426 497.8255 497.8085 497.7914 497.7744 497.7574 497.7403 497.7233 497.7062 497.6892 497.6721 497.6551 497.638 497.621 497.6039 497.5869 497.5699 497.5528 497.5358 497.5187 497.5017 497.4846 497.4676 497.4505 497.4335 497.4164 497.3994 497.3824 497.3653 497.3483 497.3315 497.3165 497.3055 497.2892 497.276 497.2623 497.2494 497.2375 497.2228 497.2105 497.1944 497.1783 497.1681 497.1581 497.1443 497.1325 497.1171 497.1007 497.0885 497.0783 497.0624 497.0478 497.0378 497.0248 497.0094 496.9962
497.9485 497.9376 497.9206 497.9035 497.8865 497.8694 497.8524 497.8354 497.8183 497.8013 497.7842 497.7672 497.7501 497.7331 497.716 497.699 497.6819 497.6649 497.6479 497.6308 497.6138 497.5967 497.5797 497.5626 497.5456 497.5285 497.5115 497.4944 497.4774 497.4603 497.4433 497.4262 497.4092 497.3922 497.3751 497.3581 497.341 497.324 497.309 497.2968 497.2817 497.2665 497.2535 497.2408 497.228 497.2137 497.2011 497.1866 497.1704 497.1582 497.1482 497.136 497.1241 497.1091 497.0927 497.0783 497.0683 497.054 497.0381 497.0274 497.0162 497.0007 496.9872
497.9432 497.9304 497.9134 497.8963 497.8793 497.8622 497.8452 497.8281 497.8111 497.794 497.777 497.7599 497.7429 497.7258 497.7088 497.6917 497.6747 497.6577 497.6406 497.6236 497.6065 497.5895 497.5724 497.5554 497.5383 497.5213 497.5042 497.4872 497.4702 497.4531 497.4361 497.419 497.402 497.3849 497.3679 497.3508 497.3338 497.3167 497.3014 497.2874 497.2741 497.2579 497.2456 497.2332 497.2188 497.2061 497.1928 497.1787 497.1626 497.1483 497.1383 497.1277 497.1142 497.1004 497.0846 497.0682 497.0581 497.0457 497.0297 497.0171 497.007 496.992 496.9767
497.9378 497.9232 497.9061 497.8891 497.872 497.855 497.8379 497.8209 497.8038 497.7868 497.7697 497.7527 497.7357 497.7186 497.7016 497.6845 497.6675 497.6504 497.6334 497.6163 497.5993 497.5822 497.5652 497.5482 497.5311 497.5141 497.497 497.4799 497.4629 497.4459 497.4288 497.4118 497.3947 497.3777 497.3607 497.3436 497.3265 497.3095 497.2938 497.2781 497.2666 497.2503 497.2376 497.2237 497.2107 497.1985 497.1838 497.1708 497.1547 497.1386 497.1284 497.1184 497.1042 497.0921 497.0766 497.0601 497.0479 497.0373 497.0213 497.0067 496.9967 496.9833 496.9678
497.9325 497.9159 497.8989 497.8818 497.8648 497.8477 497.8307 497.8137 497.7966 497.7796 497.7625 497.7455 497.7284 497.7114 497.6943 497.6773 497.6602 497.6432 497.6261 497.6091 497.592 497.575 497.558 497.5409 497.5239 497.5068 497.4898 497.4727 497.4557 497.4386 497.4216 497.4045 497.3875 497.3705 497.3534 497.3364 497.3193 497.3023 497.2852 497.2703 497.2588 497.2428 497.2281 497.2146 497.2014 497.1892 497.1742 497.162 497.1469 497.1307 497.1185 497.1085 497.0957 497.0838 497.0685 497.0521 497.0378 497.0277 497.013 496.997 496.9863 496.9746 496.9592
497.9258 497.9087 497.8916 497.8746 497.8575 497.8405 497.8235 497.8064 497.7894 497.7723 497.7553 497.7382 497.7212 497.7041 497.6871 497.67 497.653 497.636 497.6189 497.6019 497.5848 497.5678 497.5507 497.5337 497.5166 497.4996 497.4825 497.4655 497.4485 497.4314 497.4144 497.3973 497.3803 497.3632 497.3462 497.3291 497.3121 497.295 497.278 497.2628 497.2495 497.2353 497.219 497.2067 497.1943 497.1796 497.1666 497.1533 497.139 497.1229 497.1086 497.0986 497.0875 497.0743 497.0599 497.0441 497.0276 497.0175 497.0046 496.9886 496.976 496.966 496.9505
497.9185 497.9015 497.8844 497.8674 497.8503 497.8333 497.8162 497.7992 497.7821 497.7651 497.748 497.731 497.714 497.6969 497.6799 497.6628 497.6458 497.6287 497.6117 497.5946 497.5776 497.5605 497.5435 497.5265 497.5094 497.4923 497.4753 497.4583 497.4412 497.4242 497.4071 497.3901 497.373 497.356 497.3389 497.3219 497.3048 497.2878 497.2708 497.2552 497.2402 497.2277 497.2114 497.1988 497.1852 497.1716 497.159 497.1448 497.1312 497.115 497.0989 497.0887 497.0787 497.0643 497.0516 497.036 497.0196 497.0074 496.9962 496.9803 496.9656 496.9556 496.9418
497.9113 497.8942 497.8772 497.8601 497.8431 497.826 497.809 497.7919 497.7749 497.7578 497.7408 497.7238 497.7067 497.6897 497.6726 497.6556 497.6385 497.6215 497.6044 497.5874 497.5703 497.5533 497.5363 497.5192 497.5022 497.4851 497.4681 497.451 497.434 497.4169 497.3999 497.3828 497.3658 497.3488 497.3317 497.3147 497.2976 497.2806 497.2635 497.2469 497.2317 497.2202 497.2039 497.1897 497.1757 497.1625 497.1504 497.1351 497.123 497.1072 497.0911 497.0788 497.0688 497.0555 497.0433 497.028 497.0115 496.9972 496.9872 496.9719 496.956 496.9453 496.9331
497.904 497.887 497.8699 497.8529 497.8358 497.8188 497.8018 497.7847 497.7677 497.7506 497.7336 497.7165 497.6995 497.6824 497.6654 497.6483 497.6313 497.6143 497.5972 497.5802 497.5631 497.5461 497.529 497.512 497.4949 497.4779 497.4608 497.4438 497.4268 497.4097 497.3926 497.3756 497.3586 497.3415 497.3245 497.3074 497.2904 497.2733 497.2563 497.2392 497.2241 497.2116 497.1964 497.1803 497.1677 497.1549 497.1408 497.1271 497.1138 497.0993 497.0832 497.0689 497.0589 497.0472 497.0344 497.0198 497.0035 496.9871 496.977 496.9636 496.9476 496.9349 496.9244
497.8968 497.8798 497.8627 497.8457 497.8286 497.8116 497.7945 497.7775 497.7604 497.7434 497.7263 497.7093 497.6923 497.6752 497.6581 497.6411 497.6241 497.607 497.59 497.5729 497.5559 497.5388 497.5218 497.5047 497.4877 497.4706 497.4536 497.4366 497.4195 497.4025 497.3854 497.3684 497.3513 497.3343 497.3172 497.3002 497.2831 497.2661 497.2491 497.232 497.2166 497.2023 497.1888 497.1725 497.1598 497.1466 497.1324 497.1195 497.1057 497.0915 497.0753 497.0592 497.0491 497.039 497.0245 497.0112 496.9955 496.979 496.9668 496.9552 496.9392 496.9246 496.9146
497.8896 497.8725 497.8555 497.8384 497.8214 497.8043 497.7873 497.7702 497.7532 497.7361 497.7191 497.7021 497.685 497.668 497.6509 497.6339 497.6168 497.5998 497.5827 497.5657 497.5486 497.5316 497.5146 497.4975 497.4805 497.4634 497.4464 497.4293 497.4123 497.3952 497.3782 497.3611 497.3441 497.3271 497.31 497.2929 497.2759 497.2589 497.2418 497.2248 497.209 497.1931 497.1813 497.165 497.1513 497.1371 497.1238 497.1116 497.0961 497.0836 497.0675 497.0514 497.0392 497.0292 497.0152 497.0029 496.9875 496.971 496.9566 496.9466 496.9309 496.9149 496.9042
497.8823 497.8653 497.8482 497.8312 497.8141 497.7971 497.7801 497.763 497.746 497.7289 497.7119 497.6948 497.6778 497.6607 497.6437 497.6266 497.6096 497.5926 497.5755 497.5584 497.5414 497.5244 497.5073 497.4903 497.4732 497.4562 497.4391 497.4221 497.405 497.388 497.3709 497.3539 497.3369 497.3198 497.3028 497.2857 497.2687 497.2516 497.2346 497.2175 497.2005 497.1855 497.1736 497.1575 497.1419 497.1288 497.1155 497.102 497.0876 497.0742 497.0596 497.0435 497.0293 497.0193 497.007 496.9946 496.9794 496.963 496.9465 496.9364 496.9225 496.9066 496.8938
497.8751 497.8581 497.841 497.8239 497.8069 497.7899 497.7728 497.7558 497.7387 497.7217 497.7046 497.6876 497.6705 497.6535 497.6364 497.6194 497.6024 497.5853 497.5683 497.5512 497.5342 497.5171 497.5001 497.483 497.466 497.4489 497.4319 497.4149 497.3978 497.3808 497.3637 497.3467 497.3296 497.3126 497.2955 497.2785 497.2614 497.2444 497.2274 497.2103 497.1933 497.1779 497.1643 497.1499 497.1336 497.1209 497.108 497.0931 497.08 497.0662 497.0518 497.0357 497.0195 497.0094 496.9987 496.9846 496.9707 496.9549 496.9385 496.9262 496.9142 496.8982 496.8835
497.8679 497.8508 497.8338 497.8167 497.7997 497.7826 497.7656 497.7485 497.7315 497.7144 497.6974 497.6804 497.6633 497.6463 497.6292 497.6122 497.5951 497.5781 497.561 497.544 497.5269 497.5099 497.4929 497.4758 497.4587 497.4417 497.4247 497.4076 497.3906 497.3735 497.3565 497.3394 497.3224 497.3053 497.2883 497.2712 497.2542 497.2372 497.2201 497.2031 497.186 497.1704 497.155 497.1424 497.1261 497.1129 497.0985 497.0851 497.0724 497.0571 497.0439 497.0278 497.0117 496.9995 496.9895 496.9749 496.9624 496.9469 496.9305 496.916 496.9058 496.8899 496.8739
497.8606 497.8436 497.8265 497.8095 497.7924 497.7754 497.7584 497.7413 497.7242 497.7072 497.6902 497.6731 497.6561 497.639 497.622 497.6049 497.5879 497.5708 497.5538 497.5367 497.5197 497.5027 497.4856 497.4686 497.4515 497.4345 497.4174 497.4004 497.3833 497.3663 497.3492 497.3322 497.3152 497.2981 497.2811 497.264 497.247 497.2299 497.2129 497.1958 497.1788 497.1623 497.1469 497.1348 497.1186 497.1035 497.0898 497.0761 497.0632 497.048 497.0351 497.02 497.0038 496.9896 496.9796 496.9667 496.9541 496.9389 496.9224 496.9059 496.8958 496.8815 496.8655
497.8534 497.8363 497.8193 497.8022 497.7852 497.7682 497.7511 497.7341 497.717 497.7 497.6829 497.6659 497.6488 497.6318 497.6147 497.5977 497.5807 497.5636 497.5466 497.5295 497.5125 497.4954 497.4784 497.4613 497.4443 497.4272 497.4102 497.3932 497.3761 497.3591 497.342 497.325 497.3079 497.2909 497.2738 497.2568 497.2397 497.2227 497.2056 497.1886 497.1715 497.1545 497.1393 497.1264 497.111 497.0948 497.0819 497.069 497.0539 497.0405 497.0266 497.0121 496.996 496.9799 496.9697 496.9584 496.9448 496.9303 496.9144 496.8979 496.8857 496.8731 496.8572
497.8462 497.8291 497.8121 497.795 497.778 497.7609 497.7439 497.7268 497.7098 497.6927 497.6757 497.6587 497.6416 497.6245 497.6075 497.5905 497.5734 497.5564 497.5393 497.5223 497.5052 497.4882 497.4711 497.4541 497.437 497.42 497.403 497.3859 497.3689 497.3518 497.3348 497.3177 497.3007 497.2836 497.2666 497.2495 497.2325 497.2155 497.1984 497.1814 497.1643 497.1473 497.1317 497.1171 497.1035 497.0872 497.074 497.06 497.0459 497.0329 497.0181 497.0042 496.9881 496.972 496.9598 496.9498 496.9348 496.922 496.9063 496.8899 496.8755 496.8648 496.8488
497.8389 497.8219 497.8048 497.7878 497.7708 497.7537 497.7366 497.7196 497.7025 497.6855 497.6685 497.6514 497.6344 497.6173 497.6003 497.5832 497.5662 497.5491 497.5321 497.515 497.498 497.481 497.4639 497.4469 497.4298 497.4128 497.3957 497.3787 497.3616 497.3446 497.3275 497.3105 497.2935 497.2764 497.2594 497.2423 497.2253 497.2082 497.1912 497.1741 497.1571 497.14 497.1242 497.1082 497.0959 497.0797 497.0651 497.0508 497.0368 497.0245 497.0085 496.996 496.9803 496.9641 496.9499 496.9399 496.9264 496.9137 496.8983 496.8819 496.8654 496.8553 496.8405
497.8317 497.8146 497.7976 497.7805 497.7635 497.7465 497.7294 497.7124 497.6953 497.6783 497.6612 497.6442 497.6271 497.6101 497.593 497.576 497.559 497.5419 497.5249 497.5078 497.4908 497.4737 497.4567 497.4396 497.4226 497.4055 497.3885 497.3714 497.3544 497.3373 497.3203 497.3033 497.2862 497.2692 497.2521 497.2351 497.218 497.201 497.1839 497.1669 497.1498 497.1328 497.1158 497.1006 497.0884 497.0721 497.0558 497.043 497.0296 497.0149 497.0009 496.9871 496.9724 496.9563 496.9402 496.93 496.9182 496.9049 496.8898 496.8738 496.8574 496.8451 496.8321
