site316_orig/site316_all/site316_5x/site316_all.asc
ncols         546
nrows         246
xllcorner     -23.4
yllcorner     -132.6
cellsize      1
NODATA_value  -9999
[rows 84 to 111 of 246, columns 441 to 503 of 546]
496.8078 496.7918 496.781 496.7671 496.7516 496.7377 496.7214 496.7092 496.6971 496.6809 496.6647 496.6541 496.6388 496.623 496.6099 496.5969 496.581 496.5652 496.5528 496.537 496.5213 496.5081 496.4933 496.4777 496.4677 496.4525 496.4372 496.4225 496.4063 496.3901 496.3741 496.3626 496.3465 496.3327 496.3165 496.3026 496.2863 496.2723 496.2559 496.2417 496.2253 496.2128 496.1968 496.1806 496.1648 496.1481 496.1311 496.1161 496.099 496.0833 496.0659 496.0502 496.0352 496.0194 496.0034 495.9865 495.9753 495.964 495.955 495.9459 495.9188 495.701 495.4833
496.7994 496.7834 496.7706 496.7584 496.7429 496.7275 496.713 496.6986 496.6884 496.6722 496.6559 496.6433 496.6297 496.614 496.5989 496.5877 496.5718 496.556 496.5435 496.5277 496.512 496.4968 496.4842 496.4673 496.4563 496.4426 496.4273 496.4128 496.3967 496.3805 496.3643 496.3523 496.3366 496.3224 496.3065 496.2922 496.2763 496.2618 496.2458 496.2312 496.215 496.2003 496.1862 496.17 496.1539 496.1377 496.1207 496.1056 496.0885 496.0728 496.0554 496.038 496.0239 496.0079 495.9924 495.9753 495.963 495.9505 495.9415 495.9324 495.8521 495.6344 495.4167
496.791 496.7751 496.7603 496.7497 496.7342 496.7187 496.7045 496.6882 496.678 496.6635 496.6472 496.6325 496.6207 496.6049 496.5892 496.578 496.5627 496.5468 496.5329 496.5184 496.5027 496.4869 496.4751 496.4582 496.4448 496.4327 496.4174 496.4021 496.387 496.3708 496.3546 496.3404 496.3267 496.3106 496.2966 496.2804 496.2662 496.2499 496.2356 496.2192 496.2047 496.1883 496.1756 496.1594 496.1432 496.1273 496.1104 496.0951 496.078 496.061 496.0449 496.0274 496.0126 495.9966 495.9813 495.9643 495.9495 495.937 495.928 495.9189 495.7854 495.5677 495.35
496.7827 496.7667 496.7508 496.7399 496.7255 496.7101 496.696 496.6797 496.6674 496.6548 496.6385 496.6223 496.6116 496.5959 496.5802 496.567 496.5535 496.5377 496.5218 496.5091 496.4933 496.4776 496.4641 496.4491 496.4333 496.4228 496.4075 496.3922 496.3774 496.3612 496.345 496.3288 496.3168 496.3007 496.2866 496.2704 496.2561 496.2398 496.2254 496.209 496.1945 496.178 496.1649 496.1488 496.1327 496.1168 496.1 496.083 496.0675 496.0505 496.0343 496.0169 496.0005 495.9854 495.9694 495.9532 495.9362 495.9235 495.9145 495.9054 495.7187 495.501 495.2833
496.7741 496.7584 496.7424 496.7296 496.7169 496.7014 496.686 496.6713 496.6567 496.6461 496.6298 496.6136 496.6009 496.5869 496.5711 496.556 496.5443 496.5285 496.5126 496.4998 496.484 496.4683 496.4528 496.44 496.4232 496.4119 496.3976 496.3823 496.3677 496.3516 496.3354 496.3192 496.3067 496.2908 496.2764 496.2604 496.2459 496.2298 496.2151 496.1989 496.1841 496.1678 496.1529 496.1382 496.122 496.1059 496.0896 496.0726 496.057 496.04 496.0238 496.0064 495.989 495.9741 495.9581 495.9421 495.9251 495.9109 495.9009 495.8698 495.652 495.4343 495.2166
496.7639 496.75 496.7341 496.7192 496.7082 496.6927 496.6772 496.6628 496.6465 496.6361 496.6211 496.6049 496.5901 496.5778 496.5621 496.5464 496.5351 496.5193 496.5034 496.4895 496.4747 496.459 496.4432 496.4309 496.414 496.4004 496.3878 496.3725 496.3571 496.3419 496.3257 496.3095 496.2948 496.2809 496.2648 496.2505 496.2343 496.2197 496.2034 496.1887 496.1724 496.1575 496.1411 496.1276 496.1115 496.0953 496.0792 496.0623 496.0465 496.0294 496.0124 495.9959 495.9785 495.9628 495.9468 495.9311 495.914 495.8988 495.8874 495.8031 495.5854 495.3676 495.1499
496.7538 496.7417 496.7257 496.7097 496.6989 496.684 496.6685 496.6544 496.638 496.6255 496.6124 496.5962 496.58 496.5688 496.553 496.5373 496.5241 496.5101 496.4943 496.4785 496.4654 496.4496 496.4339 496.4201 496.4049 496.389 496.3779 496.3626 496.3473 496.3323 496.3161 496.2999 496.2837 496.2711 496.2549 496.2405 496.2243 496.2097 496.1934 496.1786 496.1622 496.1472 496.1308 496.117 496.1008 496.0847 496.0687 496.0519 496.0349 496.019 496.0019 495.9854 495.968 495.9509 495.9355 495.9196 495.903 495.8859 495.8739 495.7364 495.5187 495.301 495.0833
496.7437 496.7333 496.7173 496.7014 496.6885 496.6753 496.6599 496.6444 496.6296 496.6149 496.6037 496.5875 496.5712 496.5585 496.544 496.5283 496.5132 496.5009 496.4851 496.4693 496.4561 496.4403 496.4246 496.4088 496.3958 496.379 496.3675 496.3527 496.3374 496.3226 496.3064 496.2903 496.274 496.2611 496.2451 496.2305 496.2143 496.1996 496.1833 496.1684 496.152 496.137 496.1205 496.1055 496.0902 496.0741 496.0579 496.0415 496.0245 496.0085 495.9914 495.9749 495.9575 495.94 495.9243 495.9083 495.8919 495.8748 495.8604 495.6697 495.452 495.2343 495.0166
496.7357 496.7234 496.709 496.693 496.6782 496.6667 496.6512 496.6357 496.6212 496.6048 496.5943 496.5787 496.5625 496.5477 496.535 496.5192 496.5035 496.4918 496.4759 496.4601 496.4461 496.431 496.4153 496.3995 496.3867 496.3698 496.356 496.3428 496.3275 496.3122 496.2968 496.2806 496.2644 496.2492 496.2352 496.2191 496.2043 496.1881 496.1732 496.157 496.1419 496.1255 496.1103 496.0938 496.0796 496.0635 496.0473 496.0311 496.0142 495.998 495.9809 495.9638 495.9469 495.9295 495.913 495.897 495.8808 495.8675 495.8528 495.8381 495.3853 495.1676 494.9499
496.7277 496.7132 496.7006 496.6847 496.6687 496.6578 496.6425 496.627 496.6127 496.5964 496.5837 496.57 496.5538 496.5376 496.5259 496.5102 496.4944 496.4812 496.4668 496.4509 496.4351 496.4217 496.4059 496.3902 496.3761 496.3607 496.3446 496.3329 496.3176 496.3023 496.2872 496.271 496.2548 496.2386 496.2253 496.2092 496.1944 496.1782 496.1632 496.1469 496.1317 496.1154 496.1 496.0836 496.069 496.0529 496.0367 496.0207 496.0038 495.9868 495.9704 495.9533 495.9364 495.919 495.9016 495.8857 495.8746 495.8593 495.8442 495.8295 495.8149 495.1009 494.8832
496.7196 496.7032 496.6923 496.6763 496.6603 496.6474 496.6338 496.6183 496.6029 496.5879 496.5731 496.5613 496.5451 496.5289 496.5161 496.5012 496.4854 496.4703 496.4576 496.4417 496.4259 496.4124 496.3966 496.3809 496.3651 496.3516 496.3348 496.323 496.3077 496.2924 496.2775 496.2613 496.2451 496.2289 496.2154 496.1993 496.1844 496.1682 496.1531 496.1368 496.1216 496.1052 496.0897 496.0733 496.0581 496.0423 496.0261 496.0099 495.9934 495.9765 495.9599 495.9428 495.9259 495.9085 495.892 495.8818 495.8667 495.8514 495.8361 495.821 495.8063 495.7917 494.8165
496.7116 496.6952 496.6828 496.6679 496.652 496.6371 496.6251 496.6096 496.5942 496.5795 496.5631 496.5524 496.5364 496.5202 496.5053 496.4921 496.4764 496.4606 496.4484 496.4326 496.4167 496.4027 496.3873 496.3716 496.3558 496.3425 496.3257 496.3116 496.2979 496.2826 496.2672 496.2517 496.2355 496.2193 496.2036 496.1894 496.1733 496.1582 496.142 496.1268 496.1105 496.095 496.0786 496.063 496.0466 496.0316 496.0155 495.9993 495.983 495.9661 495.9494 495.9323 495.9153 495.902 495.8885 495.8737 495.8589 495.8435 495.8282 495.8128 495.7977 495.7831 495.7686
496.7036 496.6871 496.6726 496.6596 496.6436 496.6277 496.6165 496.601 496.5855 496.571 496.5547 496.5418 496.5277 496.5114 496.4952 496.4831 496.4673 496.4516 496.4384 496.4234 496.4076 496.3917 496.378 496.3622 496.3465 496.332 496.3165 496.3002 496.288 496.2727 496.2574 496.2421 496.2259 496.2097 496.1935 496.1795 496.1634 496.1483 496.132 496.1167 496.1004 496.0849 496.0685 496.0528 496.0363 496.021 496.0049 495.9887 495.9726 495.9557 495.9388 495.9218 495.9097 495.8947 495.8799 495.8658 495.8509 495.8361 495.8203 495.8049 495.7896 495.7745 495.7598
496.6956 496.6791 496.6626 496.6512 496.6353 496.6193 496.6064 496.5923 496.5768 496.5614 496.5462 496.5312 496.519 496.5027 496.4865 496.4738 496.4583 496.4425 496.4274 496.4142 496.3984 496.3825 496.3687 496.3529 496.3372 496.3214 496.3074 496.2906 496.2781 496.2628 496.2475 496.2324 496.2162 496.2 496.1838 496.1697 496.1535 496.1383 496.1221 496.1066 496.0903 496.0747 496.0583 496.0425 496.0261 496.0104 495.9943 495.9781 495.962 495.9453 495.9284 495.9172 495.9021 495.887 495.8719 495.8572 495.8428 495.828 495.8132 495.7971 495.7817 495.7663 495.7513
496.6875 496.6711 496.6546 496.6422 496.6269 496.6109 496.596 496.5836 496.5681 496.5526 496.5378 496.5215 496.5103 496.494 496.4778 496.463 496.4492 496.4335 496.4178 496.405 496.3892 496.3734 496.3593 496.3436 496.3279 496.3121 496.2983 496.2815 496.2673 496.2529 496.2376 496.2223 496.2066 496.1904 496.1742 496.1581 496.1436 496.1275 496.1121 496.0959 496.0803 496.064 496.0482 496.0318 496.0158 495.9994 495.9837 495.9675 495.9514 495.936 495.9235 495.9092 495.8949 495.8794 495.8643 495.8492 495.8346 495.8199 495.8051 495.7903 495.7738 495.7584 495.743
496.6794 496.663 496.6466 496.632 496.6185 496.6026 496.5866 496.5749 496.5594 496.544 496.5294 496.513 496.5 496.4853 496.4691 496.4529 496.4402 496.4245 496.4087 496.3954 496.38 496.3642 496.3483 496.3343 496.3185 496.3028 496.288 496.2723 496.2558 496.243 496.2277 496.2124 496.197 496.1808 496.1646 496.1484 496.1338 496.1176 496.1021 496.0859 496.0702 496.0539 496.038 496.0216 496.0055 495.9891 495.9731 495.9569 495.9448 495.9305 495.9162 495.9012 495.887 495.8727 495.8567 495.8416 495.8265 495.812 495.7971 495.7823 495.7672 495.7506 495.7352
496.6709 496.655 496.6385 496.6221 496.6102 496.5942 496.5782 496.5653 496.5508 496.5353 496.5199 496.5046 496.4894 496.4766 496.4604 496.4442 496.4312 496.4154 496.3997 496.3845 496.3708 496.355 496.3392 496.325 496.3092 496.2935 496.2777 496.2632 496.2464 496.2331 496.2178 496.2025 496.1873 496.1711 496.1549 496.1387 496.1239 496.1078 496.0922 496.076 496.0602 496.0439 496.0279 496.0115 495.9953 495.9788 495.9625 495.951 495.9366 495.9232 495.9087 495.8944 495.879 495.8647 495.8505 495.834 495.8189 495.8038 495.7894 495.7742 495.7594 495.744 495.7274
496.6626 496.6469 496.6305 496.614 496.6016 496.5859 496.5699 496.5549 496.5421 496.5266 496.5111 496.4961 496.4798 496.4679 496.4517 496.4354 496.4206 496.4064 496.3907 496.3749 496.3617 496.3458 496.33 496.3156 496.2999 496.2841 496.2684 496.2541 496.2373 496.2229 496.2079 496.1927 496.1774 496.1615 496.1453 496.1291 496.1129 496.0979 496.0817 496.066 496.0497 496.0338 496.0175 496.0013 495.985 495.972 495.9584 495.9442 495.9297 495.916 495.9016 495.8869 495.8726 495.8568 495.8425 495.8281 495.8113 495.7962 495.7811 495.7668 495.7513 495.7365 495.7208
496.6543 496.6389 496.6225 496.606 496.5915 496.5775 496.5616 496.5456 496.5334 496.5179 496.5024 496.4877 496.4713 496.4581 496.443 496.4267 496.4105 496.3974 496.3816 496.3659 496.3525 496.3366 496.3208 496.305 496.2906 496.2748 496.2591 496.244 496.2281 496.2114 496.1981 496.1828 496.1674 496.1519 496.1357 496.1195 496.1033 496.088 496.0719 496.056 496.0398 496.0237 496.0074 495.9911 495.9795 495.9652 495.951 495.9372 495.9232 495.9085 495.8954 495.8799 495.8652 495.8508 495.8348 495.8203 495.8056 495.7886 495.7735 495.7584 495.7441 495.7285 495.7137
496.6458 496.6305 496.6144 496.598 496.5815 496.5692 496.5532 496.5372 496.5242 496.5092 496.4938 496.4783 496.4629 496.4475 496.4342 496.418 496.4018 496.3883 496.3726 496.3568 496.3416 496.3275 496.3116 496.2958 496.2813 496.2655 496.2498 496.234 496.2191 496.2022 496.1882 496.1729 496.1576 496.1422 496.126 496.1098 496.0936 496.0781 496.062 496.0461 496.0298 496.0137 495.9974 495.9864 495.972 495.9578 495.9435 495.9302 495.916 495.9021 495.8873 495.8744 495.8582 495.8434 495.8291 495.8127 495.7981 495.7832 495.7659 495.7508 495.7357 495.7214 495.7056
496.6363 496.6222 496.6064 496.59 496.5735 496.5608 496.5448 496.5289 496.5139 496.5006 496.4851 496.4696 496.4544 496.4381 496.4255 496.4093 496.3931 496.3782 496.3635 496.3478 496.3321 496.3183 496.3025 496.2866 496.2719 496.2562 496.2404 496.2247 496.2099 496.1931 496.1783 496.163 496.1477 496.1326 496.1164 496.1002 496.084 496.0678 496.0521 496.036 496.0199 496.006 495.9931 495.9789 495.9646 495.9505 495.9362 495.9219 495.909 495.8948 495.881 495.8664 495.8528 495.8366 495.8216 495.8073 495.7907 495.7758 495.7608 495.7432 495.7281 495.713 495.6985
496.628 496.6139 496.5984 496.5819 496.5655 496.5509 496.5365 496.5205 496.5045 496.4919 496.4764 496.4609 496.446 496.4297 496.4163 496.4006 496.3844 496.3681 496.3545 496.3387 496.323 496.3091 496.2933 496.2774 496.2616 496.2469 496.2311 496.2154 496.2 496.184 496.1671 496.1531 496.1378 496.1225 496.1068 496.0905 496.0744 496.0582 496.0422 496.0261 496.0144 495.9999 495.9855 495.971 495.9572 495.9428 495.9288 495.9146 495.9011 495.8878 495.8738 495.8597 495.8458 495.8312 495.815 495.7998 495.7855 495.7687 495.7536 495.7383 495.7207 495.7054 495.6903
496.6198 496.6056 496.59 496.5739 496.5574 496.541 496.5281 496.5121 496.4962 496.4832 496.4677 496.4522 496.4368 496.4212 496.4057 496.3919 496.3757 496.3594 496.3455 496.3297 496.314 496.2987 496.2841 496.2683 496.2524 496.2375 496.2218 496.2061 496.1903 496.1749 496.158 496.1432 496.1279 496.1126 496.0971 496.0809 496.0647 496.0485 496.0323 496.0212 496.0068 495.9923 495.9779 495.9634 495.9496 495.9354 495.9211 495.9072 495.8929 495.8806 495.8666 495.8529 495.8385 495.8252 495.8096 495.7933 495.778 495.7637 495.7467 495.7314 495.7159 495.6983 495.6826
496.6115 496.596 496.5817 496.5659 496.5494 496.533 496.5197 496.5038 496.4878 496.4728 496.459 496.4436 496.4281 496.4128 496.3965 496.3832 496.3669 496.3507 496.3358 496.3207 496.3049 496.2892 496.2749 496.2591 496.2433 496.2282 496.2125 496.1967 496.181 496.1657 496.1489 496.1334 496.118 496.1028 496.0875 496.0713 496.0551 496.042 496.027 496.0131 495.9992 495.9847 495.9702 495.9558 495.9413 495.928 495.9137 495.8998 495.8856 495.8717 495.8596 495.8454 495.8319 495.8173 495.8039 495.7881 495.7717 495.7563 495.7419 495.7246 495.7091 495.6935 495.6758
496.6028 496.5877 496.5734 496.5578 496.5414 496.5249 496.5103 496.4954 496.4795 496.4635 496.4504 496.4349 496.4194 496.4043 496.388 496.3745 496.3582 496.342 496.3258 496.3116 496.2959 496.2802 496.2657 496.2499 496.2341 496.2182 496.2032 496.1874 496.1717 496.156 496.1398 496.1229 496.1082 496.0929 496.0775 496.0616 496.0501 496.0355 496.0202 496.0049 495.9912 495.9771 495.9626 495.9482 495.9337 495.9194 495.9062 495.8919 495.8782 495.864 495.8512 495.8384 495.8245 495.8108 495.7962 495.7823 495.7665 495.75 495.7345 495.7202 495.7026 495.6869 495.671
496.5929 496.5795 496.5651 496.5496 496.5333 496.5169 496.5004 496.4871 496.4711 496.4551 496.4417 496.4262 496.4107 496.3953 496.3795 496.3638 496.3495 496.3333 496.3171 496.3026 496.2869 496.2711 496.2558 496.2408 496.2249 496.209 496.1938 496.1781 496.1624 496.1466 496.1307 496.1138 496.0983 496.083 496.0677 496.0573 496.0427 496.0281 496.0134 495.998 495.9831 495.9693 495.955 495.9406 495.9261 495.9116 495.8985 495.8845 495.8701 495.8566 495.8423 495.8307 495.8172 495.8038 495.7897 495.7756 495.7607 495.7448 495.7284 495.7127 495.6982 495.6806 495.6646
496.583 496.5712 496.5562 496.5413 496.5253 496.5089 496.4924 496.4787 496.4627 496.4468 496.4317 496.4175 496.402 496.3866 496.3711 496.3548 496.3408 496.3246 496.3083 496.2934 496.2778 496.2621 496.2463 496.2316 496.2157 496.1999 496.1845 496.1688 496.153 496.1373 496.1216 496.1047 496.0884 496.077 496.063 496.0493 496.0355 496.0207 496.006 495.9912 495.9757 495.9612 495.9474 495.9329 495.9185 495.904 495.8896 495.877 495.8627 495.8491 495.835 495.8217 495.8102 495.796 495.7827 495.7685 495.7549 495.7392 495.7232 495.7067 495.6909 495.6761 495.6586
496.5752 496.563 496.5475 496.533 496.5173 496.5008 496.4843 496.4697 496.4544 496.4384 496.4225 496.4088 496.3934 496.3779 496.3626 496.3463 496.3321 496.3159 496.2997 496.2834 496.2688 496.2531 496.2373 496.2224 496.2065 496.1907 496.1749 496.1595 496.1437 496.128 496.1123 496.0956 496.0843 496.0694 496.0554 496.0414 496.0278 496.0134 495.9987 495.984 495.9689 495.9535 495.9393 495.9253 495.9109 495.8964 495.8819 495.8684 495.8553 495.841 495.8276 495.8133 495.8012 495.789 495.7751 495.7616 495.7473 495.7334 495.7176 495.7016 495.6851 495.6692 495.6541
