site316_orig/site316_all/site316_5x/site316_all.asc
ncols         546
nrows         246
xllcorner     -23.4
yllcorner     -132.6
cellsize      1
NODATA_value  -9999
[rows 140 to 167 of 246, columns 378 to 440 of 546]
497.451 497.4339 497.4168 497.3997 497.3827 497.3656 497.3485 497.3314 497.3144 497.2972 497.2793 497.2615 497.2436 497.2258 497.2079 497.1901 497.1722 497.1543 497.1365 497.1186 497.1008 497.0829 497.0651 497.0472 497.0294 497.0119 496.9945 496.9771 496.9597 496.9424 496.925 496.9077 496.8903 496.8729 496.8556 496.8382 496.8208 496.8035 496.7861 496.7687 496.7514 496.734 496.7166 496.6986 496.6799 496.6612 496.6424 496.6237 496.605 496.5862 496.5675 496.5488 496.5301 496.5172 496.5021 496.4871 496.4722 496.4563 496.4427 496.428 496.4127 496.3975 496.383
497.4566 497.4392 497.4218 497.4045 497.3871 497.3698 497.3524 497.335 497.3177 497.3003 497.2829 497.2655 497.2482 497.2308 497.2134 497.1961 497.1787 497.1613 497.144 497.1266 497.1093 497.0919 497.0745 497.0572 497.0398 497.0224 497.005 496.9877 496.9691 496.9504 496.9317 496.9129 496.8942 496.8755 496.8568 496.838 496.8193 496.8006 496.7819 496.7631 496.7444 496.7257 496.707 496.6882 496.6695 496.6508 496.632 496.6133 496.5946 496.5759 496.5572 496.543 496.528 496.5126 496.4973 496.4822 496.4672 496.4522 496.4367 496.4232 496.4081 496.3926 496.3777
497.4671 497.4498 497.4324 497.415 497.3977 497.3803 497.3629 497.3456 497.3282 497.3108 497.2935 497.2761 497.2584 497.2396 497.2209 497.2022 497.1834 497.1647 497.146 497.1273 497.1086 497.0898 497.0711 497.0524 497.0336 497.0149 496.9962 496.9775 496.9587 496.94 496.9213 496.9026 496.8839 496.8651 496.8464 496.8277 496.8089 496.7902 496.7715 496.7531 496.7349 496.7168 496.6986 496.6805 496.6624 496.6432 496.6238 496.6044 496.585 496.569 496.5545 496.5387 496.5233 496.508 496.4927 496.4773 496.4623 496.4474 496.4321 496.4173 496.4033 496.388 496.3726
497.4727 497.4539 497.4352 497.4168 497.3987 497.3805 497.3624 497.3443 497.3261 497.308 497.2899 497.2717 497.2536 497.2354 497.2173 497.1992 497.181 497.1629 497.1447 497.1266 497.1085 497.0903 497.0722 497.054 497.0359 497.0178 496.9996 496.9815 496.9626 496.9431 496.9237 496.9043 496.8848 496.8654 496.846 496.8266 496.8071 496.7877 496.7683 496.7488 496.7294 496.71 496.6906 496.6712 496.6519 496.6324 496.6131 496.594 496.58 496.5652 496.55 496.5346 496.5185 496.5037 496.4881 496.4728 496.4574 496.4424 496.4275 496.4119 496.3979 496.3834 496.368
497.482 497.4639 497.4457 497.4276 497.4095 497.3913 497.3732 497.3551 497.3369 497.3188 497.3007 497.2819 497.2624 497.243 497.2236 497.2041 497.1847 497.1653 497.1459 497.1265 497.1071 497.0877 497.0683 497.049 497.0296 497.0102 496.9908 496.9714 496.952 496.9326 496.9132 496.8938 496.8744 496.855 496.8356 496.8163 496.7969 496.7775 496.7581 496.7387 496.7193 496.6999 496.6805 496.6611 496.6417 496.6223 496.6062 496.5914 496.5752 496.5603 496.5454 496.5301 496.5146 496.4988 496.4837 496.4682 496.4529 496.4375 496.4225 496.4076 496.392 496.3784 496.3634
497.4883 497.4692 497.4501 497.4309 497.4118 497.3927 497.3736 497.3544 497.3353 497.3162 497.2971 497.278 497.2588 497.2397 497.2206 497.2014 497.1823 497.1632 497.1441 497.125 497.1058 497.0867 497.0676 497.0485 497.0294 497.0102 496.9911 496.972 496.9529 496.9337 496.9146 496.8955 496.8764 496.8563 496.8352 496.8141 496.7936 496.7731 496.7526 496.7319 496.7113 496.6906 496.67 496.6494 496.6342 496.6189 496.6025 496.5869 496.5709 496.5554 496.5405 496.5256 496.5101 496.4942 496.4791 496.4636 496.4483 496.433 496.4176 496.4027 496.3877 496.3725 496.3586
497.5002 497.4811 497.4619 497.4428 497.4237 497.4046 497.3855 497.3663 497.3472 497.3281 497.309 497.2899 497.2707 497.2516 497.2325 497.2133 497.1932 497.1723 497.1518 497.1311 497.1105 497.0898 497.0692 497.0486 497.0279 497.0073 496.9866 496.966 496.9453 496.9247 496.9041 496.8834 496.8628 496.8421 496.8215 496.8008 496.7802 496.7596 496.7389 496.7183 496.6976 496.679 496.6638 496.6472 496.6304 496.6135 496.5988 496.5819 496.5673 496.5506 496.5358 496.5208 496.5056 496.4902 496.4743 496.4595 496.4438 496.4284 496.4131 496.3977 496.3828 496.3675 496.3531
497.51 497.4919 497.4716 497.4512 497.4308 497.4104 497.39 497.3697 497.3493 497.3289 497.3085 497.2881 497.2678 497.2474 497.227 497.2067 497.1863 497.1659 497.1455 497.1252 497.1048 497.0844 497.064 497.0436 497.0233 497.0029 496.9825 496.9621 496.9417 496.9213 496.9009 496.8803 496.8584 496.8365 496.8146 496.7927 496.7708 496.7489 496.727 496.709 496.6932 496.6751 496.6583 496.6433 496.6266 496.6097 496.5937 496.5782 496.5618 496.5468 496.5308 496.516 496.501 496.4857 496.4702 496.4546 496.4397 496.4238 496.4085 496.3928 496.3779 496.3629 496.3473
497.4946 497.4858 497.4757 497.464 497.4435 497.4231 497.4027 497.3823 497.3618 497.3414 497.321 497.3005 497.2801 497.2596 497.2382 497.2163 497.1944 497.1725 497.1506 497.1287 497.1068 497.0849 497.063 497.0411 497.0192 496.9974 496.9762 496.9549 496.9337 496.9124 496.8911 496.8699 496.8478 496.8253 496.8028 496.7804 496.7579 496.7408 496.7227 496.7051 496.688 496.6724 496.6542 496.6382 496.6225 496.6059 496.5891 496.5742 496.5576 496.5426 496.5262 496.511 496.4961 496.4812 496.4658 496.4498 496.4351 496.4195 496.4039 496.3886 496.3729 496.358 496.343
497.4782 497.4694 497.4593 497.449 497.4379 497.4267 497.413 497.3917 497.3704 497.3492 497.3279 497.3066 497.2854 497.2637 497.2412 497.2194 497.1977 497.176 497.1544 497.1327 497.1111 497.0894 497.0677 497.0461 497.0244 497.0028 496.9806 496.9565 496.9324 496.9083 496.8842 496.8601 496.8361 496.8117 496.7907 496.7719 496.7537 496.7358 496.7176 496.7003 496.6826 496.6666 496.6494 496.6337 496.6186 496.6019 496.5853 496.5685 496.5539 496.537 496.5226 496.5062 496.4916 496.4763 496.4613 496.4459 496.4301 496.4154 496.3998 496.384 496.3687 496.3531 496.3381
497.4619 497.4529 497.4429 497.4326 497.4215 497.4106 497.3983 497.3846 497.3708 497.3566 497.3362 497.3146 497.2929 497.2713 497.2496 497.2267 497.2026 497.1789 497.156 497.1331 497.1097 497.0853 497.061 497.0366 497.0122 496.9879 496.9635 496.9392 496.9148 496.8904 496.8655 496.8466 496.8256 496.8056 496.7862 496.7663 496.7484 496.7306 496.7126 496.6956 496.6779 496.6614 496.6468 496.6294 496.6129 496.5977 496.5815 496.5646 496.5494 496.5333 496.5176 496.5021 496.4864 496.4717 496.4566 496.4414 496.4258 496.4104 496.3956 496.3795 496.3641 496.3488 496.3332
497.4461 497.4365 497.4273 497.4163 497.4051 497.3943 497.3814 497.368 497.3548 497.3399 497.3245 497.3079 497.2897 497.271 497.25 497.227 497.2029 497.1783 497.1538 497.1285 497.1032 497.0779 497.0526 497.0271 497.0005 496.974 496.952 496.9277 496.9055 496.8838 496.8623 496.8409 496.8199 496.8009 496.7812 496.7608 496.7429 496.7251 496.7076 496.6895 496.6731 496.6561 496.6403 496.624 496.6086 496.5932 496.5769 496.5608 496.5439 496.5294 496.5127 496.498 496.4816 496.4668 496.4518 496.4368 496.4214 496.4056 496.391 496.3759 496.3595 496.3442 496.3287
497.4302 497.4201 497.4109 497.3999 497.389 497.3782 497.3654 497.3516 497.3387 497.3235 497.3084 497.2922 497.2735 497.2547 497.2342 497.2136 497.1916 497.1685 497.1433 497.1184 497.0935 497.0693 497.0429 497.0164 496.9914 496.967 496.9455 496.9213 496.8996 496.8773 496.8567 496.8353 496.8149 496.7949 496.7756 496.7557 496.7375 496.7198 496.7025 496.6844 496.6684 496.6506 496.6348 496.6211 496.6042 496.5883 496.573 496.5568 496.5401 496.5242 496.509 496.4925 496.478 496.4618 496.4474 496.4319 496.417 496.4015 496.3859 496.3712 496.3554 496.3397 496.3243
497.4138 497.4037 497.3946 497.3835 497.3727 497.3619 497.3489 497.3353 497.3225 497.3084 497.2922 497.276 497.2572 497.2404 497.2184 497.1992 497.1773 497.1564 497.1314 497.1065 497.0816 497.059 497.0326 497.0061 496.9823 496.958 496.9389 496.9153 496.8936 496.8714 496.851 496.8296 496.8086 496.7889 496.7699 496.7512 496.7313 496.7146 496.6966 496.6794 496.6629 496.6459 496.6295 496.6147 496.5985 496.5836 496.5676 496.5522 496.5363 496.5194 496.5045 496.4884 496.4732 496.4575 496.442 496.4274 496.4122 496.397 496.3813 496.3665 496.3514 496.3356 496.3197
497.3973 497.388 497.3782 497.3671 497.357 497.345 497.3324 497.3201 497.3058 497.2923 497.2759 497.2597 497.241 497.2245 497.2025 497.185 497.1639 497.1445 497.1195 497.0946 497.0697 497.0487 497.0222 496.9958 496.9733 496.949 496.9296 496.9094 496.8876 496.8654 496.8454 496.8239 496.8026 496.7831 496.7652 496.746 496.7258 496.7085 496.6912 496.6744 496.6562 496.6411 496.624 496.6082 496.5955 496.5789 496.5633 496.5482 496.5317 496.5157 496.499 496.4846 496.4678 496.4534 496.4371 496.4227 496.4075 496.3924 496.3771 496.3614 496.3469 496.3317 496.3157
497.3809 497.3729 497.3618 497.3514 497.3408 497.3292 497.3159 497.3041 497.2892 497.2762 497.2597 497.2434 497.2247 497.2087 497.1886 497.1707 497.1513 497.1328 497.1076 497.0827 497.0582 497.0384 497.0119 496.9855 496.9643 496.9399 496.9203 496.9035 496.8813 496.8594 496.838 496.8183 496.7969 496.7781 496.7583 496.7402 496.7207 496.7032 496.6859 496.6693 496.6512 496.6364 496.6187 496.603 496.589 496.5731 496.5587 496.543 496.5275 496.5117 496.495 496.4797 496.4641 496.4484 496.4333 496.4174 496.4031 496.3876 496.3726 496.3572 496.3418 496.3271 496.312
497.3645 497.3565 497.3455 497.3351 497.3253 497.3133 497.2994 497.288 497.2737 497.2602 497.2444 497.2272 497.2091 497.1929 497.1756 497.1564 497.1387 497.1212 497.0957 497.0708 497.0468 497.0281 497.0016 496.9752 496.9543 496.9309 496.911 496.8976 496.8733 496.8534 496.8312 496.8127 496.7912 496.7716 496.7521 496.7343 496.7162 496.6963 496.6802 496.6626 496.6462 496.6298 496.6139 496.5977 496.5825 496.5698 496.5535 496.5381 496.5225 496.5067 496.4912 496.4743 496.4597 496.4435 496.4286 496.4128 496.3978 496.3831 496.3678 496.3527 496.3369 496.3225 496.3073
497.3486 497.3401 497.329 497.3194 497.3086 497.2968 497.2841 497.2717 497.2593 497.2439 497.2297 497.2109 497.1959 497.1771 497.1625 497.1421 497.1261 497.1096 497.0838 497.0589 497.0353 497.0178 496.9913 496.9649 496.9444 496.9219 496.9017 496.8888 496.8674 496.8474 496.8252 496.807 496.7856 496.7642 496.7463 496.7295 496.7108 496.6908 496.6742 496.6573 496.6411 496.623 496.6092 496.5917 496.5764 496.5634 496.5477 496.5337 496.518 496.5027 496.4866 496.4706 496.4547 496.4398 496.4233 496.4088 496.3927 496.3785 496.3632 496.348 496.3328 496.3172 496.3028
497.3336 497.3238 497.3133 497.3035 497.2917 497.2803 497.2694 497.2551 497.244 497.2277 497.2134 497.1946 497.1826 497.1612 497.1494 497.1278 497.1134 497.0974 497.0719 497.047 497.0239 497.0074 496.981 496.9546 496.9343 496.9128 496.8922 496.8795 496.8615 496.8414 496.8192 496.7993 496.7799 496.7585 496.7413 496.722 496.7044 496.6858 496.6688 496.6521 496.6357 496.618 496.6036 496.5867 496.5711 496.5569 496.5442 496.5281 496.5129 496.4976 496.4819 496.4666 496.4499 496.4349 496.4192 496.4038 496.3887 496.373 496.3589 496.3433 496.3282 496.3128 496.2978
497.3185 497.3074 497.2974 497.2874 497.2769 497.2638 497.2534 497.2384 497.2279 497.2115 497.1971 497.1784 497.1674 497.1454 497.1355 497.1135 497.1006 497.0852 497.06 497.0351 497.0124 496.9971 496.9707 496.9442 496.9242 496.9038 496.8831 496.8702 496.8556 496.8329 496.8132 496.7913 496.7743 496.7528 496.7346 496.7154 496.6987 496.6812 496.6613 496.6458 496.6287 496.6129 496.5966 496.5819 496.5656 496.5503 496.5377 496.5223 496.5083 496.4928 496.4775 496.4616 496.4461 496.4295 496.4149 496.3986 496.384 496.3682 496.3537 496.3389 496.3235 496.3083 496.2927
497.3021 497.291 497.2812 497.2721 497.2612 497.2474 497.2373 497.2238 497.2119 497.1963 497.1809 497.1635 497.1516 497.1325 497.1212 497.0992 497.088 497.0731 497.0481 497.0232 497.001 496.9868 496.9604 496.9339 496.9141 496.8947 496.8736 496.8609 496.848 496.8253 496.8072 496.785 496.7686 496.7472 496.7269 496.7095 496.6932 496.6756 496.6557 496.6398 496.6235 496.6079 496.5898 496.5772 496.5594 496.5445 496.5313 496.5185 496.5027 496.488 496.4727 496.4572 496.4415 496.4254 496.41 496.3949 496.3791 496.3642 496.3483 496.3344 496.319 496.3036 496.2884
497.2857 497.2749 497.2661 497.2552 497.2447 497.2329 497.2209 497.2095 497.1957 497.1824 497.1646 497.1503 497.1358 497.1196 497.1069 497.0855 497.0752 497.0614 497.0362 497.0113 496.9895 496.9765 496.9501 496.9236 496.904 496.8857 496.8641 496.8516 496.8387 496.8194 496.8012 496.7791 496.7607 496.7415 496.7201 496.7045 496.6857 496.6685 496.6508 496.634 496.6182 496.6017 496.5848 496.5704 496.5547 496.5393 496.5247 496.5121 496.4969 496.4829 496.4676 496.4522 496.4365 496.4215 496.4047 496.3901 496.3743 496.3592 496.344 496.3288 496.3146 496.2991 496.2838
497.2694 497.2597 497.2499 497.2396 497.2282 497.2185 497.2043 497.1952 497.1795 497.1671 497.1483 497.1371 497.1199 497.1066 497.0926 497.0729 497.0625 497.0498 497.0243 496.9994 496.9781 496.9651 496.9398 496.9133 496.8939 496.8767 496.8546 496.8423 496.8294 496.8135 496.7929 496.773 496.7527 496.7359 496.7144 496.6976 496.6787 496.6631 496.646 496.6266 496.6115 496.5948 496.5797 496.5635 496.55 496.5333 496.5181 496.5056 496.4929 496.4774 496.463 496.4475 496.4324 496.4165 496.4009 496.3851 496.3701 496.3541 496.3394 496.3237 496.3095 496.2946 496.2792
497.253 497.2434 497.2347 497.2247 497.2117 497.2027 497.1884 497.1796 497.1632 497.1508 497.1321 497.1238 497.1041 497.0935 497.0783 497.0603 497.0498 497.0377 497.0124 496.9875 496.9666 496.9535 496.9294 496.903 496.8838 496.8676 496.8452 496.833 496.8201 496.8072 496.7844 496.7671 496.7449 496.73 496.7088 496.6899 496.6727 496.6569 496.6402 496.6207 496.6055 496.5896 496.5747 496.5566 496.5442 496.5275 496.5127 496.4992 496.4865 496.4715 496.4575 496.4424 496.4274 496.4116 496.3964 496.3803 496.3652 496.35 496.3345 496.3195 496.304 496.2903 496.2747
497.2366 497.2282 497.2188 497.209 497.1963 497.1866 497.174 497.1636 497.1483 497.1346 497.1179 497.1103 497.0892 497.0804 497.064 497.0477 497.0371 497.025 497.0005 496.9756 496.9552 496.9422 496.9191 496.8927 496.8737 496.8586 496.8357 496.8238 496.8108 496.7979 496.7774 496.7611 496.7389 496.722 496.7032 496.682 496.6677 496.6494 496.6326 496.6158 496.5993 496.5839 496.5677 496.5515 496.5373 496.5227 496.5072 496.4926 496.48 496.4672 496.452 496.4377 496.4223 496.4069 496.3914 496.3764 496.3601 496.3452 496.3294 496.3146 496.2994 496.2847 496.2704
497.2215 497.2126 497.2021 497.1926 497.1818 497.1702 497.1596 497.1475 497.1343 497.1183 497.1047 497.0945 497.0764 497.0674 497.0497 497.0351 497.0244 497.0123 496.9886 496.9637 496.9438 496.9312 496.9088 496.8824 496.8636 496.8496 496.8262 496.8145 496.8015 496.7886 496.7715 496.753 496.7329 496.714 496.6975 496.6761 496.6606 496.642 496.6274 496.6108 496.5919 496.5771 496.561 496.5465 496.5303 496.518 496.501 496.4861 496.4735 496.4608 496.4461 496.4322 496.4174 496.4022 496.3869 496.3714 496.3558 496.3403 496.3253 496.3097 496.2948 496.2793 496.2654
497.2057 497.1967 497.1875 497.1761 497.1673 497.1535 497.1453 497.1312 497.1204 497.1021 497.0915 497.0787 497.0635 497.0543 497.0354 497.0225 497.0117 496.9997 496.9767 496.9518 496.9323 496.9197 496.8985 496.872 496.8535 496.8405 496.8167 496.8052 496.7922 496.7793 496.7656 496.7444 496.7269 496.706 496.6914 496.6704 496.6529 496.636 496.6206 496.6044 496.5857 496.5711 496.5557 496.5408 496.5234 496.511 496.4955 496.4809 496.467 496.4543 496.4416 496.4266 496.4123 496.3972 496.3821 496.3664 496.3513 496.3351 496.3204 496.3051 496.2899 496.2749 496.2599
497.19 497.182 497.1724 497.1596 497.1519 497.1385 497.1311 497.115 497.1045 497.0858 497.0783 497.0628 497.0506 497.0412 497.0211 497.0099 496.999 496.987 496.9648 496.9399 496.9209 496.9083 496.8882 496.8617 496.8434 496.8315 496.8073 496.7959 496.783 496.77 496.7571 496.7359 496.7209 496.6987 496.6834 496.6648 496.6451 496.6309 496.6131 496.5968 496.5808 496.5645 496.5495 496.5336 496.5183 496.5041 496.4908 496.4749 496.4604 496.4479 496.4352 496.4207 496.4068 496.3925 496.377 496.3618 496.3463 496.3313 496.3154 496.3004 496.2849 496.27 496.2547
