site316_orig/site316_all/site316_5x/site316_all.asc
ncols         546
nrows         246
xllcorner     -23.4
yllcorner     -132.6
cellsize      1
NODATA_value  -9999
[rows 196 to 223 of 246, columns 252 to 314 of 546]
498.8383 498.8193 498.8027 498.7827 498.7598 498.7439 498.7339 498.7178 498.6943 498.6709 498.6553 498.6453 498.6224 498.5988 498.5751 498.5643 498.5526 498.5284 498.5042 498.48 498.4639 498.4519 498.4269 498.4019 498.3768 498.3573 498.3473 498.323 498.2979 498.2745 498.2617 498.2361 498.2104 498.1848 498.1633 498.1364 498.114 498.0963 498.0724 498.0471 498.0196 497.992 497.9645 497.9416 497.9152 497.8862 497.8573 497.8313 497.8184 497.8037 497.789 497.7743 497.7606 497.7455 497.7303 497.7168 497.7021 497.6883 497.6765 497.6625 497.6491 497.6358 497.6225
498.8501 498.8284 498.8143 498.7914 498.7694 498.7594 498.7494 498.7271 498.7036 498.6816 498.6716 498.6561 498.6325 498.6088 498.5914 498.5815 498.5635 498.5393 498.5151 498.4921 498.4821 498.4634 498.4384 498.4134 498.3884 498.3766 498.3608 498.3358 498.3108 498.2947 498.2753 498.2497 498.2241 498.202 498.1769 498.15 498.136 498.1128 498.0893 498.0625 498.0349 498.0074 497.9798 497.9593 497.9318 497.9028 497.8739 497.8449 497.822 497.8093 497.7946 497.7803 497.7652 497.75 497.7355 497.7215 497.7071 497.6949 497.6812 497.6678 497.6544 497.6413 497.6271
498.8592 498.8426 498.8231 498.8002 498.785 498.775 498.7599 498.7365 498.713 498.698 498.688 498.6662 498.6425 498.6189 498.6086 498.5986 498.5744 498.5502 498.526 498.5103 498.5 498.4749 498.4499 498.4249 498.406 498.396 498.3737 498.3487 498.3249 498.3146 498.289 498.2634 498.2378 498.2173 498.1904 498.168 498.1527 498.1295 498.1053 498.0778 498.0503 498.0227 498.0026 497.9765 497.9483 497.9194 497.8904 497.8615 497.8369 497.812 497.8 497.7849 497.7697 497.7548 497.7408 497.7262 497.7134 497.7 497.6866 497.6732 497.6601 497.646 497.6319
498.8683 498.8547 498.8318 498.8105 498.8005 498.7905 498.7693 498.7458 498.7243 498.7143 498.6999 498.6762 498.6526 498.6358 498.6258 498.6094 498.5852 498.561 498.5384 498.5284 498.5115 498.4865 498.4614 498.4364 498.4253 498.4116 498.3865 498.3615 498.3451 498.3282 498.3026 498.277 498.2545 498.2309 498.2039 498.19 498.1695 498.1465 498.1207 498.0932 498.0656 498.0381 498.0197 497.9939 497.9649 497.936 497.907 497.8823 497.8562 497.8272 497.804 497.7895 497.7744 497.76 497.7454 497.7319 497.719 497.7054 497.6919 497.6787 497.6648 497.6506 497.6372
498.8826 498.8634 498.8406 498.8261 498.8161 498.8021 498.7786 498.7552 498.7406 498.7307 498.71 498.6863 498.6629 498.653 498.6429 498.6203 498.5961 498.5719 498.5566 498.5466 498.523 498.498 498.473 498.4546 498.4446 498.4244 498.3994 498.3753 498.3653 498.3419 498.3163 498.2907 498.2713 498.2444 498.222 498.2097 498.1865 498.1636 498.1361 498.1085 498.081 498.0606 498.038 498.0104 497.9815 497.9525 497.9236 497.9027 497.8752 497.8462 497.8175 497.794 497.7794 497.7647 497.7503 497.738 497.7241 497.7107 497.6973 497.6836 497.6693 497.6559 497.6425
498.8951 498.8722 498.8517 498.8417 498.8317 498.8114 498.788 498.767 498.757 498.7437 498.72 498.6964 498.6801 498.6701 498.6553 498.6311 498.6069 498.5848 498.5748 498.5595 498.5345 498.5095 498.4845 498.4739 498.4622 498.4373 498.4123 498.3955 498.3812 498.3556 498.33 498.3071 498.2849 498.2579 498.2441 498.2267 498.2036 498.179 498.1514 498.1239 498.0963 498.0808 498.0559 498.027 497.998 497.9691 497.9466 497.9213 497.8942 497.8652 497.8373 497.8094 497.784 497.7694 497.757 497.7429 497.7294 497.716 497.7024 497.688 497.6746 497.6612 497.6476
498.9038 498.881 498.8672 498.8572 498.8442 498.8208 498.7973 498.7833 498.7733 498.7538 498.7301 498.7073 498.6973 498.6873 498.6662 498.642 498.6178 498.603 498.593 498.571 498.546 498.521 498.5033 498.4933 498.4751 498.4501 498.4257 498.4156 498.3948 498.3692 498.3436 498.3253 498.2984 498.2761 498.2661 498.2431 498.2216 498.1943 498.1668 498.1393 498.1187 498.0995 498.0725 498.0436 498.0146 497.9857 497.967 497.9422 497.9132 497.8857 497.8569 497.8298 497.8003 497.7755 497.7616 497.7482 497.7348 497.7213 497.7068 497.6932 497.6798 497.6664 497.6526
498.9126 498.8928 498.8828 498.8728 498.8536 498.8301 498.8097 498.7997 498.7874 498.7638 498.7401 498.7244 498.7144 498.7013 498.6771 498.6529 498.6312 498.6212 498.6076 498.5826 498.5576 498.5326 498.5226 498.5126 498.488 498.463 498.4459 498.4341 498.4085 498.3829 498.3596 498.3388 498.3119 498.2981 498.2823 498.2612 498.2372 498.2097 498.1822 498.1546 498.1419 498.1169 498.0891 498.0602 498.0312 498.0086 497.9872 497.9612 497.9322 497.9052 497.878 497.8502 497.8206 497.7905 497.766 497.7535 497.7401 497.7256 497.7119 497.6985 497.6851 497.6713 497.6574
498.9214 498.9084 498.8983 498.8864 498.8629 498.8394 498.826 498.816 498.7975 498.7739 498.7516 498.7416 498.7316 498.7121 498.6879 498.6637 498.6494 498.6393 498.6191 498.5941 498.5691 498.5519 498.5419 498.5258 498.5008 498.476 498.466 498.4478 498.4221 498.3965 498.3793 498.3524 498.3301 498.3201 498.3004 498.278 498.2526 498.225 498.1975 498.1768 498.1591 498.1346 498.1057 498.0767 498.0478 498.0318 498.0083 497.9803 497.9512 497.9257 497.8994 497.871 497.8409 497.8114 497.783 497.7565 497.7445 497.7306 497.7172 497.7038 497.6901 497.6762 497.6623
498.9339 498.9239 498.9139 498.8957 498.8723 498.8523 498.8423 498.8312 498.8076 498.7839 498.7688 498.7588 498.7472 498.723 498.6988 498.6775 498.6675 498.6556 498.6306 498.6056 498.5813 498.5713 498.5612 498.5387 498.5137 498.4962 498.4862 498.4614 498.4358 498.4122 498.3928 498.3659 498.3522 498.3392 498.3171 498.2955 498.2679 498.2404 498.2129 498.2008 498.1782 498.1512 498.1223 498.0933 498.0706 498.053 498.0283 497.9992 497.9734 497.9465 497.9198 497.8915 497.8625 497.8334 497.8051 497.777 497.7474 497.7359 497.7225 497.7088 497.6949 497.6811 497.6672
498.9495 498.9395 498.9285 498.9051 498.8816 498.8687 498.8587 498.8413 498.8176 498.7959 498.7859 498.7759 498.758 498.7338 498.7096 498.6957 498.6857 498.6672 498.6422 498.6171 498.6006 498.5906 498.5766 498.5515 498.5266 498.5164 498.5007 498.4751 498.4495 498.4333 498.4063 498.3842 498.3742 498.3568 498.3356 498.3109 498.2833 498.2558 498.2348 498.22 498.1967 498.1678 498.1388 498.1099 498.0966 498.0716 498.0473 498.0182 497.9944 497.968 497.9404 497.9119 497.8838 497.8565 497.8303 497.8007 497.7711 497.7415 497.7276 497.7137 497.6998 497.6859 497.6725
498.965 498.955 498.9379 498.9144 498.895 498.885 498.875 498.8513 498.8277 498.8131 498.8031 498.7931 498.7689 498.7447 498.7239 498.7139 498.7037 498.6787 498.6537 498.6299 498.6199 498.6099 498.5894 498.5644 498.5466 498.5366 498.5143 498.4887 498.4648 498.4468 498.4199 498.4062 498.3961 498.3742 498.3536 498.3262 498.2987 498.2711 498.2589 498.2397 498.2133 498.1843 498.1554 498.1327 498.1165 498.0953 498.0663 498.0417 498.014 497.9889 497.9625 497.9344 497.9053 497.8777 497.8541 497.8244 497.7948 497.7654 497.7346 497.7186 497.7047 497.6912 497.6779
498.9806 498.9706 498.9472 498.9238 498.9113 498.9013 498.8851 498.8614 498.8403 498.8303 498.8203 498.804 498.7798 498.7556 498.7421 498.7321 498.7152 498.6902 498.6652 498.6492 498.6392 498.6273 498.6023 498.5773 498.5668 498.5536 498.528 498.5024 498.486 498.4603 498.4382 498.4282 498.4124 498.3924 498.3691 498.3416 498.314 498.2929 498.2812 498.2588 498.2299 498.2009 498.172 498.1587 498.1375 498.1143 498.0853 498.0611 498.0361 498.0106 497.9828 497.9552 497.9282 497.9054 497.8778 497.8481 497.8185 497.7896 497.7578 497.7247 497.7098 497.6966 497.6833
498.9961 498.98 498.9566 498.9377 498.9277 498.9177 498.8951 498.8715 498.8574 498.8474 498.8374 498.8148 498.7906 498.7703 498.7603 498.7503 498.7267 498.7017 498.6786 498.6686 498.6586 498.6401 498.6151 498.597 498.587 498.5673 498.5417 498.5173 498.5008 498.4738 498.4602 498.4503 498.4308 498.4102 498.3845 498.3569 498.3294 498.3169 498.3002 498.2754 498.2464 498.2175 498.1947 498.1813 498.1603 498.1333 498.107 498.0828 498.0585 498.0335 498.0043 497.977 497.9512 497.9311 497.9015 497.8719 497.8423 497.8132 497.7813 497.7486 497.7148 497.702 497.6888
499.0117 498.9894 498.9659 498.954 498.944 498.9288 498.9052 498.8846 498.8746 498.8646 498.8499 498.8257 498.8015 498.7885 498.7784 498.7633 498.7383 498.7132 498.6979 498.6879 498.6779 498.653 498.628 498.6172 498.6065 498.5809 498.5553 498.5386 498.5143 498.4923 498.4823 498.4687 498.4484 498.4274 498.3998 498.3723 498.3509 498.3409 498.3185 498.292 498.263 498.2341 498.2207 498.2033 498.1813 498.1523 498.1293 498.1047 498.0808 498.0538 498.0271 498.0005 497.9756 497.9548 497.9252 497.8956 497.8669 497.8368 497.8051 497.7725 497.7424 497.7112 497.6944
499.0222 498.9987 498.9803 498.9703 498.9604 498.9389 498.9153 498.9018 498.8918 498.8818 498.8607 498.8365 498.8166 498.8066 498.7966 498.7748 498.7498 498.7272 498.7172 498.7072 498.6909 498.6658 498.6474 498.6374 498.6202 498.5946 498.5699 498.5547 498.5278 498.5143 498.5043 498.4868 498.4671 498.4427 498.4152 498.3876 498.375 498.3593 498.3375 498.3085 498.2796 498.2567 498.2461 498.2231 498.2003 498.1716 498.1516 498.128 498.1009 498.0741 498.0493 498.0247 498.0057 497.9785 497.9489 497.9193 497.8914 497.8612 497.8294 497.7972 497.7699 497.7386 497.7074
499.0315 499.0081 498.9967 498.9867 498.9726 498.949 498.9289 498.9189 498.9089 498.8958 498.8716 498.8474 498.8348 498.8248 498.8113 498.7863 498.7613 498.7466 498.7365 498.7265 498.7037 498.6787 498.6676 498.6576 498.6339 498.6082 498.5912 498.5683 498.5463 498.5363 498.5256 498.5051 498.4856 498.4581 498.4305 498.409 498.399 498.38 498.3541 498.3251 498.2961 498.2827 498.2669 498.2483 498.2193 498.1976 498.1728 498.148 498.1248 498.099 498.0728 498.0459 498.0319 498.0022 497.9726 497.9442 497.9157 497.885 497.854 497.8262 497.7975 497.7662 497.7349
499.0409 499.023 499.013 499.003 498.9827 498.959 498.9461 498.9361 498.9261 498.9066 498.8824 498.863 498.853 498.843 498.8228 498.7978 498.7759 498.7659 498.7559 498.7416 498.7166 498.6978 498.6878 498.6731 498.6475 498.6224 498.6087 498.5818 498.5683 498.5583 498.5433 498.5236 498.501 498.4734 498.4459 498.433 498.4204 498.3996 498.3706 498.3417 498.3187 498.3087 498.2878 498.2673 498.2383 498.2185 498.1943 498.1711 498.1451 498.1217 498.0953 498.0759 498.0556 498.0259 497.9963 497.969 497.9397 497.9101 497.8795 497.8562 497.825 497.7937 497.7609
499.0502 499.0394 499.0294 499.0164 498.9927 498.9733 498.9633 498.9532 498.9417 498.9175 498.8933 498.8812 498.8712 498.8594 498.8344 498.8094 498.7952 498.7852 498.7752 498.7544 498.7294 498.718 498.7079 498.6868 498.6612 498.6437 498.6223 498.6003 498.5904 498.5804 498.5611 498.543 498.5164 498.4888 498.467 498.4571 498.4413 498.4161 498.3872 498.3582 498.3447 498.3308 498.3123 498.2863 498.2635 498.24 498.2176 498.1957 498.1695 498.1425 498.1194 498.106 498.0793 498.0497 498.0201 497.9934 497.9645 497.9355 497.9048 497.8838 497.8525 497.8212 497.7878
499.0657 499.0557 499.0457 499.0265 499.0028 498.9904 498.9804 498.9704 498.9526 498.9284 498.9094 498.8994 498.8894 498.8709 498.8459 498.8245 498.8145 498.8045 498.7923 498.7673 498.7481 498.7382 498.726 498.7004 498.675 498.6627 498.6358 498.6224 498.6124 498.5982 498.5804 498.5593 498.5317 498.5042 498.4911 498.4811 498.4597 498.4327 498.4038 498.3807 498.3708 498.3536 498.3344 498.3053 498.2852 498.2629 498.2412 498.2161 498.1917 498.1677 498.1461 498.1326 498.103 498.0734 498.0457 498.0182 497.9895 497.9603 497.939 497.9113 497.88 497.848 497.816
499.082 499.0721 499.0602 499.0365 499.0176 499.0076 498.9976 498.9876 498.9634 498.9392 498.9276 498.9176 498.9074 498.8824 498.8574 498.8438 498.8339 498.8239 498.8051 498.7802 498.7683 498.7583 498.7397 498.7141 498.6963 498.6762 498.6544 498.6444 498.6344 498.6175 498.5986 498.5746 498.5471 498.5251 498.5151 498.4997 498.4782 498.4493 498.4203 498.4068 498.3955 498.3752 498.3534 498.3282 498.3088 498.2872 498.263 498.2375 498.2149 498.193 498.1762 498.1563 498.1267 498.0971 498.071 498.0444 498.015 497.986 497.9701 497.9388 497.9075 497.8758 497.853
499.0984 499.0884 499.0702 499.0466 499.0348 499.0247 499.0148 498.9985 498.9743 498.9557 498.9457 498.9357 498.919 498.894 498.8732 498.8632 498.8532 498.843 498.818 498.7985 498.7885 498.7785 498.7534 498.7278 498.7167 498.6898 498.6764 498.6664 498.6551 498.6357 498.6175 498.59 498.5624 498.5491 498.5391 498.5202 498.4948 498.4659 498.4428 498.4328 498.4178 498.4014 498.3723 498.3535 498.3314 498.3088 498.287 498.2636 498.24 498.2163 498.2063 498.18 498.1504 498.123 498.0973 498.0688 498.0409 498.0175 497.9976 497.9663 497.9351 497.9019 497.8863
499.1147 499.1039 499.0803 499.0619 499.0519 499.0419 499.032 499.0093 498.9851 498.9739 498.9639 498.9539 498.9305 498.9055 498.8925 498.8825 498.8725 498.8559 498.8309 498.8187 498.8087 498.7926 498.767 498.7488 498.7302 498.7084 498.6984 498.6884 498.674 498.6555 498.6329 498.6053 498.5832 498.5732 498.5596 498.5403 498.5114 498.4825 498.4688 498.4588 498.438 498.4204 498.3928 498.3763 498.354 498.3315 498.3073 498.2873 498.2642 498.2464 498.2334 498.2038 498.1741 498.1494 498.1217 498.096 498.0683 498.0518 498.0251 497.9938 497.9609 497.937 497.9182
499.131 499.114 499.0903 499.0791 499.0691 499.0591 499.0444 499.0202 499.0021 498.9921 498.9821 498.967 498.942 498.9218 498.9118 498.9018 498.8918 498.8687 498.8489 498.8389 498.8289 498.8063 498.7807 498.7701 498.7438 498.7305 498.7205 498.7104 498.6922 498.6756 498.6482 498.6207 498.6072 498.5972 498.5817 498.5569 498.528 498.5048 498.4948 498.4803 498.4644 498.4394 498.4201 498.3974 498.3767 498.358 498.3347 498.3102 498.2877 498.2765 498.2571 498.2275 498.1992 498.1736 498.149 498.1224 498.0961 498.0839 498.0526 498.0214 497.9901 497.974 497.9501
499.1474 499.1241 499.1063 499.0963 499.0863 499.0763 499.0553 499.0311 499.0203 499.0103 499.0003 498.9785 498.9535 498.9412 498.9312 498.9211 498.9066 498.8816 498.8691 498.8591 498.8456 498.8199 498.8014 498.7842 498.7625 498.7525 498.7425 498.7285 498.7123 498.6911 498.6636 498.6412 498.6312 498.6207 498.6018 498.5735 498.5445 498.5308 498.5208 498.5039 498.4874 498.4584 498.4413 498.4211 498.4017 498.3783 498.3568 498.3348 498.3166 498.3065 498.2808 498.2512 498.2245 498.2011 498.1739 498.1497 498.1303 498.1114 498.0802 498.0481 498.021 498.0099 497.982
499.1578 499.1341 499.1234 499.1134 499.1034 499.0903 499.0661 499.0485 499.0385 499.0285 499.0151 498.9901 498.9705 498.9605 498.9505 498.9405 498.9194 498.8993 498.8893 498.8793 498.8592 498.8336 498.8227 498.7978 498.7845 498.7745 498.7645 498.7487 498.731 498.7065 498.679 498.6653 498.6553 498.6407 498.619 498.5901 498.5668 498.5568 498.545 498.5272 498.5064 498.4847 498.466 498.4464 498.4256 498.4027 498.3804 498.3612 498.3466 498.3341 498.3045 498.2749 498.2522 498.2275 498.2025 498.1748 498.1646 498.1389 498.1077 498.0782 498.0579 498.0418 498.0146
499.1678 499.1506 499.1406 499.1306 499.1206 499.1012 499.077 499.0667 499.0567 499.0467 499.0266 499.0016 498.9898 498.9798 498.9698 498.9573 498.9323 498.9195 498.9095 498.8985 498.8729 498.8539 498.8382 498.8165 498.8065 498.7965 498.7846 498.7673 498.7494 498.7219 498.6993 498.6893 498.6793 498.6606 498.6356 498.6066 498.5928 498.5828 498.5687 498.5536 498.5254 498.5094 498.4896 498.4701 498.4493 498.4282 498.4072 498.3867 498.3767 498.3578 498.3282 498.3018 498.2787 498.2544 498.2277 498.2089 498.1978 498.1665 498.1352 498.1049 498.0949 498.0737 498.0447
499.1779 499.1678 499.1578 499.1478 499.1362 499.112 499.0948 499.0848 499.0749 499.0631 499.0381 499.0191 499.0092 498.9991 498.9891 498.9702 498.9497 498.9397 498.9297 498.9121 498.8865 498.8752 498.8517 498.8385 498.8285 498.8185 498.804 498.7878 498.7647 498.7372 498.7233 498.7133 498.6992 498.6811 498.6522 498.6288 498.6188 498.6088 498.59 498.5734 498.5494 498.534 498.514 498.4926 498.4708 498.4528 498.4333 498.4168 498.4068 498.3816 498.3519 498.3289 498.3054 498.2816 498.2571 498.2431 498.2253 498.194 498.1616 498.1419 498.1319 498.1056 498.0748
