samples/site316/site316_v3/site316_v3/sfe316_v3.asc
ncols         188
nrows         75
xllcorner     96.2
yllcorner     62.6
cellsize      1
NODATA_value  -9999
[rows 0 to 27 of 75, columns 0 to 62 of 188]
-9999 -9999 -9999 -9999 610.4528 610.4446 610.4363 610.4279 610.4199 610.4113 610.4034 610.3951 610.3868 610.3789 610.3706 610.3623 610.3536 610.3457 610.3374 610.3295 610.3212 610.3128 610.3045 610.2961 610.2882 610.2798 610.2714 610.2631 610.2551 610.2467 610.2383 610.2303 610.2219 610.2134 610.2056 610.1971 610.1891 610.1807 610.1721 610.1642 610.1557 610.1478 610.1398 610.1313 610.1233 610.1147 610.1069 610.0989 610.0903 610.0823 610.0744 610.0657 610.0578 610.0499 610.0419 610.0333 610.0253 610.0174 610.0094 610.0014 609.9934 609.9854 609.9775
-9999 -9999 -9999 -9999 610.3906 610.3815 610.3726 610.3637 610.3546 610.3456 610.3364 610.3278 610.3182 610.3102 610.3011 610.2918 610.2825 610.2733 610.2643 610.2559 610.2466 610.2372 610.2278 610.2189 610.2106 610.2009 610.1913 610.1824 610.1739 610.1641 610.1545 610.1466 610.1367 610.1277 610.119 610.1091 610.1013 610.0912 610.0821 610.0732 610.064 610.0553 610.0474 610.0372 610.0293 610.019 610.0114 610.0034 609.9929 609.9851 609.9774 609.9666 609.9588 609.951 609.9431 609.9325 609.9246 609.917 609.909 609.901 609.8931 609.8851 609.8774
-9999 -9999 -9999 610.343 610.3286 610.3188 610.3092 610.2997 610.2897 610.2799 610.2698 610.2612 610.2499 610.2415 610.2319 610.2217 610.2114 610.2011 610.1922 610.1824 610.1725 610.162 610.1514 610.1425 610.1329 610.1222 610.1115 610.1027 610.0927 610.0818 610.0711 610.0628 610.0519 610.0427 610.0326 610.0215 610.0135 610.002 609.9929 609.9824 609.9733 609.9629 609.9551 609.9435 609.9353 609.9236 609.9159 609.9079 609.8959 609.8879 609.8804 609.8677 609.8597 609.8522 609.8442 609.8321 609.8239 609.8166 609.8086 609.8006 609.7928 609.7848 609.7773
-9999 -9999 -9999 610.2821 610.2667 610.2562 610.2458 610.2356 610.2247 610.2148 610.2031 610.1946 610.183 610.173 610.1627 610.1516 610.1403 610.129 610.1201 610.1091 610.0984 610.0868 610.0751 610.0659 610.0555 610.0436 610.0317 610.0229 610.0116 609.9995 609.9888 609.9791 609.967 609.9577 609.9463 609.934 609.9256 609.9129 609.9037 609.8916 609.8826 609.8705 609.8627 609.8498 609.8414 609.8282 609.8204 609.8124 609.7988 609.7907 609.7833 609.7689 609.7607 609.7534 609.7454 609.7317 609.7232 609.7162 609.7082 609.7002 609.6925 609.6845 609.6772
-9999 -9999 -9999 610.2213 610.2047 610.1935 610.1824 610.1718 610.1597 610.1501 610.1365 610.128 610.1163 610.1046 610.0935 610.0814 610.0696 610.0569 610.0479 610.0359 610.0242 610.0115 609.9987 609.9894 609.9781 609.965 609.9523 609.9431 609.9305 609.9173 609.9066 609.8955 609.8822 609.8727 609.86 609.8472 609.8378 609.8238 609.8145 609.8009 609.7919 609.7782 609.7703 609.7561 609.7474 609.7329 609.725 609.717 609.7018 609.6935 609.6863 609.67 609.6617 609.6545 609.6465 609.6325 609.6225 609.6158 609.6078 609.5998 609.5922 609.5842 609.5771
-9999 -9999 -9999 610.1603 610.1428 610.1307 610.1185 610.1086 610.0943 610.0854 610.0693 610.0612 610.0489 610.0361 610.0239 610.0109 609.9998 609.9843 609.9758 609.9626 609.9499 609.9361 609.9221 609.913 609.9006 609.8864 609.8737 609.8633 609.8495 609.8345 609.8243 609.8119 609.7969 609.7877 609.7738 609.7607 609.7499 609.7344 609.7253 609.7102 609.7012 609.6859 609.678 609.6619 609.6534 609.637 609.6295 609.6215 609.6044 609.5963 609.5893 609.5711 609.5627 609.5557 609.5477 609.5338 609.5219 609.5154 609.5074 609.4995 609.4919 609.4839 609.4769
-9999 -9999 610.1213 610.0995 610.0807 610.0675 610.0556 610.0455 610.0293 610.0206 610.0027 609.9944 609.9813 609.9677 609.955 609.9406 609.9299 609.9121 609.9037 609.8893 609.8756 609.8606 609.8455 609.8364 609.8232 609.8073 609.7951 609.7835 609.7685 609.7534 609.742 609.7283 609.7132 609.7027 609.6873 609.6743 609.6621 609.6451 609.636 609.6192 609.6104 609.5937 609.5856 609.5694 609.5595 609.5431 609.5339 609.5259 609.5089 609.4991 609.4922 609.4741 609.4638 609.4569 609.4489 609.4351 609.4212 609.4149 609.4069 609.3991 609.3916 609.3836 609.3768
-9999 -9999 610.0588 610.0386 610.0184 610.0049 609.9932 609.9823 609.9641 609.9559 609.9362 609.9277 609.9134 609.8988 609.8866 609.8717 609.86 609.84 609.8315 609.8159 609.8024 609.7863 609.7703 609.7599 609.7455 609.7286 609.7164 609.7036 609.6871 609.6724 609.6597 609.6447 609.6295 609.6177 609.6008 609.5878 609.5743 609.5571 609.5468 609.5284 609.5197 609.5012 609.4932 609.477 609.4656 609.4492 609.4384 609.4304 609.4133 609.4019 609.3951 609.3771 609.3649 609.3581 609.3501 609.3363 609.3206 609.3143 609.3063 609.2988 609.2913 609.2833 609.2766
-9999 -9999 609.9979 609.9777 609.9578 609.9432 609.9309 609.9191 609.9014 609.891 609.8719 609.861 609.8458 609.8303 609.8182 609.8032 609.7902 609.7704 609.7593 609.7423 609.7291 609.7128 609.6957 609.6835 609.668 609.6515 609.6378 609.6237 609.606 609.5914 609.5775 609.5609 609.5458 609.5327 609.5146 609.5014 609.4866 609.4693 609.4576 609.4384 609.429 609.4089 609.4009 609.3846 609.3717 609.3553 609.3428 609.3348 609.3177 609.3046 609.2979 609.28 609.2659 609.2593 609.2513 609.2376 609.22 609.2139 609.2059 609.1985 609.191 609.183 609.1763
-9999 -9999 609.937 609.9168 609.8971 609.8817 609.8685 609.856 609.8387 609.8259 609.8078 609.7942 609.7779 609.7615 609.7498 609.7347 609.7203 609.7007 609.687 609.6689 609.6559 609.6393 609.6212 609.607 609.5905 609.5743 609.5592 609.5437 609.5256 609.5104 609.4952 609.4771 609.4621 609.4477 609.4296 609.415 609.3988 609.3814 609.3684 609.3491 609.3383 609.3174 609.3085 609.2923 609.2778 609.2615 609.2473 609.2393 609.2222 609.2075 609.2008 609.183 609.1671 609.1605 609.1525 609.1389 609.1194 609.1133 609.1053 609.0982 609.0907 609.0827 609.0762
-9999 -9999 609.8761 609.8559 609.8365 609.8201 609.8062 609.7927 609.7761 609.7607 609.7436 609.7272 609.7113 609.694 609.6815 609.6663 609.6505 609.6311 609.6147 609.5963 609.5826 609.5659 609.5467 609.5305 609.514 609.4971 609.4806 609.4638 609.4458 609.4295 609.4129 609.394 609.3784 609.3627 609.3445 609.3285 609.311 609.2936 609.2792 609.2599 609.2476 609.2267 609.2161 609.1999 609.184 609.1675 609.1517 609.1437 609.1266 609.1102 609.1037 609.086 609.079 608.9826 608.9746 608.9681 608.9256 608.7942 608.774 608.7671 608.7595 608.7516 608.745
-9999 609.8377 609.8152 609.795 609.7758 609.7585 609.7438 609.7289 609.7131 609.6955 609.6786 609.6604 609.6447 609.6272 609.6131 609.5978 609.5806 609.5614 609.5425 609.5242 609.5093 609.4924 609.4721 609.454 609.4376 609.42 609.4019 609.3838 609.366 609.3485 609.3306 609.3117 609.2947 609.2776 609.2596 609.2421 609.2238 609.2057 609.19 609.174 609.167 609.0665 608.9442 608.8661 608.7968 608.666 608.6038 608.4788 608.4589 608.3994 608.2757 608.2679 608.2149 608.0938 608.0858 608.0791 608.0558 607.9244 607.9042 607.8975 607.8896 607.8818 607.8749
-9999 609.7745 609.7543 609.7341 609.7152 609.6969 609.6815 609.6654 609.6493 609.6304 609.6138 609.5935 609.5782 609.5604 609.5447 609.5294 609.5106 609.4907 609.4702 609.452 609.4361 609.4189 609.3976 609.3775 609.3611 609.3428 609.3233 609.3042 609.2862 609.2676 609.2484 609.234 609.2019 609.0917 608.9579 608.8434 608.732 608.5966 608.4811 608.3434 608.2521 608.1362 608.0323 607.9363 607.8786 607.741 607.6949 607.5699 607.55 607.4902 607.3665 607.3589 607.326 607.2048 607.1968 607.1901 607.1827 607.0546 607.0342 607.0278 607.0198 607.012 607.0052
-9999 609.7136 609.6934 609.6733 609.6545 609.6354 609.6191 609.6018 609.5861 609.5653 609.5491 609.5267 609.5116 609.4935 609.4764 609.4609 609.4402 609.4208 609.3979 609.3799 609.3629 609.3455 609.3231 609.301 609.287 609.2659 609.1264 608.9952 608.8669 608.7345 608.5923 608.4602 608.3247 608.2009 608.0664 607.9407 607.8292 607.6936 607.5724 607.4348 607.3372 607.2065 607.1204 607.0065 606.9606 606.8229 606.786 606.6611 606.641 606.581 606.4573 606.45 606.4371 606.3159 606.3079 606.3011 606.2936 606.1848 606.1644 606.1581 606.1498 606.1422 606.1353
-9999 609.6527 609.6326 609.6124 609.5939 609.5738 609.5568 609.5388 609.5229 609.5013 609.4843 609.462 609.4451 609.4267 609.408 609.3918 609.3707 609.351 609.3325 609.2803 609.1581 609.0253 608.8541 608.6863 608.5629 608.4362 608.2789 608.1492 608.0136 607.8762 607.7322 607.5858 607.4476 607.3184 607.1749 607.0379 606.9247 606.7907 606.6638 606.5262 606.4225 606.2844 606.2086 606.0764 606.0428 605.9048 605.8676 605.7522 605.732 605.6588 605.5481 605.541 605.5328 605.4271 605.4191 605.4121 605.4045 605.3151 605.2945 605.2884 605.28 605.2725 605.2651
-9999 609.5919 609.5717 609.5516 609.5331 609.5122 609.494 609.4765 609.4598 609.4387 609.4196 609.3978 609.3785 609.371 609.2379 609.1195 608.9632 608.8273 608.6383 608.51 608.3634 608.2377 608.0677 607.8872 607.7447 607.6063 607.4554 607.3016 607.1603 607.0178 606.8816 606.7114 606.5704 606.4447 606.2833 606.1351 606.0162 605.8878 605.7573 605.6176 605.508 605.3696 605.2966 605.1592 605.1251 604.9866 604.9374 604.8433 604.8231 604.7285 604.6389 604.632 604.6238 604.5381 604.5301 604.5232 604.5157 604.4453 604.4247 604.4186 604.4102 604.4026 604.4081
609.5541 609.5309 609.5108 609.4908 609.4723 609.4506 609.432 609.4175 609.3762 609.2158 609.082 608.9199 608.7819 608.6474 608.5059 608.3939 608.2238 608.0758 607.8882 607.7397 607.5687 607.4481 607.2801 607.0881 606.9265 606.7916 606.6298 606.454 606.3071 606.1668 606.0291 605.8369 605.6948 605.571 605.3918 605.2507 605.1077 604.9848 604.8521 604.7089 604.5934 604.4547 604.3848 604.2474 604.2073 604.0685 604.007 603.9344 603.9141 603.7986 603.7297 603.723 603.7147 603.6491 603.6411 603.6343 603.6268 603.5755 603.5549 603.5487 603.5404 603.5327 603.5568
609.4902 609.4701 609.4575 609.3532 609.2344 609.0735 608.9562 608.8306 608.6897 608.5358 608.3875 608.2281 608.0613 607.9313 607.7737 607.662 607.4841 607.3243 607.1382 606.9693 606.8196 606.6534 606.4905 606.289 606.1082 605.9843 605.801 605.6065 605.4606 605.3199 605.1707 604.9625 604.8227 604.6887 604.5056 604.3671 604.1992 604.0819 603.9468 603.8003 603.679 603.5397 603.4729 603.3355 603.2784 603.1506 603.077 603.0256 603.0051 602.8686 602.8205 602.8141 602.8058 602.7601 602.7521 602.7454 602.7378 602.7057 602.6851 602.6788 602.6706 602.6628 602.7056
609.1307 608.9944 608.855 608.7162 608.5956 608.4315 608.3018 608.1647 608.0032 607.8578 607.6929 607.5364 607.3406 607.2299 607.0475 606.9299 606.7444 606.5729 606.3917 606.199 606.0634 605.8587 605.7008 605.5031 605.29 605.1687 604.9713 604.788 604.621 604.4722 604.3124 604.1104 603.9507 603.8057 603.6207 603.48 603.2906 603.1791 603.0416 602.8917 602.754 602.6252 602.549 602.4236 602.3486 602.2328 602.1469 602.1168 602.0961 601.9584 601.9113 601.9051 601.897 601.8711 601.8631 601.8565 601.8487 601.8359 601.8153 601.8089 601.8008 601.7929 601.8542
608.5228 608.3876 608.2426 608.0936 607.9535 607.7951 607.6473 607.4988 607.3365 607.1939 606.9984 606.8593 606.6555 606.5093 606.324 606.1978 606.0192 605.8269 605.6564 605.442 605.3026 605.064 604.9163 604.7302 604.5117 604.3531 604.1414 603.9795 603.7815 603.619 603.454 603.26 603.0786 602.9285 602.7358 602.5834 602.3873 602.2764 602.1363 601.983 601.8454 601.7107 601.6189 601.5118 601.4185 601.3151 601.2166 601.2079 601.1871 601.1015 601.0895 601.0751 601.0668 601.0586 601.0506 601.0441 601.0361 601.0281 601.0201 601.0135 601.0053 601.01 601.003
607.9505 607.7755 607.6226 607.4659 607.3113 607.1588 606.9929 606.84 606.7018 606.5074 606.3184 606.1798 605.9725 605.7887 605.601 605.4658 605.3058 605.105 604.9212 604.6918 604.5403 604.3151 604.1368 603.9467 603.7239 603.5345 603.3431 603.1538 602.9341 602.7661 602.602 602.4095 602.2066 602.0529 601.851 601.6952 601.4879 601.3735 601.231 601.178 601.1589 601.1336 601.1094 601.0869 601.0718 601.0464 601.0313 601.0078 600.9996 600.9916 600.9684 600.9557 600.9451 600.9341 600.9261 600.9196 600.9116 600.9036 600.8958 600.889 600.8779 600.8841 600.8819
608.2821 607.1631 607.0027 606.8381 606.6711 606.5371 606.348 606.2064 606.0496 605.8209 605.6434 605.4853 605.2808 605.0681 604.9045 604.7336 604.5925 604.3693 604.1858 603.9416 603.77 603.5659 603.354 603.1631 602.9338 602.712 602.5488 602.3281 602.1156 601.9266 601.7551 601.5588 601.3391 601.2245 601.2018 601.1738 601.1364 601.1116 601.087 601.0582 601.0322 601.0098 600.9881 600.9655 600.9531 600.9277 600.9105 600.8863 600.8781 600.8701 600.8473 600.8359 600.8234 600.8099 600.8017 600.7952 600.7872 600.7792 600.7715 600.7645 600.751 600.7546 600.7484
608.6138 606.5507 606.3835 606.2233 606.0601 605.9116 605.7194 605.5667 605.3837 605.1613 604.9815 604.7908 604.5947 604.3783 604.2079 604.0015 603.8663 603.6337 603.4343 603.1974 602.9997 602.8166 602.5593 602.3763 602.1655 601.9091 601.7352 601.5024 601.3164 601.2491 601.2162 601.1802 601.1436 601.1158 601.0817 601.0504 601.0148 600.9863 600.9609 600.9315 600.9055 600.8859 600.8668 600.8442 600.8344 600.809 600.79 600.7653 600.7566 600.7486 600.7262 600.7193 600.7053 600.6893 600.6772 600.6707 600.6627 600.6547 600.6498 600.6427 600.6276 600.6251 600.615
608.9454 605.9577 605.7845 605.6185 605.449 605.2694 605.083 604.9122 604.7195 604.5314 604.3196 604.1011 603.9178 603.6974 603.5113 603.2769 603.1373 602.92 602.6906 602.4622 602.2458 602.0604 601.8104 601.5949 601.3927 601.2786 601.2429 601.1964 601.1591 601.116 601.0847 601.0529 601.0176 600.9926 600.9622 600.9271 600.8933 600.861 600.8359 600.8054 600.7788 600.762 600.7452 600.7229 600.7151 600.6902 600.6707 600.6445 600.6351 600.6271 600.6056 600.6027 600.5872 600.5686 600.5528 600.5463 600.5383 600.5303 600.528 600.5209 600.5041 600.4956 600.4815
609.277 605.3594 605.1855 605.0109 604.8212 604.6273 604.4606 604.2605 604.0858 603.8958 603.6387 603.4288 603.241 603.0165 602.7955 602.5742 602.4083 602.2065 601.9688 601.7269 601.4955 601.3185 601.2831 601.2379 601.2003 601.1541 601.1149 601.0683 601.0294 600.9829 600.9531 600.9255 600.8933 600.8693 600.8423 600.8036 600.7739 600.7357 600.7109 600.6792 600.6521 600.6381 600.6212 600.6016 600.5938 600.5715 600.5514 600.5237 600.5135 600.5056 600.4879 600.4862 600.4691 600.4479 600.4283 600.4219 600.4138 600.4058 600.4063 600.399 600.3807 600.3661 600.348
609.6086 604.8976 604.5831 604.3909 604.1988 604.0149 603.8398 603.6367 603.4522 603.26 602.9861 602.767 602.5641 602.3334 602.1011 601.8776 601.6794 601.4932 601.3425 601.2947 601.2416 601.1929 601.1463 601.1013 601.0654 601.0297 600.9868 600.9456 600.8969 600.8499 600.8215 600.7981 600.769 600.7461 600.7208 600.683 600.6512 600.6112 600.5859 600.553 600.5254 600.5142 600.4976 600.4802 600.4724 600.4528 600.4321 600.4029 600.392 600.384 600.3713 600.3696 600.351 600.3273 600.3037 600.2974 600.2894 600.2813 600.2845 600.2772 600.2573 600.2366 600.2144
-9999 605.2292 603.9707 603.7803 603.5939 603.4038 603.2191 603.0073 602.8185 602.6027 602.3611 602.1052 601.8872 601.6533 601.4201 601.3571 601.3063 601.255 601.2012 601.149 601.1002 601.0491 601.003 600.9646 600.9322 600.9031 600.8679 600.8251 600.7651 600.7197 600.69 600.6702 600.6447 600.6228 600.5985 600.565 600.5286 600.4897 600.4609 600.4279 600.3987 600.3892 600.3736 600.3588 600.351 600.334 600.3107 600.2821 600.2705 600.2625 600.2548 600.2531 600.2328 600.2064 600.1793 600.173 600.1649 600.1567 600.1628 600.1553 600.1334 600.1071 600.081
-9999 605.5608 603.3829 603.1813 602.9891 602.7928 602.5853 602.384 602.1771 601.9653 601.7253 601.4433 601.3809 601.3232 601.266 601.2109 601.1588 601.1112 601.0599 601.0043 600.9589 600.9055 600.8617 600.828 600.799 600.7706 600.741 600.697 600.6415 600.593 600.554 600.538 600.5203 600.4995 600.4755 600.4453 600.4055 600.3712 600.3359 600.3029 600.272 600.2625 600.2495 600.2375 600.2296 600.2153 600.1906 600.1616 600.149 600.141 600.1382 600.1365 600.1136 600.0847 600.0548 600.0485 600.0405 600.0322 600.041 600.0334 600.0089 599.978 599.9492
