samples/site316/site316_v3/site316_v3/sfe316_v3.asc
ncols         188
nrows         75
xllcorner     96.2
yllcorner     62.6
cellsize      1
NODATA_value  -9999
[rows 0 to 27 of 75, columns 63 to 125 of 188]
610.0295 610.0225 610.0155 610.0085 610.0015 609.9945 609.9876 609.9806 609.9736 609.9666 609.9597 609.9527 609.9463 609.9393 609.9323 609.9254 609.9184 609.9119 609.905 609.8985 609.8915 609.8845 609.8781 609.8711 609.8646 609.8576 609.8506 609.8441 609.8372 609.8306 609.824 609.8171 609.8105 609.8036 609.797 609.7904 609.7834 609.7768 609.7702 609.7632 609.7566 609.7499 609.7433 609.7363 609.7296 609.723 609.7162 609.7093 609.7026 609.6959 609.6892 609.6825 609.6755 609.6688 609.6621 609.6553 609.6486 609.6416 609.6351 609.6282 609.6215 609.6147 609.6079
609.9294 609.9225 609.9155 609.9086 609.9016 609.8947 609.8879 609.8809 609.874 609.867 609.8602 609.8534 609.8489 609.8419 609.8351 609.8282 609.8224 609.8167 609.8099 609.8052 609.7982 609.7913 609.7866 609.7797 609.775 609.7679 609.762 609.7563 609.7492 609.7444 609.7392 609.7324 609.7273 609.7204 609.7152 609.71 609.7029 609.6979 609.6924 609.6862 609.6802 609.6747 609.6692 609.6628 609.6568 609.6512 609.6454 609.6384 609.6329 609.6273 609.6215 609.6157 609.6086 609.6028 609.5978 609.5912 609.5853 609.5793 609.5735 609.5674 609.5614 609.5555 609.5494
609.8293 609.8225 609.8155 609.8087 609.8018 609.7947 609.7882 609.7812 609.7744 609.7674 609.7607 609.7537 609.7516 609.7446 609.7378 609.731 609.727 609.7216 609.7146 609.7119 609.7049 609.6978 609.6951 609.6882 609.6854 609.6783 609.6739 609.6684 609.6613 609.6579 609.6544 609.6473 609.6441 609.6368 609.6332 609.6296 609.6221 609.6187 609.6146 609.6097 609.6035 609.5992 609.5951 609.5898 609.5836 609.5791 609.5746 609.5672 609.5629 609.5583 609.5535 609.5488 609.5416 609.5367 609.5341 609.5267 609.5218 609.5165 609.5115 609.5063 609.501 609.496 609.4907
609.7292 609.7225 609.7155 609.7089 609.7018 609.6948 609.6885 609.6815 609.6748 609.6678 609.6611 609.6541 609.6542 609.6472 609.6406 609.6337 609.6316 609.6263 609.6193 609.6186 609.6116 609.6042 609.6036 609.5965 609.5957 609.5886 609.5859 609.5805 609.575 609.5713 609.5696 609.5624 609.5609 609.5537 609.5511 609.5491 609.5431 609.5394 609.5366 609.5332 609.5269 609.5237 609.5208 609.5168 609.5104 609.507 609.5037 609.498 609.4932 609.4894 609.4855 609.4818 609.4766 609.4725 609.4699 609.4635 609.4584 609.4548 609.4497 609.4453 609.4407 609.4364 609.4318
609.6291 609.6225 609.6155 609.6089 609.6019 609.5949 609.5888 609.5818 609.5752 609.5682 609.5616 609.5549 609.5569 609.5499 609.5433 609.5364 609.5362 609.5312 609.524 609.5253 609.5183 609.5111 609.5121 609.5049 609.506 609.4988 609.4979 609.4924 609.4887 609.4851 609.4847 609.4777 609.4777 609.4716 609.4693 609.4686 609.4641 609.4603 609.4586 609.4567 609.4506 609.4484 609.4464 609.4439 609.4376 609.4352 609.4326 609.4288 609.4241 609.4208 609.418 609.4147 609.4117 609.4084 609.4056 609.4006 609.3954 609.3936 609.3882 609.3846 609.3807 609.3772 609.373
609.5289 609.5225 609.5155 609.509 609.502 609.4951 609.4891 609.4821 609.4756 609.4686 609.4622 609.4557 609.4595 609.4525 609.446 609.4391 609.4409 609.436 609.429 609.432 609.425 609.4175 609.4207 609.4136 609.4164 609.409 609.4098 609.4044 609.4023 609.3987 609.3999 609.393 609.3945 609.3899 609.3875 609.388 609.3851 609.3814 609.3807 609.3802 609.374 609.3732 609.3722 609.3709 609.3646 609.3633 609.3616 609.3596 609.3559 609.3519 609.3499 609.3479 609.3461 609.3437 609.3414 609.3378 609.3317 609.3323 609.3263 609.3234 609.3204 609.3179 609.3145
609.4288 609.4225 609.4155 609.4091 609.4022 609.3953 609.3893 609.3823 609.376 609.369 609.3628 609.3583 609.3622 609.3552 609.3486 609.342 609.3455 609.3407 609.3336 609.3387 609.3317 609.3261 609.3292 609.3219 609.3268 609.3194 609.3218 609.3166 609.316 609.3124 609.3151 609.3097 609.3112 609.3082 609.3055 609.3074 609.306 609.3021 609.303 609.3038 609.2985 609.2976 609.2982 609.2979 609.2916 609.2916 609.291 609.2905 609.2877 609.2833 609.2829 609.2811 609.2803 609.2788 609.2772 609.275 609.2687 609.271 609.2657 609.2634 609.261 609.2583 609.2559
609.3286 609.3225 609.3155 609.3092 609.3022 609.2955 609.2895 609.2825 609.2764 609.2694 609.2634 609.2609 609.2648 609.2578 609.2513 609.2447 609.2501 609.2454 609.2397 609.2454 609.2384 609.2347 609.2379 609.2313 609.2372 609.2297 609.2337 609.2287 609.2297 609.2275 609.2303 609.2264 609.2279 609.2265 609.2247 609.2271 609.227 609.2238 609.2249 609.2273 609.2236 609.2224 609.2239 609.2249 609.2199 609.2209 609.2201 609.2211 609.2194 609.2162 609.2163 609.214 609.2141 609.2136 609.2132 609.2122 609.2062 609.2098 609.2056 609.204 609.2022 609.1992 609.197
609.2283 609.2225 609.2155 609.2094 609.2023 609.1957 609.1896 609.1827 609.1768 609.1698 609.164 609.1634 609.1675 609.1605 609.1539 609.1482 609.1547 609.1501 609.1464 609.1521 609.1451 609.1433 609.1465 609.1417 609.1475 609.14 609.1457 609.1407 609.1434 609.1428 609.1456 609.1431 609.1446 609.1448 609.1444 609.1465 609.1479 609.1463 609.1472 609.1508 609.1486 609.1486 609.1498 609.152 609.1489 609.1503 609.1491 609.1514 609.1511 609.1494 609.1497 609.1473 609.1484 609.1487 609.149 609.1491 609.1451 609.1484 609.1454 609.1447 609.1434 609.1409 609.1385
609.1282 609.1225 609.1155 609.1094 609.1024 609.0959 609.0898 609.0829 609.0772 609.0702 609.0646 609.0659 609.0701 609.0631 609.0566 609.0528 609.0593 609.0548 609.0531 609.0588 609.0518 609.0519 609.0551 609.052 609.0579 609.0515 609.0577 609.0532 609.0571 609.058 609.0609 609.0598 609.0613 609.0632 609.0642 609.0662 609.0689 609.0688 609.0704 609.0743 609.0737 609.0749 609.076 609.079 609.0778 609.0796 609.0784 609.0817 609.0829 609.0826 609.0832 609.0805 609.0825 609.084 609.0848 609.0859 609.0842 609.0868 609.0853 609.0853 609.0847 609.0827 609.08
608.8026 608.7971 608.79 608.7841 608.7823 608.776 608.7749 608.7679 608.7673 608.7604 608.8589 608.9095 608.904 608.8985 608.9473 608.963 608.9639 608.9595 608.9598 608.9655 608.9585 608.9605 608.9637 608.9623 608.9683 608.9635 608.9696 608.9669 608.9708 608.9733 608.9761 608.9765 608.9781 608.9815 608.9839 608.9863 608.9899 608.9915 608.9939 608.9978 608.9988 609.0011 609.0031 609.006 609.0068 609.0089 609.008 609.0119 609.0146 609.0157 609.0166 609.0151 609.0177 609.0203 609.0209 609.0226 609.0231 609.0251 609.0252 609.0259 609.0259 609.0245 609.0219
607.9512 607.9456 607.9385 607.9327 607.9486 607.9427 607.9579 607.9509 607.9666 607.9633 608.0696 608.1244 608.1255 608.1285 608.1939 608.2827 608.2758 608.3579 608.4236 608.4281 608.5229 608.566 608.6451 608.7037 608.7595 608.8306 608.8832 608.886 608.8845 608.8885 608.8914 608.8932 608.8953 608.8998 608.9037 608.9072 608.9109 608.914 608.9174 608.9213 608.9239 608.9273 608.9301 608.933 608.9357 608.9382 608.9388 608.9422 608.9464 608.9489 608.95 608.9502 608.9536 608.9566 608.957 608.9593 608.9612 608.9633 608.965 608.9665 608.9671 608.9662 608.9648
607.0999 607.0941 607.0871 607.0863 607.1149 607.1091 607.1411 607.1347 607.1659 607.1741 607.2804 607.3393 607.358 607.3582 607.4405 607.5273 607.5206 607.6185 607.6823 607.7146 607.8094 607.861 607.9426 608.013 608.0763 608.1517 608.2143 608.3011 608.3765 608.444 608.5186 608.5831 608.6545 608.7386 608.8217 608.8335 608.8318 608.8365 608.8409 608.8448 608.8489 608.8536 608.8571 608.86 608.8646 608.8676 608.8696 608.8734 608.8779 608.882 608.8834 608.8853 608.8894 608.8928 608.8942 608.8961 608.8999 608.9018 608.9043 608.9065 608.9083 608.9081 608.9077
606.2485 606.2426 606.2356 606.2524 606.2811 606.2755 606.3241 606.3183 606.3652 606.3848 606.4911 606.5543 606.5904 606.6009 606.6871 606.7719 606.7798 606.8848 606.941 607.0011 607.1097 607.1584 607.2401 607.3225 607.3931 607.4724 607.5453 607.6429 607.7184 607.7978 607.8799 607.9519 608.0289 608.1126 608.1996 608.2864 608.357 608.448 608.5359 608.6046 608.692 608.7835 608.787 608.787 608.7936 608.7969 608.8004 608.8052 608.8091 608.8149 608.8168 608.8203 608.8253 608.8291 608.8313 608.8328 608.8387 608.84 608.8434 608.8463 608.8495 608.8499 608.8505
605.3971 605.3911 605.3841 605.4184 605.4474 605.4416 605.5071 605.5015 605.5645 605.5955 605.7018 605.7694 605.8228 605.8455 605.9338 606.0165 606.0403 606.1625 606.2202 606.2877 606.4052 606.4559 606.5586 606.6321 606.7099 606.799 606.8764 606.9847 607.0747 607.1516 607.2502 607.3207 607.403 607.4867 607.5776 607.6711 607.7418 607.8453 607.9366 608.0053 608.1011 608.1981 608.2844 608.3515 608.4542 608.5383 608.6188 608.7072 608.7469 608.7479 608.7503 608.7554 608.7612 608.7654 608.7685 608.7714 608.7774 608.7797 608.7834 608.7869 608.7908 608.7917 608.7934
604.5458 604.5396 604.5325 604.5844 604.6136 604.6161 604.6902 604.6912 604.7638 604.8063 604.9115 604.9845 605.0552 605.0901 605.1804 605.2611 605.3008 605.4322 605.5081 605.5742 605.7006 605.7534 605.8727 605.9476 606.0314 606.1301 606.2158 606.3265 606.4361 606.5054 606.605 606.6896 606.777 606.8734 606.9556 607.0559 607.1428 607.2426 607.3373 607.4183 607.5124 607.6128 607.7025 607.7751 607.8846 607.9666 608.0529 608.1422 608.2314 608.3387 608.4125 608.5049 608.6099 608.7045 608.7065 608.7104 608.7161 608.7195 608.7241 608.7281 608.7316 608.7335 608.7363
603.6945 603.6881 603.681 603.7505 603.7798 603.7993 603.8734 603.8905 603.9632 604.017 604.1111 604.1993 604.2854 604.3348 604.427 604.5056 604.5614 604.7019 604.7928 604.8626 604.996 605.0508 605.1868 605.2644 605.3783 605.4611 605.5669 605.6683 605.7913 605.8592 605.9769 606.0584 606.1511 606.2518 606.3441 606.4407 606.5461 606.6456 606.738 606.8275 606.9334 607.0274 607.1206 607.2047 607.3197 607.3949 607.487 607.5773 607.6713 607.7774 607.8511 607.951 608.0591 608.1538 608.2407 608.3348 608.4471 608.5335 608.6349 608.6715 608.673 608.6752 608.6791
602.8432 602.8366 602.8294 602.9165 602.9461 602.9824 603.0566 603.0898 603.1626 603.2277 603.3227 603.4144 603.5153 603.5794 603.6736 603.75 603.8389 603.9716 604.0646 604.1689 604.282 604.3592 604.491 604.5812 604.7123 604.7921 604.918 605.0101 605.1384 605.2256 605.3487 605.4272 605.5251 605.6298 605.7391 605.8255 605.9434 606.0541 606.1387 606.2365 606.352 606.4509 606.5387 606.6334 606.7486 606.8248 606.9211 607.0124 607.1113 607.2161 607.2933 607.4033 607.5104 607.6031 607.6924 607.7947 607.9013 607.9915 608.0929 608.1915 608.2753 608.36 608.4585
601.9919 601.9851 601.9781 602.0825 602.1124 602.1656 602.2397 602.2891 602.362 602.4384 602.5402 602.6312 602.7452 602.824 602.9203 602.9945 603.1205 603.2398 603.3389 603.4752 603.5667 603.6805 603.8054 603.8981 604.0447 604.1232 604.269 604.3678 604.4922 604.5996 604.7205 604.8016 604.8992 605.0078 605.1344 605.213 605.3406 605.4623 605.5394 605.6456 605.7666 605.8762 605.9568 606.0623 606.1769 606.2661 606.3573 606.4474 606.5512 606.6547 606.7394 606.8535 606.9664 607.0526 607.1441 607.2546 607.3555 607.4495 607.5509 607.6483 607.7322 607.8193 607.9202
601.1406 601.1337 601.1366 601.2486 601.2786 601.3488 601.4229 601.4884 601.5614 601.6492 601.7577 601.8637 601.9752 602.0686 602.1669 602.2438 602.3961 602.4982 602.6254 602.7706 602.8616 602.9991 603.1218 603.2149 603.377 603.4653 603.6183 603.7294 603.846 603.9733 604.0923 604.1796 604.2798 604.3857 604.5244 604.6169 604.738 604.8707 604.951 605.0591 605.1813 605.3013 605.3748 605.4915 605.6052 605.7008 605.7956 605.8861 605.995 606.0934 606.1855 606.3027 606.4166 606.5119 606.5958 606.7145 606.8097 606.9075 607.0089 607.105 607.1891 607.2823 607.3795
600.9352 600.9302 600.9458 600.9386 600.9484 600.9529 600.9622 600.9653 600.9805 600.9928 600.9885 601.0961 601.2117 601.3132 601.4135 601.5115 601.6658 601.7774 601.9218 602.066 602.1595 602.3132 602.4382 602.5549 602.7094 602.8163 602.9601 603.0909 603.1998 603.3471 603.4623 603.5575 603.6681 603.7802 603.9092 604.0208 604.138 604.2721 604.368 604.48 604.5959 604.7258 604.8066 604.9266 605.0334 605.1349 605.231 605.326 605.4419 605.5321 605.637 605.752 605.866 605.9636 606.0475 606.1743 606.264 606.3654 606.4669 606.5618 606.6461 606.7445 606.8403
600.8015 600.7966 600.8088 600.8017 600.8121 600.8159 600.825 600.8247 600.8387 600.8439 600.8593 600.8782 600.8961 600.9113 600.9254 600.9429 600.9475 601.0654 601.2281 601.3615 601.4808 601.6274 601.7547 601.9017 602.0417 602.1674 602.3019 602.4523 602.5713 602.7208 602.8311 602.9354 603.0563 603.1752 603.2939 603.4247 603.5465 603.6728 603.7811 603.901 604.0151 604.1439 604.24 604.3617 604.4617 604.569 604.666 604.766 604.8888 604.9738 605.0912 605.2058 605.3152 605.4153 605.5056 605.634 605.722 605.8234 605.9282 606.0186 606.1029 606.2067 606.301
600.6678 600.6629 600.6718 600.6647 600.6758 600.6788 600.6877 600.6844 600.697 600.695 600.7079 600.7274 600.7458 600.7634 600.7802 600.7897 600.8148 600.8334 600.8644 600.8911 600.9167 600.9415 601.0712 601.2475 601.37 601.5185 601.6609 601.8137 601.9453 602.0891 602.2 602.3118 602.4379 602.5704 602.6871 602.8286 602.9551 603.0735 603.1902 603.322 603.4404 603.562 603.6703 603.7969 603.8977 604.0052 604.1011 604.2059 604.3357 604.4199 604.5454 604.6621 604.7646 604.867 604.9655 605.0887 605.1799 605.2814 605.3915 605.4753 605.5605 605.6682 605.7618
600.5341 600.5292 600.5348 600.5278 600.5394 600.5417 600.5506 600.544 600.5543 600.5461 600.5565 600.5766 600.5966 600.6198 600.6348 600.6366 600.6584 600.6748 600.7012 600.7248 600.7556 600.7855 600.8105 600.8484 600.8724 600.886 601.0225 601.175 601.3193 601.4609 601.5728 601.6862 601.8214 601.9656 602.0909 602.2325 602.3635 602.4796 602.6057 602.743 602.8658 602.9801 603.0991 603.232 603.339 603.4435 603.5408 603.6512 603.7744 603.8707 603.9956 604.1182 604.2234 604.3187 604.4254 604.543 604.6379 604.7394 604.8482 604.9321 605.0273 605.126 605.2226
600.4004 600.3955 600.3978 600.3908 600.4028 600.4047 600.4102 600.4033 600.4074 600.3972 600.4052 600.4258 600.4487 600.4745 600.4891 600.4834 600.502 600.5163 600.538 600.5591 600.5971 600.6255 600.6505 600.6894 600.7026 600.7177 600.7583 600.7936 600.8379 600.858 600.9507 601.0745 601.2164 601.3608 601.4949 601.6306 601.7718 601.8967 602.0267 602.1639 602.2911 602.4047 602.5334 602.6671 602.7803 602.8819 602.9808 603.0981 603.213 603.3248 603.445 603.5742 603.6833 603.7704 603.8851 603.9971 604.0959 604.1973 604.305 604.3889 604.4927 604.5839 604.6833
600.2667 600.2618 600.2609 600.2538 600.2662 600.2676 600.2697 600.2628 600.2606 600.2484 600.2538 600.275 600.3008 600.3292 600.3369 600.3307 600.3456 600.3578 600.3705 600.4005 600.4405 600.4655 600.497 600.528 600.5328 600.5346 600.5656 600.5849 600.6168 600.6519 600.6848 600.7241 600.774 600.831 600.8987 601.0389 601.1801 601.3137 601.4476 601.5792 601.7163 601.8381 601.9686 602.1003 602.217 602.3196 602.4207 602.545 602.6544 602.7791 602.9013 603.0274 603.1382 603.222 603.3449 603.4525 603.5539 603.6553 603.7618 603.8458 603.9548 604.0433 604.1441
600.1331 600.1281 600.124 600.1169 600.1296 600.1305 600.1292 600.1223 600.1137 600.0974 600.1033 600.1271 600.1583 600.1823 600.1848 600.1785 600.1893 600.1957 600.2042 600.2394 600.2805 600.3055 600.3433 600.3652 600.363 600.3527 600.3728 600.3735 600.3912 600.4173 600.4401 600.4711 600.4887 600.5421 600.5769 600.639 600.7197 600.803 600.8687 601.0046 601.1415 601.2714 601.4037 601.5294 601.6532 601.7556 601.8607 601.9919 602.1043 602.2333 602.3576 602.4767 602.5899 602.6765 602.8047 602.9105 603.0118 603.1181 603.2186 603.3027 603.4161 603.504 603.6049
599.9993 599.9939 599.987 599.98 599.993 599.9935 599.9886 599.9818 599.9668 599.9454 599.9528 599.9817 600.0164 600.0369 600.0327 600.0264 600.0306 600.0298 600.0393 600.0825 600.1205 600.1455 600.1895 600.2025 600.1934 600.1707 600.1689 600.1565 600.1671 600.1827 600.1953 600.218 600.2034 600.2362 600.2257 600.2636 600.3179 600.381 600.4683 600.5587 600.6572 600.775 600.8389 600.9706 601.0915 601.1956 601.3075 601.4388 601.5585 601.6875 601.8138 601.9343 602.0416 602.1363 602.2645 602.3684 602.4698 602.5814 602.6753 602.7684 602.874 602.9648 603.0656
