samples/site316/site316_v3/site316_v3/sfe316_v3.asc
ncols         188
nrows         75
xllcorner     96.2
yllcorner     62.6
cellsize      1
NODATA_value  -9999
[rows 28 to 55 of 75, columns 63 to 125 of 188]
599.802 599.9344 599.7425 599.5525 599.668 599.7305 599.734 599.7995 599.8135 599.861 599.879 599.883 599.8712 599.8868 599.8805 599.8743 599.8697 599.8641 599.8813 599.9261 599.9605 599.9918 600.0319 600.0398 600.0239 599.9888 599.9602 599.9396 599.9438 599.9481 599.9505 599.9595 599.9182 599.9216 599.8732 599.8883 599.9009 599.9373 599.9987 600.1252 600.188 600.3063 600.4104 600.5058 600.601 600.6964 600.7544 600.8857 601.0128 601.1405 601.2698 601.3942 601.4933 601.5961 601.7242 601.8264 601.9278 602.0447 602.1321 602.2352 602.3318 602.4255 602.5264
599.581 599.8465 599.654 599.413 599.652 599.8455 599.7815 599.707 599.6185 599.6195 599.6235 599.7595 599.685 599.5175 599.5925 599.743 599.657 599.404 599.646 599.7235 599.8005 599.838 599.8721 599.877 599.8526 599.8068 599.7515 599.702 599.6415 599.526 599.61 599.6045 599.5565 599.579 599.401 599.29 599.459 599.7095 599.5535 599.6925 599.7189 599.8029 599.8997 600.0217 600.0921 600.2156 600.365 600.4664 600.6059 600.6915 600.7259 600.8542 600.945 601.0558 601.184 601.2844 601.3858 601.505 601.5889 601.7019 601.7898 601.8863 601.9872
599.5675 599.603 599.738 599.5515 599.6385 599.8775 599.8715 599.8521 599.6215 599.618 599.624 599.5125 599.618 599.614 599.6415 599.652 599.6225 599.355 599.5745 599.7545 599.542 599.5635 599.732 599.7025 599.4465 599.2115 599.3719 599.4095 599.416 599.392 599.265 599.2485 599.232 599.3725 599.261 599.0635 599.316 599.4075 599.2075 599.205 599.3705 599.5445 599.5405 599.57 599.6285 599.7466 599.896 600.0356 600.2203 600.3218 600.417 600.4927 600.5412 600.6426 600.6845 600.7423 600.8447 600.9617 601.0457 601.164 601.2477 601.3471 601.4479
599.7035 599.5345 599.6115 599.5405 599.6985 599.7925 599.6315 599.798 599.743 599.7165 599.7015 599.609 599.7725 599.7635 599.7485 599.8015 599.642 599.3835 599.593 599.821 599.5575 599.3715 599.426 599.534 599.4105 599.3079 599.3801 599.348 599.3125 599.448 599.3775 599.3595 599.3445 599.412 599.217 598.985 599.214 599.3715 599.3055 599.143 599.197 599.2905 599.1465 599.173 599.235 599.272 599.3615 599.6684 599.8442 599.9521 600.0593 600.123 600.1719 600.2485 600.3416 600.429 600.5031 600.5695 600.619 600.649 600.707 600.8079 600.9088
599.9726 599.9656 599.9595 599.9526 599.9456 599.9497 599.9589 599.9311 599.8996 599.8842 599.8776 599.8784 599.8989 599.915 599.8855 599.8444 599.819 599.709 599.8045 599.8145 599.831 599.8322 599.815 599.77 599.429 599.2685 599.41 599.42 599.2235 599.2115 599.346 599.3305 599.306 599.2626 599.1478 599.1695 599.1625 599.1765 599.3355 599.143 598.9925 599.1425 599.0425 599.014 599.1845 599.2255 599.1035 599.0594 599.433 599.6088 599.6979 599.7534 599.8023 599.8601 599.9706 600.0798 600.1864 600.256 600.3267 600.3823 600.4348 600.4837 600.5322
600.1063 600.0993 600.0962 600.0895 600.0824 600.0865 600.0958 600.0678 600.0463 600.0316 600.0287 600.025 600.0442 600.0617 600.0341 599.9969 599.9628 599.9602 599.9625 599.9792 599.9908 599.9921 599.9739 599.9314 599.8685 599.7816 599.652 599.656 599.541 599.3475 599.37 599.338 599.277 599.4189 599.327 599.351 599.1505 598.9685 599.0245 599.116 599.1169 599.243 599.05 598.885 598.9635 599.1175 599.0415 598.825 599.106 599.2875 599.263 599.36 599.273 599.4435 599.607 599.748 599.8757 599.9486 600.0333 600.085 600.1375 600.1899 600.2206
600.24 600.233 600.2322 600.2265 600.2192 600.2233 600.2326 600.2056 600.1929 600.179 600.1789 600.173 600.1895 600.207 600.1827 600.1525 600.126 600.1249 600.1231 600.1432 600.1507 600.1518 600.1328 600.0928 600.0305 599.9536 599.911 599.8404 599.7863 599.7265 599.5395 599.666 599.3905 599.355 599.485 599.311 599.109 599.0229 598.9835 599.145 599.306 599.309 599.058 598.952 599.079 599.105 598.9889 599.0285 599.06 598.949 599.0115 598.9905 598.951 599.034 598.9625 599.1925 599.5818 599.6587 599.74 599.7995 599.8401 599.8928 599.9229
600.3737 600.3667 600.3658 600.3634 600.356 600.3602 600.3694 600.3457 600.3396 600.3264 600.3264 600.3243 600.3348 600.3524 600.3326 600.3082 600.2892 600.2896 600.2837 600.3038 600.3105 600.3115 600.2917 600.2543 600.1924 600.1352 600.1202 600.0641 600.0168 599.9612 599.8917 599.8004 599.594 599.299 599.3255 599.383 599.427 599.408 599.387 599.256 599.1355 599.271 599.1715 598.9655 598.9875 598.9615 598.9255 598.8865 598.8475 598.7765 598.921 598.884 598.8573 598.997 598.9095 598.8335 598.848 598.9109 599.176 599.521 599.5495 599.5956 599.626
600.5074 600.5004 600.4996 600.5004 600.4928 600.4969 600.5062 600.4861 600.4863 600.4737 600.4739 600.4756 600.4811 600.4977 600.4839 600.4634 600.4524 600.4543 600.4465 600.4644 600.4704 600.4713 600.4514 600.417 600.3782 600.335 600.3289 600.288 600.2474 600.21 600.1502 600.0721 599.9774 599.8735 599.7202 599.6845 599.584 599.5375 599.623 599.5255 599.4205 599.4415 599.424 599.3695 599.1625 599.155 599.131 598.96 598.983 599.067 599.164 599.0985 599.0605 598.931 598.804 598.665 598.7415 598.7922 598.7695 598.761 598.983 598.9455 598.8415
600.6411 600.634 600.6332 600.6373 600.6295 600.6336 600.6429 600.6265 600.6329 600.6211 600.6214 600.6273 600.6282 600.643 600.6354 600.6182 600.6156 600.6191 600.6111 600.6249 600.6302 600.631 600.616 600.5917 600.5634 600.5375 600.5322 600.5118 600.4885 600.4645 600.4197 600.3383 600.2882 600.1937 600.1202 600.0385 600.0024 599.9705 599.8951 599.8104 599.788 599.692 599.6807 599.6275 599.5565 599.5725 599.6506 599.6694 599.6984 599.6238 599.419 599.2005 599.0854 599.156 599.2275 599.0735 599.143 599.281 598.9405 598.6835 598.718 598.8055 598.8192
600.7748 600.7678 600.767 600.7743 600.7662 600.7703 600.7796 600.7672 600.7796 600.7684 600.7689 600.7787 600.7756 600.7883 600.7852 600.7729 600.7788 600.7838 600.7757 600.7855 600.7945 600.7907 600.7802 600.7661 600.7418 600.7432 600.7555 600.7438 600.7316 600.7145 600.6845 600.6135 600.599 600.5559 600.5202 600.4766 600.4623 600.4015 600.3621 600.3169 600.2547 600.201 600.1473 600.0851 600.04 600.033 600.0573 600.0619 600.0481 599.9925 599.9152 599.8336 599.7654 599.7452 599.7632 599.7621 599.7448 599.6861 599.6465 599.5822 599.511 599.377 599.2061
600.9086 600.9014 600.9006 600.9113 600.903 600.907 600.9163 600.9085 600.9238 600.9158 600.9164 600.9301 600.9232 600.9337 600.9375 600.9301 600.9395 600.932 600.9946 600.9866 601.0204 601.0988 601.0989 601.0884 601.0814 601.0712 601.0998 601.173 601.1658 601.1013 601.0259 601.0159 601.009 600.9991 600.9894 600.9287 600.8561 600.8483 600.8043 600.7755 600.7218 600.7106 600.6144 600.5946 600.507 600.4999 600.4568 600.4543 600.3978 600.3531 600.2882 600.2066 600.1527 600.109 600.1023 600.0729 600.0387 599.9803 599.9329 599.8686 599.7939 599.7198 599.6511
601.0405 601.0351 601.0343 601.034 601.0958 601.1006 601.1489 601.2451 601.2429 601.3478 601.3748 601.3851 601.4844 601.4883 601.5568 601.6004 601.5934 601.6249 601.6962 601.6882 601.7023 601.7807 601.7703 601.7546 601.7417 601.7266 601.7405 601.8123 601.7902 601.7195 601.6504 601.6307 601.6192 601.6047 601.5858 601.5195 601.4525 601.4359 601.3821 601.3026 601.2756 601.1973 601.1431 601.0656 601.0141 600.937 600.8594 600.7827 600.7191 600.705 600.6612 600.5796 600.5257 600.4587 600.4399 600.384 600.3329 600.2745 600.2196 600.1552 600.0842 600.018 599.9453
601.6514 601.7628 601.7919 601.8037 601.9125 601.9172 601.949 602.0452 602.0365 602.1323 602.1593 602.1399 602.2391 602.243 602.3115 602.3275 602.3205 602.3264 602.3976 602.3898 602.3843 602.4612 602.4366 602.4209 602.3969 602.382 602.3813 602.4468 602.4146 602.3376 602.2747 602.2454 602.2246 602.2098 602.1819 602.1102 602.0484 602.0229 601.9599 601.8772 601.8472 601.7689 601.7086 601.631 601.5756 601.4985 601.4189 601.3347 601.2698 601.1907 601.1052 601.0185 600.9213 600.8172 600.7329 600.6635 600.6271 600.5687 600.5064 600.442 600.3746 600.3161 600.2395
602.5031 602.5966 602.6256 602.6204 602.7292 602.7337 602.7491 602.8452 602.8367 602.9168 602.9435 602.8986 602.9938 602.9977 603.0662 603.0546 603.0476 603.0279 603.0991 603.0914 603.0662 603.1389 603.1029 603.0872 603.0522 603.0374 603.022 603.0812 603.0391 602.9558 602.8989 602.86 602.83 602.815 602.778 602.701 602.6447 602.6056 602.5378 602.4542 602.4189 602.3366 602.274 602.1965 602.1371 602.0585 601.9785 601.8854 601.8206 601.7387 601.6529 601.5644 601.4609 601.3622 601.2717 601.1598 601.0751 600.9714 600.8571 600.7428 600.6373 600.6138 600.5338
603.3549 603.4303 603.4594 603.4515 603.546 603.5502 603.5493 603.6453 603.6368 603.7013 603.728 603.668 603.7485 603.7524 603.8209 603.7817 603.7748 603.7294 603.8006 603.793 603.7482 603.8167 603.7693 603.7534 603.7074 603.6925 603.6627 603.7152 603.6594 603.574 603.5233 603.4745 603.4354 603.4206 603.3725 603.2918 603.2352 603.1845 603.1156 603.033 602.9905 602.9003 602.8395 602.7583 602.6986 602.6147 602.538 602.4388 602.3715 602.2867 602.1954 602.1103 602.0005 601.9071 601.8083 601.7023 601.6177 601.508 601.3937 601.2794 601.1766 601.0589 600.9476
604.2064 604.264 604.2931 604.285 604.3627 604.3668 604.359 604.4454 604.437 604.4858 604.5127 604.4372 604.5032 604.5071 604.5756 604.5087 604.5021 604.4308 604.5021 604.4943 604.4301 604.4941 604.4356 604.4194 604.3627 604.3458 604.3035 604.3498 604.2775 604.1924 604.1479 604.0892 604.0408 604.0259 603.9633 603.8815 603.8158 603.7634 603.6934 603.6116 603.5621 603.4672 603.4049 603.3195 603.2601 603.1743 603.0956 602.9932 602.9222 602.8347 602.7413 602.655 602.5401 602.452 602.345 602.2449 602.1517 602.0446 601.9302 601.816 601.716 601.5896 601.4883
605.058 605.0978 605.1269 605.1188 605.1794 605.1833 605.1758 605.2455 605.2371 605.2703 605.2912 605.2063 605.258 605.2619 605.3166 605.2359 605.2271 605.1448 605.2036 605.1926 605.1143 605.1716 605.1019 605.0854 605.0179 604.993 604.9442 604.971 604.8957 604.8108 604.7721 604.704 604.6461 604.6248 604.554 604.4702 604.3964 604.3423 604.2713 604.1906 604.1337 604.0342 603.9704 603.8852 603.8217 603.7338 603.6372 603.5477 603.473 603.3828 603.2872 603.1946 603.0834 602.997 602.8817 602.7874 602.6911 602.5812 602.4669 602.3528 602.2548 602.1265 602.0289
605.9096 605.9315 605.9606 605.9524 605.9962 605.9999 605.9921 606.0457 606.0374 606.0549 606.0603 605.9756 606.0127 606.0166 606.0438 605.9631 605.9485 605.859 605.9051 605.8864 605.8034 605.8492 605.7682 605.7516 605.6732 605.6403 605.5849 605.592 605.5139 605.4293 605.3954 605.3185 605.2515 605.2181 605.1448 605.0588 604.9771 604.9213 604.8491 604.7695 604.7053 604.6012 604.5358 604.4556 604.382 604.2933 604.1874 604.0995 604.0216 603.9308 603.8331 603.7342 603.6267 603.5392 603.4195 603.33 603.2306 603.1177 603.0034 602.8922 602.7899 602.6672 602.5638
606.7612 606.7653 606.7944 606.7859 606.8129 606.8166 606.8092 606.8458 606.8377 606.8394 606.8294 606.7449 606.7674 606.7713 606.7709 606.6902 606.67 606.5728 606.6066 606.5802 606.4929 606.5247 606.4346 606.4172 606.3284 606.2875 606.2256 606.2131 606.1321 606.0477 606.0069 605.9333 605.8569 605.8114 605.7356 605.6475 605.5577 605.5002 605.4269 605.3481 605.2688 605.1682 605.1013 605.0218 604.9378 604.8528 604.738 604.6503 604.5685 604.4788 604.379 604.2738 604.1712 604.0714 603.9599 603.8726 603.7686 603.6543 603.54 603.4316 603.3206 603.2078 603.0946
607.6128 607.6047 607.6281 607.6196 607.6296 607.6332 607.6263 607.6459 607.638 607.6307 607.5986 607.5142 607.5221 607.526 607.4982 607.4174 607.3915 607.2867 607.308 607.274 607.1823 607.1911 607.1009 607.0724 606.9836 606.9348 606.8664 606.8341 606.7502 606.6661 606.6185 606.5448 606.4623 606.4047 606.3264 606.2362 606.1423 606.079 606.0029 605.9269 605.8313 605.7352 605.6645 605.5833 605.4937 605.4038 605.2886 605.2011 605.1154 605.0235 604.9249 604.8134 604.7161 604.6059 604.5004 604.4044 604.3052 604.1909 604.0766 603.971 603.8513 603.7485 603.6252
608.4644 608.4566 608.4619 608.4534 608.4464 608.4498 608.4429 608.4459 608.4383 608.4305 608.3677 608.2833 608.2769 608.2808 608.2253 608.1446 608.1129 608.0013 608.0095 607.9679 607.8737 607.8574 607.7673 607.7277 607.6389 607.582 607.5071 607.4551 607.3687 607.2845 607.23 607.1502 607.0676 606.998 606.9162 606.8253 606.7297 606.658 606.5776 606.4985 606.3939 606.3021 606.2256 606.1448 606.0494 605.9454 605.8392 605.7519 605.6624 605.566 605.4679 605.3539 605.261 605.1425 605.0423 604.9333 604.8417 604.7274 604.6132 604.5095 604.3863 604.2891 604.156
609.0726 609.0646 609.0576 609.0491 609.0421 609.0336 609.0266 609.0181 609.0082 608.9968 608.9866 608.9796 608.9691 608.9595 608.9525 608.8718 608.8344 608.7227 608.7111 608.6617 608.5675 608.5237 608.4336 608.3829 608.2941 608.2292 608.1516 608.0762 607.9871 607.903 607.8415 607.7556 607.673 607.5912 607.5049 607.4216 607.3168 607.2369 607.1522 607.0702 606.9579 606.8691 606.7869 606.7054 606.6081 606.4897 606.39 606.3027 606.2093 606.1085 606.0075 605.8973 605.806 605.6797 605.5848 605.4726 605.3783 605.264 605.1497 605.0447 604.9271 604.8258 604.6968
609.1129 609.1049 609.0979 609.0895 609.0825 609.074 609.0671 609.0587 609.0486 609.0372 609.0275 609.0205 609.01 608.9985 608.9886 608.9767 608.9653 608.9565 608.9449 608.9334 608.9212 608.9093 608.8975 608.8856 608.875 608.8685 608.7961 608.6972 608.6055 608.5259 608.4531 608.361 608.2784 608.1846 608.0936 608.0032 607.8957 607.8158 607.7268 607.6384 607.5249 607.4362 607.3481 607.2613 607.1676 607.0403 606.9407 606.8535 606.7563 606.6511 606.5471 606.4406 606.3411 606.2202 606.1274 606.0121 605.9149 605.8006 605.6866 605.5799 605.4678 605.3565 605.2375
609.1531 609.1452 609.1382 609.1298 609.1228 609.1145 609.1075 609.0991 609.0892 609.0777 609.0684 609.0615 609.051 609.0395 609.0299 609.018 609.007 608.9982 608.9868 608.9756 608.9634 608.9518 608.9401 608.9285 608.9159 608.904 608.892 608.8781 608.8654 608.854 608.8404 608.8257 608.816 608.7778 608.6823 608.5839 608.4746 608.3947 608.3015 608.201 608.0919 608.0062 607.9092 607.8171 607.712 607.5909 607.4915 607.4017 607.3043 607.1935 607.0867 606.9839 606.8734 606.7606 606.6585 606.5515 606.4515 606.3372 606.226 606.1129 606.0086 605.887 605.7783
609.1934 609.1855 609.1786 609.1702 609.1632 609.155 609.1479 609.1396 609.1296 609.1182 609.1094 609.1024 609.0919 609.0804 609.0712 609.0593 609.0488 609.04 609.0285 609.0177 609.0055 608.9944 608.9827 608.9714 608.9588 608.9474 608.9354 608.9214 608.9096 608.8982 608.8846 608.8707 608.8583 608.8434 608.8292 608.8151 608.7987 608.7853 608.7714 608.7635 608.6589 608.5706 608.4705 608.373 608.2537 608.1414 608.0422 607.9487 607.8516 607.7394 607.6263 607.5273 607.4056 607.301 607.1874 607.0909 606.988 606.8738 606.7643 606.6462 606.5493 606.4174 606.319
609.2337 609.2259 609.2189 609.2106 609.2036 609.1954 609.1884 609.1801 609.1701 609.1587 609.1503 609.1433 609.1328 609.1213 609.1125 609.1006 609.0906 609.0818 609.0703 609.0599 609.0477 609.037 609.0253 609.0143 609.0017 608.9908 608.9787 608.9648 608.9538 608.9424 608.9288 608.9157 608.9033 608.8885 608.8749 608.8608 608.8454 608.832 608.8184 608.8031 608.7874 608.7734 608.7581 608.7433 608.727 608.692 608.593 608.4956 608.3941 608.2808 608.1678 608.0706 607.9401 607.8415 607.7163 607.6304 607.5246 607.4103 607.2994 607.187 607.0877 606.9567 606.8597
609.274 609.2662 609.2592 609.2509 609.2439 609.2358 609.2288 609.2206 609.2106 609.1992 609.1913 609.1843 609.1738 609.1623 609.1539 609.1419 609.1323 609.1236 609.1121 609.102 609.0898 609.0797 609.0679 609.0573 609.0447 609.0342 609.0223 609.0082 608.998 608.9866 608.973 608.9607 608.9482 608.9335 608.9207 608.9064 608.8921 608.8787 608.8653 608.8501 608.8354 608.8218 608.8064 608.7921 608.7736 608.7584 608.7433 608.7278 608.7126 608.6954 608.684 608.6107 608.4803 608.3823 608.2541 608.1699 608.0612 607.9469 607.8347 607.7277 607.6182 607.4974 607.3921
