samples/site316/site316_v3/site316_v3/sfe316_v3.asc
ncols         188
nrows         75
xllcorner     96.2
yllcorner     62.6
cellsize      1
NODATA_value  -9999
[rows 28 to 55 of 75, columns 0 to 62 of 188]
-9999 605.8924 602.8029 602.5824 602.3843 602.1766 601.9697 601.7633 601.5493 601.4165 601.3576 601.2896 601.2307 601.1723 601.117 601.0647 601.0112 600.9622 600.9168 600.8629 600.8137 600.762 600.7214 600.6887 600.6657 600.6419 600.6138 600.5747 600.5237 600.4649 600.4185 600.4055 600.3912 600.3763 600.3525 600.3238 600.283 600.2507 600.2103 600.1779 600.1453 600.1356 600.1257 600.1161 600.1082 600.0966 600.0718 600.0424 600.0275 600.0195 600.0216 600.0199 599.9954 599.965 599.9435 599.815 599.857 599.9205 599.9193 599.9116 599.8965 599.7765 599.446
-9999 606.224 602.2375 601.9834 601.7792 601.5695 601.4405 601.3886 601.3195 601.2648 601.2059 601.1398 601.0806 601.0222 600.968 600.9171 600.8626 600.8137 600.7689 600.7218 600.668 600.6206 600.5742 600.5461 600.5306 600.5141 600.4866 600.456 600.4053 600.3373 600.283 600.2726 600.2614 600.2501 600.2296 600.2022 600.1655 600.1281 600.0866 600.063 599.97 599.8545 599.6655 599.844 599.7995 599.77 599.857 599.688 599.676 599.6345 599.5855 599.4685 599.3445 599.4395 599.595 599.4955 599.584 599.4355 599.3545 599.5305 599.637 599.49 599.417
-9999 606.5556 601.8447 601.4645 601.4094 601.3463 601.2824 601.2232 601.1617 601.113 601.0541 600.9955 600.9306 600.872 600.819 600.7656 600.7153 600.6663 600.6237 600.5807 600.5246 600.4784 600.4305 600.4084 600.3916 600.3787 600.3594 600.3334 600.2816 600.2202 600.1523 600.1393 600.1319 600.1236 600.1066 600.066 600.0205 599.7745 599.7585 599.599 599.4575 599.4399 599.352 599.297 599.262 599.2975 599.4615 599.437 599.396 599.397 599.3105 599.2776 599.2741 599.3138 599.3372 599.395 599.4554 599.246 599.262 599.358 599.5235 599.463 599.472
-9999 606.8873 602.1763 601.2997 601.2333 601.1702 601.1109 601.0577 601.0048 600.9614 600.9024 600.8435 600.7807 600.7219 600.6655 600.6145 600.5687 600.5186 600.4758 600.4355 600.3835 600.3327 600.287 600.263 600.2524 600.2427 600.233 600.2062 600.1629 599.9055 599.909 599.9905 599.954 599.913 599.715 599.718 599.8445 599.725 599.7515 599.583 599.4771 599.5139 599.5236 599.5125 599.508 599.483 599.583 599.4255 599.3785 599.4215 599.4445 599.501 599.2574 599.4945 599.528 599.5055 599.662 599.6455 599.7115 599.729 599.8115 599.6165 599.621
-9999 607.2189 602.5079 601.1207 601.0535 600.9912 600.9406 600.8923 600.8514 600.8013 600.7507 600.6918 600.6334 600.5718 600.5134 600.4638 600.4172 600.3695 600.3263 600.2877 600.2424 600.2095 600.234 600.2035 600.032 600.08 600.077 599.796 599.7495 599.701 599.822 600.015 599.9135 599.7725 599.5905 599.576 599.7505 599.7385 599.6435 599.761 599.7655 599.6875 599.46 599.67 599.775 599.823 600.0115 599.9135 599.743 599.8995 599.978 599.9907 599.998 599.985 599.96 599.9505 599.9606 599.9683 599.9791 599.9887 599.9669 599.9423 599.9205
-9999 607.5505 602.8395 600.9428 600.8764 600.8152 600.7703 600.7269 600.6851 600.6414 600.599 600.54 600.4814 600.4217 600.3632 600.3128 600.2657 600.135 599.9775 600.044 600.13 599.9351 599.9005 599.881 599.8005 599.9344 599.9484 600.0105 599.9935 599.98 599.888 599.7865 599.9105 599.874 599.8135 599.9905 600.0705 599.942 599.7355 599.8075 599.9585 599.8975 599.8425 600.0541 600.0735 600.0906 600.0941 600.088 600.0799 600.0833 600.097 600.1107 600.118 600.1097 600.0848 600.0771 600.0856 600.092 600.1014 600.1111 600.0893 600.0706 600.0523
-9999 607.8821 603.1711 600.7661 600.698 600.6379 600.6 600.5572 600.5187 600.4814 600.4473 600.3884 600.3294 600.2712 600.207 599.9285 599.7995 599.92 599.9885 599.8615 599.9896 599.943 599.771 599.8035 599.764 599.9775 600.2685 600.154 600.142 600.122 599.9585 600.0425 599.9905 600.1262 600.1559 600.1685 600.1762 600.1702 600.1621 600.156 600.1481 600.14 600.1524 600.1758 600.1913 600.2107 600.2142 600.211 600.2026 600.2048 600.2161 600.2307 600.238 600.2345 600.2095 600.2048 600.2108 600.2158 600.2254 600.2335 600.2117 600.1989 600.1831
-9999 608.2137 603.5027 600.5881 600.5134 600.4572 600.4197 600.3851 600.3524 600.3193 600.295 600.0375 599.9985 599.929 600.0105 600.0176 599.925 599.9775 600.187 600.146 600.2375 600.11 599.9935 600.1745 600.0485 600.179 600.2061 600.2192 600.2305 600.2407 600.2144 600.201 600.212 600.2482 600.2807 600.2916 600.2994 600.2962 600.288 600.2819 600.2767 600.2685 600.2781 600.2983 600.3125 600.3307 600.3343 600.3339 600.3253 600.3264 600.3368 600.3506 600.358 600.3579 600.3343 600.3301 600.3359 600.34 600.3506 600.3559 600.3345 600.3271 600.3139
-9999 608.5453 603.8343 600.2907 600.343 600.0565 599.945 599.9245 599.6715 599.8731 599.9215 599.847 600.0505 600.0775 600.1395 600.1995 600.2015 600.2085 600.234 600.2437 600.2603 600.2639 600.2786 600.2705 600.2798 600.3101 600.3413 600.353 600.3642 600.3737 600.3515 600.3392 600.3427 600.3703 600.4055 600.4147 600.4225 600.4222 600.4139 600.4078 600.4053 600.397 600.4037 600.4194 600.4346 600.4509 600.4544 600.4563 600.4481 600.4486 600.4575 600.4698 600.478 600.4777 600.4591 600.4554 600.461 600.4644 600.4755 600.4783 600.461 600.4554 600.4448
-9999 608.8769 604.1659 600.4802 599.8193 599.861 599.8965 600.0385 600.0795 600.3166 600.3442 600.367 600.3845 600.3842 600.3763 600.3683 600.3686 600.3838 600.3849 600.3948 600.4104 600.4128 600.4276 600.4194 600.4243 600.4491 600.4766 600.4867 600.4979 600.5065 600.4886 600.4774 600.4747 600.498 600.5309 600.5385 600.5457 600.548 600.5398 600.5337 600.5339 600.5256 600.5294 600.5395 600.5568 600.571 600.5745 600.579 600.5708 600.5714 600.5789 600.5889 600.598 600.5975 600.5841 600.5808 600.5861 600.5887 600.5992 600.6007 600.5884 600.5837 600.5756
-9999 609.2085 604.4975 600.7731 600.3655 600.3608 600.3887 600.4135 600.4504 600.4785 600.5098 600.5279 600.5417 600.5415 600.5338 600.526 600.5261 600.5413 600.5381 600.5481 600.5604 600.5637 600.5767 600.5684 600.5688 600.5881 600.6118 600.6204 600.6317 600.6392 600.6257 600.6156 600.6093 600.6261 600.6552 600.6645 600.6688 600.6737 600.6657 600.6595 600.6625 600.6541 600.6565 600.664 600.6789 600.693 600.6947 600.6991 600.6936 600.6942 600.7016 600.7083 600.718 600.7173 600.7094 600.7061 600.7112 600.7131 600.723 600.7231 600.7158 600.7126 600.7064
-9999 609.5401 604.8291 601.0659 600.5535 600.5527 600.5756 600.5961 600.621 600.6412 600.6753 600.6888 600.6989 600.6989 600.6913 600.6836 600.6878 600.6988 600.6914 600.7015 600.7104 600.7167 600.7258 600.7173 600.7133 600.729 600.747 600.7568 600.7654 600.7719 600.7628 600.7537 600.7451 600.7599 600.7772 600.79 600.7919 600.7995 600.7916 600.7855 600.7909 600.7826 600.7839 600.7923 600.801 600.8107 600.8149 600.8192 600.8165 600.8171 600.824 600.829 600.838 600.8371 600.8346 600.8315 600.8369 600.8375 600.8467 600.8455 600.8431 600.8432 600.8372
-9999 609.8717 605.1608 601.3588 600.7422 600.7476 600.7643 600.7789 600.7918 600.8103 600.8409 600.8497 600.8561 600.8563 600.8488 600.8412 600.8499 600.8563 600.8483 600.8548 600.8604 600.8699 600.8748 600.8663 600.858 600.8731 600.8835 600.8949 600.8991 600.9047 600.8999 600.8918 600.8833 600.8917 600.9016 600.916 600.9151 600.9229 600.9175 600.9113 600.9194 600.9111 600.9113 600.921 600.923 600.9319 600.9351 600.9393 600.9393 600.9399 600.9465 600.9498 600.958 600.9568 600.9598 600.9568 600.9652 600.9619 600.9711 600.9683 600.9705 600.9738 600.968
-9999 -9999 605.4924 601.6516 600.9396 600.9425 600.9531 600.9616 600.9688 600.9794 601.0065 601.0106 601.0133 601.0136 601.0064 600.9988 601.0118 601.0139 601.0061 601.0081 601.0102 601.0232 601.0237 601.0154 601.0074 601.0172 601.0285 601.0336 601.0328 601.0374 601.0374 601.0298 601.0217 601.0262 601.0363 601.042 601.0383 601.046 601.0433 601.0372 601.0459 601.0396 601.0388 601.0491 601.0447 601.0541 601.0554 601.0594 601.0621 601.0627 601.0692 601.0705 601.078 601.0767 601.0725 601.1411 601.1569 601.2754 601.3059 601.4026 601.4561 601.4996 601.6011
-9999 -9999 605.824 601.9445 601.1563 601.1375 601.142 601.1443 601.1407 601.1485 601.1715 601.1726 601.1718 601.171 601.1641 601.1563 601.1717 601.1716 601.1639 601.1613 601.16 601.1763 601.1727 601.1645 601.1567 601.1613 601.1741 601.1722 601.1666 601.1701 601.1757 601.1678 601.1599 601.1608 601.1698 601.168 601.1614 601.1692 601.1693 601.1631 601.1718 601.1682 601.1661 601.165 601.2096 601.2407 601.3228 601.4108 601.4614 601.5798 601.5997 601.7219 601.7654 601.8868 601.9115 602.0307 602.056 602.1652 602.1956 602.273 602.3263 602.3511 602.4525
-9999 -9999 606.1556 602.2373 601.434 601.3324 601.3308 601.3271 601.3188 601.3187 601.3375 601.3395 601.3339 601.3283 601.3217 601.3138 601.3293 601.3292 601.3213 601.3145 601.3098 601.3273 601.3216 601.3136 601.3056 601.3053 601.3045 601.3647 601.3703 601.364 601.3912 601.5019 601.5122 601.5097 601.537 601.6515 601.6683 601.6602 601.7407 601.8365 601.8283 601.9312 601.9924 602.0035 602.1228 602.1722 602.2389 602.3421 602.3716 602.4924 602.5098 602.632 602.6754 602.7969 602.8015 602.9204 602.9665 603.0549 603.0853 603.1433 603.1965 603.2026 603.304
-9999 -9999 606.4872 602.5302 601.7117 601.5436 601.6161 601.649 601.641 601.6332 601.6284 601.694 601.7495 601.747 601.7461 601.7441 601.7424 601.8196 601.8696 601.8707 601.8722 601.8787 601.9778 602.0221 602.0143 602.0199 602.0519 602.1573 602.1881 602.1917 602.2212 602.3318 602.3649 602.3807 602.403 602.5174 602.5585 602.5505 602.6312 602.7465 602.7388 602.8359 602.9028 602.9355 603.0361 603.1039 603.1551 603.2737 603.2819 603.4026 603.4338 603.5421 603.6038 603.7068 603.7113 603.8101 603.8764 603.9447 603.9749 604.0136 604.0668 604.0583 604.1555
-9999 -9999 606.8188 602.823 601.9894 602.1942 602.2603 602.2959 602.2877 602.2802 602.286 602.3517 602.4178 602.4266 602.4374 602.4477 602.4585 602.525 602.5856 602.5998 602.6147 602.6302 602.7262 602.7934 602.7853 602.8059 602.8445 602.9499 603.0063 603.0097 603.0492 603.1619 603.2126 603.2435 603.2686 603.3833 603.4487 603.4409 603.5217 603.6406 603.6492 603.7405 603.8133 603.8672 603.9493 604.0358 604.0714 604.1942 604.197 604.3129 604.3652 604.4522 604.5218 604.6169 604.6212 604.6997 604.786 604.8345 604.8646 604.884 604.937 604.929 605.007
-9999 -9999 607.1504 603.1158 602.2671 602.8508 602.9046 602.9427 602.9344 602.9269 602.9433 603.0094 603.0835 603.1011 603.1291 603.1455 603.1668 603.2304 603.3019 603.329 603.3575 603.3868 603.4745 603.5641 603.5563 603.5922 603.6371 603.7424 603.8242 603.8278 603.8754 603.9918 604.0475 604.0891 604.1343 604.2492 604.3337 604.3312 604.4121 604.531 604.5597 604.6452 604.7238 604.7987 604.8625 604.968 604.9877 605.1104 605.128 605.2231 605.2963 605.3623 605.4319 605.5269 605.5312 605.5894 605.6818 605.7242 605.7542 605.7543 605.8073 605.7989 605.8585
-9999 -9999 607.482 603.4087 602.5448 603.3384 603.5489 603.5896 603.5814 603.5625 603.601 603.6671 603.7412 603.7632 603.8201 603.833 603.863 603.9359 604.0179 604.0581 604.1 604.1432 604.2229 604.3201 604.3273 604.3785 604.431 604.535 604.6285 604.6458 604.7017 604.8218 604.8824 604.9347 604.9999 605.1151 605.205 605.2215 605.3026 605.4214 605.4701 605.5499 605.6342 605.7178 605.7758 605.8984 605.9041 606.0266 606.0594 606.1333 606.2277 606.2725 606.342 606.4369 606.4415 606.4791 606.5715 606.6141 606.6437 606.6346 606.6776 606.6691 606.71
-9999 -9999 607.8136 603.7015 602.8225 603.6927 604.1932 604.2365 604.2251 604.1979 604.2585 604.3123 604.3989 604.4253 604.5106 604.5204 604.5591 604.6411 604.7335 604.787 604.8425 604.8995 604.9713 605.0681 605.0982 605.1643 605.2324 605.3276 605.4238 605.4639 605.5304 605.6518 605.7173 605.7802 605.8655 605.981 606.0762 606.1119 606.193 606.312 606.3805 606.4545 606.5447 606.6282 606.689 606.8116 606.8216 606.9427 606.9912 607.0436 607.1588 607.1826 607.2521 607.3469 607.3518 607.3687 607.4611 607.5074 607.5333 607.5244 607.5479 607.5394 607.5615
-9999 -9999 608.1452 603.9944 603.1002 604.0472 604.8375 604.8833 604.8638 604.8333 604.9161 604.9587 605.0566 605.0874 605.1765 605.2079 605.2552 605.3463 605.4388 605.5164 605.5853 605.6562 605.7197 605.8161 605.8693 605.9506 606.0342 606.1202 606.2192 606.2819 606.3651 606.4818 606.5522 606.6258 606.7311 606.8469 606.9474 607.0024 607.0834 607.2024 607.2908 607.3592 607.4551 607.5387 607.6022 607.7249 607.7527 607.8591 607.923 607.9538 608.0745 608.0927 608.1623 608.2569 608.2619 608.2584 608.3508 608.4169 608.4228 608.4141 608.4183 608.4098 608.413
-9999 -9999 608.4768 604.2872 603.3779 604.4016 605.4818 605.5302 605.5026 605.4686 605.553 605.6075 605.7143 605.7529 605.8422 605.8953 605.9572 606.0516 606.1442 606.235 606.3147 606.3965 606.4681 606.5641 606.6403 606.7317 606.8258 606.9127 607.0146 607.1 607.2003 607.3105 607.3871 607.4731 607.5988 607.7125 607.8185 607.8928 607.9739 608.0928 608.2013 608.2639 608.3656 608.4492 608.5157 608.6381 608.6844 608.7755 608.8546 608.864 608.9847 609.0139 609.0724 609.0895 609.0809 609.0756 609.0676 609.0595 609.0545 609.0485 609.0396 609.0311 609.0211
-9999 -9999 608.8085 604.5801 603.6556 604.7559 606.131 606.177 606.1414 606.1039 606.1848 606.2562 606.3683 606.4216 606.5079 606.5828 606.6606 606.7568 606.8496 606.9435 607.0359 607.131 607.2164 607.3122 607.4113 607.5027 607.6059 607.7053 607.8099 607.918 608.0256 608.1368 608.222 608.3259 608.4699 608.5782 608.6898 608.7833 608.8643 608.9833 609.1012 609.1685 609.1855 609.179 609.1749 609.1707 609.1659 609.161 609.1559 609.151 609.1451 609.1395 609.1341 609.1266 609.1212 609.1158 609.1078 609.0996 609.0947 609.0887 609.0798 609.0712 609.0613
-9999 -9999 609.1401 604.8729 603.9333 605.1103 606.6439 606.8239 606.7802 606.7393 606.8167 606.9049 607.0132 607.0901 607.177 607.2703 607.3643 607.4631 607.5549 607.6519 607.7571 607.8655 607.9648 608.0608 608.1823 608.2736 608.3859 608.4979 608.6053 608.7361 608.8437 608.963 609.0569 609.1684 609.254 609.2488 609.2461 609.2427 609.2391 609.2357 609.2329 609.2286 609.2242 609.2205 609.2162 609.212 609.207 609.2021 609.1967 609.1918 609.1859 609.1801 609.1746 609.167 609.1616 609.1562 609.1482 609.1398 609.1348 609.1288 609.1199 609.1114 609.1016
-9999 -9999 609.4717 605.1658 604.2111 605.4647 606.9982 607.4708 607.4189 607.3746 607.4485 607.5536 607.6582 607.7589 607.8569 607.9608 608.064 608.1711 608.2601 608.3604 608.4783 608.6001 608.7132 608.8123 608.9498 609.0446 609.166 609.2905 609.3055 609.3038 609.3016 609.2996 609.2971 609.2941 609.2936 609.2919 609.2888 609.2852 609.2816 609.2777 609.275 609.2706 609.2658 609.2621 609.2575 609.2532 609.248 609.2432 609.2375 609.2326 609.2266 609.2206 609.2152 609.2073 609.2019 609.1965 609.1885 609.1799 609.1749 609.1689 609.1602 609.1516 609.1418
-9999 -9999 609.8033 605.4586 604.4888 605.8191 607.3526 608.1177 608.0576 608.01 608.0929 608.2024 608.3032 608.4192 608.5205 608.6523 608.7514 608.8673 608.9653 609.0688 609.1995 609.3346 609.3555 609.3527 609.3536 609.3517 609.3513 609.3502 609.3482 609.3483 609.3461 609.3436 609.3409 609.338 609.3367 609.3349 609.3315 609.3277 609.324 609.3198 609.3171 609.3125 609.3074 609.3036 609.2988 609.2946 609.2891 609.2842 609.2783 609.2734 609.2674 609.2611 609.2557 609.2479 609.2422 609.2368 609.2288 609.22 609.215 609.209 609.2004 609.1917 609.1821
-9999 -9999 610.1349 605.7515 604.7665 606.1735 607.707 608.7646 608.6964 608.6453 608.7283 608.8539 608.9517 609.0692 609.1827 609.3295 609.4045 609.4007 609.3994 609.3991 609.4005 609.4015 609.4013 609.3991 609.4 609.3978 609.3965 609.3956 609.3926 609.3928 609.3906 609.3877 609.3848 609.3819 609.3797 609.3779 609.3743 609.3703 609.3666 609.3618 609.3591 609.3544 609.3493 609.3452 609.3401 609.3358 609.3302 609.3253 609.3191 609.3141 609.3082 609.3016 609.2963 609.2884 609.2825 609.2772 609.2692 609.2601 609.2551 609.2491 609.2405 609.2319 609.2223
