samples/site316/site316_v3/site316_v3/sfe316_v3.asc
ncols         188
nrows         75
xllcorner     96.2
yllcorner     62.6
cellsize      1
NODATA_value  -9999
[rows 28 to 55 of 75, columns 63 to 125 of 188]
599.5275 599.743 599.6755 599.6685 599.7465 599.7305 599.84 599.7175 599.6695 599.756 599.6055 599.6555 599.7999 599.8144 599.8069 599.7994 599.7944 599.7878 599.8036 599.8478 599.881 599.9113 599.9506 599.9576 599.9408 599.9046 599.8749 599.8534 599.8568 599.86 599.8615 599.8696 599.8271 599.8295 599.7803 599.7943 599.8059 599.8413 599.9017 600.0272 600.0891 600.2063 600.3094 600.4038 600.4979 600.5923 600.6498 600.78 600.9063 601.0333 601.1614 601.2846 601.3828 601.4846 601.6116 601.7128 601.8132 601.9297 602.0157 602.1182 602.2137 602.3062 602.4061
599.595 599.6935 599.563 599.5535 599.592 599.436 599.5325 599.462 599.6075 599.768 599.6785 599.686 599.6851 599.6855 599.69 599.7335 599.5675 599.3175 599.5375 599.7426 599.7208 599.7574 599.7906 599.7948 599.7695 599.7227 599.666 599.449 599.5535 599.6155 599.574 599.486 599.467 599.633 599.3831 599.2791 599.4365 599.3605 599.387 599.5945 599.6198 599.7029 599.7986 599.9197 599.9891 600.1116 600.2602 600.3607 600.4988 600.5836 600.6172 600.7443 600.8343 600.9442 601.0711 601.1705 601.271 601.39 601.4722 601.5849 601.6713 601.7667 601.8666
599.5695 599.5755 599.5435 599.3585 599.568 599.5275 599.5205 599.5415 599.6 599.7035 599.546 599.6965 599.6296 599.5736 599.5766 599.5635 599.5291 599.491 599.358 599.3555 599.4495 599.481 599.3765 599.478 599.4135 599.3915 599.4705 599.2675 599.177 599.238 599.2295 599.3075 599.2495 599.257 599.3515 599.3405 599.4 599.1785 599.151 599.2055 599.0485 599.2295 599.2155 599.309 599.5255 599.6427 599.791 599.9297 600.1131 600.2139 600.3084 600.3828 600.4307 600.5308 600.5715 600.6283 600.7297 600.8464 600.9287 601.0468 601.1288 601.2273 601.3271
599.6325 599.6135 599.6425 599.4075 599.6215 599.652 599.6635 599.659 599.615 599.7885 599.731 599.802 599.647 599.473 599.516 599.408 599.546 599.6664 599.567 599.391 599.4375 599.579 599.473 599.5205 599.346 599.2397 599.2501 599.2375 599.3245 599.3005 599.2885 599.3335 599.1525 598.999 599.0435 599.0285 599.017 598.927 599.091 599.2655 599.176 599.245 599.0845 598.88 599.177 599.2865 599.222 599.5623 599.737 599.8442 599.9505 600.013 600.061 600.1365 600.2286 600.3149 600.3881 600.4535 600.5021 600.5315 600.588 600.6878 600.7877
599.9126 599.9046 599.8975 599.8896 599.8816 599.8853 599.8929 599.8644 599.8319 599.8152 599.8076 599.808 599.8273 599.842 599.8118 599.7695 599.743 599.624 599.7271 599.7355 599.7512 599.751 599.7327 599.6868 599.5825 599.3265 599.116 599.2705 599.4405 599.405 599.3675 599.182 599.1315 599.1778 599.0502 599.006 598.9825 598.7825 599.0265 599.267 599.064 598.891 598.8645 598.781 599.002 599.029 598.855 598.9445 599.1055 599.5008 599.5889 599.6433 599.6909 599.7479 599.8576 599.9658 600.0712 600.14 600.2097 600.2643 600.3157 600.3638 600.4112
600.0463 600.0383 600.0344 600.0266 600.0184 600.0219 600.0297 600.0011 599.9785 599.9626 599.9588 599.9546 599.9727 599.9886 599.9602 599.9219 599.8868 599.8832 599.8848 599.9 599.9109 599.9108 599.8916 599.8481 599.7844 599.6966 599.586 599.401 599.244 599.2145 599.179 599.0575 599.1685 599.3675 599.089 599.0625 599.035 598.799 599.0125 599.2275 598.9808 598.8765 598.995 598.8195 598.8855 599.035 598.962 598.9925 599.038 599.1385 599.042 598.8335 599.1255 599.395 599.4939 599.6338 599.7604 599.8325 599.9163 599.967 600.0185 600.0699 600.0996
600.18 600.172 600.1707 600.1635 600.1552 600.1586 600.1666 600.139 600.1252 600.11 600.1093 600.1024 600.1178 600.1339 600.1087 600.0775 600.0499 600.048 600.0454 600.064 600.0706 600.0705 600.0505 600.0095 599.9463 599.8688 599.8253 599.7531 599.6979 599.6375 599.3705 599.3 599.283 599.311 599.0615 599.014 598.994 599.0775 599.0495 599.0395 599.125 598.9755 598.8745 598.8015 598.765 598.792 598.8292 598.923 598.864 598.66 598.8185 598.7955 598.6845 598.962 599.007 599.007 599.4667 599.5422 599.6229 599.6813 599.7211 599.7726 599.8016
600.3137 600.3057 600.3044 600.3004 600.2921 600.2953 600.3034 600.279 600.2718 600.2573 600.2567 600.2536 600.2629 600.2792 600.2585 600.2332 600.213 600.2126 600.2058 600.2246 600.2303 600.2301 600.2094 600.1709 600.1082 600.0503 600.0344 599.9769 599.9283 599.8722 599.8015 599.7095 599.517 599.507 599.368 599.322 599.314 599.374 599.1801 598.959 598.993 599.078 599.14 599.0715 599.02 598.99 598.9554 599.0285 598.8505 598.5715 598.7679 598.905 598.7324 598.868 598.726 598.6794 598.9095 598.9245 598.941 599.4025 599.4305 599.4752 599.5045
600.4474 600.4394 600.438 600.4374 600.4288 600.4321 600.4402 600.4191 600.4185 600.4047 600.4041 600.4051 600.4091 600.4246 600.4099 600.3884 600.3762 600.3774 600.3683 600.3853 600.3901 600.3898 600.369 600.3336 600.2938 600.25 600.2428 600.2007 600.1589 600.121 600.0598 599.9811 599.885 599.7805 599.6261 599.4405 599.478 599.619 599.449 599.19 599.181 599.366 599.359 599.19 599.036 599.0195 599.0035 599.105 599.1595 598.9 598.9145 599.0935 598.8565 598.7635 598.8565 598.821 598.8365 598.6508 598.5695 598.4815 598.5935 598.647 598.7545
600.5812 600.5731 600.5717 600.5743 600.5656 600.5688 600.5769 600.5595 600.5651 600.5521 600.5515 600.5566 600.5563 600.5699 600.5614 600.5432 600.5392 600.5421 600.5327 600.5458 600.5498 600.5495 600.5338 600.5085 600.4791 600.4524 600.4459 600.4244 600.4001 600.3755 600.3294 600.2471 600.1956 600.1003 600.0258 599.9431 599.9064 599.8733 599.7971 599.7114 599.6879 599.5909 599.5786 599.4705 599.4915 599.481 599.5446 599.562 599.5903 599.5148 599.3435 599.371 599.0405 598.873 598.929 598.926 598.933 598.987 598.802 598.6515 598.7335 598.7264 598.673
600.715 600.7067 600.7054 600.7113 600.7023 600.7055 600.7136 600.7002 600.7117 600.6995 600.6988 600.7079 600.7037 600.715 600.7112 600.6979 600.7023 600.7068 600.6971 600.7062 600.7137 600.7092 600.6981 600.683 600.6576 600.658 600.6693 600.6566 600.6434 600.6254 600.5942 600.522 600.5061 600.4622 600.4254 600.3809 600.3659 600.3038 600.2635 600.2172 600.1542 600.0995 600.0449 599.9818 599.9356 599.9276 599.9509 599.9542 599.9397 599.8834 599.8049 599.7224 599.6534 599.6322 599.649 599.6469 599.6286 599.5691 599.5285 599.4632 599.391 599.2054 599.0595
600.8487 600.8405 600.8391 600.8483 600.839 600.8422 600.8503 600.8415 600.8559 600.8468 600.8462 600.8591 600.8513 600.8602 600.8635 600.855 600.863 600.8545 600.9161 600.9072 600.9398 601.0168 601.0162 601.0048 600.9968 600.9855 601.0131 601.0851 601.077 601.0114 600.9348 600.9239 600.916 600.9052 600.8944 600.8328 600.7592 600.7502 600.7056 600.6755 600.6208 600.6086 600.5115 600.4908 600.4022 600.3942 600.3502 600.3464 600.2891 600.2439 600.1776 600.095 600.0406 599.9959 599.9878 599.9575 599.9222 599.863 599.8149 599.7496 599.674 599.5988 599.5291
600.9807 600.9741 600.9728 600.9715 601.0319 601.0356 601.0833 601.178 601.1747 601.279 601.3048 601.3138 601.4124 601.4152 601.4822 601.5253 601.5173 601.5474 601.6176 601.6085 601.6216 601.6987 601.6873 601.6708 601.6567 601.6406 601.6537 601.7242 601.701 601.6293 601.5593 601.5386 601.5262 601.5106 601.4907 601.4234 601.3555 601.3378 601.2833 601.2025 601.1746 601.0956 601.0399 600.9618 600.9089 600.8313 600.7528 600.6747 600.6102 600.5955 600.5502 600.4677 600.4132 600.3453 600.3251 600.2682 600.2161 600.157 600.1013 600.036 599.964 599.8968 599.8231
601.5912 601.702 601.7299 601.7413 601.8487 601.8522 601.8834 601.9781 601.9684 602.0634 602.0893 602.0685 602.167 602.1699 602.237 602.2523 602.2443 602.2488 602.319 602.3098 602.3035 602.3792 602.3535 602.3369 602.3119 602.296 602.2944 602.3588 602.3254 602.2474 602.1835 602.1533 602.1314 602.1157 602.0867 602.014 601.9514 601.925 601.861 601.777 601.7461 601.6671 601.6053 601.5271 601.4704 601.3927 601.3121 601.2266 601.1608 601.0805 600.9944 600.9069 600.8089 600.7037 600.618 600.5475 600.5101 600.4509 600.3877 600.3224 600.254 600.1946 600.117
602.4431 602.5358 602.5636 602.558 602.6654 602.6687 602.6835 602.7783 602.7685 602.8478 602.8735 602.8271 602.9216 602.9245 602.9917 602.9793 602.9713 602.9502 603.0204 603.0114 602.9854 603.0569 603.0198 603.0031 602.967 602.9514 602.9351 602.9932 602.9498 602.8654 602.8077 602.7677 602.7366 602.7208 602.6827 602.6046 602.5476 602.5075 602.4386 602.354 602.3176 602.2347 602.1706 602.0925 602.0319 601.9526 601.8714 601.7772 601.7114 601.6284 601.5419 601.4527 601.3483 601.2484 601.1567 601.0438 600.9584 600.8538 600.7385 600.6233 600.5168 600.4922 600.4109
603.2948 603.3695 603.3973 603.3889 603.4821 603.4852 603.4835 603.5784 603.5685 603.6322 603.6578 603.5966 603.6763 603.6791 603.7464 603.7063 603.6983 603.6516 603.7218 603.713 603.6673 603.7346 603.686 603.6694 603.6222 603.6065 603.5757 603.6272 603.57 603.4833 603.432 603.3822 603.3419 603.3262 603.2772 603.1953 603.1381 603.0863 603.0163 602.9326 602.8892 602.7982 602.736 602.6542 602.5933 602.5087 602.4307 602.3304 602.262 602.1763 602.0843 601.9984 601.8877 601.7931 601.6931 601.5862 601.5009 601.3901 601.2749 601.1596 601.056 600.9373 600.8251
604.1464 604.2032 604.2311 604.2226 604.2989 604.3018 604.2932 604.3784 604.3685 604.4166 604.4421 604.3657 604.4308 604.4337 604.5011 604.4333 604.4253 604.353 604.4232 604.4142 604.3492 604.412 604.3523 604.3354 604.2774 604.2598 604.2163 604.2618 604.188 604.1017 604.0565 603.9968 603.9471 603.9315 603.8678 603.7848 603.7186 603.665 603.594 603.5112 603.4608 603.365 603.3013 603.2152 603.1547 603.0681 602.9882 602.8846 602.8126 602.7242 602.63 602.543 602.4271 602.3378 602.2296 602.1287 602.0346 601.9265 601.8112 601.696 601.5952 601.4677 601.3655
604.998 605.037 605.0649 605.0563 605.1156 605.1183 605.1097 605.1785 605.1686 605.201 605.2206 605.1348 605.1855 605.1884 605.242 605.1603 605.15 605.0667 605.1246 605.1125 605.0332 605.0896 605.0186 605.0014 604.9326 604.9069 604.8569 604.8828 604.806 604.7201 604.6806 604.6116 604.5523 604.5303 604.4584 604.3734 604.2991 604.2438 604.1717 604.0901 604.0323 603.9318 603.8666 603.7808 603.7162 603.6274 603.5296 603.439 603.3632 603.2721 603.1757 603.0823 602.9702 602.8826 602.7661 602.6711 602.5738 602.4628 602.3476 602.2326 602.1338 602.0043 601.906
605.8497 605.8707 605.8986 605.8898 605.9324 605.9349 605.9258 605.9786 605.9689 605.9854 605.9898 605.904 605.9401 605.943 605.9691 605.8875 605.8715 605.7808 605.826 605.8062 605.7222 605.7672 605.6848 605.6676 605.5877 605.554 605.4976 605.5037 605.424 605.3384 605.3034 605.226 605.1575 605.1234 605.049 604.962 604.8796 604.8226 604.7493 604.669 604.6039 604.4985 604.432 604.3509 604.2764 604.1866 604.0796 603.9907 603.9115 603.8199 603.7215 603.6218 603.5134 603.4245 603.3038 603.2136 603.113 602.9992 602.8839 602.7718 602.6686 602.5449 602.4407
606.7014 606.7045 606.7324 606.7232 606.7491 606.7516 606.7432 606.7787 606.7692 606.7698 606.7589 606.6732 606.6948 606.6976 606.6962 606.6145 606.5929 606.4944 606.5274 606.4999 606.4114 606.4424 606.351 606.3329 606.2429 606.2011 606.1382 606.1245 606.042 605.9568 605.9148 605.8404 605.7628 605.7165 605.6396 605.5507 605.46 605.4014 605.327 605.2476 605.1672 605.0653 604.9974 604.9167 604.8321 604.746 604.6298 604.5413 604.4583 604.3679 604.2672 604.1611 604.0576 603.9565 603.8441 603.756 603.6508 603.5355 603.4203 603.311 603.199 603.0853 602.9712
607.5531 607.5439 607.5661 607.5568 607.5659 607.5682 607.5605 607.5789 607.5695 607.561 607.5281 607.4423 607.4493 607.4522 607.4233 607.3416 607.3143 607.2086 607.2288 607.1937 607.1007 607.1087 607.0173 606.988 606.898 606.8482 606.7788 606.7453 606.66 606.5752 606.5262 606.4518 606.368 606.3096 606.2302 606.1393 606.0446 605.9802 605.9028 605.8259 605.7296 605.6321 605.5604 605.4781 605.3878 605.2968 605.1801 605.0919 605.0051 604.9124 604.8129 604.7006 604.6024 604.4908 604.3844 604.2877 604.1871 604.0719 603.9566 603.8502 603.7294 603.6258 603.5015
608.4048 608.3957 608.3998 608.3904 608.3826 608.3848 608.377 608.3789 608.3698 608.3608 608.2972 608.2114 608.204 608.2068 608.1504 608.0687 608.0357 607.9233 607.9302 607.8874 607.7919 607.7749 607.6835 607.6432 607.5532 607.4953 607.4194 607.3661 607.2784 607.1935 607.1377 607.057 606.9732 606.9027 606.8199 606.7283 606.6318 606.5589 606.4774 606.3975 606.2919 606.1989 606.1214 606.0396 605.9435 605.8383 605.7305 605.6424 605.5519 605.4547 605.3558 605.2409 605.147 605.0273 604.9262 604.8163 604.7235 604.6082 604.493 604.3885 604.2642 604.1663 604.032
609.0131 609.0036 608.9956 608.9861 608.9781 608.9686 608.9606 608.9511 608.9395 608.9272 608.9156 608.9076 608.8964 608.886 608.8774 608.7958 608.7571 608.6448 608.6316 608.5811 608.4857 608.4412 608.3498 608.2984 608.2084 608.1425 608.0637 607.9869 607.8967 607.812 607.7491 607.6622 607.5784 607.4958 607.4085 607.3246 607.2188 607.1377 607.0519 606.9691 606.8559 606.7656 606.6824 606.6002 606.5019 606.3824 606.2811 606.193 606.0986 605.9971 605.8952 605.7841 605.6918 605.5643 605.4687 605.3553 605.2598 605.1446 605.0293 604.9235 604.8048 604.7027 604.5726
609.0533 609.0439 609.0359 609.0265 609.0185 609.009 609.001 608.9916 608.98 608.9677 608.9565 608.9485 608.9374 608.925 608.9134 608.9005 608.8882 608.8781 608.8657 608.8531 608.8399 608.8268 608.8135 608.8002 608.789 608.7815 608.7081 608.6078 608.5151 608.4349 608.3605 608.2674 608.1837 608.0889 607.9971 607.9061 607.7975 607.7164 607.6265 607.5372 607.4227 607.3325 607.2435 607.1559 607.0612 606.9327 606.8317 606.7436 606.6455 606.5394 606.4346 606.3272 606.2266 606.1046 606.0111 605.8945 605.7962 605.6809 605.5659 605.4584 605.3454 605.2332 605.1132
609.0936 609.0842 609.0762 609.0668 609.0588 609.0495 609.0415 609.0321 609.0206 609.0082 608.9976 608.9896 608.9784 608.9661 608.9548 608.942 608.9301 608.9199 608.9075 608.8954 608.8821 608.8694 608.8562 608.8432 608.8295 608.8168 608.8043 608.7889 608.7749 608.7625 608.748 608.7324 608.7215 608.6821 608.5858 608.4866 608.3763 608.2952 608.201 608.0996 607.9894 607.9022 607.8045 607.7115 607.6055 607.4829 607.3823 607.2917 607.1934 607.0817 606.974 606.8704 606.7587 606.645 606.542 606.4337 606.3325 606.2173 606.1051 605.9911 605.886 605.7632 605.6537
609.1338 609.1246 609.1166 609.1072 609.0992 609.09 609.082 609.0726 609.0611 609.0488 609.0385 609.0305 609.0193 609.007 608.9962 608.9833 608.9719 608.9618 608.9493 608.9376 608.9244 608.9121 608.8989 608.8862 608.8726 608.8604 608.8478 608.8323 608.8193 608.8068 608.7923 608.7775 608.7637 608.748 608.7325 608.7171 608.6996 608.6857 608.6707 608.662 608.5562 608.4666 608.3656 608.2673 608.147 608.0332 607.9329 607.8384 607.7405 607.6275 607.5134 607.4136 607.2907 607.1853 607.0707 606.9729 606.8689 606.7536 606.6432 606.5242 606.4265 606.2934 606.1943
609.1741 609.1649 609.1569 609.1476 609.1396 609.1304 609.1224 609.1131 609.1016 609.0893 609.0795 609.0715 609.0604 609.048 609.0376 609.0247 609.0137 609.0037 608.9912 608.9798 608.9666 608.9548 608.9415 608.9293 608.9156 608.9039 608.8912 608.8757 608.8636 608.8511 608.8366 608.8225 608.8088 608.7932 608.7784 608.7629 608.7465 608.7325 608.7177 608.7009 608.6843 608.6696 608.6534 608.6371 608.6195 608.5834 608.4835 608.3853 608.2829 608.1686 608.0547 607.9567 607.825 607.7256 607.5993 607.5121 607.4052 607.29 607.1782 607.0648 606.9647 606.8325 606.7347
609.2143 609.2052 609.1972 609.1879 609.1799 609.1708 609.1628 609.1536 609.1422 609.1298 609.1205 609.1125 609.1013 609.089 609.079 609.0661 609.0555 609.0455 609.0331 609.022 609.0088 608.9974 608.9842 608.9723 608.9587 608.9474 608.935 608.9191 608.9079 608.8955 608.8809 608.8676 608.8538 608.8383 608.8242 608.8087 608.7934 608.7794 608.7646 608.7481 608.7325 608.7181 608.7018 608.686 608.6662 608.65 608.634 608.6177 608.6016 608.5834 608.5705 608.4966 608.3652 608.2662 608.1369 608.0513 607.9416 607.8263 607.7131 607.6053 607.4949 607.373 607.2668
