samples/site316/site316_v3/site316_v3/sfe316_v3.asc
ncols         188
nrows         75
xllcorner     96.2
yllcorner     62.6
cellsize      1
NODATA_value  -9999
[rows 28 to 55 of 75, columns 0 to 62 of 188]
-9999 605.8924 602.8036 602.5837 602.3864 602.1795 601.9742 601.7687 601.5552 601.4235 601.3656 601.2985 601.2409 601.1833 601.1288 601.0775 601.025 600.9774 600.9325 600.8797 600.8312 600.781 600.741 600.7097 600.6869 600.6642 600.6371 600.5988 600.5491 600.4915 600.4458 600.4335 600.4202 600.4063 600.3836 600.356 600.3159 600.2845 600.2452 600.2138 600.1823 600.1735 600.1647 600.1563 600.1493 600.1387 600.1146 600.0861 600.0724 600.0655 600.0686 600.0682 600.0444 600.0149 599.9944 599.9415 599.8885 599.9745 599.9741 599.967 599.9535 599.8685 599.6145
-9999 606.224 602.2379 601.9846 601.7812 601.5722 601.4445 601.3935 601.3255 601.2719 601.2136 601.1483 601.0906 601.033 600.9797 600.9297 600.8762 600.8286 600.7845 600.7385 600.6856 600.6393 600.5939 600.5665 600.5516 600.5361 600.5098 600.4799 600.4302 600.3636 600.3102 600.3007 600.2903 600.2802 600.2605 600.2344 600.1984 600.1616 600.1215 600.099 600 599.931 599.744 599.915 599.9045 599.7895 599.7645 599.756 599.8075 599.6255 599.4045 599.59 599.796 599.5074 599.324 599.4025 599.346 599.51 599.532 599.5285 599.8 599.56 599.336
-9999 606.5556 601.8447 601.4655 601.4117 601.3494 601.2863 601.2278 601.1678 601.1198 601.0616 601.0041 600.9402 600.8826 600.8305 600.7781 600.7288 600.6809 600.6394 600.5973 600.542 600.4968 600.4503 600.4284 600.4126 600.4006 600.3825 600.3572 600.3063 600.2461 600.1793 600.1673 600.1609 600.1536 600.1373 600.094 599.8065 599.739 599.6575 599.6965 599.827 599.744 599.656 599.602 599.561 599.5405 599.5525 599.6095 599.4294 599.3715 599.3175 599.3464 599.3766 599.3336 599.2744 599.316 599.508 599.5594 599.434 599.4745 599.7505 599.5335 599.487
-9999 606.8873 602.1763 601.3005 601.2356 601.1732 601.1146 601.0622 601.0108 600.9677 600.9099 600.852 600.7899 600.7323 600.6768 600.6267 600.5821 600.533 600.4914 600.452 600.4009 600.351 600.3066 600.283 600.2734 600.2646 600.256 600.2299 600.1874 599.954 600.033 599.943 599.8775 599.882 599.804 599.801 599.6465 599.7605 599.5705 599.562 599.6008 599.5063 599.4245 599.3985 599.3925 599.354 599.366 599.3655 599.291 599.474 599.538 599.5745 599.725 599.63 599.497 599.567 599.667 599.567 599.5425 599.7055 599.967 599.7055 599.696
-9999 607.2189 602.5079 601.1212 601.0555 600.9941 600.9441 600.8965 600.8569 600.8076 600.7583 600.7 600.6425 600.5819 600.5244 600.4758 600.4303 600.3838 600.3417 600.304 600.2597 600.158 600.1915 600.2885 600.258 600.062 599.994 600.0765 599.888 599.847 600.062 599.8745 599.8093 599.7931 599.569 599.729 599.725 599.758 599.733 599.5415 599.626 599.718 599.546 599.5861 599.7285 599.623 599.613 599.7585 599.9215 600.0165 600.0245 600.038 600.0464 600.0344 600.0108 600.0026 600.0133 600.0217 600.0334 600.0445 600.0234 599.9997 599.9796
-9999 607.5505 602.8395 600.9433 600.878 600.818 600.7736 600.7309 600.6904 600.6475 600.6062 600.5482 600.4904 600.4316 600.374 600.3245 600.2786 600.2565 600.081 600.084 600.244 600.127 600.017 599.905 600.039 599.9985 599.958 599.846 599.78 599.9075 600.1265 599.903 599.8645 599.9085 599.7065 599.9475 599.986 599.952 600.1 600.023 599.9275 599.8225 599.928 600.0934 600.114 600.132 600.1366 600.1313 600.1244 600.1287 600.1435 600.158 600.1664 600.1591 600.1355 600.1289 600.1384 600.1455 600.1558 600.1668 600.1458 600.128 600.1113
-9999 607.8821 603.1711 600.7664 600.6993 600.6405 600.6031 600.561 600.524 600.4874 600.4541 600.3964 600.3384 600.281 600.1591 600.013 600.0035 600.0915 599.8315 599.9885 600.0122 600.0905 599.8685 599.8275 599.829 600.014 600.0495 600.015 600.1055 600.0854 599.8765 600.006 600.068 600.1557 600.1863 600.1997 600.2086 600.2035 600.1965 600.191 600.1844 600.1774 600.1912 600.2151 600.2314 600.252 600.2567 600.254 600.2471 600.2502 600.2625 600.278 600.2863 600.2838 600.2602 600.256 600.2635 600.2693 600.2797 600.2891 600.268 600.2562 600.2421
-9999 608.2137 603.5027 600.5883 600.5145 600.4595 600.4227 600.3888 600.3576 600.3253 600.302 600.0055 600.0355 599.9814 599.9478 599.9772 599.9785 600.0335 599.808 600.007 600.2845 600.0865 599.9845 600.1755 600.0725 600.2005 600.2288 600.2428 600.2548 600.2657 600.241 600.228 600.2401 600.2776 600.311 600.3228 600.3317 600.3292 600.3223 600.3168 600.3128 600.3058 600.3168 600.3375 600.3527 600.372 600.3768 600.3769 600.3699 600.3718 600.3831 600.398 600.4061 600.4073 600.3849 600.3813 600.3887 600.3936 600.405 600.4114 600.3909 600.3845 600.3727
-9999 608.5453 603.8343 600.3057 600.344 599.955 599.967 599.727 599.702 599.8864 600.1275 599.9445 599.818 600.065 600.1295 600.1295 600.2095 600.2255 600.2485 600.2588 600.2771 600.2811 600.2965 600.2894 600.3005 600.3311 600.3638 600.3763 600.3883 600.3987 600.3779 600.3661 600.3708 600.3995 600.4357 600.4458 600.4547 600.4552 600.4481 600.4426 600.4413 600.4342 600.4423 600.4584 600.4747 600.492 600.4969 600.4993 600.4926 600.4939 600.5036 600.5172 600.5261 600.5271 600.5096 600.5067 600.5137 600.5178 600.53 600.5336 600.5176 600.5128 600.5034
-9999 608.8769 604.1659 600.5019 599.7563 599.8155 600.045 600.09 600.162 600.3224 600.351 600.3748 600.3931 600.3936 600.3867 600.3796 600.3808 600.3971 600.3992 600.4098 600.4268 600.4299 600.4454 600.4382 600.4448 600.4701 600.4988 600.5099 600.5219 600.5313 600.5148 600.5041 600.5029 600.5271 600.5609 600.5695 600.5778 600.5811 600.5739 600.5684 600.5699 600.5626 600.5679 600.5785 600.5968 600.612 600.617 600.622 600.6153 600.6166 600.6249 600.6361 600.646 600.6469 600.6345 600.632 600.6389 600.6422 600.6538 600.6559 600.645 600.6411 600.6342
-9999 609.2085 604.4975 600.7939 600.366 600.3619 600.3907 600.4166 600.4548 600.484 600.5164 600.5355 600.5502 600.5508 600.544 600.537 600.5381 600.5545 600.5524 600.5628 600.5765 600.5807 600.5944 600.587 600.5891 600.6091 600.6339 600.6435 600.6554 600.6639 600.6517 600.6422 600.6373 600.6546 600.6851 600.6955 600.7008 600.7067 600.6996 600.6942 600.6985 600.691 600.6948 600.703 600.7189 600.734 600.7371 600.742 600.738 600.7393 600.7476 600.7555 600.766 600.7667 600.7596 600.7573 600.764 600.7665 600.7776 600.7782 600.7723 600.7699 600.7648
-9999 609.5401 604.8291 601.0859 600.5535 600.5537 600.5776 600.5991 600.6252 600.6465 600.6818 600.6963 600.7073 600.708 600.7014 600.6944 600.6998 600.7119 600.7054 600.7161 600.7261 600.7334 600.7433 600.7358 600.7334 600.7499 600.7689 600.7798 600.7889 600.7966 600.7886 600.7802 600.7731 600.7885 600.8071 600.821 600.8237 600.8325 600.8253 600.8199 600.8269 600.8195 600.822 600.8313 600.841 600.8515 600.8572 600.862 600.8607 600.8621 600.87 600.8761 600.886 600.8864 600.8848 600.8826 600.8895 600.8907 600.9014 600.9005 600.8997 600.9004 600.8956
-9999 609.8717 605.1608 601.378 600.7422 600.7487 600.7661 600.7816 600.7958 600.8153 600.8472 600.857 600.8643 600.8652 600.8587 600.8517 600.8613 600.8692 600.8621 600.8693 600.8759 600.8864 600.8922 600.8848 600.878 600.8939 600.9052 600.9178 600.9225 600.9292 600.9255 600.9181 600.9108 600.9202 600.9313 600.9466 600.9467 600.9557 600.951 600.9457 600.9553 600.9478 600.9492 600.96 600.963 600.9727 600.9774 600.982 600.9835 600.9847 600.9925 600.9966 601.006 601.0062 601.0099 601.008 601.0172 601.0151 601.0257 601.0233 601.027 601.0312 601.0262
-9999 -9999 605.4924 601.67 600.9396 600.9435 600.9546 600.9641 600.9728 600.9841 601.0126 601.0177 601.0214 601.0223 601.0161 601.0091 601.0231 601.0266 601.0195 601.0223 601.0255 601.0395 601.041 601.0337 601.0267 601.0378 601.0497 601.0558 601.056 601.0619 601.0628 601.056 601.0489 601.0547 601.066 601.0721 601.0696 601.0786 601.0767 601.0715 601.0816 601.0762 601.0764 601.0881 601.0847 601.0947 601.0974 601.102 601.1061 601.1075 601.1152 601.1172 601.126 601.126 601.1225 601.192 601.2089 601.3289 601.3599 601.4579 601.5126 601.557 601.6595
-9999 -9999 605.824 601.962 601.1648 601.1385 601.1433 601.1466 601.1445 601.1529 601.1775 601.1794 601.1796 601.1794 601.1735 601.1664 601.1828 601.1839 601.1771 601.1755 601.1752 601.1924 601.1898 601.1827 601.1758 601.1816 601.1951 601.1943 601.1896 601.1945 601.2009 601.194 601.1871 601.1891 601.1989 601.1981 601.1925 601.2015 601.2023 601.1973 601.2074 601.2047 601.2036 601.2035 601.2491 601.2817 601.3643 601.4539 601.5051 601.6248 601.6459 601.7687 601.8137 601.9358 601.9617 602.0816 602.1081 602.2186 602.2496 602.3282 602.3827 602.4084 602.511
-9999 -9999 606.1556 602.254 601.4419 601.3334 601.332 601.3292 601.322 601.3228 601.3432 601.3456 601.341 601.3365 601.3308 601.3238 601.3401 601.3413 601.3344 601.3286 601.3249 601.3432 601.3386 601.3316 601.3246 601.3256 601.3255 601.3867 601.3932 601.3879 601.4164 601.5278 601.5392 601.5377 601.5662 601.6814 601.6993 601.6921 601.7742 601.8705 601.8632 601.9673 602.0298 602.0416 602.1622 602.2131 602.2804 602.385 602.4152 602.5374 602.5558 602.6787 602.7236 602.8458 602.8516 602.9713 603.0187 603.1083 603.1392 603.1985 603.2527 603.2599 603.3625
-9999 -9999 606.4872 602.5461 601.7191 601.5438 601.6174 601.651 601.6439 601.6371 601.6333 601.7 601.7563 601.7549 601.755 601.754 601.7533 601.8318 601.8826 601.8847 601.8871 601.8948 601.9945 602.04 602.0332 602.0398 602.073 602.1791 602.211 602.2155 602.2462 602.3576 602.3918 602.4087 602.432 602.5471 602.5895 602.5823 602.6646 602.7805 602.7736 602.8718 602.9402 602.9735 603.0752 603.1445 603.1966 603.3162 603.3254 603.4475 603.4798 603.5887 603.6514 603.7558 603.7614 603.861 603.9288 603.9979 604.0289 604.0689 604.1229 604.1157 604.214
-9999 -9999 606.8188 602.8381 601.9962 602.1942 602.2615 602.2977 602.2905 602.2841 602.2909 602.3575 602.4247 602.4345 602.4463 602.4575 602.4694 602.537 602.5985 602.6136 602.6296 602.6461 602.7427 602.8112 602.804 602.8257 602.8654 602.9715 603.0292 603.0334 603.0741 603.1875 603.2396 603.2715 603.2975 603.4129 603.4797 603.4725 603.5549 603.6745 603.6839 603.7763 603.8505 603.9052 603.9882 604.0758 604.1128 604.2366 604.2404 604.3576 604.4111 604.4987 604.5692 604.6658 604.6711 604.7506 604.8382 604.8876 604.9186 604.9392 604.993 604.9865 605.0655
-9999 -9999 607.1504 603.1301 602.2733 602.8508 602.9056 602.9444 602.9374 602.9307 602.9481 603.015 603.0903 603.1088 603.1379 603.1553 603.1775 603.2421 603.3146 603.3428 603.3723 603.4026 603.491 603.5818 603.5747 603.6119 603.6578 603.7639 603.8469 603.8513 603.9001 604.0173 604.0743 604.1169 604.163 604.2786 604.3647 604.3628 604.4452 604.5648 604.5942 604.6808 604.7609 604.8367 604.9014 605.008 605.029 605.1528 605.1715 605.2677 605.3422 605.4087 605.4792 605.5758 605.5812 605.6403 605.7338 605.7772 605.8082 605.8096 605.8633 605.8565 605.917
-9999 -9999 607.482 603.4222 602.5504 603.3384 603.5496 603.5911 603.5844 603.5662 603.6057 603.6724 603.7477 603.7707 603.8289 603.8425 603.8735 603.9473 604.0306 604.0718 604.1147 604.1588 604.2392 604.3376 604.3455 604.3981 604.4515 604.5563 604.651 604.6691 604.7263 604.8472 604.909 604.9623 605.0285 605.1444 605.2357 605.253 605.3355 605.4551 605.5046 605.5853 605.6711 605.7557 605.8146 605.9384 605.9452 606.069 606.1024 606.1779 606.2733 606.3187 606.3894 606.4858 606.4915 606.53 606.6234 606.6669 606.6977 606.6896 606.7336 606.7265 606.7685
-9999 -9999 607.8136 603.7142 602.8275 603.6927 604.1937 604.2378 604.2278 604.2014 604.2631 604.3174 604.4052 604.4326 604.5192 604.5298 604.5694 604.6523 604.746 604.8005 604.8569 604.9149 604.9874 605.0854 605.1163 605.1838 605.2529 605.3488 605.4461 605.487 605.5549 605.677 605.7437 605.8077 605.894 606.0101 606.1067 606.1433 606.2257 606.3455 606.4148 606.49 606.5815 606.666 606.7278 606.8514 606.8626 606.9852 607.0342 607.088 607.2046 607.2287 607.2995 607.3958 607.4017 607.4196 607.5131 607.5602 607.5873 607.5792 607.6039 607.5965 607.62
-9999 -9999 608.1452 604.0062 603.1047 604.0472 604.8378 604.8845 604.8663 604.8365 604.9203 604.9637 605.0626 605.0945 605.1849 605.217 605.2653 605.3573 605.4512 605.5294 605.5994 605.6712 605.7356 605.8332 605.8871 605.9696 606.0542 606.1411 606.2413 606.3048 606.3895 606.5068 606.5784 606.6531 606.7595 606.8759 606.9777 607.0336 607.116 607.2358 607.3251 607.3946 607.4918 607.5764 607.6411 607.7645 607.7938 607.9014 607.9661 607.998 608.1202 608.1387 608.2096 608.3058 608.3116 608.3093 608.4028 608.4698 608.4768 608.469 608.4742 608.4668 608.4714
-9999 -9999 608.4768 604.2982 603.3818 604.4016 605.4819 605.5312 605.5049 605.4717 605.5568 605.6122 605.7201 605.7598 605.8503 605.9043 605.967 606.0623 606.1563 606.2479 606.3286 606.4114 606.4838 606.5809 606.658 606.7506 606.8457 606.9335 607.0364 607.1227 607.2242 607.3355 607.4131 607.5004 607.6271 607.7415 607.8486 607.924 608.0062 608.1262 608.2354 608.2993 608.4022 608.4867 608.5547 608.6777 608.7255 608.8176 608.8976 608.9082 609.0303 609.0598 609.1198 609.138 609.1307 609.1265 609.1196 609.1122 609.1086 609.1035 609.0956 609.0881 609.0796
-9999 -9999 608.8085 604.5903 603.6589 604.7559 606.131 606.1779 606.1435 606.1069 606.1885 606.2609 606.3738 606.4284 606.5157 606.5916 606.6702 606.7673 606.8615 606.9563 607.0497 607.1458 607.2321 607.3287 607.4288 607.5214 607.6257 607.726 607.8315 607.9406 608.0496 608.1616 608.2477 608.3528 608.4979 608.6069 608.7196 608.8143 608.8964 609.0165 609.1351 609.2039 609.222 609.2164 609.2136 609.2104 609.2065 609.2026 609.1986 609.1951 609.1901 609.1858 609.1817 609.1751 609.1711 609.1669 609.1599 609.1523 609.1487 609.1437 609.1358 609.1283 609.1199
-9999 -9999 609.1401 604.8823 603.936 605.1103 606.6439 606.8247 606.782 606.7421 606.8201 606.9094 607.0186 607.0966 607.1844 607.2788 607.3736 607.4733 607.5665 607.6646 607.7707 607.8802 607.9803 608.0771 608.1995 608.2922 608.4056 608.5184 608.6266 608.7584 608.8674 608.9877 609.0825 609.1953 609.282 609.2776 609.2761 609.274 609.2715 609.2692 609.2671 609.264 609.2607 609.2581 609.2549 609.2517 609.2477 609.2438 609.2394 609.2359 609.231 609.2263 609.2223 609.2155 609.2114 609.2073 609.2003 609.1924 609.1888 609.1838 609.1761 609.1685 609.1602
-9999 -9999 609.4717 605.1743 604.2132 605.4647 606.9982 607.4715 607.4206 607.3773 607.4518 607.558 607.6635 607.7651 607.8641 607.9691 608.0731 608.1813 608.2715 608.3729 608.4918 608.6146 608.7285 608.8282 608.9669 609.0629 609.1855 609.3108 609.327 609.3262 609.3255 609.3244 609.323 609.3213 609.3218 609.3208 609.3188 609.3167 609.3142 609.3113 609.3093 609.306 609.3024 609.2997 609.2963 609.2931 609.2889 609.2849 609.2803 609.2767 609.2719 609.2669 609.2629 609.2559 609.2518 609.2476 609.2407 609.2325 609.2289 609.224 609.2163 609.2087 609.2004
-9999 -9999 609.8033 605.4664 604.4903 605.8191 607.3526 608.1183 608.0592 608.0125 608.0961 608.2065 608.3082 608.4252 608.5275 608.6603 608.7604 608.8772 608.9765 609.0812 609.2128 609.3489 609.371 609.3688 609.3708 609.3703 609.3712 609.3709 609.3697 609.3708 609.3701 609.3686 609.3669 609.3653 609.365 609.364 609.3617 609.3593 609.3568 609.3535 609.3516 609.348 609.344 609.3414 609.3376 609.3345 609.3301 609.3261 609.3211 609.3176 609.3127 609.3075 609.3034 609.2964 609.2922 609.288 609.281 609.2726 609.269 609.2642 609.2565 609.2489 609.2407
-9999 -9999 610.1349 605.7584 604.7674 606.1735 607.707 608.7649 608.6978 608.6476 608.7313 608.858 608.9565 609.075 609.1894 609.3374 609.4135 609.4106 609.4108 609.4117 609.4141 609.4161 609.4169 609.4154 609.4173 609.4166 609.4165 609.4164 609.4142 609.4155 609.4147 609.4128 609.4109 609.4094 609.4081 609.4072 609.4045 609.4019 609.3994 609.3956 609.3937 609.39 609.386 609.3831 609.379 609.3758 609.3712 609.3672 609.3619 609.3584 609.3536 609.3481 609.344 609.337 609.3325 609.3284 609.3214 609.3128 609.3091 609.3044 609.2968 609.2891 609.281
