samples/site316/site316_v3/site316_v3/sfe316_v3.asc
ncols         188
nrows         75
xllcorner     96.2
yllcorner     62.6
cellsize      1
NODATA_value  -9999
[rows 0 to 27 of 75, columns 0 to 62 of 188]
-9999 -9999 -9999 -9999 610.4539 610.4467 610.4395 610.4319 610.425 610.4174 610.4105 610.4032 610.3959 610.3889 610.3817 610.3745 610.3668 610.3598 610.3525 610.3455 610.3383 610.3309 610.3235 610.3162 610.3093 610.3019 610.2945 610.2872 610.2802 610.2728 610.2654 610.2584 610.251 610.2436 610.2366 610.2291 610.2222 610.2147 610.2072 610.2003 610.1927 610.1858 610.1788 610.1713 610.1644 610.1568 610.1499 610.1429 610.1353 610.1284 610.1215 610.1138 610.1068 610.0999 610.0929 610.0853 610.0783 610.0714 610.0644 610.0574 610.0504 610.0434 610.0364
-9999 -9999 -9999 -9999 610.3919 610.3839 610.3759 610.368 610.3599 610.3518 610.3438 610.3361 610.3273 610.3205 610.3124 610.3041 610.2958 610.2876 610.2797 610.2723 610.264 610.2556 610.2471 610.2393 610.2319 610.2232 610.2146 610.2068 610.1992 610.1903 610.1817 610.1749 610.166 610.158 610.1503 610.1413 610.1345 610.1255 610.1174 610.1095 610.1013 610.0936 610.0867 610.0775 610.0706 610.0612 610.0545 610.0475 610.0381 610.0313 610.0245 610.0148 610.0079 610.0012 609.9941 609.9845 609.9777 609.971 609.964 609.957 609.9501 609.9431 609.9363
-9999 -9999 -9999 610.3431 610.33 610.3212 610.3124 610.3037 610.2949 610.2859 610.277 610.2698 610.2589 610.252 610.243 610.2339 610.2245 610.2153 610.2078 610.1991 610.1898 610.1803 610.1707 610.163 610.1544 610.1445 610.1346 610.1272 610.1181 610.1079 610.098 610.0914 610.081 610.0732 610.0641 610.0535 610.0469 610.0363 610.0283 610.0187 610.0107 610.0013 609.9944 609.9836 609.9767 609.9657 609.9591 609.9521 609.9409 609.9341 609.9276 609.9158 609.909 609.9025 609.8954 609.8837 609.8771 609.8706 609.8636 609.8566 609.8498 609.8428 609.8362
-9999 -9999 -9999 610.2825 610.2679 610.2584 610.249 610.2399 610.2299 610.2211 610.2104 610.2035 610.1923 610.1835 610.1738 610.1636 610.1535 610.1432 610.1359 610.1259 610.1156 610.105 610.0944 610.0867 610.077 610.0659 610.0551 610.0477 610.0371 610.0256 610.016 610.0079 609.9962 609.9884 609.9778 609.9661 609.9592 609.9471 609.9393 609.9279 609.9202 609.909 609.9023 609.8897 609.883 609.8702 609.8638 609.8568 609.8438 609.837 609.8307 609.8168 609.8101 609.8037 609.7967 609.7834 609.7765 609.7702 609.7632 609.7562 609.7495 609.7425 609.7361
-9999 -9999 -9999 610.2218 610.206 610.196 610.186 610.1764 610.1654 610.1566 610.1442 610.137 610.1257 610.1151 610.1049 610.0939 610.0831 610.0714 610.0639 610.0527 610.0418 610.0302 610.0183 610.0105 609.9996 609.9873 609.976 609.9681 609.9561 609.9437 609.9339 609.9243 609.9117 609.9036 609.8915 609.8796 609.8715 609.8583 609.8503 609.8371 609.8297 609.8167 609.8101 609.7963 609.7892 609.7751 609.7684 609.7614 609.7471 609.7399 609.7338 609.7183 609.7112 609.705 609.698 609.6843 609.6759 609.6698 609.6628 609.6558 609.6492 609.6422 609.636
-9999 -9999 -9999 610.1611 610.1444 610.1337 610.1225 610.1135 610.1003 610.0921 610.0773 610.0704 610.0587 610.0469 610.0357 610.0237 610.0134 609.9991 609.992 609.9795 609.9678 609.955 609.9421 609.9342 609.9222 609.9089 609.8976 609.8885 609.8752 609.8613 609.8519 609.8408 609.8267 609.8187 609.8055 609.7934 609.7839 609.7692 609.7612 609.7466 609.7391 609.7245 609.718 609.7024 609.6954 609.6795 609.673 609.666 609.65 609.6428 609.6368 609.6196 609.6122 609.6063 609.5992 609.5857 609.5753 609.5694 609.5624 609.5554 609.549 609.5419 609.5359
-9999 -9999 610.1213 610.1004 610.0826 610.0708 610.0599 610.0506 610.0356 610.0276 610.0112 610.0038 609.9914 609.9788 609.967 609.9537 609.9438 609.9274 609.92 609.9066 609.8939 609.8799 609.8658 609.8579 609.8452 609.8303 609.8192 609.809 609.7945 609.7803 609.7698 609.7573 609.7432 609.7339 609.7195 609.7072 609.6962 609.6803 609.6722 609.6559 609.6486 609.6324 609.6257 609.61 609.6016 609.5858 609.5775 609.5706 609.5546 609.5457 609.5398 609.5227 609.5134 609.5075 609.5005 609.4871 609.4747 609.4689 609.4619 609.4551 609.4486 609.4416 609.4357
-9999 -9999 610.0588 610.0397 610.0206 610.0085 609.9978 609.9877 609.9708 609.9632 609.9449 609.9371 609.9238 609.9102 609.8989 609.8851 609.8742 609.8556 609.8481 609.8335 609.8209 609.8059 609.791 609.7817 609.7678 609.7519 609.7407 609.7292 609.7134 609.6996 609.6877 609.6741 609.6598 609.649 609.6333 609.621 609.6085 609.5925 609.5831 609.5653 609.558 609.5403 609.5336 609.5178 609.5078 609.4921 609.4821 609.4751 609.4592 609.4485 609.4427 609.4258 609.4146 609.4088 609.4018 609.3884 609.3741 609.3683 609.3613 609.3548 609.3483 609.3413 609.3355
-9999 -9999 609.9982 609.9791 609.9603 609.9471 609.9357 609.9248 609.9083 609.8986 609.8809 609.8707 609.8564 609.842 609.8307 609.8168 609.8046 609.7861 609.7759 609.7603 609.7479 609.7327 609.7166 609.7054 609.6905 609.6749 609.6623 609.6494 609.6326 609.6188 609.6057 609.5906 609.5763 609.5642 609.5474 609.5349 609.5208 609.5048 609.4941 609.4755 609.4675 609.4481 609.4414 609.4257 609.414 609.3984 609.3866 609.3796 609.3638 609.3514 609.3458 609.3289 609.3158 609.3101 609.3031 609.2898 609.2735 609.2679 609.2609 609.2545 609.248 609.241 609.2354
-9999 -9999 609.9375 609.9183 609.8999 609.8856 609.8736 609.8619 609.8459 609.8339 609.817 609.8042 609.7889 609.7736 609.7626 609.7485 609.7349 609.7166 609.7039 609.6873 609.6749 609.6594 609.6423 609.6292 609.6133 609.598 609.5839 609.5696 609.5525 609.5381 609.5236 609.5072 609.4929 609.4794 609.4625 609.4487 609.4333 609.4172 609.4051 609.3865 609.377 609.3569 609.3492 609.3335 609.3202 609.3047 609.2911 609.2841 609.2685 609.2543 609.2487 609.2319 609.217 609.2114 609.2043 609.1912 609.1729 609.1674 609.1603 609.1542 609.1477 609.1407 609.1351
-9999 -9999 609.8768 609.8577 609.8395 609.8242 609.8115 609.7989 609.7834 609.769 609.7529 609.7376 609.7226 609.7061 609.6945 609.6802 609.6653 609.647 609.6317 609.6149 609.602 609.5862 609.568 609.5529 609.537 609.521 609.5054 609.49 609.4729 609.4573 609.4416 609.4241 609.4094 609.3945 609.3777 609.3625 609.3456 609.3295 609.316 609.2974 609.2864 609.2664 609.257 609.2413 609.2264 609.211 609.1957 609.1887 609.1731 609.1572 609.1517 609.135 609.1285 609.0336 609.0266 609.0206 608.9788 608.8481 608.829 608.8231 608.8165 608.8096 608.804
-9999 609.8377 609.8161 609.797 609.7792 609.7628 609.7494 609.7354 609.7205 609.704 609.6879 609.6711 609.6563 609.6395 609.6264 609.612 609.5957 609.5775 609.5597 609.543 609.529 609.5129 609.4937 609.4766 609.4608 609.444 609.427 609.4103 609.3933 609.3766 609.3595 609.3421 609.326 609.3097 609.2928 609.2763 609.2587 609.2418 609.227 609.2115 609.2055 609.1064 608.9847 608.9074 608.8391 608.709 608.648 608.5237 608.505 608.4467 608.3236 608.3168 608.2645 608.1446 608.1376 608.1316 608.109 607.9783 607.9592 607.9534 607.9467 607.9398 607.9338
-9999 609.7746 609.7554 609.7363 609.7189 609.7014 609.6873 609.6722 609.6569 609.6392 609.6234 609.6044 609.59 609.5729 609.5583 609.5437 609.526 609.507 609.4876 609.471 609.456 609.4397 609.4194 609.4003 609.3845 609.3671 609.3486 609.3309 609.3138 609.2959 609.2775 609.2645 609.2332 609.1239 608.9908 608.8773 608.767 608.6323 608.5178 608.3815 608.2906 608.1763 608.0728 607.9773 607.9209 607.784 607.7391 607.6147 607.5959 607.5374 607.4143 607.4077 607.3755 607.2556 607.2486 607.2426 607.2359 607.1086 607.0892 607.0837 607.0768 607.07 607.064
-9999 609.7139 609.6948 609.6757 609.6585 609.64 609.6252 609.6088 609.594 609.5743 609.559 609.538 609.5236 609.5063 609.4902 609.4755 609.4559 609.4373 609.4156 609.399 609.383 609.3665 609.3451 609.324 609.3105 609.2905 609.1521 609.0222 608.8947 608.763 608.6215 608.4901 608.3557 608.233 608.0992 607.9744 607.8641 607.7294 607.609 607.4727 607.3758 607.246 607.1608 607.0475 607.0028 606.8658 606.8301 606.7057 606.6868 606.6281 606.5049 606.4986 606.4865 606.3666 606.3596 606.3536 606.3469 606.2388 606.2194 606.2141 606.2068 606.2002 606.1939
-9999 609.6532 609.6341 609.6151 609.5981 609.5786 609.5631 609.5461 609.5311 609.5106 609.4945 609.4734 609.4573 609.4398 609.4221 609.4066 609.3865 609.3677 609.3505 609.2991 609.178 609.0466 608.8763 608.7094 608.5867 608.4606 608.3043 608.176 608.0413 607.9046 607.7612 607.6155 607.4783 607.3503 607.2076 607.0715 606.9594 606.8264 606.7003 606.564 606.461 606.3237 606.2488 606.1174 606.085 605.9476 605.9116 605.7968 605.7778 605.7057 605.5956 605.5895 605.5823 605.4776 605.4706 605.4646 605.4577 605.369 605.3495 605.3444 605.337 605.3304 605.3239
-9999 609.5925 609.5734 609.5544 609.5376 609.5172 609.5005 609.4839 609.4682 609.4481 609.43 609.4094 609.391 609.3845 609.2523 609.1345 608.9792 608.8441 608.6563 608.5287 608.3831 608.2587 608.0897 607.9101 607.7684 607.6307 607.4807 607.3282 607.1879 607.0462 606.9106 606.741 606.601 606.4764 606.316 606.1685 606.0508 605.9234 605.7937 605.6552 605.5463 605.4089 605.3369 605.2001 605.1672 605.0294 604.9814 604.8878 604.8687 604.7755 604.6864 604.6804 604.6734 604.5886 604.5815 604.5756 604.5687 604.4992 604.4797 604.4745 604.4672 604.4606 604.467
609.5541 609.5318 609.5127 609.4938 609.477 609.4557 609.4388 609.425 609.3846 609.2248 609.0923 608.9308 608.7939 608.6607 608.52 608.4088 608.2396 608.0925 607.9059 607.7582 607.5881 607.4689 607.302 607.1108 606.9501 606.8159 606.6548 606.4805 606.3345 606.1951 606.058 605.8665 605.7251 605.6025 605.4243 605.2839 605.1422 605.0204 604.8884 604.7465 604.6317 604.494 604.4249 604.2882 604.2493 604.1112 604.051 603.9789 603.9596 603.8455 603.7772 603.7714 603.7642 603.6994 603.6924 603.6866 603.6797 603.6295 603.6099 603.6047 603.5974 603.5907 603.6157
609.4903 609.4711 609.46 609.3564 609.2385 609.0787 608.9622 608.8373 608.6978 608.5449 608.3975 608.2393 608.0731 607.9444 607.7878 607.6768 607.4998 607.3409 607.1557 606.9879 606.8389 606.674 606.5122 606.3115 606.1318 606.0086 605.8259 605.6326 605.4879 605.3481 605.1996 604.992 604.853 604.72 604.538 604.4002 604.2335 604.1175 603.9831 603.8377 603.717 603.5792 603.5129 603.3762 603.3205 603.1932 603.121 603.0701 603.0505 602.9154 602.868 602.8622 602.855 602.8103 602.8033 602.7976 602.7908 602.7596 602.7401 602.7348 602.7276 602.7208 602.7643
609.1309 608.9956 608.857 608.7194 608.5996 608.4365 608.3076 608.1714 608.0109 607.867 607.7026 607.5476 607.3522 607.2428 607.0614 606.9445 606.7598 606.5894 606.4089 606.2174 606.0827 605.879 605.7224 605.5253 605.3135 605.1929 604.996 604.8138 604.6483 604.5002 604.3412 604.1398 603.9809 603.837 603.653 603.513 603.3249 603.2145 603.0778 602.929 602.792 602.6645 602.5891 602.4642 602.3907 602.2754 602.1909 602.1613 602.1414 602.0051 601.9588 601.9532 601.946 601.9212 601.9142 601.9086 601.9017 601.8899 601.8703 601.8649 601.8578 601.8509 601.9129
608.5229 608.3885 608.2444 608.0965 607.9573 607.7999 607.653 607.5055 607.344 607.2029 607.0077 606.8701 606.667 606.522 606.3376 606.2123 606.0347 605.8433 605.6736 605.4603 605.3217 605.0841 604.9377 604.7522 604.5349 604.3772 604.1661 604.0051 603.8086 603.6469 603.4828 603.2892 603.1088 602.9596 602.768 602.6164 602.4214 602.3116 602.1725 602.0202 601.8832 601.7498 601.6589 601.5523 601.4606 601.3576 601.2606 601.2524 601.2323 601.148 601.1371 601.1231 601.1159 601.1086 601.1016 601.0961 601.0891 601.082 601.0751 601.0696 601.0623 601.0675 601.0615
607.9505 607.7762 607.6243 607.4685 607.3151 607.1633 606.9984 606.8466 606.7092 606.516 606.3278 606.1904 605.9839 605.8011 605.6145 605.48 605.3211 605.1211 604.9383 604.7098 604.5593 604.3348 604.158 603.9687 603.7468 603.5585 603.3679 603.1792 602.9609 602.7939 602.6307 602.4385 602.2366 602.0837 601.883 601.728 601.5219 601.4086 601.2673 601.215 601.1968 601.1722 601.149 601.1278 601.1135 601.0894 601.0746 601.052 601.0452 601.0381 601.0159 601.0038 600.9943 600.9843 600.9771 600.9716 600.9646 600.9576 600.9506 600.9451 600.935 600.9418 600.9409
608.2821 607.1638 607.0042 606.8405 606.6747 606.5416 606.3534 606.2126 606.0569 605.8291 605.6528 605.4955 605.2922 605.0803 604.9178 604.7478 604.6075 604.3851 604.2028 603.9595 603.7889 603.5856 603.3749 603.1851 602.9565 602.7359 602.5737 602.3534 602.1422 601.9542 601.7837 601.5879 601.369 601.2555 601.2339 601.2067 601.1703 601.1463 601.1226 601.0953 601.07 601.0482 601.0276 601.0064 600.9947 600.9706 600.9538 600.9304 600.9236 600.9166 600.8947 600.8841 600.8727 600.8602 600.8527 600.8472 600.8401 600.8331 600.8263 600.8207 600.8082 600.8123 600.8074
608.6138 606.5512 606.3848 606.2256 606.0634 605.916 605.7247 605.5726 605.3909 605.1693 604.9907 604.8007 604.6061 604.3904 604.2211 604.0156 603.8812 603.6494 603.4512 603.215 603.0185 602.8364 602.58 602.3983 602.1878 601.9329 601.7599 601.5275 601.3426 601.2768 601.2442 601.209 601.1736 601.1467 601.1136 601.0832 601.0486 601.021 600.9963 600.9685 600.9432 600.9242 600.9063 600.8849 600.8759 600.8517 600.8333 600.8093 600.8021 600.7951 600.7735 600.7675 600.7545 600.7394 600.7282 600.7227 600.7157 600.7087 600.7045 600.6988 600.6847 600.6829 600.674
608.9454 605.9581 605.7857 605.6205 605.452 605.2737 605.0881 604.918 604.7266 604.5395 604.3287 604.1108 603.9289 603.7094 603.5244 603.2907 603.152 602.9359 602.7073 602.4797 602.2645 602.0802 601.8308 601.6166 601.4147 601.3016 601.2668 601.2216 601.1853 601.1435 601.1127 601.0816 601.0474 601.0233 600.994 600.9597 600.927 600.8956 600.8712 600.842 600.8163 600.8002 600.7846 600.7635 600.7565 600.7329 600.7139 600.6884 600.6805 600.6736 600.6527 600.6509 600.6364 600.6187 600.6038 600.5983 600.5913 600.5843 600.5828 600.5768 600.5612 600.5534 600.5405
609.277 605.3598 605.1866 605.0128 604.824 604.6315 604.4656 604.2661 604.0927 603.9036 603.6473 603.4385 603.2517 603.0284 602.8083 602.5879 602.4229 602.2223 601.9852 601.7444 601.514 601.338 601.3036 601.2589 601.2222 601.1771 601.1385 601.0933 601.0555 601.0101 600.9811 600.9542 600.9229 600.8999 600.874 600.8362 600.8073 600.7703 600.7462 600.7156 600.6896 600.6762 600.6603 600.6422 600.635 600.6141 600.5945 600.5676 600.559 600.552 600.5349 600.5344 600.5182 600.498 600.4792 600.4738 600.4669 600.4598 600.4611 600.4548 600.4377 600.4239 600.407
609.6086 604.8976 604.584 604.3927 604.2014 604.0188 603.8447 603.6425 603.4587 603.2678 602.9947 602.7764 602.5745 602.3453 602.1137 601.8912 601.6937 601.5087 601.359 601.3117 601.26 601.212 601.1664 601.1223 601.0872 601.0527 601.0103 600.9702 600.9229 600.8768 600.8495 600.8267 600.7984 600.7765 600.7523 600.7155 600.6845 600.6456 600.621 600.5892 600.5627 600.5522 600.5366 600.5206 600.5136 600.4952 600.4751 600.4468 600.4374 600.4304 600.4183 600.4178 600.4 600.3773 600.3547 600.3494 600.3424 600.3352 600.3394 600.3329 600.3143 600.2944 600.2734
-9999 605.2292 603.9715 603.782 603.5964 603.4074 603.2239 603.0129 602.8247 602.6105 602.3697 602.1144 601.8973 601.6649 601.4327 601.37 601.3204 601.2701 601.2173 601.1661 601.1183 601.0684 601.023 600.9856 600.9537 600.9261 600.8912 600.8494 600.791 600.7465 600.718 600.6987 600.6738 600.6531 600.6299 600.5975 600.5617 600.524 600.496 600.464 600.4359 600.4272 600.4126 600.3991 600.3922 600.3764 600.3537 600.326 600.3157 600.3088 600.3018 600.3013 600.2818 600.2564 600.2302 600.2249 600.218 600.2107 600.2176 600.2109 600.1904 600.165 600.1399
-9999 605.5608 603.3837 603.1828 602.9914 602.796 602.5901 602.3895 602.183 601.9728 601.7339 601.4524 601.3912 601.3344 601.278 601.2238 601.1727 601.1265 601.0759 601.0214 600.9766 600.9247 600.8815 600.849 600.8203 600.7934 600.7643 600.7211 600.667 600.6196 600.5818 600.566 600.5493 600.5297 600.5068 600.4777 600.4384 600.4052 600.3708 600.3389 600.3091 600.3005 600.2885 600.2777 600.2708 600.2576 600.2335 600.2054 600.1941 600.1871 600.1852 600.1848 600.1627 600.1346 600.1057 600.1005 600.0935 600.0863 600.0958 600.089 600.0658 600.0359 600.0081
