samples/sfe_24/sfe_24_vv1/sfe_24_vv1/sfe_24_vv1.asc
ncols         275
nrows         75
xllcorner     98.60000000149
yllcorner     70.60000000149
cellsize      0.7
NODATA_value  -9999
[rows 28 to 55 of 75, columns 192 to 255 of 275]
602.2728 602.2152 602.1943 602.1936 602.1639 602.1627 602.1617 602.1556 602.095 602.0546 602.0406 601.9789 601.9069 601.8516 601.7757 601.7368 601.6722 601.6547 601.6538 601.6397 601.6387 601.6332 601.5695 601.5058 601.4421 601.3739 601.2962 601.2292 601.176 601.1733 601.1725 601.1713 601.1863 601.2215 601.2258 601.2868 601.2486 601.1695 601.1812 601.146 600.8777 600.6495 600.6777 600.8547 600.7938 600.679 600.7922 600.8455 600.814 601.027 600.8668 600.7108 600.5665 600.4748 600.5638 600.5115 600.2823 600.1025 600.0087 600.0457 600.1425 600.1302 600.0388 600.1565
601.9092 601.8517 601.8195 601.8185 601.8004 601.7993 601.7982 601.7974 601.7388 601.6911 601.6771 601.6154 601.5456 601.4791 601.4031 601.356 601.2913 601.2676 601.2667 601.2648 601.2638 601.2582 601.2347 601.104 600.921 600.9173 600.9888 601.0565 600.8715 600.863 600.8695 600.8713 600.9058 600.9722 600.9125 600.8052 600.8867 600.8775 600.8763 600.7892 600.6165 600.3403 600.353 600.54 600.5115 600.4348 600.5638 600.5417 600.519 600.6776 600.7128 600.6047 600.4518 600.278 600.2937 600.363 600.2615 600.1277 599.995 599.8685 599.9895 599.981 599.8657 599.9688
601.5457 601.4883 601.4447 601.4435 601.4368 601.4358 601.4348 601.4338 601.3826 601.3276 601.3137 601.252 601.1835 601.169 601.2185 600.945 600.796 600.7228 600.743 600.6915 600.7322 600.9085 601.0167 600.84 600.7318 600.7137 600.7745 600.7238 600.542 600.5573 600.6653 600.6743 600.6345 600.6915 600.658 600.6635 600.705 600.777 600.7473 600.617 600.3533 600.1677 600.2035 600.254 600.255 600.3118 600.3925 600.2565 600.229 600.4235 600.431 600.4108 600.3325 600.1122 599.9808 600.017 600.0508 600.0648 599.9503 599.733 599.725 599.781 599.7655 599.756
601.233 601.2813 601.178 601.0052 600.9605 601.1262 601.1583 601.1517 601.1392 601.0242 601.0652 600.8915 600.705 600.6915 600.804 600.6273 600.4925 600.503 600.554 600.4393 600.5278 600.6713 600.6465 600.534 600.5283 600.4585 600.469 600.3312 600.2085 600.2208 600.3742 600.3353 600.199 600.267 600.3702 600.368 600.3837 600.395 600.3895 600.3245 600.1275 600.0503 600.113 599.9943 599.9595 600.1058 600.1237 599.9778 599.9945 600.1412 600.0673 600.0533 600.1365 599.9952 599.8365 599.7595 599.716 599.817 599.892 599.705 599.6302 599.7328 599.7498 599.5922
600.7178 600.7698 600.7842 600.6348 600.5235 600.5917 600.618 600.6248 600.534 600.5573 600.6852 600.5485 600.3895 600.272 600.3268 600.196 600.18 600.3098 600.2975 600.1622 600.2477 600.3307 600.1715 600.1028 600.118 600.0593 600.073 600.0928 600.1617 600.1273 600.2048 600.1107 599.9538 599.926 599.9873 599.981 599.9827 599.993 600.0415 600.1225 599.9517 599.893 599.9893 599.8142 599.7025 599.7653 599.7737 599.713 599.8198 599.966 599.8775 599.8605 599.983 599.9705 599.8705 599.7575 599.6213 599.7183 599.8182 599.7753 599.7032 599.7338 599.6725 599.4933
600.3788 600.3978 600.3497 600.249 600.154 600.2147 600.315 600.3795 600.3212 600.3125 600.2963 600.2228 600.2328 600.1373 600.0265 599.8928 600.0266 600.1663 600.082 599.8763 599.8765 599.8855 599.8455 599.8558 599.9573 599.92 599.9358 600.0048 600.0372 599.9528 599.9845 600.0078 599.9412 599.8618 599.7725 599.668 599.6627 599.7512 599.8973 600.002 599.9235 599.8862 599.87 599.6793 599.504 599.4888 599.4958 599.5095 599.685 599.8525 599.8718 599.7531 599.7505 599.8677 599.82 599.6988 599.6572 599.629 599.6835 599.752 599.6713 599.555 599.4457 599.3477
600.231 600.2545 600.1307 600.075 599.9897 600.0262 600.1923 600.2133 600.1328 600.0915 599.923 599.9418 600.1255 600.1295 599.9245 599.7273 599.8125 599.904 599.8193 599.7432 599.7227 599.6545 599.6502 599.7945 599.9078 599.8035 599.8085 599.8677 599.804 599.6563 599.6475 599.7787 599.8223 599.879 599.7517 599.5538 599.5348 599.7125 599.858 599.8055 599.7523 599.7975 599.7728 599.585 599.482 599.5557 599.565 599.4807 599.5805 599.7717 599.8857 599.683 599.5765 599.6918 599.6547 599.5575 599.6647 599.5787 599.532 599.6368 599.5175 599.3778 599.413 599.4045
600.009 600.0835 600.082 600.0563 599.895 599.8005 599.901 599.9048 599.7693 599.747 599.661 599.7498 599.9017 599.9425 599.7495 599.5283 599.4918 599.5323 599.5338 599.6535 599.6905 599.5775 599.5032 599.6205 599.6678 599.5112 599.5275 599.677 599.658 599.5302 599.4795 599.5137 599.566 599.7338 599.686 599.5007 599.4555 599.6283 599.6885 599.5367 599.4725 599.595 599.6823 599.5345 599.502 599.6657 599.6672 599.5203 599.558 599.741 599.8497 599.6715 599.5613 599.6415 599.613 599.549 599.6713 599.5773 599.5646 599.6238 599.5357 599.443 599.5555 599.5767
599.794 599.7938 599.954 599.9852 599.774 599.5625 599.5908 599.548 599.551 599.6185 599.706 599.647 599.6348 599.693 599.6027 599.3745 599.2765 599.293 599.3118 599.4318 599.4677 599.408 599.3305 599.3765 599.365 599.3428 599.4565 599.5165 599.5052 599.5728 599.598 599.4765 599.4202 599.6122 599.7083 599.649 599.602 599.5605 599.4637 599.3445 599.322 599.4915 599.6365 599.5068 599.5395 599.6588 599.6022 599.5632 599.6537 599.7552 599.8083 599.7473 599.6635 599.5737 599.6 599.6895 599.775 599.725 599.6957 599.7258 599.6793 599.5528 599.5595 599.6575
599.6075 599.4985 599.6112 599.6548 599.598 599.5493 599.5303 599.4327 599.4915 599.648 599.767 599.5757 599.4268 599.5228 599.4973 599.314 599.3348 599.3962 599.3938 599.3815 599.3858 599.3895 599.3835 599.3853 599.305 599.343 599.5075 599.4628 599.4178 599.6065 599.7375 599.561 599.4083 599.4608 599.5695 599.6248 599.6775 599.5402 599.4722 599.4951 599.5105 599.6235 599.6547 599.5075 599.546 599.6348 599.4975 599.4855 599.6157 599.6473 599.6542 599.6695 599.6265 599.5203 599.6262 599.791 599.7505 599.6777 599.6695 599.658 599.6387 599.5248 599.4945 599.6432
599.4532 599.3488 599.3907 599.3953 599.4345 599.5482 599.5465 599.3935 599.3723 599.5103 599.613 599.443 599.3148 599.4012 599.3795 599.2745 599.439 599.551 599.527 599.4608 599.4463 599.484 599.516 599.501 599.3896 599.3951 599.4359 599.4895 599.4245 599.5652 599.6672 599.5438 599.4377 599.4017 599.4228 599.4763 599.591 599.5087 599.439 599.5765 599.6435 599.734 599.7327 599.5983 599.5915 599.6227 599.4982 599.4715 599.5422 599.5373 599.5328 599.5443 599.5255 599.5468 599.6807 599.8008 599.7277 599.6342 599.6238 599.6312 599.62 599.5322 599.5723 599.7272
599.3295 599.381 599.4462 599.3408 599.2842 599.3785 599.3923 599.319 599.2845 599.3257 599.3525 599.292 599.2497 599.3688 599.3558 599.3268 599.4614 599.5858 599.5212 599.3672 599.3275 599.4448 599.543 599.4485 599.3965 599.5253 599.6103 599.628 599.5245 599.4505 599.4125 599.5157 599.6405 599.6583 599.5128 599.437 599.4682 599.4888 599.4873 599.5568 599.6022 599.695 599.804 599.777 599.6763 599.5942 599.561 599.6898 599.7288 599.6125 599.5768 599.621 599.649 599.6743 599.7275 599.8 599.8539 599.8668 599.857 599.8452 599.828 599.7197 599.6875 599.8643
599.4529 599.5363 599.5562 599.403 599.3148 599.416 599.4377 599.4375 599.434 599.4282 599.4227 599.4208 599.413 599.405 599.397 599.4042 599.4075 599.4072 599.4 599.4105 599.4135 599.5128 599.556 599.4067 599.3362 599.4595 599.5353 599.6585 599.6143 599.4375 599.355 599.5563 599.7715 599.8773 599.6848 599.5707 599.6382 599.7267 599.7277 599.7288 599.7625 599.7625 599.772 599.7752 599.7735 599.8098 599.8273 599.9827 599.9735 599.827 599.8702 600.0055 600.0122 600.0145 600.0153 600.013 599.9865 599.969 599.9603 599.9345 599.9305 599.8232 599.8358 599.9968
599.5978 599.581 599.5397 599.4565 599.4338 599.5223 599.547 599.5547 599.5952 599.624 599.6205 599.6065 599.6455 599.6533 599.6007 599.5305 599.3607 599.3412 599.4528 599.623 599.6232 599.6563 599.6945 599.578 599.4218 599.4178 599.515 599.6625 599.6802 599.5877 599.5645 599.6845 599.8085 599.8907 599.798 599.7867 599.9785 600.0707 600.0718 600.1193 600.1175 599.9852 599.7523 599.7175 599.8815 600.0828 600.0958 600.1835 600.1345 600.0278 600.1227 600.2718 600.3455 600.4092 600.3435 600.2742 600.1238 600.0854 599.9897 599.8895 599.8552 599.889 600.017 600.1685
599.577 599.4048 599.45 599.5892 599.6152 599.5093 599.5068 599.4697 599.5665 599.6862 599.6365 599.6107 599.7637 599.8195 599.6458 599.4838 599.386 599.5262 599.7222 599.804 599.6583 599.6157 599.7803 599.7917 599.6252 599.5865 599.752 599.7573 599.7445 599.8748 599.961 599.8887 599.7653 599.7785 599.9152 600.096 600.2263 600.223 600.2312 600.2828 600.2805 600.1625 599.9505 599.9228 600.1125 600.233 600.169 600.2785 600.3503 600.2562 600.2915 600.4357 600.4925 600.6378 600.5787 600.3885 600.3855 600.424 600.2875 600.1335 600.0908 600.207 600.3312 600.2791
599.6165 599.4113 599.5137 599.717 599.8118 599.715 599.7162 599.594 599.6428 599.8065 599.711 599.681 599.8685 599.9407 599.7703 599.5625 599.5305 599.7338 599.9393 599.9637 599.7595 599.654 599.788 599.826 599.7385 599.7785 599.9938 599.9415 599.8965 600.0855 600.214 600.0452 599.8932 599.8583 600.1412 600.3015 600.3013 600.2512 600.2938 600.293 600.2928 600.3095 600.3365 600.345 600.4407 600.4233 600.3235 600.465 600.591 600.5157 600.6215 600.7952 600.9113 600.9877 600.7938 600.5822 600.5613 600.584 600.522 600.511 600.5128 600.5933 600.6102 600.5143
599.758 599.5982 599.671 599.8737 600.043 600.0132 599.9727 599.8627 599.9405 600.0397 599.8912 599.8577 600.0468 600.1195 599.9685 599.7585 599.694 599.8323 599.9703 600.0613 599.9832 599.934 599.9622 599.916 599.9133 600.03 600.1657 600.0835 600.1055 600.2832 600.3273 600.1375 600.0672 600.0903 600.3575 600.5085 600.4227 600.4122 600.4545 600.4157 600.4475 600.5358 600.6032 600.61 600.6325 600.607 600.636 600.8125 600.8672 600.8405 601.0333 601.222 601.2032 601.2057 601.2007 601.0402 600.849 600.7325 600.7252 600.8807 600.9455 600.959 600.9197 600.8557
599.9377 599.7938 599.8665 600.07 600.2615 600.2238 600.0518 600.0295 600.2128 600.2175 600.0515 600.0725 600.3198 600.4122 600.2045 600.0253 599.9968 600.0555 600.0338 600.0695 600.2607 600.4373 600.409 600.2413 600.2737 600.399 600.341 600.1855 600.3335 600.5233 600.4955 600.3442 600.3755 600.3702 600.5865 600.7575 600.7067 600.8295 600.8723 600.764 600.8505 600.931 600.8225 600.7835 600.7263 600.7842 601.0397 601.2915 601.1945 601.2557 601.37 601.4714 601.5273 601.5555 601.496 601.3972 601.3071 601.2182 601.1315 601.1168 601.1545 601.149 601.1738 601.1925
600.2213 600.0335 600.1015 600.304 600.4888 600.4405 600.2502 600.1665 600.3212 600.3112 600.244 600.4153 600.607 600.686 600.4845 600.34 600.41 600.494 600.4072 600.3522 600.557 600.7557 600.7612 600.5695 600.5933 600.704 600.6235 600.3843 600.552 600.7418 600.8572 600.7863 600.8033 600.6995 600.8868 601.0835 601.0867 601.2202 601.2405 601.2437 601.2422 601.2418 601.2408 601.2407 601.2396 601.2386 601.2634 601.3801 601.4904 601.602 601.7162 601.8019 601.864 601.9052 601.8457 601.7449 601.6655 601.6055 601.4915 601.3835 601.353 601.3578 601.4045 601.5074
600.6285 600.4377 600.4047 600.5737 600.7238 600.6415 600.585 600.4868 600.453 600.4525 600.6467 600.768 600.8235 600.9327 600.893 600.7862 600.7878 600.8868 600.8945 600.839 600.9802 601.1232 601.1077 600.9163 600.8508 601.005 600.9287 600.8215 600.9482 600.9833 601.0055 601.1912 601.2087 601.1658 601.2551 601.3406 601.4588 601.5417 601.6005 601.6074 601.606 601.6169 601.616 601.6193 601.6268 601.6258 601.6384 601.7401 601.8417 601.9482 602.0625 602.1323 602.2006 602.2548 602.1954 602.1087 602.0328 601.9927 601.8787 601.8226 601.7975 601.8198 601.8452 601.9417
600.9268 600.802 600.7338 600.8798 600.9395 600.874 600.9922 601.1063 600.9528 600.979 601.2147 601.1885 601.0975 601.1425 601.2292 601.1693 601.0887 601.174 601.2698 601.252 601.2388 601.2507 601.2944 601.3558 601.3682 601.3716 601.3706 601.3693 601.3683 601.3718 601.3709 601.4171 601.4825 601.5458 601.6302 601.697 601.8152 601.9017 601.9605 601.9711 601.9698 601.9923 601.9911 601.9945 602.0139 602.0129 602.0255 602.1213 602.2091 602.3047 602.4088 602.4628 602.5372 602.5922 602.5451 602.4726 602.4201 602.3799 602.2903 602.2618 602.2421 602.2817 602.2858 602.3798
601.2207 601.196 601.1957 601.2375 601.2568 601.3032 601.332 601.3702 601.4296 601.4334 601.4917 601.5347 601.533 601.5318 601.5396 601.5395 601.5379 601.5367 601.5451 601.5442 601.5645 601.6258 601.6695 601.7308 601.7432 601.7587 601.7578 601.7566 601.7556 601.7718 601.7709 601.8092 601.8829 601.921 602.0054 602.079 602.1716 602.2617 602.3206 602.3348 602.3336 602.3676 602.3663 602.3696 602.4014 602.4001 602.4127 602.5083 602.5765 602.6545 602.755 602.7932 602.8738 602.9288 602.8948 602.8312 602.8074 602.7695 602.7061 602.701 602.6867 602.7429 602.7422 602.8178
601.5987 601.5977 601.6071 601.6061 601.6075 601.6669 601.6957 601.7338 601.7933 601.7965 601.8482 601.8983 601.8967 601.8956 601.9073 601.9146 601.913 601.9117 601.9324 601.9313 601.9396 602.001 602.0446 602.1059 602.1183 602.1459 602.1448 602.1439 602.1428 602.1717 602.171 602.2014 602.2791 602.2961 602.3828 602.4542 602.528 602.6217 602.6805 602.6984 602.6974 602.7426 602.7414 602.7448 602.7888 602.7872 602.7998 602.8874 602.9392 603.0042 603.1013 603.1459 603.2104 603.2654 603.2444 603.1896 603.1946 603.1698 603.1288 603.1401 603.1313 603.1874 603.2036 603.2559
601.9624 601.9614 601.9731 601.9811 601.9801 602.0306 602.0596 602.0975 602.157 602.1602 602.2047 602.2618 602.2604 602.2594 602.2711 602.2894 602.288 602.2868 602.3174 602.3185 602.3171 602.3761 602.4257 602.481 602.4933 602.5325 602.532 602.5311 602.5299 602.5717 602.571 602.5937 602.6713 602.6819 602.7618 602.8293 602.8845 602.9818 603.0405 603.0621 603.0612 603.1161 603.1166 603.12 603.1758 603.1744 603.187 603.2625 603.2993 603.3715 603.4475 603.4987 603.5471 603.602 603.5917 603.548 603.5819 603.558 603.5515 603.5793 603.5759 603.632 603.6651 603.6995
602.326 602.3251 602.3368 602.356 602.355 602.3943 602.4233 602.4612 602.5207 602.5239 602.5612 602.6195 602.6242 602.6232 602.6349 602.6644 602.663 602.6618 602.6925 602.7056 602.7042 602.7513 602.8126 602.856 602.8684 602.9076 602.9191 602.9183 602.9171 602.9652 602.9711 602.986 603.0634 603.0818 603.1408 603.2045 603.2408 603.3417 603.4006 603.4258 603.4249 603.4799 603.4917 603.4951 603.5565 603.5615 603.5741 603.6375 603.6689 603.7389 603.804 603.8516 603.8837 603.9386 603.938 603.9065 603.9692 603.9474 603.9742 604.0215 604.0206 604.0764 604.1265 604.1442
602.6898 602.6888 602.7004 602.731 602.73 602.7579 602.7869 602.8249 602.8843 602.8876 602.9177 602.976 602.988 602.987 602.9987 603.0393 603.0381 603.0369 603.0676 603.0928 603.0917 603.1264 603.1878 603.231 603.2435 603.2827 603.3062 603.3056 603.3042 603.3525 603.3711 603.3784 603.4556 603.4818 603.5198 603.5818 603.6271 603.7017 603.7606 603.7895 603.7888 603.8437 603.8669 603.8703 603.9316 603.9487 603.9612 604.0246 604.0565 604.1063 604.1683 604.2047 604.2203 604.2753 604.2927 604.293 604.3564 604.361 604.3969 604.4662 604.4652 604.5209 604.5883 604.589
603.0534 603.0524 603.0641 603.1059 603.1049 603.1216 603.1506 603.1886 603.248 603.2512 603.2742 603.3325 603.3518 603.3508 603.3625 603.4142 603.4131 603.4119 603.4426 603.48 603.4789 603.5016 603.5629 603.6061 603.6185 603.6577 603.6933 603.6929 603.6913 603.7397 603.7712 603.7708 603.8478 603.8818 603.9059 603.9609 604.0142 604.0618 604.1205 604.1533 604.1524 604.2075 604.242 604.2454 604.3068 604.3358 604.3484 604.4117 604.4435 604.4737 604.5338 604.558 604.5574 604.6119 604.6302 604.6295 604.6317 604.6361 604.6412 604.6433 604.6474 604.6515 604.6539 604.658
603.4171 603.4161 603.4279 603.4811 603.4799 603.4853 603.5143 603.5522 603.6117 603.6149 603.6307 603.689 603.7156 603.7146 603.7263 603.7858 603.7882 603.787 603.8176 603.8673 603.8661 603.8767 603.9381 603.9811 603.9935 604.0327 604.0804 604.08 604.0785 604.127 604.1712 604.1702 604.2401 604.282 604.2935 604.3399 604.4012 604.4218 604.4806 604.517 604.5161 604.5713 604.6172 604.6206 604.6418 604.6406 604.6456 604.6489 604.6526 604.6575 604.66 604.6641 604.6689 604.6704 604.6716 604.6769 604.6802 604.684 604.689 604.6905 604.6946 604.6987 604.7005 604.7045
