samples/sfe_24/sfe_24_vv1/sfe_24_vv1/sfe_24_vv1.asc
ncols         275
nrows         75
xllcorner     98.60000000149
yllcorner     70.60000000149
cellsize      0.7
NODATA_value  -9999
[rows 0 to 27 of 75, columns 0 to 63 of 275]
-9999 -9999 605.8764 605.8759 605.8743 605.8731 605.8726 605.8716 605.8706 605.8698 605.869 605.8682 605.8667 605.8655 605.8649 605.864 605.8629 605.8623 605.8613 605.8605 605.8589 605.8578 605.8572 605.8561 605.8552 605.8545 605.8535 605.8522 605.8511 605.8499 605.8489 605.8482 605.8472 605.8463 605.8456 605.8442 605.8431 605.8419 605.8409 605.8402 605.8392 605.8382 605.8375 605.8362 605.8347 605.8339 605.833 605.8318 605.8311 605.8301 605.8292 605.8281 605.8266 605.826 605.8249 605.8237 605.8227 605.822 605.8209 605.8196 605.8189 605.8179 605.8163 605.8152
-9999 -9999 605.8068 605.806 605.8044 605.8034 605.8041 605.8032 605.802 605.8026 605.8018 605.8023 605.8008 605.7997 605.8002 605.7993 605.7981 605.7988 605.7978 605.7981 605.7966 605.7955 605.796 605.7949 605.794 605.7943 605.7933 605.7917 605.7919 605.7907 605.7898 605.79 605.7891 605.7881 605.7884 605.7868 605.7868 605.7856 605.7847 605.7847 605.7838 605.7829 605.7829 605.7816 605.7802 605.7801 605.7792 605.7782 605.7781 605.7772 605.7761 605.776 605.7744 605.7736 605.7736 605.7723 605.7714 605.7713 605.7703 605.7689 605.7682 605.7679 605.7664 605.7654
-9999 -9999 605.737 605.7361 605.7346 605.7336 605.7357 605.7347 605.7333 605.7354 605.7344 605.7365 605.7349 605.7339 605.7355 605.7347 605.7332 605.7353 605.7341 605.7357 605.7342 605.7333 605.7347 605.7337 605.7328 605.734 605.733 605.7314 605.7327 605.7316 605.7307 605.7318 605.7309 605.7307 605.7311 605.7294 605.7305 605.7293 605.7285 605.7293 605.7285 605.7274 605.7283 605.7268 605.7258 605.7264 605.7255 605.7246 605.7252 605.7244 605.7229 605.7239 605.7222 605.7214 605.7222 605.721 605.7202 605.7207 605.7197 605.7182 605.7173 605.718 605.7165 605.7159
-9999 -9999 605.667 605.6663 605.6647 605.6639 605.6673 605.6663 605.6647 605.6682 605.6671 605.6705 605.669 605.6682 605.6708 605.6701 605.6691 605.6718 605.6704 605.6733 605.6718 605.671 605.6735 605.6725 605.6717 605.6738 605.6727 605.6714 605.6735 605.6724 605.6715 605.6736 605.6727 605.6734 605.6738 605.6724 605.6741 605.673 605.6722 605.6738 605.673 605.6717 605.6738 605.6721 605.6717 605.6726 605.6718 605.671 605.6723 605.6715 605.6701 605.6717 605.6701 605.6693 605.6708 605.6697 605.6689 605.67 605.6691 605.6674 605.6667 605.6681 605.6666 605.6667
-9999 -9999 605.6196 605.5963 605.5949 605.5941 605.5988 605.5979 605.5964 605.6011 605.5999 605.6046 605.6031 605.6024 605.6061 605.6053 605.6057 605.6083 605.6068 605.611 605.6095 605.6088 605.6122 605.6113 605.6102 605.6136 605.6123 605.612 605.6143 605.6133 605.612 605.6154 605.6146 605.6161 605.6165 605.6152 605.6177 605.6168 605.616 605.6184 605.6177 605.6165 605.6192 605.6177 605.6179 605.6189 605.6181 605.6173 605.6194 605.6185 605.618 605.6196 605.618 605.6174 605.6194 605.6184 605.6176 605.6194 605.6184 605.6168 605.6168 605.6181 605.6168 605.6175
-9999 -9999 605.44 605.5264 605.5251 605.524 605.5303 605.5294 605.5289 605.5339 605.5329 605.5387 605.5373 605.5363 605.5415 605.5405 605.5422 605.5448 605.5435 605.5486 605.5472 605.5463 605.551 605.55 605.5487 605.5533 605.552 605.5528 605.5552 605.5541 605.5533 605.5571 605.5561 605.5589 605.5592 605.5582 605.5614 605.5605 605.5601 605.563 605.5623 605.5618 605.5646 605.5632 605.5642 605.5651 605.5644 605.5634 605.5665 605.5654 605.5659 605.5674 605.566 605.566 605.5681 605.5671 605.566 605.5688 605.5678 605.5663 605.5669 605.5682 605.567 605.5683
-9999 -9999 605.2199 605.4564 605.4553 605.4551 605.4619 605.4609 605.4617 605.4667 605.4658 605.4728 605.4714 605.4708 605.4768 605.4757 605.4788 605.4813 605.4801 605.4862 605.4849 605.4838 605.4897 605.4888 605.4876 605.4931 605.4919 605.4936 605.496 605.495 605.4952 605.4989 605.4977 605.5016 605.5019 605.5013 605.5051 605.5042 605.5046 605.5075 605.5067 605.5073 605.51 605.5087 605.5104 605.5114 605.5107 605.5094 605.5135 605.5123 605.5137 605.5153 605.5139 605.5146 605.5167 605.5157 605.5145 605.5182 605.5172 605.5158 605.517 605.5182 605.5171 605.5191
-9999 -9999 604.9998 605.3865 605.3855 605.3867 605.3934 605.3923 605.3946 605.3995 605.3993 605.4069 605.4056 605.4061 605.4121 605.4111 605.4153 605.4178 605.4167 605.4238 605.4225 605.4225 605.4284 605.4274 605.4271 605.4329 605.4318 605.4344 605.4369 605.4359 605.437 605.4407 605.4395 605.4444 605.4446 605.445 605.4487 605.4479 605.4491 605.4521 605.4511 605.4527 605.4554 605.4543 605.4567 605.4576 605.457 605.4564 605.4606 605.4594 605.4615 605.4632 605.4618 605.4633 605.4653 605.4644 605.4632 605.4676 605.4666 605.4653 605.4671 605.4683 605.4672 605.4699
-9999 -9999 604.7797 605.3166 605.3157 605.3183 605.3248 605.3238 605.3274 605.3324 605.3334 605.341 605.3398 605.3415 605.3474 605.3465 605.3519 605.3542 605.3544 605.3615 605.3602 605.3613 605.3671 605.3661 605.3669 605.3727 605.3717 605.3752 605.3777 605.3765 605.3788 605.3824 605.3814 605.3871 605.3874 605.3887 605.3924 605.3915 605.3936 605.3966 605.3956 605.3981 605.4009 605.3998 605.403 605.4039 605.4033 605.4035 605.4077 605.4066 605.4094 605.4111 605.4097 605.4119 605.4139 605.4131 605.4123 605.4169 605.416 605.4148 605.4172 605.4183 605.4171 605.4207
-9999 -9999 604.5596 605.2466 605.246 605.2499 605.2563 605.2554 605.2603 605.2652 605.2675 605.2751 605.2739 605.2769 605.2827 605.2819 605.2885 605.2908 605.292 605.2991 605.2979 605.3001 605.3058 605.3047 605.3067 605.3124 605.3115 605.316 605.3186 605.3171 605.3207 605.3243 605.3235 605.3298 605.3303 605.3323 605.3361 605.335 605.3381 605.3412 605.3402 605.3436 605.3463 605.345 605.3492 605.3502 605.3497 605.3506 605.3547 605.3538 605.3573 605.3589 605.3577 605.3606 605.3626 605.3618 605.3616 605.3663 605.3653 605.3643 605.3673 605.3683 605.367 605.3715
-9999 -9999 604.3395 605.177 605.1761 605.1815 605.1879 605.1871 605.1931 605.198 605.2016 605.2092 605.2081 605.2123 605.2181 605.2171 605.225 605.2272 605.2296 605.2368 605.2356 605.2389 605.2446 605.2436 605.2465 605.2523 605.2511 605.2568 605.2595 605.2581 605.2626 605.2661 605.2663 605.2726 605.2731 605.276 605.2797 605.2787 605.2826 605.2858 605.2849 605.289 605.2917 605.2904 605.2955 605.2964 605.296 605.2977 605.3018 605.3008 605.3052 605.3068 605.3056 605.3092 605.3112 605.3105 605.311 605.3157 605.3147 605.3137 605.3174 605.3184 605.3172 605.3223
-9999 -9999 604.1194 605.1255 605.1063 605.113 605.1194 605.1185 605.1259 605.1309 605.1357 605.1432 605.1423 605.1476 605.1534 605.1535 605.1616 605.1638 605.1672 605.1744 605.1733 605.1776 605.1833 605.1824 605.1862 605.192 605.1915 605.1976 605.2003 605.199 605.2044 605.2078 605.209 605.2153 605.2159 605.2197 605.2234 605.2224 605.2271 605.2303 605.2294 605.2344 605.2371 605.2363 605.2418 605.2427 605.2421 605.2448 605.2489 605.2478 605.2531 605.2546 605.2532 605.2578 605.2598 605.2592 605.2604 605.2651 605.264 605.2629 605.2675 605.2684 605.2678 605.2731
-9999 -9999 603.8994 605.0844 605.0364 605.0446 605.0509 605.0506 605.0587 605.0638 605.0698 605.0773 605.0762 605.083 605.0887 605.0901 605.0981 605.1002 605.1049 605.112 605.1109 605.1164 605.122 605.1213 605.126 605.1318 605.1323 605.1384 605.1412 605.1398 605.1462 605.1496 605.1517 605.1581 605.1586 605.1633 605.1671 605.1662 605.1716 605.1749 605.1743 605.1798 605.1826 605.1826 605.188 605.189 605.1883 605.1918 605.196 605.1957 605.2009 605.2025 605.201 605.2065 605.2085 605.2077 605.2098 605.2144 605.2134 605.2127 605.2177 605.2185 605.2186 605.2239
-9999 605.5346 603.6792 605.0432 604.9674 604.9762 604.9824 604.9835 604.9916 604.9966 605.0038 605.0114 605.0104 605.0184 605.0241 605.0266 605.0347 605.0366 605.0425 605.0497 605.0485 605.0552 605.0607 605.0599 605.0658 605.0716 605.0731 605.0792 605.082 605.0817 605.0881 605.0914 605.0945 605.1008 605.1014 605.107 605.1107 605.1104 605.1161 605.1194 605.1198 605.1252 605.128 605.1289 605.1343 605.1352 605.1346 605.1389 605.1431 605.1436 605.1487 605.1504 605.1496 605.1551 605.1571 605.1563 605.1592 605.1638 605.1628 605.1628 605.1677 605.1686 605.1694 605.1747
-9999 605.2998 603.4591 604.8934 604.9017 604.9078 604.9139 604.9163 604.9244 604.9296 604.938 604.9455 604.9456 604.9538 604.9595 604.9632 604.9713 604.9731 604.9802 604.9874 604.9862 604.994 604.9995 604.9993 605.0056 605.0114 605.0139 605.02 605.0229 605.0235 605.0299 605.0331 605.0372 605.0435 605.0449 605.0507 605.0544 605.0549 605.0605 605.064 605.0651 605.0707 605.0734 605.0751 605.0806 605.0815 605.0808 605.086 605.0901 605.0914 605.0966 605.0983 605.0982 605.1038 605.1057 605.105 605.1085 605.1132 605.1122 605.1129 605.1178 605.1186 605.1202 605.1255
-9999 605.0651 603.239 604.6733 604.9013 604.8802 604.796 604.7215 604.7518 604.8088 604.8194 604.8567 604.893 604.8915 604.8949 604.8997 604.9078 604.9099 604.9178 604.925 604.925 604.9327 604.9382 604.9391 604.9454 604.9511 604.9547 604.9608 604.9637 604.9654 604.9717 604.9749 604.98 604.9863 604.9886 604.9943 604.998 604.9995 605.0051 605.0085 605.0106 605.0161 605.0189 605.0214 605.0268 605.0277 605.0278 605.0331 605.0372 605.0393 605.0445 605.0461 605.0468 605.0524 605.0543 605.0537 605.0579 605.0626 605.0616 605.063 605.0679 605.0687 605.071 605.0764
-9999 604.8303 603.0189 604.4531 604.6041 604.5198 604.4356 604.3685 604.4021 604.4592 604.4661 604.5122 604.5735 604.5834 604.6383 604.662 604.6879 604.7465 604.756 604.7937 604.8537 604.856 604.8815 604.8805 604.8851 604.8909 604.8954 604.9016 604.9046 604.9072 604.9136 604.9166 604.9227 604.929 604.9323 604.938 604.9417 604.9439 604.9496 604.9531 604.956 604.9615 604.9643 604.9677 604.9731 604.974 604.9748 604.9801 604.9843 604.9872 604.9924 604.994 604.9955 605.001 605.0029 605.0023 605.0073 605.012 605.0109 605.0131 605.018 605.0187 605.0219 605.0272
-9999 604.5955 602.7988 604.233 604.2437 604.1594 604.0752 604.0156 604.0525 604.1096 604.1127 604.1677 604.2315 604.2468 604.3017 604.3094 604.3295 604.3881 604.3923 604.43 604.4821 604.4808 604.5284 604.5759 604.5989 604.6599 604.6895 604.6983 604.7578 604.7958 604.8248 604.8712 604.8702 604.8718 604.8759 604.8817 604.8854 604.8884 604.894 604.8976 604.9014 604.9069 604.9097 604.9139 604.9193 604.9202 604.9219 604.9272 604.9314 604.935 604.9402 604.9418 604.9441 604.9496 604.9515 604.9517 604.9567 604.9613 604.9603 604.9632 604.9681 604.9689 604.9727 604.978
-9999 604.3607 602.5787 603.879 603.8779 603.799 603.7148 603.6625 603.7029 603.7599 603.7663 603.8231 603.8885 603.9101 603.965 603.9627 603.9712 604.0298 604.0285 604.0663 604.1069 604.1057 604.1533 604.1889 604.2258 604.2868 604.3145 604.3345 604.394 604.432 604.461 604.5204 604.5217 604.5786 604.619 604.6265 604.6888 604.7258 604.7428 604.8038 604.8342 604.8552 604.8588 604.8602 604.8656 604.8665 604.869 604.8743 604.8785 604.8829 604.8881 604.8897 604.8928 604.8983 604.9001 604.901 604.906 604.9107 604.9097 604.9133 604.9182 604.9189 604.9235 604.9288
-9999 604.1259 602.3586 603.4917 603.4905 603.4386 603.3544 603.3096 603.3532 603.4083 603.4218 603.4908 603.5453 603.5735 603.6284 603.6197 603.6129 603.6661 603.6647 603.7026 603.7317 603.7305 603.7783 603.8019 603.8527 603.9144 603.9393 603.9708 604.0303 604.0682 604.0972 604.1478 604.1467 604.2034 604.2318 604.2454 604.3077 604.3387 604.3697 604.4307 604.4593 604.4916 604.551 604.5632 604.5616 604.6171 604.6604 604.6649 604.7416 604.7653 604.7642 604.8373 604.8472 604.8469 604.8486 604.8504 604.8554 604.86 604.8591 604.8634 604.8683 604.869 604.8743 604.8796
-9999 603.8912 602.1385 603.1046 603.1035 603.0782 602.9939 602.9566 603.0036 603.0551 603.0773 603.1587 603.2023 603.2369 603.2918 603.2767 603.2545 603.3022 603.3009 603.339 603.3566 603.3553 603.4032 603.4144 603.4795 603.5439 603.5645 603.607 603.6664 603.7044 603.7334 603.7726 603.7715 603.8283 603.8445 603.8643 603.9266 603.9517 603.9965 604.0576 604.0862 604.1279 604.1873 604.188 604.1867 604.2401 604.2733 604.2778 604.3545 604.3651 604.3642 604.4371 604.4493 604.448 604.4901 604.5582 604.5573 604.5625 604.65 604.6749 604.6935 604.7845 604.8017 604.8007
-9999 603.6564 601.9185 602.7174 602.7161 602.715 602.6335 602.6036 602.654 602.7019 602.7327 602.8188 602.8592 602.9003 602.9551 602.9337 602.8961 602.9383 602.9371 602.9753 602.9814 602.9802 603.0282 603.0376 603.1063 603.1734 603.2007 603.2432 603.3027 603.3406 603.3696 603.3976 603.3964 603.4531 603.4573 603.4831 603.5455 603.5739 603.6234 603.6902 603.7224 603.7642 603.8135 603.813 603.8118 603.8631 603.8861 603.8906 603.9664 603.9649 603.9642 604.0369 604.0209 604.0193 604.0613 604.1135 604.1128 604.118 604.2055 604.2131 604.2319 604.3228 604.3217 604.3207
-9999 603.4216 601.6984 602.3303 602.329 602.328 602.2731 602.2506 602.3043 602.3488 602.4004 602.4791 602.5162 602.5636 602.6122 602.5907 602.5428 602.5744 602.5734 602.6074 602.6063 602.605 602.6407 602.6649 602.7332 602.8029 602.8369 602.8794 602.9389 602.9769 603.0058 603.0225 603.0212 603.071 603.07 603.102 603.1644 603.1987 603.2502 603.3237 603.3586 603.4005 603.4386 603.4379 603.4368 603.4861 603.499 603.5035 603.5661 603.5648 603.564 603.6364 603.592 603.5908 603.6326 603.669 603.6682 603.6735 603.7523 603.7514 603.7701 603.8428 603.8416 603.8406
-9999 603.1891 601.495 601.9431 601.9421 601.9405 601.9127 601.8976 601.9547 601.9955 602.0729 602.1392 602.1733 602.227 602.2693 602.2477 602.1898 602.2106 602.2095 602.2319 602.2311 602.2299 602.2537 602.2921 602.36 602.4324 602.4731 602.5156 602.5751 602.613 602.642 602.6475 602.6461 602.684 602.6827 602.7209 602.7832 602.8235 602.8771 602.9573 602.9949 603.0369 603.0637 603.0628 603.0616 603.1092 603.1118 603.1163 603.1661 603.1646 603.1638 603.2227 603.1683 603.1621 603.2038 603.2245 603.2236 603.229 603.2908 603.2897 603.3084 603.3625 603.3615 603.3605
-9999 603.05 601.3025 601.556 601.555 601.5536 601.5521 601.548 601.6051 601.6425 601.7439 601.7994 601.8354 601.8904 601.9264 601.9047 601.8463 601.8467 601.8458 601.8569 601.856 601.8549 601.8667 601.9193 601.9892 602.0619 602.1094 602.1518 602.2113 602.2493 602.2732 602.2725 602.2709 602.2968 602.2955 602.3398 602.4021 602.4484 602.504 602.5846 602.631 602.6732 602.6887 602.6877 602.6865 602.7256 602.7247 602.7292 602.766 602.7644 602.7637 602.8089 602.7516 602.7335 602.7751 602.78 602.7789 602.7845 602.8293 602.8279 602.8467 602.8824 602.8815 602.8805
-9999 602.9109 601.11 601.3408 601.3453 601.3735 601.263 601.1493 601.3565 601.5433 601.465 601.4637 601.4988 601.5538 601.5834 601.5617 601.5034 601.483 601.482 601.4818 601.4808 601.4798 601.4797 601.5466 601.6187 601.6891 601.7455 601.788 601.8475 601.8856 601.8983 601.8973 601.8958 601.9093 601.9082 601.9587 602.0165 602.0732 602.1337 602.2097 602.2673 602.3095 602.3137 602.3126 602.3115 602.3383 602.3375 602.342 602.3658 602.3643 602.3635 602.3948 602.3348 602.3049 602.3365 602.3355 602.3343 602.34 602.3677 602.3661 602.3849 602.4024 602.4014 602.4004
-9999 602.7719 600.9175 600.9675 600.976 601.103 601.1008 600.9445 600.9983 601.1115 601.1555 601.2355 601.252 601.3065 601.2815 601.2653 601.1978 601.2143 601.2123 601.205 601.198 601.1898 601.1827 601.2265 601.3156 601.3485 601.4368 601.446 601.4837 601.5219 601.5233 601.5222 601.5206 601.522 601.521 601.5776 601.6367 601.6981 601.7673 601.844 601.9035 601.9393 601.9385 601.9375 601.9365 601.9513 601.9504 601.9549 601.9655 601.9641 601.9633 601.9807 601.918 601.8762 601.8922 601.891 601.8896 601.8955 601.9059 601.9045 601.9232 601.9224 601.9213 601.9203
-9999 602.6328 600.7685 600.5655 600.5875 600.8207 600.8768 600.7313 600.6638 600.7598 600.916 601.1455 601.233 601.1268 600.8817 600.8478 600.9785 601.1013 601.0593 601.0518 601.0695 601.0098 600.953 600.9128 600.9888 601.1245 601.2415 601.1995 601.2347 601.2935 601.2657 601.089 601.1525 601.3383 601.4227 601.3823 601.351 601.3718 601.4338 601.4802 601.5397 601.5639 601.5634 601.5624 601.5613 601.5643 601.5632 601.5668 601.5652 601.564 601.5632 601.5668 601.5013 601.4476 601.4478 601.4465 601.445 601.4457 601.4442 601.4429 601.4433 601.4423 601.4413 601.4401
