samples/sfe_24/sfe_24_vv1/sfe_24_vv1/sfe_24_vv1.asc
ncols         275
nrows         75
xllcorner     98.60000000149
yllcorner     70.60000000149
cellsize      0.7
NODATA_value  -9999
[rows 0 to 27 of 75, columns 192 to 255 of 275]
605.6723 605.6711 605.6696 605.6683 605.6674 605.666 605.6651 605.6641 605.6628 605.6617 605.6601 605.6596 605.658 605.6566 605.6556 605.6546 605.6534 605.6522 605.6514 605.65 605.6484 605.6471 605.6461 605.6448 605.6439 605.6429 605.6415 605.6404 605.6388 605.6373 605.6364 605.6353 605.634 605.633 605.632 605.6306 605.629 605.6277 605.6264 605.6254 605.6244 605.6231 605.6221 605.6208 605.6191 605.6178 605.6168 605.6154 605.6144 605.613 605.6121 605.6109 605.6091 605.6078 605.607 605.6053 605.6044 605.6034 605.602 605.6008 605.5992 605.5984 605.5969 605.5952
605.6254 605.6245 605.6229 605.6216 605.6203 605.6187 605.6177 605.6167 605.6147 605.6138 605.6121 605.6116 605.6095 605.6078 605.6069 605.6059 605.6039 605.6028 605.602 605.6005 605.5984 605.597 605.596 605.594 605.593 605.592 605.5898 605.5888 605.5872 605.5851 605.584 605.5829 605.5807 605.5798 605.5789 605.5766 605.5752 605.5737 605.5715 605.5706 605.5696 605.5673 605.5664 605.5652 605.5628 605.5612 605.5602 605.558 605.5569 605.5554 605.5535 605.5524 605.55 605.5483 605.5476 605.5451 605.5438 605.543 605.5403 605.5394 605.5377 605.5358 605.5344 605.5323
605.5786 605.5776 605.5761 605.5749 605.5734 605.5715 605.5703 605.5693 605.5665 605.5657 605.5641 605.5635 605.5609 605.5593 605.5582 605.5572 605.5545 605.5535 605.5526 605.5511 605.5485 605.5469 605.5459 605.5431 605.5422 605.5412 605.5381 605.5373 605.5356 605.533 605.5317 605.5306 605.528 605.5266 605.5258 605.5225 605.5213 605.5198 605.5172 605.5157 605.5148 605.5115 605.5107 605.5095 605.5063 605.5047 605.5037 605.5007 605.4994 605.4979 605.4949 605.494 605.4913 605.4891 605.4882 605.4849 605.4833 605.4825 605.4787 605.4778 605.4762 605.4731 605.4718 605.4697
605.5317 605.5308 605.5294 605.5282 605.5267 605.5243 605.5229 605.5219 605.5184 605.5176 605.5161 605.5155 605.512 605.5107 605.5095 605.5085 605.505 605.5042 605.5032 605.5016 605.4985 605.4968 605.4958 605.4922 605.4913 605.4904 605.4865 605.4857 605.4841 605.4809 605.4793 605.4783 605.4757 605.4734 605.4726 605.4688 605.4675 605.4658 605.4633 605.4609 605.46 605.4558 605.455 605.4539 605.4495 605.4482 605.4471 605.4434 605.4418 605.4404 605.4364 605.4355 605.4329 605.4298 605.4287 605.4253 605.4229 605.422 605.4171 605.4162 605.4147 605.4103 605.4092 605.407
605.485 605.4841 605.4827 605.4814 605.4799 605.4771 605.4755 605.4745 605.4705 605.4695 605.4681 605.4674 605.4634 605.4622 605.4608 605.4598 605.4556 605.4548 605.4538 605.4523 605.4482 605.4467 605.4457 605.4414 605.4406 605.4396 605.4348 605.4341 605.4325 605.4285 605.4269 605.4259 605.4233 605.4202 605.4195 605.4156 605.4135 605.4119 605.4094 605.406 605.4052 605.4004 605.3992 605.3982 605.3933 605.3918 605.3906 605.3858 605.3843 605.3829 605.3778 605.3771 605.3745 605.3705 605.3693 605.3658 605.3625 605.3615 605.3563 605.3546 605.3531 605.3476 605.3467 605.3444
605.4389 605.4373 605.436 605.4348 605.4331 605.4296 605.4281 605.4271 605.4232 605.4214 605.4202 605.4194 605.4154 605.4135 605.412 605.4111 605.4063 605.4054 605.4044 605.4029 605.3981 605.3966 605.3956 605.3908 605.3897 605.3887 605.3833 605.3824 605.381 605.376 605.3747 605.3736 605.371 605.3672 605.3663 605.3625 605.3594 605.358 605.3555 605.3514 605.3505 605.3452 605.3435 605.3425 605.3376 605.3353 605.334 605.3281 605.3267 605.3254 605.3194 605.3186 605.316 605.3109 605.3098 605.3063 605.3023 605.3011 605.2959 605.293 605.2916 605.2851 605.2841 605.2818
605.3928 605.3904 605.3893 605.3881 605.3864 605.3821 605.3807 605.3798 605.3758 605.3733 605.3721 605.3713 605.3674 605.3647 605.3633 605.3624 605.3571 605.356 605.355 605.3535 605.3479 605.3466 605.3455 605.3402 605.3389 605.3379 605.332 605.3308 605.3294 605.3244 605.3225 605.3212 605.3187 605.3143 605.3132 605.3094 605.3053 605.304 605.3016 605.2968 605.2957 605.2904 605.2878 605.2869 605.282 605.2787 605.2774 605.2704 605.2692 605.2679 605.2612 605.2601 605.2576 605.2513 605.2504 605.2468 605.2418 605.2406 605.2354 605.2314 605.2301 605.2236 605.2215 605.2192
605.3467 605.3436 605.3426 605.3413 605.3396 605.3347 605.3333 605.3323 605.3285 605.3252 605.3242 605.3233 605.3193 605.3159 605.3146 605.3137 605.3082 605.3066 605.3056 605.3041 605.2977 605.2965 605.2954 605.2893 605.288 605.287 605.2811 605.2792 605.2778 605.2728 605.2703 605.2689 605.2663 605.2613 605.2601 605.2562 605.2513 605.2501 605.2477 605.2421 605.2408 605.2356 605.2321 605.2312 605.2263 605.222 605.2209 605.2131 605.2117 605.2104 605.2027 605.2016 605.1991 605.1918 605.1909 605.1873 605.1813 605.1801 605.1749 605.1699 605.1686 605.162 605.1588 605.1566
605.3006 605.2969 605.2958 605.2946 605.2928 605.2872 605.2859 605.285 605.2811 605.2773 605.2762 605.2753 605.2713 605.2672 605.2659 605.265 605.2595 605.2572 605.2562 605.2547 605.2477 605.2465 605.2453 605.2386 605.2372 605.2363 605.2302 605.2275 605.2263 605.2213 605.2181 605.2166 605.214 605.2081 605.2069 605.2031 605.1972 605.1961 605.1938 605.1871 605.186 605.1808 605.1765 605.1755 605.1707 605.1653 605.1643 605.1565 605.1543 605.1529 605.1444 605.1431 605.1407 605.1324 605.1315 605.1277 605.1207 605.1197 605.1145 605.1086 605.1071 605.1005 605.0961 605.0939
605.2545 605.2504 605.2491 605.2479 605.2461 605.2399 605.2387 605.2375 605.2338 605.2295 605.2281 605.2272 605.2233 605.2183 605.2172 605.2162 605.2108 605.2078 605.2068 605.2053 605.1978 605.1964 605.1952 605.1886 605.1864 605.1854 605.1794 605.176 605.1747 605.1697 605.1657 605.1642 605.1616 605.1548 605.1538 605.15 605.1434 605.1422 605.14 605.1323 605.1313 605.126 605.1209 605.1199 605.115 605.1086 605.1077 605.1 605.0969 605.0955 605.0869 605.0845 605.0822 605.0736 605.072 605.0683 605.0603 605.0592 605.054 605.0471 605.0455 605.039 605.0334 605.0313
605.2084 605.2037 605.2025 605.2012 605.1993 605.193 605.1914 605.1902 605.1865 605.1815 605.1802 605.1792 605.1752 605.1698 605.1685 605.1675 605.162 605.1584 605.1574 605.1559 605.1484 605.1464 605.1451 605.1385 605.1356 605.1346 605.1285 605.1243 605.1231 605.1182 605.1133 605.1119 605.1093 605.1019 605.1006 605.0969 605.0895 605.0882 605.0861 605.078 605.0765 605.0712 605.0653 605.0642 605.0593 605.0522 605.0511 605.0434 605.0394 605.038 605.0294 605.0261 605.0238 605.0151 605.0126 605.0088 605.0004 604.9987 604.9935 604.9855 604.984 604.9775 604.9708 604.9687
605.1623 605.1569 605.1557 605.1545 605.1526 605.1462 605.1441 605.1428 605.1391 605.1333 605.1322 605.1312 605.1271 605.1212 605.1198 605.1188 605.1133 605.109 605.108 605.1065 605.099 605.0963 605.095 605.0884 605.0847 605.0837 605.0778 605.0728 605.0715 605.0666 605.061 605.0595 605.0569 605.0495 605.0475 605.0437 605.0358 605.0342 605.0322 605.0241 605.0217 605.0164 605.0095 605.0085 605.0037 604.9957 604.9946 604.9868 604.9818 604.9805 604.972 604.9675 604.9653 604.9567 604.9532 604.9493 604.941 604.9383 604.9331 604.9246 604.9225 604.916 604.9081 604.9061
605.1162 605.11 605.109 605.1078 605.1058 605.0994 605.0968 605.0954 605.0917 605.0853 605.0842 605.0831 605.0791 605.0726 605.0711 605.0701 605.0646 605.0598 605.0587 605.0571 605.0496 605.0463 605.0449 605.0383 605.0341 605.033 605.0269 605.0214 605.02 605.015 605.0087 605.0071 605.0046 604.9972 604.9944 604.9905 604.9826 604.9803 604.9782 604.9702 604.9669 604.9616 604.9538 604.9529 604.948 604.9397 604.938 604.9302 604.9241 604.923 604.9145 604.9091 604.9069 604.8983 604.8937 604.8898 604.8815 604.8778 604.8726 604.8642 604.861 604.8544 604.8456 604.8434
605.0701 605.0638 605.0623 605.061 605.059 605.0527 605.0493 605.048 605.0444 605.038 605.0362 605.035 605.0311 605.0246 605.0224 605.0214 605.0159 605.0106 605.0092 605.0077 605.0002 604.9962 604.9948 604.9882 604.9834 604.9821 604.9761 604.9697 604.9684 604.9634 604.9565 604.9548 604.9523 604.9448 604.9412 604.9374 604.9295 604.9263 604.9243 604.9163 604.9121 604.9068 604.8986 604.8972 604.8923 604.884 604.8815 604.8737 604.8666 604.8655 604.857 604.8506 604.8484 604.8398 604.8342 604.8303 604.822 604.8173 604.8121 604.8037 604.7994 604.7929 604.7831 604.7808
605.024 605.0177 605.0156 605.0143 605.0123 605.0059 605.0019 605.0006 604.9971 604.9907 604.9882 604.987 604.983 604.9765 604.9737 604.9727 604.9672 604.9612 604.9598 604.9583 604.9509 604.946 604.9447 604.938 604.9326 604.9313 604.9253 604.9181 604.9168 604.9119 604.9045 604.9025 604.8999 604.8925 604.8881 604.8843 604.8763 604.8724 604.8704 604.8624 604.8573 604.8521 604.8439 604.8415 604.8367 604.8284 604.8249 604.8171 604.8091 604.808 604.7995 604.7922 604.79 604.7814 604.7747 604.7708 604.7625 604.7568 604.7517 604.7432 604.7379 604.7314 604.7216 604.7182
604.9779 604.9716 604.9689 604.9677 604.9655 604.9592 604.9545 604.9532 604.9497 604.9433 604.9402 604.939 604.935 604.9285 604.925 604.924 604.9185 604.9117 604.9105 604.9089 604.9014 604.8959 604.8946 604.8879 604.8817 604.8804 604.8745 604.8668 604.8652 604.8603 604.853 604.8502 604.8476 604.8401 604.835 604.8312 604.8232 604.8184 604.8165 604.8085 604.8026 604.7972 604.7891 604.7858 604.781 604.7727 604.7684 604.7606 604.7522 604.7505 604.742 604.7337 604.7316 604.7229 604.7152 604.7113 604.7029 604.6962 604.6912 604.6828 604.6764 604.6699 604.66 604.6556
604.9318 604.9255 604.9221 604.9209 604.9188 604.9124 604.9072 604.9058 604.9024 604.8959 604.8922 604.891 604.887 604.8804 604.8763 604.8752 604.8698 604.8629 604.861 604.8596 604.8521 604.8457 604.8445 604.8379 604.8309 604.8297 604.8236 604.8159 604.8137 604.8087 604.8014 604.7978 604.7952 604.7878 604.7818 604.778 604.7701 604.7645 604.7626 604.7546 604.7478 604.7424 604.7343 604.7302 604.7253 604.717 604.7118 604.704 604.6956 604.693 604.6845 604.676 604.6731 604.6644 604.6558 604.6518 604.6434 604.6357 604.6307 604.6223 604.6193 604.5862 604.5864 604.5071
604.8857 604.8795 604.8754 604.8742 604.872 604.8657 604.8597 604.8585 604.855 604.8486 604.8442 604.843 604.8389 604.8324 604.8277 604.8265 604.8211 604.8141 604.8116 604.8101 604.8027 604.7957 604.7944 604.7878 604.7806 604.7788 604.7728 604.7651 604.7621 604.7571 604.7498 604.7454 604.7429 604.7355 604.7288 604.7249 604.7169 604.7105 604.7087 604.7007 604.6929 604.6876 604.6794 604.6745 604.6697 604.6614 604.6552 604.6475 604.639 604.6355 604.6305 604.629 604.588 604.5383 604.5164 604.4306 604.3932 604.3687 604.2784 604.2583 604.2169 604.1422 604.158 604.0847
604.8396 604.8333 604.8286 604.8275 604.8253 604.8189 604.8125 604.811 604.8077 604.8013 604.7961 604.795 604.7909 604.7844 604.779 604.7778 604.7724 604.7654 604.7623 604.7607 604.7532 604.7458 604.7443 604.7377 604.7305 604.728 604.722 604.7143 604.7105 604.7056 604.6982 604.6931 604.6906 604.6831 604.6757 604.6718 604.6638 604.6566 604.6548 604.6468 604.642 604.6302 604.6124 604.5713 604.5077 604.5029 604.472 604.409 604.4062 604.3636 604.303 604.2916 604.2111 604.1287 604.1058 604.0051 603.9316 603.9244 603.8341 603.7967 603.7625 603.6981 603.7297 603.6624
604.7935 604.7872 604.7819 604.7808 604.7785 604.7721 604.7657 604.7637 604.7604 604.7539 604.7481 604.747 604.7428 604.7363 604.7302 604.7291 604.7237 604.7167 604.7128 604.7114 604.7039 604.6964 604.6942 604.6876 604.6804 604.6771 604.6711 604.6635 604.6589 604.6545 604.653 604.6389 604.5752 604.5697 604.5601 604.4998 604.4646 604.439 604.3763 604.339 604.3232 604.2456 604.2255 604.1965 604.1329 604.1279 604.101 604.038 604.0534 604.0273 603.97 603.9343 603.8342 603.7708 603.7025 603.5795 603.5052 603.4691 603.3899 603.3351 603.3082 603.2598 603.3011 603.24
604.7474 604.7411 604.7352 604.7341 604.7318 604.7253 604.719 604.7162 604.713 604.7066 604.7001 604.699 604.6948 604.6883 604.6818 604.6804 604.675 604.6685 604.6672 604.6392 604.6382 604.6326 604.5684 604.5228 604.5217 604.45 604.4008 604.3997 604.3458 604.2947 604.2938 604.2639 604.2003 604.1948 604.2056 604.1453 604.1013 604.0743 604.0071 603.9524 603.9413 603.8611 603.8386 603.8217 603.7581 603.753 603.73 603.6736 603.7006 603.6909 603.6337 603.5948 603.4576 603.3938 603.2964 603.1694 603.0688 603.0079 602.9457 602.8812 602.8538 602.8312 602.8727 602.8176
604.7013 604.695 604.6887 604.6874 604.6849 604.6815 604.6805 604.6492 604.6001 604.5991 604.5844 604.5223 604.4865 604.4794 604.4677 604.403 604.3649 604.364 604.3234 604.2643 604.2632 604.2578 604.1936 604.1356 604.1347 604.0654 604.0054 603.9999 603.9588 603.9078 603.9068 603.889 603.8253 603.8198 603.8363 603.7908 603.7378 603.7163 603.638 603.5822 603.5605 603.4766 603.4515 603.4468 603.3832 603.3781 603.359 603.3101 603.3478 603.3466 603.2973 603.2433 603.1298 603.0169 602.8828 602.7888 602.6426 602.5466 602.5014 602.437 602.3994 602.4028 602.4442 602.3999
604.4536 604.4449 604.4382 604.377 604.3454 604.3442 604.3427 604.293 604.2365 604.2355 604.2214 604.157 604.1115 604.0921 604.0868 604.0222 603.9779 603.9769 603.9485 603.8893 603.8883 603.8828 603.8188 603.7548 603.7477 603.681 603.6184 603.6 603.5718 603.5209 603.5199 603.514 603.4504 603.4448 603.4634 603.4362 603.3759 603.355 603.2688 603.213 603.1769 603.092 603.0645 603.0628 603.0084 603.0031 602.988 602.9498 602.995 602.9938 602.961 602.8903 602.802 602.64 602.5161 602.3914 602.217 602.0852 602.0572 601.9927 601.9451 601.9742 602.0157 601.9884
604.0901 604.0703 604.0688 604.0134 603.9818 603.9806 603.9791 603.9368 603.8762 603.8719 603.858 603.7917 603.7364 603.7145 603.7041 603.6413 603.5909 603.5898 603.5735 603.5144 603.5134 603.5079 603.444 603.3799 603.3607 603.2964 603.2314 603.2001 603.1848 603.134 603.133 603.132 603.0754 603.0699 603.0905 603.0817 603.0214 602.9937 602.8997 602.8438 602.7901 602.7075 602.6774 602.6762 602.6335 602.6282 602.617 602.597 602.6422 602.6409 602.6246 602.5384 602.4729 602.2768 602.158 602.0143 601.8355 601.6745 601.6129 601.5485 601.4886 601.5458 601.5872 601.5884
603.7267 603.6957 603.6941 603.6498 603.6182 603.617 603.6155 603.5805 603.52 603.5085 603.4945 603.4263 603.3643 603.3419 603.317 603.2604 603.2039 603.2028 603.1986 603.1395 603.1384 603.1329 603.0691 603.0051 602.9739 602.9119 602.8444 602.8002 602.7977 602.747 602.746 602.7449 602.7005 602.6949 602.7175 602.7271 602.6668 602.6323 602.5439 602.4741 602.4031 602.323 602.2904 602.2891 602.2587 602.2532 602.246 602.2443 602.2894 602.2881 602.2869 602.2082 602.1224 601.949 601.8 601.6392 601.4549 601.2676 601.2242 601.2108 601.207 601.163 601.1438 601.1885
603.3632 603.3207 603.3192 603.2863 603.2546 603.2534 603.2521 603.2243 603.1638 603.145 603.131 603.0642 602.9989 602.9693 602.9298 602.8795 602.8171 602.8158 602.8147 602.7645 602.7635 602.758 602.6943 602.6302 602.587 602.5274 602.4573 602.4002 602.3991 602.3601 602.3591 602.3578 602.3256 602.32 602.3446 602.3725 602.3123 602.271 602.191 602.0991 602.016 601.9411 601.9034 601.9021 601.8839 601.8783 601.875 601.8915 601.9366 601.9353 601.934 601.878 601.7828 601.6212 601.442 601.2613 601.1535 601.0742 601.0812 600.9822 600.823 600.7755 600.8532 600.7648
602.9997 602.9457 602.9442 602.9227 602.8911 602.8899 602.8886 602.868 602.8075 602.7815 602.7676 602.703 602.6335 602.5967 602.5427 602.4986 602.434 602.4288 602.428 602.3896 602.3886 602.3831 602.3194 602.2554 602.1999 602.1429 602.0703 602.0004 601.9993 601.9732 601.9722 601.9708 601.9507 601.9451 601.9717 602.0179 601.9578 601.9096 601.8359 601.7295 601.6429 601.5603 601.5164 601.5151 601.5091 601.5035 601.5026 601.5387 601.5837 601.5825 601.5812 601.5479 601.4433 601.2934 601.199 600.9637 600.7763 600.6572 600.6763 600.703 600.4975 600.4952 600.6348 600.4998
602.6362 602.5787 602.5693 602.5591 602.5275 602.5263 602.5251 602.5118 602.4512 602.418 602.4041 602.3417 602.2682 602.2242 602.1557 602.1177 602.0531 602.0417 602.041 602.0146 602.0137 602.0081 601.9445 601.8806 601.817 601.7584 601.6832 601.6051 601.5994 601.5862 601.5853 601.5839 601.5757 601.5701 601.5988 601.6597 601.6031 601.5483 601.4746 601.3665 601.2737 601.2133 601.1763 601.2393 601.1343 601.0173 601.0565 601.2065 601.2309 601.2297 601.2284 601.2177 600.9685 600.9008 600.9113 600.7527 600.4385 600.2437 600.2703 600.343 600.313 600.2975 600.3268 600.2692
