samples/sfe_24/sfe_24_vv1/sfe_24_vv1/sfe_24_vv1.asc
ncols         275
nrows         75
xllcorner     98.60000000149
yllcorner     70.60000000149
cellsize      0.7
NODATA_value  -9999
[rows 28 to 55 of 75, columns 128 to 191 of 275]
603.0212 603.02 603.0188 603.0178 603.0165 603.0153 603.0143 603.013 603.0118 603.0108 603.0098 603.0088 602.9611 602.9536 602.9528 602.9513 602.9501 602.9491 602.9481 602.9468 602.9458 602.9449 602.9431 602.9421 602.9106 602.8839 602.8828 602.824 602.8207 602.8195 602.8185 602.801 602.769 602.7679 602.7533 602.7024 602.7012 602.6999 602.6989 602.6979 602.6494 602.5851 602.5842 602.5827 602.5816 602.5803 602.5792 602.5685 602.5361 602.5355 602.534 602.5327 602.5317 602.5225 602.4916 602.4904 602.4763 602.419 602.4047 602.3817 602.3807 602.3753 602.3135 602.3037
602.6683 602.6671 602.6659 602.6649 602.6636 602.6623 602.6613 602.66 602.6589 602.6579 602.6569 602.6559 602.6082 602.5899 602.5891 602.5876 602.5865 602.5855 602.5845 602.5833 602.5822 602.5813 602.5795 602.5786 602.547 602.5089 602.5078 602.4489 602.4337 602.4324 602.4315 602.4259 602.394 602.393 602.3784 602.3154 602.3141 602.3129 602.3119 602.3109 602.2647 602.1981 602.1973 602.1958 602.1945 602.1933 602.1923 602.1909 602.161 602.1605 602.1591 602.1578 602.1568 602.1555 602.128 602.1268 602.1128 602.051 602.0412 602.0181 602.0171 602.0117 601.95 601.9305
602.3153 602.314 602.313 602.312 602.3105 602.3093 602.3083 602.3071 602.306 602.3051 602.304 602.303 602.2552 602.2262 602.2255 602.2239 602.223 602.2219 602.2209 602.2197 602.2184 602.2177 602.2159 602.215 602.1833 602.1337 602.1327 602.0739 602.0467 602.0454 602.0444 602.0433 602.0191 602.0181 602.0035 601.9398 601.9271 601.9258 601.9249 601.9239 601.8801 601.811 601.8102 601.8088 601.8075 601.8063 601.8053 601.8036 601.7861 601.7856 601.7841 601.7828 601.7819 601.7809 601.7644 601.7632 601.7492 601.6874 601.668 601.6545 601.6535 601.6481 601.5864 601.5557
601.9623 601.9611 601.9601 601.959 601.9576 601.9563 601.9553 601.9541 601.9531 601.9521 601.9511 601.9501 601.9022 601.8625 601.8618 601.8604 601.8594 601.8583 601.8574 601.8561 601.8548 601.8541 601.8524 601.8514 601.8196 601.7586 601.7577 601.6989 601.6597 601.6584 601.6573 601.6565 601.6442 601.643 601.6285 601.5649 601.54 601.5388 601.5378 601.5368 601.4954 601.424 601.4232 601.4219 601.4205 601.4193 601.4183 601.4169 601.4111 601.4106 601.4092 601.4079 601.4069 601.4059 601.4008 601.3996 601.3856 601.3239 601.293 601.291 601.2899 601.2845 601.2618 601.2595
601.6093 601.6083 601.6073 601.6061 601.6046 601.6033 601.6024 601.6013 601.6003 601.5993 601.5983 601.5971 601.5492 601.4988 601.4981 601.4968 601.4958 601.4948 601.4938 601.4925 601.4911 601.4905 601.4888 601.4878 601.4559 601.3942 601.3826 601.3238 601.3412 601.3018 601.2762 601.2565 601.2945 601.2885 601.2568 601.2723 601.3168 601.3907 601.1962 601.042 601.0395 600.9958 600.989 600.967 600.9587 601.005 601.09 601.1013 600.9792 600.9525 601.0933 601.099 600.9503 600.9295 600.93 600.9363 600.8343 600.833 600.8218 600.7718 600.7365 600.888 600.9872 600.7853
601.2029 601.1863 601.2137 601.1622 601.1953 601.2525 601.3025 601.365 601.2952 601.1575 601.1912 601.3285 601.343 601.2502 601.1738 601.162 601.146 601.1435 601.1563 601.156 601.1453 601.149 601.2147 601.3105 601.2515 601.068 601.092 601.1873 601.2155 601.1428 601.0432 600.9478 601.0147 601.0995 601.0625 601.0425 601.0338 600.9357 600.8545 600.8571 600.8558 600.8397 600.7097 600.556 600.5062 600.5725 600.7067 600.73 600.7377 600.7305 600.7055 600.588 600.468 600.4503 600.4518 600.496 600.5592 600.5955 600.484 600.3638 600.3757 600.5718 600.5742 600.3837
600.9276 601.0175 601.0878 600.9625 601.0278 601.0627 600.9532 601.053 601.1138 600.9675 600.9302 600.98 600.9957 600.9828 601.0483 600.9518 600.7593 600.6605 600.8442 600.9427 600.8265 600.8618 601.0593 601.0573 600.855 600.6743 600.7875 600.8387 600.7885 600.7648 600.745 600.609 600.6188 600.7767 600.8257 600.7407 600.696 600.493 600.5623 600.7105 600.702 600.6355 600.5635 600.4557 600.4245 600.424 600.4293 600.4288 600.54 600.5503 600.387 600.2917 600.3508 600.3337 600.2438 600.2758 600.4618 600.538 600.3345 600.1262 600.092 600.2773 600.2795 600.1503
600.7222 600.7955 600.897 600.7993 600.8705 600.881 600.7418 600.8378 600.9498 600.8773 600.8387 600.7175 600.6298 600.636 600.7798 600.7527 600.5643 600.434 600.5858 600.6783 600.576 600.6268 600.8307 600.8337 600.64 600.423 600.4158 600.447 600.3953 600.367 600.3655 600.3173 600.3878 600.5208 600.5031 600.379 600.3385 600.2037 600.3063 600.428 600.327 600.2213 600.2615 600.3415 600.3832 600.3945 600.3975 600.3923 600.4152 600.3068 600.136 600.144 600.3152 600.2977 600.0817 600.0928 600.2623 600.3307 600.1382 599.9325 599.8698 600.0025 600.0632 599.9478
600.7105 600.6422 600.6 600.6625 600.7475 600.668 600.5507 600.6553 600.7285 600.5448 600.5015 600.5175 600.535 600.536 600.6182 600.6312 600.53 600.3365 600.3077 600.3255 600.3025 600.4258 600.6135 600.644 600.541 600.3238 600.193 600.2708 600.2578 600.136 600.2203 600.3268 600.2877 600.231 600.2322 600.2717 600.241 600.0538 600.0325 600.0675 599.985 599.9263 599.948 600.1095 600.2123 600.3168 600.3282 600.3035 600.1898 599.976 599.8855 600.0167 600.2248 600.1815 600.0587 600.0295 600.089 600.1113 600.0252 599.8875 599.7122 599.8085 599.9592 599.8965
600.7337 600.5228 600.3775 600.446 600.5075 600.4 600.3307 600.4628 600.5332 600.3973 600.3467 600.3597 600.3775 600.369 600.3589 600.3498 600.3348 600.2855 600.2533 600.202 600.1298 600.257 600.3965 600.343 600.2505 600.1348 600.0785 600.2162 600.1998 600.0515 600.187 600.3492 600.1943 600.009 599.9895 600.1045 600.0995 600.0558 599.9877 599.9833 599.9765 599.9688 599.899 599.8633 599.9932 600.085 600.0038 599.9543 599.918 599.8622 599.8425 599.8597 599.8807 599.8333 599.8105 599.7952 599.7832 599.7717 599.76 599.6898 599.5488 599.663 599.8655 599.836
600.632 600.4147 600.2263 600.1722 600.1895 600.1632 600.2188 600.332 600.4088 600.358 600.3173 600.1957 600.062 600.036 600.033 600.0538 600.0925 600.2295 600.2753 600.1957 600.0625 600.1198 600.1998 600.0632 599.9505 599.901 599.9525 600.072 600.0618 599.981 600.1028 600.2418 600.1052 599.9293 599.798 599.819 599.8577 599.97 600.0245 600.0435 600.0602 600.056 599.9622 599.8107 599.8755 599.9078 599.7557 599.6795 599.7635 599.9218 599.9197 599.753 599.607 599.5755 599.5433 599.5245 599.5265 599.481 599.4382 599.406 599.4498 599.6063 599.7568 599.6695
600.5212 600.3298 600.1338 600.0505 600.058 600.1393 600.2595 600.1965 600.1122 600.1138 600.1021 600.0135 599.9155 599.8835 599.8547 599.9505 600.101 600.2525 600.1537 600.0455 600.0563 600.0027 599.9645 599.9785 599.878 599.8488 599.964 599.9263 599.8967 599.9988 600.0471 600.085 600.039 599.955 599.7495 599.7343 599.8337 599.8412 599.8965 600.0005 600.043 600.0125 599.9963 599.8835 599.7632 599.7443 599.7267 599.6088 599.64 599.8643 599.8743 599.6423 599.5167 599.5768 599.4952 599.4595 599.5457 599.4473 599.3148 599.3347 599.51 599.6238 599.6108 599.433
600.4025 600.2697 600.1135 600.1535 600.2037 600.269 600.2867 600.1137 599.9935 600.0712 600.082 600.063 600.0447 600.0093 599.887 599.9442 600.128 600.2005 599.9938 599.877 599.987 599.9395 599.8608 599.9742 599.889 599.8485 599.9557 599.836 599.738 599.8325 599.8415 599.8328 599.824 599.795 599.6725 599.7375 599.8572 599.746 599.7452 599.875 599.837 599.75 599.813 599.8565 599.7018 599.6655 599.756 599.6315 599.5297 599.622 599.6235 599.4952 599.517 599.6382 599.5367 599.4907 599.6295 599.6027 599.4885 599.4762 599.4808 599.4787 599.4633 599.4476
600.3028 600.2308 600.0887 600.1968 600.3047 600.363 600.3148 600.1545 600.1052 600.2353 600.25 600.23 600.2117 600.1682 599.928 599.8428 599.987 600.1307 600.0225 599.9318 600.0147 599.9738 599.879 599.9115 599.8602 599.8353 599.8523 599.7347 599.6052 599.6055 599.6095 599.6605 599.7252 599.713 599.69 599.7915 599.8713 599.7202 599.7155 599.8498 599.7678 599.665 599.7418 599.797 599.7007 599.6863 599.7245 599.6874 599.5603 599.5171 599.4968 599.4352 599.4515 599.5598 599.538 599.5143 599.5867 599.6165 599.6262 599.619 599.463 599.345 599.3923 599.5747
600.2682 600.2255 600.027 600.0547 600.2335 600.3465 600.2997 600.2215 600.2023 600.231 600.2217 600.2018 600.1827 600.1497 599.959 599.8218 599.8588 600.0027 600.047 600.0203 600.0317 600.018 599.9133 599.8043 599.8758 599.9225 599.7883 599.7065 599.6577 599.633 599.6295 599.7318 599.848 599.8492 599.8522 599.8815 599.8583 599.684 599.7185 599.8732 599.8715 599.8025 599.8522 599.86 599.695 599.6205 599.7778 599.8047 599.6195 599.5325 599.6395 599.6205 599.4963 599.521 599.6432 599.6065 599.4637 599.4285 599.5853 599.7292 599.676 599.4695 599.464 599.6307
600.292 600.2477 600.0272 600.008 600.1973 600.2927 600.174 600.1022 600.0795 600.0578 600.0375 600.0175 599.9985 599.9843 599.9973 600.0007 599.9827 599.9465 599.9208 599.9115 599.9023 599.893 599.8205 599.769 599.9072 600.0245 599.9431 599.8887 599.8792 599.8707 599.8593 599.8292 599.8073 599.7982 599.7898 599.782 599.7438 599.6512 599.7543 599.8968 599.8387 599.7625 599.8337 599.895 599.7457 599.6125 599.6783 599.7217 599.618 599.6248 599.776 599.8287 599.7345 599.7275 599.8038 599.7023 599.4897 599.4225 599.614 599.81 599.8355 599.6387 599.5898 599.708
600.4157 600.3835 600.232 600.174 600.2355 600.2525 600.1787 600.1325 600.0455 599.9745 599.9975 599.9565 599.8572 599.856 600.0585 600.178 600.1065 600.0023 599.9605 599.9543 599.9165 599.842 599.7947 599.8652 599.955 600.0577 600.1042 600.045 600.0425 600.1187 600.1192 599.9913 599.8527 599.8408 599.75 599.7285 599.749 599.7152 599.8275 599.9395 599.7598 599.6172 599.7578 599.9432 599.8315 599.6382 599.5862 599.5965 599.5892 599.6535 599.7632 599.8578 599.9257 599.9642 599.91 599.717 599.5895 599.6387 599.7603 599.8605 599.9432 599.7963 599.7302 599.8485
600.5157 600.4587 600.4642 600.4393 600.2938 600.2015 600.2932 600.3167 600.1697 600.0917 600.209 600.203 600.0328 600.0215 600.1963 600.205 600.0543 600.0638 600.155 600.1783 600.1822 600.0335 599.9635 600.0825 600.026 600.015 600.1245 600.018 599.9665 600.1095 600.1348 600.0927 600.0472 600.0413 599.8853 599.8975 600.005 599.915 599.9383 600.0618 599.929 599.8052 599.9222 600.0775 599.9525 599.7855 599.7803 599.7955 599.8273 599.8362 599.8353 599.7968 599.9178 600.0607 600.0062 599.828 599.8517 600.01 599.9632 599.8973 600.043 599.9752 599.9108 600.029
600.502 600.3903 600.458 600.5422 600.3987 600.2422 600.2723 600.2925 600.1995 600.2147 600.3622 600.4343 600.3383 600.3267 600.3995 600.3 600.1218 600.0742 600.1432 600.1978 600.3085 600.1937 600.1132 600.2247 600.1415 600.1065 600.217 600.0988 599.9765 600.0433 600.064 600.0588 600.049 600.023 599.9827 600.0698 600.1882 600.079 600.0818 600.2343 600.217 600.1428 600.1982 600.2685 600.1122 600.0042 600.1113 600.1525 600.1917 600.1795 600.158 600.0157 600.0685 600.2355 600.273 600.1732 600.2397 600.307 600.1812 600.1415 600.254 600.1957 600.1317 600.2635
600.5458 600.4398 600.579 600.723 600.651 600.472 600.2952 600.258 600.3157 600.439 600.4498 600.4532 600.504 600.5762 600.635 600.5307 600.3953 600.1925 600.113 600.1885 600.4098 600.3647 600.2362 600.2592 600.2145 600.2397 600.3795 600.255 600.064 600.0905 600.1782 600.246 600.1768 600.0945 600.1503 600.2897 600.276 600.1677 600.2537 600.4047 600.3705 600.2892 600.3458 600.4348 600.4138 600.311 600.3525 600.4355 600.4688 600.4345 600.4767 600.4205 600.4503 600.5383 600.5963 600.5098 600.5087 600.5485 600.5187 600.5447 600.575 600.4578 600.3885 600.5835
600.703 600.7192 600.872 600.8707 600.813 600.7415 600.6185 600.5887 600.706 600.733 600.5782 600.3798 600.51 600.679 600.7415 600.6545 600.6122 600.4982 600.4287 600.4877 600.652 600.5737 600.4293 600.4385 600.4742 600.5465 600.5967 600.4443 600.242 600.3333 600.5203 600.6775 600.5303 600.3707 600.4467 600.5485 600.373 600.2745 600.4595 600.6002 600.5187 600.4163 600.4518 600.54 600.6022 600.505 600.443 600.5755 600.6198 600.5328 600.656 600.7275 600.726 600.7335 600.7938 600.7015 600.6135 600.6597 600.7623 600.886 600.908 600.7585 600.682 600.8622
600.8954 600.931 601.0443 600.9337 600.8463 600.8825 600.9692 600.9833 601.0405 600.9895 600.81 600.6257 600.7043 600.8693 600.8485 600.6955 600.6898 600.7825 600.843 600.886 600.9348 600.7933 600.6738 600.7858 600.8695 600.9272 600.8513 600.6845 600.4803 600.562 600.75 600.911 600.763 600.603 600.676 600.7755 600.5947 600.5195 600.7185 600.8765 600.8848 600.823 600.7737 600.6578 600.6193 600.6418 600.6713 600.8175 600.865 600.8027 600.928 600.9265 600.8485 600.854 601.0103 600.966 600.8983 600.8517 600.9128 601.0917 601.2128 601.1058 601.1823 601.215
601.1672 601.2495 601.2897 601.1875 601.1285 601.1873 601.3237 601.3525 601.352 601.2833 601.1885 601.1023 601.164 601.1715 601.119 600.92 600.852 601.051 601.2302 601.2773 601.0955 600.9365 600.8828 601.0233 601.1777 601.2813 601.1887 601.0692 600.8805 600.7865 600.8597 600.937 600.865 600.7865 600.822 600.853 600.852 600.9482 601.1245 601.2117 601.2632 601.2545 601.1448 600.851 600.7567 600.9189 601.0803 601.0945 601.1182 601.2425 601.31 601.1953 601.2742 601.2735 601.2988 601.3012 601.3607 601.4028 601.4019 601.4531 601.4991 601.4978 601.5417 601.5997
601.4099 601.4089 601.4079 601.4066 601.4052 601.4039 601.403 601.4019 601.4009 601.3999 601.3989 601.3976 601.366 601.3173 601.3337 601.2927 601.2632 601.2943 601.319 601.3412 601.3872 601.3867 601.3859 601.3846 601.3832 601.3608 601.3032 601.2993 601.2775 601.2523 601.2525 601.2535 601.2495 601.2457 601.246 601.2448 601.2969 601.3582 601.3704 601.3718 601.3702 601.369 601.3679 601.3669 601.366 601.369 601.4321 601.4736 601.4726 601.5052 601.5671 601.5704 601.5828 601.644 601.6738 601.6728 601.7244 601.7776 601.7769 601.8168 601.8627 601.8615 601.9019 601.9608
601.7734 601.7725 601.7715 601.7702 601.7687 601.7676 601.7666 601.7656 601.7646 601.7635 601.7625 601.7612 601.7297 601.668 601.6644 601.6633 601.6623 601.6613 601.6603 601.7049 601.7509 601.7502 601.7495 601.7482 601.7469 601.7244 601.6627 601.6503 601.6493 601.6483 601.6583 601.6572 601.6556 601.6545 601.6535 601.6525 601.6718 601.7332 601.7454 601.7589 601.7573 601.7561 601.7551 601.7541 601.7531 601.7542 601.8171 601.8607 601.8597 601.8802 601.9421 601.9453 601.9659 602.019 602.0489 602.0479 602.088 602.1475 602.1518 602.1805 602.2264 602.2252 602.262 602.3209
602.137 602.136 602.1351 602.1338 602.1323 602.1313 602.1303 602.1293 602.1283 602.1271 602.126 602.1248 602.0934 602.0405 602.0393 602.0383 602.0373 602.0363 602.0353 602.0686 602.1146 602.1138 602.113 602.1118 602.1105 602.088 602.0265 602.0253 602.0243 602.0233 602.0452 602.0444 602.0427 602.0416 602.0406 602.0397 602.0468 602.1081 602.1204 602.1458 602.1445 602.1432 602.1422 602.1412 602.1403 602.1392 602.2023 602.2479 602.2469 602.2551 602.317 602.3202 602.3505 602.3939 602.4239 602.4229 602.4517 602.5112 602.5267 602.5441 602.5901 602.5888 602.6221 602.681
602.5006 602.4996 602.4987 602.4974 602.496 602.495 602.494 602.493 602.4919 602.4907 602.4896 602.4884 602.4571 602.4155 602.4143 602.4133 602.4124 602.4113 602.4103 602.4323 602.4783 602.4774 602.4766 602.4754 602.4742 602.4515 602.4016 602.4003 602.3993 602.3983 602.4321 602.4315 602.4298 602.4288 602.4278 602.4268 602.426 602.483 602.4954 602.5327 602.5317 602.5304 602.5294 602.5284 602.5274 602.5264 602.5874 602.635 602.634 602.6323 602.692 602.6951 602.7255 602.7689 602.799 602.798 602.8154 602.8748 602.9017 602.9078 602.9538 602.9525 602.9822 603.0411
602.8642 602.8632 602.8622 602.861 602.8597 602.8586 602.8577 602.8566 602.8555 602.8542 602.8532 602.8519 602.8207 602.7904 602.7894 602.7884 602.7874 602.7864 602.7854 602.796 602.8419 602.8409 602.8402 602.839 602.8379 602.8151 602.7764 602.7754 602.7742 602.7734 602.8195 602.8185 602.817 602.8159 602.8149 602.814 602.813 602.858 602.8704 602.909 602.9188 602.9175 602.9165 602.9155 602.9146 602.9135 602.9725 603.0222 603.0212 603.0197 603.0669 603.0701 603.1005 603.1438 603.174 603.173 603.1791 603.2385 603.2766 603.276 603.3174 603.3162 603.3423 603.4012
