backup/site316_ft/site316vanilla_sinuous/site316vanilla_sinuous/site316vanilla_sinuous.asc
ncols         613
nrows         104
xllcorner     -4
yllcorner     -52
cellsize      1
NODATA_value  -9999
[rows 28 to 55 of 104, columns 384 to 447 of 613]
498.3273 498.3204 498.3156 498.3106 498.3056 498.2976 498.2896 498.2816 498.2767 498.2721 498.2672 498.2592 498.2519 498.2464 498.241 498.2356 498.2289 498.2209 498.2124 498.2047 498.1984 498.192 498.1856 498.1776 498.1696 498.1619 498.1563 498.1507 498.145 498.1382 498.1302 498.1222 498.1142 498.1062 498.0977 498.0897 498.0829 498.0769 498.071 498.065 498.058 498.05 498.042 498.034 498.026 498.0186 498.0117 498.0049 497.998 497.9905 497.9825 497.9745 497.9666 497.9586 497.95 497.942 497.9341 497.9261 497.9189 497.9129 497.9069 497.9008 497.8938 497.8858
498.308 498.3017 498.2968 498.292 498.2869 498.2789 498.2709 498.263 498.2585 498.2539 498.2487 498.2408 498.2338 498.2284 498.2229 498.2175 498.2108 498.2028 498.1944 498.1869 498.1805 498.1742 498.1678 498.1598 498.1518 498.1443 498.1387 498.1331 498.1275 498.1206 498.1126 498.1046 498.0966 498.0887 498.0802 498.0722 498.0656 498.0597 498.0537 498.0477 498.0407 498.0327 498.0247 498.0168 498.0087 498.0015 497.9946 497.9877 497.9809 497.9734 497.9655 497.9575 497.9495 497.9415 497.933 497.925 497.917 497.909 497.9021 497.8961 497.89 497.884 497.877 497.869
498.2889 498.2831 498.2782 498.2733 498.2681 498.2601 498.2521 498.2448 498.2402 498.2357 498.2303 498.2224 498.2157 498.2103 498.2049 498.1994 498.1927 498.1848 498.1763 498.1691 498.1627 498.1563 498.1499 498.1419 498.1339 498.1268 498.1212 498.1155 498.1099 498.1031 498.0951 498.0871 498.0791 498.0711 498.0626 498.0546 498.0484 498.0424 498.0364 498.0305 498.0235 498.0155 498.0075 497.9995 497.9915 497.9844 497.9775 497.9706 497.9638 497.9563 497.9483 497.9403 497.9323 497.9243 497.9159 497.9079 497.8999 497.8919 497.8853 497.8793 497.8732 497.8672 497.8602 497.8522
498.2698 498.2643 498.2595 498.2546 498.2494 498.2414 498.2334 498.2266 498.222 498.2175 498.2119 498.2039 498.1976 498.1922 498.1868 498.1814 498.1747 498.1667 498.1583 498.1512 498.1449 498.1385 498.132 498.124 498.116 498.1092 498.1036 498.098 498.0923 498.0855 498.0775 498.0695 498.0615 498.0535 498.0451 498.037 498.0311 498.0251 498.0192 498.0132 498.0062 497.9982 497.9902 497.9822 497.9742 497.9673 497.9604 497.9535 497.9467 497.9392 497.9312 497.9232 497.9153 497.9073 497.8988 497.8908 497.8828 497.8748 497.8685 497.8625 497.8564 497.8504 497.8434 497.8354
498.2507 498.2457 498.2408 498.2359 498.2306 498.2226 498.2146 498.2083 498.2038 498.1992 498.1935 498.1855 498.1796 498.1741 498.1687 498.1633 498.1566 498.1486 498.1402 498.1334 498.127 498.1206 498.1141 498.1061 498.0981 498.0916 498.086 498.0804 498.0747 498.0679 498.0599 498.0519 498.0439 498.0359 498.0275 498.0198 498.0138 498.0079 498.0019 497.9959 497.989 497.981 497.973 497.9649 497.957 497.9502 497.9433 497.9364 497.9296 497.9221 497.9141 497.9061 497.8981 497.8901 497.8817 497.8737 497.8657 497.8577 497.8517 497.8456 497.8396 497.8336 497.8266 497.8186
498.2319 498.227 498.2221 498.2172 498.2119 498.2039 498.1959 498.1901 498.1856 498.181 498.1751 498.1671 498.1615 498.1561 498.1506 498.1452 498.1385 498.1305 498.1221 498.1155 498.1092 498.1028 498.0963 498.0883 498.0803 498.0741 498.0685 498.0628 498.0572 498.0504 498.0424 498.0344 498.0264 498.0184 498.01 498.0025 497.9966 497.9906 497.9846 497.9787 497.9717 497.9637 497.9557 497.9477 497.9399 497.933 497.9262 497.9193 497.9124 497.905 497.897 497.889 497.881 497.873 497.8646 497.8566 497.8486 497.8409 497.8348 497.8288 497.8228 497.8168 497.8098 497.8018
498.2132 498.2083 498.2034 498.1985 498.1931 498.1851 498.1771 498.1719 498.1674 498.1628 498.1567 498.1488 498.1434 498.138 498.1326 498.1271 498.1205 498.1124 498.1041 498.0977 498.0913 498.085 498.0784 498.0704 498.0624 498.0565 498.0509 498.0452 498.0396 498.0328 498.0248 498.0168 498.0088 498.0008 497.9924 497.9853 497.9793 497.9733 497.9674 497.9614 497.9544 497.9464 497.9384 497.9304 497.9228 497.916 497.9091 497.9022 497.8954 497.8879 497.8799 497.8719 497.864 497.856 497.8475 497.8395 497.8315 497.824 497.818 497.812 497.806 497.8 497.7929 497.7849
498.1945 498.1896 498.1847 498.1798 498.1744 498.1664 498.1584 498.1537 498.1491 498.1446 498.1383 498.1307 498.1253 498.1199 498.1145 498.1091 498.1024 498.0942 498.0862 498.0798 498.0735 498.0671 498.0605 498.0525 498.0446 498.0389 498.0333 498.0277 498.022 498.0152 498.0072 497.9992 497.9912 497.9832 497.9749 497.968 497.962 497.9561 497.9501 497.9442 497.9372 497.9292 497.9212 497.9131 497.9057 497.8988 497.892 497.8851 497.8783 497.8708 497.8628 497.8548 497.8468 497.8388 497.8304 497.8224 497.8145 497.8073 497.8012 497.7952 497.7892 497.7831 497.7761 497.7681
498.1758 498.1709 498.166 498.1611 498.1556 498.1476 498.14 498.1355 498.1309 498.1263 498.1198 498.1127 498.1073 498.1018 498.0964 498.091 498.0843 498.0761 498.0684 498.062 498.0556 498.0493 498.0427 498.0346 498.027 498.0214 498.0157 498.0101 498.0045 497.9977 497.9897 497.9817 497.9736 497.9655 497.9573 497.9507 497.9448 497.9388 497.9328 497.9269 497.9199 497.9119 497.9039 497.8959 497.8886 497.8817 497.8749 497.868 497.8611 497.8537 497.8457 497.8377 497.8297 497.8217 497.8134 497.8054 497.7974 497.7904 497.7844 497.7784 497.7723 497.7663 497.7593 497.7513
498.1571 498.1522 498.1473 498.1424 498.1369 498.1289 498.1218 498.1172 498.1127 498.1081 498.1014 498.0946 498.0892 498.0838 498.0783 498.0729 498.0662 498.058 498.0505 498.0442 498.0378 498.0314 498.0248 498.0168 498.0094 498.0038 497.9982 497.9925 497.9869 497.9801 497.9721 497.9641 497.9561 497.9479 497.9398 497.9335 497.9275 497.9215 497.9156 497.9096 497.9026 497.8946 497.8866 497.8786 497.8715 497.8646 497.8578 497.8509 497.8441 497.8366 497.8286 497.8206 497.8126 497.8046 497.7963 497.7883 497.7803 497.7736 497.7676 497.7616 497.7555 497.7495 497.7425 497.7345
498.1384 498.1335 498.1286 498.1237 498.1181 498.1101 498.1036 498.099 498.0945 498.0899 498.083 498.0765 498.0711 498.0657 498.0603 498.0549 498.0482 498.0399 498.0327 498.0263 498.02 498.0136 498.0069 497.9989 497.9919 497.9862 497.9806 497.9749 497.9693 497.9625 497.9545 497.9465 497.9385 497.9303 497.9222 497.9162 497.9102 497.9043 497.8983 497.8924 497.8854 497.8774 497.8694 497.8614 497.8544 497.8475 497.8407 497.8338 497.8269 497.8195 497.8115 497.8035 497.7955 497.7875 497.7792 497.7712 497.7632 497.7568 497.7508 497.7448 497.7387 497.7327 497.7257 497.7177
498.1197 498.1148 498.11 498.1051 498.0994 498.0914 498.0854 498.0808 498.0762 498.0717 498.0646 498.0584 498.053 498.0476 498.0422 498.0368 498.0301 498.0218 498.0148 498.0085 498.0021 497.9958 497.989 497.981 497.9743 497.9687 497.963 497.9574 497.9518 497.9449 497.9369 497.9289 497.9209 497.9126 497.9049 497.899 497.893 497.887 497.881 497.8751 497.8681 497.8601 497.8521 497.8441 497.8373 497.8304 497.8236 497.8167 497.8098 497.8024 497.7944 497.7864 497.7784 497.7704 497.7621 497.7541 497.7461 497.74 497.7339 497.7279 497.7219 497.7159 497.7089 497.7009
498.101 498.0961 498.0912 498.0864 498.0806 498.0726 498.0671 498.0626 498.058 498.0535 498.0462 498.0404 498.035 498.0295 498.0241 498.0187 498.012 498.0038 497.997 497.9906 497.9843 497.9779 497.9712 497.9632 497.9567 497.9511 497.9454 497.9398 497.9342 497.9274 497.9194 497.9114 497.9034 497.8951 497.8877 497.8817 497.8757 497.8698 497.8638 497.8578 497.8508 497.8428 497.8348 497.8271 497.8202 497.8133 497.8065 497.7996 497.7927 497.7853 497.7773 497.7693 497.7613 497.7533 497.745 497.737 497.7292 497.7232 497.7171 497.7111 497.7051 497.6991 497.6921 497.6841
498.0823 498.0775 498.0726 498.0677 498.0619 498.0539 498.0489 498.0444 498.0398 498.0352 498.0278 498.0223 498.0169 498.0115 498.006 498.0006 497.9939 497.9857 497.9792 497.9728 497.9664 497.9601 497.9533 497.9453 497.9391 497.9335 497.9279 497.9222 497.9166 497.9098 497.9018 497.8938 497.8858 497.8775 497.8704 497.8644 497.8585 497.8525 497.8465 497.8406 497.8336 497.8256 497.8176 497.81 497.8031 497.7962 497.7894 497.7825 497.7756 497.7682 497.7602 497.7522 497.7442 497.7362 497.7279 497.7199 497.7124 497.7064 497.7003 497.6943 497.6883 497.6823 497.6753 497.6672
498.0637 498.0587 498.0539 498.049 498.0431 498.0352 498.0307 498.0262 498.0216 498.017 498.0096 498.0042 497.9988 497.9934 497.988 497.9826 497.9759 497.9677 497.9613 497.9549 497.9486 497.9422 497.9354 497.9274 497.9216 497.9159 497.9103 497.9047 497.899 497.8922 497.8842 497.8762 497.8682 497.86 497.8531 497.8472 497.8412 497.8352 497.8293 497.8233 497.8163 497.8083 497.8003 497.7928 497.786 497.7791 497.7722 497.7654 497.7585 497.7511 497.7431 497.7351 497.7271 497.7191 497.7108 497.7029 497.6956 497.6895 497.6835 497.6775 497.6715 497.6654 497.6584 497.6504
498.045 498.0401 498.0352 498.0303 498.0244 498.017 498.0125 498.0079 498.0034 497.9988 497.9916 497.9861 497.9807 497.9753 497.9699 497.9645 497.9578 497.9498 497.9435 497.9371 497.9307 497.9244 497.9175 497.9096 497.904 497.8983 497.8927 497.8871 497.8815 497.8746 497.8666 497.8586 497.8506 497.8424 497.8359 497.8299 497.8239 497.818 497.812 497.806 497.7991 497.791 497.7831 497.7758 497.7689 497.762 497.7552 497.7483 497.7414 497.734 497.726 497.718 497.71 497.702 497.6938 497.6858 497.6787 497.6727 497.6667 497.6607 497.6547 497.6486 497.6416 497.6336
498.0263 498.0214 498.0165 498.0116 498.0056 497.9988 497.9943 497.9897 497.9851 497.9805 497.9735 497.9681 497.9627 497.9572 497.9518 497.9464 497.9397 497.932 497.9256 497.9193 497.9129 497.9065 497.8997 497.8921 497.8864 497.8808 497.8752 497.8695 497.8639 497.8571 497.8491 497.8411 497.8331 497.8249 497.8186 497.8127 497.8067 497.8007 497.7947 497.7888 497.7818 497.7738 497.7658 497.7586 497.7518 497.7449 497.738 497.7312 497.7243 497.7169 497.7089 497.7009 497.6929 497.6849 497.6767 497.6687 497.6619 497.6559 497.6499 497.6439 497.6378 497.6318 497.6248 497.6168
498.0076 498.0027 497.9978 497.9929 497.9869 497.9806 497.976 497.9715 497.9669 497.9621 497.9554 497.95 497.9446 497.9392 497.9337 497.9283 497.9216 497.9141 497.9078 497.9014 497.8951 497.8887 497.8818 497.8745 497.8688 497.8632 497.8576 497.852 497.8463 497.8395 497.8315 497.8235 497.8155 497.8073 497.8014 497.7954 497.7894 497.7834 497.7775 497.7715 497.7645 497.7565 497.7485 497.7415 497.7347 497.7278 497.7209 497.7141 497.7072 497.6998 497.6918 497.6838 497.6758 497.6678 497.6596 497.6516 497.6451 497.6391 497.6331 497.627 497.621 497.615 497.608 497.6
497.9889 497.984 497.9791 497.9742 497.9681 497.9624 497.9578 497.9532 497.9487 497.9437 497.9373 497.9319 497.9265 497.9211 497.9157 497.9103 497.9036 497.8963 497.8899 497.8836 497.8772 497.8708 497.8639 497.8569 497.8513 497.8456 497.84 497.8344 497.8287 497.8219 497.8139 497.8059 497.7979 497.7901 497.7841 497.7781 497.7722 497.7662 497.7602 497.7542 497.7473 497.7393 497.7313 497.7244 497.7176 497.7107 497.7039 497.697 497.6901 497.6827 497.6747 497.6667 497.6587 497.6507 497.6425 497.6345 497.6283 497.6223 497.6163 497.6102 497.6042 497.5982 497.5912 497.5832
497.9702 497.9653 497.9604 497.9555 497.9494 497.9442 497.9396 497.935 497.9305 497.9253 497.9193 497.9138 497.9084 497.903 497.8976 497.8922 497.8855 497.8784 497.8721 497.8657 497.8594 497.853 497.846 497.8393 497.8337 497.8281 497.8224 497.8168 497.8112 497.8044 497.7964 497.7884 497.7804 497.7728 497.7668 497.7609 497.7549 497.7489 497.743 497.737 497.73 497.722 497.7142 497.7073 497.7005 497.6936 497.6867 497.6799 497.673 497.6656 497.6576 497.6496 497.6416 497.6336 497.6254 497.6175 497.6115 497.6055 497.5995 497.5934 497.5874 497.5814 497.5744 497.5663
497.9515 497.9466 497.9417 497.9369 497.9306 497.9259 497.9214 497.9168 497.9123 497.9069 497.9012 497.8958 497.8904 497.8849 497.8795 497.8741 497.8673 497.8606 497.8542 497.8479 497.8415 497.8352 497.8282 497.8218 497.8161 497.8105 497.8049 497.7992 497.7936 497.7868 497.7788 497.7708 497.7628 497.7555 497.7496 497.7436 497.7376 497.7317 497.7257 497.7197 497.7127 497.7047 497.6971 497.6902 497.6834 497.6765 497.6696 497.6628 497.6559 497.6485 497.6405 497.6325 497.6245 497.6165 497.6083 497.6007 497.5947 497.5887 497.5826 497.5766 497.5706 497.5646 497.5576 497.5495
497.9328 497.9279 497.923 497.9182 497.9123 497.9077 497.9032 497.8986 497.894 497.8885 497.8831 497.8777 497.8723 497.8669 497.8615 497.856 497.8492 497.8427 497.8364 497.83 497.8237 497.8173 497.8103 497.8042 497.7986 497.7929 497.7873 497.7817 497.776 497.7692 497.7612 497.7532 497.7452 497.7383 497.7323 497.7263 497.7204 497.7144 497.7084 497.7025 497.6955 497.6875 497.68 497.6731 497.6663 497.6594 497.6525 497.6457 497.6388 497.6314 497.6234 497.6154 497.6074 497.5994 497.5912 497.5839 497.5779 497.5718 497.5658 497.5598 497.5538 497.5478 497.5407 497.5327
497.9141 497.9092 497.9044 497.8995 497.894 497.8895 497.8849 497.8804 497.8758 497.8705 497.8651 497.8596 497.8542 497.8488 497.8434 497.838 497.8313 497.8249 497.8185 497.8122 497.8058 497.7995 497.7924 497.7866 497.781 497.7754 497.7697 497.7641 497.7585 497.7516 497.7437 497.7357 497.7275 497.721 497.715 497.7091 497.7031 497.6971 497.6912 497.6852 497.6782 497.6702 497.6629 497.656 497.6492 497.6423 497.6354 497.6286 497.6217 497.6143 497.6063 497.5983 497.5903 497.5823 497.5742 497.5671 497.5611 497.555 497.549 497.543 497.537 497.5309 497.5239 497.5159
497.897 497.8905 497.8857 497.8808 497.8758 497.8713 497.8667 497.8622 497.8576 497.8524 497.847 497.8416 497.8362 497.8307 497.8253 497.8199 497.8134 497.8071 497.8007 497.7943 497.788 497.7816 497.7747 497.769 497.7634 497.7578 497.7522 497.7465 497.7409 497.7341 497.7261 497.7181 497.71 497.7037 497.6978 497.6918 497.6859 497.6799 497.6739 497.6679 497.6609 497.653 497.6458 497.6389 497.632 497.6252 497.6183 497.6115 497.6046 497.5972 497.5892 497.5812 497.5732 497.5652 497.5571 497.5503 497.5443 497.5382 497.5322 497.5262 497.5201 497.5141 497.5071 497.4991
497.8626 497.8647 497.8729 497.873 497.865 497.8565 497.8485 497.8439 497.8394 497.8343 497.8289 497.8235 497.8181 497.8127 497.8073 497.8018 497.7956 497.7892 497.7829 497.7765 497.7701 497.7638 497.7571 497.7515 497.7458 497.7402 497.7346 497.7289 497.7233 497.7165 497.7085 497.7005 497.6924 497.6865 497.6805 497.6745 497.6686 497.6626 497.6566 497.6507 497.6437 497.6357 497.6287 497.6218 497.615 497.6081 497.6012 497.5944 497.5875 497.58 497.5721 497.5641 497.5561 497.5481 497.54 497.5334 497.5274 497.5214 497.5154 497.5094 497.5033 497.4973 497.4903 497.4823
497.7939 497.8 497.8082 497.8164 497.8246 497.8226 497.8246 497.8326 497.832 497.824 497.816 497.808 497.8 497.7946 497.7892 497.7838 497.7777 497.7714 497.765 497.7587 497.7523 497.7459 497.7395 497.7339 497.7283 497.7227 497.717 497.7114 497.7057 497.6989 497.6909 497.6829 497.6752 497.6692 497.6632 497.6573 497.6513 497.6454 497.6394 497.6334 497.6264 497.6184 497.6116 497.6047 497.5978 497.591 497.5841 497.5772 497.5704 497.563 497.555 497.547 497.539 497.531 497.5229 497.5166 497.5106 497.5046 497.4986 497.4926 497.4865 497.4805 497.4735 497.4655
497.7278 497.7353 497.7435 497.7517 497.7599 497.7539 497.7599 497.7679 497.7758 497.7837 497.7817 497.7737 497.7682 497.7603 497.7634 497.776 497.768 497.756 497.748 497.7408 497.7345 497.7281 497.722 497.7163 497.7107 497.7051 497.6994 497.6938 497.6882 497.6814 497.6734 497.6654 497.6579 497.6519 497.646 497.64 497.6341 497.6281 497.6221 497.6161 497.6092 497.6013 497.5945 497.5876 497.5807 497.5739 497.567 497.5602 497.5533 497.5459 497.5379 497.5299 497.5219 497.5139 497.5059 497.4998 497.4938 497.4878 497.4818 497.4757 497.4697 497.4637 497.4567 497.4487
497.6643 497.6706 497.6788 497.687 497.6931 497.692 497.6953 497.7032 497.7111 497.719 497.713 497.705 497.7048 497.6968 497.7015 497.7141 497.7267 497.7209 497.7126 497.7046 497.7074 497.7195 497.7115 497.7035 497.6955 497.6875 497.6819 497.6762 497.6706 497.6638 497.6558 497.6478 497.6407 497.6347 497.6287 497.6227 497.6168 497.6108 497.6049 497.5989 497.5919 497.5842 497.5774 497.5705 497.5636 497.5568 497.5499 497.5431 497.5362 497.5287 497.5208 497.5128 497.5048 497.4968 497.489 497.483 497.477 497.471 497.4649 497.4589 497.4529 497.4469 497.4398 497.4319
