backup/site316_ft/site316vanilla_sinuous/site316vanilla_sinuous/site316vanilla_sinuous.asc
ncols         613
nrows         104
xllcorner     -4
yllcorner     -52
cellsize      1
NODATA_value  -9999
[rows 0 to 27 of 104, columns 320 to 383 of 613]
499.375 499.3666 499.3589 499.3509 499.3429 499.3349 499.3269 499.3193 499.3113 499.3033 499.2953 499.2876 499.2796 499.2716 499.2636 499.2559 499.2479 499.2393 499.2309 499.2232 499.2152 499.2072 499.1992 499.1915 499.1835 499.1755 499.1675 499.1597 499.1517 499.1437 499.1357 499.1277 499.12 499.1115 499.103 499.095 499.087 499.079 499.071 499.0633 499.0555 499.0475 499.0395 499.0315 499.0235 499.0155 499.0077 498.9997 498.9917 498.9839 498.9754 498.9669 498.9589 498.9509 498.9429 498.9349 498.9269 498.9191 498.9112 498.9032 498.8952 498.8872 498.8792 498.8714
499.348 499.3397 499.3328 499.3248 499.3168 499.3088 499.3008 499.2938 499.2858 499.2778 499.2698 499.2628 499.2548 499.2468 499.2388 499.2317 499.2237 499.215 499.2068 499.1996 499.1916 499.1836 499.1756 499.1685 499.1605 499.1525 499.1445 499.1372 499.1292 499.1212 499.1133 499.1053 499.098 499.0894 499.081 499.073 499.065 499.057 499.049 499.0418 499.0345 499.0265 499.0185 499.0105 499.0025 498.9945 498.9871 498.9791 498.9711 498.9637 498.9552 498.9468 498.9388 498.9308 498.9228 498.9148 498.9068 498.8994 498.8917 498.8837 498.8757 498.8677 498.8597 498.8523
499.321 499.3129 499.3067 499.2986 499.2906 499.2827 499.2747 499.2684 499.2604 499.2524 499.2444 499.2379 499.2299 499.222 499.214 499.2075 499.1995 499.1907 499.1826 499.176 499.168 499.16 499.152 499.1454 499.1375 499.1295 499.1214 499.1147 499.1067 499.0987 499.0907 499.0827 499.076 499.0674 499.0591 499.0511 499.0431 499.0351 499.0271 499.0203 499.0135 499.0054 498.9974 498.9894 498.9814 498.9734 498.9665 498.9585 498.9505 498.9436 498.935 498.9266 498.9186 498.9106 498.9026 498.8947 498.8867 498.8797 498.8722 498.8642 498.8562 498.8482 498.8402 498.8332
499.294 499.2865 499.2805 499.2725 499.2645 499.2565 499.2495 499.243 499.235 499.227 499.2198 499.2131 499.2051 499.1971 499.1899 499.1833 499.1753 499.1664 499.1591 499.1524 499.1444 499.1364 499.129 499.1224 499.1144 499.1064 499.0988 499.0922 499.0842 499.0762 499.0682 499.0605 499.054 499.0453 499.0371 499.0291 499.0211 499.0131 499.0066 498.999 498.9924 498.9844 498.9764 498.9684 498.9604 498.9529 498.9459 498.9379 498.93 498.9234 498.9148 498.9065 498.8985 498.8905 498.8825 498.8745 498.8675 498.8599 498.8527 498.8447 498.8367 498.8287 498.8207 498.814
499.2671 499.2607 499.2544 499.2464 499.2384 499.2304 499.2246 499.2175 499.2095 499.2015 499.1954 499.1883 499.1803 499.1723 499.1661 499.1591 499.1511 499.1422 499.1359 499.1288 499.1208 499.1129 499.1064 499.0994 499.0914 499.0834 499.0764 499.0697 499.0617 499.0537 499.0457 499.0387 499.032 499.0232 499.0151 499.0071 498.9991 498.9911 498.9853 498.9781 498.9714 498.9634 498.9554 498.9474 498.9394 498.9328 498.9253 498.9173 498.9099 498.9032 498.8946 498.8863 498.8783 498.8703 498.8623 498.8543 498.8482 498.8405 498.8332 498.8252 498.8172 498.8092 498.8016 498.7949
499.2403 499.235 499.2283 499.2202 499.2122 499.2043 499.1996 499.192 499.1841 499.1761 499.171 499.1635 499.1555 499.1475 499.1424 499.1349 499.1267 499.118 499.1127 499.1053 499.0973 499.0893 499.0838 499.0764 499.0684 499.0604 499.0541 499.0472 499.0392 499.0312 499.0232 499.0169 499.01 499.0011 498.9931 498.9851 498.9771 498.9691 498.9638 498.9573 498.9504 498.9424 498.9344 498.9264 498.9184 498.9126 498.9047 498.8967 498.8898 498.8831 498.8743 498.8662 498.8582 498.8502 498.8422 498.8342 498.8285 498.821 498.8136 498.8056 498.7976 498.7896 498.7825 498.7758
499.2134 499.2092 499.2021 499.1941 499.1861 499.1781 499.1746 499.1666 499.1586 499.1506 499.1466 499.1386 499.1307 499.1227 499.1186 499.1107 499.1024 499.0939 499.0896 499.0817 499.0737 499.0657 499.0612 499.0533 499.0453 499.0374 499.0318 499.0247 499.0167 499.0087 499.0007 498.9951 498.988 498.9792 498.9711 498.9631 498.9551 498.9471 498.9423 498.9365 498.9294 498.9214 498.9134 498.9054 498.8974 498.8921 498.8841 498.8761 498.8697 498.8629 498.8541 498.846 498.838 498.83 498.8221 498.8141 498.8087 498.8016 498.7941 498.7861 498.7781 498.7701 498.7634 498.7566
499.1866 499.1834 499.176 499.168 499.16 499.152 499.1491 499.1411 499.1331 499.1251 499.1218 499.1138 499.1058 499.0978 499.0945 499.0865 499.0781 499.0697 499.0661 499.0581 499.0501 499.0421 499.0383 499.0303 499.0223 499.0143 499.0095 499.0022 498.9942 498.9862 498.9782 498.9733 498.966 498.9572 498.9492 498.9412 498.9332 498.9254 498.9208 498.9156 498.9084 498.9003 498.8923 498.8843 498.8763 498.8715 498.8635 498.8555 498.8496 498.8427 498.8339 498.8259 498.8179 498.8099 498.8019 498.7939 498.789 498.7822 498.7746 498.7666 498.7586 498.7506 498.7444 498.7375
499.1597 499.1576 499.1498 499.1418 499.1339 499.1265 499.1237 499.1157 499.1077 499.1001 499.097 499.089 499.081 499.0732 499.0703 499.0623 499.0537 499.0455 499.0425 499.0345 499.0265 499.0185 499.0153 499.0073 498.9993 498.9913 498.9872 498.9796 498.9716 498.9637 498.9557 498.9515 498.9439 498.9352 498.9272 498.9192 498.9112 498.9048 498.8994 498.8948 498.8873 498.8793 498.8713 498.8633 498.8553 498.851 498.843 498.8349 498.8295 498.8226 498.8138 498.8058 498.7978 498.7898 498.7818 498.7744 498.7693 498.7627 498.7551 498.7471 498.7391 498.7311 498.7253 498.7184
499.1334 499.1317 499.1237 499.1157 499.1077 499.1016 499.0983 499.0903 499.0823 499.0757 499.0722 499.0642 499.0562 499.0494 499.0461 499.0381 499.0294 499.0223 499.019 499.0109 499.0029 498.9956 498.9923 498.9843 498.9763 498.9686 498.9649 498.9571 498.9491 498.9411 498.9333 498.9297 498.9219 498.9132 498.9052 498.8972 498.8892 498.8842 498.8779 498.8739 498.8663 498.8583 498.8503 498.8423 498.835 498.8304 498.8224 498.8143 498.8094 498.8024 498.7936 498.7856 498.7776 498.7696 498.7616 498.7554 498.7495 498.7433 498.7356 498.7276 498.7196 498.7116 498.7062 498.6992
499.1076 499.1056 499.0976 499.0896 499.0816 499.0766 499.0728 499.0648 499.0568 499.0513 499.0474 499.0394 499.0314 499.0257 499.0219 499.0139 499.0052 498.9991 498.9954 498.9873 498.9793 498.973 498.9692 498.9612 498.9532 498.9463 498.9426 498.9346 498.9266 498.9186 498.9116 498.9079 498.8998 498.8912 498.8832 498.8752 498.8672 498.8637 498.8569 498.8531 498.8453 498.8372 498.8293 498.8213 498.8148 498.8098 498.8018 498.7939 498.7893 498.7822 498.7735 498.7655 498.7575 498.7495 498.7415 498.7365 498.7298 498.7239 498.716 498.708 498.7 498.692 498.6871 498.6801
499.0818 499.0794 499.0714 499.0634 499.0555 499.0517 499.0474 499.0394 499.0313 499.0269 499.0226 499.0146 499.0066 499.0019 498.9977 498.9897 498.981 498.976 498.9718 498.9637 498.9557 498.9504 498.9462 498.9382 498.9302 498.924 498.9201 498.9121 498.9041 498.8961 498.8897 498.886 498.8777 498.8693 498.8613 498.8533 498.8453 498.8429 498.8361 498.8322 498.8242 498.8162 498.8082 498.8002 498.7946 498.7892 498.7812 498.7739 498.7692 498.7621 498.7533 498.7453 498.7373 498.7293 498.7213 498.7175 498.7103 498.7044 498.6965 498.6885 498.6805 498.6729 498.6681 498.6609
499.056 499.0533 499.0453 499.0373 499.0293 499.0267 499.0219 499.0139 499.0059 499.0026 498.9977 498.9897 498.9818 498.9781 498.9735 498.9655 498.9568 498.9528 498.9482 498.9402 498.9322 498.9278 498.9232 498.9152 498.9072 498.9017 498.8976 498.8896 498.8816 498.8736 498.868 498.864 498.8557 498.8473 498.8393 498.8313 498.8237 498.8214 498.8152 498.8112 498.8032 498.7952 498.7872 498.7792 498.7745 498.7686 498.7606 498.7538 498.7491 498.7419 498.7332 498.7252 498.7172 498.7092 498.7012 498.6983 498.6909 498.685 498.677 498.669 498.661 498.6538 498.649 498.6418
499.0302 499.0272 499.0192 499.0112 499.0035 499.0017 498.9965 498.9885 498.9804 498.9782 498.9729 498.9649 498.9569 498.9544 498.9493 498.9411 498.9326 498.9296 498.9246 498.9166 498.9086 498.9052 498.9002 498.8922 498.8842 498.8794 498.8751 498.8671 498.8591 498.8511 498.8461 498.842 498.8336 498.8253 498.8173 498.8093 498.8031 498.7999 498.7944 498.7902 498.7822 498.7742 498.7662 498.7582 498.7543 498.748 498.74 498.7336 498.729 498.7217 498.713 498.705 498.697 498.689 498.6812 498.6786 498.6715 498.6655 498.6575 498.6495 498.6415 498.6347 498.6299 498.6227
499.0044 499.001 498.993 498.985 498.9785 498.9768 498.971 498.963 498.956 498.9539 498.9481 498.9401 498.9327 498.9307 498.9251 498.9168 498.9087 498.9065 498.901 498.893 498.885 498.8825 498.8772 498.8692 498.8611 498.8571 498.8526 498.8446 498.8366 498.8286 498.8243 498.82 498.8115 498.8033 498.7953 498.7873 498.7825 498.7784 498.7736 498.7692 498.7612 498.7532 498.7452 498.7373 498.7341 498.7274 498.7194 498.7136 498.7089 498.7015 498.6929 498.6849 498.6769 498.6689 498.6623 498.6588 498.652 498.646 498.638 498.63 498.622 498.6157 498.6108 498.6035
498.9786 498.9749 498.9669 498.9589 498.9536 498.9518 498.9456 498.9376 498.9316 498.9295 498.9233 498.9153 498.909 498.9069 498.9009 498.8925 498.8855 498.8833 498.8774 498.8694 498.8622 498.8599 498.8541 498.8461 498.8385 498.8347 498.83 498.8221 498.8141 498.8062 498.8026 498.798 498.7895 498.7813 498.7733 498.7654 498.762 498.7569 498.7527 498.7482 498.7401 498.7321 498.7242 498.7171 498.7139 498.7068 498.6988 498.6935 498.6888 498.6813 498.6727 498.6647 498.6567 498.6487 498.6433 498.6391 498.6326 498.6264 498.6184 498.6104 498.6024 498.5966 498.5918 498.5844
498.9529 498.9488 498.9408 498.9328 498.9286 498.9269 498.9201 498.9121 498.9073 498.9051 498.8984 498.8904 498.8852 498.8831 498.8767 498.8681 498.8624 498.8601 498.8538 498.8458 498.8396 498.8373 498.8311 498.8231 498.8162 498.8124 498.8076 498.7996 498.7916 498.7844 498.7807 498.776 498.7674 498.7594 498.7514 498.7434 498.7414 498.7357 498.7319 498.7271 498.7191 498.7111 498.7031 498.6969 498.6937 498.6862 498.6782 498.6734 498.6687 498.661 498.6526 498.6446 498.6366 498.6286 498.6244 498.6194 498.6132 498.6069 498.5989 498.5909 498.5829 498.5775 498.5727 498.5652
498.9271 498.9226 498.9146 498.9066 498.9037 498.9019 498.8947 498.8867 498.8829 498.8807 498.8736 498.8656 498.8615 498.8594 498.8525 498.8439 498.8392 498.837 498.8302 498.8222 498.817 498.8147 498.8081 498.8001 498.7939 498.7901 498.785 498.777 498.769 498.7626 498.7589 498.754 498.7454 498.7374 498.7294 498.722 498.7208 498.7149 498.711 498.7061 498.6981 498.6901 498.6821 498.6767 498.6735 498.6656 498.6579 498.6533 498.6486 498.6408 498.6324 498.6245 498.6165 498.6085 498.6054 498.5996 498.5937 498.5874 498.5794 498.5714 498.5634 498.5584 498.5536 498.5461
498.9013 498.8965 498.8885 498.8805 498.8787 498.877 498.8692 498.8612 498.8585 498.8564 498.8488 498.8408 498.8377 498.8356 498.8283 498.8198 498.816 498.8138 498.8067 498.7987 498.7944 498.7921 498.7851 498.7771 498.7715 498.7678 498.7625 498.7545 498.7465 498.7408 498.7371 498.732 498.7234 498.7154 498.7074 498.7014 498.7002 498.694 498.6902 498.6851 498.6771 498.6691 498.6611 498.6565 498.653 498.645 498.6378 498.6332 498.6285 498.6206 498.6123 498.6043 498.5963 498.5883 498.5864 498.5802 498.5743 498.5679 498.5599 498.5519 498.5442 498.5393 498.5345 498.5269
498.8755 498.8704 498.8624 498.8555 498.8538 498.8518 498.8438 498.8363 498.8341 498.832 498.824 498.816 498.8139 498.8119 498.8041 498.7956 498.7929 498.7906 498.7831 498.7751 498.7718 498.7694 498.7621 498.754 498.7492 498.7455 498.74 498.732 498.724 498.719 498.7153 498.71 498.7014 498.6935 498.6855 498.6808 498.679 498.6732 498.6694 498.6641 498.6561 498.6481 498.6401 498.6364 498.6324 498.6244 498.6177 498.6131 498.6084 498.6004 498.5922 498.5842 498.5762 498.5692 498.5675 498.5608 498.5548 498.5483 498.5403 498.5323 498.5251 498.5203 498.5154 498.5078
498.8497 498.8442 498.8362 498.8306 498.8288 498.8263 498.8183 498.812 498.8098 498.8072 498.7992 498.7922 498.7902 498.7879 498.7798 498.7719 498.7697 498.7675 498.7595 498.7515 498.7491 498.7468 498.739 498.731 498.7269 498.7232 498.7175 498.7095 498.7015 498.6972 498.6935 498.688 498.6795 498.6715 498.6635 498.6602 498.6575 498.6523 498.6485 498.6431 498.635 498.627 498.6194 498.6161 498.6118 498.6038 498.5976 498.593 498.5883 498.5802 498.572 498.564 498.556 498.5502 498.5485 498.5413 498.5354 498.5288 498.5208 498.5128 498.506 498.5012 498.4964 498.4887
498.8239 498.8181 498.8101 498.8056 498.8039 498.8009 498.7929 498.7876 498.7854 498.7823 498.7744 498.7685 498.7664 498.7637 498.7555 498.7488 498.7466 498.7439 498.7359 498.7289 498.7265 498.724 498.716 498.7083 498.7046 498.7009 498.695 498.687 498.679 498.6754 498.6717 498.666 498.6575 498.6495 498.6415 498.6396 498.636 498.6315 498.6277 498.622 498.614 498.606 498.5992 498.596 498.5912 498.5832 498.5775 498.5729 498.5682 498.56 498.5518 498.5439 498.5359 498.5312 498.5287 498.5219 498.516 498.5093 498.5013 498.4933 498.4869 498.4821 498.4773 498.4695
498.7981 498.792 498.7839 498.7807 498.7789 498.7755 498.7675 498.7632 498.761 498.7575 498.7495 498.7447 498.7427 498.7395 498.7312 498.7256 498.7234 498.7203 498.7123 498.7063 498.7039 498.701 498.693 498.686 498.6823 498.6786 498.6725 498.6645 498.6572 498.6536 498.6499 498.644 498.6355 498.6275 498.6202 498.6191 498.6145 498.6107 498.6068 498.601 498.593 498.585 498.579 498.5758 498.5706 498.5626 498.5574 498.5528 498.5481 498.5398 498.5317 498.5237 498.5157 498.5123 498.509 498.5024 498.4966 498.4898 498.4818 498.4738 498.4679 498.463 498.4582 498.4504
498.7723 498.7658 498.7578 498.7557 498.754 498.75 498.742 498.7388 498.7367 498.7327 498.7247 498.721 498.7189 498.7153 498.7069 498.7025 498.7002 498.6967 498.6888 498.6836 498.6813 498.6779 498.67 498.6637 498.66 498.6562 498.65 498.642 498.6354 498.6318 498.6281 498.6219 498.6135 498.6055 498.5996 498.5985 498.5937 498.5898 498.586 498.58 498.572 498.564 498.5588 498.5556 498.55 498.542 498.5374 498.5327 498.528 498.5196 498.5116 498.5036 498.4956 498.4933 498.4892 498.483 498.4771 498.4703 498.4623 498.4543 498.4488 498.444 498.4391 498.4313
498.7466 498.7397 498.7325 498.7308 498.729 498.7245 498.7166 498.7144 498.7123 498.7079 498.6999 498.6972 498.6952 498.6911 498.6827 498.6793 498.6771 498.6732 498.6652 498.661 498.6587 498.6549 498.6469 498.6414 498.6377 498.6339 498.6275 498.6195 498.6136 498.61 498.6063 498.5999 498.5916 498.5836 498.5791 498.5779 498.5728 498.569 498.5652 498.559 498.551 498.543 498.5386 498.5354 498.5294 498.5219 498.5172 498.5126 498.5079 498.4994 498.4914 498.4834 498.476 498.4743 498.4695 498.4636 498.4577 498.4507 498.4427 498.4348 498.4297 498.4249 498.4201 498.4121
498.7208 498.7135 498.7076 498.7058 498.7041 498.6991 498.6922 498.6901 498.6879 498.6831 498.6755 498.6735 498.6714 498.6669 498.6585 498.6561 498.6539 498.6496 498.6416 498.6384 498.636 498.6319 498.6239 498.6191 498.6154 498.6116 498.6049 498.597 498.5918 498.5882 498.5845 498.5778 498.5696 498.5616 498.5585 498.5573 498.552 498.5482 498.5443 498.5379 498.5299 498.5219 498.5184 498.5152 498.5088 498.5018 498.4972 498.4925 498.4877 498.4793 498.4713 498.4633 498.4571 498.4554 498.4501 498.4442 498.4382 498.4312 498.4232 498.4155 498.4106 498.4058 498.401 498.393
498.695 498.6874 498.6826 498.6808 498.6791 498.6736 498.6679 498.6657 498.6635 498.6582 498.6518 498.6497 498.6476 498.6427 498.6352 498.633 498.6307 498.626 498.6181 498.6158 498.6134 498.6089 498.6009 498.5968 498.593 498.5893 498.5824 498.5744 498.57 498.5663 498.5627 498.5557 498.5476 498.5396 498.5379 498.5365 498.5311 498.5273 498.5235 498.5169 498.5089 498.5014 498.4982 498.495 498.4882 498.4817 498.4771 498.4724 498.4676 498.4591 498.4511 498.4431 498.4381 498.4364 498.4306 498.4247 498.4188 498.4117 498.4037 498.3964 498.3916 498.3867 498.3819 498.3738
498.6692 498.6613 498.6577 498.6559 498.6541 498.6482 498.6435 498.6413 498.6392 498.6334 498.628 498.6259 498.6239 498.6185 498.612 498.6098 498.6076 498.6024 498.5955 498.5932 498.5908 498.5858 498.5782 498.5745 498.5707 498.567 498.5599 498.5519 498.5482 498.5446 498.5409 498.5336 498.5256 498.5185 498.5173 498.515 498.5103 498.5065 498.5026 498.4959 498.4879 498.4813 498.4781 498.4749 498.4676 498.4616 498.4569 498.4523 498.4474 498.439 498.431 498.423 498.4191 498.4175 498.4112 498.4053 498.3994 498.3922 498.3842 498.3773 498.3725 498.3677 498.3627 498.3547
