backup/site316_ft/site316vanilla_sinuous/site316vanilla_sinuous/site316vanilla_sinuous.asc
ncols         613
nrows         104
xllcorner     -4
yllcorner     -52
cellsize      1
NODATA_value  -9999
[rows 0 to 27 of 104, columns 512 to 575 of 613]
497.8315 497.8235 497.8155 497.8075 497.7995 497.7913 497.7833 497.7753 497.7669 497.7583 497.7503 497.7422 497.7341 497.7261 497.7181 497.71 497.702 497.694 497.6859 497.6779 497.67 497.6617 497.6537 497.6458 497.6378 497.6293 497.6205 497.6125 497.6045 497.5965 497.5885 497.5803 497.5723 497.5643 497.5562 497.5482 497.54 497.5318 497.5238 497.5158 497.5078 497.4998 497.4913 497.4828 497.4748 497.4665 497.4585 497.4505 497.4425 497.4343 497.4262 497.4182 497.4102 497.402 497.394 497.386 497.378 497.3697 497.3613 497.3527 497.3447 497.3367 497.3284 497.3204
497.8126 497.8046 497.7966 497.7885 497.7805 497.772 497.764 497.756 497.7476 497.739 497.731 497.7225 497.7144 497.7065 497.6985 497.6898 497.6819 497.6739 497.6659 497.6578 497.6498 497.6412 497.6332 497.6252 497.6172 497.6089 497.5994 497.5914 497.5834 497.5754 497.5674 497.5587 497.5508 497.5428 497.5348 497.5267 497.518 497.5093 497.5013 497.4933 497.4853 497.4773 497.4689 497.4603 497.4523 497.4436 497.4356 497.4276 497.4196 497.4108 497.4028 497.3948 497.3868 497.378 497.37 497.362 497.354 497.3451 497.3368 497.3281 497.3201 497.3121 497.3033 497.2953
497.7936 497.7856 497.7776 497.7696 497.7616 497.7527 497.7447 497.7367 497.7283 497.7197 497.7117 497.7028 497.6948 497.6868 497.6788 497.6698 497.6618 497.6538 497.6458 497.6378 497.6298 497.6208 497.6128 497.6048 497.5968 497.5884 497.5784 497.5703 497.5623 497.5544 497.5464 497.5373 497.5293 497.5213 497.5132 497.5052 497.496 497.4868 497.4789 497.4709 497.4629 497.4549 497.4466 497.4379 497.4299 497.4207 497.4127 497.4047 497.3967 497.3873 497.3793 497.3713 497.3633 497.3539 497.3459 497.338 497.33 497.3205 497.3123 497.3036 497.2956 497.2876 497.2781 497.2701
497.7746 497.7666 497.7586 497.7506 497.7426 497.7333 497.7253 497.7173 497.7091 497.7004 497.6924 497.6831 497.675 497.6671 497.6591 497.6499 497.6417 497.6337 497.6257 497.6176 497.6096 497.6003 497.5923 497.5843 497.5763 497.568 497.5573 497.5493 497.5413 497.5333 497.5253 497.5158 497.5078 497.4998 497.4918 497.4837 497.4742 497.4657 497.4564 497.4484 497.4404 497.4324 497.4242 497.4155 497.4075 497.3979 497.3897 497.3817 497.3737 497.3642 497.3558 497.3478 497.3398 497.3303 497.3219 497.3139 497.3059 497.2964 497.2879 497.279 497.271 497.263 497.2534 497.2449
497.7557 497.7477 497.7397 497.7317 497.7237 497.7142 497.706 497.698 497.6898 497.6811 497.6731 497.6637 497.6554 497.6474 497.6394 497.6304 497.6216 497.6136 497.6056 497.5975 497.5895 497.5803 497.5717 497.5638 497.5558 497.5475 497.537 497.5282 497.5202 497.5122 497.5042 497.4949 497.4863 497.4783 497.4702 497.4622 497.4529 497.4441 497.4339 497.4259 497.4179 497.4099 497.4018 497.393 497.385 497.3755 497.3668 497.3588 497.3508 497.3416 497.3323 497.3243 497.3163 497.3073 497.2979 497.2899 497.2819 497.2728 497.2633 497.2545 497.2464 497.2384 497.229 497.2197
497.7367 497.7287 497.7207 497.7127 497.7047 497.6953 497.6866 497.6786 497.6706 497.6617 497.6537 497.6445 497.6357 497.6277 497.6197 497.6109 497.6015 497.5935 497.5855 497.5775 497.5695 497.5603 497.5512 497.5432 497.5352 497.5271 497.5168 497.5072 497.4991 497.4911 497.4832 497.474 497.4648 497.4568 497.4488 497.4407 497.4315 497.4221 497.4115 497.4035 497.3955 497.3875 497.3795 497.3706 497.3626 497.3532 497.3439 497.3359 497.3279 497.3191 497.3089 497.3009 497.2929 497.2841 497.2739 497.2659 497.2579 497.2492 497.2387 497.23 497.2219 497.2139 497.2047 497.1945
497.7177 497.7097 497.7018 497.6938 497.6857 497.6763 497.6673 497.6593 497.6513 497.6424 497.6344 497.6252 497.616 497.608 497.6 497.5915 497.5814 497.5734 497.5654 497.5573 497.5493 497.5404 497.5308 497.5228 497.5148 497.5067 497.4965 497.4861 497.4781 497.4701 497.4621 497.4531 497.4432 497.4352 497.4272 497.4193 497.4102 497.4001 497.389 497.381 497.373 497.3651 497.357 497.3482 497.3402 497.3308 497.3209 497.3129 497.3049 497.2965 497.2854 497.2774 497.2694 497.2611 497.2498 497.2419 497.2339 497.2256 497.2141 497.2055 497.1973 497.1893 497.1804 497.1694
497.6988 497.6908 497.6828 497.6748 497.6668 497.6573 497.6479 497.64 497.632 497.6231 497.6151 497.606 497.5963 497.5883 497.5803 497.572 497.5613 497.5533 497.5453 497.5373 497.5293 497.5204 497.5103 497.5023 497.4943 497.4862 497.4763 497.4651 497.457 497.449 497.441 497.4322 497.4218 497.4138 497.4058 497.3977 497.3889 497.3781 497.3666 497.3586 497.3506 497.3426 497.3346 497.3257 497.3177 497.3085 497.298 497.29 497.282 497.274 497.2619 497.2539 497.2459 497.2379 497.2258 497.2178 497.2098 497.2018 497.1895 497.1811 497.1727 497.1647 497.156 497.1442
497.6798 497.6718 497.6638 497.6558 497.6478 497.6384 497.6286 497.6206 497.6126 497.6038 497.5958 497.5867 497.5766 497.5686 497.5606 497.5526 497.5412 497.5332 497.5252 497.5172 497.5092 497.5005 497.4897 497.4818 497.4738 497.4658 497.456 497.444 497.436 497.428 497.42 497.4113 497.4002 497.3922 497.3842 497.3763 497.3676 497.3562 497.3453 497.3361 497.3281 497.3201 497.3121 497.3033 497.2953 497.2861 497.2751 497.2671 497.2591 497.2511 497.2384 497.2304 497.2224 497.2144 497.2018 497.1938 497.1858 497.1778 497.1649 497.1566 497.1481 497.1401 497.1317 497.119
497.6609 497.6529 497.6449 497.6368 497.6288 497.6194 497.6093 497.6013 497.5933 497.5845 497.5764 497.5674 497.5569 497.5489 497.5409 497.5329 497.5211 497.5131 497.5051 497.4971 497.4891 497.4806 497.4692 497.4612 497.4532 497.4453 497.4358 497.4229 497.4149 497.4069 497.3989 497.3904 497.3788 497.3708 497.3628 497.3547 497.3463 497.3342 497.3242 497.3137 497.3057 497.2977 497.2897 497.281 497.2729 497.2638 497.2521 497.2441 497.2361 497.2281 497.215 497.2069 497.1989 497.1909 497.178 497.1698 497.1618 497.1538 497.1408 497.1322 497.1236 497.1156 497.1073 497.0945
497.6419 497.6339 497.6259 497.6179 497.6099 497.6005 497.5899 497.5819 497.5739 497.5652 497.5571 497.5482 497.5372 497.5292 497.5212 497.5132 497.5016 497.493 497.485 497.477 497.469 497.4606 497.4488 497.4408 497.4328 497.4248 497.4155 497.4019 497.3939 497.3859 497.3779 497.3696 497.3574 497.3492 497.3412 497.3333 497.325 497.3125 497.3031 497.2912 497.2832 497.2752 497.2672 497.2586 497.2504 497.2414 497.2297 497.2212 497.2132 497.2052 497.1925 497.1835 497.1755 497.1675 497.155 497.1458 497.1378 497.1298 497.1172 497.1077 497.099 497.091 497.083 497.0701
497.6229 497.6149 497.6069 497.5989 497.5909 497.5815 497.5706 497.5626 497.5546 497.546 497.5378 497.5289 497.5177 497.5095 497.5015 497.4935 497.4821 497.4729 497.4649 497.4569 497.4489 497.4407 497.4287 497.4203 497.4123 497.4043 497.3953 497.3816 497.3728 497.3648 497.3568 497.3487 497.3365 497.3278 497.3198 497.3117 497.3036 497.2912 497.282 497.2687 497.2607 497.2527 497.2448 497.2362 497.228 497.2191 497.2073 497.1983 497.1903 497.1823 497.17 497.16 497.152 497.144 497.1319 497.1217 497.1137 497.1057 497.0936 497.0832 497.0744 497.0664 497.0584 497.0458
497.604 497.596 497.588 497.58 497.572 497.5625 497.5517 497.5432 497.5352 497.5267 497.5185 497.5096 497.4984 497.4898 497.4818 497.4738 497.4626 497.4528 497.4448 497.4368 497.4288 497.4207 497.4088 497.3997 497.3918 497.3838 497.375 497.3614 497.3517 497.3437 497.3357 497.3277 497.3156 497.3062 497.2982 497.2903 497.2822 497.2699 497.2603 497.2463 497.2383 497.2303 497.2223 497.2139 497.2056 497.1967 497.185 497.1753 497.1673 497.1593 497.1474 497.1365 497.1285 497.1205 497.1088 497.0977 497.0897 497.0817 497.07 497.0586 497.0498 497.0418 497.0338 497.0215
497.585 497.577 497.569 497.561 497.553 497.5436 497.5327 497.5239 497.5159 497.5074 497.4992 497.4904 497.4792 497.4702 497.4622 497.4542 497.4432 497.4327 497.4247 497.4167 497.4087 497.4007 497.3888 497.3792 497.3712 497.3633 497.3546 497.3411 497.3307 497.3227 497.3147 497.3067 497.2947 497.2848 497.2768 497.2687 497.2607 497.2486 497.2383 497.2248 497.2158 497.2078 497.1998 497.1915 497.1831 497.1743 497.1626 497.1524 497.1444 497.1364 497.1249 497.1131 497.105 497.097 497.0857 497.0737 497.0657 497.0577 497.0464 497.034 497.0254 497.0173 497.0093 496.9971
497.566 497.558 497.55 497.5421 497.534 497.5246 497.5138 497.5046 497.4966 497.4882 497.4799 497.4711 497.4599 497.4504 497.4424 497.4344 497.4237 497.4126 497.4046 497.3966 497.3886 497.3806 497.3689 497.3587 497.3507 497.3427 497.3341 497.3209 497.3096 497.3016 497.2936 497.2856 497.2738 497.2632 497.2552 497.2473 497.2392 497.2272 497.2163 497.2037 497.1934 497.1854 497.1774 497.1691 497.1607 497.152 497.1403 497.1295 497.1215 497.1135 497.1023 497.0896 497.0816 497.0736 497.0626 497.0497 497.0417 497.0337 497.0228 497.0094 497.0009 496.9927 496.9847 496.9728
497.5471 497.5391 497.5311 497.5231 497.5151 497.5056 497.4948 497.4852 497.4772 497.4689 497.4605 497.4519 497.4407 497.4308 497.4228 497.4148 497.4043 497.3925 497.3845 497.3765 497.3685 497.3605 497.3489 497.3383 497.3303 497.3223 497.3137 497.3006 497.2885 497.2805 497.2726 497.2646 497.2529 497.2418 497.2338 497.2257 497.2177 497.2059 497.1943 497.1827 497.1709 497.1629 497.1549 497.1468 497.1382 497.1296 497.1179 497.1065 497.0985 497.0905 497.0798 497.0661 497.0581 497.0501 497.0396 497.0258 497.0176 497.0096 496.9992 496.9853 496.9765 496.9681 496.9601 496.9484
497.5281 497.5201 497.5121 497.5041 497.4961 497.4867 497.4758 497.4659 497.4579 497.4496 497.4412 497.4326 497.4214 497.4111 497.4031 497.3951 497.3848 497.3727 497.3644 497.3564 497.3484 497.3404 497.329 497.3177 497.3098 497.3018 497.2932 497.2803 497.2675 497.2595 497.2515 497.2435 497.232 497.2202 497.2122 497.2043 497.1962 497.1846 497.1723 497.1616 497.1485 497.1405 497.1325 497.1244 497.1158 497.1073 497.0956 497.0839 497.0756 497.0676 497.0573 497.0434 497.0346 497.0266 497.0164 497.0027 496.9936 496.9856 496.9756 496.9616 496.952 496.9436 496.9356 496.9241
497.5092 497.5012 497.4932 497.4852 497.4771 497.4677 497.4569 497.4466 497.4386 497.4304 497.4219 497.4134 497.4021 497.3914 497.3834 497.3754 497.3654 497.3533 497.3443 497.3363 497.3283 497.3203 497.3091 497.2972 497.2892 497.2813 497.2728 497.2601 497.2464 497.2384 497.2304 497.2224 497.2112 497.199 497.1908 497.1827 497.1747 497.1633 497.1508 497.1405 497.126 497.118 497.11 497.102 497.0934 497.0849 497.0732 497.0615 497.0527 497.0447 497.0347 497.0208 497.0111 497.0031 496.9934 496.9796 496.9696 496.9616 496.9519 496.938 496.9276 496.919 496.911 496.8997
497.4902 497.4822 497.4742 497.4662 497.4582 497.4488 497.4379 497.4272 497.4192 497.4111 497.4026 497.3941 497.3829 497.3717 497.3637 497.3557 497.3459 497.3338 497.3242 497.3162 497.3082 497.3002 497.2891 497.2771 497.2687 497.2607 497.2524 497.2398 497.2262 497.2174 497.2094 497.2014 497.1902 497.1781 497.1693 497.1613 497.1532 497.142 497.1295 497.1194 497.1044 497.0956 497.0876 497.0796 497.071 497.0626 497.0509 497.0392 497.0297 497.0217 497.0122 496.9983 496.9877 496.9797 496.9703 496.9565 496.9456 496.9376 496.9283 496.9144 496.903 496.8944 496.8864 496.8754
497.4712 497.4632 497.4552 497.4472 497.4392 497.4298 497.4189 497.4081 497.3999 497.3918 497.3832 497.3748 497.3636 497.3524 497.344 497.336 497.3265 497.3144 497.3041 497.2961 497.2881 497.2801 497.2692 497.2572 497.2483 497.2403 497.2319 497.2196 497.2059 497.1963 497.1883 497.1803 497.1694 497.1572 497.1477 497.1397 497.1317 497.1207 497.1082 497.0983 497.0833 497.0731 497.0651 497.0571 497.0485 497.0402 497.0285 497.0168 497.0068 496.9988 496.9896 496.9757 496.9642 496.9562 496.9472 496.9334 496.9215 496.9135 496.9047 496.8908 496.8784 496.8698 496.8618 496.8511
497.4523 497.4443 497.4363 497.4283 497.4203 497.4108 497.4 497.3891 497.3805 497.3725 497.3639 497.3556 497.3444 497.3332 497.3243 497.3163 497.307 497.2949 497.284 497.276 497.268 497.26 497.2492 497.2372 497.2278 497.2198 497.2115 497.1993 497.1857 497.1753 497.1672 497.1592 497.1485 497.1363 497.1263 497.1183 497.1102 497.0994 497.0869 497.0764 497.0622 497.0506 497.0426 497.0346 497.0261 497.0179 497.0062 496.9944 496.9839 496.9759 496.9671 496.9532 496.9407 496.9327 496.9241 496.9104 496.8975 496.8895 496.8811 496.8672 496.8538 496.8453 496.8373 496.8267
497.4333 497.4253 497.4173 497.4093 497.4013 497.3919 497.381 497.3701 497.3612 497.3532 497.3446 497.3363 497.3251 497.3139 497.3046 497.2966 497.2875 497.2755 497.2639 497.2559 497.2479 497.2399 497.2293 497.2173 497.2072 497.1992 497.191 497.1791 497.1654 497.1542 497.1462 497.1382 497.1276 497.1154 497.1047 497.0967 497.0887 497.078 497.0656 497.0544 497.0411 497.0282 497.0202 497.0122 497.0036 496.9955 496.9838 496.9721 496.9609 496.9529 496.9445 496.9307 496.9172 496.9092 496.901 496.8873 496.8735 496.8655 496.8575 496.8436 496.8297 496.8208 496.8127 496.8024
497.4143 497.4063 497.3983 497.3904 497.3823 497.3729 497.3621 497.3512 497.3419 497.3339 497.3253 497.317 497.3058 497.2946 497.2849 497.2769 497.2681 497.256 497.2439 497.2358 497.2278 497.2198 497.2093 497.1973 497.1867 497.1787 497.1706 497.1588 497.1452 497.1331 497.1251 497.1171 497.1067 497.0945 497.0833 497.0753 497.0672 497.0567 497.0443 497.0325 497.0201 497.0057 496.9977 496.9897 496.9812 496.9732 496.9615 496.9497 496.938 496.93 496.922 496.9081 496.8942 496.8857 496.8777 496.8642 496.8504 496.8415 496.8335 496.82 496.8061 496.7963 496.7881 496.778
497.3954 497.3874 497.3794 497.3714 497.3634 497.3539 497.3431 497.3322 497.3225 497.3145 497.306 497.2978 497.2866 497.2754 497.2652 497.2572 497.2486 497.2365 497.2245 497.2157 497.2077 497.1997 497.1894 497.1774 497.1663 497.1583 497.1502 497.1385 497.1249 497.1121 497.1041 497.0961 497.0858 497.0736 497.0617 497.0537 497.0457 497.0354 497.0229 497.0105 496.999 496.9839 496.9753 496.9673 496.9588 496.9508 496.9391 496.9274 496.9156 496.9071 496.8991 496.8856 496.8717 496.8623 496.8543 496.8411 496.8273 496.8175 496.8094 496.7964 496.7825 496.7719 496.7636 496.7537
497.3764 497.3684 497.3604 497.3524 497.3444 497.335 497.3241 497.3133 497.3032 497.2952 497.2867 497.2785 497.2673 497.2561 497.2455 497.2375 497.2292 497.2171 497.205 497.1956 497.1876 497.1796 497.1694 497.1575 497.1458 497.1378 497.1297 497.1183 497.1046 497.091 497.083 497.075 497.0649 497.0527 497.0406 497.0323 497.0242 497.0141 497.0016 496.9892 496.9779 496.9629 496.9528 496.9448 496.9364 496.9283 496.9167 496.905 496.8933 496.8842 496.8762 496.863 496.8492 496.8388 496.8308 496.818 496.8043 496.7934 496.7854 496.7728 496.7589 496.7474 496.739 496.7294
497.3575 497.3495 497.3415 497.3335 497.3254 497.316 497.3052 497.2943 497.2838 497.2758 497.2673 497.2593 497.248 497.2368 497.2259 497.2178 497.2097 497.1976 497.1855 497.1755 497.1675 497.1595 497.1495 497.1375 497.1255 497.1172 497.1093 497.0981 497.0844 497.0707 497.0619 497.0539 497.044 497.0318 497.0197 497.0107 497.0027 496.9928 496.9803 496.9679 496.9568 496.9418 496.9304 496.9224 496.9141 496.9059 496.8944 496.8827 496.8709 496.8612 496.8532 496.8405 496.8266 496.8153 496.8073 496.7949 496.7812 496.7694 496.7614 496.7491 496.7352 496.7228 496.7144 496.705
497.3385 497.3305 497.3225 497.3145 497.3065 497.2971 497.2862 497.2754 497.2645 497.2565 497.248 497.24 497.2288 497.2176 497.2064 497.1982 497.1902 497.1782 497.1661 497.1554 497.1474 497.1394 497.1296 497.1176 497.1056 497.0967 497.0887 497.0778 497.0641 497.0505 497.0409 497.0329 497.0231 497.011 496.9988 496.9893 496.9812 496.9715 496.959 496.9466 496.9357 496.9207 496.9079 496.8999 496.8917 496.8835 496.872 496.8603 496.8486 496.8383 496.8303 496.818 496.8041 496.7918 496.7838 496.7719 496.7581 496.7454 496.7374 496.7255 496.7116 496.6982 496.6898 496.6807
497.3195 497.3115 497.3035 497.2955 497.2875 497.2781 497.2672 497.2564 497.2455 497.2372 497.2287 497.2207 497.2095 497.1983 497.1871 497.1785 497.1705 497.1587 497.1466 497.1353 497.1273 497.1193 497.1096 497.0976 497.0856 497.0763 497.0683 497.0576 497.0439 497.0302 497.0198 497.0118 497.0022 496.9901 496.9779 496.9677 496.9597 496.9502 496.9377 496.9252 496.9146 496.8996 496.8854 496.8774 496.8693 496.861 496.8497 496.838 496.8262 496.8153 496.8073 496.7954 496.7815 496.7684 496.7604 496.7488 496.735 496.7214 496.7134 496.7019 496.688 496.6741 496.6653 496.6563
