backup/site316_ft/site316vanilla_sinuous/site316vanilla_sinuous/site316vanilla_sinuous.asc
ncols         613
nrows         104
xllcorner     -4
yllcorner     -52
cellsize      1
NODATA_value  -9999
[rows 0 to 27 of 104, columns 448 to 511 of 613]
498.3485 498.3405 498.3325 498.3245 498.3165 498.308 498.2995 498.2915 498.2835 498.2755 498.2675 498.2595 498.2515 498.2435 498.2355 498.2275 498.2195 498.2115 498.2035 498.1955 498.1875 498.1794 498.1709 498.1623 498.1543 498.1463 498.1383 498.1303 498.1223 498.1143 498.1063 498.0983 498.0903 498.0823 498.0743 498.0663 498.0581 498.0501 498.0421 498.0336 498.0251 498.0171 498.0091 498.0011 497.9931 497.9851 497.9771 497.9689 497.9609 497.9529 497.9449 497.9369 497.9289 497.9209 497.9129 497.9049 497.8963 497.8878 497.8798 497.8718 497.8635 497.8555 497.8475 497.8395
498.3316 498.3236 498.3156 498.3076 498.2996 498.2911 498.2826 498.2746 498.2666 498.2586 498.2506 498.2426 498.2346 498.2266 498.2186 498.2106 498.2026 498.1946 498.1866 498.1786 498.1704 498.1624 498.1536 498.1449 498.1369 498.1289 498.1209 498.1129 498.1049 498.0969 498.0889 498.0809 498.0729 498.0649 498.0569 498.049 498.0403 498.0322 498.0242 498.0159 498.0073 497.9993 497.9913 497.9833 497.9753 497.9673 497.9593 497.9508 497.9428 497.9348 497.9268 497.9188 497.9108 497.9028 497.8948 497.8867 497.878 497.8693 497.8613 497.8533 497.8446 497.8365 497.8286 497.8206
498.3146 498.3066 498.2986 498.2906 498.2827 498.2741 498.2656 498.2576 498.2496 498.2416 498.2336 498.2256 498.2177 498.2096 498.2016 498.1936 498.1856 498.1776 498.1696 498.1617 498.1533 498.1453 498.1364 498.1275 498.1195 498.1115 498.1035 498.0956 498.0876 498.0796 498.0715 498.0635 498.0555 498.0475 498.0396 498.0316 498.0224 498.0144 498.0064 497.9981 497.9894 497.9814 497.9734 497.9655 497.9574 497.9494 497.9414 497.9326 497.9247 497.9167 497.9087 497.9006 497.8926 497.8846 497.8766 497.8686 497.8596 497.8508 497.8428 497.8348 497.8256 497.8176 497.8096 497.8016
498.2977 498.2897 498.2817 498.2737 498.2657 498.2572 498.2487 498.2407 498.2327 498.2247 498.2167 498.2087 498.2007 498.1927 498.1847 498.1767 498.1687 498.1607 498.1527 498.1447 498.1362 498.1282 498.1191 498.1102 498.1022 498.0942 498.0862 498.0782 498.0702 498.0622 498.0542 498.0462 498.0382 498.0302 498.0222 498.0142 498.0046 497.9966 497.9886 497.9803 497.9716 497.9636 497.9556 497.9476 497.9396 497.9316 497.9236 497.9145 497.9065 497.8985 497.8905 497.8825 497.8745 497.8665 497.8585 497.8504 497.8412 497.8323 497.8243 497.8163 497.8067 497.7986 497.7906 497.7826
498.2807 498.2727 498.2647 498.2567 498.2487 498.2402 498.2317 498.2237 498.2157 498.2077 498.1997 498.1917 498.1837 498.1757 498.1677 498.1597 498.1517 498.1437 498.1357 498.1277 498.1191 498.1111 498.102 498.0928 498.0848 498.0768 498.0688 498.0608 498.0528 498.0448 498.0368 498.0288 498.0208 498.0128 498.0048 497.9968 497.9872 497.9787 497.9707 497.9626 497.9538 497.9458 497.9378 497.9298 497.9218 497.9138 497.9058 497.8965 497.8884 497.8804 497.8724 497.8643 497.8564 497.8484 497.8404 497.8323 497.823 497.8139 497.8059 497.7979 497.7885 497.7797 497.7717 497.7637
498.2638 498.2558 498.2478 498.2398 498.2318 498.2233 498.2148 498.2068 498.1988 498.1908 498.1828 498.1748 498.1668 498.1588 498.1508 498.1428 498.1348 498.1268 498.1188 498.1108 498.102 498.094 498.0849 498.0756 498.0674 498.0594 498.0514 498.0434 498.0354 498.0274 498.0194 498.0114 498.0034 497.9954 497.9874 497.9794 497.9698 497.9609 497.9529 497.9449 497.936 497.928 497.92 497.912 497.904 497.896 497.888 497.8786 497.8702 497.8622 497.8542 497.8462 497.8382 497.8302 497.8222 497.8141 497.8048 497.7955 497.7874 497.7794 497.7704 497.7607 497.7527 497.7447
498.2468 498.2388 498.2308 498.2228 498.2148 498.2063 498.1978 498.1898 498.1818 498.1738 498.1658 498.1578 498.1498 498.1418 498.1338 498.1258 498.1178 498.1098 498.1018 498.0938 498.085 498.0769 498.0677 498.0583 498.05 498.042 498.034 498.026 498.018 498.01 498.002 497.994 497.986 497.978 497.97 497.962 497.9524 497.943 497.935 497.927 497.9181 497.9101 497.9021 497.8941 497.8861 497.8781 497.8701 497.8608 497.8521 497.8441 497.8361 497.8281 497.8201 497.8121 497.8041 497.796 497.7867 497.7771 497.7689 497.7609 497.7522 497.7417 497.7337 497.7257
498.2299 498.2219 498.2139 498.2059 498.1979 498.1894 498.1809 498.1729 498.1649 498.1569 498.1489 498.1409 498.1329 498.1249 498.1169 498.1089 498.1009 498.0929 498.0849 498.0769 498.0679 498.0598 498.0507 498.041 498.0327 498.0247 498.0167 498.0087 498.0007 497.9926 497.9846 497.9767 497.9687 497.9607 497.9527 497.9447 497.935 497.9252 497.9172 497.9092 497.9003 497.8923 497.8843 497.8763 497.8683 497.8603 497.8523 497.8429 497.8339 497.8259 497.8179 497.8099 497.8019 497.7939 497.7859 497.7778 497.7685 497.7588 497.7505 497.7425 497.734 497.7228 497.7148 497.7068
498.2129 498.2049 498.1969 498.1889 498.1809 498.1725 498.1639 498.1559 498.1479 498.1399 498.1319 498.1239 498.1159 498.1079 498.0999 498.0919 498.0839 498.0759 498.0679 498.0599 498.0508 498.0428 498.0336 498.0238 498.0153 498.0073 497.9993 497.9913 497.9833 497.9753 497.9673 497.9593 497.9513 497.9433 497.9353 497.9273 497.9176 497.9073 497.8993 497.8913 497.8826 497.8745 497.8665 497.8585 497.8505 497.8425 497.8345 497.825 497.8158 497.8078 497.7998 497.7918 497.7838 497.7758 497.7678 497.7596 497.7503 497.7404 497.732 497.724 497.7158 497.7038 497.6958 497.6878
498.196 498.188 498.18 498.172 498.164 498.1555 498.147 498.139 498.131 498.123 498.115 498.107 498.099 498.091 498.083 498.075 498.067 498.059 498.051 498.043 498.0337 498.0257 498.0164 498.0065 497.9979 497.9899 497.9819 497.9739 497.9659 497.9579 497.9499 497.9419 497.9339 497.9259 497.9179 497.9099 497.9003 497.8895 497.8815 497.8735 497.8648 497.8567 497.8487 497.8407 497.8327 497.8246 497.8167 497.8072 497.7976 497.7896 497.7816 497.7737 497.7656 497.7576 497.7496 497.7415 497.7322 497.722 497.7135 497.7055 497.6975 497.6849 497.6768 497.6689
498.179 498.171 498.163 498.155 498.147 498.1385 498.13 498.122 498.114 498.106 498.098 498.09 498.082 498.074 498.066 498.058 498.05 498.042 498.034 498.026 498.0166 498.0086 497.9994 497.9893 497.9805 497.9725 497.9645 497.9565 497.9485 497.9405 497.9325 497.9245 497.9165 497.9085 497.9005 497.8925 497.8829 497.8717 497.8636 497.8557 497.8471 497.8388 497.8308 497.8228 497.8148 497.8068 497.7988 497.7893 497.7795 497.7715 497.7635 497.7555 497.7475 497.7395 497.7315 497.7233 497.714 497.7037 497.695 497.687 497.679 497.6662 497.6579 497.6499
498.1621 498.1541 498.1461 498.1381 498.1301 498.1216 498.1131 498.1051 498.0971 498.0891 498.0811 498.0731 498.0651 498.0571 498.0491 498.0411 498.0331 498.0251 498.0171 498.0091 497.9995 497.9915 497.9822 497.9721 497.9631 497.9551 497.9471 497.9391 497.9312 497.9231 497.9151 497.9071 497.8991 497.8911 497.8831 497.8752 497.8655 497.8542 497.8458 497.8378 497.8293 497.821 497.813 497.805 497.797 497.789 497.781 497.7715 497.7614 497.7534 497.7454 497.7374 497.7293 497.7213 497.7133 497.7051 497.6959 497.6853 497.6766 497.6686 497.6606 497.648 497.6389 497.6309
498.1451 498.1371 498.1292 498.1212 498.1132 498.1046 498.0961 498.0881 498.0801 498.0721 498.0641 498.0562 498.0482 498.0401 498.0321 498.0241 498.0161 498.0081 498.0002 497.9922 497.9825 497.9744 497.9651 497.955 497.9458 497.9377 497.9297 497.9218 497.9138 497.9058 497.8977 497.8897 497.8817 497.8737 497.8658 497.8578 497.8481 497.8368 497.828 497.82 497.8116 497.8032 497.7952 497.7872 497.7792 497.7712 497.7632 497.7536 497.7433 497.7352 497.7272 497.7192 497.7112 497.7032 497.6952 497.687 497.6777 497.6671 497.6581 497.6501 497.6421 497.6298 497.62 497.612
498.1282 498.1202 498.1122 498.1042 498.0962 498.0877 498.0792 498.0712 498.0632 498.0552 498.0472 498.0392 498.0312 498.0232 498.0152 498.0072 497.9992 497.9912 497.9832 497.9752 497.9654 497.9573 497.9481 497.9379 497.9285 497.9204 497.9124 497.9044 497.8964 497.8884 497.8804 497.8724 497.8644 497.8564 497.8484 497.8404 497.8307 497.8194 497.8101 497.8021 497.7938 497.7854 497.7774 497.7694 497.7614 497.7534 497.7454 497.7357 497.7255 497.7171 497.7091 497.7011 497.6931 497.6851 497.6771 497.6688 497.6595 497.649 497.6396 497.6316 497.6236 497.6116 497.601 497.593
498.1112 498.1032 498.0952 498.0872 498.0793 498.0707 498.0622 498.0542 498.0462 498.0382 498.0302 498.0222 498.0143 498.0062 497.9982 497.9902 497.9822 497.9742 497.9662 497.9583 497.9483 497.9402 497.9309 497.9208 497.9113 497.903 497.895 497.887 497.879 497.871 497.863 497.855 497.847 497.839 497.831 497.823 497.8134 497.8021 497.7923 497.7843 497.7761 497.7675 497.7596 497.7516 497.7435 497.7355 497.7275 497.7179 497.7076 497.6989 497.6909 497.6829 497.6749 497.6669 497.6589 497.6507 497.6414 497.6308 497.6212 497.6132 497.6052 497.5934 497.582 497.574
498.0943 498.0863 498.0783 498.0703 498.0623 498.0538 498.0453 498.0373 498.0293 498.0213 498.0133 498.0053 497.9973 497.9893 497.9813 497.9733 497.9653 497.9573 497.9493 497.9413 497.9312 497.9232 497.9138 497.9037 497.894 497.8856 497.8776 497.8696 497.8616 497.8536 497.8456 497.8376 497.8296 497.8216 497.8136 497.8056 497.796 497.7847 497.7744 497.7664 497.7583 497.7497 497.7417 497.7337 497.7257 497.7177 497.7097 497.7 497.6898 497.6808 497.6728 497.6648 497.6568 497.6488 497.6408 497.6325 497.6232 497.6126 497.6029 497.5947 497.5867 497.5753 497.5631 497.5551
498.0773 498.0693 498.0613 498.0533 498.0453 498.0369 498.0284 498.0203 498.0123 498.0043 497.9963 497.9883 497.9803 497.9724 497.9643 497.9563 497.9483 497.9403 497.9323 497.9243 497.9141 497.9061 497.8967 497.8866 497.8767 497.8682 497.8602 497.8522 497.8442 497.8362 497.8282 497.8203 497.8123 497.8043 497.7963 497.7883 497.7786 497.7673 497.7566 497.7486 497.7405 497.7319 497.7239 497.7159 497.7079 497.6999 497.6919 497.6821 497.6719 497.6626 497.6546 497.6466 497.6386 497.6306 497.6227 497.6143 497.605 497.5945 497.5845 497.5762 497.5682 497.5571 497.5441 497.5361
498.0604 498.0524 498.0444 498.0364 498.0284 498.0199 498.0114 498.0034 497.9954 497.9874 497.9794 497.9714 497.9634 497.9554 497.9474 497.9394 497.9314 497.9234 497.9154 497.9074 497.897 497.889 497.8796 497.8695 497.8595 497.8509 497.8429 497.8349 497.8269 497.8189 497.8109 497.8029 497.7949 497.7869 497.7789 497.7709 497.7612 497.7499 497.7388 497.7307 497.7227 497.7141 497.7061 497.6981 497.6901 497.6821 497.6741 497.6643 497.654 497.6445 497.6365 497.6285 497.6205 497.6125 497.6045 497.5962 497.5869 497.5763 497.5661 497.5577 497.5497 497.5389 497.5256 497.5172
498.0434 498.0354 498.0274 498.0194 498.0114 498.003 497.9944 497.9864 497.9784 497.9704 497.9624 497.9544 497.9464 497.9384 497.9304 497.9224 497.9144 497.9064 497.8984 497.8904 497.8799 497.8719 497.8625 497.8524 497.8423 497.8335 497.8255 497.8175 497.8095 497.8015 497.7935 497.7855 497.7775 497.7695 497.7615 497.7535 497.7438 497.7325 497.7213 497.7129 497.7049 497.6962 497.6882 497.6802 497.6722 497.6642 497.6563 497.6464 497.6362 497.6263 497.6183 497.6104 497.6024 497.5944 497.5864 497.578 497.5687 497.5581 497.5478 497.5392 497.5313 497.5207 497.5074 497.4982
498.0265 498.0185 498.0105 498.0025 497.9945 497.986 497.9775 497.9695 497.9615 497.9535 497.9455 497.9375 497.9295 497.9215 497.9135 497.9055 497.8975 497.8895 497.8815 497.8735 497.8629 497.8548 497.8454 497.8353 497.8252 497.8161 497.8081 497.8001 497.7921 497.7841 497.7761 497.7681 497.7601 497.7521 497.7441 497.7361 497.7265 497.7151 497.7039 497.6951 497.6871 497.6784 497.6704 497.6624 497.6544 497.6464 497.6384 497.6285 497.6183 497.6082 497.6002 497.5922 497.5842 497.5762 497.5682 497.5599 497.5506 497.54 497.5294 497.5208 497.5128 497.5025 497.4893 497.4792
498.0096 498.0016 497.9936 497.9856 497.9776 497.9691 497.9605 497.9525 497.9445 497.9366 497.9286 497.9206 497.9126 497.9045 497.8965 497.8885 497.8806 497.8726 497.8646 497.8566 497.8458 497.8377 497.8283 497.8182 497.8081 497.7987 497.7907 497.7827 497.7747 497.7667 497.7587 497.7507 497.7427 497.7347 497.7267 497.7188 497.7091 497.6978 497.6865 497.6772 497.6692 497.6606 497.6526 497.6446 497.6366 497.6286 497.6206 497.6107 497.6004 497.5902 497.5821 497.5741 497.5661 497.5581 497.5501 497.5417 497.5324 497.5218 497.5112 497.5023 497.4943 497.4843 497.4711 497.4603
497.9926 497.9846 497.9766 497.9686 497.9606 497.9521 497.9436 497.9356 497.9276 497.9196 497.9116 497.9036 497.8956 497.8876 497.8796 497.8716 497.8636 497.8556 497.8476 497.8396 497.8287 497.8207 497.8112 497.8011 497.791 497.7814 497.7733 497.7654 497.7574 497.7494 497.7413 497.7333 497.7253 497.7173 497.7094 497.7014 497.6917 497.6804 497.6691 497.6594 497.6514 497.6428 497.6348 497.6268 497.6188 497.6107 497.6028 497.5928 497.5826 497.5724 497.5639 497.5559 497.5479 497.5399 497.5319 497.5236 497.5143 497.5037 497.4931 497.4838 497.4758 497.4661 497.4529 497.4413
497.9756 497.9677 497.9597 497.9517 497.9437 497.9352 497.9266 497.9186 497.9106 497.9026 497.8947 497.8867 497.8787 497.8706 497.8626 497.8546 497.8466 497.8387 497.8307 497.8227 497.8116 497.8036 497.7941 497.784 497.7739 497.7642 497.756 497.748 497.74 497.732 497.724 497.716 497.708 497.7 497.692 497.684 497.6743 497.663 497.6517 497.6415 497.6335 497.625 497.6169 497.6089 497.601 497.5929 497.5849 497.575 497.5647 497.5545 497.5458 497.5378 497.5298 497.5218 497.5138 497.5054 497.4961 497.4855 497.4749 497.4654 497.4574 497.4479 497.4347 497.4223
497.9587 497.9507 497.9427 497.9347 497.9267 497.9182 497.9097 497.9017 497.8937 497.8857 497.8777 497.8697 497.8617 497.8537 497.8457 497.8377 497.8297 497.8217 497.8137 497.8057 497.7945 497.7865 497.777 497.7669 497.7567 497.7469 497.7386 497.7306 497.7226 497.7146 497.7066 497.6986 497.6906 497.6826 497.6746 497.6666 497.657 497.6456 497.6343 497.6237 497.6157 497.6073 497.5991 497.5911 497.5831 497.5751 497.5671 497.5571 497.5468 497.5366 497.5276 497.5197 497.5117 497.5036 497.4956 497.4872 497.4779 497.4673 497.4568 497.447 497.4389 497.4297 497.4165 497.4034
497.9417 497.9337 497.9258 497.9178 497.9098 497.9012 497.8927 497.8847 497.8767 497.8687 497.8607 497.8528 497.8448 497.8367 497.8287 497.8207 497.8127 497.8047 497.7968 497.7888 497.7774 497.7694 497.7599 497.7498 497.7397 497.7296 497.7212 497.7132 497.7052 497.6972 497.6892 497.6812 497.6732 497.6652 497.6572 497.6492 497.6396 497.6283 497.617 497.6059 497.5979 497.5895 497.5813 497.5733 497.5653 497.5573 497.5493 497.5392 497.529 497.5188 497.5095 497.5015 497.4935 497.4855 497.4775 497.4691 497.4598 497.4492 497.4386 497.4286 497.4204 497.4116 497.3983 497.3851
497.9248 497.9168 497.9088 497.9008 497.8928 497.8843 497.8758 497.8678 497.8598 497.8518 497.8438 497.8358 497.8278 497.8198 497.8118 497.8038 497.7958 497.7878 497.7798 497.7718 497.7603 497.7523 497.7428 497.7327 497.7226 497.7124 497.7038 497.6958 497.6878 497.6798 497.6718 497.6638 497.6558 497.6478 497.6398 497.6318 497.6222 497.6109 497.5996 497.5883 497.58 497.5717 497.5635 497.5555 497.5475 497.5395 497.5315 497.5214 497.5111 497.5009 497.4914 497.4834 497.4754 497.4673 497.4594 497.4509 497.4416 497.431 497.4204 497.4102 497.4019 497.3934 497.3802 497.3669
497.9078 497.8998 497.8918 497.8839 497.8759 497.8674 497.8589 497.8508 497.8428 497.8348 497.8268 497.8188 497.8109 497.8029 497.7948 497.7868 497.7788 497.7708 497.7628 497.7549 497.7433 497.7352 497.7257 497.7156 497.7054 497.6953 497.6864 497.6784 497.6704 497.6624 497.6544 497.6465 497.6385 497.6305 497.6225 497.6145 497.6048 497.5935 497.5822 497.5709 497.5622 497.554 497.5457 497.5377 497.5297 497.5216 497.5136 497.5035 497.4933 497.483 497.4732 497.4652 497.4572 497.4492 497.4412 497.4327 497.4235 497.4128 497.4023 497.3919 497.3835 497.3752 497.362 497.3487
497.8909 497.8829 497.8749 497.8669 497.8589 497.8504 497.8419 497.8339 497.8259 497.8179 497.8099 497.8019 497.7939 497.7859 497.7779 497.7699 497.7619 497.7539 497.7459 497.7379 497.7262 497.7182 497.7086 497.6985 497.6884 497.6782 497.6691 497.6611 497.6531 497.6451 497.6371 497.6291 497.6211 497.6131 497.6051 497.5971 497.5874 497.5761 497.5648 497.5535 497.5443 497.5363 497.5278 497.5198 497.5118 497.5038 497.4958 497.4856 497.4754 497.4651 497.4551 497.4471 497.4391 497.4311 497.4231 497.4146 497.4053 497.3947 497.3841 497.3735 497.365 497.357 497.3438 497.3305
