samples/sfe_322/sfe_322_v1/sfe_322_v1/sfe_322_v1.asc
ncols         299
nrows         166
xllcorner     73.39999999851
yllcorner     65.60000000149
cellsize      1
NODATA_value  -9999
[rows 56 to 83 of 166, columns 0 to 63 of 299]
-9999 -9999 -9999 -9999 -9999 -9999 -9999 -9999 -9999 -9999 -9999 -9999 -9999 609.3964 609.3811 609.366 609.3505 609.3347 609.3189 609.3043 609.2891 609.2734 609.2579 609.2438 609.2298 609.2153 609.1998 609.184 609.1683 609.1543 609.14 609.1259 609.1117 609.0972 609.0828 609.0688 609.0552 609.0422 609.0292 609.0162 609.002 608.9877 608.9735 608.9592 608.9461 608.933 608.92 608.9069 608.8937 608.882 608.7472 608.5899 608.4351 608.2797 608.1184 607.9644 607.8073 607.6529 607.4998 607.3467 607.1936 607.0491 606.8923 606.7404
-9999 -9999 -9999 -9999 -9999 -9999 -9999 -9999 -9999 -9999 -9999 -9999 609.399 609.3831 609.3682 609.3528 609.3372 609.3215 609.3056 609.2911 609.2759 609.2601 609.2449 609.2306 609.2167 609.2023 609.1866 609.1708 609.1552 609.1411 609.1268 609.1127 609.0985 609.0842 609.0696 609.0555 609.0418 609.0288 609.0158 609.0027 608.9887 608.9744 608.9604 608.9461 608.9326 608.9196 608.9065 608.8935 608.883 608.7328 608.58 608.4115 608.2554 608.1006 607.9463 607.7856 607.6316 607.4761 607.322 607.1689 607.0158 606.8629 606.722 606.5641
-9999 -9999 -9999 -9999 -9999 -9999 -9999 -9999 -9999 -9999 -9999 -9999 609.3857 609.3698 609.3552 609.3396 609.324 609.3082 609.2924 609.2782 609.2627 609.2469 609.2319 609.2175 609.2037 609.1891 609.1735 609.1577 609.142 609.1279 609.1138 609.0995 609.0853 609.0709 609.0563 609.0423 609.0284 609.0154 609.0024 608.9894 608.9756 608.9611 608.9476 608.9333 608.9191 608.9061 608.8931 608.8815 608.715 608.55 608.3969 608.2444 608.0757 607.9208 607.7663 607.6129 607.4528 607.2987 607.1448 606.9911 606.8381 606.685 606.5358 606.3909
-9999 -9999 -9999 -9999 -9999 -9999 -9999 -9999 -9999 -9999 -9999 -9999 609.3724 609.3565 609.3419 609.3264 609.3108 609.2949 609.2791 609.2653 609.2495 609.2336 609.2189 609.2044 609.1906 609.1761 609.1604 609.1445 609.1288 609.1147 609.1006 609.0864 609.0721 609.0576 609.0432 609.0291 609.0151 609.002 608.989 608.976 608.963 608.9487 608.9343 608.92 608.9058 608.8926 608.8573 608.7016 608.546 608.3771 608.214 608.0609 607.9088 607.741 607.5863 607.4337 607.2795 607.1199 606.9659 606.8137 606.6603 606.5072 606.3541 606.2087
-9999 -9999 -9999 -9999 -9999 -9999 -9999 -9999 -9999 -9999 -9999 -9999 609.3591 609.3436 609.3287 609.3131 609.2975 609.2816 609.266 609.252 609.2362 609.2204 609.2058 609.1913 609.1776 609.163 609.1473 609.1314 609.1156 609.1015 609.0875 609.0732 609.059 609.0443 609.0299 609.0159 609.0018 608.9886 608.9756 608.9626 608.9496 608.9354 608.921 608.9067 608.8924 608.8466 608.6846 608.5217 608.366 608.2085 608.0392 607.8781 607.7249 607.5732 607.4065 607.2517 607.1011 606.9461 606.787 606.6304 606.4824 606.3295 606.1764 606.0233
-9999 -9999 -9999 -9999 -9999 -9999 -9999 -9999 -9999 -9999 -9999 609.3616 609.3458 609.3305 609.3155 609.2999 609.2842 609.2684 609.2532 609.2388 609.223 609.2072 609.1928 609.1783 609.1644 609.1499 609.1341 609.1183 609.1024 609.0883 609.0743 609.06 609.0458 609.0312 609.0167 609.0027 608.9886 608.9752 608.9622 608.9492 608.9362 608.922 608.9077 608.8939 608.8204 608.6638 608.5098 608.3491 608.1861 608.0305 607.8707 607.7014 607.5421 607.3895 607.2376 607.072 606.9172 606.7684 606.6127 606.4542 606.299 606.1512 605.9986 605.8455
-9999 -9999 -9999 -9999 -9999 -9999 -9999 -9999 -9999 -9999 -9999 609.3483 609.3325 609.3177 609.3022 609.2867 609.2709 609.2551 609.2403 609.2255 609.2097 609.1939 609.1797 609.1652 609.1512 609.1368 609.121 609.1052 609.0893 609.0751 609.0611 609.0468 609.0326 609.0181 609.0035 608.9894 608.9754 608.9619 608.9489 608.9358 608.9228 608.9088 608.8944 608.8217 608.652 608.4827 608.327 608.1723 608.0134 607.8505 607.6948 607.533 607.3635 607.2061 607.0543 606.902 606.7374 606.5826 606.4359 606.2794 606.1213 605.9677 605.8199 605.6678
-9999 -9999 -9999 -9999 -9999 -9999 -9999 -9999 -9999 -9999 -9999 609.335 609.3191 609.3046 609.289 609.2734 609.2576 609.2418 609.2274 609.2123 609.1965 609.1807 609.1666 609.1522 609.1379 609.1237 609.1078 609.092 609.0762 609.062 609.0479 609.0336 609.0194 609.0051 608.9905 608.9762 608.9622 608.9485 608.9354 608.9224 608.9094 608.8963 608.8225 608.6532 608.4839 608.3142 608.145 607.9902 607.8324 607.6779 607.5149 607.3593 607.1953 607.0256 606.8701 606.7192 606.5664 606.4029 606.2494 606.1032 605.946 605.7885 605.6365 605.4887
-9999 -9999 -9999 -9999 -9999 -9999 -9999 -9999 -9999 -9999 -9999 609.3217 609.3058 609.2914 609.2758 609.2602 609.2444 609.2285 609.2141 609.199 609.1832 609.1675 609.1534 609.1391 609.1247 609.1105 609.0947 609.0789 609.063 609.0487 609.0347 609.0203 609.0062 608.992 608.9774 608.963 608.949 608.9351 608.9221 608.9091 608.896 608.8234 608.654 608.4847 608.3154 608.1461 607.9764 607.8074 607.6534 607.4958 607.3423 607.1793 607.0237 606.8574 606.6877 606.5341 606.3841 606.2308 606.0684 605.9167 605.7706 605.6126 605.4556 605.3052
-9999 -9999 -9999 -9999 -9999 -9999 -9999 -9999 -9999 -9999 609.3243 609.3083 609.2932 609.2781 609.2626 609.2469 609.2311 609.2153 609.2009 609.1858 609.17 609.1542 609.1403 609.1259 609.1115 609.0974 609.0815 609.0657 609.0499 609.0355 609.0215 609.0071 608.993 608.9788 608.9644 608.9498 608.9357 608.9217 608.9087 608.8956 608.8007 608.6429 608.4855 608.3162 608.1469 607.9775 607.8082 607.6387 607.4706 607.3166 607.1602 607.0067 606.8438 606.688 606.5195 606.3513 606.1985 606.049 605.8953 605.7338 605.5842 605.438 605.2792 605.1218
-9999 -9999 -9999 -9999 -9999 -9999 -9999 -9999 -9999 -9999 609.311 609.295 609.28 609.2649 609.2493 609.2337 609.2178 609.202 609.188 609.1726 609.1568 609.141 609.1271 609.1127 609.0983 609.0842 609.0684 609.0526 609.0367 609.0223 609.0083 608.9938 608.9799 608.9656 608.9512 608.9365 608.9225 608.9085 608.8953 608.791 608.621 608.4603 608.3025 608.1477 607.9784 607.8091 607.6398 607.4705 607.3008 607.1338 606.9798 606.8246 606.6711 606.5081 606.3514 606.1817 606.0153 605.8633 605.7139 605.5596 605.3993 605.2515 605.1054 604.9459
-9999 -9999 -9999 -9999 -9999 -9999 -9999 -9999 -9999 -9999 609.2976 609.2817 609.2673 609.2516 609.2361 609.2204 609.2045 609.1888 609.1751 609.1594 609.1436 609.1277 609.114 609.0995 609.0852 609.0711 609.0553 609.0394 609.0236 609.0092 608.9951 608.9806 608.9666 608.9525 608.9379 608.9233 608.9093 608.8953 608.7909 608.6183 608.451 608.281 608.1199 607.9621 607.8082 607.6406 607.4713 607.3019 607.1327 606.9631 606.797 606.6429 606.489 606.3355 606.1725 606.0136 605.8439 605.6793 605.5283 605.3787 605.2241 605.0651 604.9189 604.7728
-9999 -9999 -9999 -9999 -9999 -9999 -9999 -9999 -9999 -9999 609.2843 609.2684 609.254 609.2385 609.2228 609.2072 609.1913 609.1759 609.1619 609.1461 609.1303 609.1146 609.1008 609.0864 609.0721 609.058 609.0421 609.0263 609.0104 608.996 608.9819 608.9673 608.9534 608.9393 608.9246 608.9101 608.8961 608.7916 608.619 608.4463 608.2738 608.111 607.941 607.7795 607.6216 607.4687 607.3028 607.1335 606.9642 606.7949 606.6252 606.4602 606.3035 606.1534 605.9999 605.8369 605.6755 605.506 605.3433 605.1931 605.0436 604.8885 604.7325 604.5863
-9999 -9999 -9999 -9999 -9999 -9999 -9999 -9999 -9999 609.2869 609.271 609.2554 609.2408 609.2252 609.2097 609.1938 609.178 609.163 609.1487 609.1329 609.1171 609.1016 609.0876 609.0732 609.0591 609.0449 609.029 609.0132 608.9973 608.9827 608.9687 608.9541 608.9402 608.9261 608.9113 608.8969 608.7936 608.6203 608.447 608.2744 608.1017 607.9293 607.771 607.601 607.4391 607.2813 607.1292 606.965 606.7957 606.6263 606.4572 606.2875 606.1234 605.9678 605.8179 605.6643 605.5013 605.3376 605.1682 605.0075 604.858 604.7085 604.5529 604.3998
-9999 -9999 -9999 -9999 -9999 -9999 -9999 -9999 -9999 609.2736 609.2577 609.2425 609.2275 609.212 609.1964 609.1805 609.1647 609.1501 609.1354 609.1196 609.1038 609.0886 609.0745 609.06 609.046 609.0317 609.0159 609 608.9842 608.9695 608.9555 608.941 608.9271 608.9129 608.8983 608.7929 608.6178 608.4489 608.2758 608.1024 607.9298 607.7571 607.5842 607.431 607.261 607.0988 606.9411 606.7897 606.6272 606.4578 606.2885 606.1194 605.9496 605.7866 605.6323 605.4822 605.3287 605.1658 604.9999 604.8303 604.6724 604.5229 604.3734 604.2173
-9999 -9999 -9999 -9999 -9999 -9999 -9999 -9999 -9999 609.2603 609.2444 609.2295 609.2144 609.1987 609.1832 609.1673 609.1514 609.1372 609.1222 609.1064 609.0906 609.0756 609.0613 609.0469 609.0329 609.0186 609.0027 608.9869 608.9711 608.9564 608.9423 608.9279 608.9139 608.8997 608.7938 608.6187 608.4436 608.2685 608.1042 607.9312 607.7579 607.5852 607.4125 607.2427 607.091 606.921 606.7584 606.6016 606.4501 606.2893 606.1201 605.9507 605.7817 605.6119 605.4498 605.2967 605.1467 604.9931 604.8301 604.6621 604.4925 604.3373 604.1877 604.0383
-9999 -9999 -9999 -9999 -9999 -9999 -9999 -9999 -9999 609.2469 609.231 609.2167 609.2011 609.1855 609.1699 609.154 609.1382 609.124 609.1089 609.0931 609.0774 609.0625 609.0482 609.0338 609.0198 609.0054 608.9896 608.9738 608.9579 608.9432 608.9291 608.9149 608.9007 608.7938 608.6201 608.4445 608.2694 608.0943 607.9238 607.7596 607.5865 607.4133 607.2407 607.068 606.9026 606.751 606.581 606.418 606.2621 606.1107 605.9516 605.7822 605.6129 605.4438 605.2741 605.113 604.9611 604.8111 604.6575 604.4941 604.3244 604.1547 604.0021 603.8527
-9999 -9999 -9999 -9999 -9999 -9999 -9999 -9999 609.2495 609.2336 609.2177 609.2034 609.1879 609.1723 609.1566 609.1407 609.1249 609.1107 609.0957 609.08 609.0641 609.0495 609.0351 609.0208 609.0068 608.9923 608.9764 608.9606 608.9448 608.93 608.916 608.9017 608.7931 608.613 608.4398 608.2708 608.0952 607.9201 607.745 607.5802 607.4149 607.2419 607.0687 606.8961 606.7234 606.5627 606.411 606.241 606.0776 605.9226 605.7711 605.6141 605.4445 605.2751 605.1059 604.9363 604.7755 604.6255 604.4755 604.3219 604.1564 603.9866 603.8168 603.7281
-9999 -9999 -9999 -9999 -9999 -9999 -9999 -9999 609.2362 609.2203 609.205 609.1902 609.1746 609.1591 609.1433 609.1274 609.1116 609.0978 609.0825 609.0667 609.0509 609.0364 609.0219 609.0077 608.9937 608.9791 608.9633 608.9474 608.9316 608.9167 608.9027 608.7941 608.614 608.434 608.2554 608.0881 607.9214 607.7459 607.5708 607.3956 607.2366 607.0703 606.8973 606.7241 606.5515 606.3789 606.2227 606.071 605.901 605.7372 605.5831 605.4316 605.2764 605.1066 604.9373 604.7679 604.5986 604.4399 604.2899 604.1399 603.9863 603.8187 603.7054 603.5924
-9999 -9999 -9999 -9999 -9999 -9999 -9999 -9999 609.2229 609.207 609.1919 609.177 609.1614 609.1458 609.1301 609.1142 609.0987 609.0849 609.0693 609.0535 609.0377 609.0234 609.0088 608.9946 608.9806 608.966 608.9501 608.9343 608.9185 608.9036 608.7953 608.6157 608.4349 608.2549 608.0748 607.9055 607.7388 607.5721 607.3965 607.2214 607.0463 606.893 606.7256 606.5527 606.3795 606.2068 606.0343 605.8827 605.731 605.5609 605.3968 605.2436 605.0921 604.9385 604.7688 604.5996 604.4301 604.2609 604.1043 603.9543 603.8043 603.6802 603.5563 603.4434
-9999 -9999 -9999 -9999 -9999 -9999 -9999 -9999 609.2096 609.1937 609.1791 609.1638 609.1482 609.1326 609.1168 609.1009 609.0858 609.0718 609.056 609.0402 609.0244 609.0104 608.9956 608.9816 608.9675 608.9529 608.937 608.9212 608.9053 608.7967 608.6168 608.4362 608.2565 608.0758 607.8958 607.7157 607.5547 607.3895 607.2228 607.0472 606.8721 606.7027 606.5494 606.381 606.2081 606.0349 605.8623 605.6943 605.5427 605.3911 605.2209 605.0564 604.9041 604.7526 604.6007 604.431 604.2618 604.0922 603.9231 603.787 603.6791 603.5502 603.4183 603.2943
-9999 -9999 -9999 -9999 -9999 -9999 -9999 609.2122 609.1962 609.1804 609.1661 609.1505 609.1349 609.1193 609.1035 609.0876 609.0729 609.0586 609.0428 609.027 609.0112 608.9973 608.9825 608.9685 608.9545 608.9397 608.9239 608.908 608.7983 608.6175 608.4376 608.2576 608.077 607.8974 607.7167 607.5366 607.3566 607.2007 607.0402 606.8735 606.6979 606.5228 606.3591 606.2059 606.0363 605.8635 605.6902 605.5177 605.3543 605.2027 605.051 604.8809 604.716 604.5645 604.4131 604.2617 604.0931 603.9241 603.7772 603.6638 603.5459 603.4157 603.2881 603.1563
-9999 -9999 -9999 -9999 -9999 -9999 -9999 609.1989 609.1829 609.1672 609.1529 609.1373 609.1217 609.1061 609.0902 609.0743 609.0601 609.0453 609.0295 609.0137 608.9979 608.9841 608.9694 608.9554 608.9413 608.9266 608.9108 608.7977 608.6147 608.4391 608.2584 608.0785 607.8985 607.7179 607.5382 607.3575 607.1775 607.006 606.8467 606.6909 606.5242 606.3486 606.1735 606.0155 605.8622 605.6917 605.5189 605.3456 605.1731 605.0143 604.8627 604.711 604.5408 604.3765 604.225 604.0735 603.9221 603.7628 603.6318 603.5143 603.4009 603.278 603.1537 603.0261
-9999 -9999 -9999 -9999 -9999 -9999 -9999 609.1855 609.1696 609.1545 609.1396 609.1241 609.1085 609.0928 609.0769 609.0611 609.047 609.0321 609.0163 609.0005 608.9847 608.971 608.9564 608.9424 608.9283 608.9135 608.7987 608.6156 608.4335 608.2505 608.08 607.8993 607.7194 607.5393 607.3588 607.1789 606.9984 606.8184 606.6561 606.495 606.3416 606.1749 605.9993 605.8252 605.6719 605.5187 605.347 605.1743 605.0011 604.8286 604.6743 604.5227 604.371 604.2008 604.037 603.8855 603.7648 603.6328 603.5009 603.3699 603.2514 603.1381 603.01 602.8918
-9999 -9999 -9999 -9999 -9999 -9999 -9999 609.1722 609.1563 609.1413 609.1264 609.1108 609.0953 609.0795 609.0637 609.0478 609.0338 609.0189 609.0031 608.9872 608.9715 608.9579 608.9433 608.9293 608.9152 608.7997 608.6166 608.4344 608.2514 608.0693 607.8864 607.7208 607.5402 607.3602 607.1801 606.9997 606.8196 606.6393 606.4592 606.3062 606.1457 605.9922 605.8256 605.65 605.4816 605.3283 605.175 605.0023 604.8297 604.6565 604.486 604.3344 604.1827 604.031 603.8608 603.7612 603.6339 603.5028 603.3709 603.239 603.108 602.9885 602.8752 602.7429
-9999 -9999 -9999 -9999 -9999 -9999 609.1748 609.1589 609.1429 609.1287 609.1132 609.0976 609.082 609.0662 609.0504 609.0345 609.0205 609.0056 608.9898 608.9741 608.9583 608.9447 608.9302 608.9163 608.8143 608.6181 608.4354 608.2524 608.0701 607.8872 607.7051 607.5223 607.3616 607.181 607.0011 606.8209 606.6406 606.4603 606.2802 606.1066 605.9562 605.7963 605.6429 605.4762 605.3007 605.138 604.9847 604.8307 604.6577 604.485 604.3119 604.146 603.9943 603.8427 603.7401 603.6188 603.5003 603.3719 603.2408 603.1089 602.977 602.8461 602.7257 602.6082
-9999 -9999 -9999 -9999 -9999 -9999 609.1614 609.1456 609.1296 609.1155 609.1 609.0844 609.0688 609.053 609.0371 609.0214 609.0076 608.9924 608.9766 608.9608 608.9453 608.9316 608.9172 608.8376 608.6492 608.45 608.2539 608.0712 607.8882 607.7059 607.5229 607.3406 607.1615 607.0025 606.8219 606.642 606.4617 606.2814 606.1011 605.921 605.7567 605.6063 605.447 605.2936 605.1269 604.9514 604.7944 604.6412 604.4862 604.313 604.1404 603.9673 603.806 603.741 603.608 603.4764 603.3569 603.2416 603.11 602.9788 602.847 602.7151 602.5841 602.4628
-9999 -9999 -9999 -9999 -9999 -9999 609.1481 609.1323 609.1169 609.1023 609.0867 609.0712 609.0555 609.0397 609.0238 609.0085 608.9948 608.9792 608.9634 608.9476 608.9323 608.9184 608.8378 608.6513 608.4707 608.2849 608.0858 607.8897 607.7068 607.524 607.3416 607.1588 606.9761 606.8052 606.6433 606.4628 606.2829 606.1026 605.9223 605.7419 605.5619 605.4067 605.2535 605.0977 604.9443 604.7776 604.6041 604.4508 604.2975 604.1416 603.9683 603.7958 603.7241 603.6095 603.4761 603.343 603.2145 603.095 602.98 602.8481 602.7169 602.5851 602.4531 602.3221
