samples/sfe_322/sfe_322_v1/sfe_322_v1/sfe_322_v1.asc
ncols         299
nrows         166
xllcorner     73.39999999851
yllcorner     65.60000000149
cellsize      1
NODATA_value  -9999
[rows 0 to 27 of 166, columns 128 to 191 of 299]
609.7899 609.7885 609.7875 609.7856 609.7835 609.7825 609.7811 609.7795 609.7781 609.776 609.775 609.7734 609.7725 609.771 609.7689 609.7679 609.7669 609.7659 609.7645 609.763 609.762 609.761 609.7599 609.7585 609.757 609.756 609.755 609.754 609.7526 609.7512 609.7507 609.7497 609.7493 609.7477 609.7469 609.7459 609.7454 609.7444 609.7433 609.7424 609.7419 609.741 609.7404 609.7391 609.7383 609.7377 609.7371 609.7365 609.7351 609.7343 609.7339 609.7329 609.7325 609.7308 609.7302 609.7297 609.7288 609.7283 609.7271 609.7261 609.7254 609.7248 609.7242 609.7227
609.7039 609.7014 609.6991 609.696 609.6921 609.6911 609.6879 609.6845 609.6833 609.6794 609.6785 609.6749 609.674 609.6725 609.6686 609.6677 609.6667 609.6658 609.6642 609.663 609.662 609.661 609.66 609.6585 609.6572 609.6563 609.6552 609.6542 609.6528 609.6527 609.6531 609.652 609.6535 609.6517 609.6531 609.6522 609.6534 609.6533 609.6528 609.6538 609.6549 609.654 609.6547 609.6549 609.6559 609.6566 609.6573 609.6592 609.6589 609.6583 609.6602 609.6592 609.6608 609.6592 609.6608 609.6623 609.6614 609.6647 609.663 609.6641 609.6652 609.6642 609.6655 609.6641
609.6187 609.6151 609.6107 609.606 609.601 609.5997 609.5948 609.5895 609.5884 609.5831 609.582 609.5764 609.5756 609.5741 609.5685 609.5675 609.5665 609.5656 609.564 609.563 609.562 609.561 609.56 609.5585 609.5574 609.5565 609.5554 609.5544 609.553 609.5551 609.5554 609.5544 609.5577 609.5562 609.5593 609.5585 609.5613 609.5629 609.5626 609.5652 609.5679 609.5674 609.569 609.5712 609.5735 609.5756 609.5774 609.5819 609.5832 609.5824 609.5864 609.5875 609.5887 609.5914 609.5934 609.5948 609.5931 609.6003 609.5992 609.6019 609.6044 609.6028 609.6066 609.6061
609.5335 609.5283 609.5222 609.516 609.5096 609.5082 609.5016 609.4945 609.4937 609.4868 609.4854 609.478 609.4772 609.4756 609.4685 609.4673 609.4663 609.4653 609.4639 609.463 609.462 609.461 609.46 609.4585 609.4576 609.4567 609.4556 609.4547 609.4533 609.4575 609.4578 609.4568 609.462 609.4606 609.4656 609.4648 609.4693 609.4725 609.4724 609.4767 609.4808 609.4827 609.4858 609.4895 609.4932 609.4945 609.4976 609.5042 609.5072 609.5065 609.5127 609.5169 609.5172 609.5229 609.5269 609.5273 609.5274 609.5361 609.5372 609.5397 609.5438 609.5429 609.5481 609.5516
609.4483 609.4413 609.4338 609.426 609.418 609.4167 609.4086 609.4005 609.3988 609.3901 609.3889 609.3799 609.3787 609.3773 609.3683 609.3671 609.3661 609.3652 609.3636 609.363 609.362 609.361 609.36 609.3585 609.3578 609.3569 609.3558 609.3549 609.3537 609.3598 609.3601 609.3589 609.3662 609.365 609.3718 609.3719 609.3773 609.3822 609.3823 609.3881 609.3938 609.3981 609.4026 609.4078 609.4127 609.4128 609.4208 609.4268 609.4312 609.4321 609.4389 609.4463 609.4458 609.4534 609.4605 609.4592 609.4656 609.4722 609.4747 609.4772 609.4824 609.4871 609.4897 609.4943
609.3631 609.3548 609.3454 609.336 609.3275 609.3253 609.3158 609.3074 609.304 609.2935 609.2924 609.2817 609.2803 609.2788 609.2679 609.267 609.2659 609.265 609.2635 609.263 609.262 609.261 609.2599 609.2585 609.258 609.2571 609.256 609.2551 609.2541 609.2621 609.2625 609.261 609.2704 609.2696 609.278 609.2798 609.2852 609.2919 609.2921 609.2996 609.3068 609.3134 609.3194 609.3262 609.3323 609.3348 609.344 609.3495 609.3552 609.3593 609.3646 609.3755 609.3742 609.3837 609.3931 609.3918 609.4003 609.4084 609.4111 609.4146 609.4217 609.4285 609.4307 609.4383
609.2778 609.268 609.2573 609.2465 609.2381 609.2338 609.2226 609.2144 609.2091 609.1987 609.1958 609.1851 609.1819 609.1805 609.1675 609.1667 609.1657 609.1647 609.1634 609.163 609.162 609.161 609.16 609.1586 609.1581 609.1573 609.1563 609.1553 609.1545 609.1645 609.1649 609.1635 609.1746 609.1757 609.1843 609.1877 609.1929 609.2015 609.2017 609.212 609.2198 609.2281 609.2359 609.2443 609.2518 609.2568 609.2655 609.2722 609.2792 609.2866 609.291 609.3036 609.3024 609.314 609.3255 609.3244 609.3361 609.3445 609.3486 609.3557 609.3611 609.37 609.3721 609.3838
609.1925 609.181 609.1689 609.1586 609.1487 609.1424 609.1299 609.1213 609.1142 609.1039 609.0992 609.0884 609.0834 609.0822 609.0689 609.0665 609.0656 609.0646 609.0633 609.063 609.062 609.061 609.06 609.0587 609.0582 609.0575 609.0565 609.0555 609.0547 609.0668 609.0672 609.0673 609.0789 609.0818 609.0905 609.0956 609.1008 609.1111 609.114 609.1249 609.1327 609.1424 609.1519 609.1617 609.1707 609.1788 609.187 609.1949 609.2028 609.2137 609.2175 609.2319 609.2349 609.2452 609.258 609.2565 609.2741 609.28 609.2892 609.2974 609.2999 609.3139 609.3168 609.3275
609.1072 609.0946 609.0816 609.0707 609.0594 609.051 609.0385 609.0283 609.0193 609.0091 609.0027 608.9918 608.985 608.9838 608.9706 608.9664 608.9653 608.9644 608.9632 608.963 608.962 608.961 608.96 608.9589 608.9583 608.9577 608.9567 608.9557 608.956 608.9692 608.9695 608.9714 608.9831 608.988 608.9967 609.0035 609.0089 609.0208 609.0263 609.0378 609.0455 609.0569 609.0679 609.0792 609.0895 609.099 609.1097 609.1183 609.1268 609.1409 609.1469 609.1604 609.1678 609.1788 609.1901 609.1947 609.2117 609.2164 609.2286 609.239 609.2425 609.2559 609.2631 609.2715
609.0218 609.0094 608.9956 608.9828 608.97 608.9595 608.9471 608.9352 608.9244 608.9143 608.9062 608.8951 608.8865 608.8855 608.8723 608.8661 608.8651 608.8641 608.8631 608.863 608.862 608.861 608.86 608.8589 608.8585 608.8579 608.8569 608.8559 608.8583 608.8715 608.8719 608.8757 608.8873 608.8942 608.9029 608.9113 608.9182 608.9304 608.9387 608.9507 608.9586 608.9714 608.9837 608.9965 609.0081 609.019 609.0333 609.0433 609.0512 609.0682 609.0762 609.0889 609.1008 609.1123 609.1226 609.1329 609.1492 609.1559 609.1664 609.1797 609.1866 609.1974 609.209 609.2181
608.9363 608.9242 608.9097 608.895 608.8807 608.868 608.8556 608.8422 608.8295 608.8195 608.8096 608.7985 608.7985 608.7758 608.7642 608.739 608.703 608.6984 608.6974 608.6986 608.6976 608.6966 608.6967 608.6957 608.6963 608.6959 608.6959 608.7261 608.7551 608.7582 608.7835 608.7825 608.7916 608.8003 608.8091 608.8192 608.8278 608.84 608.851 608.8636 608.874 608.8879 608.9014 608.9152 608.9269 608.9422 608.9568 608.9682 608.9785 608.9954 609.0056 609.0171 609.0338 609.0459 609.0549 609.071 609.0866 609.0955 609.1039 609.1189 609.1309 609.1386 609.1519 609.1643
608.8513 608.839 608.8237 608.8071 608.8045 608.7585 608.7167 608.671 608.6271 608.5897 608.5527 608.5159 608.4901 608.4531 608.4415 608.4203 608.3843 608.3797 608.3788 608.3838 608.3828 608.3818 608.3857 608.3848 608.389 608.3885 608.3923 608.4241 608.4512 608.4585 608.4907 608.5245 608.5571 608.5903 608.6221 608.6574 608.6942 608.7304 608.7775 608.7765 608.7892 608.8047 608.8197 608.8348 608.8487 608.8654 608.8804 608.8931 608.9056 608.9225 608.935 608.9455 608.9668 608.9794 608.9873 609.0069 609.0241 609.0331 609.0452 609.058 609.0735 609.0813 609.0981 609.1082
608.7045 608.6567 608.5972 608.5369 608.4825 608.429 608.3872 608.3424 608.2999 608.2624 608.2259 608.189 608.1674 608.1304 608.1188 608.1016 608.0656 608.061 608.0602 608.069 608.0679 608.0671 608.0748 608.0739 608.0816 608.0809 608.0891 608.1221 608.1475 608.1588 608.191 608.2264 608.259 608.2936 608.3255 608.3613 608.3992 608.4354 608.4855 608.532 608.576 608.6339 608.6912 608.7493 608.7725 608.7886 608.804 608.8181 608.8328 608.8491 608.8644 608.8783 608.8978 608.913 608.9238 608.9448 608.9612 608.9721 608.9868 608.9979 609.0165 609.0275 609.0444 609.0548
608.3819 608.3276 608.2704 608.208 608.155 608.0996 608.0577 608.0138 607.9726 607.9351 607.899 607.8622 607.8446 607.8077 607.7961 607.7829 607.7469 607.7423 607.7416 607.7542 607.7531 607.7523 607.7638 607.763 607.7743 607.7733 607.7871 607.8201 607.8439 607.859 607.8912 607.9283 607.9609 607.997 608.0289 608.0651 608.1042 608.1405 608.1935 608.2369 608.2821 608.3399 608.3959 608.4527 608.5154 608.5861 608.6501 608.7175 608.769 608.7768 608.7938 608.8113 608.8306 608.8466 608.8619 608.8828 608.8972 608.9127 608.9285 608.9421 608.9604 608.9738 608.9891 609.0023
608.0604 607.9984 607.9437 607.8791 607.8255 607.7721 607.7283 607.6852 607.6429 607.6078 607.5722 607.5353 607.5219 607.4849 607.4733 607.4642 607.4282 607.4236 607.4229 607.4393 607.4383 607.4376 607.4528 607.4521 607.4669 607.4662 607.4851 607.5181 607.5403 607.5593 607.5947 607.6302 607.6657 607.7004 607.7326 607.769 607.8093 607.8456 607.9002 607.9417 607.9882 608.046 608.1005 608.1561 608.2212 608.2894 608.3492 608.4191 608.4897 608.5646 608.6436 608.7286 608.766 608.7802 608.8001 608.8207 608.8351 608.8532 608.8701 608.8862 608.9043 608.92 608.9349 608.9497
607.7389 607.6692 607.6194 607.5507 607.4951 607.4446 607.3988 607.3565 607.3118 607.2805 607.2435 607.2084 607.1968 607.1622 607.1506 607.1455 607.1096 607.105 607.1043 607.1245 607.1235 607.1259 607.1418 607.1412 607.1597 607.1618 607.1831 607.2161 607.2368 607.2595 607.298 607.3322 607.3718 607.4038 607.4365 607.4728 607.5143 607.5523 607.605 607.6465 607.6942 607.752 607.8052 607.8596 607.9269 607.9927 608.0483 608.1207 608.1877 608.2626 608.3439 608.4242 608.5065 608.5942 608.6833 608.763 608.7746 608.7931 608.8116 608.8304 608.8466 608.8663 608.8815 608.8947
607.4171 607.34 607.2914 607.2239 607.1657 607.1171 607.0693 607.0275 606.9808 606.9532 606.9158 606.8816 606.8702 606.8395 606.8279 606.8268 606.7908 606.7863 606.7859 606.8097 606.8087 606.8149 606.8309 606.8303 606.8525 606.8586 606.8811 606.9143 606.9332 606.9598 607.0001 607.0341 607.0753 607.1072 607.1403 607.1787 607.2194 607.2603 607.3099 607.3511 607.4003 607.4566 607.5099 607.563 607.6281 607.6902 607.7483 607.8223 607.8858 607.9607 608.0443 608.1194 608.2072 608.2883 608.3809 608.4771 608.5609 608.6725 608.7605 608.7746 608.792 608.8117 608.8281 608.8427
607.0953 607.0143 606.9631 606.8972 606.8369 606.7896 606.7399 606.698 606.6516 606.626 606.5885 606.5547 606.5432 606.5168 606.5052 606.5042 606.4722 606.4676 606.4712 606.4949 606.4938 606.5039 606.5199 606.5226 606.5452 606.5555 606.5791 606.6129 606.6296 606.6601 606.7023 606.736 606.7787 606.8105 606.8441 606.8849 606.9245 606.9684 607.0147 607.0549 607.1063 607.1589 607.2122 607.2664 607.3268 607.3875 607.4499 607.5238 607.5838 607.6596 607.7445 607.8146 607.8992 607.9825 608.0783 608.1679 608.2581 608.3757 608.4771 608.5771 608.6935 608.758 608.7745 608.7938
606.7734 606.6928 606.6339 606.5713 606.508 606.4612 606.4103 606.3685 606.323 606.2987 606.2612 606.2279 606.2163 606.194 606.1825 606.1815 606.1535 606.1489 606.1564 606.1801 606.179 606.1929 606.2089 606.2154 606.238 606.2524 606.2771 606.3114 606.3281 606.3621 606.4044 606.4379 606.4821 606.5139 606.548 606.5908 606.6296 606.6764 606.7195 606.7587 606.8124 606.8611 606.9136 606.972 607.0295 607.0863 607.1515 607.2195 607.2819 607.3599 607.4396 607.5106 607.59 607.6766 607.7755 607.8587 607.9611 608.0728 608.1732 608.276 608.3945 608.4949 608.5976 608.7147
606.4519 606.3712 606.3047 606.2484 606.1791 606.1309 606.0809 606.0391 605.9944 605.9714 605.934 605.901 605.8894 605.8713 605.8597 605.8586 605.8348 605.8302 605.8416 605.8652 605.864 605.882 605.8979 605.9081 605.9308 605.9493 605.9751 606.0099 606.0284 606.0661 606.1066 606.1398 606.1854 606.2173 606.2518 606.2961 606.3346 606.3829 606.4243 606.4625 606.5184 606.5658 606.6149 606.6778 606.7328 606.7853 606.853 606.9145 606.9799 607.0602 607.1321 607.2114 607.2841 607.3728 607.4725 607.553 607.6643 607.769 607.8658 607.977 608.0905 608.1957 608.3021 608.4284
606.1304 606.0493 605.9756 605.9228 605.8506 605.8004 605.7516 605.7096 605.6657 605.6442 605.6067 605.5742 605.5624 605.5486 605.537 605.5359 605.5161 605.5115 605.5267 605.5504 605.5491 605.571 605.587 605.6008 605.6235 605.6461 605.6731 605.7084 605.7286 605.7701 605.8087 605.8447 605.8888 605.9207 605.9557 606.0013 606.0397 606.0877 606.1292 606.1667 606.2245 606.2704 606.3174 606.381 606.436 606.4844 606.5546 606.6095 606.6779 606.7605 606.8251 606.9097 606.9782 607.0704 607.1631 607.2502 607.3647 607.4651 607.561 607.6785 607.7867 607.894 608.0067 608.1436
605.8089 605.7275 605.6467 605.5948 605.5239 605.47 605.4241 605.3801 605.3371 605.3169 605.2794 605.2473 605.2355 605.2259 605.2143 605.2131 605.1974 605.1928 605.2119 605.2356 605.2343 605.2599 605.276 605.2935 605.3163 605.343 605.3711 605.407 605.4289 605.4741 605.5109 605.5508 605.5922 605.624 605.6617 605.7066 605.7448 605.7925 605.8337 605.8727 605.9267 605.9751 606.0208 606.0799 606.1343 606.1835 606.2545 606.3045 606.376 606.4565 606.5203 606.6033 606.6723 606.7676 606.854 606.953 607.0609 607.1586 607.2606 607.3825 607.4888 607.5941 607.7162 607.8589
605.4874 605.4058 605.3252 605.2667 605.1992 605.1396 605.0966 605.0507 605.0085 604.9896 604.9521 604.9205 604.9086 604.9031 604.8916 604.8906 604.8787 604.8741 604.8971 604.9208 604.9196 604.949 604.965 604.9862 605.0091 605.0399 605.0691 605.1055 605.1296 605.1764 605.213 605.2569 605.2955 605.3274 605.3679 605.4119 605.4512 605.4973 605.5375 605.5789 605.629 605.6771 605.7242 605.7787 605.8315 605.8839 605.9495 605.9995 606.0761 606.149 606.2155 606.2921 606.3665 606.465 606.5452 606.6562 606.7571 606.8497 606.9615 607.0786 607.1915 607.2986 607.4314 607.5655
605.1616 605.0843 605.0034 604.9387 604.8763 604.8091 604.7666 604.7212 604.6794 604.6624 604.6249 604.5936 604.5817 604.5804 604.5688 604.5682 604.5601 604.5555 604.5823 604.606 604.6048 604.638 604.6541 604.679 604.7017 604.7368 604.7676 604.8041 604.8336 604.8785 604.9149 604.963 604.9989 605.0309 605.0742 605.1171 605.1592 605.2021 605.2413 605.2849 605.3312 605.3784 605.4286 605.4775 605.5287 605.5854 605.6445 605.6971 605.7764 605.8414 605.9163 605.9808 606.0623 606.1588 606.2423 606.3528 606.4531 606.5448 606.67 606.7781 606.89 607.0041 607.1547 607.272
604.8372 604.7628 604.6815 604.6107 604.5535 604.4791 604.4362 604.3917 604.3499 604.3312 604.2976 604.263 604.2548 604.2539 604.2462 604.2457 604.2413 604.2367 604.2675 604.2911 604.2931 604.327 604.3431 604.3716 604.3964 604.4337 604.4662 604.5026 604.5376 604.5807 604.6168 604.6691 604.7023 604.7347 604.7804 604.8224 604.8655 604.907 604.9451 604.991 605.0334 605.0798 605.134 605.1764 605.2259 605.287 605.3395 605.3952 605.4734 605.5339 605.6116 605.6696 605.7597 605.8493 605.9449 606.0491 606.1438 606.2451 606.3705 606.4852 606.5906 606.7192 606.8622 606.9786
604.5178 604.4413 604.3597 604.2819 604.2263 604.1506 604.1058 604.0622 604.0204 604.0001 603.9703 603.9329 603.9278 603.927 603.9234 603.9229 603.9219 603.9188 603.9526 603.9763 603.9821 604.0161 604.032 604.0643 604.0933 604.1305 604.1647 604.2011 604.2416 604.2828 604.3187 604.3738 604.4056 604.4385 604.4866 604.5276 604.5703 604.6118 604.6489 604.6946 604.7357 604.7811 604.8329 604.8794 604.9231 604.9845 605.0345 605.0932 605.1658 605.2263 605.3058 605.3622 605.4571 605.5401 605.6448 605.7452 605.8345 605.9496 606.0668 606.1874 606.2951 606.442 606.5688 606.7034
604.1983 604.1198 604.0381 603.9574 603.8982 603.8271 603.7753 603.7327 603.7035 603.7025 603.6815 603.678 603.653 603.639 603.6379 603.6375 603.6485 603.6727 603.6738 603.6869 603.692 603.7051 603.7241 603.7571 603.7901 603.8274 603.8632 603.898 603.9456 603.985 604.0236 604.0772 604.109 604.1447 604.1923 604.2329 604.2751 604.3162 604.3526 604.3969 604.4404 604.4825 604.5317 604.5784 604.6203 604.6795 604.7295 604.7924 604.8583 604.9213 604.9962 605.0563 605.1544 605.2344 605.341 605.4383 605.5287 605.6615 605.777 605.886 606.0071 606.1589 606.2753 606.4269
603.8788 603.7983 603.7167 603.6942 603.6597 603.6168 603.5871 603.5613 603.5366 603.5102 603.4862 603.4815 603.4577 603.4406 603.4393 603.4388 603.4499 603.4727 603.4716 603.4847 603.5069 603.5175 603.5457 603.5612 603.5851 603.6121 603.6344 603.662 603.6845 603.6871 603.7297 603.7806 603.8124 603.851 603.8975 603.9382 603.98 604.02 604.0564 604.0991 604.1419 604.1839 604.2305 604.2756 604.3187 604.3745 604.4245 604.4903 604.5508 604.6193 604.6849 604.7518 604.8449 604.9367 605.0372 605.129 605.2296 605.3586 605.4814 605.5871 605.7292 605.8655 606.0056 606.1403
