samples/sfe_322/sfe_322_v1/sfe_322_v1/sfe_322_v1.asc
ncols         299
nrows         166
xllcorner     73.39999999851
yllcorner     65.60000000149
cellsize      1
NODATA_value  -9999
[rows 0 to 27 of 166, columns 64 to 127 of 299]
609.8842 609.8831 609.882 609.8798 609.8787 609.8775 609.8763 609.8753 609.873 609.872 609.8708 609.8695 609.8685 609.8663 609.8651 609.8639 609.8627 609.8615 609.8592 609.8582 609.8571 609.8555 609.8544 609.8524 609.8512 609.8499 609.8488 609.8474 609.8453 609.844 609.8428 609.8418 609.84 609.838 609.8365 609.8355 609.8339 609.8326 609.8301 609.8292 609.8279 609.8264 609.8248 609.8231 609.8217 609.8204 609.819 609.817 609.8152 609.814 609.8124 609.8109 609.8096 609.8073 609.8057 609.8047 609.8033 609.8013 609.7993 609.798 609.7965 609.7952 609.7934 609.7914
609.8554 609.8539 609.8521 609.8502 609.8486 609.8467 609.8442 609.8433 609.8423 609.8397 609.8379 609.8347 609.8337 609.8317 609.8298 609.828 609.8259 609.8237 609.8228 609.8199 609.818 609.816 609.8131 609.8121 609.81 609.807 609.8045 609.8026 609.8004 609.7985 609.7953 609.7944 609.791 609.7887 609.7875 609.7839 609.7807 609.7791 609.7776 609.7739 609.7722 609.7696 609.7669 609.7637 609.761 609.7584 609.7554 609.7512 609.7498 609.7476 609.7438 609.7416 609.7394 609.7353 609.7317 609.7302 609.7277 609.7253 609.7205 609.718 609.715 609.7133 609.7095 609.706
609.8265 609.8255 609.8221 609.8203 609.8185 609.8158 609.8139 609.8112 609.8102 609.8063 609.8054 609.8016 609.7988 609.7961 609.7952 609.7925 609.7894 609.7859 609.785 609.7806 609.7797 609.7766 609.7717 609.7708 609.7682 609.7656 609.762 609.7593 609.7546 609.7518 609.7488 609.7471 609.7418 609.7385 609.7377 609.7331 609.7286 609.7254 609.7245 609.718 609.7165 609.7123 609.7083 609.7041 609.6998 609.6968 609.6936 609.689 609.6841 609.6813 609.6756 609.6721 609.6691 609.6633 609.66 609.6557 609.6521 609.6487 609.642 609.6387 609.6335 609.6323 609.6252 609.621
609.7972 609.7963 609.793 609.7914 609.7878 609.7856 609.7822 609.7799 609.7781 609.7729 609.772 609.7689 609.7648 609.7631 609.7597 609.7562 609.7526 609.749 609.7472 609.7413 609.7404 609.7374 609.7311 609.7294 609.7261 609.7228 609.7194 609.7154 609.7116 609.708 609.7014 609.7004 609.6945 609.6901 609.6876 609.6815 609.68 609.6718 609.6708 609.6619 609.6611 609.6567 609.6498 609.6442 609.642 609.6372 609.631 609.6264 609.618 609.6144 609.6101 609.6028 609.5986 609.5908 609.587 609.5817 609.5765 609.572 609.5628 609.5606 609.5526 609.5512 609.541 609.5355
609.772 609.7672 609.7661 609.7621 609.7581 609.7555 609.7521 609.7478 609.7469 609.7441 609.7393 609.7349 609.7299 609.7291 609.7245 609.7205 609.7155 609.7111 609.7101 609.7055 609.7012 609.6975 609.6934 609.6888 609.684 609.68 609.6758 609.6718 609.6671 609.6622 609.6578 609.6531 609.6487 609.641 609.6374 609.6298 609.629 609.6187 609.6172 609.6058 609.605 609.6011 609.5919 609.5843 609.5835 609.5764 609.5688 609.5639 609.552 609.5476 609.545 609.5352 609.5282 609.5206 609.5163 609.5074 609.5021 609.4954 609.4836 609.4825 609.4711 609.4698 609.4598 609.45
609.7439 609.7384 609.7371 609.7321 609.7278 609.7266 609.7216 609.718 609.7148 609.7139 609.7062 609.7049 609.6962 609.6942 609.6894 609.6857 609.683 609.6777 609.6723 609.671 609.6626 609.6611 609.6552 609.6473 609.646 609.6393 609.6333 609.6276 609.6225 609.6171 609.6118 609.6057 609.6047 609.5941 609.5875 609.582 609.5775 609.5659 609.5637 609.5551 609.549 609.5447 609.5346 609.527 609.5236 609.515 609.5077 609.5009 609.4866 609.4824 609.4799 609.4692 609.4583 609.4515 609.4451 609.4329 609.4286 609.4188 609.407 609.4039 609.3927 609.3883 609.3788 609.3666
609.7153 609.7093 609.7083 609.703 609.7014 609.6959 609.6917 609.6868 609.6834 609.6819 609.6729 609.6721 609.6669 609.66 609.657 609.653 609.6473 609.6414 609.6348 609.6337 609.6233 609.6225 609.6169 609.6063 609.6051 609.5999 609.594 609.5859 609.5797 609.5714 609.5655 609.559 609.5576 609.5449 609.5378 609.5353 609.5258 609.5148 609.5104 609.5043 609.4936 609.4883 609.4809 609.4721 609.4637 609.4539 609.4483 609.4376 609.4249 609.4194 609.4133 609.4005 609.3887 609.3815 609.3727 609.3583 609.3552 609.3435 609.3328 609.3249 609.3144 609.3069 609.2974 609.2841
609.6876 609.6844 609.679 609.6776 609.6722 609.666 609.662 609.6581 609.6514 609.65 609.6432 609.6387 609.6329 609.6252 609.6238 609.6175 609.611 609.6042 609.5973 609.5958 609.5854 609.5833 609.5779 609.5667 609.5637 609.5577 609.5516 609.5452 609.5385 609.5297 609.5222 609.5116 609.5103 609.4986 609.4897 609.4869 609.4748 609.4667 609.4567 609.4534 609.4374 609.4352 609.4261 609.4155 609.4044 609.3929 609.3863 609.3754 609.3646 609.3536 609.3465 609.3318 609.3223 609.313 609.3003 609.2866 609.2817 609.2696 609.2567 609.2458 609.2361 609.2254 609.2147 609.2017
609.6591 609.6583 609.6504 609.6489 609.6422 609.6354 609.6329 609.6274 609.6215 609.6185 609.6154 609.6061 609.6018 609.591 609.5897 609.5826 609.5754 609.5701 609.5635 609.5587 609.552 609.5443 609.5385 609.5315 609.5229 609.5158 609.5089 609.5018 609.4949 609.4869 609.4792 609.4697 609.4635 609.4528 609.442 609.4368 609.4232 609.4186 609.4036 609.402 609.3813 609.3802 609.3688 609.3569 609.3445 609.3355 609.3252 609.3156 609.3027 609.2878 609.2797 609.2653 609.255 609.2444 609.2283 609.2167 609.2082 609.1956 609.1818 609.1667 609.156 609.1441 609.1322 609.1192
609.6313 609.6298 609.6213 609.6203 609.613 609.6104 609.6039 609.5966 609.5915 609.5864 609.5856 609.5728 609.5719 609.5624 609.5548 609.5482 609.5439 609.538 609.5294 609.5208 609.5186 609.5054 609.5034 609.4946 609.4815 609.4788 609.4687 609.4596 609.4507 609.4425 609.4337 609.4252 609.4161 609.4087 609.3962 609.3867 609.3747 609.3704 609.351 609.3488 609.3314 609.3248 609.3147 609.2988 609.2849 609.2782 609.2667 609.2542 609.2416 609.222 609.2134 609.2009 609.1856 609.1758 609.1564 609.1456 609.1342 609.1217 609.1069 609.088 609.0765 609.0627 609.051 609.0354
609.6033 609.602 609.5969 609.591 609.587 609.582 609.5737 609.5685 609.562 609.5549 609.5535 609.5422 609.5388 609.531 609.5206 609.5182 609.5108 609.5021 609.493 609.4836 609.4824 609.4661 609.4651 609.4576 609.4406 609.4395 609.431 609.4213 609.4097 609.4 609.3882 609.3791 609.3691 609.3646 609.3479 609.337 609.3281 609.3193 609.3018 609.295 609.2806 609.2687 609.2607 609.2435 609.2297 609.2209 609.2082 609.1919 609.1811 609.1588 609.1465 609.1365 609.1192 609.1057 609.0884 609.0747 609.0598 609.0474 609.032 609.0096 608.9984 608.9814 608.97 608.9521
609.581 609.5734 609.5728 609.5623 609.561 609.5523 609.5433 609.5385 609.5329 609.5242 609.5221 609.5144 609.506 609.4979 609.4861 609.4848 609.4753 609.4662 609.4566 609.4478 609.4445 609.4319 609.4262 609.4183 609.4048 609.3981 609.3894 609.3804 609.3705 609.3604 609.3472 609.3362 609.3224 609.3205 609.3017 609.2885 609.2814 609.2678 609.2529 609.2418 609.2297 609.2131 609.2047 609.1899 609.1747 609.1636 609.147 609.133 609.1194 609.0986 609.0835 609.0714 609.0535 609.0355 609.0204 609.004 608.9855 608.972 608.9572 608.9355 608.9203 608.9023 608.8891 608.8712
609.5576 609.5455 609.5443 609.5333 609.5322 609.523 609.5179 609.512 609.5018 609.4961 609.4901 609.4866 609.4727 609.4692 609.457 609.4502 609.4403 609.4327 609.4253 609.416 609.4072 609.3985 609.3874 609.3793 609.3696 609.3571 609.3478 609.3376 609.3278 609.3179 609.307 609.2949 609.2807 609.2735 609.2568 609.2432 609.2347 609.2165 609.2048 609.1881 609.1788 609.1572 609.1497 609.1362 609.1199 609.1044 609.0864 609.0742 609.0563 609.0383 609.0205 609.0062 608.9878 608.9677 608.9518 608.9333 608.9124 608.8986 608.882 608.8613 608.8422 608.824 608.8095 608.7849
609.5302 609.5191 609.5164 609.5094 609.503 609.4965 609.4918 609.4813 609.4755 609.4655 609.4585 609.4573 609.4412 609.4388 609.4286 609.4158 609.4093 609.4021 609.393 609.3814 609.3694 609.3651 609.3481 609.3442 609.3339 609.316 609.3107 609.298 609.2859 609.2738 609.2625 609.2504 609.239 609.2265 609.2127 609.1967 609.186 609.1674 609.1567 609.136 609.128 609.1074 609.0964 609.0825 609.0641 609.0448 609.0291 609.0143 608.9965 608.9781 608.9575 608.941 608.9205 608.9012 608.8832 608.8627 608.8425 608.8251 608.813 608.7559 608.6754 608.5945 608.5322 608.4631
609.5031 609.4968 609.4878 609.4862 609.4742 609.472 609.4624 609.4513 609.445 609.4385 609.4269 609.4252 609.4135 609.4055 609.3951 609.3812 609.3794 609.3686 609.3569 609.3447 609.3322 609.3308 609.3119 609.3079 609.2967 609.2781 609.2734 609.2604 609.2476 609.2335 609.2204 609.2051 609.1927 609.1791 609.1686 609.151 609.1359 609.1207 609.1086 609.0883 609.0771 609.0568 609.0432 609.0267 609.0062 608.9872 608.9717 608.9547 608.9366 608.9173 608.8928 608.8759 608.8561 608.8347 608.816 608.7607 608.6797 608.5997 608.5192 608.4363 608.3557 608.275 608.2061 608.1412
609.4786 609.4743 609.4598 609.4587 609.4454 609.4438 609.4329 609.4255 609.4189 609.4077 609.4003 609.3937 609.3857 609.3727 609.3653 609.3517 609.3456 609.3336 609.3215 609.3118 609.3004 609.2932 609.2784 609.2691 609.2587 609.2429 609.2324 609.221 609.209 609.1943 609.1808 609.1648 609.1501 609.1334 609.1245 609.1047 609.0872 609.0741 609.0604 609.0391 609.0263 609.006 608.9885 608.9727 608.9525 608.9323 608.9144 608.8961 608.8768 608.8568 608.8325 608.8185 608.737 608.6349 608.5443 608.4487 608.3626 608.282 608.2017 608.1168 608.0361 607.9556 607.8801 607.8195
609.4568 609.4471 609.4349 609.4307 609.4219 609.415 609.406 609.4005 609.3894 609.3804 609.369 609.3619 609.3579 609.3403 609.3367 609.3232 609.3109 609.3005 609.2909 609.2805 609.2685 609.2557 609.245 609.2302 609.2202 609.2076 609.1913 609.1797 609.1665 609.1537 609.1409 609.1245 609.1088 609.0917 609.0804 609.061 609.043 609.0275 609.0096 608.991 608.973 608.9551 608.933 608.9186 608.8988 608.8774 608.8571 608.8376 608.821 608.741 608.6392 608.5377 608.4334 608.3317 608.2338 608.1426 608.0541 607.9644 607.8842 607.7974 607.7166 607.636 607.5551 607.498
609.4333 609.42 609.4127 609.4022 609.3987 609.3862 609.3816 609.3725 609.3593 609.3517 609.3431 609.33 609.329 609.3125 609.3055 609.2932 609.2762 609.2705 609.2603 609.2479 609.2334 609.2183 609.2115 609.1919 609.1851 609.1724 609.1515 609.1427 609.1274 609.1122 609.0969 609.0825 609.0674 609.05 609.0363 609.0167 608.9973 608.9808 608.9601 608.9429 608.9211 608.9043 608.8832 608.8646 608.8451 608.8235 608.7645 608.6544 608.5446 608.4438 608.3399 608.2369 608.1354 608.0286 607.9265 607.8403 607.7405 607.6467 607.5667 607.4806 607.397 607.3164 607.2356 607.1729
609.4098 609.3962 609.3903 609.3741 609.3732 609.3575 609.356 609.3426 609.333 609.3245 609.3135 609.303 609.2969 609.2847 609.2726 609.2613 609.2464 609.2405 609.2264 609.2119 609.1982 609.1848 609.1781 609.1584 609.1501 609.1355 609.1162 609.1057 609.0897 609.0738 609.0573 609.0408 609.0226 609.0063 608.9894 608.9726 608.9529 608.9342 608.9135 608.8948 608.8734 608.8535 608.8331 608.7873 608.6898 608.5785 608.4705 608.3649 608.2486 608.1489 608.0451 607.936 607.8346 607.7249 607.623 607.5336 607.4285 607.3364 607.249 607.1685 607.0773 606.9968 606.9161 606.8469
609.3853 609.3744 609.3641 609.3507 609.3449 609.3343 609.3271 609.3156 609.308 609.2974 609.2852 609.2737 609.2653 609.257 609.2393 609.2327 609.2179 609.2061 609.1917 609.1797 609.167 609.1529 609.1419 609.125 609.112 609.099 609.0809 609.0668 609.0521 609.0355 609.0181 609.0012 608.9824 608.9642 608.9445 608.9285 608.9078 608.886 608.8668 608.8466 608.828 608.7528 608.6224 608.5033 608.4001 608.293 608.1765 608.0778 607.9586 607.8524 607.7489 607.6398 607.5337 607.4301 607.3198 607.223 607.1224 607.0327 606.9313 606.8511 606.7579 606.6772 606.5967 606.5208
609.3599 609.3525 609.337 609.3284 609.3167 609.3112 609.2982 609.2911 609.2822 609.2672 609.2583 609.2466 609.2335 609.2292 609.2115 609.2041 609.1894 609.1716 609.1617 609.1491 609.1357 609.121 609.1043 609.0916 609.0729 609.0612 609.0457 609.0257 609.0117 608.9953 608.9789 608.9615 608.9421 608.9229 608.9027 608.8845 608.8646 608.8418 608.8166 608.7006 608.577 608.4695 608.3497 608.2203 608.1108 608.0128 607.8922 607.7838 607.6691 607.5563 607.4543 607.3405 607.2328 607.1314 607.0164 606.9146 606.8226 606.7203 606.6138 606.5336 606.4395 606.3576 606.2771 606.1961
609.3383 609.3279 609.3138 609.3062 609.2888 609.2876 609.27 609.2666 609.2526 609.2406 609.2301 609.2191 609.2057 609.2006 609.1837 609.1722 609.1573 609.1411 609.1317 609.1185 609.1027 609.0851 609.0691 609.0581 609.0384 609.0261 609.0104 608.9896 608.9747 608.9567 608.9384 608.9202 608.9019 608.8815 608.861 608.8403 608.7918 608.6588 608.5468 608.4214 608.3027 608.1862 608.077 607.9405 607.8231 607.7241 607.6066 607.4898 607.3876 607.2629 607.1605 607.054 606.9352 606.8305 606.7192 606.6111 606.5203 606.4083 606.3101 606.216 606.1274 606.038 605.9575 605.8766
609.3124 609.3054 609.2919 609.2812 609.2665 609.2591 609.2468 609.239 609.225 609.2156 609.2048 609.1901 609.1783 609.1689 609.1559 609.1392 609.1287 609.1125 609.1013 609.0844 609.0685 609.0535 609.0372 609.0247 609.0049 608.991 608.9744 608.9543 608.9376 608.9191 608.9001 608.881 608.8611 608.8401 608.7934 608.6594 608.5249 608.3904 608.2694 608.1454 608.0295 607.903 607.7955 607.6677 607.5401 607.4344 607.3304 607.2058 607.097 606.9734 606.864 606.7579 606.6396 606.5297 606.4268 606.308 606.2123 606.1039 606.0063 605.8983 605.8154 605.7184 605.6379 605.5572
609.2864 609.279 609.2701 609.2539 609.2443 609.2311 609.2236 609.2101 609.2006 609.1906 609.1752 609.1642 609.1501 609.1371 609.1282 609.1105 609.1001 609.084 609.0668 609.0528 609.0379 609.0222 609.0054 608.9905 608.9715 608.9549 608.9385 608.919 608.9005 608.8814 608.8618 608.8419 608.795 608.6614 608.5269 608.3924 608.2588 608.1242 607.992 607.8772 607.7502 607.628 607.5122 607.3951 607.2585 607.1451 607.0474 606.9203 606.8031 606.6905 606.568 606.465 606.3543 606.2288 606.1274 606.0084 605.9027 605.8049 605.7002 605.5875 605.5005 605.399 605.3183 605.2377
609.2604 609.2573 609.2461 609.2313 609.222 609.2047 609.2004 609.1824 609.1761 609.1627 609.1481 609.1357 609.1243 609.1085 609.1004 609.0828 609.0715 609.0553 609.0357 609.0228 609.0073 608.9909 608.9736 608.9534 608.938 608.9183 608.902 608.8838 608.8629 608.8437 608.7974 608.6628 608.5284 608.3945 608.2603 608.1258 607.9918 607.8574 607.7229 607.6027 607.4742 607.3583 607.2289 607.1215 606.9858 606.8599 606.7584 606.6447 606.5195 606.4103 606.2776 606.1721 606.062 605.9395 605.8265 605.7159 605.5993 605.5042 605.3881 605.2838 605.183 605.0864 604.9987 604.9182
609.2378 609.2332 609.2238 609.2095 609.1982 609.1824 609.1735 609.1592 609.1509 609.1345 609.1231 609.1105 609.095 609.0819 609.0723 609.055 609.0391 609.0248 609.0072 608.9929 608.9767 608.9576 608.9399 608.9216 608.9046 608.8849 608.8669 608.8485 608.7991 608.6646 608.5309 608.3963 608.2619 608.1274 607.9938 607.8594 607.7249 607.5911 607.4566 607.3253 607.2061 607.079 606.9532 606.8382 606.7132 606.5769 606.4686 606.3656 606.2339 606.1164 605.9934 605.8757 605.7687 605.6495 605.5256 605.4236 605.2975 605.1998 605.0862 604.9801 604.8653 604.7743 604.6791 604.5986
609.2171 609.2072 609.1987 609.1877 609.1708 609.1601 609.1456 609.1361 609.1219 609.1101 609.0981 609.0829 609.069 609.0536 609.0405 609.0272 609.0095 608.9962 608.9788 608.962 608.944 608.9267 608.9086 608.8898 608.8712 608.8514 608.831 608.6785 608.5361 608.4002 608.2638 608.1298 607.9953 607.861 607.7269 607.5928 607.4583 607.3241 607.1899 607.0554 606.936 606.803 606.6836 606.5549 606.4407 606.3038 606.1797 606.0818 605.959 605.8323 605.7152 605.5818 605.4757 605.3671 605.2349 605.1235 605.0051 604.8909 604.7872 604.6764 604.5612 604.4622 604.3595 604.279
609.1965 609.181 609.1761 609.1644 609.1489 609.1378 609.1205 609.1129 609.0949 609.0856 609.0726 609.0557 609.0414 609.0278 609.0111 608.9995 608.9818 608.9675 608.9503 608.9304 608.914 608.8961 608.8774 608.8579 608.8425 608.723 608.5784 608.4259 608.2734 608.1381 608.0013 607.8632 607.7288 607.5944 607.4599 607.3262 607.1918 607.0573 606.9235 606.789 606.6586 606.5349 606.4078 606.2785 606.1642 606.0313 605.8967 605.7926 605.6838 605.5476 605.4297 605.2964 605.1828 605.0723 604.9449 604.8224 604.7127 604.5874 604.4881 604.3679 604.2575 604.15 604.0453 603.9594
