SIN0=(0.6823358496602171,1.0,2.2,MASK0)
SIN1=(0.17352277557395984,2.0,-1.74,MASK0)
SIN2=(0.2638485551565354,3.0,-2.28,MASK0)
SIN3=(0.31595179070779156,4.0,-0.07,MASK0)
SIN4=(0.3182607338686364,5.0,0.65,MASK0)
SIN5=(0.06855244819291142,6.0,-0.14,MASK0)
SIN6=(0.3920361637039592,10.0,2.49,MASK0)
SIN7=(0.21904934605805015,11.0,-2.52,MASK0)
SIN8=(0.09476864406615945,12.0,-1.06,MASK0)
SIN9=(0.06373128723401006,17.0,0.64,MASK0)
SIN10=(0.39203616370395916,10.0,2.49,MASK0)
SIN11=(0.24486531863011116,9.0,1.17,MASK0)
SIN12=(0.04897522108278163,8.0,0.61,MASK0)
SIN13=(0.3159517907077912,4.0,-0.07,MASK0)
SIN14=(0.2638485551565354,3.0,-2.28,MASK0)
SIN15=(0.1735227755739598,2.0,-1.74,MASK0)
SIN16=(0.6823358496602174,1.0,2.2,MASK0)

