SIN0=(0.34297614989446273,1.0,2.74,MASK0)
SIN1=(0.36873015009414517,2.0,-1.9,MASK0)
SIN2=(0.27297965400991653,3.0,-1.99,MASK0)
SIN3=(0.11408744573356744,4.0,0.97,MASK0)
SIN4=(0.2566091651652367,5.0,0.39,MASK0)
SIN5=(0.13251184869159255,6.0,-0.44,MASK0)
SIN6=(0.04883277555573576,7.0,-1.94,MASK0)
SIN7=(0.106165890392388,8.0,1.98,MASK0)
SIN8=(0.04709756515271318,9.0,1.04,MASK0)
SIN9=(0.0844565932554758,10.0,0.67,MASK0)
SIN10=(0.04719711525653088,11.0,1.99,MASK0)
SIN11=(0.07190977717017047,12.0,-2.94,MASK0)
SIN12=(0.03527658924359464,13.0,-2.07,MASK0)
SIN13=(0.08445659325547589,10.0,0.67,MASK0)
SIN14=(0.047097565152713225,9.0,1.04,MASK0)
SIN15=(0.10616589039238797,8.0,1.98,MASK0)
SIN16=(0.048832775555735806,7.0,-1.94,MASK0)
SIN17=(0.13251184869159266,6.0,-0.44,MASK0)
SIN18=(0.25660916516523635,5.0,0.39,MASK0)
SIN19=(0.11408744573356748,4.0,0.97,MASK0)
SIN20=(0.2729796540099164,3.0,-1.99,MASK0)
SIN21=(0.3687301500941451,2.0,-1.9,MASK0)
SIN22=(0.3429761498944627,1.0,2.74,MASK0)

