SIN0=(0.6823358496602171,1.0,2.2,MASK0)
SIN1=(0.17352277557395984,2.0,-1.74,MASK0)
SIN2=(0.2638485551565354,3.0,-2.28,MASK0)
SIN3=(0.31595179070779156,4.0,-0.07,MASK0)
SIN4=(0.3182607338686364,5.0,0.65,MASK0)
SIN5=(0.06855244819291142,6.0,-0.14,MASK0)
SIN6=(0.0504408722266056,6.5,-2.88,MASK0)
SIN7=(0.04897522108278182,8.0,0.61,MASK0)
SIN8=(0.24486531863011116,9.0,1.17,MASK0)
SIN9=(0.3920361637039592,10.0,2.49,MASK0)
SIN10=(0.21904934605805015,11.0,-2.52,MASK0)
SIN11=(0.09476864406615945,12.0,-1.06,MASK0)
SIN12=(0.04431886141656918,13.0,2.36,MASK0)
SIN13=(0.022519931777345858,13.5,-2.78,MASK0)
SIN14=(0.21904934605805015,11.0,-2.52,MASK0)
SIN15=(0.39203616370395916,10.0,2.49,MASK0)
SIN16=(0.24486531863011116,9.0,1.17,MASK0)
SIN17=(0.04897522108278163,8.0,0.61,MASK0)
SIN18=(0.05044087222660555,6.5,-2.88,MASK0)
SIN19=(0.06855244819291173,6.0,-0.14,MASK0)
SIN20=(0.3182607338686363,5.0,0.65,MASK0)
SIN21=(0.3159517907077912,4.0,-0.07,MASK0)
SIN22=(0.2638485551565354,3.0,-2.28,MASK0)
SIN23=(0.1735227755739598,2.0,-1.74,MASK0)
SIN24=(0.6823358496602174,1.0,2.2,MASK0)

