SIN0=(0.06533175190521791,1.0,1.99,MASK0)
SIN1=(0.07011400839026213,2.0,0.87,MASK0)
SIN2=(0.07248091495875483,3.0,1.86,MASK0)
SIN3=(0.055990531833117266,4.0,-0.15,MASK0)
SIN4=(0.06228343788071945,5.0,-1.79,MASK0)
SIN5=(0.06613853782410861,6.0,3.11,MASK0)
SIN6=(0.01361225342972883,7.0,-2.07,MASK0)
SIN7=(0.054437970747374,8.0,-0.64,MASK0)
SIN8=(0.042284913889543065,9.0,-0.6,MASK0)
SIN9=(0.019345187662625843,9.5,0.37,MASK0)
SIN10=(0.012459837593769552,11.0,-0.6,MASK0)
SIN11=(0.03936424012599055,12.0,0.16,MASK0)
SIN12=(0.01810933187209646,12.5,3.06,MASK0)
SIN13=(0.017571241611942085,13.5,2.67,MASK0)
SIN14=(0.007400759287526679,15.0,-0.85,MASK0)
SIN15=(0.03936424012599056,12.0,0.16,MASK0)
SIN16=(0.01245983759376955,11.0,-0.6,MASK0)
SIN17=(0.019345187662625843,9.5,0.37,MASK0)
SIN18=(0.04228491388954307,9.0,-0.6,MASK0)
SIN19=(0.05443797074737403,8.0,-0.64,MASK0)
SIN20=(0.013612253429728837,7.0,-2.07,MASK0)
SIN21=(0.06613853782410856,6.0,3.11,MASK0)
SIN22=(0.06228343788071948,5.0,-1.79,MASK0)
SIN23=(0.055990531833117224,4.0,-0.15,MASK0)
SIN24=(0.07248091495875479,3.0,1.86,MASK0)
SIN25=(0.0701140083902621,2.0,0.87,MASK0)
SIN26=(0.0653317519052179,1.0,1.99,MASK0)

