sfe221_gcs_analysis/sfe_221.asc
ncols         520
nrows         145
xllcorner     987.73104904869
yllcorner     951.22763624712
cellsize      0.4
NODATA_value  -9999
[rows 116 to 144 of 145, columns 198 to 263 of 520]
1001.08 1001.1 1001.125 1001.145 1001.165 1001.195 1001.235 1001.23 1001.21 1001.155 1001.11 1001.085 1001.085 1001.08 1001.075 1001.075 1001.07 1001.065 1001.05 1001.025 1000.995 1000.98 1000.97 1000.96 1000.93 1000.88 1000.82 1000.76 1000.71 1000.685 1000.645 1000.59 1000.53 1000.475 1000.44 1000.355 1000.305 1000.295 1000.3 1000.305 1000.305 1000.34 1000.405 1000.475 1000.555 1000.65 1000.76 1000.855 1000.95 1001.05 1001.165 1001.265 1001.33 1001.4 1001.48 1001.51 1001.545 1001.58 1001.69 1001.795 1001.895 1001.965 1002.03 1002.09 1002.15 1002.21
1001.07 1001.09 1001.11 1001.13 1001.155 1001.15 1001.165 1001.14 1001.12 1001.1 1001.045 1001.025 1001.015 1001.025 1001.025 1001.02 1001.01 1000.995 1000.975 1000.955 1000.93 1000.93 1000.92 1000.915 1000.89 1000.845 1000.785 1000.73 1000.685 1000.655 1000.605 1000.56 1000.5 1000.465 1000.425 1000.355 1000.33 1000.325 1000.33 1000.335 1000.355 1000.395 1000.455 1000.525 1000.61 1000.695 1000.8 1000.89 1000.98 1001.09 1001.23 1001.3 1001.375 1001.455 1001.51 1001.535 1001.58 1001.68 1001.79 1001.905 1001.985 1002.045 1002.105 1002.165 1002.225 1002.285
1001.05 1001.07 1001.095 1001.12 1001.14 1001.12 1001.09 1001.055 1001.035 1001.035 1001.005 1000.99 1000.985 1000.985 1000.985 1000.975 1000.96 1000.945 1000.925 1000.905 1000.9 1000.895 1000.89 1000.87 1000.85 1000.805 1000.755 1000.7 1000.655 1000.615 1000.57 1000.54 1000.505 1000.465 1000.42 1000.38 1000.36 1000.355 1000.365 1000.375 1000.405 1000.45 1000.51 1000.575 1000.65 1000.74 1000.835 1000.955 1001.12 1001.21 1001.275 1001.355 1001.435 1001.505 1001.54 1001.59 1001.685 1001.805 1001.905 1001.995 1002.06 1002.12 1002.18 1002.24 1002.3 1002.36
1001.035 1001.06 1001.08 1001.1 1001.11 1001.09 1001.045 1001.01 1001 1001.01 1001.005 1000.985 1000.965 1000.96 1000.955 1000.945 1000.93 1000.915 1000.895 1000.885 1000.88 1000.875 1000.86 1000.83 1000.8 1000.765 1000.72 1000.67 1000.63 1000.6 1000.575 1000.545 1000.51 1000.475 1000.44 1000.41 1000.395 1000.405 1000.405 1000.41 1000.445 1000.505 1000.565 1000.635 1000.685 1000.77 1000.915 1001.17 1001.275 1001.345 1001.39 1001.435 1001.485 1001.555 1001.61 1001.69 1001.795 1001.905 1002.005 1002.08 1002.14 1002.2 1002.26 1002.32 1002.38 1002.44
1001.02 1001.04 1001.06 1001.07 1001.075 1001.06 1001.025 1000.985 1000.99 1000.995 1001 1000.975 1000.955 1000.945 1000.935 1000.92 1000.905 1000.895 1000.88 1000.87 1000.865 1000.845 1000.815 1000.785 1000.755 1000.725 1000.69 1000.655 1000.625 1000.6 1000.575 1000.55 1000.535 1000.51 1000.48 1000.455 1000.46 1000.46 1000.455 1000.455 1000.505 1000.575 1000.64 1000.69 1000.74 1000.94 1001.265 1001.4 1001.465 1001.455 1001.5 1001.55 1001.6 1001.655 1001.725 1001.8 1001.9 1002.01 1002.095 1002.155 1002.215 1002.275 1002.335 1002.395 1002.455 1002.515
1001.005 1001.015 1001.02 1001.025 1001.03 1001.025 1000.985 1000.965 1000.955 1000.97 1000.955 1000.935 1000.925 1000.915 1000.905 1000.895 1000.905 1000.895 1000.895 1000.88 1000.86 1000.83 1000.8 1000.77 1000.74 1000.715 1000.69 1000.67 1000.63 1000.61 1000.605 1000.595 1000.58 1000.56 1000.54 1000.525 1000.535 1000.53 1000.515 1000.525 1000.58 1000.645 1000.715 1000.83 1000.97 1001.335 1001.42 1001.5 1001.51 1001.57 1001.615 1001.665 1001.72 1001.78 1001.84 1001.91 1002.005 1002.105 1002.17 1002.23 1002.29 1002.35 1002.41 1002.47 1002.53 1002.59
1000.99 1000.985 1000.985 1000.975 1000.985 1000.975 1000.95 1000.935 1000.925 1000.915 1000.905 1000.89 1000.9 1000.895 1000.9 1000.9 1000.91 1000.92 1000.915 1000.895 1000.875 1000.855 1000.805 1000.78 1000.75 1000.73 1000.725 1000.69 1000.67 1000.66 1000.65 1000.64 1000.63 1000.6 1000.6 1000.605 1000.605 1000.595 1000.605 1000.62 1000.665 1000.72 1000.76 1000.91 1001.35 1001.43 1001.44 1001.52 1001.595 1001.655 1001.725 1001.78 1001.84 1001.9 1001.955 1002.02 1002.11 1002.19 1002.25 1002.31 1002.37 1002.43 1002.49 1002.55 1002.61 1002.67
1000.99 1000.98 1000.965 1000.96 1000.955 1000.95 1000.935 1000.93 1000.91 1000.885 1000.875 1000.89 1000.91 1000.92 1000.925 1000.925 1000.93 1000.935 1000.93 1000.915 1000.91 1000.87 1000.82 1000.79 1000.765 1000.77 1000.755 1000.735 1000.72 1000.705 1000.695 1000.69 1000.675 1000.67 1000.67 1000.665 1000.655 1000.66 1000.665 1000.715 1000.705 1000.735 1000.865 1001.365 1001.525 1001.505 1001.515 1001.585 1001.68 1001.76 1001.835 1001.895 1001.955 1002.015 1002.07 1002.135 1002.205 1002.265 1002.325 1002.385 1002.445 1002.505 1002.565 1002.625 1002.69 1002.75
1000.995 1000.985 1000.965 1000.95 1000.93 1000.935 1000.945 1000.945 1000.91 1000.88 1000.875 1000.91 1000.94 1000.955 1000.955 1000.955 1000.95 1000.95 1000.94 1000.935 1000.925 1000.875 1000.835 1000.81 1000.805 1000.805 1000.78 1000.755 1000.74 1000.74 1000.735 1000.735 1000.725 1000.73 1000.715 1000.71 1000.7 1000.695 1000.725 1000.77 1000.825 1000.87 1001.395 1001.565 1001.57 1001.595 1001.61 1001.715 1001.82 1001.885 1001.945 1002.005 1002.065 1002.125 1002.185 1002.225 1002.28 1002.34 1002.4 1002.46 1002.52 1002.58 1002.64 1002.705 1002.765 1002.802
1000.97 1000.95 1000.95 1000.935 1000.92 1000.93 1000.955 1000.94 1000.92 1000.91 1000.91 1000.945 1000.975 1000.985 1000.96 1000.955 1000.935 1000.93 1000.93 1000.92 1000.905 1000.895 1000.845 1000.835 1000.845 1000.825 1000.795 1000.77 1000.765 1000.765 1000.765 1000.77 1000.78 1000.785 1000.76 1000.755 1000.745 1000.73 1000.755 1000.915 1001.085 1001.415 1001.575 1001.64 1001.65 1001.68 1001.75 1001.845 1001.935 1001.995 1002.055 1002.115 1002.16 1002.21 1002.255 1002.3 1002.36 1002.42 1002.48 1002.54 1002.6 1002.66 1002.72 1002.78 1002.803 1002.806
1000.885 1000.9 1000.9 1000.895 1000.895 1000.915 1000.935 1000.935 1000.93 1000.93 1000.945 1000.965 1000.975 1000.96 1000.935 1000.91 1000.89 1000.895 1000.9 1000.89 1000.88 1000.87 1000.845 1000.835 1000.845 1000.82 1000.79 1000.785 1000.785 1000.79 1000.795 1000.815 1000.84 1000.84 1000.825 1000.815 1000.825 1000.805 1000.885 1001.21 1001.275 1001.535 1001.66 1001.745 1001.78 1001.815 1001.895 1001.985 1002.045 1002.105 1002.165 1002.215 1002.245 1002.28 1002.32 1002.38 1002.44 1002.5 1002.56 1002.62 1002.68 1002.74 1002.8 1002.804 1002.808 1002.811
1000.8 1000.81 1000.82 1000.83 1000.845 1000.88 1000.9 1000.91 1000.915 1000.92 1000.925 1000.925 1000.915 1000.895 1000.87 1000.85 1000.845 1000.845 1000.85 1000.85 1000.85 1000.85 1000.835 1000.815 1000.805 1000.785 1000.77 1000.78 1000.795 1000.815 1000.83 1000.835 1000.865 1000.865 1000.86 1000.855 1001.05 1001.15 1001.43 1001.5 1001.545 1001.645 1001.745 1001.83 1001.9 1001.945 1002.03 1002.095 1002.155 1002.195 1002.245 1002.275 1002.305 1002.345 1002.395 1002.455 1002.515 1002.575 1002.635 1002.695 1002.755 1002.801 1002.805 1002.809 1002.812 1002.816
1000.695 1000.71 1000.72 1000.735 1000.765 1000.8 1000.825 1000.845 1000.855 1000.86 1000.865 1000.865 1000.855 1000.83 1000.815 1000.8 1000.795 1000.805 1000.805 1000.825 1000.83 1000.825 1000.815 1000.785 1000.75 1000.735 1000.72 1000.74 1000.78 1000.81 1000.83 1000.83 1000.84 1000.845 1000.92 1001.04 1001.26 1001.48 1001.57 1001.64 1001.7 1001.765 1001.86 1001.955 1001.995 1002.075 1002.145 1002.2 1002.235 1002.27 1002.305 1002.335 1002.365 1002.41 1002.47 1002.53 1002.59 1002.65 1002.71 1002.77 1002.802 1002.806 1002.81 1002.814 1002.817 1002.821
1000.585 1000.595 1000.615 1000.635 1000.68 1000.73 1000.76 1000.78 1000.795 1000.8 1000.81 1000.81 1000.795 1000.78 1000.76 1000.75 1000.755 1000.765 1000.795 1000.81 1000.815 1000.805 1000.775 1000.73 1000.695 1000.675 1000.675 1000.71 1000.74 1000.775 1000.79 1000.795 1000.815 1000.955 1001.09 1001.25 1001.44 1001.54 1001.635 1001.725 1001.81 1001.895 1001.96 1002.035 1002.115 1002.19 1002.235 1002.265 1002.295 1002.33 1002.365 1002.395 1002.43 1002.49 1002.55 1002.61 1002.67 1002.73 1002.79 1002.803 1002.807 1002.811 1002.815 1002.818 1002.819 1002.818
1000.46 1000.485 1000.49 1000.55 1000.61 1000.665 1000.695 1000.72 1000.735 1000.745 1000.755 1000.76 1000.74 1000.72 1000.71 1000.71 1000.745 1000.77 1000.79 1000.8 1000.795 1000.765 1000.73 1000.7 1000.665 1000.665 1000.68 1000.71 1000.725 1000.735 1000.79 1000.81 1000.965 1001.115 1001.265 1001.42 1001.5 1001.605 1001.705 1001.795 1001.88 1001.96 1002.045 1002.125 1002.205 1002.26 1002.295 1002.325 1002.355 1002.39 1002.425 1002.455 1002.505 1002.565 1002.625 1002.685 1002.745 1002.801 1002.804 1002.808 1002.812 1002.816 1002.816 1002.815 1002.815 1002.817
1000.375 1000.395 1000.365 1000.425 1000.535 1000.595 1000.635 1000.66 1000.675 1000.685 1000.7 1000.69 1000.675 1000.675 1000.685 1000.715 1000.745 1000.77 1000.78 1000.78 1000.76 1000.745 1000.735 1000.715 1000.7 1000.71 1000.745 1000.76 1000.77 1000.78 1000.815 1000.97 1001.12 1001.27 1001.42 1001.515 1001.595 1001.67 1001.77 1001.86 1001.945 1002.03 1002.11 1002.195 1002.26 1002.315 1002.355 1002.385 1002.415 1002.45 1002.485 1002.52 1002.58 1002.64 1002.7 1002.76 1002.802 1002.805 1002.809 1002.813 1002.814 1002.813 1002.813 1002.816 1002.816 1002.815
1000.365 1000.355 1000.32 1000.405 1000.485 1000.565 1000.605 1000.635 1000.65 1000.67 1000.675 1000.68 1000.685 1000.705 1000.735 1000.76 1000.805 1000.82 1000.815 1000.81 1000.805 1000.795 1000.79 1000.805 1000.8 1000.835 1000.88 1000.925 1000.935 1000.94 1001.01 1001.12 1001.27 1001.42 1001.56 1001.635 1001.68 1001.755 1001.83 1001.925 1002.015 1002.095 1002.18 1002.245 1002.315 1002.375 1002.415 1002.445 1002.475 1002.51 1002.545 1002.6 1002.66 1002.72 1002.78 1002.803 1002.806 1002.81 1002.811 1002.81 1002.812 1002.814 1002.813 1002.812 1002.812 -9999
1000.355 1000.36 1000.38 1000.44 1000.51 1000.575 1000.635 1000.655 1000.675 1000.695 1000.72 1000.735 1000.76 1000.795 1000.855 1000.905 1000.945 1000.965 1000.955 1000.945 1000.935 1000.925 1000.915 1000.94 1000.98 1001.02 1001.06 1001.105 1001.14 1001.16 1001.2 1001.275 1001.425 1001.575 1001.7 1001.755 1001.8 1001.845 1001.915 1001.995 1002.085 1002.165 1002.235 1002.305 1002.365 1002.43 1002.475 1002.505 1002.535 1002.575 1002.62 1002.68 1002.74 1002.8 1002.804 1002.808 1002.809 1002.808 1002.811 1002.812 1002.811 1002.81 -9999 -9999 -9999 -9999
1000.425 1000.455 1000.49 1000.55 1000.61 1000.67 1000.715 1000.755 1000.79 1000.815 1000.84 1000.87 1000.905 1000.96 1001.015 1001.075 1001.13 1001.145 1001.135 1001.125 1001.115 1001.115 1001.12 1001.15 1001.18 1001.21 1001.255 1001.295 1001.34 1001.365 1001.39 1001.43 1001.58 1001.73 1001.82 1001.875 1001.92 1001.96 1002.015 1002.06 1002.15 1002.225 1002.295 1002.36 1002.425 1002.49 1002.535 1002.565 1002.595 1002.64 1002.695 1002.755 1002.801 1002.805 1002.806 1002.807 1002.809 1002.809 1002.808 -9999 -9999 -9999 -9999 -9999 -9999 -9999
1000.63 1000.65 1000.68 1000.71 1000.77 1000.835 1000.89 1000.935 1000.97 1001.005 1001.035 1001.07 1001.105 1001.145 1001.195 1001.25 1001.3 1001.325 1001.315 1001.305 1001.295 1001.3 1001.33 1001.36 1001.39 1001.42 1001.46 1001.49 1001.53 1001.57 1001.59 1001.615 1001.73 1001.875 1001.95 1002 1002.04 1002.085 1002.13 1002.175 1002.21 1002.285 1002.345 1002.415 1002.475 1002.54 1002.59 1002.625 1002.655 1002.71 1002.77 1002.802 1002.803 1002.806 1002.807 1002.807 -9999 -9999 -9999 -9999 -9999 -9999 -9999 -9999 -9999 -9999
1000.895 1000.9 1000.9 1000.93 1000.965 1001.02 1001.08 1001.125 1001.17 1001.205 1001.235 1001.27 1001.295 1001.33 1001.365 1001.42 1001.48 1001.505 1001.495 1001.485 1001.48 1001.51 1001.54 1001.57 1001.6 1001.64 1001.67 1001.7 1001.73 1001.765 1001.805 1001.84 1001.915 1002.015 1002.075 1002.12 1002.16 1002.205 1002.245 1002.28 1002.32 1002.365 1002.42 1002.47 1002.535 1002.6 1002.65 1002.685 1002.73 1002.79 1002.802 1002.804 1002.805 -9999 -9999 -9999 -9999 -9999 -9999 -9999 -9999 -9999 -9999 -9999 -9999 -9999
1001.155 1001.155 1001.16 1001.16 1001.185 1001.215 1001.265 1001.32 1001.37 1001.4 1001.435 1001.465 1001.495 1001.525 1001.56 1001.605 1001.655 1001.68 1001.675 1001.665 1001.69 1001.72 1001.75 1001.78 1001.82 1001.85 1001.88 1001.91 1001.94 1001.97 1002 1002.035 1002.095 1002.15 1002.195 1002.235 1002.27 1002.31 1002.345 1002.385 1002.425 1002.46 1002.5 1002.55 1002.6 1002.655 1002.705 1002.75 1002.801 1002.803 -9999 -9999 -9999 -9999 -9999 -9999 -9999 -9999 -9999 -9999 -9999 -9999 -9999 -9999 -9999 -9999
1001.41 1001.415 1001.42 1001.42 1001.42 1001.44 1001.47 1001.51 1001.565 1001.6 1001.635 1001.665 1001.695 1001.725 1001.75 1001.785 1001.825 1001.855 1001.855 1001.87 1001.9 1001.93 1001.96 1002 1002.03 1002.06 1002.09 1002.115 1002.14 1002.165 1002.185 1002.215 1002.25 1002.29 1002.325 1002.36 1002.395 1002.435 1002.47 1002.505 1002.54 1002.58 1002.615 1002.65 1002.69 1002.735 1002.78 -9999 -9999 -9999 -9999 -9999 -9999 -9999 -9999 -9999 -9999 -9999 -9999 -9999 -9999 -9999 -9999 -9999 -9999 -9999
1001.67 1001.675 1001.675 1001.68 1001.68 1001.68 1001.69 1001.725 1001.75 1001.8 1001.835 1001.865 1001.89 1001.915 1001.945 1001.975 1002.015 1002.035 1002.05 1002.08 1002.11 1002.135 1002.165 1002.19 1002.215 1002.235 1002.255 1002.275 1002.295 1002.315 1002.345 1002.375 1002.415 1002.445 1002.485 1002.515 1002.55 1002.585 1002.62 1002.655 1002.69 1002.725 1002.76 1002.795 -9999 -9999 -9999 -9999 -9999 -9999 -9999 -9999 -9999 -9999 -9999 -9999 -9999 -9999 -9999 -9999 -9999 -9999 -9999 -9999 -9999 -9999
1001.93 1001.93 1001.935 1001.94 1001.94 1001.94 1001.94 1001.945 1001.98 1002 1002.035 1002.055 1002.085 1002.115 1002.14 1002.165 1002.19 1002.205 1002.23 1002.255 1002.275 1002.295 1002.31 1002.33 1002.345 1002.365 1002.385 1002.41 1002.435 1002.475 1002.505 1002.54 1002.575 1002.61 1002.645 1002.675 1002.715 1002.75 1002.785 -9999 -9999 -9999 -9999 -9999 -9999 -9999 -9999 -9999 -9999 -9999 -9999 -9999 -9999 -9999 -9999 -9999 -9999 -9999 -9999 -9999 -9999 -9999 -9999 -9999 -9999 -9999
1002.165 1002.165 1002.17 1002.175 1002.175 1002.175 1002.175 1002.18 1002.18 1002.18 1002.21 1002.23 1002.255 1002.275 1002.29 1002.31 1002.325 1002.345 1002.36 1002.38 1002.4 1002.415 1002.435 1002.455 1002.475 1002.5 1002.53 1002.565 1002.6 1002.635 1002.665 1002.705 1002.74 1002.775 -9999 -9999 -9999 -9999 -9999 -9999 -9999 -9999 -9999 -9999 -9999 -9999 -9999 -9999 -9999 -9999 -9999 -9999 -9999 -9999 -9999 -9999 -9999 -9999 -9999 -9999 -9999 -9999 -9999 -9999 -9999 -9999
1002.35 1002.35 1002.355 1002.355 1002.355 1002.355 1002.355 1002.36 1002.36 1002.36 1002.365 1002.375 1002.385 1002.395 1002.415 1002.435 1002.455 1002.47 1002.49 1002.505 1002.525 1002.545 1002.565 1002.6 1002.625 1002.655 1002.695 1002.725 1002.76 -9999 -9999 -9999 -9999 -9999 -9999 -9999 -9999 -9999 -9999 -9999 -9999 -9999 -9999 -9999 -9999 -9999 -9999 -9999 -9999 -9999 -9999 -9999 -9999 -9999 -9999 -9999 -9999 -9999 -9999 -9999 -9999 -9999 -9999 -9999 -9999 -9999
1002.505 1002.505 1002.51 1002.51 1002.51 1002.51 1002.515 1002.515 1002.515 1002.515 1002.515 1002.515 1002.52 1002.535 1002.54 1002.56 1002.58 1002.595 1002.61 1002.63 1002.655 1002.69 1002.715 1002.75 1002.785 -9999 -9999 -9999 -9999 -9999 -9999 -9999 -9999 -9999 -9999 -9999 -9999 -9999 -9999 -9999 -9999 -9999 -9999 -9999 -9999 -9999 -9999 -9999 -9999 -9999 -9999 -9999 -9999 -9999 -9999 -9999 -9999 -9999 -9999 -9999 -9999 -9999 -9999 -9999 -9999 -9999
1002.66 1002.665 1002.665 1002.665 1002.665 1002.665 1002.665 1002.67 1002.67 1002.67 1002.67 1002.675 1002.675 1002.675 1002.675 1002.69 1002.705 1002.72 1002.74 1002.775 -9999 -9999 -9999 -9999 -9999 -9999 -9999 -9999 -9999 -9999 -9999 -9999 -9999 -9999 -9999 -9999 -9999 -9999 -9999 -9999 -9999 -9999 -9999 -9999 -9999 -9999 -9999 -9999 -9999 -9999 -9999 -9999 -9999 -9999 -9999 -9999 -9999 -9999 -9999 -9999 -9999 -9999 -9999 -9999 -9999 -9999
