sfe221_gcs_analysis/sfe_221.asc
ncols         520
nrows         145
xllcorner     987.73104904869
yllcorner     951.22763624712
cellsize      0.4
NODATA_value  -9999
[rows 0 to 28 of 145, columns 0 to 65 of 520]
-9999 -9999 -9999 -9999 -9999 -9999 -9999 -9999 -9999 -9999 -9999 -9999 -9999 -9999 -9999 -9999 -9999 -9999 -9999 -9999 -9999 -9999 -9999 -9999 -9999 -9999 -9999 -9999 -9999 -9999 -9999 -9999 -9999 -9999 1002.91 1002.845 1002.81 1002.78 1002.76 1002.745 1002.755 1002.765 1002.775 1002.78 1002.785 1002.795 1002.805 1002.815 1002.82 1002.83 1002.834 1002.838 1002.842 1002.846 1002.85 1002.854 1002.858 1002.862 1002.867 1002.871 1002.875 -9999 -9999 -9999 -9999 -9999
-9999 -9999 -9999 -9999 -9999 -9999 -9999 -9999 -9999 -9999 -9999 -9999 -9999 -9999 -9999 -9999 -9999 -9999 -9999 -9999 -9999 -9999 -9999 -9999 -9999 -9999 -9999 -9999 -9999 -9999 -9999 1002.95 1002.89 1002.825 1002.76 1002.73 1002.7 1002.67 1002.64 1002.615 1002.62 1002.625 1002.635 1002.645 1002.655 1002.66 1002.665 1002.675 1002.685 1002.695 1002.7 1002.71 1002.72 1002.74 1002.79 1002.8 1002.805 1002.806 1002.807 1002.808 1002.809 1002.81 1002.811 1002.812 1002.813 1002.814
-9999 -9999 -9999 -9999 -9999 -9999 -9999 -9999 -9999 -9999 -9999 -9999 -9999 -9999 -9999 -9999 -9999 -9999 -9999 -9999 -9999 -9999 -9999 -9999 -9999 -9999 -9999 -9999 -9999 1002.93 1002.865 1002.805 1002.74 1002.685 1002.655 1002.625 1002.595 1002.565 1002.535 1002.505 1002.495 1002.49 1002.495 1002.505 1002.515 1002.525 1002.53 1002.54 1002.55 1002.56 1002.575 1002.59 1002.61 1002.635 1002.69 1002.78 1002.786 1002.79 1002.8 1002.81 1002.819 1002.816 1002.816 1002.817 1002.818 1002.819
-9999 -9999 -9999 -9999 -9999 -9999 -9999 -9999 -9999 -9999 -9999 -9999 -9999 -9999 -9999 -9999 -9999 -9999 -9999 -9999 -9999 -9999 -9999 -9999 -9999 -9999 1002.975 1002.91 1002.85 1002.785 1002.725 1002.66 1002.61 1002.58 1002.55 1002.52 1002.49 1002.46 1002.43 1002.4 1002.375 1002.36 1002.36 1002.37 1002.38 1002.39 1002.405 1002.415 1002.435 1002.45 1002.47 1002.485 1002.5 1002.545 1002.62 1002.71 1002.785 1002.796 1002.797 1002.799 1002.8 1002.801 1002.809 1002.819 1002.829 1002.831
-9999 -9999 -9999 -9999 -9999 -9999 -9999 -9999 -9999 -9999 -9999 -9999 -9999 -9999 -9999 -9999 -9999 -9999 -9999 -9999 -9999 -9999 -9999 1003.02 1002.955 1002.89 1002.825 1002.765 1002.7 1002.635 1002.575 1002.53 1002.5 1002.47 1002.445 1002.415 1002.385 1002.355 1002.325 1002.295 1002.265 1002.245 1002.225 1002.23 1002.255 1002.275 1002.29 1002.31 1002.325 1002.345 1002.36 1002.38 1002.39 1002.435 1002.545 1002.645 1002.72 1002.79 1002.806 1002.807 1002.808 1002.81 1002.811 1002.812 1002.813 1002.814
-9999 -9999 -9999 -9999 -9999 -9999 -9999 -9999 -9999 -9999 -9999 -9999 -9999 -9999 -9999 -9999 -9999 -9999 -9999 -9999 -9999 1002.995 1002.935 1002.87 1002.805 1002.74 1002.68 1002.615 1002.55 1002.49 1002.455 1002.425 1002.395 1002.37 1002.34 1002.31 1002.28 1002.25 1002.215 1002.18 1002.14 1002.095 1002.075 1002.09 1002.115 1002.135 1002.16 1002.18 1002.205 1002.23 1002.255 1002.27 1002.28 1002.355 1002.475 1002.57 1002.655 1002.725 1002.79 1002.816 1002.817 1002.818 1002.82 1002.821 1002.822 1002.823
-9999 -9999 -9999 -9999 -9999 -9999 -9999 -9999 -9999 -9999 -9999 -9999 -9999 -9999 -9999 -9999 -9999 -9999 -9999 1002.975 1002.915 1002.85 1002.785 1002.72 1002.655 1002.595 1002.53 1002.47 1002.41 1002.38 1002.35 1002.32 1002.29 1002.26 1002.23 1002.195 1002.155 1002.115 1002.07 1002.025 1001.98 1001.935 1001.905 1001.92 1001.94 1001.97 1002 1002.03 1002.06 1002.09 1002.11 1002.13 1002.155 1002.28 1002.395 1002.51 1002.595 1002.665 1002.725 1002.795 1002.826 1002.827 1002.828 1002.829 1002.831 1002.832
-9999 -9999 -9999 -9999 -9999 -9999 -9999 -9999 -9999 -9999 -9999 -9999 -9999 -9999 -9999 -9999 -9999 1003.01 1002.925 1002.85 1002.78 1002.7 1002.64 1002.575 1002.51 1002.45 1002.385 1002.33 1002.305 1002.275 1002.245 1002.205 1002.17 1002.135 1002.09 1002.045 1002 1001.94 1001.9 1001.865 1001.82 1001.78 1001.75 1001.745 1001.77 1001.8 1001.83 1001.86 1001.885 1001.91 1001.935 1001.955 1002.03 1002.18 1002.325 1002.435 1002.53 1002.595 1002.665 1002.735 1002.8 1002.836 1002.837 1002.838 1002.839 1002.841
-9999 -9999 -9999 -9999 -9999 -9999 -9999 -9999 -9999 -9999 -9999 -9999 -9999 -9999 -9999 -9999 1003.01 1002.92 1002.83 1002.745 1002.655 1002.585 1002.495 1002.43 1002.365 1002.3 1002.26 1002.225 1002.19 1002.15 1002.105 1002.06 1002.02 1001.97 1001.93 1001.88 1001.825 1001.76 1001.73 1001.705 1001.66 1001.62 1001.585 1001.58 1001.6 1001.63 1001.655 1001.68 1001.71 1001.74 1001.76 1001.78 1001.905 1002.09 1002.23 1002.365 1002.455 1002.535 1002.605 1002.665 1002.735 1002.805 1002.846 1002.847 1002.848 1002.849
-9999 -9999 -9999 -9999 -9999 -9999 -9999 -9999 -9999 -9999 -9999 -9999 -9999 -9999 -9999 1003.005 1002.92 1002.83 1002.74 1002.65 1002.565 1002.475 1002.39 1002.31 1002.235 1002.165 1002.12 1002.08 1002.035 1001.99 1001.945 1001.9 1001.855 1001.81 1001.765 1001.705 1001.64 1001.58 1001.565 1001.545 1001.5 1001.455 1001.425 1001.415 1001.425 1001.45 1001.48 1001.51 1001.535 1001.56 1001.585 1001.63 1001.785 1001.97 1002.135 1002.285 1002.39 1002.47 1002.535 1002.605 1002.675 1002.74 1002.81 1002.855 1002.857 1002.858
-9999 -9999 -9999 -9999 -9999 -9999 -9999 -9999 -9999 -9999 -9999 -9999 -9999 -9999 1003 1002.91 1002.825 1002.74 1002.65 1002.56 1002.47 1002.385 1002.3 1002.21 1002.1 1002.03 1001.965 1001.92 1001.875 1001.83 1001.785 1001.74 1001.695 1001.65 1001.605 1001.53 1001.455 1001.41 1001.385 1001.38 1001.335 1001.295 1001.27 1001.255 1001.255 1001.28 1001.31 1001.34 1001.365 1001.39 1001.41 1001.51 1001.66 1001.845 1002.035 1002.21 1002.32 1002.41 1002.475 1002.545 1002.61 1002.68 1002.745 1002.81 1002.865 1002.867
-9999 -9999 -9999 -9999 -9999 -9999 -9999 -9999 -9999 -9999 -9999 -9999 -9999 1003 1002.91 1002.82 1002.735 1002.65 1002.56 1002.47 1002.38 1002.295 1002.205 1002.11 1002 1001.905 1001.8 1001.76 1001.715 1001.67 1001.625 1001.58 1001.535 1001.49 1001.425 1001.35 1001.28 1001.235 1001.21 1001.205 1001.175 1001.145 1001.115 1001.085 1001.08 1001.11 1001.14 1001.16 1001.185 1001.21 1001.235 1001.355 1001.535 1001.725 1001.915 1002.085 1002.235 1002.345 1002.415 1002.475 1002.545 1002.615 1002.685 1002.745 1002.815 1002.875
-9999 -9999 -9999 -9999 -9999 -9999 -9999 -9999 -9999 -9999 -9999 -9999 1003 1002.91 1002.82 1002.73 1002.64 1002.55 1002.465 1002.38 1002.29 1002.2 1002.105 1002.01 1001.91 1001.765 1001.605 1001.58 1001.55 1001.51 1001.465 1001.42 1001.375 1001.315 1001.245 1001.17 1001.1 1001.06 1001.035 1001.03 1001.015 1000.985 1000.955 1000.925 1000.915 1000.94 1000.96 1000.99 1001.015 1001.04 1001.08 1001.225 1001.415 1001.6 1001.785 1001.975 1002.14 1002.275 1002.345 1002.415 1002.485 1002.55 1002.615 1002.685 1002.755 1002.82
-9999 -9999 -9999 -9999 -9999 -9999 -9999 -9999 -9999 -9999 -9999 1003 1002.91 1002.82 1002.73 1002.64 1002.55 1002.46 1002.375 1002.29 1002.2 1002.1 1002.01 1001.91 1001.815 1001.675 1001.525 1001.415 1001.375 1001.345 1001.305 1001.26 1001.21 1001.135 1001.065 1000.985 1000.925 1000.89 1000.86 1000.855 1000.845 1000.825 1000.795 1000.77 1000.765 1000.76 1000.79 1000.81 1000.84 1000.86 1000.925 1001.105 1001.295 1001.475 1001.665 1001.855 1002.035 1002.175 1002.285 1002.355 1002.42 1002.485 1002.555 1002.625 1002.69 1002.755
-9999 -9999 -9999 -9999 -9999 -9999 -9999 -9999 -9999 -9999 1002.995 1002.905 1002.815 1002.73 1002.64 1002.55 1002.46 1002.37 1002.285 1002.195 1002.1 1002.005 1001.91 1001.81 1001.715 1001.585 1001.4 1001.28 1001.19 1001.17 1001.135 1001.1 1001.03 1000.955 1000.895 1000.84 1000.8 1000.77 1000.745 1000.745 1000.74 1000.72 1000.695 1000.665 1000.635 1000.65 1000.65 1000.65 1000.66 1000.685 1000.795 1000.985 1001.165 1001.355 1001.53 1001.7 1001.9 1002.075 1002.19 1002.29 1002.355 1002.425 1002.495 1002.56 1002.625 1002.695
-9999 -9999 -9999 -9999 -9999 -9999 -9999 -9999 -9999 1002.99 1002.9 1002.81 1002.725 1002.635 1002.545 1002.46 1002.37 1002.28 1002.19 1002.095 1002 1001.905 1001.81 1001.71 1001.615 1001.49 1001.32 1001.14 1001.035 1001.025 1001 1000.955 1000.895 1000.855 1000.815 1000.77 1000.735 1000.71 1000.7 1000.695 1000.685 1000.67 1000.64 1000.605 1000.595 1000.585 1000.56 1000.545 1000.545 1000.555 1000.66 1000.82 1001.005 1001.16 1001.34 1001.575 1001.78 1001.92 1002.08 1002.2 1002.295 1002.365 1002.435 1002.5 1002.565 1002.635
-9999 -9999 -9999 -9999 -9999 -9999 -9999 -9999 1002.99 1002.9 1002.81 1002.72 1002.63 1002.54 1002.455 1002.365 1002.28 1002.19 1002.09 1001.995 1001.9 1001.805 1001.71 1001.61 1001.52 1001.4 1001.24 1001.04 1000.945 1000.965 1000.935 1000.88 1000.83 1000.795 1000.755 1000.715 1000.68 1000.65 1000.645 1000.64 1000.635 1000.62 1000.595 1000.575 1000.57 1000.555 1000.535 1000.505 1000.48 1000.48 1000.545 1000.61 1000.775 1001.015 1001.295 1001.48 1001.595 1001.76 1001.94 1002.09 1002.215 1002.305 1002.375 1002.44 1002.505 1002.575
-9999 -9999 -9999 -9999 -9999 -9999 -9999 1002.995 1002.9 1002.81 1002.72 1002.63 1002.54 1002.45 1002.36 1002.275 1002.185 1002.09 1001.99 1001.895 1001.8 1001.705 1001.61 1001.515 1001.42 1001.31 1001.155 1000.98 1000.975 1000.94 1000.875 1000.81 1000.765 1000.715 1000.685 1000.655 1000.615 1000.595 1000.595 1000.59 1000.58 1000.57 1000.56 1000.555 1000.545 1000.535 1000.52 1000.5 1000.49 1000.465 1000.43 1000.505 1000.725 1000.95 1001.18 1001.29 1001.425 1001.6 1001.78 1001.96 1002.105 1002.245 1002.315 1002.38 1002.445 1002.53
-9999 -9999 -9999 -9999 -9999 -9999 -9999 1002.935 1002.835 1002.745 1002.65 1002.555 1002.46 1002.365 1002.275 1002.18 1002.085 1001.99 1001.89 1001.8 1001.7 1001.605 1001.51 1001.415 1001.32 1001.22 1001.105 1000.985 1000.945 1000.88 1000.815 1000.75 1000.685 1000.64 1000.6 1000.585 1000.55 1000.54 1000.545 1000.55 1000.54 1000.535 1000.53 1000.53 1000.535 1000.53 1000.515 1000.505 1000.495 1000.47 1000.45 1000.515 1000.705 1000.845 1000.99 1001.11 1001.255 1001.44 1001.62 1001.8 1001.98 1002.16 1002.245 1002.32 1002.41 1002.5
-9999 -9999 -9999 -9999 -9999 -9999 -9999 1002.895 1002.795 1002.7 1002.6 1002.5 1002.405 1002.31 1002.21 1002.095 1002 1001.89 1001.795 1001.7 1001.6 1001.505 1001.41 1001.315 1001.22 1001.12 1001.035 1000.95 1000.885 1000.82 1000.755 1000.69 1000.625 1000.56 1000.52 1000.485 1000.47 1000.48 1000.505 1000.51 1000.505 1000.495 1000.5 1000.51 1000.525 1000.52 1000.515 1000.505 1000.495 1000.485 1000.47 1000.47 1000.61 1000.695 1000.81 1000.94 1001.095 1001.28 1001.46 1001.64 1001.81 1002.02 1002.155 1002.29 1002.38 1002.47
-9999 -9999 -9999 -9999 -9999 -9999 1003.005 1002.865 1002.755 1002.66 1002.56 1002.46 1002.365 1002.27 1002.16 1002.04 1001.925 1001.82 1001.72 1001.615 1001.51 1001.41 1001.31 1001.215 1001.12 1001.025 1000.885 1000.815 1000.72 1000.67 1000.635 1000.57 1000.515 1000.465 1000.415 1000.37 1000.375 1000.395 1000.425 1000.47 1000.465 1000.455 1000.465 1000.48 1000.495 1000.5 1000.505 1000.495 1000.49 1000.49 1000.485 1000.5 1000.51 1000.51 1000.63 1000.755 1000.93 1001.1 1001.285 1001.45 1001.605 1001.895 1002.105 1002.26 1002.35 1002.44
-9999 -9999 -9999 -9999 -9999 -9999 1002.975 1002.83 1002.715 1002.62 1002.52 1002.42 1002.325 1002.225 1002.11 1001.985 1001.865 1001.75 1001.645 1001.545 1001.435 1001.33 1001.225 1001.13 1001.025 1000.885 1000.72 1000.59 1000.51 1000.435 1000.365 1000.33 1000.29 1000.26 1000.22 1000.225 1000.21 1000.3 1000.345 1000.395 1000.41 1000.42 1000.435 1000.45 1000.465 1000.48 1000.485 1000.485 1000.49 1000.49 1000.5 1000.505 1000.5 1000.465 1000.53 1000.58 1000.74 1000.89 1001.045 1001.19 1001.425 1001.79 1002.055 1002.21 1002.32 1002.41
-9999 -9999 -9999 -9999 -9999 -9999 1002.945 1002.795 1002.675 1002.58 1002.48 1002.38 1002.285 1002.185 1002.06 1001.93 1001.805 1001.69 1001.58 1001.475 1001.375 1001.275 1001.165 1001.055 1000.93 1000.725 1000.555 1000.41 1000.295 1000.19 1000.115 1000.039 999.979 999.9406 999.9015 999.908 1000.057 1000.225 1000.275 1000.32 1000.335 1000.39 1000.42 1000.43 1000.45 1000.465 1000.475 1000.49 1000.495 1000.49 1000.515 1000.535 1000.555 1000.52 1000.335 1000.37 1000.485 1000.63 1000.775 1000.95 1001.535 1001.76 1001.98 1002.155 1002.29 1002.38
-9999 -9999 -9999 -9999 -9999 -9999 1002.915 1002.76 1002.64 1002.54 1002.44 1002.34 1002.245 1002.135 1002.005 1001.88 1001.755 1001.63 1001.515 1001.405 1001.315 1001.21 1001.105 1000.995 1000.79 1000.58 1000.38 1000.23 1000.12 1000.005 999.8935 999.7925 999.718 999.624 999.5865 999.6425 999.921 1000.165 1000.092 1000.117 1000.26 1000.375 1000.42 1000.435 1000.455 1000.47 1000.48 1000.495 1000.495 1000.5 1000.515 1000.57 1000.59 1000.25 1000.11 1000.105 1000.215 1000.365 1000.515 1001.24 1001.465 1001.685 1001.905 1002.105 1002.26 1002.35
-9999 -9999 -9999 -9999 -9999 -9999 1002.885 1002.73 1002.6 1002.5 1002.4 1002.3 1002.2 1002.08 1001.955 1001.83 1001.705 1001.575 1001.45 1001.34 1001.235 1001.14 1001.04 1000.905 1000.665 1000.43 1000.22 1000.065 999.9395 999.8265 999.714 999.6015 999.4885 999.395 999.3199 999.3945 999.87 999.904 999.8555 1000.042 1000.23 1000.365 1000.43 1000.45 1000.465 1000.48 1000.49 1000.5 1000.505 1000.505 1000.525 1000.585 1000.205 999.925 999.9165 999.9125 999.9839 1000.102 1000.945 1001.17 1001.39 1001.61 1001.83 1002.055 1002.21 1002.325
-9999 -9999 -9999 -9999 -9999 1003.02 1002.855 1002.69 1002.56 1002.46 1002.36 1002.26 1002.155 1002.03 1001.905 1001.775 1001.65 1001.525 1001.4 1001.275 1001.165 1001.06 1000.965 1000.755 1000.525 1000.295 1000.08 999.893 999.76 999.6475 999.5345 999.422 999.326 999.251 999.175 999.3425 999.64 999.636 999.8265 1000.013 1000.2 1000.355 1000.445 1000.46 1000.475 1000.485 1000.495 1000.505 1000.51 1000.515 1000.545 1000.355 1000.07 999.8145 999.7965 999.779 999.8845 1000.605 1000.87 1001.095 1001.315 1001.535 1001.76 1001.98 1002.155 1002.295
-9999 -9999 -9999 -9999 -9999 1002.99 1002.82 1002.655 1002.52 1002.42 1002.32 1002.22 1002.105 1001.98 1001.85 1001.725 1001.6 1001.47 1001.345 1001.22 1001.095 1000.985 1000.795 1000.595 1000.375 1000.15 999.9305 999.734 999.5855 999.5105 999.4735 999.3775 999.3405 999.278 999.0895 999.4635 999.6985 999.595 999.786 999.9825 1000.17 1000.345 1000.45 1000.47 1000.48 1000.49 1000.495 1000.505 1000.51 1000.52 1000.515 1000.385 1000.058 999.923 999.895 1000.052 1000.42 1000.3 1000.57 1000.82 1001.07 1001.35 1001.57 1001.815 1002.045 1002.265
-9999 -9999 -9999 -9999 -9999 1002.96 1002.79 1002.625 1002.485 1002.38 1002.28 1002.175 1002.055 1001.93 1001.8 1001.675 1001.55 1001.42 1001.295 1001.17 1001.04 1000.895 1000.675 1000.455 1000.245 1000.031 999.8265 999.6245 999.504 999.502 999.5145 999.4775 999.368 999.198 999.208 999.533 999.631 999.5545 999.7375 999.931 1000.125 1000.32 1000.425 1000.465 1000.47 1000.475 1000.485 1000.495 1000.49 1000.485 1000.4 1000.29 1000.006 1000.006 1000.205 1000.4 1000.335 999.993 1000.083 1000.43 1000.825 1001.155 1001.43 1001.66 1001.945 1002.155
-9999 -9999 -9999 -9999 -9999 1002.93 1002.76 1002.59 1002.445 1002.34 1002.24 1002.125 1002 1001.875 1001.75 1001.62 1001.495 1001.37 1001.245 1001.115 1000.98 1000.805 1000.565 1000.355 1000.142 999.935 999.7305 999.526 999.4635 999.49 999.532 999.458 999.4105 999.2784 999.41 999.47 999.4235 999.548 999.684 999.883 1000.079 1000.28 1000.36 1000.4 1000.45 1000.455 1000.46 1000.465 1000.465 1000.395 1000.265 1000.14 999.997 1000.147 1000.34 1000.255 1000.09 1000.22 1000.255 1000.505 1000.685 1001.015 1001.195 1001.45 1001.75 1002.02
