sfe221_gcs_analysis/sfe_221.asc
ncols         520
nrows         145
xllcorner     987.73104904869
yllcorner     951.22763624712
cellsize      0.4
NODATA_value  -9999
[rows 116 to 144 of 145, columns 132 to 197 of 520]
1001.47 1001.425 1001.325 1001.27 1001.15 1001.065 1000.97 1000.88 1000.835 1000.81 1000.845 1000.72 1000.63 1000.535 1000.425 1000.009 999.7415 999.6965 999.7385 999.787 999.8545 999.925 1000.005 1000.07 1000.17 1000.27 1000.415 1000.56 1000.705 1000.85 1000.885 1000.885 1000.88 1000.895 1000.915 1000.935 1000.955 1000.96 1000.965 1000.96 1000.965 1000.97 1000.98 1000.985 1000.995 1001.03 1001.09 1001.14 1001.14 1001.125 1001.105 1001.09 1001.09 1001.095 1001.105 1001.115 1001.12 1001.125 1001.115 1001.115 1001.105 1001.095 1001.08 1001.06 1001.065 1001.075
1001.785 1001.695 1001.64 1001.565 1001.48 1001.39 1001.305 1001.215 1001.155 1001.08 1001.035 1000.945 1000.86 1000.75 1000.51 1000.3 999.7795 999.7175 999.7545 999.8075 999.865 999.933 999.9885 1000.045 1000.095 1000.195 1000.29 1000.435 1000.585 1000.735 1000.81 1000.845 1000.85 1000.86 1000.885 1000.905 1000.92 1000.925 1000.935 1000.94 1000.96 1000.97 1000.98 1000.985 1000.99 1001.02 1001.05 1001.085 1001.09 1001.1 1001.08 1001.08 1001.08 1001.08 1001.085 1001.09 1001.095 1001.09 1001.095 1001.085 1001.07 1001.06 1001.04 1001.035 1001.045 1001.055
1002.12 1002.035 1001.975 1001.895 1001.805 1001.72 1001.63 1001.545 1001.46 1001.39 1001.32 1001.21 1001.095 1001.035 1000.9 1000.443 999.8975 999.7335 999.746 999.803 999.856 999.907 999.9745 1000.029 1000.08 1000.13 1000.22 1000.29 1000.45 1000.6 1000.71 1000.815 1000.825 1000.845 1000.865 1000.88 1000.895 1000.905 1000.915 1000.94 1000.965 1000.975 1000.99 1000.995 1001 1001.005 1001.02 1001.02 1001.04 1001.055 1001.065 1001.07 1001.065 1001.055 1001.06 1001.06 1001.06 1001.07 1001.085 1001.075 1001.08 1001.06 1001.04 1001.035 1001.03 1001.035
1002.32 1002.28 1002.22 1002.155 1002.09 1002.03 1001.955 1001.87 1001.785 1001.715 1001.615 1001.45 1001.315 1001.2 1001.095 1000.585 1000.367 999.783 999.7495 999.778 999.8175 999.8705 999.9445 1000.01 1000.07 1000.125 1000.17 1000.235 1000.315 1000.425 1000.59 1000.69 1000.795 1000.83 1000.85 1000.865 1000.875 1000.885 1000.9 1000.92 1000.945 1000.97 1000.99 1001.005 1001.015 1001.01 1000.99 1000.995 1001.015 1001.04 1001.065 1001.065 1001.055 1001.045 1001.035 1001.025 1001.03 1001.045 1001.06 1001.075 1001.075 1001.08 1001.065 1001.04 1001.02 1001.02
1002.47 1002.43 1002.39 1002.35 1002.315 1002.265 1002.205 1002.14 1002.08 1002.025 1001.91 1001.715 1001.525 1001.36 1001.215 1001.08 1000.439 1000.209 999.7385 999.7535 999.7765 999.834 999.9155 999.9905 1000.055 1000.115 1000.16 1000.18 1000.215 1000.3 1000.395 1000.57 1000.69 1000.78 1000.835 1000.845 1000.855 1000.865 1000.88 1000.895 1000.91 1000.94 1000.965 1000.99 1001 1000.99 1000.965 1000.975 1001.005 1001.035 1001.055 1001.065 1001.06 1001.04 1001.02 1001.01 1001.005 1001.01 1001.025 1001.04 1001.06 1001.065 1001.06 1001.04 1001.03 1001.015
1002.625 1002.575 1002.535 1002.495 1002.46 1002.42 1002.39 1002.365 1002.33 1002.28 1002.135 1001.965 1001.765 1001.56 1001.37 1001.215 1001.065 1000.407 1000.372 999.7325 999.7515 999.804 999.8865 999.962 1000.033 1000.105 1000.15 1000.165 1000.175 1000.175 1000.27 1000.39 1000.485 1000.6 1000.815 1000.825 1000.835 1000.855 1000.86 1000.86 1000.875 1000.89 1000.925 1000.945 1000.96 1000.945 1000.94 1000.945 1000.975 1000.995 1001.01 1001.035 1001.03 1001.04 1001.02 1001 1000.98 1000.985 1000.985 1000.99 1001.01 1001.025 1001.03 1001.03 1001.005 1001
1002.786 1002.725 1002.685 1002.65 1002.62 1002.6 1002.57 1002.55 1002.525 1002.475 1002.38 1002.205 1002.02 1001.825 1001.625 1001.42 1001.27 1001.185 1000.485 1000.233 999.876 1000.001 999.877 999.9355 1000.008 1000.065 1000.095 1000.11 1000.11 1000.12 1000.18 1000.225 1000.295 1000.4 1000.57 1000.59 1000.765 1000.835 1000.84 1000.84 1000.84 1000.86 1000.88 1000.895 1000.895 1000.9 1000.905 1000.905 1000.91 1000.91 1000.92 1000.945 1000.985 1001 1001.015 1001 1000.98 1000.965 1000.95 1000.955 1000.955 1000.965 1000.975 1000.975 1000.965 1000.97
1002.797 1002.79 1002.782 1002.766 1002.742 1002.722 1002.708 1002.702 1002.72 1002.695 1002.6 1002.455 1002.28 1002.115 1001.915 1001.71 1001.56 1001.45 1001.2 1000.585 1000.51 1000.26 999.8485 999.907 999.933 999.973 1000.004 1000.03 1000.04 1000.11 1000.17 1000.21 1000.21 1000.265 1000.265 1000.33 1000.56 1000.72 1000.82 1000.82 1000.82 1000.825 1000.835 1000.83 1000.84 1000.85 1000.85 1000.85 1000.84 1000.835 1000.845 1000.865 1000.905 1000.95 1000.97 1000.985 1000.98 1000.96 1000.945 1000.93 1000.925 1000.92 1000.915 1000.915 1000.935 1000.98
1002.729 1002.795 1002.793 1002.785 1002.782 1002.768 1002.745 1002.731 1002.735 1002.748 1002.785 1002.64 1002.495 1002.365 1002.18 1002 1001.855 1001.645 1001.385 1001.1 1000.945 1000.515 1000.071 999.8596 999.884 999.9095 999.922 999.9615 1000.015 1000.075 1000.135 1000.16 1000.16 1000.13 1000.135 1000.2 1000.41 1000.475 1000.585 1000.7 1000.81 1000.81 1000.805 1000.805 1000.795 1000.805 1000.805 1000.8 1000.795 1000.8 1000.8 1000.815 1000.85 1000.89 1000.94 1000.965 1000.965 1000.96 1000.95 1000.935 1000.915 1000.9 1000.89 1000.91 1000.955 1000.99
1002.633 1002.699 1002.765 1002.797 1002.789 1002.783 1002.784 1002.769 1002.748 1002.746 1002.75 1002.775 1002.645 1002.525 1002.375 1002.215 1002.06 1001.84 1001.575 1001.375 1001.02 1000.336 999.9795 999.8555 999.8645 999.9805 999.9965 999.883 999.9415 1000 1000.055 1000.075 1000.055 1000.034 1000.115 1000.19 1000.135 1000.23 1000.22 1000.445 1000.725 1000.725 1000.805 1000.8 1000.79 1000.785 1000.775 1000.755 1000.76 1000.78 1000.78 1000.795 1000.83 1000.855 1000.895 1000.915 1000.93 1000.935 1000.95 1000.93 1000.935 1000.92 1000.91 1000.93 1000.97 1000.95
1002.537 1002.603 1002.669 1002.734 1002.797 1002.793 1002.785 1002.784 1002.785 1002.772 1002.758 1002.762 1002.745 1002.615 1002.49 1002.37 1002.21 1002.02 1001.79 1001.54 1001.195 1000.566 999.8915 999.8545 999.8695 999.992 1000.22 1000.02 999.9695 999.94 999.966 999.9865 999.96 999.9465 1000.039 1000.03 1000.005 999.984 999.985 1000.135 1000.19 1000.425 1000.555 1000.73 1000.8 1000.785 1000.74 1000.72 1000.705 1000.705 1000.71 1000.74 1000.775 1000.81 1000.83 1000.85 1000.865 1000.875 1000.885 1000.9 1000.905 1000.91 1000.91 1000.925 1000.905 1000.885
1002.441 1002.507 1002.573 1002.638 1002.704 1002.77 1002.796 1002.789 1002.785 1002.786 1002.787 1002.775 1002.773 1002.715 1002.59 1002.46 1002.345 1002.19 1002.055 1001.78 1001.485 1000.688 999.8475 999.8625 999.8845 1000.32 1000.485 1000.25 1000.075 1000.066 1000.037 999.9245 999.889 999.878 999.838 999.8135 999.791 999.8026 999.8425 999.873 999.904 1000.083 1000.299 1000.44 1000.785 1000.765 1000.74 1000.68 1000.635 1000.57 1000.6 1000.63 1000.68 1000.725 1000.745 1000.775 1000.795 1000.805 1000.81 1000.82 1000.83 1000.83 1000.835 1000.825 1000.805 1000.79
1002.345 1002.411 1002.477 1002.542 1002.608 1002.674 1002.74 1002.8 1002.792 1002.787 1002.786 1002.787 1002.789 1002.784 1002.68 1002.56 1002.43 1002.325 1002.185 1002 1001.79 1001.33 1000.759 1000.277 1000.125 1000.635 1000.72 1000.195 1000.475 1000.355 1000.209 1000.042 999.974 999.8965 999.8045 999.7125 999.655 999.6675 999.707 999.7265 999.75 999.816 999.9365 1000.192 1000.43 1000.575 1000.64 1000.59 1000.535 1000.485 1000.475 1000.49 1000.54 1000.585 1000.63 1000.665 1000.69 1000.7 1000.705 1000.71 1000.715 1000.72 1000.72 1000.71 1000.69 1000.69
1002.249 1002.315 1002.381 1002.446 1002.512 1002.578 1002.643 1002.709 1002.775 1002.796 1002.789 1002.787 1002.787 1002.789 1002.775 1002.65 1002.525 1002.415 1002.31 1002.175 1001.995 1001.845 1001.265 1000.885 1000.99 1001.14 1000.69 1000.525 1000.82 1000.625 1000.395 1000.26 1000.195 1000.06 999.9005 999.7599 999.6885 999.6445 999.6 999.579 999.633 999.718 999.8195 999.966 1000.15 1000.29 1000.41 1000.4 1000.36 1000.32 1000.3 1000.34 1000.395 1000.45 1000.49 1000.535 1000.56 1000.575 1000.585 1000.595 1000.6 1000.6 1000.605 1000.595 1000.58 1000.57
1002.153 1002.219 1002.285 1002.35 1002.416 1002.482 1002.547 1002.613 1002.679 1002.745 1002.8 1002.792 1002.789 1002.788 1002.789 1002.745 1002.62 1002.495 1002.395 1002.31 1002.17 1002.03 1001.885 1001.625 1001.525 1001.44 1000.945 1001.235 1001.04 1000.81 1000.595 1000.48 1000.395 1000.24 1000.1 999.9635 999.834 999.706 999.5925 999.6085 999.5945 999.66 999.743 999.832 999.921 1000.096 1000.141 1000.185 1000.145 1000.155 1000.18 1000.205 1000.27 1000.305 1000.355 1000.39 1000.425 1000.445 1000.46 1000.47 1000.48 1000.485 1000.49 1000.455 1000.445 1000.45
1002.057 1002.123 1002.189 1002.254 1002.32 1002.386 1002.451 1002.517 1002.583 1002.649 1002.714 1002.78 1002.795 1002.791 1002.789 1002.789 1002.715 1002.59 1002.48 1002.39 1002.31 1002.17 1002.02 1001.915 1001.805 1001.695 1001.565 1001.415 1001.23 1001 1000.8 1000.7 1000.58 1000.42 1000.295 1000.164 1000.035 999.9205 999.812 999.7145 999.681 999.657 999.7015 999.7565 999.831 999.905 1000.004 1000.028 1000.07 1000.105 1000.125 1000.16 1000.19 1000.23 1000.25 1000.27 1000.295 1000.31 1000.33 1000.345 1000.355 1000.365 1000.32 1000.28 1000.28 1000.32
1001.961 1002.027 1002.093 1002.158 1002.224 1002.29 1002.356 1002.421 1002.487 1002.553 1002.618 1002.684 1002.75 1002.799 1002.793 1002.791 1002.79 1002.68 1002.56 1002.47 1002.39 1002.3 1002.225 1002.1 1001.99 1001.86 1001.725 1001.595 1001.41 1001.185 1001 1000.885 1000.76 1000.625 1000.495 1000.375 1000.255 1000.15 1000.042 999.9335 999.828 999.7679 999.7315 999.737 999.799 999.8781 999.9665 1000.015 1000.06 1000.105 1000.135 1000.16 1000.17 1000.165 1000.165 1000.175 1000.185 1000.205 1000.225 1000.24 1000.24 1000.22 1000.215 1000.185 1000.24 1000.3
1002.185 1002.133 1002.08 1002.062 1002.128 1002.194 1002.26 1002.325 1002.391 1002.457 1002.522 1002.588 1002.654 1002.719 1002.785 1002.795 1002.793 1002.775 1002.655 1002.555 1002.46 1002.38 1002.31 1002.23 1002.13 1002.02 1001.89 1001.76 1001.585 1001.37 1001.205 1001.09 1000.955 1000.825 1000.695 1000.59 1000.485 1000.375 1000.27 1000.163 1000.058 999.951 999.862 999.83 999.818 999.9095 999.962 1000.013 1000.065 1000.115 1000.145 1000.15 1000.13 1000.16 1000.16 1000.16 1000.165 1000.17 1000.185 1000.195 1000.21 1000.19 1000.2 1000.235 1000.265 1000.31
1002.557 1002.505 1002.452 1002.399 1002.347 1002.294 1002.242 1002.229 1002.295 1002.361 1002.426 1002.492 1002.558 1002.623 1002.689 1002.755 1002.799 1002.795 1002.745 1002.635 1002.54 1002.465 1002.39 1002.325 1002.25 1002.185 1002.055 1001.925 1001.76 1001.575 1001.42 1001.295 1001.155 1001.03 1000.925 1000.82 1000.71 1000.605 1000.5 1000.39 1000.285 1000.18 1000.083 1000.003 999.949 1000.017 1000.043 1000.048 1000.1 1000.115 1000.15 1000.175 1000.165 1000.195 1000.215 1000.215 1000.205 1000.21 1000.225 1000.25 1000.28 1000.275 1000.31 1000.325 1000.36 1000.395
1002.71 1002.713 1002.716 1002.724 1002.735 1002.666 1002.613 1002.561 1002.508 1002.456 1002.403 1002.396 1002.462 1002.527 1002.593 1002.659 1002.724 1002.788 1002.797 1002.715 1002.62 1002.545 1002.475 1002.405 1002.345 1002.275 1002.175 1002.085 1001.935 1001.76 1001.62 1001.495 1001.37 1001.26 1001.155 1001.05 1000.94 1000.84 1000.745 1000.65 1000.57 1000.475 1000.395 1000.31 1000.245 1000.245 1000.265 1000.265 1000.275 1000.275 1000.3 1000.315 1000.325 1000.315 1000.33 1000.33 1000.33 1000.35 1000.41 1000.425 1000.465 1000.5 1000.535 1000.565 1000.595 1000.625
1002.692 1002.705 1002.712 1002.715 1002.718 1002.721 1002.724 1002.727 1002.73 1002.736 1002.747 1002.722 1002.669 1002.617 1002.564 1002.563 1002.628 1002.694 1002.76 1002.799 1002.71 1002.625 1002.555 1002.49 1002.425 1002.355 1002.29 1002.225 1002.09 1001.96 1001.815 1001.705 1001.595 1001.5 1001.41 1001.33 1001.225 1001.14 1001.06 1000.98 1000.9 1000.82 1000.735 1000.65 1000.57 1000.56 1000.575 1000.58 1000.585 1000.59 1000.595 1000.59 1000.585 1000.575 1000.575 1000.585 1000.6 1000.655 1000.705 1000.755 1000.785 1000.82 1000.85 1000.88 1000.89 1000.89
-9999 -9999 -9999 -9999 -9999 1002.695 1002.708 1002.72 1002.726 1002.729 1002.732 1002.735 1002.738 1002.741 1002.744 1002.747 1002.758 1002.769 1002.726 1002.729 1002.79 1002.705 1002.64 1002.58 1002.515 1002.45 1002.39 1002.325 1002.245 1002.14 1002.055 1001.975 1001.89 1001.81 1001.73 1001.65 1001.565 1001.485 1001.4 1001.32 1001.24 1001.16 1001.075 1000.995 1000.91 1000.885 1000.885 1000.895 1000.895 1000.9 1000.905 1000.905 1000.895 1000.89 1000.895 1000.905 1000.94 1000.995 1001.04 1001.07 1001.105 1001.13 1001.145 1001.15 1001.15 1001.15
-9999 -9999 -9999 -9999 -9999 -9999 -9999 -9999 -9999 -9999 -9999 1002.71 1002.723 1002.736 1002.74 1002.743 1002.746 1002.749 1002.752 1002.755 1002.758 1002.761 1002.77 1002.745 1002.685 1002.625 1002.565 1002.505 1002.445 1002.385 1002.33 1002.255 1002.185 1002.12 1002.07 1001.99 1001.91 1001.825 1001.74 1001.66 1001.58 1001.5 1001.42 1001.34 1001.255 1001.21 1001.2 1001.205 1001.205 1001.215 1001.215 1001.215 1001.21 1001.21 1001.21 1001.23 1001.275 1001.325 1001.355 1001.39 1001.39 1001.4 1001.405 1001.405 1001.41 1001.41
-9999 -9999 -9999 -9999 -9999 -9999 -9999 -9999 -9999 -9999 -9999 -9999 -9999 -9999 -9999 -9999 -9999 1002.726 1002.739 1002.752 1002.755 1002.758 1002.761 1002.764 1002.767 1002.77 1002.773 1002.735 1002.675 1002.615 1002.555 1002.495 1002.44 1002.385 1002.33 1002.26 1002.195 1002.13 1002.065 1002 1001.92 1001.84 1001.76 1001.68 1001.595 1001.535 1001.515 1001.515 1001.52 1001.525 1001.525 1001.525 1001.525 1001.525 1001.53 1001.57 1001.61 1001.64 1001.655 1001.66 1001.66 1001.66 1001.66 1001.665 1001.67 1001.67
-9999 -9999 -9999 -9999 -9999 -9999 -9999 -9999 -9999 -9999 -9999 -9999 -9999 -9999 -9999 -9999 -9999 -9999 -9999 -9999 -9999 -9999 1002.729 1002.742 1002.754 1002.766 1002.769 1002.772 1002.775 1002.778 1002.781 1002.725 1002.665 1002.605 1002.545 1002.49 1002.44 1002.39 1002.335 1002.27 1002.205 1002.14 1002.08 1002.015 1001.935 1001.87 1001.825 1001.825 1001.835 1001.835 1001.835 1001.835 1001.845 1001.84 1001.855 1001.895 1001.91 1001.91 1001.915 1001.915 1001.92 1001.92 1001.92 1001.925 1001.925 1001.93
-9999 -9999 -9999 -9999 -9999 -9999 -9999 -9999 -9999 -9999 -9999 -9999 -9999 -9999 -9999 -9999 -9999 -9999 -9999 -9999 -9999 -9999 -9999 -9999 -9999 -9999 -9999 -9999 1002.745 1002.757 1002.77 1002.78 1002.783 1002.786 1002.78 1002.72 1002.665 1002.605 1002.55 1002.495 1002.435 1002.39 1002.34 1002.285 1002.235 1002.15 1002.125 1002.12 1002.12 1002.12 1002.12 1002.125 1002.125 1002.13 1002.15 1002.15 1002.15 1002.15 1002.15 1002.155 1002.155 1002.16 1002.16 1002.16 1002.165 1002.165
-9999 -9999 -9999 -9999 -9999 -9999 -9999 -9999 -9999 -9999 -9999 -9999 -9999 -9999 -9999 -9999 -9999 -9999 -9999 -9999 -9999 -9999 -9999 -9999 -9999 -9999 -9999 -9999 -9999 -9999 -9999 -9999 -9999 -9999 1002.76 1002.773 1002.786 1002.794 1002.775 1002.715 1002.655 1002.6 1002.55 1002.495 1002.445 1002.395 1002.36 1002.34 1002.33 1002.33 1002.33 1002.33 1002.33 1002.33 1002.335 1002.335 1002.34 1002.34 1002.34 1002.34 1002.345 1002.345 1002.345 1002.345 1002.35 1002.35
-9999 -9999 -9999 -9999 -9999 -9999 -9999 -9999 -9999 -9999 -9999 -9999 -9999 -9999 -9999 -9999 -9999 -9999 -9999 -9999 -9999 -9999 -9999 -9999 -9999 -9999 -9999 -9999 -9999 -9999 -9999 -9999 -9999 -9999 -9999 -9999 -9999 -9999 -9999 1002.763 1002.776 1002.789 1002.765 1002.705 1002.65 1002.6 1002.55 1002.505 1002.495 1002.49 1002.49 1002.49 1002.49 1002.49 1002.49 1002.495 1002.495 1002.495 1002.5 1002.5 1002.5 1002.5 1002.5 1002.505 1002.505 1002.505
-9999 -9999 -9999 -9999 -9999 -9999 -9999 -9999 -9999 -9999 -9999 -9999 -9999 -9999 -9999 -9999 -9999 -9999 -9999 -9999 -9999 -9999 -9999 -9999 -9999 -9999 -9999 -9999 -9999 -9999 -9999 -9999 -9999 -9999 -9999 -9999 -9999 -9999 -9999 -9999 -9999 -9999 -9999 -9999 -9999 1002.779 1002.755 1002.7 1002.67 1002.64 1002.645 1002.645 1002.645 1002.65 1002.65 1002.65 1002.65 1002.655 1002.655 1002.655 1002.655 1002.655 1002.66 1002.66 1002.66 1002.66
