sfe221_gcs_analysis/sfe_221.asc
ncols         520
nrows         145
xllcorner     987.73104904869
yllcorner     951.22763624712
cellsize      0.4
NODATA_value  -9999
[rows 29 to 57 of 145, columns 396 to 461 of 520]
1003.297 1003.298 1003.299 1003.3 1003.301 1003.302 1003.303 1003.304 1003.305 1003.306 1003.307 1003.308 1003.309 1003.31 1003.311 1003.312 1003.313 1003.314 1003.315 1003.316 1003.317 1003.318 1003.319 1003.32 1003.321 1003.322 1003.323 1003.324 1003.325 1003.326 1003.327 1003.328 1003.329 1003.324 1003.31 1003.296 1003.282 1003.267 1003.253 1003.238 1003.224 1003.21 1003.195 1003.181 1003.166 1003.152 1003.138 1003.123 1003.109 1003.04 1002.971 1002.902 1002.833 1002.764 1002.694 1002.625 1002.556 1002.551 1002.575 1002.599 1002.622 1002.606 1002.584 1002.562 1002.54 1002.518
1003.302 1003.303 1003.304 1003.305 1003.306 1003.307 1003.308 1003.309 1003.31 1003.311 1003.312 1003.313 1003.314 1003.315 1003.316 1003.317 1003.318 1003.319 1003.32 1003.321 1003.322 1003.323 1003.324 1003.325 1003.326 1003.327 1003.328 1003.329 1003.325 1003.311 1003.296 1003.282 1003.267 1003.253 1003.239 1003.224 1003.21 1003.195 1003.181 1003.167 1003.152 1003.138 1003.123 1003.109 1003.048 1002.979 1002.91 1002.841 1002.771 1002.702 1002.633 1002.564 1002.495 1002.439 1002.463 1002.486 1002.51 1002.534 1002.526 1002.504 1002.482 1002.46 1002.438 1002.416 1002.394 1002.349
1003.307 1003.308 1003.309 1003.31 1003.311 1003.312 1003.313 1003.314 1003.315 1003.316 1003.317 1003.318 1003.319 1003.32 1003.321 1003.322 1003.323 1003.324 1003.325 1003.326 1003.327 1003.328 1003.329 1003.325 1003.311 1003.296 1003.282 1003.267 1003.253 1003.239 1003.224 1003.21 1003.195 1003.181 1003.167 1003.152 1003.138 1003.123 1003.109 1003.056 1002.987 1002.917 1002.848 1002.779 1002.71 1002.641 1002.572 1002.503 1002.434 1002.365 1002.35 1002.374 1002.397 1002.421 1002.445 1002.447 1002.425 1002.402 1002.38 1002.358 1002.336 1002.307 1002.256 1002.206 1002.155 1002.104
1003.312 1003.313 1003.314 1003.315 1003.316 1003.317 1003.318 1003.319 1003.32 1003.321 1003.322 1003.323 1003.324 1003.325 1003.326 1003.327 1003.328 1003.329 1003.325 1003.311 1003.297 1003.283 1003.269 1003.255 1003.241 1003.225 1003.21 1003.196 1003.181 1003.167 1003.152 1003.138 1003.124 1003.109 1003.063 1002.994 1002.925 1002.856 1002.787 1002.718 1002.649 1002.58 1002.511 1002.442 1002.372 1002.303 1002.238 1002.261 1002.285 1002.309 1002.332 1002.356 1002.367 1002.345 1002.323 1002.301 1002.279 1002.257 1002.215 1002.164 1002.113 1002.062 1002.011 1001.961 1001.91 1001.859
1003.317 1003.318 1003.319 1003.32 1003.321 1003.322 1003.323 1003.324 1003.325 1003.326 1003.327 1003.328 1003.329 1003.326 1003.312 1003.298 1003.284 1003.269 1003.255 1003.241 1003.227 1003.213 1003.199 1003.185 1003.171 1003.155 1003.138 1003.124 1003.109 1003.071 1003.002 1002.933 1002.864 1002.795 1002.726 1002.657 1002.588 1002.518 1002.449 1002.38 1002.311 1002.242 1002.173 1002.149 1002.173 1002.196 1002.22 1002.243 1002.267 1002.287 1002.265 1002.243 1002.221 1002.199 1002.173 1002.122 1002.071 1002.021 1001.97 1001.919 1001.868 1001.817 1001.767 1001.716 1001.665 1001.637
1003.322 1003.323 1003.324 1003.325 1003.326 1003.327 1003.328 1003.329 1003.326 1003.312 1003.298 1003.284 1003.27 1003.256 1003.242 1003.228 1003.214 1003.199 1003.185 1003.171 1003.157 1003.143 1003.129 1003.098 1003.076 1003.087 1002.941 1002.872 1002.803 1002.734 1002.664 1002.595 1002.526 1002.457 1002.388 1002.319 1002.25 1002.181 1002.112 1002.042 1002.06 1002.084 1002.107 1002.131 1002.155 1002.178 1002.202 1002.186 1002.164 1002.141 1002.119 1002.08 1002.03 1001.979 1001.928 1001.877 1001.826 1001.776 1001.725 1001.674 1001.638 1001.641 1001.643 1001.646 1001.648 1001.651
1003.327 1003.328 1003.329 1003.326 1003.312 1003.298 1003.284 1003.27 1003.256 1003.242 1003.228 1003.214 1003.2 1003.186 1003.172 1003.158 1003.143 1003.129 1003.104 1003.035 1002.989 1002.997 1002.974 1002.952 1002.93 1002.908 1002.603 1002.534 1002.465 1002.396 1002.327 1002.258 1002.189 1002.119 1002.05 1001.981 1001.948 1001.971 1001.995 1002.019 1002.042 1002.066 1002.09 1002.113 1002.106 1002.084 1002.062 1002.039 1001.988 1001.937 1001.886 1001.836 1001.785 1001.734 1001.683 1001.64 1001.642 1001.645 1001.647 1001.65 1001.652 1001.655 1001.657 1001.657 1001.658 1001.658
1003.298 1003.284 1003.27 1003.256 1003.242 1003.228 1003.214 1003.2 1003.186 1003.172 1003.157 1003.143 1003.129 1003.109 1003.041 1002.972 1002.903 1002.902 1002.917 1002.895 1002.873 1002.851 1002.828 1002.806 1002.784 1002.762 1002.523 1002.196 1002.127 1002.058 1001.989 1001.92 1001.851 1001.859 1001.883 1001.906 1001.93 1001.953 1001.977 1002.001 1002.024 1002.026 1002.004 1001.982 1001.946 1001.895 1001.845 1001.794 1001.743 1001.692 1001.641 1001.644 1001.646 1001.649 1001.651 1001.654 1001.657 1001.659 1001.662 1001.663 1001.663 1001.663 1001.664 1001.666 1001.668 1001.671
1003.228 1003.214 1003.2 1003.185 1003.171 1003.157 1003.143 1003.128 1003.114 1003.046 1002.978 1002.909 1002.84 1002.793 1002.816 1002.837 1002.815 1002.793 1002.771 1002.749 1002.727 1002.705 1002.682 1002.66 1002.638 1002.595 1002.309 1001.859 1001.79 1001.746 1001.77 1001.794 1001.817 1001.841 1001.865 1001.888 1001.912 1001.936 1001.947 1001.925 1001.903 1001.854 1001.803 1001.752 1001.701 1001.651 1001.645 1001.648 1001.65 1001.653 1001.656 1001.658 1001.661 1001.663 1001.666 1001.668 1001.668 1001.669 1001.669 1001.669 1001.671 1001.673 1001.676 1001.678 1001.681 1001.683
1003.157 1003.142 1003.128 1003.114 1003.052 1002.983 1002.914 1002.846 1002.777 1002.708 1002.707 1002.73 1002.753 1002.736 1002.714 1002.692 1002.669 1002.647 1002.625 1002.603 1002.581 1002.552 1002.501 1002.451 1002.401 1002.35 1002.293 1001.681 1001.705 1001.729 1001.752 1001.776 1001.799 1001.823 1001.847 1001.867 1001.845 1001.812 1001.761 1001.71 1001.66 1001.647 1001.649 1001.652 1001.655 1001.657 1001.66 1001.662 1001.665 1001.667 1001.67 1001.672 1001.674 1001.674 1001.674 1001.675 1001.675 1001.676 1001.679 1001.681 1001.684 1001.686 1001.688 1001.694 1001.71 1001.725
1002.989 1002.92 1002.851 1002.783 1002.714 1002.645 1002.597 1002.62 1002.643 1002.666 1002.656 1002.634 1002.612 1002.59 1002.568 1002.546 1002.523 1002.501 1002.458 1002.408 1002.357 1002.307 1002.256 1002.206 1002.156 1002.105 1002.055 1001.656 1001.687 1001.711 1001.734 1001.758 1001.782 1001.765 1001.719 1001.669 1001.648 1001.651 1001.654 1001.656 1001.659 1001.661 1001.664 1001.666 1001.669 1001.672 1001.674 1001.677 1001.679 1001.679 1001.68 1001.68 1001.68 1001.681 1001.681 1001.684 1001.686 1001.689 1001.691 1001.694 1001.705 1001.721 1001.737 1001.752 1001.755 1001.756
1002.651 1002.582 1002.513 1002.511 1002.534 1002.557 1002.58 1002.577 1002.555 1002.532 1002.51 1002.488 1002.466 1002.444 1002.415 1002.365 1002.314 1002.264 1002.213 1002.163 1002.112 1002.062 1002.012 1001.961 1001.911 1001.86 1001.81 1001.637 1001.669 1001.693 1001.678 1001.65 1001.653 1001.655 1001.658 1001.66 1001.663 1001.665 1001.668 1001.67 1001.673 1001.676 1001.678 1001.681 1001.683 1001.685 1001.685 1001.685 1001.686 1001.686 1001.686 1001.687 1001.689 1001.692 1001.694 1001.696 1001.701 1001.716 1001.732 1001.748 1001.763 1001.769 1001.77 1001.77 1001.771 1001.772
1002.424 1002.447 1002.47 1002.493 1002.497 1002.475 1002.453 1002.431 1002.409 1002.386 1002.364 1002.321 1002.271 1002.221 1002.17 1002.12 1002.069 1002.019 1001.968 1001.918 1001.868 1001.817 1001.767 1001.716 1001.666 1001.632 1001.633 1001.637 1001.657 1001.659 1001.662 1001.664 1001.667 1001.669 1001.672 1001.675 1001.677 1001.68 1001.682 1001.685 1001.687 1001.69 1001.69 1001.691 1001.691 1001.691 1001.692 1001.692 1001.692 1001.694 1001.697 1001.699 1001.702 1001.712 1001.728 1001.743 1001.759 1001.774 1001.783 1001.784 1001.785 1001.785 1001.786 1001.787 1001.79 1001.801
1002.407 1002.418 1002.395 1002.373 1002.351 1002.329 1002.307 1002.278 1002.228 1002.177 1002.127 1002.077 1002.026 1001.976 1001.925 1001.875 1001.824 1001.774 1001.724 1001.673 1001.633 1001.636 1001.638 1001.639 1001.641 1001.644 1001.646 1001.648 1001.671 1001.674 1001.676 1001.679 1001.681 1001.684 1001.686 1001.689 1001.692 1001.694 1001.696 1001.696 1001.696 1001.697 1001.697 1001.697 1001.698 1001.698 1001.7 1001.702 1001.704 1001.707 1001.723 1001.739 1001.754 1001.77 1001.786 1001.797 1001.798 1001.799 1001.799 1001.8 1001.801 1001.809 1001.82 1001.831 1001.842 1001.854
1002.294 1002.272 1002.249 1002.227 1002.185 1002.134 1002.084 1002.033 1001.983 1001.933 1001.882 1001.832 1001.781 1001.731 1001.68 1001.635 1001.637 1001.64 1001.642 1001.643 1001.644 1001.646 1001.649 1001.651 1001.654 1001.656 1001.658 1001.661 1001.671 1001.688 1001.69 1001.693 1001.696 1001.698 1001.701 1001.701 1001.702 1001.702 1001.702 1001.703 1001.703 1001.703 1001.703 1001.705 1001.707 1001.71 1001.719 1001.734 1001.75 1001.766 1001.781 1001.797 1001.811 1001.812 1001.813 1001.814 1001.814 1001.817 1001.828 1001.839 1001.85 1001.861 1001.872 1001.883 1001.895 1001.906
1002.142 1002.091 1002.041 1001.99 1001.94 1001.889 1001.839 1001.789 1001.738 1001.688 1001.637 1001.639 1001.641 1001.644 1001.647 1001.649 1001.649 1001.649 1001.652 1001.654 1001.656 1001.659 1001.661 1001.664 1001.666 1001.669 1001.671 1001.676 1001.685 1001.702 1001.705 1001.707 1001.707 1001.707 1001.708 1001.708 1001.708 1001.709 1001.709 1001.709 1001.71 1001.712 1001.715 1001.73 1001.745 1001.761 1001.777 1001.792 1001.808 1001.824 1001.826 1001.827 1001.828 1001.829 1001.835 1001.847 1001.858 1001.869 1001.88 1001.891 1001.902 1001.913 1001.924 1001.937 1001.953 1001.969
1001.897 1001.846 1001.796 1001.745 1001.695 1001.645 1001.64 1001.643 1001.646 1001.648 1001.651 1001.653 1001.654 1001.654 1001.655 1001.657 1001.659 1001.662 1001.664 1001.667 1001.669 1001.671 1001.674 1001.679 1001.69 1001.691 1001.692 1001.692 1001.693 1001.713 1001.713 1001.713 1001.714 1001.714 1001.714 1001.715 1001.715 1001.715 1001.718 1001.725 1001.741 1001.757 1001.772 1001.788 1001.803 1001.819 1001.835 1001.84 1001.841 1001.842 1001.843 1001.854 1001.865 1001.876 1001.888 1001.899 1001.91 1001.921 1001.933 1001.949 1001.965 1001.981 1001.997 1002.013 1002.029 1002.047
1001.652 1001.642 1001.645 1001.647 1001.65 1001.652 1001.655 1001.657 1001.659 1001.66 1001.66 1001.66 1001.662 1001.665 1001.667 1001.669 1001.672 1001.674 1001.677 1001.679 1001.691 1001.704 1001.705 1001.706 1001.706 1001.707 1001.708 1001.709 1001.71 1001.72 1001.72 1001.72 1001.72 1001.72 1001.721 1001.723 1001.736 1001.752 1001.768 1001.783 1001.799 1001.815 1001.83 1001.846 1001.855 1001.855 1001.856 1001.862 1001.873 1001.884 1001.895 1001.906 1001.918 1001.929 1001.945 1001.961 1001.977 1001.993 1002.009 1002.025 1002.041 1002.057 1002.079 1002.103 1002.128 1002.152
1001.654 1001.656 1001.659 1001.661 1001.664 1001.665 1001.665 1001.666 1001.666 1001.667 1001.67 1001.672 1001.675 1001.677 1001.68 1001.682 1001.687 1001.703 1001.718 1001.719 1001.72 1001.72 1001.721 1001.722 1001.723 1001.724 1001.724 1001.725 1001.734 1001.726 1001.726 1001.726 1001.732 1001.748 1001.763 1001.779 1001.794 1001.81 1001.826 1001.841 1001.857 1001.869 1001.869 1001.87 1001.881 1001.892 1001.903 1001.914 1001.925 1001.941 1001.957 1001.973 1001.989 1002.005 1002.021 1002.037 1002.053 1002.069 1002.086 1002.111 1002.135 1002.159 1002.184 1002.193 1002.194 1002.195
1001.668 1001.67 1001.671 1001.671 1001.671 1001.672 1001.673 1001.675 1001.678 1001.68 1001.682 1001.685 1001.687 1001.699 1001.715 1001.73 1001.733 1001.734 1001.734 1001.735 1001.736 1001.737 1001.738 1001.738 1001.742 1001.753 1001.764 1001.775 1001.786 1001.797 1001.759 1001.774 1001.79 1001.806 1001.821 1001.837 1001.853 1001.868 1001.883 1001.884 1001.888 1001.899 1001.911 1001.922 1001.936 1001.952 1001.968 1001.984 1002 1002.017 1002.033 1002.049 1002.065 1002.081 1002.097 1002.118 1002.142 1002.167 1002.191 1002.216 1002.229 1002.23 1002.231 1002.232 1002.233 1002.234
1001.677 1001.677 1001.677 1001.678 1001.68 1001.683 1001.685 1001.688 1001.69 1001.695 1001.711 1001.726 1001.742 1001.747 1001.747 1001.748 1001.749 1001.75 1001.751 1001.752 1001.752 1001.761 1001.772 1001.783 1001.794 1001.805 1001.816 1001.827 1001.838 1001.849 1001.817 1001.832 1001.848 1001.864 1001.879 1001.895 1001.898 1001.907 1001.918 1001.932 1001.948 1001.964 1001.98 1001.996 1002.012 1002.028 1002.044 1002.06 1002.076 1002.093 1002.109 1002.125 1002.149 1002.174 1002.198 1002.223 1002.247 1002.266 1002.267 1002.268 1002.269 1002.27 1002.271 1002.285 1002.306 1002.326
1001.683 1001.686 1001.688 1001.691 1001.693 1001.695 1001.707 1001.723 1001.738 1001.754 1001.761 1001.761 1001.762 1001.763 1001.764 1001.765 1001.766 1001.769 1001.78 1001.791 1001.802 1001.813 1001.824 1001.835 1001.846 1001.857 1001.868 1001.879 1001.89 1001.901 1001.897 1001.891 1001.906 1001.915 1001.928 1001.944 1001.96 1001.976 1001.992 1002.008 1002.024 1002.04 1002.056 1002.072 1002.088 1002.104 1002.12 1002.136 1002.157 1002.181 1002.206 1002.23 1002.255 1002.279 1002.302 1002.303 1002.304 1002.305 1002.306 1002.31 1002.331 1002.351 1002.371 1002.392 1002.412 1002.433
1001.696 1001.698 1001.703 1001.719 1001.734 1001.75 1001.765 1001.775 1001.775 1001.776 1001.777 1001.778 1001.779 1001.779 1001.788 1001.799 1001.81 1001.821 1001.832 1001.843 1001.854 1001.865 1001.876 1001.887 1001.898 1001.909 1001.921 1001.932 1001.944 1001.955 1001.929 1001.956 1001.972 1001.988 1002.004 1002.02 1002.036 1002.052 1002.068 1002.084 1002.1 1002.116 1002.132 1002.148 1002.164 1002.188 1002.213 1002.237 1002.262 1002.286 1002.311 1002.335 1002.339 1002.34 1002.341 1002.343 1002.355 1002.376 1002.396 1002.417 1002.437 1002.458 1002.478 1002.505 1002.533 1002.56
1001.731 1001.746 1001.762 1001.777 1001.789 1001.789 1001.79 1001.791 1001.792 1001.793 1001.796 1001.807 1001.818 1001.829 1001.84 1001.851 1001.862 1001.873 1001.884 1001.895 1001.906 1001.917 1001.929 1001.941 1001.956 1001.974 1001.991 1001.992 1001.993 1001.995 1001.996 1002.032 1002.048 1002.064 1002.08 1002.096 1002.112 1002.128 1002.144 1002.16 1002.176 1002.195 1002.22 1002.245 1002.269 1002.294 1002.318 1002.342 1002.367 1002.376 1002.377 1002.378 1002.38 1002.4 1002.421 1002.441 1002.462 1002.482 1002.506 1002.533 1002.56 1002.587 1002.614 1002.641 1002.668 1002.695
1001.789 1001.803 1001.803 1001.804 1001.805 1001.806 1001.807 1001.815 1001.826 1001.837 1001.848 1001.859 1001.87 1001.881 1001.892 1001.903 1001.914 1001.925 1001.937 1001.953 1001.969 1001.985 1002.007 1002.027 1002.028 1002.029 1002.031 1002.032 1002.033 1002.034 1002.035 1002.047 1002.124 1002.14 1002.156 1002.172 1002.188 1002.204 1002.227 1002.252 1002.276 1002.301 1002.325 1002.35 1002.374 1002.399 1002.412 1002.413 1002.414 1002.425 1002.445 1002.466 1002.486 1002.507 1002.533 1002.56 1002.588 1002.615 1002.642 1002.669 1002.696 1002.723 1002.75 1002.777 1002.804 1002.828
1001.818 1001.819 1001.82 1001.823 1001.834 1001.845 1001.856 1001.867 1001.878 1001.889 1001.9 1001.911 1001.922 1001.933 1001.949 1001.965 1001.981 1001.997 1002.015 1002.039 1002.063 1002.064 1002.065 1002.066 1002.068 1002.069 1002.07 1002.071 1002.073 1002.074 1002.089 1002.127 1002.2 1002.216 1002.234 1002.259 1002.283 1002.308 1002.332 1002.357 1002.381 1002.406 1002.43 1002.448 1002.45 1002.451 1002.47 1002.49 1002.511 1002.534 1002.561 1002.588 1002.615 1002.642 1002.669 1002.696 1002.723 1002.75 1002.774 1002.794 1002.813 1002.834 1002.866 1002.898 1002.929 1002.959
1001.842 1001.853 1001.864 1001.875 1001.886 1001.897 1001.908 1001.919 1001.93 1001.946 1001.962 1001.978 1001.993 1002.009 1002.025 1002.047 1002.072 1002.096 1002.1 1002.101 1002.102 1002.104 1002.105 1002.106 1002.107 1002.108 1002.114 1002.135 1002.155 1002.175 1002.196 1002.216 1002.291 1002.315 1002.34 1002.364 1002.389 1002.413 1002.438 1002.462 1002.485 1002.486 1002.495 1002.515 1002.535 1002.561 1002.588 1002.615 1002.642 1002.669 1002.697 1002.721 1002.74 1002.759 1002.778 1002.801 1002.833 1002.866 1002.897 1002.928 1002.958 1002.969 1002.969 1002.968 1002.967 1002.966
1001.894 1001.905 1001.916 1001.927 1001.942 1001.958 1001.974 1001.99 1002.006 1002.022 1002.038 1002.055 1002.08 1002.104 1002.128 1002.136 1002.137 1002.138 1002.139 1002.141 1002.142 1002.143 1002.144 1002.16 1002.18 1002.201 1002.221 1002.241 1002.262 1002.282 1002.302 1002.323 1002.387 1002.42 1002.445 1002.469 1002.494 1002.518 1002.522 1002.54 1002.562 1002.589 1002.616 1002.643 1002.668 1002.687 1002.706 1002.725 1002.744 1002.769 1002.801 1002.833 1002.865 1002.896 1002.926 1002.957 1002.969 1002.969 1002.968 1002.967 1002.966 1002.965 1002.964 1002.964 1002.963 1002.962
1001.954 1001.97 1001.986 1002.002 1002.018 1002.034 1002.05 1002.066 1002.088 1002.112 1002.136 1002.161 1002.172 1002.173 1002.174 1002.175 1002.177 1002.178 1002.179 1002.185 1002.205 1002.226 1002.246 1002.266 1002.287 1002.307 1002.327 1002.348 1002.368 1002.389 1002.41 1002.437 1002.467 1002.525 1002.55 1002.564 1002.589 1002.615 1002.634 1002.653 1002.672 1002.691 1002.71 1002.736 1002.768 1002.8 1002.832 1002.864 1002.895 1002.925 1002.955 1002.97 1002.969 1002.968 1002.967 1002.966 1002.965 1002.964 1002.964 1002.963 1002.962 1002.961 1002.96 1002.959 1002.959 1002.958
