SIN0=(0.18530731365909842,1.0,1.97,MASK0)
SIN1=(0.09633564684325872,2.0,-2.2,MASK0)
SIN2=(0.10835218554520518,2.5,-0.01,MASK0)
SIN3=(0.10068736534136613,3.5,0.37,MASK0)
SIN4=(0.0965276523894086,5.0,-0.24,MASK0)
SIN5=(0.030632705590297397,6.0,-0.46,MASK0)
SIN6=(0.10068736534136613,3.5,0.37,MASK0)
SIN7=(0.1083521855452052,2.5,-0.01,MASK0)
SIN8=(0.09633564684325872,2.0,-2.2,MASK0)
SIN9=(0.18530731365909842,1.0,1.97,MASK0)

