SIN0=(0.054289053997606106,1.0,-0.99,MASK0)
SIN1=(0.06100295562924124,2.0,-0.66,MASK0)
SIN2=(0.045746358477490444,2.5,-2.79,MASK0)
SIN3=(0.0160569794178679,4.0,-0.82,MASK0)
SIN4=(0.028880420229652655,4.5,0.0,MASK0)
SIN5=(0.03508338562175895,6.0,-0.43,MASK0)
SIN6=(0.07050147122473918,7.0,0.12,MASK0)
SIN7=(0.01603836082452948,7.5,0.32,MASK0)
SIN8=(0.019498571230519755,8.5,-2.61,MASK0)
SIN9=(0.03353708553373305,9.5,0.29,MASK0)
SIN10=(0.018793124437610338,10.5,0.67,MASK0)
SIN11=(0.028177438505301418,12.0,-0.4,MASK0)
SIN12=(0.0185143633988209,12.5,2.64,MASK0)
SIN13=(0.015926144367526852,13.5,0.62,MASK0)
SIN14=(0.011687623959556186,14.5,-1.13,MASK0)
SIN15=(0.014886770018136663,15.5,0.69,MASK0)
SIN16=(0.018514363398820895,12.5,2.64,MASK0)
SIN17=(0.028177438505301418,12.0,-0.4,MASK0)
SIN18=(0.018793124437610338,10.5,0.67,MASK0)
SIN19=(0.03353708553373305,9.5,0.29,MASK0)
SIN20=(0.01949857123051975,8.5,-2.61,MASK0)
SIN21=(0.01603836082452948,7.5,0.32,MASK0)
SIN22=(0.07050147122473917,7.0,0.12,MASK0)
SIN23=(0.03508338562175895,6.0,-0.43,MASK0)
SIN24=(0.02888042022965266,4.5,0.0,MASK0)
SIN25=(0.0160569794178679,4.0,-0.82,MASK0)
SIN26=(0.04574635847749045,2.5,-2.79,MASK0)
SIN27=(0.06100295562924124,2.0,-0.66,MASK0)
SIN28=(0.054289053997606106,1.0,-0.99,MASK0)

