SIN0=(0.1853073136590984,1.0,1.97,MASK0)
SIN1=(0.09633564684325875,2.0,-2.2,MASK0)
SIN2=(0.1083521855452052,2.5,-0.01,MASK0)
SIN3=(0.10068736534136612,3.5,0.37,MASK0)
SIN4=(0.0965276523894086,5.0,-0.24,MASK0)
SIN5=(0.030632705590297394,6.0,-0.46,MASK0)
SIN6=(0.02385382978577314,6.5,2.89,MASK0)
SIN7=(0.017268496337135886,7.5,3.09,MASK0)
SIN8=(0.09652765238940857,5.0,-0.24,MASK0)
SIN9=(0.10068736534136612,3.5,0.37,MASK0)
SIN10=(0.1083521855452052,2.5,-0.01,MASK0)
SIN11=(0.09633564684325875,2.0,-2.2,MASK0)
SIN12=(0.1853073136590984,1.0,1.97,MASK0)

