SIN0=(0.033277574913184546,1.5,-0.0,MASK0)
SIN1=(0.026855664839538034,2.5,2.99,MASK0)
SIN2=(0.02180365384305421,4.0,-2.55,MASK0)
SIN3=(0.004951680838065904,5.0,-2.0,MASK0)
SIN4=(0.010759677616794912,7.0,0.27,MASK0)
SIN5=(0.0050984324276738885,7.5,-2.58,MASK0)
SIN6=(0.014273255550014255,6.0,-2.06,MASK0)
SIN7=(0.004951680838065904,5.0,-2.0,MASK0)
SIN8=(0.026855664839538038,2.5,2.99,MASK0)
SIN9=(0.033277574913184546,1.5,-0.0,MASK0)
SIN10=(0.01998983098342377,1.0,1.39,MASK0)

