SIN0=(0.01998983098342377,1.0,1.39,MASK0)
SIN1=(0.03327757491318455,1.5,-0.0,MASK0)
SIN2=(0.02685566483953803,2.5,2.99,MASK0)
SIN3=(0.021803653843054202,4.0,-2.55,MASK0)
SIN4=(0.004951680838065906,5.0,-2.0,MASK0)
SIN5=(0.014273255550014255,6.0,-2.06,MASK0)
SIN6=(0.010759677616794912,7.0,0.27,MASK0)
SIN7=(0.005098432427673888,7.5,-2.58,MASK0)
SIN8=(0.0014357277676982543,9.0,2.74,MASK0)
SIN9=(0.014273255550014255,6.0,-2.06,MASK0)
SIN10=(0.004951680838065903,5.0,-2.0,MASK0)
SIN11=(0.021803653843054202,4.0,-2.55,MASK0)
SIN12=(0.026855664839538034,2.5,2.99,MASK0)
SIN13=(0.03327757491318455,1.5,-0.0,MASK0)
SIN14=(0.019989830983423773,1.0,1.39,MASK0)

