samples/site316/site316_v1/site316_v1/sfe316_v1.asc
ncols         188
nrows         82
xllcorner     95.60000000149
yllcorner     59.199999999255
cellsize      1
NODATA_value  -9999
[rows 28 to 55 of 82, columns 0 to 63 of 188]
-9999 -9999 605.8429 603.9508 602.3387 602.5292 603.9365 604.3256 604.3185 604.3203 604.3312 604.3423 604.3545 604.3676 604.3779 604.3864 604.4029 604.4125 604.4252 604.4335 604.4452 604.4564 604.4703 604.4805 604.4875 604.4996 604.5079 604.52 604.5287 604.5378 604.5479 604.5557 604.5628 604.5702 604.5776 604.5862 604.5926 604.5989 604.6068 604.6118 604.6146 604.622 604.6231 604.6301 604.6334 604.6379 604.639 604.6431 604.6419 604.6466 604.644 604.6451 604.6461 604.6407 604.6392 604.6434 604.6387 604.6345 604.6275 604.619 604.6241 604.6188 604.6162 604.608
-9999 -9999 605.756 603.7728 602.196 602.3865 603.7384 603.9492 603.8976 603.9579 604.0154 604.097 604.1878 604.2835 604.276 604.2866 604.3012 604.3115 604.3236 604.3318 604.344 604.3561 604.3696 604.3785 604.3862 604.3981 604.4062 604.4189 604.427 604.4364 604.446 604.4541 604.4612 604.4686 604.4761 604.4847 604.4913 604.4975 604.505 604.5104 604.5128 604.5202 604.522 604.5289 604.5322 604.535 604.5379 604.5405 604.5413 604.5461 604.5435 604.5446 604.5435 604.5403 604.5389 604.541 604.5383 604.5342 604.5272 604.5187 604.5225 604.5187 604.5161 604.508
-9999 -9999 605.6691 603.5948 602.0533 602.2438 603.4798 603.4567 603.4051 603.4916 603.5334 603.5958 603.6743 603.7614 603.7969 603.8976 603.9889 604.0765 604.1859 604.241 604.2428 604.2558 604.269 604.2764 604.2853 604.2965 604.3046 604.3177 604.3253 604.335 604.3444 604.3524 604.3596 604.367 604.3747 604.3826 604.3899 604.3959 604.4025 604.4089 604.4111 604.4185 604.421 604.4265 604.4314 604.4323 604.4368 604.4376 604.4407 604.4435 604.4429 604.4441 604.441 604.4399 604.4385 604.4386 604.4379 604.4339 604.4269 604.4185 604.4205 604.4186 604.416 604.408
-9999 -9999 605.5823 603.4196 601.9106 602.1011 602.9783 602.9642 602.9393 603.0094 603.0515 603.0946 603.1608 603.2393 603.2521 603.3469 603.4194 603.4799 603.5593 603.6595 603.7487 603.8624 603.9723 604.0286 604.1531 604.1975 604.2034 604.2162 604.2236 604.2336 604.2428 604.2506 604.258 604.2654 604.2732 604.2812 604.2886 604.2942 604.3009 604.3074 604.3093 604.3167 604.3198 604.3232 604.3305 604.3294 604.3356 604.3349 604.3401 604.3411 604.3422 604.3436 604.3386 604.3395 604.3381 604.3364 604.3375 604.3336 604.3265 604.3182 604.3181 604.3185 604.3158 604.308
-9999 -9999 605.4954 603.2659 601.7679 601.9584 602.4771 602.47 602.4796 602.5281 602.5504 602.5748 602.6473 602.7039 602.7073 602.7928 602.8499 602.8832 602.9358 603.0511 603.1133 603.2281 603.3129 603.3607 603.4572 603.535 603.6752 603.7924 603.8586 603.9927 604.0833 604.1545 604.1564 604.1638 604.1718 604.1799 604.1872 604.1924 604.1993 604.2059 604.2076 604.215 604.2186 604.2218 604.2297 604.2279 604.2345 604.2323 604.2395 604.2386 604.2416 604.2431 604.2361 604.2391 604.2377 604.2341 604.2371 604.2333 604.2261 604.218 604.216 604.2184 604.2156 604.208
-9999 -9999 605.4085 603.1121 601.6251 601.8157 601.9758 601.969 602.0154 602.0464 602.049 602.0524 602.1339 602.1587 602.1625 602.2338 602.2803 602.2865 602.3392 602.4244 602.4537 602.5786 602.619 602.6929 602.7614 602.8049 602.9385 603.0098 603.1108 603.2106 603.3011 603.4036 603.5007 603.5767 603.6864 603.8569 603.917 604.0216 604.1035 604.1044 604.1058 604.1123 604.1173 604.1208 604.1288 604.1268 604.1334 604.1317 604.1389 604.1361 604.1411 604.1407 604.1335 604.1387 604.1373 604.1317 604.1367 604.133 604.1257 604.1179 604.114 604.1182 604.1154 604.108
-9999 -9999 605.3216 602.9584 601.4824 601.673 601.6677 601.6868 601.6988 601.6927 601.689 601.7153 601.7188 601.7118 601.7305 601.741 601.7339 601.7459 601.7425 601.7982 601.8076 601.9193 601.9232 602.025 602.0656 602.0994 602.202 602.2272 602.3635 602.4165 602.5189 602.5693 602.6666 602.7421 602.8383 602.9634 603.0231 603.1277 603.2368 603.2537 603.4149 603.5283 603.5527 603.7538 603.7469 603.9387 603.9303 604.037 604.0383 604.0346 604.0405 604.0382 604.0317 604.0383 604.0364 604.0298 604.0364 604.0327 604.0253 604.0176 604.0117 604.0181 604.0152 604.008
-9999 -9999 605.2347 602.8047 601.3397 601.4487 601.4423 601.4614 601.4733 601.4673 601.4698 601.4962 601.4998 601.4929 601.5104 601.5155 601.5085 601.5204 601.536 601.5372 601.5688 601.5684 601.59 601.6012 601.605 601.6278 601.6209 601.6479 601.6512 601.666 601.7368 601.7349 601.8325 601.9045 601.9899 602.0695 602.0967 602.234 602.2748 602.2917 602.4524 602.5178 602.5103 602.7117 602.7048 602.801 602.793 602.9116 602.9045 603.105 603.1392 603.1318 603.3043 603.2975 603.2903 603.5079 603.5007 603.4935 603.486 603.4788 603.7323 603.7534 603.7465 603.7394
-9999 -9999 605.1478 602.6509 601.197 601.2232 601.2168 601.2359 601.2479 601.2473 601.2507 601.2727 601.2809 601.2744 601.2905 601.29 601.283 601.295 601.3105 601.3128 601.3455 601.3497 601.3762 601.3886 601.3923 601.409 601.4055 601.4365 601.4507 601.4775 601.4882 601.4924 601.5074 601.5156 601.5291 601.529 601.5545 601.5514 601.5491 601.5714 601.5679 601.5613 601.5715 601.6693 601.6623 601.6633 601.6562 601.6606 601.6536 601.855 601.8883 601.8812 601.9156 601.9087 601.9005 601.9453 601.9382 601.9304 601.9233 601.9163 601.9762 601.9677 601.9608 601.9537
-9999 -9999 605.061 602.4972 601.0543 600.9979 600.9913 601.0043 601.0223 601.0281 601.0316 601.0504 601.0615 601.0554 601.0705 601.0646 601.0576 601.0695 601.0851 601.0884 601.1201 601.1343 601.1705 601.176 601.1796 601.1902 601.192 601.2334 601.2527 601.2729 601.3022 601.2975 601.3116 601.3199 601.328 601.3359 601.3652 601.3639 601.3654 601.3884 601.3863 601.3843 601.3977 601.4017 601.3969 601.3942 601.3907 601.3836 601.3935 601.4006 601.3922 601.3852 601.3779 601.3738 601.3655 601.3586 601.3516 601.3437 601.3373 601.3334 601.3297 601.324 601.317 601.31
-9999 -9999 604.9741 602.3434 600.9116 600.7726 600.7657 600.7716 600.7968 600.809 600.8126 600.8313 600.8424 600.8364 600.8458 600.8391 600.8321 600.8428 600.8597 600.8641 600.8945 600.9205 600.96 600.9635 600.9669 600.9714 600.9784 601.0204 601.0543 601.083 601.1161 601.1025 601.1158 601.1243 601.1268 601.1428 601.1755 601.178 601.1817 601.2029 601.2052 601.2073 601.2206 601.2202 601.2214 601.2213 601.2219 601.2148 601.2247 601.228 601.2197 601.2126 601.2057 601.205 601.1971 601.1902 601.1832 601.1754 601.1747 601.1734 601.1715 601.1696 601.1628 601.1558
-9999 -9999 604.8872 602.1898 600.7689 600.5471 600.54 600.5441 600.5712 600.5899 600.5936 600.6122 600.6234 600.6174 600.6205 600.6137 600.6067 600.61 600.6342 600.6396 600.6772 600.7067 600.7495 600.7509 600.7542 600.7526 600.7669 600.8077 600.8559 600.9019 600.9302 600.9075 600.92 600.9286 600.9286 600.9496 600.9858 600.9922 600.998 601.017 601.0237 601.0302 601.0436 601.039 601.0445 601.0484 601.0532 601.0461 601.056 601.0553 601.0471 601.0401 601.0366 601.0361 601.0289 601.0218 601.0148 601.007 601.0098 601.0119 601.0157 601.0153 601.0084 601.0015
-9999 -9999 604.7288 602.036 600.3852 600.2555 600.338 600.33 600.3456 600.3708 600.3747 600.3931 600.4045 600.3985 600.3951 600.3882 600.3812 600.3779 600.4088 600.418 600.4614 600.5038 600.5389 600.5383 600.5403 600.5338 600.5635 600.609 600.6575 600.7139 600.7441 600.7186 600.7243 600.7319 600.7339 600.7565 600.7957 600.8063 600.8143 600.8353 600.8452 600.8532 600.8643 600.8577 600.8672 600.876 600.8843 600.8774 600.8872 600.8826 600.8746 600.8676 600.868 600.8672 600.8601 600.8534 600.8464 600.8384 600.8451 600.8509 600.8613 600.8611 600.8539 600.8472
-9999 -9999 604.5508 601.8823 599.863 599.7994 599.8309 599.9725 599.84 599.8555 599.9845 600.1765 600.0505 600.193 600.07 600.1145 600.1815 600.065 600.255 600.2815 600.2457 600.3 600.3284 600.3257 600.3218 600.3149 600.3604 600.4132 600.4624 600.5309 600.5582 600.5325 600.5285 600.5308 600.5392 600.569 600.6049 600.6204 600.6312 600.6548 600.6682 600.6762 600.6831 600.6762 600.6902 600.7066 600.7155 600.7086 600.7167 600.7099 600.702 600.695 600.6993 600.6987 600.6917 600.6849 600.6779 600.67 600.6805 600.6894 600.707 600.7069 600.6995 600.6929
-9999 605.6552 604.3728 601.7286 600.4193 600.341 599.998 599.9185 599.757 599.8685 599.9335 599.8885 599.7725 599.853 600.0135 600.1915 600.225 599.9635 600.14 600.3275 600.323 600.1205 599.9875 600.0525 600.0775 599.9945 600.2185 600.2174 600.283 600.348 600.3721 600.3464 600.3327 600.3301 600.3445 600.3832 600.4143 600.4345 600.4491 600.4744 600.4911 600.4991 600.502 600.4951 600.5163 600.5392 600.5468 600.5397 600.5439 600.5371 600.5294 600.5226 600.5307 600.5303 600.5232 600.5164 600.5094 600.5018 600.5158 600.5293 600.5526 600.5525 600.5449 600.5386
-9999 605.5682 604.1948 601.5748 600.6308 600.538 600.4614 600.3975 600.3456 600.199 600.0265 600.0595 600.022 599.848 600.03 599.9995 599.9674 599.848 600.0755 600.0445 599.9725 600.056 600.088 600.0905 600.075 599.925 600.1255 600.099 600.0695 600.1775 600.1862 600.1635 600.0865 600.1685 600.1499 600.196 600.2244 600.2487 600.267 600.294 600.3141 600.3221 600.3209 600.317 600.3466 600.3719 600.3779 600.3708 600.3713 600.3643 600.3569 600.3502 600.3621 600.3618 600.3547 600.3479 600.3409 600.3334 600.3547 600.378 600.3983 600.3981 600.3906 600.3842
-9999 605.4814 604.0168 601.4211 600.8418 600.7495 600.6825 600.6122 600.5557 600.4878 600.4269 600.3531 600.2905 600.1645 600.0385 600.0395 599.871 599.8145 600.0955 600.1085 599.8695 599.903 600.0007 599.96 599.967 600.04 599.956 599.9935 600.0225 599.827 599.78 600.057 600.0595 600.0845 600.056 599.928 599.9495 599.964 600.019 600.1136 600.1371 600.1451 600.1394 600.143 600.1769 600.2047 600.2091 600.202 600.1987 600.1915 600.1843 600.1776 600.1934 600.1934 600.1863 600.1794 600.1724 600.1701 600.1968 600.2266 600.2438 600.2438 600.2363 600.2298
-9999 605.3945 603.8388 601.2673 601.0505 600.9678 600.9036 600.8286 600.7638 600.6981 600.6346 600.559 600.4592 600.3554 600.277 600.243 600.0525 599.909 600.1675 600.2765 599.9875 600.0175 600.084 600.077 600.0745 600.135 599.9075 599.837 599.9362 599.954 599.9565 599.8445 599.8035 599.781 599.773 599.8435 599.8475 599.836 599.849 599.852 599.8635 599.843 599.8255 599.687 599.944 599.971 600.0569 599.922 599.9295 599.9969 599.902 600.022 600.0248 600.0249 600.0178 600.0109 600.0038 600.0081 600.0388 600.0747 600.0895 600.0896 600.0821 600.0754
-9999 605.3076 603.6608 601.3461 601.2706 601.1876 601.1119 601.0449 600.9717 600.9066 600.8418 600.7587 600.6639 600.5723 600.4935 600.4138 600.3459 600.2834 600.2485 600.2675 600.1 600.045 600.076 600.227 600.085 600.143 600.121 599.847 599.7545 599.866 600.037 599.793 599.81 599.687 599.7707 599.747 599.669 599.641 599.6015 599.6 599.782 599.825 599.5825 599.407 599.455 599.4155 599.592 599.464 599.384 599.468 599.4255 599.485 599.5049 599.7615 599.6635 599.6315 599.4965 599.715 599.9015 600.0005 599.935 599.9505 599.9435 599.845
-9999 605.2207 603.4828 601.5554 601.4849 601.4087 601.3243 601.2565 601.182 601.1163 601.0477 600.9565 600.8654 600.7888 600.7096 600.6302 600.5673 600.5039 600.4493 600.423 600.3854 600.3437 600.2689 600.25 600.065 600.0015 600.0595 600.136 600.1305 599.9575 600.0725 599.9045 599.9645 599.7885 599.9 599.8954 599.805 599.781 599.721 599.5025 599.6725 599.7385 599.4905 599.4846 599.4653 599.3335 599.5175 599.5245 599.465 599.4635 599.461 599.4595 599.5025 599.569 599.376 599.491 599.3635 599.3785 599.458 599.5035 599.511 599.525 599.533 599.5
-9999 605.1339 603.3048 601.777 601.7032 601.6208 601.5364 601.4643 601.3918 601.3206 601.2536 601.1669 601.0796 601.0052 600.9258 600.8505 600.7885 600.7255 600.6725 600.6363 600.5956 600.5459 600.4626 600.3871 600.3279 600.3047 600.2947 600.321 600.3052 600.2674 600.2012 600.1545 599.9815 599.815 599.8585 599.901 599.8405 600.0165 599.996 599.672 599.5715 599.5715 599.6365 599.5625 599.505 599.553 599.6085 599.4435 599.5421 599.422 599.5045 599.4075 599.52 599.571 599.478 599.3628 599.3625 599.4136 599.4478 599.4526 599.316 599.2805 599.5135 599.6495
-9999 605.0469 603.1268 602.1025 601.9452 601.812 601.7484 601.6721 601.598 601.5279 601.4539 601.3765 601.2978 601.2217 601.1425 601.072 601.0079 600.9471 600.8937 600.8495 600.806 600.746 600.6568 600.5973 600.5376 600.5151 600.4927 600.5152 600.4908 600.4493 600.3815 600.2972 600.2502 600.2405 600.2147 600.1863 600.1565 600.134 600.128 600.1035 600.037 599.8055 599.8975 599.9215 599.8515 599.729 599.6405 599.501 599.6475 599.464 599.5655 599.4595 599.596 599.53 599.4165 599.5165 599.5385 599.4485 599.462 599.6335 599.4465 599.3806 599.6545 599.593
-9999 604.9601 602.9488 602.5436 602.4028 602.2374 602.0847 601.9253 601.7905 601.7363 601.6642 601.5855 601.516 601.438 601.3586 601.2934 601.2261 601.1614 601.1071 601.061 601.0162 600.9487 600.8636 600.8076 600.7507 600.7256 600.6908 600.7042 600.6765 600.6303 600.5545 600.4898 600.4495 600.4346 600.402 600.3754 600.3405 600.3183 600.3075 600.2778 600.2368 600.1957 600.1716 600.1625 600.1536 600.1375 600.1064 600.0536 599.929 599.6755 599.7065 599.867 599.945 599.8815 599.7445 599.6615 599.806 599.807 599.558 599.65 599.8355 599.8695 599.72 599.5795
-9999 604.8732 603.0795 602.9847 602.8604 602.6938 602.5642 602.4051 602.256 602.1047 601.9237 601.7695 601.7335 601.6546 601.5765 601.5139 601.4443 601.3757 601.3205 601.2697 601.2166 601.1472 601.075 601.0178 600.9641 600.9355 600.8889 600.8918 600.8621 600.8113 600.7303 600.6823 600.6445 600.6249 600.5893 600.5626 600.5247 600.5023 600.487 600.4553 600.4122 600.3727 600.3477 600.3379 600.325 600.3051 600.2722 600.2228 600.1721 600.1531 600.1459 600.1364 600.1288 600.0991 600.0594 600.0413 600.0332 600.0263 600.0213 600.0484 600.0632 600.0583 600.0515 600.0421
-9999 604.7863 603.5186 603.4109 603.3179 603.1736 603.0515 602.9039 602.7544 602.6071 602.46 602.2819 602.1661 601.9818 601.7928 601.7321 601.6634 601.592 601.5339 601.4784 601.4194 601.345 601.2864 601.2223 601.1803 601.1423 601.0887 601.0796 601.0472 600.9923 600.9244 600.8748 600.8373 600.8128 600.7766 600.7466 600.7089 600.682 600.6667 600.6307 600.5884 600.5497 600.5231 600.5118 600.4966 600.4727 600.4361 600.3919 600.3412 600.3248 600.3179 600.304 600.2931 600.2633 600.2225 600.209 600.1973 600.1905 600.1801 600.2024 600.2172 600.2124 600.2023 600.1929
-9999 604.6994 603.9577 603.8645 603.7659 603.6509 603.5313 603.4084 603.2688 603.1166 602.9964 602.8465 602.7159 602.5488 602.3866 602.1882 602.0618 601.8729 601.72 601.6872 601.6221 601.5494 601.4978 601.4331 601.3929 601.3438 601.2891 601.2673 601.2312 601.1675 601.1183 601.0694 601.03 601.0006 600.9626 600.9307 600.8956 600.8618 600.8465 600.8051 600.765 600.7267 600.6984 600.6832 600.6682 600.6403 600.6 600.561 600.514 600.4964 600.4862 600.4717 600.4573 600.4275 600.3889 600.3771 600.3615 600.3547 600.3408 600.358 600.3712 600.3664 600.3531 600.3437
-9999 604.6125 604.3269 604.3195 604.2361 604.1305 604.0173 603.9255 603.7834 603.6542 603.5326 603.4133 603.2865 603.1199 602.9684 602.8038 602.6749 602.5209 602.3607 602.1701 602.0009 601.7921 601.6925 601.6462 601.6003 601.5453 601.4894 601.455 601.4152 601.3574 601.3121 601.2643 601.2228 601.1885 601.1486 601.1147 601.0763 601.0415 601.024 600.9803 600.9417 600.9038 600.8738 600.8546 600.8385 600.8079 600.7686 600.7293 600.6901 600.668 600.6539 600.6395 600.6215 600.5928 600.5556 600.5451 600.5255 600.5189 600.5024 600.5147 600.5251 600.5203 600.5039 600.4945
-9999 604.5256 604.4259 604.402 604.3779 604.3517 604.3262 604.3032 604.285 604.2103 604.0705 603.9801 603.864 603.7065 603.5582 603.425 603.2972 603.1689 603.0346 602.8247 602.6943 602.507 602.3532 602.2178 602.0321 601.8467 601.664 601.6426 601.5992 601.5515 601.5059 601.4592 601.4155 601.3763 601.3345 601.299 601.257 601.2213 601.2015 601.1556 601.1201 601.0808 601.0491 601.026 601.0062 600.9756 600.9381 600.8945 600.8659 600.8397 600.8217 600.8074 600.7858 600.7603 600.7224 600.7132 600.6896 600.6832 600.6639 600.6685 600.6791 600.6741 600.6547 600.6453
