samples/site316/site316_v1/site316_v1/sfe316_v1.asc
ncols         188
nrows         82
xllcorner     95.60000000149
yllcorner     59.199999999255
cellsize      1
NODATA_value  -9999
[rows 0 to 27 of 82, columns 0 to 63 of 188]
-9999 -9999 -9999 -9999 606.3241 606.3171 606.3101 606.3031 606.2961 606.2891 606.2821 606.2751 606.2682 606.2612 606.2543 606.2474 606.2404 606.2335 606.2265 606.2195 606.2126 606.2057 606.1987 606.1917 606.1848 606.1778 606.1708 606.1639 606.1569 606.15 606.143 606.136 606.129 606.1221 606.1151 606.1081 606.1011 606.0942 606.0872 606.0802 606.0732 606.0663 606.0593 606.0524 606.0453 606.0384 606.0314 606.0244 606.0174 606.0104 606.0034 605.9964 605.9894 605.9825 605.9755 605.9685 605.9615 605.9545 605.9475 605.9405 605.9335 605.9265 605.9195 605.9125
-9999 -9999 -9999 -9999 606.2534 606.2634 606.2562 606.2491 606.2422 606.2353 606.2284 606.2217 606.2151 606.2087 606.2023 606.196 606.1896 606.1832 606.1768 606.1702 606.1637 606.1573 606.1503 606.144 606.1374 606.1302 606.1243 606.1178 606.1112 606.1042 606.098 606.0911 606.0845 606.0779 606.0713 606.0644 606.0577 606.0511 606.0444 606.0375 606.0308 606.0242 606.0173 606.0106 606.0038 605.9969 605.9902 605.9833 605.9764 605.9695 605.9627 605.9558 605.9489 605.942 605.9351 605.9282 605.9213 605.9143 605.9075 605.9004 605.8933 605.8864 605.8795 605.8726
-9999 -9999 -9999 -9999 606.0652 606.2095 606.2028 606.1954 606.1884 606.1815 606.1746 606.1688 606.1615 606.1558 606.1499 606.1442 606.1383 606.1324 606.1266 606.1204 606.1146 606.1088 606.1014 606.0967 606.0895 606.0823 606.0773 606.0713 606.0653 606.058 606.053 606.0457 606.0396 606.0334 606.0274 606.021 606.0139 606.0079 606.0016 605.9943 605.9881 605.9821 605.9755 605.9686 605.9622 605.9551 605.9489 605.9418 605.9355 605.9283 605.9221 605.915 605.9084 605.9016 605.8948 605.888 605.881 605.8738 605.8674 605.8603 605.8531 605.8463 605.8392 605.8326
-9999 -9999 -9999 -9999 605.9067 606.1553 606.1486 606.1418 606.1345 606.1276 606.1206 606.1155 606.1082 606.1029 606.0977 606.0924 606.087 606.0818 606.0764 606.0706 606.0654 606.0601 606.0535 606.0491 606.0417 606.0359 606.0302 606.0248 606.0193 606.0126 606.0078 606.0004 605.9948 605.9889 605.9833 605.9775 605.9701 605.9645 605.9586 605.9512 605.9453 605.9396 605.9337 605.9265 605.9207 605.9133 605.9075 605.9002 605.8944 605.887 605.8813 605.874 605.8679 605.8608 605.8546 605.8477 605.8406 605.8333 605.8274 605.8203 605.813 605.8062 605.7989 605.7926
-9999 -9999 -9999 -9999 605.7639 606.1017 606.0944 606.0879 606.0806 606.0738 606.0666 606.0621 606.0551 606.0505 606.0458 606.0411 606.0363 606.0314 606.0266 606.0212 606.0163 606.0114 606.0061 606.0014 605.9943 605.9891 605.9837 605.9785 605.9733 605.9677 605.9625 605.9556 605.9506 605.9446 605.9392 605.9338 605.9266 605.9211 605.9156 605.9085 605.9027 605.8973 605.8919 605.8845 605.879 605.8716 605.8661 605.8591 605.8532 605.8462 605.8406 605.8331 605.8273 605.8201 605.8144 605.8075 605.8002 605.793 605.7874 605.7802 605.7728 605.766 605.7587 605.7527
-9999 -9999 -9999 -9999 605.6212 606.0497 606.041 606.0338 606.0267 606.02 606.0128 606.0086 606.0029 605.998 605.9946 605.9897 605.9855 605.9812 605.9768 605.9719 605.9674 605.9629 605.9584 605.9537 605.947 605.9426 605.9371 605.9324 605.9276 605.9223 605.9174 605.9107 605.9066 605.9004 605.8952 605.8901 605.8832 605.8781 605.8726 605.866 605.8603 605.8549 605.85 605.8428 605.8373 605.8301 605.8247 605.8181 605.8121 605.8054 605.7998 605.7925 605.7868 605.7795 605.7741 605.7673 605.7597 605.753 605.7473 605.7401 605.7327 605.7258 605.7187 605.7127
-9999 -9999 -9999 -9999 605.4785 605.9694 605.987 605.9797 605.973 605.9661 605.9591 605.9554 605.9507 605.9454 605.9435 605.9383 605.9347 605.9309 605.9271 605.9225 605.9186 605.9146 605.9105 605.9061 605.8995 605.8963 605.8907 605.8863 605.882 605.877 605.8723 605.8661 605.8624 605.8563 605.8514 605.8464 605.8398 605.8351 605.8297 605.8237 605.8182 605.8129 605.808 605.801 605.7957 605.7887 605.7833 605.7772 605.7709 605.7647 605.759 605.752 605.7462 605.739 605.7339 605.727 605.7193 605.713 605.7073 605.7 605.6925 605.6855 605.6788 605.6727
-9999 -9999 -9999 -9999 605.3358 605.889 605.9331 605.9261 605.9192 605.9123 605.9055 605.9022 605.8986 605.8925 605.8925 605.8865 605.8833 605.8801 605.8768 605.8738 605.8697 605.8662 605.8626 605.8586 605.8516 605.8499 605.8448 605.84 605.8363 605.8317 605.8273 605.822 605.8183 605.8122 605.8076 605.8028 605.7968 605.7921 605.7869 605.7814 605.7761 605.7708 605.766 605.7593 605.754 605.7473 605.7421 605.7361 605.73 605.7239 605.7181 605.7114 605.7057 605.6985 605.6937 605.6868 605.6791 605.6729 605.6672 605.6599 605.6523 605.6453 605.6389 605.6328
-9999 -9999 -9999 -9999 605.1931 605.8086 605.8793 605.8722 605.8654 605.8585 605.8517 605.8491 605.8464 605.8406 605.8414 605.8362 605.8335 605.8307 605.8276 605.8252 605.8203 605.8177 605.8146 605.8112 605.8043 605.8036 605.799 605.7936 605.7903 605.7861 605.7823 605.778 605.7742 605.7684 605.7639 605.7593 605.754 605.7493 605.7441 605.7391 605.7341 605.7288 605.7241 605.7177 605.7123 605.706 605.701 605.6951 605.6891 605.6832 605.6773 605.6708 605.6652 605.6581 605.6534 605.6465 605.6389 605.6329 605.6272 605.6198 605.6122 605.6052 605.599 605.5928
-9999 -9999 -9999 -9999 605.0504 605.7282 605.8364 605.8186 605.8116 605.8046 605.7977 605.796 605.7942 605.7896 605.7903 605.7859 605.7838 605.7815 605.7786 605.7766 605.7722 605.769 605.7664 605.7637 605.7568 605.7571 605.7531 605.7483 605.7444 605.7406 605.7374 605.7339 605.73 605.7247 605.7198 605.7158 605.7111 605.7065 605.7014 605.6968 605.692 605.6866 605.6821 605.6761 605.6706 605.6648 605.6598 605.6542 605.6482 605.6425 605.6365 605.6303 605.6246 605.6177 605.6132 605.6063 605.5986 605.5928 605.5871 605.5798 605.572 605.5651 605.5591 605.5529
-9999 -9999 -9999 -9999 604.9077 605.6478 605.7657 605.7644 605.7577 605.7508 605.7442 605.7425 605.7417 605.7387 605.739 605.7357 605.7341 605.7322 605.7296 605.728 605.7241 605.7206 605.7185 605.7162 605.7107 605.7105 605.7072 605.7029 605.6985 605.6957 605.6922 605.6894 605.6858 605.681 605.6757 605.6723 605.6683 605.6638 605.6585 605.6545 605.6499 605.6442 605.6404 605.6345 605.6291 605.6236 605.6187 605.6132 605.6072 605.6017 605.5958 605.5898 605.5841 605.5771 605.5729 605.566 605.5584 605.5528 605.5471 605.5397 605.5319 605.5251 605.5192 605.5129
-9999 -9999 -9999 -9999 604.7649 605.5674 605.6853 605.7106 605.7037 605.697 605.6913 605.6893 605.689 605.6877 605.6875 605.6855 605.6843 605.683 605.6807 605.6794 605.6761 605.6722 605.6712 605.6685 605.6646 605.6636 605.6614 605.6575 605.653 605.6509 605.647 605.6446 605.6416 605.6373 605.632 605.6288 605.6255 605.621 605.6154 605.612 605.6078 605.602 605.5986 605.5929 605.5876 605.5824 605.5772 605.5722 605.5662 605.561 605.5552 605.5493 605.5436 605.5364 605.5327 605.5258 605.5181 605.5128 605.507 605.4996 605.4917 605.485 605.4794 605.473
-9999 -9999 -9999 -9999 604.6222 605.4871 605.6049 605.6567 605.6498 605.6431 605.6384 605.6359 605.6362 605.6357 605.6357 605.6353 605.6346 605.6338 605.6317 605.6307 605.628 605.6248 605.6238 605.621 605.6185 605.6168 605.6155 605.6121 605.608 605.6061 605.602 605.6 605.5974 605.5936 605.5886 605.5851 605.5827 605.5781 605.5726 605.5693 605.5658 605.5601 605.5568 605.5513 605.546 605.5412 605.5358 605.5312 605.525 605.5202 605.5145 605.5087 605.5031 605.496 605.4924 605.4855 605.4776 605.4727 605.467 605.4595 605.4515 605.445 605.4395 605.433
-9999 -9999 -9999 606.1176 604.4795 605.3969 605.5245 605.6121 605.596 605.5893 605.5854 605.5835 605.5836 605.5842 605.5843 605.5844 605.5844 605.5842 605.5825 605.5822 605.5799 605.5775 605.5765 605.5732 605.5717 605.5701 605.5692 605.5668 605.5631 605.5612 605.5568 605.5552 605.553 605.5498 605.5452 605.5414 605.5399 605.5353 605.5296 605.5266 605.5237 605.5183 605.515 605.5097 605.5045 605.5 605.4946 605.4902 605.4841 605.4795 605.4739 605.4681 605.4625 605.4558 605.4521 605.4452 605.4374 605.4327 605.4269 605.4194 605.4114 605.4048 605.3996 605.3931
-9999 -9999 -9999 606.0307 604.3368 605.1989 605.4442 605.5621 605.5421 605.5355 605.5325 605.5313 605.531 605.5331 605.5328 605.5334 605.5339 605.5341 605.5328 605.5334 605.5318 605.5301 605.5292 605.5258 605.5254 605.5233 605.5229 605.5214 605.5181 605.5164 605.512 605.5112 605.5085 605.5061 605.5018 605.4979 605.4966 605.4926 605.4868 605.4841 605.4816 605.4766 605.4731 605.4681 605.4629 605.4588 605.4531 605.4492 605.4428 605.4387 605.4332 605.4276 605.4219 605.4155 605.4119 605.4049 605.397 605.3926 605.3869 605.3793 605.3712 605.3645 605.3597 605.3531
-9999 -9999 -9999 605.9438 604.194 605.0008 605.3638 605.4817 605.4883 605.4816 605.4796 605.4791 605.4787 605.4821 605.4814 605.4824 605.4835 605.4843 605.4835 605.4843 605.4837 605.4827 605.4819 605.4782 605.4791 605.4771 605.4765 605.476 605.4732 605.4716 605.4679 605.467 605.4644 605.4623 605.4584 605.4543 605.4534 605.4498 605.4444 605.4414 605.4396 605.4348 605.431 605.4265 605.4211 605.4177 605.4121 605.4082 605.402 605.398 605.3923 605.3871 605.3813 605.3753 605.3717 605.3646 605.3567 605.3526 605.3469 605.3392 605.3311 605.3245 605.3198 605.3132
-9999 -9999 -9999 605.8569 604.0513 604.8028 605.2834 605.4013 605.4344 605.4278 605.4267 605.4269 605.4278 605.431 605.4312 605.4327 605.434 605.435 605.4348 605.4352 605.4357 605.4354 605.4346 605.4312 605.4327 605.4312 605.4304 605.4306 605.4282 605.4267 605.4238 605.423 605.4199 605.4186 605.415 605.411 605.4102 605.407 605.4022 605.3991 605.3975 605.393 605.3893 605.3849 605.3796 605.3765 605.3712 605.3672 605.3613 605.3572 605.3516 605.3466 605.3408 605.3351 605.3314 605.3242 605.3167 605.3126 605.3068 605.299 605.2909 605.2842 605.28 605.2733
-9999 -9999 -9999 605.77 603.9086 604.6048 605.203 605.3209 605.3877 605.374 605.3738 605.3748 605.3768 605.3799 605.3809 605.383 605.3848 605.386 605.3862 605.3862 605.3876 605.3881 605.3873 605.3851 605.3864 605.3853 605.3844 605.3847 605.3833 605.3818 605.3798 605.3788 605.3758 605.3749 605.3715 605.3682 605.3671 605.3642 605.3599 605.3571 605.3555 605.3513 605.3472 605.3433 605.3378 605.3353 605.3301 605.3262 605.3206 605.3165 605.3108 605.306 605.3002 605.2948 605.2912 605.2839 605.2766 605.2725 605.2668 605.2589 605.2507 605.2442 605.2401 605.2333
-9999 -9999 -9999 605.6832 603.7659 604.4067 605.1226 605.2405 605.3557 605.325 605.3209 605.3226 605.3259 605.3289 605.3307 605.3333 605.3356 605.337 605.3376 605.3381 605.3395 605.3407 605.34 605.339 605.34 605.3395 605.339 605.339 605.3381 605.337 605.3358 605.3348 605.3321 605.3312 605.3281 605.3254 605.3242 605.3214 605.3176 605.315 605.3134 605.3095 605.3055 605.3017 605.2964 605.2941 605.2892 605.2853 605.2798 605.2758 605.27 605.2655 605.2596 605.2546 605.251 605.2436 605.2366 605.2325 605.2267 605.2188 605.2106 605.2043 605.2002 605.1934
-9999 -9999 -9999 605.5528 603.6232 604.2087 605.0422 605.1602 605.278 605.2627 605.2474 605.249 605.2618 605.2753 605.2859 605.2835 605.2864 605.2881 605.289 605.29 605.291 605.2932 605.2927 605.2929 605.2937 605.2936 605.2936 605.2934 605.2929 605.2922 605.2917 605.2906 605.2883 605.2874 605.2847 605.2826 605.2814 605.2786 605.2753 605.2729 605.2713 605.2677 605.2639 605.2601 605.2552 605.2529 605.2482 605.2443 605.2391 605.235 605.2295 605.225 605.2191 605.2143 605.2107 605.2032 605.1965 605.1924 605.1867 605.1786 605.1704 605.1644 605.1603 605.1535
-9999 -9999 -9999 605.3748 603.4805 604.0107 604.9619 605.0798 605.1666 605.1553 605.1401 605.1479 605.1622 605.1738 605.1853 605.198 605.2101 605.2233 605.2356 605.2458 605.2469 605.2457 605.2453 605.2468 605.2474 605.2478 605.2482 605.2484 605.248 605.2473 605.2477 605.2466 605.2446 605.2435 605.2413 605.2398 605.2386 605.2358 605.233 605.2308 605.2292 605.226 605.2224 605.2185 605.214 605.2117 605.2072 605.2033 605.1983 605.1943 605.189 605.1844 605.1786 605.1741 605.1705 605.163 605.1565 605.1524 605.1467 605.1385 605.1302 605.1246 605.1204 605.1136
-9999 -9999 -9999 605.1968 603.3378 603.8127 604.8815 604.9994 605.0587 605.048 605.0367 605.0469 605.0624 605.0723 605.0847 605.0973 605.1088 605.122 605.134 605.1444 605.1536 605.1669 605.1738 605.1869 605.1988 605.209 605.2035 605.2035 605.2032 605.2025 605.2036 605.2025 605.2009 605.1996 605.1979 605.197 605.1958 605.193 605.1907 605.1888 605.187 605.1842 605.1807 605.1769 605.1728 605.1705 605.1662 605.1623 605.1575 605.1535 605.1484 605.1439 605.1381 605.1339 605.1302 605.1226 605.1165 605.1124 605.1066 605.0984 605.0901 605.0847 605.0806 605.0737
-9999 -9999 -9999 605.0188 603.195 603.6147 604.8011 604.919 604.9507 604.9407 604.9366 604.9462 604.9612 604.971 604.9841 604.9966 605.0074 605.0209 605.0324 605.043 605.0524 605.0652 605.0719 605.0872 605.0978 605.1074 605.1172 605.1265 605.1389 605.1463 605.1572 605.166 605.1585 605.1561 605.1545 605.1542 605.153 605.1502 605.1484 605.1467 605.1447 605.1424 605.1392 605.1353 605.1316 605.1293 605.1252 605.1213 605.1168 605.1128 605.1079 605.1034 605.0975 605.0936 605.09 605.0823 605.0764 605.0723 605.0666 605.0583 605.0499 605.0448 605.0407 605.0338
-9999 -9999 -9999 604.8408 603.0523 603.4166 604.7207 604.8386 604.8427 604.8333 604.8356 604.8453 604.8599 604.8705 604.8835 604.8948 604.9062 604.9208 604.9308 604.9416 604.9512 604.9633 604.9708 604.9866 604.9967 605.0057 605.0157 605.0255 605.0372 605.0446 605.056 605.0642 605.0714 605.0782 605.0855 605.0936 605.0994 605.1067 605.113 605.1055 605.103 605.1006 605.0975 605.0937 605.0904 605.0881 605.0842 605.0803 605.076 605.072 605.0674 605.0629 605.057 605.0533 605.0497 605.042 605.0364 605.0323 605.0266 605.0182 605.0098 605.0049 605.0008 604.9938
-9999 -9999 -9999 604.6628 602.9096 603.2186 604.6403 604.7582 604.7347 604.726 604.7346 604.7453 604.7584 604.7699 604.783 604.7929 604.8049 604.8192 604.8293 604.8402 604.85 604.8615 604.8705 604.8856 604.8947 604.9042 604.9142 604.9244 604.9355 604.9429 604.9547 604.9624 604.9697 604.9766 604.9839 604.9921 604.998 605.0053 605.0134 605.0183 605.0243 605.0289 605.0314 605.0346 605.0383 605.0449 605.0435 605.044 605.036 605.0313 605.0269 605.0223 605.0167 605.0131 605.0095 605.0016 604.9963 604.9922 604.9865 604.9781 604.9696 604.965 604.9609 604.9539
-9999 -9999 -9999 604.4848 602.7669 603.0206 604.5305 604.6227 604.6268 604.6198 604.6336 604.6457 604.6569 604.6693 604.6823 604.691 604.7036 604.7175 604.7284 604.7386 604.7488 604.7596 604.7709 604.7846 604.7926 604.8031 604.8127 604.8232 604.8338 604.8414 604.8532 604.8607 604.8679 604.8749 604.8823 604.8906 604.8967 604.904 604.9119 604.9167 604.9218 604.9272 604.9282 604.9335 604.9371 604.9437 604.9424 604.949 604.9437 604.9481 604.9481 604.9466 604.9531 604.9464 604.9404 604.947 604.9432 604.9354 604.9284 604.9199 604.9247 604.9243 604.9165 604.908
-9999 -9999 -9999 604.3068 602.6241 602.8226 604.3325 604.5135 604.5187 604.52 604.5328 604.5448 604.5556 604.5687 604.5815 604.5891 604.6039 604.6158 604.6274 604.6369 604.6476 604.6577 604.6712 604.6837 604.6907 604.7021 604.7111 604.7222 604.7321 604.7402 604.7514 604.759 604.7661 604.7734 604.7808 604.7891 604.7953 604.8019 604.8102 604.8151 604.819 604.8255 604.8252 604.8325 604.8358 604.8428 604.8412 604.8479 604.8431 604.8476 604.8458 604.8461 604.851 604.8433 604.84 604.8466 604.8409 604.8351 604.8281 604.8196 604.8245 604.822 604.8164 604.808
-9999 -9999 -9999 604.1288 602.4814 602.672 604.1345 604.4033 604.4108 604.4201 604.432 604.4435 604.455 604.4681 604.4798 604.4877 604.5043 604.5141 604.5265 604.5352 604.5464 604.5566 604.5709 604.5825 604.5891 604.6011 604.6094 604.6211 604.6304 604.639 604.6497 604.6574 604.6644 604.6718 604.6791 604.6877 604.694 604.7004 604.7085 604.7134 604.7163 604.7238 604.7242 604.7313 604.7346 604.7406 604.7402 604.7461 604.7425 604.7471 604.7446 604.7456 604.7487 604.7411 604.7396 604.7457 604.7391 604.7348 604.7278 604.7193 604.7244 604.7189 604.7163 604.708
