samples/site316/site316_v1/site316_v1/sfe316_v1.asc
ncols         188
nrows         82
xllcorner     95.60000000149
yllcorner     59.199999999255
cellsize      1
NODATA_value  -9999
[rows 0 to 27 of 82, columns 64 to 127 of 188]
605.9055 605.8985 605.8915 605.8845 605.8775 605.8704 605.8635 605.8564 605.8495 605.8424 605.8354 605.8284 605.8214 605.8143 605.8074 605.8003 605.7933 605.7863 605.7792 605.7723 605.7652 605.7582 605.7512 605.7441 605.7372 605.7301 605.7231 605.7161 605.709 605.702 605.6949 605.6879 605.6808 605.6738 605.6669 605.6597 605.6527 605.6457 605.6386 605.6316 605.6246 605.6176 605.6104 605.6035 605.5963 605.5893 605.5823 605.5753 605.5681 605.5611 605.554 605.547 605.54 605.5329 605.5258 605.5187 605.5118 605.5046 605.4976 605.4905 605.4835 605.4764 605.4694 605.4623
605.8656 605.8585 605.8514 605.8444 605.8373 605.8298 605.8229 605.8159 605.8089 605.8018 605.7943 605.7874 605.7803 605.7728 605.7659 605.7582 605.7513 605.7438 605.7368 605.7299 605.7224 605.7149 605.7079 605.7004 605.6935 605.6859 605.6785 605.6716 605.6641 605.6565 605.6496 605.6421 605.6345 605.6271 605.6202 605.6121 605.6051 605.5975 605.59 605.5825 605.575 605.568 605.5599 605.5529 605.5448 605.5377 605.5302 605.5225 605.5148 605.5073 605.4996 605.492 605.4851 605.4768 605.4691 605.4617 605.4544 605.446 605.439 605.4305 605.4234 605.4156 605.4078 605.4
605.8257 605.8185 605.8113 605.8044 605.7972 605.7893 605.7824 605.7753 605.7683 605.7612 605.7533 605.7463 605.7393 605.7313 605.7244 605.7166 605.7093 605.7018 605.6945 605.6876 605.6797 605.6723 605.6647 605.657 605.6499 605.6419 605.6346 605.6271 605.6193 605.6114 605.6042 605.5964 605.5885 605.5806 605.5735 605.5648 605.5576 605.5498 605.5417 605.5338 605.5258 605.5185 605.5098 605.5025 605.4937 605.4863 605.4784 605.4703 605.462 605.4539 605.4457 605.4375 605.4302 605.4211 605.4128 605.4055 605.3972 605.3878 605.3805 605.371 605.3636 605.3552 605.3467 605.3382
605.7857 605.7785 605.7712 605.7643 605.7571 605.749 605.7419 605.7347 605.7278 605.7206 605.7125 605.7053 605.6982 605.6901 605.6829 605.6749 605.6675 605.66 605.6523 605.6453 605.6372 605.6297 605.6218 605.6136 605.6063 605.5981 605.5906 605.5829 605.5747 605.5663 605.559 605.551 605.5425 605.5343 605.5269 605.5174 605.5102 605.5021 605.4935 605.485 605.4766 605.4692 605.4604 605.4523 605.4421 605.4351 605.4266 605.418 605.4095 605.4004 605.3922 605.3828 605.3755 605.3663 605.3575 605.3491 605.3401 605.329 605.3221 605.3108 605.3039 605.2949 605.2855 605.2762
605.7458 605.7385 605.7312 605.7243 605.717 605.7087 605.7014 605.6942 605.6872 605.6801 605.6716 605.6643 605.6572 605.6487 605.6415 605.6334 605.6257 605.618 605.6101 605.6029 605.5947 605.5871 605.5789 605.5701 605.5628 605.5543 605.5467 605.5387 605.53 605.521 605.5138 605.5055 605.4965 605.4875 605.4803 605.4696 605.4628 605.454 605.4449 605.4358 605.4269 605.42 605.4111 605.4019 605.3914 605.3837 605.3744 605.3652 605.3575 605.3465 605.3389 605.3278 605.3208 605.3116 605.3021 605.2925 605.283 605.2719 605.2636 605.2526 605.244 605.2341 605.2239 605.2139
605.7059 605.6985 605.6911 605.6843 605.6769 605.6682 605.6608 605.6536 605.6466 605.6394 605.6307 605.6234 605.6161 605.6074 605.6 605.5919 605.5839 605.5762 605.5679 605.5606 605.5519 605.5445 605.5358 605.5263 605.5193 605.5102 605.5027 605.4944 605.485 605.4755 605.4686 605.4597 605.4501 605.4407 605.4338 605.4218 605.4153 605.406 605.3962 605.3875 605.3772 605.3707 605.361 605.3513 605.3417 605.3321 605.3228 605.3124 605.3055 605.2925 605.2857 605.2728 605.2661 605.256 605.2459 605.2358 605.2255 605.2152 605.2049 605.1944 605.1839 605.1733 605.1636 605.1516
605.666 605.6585 605.651 605.6442 605.6368 605.6276 605.6203 605.613 605.6061 605.5988 605.5895 605.5823 605.5751 605.5657 605.5585 605.5504 605.5421 605.5342 605.5255 605.5182 605.5091 605.5018 605.4926 605.4832 605.4759 605.466 605.4588 605.45 605.44 605.4301 605.4235 605.4138 605.4037 605.3939 605.3873 605.3745 605.3676 605.3586 605.3475 605.3395 605.3282 605.3212 605.3109 605.3006 605.2906 605.2805 605.2716 605.2603 605.2533 605.239 605.2323 605.2181 605.2113 605.2004 605.1897 605.179 605.1681 605.1572 605.1461 605.135 605.1238 605.1127 605.1035 605.0907
605.626 605.6185 605.611 605.6042 605.5967 605.5869 605.5798 605.5725 605.5655 605.5582 605.5485 605.5414 605.534 605.5242 605.5171 605.5089 605.5001 605.4924 605.483 605.476 605.4662 605.4592 605.4493 605.4402 605.4324 605.4218 605.4149 605.4054 605.395 605.3851 605.3782 605.368 605.3574 605.3478 605.3408 605.3278 605.3199 605.3112 605.2994 605.2915 605.28 605.2715 605.2608 605.2499 605.2402 605.2288 605.2205 605.209 605.2007 605.1854 605.1785 605.1633 605.1564 605.1448 605.1335 605.1221 605.1107 605.1002 605.0875 605.0769 605.0639 605.0532 605.0434 605.0302
605.5861 605.5785 605.5709 605.5641 605.5565 605.5463 605.5394 605.5319 605.5249 605.5176 605.5073 605.5004 605.4929 605.4825 605.4757 605.4675 605.4581 605.4504 605.4406 605.4336 605.4233 605.4166 605.4061 605.3973 605.3887 605.3776 605.3709 605.3609 605.3504 605.3408 605.3328 605.3223 605.3116 605.3021 605.294 605.2814 605.2722 605.2639 605.252 605.2435 605.2318 605.222 605.2111 605.1998 605.1901 605.1777 605.1693 605.1578 605.148 605.1326 605.1247 605.1097 605.1014 605.0896 605.0778 605.0659 605.0538 605.0433 605.0292 605.0187 605.0041 604.9938 604.9833 604.9697
605.5462 605.5385 605.5308 605.5241 605.5164 605.5058 605.499 605.4914 605.4844 605.477 605.4664 605.4595 605.4519 605.4412 605.4343 605.426 605.4161 605.4086 605.3981 605.3912 605.3808 605.3739 605.3628 605.3543 605.345 605.3339 605.3269 605.3164 605.3062 605.2964 605.2874 605.2768 605.2662 605.2564 605.2473 605.235 605.2249 605.2165 605.2048 605.1954 605.1837 605.1724 605.1619 605.1493 605.1401 605.126 605.1181 605.1065 605.0953 605.0807 605.0709 605.0568 605.0465 605.0349 605.0216 605.009 604.9964 604.9865 604.9706 604.9606 604.9442 604.9343 604.9232 604.9093
605.5063 605.4985 605.4907 605.4841 605.4763 605.4656 605.4585 605.4508 605.4438 605.4364 605.4256 605.4186 605.4108 605.4 605.3929 605.3845 605.374 605.3666 605.356 605.3489 605.3384 605.3313 605.3199 605.3113 605.3014 605.2903 605.283 605.2723 605.262 605.2521 605.242 605.2316 605.221 605.2107 605.2006 605.1886 605.1774 605.1691 605.1576 605.1468 605.1349 605.1233 605.1127 605.099 605.09 605.0748 605.067 605.0552 605.0428 605.0288 605.0173 605.0038 604.9918 604.9803 604.9661 604.953 604.9406 604.9296 604.912 604.9025 604.8846 604.8748 604.863 604.8486
605.4664 605.4585 605.4506 605.444 605.4362 605.4254 605.4181 605.4102 605.4033 605.3958 605.385 605.3776 605.3698 605.3589 605.3516 605.343 605.3322 605.3248 605.3137 605.3066 605.2961 605.2886 605.2768 605.2684 605.2577 605.2469 605.239 605.2278 605.218 605.2078 605.1966 605.1865 605.1758 605.165 605.1539 605.1422 605.1298 605.1217 605.1104 605.0984 605.086 605.0738 605.0635 605.0498 605.04 605.0239 605.0158 605.0034 604.9905 604.9765 604.9637 604.9502 604.937 604.9258 604.9114 604.8978 604.8846 604.8728 604.8555 604.8444 604.8269 604.8154 604.8027 604.7874
605.4265 605.4185 605.4105 605.404 605.3961 605.3853 605.3776 605.3697 605.3627 605.3552 605.3444 605.3367 605.3287 605.3179 605.3101 605.3016 605.2905 605.2828 605.2713 605.2643 605.2538 605.246 605.2337 605.2254 605.2141 605.2035 605.1949 605.1837 605.1739 605.1634 605.1514 605.1414 605.1306 605.1193 605.1074 605.0958 605.0824 605.0743 605.0631 605.05 605.0371 605.0245 605.0143 605.0007 604.9899 604.9742 604.9646 604.9512 604.9379 604.9242 604.91 604.8969 604.8823 604.8712 604.8568 604.8426 604.8287 604.816 604.799 604.7863 604.7692 604.7559 604.742 604.7261
605.3865 605.3785 605.3705 605.364 605.356 605.3452 605.3371 605.3292 605.3221 605.3146 605.3038 605.2957 605.2877 605.2769 605.2686 605.2601 605.2484 605.241 605.2294 605.222 605.2114 605.2032 605.1911 605.1824 605.1708 605.1601 605.1508 605.1397 605.1298 605.1191 605.1062 605.0962 605.0853 605.0735 605.0608 605.0494 605.0346 605.027 605.015 605.0015 604.9881 604.9749 604.9651 604.9516 604.9399 604.9246 604.9132 604.8994 604.8854 604.8721 604.8563 604.8437 604.8273 604.8166 604.8022 604.7874 604.7729 604.7592 604.7426 604.7282 604.7115 604.6964 604.6815 604.6652
605.3466 605.3385 605.3305 605.3239 605.3158 605.3051 605.2966 605.2886 605.2816 605.274 605.2632 605.2546 605.2466 605.2358 605.2271 605.2186 605.2067 605.199 605.1875 605.1797 605.1691 605.1604 605.1485 605.1395 605.1271 605.1167 605.1068 605.0958 605.0858 605.0745 605.0609 605.051 605.0401 605.0275 605.0143 605.003 604.9878 604.9796 604.9672 604.9531 604.9401 604.926 604.916 604.9025 604.8898 604.8749 604.8617 604.8478 604.833 604.8201 604.8027 604.7905 604.7725 604.762 604.7476 604.7322 604.717 604.7023 604.6862 604.67 604.6539 604.637 604.6209 604.6051
605.3066 605.2985 605.2905 605.2838 605.2757 605.265 605.256 605.2481 605.2411 605.2334 605.2226 605.2136 605.2055 605.1947 605.1856 605.1771 605.1652 605.1572 605.1456 605.1374 605.1268 605.1176 605.1059 605.0965 605.0836 605.0732 605.0627 605.0518 605.0416 605.0297 605.0157 605.0059 604.9949 604.9813 604.9675 604.9566 604.9413 604.9322 604.9194 604.9045 604.8921 604.8777 604.8668 604.8534 604.8395 604.8253 604.8104 604.7966 604.7817 604.7681 604.7502 604.7372 604.7195 604.7075 604.6929 604.6769 604.6611 604.6454 604.6293 604.6119 604.5956 604.5775 604.5609 604.545
605.2667 605.2585 605.2505 605.2437 605.2356 605.2249 605.2154 605.2076 605.2006 605.1927 605.182 605.1725 605.1645 605.1537 605.144 605.1356 605.1237 605.1152 605.1037 605.0951 605.0844 605.0749 605.0633 605.0535 605.04 605.0298 605.0186 605.0079 604.9976 604.9849 604.9703 604.9608 604.9496 604.9352 604.9213 604.9102 604.895 604.8848 604.8721 604.8569 604.8441 604.8295 604.8177 604.8043 604.7891 604.7747 604.7589 604.7455 604.7305 604.7161 604.6983 604.684 604.6666 604.6529 604.6384 604.6218 604.6052 604.5885 604.5724 604.5536 604.5374 604.5176 604.5015 604.4849
605.2267 605.2185 605.2105 605.2036 605.1954 605.1847 605.1749 605.1671 605.16 605.1522 605.1414 605.1314 605.1234 605.1126 605.1025 605.0942 605.0822 605.0733 605.0618 605.0528 605.0421 605.0322 605.0207 605.0106 604.9971 604.9865 604.9747 604.9639 604.9535 604.94 604.926 604.9156 604.9042 604.8889 604.8755 604.8638 604.8486 604.8375 604.8246 604.8098 604.7961 604.7813 604.7685 604.7548 604.7386 604.7247 604.7073 604.6943 604.6792 604.664 604.6464 604.6309 604.6136 604.5983 604.5837 604.5665 604.549 604.5312 604.5156 604.4954 604.4793 604.4589 604.445 604.433
605.1867 605.1785 605.1705 605.1636 605.1553 605.1446 605.1345 605.1265 605.1195 605.1116 605.1008 605.0906 605.0823 605.0715 605.0612 605.0527 605.0408 605.0314 605.0199 605.0105 604.9998 604.9896 604.9781 604.9677 604.9542 604.943 604.9306 604.92 604.9094 604.8953 604.8816 604.8704 604.8586 604.8434 604.8299 604.8174 604.8022 604.79 604.7773 604.7625 604.7481 604.7332 604.7194 604.7052 604.6883 604.6746 604.6564 604.6431 604.628 604.6119 604.5945 604.5776 604.5607 604.5437 604.5288 604.5112 604.4933 604.4795 604.4644 604.434 604.4108 604.3808 604.3577 604.3339
605.1467 605.1385 605.1305 605.1235 605.1152 605.1045 605.094 605.086 605.079 605.071 605.0602 605.0496 605.0413 605.0305 605.0197 605.0112 604.9993 604.9895 604.978 604.9681 604.9575 604.9468 604.9355 604.9247 604.9112 604.8996 604.8866 604.8761 604.8654 604.8512 604.8372 604.8253 604.8128 604.7982 604.7842 604.771 604.7557 604.7425 604.7299 604.7153 604.7001 604.6849 604.6702 604.656 604.6392 604.6246 604.6067 604.592 604.5767 604.5599 604.5427 604.5244 604.515 604.4905 604.4687 604.4421 604.4156 604.3892 604.3654 604.3352 604.3117 604.2836 604.2593 604.2347
605.1068 605.0985 605.0905 605.0834 605.0751 605.0643 605.0535 605.0455 605.0385 605.0303 605.0196 605.0087 605.0002 604.9894 604.9783 604.9697 604.9578 604.9476 604.9361 604.9258 604.9151 604.9041 604.8929 604.8816 604.8682 604.8562 604.8427 604.8322 604.8213 604.8071 604.7929 604.7802 604.7676 604.7529 604.7385 604.7246 604.7094 604.695 604.6826 604.6682 604.6522 604.6367 604.621 604.6068 604.5901 604.5745 604.558 604.5483 604.5247 604.4993 604.4741 604.4457 604.4201 604.3917 604.3704 604.3433 604.3173 604.2913 604.2663 604.237 604.2126 604.1864 604.1608 604.1355
605.0668 605.0585 605.0505 605.0433 605.035 605.0242 605.0129 605.0049 604.9979 604.9897 604.9789 604.9676 604.9592 604.9484 604.9369 604.9283 604.9163 604.9057 604.8942 604.8834 604.8727 604.8616 604.8503 604.8385 604.8253 604.8127 604.7992 604.7882 604.777 604.7631 604.7485 604.735 604.7224 604.7077 604.6927 604.6782 604.663 604.6477 604.6352 604.6209 604.6041 604.5945 604.5737 604.5523 604.5262 604.5012 604.4727 604.4489 604.4259 604.4003 604.3763 604.3472 604.3223 604.293 604.2715 604.2446 604.219 604.1933 604.1672 604.1389 604.1136 604.0892 604.0624 604.0364
605.0269 605.0185 605.0105 605.0032 604.9949 604.9841 604.9728 604.9644 604.9574 604.9492 604.9384 604.9269 604.9182 604.9073 604.8959 604.8868 604.8748 604.8638 604.8523 604.8411 604.8304 604.8193 604.8077 604.7953 604.7823 604.7693 604.7558 604.7443 604.7327 604.7189 604.7042 604.6898 604.6773 604.6625 604.647 604.6395 604.6224 604.593 604.5717 604.5504 604.525 604.5008 604.4742 604.4529 604.4273 604.4023 604.3755 604.3495 604.3271 604.3013 604.2773 604.249 604.2239 604.1946 604.1727 604.1459 604.1207 604.0954 604.0682 604.0407 604.0145 603.991 603.964 603.9391
604.9869 604.9785 604.9705 604.9631 604.9547 604.944 604.9326 604.9239 604.9169 604.9085 604.8978 604.8864 604.8771 604.8663 604.8548 604.8453 604.8334 604.8219 604.8104 604.7989 604.7881 604.777 604.7651 604.7526 604.7393 604.726 604.7124 604.7003 604.6925 604.6786 604.6559 604.6327 604.611 604.5903 604.5662 604.5432 604.5219 604.494 604.4722 604.452 604.4263 604.4023 604.3762 604.3534 604.3284 604.3034 604.2783 604.2501 604.2283 604.2022 604.1783 604.1511 604.1254 604.097 604.0739 604.0472 604.0225 603.9973 603.9692 603.9426 603.9155 603.892 603.8655 603.8419
604.947 604.9385 604.9305 604.9231 604.9146 604.9039 604.8925 604.8834 604.8763 604.8679 604.8572 604.8458 604.836 604.8252 604.8137 604.8038 604.7919 604.78 604.7685 604.761 604.7477 604.7354 604.7151 604.6989 604.6768 604.658 604.6374 604.6173 604.6006 604.5786 604.5568 604.533 604.5102 604.4909 604.4672 604.444 604.4227 604.3958 604.3727 604.3531 604.3274 604.3036 604.2781 604.254 604.2296 604.2045 604.18 604.1511 604.1295 604.103 604.0794 604.0536 604.0269 603.9999 603.9751 603.9485 603.9236 603.8986 603.8719 603.8444 603.8164 603.793 603.7671 603.744
604.9009 604.8925 604.8845 604.877 604.8685 604.8608 604.8533 604.8325 604.8181 604.8096 604.8006 604.7935 604.7733 604.7582 604.7496 604.7298 604.7154 604.703 604.6816 604.6701 604.6485 604.6339 604.6155 604.5988 604.5771 604.5584 604.5378 604.5176 604.5001 604.4785 604.4576 604.4335 604.4105 604.3914 604.368 604.3449 604.3235 604.2975 604.2733 604.2534 604.2285 604.2049 604.1801 604.1545 604.1307 604.1054 604.081 604.0532 604.0306 604.004 603.9804 603.9561 603.9284 603.9026 603.8765 603.8511 603.8246 603.8 603.7745 603.7462 603.7173 603.694 603.6686 603.6456
604.8008 604.7925 604.7847 604.777 604.7687 604.76 604.7513 604.7328 604.7184 604.7099 604.7003 604.6919 604.6736 604.6588 604.6479 604.6304 604.616 604.6035 604.5823 604.5688 604.5493 604.5328 604.5157 604.4974 604.4774 604.4589 604.4382 604.418 604.399 604.3784 604.3584 604.335 604.3109 604.292 604.2687 604.2457 604.2244 604.1993 604.1739 604.1537 604.1299 604.1062 604.082 604.0551 604.0317 604.0062 603.982 603.9553 603.9312 603.9052 603.8815 603.8574 603.8302 603.8043 603.7782 603.7537 603.7255 603.7015 603.677 603.6481 603.6183 603.5951 603.5711 603.5472
604.7006 604.6925 604.6849 604.677 604.6689 604.6602 604.6494 604.6331 604.6187 604.6102 604.6007 604.5903 604.574 604.5593 604.5461 604.531 604.5166 604.5028 604.4828 604.4673 604.4501 604.4318 604.4161 604.3961 604.3777 604.3594 604.3387 604.3183 604.2979 604.2783 604.2589 604.2363 604.2112 604.1923 604.1693 604.145 604.1253 604.1011 604.0744 604.0541 604.0314 604.0075 603.9835 603.957 603.9329 603.9069 603.883 603.8577 603.8317 603.8064 603.7823 603.7585 603.7322 603.7061 603.6799 603.6564 603.6265 603.6028 603.5789 603.5497 603.5192 603.496 603.4721 603.4505
