samples/site316/site316_v1/site316_v1/sfe316_v1.asc
ncols         188
nrows         82
xllcorner     95.60000000149
yllcorner     59.199999999255
cellsize      1
NODATA_value  -9999
[rows 28 to 55 of 82, columns 64 to 127 of 188]
604.6003 604.5925 604.5851 604.577 604.5691 604.5604 604.5475 604.5334 604.519 604.5105 604.5011 604.4885 604.4744 604.4598 604.4447 604.4316 604.4172 604.4015 604.3835 604.366 604.3509 604.3303 604.3163 604.295 604.2781 604.2593 604.2392 604.2188 604.1965 604.1783 604.1593 604.1371 604.1115 604.0923 604.0698 604.0459 604.0262 604.0028 603.975 603.954 603.9329 603.9086 603.8848 603.8591 603.8339 603.8076 603.7841 603.7601 603.7328 603.7076 603.6832 603.6595 603.6342 603.6078 603.5815 603.5585 603.5274 603.5042 603.486 603.4123 603.2858 603.2055 603.1093 603.0296
604.5002 604.4925 604.4854 604.477 604.4693 604.4606 604.4456 604.4337 604.4193 604.4108 604.4015 604.3866 604.3748 604.3603 604.3433 604.3322 604.3178 604.3002 604.2841 604.265 604.2516 604.2296 604.2164 604.1946 604.1784 604.1582 604.1397 604.1193 604.0968 604.078 604.0598 604.0381 604.0118 603.9925 603.9703 603.9468 603.9271 603.9045 603.8755 603.8542 603.8333 603.8098 603.7861 603.7612 603.735 603.7084 603.6851 603.6611 603.6348 603.6088 603.584 603.5605 603.5361 603.522 603.3998 603.3046 603.1591 603.0777 602.9764 602.8557 602.766 602.6859 602.6105 602.55
604.4 604.3925 604.3855 604.377 604.3695 604.3608 604.3436 604.334 604.3195 604.3111 604.3019 604.2849 604.2752 604.2607 604.2429 604.2328 604.2183 604.199 604.1844 604.1637 604.1525 604.1304 604.1166 604.0949 604.0787 604.057 604.0402 604.0198 603.9971 603.9777 603.9598 603.9388 603.913 603.8926 603.8708 603.8476 603.8279 603.8063 603.7761 603.7547 603.7336 603.7109 603.6874 603.6633 603.6359 603.6094 603.5859 603.5635 603.4944 603.3283 603.1722 603.077 602.9839 602.8458 602.743 602.6536 602.5648 602.4839 602.4095 602.2891 602.2255 602.1666 602.1118 602.0704
604.2999 604.2925 604.2855 604.277 604.2696 604.261 604.242 604.2343 604.2197 604.2114 604.2023 604.1833 604.1756 604.1613 604.1434 604.1329 604.1188 604.0981 604.0848 604.064 604.0533 604.0312 604.0167 603.9952 603.979 603.9569 603.9407 603.9202 603.8975 603.8773 603.8586 603.8393 603.8145 603.7927 603.7713 603.7481 603.7288 603.7075 603.6766 603.6553 603.634 603.6119 603.6 603.4684 603.266 603.0974 602.9242 602.7615 602.6624 602.5232 602.3923 602.343 602.281 602.1271 602.059 601.9969 601.9409 601.8901 601.8427 601.7282 601.6835 601.647 601.613 601.5908
604.1998 604.1925 604.1855 604.177 604.1697 604.1613 604.1401 604.1331 604.1199 604.1117 604.1027 604.0814 604.0743 604.0618 604.0441 604.0311 604.0193 603.9988 603.9852 603.9645 603.9536 603.9321 603.9169 603.8954 603.8793 603.8572 603.8412 603.8207 603.798 603.777 603.7576 603.7397 603.7159 603.6928 603.6714 603.6505 603.53 603.4849 603.2011 603.0535 602.8197 602.7051 602.5596 602.4485 602.2335 602.1376 602.0331 601.8702 601.8304 601.718 601.6122 601.5857 601.5467 601.3948 601.3655 601.3403 601.3169 601.296 601.2759 601.1671 601.1412 601.1274 601.1141 601.1072
604.0997 604.0925 604.0855 604.077 604.0698 604.0614 604.0393 604.0311 604.0201 604.012 604.0031 603.981 603.9724 603.9623 603.9446 603.9297 603.9199 603.8994 603.8856 603.865 603.852 603.8328 603.8166 603.7956 603.7796 603.7576 603.7417 603.721 603.7015 603.5692 603.4527 603.3053 603.1262 602.9081 602.7836 602.629 602.3945 602.2621 602.1304 601.9185 601.7412 601.6647 601.5192 601.4081 601.2603 601.178 601.1421 601.0675 601.0431 601.0361 601.0065 600.9821 600.975 600.965 600.9253 600.9128 600.9031 600.8968 600.8823 600.8699 600.8173 600.7996 600.7869 600.7746
603.9996 603.9925 603.9855 603.977 603.9699 603.9616 603.9395 603.929 603.9203 603.9123 603.9035 603.8814 603.8707 603.8628 603.8452 603.8281 603.8204 603.7999 603.7851 603.7685 603.636 603.6148 603.4125 603.322 603.107 603.099 602.8419 602.793 602.5779 602.3678 602.282 602.0562 601.9551 601.7731 601.535 601.494 601.2586 601.138 601.1137 601.0872 601.0573 601.0221 601.001 600.9667 600.9498 600.9174 600.9006 600.8832 600.8636 600.8569 600.8206 600.7885 600.7817 600.7679 600.7318 600.7139 600.7038 600.6923 600.676 600.6508 600.581 600.5541 600.5331 600.5208
603.7309 603.7239 603.7169 603.7084 603.7014 603.6945 603.6861 603.3887 603.3817 603.3739 603.3668 603.3597 603.1258 603.0317 603.0247 602.8721 602.819 602.8113 602.5255 602.5186 602.3866 602.2542 602.163 602.073 601.8577 601.8502 601.5923 601.5435 601.3284 601.197 601.179 601.1443 601.1112 601.0804 601.0443 601.0062 600.9828 600.949 600.9094 600.8883 600.8584 600.8267 600.8027 600.7678 600.7509 600.7237 600.707 600.6956 600.6843 600.6777 600.6387 600.5963 600.5883 600.5693 600.5384 600.5185 600.5051 600.4879 600.4668 600.4276 600.3461 600.309 600.2793 600.267
601.9452 601.9382 601.9312 601.9227 601.9157 601.9088 601.9012 601.8262 601.8193 601.8121 601.8043 601.7972 601.7379 601.4692 601.4622 601.455 601.4308 601.4224 601.2765 601.256 601.2465 601.2385 601.2077 601.1863 601.1586 601.1319 601.1084 601.0783 601.0489 601.022 600.9888 600.9427 600.9016 600.8719 600.8339 600.7958 600.7747 600.7387 600.7051 600.6894 600.6595 600.6314 600.6049 600.5688 600.5519 600.53 600.5135 600.5079 600.5049 600.4984 600.4634 600.4103 600.3948 600.3705 600.345 600.3251 600.3063 600.2834 600.2565 600.2048 600.139 600.0637 600.0259 600.0132
601.3016 601.2946 601.2876 601.2792 601.2722 601.265 601.2599 601.2497 601.238 601.2311 601.223 601.216 601.2092 601.1951 601.1653 601.1558 601.1477 601.1368 601.1257 601.0956 601.0862 601.0782 601.0349 601.0063 600.9794 600.9496 600.9211 600.8895 600.8593 600.8282 600.7987 600.7572 600.7001 600.6635 600.6244 600.5854 600.5664 600.5286 600.5008 600.4899 600.4606 600.436 600.407 600.3699 600.353 600.3363 600.3201 600.3203 600.3255 600.319 600.2852 600.2244 600.2012 600.1718 600.1516 600.1317 600.1075 600.0791 600.0466 599.9818 599.9252 599.8261 599.7766 599.7594
601.1474 601.1404 601.1334 601.1251 601.1183 601.111 601.1089 601.0958 601.0778 601.0706 601.0624 601.0554 601.0487 601.041 601.0111 600.9993 600.9874 600.9766 600.9653 600.9353 600.926 600.918 600.869 600.8309 600.8021 600.7653 600.7346 600.7006 600.6697 600.6346 600.6086 600.5689 600.4985 600.4526 600.4152 600.3749 600.3579 600.3184 600.2965 600.2857 600.2617 600.2407 600.2084 600.171 600.1542 600.1426 600.1308 600.1327 600.1462 600.1396 600.1069 600.0483 600.0079 599.9733 599.9581 599.9382 599.9087 599.8748 599.8379 599.775 599.7087 599.6136 599.5352 599.5056
600.9932 600.9862 600.9792 600.971 600.9643 600.9571 600.958 600.9421 600.9172 600.91 600.9017 600.8947 600.8879 600.8867 600.8569 600.8428 600.827 600.8163 600.8017 600.775 600.7658 600.7578 600.7241 600.6581 600.6254 600.5844 600.5535 600.5118 600.4801 600.441 600.4182 600.379 600.3132 600.2589 600.2061 600.1645 600.1494 600.1081 600.0922 600.0815 600.0629 600.0453 600.0094 599.9716 599.9554 599.9482 599.9416 599.9476 599.967 599.9603 599.9286 599.8732 599.8145 599.7792 599.7647 599.7448 599.7099 599.6706 599.6334 599.5687 599.507 599.2705 598.96 599.033
600.8391 600.8321 600.8251 600.817 600.8104 600.8032 600.8071 600.7885 600.7581 600.7495 600.7411 600.7341 600.7273 600.7322 600.7028 600.6862 600.6664 600.6561 600.6379 600.6147 600.6056 600.5976 600.5718 600.4886 600.4597 600.4052 600.3683 600.323 600.2905 600.2514 600.2277 600.1891 600.1259 600.0542 599.9969 599.9541 599.9409 599.8992 599.8879 599.8774 599.8642 599.85 599.8107 599.7678 599.7567 599.7498 599.7523 599.7681 599.7877 599.781 599.7504 599.6981 599.633 599.5869 599.5684 599.5514 599.467 599.3355 599.1555 599.1215 599.079 598.86 598.852 598.7834
600.6849 600.6779 600.6709 600.6629 600.6564 600.6489 600.6562 600.6344 600.6073 600.589 600.5804 600.5734 600.5672 600.576 600.5486 600.5296 600.5059 600.4959 600.4739 600.4543 600.4454 600.4374 600.4151 600.3488 600.2812 600.2278 600.181 600.1343 600.0992 600.0618 600.0371 599.9993 599.9389 599.8632 599.7877 599.7437 599.7324 599.691 599.6805 599.6729 599.6654 599.6546 599.6315 599.478 599.3005 599.254 599.525 599.598 599.6085 599.6017 599.5767 599.359 599.1575 599.199 598.8865 598.771 598.979 598.793 598.909 598.7895 598.686 598.7457 598.841 598.7235
600.5308 600.5237 600.5167 600.5089 600.5023 600.4977 600.5054 600.4808 600.4551 600.4285 600.4199 600.4129 600.4091 600.4188 600.3943 600.3724 600.3454 600.3357 600.3099 600.294 600.285 600.2773 600.256 600.2017 600.1084 600.0581 600.004 599.9468 599.9104 599.8723 599.8466 599.808 599.752 599.6945 599.5115 599.4075 599.4185 599.356 599.3669 599.239 599.3845 599.199 599.243 599.2725 599.2005 599.2235 599.254 599.0325 599.1665 598.976 598.964 598.808 598.8615 598.8255 598.8585 598.8274 598.8389 598.8965 598.9325 598.67 598.664 598.8936 598.8815 598.992
600.3766 600.3696 600.3625 600.355 600.3483 600.3469 600.3547 600.3284 600.3008 600.2681 600.2593 600.2523 600.251 600.2617 600.24 600.2153 600.185 600.1755 600.1461 600.1337 600.1247 600.1172 600.097 600.0537 599.9694 599.8896 599.827 599.7618 599.731 599.669 599.6055 599.3865 599.5405 599.335 599.4045 599.226 599.3345 599.1955 599.2885 599.1324 599.244 599.1005 599.2085 599.073 598.985 598.9585 598.901 598.843 599.002 598.8445 598.8931 598.795 598.913 598.78 598.95 598.896 598.91 598.9575 599.0705 599.2435 599.412 599.425 599.1675 599.3935
600.2224 600.2154 600.2084 600.201 600.1942 600.1961 600.204 600.1777 600.1482 600.1075 600.0988 600.0918 600.0929 600.1045 600.0856 600.0582 600.0273 600.0153 599.9852 599.9734 599.9644 599.9571 599.938 599.9003 599.8264 599.6045 599.56 599.6815 599.459 599.394 599.5395 599.493 599.4735 599.19 599.135 599.075 599.1115 599.2135 599.072 598.977 599.1935 599.2025 599.186 598.8805 598.8846 598.9045 598.7581 598.9875 599.1 599.0891 599.181 599.1411 599.0455 598.924 599.0345 599.0745 599.54 599.5718 599.6147 599.6529 599.6867 599.7037 599.6664 599.6939
600.0682 600.0612 600.0543 600.0471 600.0402 600.0453 600.0533 600.027 599.9956 599.9471 599.9383 599.9313 599.9348 599.9473 599.9313 599.9021 599.8708 599.855 599.825 599.8113 599.804 599.797 599.779 599.627 599.6145 599.422 599.5375 599.5685 599.244 599.1635 599.3985 599.294 599.209 599.2795 599.267 599.2305 599.2265 599.2575 599.0848 599.0384 599.163 599.071 599.0105 599.0925 599.0965 599.092 599.0995 599.03 599.105 599.242 599.5825 599.6022 599.6243 599.6202 599.6174 599.6738 599.7293 599.7642 599.816 599.8619 599.9003 599.9263 599.899 599.9395
599.887 599.8035 599.8015 599.8165 599.8025 599.8945 599.9026 599.8805 599.8495 599.8295 599.8755 599.727 599.682 599.7805 599.8395 599.702 599.8185 599.7515 599.592 599.709 599.658 599.377 599.281 599.3265 599.553 599.523 599.3305 599.246 599.1755 599.3311 599.4225 599.2941 599.2534 599.3995 599.3954 599.177 599.122 599.074 598.981 598.9545 599.0045 598.978 599.1225 599.15 599.294 599.1935 599.363 599.393 599.596 599.664 599.7266 599.7817 599.8065 599.8154 599.8092 599.8631 599.919 599.9609 600.0174 600.0593 600.1074 600.1399 600.1281 600.1843
599.7355 599.7625 599.7225 599.7445 599.727 599.601 599.805 599.7095 599.638 599.64 599.6425 599.7385 599.7365 599.6265 599.5815 599.4995 599.7195 599.7725 599.4855 599.4345 599.4625 599.5315 599.504 599.4124 599.463 599.5635 599.285 599.3325 599.367 599.2585 599.2305 599.2215 599.21 599.18 599.175 599.2625 599.282 599.27 599.269 599.273 599.2615 599.163 599.3765 599.25 599.41 599.306 599.6115 599.6817 599.7591 599.8293 599.899 599.9561 599.9874 599.9971 600.0051 600.0526 600.1086 600.1591 600.2127 600.2573 600.3148 600.3563 600.3594 600.4316
599.714 599.595 599.5865 599.781 599.664 599.7085 599.81 599.6312 599.6078 599.6816 599.6683 599.7232 599.6625 599.466 599.6265 599.518 599.5045 599.531 599.633 599.6065 599.3745 599.426 599.6235 599.4105 599.3595 599.3685 599.4545 599.3765 599.3065 599.208 599.352 599.4255 599.3885 599.182 599.125 599.26 599.4495 599.337 599.299 599.3025 599.371 599.5315 599.64 599.6758 599.6965 599.7218 599.7819 599.8618 599.9307 600.0051 600.0709 600.1285 600.1683 600.1788 600.2013 600.2418 600.2978 600.3537 600.3999 600.4552 600.52 600.5698 600.5932 600.6664
599.547 599.681 599.7296 599.786 599.5785 599.5705 599.632 599.741 599.791 599.847 599.6455 599.753 599.5865 599.5035 599.7695 599.783 599.684 599.53 599.7415 599.797 599.504 599.4295 599.715 599.732 599.6844 599.4525 599.6255 599.605 599.5135 599.374 599.561 599.498 599.4445 599.539 599.5255 599.361 599.568 599.606 599.6365 599.6608 599.7188 599.7772 599.8308 599.8742 599.8953 599.9249 599.9737 600.0388 600.1026 600.1802 600.2362 600.3009 600.3479 600.3619 600.3974 600.4312 600.4872 600.5432 600.5922 600.6547 600.7108 600.777 600.827 600.9014
599.597 599.853 599.7465 599.6545 599.64 599.782 599.743 599.8075 599.908 599.949 599.8245 599.6805 599.797 599.8395 599.8483 599.8413 599.8351 599.8285 599.8415 599.8477 599.847 599.8632 599.8856 599.8855 599.8787 599.8411 599.798 599.7621 599.7556 599.7576 599.7797 599.7764 599.8019 599.802 599.796 599.7917 599.7876 599.7837 599.8284 599.8616 599.9193 599.973 600.0248 600.0727 600.0942 600.1271 600.1607 600.2227 600.2907 600.3517 600.4099 600.4733 600.5224 600.5483 600.5935 600.6205 600.6769 600.7325 600.7862 600.8527 600.9088 600.9798 601.0616 601.2385
600.0201 599.9996 599.9926 599.9856 599.9971 600.0024 600.0128 600.0056 599.9785 599.9462 599.9415 599.9374 599.9603 599.9942 600.0063 599.9993 599.9966 599.9935 600.0029 600.0127 600.0106 600.0268 600.0458 600.0507 600.0438 600.0118 599.9717 599.9478 599.946 599.9482 599.9703 599.9697 599.9949 599.9982 599.9969 599.9982 600.0003 600.0027 600.0395 600.0714 600.1187 600.1688 600.2171 600.2688 600.2935 600.3293 600.356 600.4094 600.4747 600.5266 600.5923 600.6432 600.6969 600.7344 600.7778 600.8113 600.8663 600.9218 600.9781 601.0379 601.2032 601.457 601.613 601.7833
600.171 600.1537 600.1467 600.1398 600.1492 600.1566 600.1639 600.1567 600.1324 600.1054 600.1026 600.1011 600.1212 600.1489 600.1642 600.1573 600.158 600.1575 600.1643 600.1763 600.174 600.1904 600.2061 600.2158 600.209 600.1842 600.1455 600.1335 600.1365 600.1389 600.1609 600.1652 600.1879 600.1938 600.1979 600.205 600.2084 600.2154 600.2459 600.2817 600.3182 600.3661 600.4159 600.46 600.4927 600.5299 600.5582 600.6106 600.6571 600.7151 600.7727 600.8168 600.8713 600.9141 600.9595 601.0036 601.03 601.2493 601.4633 601.6431 601.8422 602.0244 602.1701 602.3076
600.3219 600.3079 600.3009 600.2939 600.3012 600.3111 600.315 600.3079 600.2863 600.2661 600.2637 600.2637 600.2819 600.3012 600.3223 600.3152 600.3192 600.3188 600.3257 600.3378 600.3374 600.3539 600.3668 600.381 600.3742 600.3566 600.3193 600.3193 600.3271 600.3295 600.3516 600.3607 600.3809 600.3895 600.3988 600.4114 600.4149 600.4266 600.4537 600.4921 600.5234 600.5707 600.616 600.6559 600.6919 600.7222 600.7605 600.8062 600.845 600.9036 600.951 600.9966 601.0458 601.0899 601.3026 601.5569 601.7524 601.9507 602.1343 602.3043 602.4761 602.5871 602.75 602.8702
600.4728 600.4621 600.4551 600.4481 600.4532 600.4655 600.4661 600.459 600.4402 600.4266 600.4248 600.4249 600.4417 600.452 600.4802 600.4732 600.4804 600.4801 600.4871 600.4993 600.5009 600.5175 600.5292 600.5461 600.539 600.529 600.493 600.5051 600.5181 600.5202 600.5422 600.5565 600.5739 600.5851 600.5999 600.6165 600.6215 600.6377 600.6673 600.7024 600.7324 600.7751 600.8147 600.8517 600.8921 600.9177 600.9628 601.002 601.0463 601.079 601.1975 601.4897 601.7159 601.8727 602.0975 602.3275 602.4748 602.6509 602.8075 602.9623 603.0997 603.2055 603.3299 603.4398
600.6237 600.6163 600.6093 600.6022 600.6052 600.6196 600.6172 600.6101 600.5941 600.5873 600.5859 600.5861 600.6015 600.6093 600.6369 600.6311 600.6416 600.6414 600.6486 600.6608 600.6657 600.6811 600.6917 600.7114 600.7015 600.7014 600.6754 600.6907 600.7059 600.7108 600.7329 600.7521 600.767 600.7808 600.801 600.8174 600.828 600.8488 600.8809 600.914 600.942 600.9763 601.0135 601.0491 601.0892 601.107 601.3086 601.4882 601.7599 601.9461 602.1318 602.3843 602.5785 602.7505 602.8924 603.0841 603.2165 603.3661 603.5027 603.5171 603.5303 603.5421 603.5529 603.5638
