COS0=(0.34297614989446273, 1.0, 10.0, MASK0)
COS1=(0.36873015009414517, 2.0, -25.0, MASK0)
COS2=(0.27297965400991653, 3.0, -17.0, MASK0)
COS3=(0.11408744573356744, 4.0, 14.0, MASK0)
COS4=(0.2566091651652367, 5.0, 14.0, MASK0)
COS5=(0.13251184869159255, 6.0, -2.0, MASK0)
COS6=(0.04883277555573576, 7.0, -7.0, MASK0)
COS7=(0.106165890392388, 8.0, 4.0, MASK0)
COS8=(0.04709756515271318, 9.0, 6.0, MASK0)
COS9=(0.0844565932554758, 10.0, 6.0, MASK0)
COS10=(0.04719711525653088, 11.0, 3.0, MASK0)
COS11=(0.07190977717017047, 12.0, -6.0, MASK0)
COS12=(0.03527658924359464, 13.0, -4.0, MASK0)
COS13=(0.05395783381120088, 14.0, -5.0, MASK0)
COS14=(0.040352951518846235, 14.5, -3.0, MASK0)
COS15=(0.10668351631525724, 16.0, -1.0, MASK0)
COS16=(0.034701306845155294, 17.0, 4.0, MASK0)
COS17=(0.03741797619188522, 17.5, 2.0, MASK0)
COS18=(0.03905313683550059, 19.0, -4.0, MASK0)
COS19=(0.037066703666188125, 20.0, -1.0, MASK0)
COS20=(0.05259192954629627, 21.0, 4.0, MASK0)
COS21=(0.037417976191885347, 17.5, 2.0, MASK0)
COS22=(0.03470130684515532, 17.0, 4.0, MASK0)
COS23=(0.10668351631525733, 16.0, -1.0, MASK0)
COS24=(0.04035295151884617, 14.5, -3.0, MASK0)
COS25=(0.05395783381120096, 14.0, -5.0, MASK0)
COS26=(0.03527658924359467, 13.0, -4.0, MASK0)
COS27=(0.07190977717017052, 12.0, -6.0, MASK0)
COS28=(0.047197115256530836, 11.0, 3.0, MASK0)
COS29=(0.08445659325547589, 10.0, 6.0, MASK0)
COS30=(0.047097565152713225, 9.0, 6.0, MASK0)
COS31=(0.10616589039238797, 8.0, 4.0, MASK0)
COS32=(0.048832775555735806, 7.0, -7.0, MASK0)
COS33=(0.13251184869159266, 6.0, -2.0, MASK0)
COS34=(0.25660916516523635, 5.0, 14.0, MASK0)
COS35=(0.11408744573356748, 4.0, 14.0, MASK0)
COS36=(0.2729796540099164, 3.0, -17.0, MASK0)
COS37=(0.3687301500941451, 2.0, -25.0, MASK0)
COS38=(0.3429761498944627, 1.0, 10.0, MASK0)
