COS0=(0.6823358496602171, 1.0, 24.0, MASK0)
COS1=(0.17352277557395984, 2.0, -23.0, MASK0)
COS2=(0.2638485551565354, 3.0, -20.0, MASK0)
COS3=(0.31595179070779156, 4.0, -1.0, MASK0)
COS4=(0.3182607338686364, 5.0, 13.0, MASK0)
COS5=(0.06855244819291142, 6.0, -1.0, MASK0)
COS6=(0.0504408722266056, 6.5, 5.0, MASK0)
COS7=(0.04897522108278182, 8.0, 8.0, MASK0)
COS8=(0.24486531863011116, 9.0, 6.0, MASK0)
COS9=(0.3920361637039592, 10.0, 2.0, MASK0)
COS10=(0.21904934605805015, 11.0, -6.0, MASK0)
COS11=(0.09476864406615945, 12.0, -2.0, MASK0)
COS12=(0.04431886141656918, 13.0, 2.0, MASK0)
COS13=(0.022519931777345858, 13.5, 2.0, MASK0)
COS14=(0.08813988590875549, 15.0, 1.0, MASK0)
COS15=(0.10494945399291233, 15.5, -3.0, MASK0)
COS16=(0.06373128723401006, 17.0, 4.0, MASK0)
COS17=(0.08590239533953804, 18.0, 1.0, MASK0)
COS18=(0.06521461499302444, 19.0, -3.0, MASK0)
COS19=(0.0595587802973008, 19.5, -2.0, MASK0)
COS20=(0.04584735398442029, 20.5, -1.0, MASK0)
COS21=(0.04235657514150461, 21.5, -2.0, MASK0)
COS22=(0.030843765366135336, 23.0, -3.0, MASK0)
COS23=(0.023752279201057484, 24.0, -3.0, MASK0)
COS24=(0.04896848505835071, 25.0, -3.0, MASK0)
COS25=(0.042356575141504475, 21.5, -2.0, MASK0)
COS26=(0.04584735398442022, 20.5, -1.0, MASK0)
COS27=(0.059558780297300856, 19.5, -2.0, MASK0)
COS28=(0.06521461499302446, 19.0, -3.0, MASK0)
COS29=(0.08590239533953792, 18.0, 1.0, MASK0)
COS30=(0.06373128723401005, 17.0, 4.0, MASK0)
COS31=(0.10494945399291222, 15.5, -3.0, MASK0)
COS32=(0.08813988590875527, 15.0, 1.0, MASK0)
COS33=(0.022519931777345664, 13.5, 2.0, MASK0)
COS34=(0.04431886141656914, 13.0, 2.0, MASK0)
COS35=(0.09476864406615937, 12.0, -2.0, MASK0)
COS36=(0.21904934605805015, 11.0, -6.0, MASK0)
COS37=(0.39203616370395916, 10.0, 2.0, MASK0)
COS38=(0.24486531863011116, 9.0, 6.0, MASK0)
COS39=(0.04897522108278163, 8.0, 8.0, MASK0)
COS40=(0.05044087222660555, 6.5, 5.0, MASK0)
COS41=(0.06855244819291173, 6.0, -1.0, MASK0)
COS42=(0.3182607338686363, 5.0, 13.0, MASK0)
COS43=(0.3159517907077912, 4.0, -1.0, MASK0)
COS44=(0.2638485551565354, 3.0, -20.0, MASK0)
COS45=(0.1735227755739598, 2.0, -23.0, MASK0)
COS46=(0.6823358496602174, 1.0, 24.0, MASK0)
