COS0=(0.06533175190521791, 1.0, 29.0, MASK0)
COS1=(0.07011400839026213, 2.0, 29.0, MASK0)
COS2=(0.07248091495875483, 3.0, 11.0, MASK0)
COS3=(0.055990531833117266, 4.0, -1.0, MASK0)
COS4=(0.06228343788071945, 5.0, -9.0, MASK0)
COS5=(0.06613853782410861, 6.0, -14.0, MASK0)
COS6=(0.01361225342972883, 7.0, -8.0, MASK0)
COS7=(0.054437970747374, 8.0, -2.0, MASK0)
COS8=(0.042284913889543065, 9.0, -2.0, MASK0)
COS9=(0.019345187662625843, 9.5, -3.0, MASK0)
COS10=(0.012459837593769552, 11.0, -1.0, MASK0)
COS11=(0.03936424012599055, 12.0, 6.0, MASK0)
COS12=(0.01810933187209646, 12.5, 3.0, MASK0)
COS13=(0.017571241611942085, 13.5, 4.0, MASK0)
COS14=(0.007400759287526679, 15.0, -2.0, MASK0)
COS15=(0.03030553893167099, 15.5, 3.0, MASK0)
COS16=(0.0052758428078057105, 17.0, 5.0, MASK0)
COS17=(0.021086209669463233, 18.0, -5.0, MASK0)
COS18=(0.0014794907083726652, 18.5, -3.0, MASK0)
COS19=(0.005442126863511658, 19.5, 2.0, MASK0)
COS20=(0.010806033702557734, 20.5, 1.0, MASK0)
COS21=(0.021086209669463223, 18.0, -5.0, MASK0)
COS22=(0.005275842807805719, 17.0, 5.0, MASK0)
COS23=(0.030305538931670997, 15.5, 3.0, MASK0)
COS24=(0.007400759287526697, 15.0, -2.0, MASK0)
COS25=(0.01757124161194208, 13.5, 4.0, MASK0)
COS26=(0.018109331872096457, 12.5, 3.0, MASK0)
COS27=(0.03936424012599056, 12.0, 6.0, MASK0)
COS28=(0.01245983759376955, 11.0, -1.0, MASK0)
COS29=(0.019345187662625843, 9.5, -3.0, MASK0)
COS30=(0.04228491388954307, 9.0, -2.0, MASK0)
COS31=(0.05443797074737403, 8.0, -2.0, MASK0)
COS32=(0.013612253429728837, 7.0, -8.0, MASK0)
COS33=(0.06613853782410856, 6.0, -14.0, MASK0)
COS34=(0.06228343788071948, 5.0, -9.0, MASK0)
COS35=(0.055990531833117224, 4.0, -1.0, MASK0)
COS36=(0.07248091495875479, 3.0, 11.0, MASK0)
COS37=(0.0701140083902621, 2.0, 29.0, MASK0)
COS38=(0.0653317519052179, 1.0, 29.0, MASK0)
