samples/sfe_25/sfe_25_v0/sfe_25_v0/sfe_25_v0.asc
ncols         253
nrows         137
xllcorner     79
yllcorner     53
cellsize      1
NODATA_value  -9999
[rows 56 to 83 of 137, columns 0 to 63 of 253]
-9999 603.2225 603.011 602.9148 602.8597 602.8079 602.7462 602.6857 602.6279 602.5767 602.517 602.4575 602.3967 602.3447 602.2897 602.2272 602.1578 602.0743 601.978 601.8818 601.7856 601.6902 601.6075 601.5505 601.5007 601.4641 601.4275 601.3909 601.3543 601.3177 601.2811 601.2445 601.2079 601.1713 601.1347 601.0981 601.0615 601.0249 600.9883 600.9517 600.9205 600.8888 600.8643 600.8408 600.8118 600.7819 600.752 600.7221 600.689 600.6625 600.6335 600.5942 600.5688 600.543 600.5217 600.5005 600.4792 600.458 600.4368 600.4155 600.3961 600.3915 600.3625 600.3303
-9999 603.3096 603.0085 602.8792 602.785 602.7285 602.6759 602.6094 602.5524 602.4939 602.4398 602.3795 602.3179 602.2598 602.2077 602.1542 602.0847 602.0153 601.9266 601.8304 601.7341 601.65 601.5945 601.5354 601.4801 601.4271 601.3906 601.3539 601.3173 601.2808 601.2441 601.2075 601.171 601.1343 601.0977 601.0612 601.0245 600.9879 600.9514 600.9147 600.8818 600.8512 600.8204 600.7975 600.772 600.7421 600.7123 600.6824 600.6519 600.6212 600.5942 600.5624 600.5278 600.5023 600.4774 600.4562 600.4349 600.4137 600.3924 600.3712 600.3517 600.3441 600.3152 600.2833
-9999 603.3969 603.0957 602.851 602.7483 602.6552 602.5974 602.5439 602.4739 602.4154 602.3597 602.3011 602.2411 602.1783 602.1249 602.0717 602.0117 601.9423 601.8728 601.779 601.6827 601.637 601.5815 601.5224 601.4633 601.405 601.3536 601.317 601.2804 601.2438 601.2072 601.1706 601.134 601.0974 601.0608 601.0242 600.9875 600.951 600.9144 600.8777 600.8412 600.8136 600.7801 600.7563 600.7319 600.7024 600.6725 600.6426 600.6127 600.5799 600.5533 600.5253 600.4904 600.4613 600.4357 600.4119 600.3906 600.3693 600.3481 600.3268 600.3073 600.2968 600.2678 600.2362
-9999 -9999 603.1829 602.8817 602.719 602.6174 602.5254 602.4662 602.4102 602.3398 602.2764 602.2239 602.1624 602.1014 602.0402 601.9896 601.9369 601.8692 601.7997 601.7275 601.6647 601.6122 601.5599 601.5093 601.4502 601.3911 601.332 601.2814 601.2435 601.2068 601.1702 601.1336 601.097 601.0604 601.0238 600.9872 600.9506 600.914 600.8774 600.8408 600.8042 600.7748 600.7425 600.7158 600.6914 600.6626 600.6328 600.6029 600.573 600.5432 600.5121 600.4855 600.4564 600.4203 600.3948 600.3683 600.3463 600.325 600.3038 600.2825 600.2629 600.2493 600.2203 600.1891
-9999 -9999 603.2701 602.9689 602.691 602.587 602.4871 602.3956 602.3351 602.2728 602.2056 602.1428 602.0852 602.0247 601.9618 601.9052 601.8536 601.7962 601.7267 601.6777 601.6332 601.5828 601.5303 601.4828 601.4316 601.3781 601.319 601.2599 601.2109 601.1699 601.1333 601.0967 601.0601 601.0235 600.9869 600.9503 600.9137 600.8771 600.8405 600.8039 600.7673 600.736 600.705 600.6719 600.6479 600.6229 600.593 600.5631 600.5333 600.5034 600.4716 600.4442 600.4171 600.3873 600.3538 600.3284 600.3019 600.2807 600.2595 600.2382 600.2184 600.2019 600.1729 600.142
-9999 -9999 603.3573 603.0561 602.7549 602.559 602.455 602.3574 602.2658 602.2039 602.1357 602.0702 602.0079 601.9465 601.885 601.8221 601.7704 601.7188 601.6821 601.6429 601.6015 601.5494 601.501 601.4485 601.4058 601.3518 601.306 601.2469 601.1877 601.1406 601.0963 601.0598 601.0231 600.9865 600.95 600.9133 600.8767 600.8401 600.8035 600.7669 600.7303 600.6972 600.6674 600.6338 600.608 600.5825 600.5532 600.5234 600.4935 600.4636 600.4337 600.4029 600.3764 600.3482 600.3153 600.2874 600.2619 600.2364 600.2151 600.1938 600.1741 600.1545 600.1255 600.095
-9999 -9999 603.4445 603.1433 602.8422 602.541 602.427 602.3239 602.2275 602.136 602.0719 601.9989 601.9301 601.8693 601.8078 601.7453 601.708 601.6724 601.6362 601.5999 601.5586 601.5176 601.4655 601.4191 601.3666 601.3287 601.2723 601.2338 601.1747 601.1156 601.0701 601.0228 600.9862 600.9496 600.913 600.8764 600.8398 600.8032 600.7665 600.73 600.6934 600.6573 600.629 600.5963 600.5674 600.542 600.5135 600.4836 600.4537 600.4239 600.394 600.3636 600.3351 600.3085 600.2794 600.2463 600.2209 600.1953 600.1708 600.1495 600.1296 600.1071 600.0781 600.0479
-9999 -9999 -9999 603.2305 602.9293 602.6282 602.399 602.295 602.193 602.0978 602.0063 601.9368 601.8621 601.7918 601.7306 601.7166 601.6627 601.6265 601.5902 601.554 601.5161 601.4745 601.4338 601.3817 601.3373 601.2854 601.2475 601.1952 601.1555 601.1026 601.0435 600.9957 600.9492 600.9126 600.876 600.8394 600.8028 600.7662 600.7296 600.693 600.6564 600.6198 600.5903 600.5587 600.5251 600.4993 600.4737 600.4438 600.414 600.3841 600.3542 600.3243 600.2938 600.2672 600.2401 600.2104 600.1798 600.1544 600.1279 600.1052 600.0853 600.0597 600.0307 600.0009
-9999 -9999 -9999 603.3177 603.0165 602.7154 602.4142 602.267 602.163 602.0621 601.968 601.8765 601.7994 601.7385 601.7315 601.6819 601.6262 601.5806 601.5443 601.5081 601.4718 601.4317 601.3909 601.3499 601.2978 601.2554 601.2042 601.1663 601.1182 601.0757 601.0305 600.9713 600.9199 600.8757 600.8391 600.8025 600.7659 600.7292 600.6927 600.6561 600.6194 600.5829 600.5515 600.5211 600.4875 600.4597 600.4332 600.4041 600.3742 600.3444 600.3145 600.2846 600.2548 600.2259 600.1994 600.1711 600.1403 600.1134 600.088 600.0609 600.0397 600.0123 599.9833 599.9537
-9999 -9999 -9999 603.4049 603.1037 602.8026 602.5014 602.239 602.135 602.031 601.9312 601.8382 601.7508 601.7432 601.7031 601.6473 601.5915 601.5356 601.4984 601.4625 601.4258 601.3889 601.3474 601.3074 601.2661 601.2139 601.1736 601.123 601.085 601.0411 600.996 600.9583 600.8992 600.8441 600.8021 600.7655 600.7289 600.6923 600.6557 600.6191 600.5825 600.5459 600.5127 600.4833 600.45 600.4189 600.3924 600.3643 600.3345 600.3046 600.2747 600.2449 600.215 600.1846 600.1581 600.1315 600.1023 600.0723 600.0469 600.0215 599.9953 599.9648 599.8655 599.712
-9999 -9999 -9999 603.4921 603.1909 602.8898 602.5886 602.2874 602.107 602.003 601.8995 601.8002 601.7548 601.7242 601.6684 601.6126 601.5568 601.501 601.4525 601.4161 601.3799 601.3437 601.3049 601.2637 601.2239 601.1822 601.1301 601.0917 601.0418 601.0037 600.964 600.9162 600.8795 600.8271 600.7682 600.7306 600.692 600.6553 600.6188 600.5822 600.5455 600.509 600.4739 600.4445 600.4124 600.3788 600.351 600.3243 600.2947 600.2648 600.235 600.2051 600.1752 600.1454 600.1168 600.0903 600.063 600.0334 600.0059 599.9815 599.833 599.764 599.7095 599.6475
-9999 -9999 -9999 -9999 603.2781 602.9769 602.6758 602.3746 602.079 601.975 601.871 601.7686 601.7453 601.6895 601.6337 601.5779 601.5221 601.4663 601.4105 601.3702 601.335 601.2977 601.2613 601.2205 601.1801 601.1404 601.0983 601.048 601.0099 600.9606 600.9224 600.8856 600.8365 600.7997 600.7549 600.6958 600.6602 600.6184 600.5818 600.5452 600.5086 600.472 600.4354 600.4057 600.3748 600.3412 600.3115 600.2838 600.2549 600.2251 600.1953 600.1653 600.1355 600.1056 600.0754 600.049 600.0224 599.9415 599.8459 599.793 599.753 599.7075 599.6615 599.6321
-9999 -9999 -9999 -9999 603.3653 603.0641 602.763 602.4619 602.1606 601.947 601.843 601.7664 601.7106 601.6548 601.599 601.5432 601.4874 601.4316 601.3759 601.3243 601.288 601.2522 601.2156 601.1777 601.1364 601.0965 601.0569 601.0145 600.9658 600.928 600.8794 600.8411 600.8043 600.7567 600.7199 600.6828 600.6237 600.5863 600.5449 600.5082 600.4717 600.4351 600.3984 600.3669 600.3372 600.3036 600.2704 600.2428 600.2152 600.1854 600.1555 600.1256 600.0957 600.0659 600.036 599.96 599.851 599.803 599.7665 599.7485 599.721 599.696 599.681 599.679
-9999 -9999 -9999 -9999 603.4525 603.1514 602.8502 602.549 602.2479 601.9467 601.815 601.7328 601.676 601.6201 601.5643 601.5085 601.4528 601.3969 601.3411 601.2853 601.2421 601.207 601.1696 601.1334 601.0936 601.0529 601.0129 600.9733 600.9306 600.8836 600.8458 600.7982 600.7598 600.723 600.6769 600.6401 600.6034 600.5516 600.5105 600.4713 600.4347 600.3981 600.3615 600.3281 600.2987 600.2661 600.2325 600.2027 600.1749 600.1456 600.1157 600.0858 600.056 599.9235 599.853 599.801 599.7705 599.7525 599.743 599.7368 599.7325 599.7365 599.749 599.7795
-9999 -9999 -9999 -9999 603.5397 603.2385 602.9374 602.6362 602.3351 602.0339 601.787 601.7139 601.6447 601.5854 601.5297 601.4739 601.418 601.3622 601.3065 601.2507 601.1962 601.1599 601.1247 601.0875 601.0501 601.0093 600.9692 600.9294 600.8898 600.8467 600.8014 600.7637 600.717 600.6785 600.6417 600.5992 600.5604 600.5236 600.4794 600.4347 600.3978 600.3611 600.3245 600.2893 600.2599 600.2285 600.1949 600.1631 600.1343 600.1058 600.076 599.9195 599.8445 599.7785 599.7435 599.7345 599.736 599.7415 599.7525 599.7686 599.7885 599.816 599.8765 599.9698
-9999 -9999 -9999 -9999 -9999 603.3257 603.0246 602.7234 602.4222 602.1211 601.8199 601.6934 601.623 601.5564 601.495 601.4391 601.3834 601.3276 601.2718 601.216 601.1602 601.114 601.0789 601.0419 601.0052 600.9666 600.9256 600.8856 600.8459 600.8062 600.7628 600.7192 600.6815 600.6357 600.5972 600.5604 600.5222 600.4807 600.4438 600.407 600.3589 600.3242 600.2876 600.251 600.2211 600.1909 600.1574 600.1238 600.0939 599.8905 599.8285 599.743 599.6955 599.685 599.697 599.712 599.738 599.77 599.8045 599.842 599.8895 599.991 600.0071 600.0234
-9999 -9999 -9999 -9999 -9999 603.413 603.1118 602.8106 602.5095 602.2083 601.9071 601.6411 601.5998 601.5322 601.4682 601.4045 601.3487 601.2929 601.2371 601.1813 601.1255 601.0697 601.0318 600.9971 600.9594 600.9225 600.8824 600.842 600.8021 600.7625 600.7225 600.679 600.637 600.5993 600.5546 600.5159 600.4791 600.4424 600.4009 600.3641 600.3273 600.283 600.2507 600.2141 600.1824 600.153 600.1198 600.017 599.8125 599.699 599.636 599.622 599.6305 599.6535 599.694 599.7435 599.798 599.853 599.908 600.0111 600.0245 600.038 600.054 600.0735
-9999 -9999 -9999 -9999 -9999 603.5001 603.199 602.8978 602.5966 602.2955 601.9943 601.6812 601.5422 601.5053 601.4412 601.3796 601.314 601.2582 601.2024 601.1466 601.0908 601.035 600.9859 600.9509 600.9144 600.8771 600.8389 600.7983 600.7584 600.7184 600.679 600.6389 600.5951 600.5549 600.5171 600.4733 600.4346 600.3979 600.3611 600.3212 600.2844 600.2476 600.2072 600.1769 600.1436 600.0315 599.7575 599.662 599.582 599.5485 599.555 599.5805 599.629 599.6955 599.772 599.8515 599.92 600.0311 600.0449 600.0586 600.0724 600.0849 600.0988 600.1201
-9999 -9999 -9999 -9999 -9999 603.5873 603.2861 602.985 602.6838 602.3827 602.0815 601.7712 601.4767 601.4425 601.4061 601.3441 601.2845 601.2235 601.1677 601.1119 601.0562 601.0003 600.9445 600.9037 600.8696 600.8316 600.7948 600.7554 600.7147 600.6748 600.6349 600.5955 600.5554 600.5112 600.4727 600.4349 600.3921 600.3533 600.3166 600.2798 600.2414 600.2046 600.1678 600.0475 599.7965 599.636 599.5535 599.482 599.479 599.501 599.556 599.639 599.735 599.84 599.926 600.0511 600.0649 600.0788 600.0924 600.1061 600.1199 600.1318 600.1453 600.1647
-9999 -9999 -9999 -9999 -9999 -9999 603.3734 603.0722 602.7711 602.4698 602.1687 601.8613 601.5423 601.3779 601.3424 601.3069 601.2471 601.1895 601.1331 601.0773 601.0214 600.9656 600.9099 600.8578 600.8228 600.7869 600.749 600.7113 600.6711 600.6312 600.5912 600.5515 600.5121 600.4717 600.4282 600.3905 600.3527 600.3109 600.272 600.2353 600.1985 600.1616 599.911 599.708 599.559 599.4665 599.4275 599.4355 599.488 599.576 599.6945 599.7935 599.891 600.0712 600.085 600.0988 600.1126 600.1265 600.1399 600.1537 600.1674 600.1788 600.1923 600.2094
-9999 -9999 -9999 -9999 -9999 -9999 603.4606 603.1594 602.8582 602.5571 602.2559 601.9514 601.6323 601.3133 601.2792 601.2428 601.2078 601.1501 601.0957 601.0441 600.9868 600.931 600.8752 600.8194 600.7756 600.7419 600.7041 600.6669 600.6278 600.5875 600.5475 600.5076 600.468 600.4285 600.3881 600.3461 600.3083 600.2706 600.2297 600.1907 600.0235 599.722 599.5594 599.4505 599.396 599.3914 599.4405 599.532 599.6275 599.731 599.889 600.0855 600.102 600.1185 600.1326 600.1464 600.1603 600.1741 600.1879 600.2012 600.2149 600.2287 600.2391 600.2542
-9999 -9999 -9999 -9999 -9999 -9999 603.5477 603.2466 602.9454 602.6443 602.3431 602.0414 601.7224 601.4034 601.2144 601.1802 601.1436 601.1083 601.0565 601.0049 600.9559 600.8963 600.8405 600.7847 600.7297 600.6947 600.6593 600.6213 600.5837 600.5443 600.5039 600.464 600.424 600.3845 600.345 600.3045 600.2639 600.2261 600.1906 599.8475 599.62 599.491 599.3965 599.3782 599.408 599.482 599.5955 599.712 599.891 600.105 600.1175 600.1314 600.1479 600.1644 600.1799 600.1941 600.2079 600.2217 600.2356 600.2487 600.2624 600.2762 600.2861 600.2996
-9999 -9999 -9999 -9999 -9999 -9999 603.6349 603.3338 603.0326 602.7314 602.4303 602.1292 601.8124 601.4934 601.1744 601.1148 601.0813 601.0444 601.0089 600.9629 600.9141 600.8659 600.8058 600.75 600.6942 600.6475 600.6139 600.5765 600.5388 600.5002 600.4603 600.4203 600.3804 600.3405 600.3011 600.2614 600.2209 600.07 599.746 599.5605 599.4415 599.4016 599.411 599.4745 599.589 599.75 599.8979 600.125 600.1371 600.1506 600.1647 600.1791 600.1938 600.2103 600.2269 600.2418 600.2556 600.2694 600.2833 600.2967 600.3099 600.3237 600.333 600.3465
-9999 -9999 -9999 -9999 -9999 -9999 -9999 603.421 603.1198 602.8187 602.5175 602.2163 601.9025 601.5835 601.2644 601.0499 601.0159 600.9819 600.9452 600.9094 600.8693 600.8197 600.7708 600.7153 600.6595 600.6037 600.5667 600.5317 600.4938 600.4561 600.4166 600.3766 600.3367 600.2968 600.257 600.222 599.8455 599.6615 599.546 599.461 599.4475 599.484 599.613 599.7185 599.912 600.144 600.1594 600.1754 600.1854 600.1976 600.2111 600.2257 600.2407 600.2562 600.2728 600.2886 600.3032 600.3171 600.3309 600.3447 600.3574 600.3712 600.3848 600.3934
-9999 -9999 -9999 -9999 -9999 -9999 -9999 603.5082 603.207 602.9058 602.6047 602.3035 601.9926 601.6735 601.3545 601.0355 600.9513 600.9174 600.8817 600.8458 600.8099 600.7713 600.7226 600.6758 600.6248 600.569 600.5194 600.4858 600.449 600.411 600.3725 600.3331 600.293 600.2531 600.1305 599.803 599.6525 599.562 599.524 599.563 599.6575 599.8 599.982 600.164 600.1785 600.1956 600.2114 600.2274 600.2382 600.2446 600.2581 600.2727 600.2869 600.3023 600.3187 600.3352 600.3509 600.3647 600.3785 600.3924 600.405 600.4187 600.4324 600.4403
-9999 -9999 -9999 -9999 -9999 -9999 -9999 603.5954 603.2942 602.993 602.6919 602.3907 602.0826 601.7636 601.4445 601.1255 600.8851 600.8517 600.8184 600.7816 600.7463 600.7105 600.6721 600.6255 600.5807 600.5344 600.4786 600.4386 600.4042 600.3663 600.3284 600.289 600.254 599.9755 599.784 599.6705 599.6285 599.6365 599.7235 599.842 600.106 600.1922 600.2063 600.2186 600.2327 600.2499 600.2646 600.2795 600.2911 600.2971 600.3051 600.3186 600.3341 600.35 600.3646 600.3811 600.3974 600.4124 600.4262 600.4401 600.4539 600.4662 600.48 600.4877
-9999 -9999 -9999 -9999 -9999 -9999 -9999 603.6826 603.3814 603.0803 602.7791 602.4779 602.1727 601.8536 601.5346 601.2156 600.8965 600.7877 600.7527 600.7194 600.6815 600.6469 600.611 600.5729 600.5284 600.4856 600.4439 600.3914 600.3577 600.3215 600.2835 600.1745 599.951 599.8185 599.7562 599.7435 599.813 599.9445 600.136 600.2205 600.2361 600.2474 600.262 600.2742 600.287 600.3041 600.3217 600.3315 600.344 600.35 600.356 600.3656 600.3791 600.3951 600.4117 600.427 600.4435 600.4595 600.4739 600.4877 600.5015 600.5137 600.5275 600.5397
-9999 -9999 -9999 -9999 -9999 -9999 -9999 -9999 603.4686 603.1674 602.8663 602.5651 602.2628 601.9437 601.6246 601.3056 600.9866 600.7211 600.6882 600.6542 600.6204 600.5813 600.5474 600.5116 600.4737 600.4314 600.3906 600.3522 600.3105 600.234 600.085 599.9685 599.8935 599.8695 599.917 600.0115 600.232 600.2416 600.2595 600.2769 600.2925 600.3027 600.3176 600.3298 600.3412 600.3584 600.3771 600.3835 600.3969 600.4029 600.4089 600.415 600.4261 600.4396 600.4562 600.4733 600.4894 600.506 600.5215 600.5353 600.5492 600.5626 600.575 600.5887
