samples/sfe_25/sfe_25_v0/sfe_25_v0/sfe_25_v0.asc
ncols         253
nrows         137
xllcorner     79
yllcorner     53
cellsize      1
NODATA_value  -9999
[rows 0 to 27 of 137, columns 0 to 63 of 253]
-9999 -9999 -9999 -9999 -9999 -9999 -9999 -9999 -9999 -9999 -9999 -9999 -9999 -9999 -9999 -9999 -9999 -9999 -9999 -9999 -9999 604.3348 604.3245 604.3141 604.3033 604.2934 604.2834 604.2725 604.2625 604.2525 604.2415 604.2311 604.2207 604.2103 604.1999 604.1895 604.1791 604.1691 604.158 604.1475 604.1368 604.1268 604.1168 604.1058 604.0947 604.0842 604.0742 604.0641 604.053 604.043 604.0325 604.0219 604.0106 604.0005 603.9891 603.9792 603.9684 603.9584 603.947 603.937 603.9261 603.9153 603.9045 603.8945
-9999 -9999 -9999 -9999 -9999 -9999 -9999 -9999 -9999 -9999 -9999 -9999 -9999 -9999 -9999 -9999 -9999 -9999 -9999 -9999 604.3268 604.3026 604.292 604.281 604.2693 604.2593 604.2493 604.2375 604.2275 604.2175 604.2057 604.1949 604.1837 604.1729 604.162 604.1511 604.1403 604.1302 604.1203 604.1075 604.0964 604.0854 604.0754 604.0633 604.0522 604.0411 604.03 604.02 604.0074 603.9974 603.9863 603.975 603.9644 603.9523 603.9421 603.9293 603.9178 603.9078 603.8966 603.8847 603.873 603.8622 603.8495 603.8395
-9999 -9999 -9999 -9999 -9999 -9999 -9999 -9999 -9999 -9999 -9999 -9999 -9999 -9999 -9999 -9999 -9999 -9999 -9999 -9999 604.2977 604.2729 604.2594 604.2484 604.2352 604.2252 604.2152 604.2025 604.1925 604.1825 604.1698 604.1585 604.147 604.136 604.1241 604.1127 604.1014 604.0914 604.0814 604.0672 604.0556 604.0441 604.0341 604.0234 604.0092 603.9974 603.9857 603.9757 603.9619 603.9519 603.9401 603.9281 603.9175 603.9041 603.8941 603.8795 603.8672 603.8572 603.8462 603.8324 603.8199 603.8099 603.7945 603.7845
-9999 -9999 -9999 -9999 -9999 -9999 -9999 -9999 -9999 -9999 -9999 -9999 -9999 -9999 -9999 -9999 -9999 -9999 -9999 604.2949 604.2687 604.2439 604.2274 604.2161 604.2045 604.1912 604.1812 604.1675 604.1575 604.1475 604.1345 604.123 604.1113 604.0988 604.0873 604.0743 604.0626 604.0526 604.0426 604.0277 604.0156 604.0027 603.9928 603.9828 603.9662 603.9537 603.9415 603.9315 603.9197 603.9064 603.8939 603.8813 603.8713 603.8558 603.8458 603.8297 603.8192 603.8066 603.7952 603.7802 603.7667 603.7567 603.7395 603.7295
-9999 -9999 -9999 -9999 -9999 -9999 -9999 -9999 -9999 -9999 -9999 -9999 -9999 -9999 -9999 -9999 -9999 -9999 -9999 604.2657 604.2399 604.2148 604.195 604.1833 604.1714 604.1571 604.1472 604.1358 604.1225 604.1125 604.0997 604.0869 604.0746 604.0627 604.0504 604.0383 604.0256 604.0138 604.0038 603.9877 603.9753 603.9614 603.9514 603.9415 603.9254 603.9101 603.8972 603.8872 603.8772 603.8608 603.8477 603.8344 603.8244 603.8076 603.7976 603.7798 603.7698 603.756 603.7442 603.7278 603.7136 603.7036 603.6879 603.6745
-9999 -9999 -9999 -9999 -9999 -9999 -9999 -9999 -9999 -9999 -9999 -9999 -9999 -9999 -9999 -9999 -9999 -9999 -9999 604.2366 604.2112 604.1858 604.1633 604.1516 604.1383 604.123 604.113 604.1031 604.0875 604.0775 604.0671 604.0519 604.0394 604.0257 604.0129 604.0005 603.9875 603.975 603.965 603.95 603.9364 603.9231 603.9101 603.9001 603.8834 603.8702 603.856 603.843 603.833 603.8152 603.804 603.7904 603.7775 603.7607 603.7493 603.7322 603.72 603.7054 603.6932 603.6756 603.6632 603.6505 603.6351 603.6195
-9999 -9999 -9999 -9999 -9999 -9999 -9999 -9999 -9999 -9999 -9999 -9999 -9999 -9999 -9999 -9999 -9999 -9999 604.2336 604.2073 604.1824 604.157 604.133 604.1189 604.1064 604.0901 604.079 604.069 604.0525 604.0425 604.0325 604.0161 604.003 603.9891 603.9771 603.9626 603.9492 603.9362 603.9261 603.9133 603.8961 603.8823 603.8688 603.8588 603.8425 603.8272 603.8128 603.7988 603.7887 603.7697 603.7597 603.7453 603.7307 603.7165 603.701 603.6868 603.6702 603.6548 603.6439 603.6268 603.6133 603.5973 603.5811 603.5645
-9999 -9999 -9999 -9999 -9999 -9999 -9999 -9999 -9999 -9999 -9999 -9999 -9999 -9999 -9999 -9999 -9999 -9999 604.2047 604.1782 604.1534 604.1281 604.1039 604.0876 604.0737 604.0605 604.045 604.035 604.0181 604.0075 603.9975 603.9813 603.9672 603.9548 603.9398 603.9258 603.9108 603.8973 603.8873 603.8766 603.8565 603.8418 603.8274 603.8174 603.8034 603.7842 603.7691 603.7545 603.7445 603.7266 603.7142 603.6991 603.6838 603.6715 603.6528 603.6411 603.6204 603.6047 603.5942 603.5782 603.561 603.5441 603.5298 603.5095
-9999 -9999 -9999 -9999 -9999 -9999 -9999 -9999 -9999 -9999 -9999 -9999 -9999 -9999 -9999 -9999 -9999 604.2023 604.1755 604.1492 604.1245 604.0992 604.0748 604.0552 604.0421 604.0288 604.0109 604.0009 603.987 603.9725 603.9625 603.9461 603.9322 603.9182 603.904 603.8905 603.8751 603.8604 603.8486 603.8385 603.8174 603.8031 603.7861 603.7761 603.7643 603.7433 603.7255 603.7103 603.7003 603.6847 603.6686 603.6529 603.637 603.6254 603.6046 603.5946 603.5706 603.5577 603.5435 603.5297 603.5088 603.491 603.4787 603.4557
-9999 -9999 -9999 -9999 -9999 -9999 -9999 -9999 -9999 -9999 -9999 -9999 -9999 -9999 -9999 -9999 -9999 604.1724 604.1463 604.1202 604.0955 604.0704 604.0458 604.024 604.0106 603.9957 603.9769 603.9669 603.9559 603.9375 603.9275 603.9136 603.8979 603.883 603.8677 603.8531 603.8389 603.824 603.8098 603.7997 603.7795 603.7642 603.7482 603.7347 603.7247 603.7036 603.6859 603.6691 603.656 603.6429 603.623 603.6071 603.591 603.5801 603.5565 603.5463 603.5223 603.5107 603.4929 603.4794 603.4565 603.438 603.4276 603.4048
-9999 -9999 -9999 -9999 -9999 -9999 -9999 -9999 -9999 -9999 -9999 -9999 -9999 -9999 -9999 -9999 -9999 604.1435 604.1171 604.0912 604.0666 604.0416 604.0169 603.993 603.9784 603.9645 603.9461 603.9328 603.9228 603.9025 603.8925 603.881 603.8622 603.8475 603.8311 603.8176 603.8011 603.7857 603.7709 603.7609 603.743 603.725 603.7089 603.6934 603.6834 603.6616 603.6451 603.6282 603.6118 603.601 603.5775 603.5641 603.5475 603.5333 603.5123 603.4981 603.4769 603.4609 603.4423 603.4283 603.4056 603.3886 603.3747 603.3539
-9999 -9999 -9999 -9999 -9999 -9999 -9999 -9999 -9999 -9999 -9999 -9999 -9999 -9999 -9999 -9999 604.1406 604.1144 604.0878 604.0623 604.0377 604.0127 603.9879 603.9641 603.9479 603.9315 603.9164 603.8987 603.8887 603.8693 603.8575 603.8475 603.8282 603.8114 603.7976 603.7809 603.7642 603.7473 603.7321 603.7221 603.7064 603.6852 603.6681 603.6521 603.6421 603.6225 603.6021 603.5845 603.5675 603.5576 603.5334 603.5212 603.504 603.4865 603.4681 603.4498 603.4314 603.4111 603.3917 603.3775 603.357 603.3392 603.3215 603.3007
-9999 -9999 -9999 -9999 -9999 -9999 -9999 -9999 -9999 -9999 -9999 -9999 -9999 -9999 -9999 -9999 604.1113 604.0853 604.0588 604.0334 604.0086 603.9839 603.9587 603.935 603.9155 603.9009 603.8862 603.8647 603.8547 603.8382 603.8225 603.8125 603.7925 603.7776 603.7618 603.7448 603.73 603.7118 603.6951 603.6833 603.6697 603.6472 603.6309 603.6108 603.6008 603.5834 603.5612 603.5408 603.5233 603.5132 603.4915 603.4764 603.4581 603.4396 603.424 603.4016 603.3859 603.3613 603.3433 603.3288 603.3084 603.2897 603.2684 603.2487
-9999 -9999 -9999 -9999 -9999 -9999 -9999 -9999 -9999 -9999 -9999 -9999 -9999 -9999 -9999 -9999 604.0824 604.056 604.0298 604.0046 603.9796 603.955 603.9297 603.9056 603.884 603.869 603.853 603.8317 603.8206 603.8071 603.7875 603.7775 603.7599 603.7429 603.726 603.7097 603.6932 603.6774 603.6601 603.6445 603.6331 603.6089 603.5913 603.573 603.5594 603.5443 603.5225 603.5016 603.4821 603.4691 603.4497 603.4309 603.4119 603.3927 603.3785 603.3533 603.34 603.3124 603.2963 603.2802 603.2598 603.2374 603.2153 603.1976
-9999 -9999 -9999 -9999 -9999 -9999 -9999 -9999 -9999 -9999 -9999 -9999 -9999 -9999 -9999 604.0793 604.0533 604.0268 604.0008 603.9758 603.9506 603.9261 603.9006 603.8766 603.853 603.8379 603.8219 603.8021 603.7866 603.7761 603.7525 603.7425 603.7274 603.7085 603.692 603.673 603.6571 603.6395 603.6222 603.6057 603.5956 603.5727 603.554 603.5356 603.5181 603.5052 603.4813 603.4628 603.4422 603.4248 603.4078 603.3853 603.3672 603.3481 603.3333 603.3082 603.2941 603.2669 603.2494 603.2299 603.2112 603.1851 603.1634 603.1464
-9999 -9999 -9999 -9999 -9999 -9999 -9999 -9999 -9999 -9999 -9999 -9999 -9999 -9999 -9999 604.0502 604.0242 603.9976 603.9717 603.9471 603.9216 603.8973 603.8715 603.8477 603.8241 603.8071 603.7896 603.7724 603.7525 603.7425 603.7205 603.7075 603.6948 603.6744 603.6556 603.6396 603.6219 603.6027 603.5838 603.5668 603.5568 603.5361 603.5139 603.4948 603.4767 603.4662 603.4416 603.42 603.3998 603.3806 603.366 603.3402 603.3242 603.3046 603.2883 603.264 603.2468 603.2214 603.2017 603.1793 603.1627 603.1357 603.114 603.0953
-9999 -9999 -9999 -9999 -9999 -9999 -9999 -9999 -9999 -9999 -9999 -9999 -9999 -9999 604.0477 604.0212 603.995 603.9683 603.9427 603.9186 603.8926 603.8685 603.8425 603.8188 603.7952 603.7756 603.7596 603.7427 603.7184 603.7084 603.6894 603.6725 603.6622 603.6393 603.6229 603.6053 603.5855 603.5685 603.5485 603.5298 603.518 603.4994 603.4769 603.4577 603.4354 603.4254 603.4025 603.3792 603.3562 603.3363 603.3241 603.2984 603.2813 603.2611 603.2421 603.2198 603.1986 603.176 603.1519 603.1287 603.1125 603.0872 603.0646 603.0441
-9999 -9999 -9999 -9999 -9999 -9999 -9999 -9999 -9999 -9999 -9999 -9999 -9999 -9999 604.018 603.9922 603.9658 603.9393 603.9138 603.89 603.8636 603.8396 603.8136 603.7899 603.7661 603.744 603.7272 603.7103 603.6877 603.6744 603.6583 603.6375 603.6275 603.6063 603.5878 603.5689 603.5517 603.5333 603.5144 603.4948 603.4792 603.4627 603.4383 603.4185 603.3979 603.3841 603.3634 603.3404 603.3172 603.2951 603.282 603.2565 603.2383 603.2172 603.1953 603.1757 603.1503 603.1305 603.1025 603.0818 603.0624 603.0386 603.0153 602.9927
-9999 -9999 -9999 -9999 -9999 -9999 -9999 -9999 -9999 -9999 -9999 -9999 -9999 -9999 603.989 603.9631 603.9366 603.9103 603.8848 603.8611 603.8347 603.8107 603.7848 603.7609 603.7368 603.7131 603.6974 603.6789 603.658 603.6403 603.6273 603.6027 603.5925 603.5738 603.5547 603.5363 603.5151 603.4966 603.478 603.4587 603.4404 603.4261 603.4024 603.3823 603.3607 603.3427 603.3243 603.3015 603.2785 603.2552 603.2378 603.2147 603.1932 603.171 603.1487 603.1315 603.104 603.085 603.057 603.0349 603.0138 602.99 602.9659 602.9395
-9999 -9999 -9999 -9999 -9999 -9999 -9999 -9999 -9999 -9999 -9999 -9999 -9999 603.9864 603.9601 603.934 603.9073 603.8813 603.856 603.8322 603.8057 603.7818 603.7559 603.7318 603.7075 603.6841 603.666 603.6476 603.6284 603.6063 603.5962 603.5717 603.5575 603.5412 603.5203 603.5001 603.4816 603.4631 603.4412 603.4203 603.4016 603.3894 603.3657 603.3427 603.3214 603.3014 603.2853 603.2607 603.238 603.2152 603.1936 603.1728 603.1476 603.1273 603.1052 603.0863 603.0598 603.039 603.0115 602.9879 602.9651 602.9415 602.9145 602.8888
-9999 -9999 -9999 -9999 -9999 -9999 -9999 -9999 -9999 -9999 -9999 -9999 -9999 603.9568 603.9312 603.9048 603.8781 603.8523 603.8271 603.8032 603.7766 603.7529 603.7271 603.7027 603.6786 603.6552 603.6359 603.6173 603.5987 603.5733 603.5622 603.5406 603.5225 603.5087 603.4861 603.4673 603.4482 603.4263 603.4069 603.3852 603.3646 603.3528 603.3291 603.3057 603.2839 603.2601 603.2462 603.2216 603.1971 603.1716 603.1494 603.1309 603.1052 603.0844 603.0617 603.0413 603.0157 602.993 602.9661 602.941 602.9162 602.8929 602.8659 602.8394
-9999 -9999 -9999 -9999 -9999 -9999 -9999 -9999 -9999 -9999 -9999 -9999 603.9548 603.9279 603.902 603.8755 603.8489 603.8233 603.7982 603.7743 603.7476 603.724 603.6982 603.6736 603.6497 603.6263 603.604 603.5856 603.5676 603.5436 603.5282 603.5095 603.4875 603.4761 603.4527 603.4328 603.4124 603.3931 603.3727 603.3511 603.3295 603.3139 603.2924 603.2676 603.2459 603.2228 603.2072 603.1825 603.1583 603.1329 603.1082 603.0891 603.0634 603.0414 603.0182 602.9962 602.9715 602.9471 602.9206 602.8928 602.8673 602.8443 602.8173 602.796
-9999 -9999 -9999 -9999 -9999 -9999 -9999 -9999 -9999 -9999 -9999 -9999 603.925 603.899 603.8729 603.8463 603.8198 603.7943 603.7693 603.7454 603.7186 603.6951 603.6694 603.6445 603.6207 603.5972 603.5738 603.5563 603.5359 603.514 603.4941 603.4785 603.4539 603.4425 603.4202 603.4006 603.3792 603.3571 603.3361 603.3164 603.2945 603.2751 603.2558 603.2319 603.2095 603.1855 603.1674 603.1434 603.1196 603.0941 603.0682 603.0472 603.0215 602.9985 602.9747 602.951 602.9273 602.8998 602.8751 602.847 602.8204 602.7999 602.7562 602.7098
-9999 -9999 -9999 -9999 -9999 -9999 -9999 -9999 -9999 -9999 -9999 -9999 603.8957 603.8701 603.8437 603.8171 603.7908 603.7653 603.7405 603.7164 603.6896 603.6662 603.6405 603.6154 603.5918 603.5678 603.5441 603.525 603.5057 603.4843 603.46 603.4474 603.4229 603.4075 603.3876 603.3661 603.3445 603.3236 603.3027 603.2796 603.2568 603.2363 603.2191 603.1954 603.1714 603.1481 603.126 603.1044 603.0798 603.0554 603.0284 603.0054 602.9796 602.9554 602.9304 602.9058 602.8832 602.8557 602.837 602.7849 602.7424 602.702 602.6708 602.618
-9999 -9999 -9999 -9999 -9999 -9999 -9999 -9999 -9999 -9999 -9999 603.8935 603.8668 603.8409 603.8145 603.7878 603.7618 603.7363 603.7117 603.6874 603.6606 603.6373 603.6117 603.5863 603.5629 603.5385 603.5153 603.4958 603.475 603.4547 603.4293 603.416 603.3918 603.3725 603.355 603.333 603.3115 603.2902 603.267 603.2454 603.2219 603.1993 603.1824 603.1588 603.1344 603.11 603.0849 603.0653 603.0407 603.015 602.9873 602.9623 602.9377 602.912 602.8875 602.8623 602.8266 602.7811 602.7213 602.6809 602.6446 602.6042 602.5737 602.5291
-9999 -9999 -9999 -9999 -9999 -9999 -9999 -9999 -9999 -9999 -9999 603.8638 603.8379 603.8118 603.7853 603.7586 603.7328 603.7073 603.683 603.6585 603.6317 603.6084 603.5828 603.5573 603.5339 603.5095 603.4863 603.464 603.4445 603.425 603.3996 603.382 603.3607 603.3375 603.3224 603.2991 603.2778 603.2559 603.2339 603.2112 603.1879 603.1643 603.1458 603.1221 603.097 603.0736 603.0477 603.0262 603.0016 602.9763 602.9485 602.9212 602.8959 602.8755 602.8105 602.75 602.6896 602.6614 602.6016 602.577 602.5432 602.5064 602.4756 602.4461
-9999 -9999 -9999 -9999 -9999 -9999 -9999 -9999 -9999 -9999 603.8619 603.8345 603.8089 603.7827 603.756 603.7294 603.7039 603.6784 603.6544 603.6296 603.6027 603.5795 603.554 603.5281 603.5048 603.4805 603.4575 603.434 603.4146 603.3929 603.3699 603.3479 603.3297 603.3051 603.2899 603.2665 603.2455 603.2222 603.199 603.1761 603.1537 603.1292 603.1091 603.0854 603.0613 603.0366 603.0104 602.9872 602.9625 602.9375 602.9098 602.8717 602.7983 602.7195 602.6673 602.6127 602.5525 602.54 602.4819 602.4733 602.4373 602.4086 602.3776 602.3582
-9999 -9999 -9999 -9999 -9999 -9999 -9999 -9999 -9999 -9999 603.8322 603.8057 603.7798 603.7535 603.7268 603.7004 603.6749 603.6495 603.6259 603.6006 603.5738 603.5507 603.5251 603.4991 603.4758 603.4515 603.4282 603.4041 603.3839 603.3633 603.3403 603.3149 603.2986 603.274 603.2573 603.234 603.212 603.189 603.1656 603.1422 603.1181 603.0933 603.071 603.0488 603.0251 603.0004 602.9731 602.9481 602.9235 602.8724 602.7779 602.6981 602.6268 602.5635 602.5242 602.4754 602.4155 602.4158 602.3622 602.3704 602.3314 602.3108 602.2795 602.2601
