samples/sfe_25/sfe_25_v0/sfe_25_v0/sfe_25_v0.asc
ncols         253
nrows         137
xllcorner     79
yllcorner     53
cellsize      1
NODATA_value  -9999
[rows 0 to 27 of 137, columns 64 to 127 of 253]
603.8836 603.8728 603.8622 603.8503 603.8403 603.8302 603.8187 603.8082 603.7971 603.7865 603.7753 603.7652 603.7541 603.7427 603.7325 603.7214 603.7101 603.6993 603.6893 603.6777 603.667 603.6562 603.6452 603.6345 603.6228 603.6128 603.6009 603.5909 603.5801 603.5691 603.558 603.547 603.536 603.5249 603.5139 603.503 603.4927 603.4816 603.4703 603.4603 603.4492 603.4381 603.4279 603.4167 603.4067 603.3955 603.3855 603.3744 603.3644 603.3545 603.3431 603.3333 603.3235 603.3121 603.302 603.2924 603.2825 603.2727 603.2631 603.2533 603.2435 603.2338 603.224 603.2142
603.8276 603.8159 603.8048 603.7927 603.7806 603.7706 603.7573 603.7462 603.7338 603.7227 603.71 603.7001 603.6876 603.6747 603.6647 603.6519 603.6396 603.6273 603.6173 603.6042 603.5925 603.5808 603.5692 603.5574 603.5437 603.5336 603.5197 603.5097 603.498 603.4858 603.4737 603.4614 603.4494 603.437 603.4249 603.4144 603.4023 603.3901 603.3773 603.3673 603.3549 603.344 603.3323 603.3196 603.3096 603.2972 603.2872 603.2747 603.2647 603.2551 603.2421 603.2325 603.2229 603.2098 603.1998 603.1906 603.181 603.1713 603.1621 603.1525 603.1429 603.1336 603.124 603.1144
603.7717 603.7593 603.7473 603.7343 603.7209 603.7109 603.6966 603.6843 603.671 603.6588 603.6454 603.6348 603.621 603.6074 603.5967 603.5825 603.5712 603.5554 603.5453 603.5325 603.5181 603.5055 603.4929 603.4802 603.4672 603.4545 603.4408 603.4285 603.4158 603.4026 603.3893 603.3759 603.3629 603.3492 603.3369 603.3259 603.312 603.2985 603.2844 603.2744 603.2606 603.2499 603.2366 603.2226 603.2126 603.1989 603.1889 603.1761 603.1651 603.1557 603.1412 603.1317 603.1223 603.1076 603.0976 603.0888 603.0793 603.0699 603.0611 603.0517 603.0422 603.0334 603.024 603.0146
603.7156 603.7039 603.6899 603.678 603.6613 603.6512 603.6371 603.6223 603.61 603.595 603.5833 603.5696 603.5544 603.5427 603.5286 603.5129 603.5028 603.4836 603.4734 603.4603 603.4448 603.4302 603.4166 603.403 603.3892 603.3754 603.3615 603.3474 603.3337 603.3194 603.3049 603.2903 603.2762 603.2615 603.2494 603.2369 603.2217 603.207 603.1919 603.1813 603.1663 603.1558 603.1411 603.1256 603.1155 603.1008 603.0906 603.078 603.0655 603.0563 603.0402 603.0309 603.0217 603.006 602.9954 602.987 602.9778 602.9685 602.9601 602.9509 602.9417 602.9332 602.924 602.9148
603.6597 603.6475 603.6324 603.62 603.6016 603.5916 603.5763 603.5629 603.5475 603.5311 603.5211 603.5043 603.4879 603.4775 603.4606 603.4435 603.4335 603.4158 603.4014 603.3875 603.3727 603.3555 603.3404 603.3258 603.3111 603.2963 603.2813 603.2661 603.2516 603.2361 603.2205 603.2048 603.1896 603.1752 603.1619 603.1479 603.1313 603.1154 603.1006 603.0884 603.072 603.0617 603.0454 603.0302 603.0185 603.004 602.9923 602.9799 602.9659 602.9568 602.9392 602.9301 602.9211 602.9056 602.8932 602.8852 602.8762 602.8671 602.8591 602.8501 602.8411 602.833 602.824 602.815
603.6046 603.591 603.578 603.562 603.5419 603.5319 603.5156 603.5016 603.4849 603.4702 603.4572 603.4391 603.4241 603.4114 603.3925 603.3741 603.364 603.345 603.3295 603.3147 603.2997 603.2825 603.2642 603.2486 603.2337 603.2171 603.2012 603.1849 603.1696 603.153 603.1362 603.1192 603.103 603.0891 603.0743 603.0589 603.041 603.0239 603.0092 602.9954 602.9781 602.9676 602.9498 602.9347 602.9216 602.9071 602.894 602.8818 602.8663 602.8574 602.8394 602.8293 602.8206 602.8052 602.7912 602.7834 602.7745 602.7659 602.7581 602.7493 602.7407 602.7328 602.724 602.7153
603.5518 603.5365 603.5214 603.5056 603.4867 603.4722 603.457 603.4402 603.4244 603.4075 603.3934 603.3739 603.3594 603.3448 603.3245 603.308 603.2944 603.2739 603.2576 603.242 603.2261 603.2095 603.1904 603.1714 603.1573 603.138 603.1212 603.1038 603.0887 603.0705 603.0528 603.0349 603.0177 603.0029 602.9869 602.9699 602.9506 602.9329 602.9178 602.9024 602.8854 602.8735 602.8541 602.8392 602.8247 602.8102 602.7957 602.7837 602.7667 602.758 602.74 602.7286 602.72 602.7048 602.6892 602.6816 602.673 602.6647 602.6571 602.6485 602.6403 602.6326 602.624 602.6158
603.4989 603.4818 603.4645 603.45 603.4314 603.4125 603.3988 603.3788 603.3644 603.3442 603.3295 603.3087 603.295 603.2783 603.2564 603.2418 603.225 603.2046 603.1856 603.1709 603.1525 603.1357 603.1165 603.0963 603.0809 603.0589 603.0428 603.0225 603.0079 602.9893 602.9705 602.9515 602.9329 602.9166 602.8994 602.8809 602.8603 602.843 602.8265 602.8094 602.7925 602.7794 602.7585 602.7438 602.7279 602.7134 602.6974 602.6855 602.6671 602.6586 602.6406 602.6278 602.6193 602.6044 602.5872 602.5798 602.5714 602.5635 602.5561 602.5477 602.5399 602.5324 602.524 602.5162
603.4445 603.4258 603.4091 603.3925 603.374 603.3528 603.3406 603.3203 603.3024 603.283 603.2656 603.246 603.2311 603.2117 603.1911 603.175 603.1555 603.1362 603.1136 603.0997 603.079 603.0613 603.0427 603.0216 603.0044 602.9818 602.9645 602.9418 602.9269 602.908 602.8881 602.868 602.8482 602.8304 602.8119 602.7919 602.7714 602.753 602.7352 602.7164 602.6997 602.6852 602.6632 602.6484 602.631 602.6165 602.5991 602.5875 602.5674 602.5591 602.5412 602.527 602.5187 602.504 602.4852 602.478 602.4698 602.4623 602.4551 602.4469 602.4395 602.4322 602.424 602.4166
603.3895 603.3698 603.3549 603.335 603.3186 603.2932 603.2823 603.2624 603.2411 603.2233 603.2018 603.1838 603.1674 603.1451 603.127 603.1084 603.0859 603.0678 603.044 603.0286 603.0077 602.9869 602.9681 602.9469 602.928 602.9052 602.8862 602.8632 602.8461 602.8267 602.8058 602.7845 602.7635 602.7443 602.7241 602.7031 602.6828 602.6631 602.6438 602.6235 602.6069 602.5911 602.5691 602.5529 602.5342 602.5197 602.5008 602.4893 602.4681 602.4597 602.4418 602.4262 602.4182 602.4037 602.3832 602.3762 602.3682 602.3611 602.3541 602.3461 602.3391 602.332 602.324 602.317
603.3345 603.3144 603.2988 603.279 603.2623 603.2357 603.2234 603.2018 603.182 603.1621 603.1393 603.1216 603.103 603.0795 603.0623 603.0417 603.0165 602.9994 602.9761 602.9574 602.9363 602.9142 602.8928 602.8723 602.8516 602.8287 602.8078 602.7846 602.7651 602.7454 602.7234 602.7011 602.6788 602.658 602.6362 602.6156 602.5942 602.5731 602.5524 602.5308 602.5141 602.497 602.475 602.4575 602.447 602.4363 602.4205 602.4026 602.3899 602.3719 602.3574 602.345 602.3273 602.3168 602.3073 602.2906 602.2775 602.2716 602.2643 602.2572 602.251 602.2438 602.2367 602.2305
603.2795 603.2615 603.2427 603.2248 603.2043 603.1804 603.1638 603.1421 603.1229 603.0999 603.0785 603.0594 603.0377 603.0161 602.997 602.9742 602.9494 602.931 602.9083 602.8863 602.865 602.8421 602.8189 602.7966 602.7751 602.7523 602.7295 602.7059 602.6843 602.6642 602.6411 602.6176 602.594 602.5718 602.5491 602.5281 602.507 602.4977 602.4762 602.4565 602.4379 602.4188 602.4 602.3806 602.3619 602.3451 602.3295 602.3116 602.2983 602.2808 602.2663 602.2549 602.2371 602.2266 602.2176 602.2009 602.1884 602.1834 602.1758 602.1697 602.165 602.157 602.1511 602.1444
603.2245 603.2087 603.1889 603.17 603.1484 603.1252 603.1041 603.0839 603.0618 603.0402 603.0177 602.9972 602.9725 602.9527 602.9318 602.9062 602.8834 602.8626 602.838 602.8151 602.7936 602.77 602.7459 602.7216 602.6983 602.6758 602.6511 602.6273 602.6034 602.5829 602.5588 602.545 602.523 602.4989 602.4777 602.4548 602.4324 602.4103 602.3876 602.3678 602.3491 602.329 602.3102 602.29 602.2711 602.254 602.2384 602.2205 602.2055 602.1896 602.1751 602.1648 602.147 602.1364 602.1279 602.1113 602.0996 602.0952 602.0872 602.0827 602.0786 602.0704 602.0659 602.0583
603.1727 603.1559 603.1351 603.1131 603.0931 603.0699 603.0444 603.0256 603.0017 602.9806 602.9547 602.935 602.9087 602.8886 602.8666 602.8391 602.8174 602.7942 602.7696 602.744 602.7223 602.6978 602.673 602.6477 602.622 602.5989 602.583 602.5605 602.5358 602.5139 602.489 602.4636 602.4382 602.4128 602.3918 602.3683 602.3447 602.3229 602.2991 602.2792 602.2603 602.2393 602.2205 602.1994 602.1805 602.1628 602.1472 602.1295 602.1128 602.0984 602.0839 602.0747 602.0569 602.0461 602.0383 602.0216 602.0107 602.007 601.9992 601.9957 601.9919 601.9849 601.9807 601.9734
603.1218 603.103 603.0799 603.0589 603.0377 603.0135 602.9847 602.9674 602.9438 602.9205 602.895 602.8724 602.8465 602.8248 602.8013 602.7749 602.7509 602.7258 602.7012 602.6722 602.6506 602.6256 602.6113 602.5835 602.556 602.5318 602.504 602.4793 602.4528 602.4318 602.4059 602.3804 602.3544 602.3278 602.3057 602.2818 602.2569 602.2355 602.2124 602.1905 602.1714 602.1516 602.1307 602.1088 602.09 602.0716 602.0553 602.0385 602.0209 602.0073 601.9928 601.9846 601.9668 601.9559 601.9485 601.9319 601.9212 601.9187 601.9116 601.9084 601.9052 601.8994 601.8947 601.8906
603.0709 603.0495 603.0242 603.0046 602.9802 602.9583 602.9293 602.9092 602.886 602.8601 602.8353 602.8086 602.7843 602.7609 602.7359 602.7108 602.6843 602.6574 602.645 602.6136 602.5847 602.5566 602.5303 602.5026 602.4755 602.4507 602.4235 602.3976 602.3701 602.3494 602.3226 602.2967 602.2701 602.2426 602.2197 602.1953 602.1715 602.1479 602.1251 602.1019 602.0826 602.0631 602.041 602.0189 601.9993 601.9805 601.9637 601.9474 601.9295 601.9161 601.9016 601.8932 601.8767 601.8657 601.8583 601.8423 601.8317 601.8303 601.8229 601.8207 601.8185 601.814 601.8087 601.8062
603.0199 602.9945 602.9713 602.9502 602.9258 602.9029 602.8741 602.851 602.8273 602.801 602.7756 602.7476 602.7221 602.6971 602.676 602.6501 602.6166 602.5871 602.5604 602.5287 602.4988 602.4739 602.4495 602.4218 602.3949 602.3696 602.3429 602.3157 602.2889 602.2664 602.2393 602.2129 602.1857 602.1575 602.1335 602.1096 602.0861 602.0601 602.0377 602.0132 601.9937 601.9746 601.9512 601.9299 601.9088 601.8893 601.8725 601.8563 601.8385 601.825 601.8105 601.8022 601.7866 601.7755 601.7681 601.7527 601.7422 601.7419 601.7354 601.7331 601.7318 601.7285 601.7228 601.7216
602.9676 602.9406 602.9185 602.8951 602.8716 602.8466 602.8188 602.7927 602.7689 602.7419 602.7156 602.6968 602.6646 602.6274 602.5901 602.5609 602.5259 602.4972 602.4743 602.4439 602.4139 602.3901 602.3664 602.3408 602.3144 602.2885 602.2623 602.2338 602.2076 602.1833 602.1559 602.1292 602.1027 602.075 602.0475 602.025 601.9996 601.9724 601.9503 601.9247 601.9049 601.8861 601.8615 601.8408 601.8181 601.7987 601.7814 601.7653 601.7474 601.7338 601.7193 601.7111 601.6965 601.6852 601.6776 601.663 601.6539 601.6534 601.6483 601.6454 601.645 601.6429 601.6368 601.6378
602.9164 602.8896 602.8657 602.8412 602.8174 602.7913 602.7636 602.7344 602.7171 602.676 602.6368 602.5982 602.566 602.5339 602.4978 602.4686 602.4352 602.4073 602.3837 602.3591 602.3291 602.3071 602.2827 602.2599 602.2336 602.2073 602.182 602.154 602.127 602.1004 602.0753 602.0477 602.0203 601.9921 601.9623 601.9404 601.9131 601.8846 601.8629 601.8383 601.8162 601.7975 601.7717 601.7516 601.7275 601.7083 601.6902 601.6743 601.6564 601.6426 601.6281 601.6201 601.6063 601.595 601.587 601.5734 601.5656 601.565 601.5612 601.5577 601.5583 601.5574 601.5515 601.5544
602.8653 602.8387 602.8128 602.7875 602.7629 602.741 602.6994 602.6588 602.618 602.577 602.5394 602.4996 602.4675 602.4404 602.4055 602.3738 602.3445 602.3174 602.2927 602.274 602.2443 602.2239 602.1979 602.1791 602.1519 602.1262 602.1016 602.0734 602.0455 602.0174 601.9946 601.9646 601.9369 601.9078 601.8772 601.8543 601.8267 601.8013 601.7755 601.7516 601.7275 601.7087 601.6832 601.6625 601.6369 601.6178 601.599 601.5832 601.5653 601.5515 601.537 601.5291 601.5162 601.5048 601.4968 601.4837 601.4773 601.4766 601.4741 601.471 601.4722 601.4719 601.4658 601.4711
602.8141 602.7878 602.7715 602.7271 602.6843 602.6418 602.6007 602.5602 602.5189 602.478 602.4419 602.4011 602.369 602.347 602.3131 602.2809 602.2538 602.2275 602.2017 602.1873 602.1594 602.1409 602.1149 602.0981 602.0704 602.0452 602.0209 601.9927 601.9636 601.9359 601.9133 601.8813 601.8531 601.8235 601.7936 601.7682 601.7415 601.7162 601.6878 601.6646 601.6389 601.6198 601.5959 601.5734 601.5475 601.5273 601.5079 601.4922 601.4743 601.4603 601.446 601.438 601.4261 601.4146 601.4066 601.394 601.389 601.3881 601.387 601.385 601.3857 601.3864 601.3806 601.3878
602.7627 602.7186 602.6734 602.6313 602.5861 602.545 602.5026 602.4615 602.4203 602.3797 602.3444 602.3043 602.2704 602.2535 602.2171 602.188 602.1638 602.1377 602.1107 602.1028 602.0746 602.0577 602.0322 602.0153 601.9896 601.9647 601.9398 601.9121 601.8828 601.8546 601.8309 601.7991 601.7693 601.7422 601.7117 601.6821 601.6569 601.631 601.6 601.5775 601.5503 601.531 601.5086 601.4836 601.4585 601.4368 601.4168 601.4011 601.3832 601.3684 601.355 601.347 601.336 601.3243 601.3163 601.3044 601.3007 601.2997 601.2999 601.299 601.299 601.301 601.2978 601.3045
602.6684 602.6257 602.5767 602.5344 602.4894 602.4478 602.4036 602.3624 602.3217 602.2809 602.2467 602.2075 602.1718 602.1534 602.1205 602.0952 602.0745 602.0478 602.0197 602.0182 601.9897 601.9713 601.9495 601.9319 601.9087 601.8842 601.8586 601.832 601.8038 601.7747 601.7479 601.7188 601.6885 601.6598 601.6298 601.5968 601.5723 601.5445 601.5143 601.4904 601.4639 601.4421 601.4203 601.3939 601.3694 601.3463 601.3264 601.3101 601.2922 601.2764 601.2639 601.2559 601.2459 601.2341 601.2261 601.2147 601.2123 601.2115 601.2128 601.213 601.2135 601.2155 601.215 601.2212
602.5742 602.5343 602.4878 602.4363 602.3937 602.3503 602.3072 602.2638 602.223 602.1818 602.1443 602.1103 602.0732 602.0528 602.027 602.0023 601.9848 601.956 601.9286 601.9285 601.9049 601.8846 601.8668 601.8485 601.8278 601.8029 601.7775 601.752 601.7232 601.6934 601.6649 601.6384 601.6066 601.5768 601.5455 601.5123 601.4877 601.4581 601.4312 601.4029 601.3776 601.3533 601.3318 601.3041 601.2803 601.2557 601.2358 601.2183 601.2011 601.1844 601.1729 601.1649 601.1558 601.1439 601.1359 601.1251 601.124 601.1233 601.1257 601.127 601.128 601.1299 601.1321 601.1378
602.4814 602.4401 602.395 602.3426 602.2972 602.252 602.2109 602.1654 602.1243 602.0831 602.042 602.0128 601.9747 601.9529 601.9335 601.9067 601.89 601.8625 601.838 601.8392 601.8201 601.7982 601.7822 601.7651 601.7469 601.7211 601.6964 601.6714 601.6426 601.6116 601.5829 601.5574 601.5233 601.4933 601.4626 601.4304 601.4029 601.3733 601.3463 601.3155 601.2909 601.2646 601.2433 601.2148 601.1912 601.1653 601.1454 601.1265 601.1101 601.0922 601.0818 601.0738 601.0654 601.0536 601.0457 601.0355 601.0357 601.0351 601.0386 601.041 601.0425 601.0442 601.0494 601.0545
602.3896 602.3459 602.3028 602.2561 602.1992 602.1561 602.1136 602.0679 602.0254 601.9845 601.9435 601.9153 601.8762 601.8531 601.8401 601.8139 601.7941 601.7701 601.7482 601.7489 601.7344 601.7111 601.6971 601.6816 601.6643 601.6393 601.6153 601.5909 601.562 601.5332 601.5022 601.4761 601.4426 601.4098 601.3818 601.3485 601.3168 601.2888 601.261 601.2277 601.2038 601.1759 601.1548 601.1276 601.1021 601.0762 601.0549 601.0352 601.019 601.0012 600.9908 600.9824 600.9734 600.9634 600.9554 600.946 600.9474 600.9476 600.9515 600.955 600.957 600.9586 600.9658 600.9712
602.3033 602.253 602.2119 602.1643 602.1085 602.0601 602.0162 601.9729 601.9269 601.8858 601.8448 601.8141 601.778 601.7532 601.7453 601.721 601.6992 601.6794 601.6583 601.6578 601.6461 601.6244 601.614 601.597 601.5809 601.5576 601.5345 601.51 601.482 601.4537 601.4224 601.3947 601.3622 601.3292 601.2994 601.2666 601.2314 601.2042 601.1757 601.1441 601.1167 601.0894 601.0663 601.0403 601.0129 600.9871 600.9645 600.9444 600.928 600.9101 600.8997 600.891 600.8817 600.8732 600.8652 600.857 600.8591 600.8605 600.8644 600.869 600.8715 600.8728 600.8823 600.8879
602.2214 602.1616 602.1176 602.0715 602.0235 601.962 601.9185 601.8767 601.828 601.7872 601.746 601.7117 601.6812 601.653 601.6447 601.6238 601.6042 601.5887 601.5684 601.5668 601.5605 601.538 601.5308 601.5119 601.4974 601.4765 601.4538 601.4289 601.402 601.373 601.3414 601.3124 601.2818 601.2486 601.2163 601.1833 601.149 601.1196 601.0897 601.061 601.0297 601.0031 600.9778 600.9529 600.9238 600.898 600.874 600.86 600.852 600.8356 600.8178 600.8002 600.7917 600.7833 600.7828 600.7839 600.786 600.778 600.7773 600.783 600.786 600.7877 600.799 600.8039
