samples/sfe_25/sfe_25_v0/sfe_25_v0/sfe_25_v0.asc
ncols         253
nrows         137
xllcorner     79
yllcorner     53
cellsize      1
NODATA_value  -9999
[rows 28 to 55 of 137, columns 0 to 63 of 253]
-9999 -9999 -9999 -9999 -9999 -9999 -9999 -9999 -9999 -9999 603.8024 603.7767 603.7507 603.7242 603.6976 603.6714 603.6458 603.6207 603.5973 603.5717 603.5449 603.5217 603.4963 603.4703 603.4467 603.4226 603.3989 603.3752 603.3548 603.3326 603.3106 603.2853 603.2675 603.243 603.2225 603.2014 603.1789 603.1557 603.1321 603.108 603.0839 603.0586 603.0341 603.0121 602.9885 602.9631 602.938 602.8586 602.7652 602.6697 602.5839 602.5257 602.4496 602.4075 602.3791 602.3381 602.2855 602.2916 602.2434 602.2676 602.2255 602.213 602.1814 602.162
-9999 -9999 -9999 -9999 -9999 -9999 -9999 -9999 -9999 603.8005 603.7734 603.7478 603.7216 603.6951 603.6683 603.6424 603.6168 603.5919 603.5687 603.5427 603.5161 603.4929 603.4675 603.4414 603.4175 603.3937 603.3696 603.3464 603.324 603.3032 603.2809 603.2556 603.2357 603.2119 603.1875 603.1689 603.1455 603.1229 603.0987 603.0746 603.0497 603.0245 602.999 602.9755 602.956 602.8497 602.736 602.6547 602.551 602.4705 602.3899 602.3534 602.2725 602.2485 602.2254 602.2009 602.1569 602.1674 602.1292 602.1579 602.1196 602.1152 602.0833 602.0639
-9999 -9999 -9999 -9999 -9999 -9999 -9999 -9999 -9999 603.7708 603.7445 603.7188 603.6924 603.6658 603.6391 603.6134 603.5878 603.563 603.5399 603.5138 603.4871 603.4639 603.4386 603.4126 603.3885 603.3647 603.3403 603.3174 603.294 603.2729 603.2499 603.226 603.2017 603.1808 603.1563 603.1363 603.1129 603.0905 603.0652 603.0411 603.0154 602.9905 602.9635 602.8519 602.7484 602.629 602.5176 602.4219 602.3387 602.2694 602.1959 602.1787 602.0955 602.0825 602.0717 602.0624 602.0284 602.0432 602.0151 602.0445 602.0137 602.0173 601.9852 601.9658
-9999 -9999 -9999 -9999 -9999 -9999 -9999 -9999 603.7695 603.7412 603.7156 603.6896 603.6632 603.6366 603.6099 603.5844 603.5588 603.5341 603.5109 603.4849 603.4583 603.4351 603.4097 603.3837 603.3594 603.3358 603.3113 603.2886 603.2641 603.2433 603.2204 603.1963 603.1709 603.1498 603.1252 603.1038 603.0804 603.0579 603.0325 603.0076 602.9711 602.8729 602.7585 602.6479 602.5294 602.4105 602.3017 602.197 602.1348 602.0554 602.0019 601.9831 601.9209 601.9166 601.918 601.9193 601.9 601.919 601.9009 601.9311 601.9078 601.9195 601.8871 601.8677
-9999 -9999 -9999 -9999 -9999 -9999 -9999 -9999 603.7393 603.7123 603.6867 603.6605 603.634 603.6074 603.5809 603.5554 603.5298 603.5052 603.482 603.4559 603.4293 603.4061 603.3809 603.3549 603.3303 603.3069 603.2824 603.2593 603.2352 603.2137 603.1903 603.1666 603.1412 603.1187 603.0942 603.0712 603.0478 603.0248 602.9821 602.8995 602.7815 602.6841 602.5652 602.4435 602.3278 602.2059 602.0757 601.9787 601.9075 601.8393 601.7924 601.7822 601.7463 601.7507 601.7643 601.7761 601.7714 601.7948 601.7867 601.8177 601.8019 601.8217 601.7891 601.7697
-9999 -9999 -9999 -9999 -9999 -9999 -9999 -9999 603.7095 603.6834 603.6577 603.6313 603.6048 603.5781 603.5519 603.5264 603.5009 603.4764 603.4531 603.4269 603.4005 603.3773 603.3521 603.326 603.3011 603.2779 603.2535 603.23 603.2064 603.1841 603.1609 603.1369 603.1116 603.0876 603.0631 603.0386 603.0027 602.9152 602.8293 602.713 602.6304 602.4897 602.3954 602.2525 602.128 601.9957 601.8539 601.7532 601.6736 601.6161 601.5827 601.5814 601.5717 601.5848 601.6106 601.6329 601.6429 601.6707 601.6726 601.704 601.696 601.7162 601.691 601.6716
-9999 -9999 -9999 -9999 -9999 -9999 -9999 603.7076 603.6801 603.6545 603.6285 603.6022 603.5756 603.5489 603.5229 603.4974 603.472 603.4476 603.4241 603.398 603.3715 603.3484 603.3232 603.2972 603.2721 603.2488 603.2245 603.2006 603.1775 603.154 603.1312 603.1069 603.0819 603.0565 603.0238 602.9478 602.8607 602.7599 602.6726 602.5724 602.4439 602.3424 602.198 602.0677 601.9235 601.8015 601.6676 601.5287 601.4406 601.3941 601.3734 601.3805 601.3957 601.4188 601.4569 601.4897 601.5145 601.5464 601.5584 601.5898 601.5915 601.6103 601.5929 601.5735
-9999 -9999 -9999 -9999 -9999 -9999 -9999 603.6779 603.6512 603.6256 603.5994 603.5729 603.5463 603.5197 603.494 603.4684 603.4432 603.4189 603.3951 603.3691 603.3427 603.3195 603.2944 603.2684 603.243 603.2197 603.1956 603.1713 603.1486 603.1241 603.1019 603.0774 603.0368 602.9553 602.8893 602.8182 602.722 602.636 602.5173 602.4305 602.3084 602.1748 602.0522 601.9111 601.7513 601.6072 601.4693 601.3765 601.3692 601.3618 601.3542 601.3464 601.3398 601.3326 601.325 601.3466 601.3859 601.4222 601.4443 601.4756 601.4875 601.5044 601.4948 601.4754
-9999 -9999 -9999 -9999 -9999 -9999 603.6775 603.6482 603.6223 603.5966 603.5703 603.5438 603.5171 603.4905 603.4649 603.4394 603.4143 603.3903 603.3662 603.34 603.3138 603.2906 603.2655 603.2395 603.2139 603.1906 603.1667 603.1422 603.1196 603.0952 603.0517 602.9598 602.869 602.8032 602.7398 602.6797 602.6121 602.4962 602.411 602.2745 602.1879 602.0444 601.9058 601.7621 601.6149 601.4263 601.3871 601.3798 601.3723 601.3651 601.3579 601.3505 601.3429 601.3354 601.328 601.3207 601.3131 601.306 601.3301 601.3615 601.3837 601.3985 601.3967 601.3773
-9999 -9999 -9999 -9999 -9999 -9999 603.6463 603.619 603.5934 603.5674 603.5411 603.5145 603.4879 603.4615 603.4359 603.4103 603.3854 603.3618 603.3373 603.311 603.2849 603.2617 603.2366 603.2106 603.1848 603.1615 603.1377 603.1132 603.0778 602.9573 602.8632 602.7781 602.7012 602.6524 602.579 602.5428 602.481 602.3888 602.2704 602.1824 602.0318 601.9327 601.784 601.6367 601.472 601.3979 601.3904 601.3832 601.3759 601.3685 601.361 601.3536 601.3462 601.3386 601.3311 601.3237 601.3163 601.3002 601.279 601.2821 601.287 601.2926 601.2986 601.2792
-9999 -9999 -9999 -9999 -9999 -9999 603.6166 603.59 603.5645 603.5383 603.5119 603.4853 603.4586 603.4325 603.4069 603.3813 603.3566 603.3332 603.3083 603.282 603.256 603.2328 603.2078 603.1818 603.1558 603.1324 603.1064 602.9531 602.8731 602.7474 602.6721 602.5761 602.5331 602.4849 602.4233 602.4083 602.3497 602.2751 602.163 602.0446 601.9397 601.7891 601.6687 601.5175 601.4086 601.4013 601.394 601.3865 601.3791 601.3718 601.3642 601.3567 601.3494 601.3409 601.3196 601.2984 601.2772 601.2559 601.2346 601.2349 601.2408 601.2448 601.2456 601.2375
-9999 -9999 -9999 -9999 -9999 603.6147 603.5869 603.5612 603.5354 603.5092 603.4827 603.4561 603.4294 603.4034 603.3779 603.3524 603.3278 603.3046 603.2794 603.2531 603.2271 603.2039 603.179 603.153 603.134 602.9957 602.8669 602.7142 602.6224 602.541 602.4625 602.3818 602.3642 602.3068 602.2735 602.2501 602.2051 602.1439 602.0556 601.9372 601.8188 601.697 601.5463 601.4197 601.412 601.4047 601.3973 601.3898 601.3824 601.3752 601.3604 601.3391 601.3178 601.2966 601.2753 601.2541 601.2328 601.2115 601.1903 601.1876 601.1934 601.1975 601.1953 601.1841
-9999 -9999 -9999 -9999 -9999 603.585 603.5578 603.5322 603.5063 603.48 603.4536 603.4268 603.4001 603.3745 603.3489 603.3234 603.2989 603.276 603.2504 603.2241 603.1982 603.175 603.152 603.0389 602.8841 602.7261 602.6274 602.4836 602.3713 602.3275 602.2608 602.1933 602.1873 602.1286 602.1226 602.0893 602.0619 602.0126 601.9381 601.8298 601.7114 601.5931 601.4543 601.4229 601.4155 601.4083 601.401 601.3798 601.3585 601.3373 601.316 601.2947 601.2735 601.2523 601.231 601.2097 601.1885 601.1672 601.146 601.1404 601.1459 601.1501 601.1432 601.1307
-9999 -9999 -9999 -9999 -9999 603.5553 603.5289 603.5034 603.4772 603.4509 603.4243 603.3976 603.371 603.3455 603.3199 603.2945 603.27 603.2474 603.2215 603.1951 603.171 603.0846 602.921 602.8007 602.6248 602.4773 602.339 602.2342 602.1265 602.1134 602.0427 602.0048 601.9971 601.9504 601.9639 601.9285 601.9212 601.8764 601.8068 601.7224 601.6041 601.4857 601.4341 601.4205 601.3992 601.3779 601.3567 601.3354 601.3142 601.2929 601.2717 601.2504 601.2292 601.2079 601.1866 601.1654 601.1442 601.1229 601.1017 601.0944 601.0985 601.1027 601.0912 601.0774
-9999 -9999 -9999 -9999 603.5534 603.5256 603.5 603.4743 603.4482 603.4216 603.3951 603.3683 603.342 603.3165 603.2909 603.2656 603.2411 603.2186 603.1926 603.128 603.0095 602.8635 602.7212 602.5392 602.3989 602.2164 602.0694 601.9823 601.885 601.863 601.8259 601.8032 601.7951 601.7723 601.792 601.7676 601.7604 601.7306 601.6755 601.601 601.4966 601.4378 601.3976 601.3761 601.3549 601.3336 601.3124 601.2911 601.2698 601.2486 601.2274 601.2061 601.1849 601.1636 601.1423 601.1211 601.0999 601.0786 601.0573 601.05 601.0511 601.0553 601.0392 601.0225
-9999 -9999 -9999 -9999 603.5237 603.4967 603.4711 603.4453 603.419 603.3925 603.3658 603.3391 603.313 603.2875 603.2619 603.2368 603.2123 603.1636 603.0589 602.9329 602.8004 602.6746 602.5217 602.3459 602.1602 601.9804 601.8119 601.6917 601.6285 601.6127 601.6003 601.5865 601.5931 601.6003 601.6139 601.6068 601.5995 601.5848 601.5441 601.4697 601.4442 601.4067 601.3658 601.3318 601.3105 601.2893 601.268 601.2468 601.2255 601.2043 601.183 601.1617 601.1405 601.1193 601.098 601.0768 601.0555 601.0342 601.013 601.0053 601.0037 601.0079 600.9872 600.9716
-9999 -9999 -9999 603.5218 603.494 603.4678 603.4423 603.4161 603.3898 603.3633 603.3366 603.3099 603.284 603.2585 603.2329 603.2114 603.1279 603.0167 602.8939 602.7867 602.629 602.4728 602.3396 602.1801 601.9705 601.7762 601.562 601.554 601.5468 601.54 601.532 601.5242 601.5173 601.5104 601.5033 601.496 601.488 601.475 601.4582 601.4382 601.4083 601.3719 601.3348 601.2937 601.2662 601.2449 601.2237 601.2025 601.1812 601.16 601.1387 601.1174 601.0962 601.075 601.0537 601.0324 601.0112 600.9899 600.9687 600.9589 600.9563 600.9604 600.9352 600.9232
-9999 -9999 -9999 603.4921 603.4645 603.4389 603.4132 603.3871 603.3606 603.334 603.3074 603.2806 603.255 603.238 603.1573 603.075 602.9783 602.8947 602.7589 602.6283 602.5146 602.349 602.1587 602.0046 601.825 601.5951 601.5652 601.5581 601.5508 601.543 601.5357 601.5289 601.5217 601.5146 601.5065 601.5002 601.468 601.4324 601.4143 601.3959 601.3685 601.3362 601.3024 601.2628 601.2236 601.2006 601.1794 601.1581 601.1369 601.1156 601.0944 601.0731 601.0519 601.0306 601.0093 600.9881 600.9669 600.9456 600.9244 600.9125 600.9089 600.913 600.8832 600.8744
-9999 -9999 -9999 603.4623 603.4355 603.41 603.3842 603.3579 603.3314 603.3048 603.2781 603.256 603.2108 603.1277 603.0487 602.9451 602.8605 602.7451 602.6616 602.5266 602.3842 602.2424 602.069 601.866 601.6697 601.5767 601.5692 601.5618 601.5544 601.5472 601.5403 601.533 601.5258 601.5184 601.5042 601.4676 601.431 601.3944 601.3704 601.3522 601.3287 601.2989 601.2639 601.2317 601.1907 601.1572 601.1351 601.1138 601.0925 601.0713 601.05 601.0288 601.0076 600.9863 600.965 600.9438 600.9225 600.9013 600.88 600.8661 600.8615 600.8657 600.8346 600.8256
-9999 -9999 603.4605 603.4326 603.4067 603.3811 603.355 603.3287 603.3022 603.276 603.2366 603.1661 603.1041 603.0419 602.9337 602.8547 602.733 602.6472 602.5264 602.4285 602.2977 602.1343 601.9705 601.789 601.588 601.5806 601.5733 601.5656 601.5587 601.5515 601.5443 601.537 601.5289 601.5038 601.4672 601.4307 601.394 601.3574 601.3276 601.3097 601.289 601.2592 601.2283 601.1935 601.1597 601.1187 601.0907 601.0695 601.0482 601.027 601.0057 600.9844 600.9632 600.942 600.9207 600.8995 600.8782 600.8569 600.8357 600.8197 600.8141 600.8182 600.7875 600.7768
-9999 -9999 603.4308 603.4033 603.3777 603.3521 603.3259 603.2996 603.2733 603.217 603.1587 603.0795 603.0134 602.9352 602.8731 602.7589 602.6608 602.5499 602.4351 602.3301 602.1953 602.0677 601.8818 601.7078 601.5921 601.5846 601.5771 601.5702 601.5627 601.5555 601.5477 601.5401 601.5035 601.4669 601.4303 601.3937 601.3571 601.3205 601.2897 601.2658 601.2463 601.2194 601.1895 601.156 601.1254 601.0876 601.0497 601.0251 601.0039 600.9827 600.9614 600.9401 600.9189 600.8976 600.8764 600.8551 600.8339 600.8126 600.7914 600.7733 600.7668 600.7708 600.7405 600.728
-9999 603.4289 603.4011 603.3745 603.3489 603.3231 603.306 603.2479 603.1899 603.1361 603.0799 603.0117 602.9224 602.8572 602.7664 602.7042 602.5943 602.4669 602.3712 602.2269 602.1339 601.9653 601.8373 601.653 601.5956 601.5886 601.5816 601.574 601.5668 601.559 601.5397 601.5032 601.4666 601.4299 601.3934 601.3568 601.3201 601.2835 601.2495 601.2219 601.2026 601.1796 601.1498 601.1199 601.0844 601.0565 601.0156 600.9832 600.9596 600.9383 600.9171 600.8958 600.8746 600.8533 600.832 600.8108 600.7896 600.7683 600.7471 600.7269 600.7196 600.7234 600.6934 600.6776
-9999 603.3992 603.3713 603.3455 603.325 603.2787 603.2263 603.1685 603.1097 603.0539 602.999 602.9432 602.864 602.7678 602.7001 602.5975 602.5354 602.4296 602.2903 602.1916 602.0496 601.925 601.769 601.607 601.6001 601.5927 601.5853 601.578 601.5703 601.5394 601.5028 601.4662 601.4296 601.393 601.3564 601.3198 601.2832 601.2466 601.21 601.1813 601.1613 601.1396 601.11 601.0801 601.048 601.0165 600.9846 600.9436 600.9167 600.894 600.8727 600.8515 600.8302 600.809 600.7877 600.7665 600.7452 600.7239 600.7027 600.6815 600.6724 600.676 600.6463 600.6255
-9999 603.3694 603.344 603.2999 603.2459 603.196 603.1446 603.0888 603.0301 602.9715 602.9181 602.8619 602.8007 602.7164 602.6201 602.5429 602.4435 602.3666 602.265 602.1257 602.0001 601.8723 601.7265 601.6116 601.6038 601.5965 601.589 601.5757 601.5391 601.5024 601.4658 601.4293 601.3926 601.356 601.3195 601.2828 601.2462 601.2097 601.173 601.1438 601.1173 601.0967 601.0703 601.0404 601.0105 600.9757 600.9483 600.9126 600.8757 600.8497 600.8284 600.8071 600.7859 600.7646 600.7434 600.7222 600.7009 600.6796 600.6584 600.6371 600.6251 600.6286 600.5992 600.5735
603.3676 603.3338 603.28 603.2223 603.1657 603.1124 603.0618 603.0103 602.9514 602.8914 602.8344 602.7809 602.7259 602.6582 602.5687 602.4725 602.3858 602.2928 602.1977 602.0997 601.9611 601.8218 601.6928 601.615 601.6077 601.6002 601.5753 601.5387 601.5021 601.4655 601.4289 601.3923 601.3557 601.3191 601.2825 601.2459 601.2093 601.1727 601.1361 601.1051 601.0734 601.053 601.0305 601.0006 600.9708 600.9401 600.9073 600.8795 600.8405 600.8092 600.7841 600.7628 600.7416 600.7203 600.6991 600.6778 600.6566 600.6353 600.6141 600.5928 600.5779 600.5812 600.5522 600.5215
603.3041 603.2531 603.2027 603.148 603.0881 603.032 602.9791 602.9277 602.8716 602.8137 602.7532 602.6992 602.6438 602.5852 602.5157 602.421 602.3248 602.2287 602.1422 602.0289 601.9338 601.7964 601.6572 601.619 601.6116 601.575 601.5383 601.5018 601.4651 601.4285 601.392 601.3553 601.3187 601.2822 601.2455 601.2089 601.1724 601.1357 601.0991 601.0663 601.0351 601.0128 600.9902 600.9609 600.931 600.9011 600.8677 600.8395 600.8095 600.7685 600.7428 600.7185 600.6973 600.676 600.6547 600.6335 600.6122 600.591 600.5697 600.5485 600.5306 600.5338 600.5048 600.4716
603.3492 603.1743 603.1219 603.0716 603.0161 602.954 602.8994 602.8449 602.7935 602.7342 602.674 602.615 602.5629 602.5078 602.4427 602.3696 602.2734 602.1771 602.0809 601.9915 601.8735 601.7678 601.6318 601.6112 601.5746 601.538 601.5014 601.4648 601.4282 601.3916 601.355 601.3184 601.2818 601.2452 601.2086 601.172 601.1354 601.0988 601.0622 601.0256 600.9975 600.9689 600.9471 600.9211 600.8912 600.8614 600.8315 600.7982 600.7712 600.7375 600.7017 600.6762 600.6529 600.6317 600.6104 600.5892 600.5679 600.5466 600.5254 600.5042 600.4849 600.4864 600.4574 600.4245
-9999 603.143 603.0446 602.9908 602.9399 602.8834 602.8198 602.7609 602.7108 602.6557 602.5967 602.5349 602.4795 602.4257 602.3697 602.3002 602.222 602.1257 602.0295 601.9332 601.8409 601.7228 601.6209 601.5743 601.5377 601.501 601.4645 601.4279 601.3912 601.3547 601.3181 601.2814 601.2448 601.2083 601.1716 601.135 601.0984 601.0618 601.0252 600.9886 600.9594 600.9263 600.9046 600.8813 600.8515 600.8217 600.7917 600.7598 600.7303 600.7023 600.6655 600.6353 600.6088 600.5873 600.5661 600.5449 600.5236 600.5023 600.4811 600.4598 600.4405 600.439 600.41 600.3774
