sfe209_gcs_analysis/sfe_209.asc
ncols         324
nrows         324
xllcorner     9955.3434111388
yllcorner     19945.945953217
cellsize      0.3
NODATA_value  -9999
[rows 64 to 95 of 324, columns 144 to 215 of 324]
-9999 -9999 -9999 -9999 -9999 -9999 -9999 -9999 -9999 -9999 -9999 -9999 -9999 -9999 -9999 -9999 -9999 -9999 -9999 -9999 -9999 -9999 -9999 -9999 -9999 -9999 -9999 -9999 -9999 -9999 -9999 -9999 -9999 -9999 -9999 -9999 1000.953 1000.929 1000.855 1000.779 1000.705 1000.629 1000.528 1000.42 1000.31 1000.196 1000.08 999.9706 999.8585 999.7463 999.6343 999.5219 999.4097 999.2977 999.1932 999.0939 998.9948 998.8953 998.7963 998.6973 998.5983 998.4989 998.3998 998.3003 998.2013 998.1022 998.0032 997.9039 997.8047 997.7053 997.6063 997.5073
-9999 -9999 -9999 -9999 -9999 -9999 -9999 -9999 -9999 -9999 -9999 -9999 -9999 -9999 -9999 -9999 -9999 -9999 -9999 -9999 -9999 -9999 -9999 -9999 -9999 -9999 -9999 -9999 -9999 -9999 -9999 -9999 -9999 -9999 -9999 1000.911 1000.981 1000.909 1000.831 1000.759 1000.681 1000.605 1000.5 1000.386 1000.274 1000.16 1000.05 999.9376 999.8253 999.7133 999.6009 999.4883 999.3763 999.2643 999.1551 999.0527 998.9532 998.8542 998.7552 998.6559 998.5568 998.4573 998.3583 998.2593 998.1603 998.0609 997.9617 997.8622 997.7632 997.6642 997.5652 997.4767
-9999 -9999 -9999 -9999 -9999 -9999 -9999 -9999 -9999 -9999 -9999 -9999 -9999 -9999 -9999 -9999 -9999 -9999 -9999 -9999 -9999 -9999 -9999 -9999 -9999 -9999 -9999 -9999 -9999 -9999 -9999 -9999 -9999 -9999 1000.87 1001.037 1000.959 1000.885 1000.809 1000.735 1000.659 1000.577 1000.466 1000.35 1000.24 1000.13 1000.018 999.9043 999.7919 999.6797 999.5673 999.4553 999.3433 999.2313 999.1189 999.0126 998.9123 998.8133 998.7139 998.6143 998.5153 998.4163 998.3173 998.2183 998.1189 998.0193 997.9203 997.8213 997.7223 997.6229 997.5264 997.4694
-9999 -9999 -9999 -9999 -9999 -9999 -9999 -9999 -9999 -9999 -9999 -9999 -9999 -9999 -9999 -9999 -9999 -9999 -9999 -9999 -9999 -9999 -9999 -9999 -9999 -9999 -9999 -9999 -9999 -9999 -9999 -9999 -9999 1000.831 1001.074 1001.011 1000.939 1000.861 1000.789 1000.711 1000.639 1000.544 1000.43 1000.32 1000.21 1000.096 999.9832 999.8707 999.7583 999.6463 999.5343 999.4223 999.3099 999.1978 999.0853 998.9747 998.8716 998.7717 998.6722 998.5732 998.4742 998.3752 998.2759 998.1768 998.0773 997.9783 997.8793 997.7799 997.6807 997.5812 997.5087 997.4805
-9999 -9999 -9999 -9999 -9999 -9999 -9999 -9999 -9999 -9999 -9999 -9999 -9999 -9999 -9999 -9999 -9999 -9999 -9999 -9999 -9999 -9999 -9999 -9999 -9999 -9999 -9999 -9999 -9999 -9999 -9999 -9999 1000.843 1001.028 1001.065 1000.991 1000.915 1000.839 1000.765 1000.689 1000.615 1000.51 1000.4 1000.286 1000.174 1000.06 999.9493 999.8373 999.7253 999.6133 999.5009 999.3887 999.2763 999.1643 999.0523 998.9403 998.8312 998.7303 998.6313 998.5323 998.4329 998.3337 998.2343 998.1353 998.0363 997.9373 997.8379 997.7383 997.6393 997.5557 997.5186 997.4919
-9999 -9999 -9999 -9999 -9999 -9999 -9999 -9999 -9999 -9999 -9999 -9999 -9999 -9999 -9999 -9999 -9999 -9999 -9999 -9999 -9999 -9999 -9999 -9999 -9999 -9999 -9999 -9999 -9999 -9999 -9999 -9999 1000.987 1001.119 1001.041 1000.969 1000.891 1000.819 1000.741 1000.669 1000.587 1000.48 1000.366 1000.25 1000.14 1000.028 999.9163 999.8043 999.6919 999.5797 999.4673 999.3553 999.2433 999.1313 999.0189 998.9067 998.7943 998.6904 998.5899 998.4907 998.3912 998.2922 998.1932 998.0942 997.9949 997.8958 997.7963 997.6973 997.6056 997.5564 997.5299 997.5035
-9999 -9999 -9999 -9999 -9999 -9999 -9999 -9999 -9999 -9999 -9999 -9999 -9999 -9999 -9999 -9999 -9999 -9999 -9999 -9999 -9999 -9999 -9999 -9999 -9999 -9999 -9999 -9999 -9999 -9999 -9999 1000.945 1001.173 1001.099 1001.021 1000.945 1000.869 1000.794 1000.719 1000.645 1000.553 1000.444 1000.331 1000.22 1000.11 999.9958 999.8829 999.7708 999.6584 999.5463 999.4343 999.3223 999.2099 999.0977 998.9854 998.8733 998.7613 998.6517 998.5488 998.4493 998.3503 998.2513 998.1519 998.0527 997.9532 997.8542 997.7552 997.6563 997.5941 997.5675 997.5414 997.515
-9999 -9999 -9999 -9999 -9999 -9999 -9999 -9999 -9999 -9999 -9999 -9999 -9999 -9999 -9999 -9999 -9999 -9999 -9999 -9999 -9999 -9999 -9999 -9999 -9999 -9999 -9999 -9999 -9999 -9999 1000.888 1001.16 1001.149 1001.075 1000.999 1000.921 1000.849 1000.771 1000.699 1000.621 1000.52 1000.41 1000.3 1000.186 1000.074 999.9615 999.8493 999.7373 999.6253 999.5133 999.4009 999.2888 999.1763 999.0643 998.9523 998.8403 998.7279 998.6157 998.5088 998.4083 998.3093 998.2099 998.1103 998.0113 997.9123 997.8133 997.7139 997.6352 997.6055 997.5789 997.5524 997.509
-9999 -9999 -9999 -9999 -9999 -9999 -9999 -9999 -9999 -9999 -9999 -9999 -9999 -9999 -9999 -9999 -9999 -9999 -9999 -9999 -9999 -9999 -9999 -9999 -9999 -9999 -9999 -9999 -9999 1000.876 1001.107 1001.199 1001.129 1001.051 1000.979 1000.901 1000.829 1000.751 1000.679 1000.597 1000.49 1000.38 1000.264 1000.15 1000.04 999.9284 999.8163 999.7043 999.5917 999.4797 999.3673 999.2553 999.1433 999.0313 998.9188 998.8068 998.6943 998.5823 998.4713 998.3668 998.2678 998.1683 998.0693 997.9703 997.8713 997.7717 997.685 997.6436 997.6169 997.5905 997.4448 997.243
-9999 -9999 -9999 -9999 -9999 -9999 -9999 -9999 -9999 -9999 -9999 -9999 -9999 -9999 -9999 -9999 -9999 -9999 -9999 -9999 -9999 -9999 -9999 -9999 -9999 -9999 -9999 -9999 1000.9 1001.063 1001.253 1001.179 1001.105 1001.029 1000.954 1000.879 1000.805 1000.731 1000.648 1000.545 1000.439 1000.332 1000.226 1000.118 1000.008 999.8953 999.7827 999.6707 999.5584 999.4463 999.3343 999.2223 999.1099 998.9977 998.8854 998.7733 998.6613 998.5493 998.4369 998.3268 998.2264 998.1273 998.0283 997.9288 997.8298 997.7367 997.6814 997.6545 997.6232 997.4423 997.0748 996.673
-9999 -9999 -9999 -9999 -9999 -9999 -9999 -9999 -9999 -9999 -9999 -9999 -9999 -9999 -9999 -9999 -9999 -9999 -9999 -9999 -9999 -9999 -9999 -9999 -9999 -9999 -9999 -9999 1001.021 1001.267 1001.231 1001.159 1001.081 1001.009 1000.931 1000.859 1000.781 1000.688 1000.585 1000.461 1000.353 1000.251 1000.157 1000.056 999.9493 999.8446 999.7391 999.6343 999.5253 999.4133 999.3009 999.1887 999.0763 998.9643 998.8523 998.7403 998.6279 998.5157 998.4033 998.2913 998.1865 998.0859 997.9868 997.8873 997.7883 997.7274 997.6925 997.5914 997.3798 996.954 996.5288 996.1705
-9999 -9999 -9999 -9999 -9999 -9999 -9999 -9999 -9999 -9999 -9999 -9999 -9999 -9999 -9999 -9999 -9999 -9999 -9999 -9999 -9999 -9999 -9999 -9999 -9999 -9999 -9999 1000.975 1001.246 1001.285 1001.211 1001.134 1001.059 1000.985 1000.909 1000.835 1000.74 1000.618 1000.499 1000.375 1000.259 1000.157 1000.06 999.962 999.8638 999.7654 999.6668 999.5684 999.4658 999.3594 999.2539 999.1491 999.0422 998.9313 998.8187 998.7067 998.5943 998.4823 998.3703 998.2583 998.1478 998.0448 997.9453 997.8463 997.7646 997.7315 997.5592 997.235 996.8276 996.4606 996.1989 995.9807
-9999 -9999 -9999 -9999 -9999 -9999 -9999 -9999 -9999 -9999 -9999 -9999 -9999 -9999 -9999 -9999 -9999 -9999 -9999 -9999 -9999 -9999 -9999 -9999 -9999 -9999 1000.906 1001.206 1001.339 1001.261 1001.189 1001.111 1001.039 1000.961 1000.882 1000.785 1000.661 1000.535 1000.415 1000.291 1000.169 1000.067 999.9663 999.8684 999.7703 999.6714 999.5733 999.4744 999.3758 999.2774 999.1788 999.0804 998.9794 998.8745 998.7692 998.6641 998.5593 998.4493 998.3369 998.2247 998.1123 998.0049 997.9042 997.8145 997.7074 997.5046 997.1395 996.7841 996.4589 996.2439 996.1187 996.0157
-9999 -9999 -9999 -9999 -9999 -9999 -9999 -9999 -9999 -9999 -9999 -9999 -9999 -9999 -9999 -9999 -9999 -9999 -9999 -9999 -9999 -9999 -9999 -9999 -9999 1000.922 1001.138 1001.369 1001.315 1001.239 1001.165 1001.089 1001.015 1000.928 1000.825 1000.701 1000.575 1000.455 1000.331 1000.205 1000.081 999.9744 999.8734 999.7748 999.6764 999.5778 999.4794 999.3808 999.2824 999.1838 999.0854 998.9868 998.8884 998.7898 998.6914 998.5924 998.4943 998.3893 998.284 998.179 998.0742 997.9669 997.8658 997.7018 997.4554 997.0895 996.7827 996.5187 996.3445 996.2648 996.1638 996.0566
-9999 -9999 -9999 -9999 -9999 -9999 -9999 -9999 -9999 -9999 -9999 -9999 -9999 -9999 -9999 -9999 -9999 -9999 -9999 -9999 -9999 -9999 -9999 -9999 1000.945 1001.097 1001.353 1001.369 1001.291 1001.219 1001.141 1001.069 1000.975 1000.865 1000.739 1000.615 1000.491 1000.369 1000.245 1000.121 999.9956 999.8812 999.7798 999.6814 999.5828 999.4844 999.386 999.2874 999.1884 999.0903 998.9914 998.8933 998.7944 998.6963 998.5974 998.4988 998.4004 998.3019 998.2034 998.1048 998.0064 997.8829 997.7007 997.3959 997.0887 996.7744 996.5254 996.3807 996.3297 996.2963 996.2253 996.1227
-9999 -9999 -9999 -9999 -9999 -9999 -9999 -9999 -9999 -9999 -9999 -9999 -9999 -9999 -9999 -9999 -9999 -9999 -9999 -9999 -9999 -9999 -9999 1000.905 1001.055 1001.333 1001.419 1001.345 1001.269 1001.195 1001.115 1001.025 1000.905 1000.781 1000.655 1000.531 1000.405 1000.285 1000.161 1000.034 999.9117 999.79 999.6868 999.5874 999.4893 999.3904 999.2923 999.1934 999.0948 998.9964 998.8978 998.7994 998.7008 998.6024 998.5038 998.4054 998.3068 998.2084 998.1098 998.0114 997.8596 997.6467 997.3561 997.0447 996.7303 996.5076 996.405 996.3471 996.2897 996.2844 996.2634 996.1982
-9999 -9999 -9999 -9999 -9999 -9999 -9999 -9999 -9999 -9999 -9999 -9999 -9999 -9999 -9999 -9999 -9999 -9999 -9999 -9999 -9999 -9999 -9999 1000.993 1001.305 1001.456 1001.399 1001.321 1001.249 1001.163 1001.065 1000.941 1000.819 1000.695 1000.571 1000.445 1000.321 1000.199 1000.075 999.951 999.8267 999.703 999.5942 999.4938 999.3954 999.2968 999.1984 999.0998 999.0014 998.9028 998.8044 998.7058 998.6074 998.5088 998.4104 998.3118 998.2134 998.1144 998.0009 997.8278 997.5702 997.2932 996.9984 996.7062 996.4974 996.43 996.3704 996.3127 996.2551 996.2363 996.2526 996.2559
-9999 -9999 -9999 -9999 -9999 -9999 -9999 -9999 -9999 -9999 -9999 -9999 -9999 -9999 -9999 -9999 -9999 -9999 -9999 -9999 -9999 -9999 1000.947 1001.234 1001.443 1001.451 1001.379 1001.301 1001.214 1001.105 1000.981 1000.855 1000.735 1000.611 1000.485 1000.361 1000.235 1000.115 999.9916 999.866 999.7421 999.6187 999.5019 999.4004 999.3018 999.2034 999.1048 999.0064 998.9078 998.8094 998.7108 998.6124 998.5134 998.4153 998.3164 998.2183 998.1194 997.9738 997.7707 997.4937 997.2167 996.9396 996.6872 996.5143 996.455 996.3954 996.336 996.2777 996.2283 996.2246 996.2617 996.3005
-9999 -9999 -9999 -9999 -9999 -9999 -9999 -9999 -9999 -9999 -9999 -9999 -9999 -9999 -9999 -9999 -9999 -9999 -9999 -9999 -9999 1000.968 1001.172 1001.438 1001.507 1001.431 1001.355 1001.26 1001.145 1001.021 1000.895 1000.769 1000.649 1000.525 1000.401 1000.275 1000.155 1000.031 999.9052 999.7817 999.6577 999.5336 999.4109 999.3075 999.2084 999.1098 999.0114 998.9124 998.8143 998.7154 998.6173 998.5184 998.4198 998.3214 998.223 998.1152 997.9437 997.6937 997.4167 997.1396 996.8854 996.6896 996.5549 996.4864 996.4235 996.3619 996.3016 996.2467 996.2343 996.2657 996.2997 996.3385
-9999 -9999 -9999 -9999 -9999 -9999 -9999 -9999 -9999 -9999 -9999 -9999 -9999 -9999 -9999 -9999 -9999 -9999 -9999 -9999 1000.991 1001.131 1001.419 1001.545 1001.481 1001.399 1001.305 1001.185 1001.061 1000.935 1000.811 1000.686 1000.565 1000.441 1000.315 1000.191 1000.069 999.9452 999.8207 999.6967 999.5726 999.4487 999.3246 999.2153 999.1144 999.0163 998.9174 998.8188 998.7203 998.6218 998.5234 998.4248 998.3264 998.2278 998.0736 997.8947 997.6172 997.3483 997.1059 996.8839 996.7163 996.6399 996.5296 996.4691 996.4095 996.34 996.2899 996.2849 996.3063 996.3194 996.3411 996.3773
-9999 -9999 -9999 -9999 -9999 -9999 -9999 -9999 -9999 -9999 -9999 -9999 -9999 -9999 -9999 -9999 -9999 -9999 -9999 1000.969 1001.08 1001.399 1001.549 1001.535 1001.445 1001.341 1001.221 1001.099 1000.975 1000.849 1000.725 1000.605 1000.481 1000.355 1000.229 1000.105 999.9832 999.8595 999.7357 999.6116 999.4876 999.364 999.2402 999.1226 999.0208 998.9224 998.824 998.7254 998.627 998.5284 998.4298 998.3313 998.2289 998.0605 997.8077 997.5662 997.3304 997.1151 996.9116 996.7968 996.7275 996.6522 996.5086 996.4257 996.3981 996.3389 996.3575 996.4284 996.4347 996.4303 996.4202 996.4336
-9999 -9999 -9999 -9999 -9999 -9999 -9999 -9999 -9999 -9999 -9999 -9999 -9999 -9999 -9999 -9999 -9999 -9999 -9999 1001.011 1001.333 1001.529 1001.588 1001.495 1001.385 1001.259 1001.135 1001.015 1000.891 1000.765 1000.641 1000.519 1000.395 1000.271 1000.145 1000.023 999.8987 999.7747 999.651 999.5272 999.4031 999.2797 999.1556 999.0326 998.9283 998.8288 998.7304 998.6314 998.5333 998.4344 998.3363 998.2027 998.029 997.7875 997.5656 997.3516 997.157 996.9651 996.8356 996.8026 996.7725 996.6649 996.5161 996.3852 996.3622 996.3483 996.4592 996.5748 996.5472 996.481 996.4716 996.4982
-9999 -9999 -9999 -9999 -9999 -9999 -9999 -9999 -9999 -9999 -9999 -9999 -9999 -9999 -9999 -9999 -9999 -9999 1000.992 1001.261 1001.512 1001.621 1001.545 1001.425 1001.301 1001.176 1001.055 1000.931 1000.805 1000.681 1000.555 1000.435 1000.311 1000.185 1000.061 999.9371 999.814 999.6901 999.5667 999.4426 999.3187 999.1946 999.0706 998.9467 998.8355 998.7353 998.6364 998.5378 998.4393 998.3408 998.2042 998.0117 997.7914 997.5966 997.4024 997.2075 997.0237 996.9014 996.8735 996.8455 996.8063 996.6736 996.5259 996.3863 996.3044 996.3028 996.4047 996.4975 996.4537 996.428 996.4866 996.5648
-9999 -9999 -9999 -9999 -9999 -9999 -9999 -9999 -9999 -9999 -9999 -9999 -9999 -9999 -9999 -9999 -9999 1001.013 1001.206 1001.506 1001.635 1001.585 1001.465 1001.341 1001.215 1001.091 1000.969 1000.845 1000.721 1000.595 1000.475 1000.351 1000.225 1000.101 999.9747 999.8531 999.7297 999.6057 999.4816 999.3577 999.2336 999.1097 998.986 998.8621 998.7433 998.6414 998.5428 998.4444 998.3384 998.2201 998.035 997.8416 997.6474 997.4525 997.258 997.0831 996.9735 996.9453 996.9142 996.8965 996.8896 996.8311 996.7473 996.5355 996.3809 996.3762 996.3839 996.3846 996.3797 996.4384 996.5068 996.5714
-9999 -9999 -9999 -9999 -9999 -9999 -9999 -9999 -9999 -9999 -9999 -9999 -9999 -9999 -9999 -9999 1001.037 1001.165 1001.485 1001.643 1001.622 1001.505 1001.381 1001.255 1001.135 1001.006 1000.885 1000.761 1000.635 1000.515 1000.391 1000.265 1000.141 1000.014 999.8926 999.7687 999.6447 999.5206 999.3967 999.2726 999.149 999.0251 998.9017 998.7776 998.6541 998.549 998.4494 998.3354 998.205 998.061 997.8888 997.6975 997.503 997.3084 997.1401 997.0408 997.0094 996.9769 996.9566 997.0053 997.0527 997.0061 996.9034 996.5905 996.4953 996.4897 996.4575 996.423 996.3924 996.436 996.4992 996.5583
-9999 -9999 -9999 -9999 -9999 -9999 -9999 -9999 -9999 -9999 -9999 -9999 -9999 -9999 -9999 1001.032 1001.098 1001.432 1001.622 1001.642 1001.542 1001.425 1001.296 1001.175 1001.051 1000.925 1000.805 1000.676 1000.555 1000.431 1000.305 1000.185 1000.056 999.933 999.8092 999.6852 999.5612 999.4372 999.3128 999.1887 999.0651 998.9412 998.8171 998.6931 998.5692 998.451 998.3302 998.189 998.0454 997.9016 997.7427 997.5535 997.3585 997.1987 997.1093 997.0717 997.035 997.0138 997.0837 997.1218 997.0506 996.8992 996.7402 996.5336 996.5052 996.4882 996.4652 996.4426 996.4154 996.4349 996.4914 996.5544
-9999 -9999 -9999 -9999 -9999 -9999 -9999 -9999 -9999 -9999 -9999 -9999 -9999 -9999 -9999 1001.029 1001.36 1001.602 1001.657 1001.557 1001.461 1001.345 1001.216 1001.095 1000.966 1000.845 1000.721 1000.595 1000.475 1000.346 1000.225 1000.101 999.9747 999.8517 999.7277 999.6038 999.4794 999.3552 999.2307 999.1068 998.9827 998.8587 998.7347 998.6104 998.4835 998.3417 998.1877 998.038 997.8877 997.7421 997.5941 997.4095 997.257 997.1806 997.1422 997.1037 997.0652 997.0034 997.0151 996.9722 996.9164 996.7811 996.6216 996.5444 996.5138 996.498 996.4824 996.4669 996.4471 996.4534 996.5087 996.5764
-9999 -9999 -9999 -9999 -9999 -9999 -9999 -9999 -9999 -9999 -9999 -9999 -9999 -9999 1001.038 1001.288 1001.581 1001.667 1001.567 1001.471 1001.377 1001.259 1001.135 1001.015 1000.886 1000.765 1000.636 1000.515 1000.395 1000.266 1000.145 1000.017 999.8947 999.7708 999.6464 999.5222 999.3977 999.2737 999.1497 999.0258 998.9017 998.7773 998.6532 998.5276 998.3863 998.2273 998.0683 997.9093 997.7518 997.5999 997.4485 997.3157 997.2532 997.2156 997.1777 997.1397 997.1021 996.9904 996.8004 996.7736 996.7551 996.6696 996.5739 996.5755 996.5665 996.5481 996.53 996.5115 996.5035 996.5223 996.5651 996.6273
-9999 -9999 -9999 -9999 -9999 -9999 -9999 -9999 -9999 -9999 -9999 -9999 -9999 1001.059 1001.24 1001.571 1001.677 1001.577 1001.481 1001.387 1001.287 1001.177 1001.056 1000.931 1000.805 1000.685 1000.556 1000.435 1000.311 1000.185 1000.065 999.9383 999.8137 999.6894 999.5648 999.4407 999.3167 999.1927 999.0687 998.9443 998.8202 998.6957 998.5717 998.4332 998.2743 998.1153 997.9563 997.7973 997.6383 997.4793 997.3489 997.284 997.243 997.2211 997.2031 997.1754 997.1397 997.0095 996.8431 996.7241 996.6516 996.6112 996.568 996.6202 996.6229 996.6065 996.5885 996.579 996.5914 996.6171 996.6459 996.6956
-9999 -9999 -9999 -9999 -9999 -9999 -9999 -9999 -9999 -9999 -9999 -9999 1001.082 1001.185 1001.531 1001.687 1001.587 1001.491 1001.397 1001.297 1001.202 1001.102 1000.976 1000.846 1000.725 1000.605 1000.476 1000.355 1000.226 1000.105 999.9824 999.8568 999.7322 999.6077 999.4837 999.3597 999.2357 999.1112 998.9872 998.8627 998.7387 998.6147 998.475 998.3213 998.1623 998.0033 997.8443 997.6853 997.5295 997.3979 997.3171 997.2458 997.1924 997.1714 997.1677 997.1559 997.1425 997.0452 996.9307 996.8063 996.6731 996.6021 996.5826 996.6632 996.6792 996.665 996.6543 996.6644 996.6854 996.712 996.7419 996.7784
-9999 -9999 -9999 -9999 -9999 -9999 -9999 -9999 -9999 -9999 -9999 1001.096 1001.116 1001.459 1001.695 1001.597 1001.501 1001.407 1001.307 1001.211 1001.115 1001.017 1000.895 1000.766 1000.645 1000.519 1000.395 1000.275 1000.146 1000.024 999.8987 999.7747 999.6508 999.5267 999.4027 999.2784 999.1542 999.0298 998.9058 998.7817 998.6577 998.5237 998.3677 998.2093 998.0503 997.8913 997.7323 997.5791 997.4615 997.3672 997.2938 997.2228 997.1518 997.1003 997.0771 997.0803 997.108 997.0573 996.9293 996.782 996.631 996.5729 996.6193 996.7066 996.7356 996.7315 996.7374 996.7581 996.7793 996.8115 996.8796 996.8948
-9999 -9999 -9999 -9999 -9999 -9999 -9999 -9999 -9999 -9999 -9999 1001.063 1001.387 1001.674 1001.611 1001.512 1001.417 1001.317 1001.221 1001.127 1001.027 1000.931 1000.815 1000.686 1000.565 1000.436 1000.315 1000.191 1000.065 999.9416 999.8177 999.6937 999.5697 999.4454 999.3212 999.1967 999.0728 998.9487 998.8247 998.7007 998.5657 998.4155 998.2563 998.0973 997.9383 997.7793 997.6324 997.5079 997.4205 997.3419 997.2708 997.1998 997.1288 997.0578 997.0024 997.0211 997.0786 997.0409 996.8888 996.6956 996.6235 996.6465 996.7013 996.7507 996.7964 996.8138 996.8311 996.8514 996.8849 996.9684 997.0131 997.0088
