sfe209_gcs_analysis/sfe_209.asc
ncols         324
nrows         324
xllcorner     9955.3434111388
yllcorner     19945.945953217
cellsize      0.3
NODATA_value  -9999
[rows 32 to 63 of 324, columns 216 to 287 of 324]
999.9058 999.8097 999.6892 999.5626 999.4356 999.3085 999.1747 999.0355 998.894 998.7572 998.6381 998.529 998.4311 998.3361 998.2419 998.1471 998.0521 997.9575 997.863 997.777 997.7031 997.6304 997.5576 997.4846 997.4116 997.3386 997.2656 997.1931 997.1205 997.0476 996.9745 996.9016 996.8286 996.7556 996.6826 996.5985 996.4788 996.3477 996.1974 996.0211 995.9088 995.8459 995.7577 995.6306 995.4937 995.3566 995.2192 995.082 994.9451 994.808 994.6706 994.5841 994.613 994.7152 994.8192 994.9093 994.8448 994.7587 994.6718 994.5848 994.5054 994.5286 994.606 994.6606 994.6072 994.36 994.0046 993.817 993.9578 993.9175 993.7726 993.4487
999.8124 999.7208 999.6072 999.4807 999.3536 999.2275 999.1002 998.968 998.8265 998.6854 998.5444 998.4153 998.2961 998.1911 998.0966 998.002 997.907 997.8121 997.718 997.635 997.5606 997.4885 997.4156 997.3426 997.2696 997.1966 997.1236 997.0506 996.9781 996.9055 996.8326 996.7546 996.6369 996.5056 996.3747 996.2293 996.0461 995.8372 995.5954 995.3454 995.2198 995.1847 995.1617 995.1051 995.048 994.9686 994.8439 994.7067 994.5781 994.4999 994.4376 994.4344 994.4758 994.5642 994.6682 994.7266 994.6563 994.5698 994.4828 994.4229 994.3781 994.3018 994.3193 994.3627 994.168 993.9745 993.7681 993.7294 994.2547 994.1908 993.8875 993.4876
999.719 999.6278 999.5222 999.3986 999.2716 999.1455 999.0186 998.8915 998.7577 998.6185 998.4775 998.3361 998.1949 998.0724 997.9564 997.8569 997.7621 997.6671 997.5729 997.4922 997.4186 997.3461 997.2734 997.2006 997.1276 997.0546 996.9816 996.9086 996.7943 996.6644 996.5333 996.3958 996.2122 996.0283 995.8452 995.6555 995.4448 995.1954 995.0299 994.9023 994.8033 994.7729 994.747 994.7173 994.688 994.6304 994.5276 994.4334 994.3715 994.3769 994.3817 994.3797 994.3757 994.4267 994.5172 994.5428 994.4677 994.3978 994.3544 994.3516 994.3411 994.1959 994.2304 994.309 993.9594 993.7495 993.7514 993.7432 994.0496 994.1309 993.8981 993.3955
999.626 999.5344 999.438 999.3165 999.1896 999.0635 998.9366 998.8101 998.683 998.5491 998.4099 998.2684 998.1274 997.9865 997.8492 997.7306 997.6203 997.5221 997.4276 997.3495 997.2766 997.2036 997.131 997.0585 996.976 996.8489 996.4733 996.524 996.4222 996.2156 996.0151 995.8273 995.6442 995.4603 995.2652 995.188 995.2168 995.0552 994.9185 994.8237 994.7933 994.762 994.7011 994.6317 994.5613 994.4907 994.4091 994.3592 994.3445 994.3348 994.339 994.3478 994.3544 994.3404 994.3809 994.366 994.3253 994.3104 994.3206 994.3302 994.292 994.053 994.0566 994.091 993.7498 993.6548 993.6988 993.7389 993.8303 993.9794 993.6179 993.2295
999.533 999.441 999.3494 999.2328 999.1077 998.9815 998.8546 998.7276 998.6015 998.4742 998.3425 998.2015 998.0604 997.9194 997.7784 997.637 997.5068 997.3877 997.2844 997.2076 997.1268 997.0348 996.9502 996.8616 996.5323 996.3255 995.9227 996.0723 995.9952 995.7917 995.5949 995.4156 995.2379 995.066 995.0234 995.184 995.3733 995.2351 995.0635 994.8714 994.7943 994.7616 994.7158 994.6503 994.5798 994.4993 994.4006 994.3658 994.3434 994.3416 994.4073 994.4391 994.4354 994.3861 994.3468 994.2737 994.2786 994.2894 994.2996 994.2994 994.2291 993.959 993.8901 993.8556 993.6057 993.5637 993.5924 993.6644 993.7293 993.8507 993.4847 993.4777
999.4398 999.348 999.256 999.1493 999.0256 998.8995 998.7726 998.6456 998.5195 998.3926 998.2662 998.1325 997.993 997.8519 997.7109 997.5696 997.4285 997.2875 997.1613 997.027 996.9148 996.8109 996.7074 996.4854 996.0851 996.0469 995.9997 995.9459 995.8577 995.707 995.5654 995.3987 995.1286 994.9945 995.1532 995.2731 995.2797 995.2361 995.1243 994.951 994.8175 994.7592 994.723 994.666 994.5861 994.4898 994.3977 994.3738 994.353 994.4203 994.5755 994.5983 994.5624 994.5054 994.4398 994.3478 994.2955 994.2871 994.2972 994.2864 994.184 993.9167 993.796 993.6954 993.4882 993.4803 993.5073 993.5475 993.636 993.7369 993.683 993.5786
999.3464 999.2548 999.163 999.0657 998.9437 998.8175 998.6906 998.5636 998.4375 998.3106 998.1845 998.0576 997.9235 997.7844 997.6434 997.5024 997.3615 997.2205 997.0668 996.8765 996.6828 996.5031 996.4211 996.1953 996.1459 996.091 996.0279 995.964 995.8806 995.7808 995.6723 995.4938 995.0809 995.0382 995.1501 995.1567 995.1631 995.155 995.0754 994.9705 994.8279 994.7497 994.7098 994.6885 994.5798 994.4763 994.4017 994.3808 994.3626 994.5598 994.7354 994.7335 994.6777 994.6209 994.5639 994.492 994.3948 994.362 994.3641 994.3704 994.1963 993.9374 993.8723 993.7212 993.507 993.4573 993.4729 993.5131 993.5816 993.6554 993.6596 993.7242
999.253 999.1614 999.07 998.978 998.8616 998.7355 998.6086 998.4816 998.3555 998.2286 998.1019 997.9755 997.8486 997.7175 997.5765 997.4349 997.2939 997.153 996.9941 996.8116 996.5661 996.4126 996.3177 996.2285 996.1589 996.095 996.0319 995.968 995.8859 995.7859 995.59 995.3618 995.03 995.0267 995.0336 995.0401 995.0466 995.0531 995.0058 994.9034 994.8004 994.7108 994.6768 994.7451 994.6332 994.5016 994.4521 994.4456 994.4338 994.7194 994.8788 994.8421 994.7792 994.7143 994.6526 994.5895 994.5333 994.4916 994.4791 994.4237 994.189 994.0366 994.0545 993.8533 993.5931 993.4973 993.52 993.608 993.6761 993.7358 993.9117 994.1241
999.16 999.068 998.9768 998.885 998.7781 998.6535 998.5266 998.3996 998.2735 998.1466 998.0197 997.8935 997.7666 997.6405 997.507 997.3676 997.2264 997.0854 996.9214 996.738 996.5513 996.4301 996.3321 996.2449 996.1797 996.1145 996.0496 995.972 995.8696 995.7017 995.4364 995.1646 995.1612 995.1004 995.0612 995.022 994.9819 994.9472 994.9288 994.838 994.7405 994.6531 994.6882 994.848 994.7361 994.5571 994.5651 994.6143 994.6246 994.8563 994.9637 994.9007 994.829 994.7601 994.691 994.6346 994.6055 994.5768 994.5302 994.3563 994.1668 994.0865 994.196 993.8771 993.8361 993.967 994.0325 994.1192 994.1578 994.1801 994.2451 994.2935
999.067 998.975 998.8834 998.7918 998.6946 998.5715 998.4446 998.3176 998.1915 998.0646 997.9376 997.8115 997.6846 997.5585 997.4316 997.2999 997.1593 997.0184 996.8489 996.6648 996.4817 996.3331 996.2614 996.1945 996.1276 996.0614 995.9945 995.9207 995.8118 995.5757 995.3234 995.0734 995.194 995.1718 995.1028 995.0292 994.9551 994.8871 994.8686 994.8046 994.7087 994.6296 994.7693 994.9507 994.7827 994.6265 994.699 994.796 994.8461 994.9855 995.0154 994.935 994.8564 994.7798 994.709 994.6646 994.626 994.5778 994.5049 994.325 994.1716 994.0893 994.2322 994.1082 994.3956 994.5508 994.5196 994.5383 994.5552 994.5078 994.4352 994.4062
998.9738 998.882 998.79 998.6989 998.606 998.4882 998.3626 998.2357 998.1095 997.9826 997.8557 997.7295 997.6026 997.4761 997.3495 997.2227 997.0898 996.9509 996.7766 996.5932 996.4102 996.2353 996.136 996.0634 995.9965 995.9304 995.8635 995.8055 995.7548 995.5268 995.2697 995.0356 995.0935 995.0973 995.0405 994.9716 994.91 994.8635 994.8434 994.8057 994.7159 994.6534 994.8339 994.9782 994.7651 994.7235 994.8156 994.9075 994.9995 995.1051 995.0692 994.9807 994.8937 994.8091 994.7268 994.6735 994.6163 994.5572 994.4852 994.329 994.2242 994.1693 994.2685 994.4865 994.7162 994.7138 994.662 994.6376 994.6296 994.6119 994.5924 994.576
998.8804 998.7888 998.697 998.6055 998.5138 998.4047 998.2806 998.1536 998.0275 997.9006 997.7736 997.6475 997.5206 997.3936 997.2675 997.1406 997.0145 996.8732 996.7023 996.5217 996.3387 996.1557 996.0128 995.9324 995.8655 995.799 995.7324 995.6941 995.6755 995.489 995.2263 995.0365 995.0379 995.0766 994.9697 994.8967 994.8591 994.8405 994.8221 994.7983 994.7405 994.6863 994.8549 994.8462 994.7053 994.7637 994.8444 994.9308 995.0174 995.1653 995.1083 995.0162 994.9283 994.8147 994.7206 994.6677 994.6168 994.5544 994.4745 994.381 994.3242 994.3551 994.4474 994.6122 994.8395 994.8933 994.8423 994.7776 994.7499 994.7318 994.717 994.706
998.787 998.6954 998.604 998.512 998.4204 998.321 998.1986 998.0717 997.9455 997.8186 997.6917 997.5655 997.4386 997.3116 997.1855 997.0587 996.9271 996.7278 996.5761 996.4497 996.2667 996.0841 995.9078 995.8078 995.7346 995.6675 995.6103 995.5875 995.5688 995.4661 995.202 995.2328 995.3185 995.2759 994.9547 994.8561 994.8371 994.819 994.8001 994.7772 994.747 994.7192 994.7888 994.7044 994.705 994.7271 994.8018 994.8883 995.0115 995.2123 995.1481 995.0481 994.9149 994.7732 994.7042 994.6647 994.6267 994.5821 994.5421 994.5026 994.5018 994.5785 994.6735 994.7761 994.949 995.075 995.0356 994.9689 994.9214 994.904 994.8929 994.8766
998.694 998.602 998.5108 998.419 998.327 998.2344 998.1155 997.9896 997.8635 997.7366 997.6096 997.4835 997.3566 997.2296 997.1035 996.9766 996.7759 996.4921 996.3799 996.287 996.1549 996.0056 995.8297 995.6846 995.6034 995.5366 995.4998 995.481 995.4625 995.4229 995.2968 995.5363 995.6422 995.5125 994.954 994.8347 994.8156 994.7971 994.7784 994.7562 994.7289 994.7111 994.7082 994.7075 994.7055 994.7068 994.7653 994.8558 995.068 995.2644 995.1946 994.9958 994.8326 994.7656 994.7401 994.7119 994.6931 994.6848 994.6773 994.6623 994.7096 994.8044 994.899 994.9935 995.1132 995.2658 995.23 995.1665 995.1074 995.0825 995.0605 995.0135
998.6008 998.509 998.4174 998.3258 998.234 998.1425 998.0319 997.9077 997.7815 997.6546 997.5276 997.4015 997.2746 997.1476 997.0215 996.8367 996.5344 996.2564 996.1456 996.0596 995.9739 995.8663 995.7342 995.5776 995.4792 995.4152 995.3935 995.3748 995.3606 995.3499 995.3461 995.521 995.6727 995.6671 994.9639 994.8137 994.7946 994.7756 994.7571 994.735 994.6782 994.6644 994.7307 994.7424 994.7324 994.7186 994.7303 994.8759 995.155 995.3166 995.084 994.8651 994.8519 994.8441 994.83 994.837 994.84 994.8376 994.8345 994.8387 994.9256 995.0226 995.1192 995.2163 995.3138 995.4461 995.4199 995.3627 995.2963 995.2461 995.192 995.1135
998.5078 998.416 998.324 998.2328 998.141 998.049 997.9483 997.8256 997.6995 997.5726 997.4456 997.3195 997.1926 997.0656 996.8917 996.6041 996.2918 996.0208 995.9109 995.8251 995.7396 995.6536 995.5679 995.4455 995.345 995.3109 995.3 995.2899 995.285 995.282 995.2249 995.3082 995.4583 995.6865 995.0536 994.8203 994.7532 994.7354 994.7179 994.6809 994.6037 994.6254 994.7236 994.7971 994.7961 994.7693 994.7524 994.909 995.1284 995.1435 994.8984 994.9329 994.9473 994.9379 994.9449 994.9935 995.0026 995.0002 994.9966 995.0361 995.1167 995.2109 995.3099 995.4089 995.5084 995.5529 995.5214 995.4647 995.4 995.331 995.262 995.1961
998.4144 998.3228 998.231 998.1395 998.048 997.956 997.8621 997.7427 997.6175 997.4906 997.3636 997.2375 997.1107 996.9462 996.6747 996.3616 996.0494 995.7852 995.6766 995.5906 995.5049 995.4191 995.3359 995.2797 995.2363 995.2552 995.2433 995.23 995.2269 995.2239 995.1635 995.0777 995.1054 995.3361 995.249 995.024 994.7725 994.6606 994.6355 994.5748 994.5544 994.5874 994.658 994.7988 994.8796 994.8525 994.8413 994.9095 995.1392 995.35 995.206 995.0649 995.0427 995.0508 995.0964 995.1501 995.1686 995.1674 995.1769 995.2361 995.301 995.3774 995.4768 995.5632 995.6009 995.5585 995.5111 995.4636 995.4094 995.3495 995.2954 995.2794
998.321 998.2294 998.1378 998.046 997.9543 997.8629 997.771 997.6591 997.5355 997.4086 997.2816 997.1555 997.0012 996.7454 996.431 996.1188 995.8068 995.5496 995.4419 995.3561 995.2759 995.2318 995.1776 995.1666 995.1682 995.2155 995.2266 995.2078 995.1866 995.169 995.1024 995.034 994.9828 995.1066 995.3865 995.1859 994.8329 994.6938 994.5276 994.4886 994.5164 994.5494 994.5948 994.7292 994.8738 994.9179 995.0037 995.1019 995.3317 995.6363 995.5043 995.2655 995.2142 995.2116 995.2526 995.3064 995.3345 995.3344 995.3723 995.4365 995.5012 995.566 995.6426 995.673 995.6381 995.6031 995.572 995.5334 995.4984 995.4632 995.4277 995.4512
998.228 998.136 998.0448 997.953 997.861 997.7698 997.678 997.5771 997.4535 997.3266 997.1996 997.0565 996.8165 996.5014 996.1884 995.8764 995.5644 995.314 995.2164 995.173 995.1226 995.1125 995.1016 995.0906 995.1007 995.1404 995.209 995.2402 995.1951 995.1655 995.127 995.092 995.0729 995.1543 995.1818 995.039 994.8531 994.6636 994.5157 994.4803 994.494 994.5114 994.5448 994.6633 994.806 995.0414 995.2973 995.4482 995.5601 995.7292 995.7868 995.6008 995.5106 995.4153 995.4288 995.4624 995.5 995.5134 995.5723 995.6382 995.7104 995.788 995.8395 995.8282 995.8074 995.7855 995.765 995.7423 995.7192 995.6956 995.6725 995.6731
998.1348 998.043 997.9514 997.8598 997.768 997.6765 997.5848 997.4901 997.3708 997.2446 997.1087 996.8884 996.5715 996.2578 995.9459 995.6339 995.3484 995.1474 995.0751 995.0576 995.047 995.0365 995.0256 995.0146 995.0312 995.0739 995.1697 995.2655 995.2543 995.2273 995.2064 995.1899 995.1693 995.0797 994.9992 994.8718 994.7358 994.6121 994.5427 994.5498 994.5494 994.5526 994.565 994.6328 994.8048 995.2495 995.5034 995.6219 995.7425 995.8576 995.9558 995.9156 995.8253 995.7053 995.6542 995.6485 995.6727 995.7121 995.7851 995.8615 995.9459 996.03 996.0771 996.0648 996.0457 996.0258 996.0067 995.9863 995.9648 995.9435 995.9224 995.9046
998.0418 997.95 997.858 997.7664 997.675 997.583 997.4915 997.3998 997.2869 997.1625 996.9354 996.643 996.3275 996.0154 995.7451 995.519 995.2919 995.1487 995.0652 995.0084 994.9754 994.9606 994.9496 994.9394 994.9632 995.0535 995.1949 995.3135 995.3303 995.3052 995.2874 995.2541 995.2243 995.1038 994.9593 994.8475 994.77 994.6981 994.6381 994.6694 994.6721 994.665 994.6747 994.7401 994.9001 995.3865 995.5385 995.6545 995.775 995.9376 996.0476 996.058 996.032 995.9626 995.9124 995.8909 995.884 995.9418 996.0239 996.108 996.1925 996.2766 996.3145 996.3007 996.2816 996.2617 996.2426 996.2227 996.2036 996.1838 996.1646 996.1478
997.9562 997.8627 997.7691 997.6755 997.5824 997.49 997.398 997.3068 997.2029 997.0211 996.7144 996.4029 996.1437 995.9026 995.7128 995.5359 995.3589 995.2257 995.125 995.0272 994.9576 994.9013 994.8749 994.8678 994.9313 995.0806 995.2351 995.3721 995.4133 995.4831 995.447 995.3446 995.2844 995.1665 995.0468 994.9489 994.8604 994.7849 994.7357 994.7867 994.7932 994.7874 994.8419 994.9504 995.0904 995.4152 995.5612 995.6869 995.8355 996.0414 996.1147 996.1166 996.1156 996.1161 996.1331 996.1491 996.1414 996.1909 996.2705 996.3545 996.4389 996.523 996.552 996.5367 996.5176 996.4977 996.4786 996.4587 996.4396 996.4197 996.4006 996.4093
997.8893 997.7944 997.6993 997.6044 997.5093 997.4158 997.3222 997.2291 997.0414 996.7122 996.4835 996.2911 996.1282 995.9557 995.7798 995.6028 995.4258 995.3026 995.2036 995.106 995.0082 994.9106 994.8493 994.8293 994.9431 995.0948 995.2466 995.4373 995.6075 995.8221 995.6509 995.4891 995.3576 995.2509 995.1566 995.0579 994.9599 994.8745 994.8351 994.8953 994.9128 994.9305 995.0264 995.0715 995.1859 995.3776 995.5772 995.7418 995.9466 996.1447 996.1756 996.1746 996.1948 996.2477 996.3613 996.4094 996.407 996.4404 996.517 996.601 996.6855 996.7695 996.7894 996.7728 996.7536 996.7338 996.7146 996.6948 996.6756 996.6558 996.6494 996.6964
997.8344 997.7394 997.6443 997.5494 997.4543 997.3594 997.2643 997.098 996.7727 996.5128 996.4447 996.3397 996.1794 996.0114 995.8397 995.6675 995.493 995.38 995.2795 995.176 995.0711 994.9663 994.861 994.8294 994.931 995.0716 995.2739 995.6923 995.9955 996.1103 995.759 995.5341 995.3809 995.3232 995.2571 995.1794 995.0825 994.9814 994.9438 994.9988 995.0329 995.0693 995.1224 995.1165 995.2473 995.438 995.6442 995.8543 996.0679 996.2195 996.2336 996.2739 996.3583 996.4723 996.5859 996.6695 996.6725 996.6897 996.7635 996.8479 996.932 997.0161 997.0269 997.0087 996.9896 996.9697 996.9506 996.9307 996.9116 996.8929 996.9222 996.9864
997.7794 997.6844 997.5894 997.4944 997.3994 997.3044 997.1569 996.8811 996.6543 996.5823 996.4809 996.3803 996.2868 996.1399 995.9717 995.8027 995.5891 995.4962 995.3817 995.2382 995.109 994.9915 994.8851 994.8624 994.8949 995.0965 995.5074 996.1047 996.2271 996.0922 995.6838 995.4709 995.4056 995.3549 995.3209 995.2718 995.2186 995.1174 995.0949 995.1339 995.1465 995.1793 995.2013 995.2698 995.431 995.6057 995.7971 995.9826 996.1902 996.3032 996.3591 996.4689 996.5828 996.6967 996.8103 996.9186 996.9345 996.9388 997.01 997.0945 997.1785 997.2629 997.2645 997.2448 997.2256 997.2057 997.1866 997.1667 997.1476 997.1512 997.2123 997.2764
997.7244 997.6294 997.5344 997.4394 997.3444 997.2158 996.9912 996.7954 996.6986 996.5864 996.4362 996.3647 996.3569 996.3077 996.1995 996.0396 995.7226 995.6949 995.5953 995.4438 995.3014 995.215 995.1537 995.1133 995.0323 995.203 995.6548 996.2789 996.3235 996.0004 995.6152 995.4969 995.4367 995.3824 995.3396 995.3097 995.2877 995.243 995.2528 995.2693 995.2792 995.3297 995.3828 995.4753 995.6406 995.8141 995.998 996.188 996.3619 996.4659 996.5798 996.6933 996.8073 996.9213 997.0349 997.1487 997.1946 997.1939 997.2586 997.3409 997.425 997.506 997.5006 997.4808 997.4616 997.4418 997.4226 997.4028 997.394 997.4374 997.5023 997.5664
997.6694 997.5743 997.4794 997.3843 997.2747 997.1003 996.9164 996.8052 996.6602 996.5073 996.3569 996.3032 996.2797 996.3328 996.3252 996.2791 995.8834 995.8672 995.8303 995.7213 995.6171 995.565 995.5378 995.4168 995.2786 995.4382 995.8308 996.4784 996.5085 996.0176 995.6265 995.5691 995.512 995.4483 995.3861 995.3582 995.3518 995.3572 995.394 995.4333 995.4808 995.5273 995.5766 995.713 995.9026 996.0944 996.2882 996.4553 996.5767 996.6903 996.8043 996.9179 997.0317 997.1458 997.2593 997.3733 997.4549 997.4575 997.5078 997.5875 997.6715 997.7439 997.7366 997.7167 997.6976 997.6777 997.6586 997.6387 997.6637 997.7274 997.7923 997.8564
997.618 997.5209 997.425 997.3299 997.1874 997.0244 996.8842 996.7308 996.5777 996.4247 996.2925 996.2607 996.1818 996.2083 996.2744 996.3268 995.9656 995.8918 995.8774 995.7951 995.7222 995.7263 995.7251 995.6052 995.6057 995.9286 996.356 996.7142 996.6166 995.8945 995.6371 995.6445 995.6311 995.5565 995.4823 995.4498 995.4482 995.4737 995.6075 995.66 995.7067 995.7531 995.8417 996.0358 996.2436 996.4246 996.5737 996.6873 996.8013 996.9147 997.0287 997.1423 997.2563 997.3703 997.4839 997.5977 997.7047 997.7198 997.7574 997.834 997.918 997.9799 997.9722 997.9526 997.9337 997.9138 997.8947 997.8944 997.9532 998.0174 998.0823 998.1468
997.5732 997.4739 997.3762 997.2551 997.1088 996.9547 996.8017 996.6483 996.4952 996.3422 996.233 996.2118 996.1238 996.0891 996.1418 996.0536 995.9028 995.8212 995.7818 995.722 995.7181 995.7661 995.8141 995.7946 995.9745 996.3313 996.6698 996.7897 996.5406 995.8102 995.6584 995.6794 995.701 995.6714 995.6073 995.5475 995.5413 995.6364 995.8344 995.9005 995.947 996.0199 996.1892 996.3897 996.5458 996.6843 996.7983 996.9119 997.0258 997.1395 997.2533 997.3673 997.481 997.5947 997.7083 997.8223 997.9359 997.9799 998.0067 998.0805 998.1649 998.2174 998.2078 998.1886 998.1693 998.1496 998.1417 998.1788 998.2434 998.3078 998.3724 998.4373
997.5319 997.4323 997.3517 997.2062 996.9868 996.8574 996.7173 996.5662 996.4133 996.2603 996.1734 996.1563 996.083 995.9875 995.9913 995.8978 995.8334 995.7708 995.7195 995.7296 995.768 995.8154 995.8631 995.9527 996.1983 996.4782 996.7573 996.6117 996.46 995.8249 995.7071 995.7312 995.7597 995.8383 995.7891 995.6721 995.6511 995.8351 996.0709 996.1411 996.1981 996.3552 996.5265 996.6813 996.7947 996.9088 997.0228 997.1364 997.2503 997.3638 997.4777 997.5917 997.7053 997.8193 997.9329 998.0468 998.1603 998.2402 998.2532 998.327 998.4115 998.455 998.4437 998.4246 998.4047 998.3856 998.413 998.4693 998.5334 998.5983 998.6624 998.7273
997.4902 997.3967 997.3444 997.2181 996.9008 996.7355 996.6035 996.4769 996.3307 996.1777 996.1138 996.1003 996.0416 995.9503 995.8899 995.8571 995.8064 995.7484 995.7275 995.7672 995.8141 995.8611 995.9224 996.0637 996.2764 996.5594 996.7738 996.4307 996.2374 995.9808 995.9164 995.838 995.8327 995.9858 995.9521 995.8329 995.7952 996.0357 996.2997 996.3799 996.4943 996.6622 996.7919 996.9058 997.0195 997.1333 997.2473 997.3609 997.4747 997.5884 997.7023 997.8159 997.9297 998.0438 998.1573 998.2713 998.3849 998.4907 998.5074 998.576 998.658 998.6924 998.6797 998.6606 998.6407 998.6393 998.6956 998.7593 998.8234 998.8882 998.9524 999.0173
997.4493 997.3828 997.3555 997.2299 996.8855 996.592 996.4518 996.3496 996.2246 996.0909 996.054 996.0439 996.0082 995.9469 995.8795 995.8368 995.7857 995.7503 995.7711 995.8129 995.8594 995.9066 996.014 996.1832 996.3763 996.6707 996.7112 996.4011 996.0822 996.0175 995.9978 995.8998 995.9099 995.9797 995.9515 995.9019 995.8537 996.1504 996.5157 996.6372 996.7888 996.9028 997.0163 997.1303 997.2438 997.3577 997.4717 997.5853 997.6993 997.8127 997.9268 998.0403 998.1543 998.2683 998.382 998.4957 998.6093 998.7233 998.7653 998.8253 998.9045 998.9299 998.9158 998.8966 998.8829 998.9203 998.9844 999.0493 999.1134 999.1783 999.2424 999.3073
