sfe209_gcs_analysis/sfe_209.asc
ncols         324
nrows         324
xllcorner     9955.3434111388
yllcorner     19945.945953217
cellsize      0.3
NODATA_value  -9999
[rows 192 to 223 of 324, columns 72 to 143 of 324]
-9999 -9999 -9999 -9999 -9999 -9999 -9999 -9999 1002.206 1002.259 1002.225 1002.191 1002.156 1002.116 1002.079 1002.045 1002.005 1001.944 1001.855 1001.778 1001.659 1001.54 1001.421 1001.302 1001.183 1001.064 1000.945 1000.826 1000.71 1000.622 1000.605 1000.587 1000.57 1000.552 1000.535 1000.518 1000.5 1000.483 1000.465 1000.448 1000.431 1000.468 1000.588 1000.708 1000.828 1000.948 1001.068 1001.188 1001.308 1001.428 1001.548 1001.749 1001.94 1002.116 1002.214 1002.284 1002.368 1002.409 1002.443 1002.456 1002.456 1002.456 1002.441 1002.404 1002.367 1002.33 1002.294 1002.257 1002.22 1002.183 1002.146 1002.109
-9999 -9999 -9999 -9999 -9999 -9999 -9999 1002.2 1002.242 1002.233 1002.199 1002.165 1002.126 1002.088 1002.054 1002.015 1001.963 1001.873 1001.803 1001.684 1001.565 1001.446 1001.327 1001.208 1001.089 1000.97 1000.851 1000.733 1000.636 1000.611 1000.593 1000.576 1000.558 1000.541 1000.524 1000.506 1000.489 1000.471 1000.454 1000.437 1000.445 1000.565 1000.684 1000.804 1000.924 1001.044 1001.164 1001.284 1001.404 1001.524 1001.673 1001.92 1002.126 1002.235 1002.341 1002.42 1002.4 1002.435 1002.454 1002.455 1002.455 1002.446 1002.41 1002.373 1002.336 1002.299 1002.262 1002.225 1002.189 1002.152 1002.115 1002.078
-9999 -9999 -9999 -9999 -9999 -9999 -9999 1002.222 1002.242 1002.208 1002.173 1002.136 1002.096 1002.062 1002.025 1001.981 1001.892 1001.82 1001.71 1001.591 1001.472 1001.353 1001.234 1001.115 1000.996 1000.877 1000.758 1000.659 1000.617 1000.599 1000.582 1000.564 1000.547 1000.53 1000.512 1000.495 1000.477 1000.46 1000.443 1000.424 1000.541 1000.661 1000.781 1000.9 1001.02 1001.14 1001.26 1001.38 1001.5 1001.611 1001.859 1002.106 1002.285 1002.312 1002.424 1002.402 1002.426 1002.453 1002.453 1002.454 1002.452 1002.415 1002.378 1002.341 1002.305 1002.268 1002.231 1002.194 1002.157 1002.121 1002.084 1002.047
-9999 -9999 -9999 -9999 -9999 -9999 1002.21 1002.25 1002.216 1002.182 1002.146 1002.106 1002.071 1002.034 1001.994 1001.911 1001.833 1001.736 1001.617 1001.498 1001.379 1001.26 1001.141 1001.022 1000.903 1000.784 1000.682 1000.623 1000.605 1000.588 1000.57 1000.553 1000.536 1000.518 1000.501 1000.483 1000.466 1000.449 1000.43 1000.517 1000.637 1000.757 1000.877 1000.997 1001.117 1001.236 1001.356 1001.476 1001.594 1001.797 1002.044 1002.29 1002.273 1002.428 1002.406 1002.418 1002.452 1002.452 1002.452 1002.453 1002.421 1002.384 1002.347 1002.31 1002.273 1002.237 1002.2 1002.163 1002.126 1002.089 1002.052 1002.016
-9999 -9999 -9999 -9999 -9999 1002.207 1002.259 1002.225 1002.19 1002.155 1002.115 1002.079 1002.044 1002.004 1001.929 1001.846 1001.762 1001.643 1001.524 1001.405 1001.286 1001.167 1001.048 1000.929 1000.81 1000.705 1000.629 1000.611 1000.594 1000.577 1000.559 1000.542 1000.524 1000.507 1000.49 1000.472 1000.455 1000.436 1000.493 1000.613 1000.733 1000.853 1000.973 1001.093 1001.213 1001.333 1001.452 1001.572 1001.736 1001.983 1002.23 1002.275 1002.395 1002.41 1002.409 1002.444 1002.451 1002.451 1002.451 1002.426 1002.389 1002.353 1002.316 1002.279 1002.242 1002.205 1002.169 1002.132 1002.095 1002.058 1002.021 1001.984
-9999 -9999 -9999 -9999 1002.12 1002.242 1002.233 1002.199 1002.165 1002.125 1002.088 1002.054 1002.014 1001.948 1001.859 1001.788 1001.669 1001.55 1001.431 1001.312 1001.193 1001.074 1000.955 1000.836 1000.729 1000.635 1000.617 1000.6 1000.583 1000.565 1000.548 1000.53 1000.513 1000.496 1000.478 1000.461 1000.443 1000.469 1000.589 1000.709 1000.829 1000.949 1001.069 1001.189 1001.309 1001.429 1001.549 1001.674 1001.921 1002.168 1002.28 1002.356 1002.414 1002.401 1002.435 1002.449 1002.45 1002.45 1002.432 1002.395 1002.358 1002.321 1002.285 1002.248 1002.211 1002.174 1002.137 1002.1 1002.064 1002.027 1001.99 1001.953
-9999 -9999 -9999 -9999 1002.222 1002.242 1002.208 1002.173 1002.135 1002.097 1002.062 1002.023 1001.966 1001.877 1001.813 1001.694 1001.575 1001.456 1001.337 1001.218 1001.099 1000.98 1000.861 1000.752 1000.655 1000.623 1000.606 1000.589 1000.571 1000.554 1000.536 1000.519 1000.502 1000.484 1000.467 1000.449 1000.445 1000.565 1000.685 1000.805 1000.925 1001.045 1001.165 1001.285 1001.405 1001.525 1001.614 1001.86 1002.107 1002.285 1002.318 1002.418 1002.396 1002.427 1002.448 1002.448 1002.449 1002.437 1002.401 1002.364 1002.327 1002.29 1002.253 1002.216 1002.18 1002.143 1002.106 1002.069 1002.032 1001.996 1001.959 1001.922
-9999 -9999 -9999 1002.212 1002.25 1002.216 1002.182 1002.145 1002.105 1002.071 1002.033 1001.985 1001.895 1001.829 1001.72 1001.601 1001.482 1001.363 1001.244 1001.125 1001.006 1000.887 1000.775 1000.678 1000.629 1000.612 1000.595 1000.577 1000.56 1000.542 1000.525 1000.508 1000.49 1000.473 1000.455 1000.436 1000.542 1000.662 1000.781 1000.901 1001.021 1001.141 1001.261 1001.381 1001.501 1001.594 1001.798 1002.045 1002.29 1002.279 1002.422 1002.4 1002.418 1002.447 1002.447 1002.447 1002.443 1002.406 1002.369 1002.333 1002.296 1002.259 1002.222 1002.185 1002.148 1002.112 1002.075 1002.038 1002.001 1001.964 1001.927 1001.891
-9999 -9999 1002.209 1002.259 1002.225 1002.19 1002.155 1002.115 1002.08 1002.043 1002.003 1001.914 1001.842 1001.746 1001.627 1001.508 1001.389 1001.27 1001.151 1001.032 1000.913 1000.798 1000.701 1000.635 1000.618 1000.601 1000.583 1000.566 1000.548 1000.531 1000.514 1000.496 1000.479 1000.461 1000.442 1000.518 1000.638 1000.758 1000.878 1000.997 1001.117 1001.237 1001.357 1001.477 1001.577 1001.736 1001.984 1002.231 1002.275 1002.401 1002.404 1002.41 1002.444 1002.446 1002.446 1002.446 1002.412 1002.375 1002.338 1002.301 1002.264 1002.228 1002.191 1002.154 1002.117 1002.08 1002.044 1002.007 1001.97 1001.933 1001.896 1001.859
-9999 1002.04 1002.243 1002.233 1002.199 1002.164 1002.124 1002.088 1002.053 1002.013 1001.933 1001.855 1001.772 1001.653 1001.534 1001.415 1001.296 1001.177 1001.058 1000.939 1000.821 1000.724 1000.641 1000.624 1000.607 1000.589 1000.572 1000.555 1000.537 1000.52 1000.502 1000.485 1000.467 1000.448 1000.494 1000.614 1000.734 1000.854 1000.974 1001.094 1001.214 1001.333 1001.453 1001.56 1001.675 1001.922 1002.169 1002.28 1002.362 1002.408 1002.401 1002.436 1002.445 1002.445 1002.445 1002.417 1002.38 1002.344 1002.307 1002.27 1002.233 1002.196 1002.16 1002.123 1002.086 1002.049 1002.012 1001.975 1001.939 1001.902 1001.865 1001.843
-9999 1002.223 1002.242 1002.207 1002.173 1002.134 1002.097 1002.062 1002.022 1001.951 1001.868 1001.798 1001.679 1001.56 1001.441 1001.322 1001.203 1001.084 1000.965 1000.846 1000.747 1000.651 1000.63 1000.613 1000.595 1000.578 1000.561 1000.543 1000.526 1000.508 1000.491 1000.474 1000.455 1000.47 1000.59 1000.71 1000.83 1000.95 1001.07 1001.19 1001.31 1001.43 1001.544 1001.616 1001.86 1002.108 1002.285 1002.324 1002.412 1002.393 1002.427 1002.443 1002.443 1002.444 1002.423 1002.386 1002.349 1002.312 1002.276 1002.239 1002.202 1002.165 1002.128 1002.091 1002.055 1002.018 1001.981 1001.944 1001.907 1001.871 1001.847 1001.829
1002.213 1002.25 1002.216 1002.182 1002.144 1002.105 1002.071 1002.032 1001.97 1001.881 1001.823 1001.704 1001.585 1001.466 1001.347 1001.228 1001.109 1000.99 1000.871 1000.771 1000.674 1000.636 1000.619 1000.601 1000.584 1000.567 1000.549 1000.532 1000.514 1000.497 1000.48 1000.461 1000.446 1000.566 1000.686 1000.806 1000.926 1001.046 1001.166 1001.286 1001.406 1001.526 1001.594 1001.799 1002.046 1002.29 1002.285 1002.416 1002.394 1002.419 1002.442 1002.442 1002.443 1002.428 1002.392 1002.355 1002.318 1002.281 1002.244 1002.208 1002.171 1002.134 1002.097 1002.06 1002.023 1001.987 1001.95 1001.913 1001.876 1001.852 1001.834 1001.815
1002.259 1002.225 1002.19 1002.154 1002.114 1002.08 1002.042 1001.988 1001.899 1001.839 1001.73 1001.611 1001.492 1001.373 1001.254 1001.135 1001.016 1000.897 1000.794 1000.697 1000.642 1000.625 1000.607 1000.59 1000.573 1000.555 1000.538 1000.52 1000.503 1000.486 1000.467 1000.447 1000.542 1000.662 1000.782 1000.902 1001.022 1001.142 1001.262 1001.382 1001.502 1001.577 1001.737 1001.985 1002.232 1002.275 1002.407 1002.398 1002.41 1002.44 1002.441 1002.441 1002.434 1002.397 1002.36 1002.324 1002.287 1002.25 1002.213 1002.176 1002.139 1002.103 1002.066 1002.029 1001.992 1001.955 1001.919 1001.882 1001.857 1001.838 1001.82 1001.801
1002.233 1002.199 1002.164 1002.124 1002.088 1002.051 1002.007 1001.917 1001.852 1001.756 1001.637 1001.518 1001.399 1001.28 1001.161 1001.042 1000.923 1000.817 1000.72 1000.648 1000.631 1000.613 1000.596 1000.579 1000.561 1000.544 1000.526 1000.509 1000.492 1000.473 1000.454 1000.519 1000.639 1000.759 1000.878 1000.998 1001.118 1001.238 1001.358 1001.478 1001.56 1001.676 1001.923 1002.17 1002.28 1002.368 1002.402 1002.402 1002.436 1002.44 1002.44 1002.44 1002.403 1002.366 1002.329 1002.292 1002.255 1002.219 1002.182 1002.145 1002.108 1002.071 1002.035 1001.998 1001.961 1001.924 1001.887 1001.861 1001.843 1001.824 1001.806 1001.787
1002.207 1002.173 1002.133 1002.097 1002.061 1002.021 1001.936 1001.865 1001.782 1001.663 1001.544 1001.425 1001.306 1001.187 1001.068 1000.949 1000.84 1000.743 1000.654 1000.637 1000.619 1000.602 1000.585 1000.567 1000.55 1000.532 1000.515 1000.498 1000.48 1000.46 1000.495 1000.615 1000.735 1000.855 1000.975 1001.094 1001.214 1001.334 1001.454 1001.544 1001.618 1001.861 1002.109 1002.285 1002.33 1002.406 1002.393 1002.428 1002.438 1002.438 1002.439 1002.408 1002.372 1002.335 1002.298 1002.261 1002.224 1002.187 1002.151 1002.114 1002.077 1002.04 1002.003 1001.966 1001.93 1001.893 1001.866 1001.847 1001.829 1001.81 1001.792 1001.773
1002.182 1002.143 1002.106 1002.071 1002.031 1001.955 1001.878 1001.808 1001.689 1001.57 1001.451 1001.332 1001.213 1001.094 1000.974 1000.863 1000.766 1000.67 1000.643 1000.625 1000.608 1000.591 1000.573 1000.556 1000.539 1000.521 1000.504 1000.486 1000.466 1000.471 1000.591 1000.711 1000.831 1000.951 1001.071 1001.191 1001.31 1001.43 1001.527 1001.593 1001.8 1002.047 1002.29 1002.291 1002.411 1002.389 1002.419 1002.437 1002.437 1002.438 1002.414 1002.377 1002.34 1002.303 1002.267 1002.23 1002.193 1002.156 1002.119 1002.083 1002.046 1002.009 1001.972 1001.935 1001.898 1001.87 1001.852 1001.833 1001.815 1001.796 1001.778 1001.76
1002.153 1002.114 1002.08 1002.041 1001.973 1001.891 1001.833 1001.714 1001.595 1001.476 1001.357 1001.238 1001.119 1001 1000.886 1000.79 1000.693 1000.649 1000.632 1000.614 1000.597 1000.579 1000.562 1000.545 1000.527 1000.51 1000.492 1000.473 1000.453 1000.567 1000.687 1000.807 1000.927 1001.047 1001.167 1001.287 1001.407 1001.51 1001.577 1001.738 1001.985 1002.233 1002.275 1002.413 1002.393 1002.411 1002.436 1002.436 1002.436 1002.419 1002.383 1002.346 1002.309 1002.272 1002.235 1002.199 1002.162 1002.125 1002.088 1002.051 1002.014 1001.978 1001.941 1001.904 1001.875 1001.856 1001.838 1001.819 1001.801 1001.783 1001.764 1001.746
1002.123 1002.089 1002.05 1001.992 1001.904 1001.849 1001.74 1001.621 1001.502 1001.383 1001.264 1001.145 1001.026 1000.91 1000.813 1000.716 1000.655 1000.638 1000.62 1000.603 1000.585 1000.568 1000.551 1000.533 1000.516 1000.498 1000.479 1000.459 1000.543 1000.663 1000.783 1000.903 1001.023 1001.143 1001.263 1001.383 1001.494 1001.56 1001.675 1001.924 1002.171 1002.28 1002.375 1002.397 1002.402 1002.434 1002.435 1002.435 1002.425 1002.388 1002.351 1002.315 1002.278 1002.241 1002.204 1002.167 1002.13 1002.094 1002.057 1002.02 1001.983 1001.946 1001.91 1001.879 1001.861 1001.842 1001.824 1001.805 1001.787 1001.769 1001.75 1001.732
1002.097 1002.06 1002.01 1001.921 1001.861 1001.766 1001.647 1001.528 1001.409 1001.29 1001.171 1001.052 1000.933 1000.836 1000.739 1000.661 1000.644 1000.626 1000.609 1000.591 1000.574 1000.557 1000.539 1000.522 1000.504 1000.485 1000.465 1000.52 1000.639 1000.759 1000.879 1000.999 1001.119 1001.239 1001.359 1001.477 1001.544 1001.62 1001.862 1002.109 1002.285 1002.336 1002.401 1002.394 1002.428 1002.433 1002.434 1002.431 1002.394 1002.357 1002.32 1002.283 1002.247 1002.21 1002.173 1002.136 1002.099 1002.062 1002.026 1001.989 1001.952 1001.915 1001.884 1001.865 1001.847 1001.828 1001.81 1001.792 1001.773 1001.755 1001.736 1001.718
1002.07 1002.029 1001.939 1001.874 1001.792 1001.673 1001.554 1001.435 1001.316 1001.197 1001.078 1000.959 1000.859 1000.762 1000.667 1000.65 1000.632 1000.615 1000.597 1000.58 1000.563 1000.545 1000.528 1000.51 1000.492 1000.472 1000.496 1000.616 1000.736 1000.856 1000.975 1001.095 1001.215 1001.335 1001.455 1001.527 1001.593 1001.801 1002.048 1002.29 1002.298 1002.405 1002.385 1002.42 1002.432 1002.432 1002.432 1002.399 1002.363 1002.326 1002.289 1002.252 1002.215 1002.178 1002.142 1002.105 1002.068 1002.031 1001.994 1001.958 1001.921 1001.888 1001.87 1001.852 1001.833 1001.815 1001.796 1001.778 1001.759 1001.741 1001.722 1001.704
1002.04 1001.958 1001.887 1001.818 1001.698 1001.58 1001.461 1001.341 1001.222 1001.104 1000.984 1000.882 1000.785 1000.689 1000.656 1000.638 1000.621 1000.603 1000.586 1000.569 1000.551 1000.534 1000.516 1000.498 1000.478 1000.472 1000.592 1000.712 1000.832 1000.952 1001.072 1001.191 1001.311 1001.431 1001.51 1001.577 1001.739 1001.986 1002.234 1002.275 1002.409 1002.387 1002.411 1002.431 1002.431 1002.431 1002.405 1002.368 1002.331 1002.294 1002.258 1002.221 1002.184 1002.147 1002.11 1002.074 1002.037 1002 1001.963 1001.926 1001.893 1001.875 1001.856 1001.838 1001.819 1001.801 1001.782 1001.764 1001.745 1001.727 1001.708 1001.69
1001.977 1001.9 1001.843 1001.724 1001.605 1001.486 1001.367 1001.248 1001.129 1001.01 1000.905 1000.809 1000.712 1000.662 1000.644 1000.627 1000.609 1000.592 1000.575 1000.557 1000.54 1000.523 1000.504 1000.484 1000.465 1000.568 1000.688 1000.808 1000.928 1001.048 1001.168 1001.288 1001.407 1001.494 1001.56 1001.673 1001.925 1002.172 1002.28 1002.381 1002.391 1002.403 1002.429 1002.43 1002.43 1002.411 1002.374 1002.337 1002.3 1002.263 1002.226 1002.19 1002.153 1002.116 1002.079 1002.042 1002.005 1001.969 1001.932 1001.898 1001.879 1001.861 1001.842 1001.824 1001.805 1001.787 1001.768 1001.75 1001.731 1001.713 1001.695 1001.676
1001.913 1001.858 1001.75 1001.631 1001.512 1001.393 1001.274 1001.155 1001.036 1000.929 1000.832 1000.735 1000.668 1000.65 1000.633 1000.616 1000.598 1000.581 1000.563 1000.546 1000.529 1000.511 1000.491 1000.471 1000.544 1000.664 1000.784 1000.904 1001.024 1001.144 1001.264 1001.384 1001.477 1001.544 1001.622 1001.863 1002.11 1002.285 1002.342 1002.395 1002.394 1002.428 1002.428 1002.429 1002.416 1002.379 1002.342 1002.306 1002.269 1002.232 1002.195 1002.158 1002.122 1002.085 1002.048 1002.011 1001.974 1001.937 1001.902 1001.884 1001.865 1001.847 1001.828 1001.81 1001.791 1001.773 1001.754 1001.736 1001.718 1001.699 1001.681 1001.662
1001.871 1001.776 1001.657 1001.538 1001.419 1001.3 1001.181 1001.062 1000.952 1000.855 1000.758 1000.674 1000.656 1000.639 1000.622 1000.604 1000.587 1000.569 1000.552 1000.535 1000.517 1000.497 1000.477 1000.52 1000.64 1000.76 1000.88 1001 1001.12 1001.24 1001.36 1001.46 1001.527 1001.593 1001.802 1002.049 1002.289 1002.304 1002.399 1002.386 1002.42 1002.427 1002.427 1002.422 1002.385 1002.348 1002.311 1002.274 1002.238 1002.201 1002.164 1002.127 1002.09 1002.053 1002.017 1001.98 1001.943 1001.907 1001.888 1001.87 1001.851 1001.833 1001.814 1001.796 1001.777 1001.759 1001.741 1001.722 1001.704 1001.685 1001.667 1001.648
1001.802 1001.683 1001.564 1001.445 1001.326 1001.207 1001.088 1000.975 1000.878 1000.781 1000.684 1000.662 1000.645 1000.628 1000.61 1000.593 1000.575 1000.558 1000.541 1000.523 1000.503 1000.484 1000.497 1000.617 1000.737 1000.856 1000.976 1001.096 1001.216 1001.336 1001.444 1001.51 1001.577 1001.74 1001.987 1002.234 1002.274 1002.403 1002.381 1002.412 1002.426 1002.426 1002.426 1002.39 1002.354 1002.317 1002.28 1002.243 1002.206 1002.169 1002.133 1002.096 1002.059 1002.022 1001.985 1001.949 1001.912 1001.893 1001.874 1001.856 1001.837 1001.819 1001.8 1001.782 1001.764 1001.745 1001.727 1001.708 1001.69 1001.671 1001.653 1001.634
1001.708 1001.589 1001.47 1001.351 1001.232 1001.113 1000.998 1000.901 1000.804 1000.708 1000.668 1000.651 1000.634 1000.616 1000.599 1000.581 1000.564 1000.547 1000.529 1000.51 1000.49 1000.473 1000.593 1000.713 1000.833 1000.953 1001.072 1001.192 1001.312 1001.427 1001.494 1001.56 1001.672 1001.926 1002.173 1002.279 1002.387 1002.385 1002.403 1002.424 1002.425 1002.425 1002.396 1002.359 1002.322 1002.286 1002.249 1002.212 1002.175 1002.138 1002.101 1002.065 1002.028 1001.991 1001.954 1001.917 1001.897 1001.879 1001.86 1001.842 1001.823 1001.805 1001.787 1001.768 1001.75 1001.731 1001.713 1001.694 1001.676 1001.657 1001.639 1001.62
1001.615 1001.496 1001.377 1001.258 1001.139 1001.021 1000.924 1000.828 1000.731 1000.674 1000.657 1000.64 1000.622 1000.605 1000.587 1000.57 1000.553 1000.535 1000.516 1000.496 1000.476 1000.569 1000.689 1000.809 1000.929 1001.049 1001.169 1001.288 1001.408 1001.477 1001.543 1001.624 1001.864 1002.111 1002.284 1002.348 1002.389 1002.395 1002.423 1002.423 1002.424 1002.402 1002.365 1002.328 1002.291 1002.254 1002.217 1002.181 1002.144 1002.107 1002.07 1002.033 1001.997 1001.96 1001.923 1001.902 1001.883 1001.865 1001.846 1001.828 1001.81 1001.791 1001.773 1001.754 1001.736 1001.717 1001.699 1001.68 1001.662 1001.643 1001.625 -9999
1001.522 1001.403 1001.284 1001.165 1001.046 1000.948 1000.851 1000.754 1000.681 1000.663 1000.646 1000.628 1000.611 1000.594 1000.576 1000.559 1000.541 1000.522 1000.503 1000.483 1000.545 1000.665 1000.785 1000.905 1001.025 1001.145 1001.265 1001.385 1001.46 1001.527 1001.593 1001.803 1002.05 1002.289 1002.31 1002.393 1002.386 1002.42 1002.422 1002.422 1002.407 1002.37 1002.333 1002.297 1002.26 1002.223 1002.186 1002.149 1002.113 1002.076 1002.039 1002.002 1001.965 1001.928 1001.906 1001.888 1001.87 1001.851 1001.833 1001.814 1001.796 1001.777 1001.759 1001.74 1001.722 1001.703 1001.685 1001.667 1001.648 1001.63 -9999 -9999
1001.429 1001.31 1001.191 1001.072 1000.971 1000.874 1000.777 1000.687 1000.669 1000.652 1000.634 1000.617 1000.6 1000.582 1000.565 1000.547 1000.529 1000.509 1000.489 1000.521 1000.641 1000.761 1000.881 1001.001 1001.121 1001.241 1001.361 1001.444 1001.51 1001.577 1001.74 1001.988 1002.235 1002.274 1002.397 1002.378 1002.412 1002.421 1002.421 1002.413 1002.376 1002.339 1002.302 1002.265 1002.229 1002.192 1002.155 1002.118 1002.081 1002.044 1002.008 1001.971 1001.934 1001.911 1001.893 1001.874 1001.856 1001.837 1001.819 1001.8 1001.782 1001.763 1001.745 1001.726 1001.708 1001.69 1001.671 1001.653 1001.634 -9999 -9999 -9999
1001.336 1001.217 1001.098 1000.994 1000.897 1000.8 1000.703 1000.675 1000.658 1000.64 1000.623 1000.606 1000.588 1000.571 1000.553 1000.535 1000.515 1000.495 1000.498 1000.617 1000.737 1000.857 1000.977 1001.097 1001.217 1001.337 1001.427 1001.494 1001.56 1001.671 1001.927 1002.174 1002.279 1002.393 1002.379 1002.404 1002.419 1002.42 1002.418 1002.381 1002.345 1002.308 1002.271 1002.234 1002.197 1002.161 1002.124 1002.087 1002.05 1002.013 1001.976 1001.94 1001.916 1001.897 1001.879 1001.86 1001.842 1001.823 1001.805 1001.786 1001.768 1001.749 1001.731 1001.713 1001.694 1001.676 1001.657 1001.639 -9999 -9999 -9999 -9999
1001.242 1001.123 1001.017 1000.92 1000.823 1000.727 1000.681 1000.664 1000.646 1000.629 1000.612 1000.594 1000.577 1000.559 1000.541 1000.521 1000.502 1000.482 1000.594 1000.714 1000.833 1000.953 1001.073 1001.193 1001.313 1001.411 1001.477 1001.543 1001.626 1001.865 1002.112 1002.284 1002.354 1002.384 1002.395 1002.418 1002.418 1002.419 1002.387 1002.35 1002.313 1002.277 1002.24 1002.203 1002.166 1002.129 1002.092 1002.056 1002.019 1001.982 1001.945 1001.92 1001.902 1001.883 1001.865 1001.846 1001.828 1001.809 1001.791 1001.772 1001.754 1001.736 1001.717 1001.699 1001.68 1001.662 1001.643 -9999 -9999 -9999 -9999 -9999
1001.149 1001.04 1000.943 1000.846 1000.75 1000.687 1000.67 1000.652 1000.635 1000.618 1000.6 1000.583 1000.565 1000.548 1000.528 1000.508 1000.488 1000.57 1000.69 1000.81 1000.93 1001.049 1001.169 1001.289 1001.394 1001.46 1001.527 1001.593 1001.803 1002.051 1002.289 1002.316 1002.388 1002.386 1002.417 1002.417 1002.417 1002.393 1002.356 1002.319 1002.282 1002.245 1002.208 1002.172 1002.135 1002.098 1002.061 1002.024 1001.988 1001.951 1001.925 1001.906 1001.888 1001.869 1001.851 1001.832 1001.814 1001.795 1001.777 1001.759 1001.74 1001.722 1001.703 1001.685 1001.666 1001.648 -9999 -9999 -9999 -9999 -9999 -9999
