sfe209_gcs_analysis/sfe_209.asc
ncols         324
nrows         324
xllcorner     9955.3434111388
yllcorner     19945.945953217
cellsize      0.3
NODATA_value  -9999
[rows 128 to 159 of 324, columns 144 to 215 of 324]
999.8398 999.6939 999.6816 999.7165 999.7543 999.7161 999.6263 999.4889 999.3912 999.2366 999.0388 998.913 999.0253 998.8862 998.6443 998.4575 998.2013 998.33 998.4995 998.3783 998.4673 998.5859 998.5994 998.6638 998.7729 999.0089 999.1421 998.8732 998.877 999.0365 998.8055 998.513 998.3677 998.315 998.3039 998.3712 998.4521 998.5331 998.5809 998.6587 998.7139 998.7598 998.7026 998.7333 998.78 998.8255 998.8712 998.9159 998.9572 998.9798 998.995 999.0798 999.1985 999.3325 999.4705 999.6085 999.7465 999.8845 999.9738 1000.052 1000.124 1000.194 1000.273 1000.344 1000.423 1000.494 1000.573 1000.656 1000.777 1000.984 1001.226 1001.41
999.7182 999.6226 999.5844 999.5881 999.5866 999.6531 999.6858 999.5165 999.3864 999.1909 999.0051 998.861 998.687 998.671 998.5116 998.3727 998.4265 998.4797 998.5856 998.6171 998.646 998.6532 998.6998 998.7928 998.8858 999.081 999.2587 999.2135 999.0588 999.2049 999.0438 998.7681 998.5107 998.3678 998.3566 998.4194 998.4883 998.5529 998.617 998.847 998.9665 998.9668 998.832 998.8533 998.9005 998.9484 998.9958 999.0433 999.0898 999.135 999.1689 999.2369 999.3615 999.4995 999.6375 999.7755 999.9127 1000.051 1000.134 1000.213 1000.284 1000.354 1000.433 1000.504 1000.583 1000.67 1000.756 1000.887 1001.137 1001.325 1001.509 1001.515
999.6483 999.6014 999.5177 999.4242 999.3543 999.429 999.5424 999.5129 999.3682 999.1461 998.9574 998.7769 998.5986 998.4511 998.5124 998.5505 998.5964 998.6387 998.6783 998.7145 998.7181 998.7399 998.8288 998.9218 999.0148 999.1575 999.3156 999.3497 999.2604 999.3163 999.2234 999.0257 998.7521 998.4365 998.3767 998.4069 998.4586 998.514 998.6584 999.02 999.1705 999.0804 998.9518 998.973 999.0203 999.0679 999.1154 999.163 999.2104 999.2584 999.3256 999.4146 999.5367 999.6672 999.804 999.942 1000.08 1000.216 1000.294 1000.373 1000.444 1000.514 1000.593 1000.672 1000.765 1000.866 1000.999 1001.241 1001.425 1001.538 1001.52 1001.501
999.5556 999.5212 999.4085 999.2599 999.1441 999.1612 999.3141 999.4387 999.3426 999.1081 998.905 998.72 998.5378 998.3829 998.508 998.5757 998.6277 998.6759 998.7217 998.7664 998.7986 998.8648 998.9578 999.0508 999.1438 999.2487 999.3763 999.3857 999.3527 999.2994 999.2386 999.0944 998.7217 998.4714 998.4355 998.3924 998.3946 998.5543 998.7864 999.0724 999.2836 999.1649 999.0663 999.0923 999.14 999.1873 999.2354 999.2825 999.3445 999.4134 999.5135 999.618 999.7268 999.8458 999.971 1000.11 1000.25 1000.377 1000.454 1000.533 1000.604 1000.682 1000.771 1000.87 1000.976 1001.109 1001.34 1001.524 1001.543 1001.524 1001.506 1001.487
999.3687 999.3184 999.2062 999.1227 999.0857 999.1035 999.1341 999.2653 999.2653 999.061 998.8657 998.6846 998.5029 998.4393 998.5595 998.6179 998.6715 998.7251 998.7787 998.8335 998.9075 999.002 999.0939 999.1859 999.2778 999.3625 999.413 999.3619 999.2776 999.21 999.0585 998.8862 998.5647 998.5911 998.5782 998.465 998.406 998.5613 998.7746 999.0124 999.3223 999.2415 999.176 999.2123 999.2595 999.3073 999.3557 999.4242 999.5134 999.6154 999.7166 999.8214 999.9296 1000.039 1000.154 1000.279 1000.414 1000.537 1000.614 1000.697 1000.781 1000.876 1000.98 1001.086 1001.219 1001.44 1001.566 1001.547 1001.529 1001.51 1001.492 1001.473
999.2111 999.1295 999.0559 999.1361 999.2397 999.2544 999.142 999.149 999.1865 998.994 998.7916 998.6147 998.4799 998.511 998.5908 998.6872 998.7559 998.8109 998.8658 998.9465 999.0577 999.1494 999.2195 999.2832 999.3473 999.4016 999.4037 999.3353 999.2653 999.2289 999.0926 999.0165 998.8797 998.7659 998.7241 998.6279 998.544 998.5486 998.6901 998.94 999.312 999.3079 999.2912 999.332 999.3793 999.4393 999.5129 999.6145 999.7164 999.8184 999.9196 1000.026 1000.135 1000.245 1000.355 1000.465 1000.589 1000.7 1000.79 1000.886 1000.986 1001.09 1001.196 1001.329 1001.539 1001.57 1001.552 1001.533 1001.515 1001.496 1001.478 1001.459
999.1201 999.0396 999.0365 999.2769 999.4172 999.4664 999.3547 999.1966 999.1154 998.9142 998.6924 998.5099 998.4708 998.5194 998.5898 998.7377 998.8434 998.9109 998.9805 999.0811 999.1628 999.2073 999.2415 999.2821 999.3231 999.3629 999.3893 999.3368 999.3094 999.3431 999.3448 999.278 999.0665 998.8438 998.7669 998.6962 998.6444 998.5919 998.6479 998.8996 999.267 999.3748 999.4059 999.4537 999.5233 999.6144 999.7164 999.8175 999.9194 1000.021 1000.121 1000.23 1000.34 1000.45 1000.56 1000.67 1000.78 1000.885 1000.995 1001.096 1001.2 1001.306 1001.433 1001.593 1001.575 1001.556 1001.538 1001.519 1001.501 1001.482 1001.464 1001.446
999.0442 999.0011 999.1043 999.3742 999.5482 999.6283 999.4879 999.2985 999.0702 998.8494 998.6194 998.4791 998.4628 998.5236 998.582 998.7382 998.8978 999.0119 999.0823 999.1492 999.2043 999.1898 999.1967 999.2311 999.2932 999.3411 999.3621 999.34 999.3616 999.4127 999.3789 999.2093 999.0033 998.813 998.632 998.6306 998.6805 998.7372 998.817 999.0407 999.2619 999.46 999.5372 999.614 999.7155 999.8174 999.9194 1000.02 1000.121 1000.225 1000.326 1000.435 1000.545 1000.655 1000.765 1000.871 1000.98 1001.09 1001.2 1001.305 1001.415 1001.554 1001.598 1001.579 1001.561 1001.542 1001.524 1001.505 1001.487 1001.469 1001.45 1001.432
999.0985 999.093 999.1506 999.3922 999.5569 999.6022 999.4313 999.227 999.0367 998.935 998.8472 998.7689 998.7275 998.657 998.603 998.7334 998.9263 999.0354 999.0742 999.1276 999.2021 999.1769 999.1551 999.2184 999.3109 999.3433 999.3502 999.3882 999.4498 999.5038 999.47 999.3022 999.1029 998.9021 998.7424 998.8027 998.9174 999.046 999.187 999.3951 999.5057 999.63 999.7155 999.8174 999.9189 1000.02 1000.121 1000.221 1000.325 1000.431 1000.531 1000.64 1000.75 1000.86 1000.97 1001.075 1001.185 1001.295 1001.405 1001.515 1001.621 1001.602 1001.584 1001.565 1001.547 1001.528 1001.51 1001.492 1001.473 1001.455 1001.436 1001.418
999.2959 999.2347 999.2318 999.3715 999.5165 999.515 999.3949 999.2728 999.2005 999.3979 999.3788 999.2664 999.1979 999.0711 998.8875 998.9438 999.0643 999.1412 999.1929 999.1877 999.1585 999.1378 999.1458 999.2634 999.3353 999.3547 999.4025 999.5034 999.5728 999.6287 999.6442 999.5549 999.3855 999.1895 999.1367 999.2223 999.3176 999.4296 999.5519 999.7154 999.7745 999.8267 999.9196 1000.02 1000.121 1000.221 1000.325 1000.426 1000.531 1000.631 1000.731 1000.84 1000.95 1001.06 1001.17 1001.28 1001.39 1001.5 1001.61 1001.625 1001.607 1001.588 1001.57 1001.551 1001.533 1001.515 1001.496 1001.478 1001.459 1001.441 1001.422 1001.404
999.4577 999.3712 999.3738 999.4012 999.5406 999.5417 999.5986 999.5775 999.6447 999.8257 999.7227 999.5917 999.4836 999.5212 999.4309 999.3433 999.3599 999.4398 999.4214 999.3025 999.1332 999.101 999.1696 999.2965 999.359 999.431 999.522 999.6229 999.7036 999.7554 999.7666 999.769 999.6653 999.5281 999.5708 999.6435 999.6969 999.7344 999.8172 999.8992 999.9688 1000.032 1000.122 1000.221 1000.325 1000.426 1000.531 1000.631 1000.731 1000.831 1000.935 1001.045 1001.155 1001.265 1001.375 1001.485 1001.595 1001.659 1001.63 1001.611 1001.593 1001.574 1001.556 1001.538 1001.519 1001.501 1001.482 1001.464 1001.445 1001.427 1001.408 1001.39
999.5565 999.5057 999.5158 999.5388 999.6058 999.6154 999.7645 999.8325 999.9817 999.9821 999.7875 999.6528 999.5746 999.6418 999.6917 999.6356 999.6638 999.6221 999.548 999.4173 999.2178 999.1838 999.3029 999.4032 999.4646 999.5405 999.6418 999.743 999.834 999.8787 999.8891 999.8952 999.8911 999.8524 999.9007 999.9254 999.9355 999.9456 1000.007 1000.086 1000.164 1000.239 1000.328 1000.426 1000.531 1000.631 1000.731 1000.831 1000.936 1001.036 1001.141 1001.25 1001.36 1001.47 1001.58 1001.68 1001.667 1001.634 1001.616 1001.597 1001.579 1001.561 1001.542 1001.524 1001.505 1001.487 1001.468 1001.45 1001.431 1001.413 1001.395 1001.376
999.6398 999.6829 999.7261 999.7643 999.8074 999.8289 999.9793 1000.089 999.9932 999.8973 999.7264 999.6661 999.6011 999.6505 999.7289 999.7529 999.7018 999.6715 999.6267 999.5159 999.4265 999.4546 999.5522 999.6107 999.6678 999.7264 999.8055 999.8825 999.9631 1000.004 1000.02 1000.04 1000.062 1000.084 1000.104 1000.11 1000.115 1000.128 1000.199 1000.283 1000.364 1000.448 1000.533 1000.631 1000.731 1000.835 1000.936 1001.036 1001.14 1001.241 1001.341 1001.45 1001.56 1001.67 1001.697 1001.672 1001.639 1001.62 1001.602 1001.584 1001.565 1001.547 1001.528 1001.51 1001.491 1001.473 1001.454 1001.436 1001.418 1001.399 1001.381 1001.362
999.7004 999.845 999.941 999.9809 1000.011 1000.04 1000.182 1000.215 999.9987 999.8019 999.7347 999.6782 999.6342 999.7247 999.8525 999.8478 999.718 999.6626 999.6609 999.6455 999.6812 999.7407 999.8027 999.8583 999.9148 999.9727 1000.026 1000.067 1000.107 1000.143 1000.17 1000.205 1000.235 1000.257 1000.285 1000.301 1000.309 1000.317 1000.389 1000.477 1000.559 1000.647 1000.734 1000.831 1000.931 1001.04 1001.141 1001.241 1001.341 1001.441 1001.545 1001.655 1001.712 1001.714 1001.678 1001.643 1001.625 1001.607 1001.588 1001.57 1001.551 1001.533 1001.514 1001.496 1001.477 1001.459 1001.44 1001.422 1001.404 1001.385 1001.367 1001.348
999.7791 999.906 1000.006 1000.038 1000.043 1000.068 1000.176 1000.248 1000.077 999.8451 999.7451 999.6772 999.7124 999.8862 1000.068 1000.148 999.8288 999.7084 999.7212 999.8489 999.9308 999.992 1000.053 1000.106 1000.155 1000.186 1000.222 1000.237 1000.247 1000.283 1000.314 1000.353 1000.388 1000.418 1000.45 1000.484 1000.506 1000.515 1000.58 1000.663 1000.747 1000.841 1000.932 1001.027 1001.13 1001.236 1001.336 1001.436 1001.541 1001.645 1001.696 1001.736 1001.72 1001.683 1001.648 1001.63 1001.611 1001.593 1001.574 1001.556 1001.537 1001.519 1001.5 1001.482 1001.464 1001.445 1001.427 1001.408 1001.39 1001.371 1001.353 1001.334
999.8688 999.908 999.9355 999.9746 999.9996 1000.055 1000.143 1000.216 1000.133 999.8966 999.728 999.6998 999.8426 1000.008 1000.228 1000.372 999.8807 999.7556 999.8555 1000.1 1000.195 1000.246 1000.264 1000.29 1000.331 1000.347 1000.357 1000.367 1000.377 1000.413 1000.444 1000.483 1000.523 1000.563 1000.598 1000.634 1000.668 1000.698 1000.767 1000.853 1000.943 1001.037 1001.133 1001.223 1001.326 1001.426 1001.526 1001.63 1001.694 1001.73 1001.753 1001.726 1001.689 1001.653 1001.634 1001.616 1001.597 1001.579 1001.56 1001.542 1001.523 1001.505 1001.487 1001.468 1001.45 1001.431 1001.413 1001.394 1001.376 1001.357 1001.339 1001.32
999.9021 999.8531 999.8715 999.9077 999.951 1000.014 1000.084 1000.144 1000.107 999.8954 999.6987 999.7314 999.9141 1000.105 1000.445 1000.424 999.982 1000.037 1000.217 1000.354 1000.372 1000.366 1000.364 1000.405 1000.456 1000.475 1000.487 1000.497 1000.507 1000.543 1000.574 1000.613 1000.653 1000.693 1000.733 1000.764 1000.803 1000.858 1000.951 1001.042 1001.136 1001.227 1001.326 1001.421 1001.517 1001.616 1001.692 1001.723 1001.768 1001.768 1001.731 1001.695 1001.658 1001.639 1001.62 1001.602 1001.583 1001.565 1001.546 1001.528 1001.51 1001.491 1001.473 1001.454 1001.436 1001.417 1001.399 1001.38 1001.362 1001.343 1001.325 1001.307
999.8814 999.821 999.8167 999.8505 999.9055 999.9659 1000.026 1000.098 1000.065 999.9034 999.7424 999.7267 999.9514 1000.195 1000.595 1000.463 1000.302 1000.376 1000.47 1000.435 1000.407 1000.401 1000.459 1000.519 1000.571 1000.603 1000.617 1000.627 1000.637 1000.673 1000.704 1000.743 1000.783 1000.823 1000.863 1000.894 1000.952 1001.037 1001.128 1001.221 1001.321 1001.412 1001.511 1001.607 1001.69 1001.721 1001.753 1001.792 1001.774 1001.737 1001.7 1001.663 1001.643 1001.625 1001.606 1001.588 1001.569 1001.551 1001.533 1001.514 1001.496 1001.477 1001.459 1001.44 1001.422 1001.403 1001.385 1001.366 1001.348 1001.33 1001.311 1001.293
999.8933 999.8325 999.7706 999.8015 999.8619 999.9225 999.9822 1000.047 1000.009 999.8885 999.7502 999.7676 1000.112 1000.381 1000.588 1000.38 1000.286 1000.475 1000.46 1000.44 1000.459 1000.515 1000.571 1000.629 1000.685 1000.731 1000.743 1000.752 1000.766 1000.803 1000.838 1000.874 1000.913 1000.953 1000.993 1001.043 1001.132 1001.222 1001.307 1001.402 1001.495 1001.591 1001.688 1001.719 1001.751 1001.786 1001.809 1001.779 1001.743 1001.706 1001.669 1001.648 1001.629 1001.611 1001.592 1001.574 1001.556 1001.537 1001.519 1001.5 1001.482 1001.463 1001.445 1001.426 1001.408 1001.389 1001.371 1001.353 1001.334 1001.316 1001.297 1001.279
999.989 999.9185 999.7915 999.7748 999.8185 999.8789 999.9442 999.9731 999.915 999.8049 999.7033 999.8995 1000.247 1000.405 1000.305 1000.053 1000.233 1000.446 1000.48 1000.511 1000.569 1000.629 1000.681 1000.739 1000.799 1000.851 1000.865 1000.877 1000.896 1000.933 1000.973 1001.004 1001.043 1001.083 1001.138 1001.222 1001.312 1001.402 1001.492 1001.582 1001.676 1001.718 1001.749 1001.78 1001.824 1001.822 1001.785 1001.748 1001.711 1001.674 1001.652 1001.634 1001.615 1001.597 1001.579 1001.56 1001.542 1001.523 1001.505 1001.486 1001.468 1001.449 1001.431 1001.412 1001.394 1001.376 1001.357 1001.339 1001.32 1001.302 1001.283 1001.265
1000.143 1000.033 999.8755 999.7969 999.7918 999.8355 999.8868 999.8812 999.8213 999.7256 999.7163 999.9042 1000.07 1000.097 1000.065 1000.21 1000.359 1000.514 1000.569 1000.621 1000.679 1000.739 1000.795 1000.851 1000.909 1000.965 1000.994 1001.007 1001.026 1001.063 1001.103 1001.134 1001.173 1001.228 1001.312 1001.402 1001.492 1001.582 1001.672 1001.72 1001.747 1001.778 1001.81 1001.847 1001.827 1001.791 1001.754 1001.717 1001.68 1001.657 1001.638 1001.62 1001.602 1001.583 1001.565 1001.546 1001.528 1001.509 1001.491 1001.472 1001.454 1001.435 1001.417 1001.399 1001.38 1001.362 1001.343 1001.325 1001.306 1001.288 1001.269 1001.251
1000.285 1000.12 999.9658 999.8818 999.8135 999.804 999.8005 999.7896 999.7309 999.7108 999.7762 999.8349 999.9053 1000.066 1000.297 1000.463 1000.561 1000.619 1000.679 1000.735 1000.789 1000.849 1000.909 1000.961 1001.019 1001.079 1001.121 1001.137 1001.156 1001.193 1001.233 1001.264 1001.322 1001.407 1001.493 1001.582 1001.672 1001.736 1001.741 1001.776 1001.808 1001.841 1001.865 1001.833 1001.796 1001.759 1001.722 1001.686 1001.661 1001.643 1001.625 1001.606 1001.588 1001.569 1001.551 1001.532 1001.514 1001.495 1001.477 1001.458 1001.44 1001.422 1001.403 1001.385 1001.366 1001.348 1001.329 1001.311 1001.292 1001.274 1001.255 1001.237
1000.244 1000.084 1000.009 999.9349 999.8525 999.7695 999.7526 999.751 999.771 999.826 999.8903 999.9408 1000.019 1000.274 1000.503 1000.616 1000.669 1000.729 1000.789 1000.849 1000.906 1000.961 1001.019 1001.075 1001.131 1001.189 1001.245 1001.266 1001.285 1001.323 1001.363 1001.42 1001.502 1001.592 1001.677 1001.735 1001.777 1001.775 1001.806 1001.837 1001.879 1001.875 1001.838 1001.802 1001.765 1001.728 1001.691 1001.666 1001.648 1001.629 1001.611 1001.592 1001.574 1001.555 1001.537 1001.518 1001.5 1001.482 1001.463 1001.445 1001.426 1001.408 1001.389 1001.371 1001.352 1001.334 1001.315 1001.297 1001.279 1001.26 1001.242 1001.223
999.9885 999.998 999.9917 999.9262 999.8437 999.7533 999.7396 999.8245 999.9848 1000.049 1000.102 1000.142 1000.25 1000.52 1000.653 1000.721 1000.779 1000.839 1000.896 1000.954 1001.014 1001.069 1001.129 1001.189 1001.241 1001.299 1001.359 1001.389 1001.414 1001.453 1001.508 1001.593 1001.682 1001.735 1001.793 1001.757 1001.804 1001.835 1001.867 1001.903 1001.881 1001.844 1001.807 1001.77 1001.734 1001.697 1001.671 1001.652 1001.634 1001.615 1001.597 1001.578 1001.56 1001.541 1001.523 1001.505 1001.486 1001.468 1001.449 1001.431 1001.412 1001.394 1001.375 1001.357 1001.338 1001.32 1001.302 1001.283 1001.265 1001.246 1001.228 1001.209
999.8943 999.928 999.9333 999.8769 999.8141 999.7437 999.8817 1000.025 1000.165 1000.258 1000.337 1000.377 1000.527 1000.69 1000.771 1000.829 1000.886 1000.944 1000.999 1001.059 1001.119 1001.179 1001.239 1001.299 1001.351 1001.409 1001.469 1001.511 1001.544 1001.604 1001.682 1001.742 1001.794 1001.835 1001.762 1001.833 1001.865 1001.897 1001.92 1001.886 1001.85 1001.813 1001.776 1001.739 1001.702 1001.675 1001.657 1001.638 1001.62 1001.601 1001.583 1001.564 1001.546 1001.528 1001.509 1001.491 1001.472 1001.454 1001.435 1001.417 1001.398 1001.38 1001.361 1001.343 1001.325 1001.306 1001.288 1001.269 1001.251 1001.232 1001.214 1001.195
999.8323 999.8856 999.9091 999.9002 999.8482 999.8612 1000.052 1000.162 1000.272 1000.387 1000.492 1000.568 1000.7 1000.794 1000.877 1000.936 1000.989 1001.049 1001.109 1001.169 1001.229 1001.286 1001.344 1001.404 1001.459 1001.519 1001.579 1001.635 1001.688 1001.743 1001.795 1001.852 1001.815 1001.818 1001.863 1001.894 1001.935 1001.929 1001.892 1001.855 1001.818 1001.782 1001.745 1001.708 1001.68 1001.661 1001.643 1001.624 1001.606 1001.587 1001.569 1001.551 1001.532 1001.514 1001.495 1001.477 1001.458 1001.44 1001.421 1001.403 1001.384 1001.366 1001.348 1001.329 1001.311 1001.292 1001.274 1001.255 1001.237 1001.218 1001.2 -9999
999.8479 999.8951 999.9171 999.939 999.9457 1000.028 1000.131 1000.245 1000.357 1000.467 1000.581 1000.701 1000.802 1000.9 1000.981 1001.039 1001.099 1001.159 1001.219 1001.276 1001.334 1001.389 1001.449 1001.509 1001.569 1001.629 1001.689 1001.742 1001.801 1001.854 1001.893 1001.795 1001.861 1001.892 1001.924 1001.959 1001.934 1001.898 1001.861 1001.824 1001.787 1001.75 1001.714 1001.684 1001.666 1001.647 1001.629 1001.61 1001.592 1001.574 1001.555 1001.537 1001.518 1001.5 1001.481 1001.463 1001.444 1001.426 1001.407 1001.389 1001.371 1001.352 1001.334 1001.315 1001.297 1001.278 1001.26 1001.241 1001.223 1001.204 -9999 -9999
999.8842 999.9056 999.9282 999.9658 1000.032 1000.101 1000.207 1000.325 1000.441 1000.552 1000.671 1000.791 1000.906 1001.004 1001.087 1001.149 1001.206 1001.264 1001.324 1001.379 1001.439 1001.499 1001.559 1001.619 1001.679 1001.742 1001.8 1001.855 1001.911 1001.873 1001.783 1001.89 1001.922 1001.953 1001.976 1001.94 1001.903 1001.866 1001.83 1001.793 1001.756 1001.719 1001.689 1001.67 1001.652 1001.633 1001.615 1001.596 1001.578 1001.56 1001.541 1001.523 1001.504 1001.486 1001.467 1001.449 1001.43 1001.412 1001.394 1001.375 1001.357 1001.338 1001.32 1001.301 1001.283 1001.264 1001.246 1001.227 1001.209 -9999 -9999 -9999
999.8974 999.9193 999.9541 1000.02 1000.099 1000.173 1000.28 1000.4 1000.516 1000.638 1000.761 1000.884 1001.006 1001.109 1001.195 1001.256 1001.309 1001.369 1001.429 1001.489 1001.549 1001.609 1001.669 1001.733 1001.797 1001.859 1001.913 1001.951 1001.853 1001.839 1001.92 1001.951 1001.991 1001.982 1001.946 1001.909 1001.872 1001.835 1001.798 1001.761 1001.725 1001.693 1001.675 1001.656 1001.638 1001.62 1001.601 1001.583 1001.564 1001.546 1001.527 1001.509 1001.49 1001.472 1001.453 1001.435 1001.417 1001.398 1001.38 1001.361 1001.343 1001.324 1001.306 1001.287 1001.269 1001.25 1001.232 1001.214 -9999 -9999 -9999 -9999
999.9339 999.9589 1000.026 1000.11 1000.197 1000.256 1000.345 1000.465 1000.584 1000.723 1000.849 1000.979 1001.101 1001.211 1001.301 1001.359 1001.419 1001.479 1001.539 1001.596 1001.658 1001.723 1001.789 1001.857 1001.915 1001.97 1001.931 1001.833 1001.894 1001.949 1001.981 1002.014 1001.988 1001.951 1001.914 1001.878 1001.841 1001.804 1001.767 1001.73 1001.698 1001.679 1001.661 1001.643 1001.624 1001.606 1001.587 1001.569 1001.55 1001.532 1001.513 1001.495 1001.476 1001.458 1001.44 1001.421 1001.403 1001.384 1001.366 1001.347 1001.329 1001.31 1001.292 1001.273 1001.255 1001.237 1001.218 -9999 -9999 -9999 -9999 -9999
1000.036 1000.063 1000.142 1000.234 1000.306 1000.352 1000.415 1000.529 1000.662 1000.799 1000.932 1001.064 1001.189 1001.314 1001.405 1001.469 1001.526 1001.584 1001.644 1001.707 1001.779 1001.849 1001.916 1001.972 1002.008 1001.911 1001.813 1001.947 1001.979 1002.01 1002.03 1001.994 1001.957 1001.92 1001.883 1001.846 1001.809 1001.773 1001.736 1001.702 1001.684 1001.666 1001.647 1001.629 1001.61 1001.592 1001.573 1001.555 1001.536 1001.518 1001.499 1001.481 1001.463 1001.444 1001.426 1001.407 1001.389 1001.37 1001.352 1001.333 1001.315 1001.297 1001.278 1001.26 1001.241 1001.223 -9999 -9999 -9999 -9999 -9999 -9999
1000.179 1000.205 1000.27 1000.353 1000.402 1000.449 1000.509 1000.622 1000.751 1000.875 1001.009 1001.143 1001.278 1001.409 1001.512 1001.576 1001.629 1001.693 1001.762 1001.839 1001.909 1001.974 1002.029 1001.988 1001.891 1001.859 1001.977 1002.008 1002.047 1002.036 1001.999 1001.962 1001.925 1001.889 1001.852 1001.815 1001.778 1001.741 1001.707 1001.689 1001.67 1001.652 1001.633 1001.615 1001.596 1001.578 1001.559 1001.541 1001.522 1001.504 1001.486 1001.467 1001.449 1001.43 1001.412 1001.393 1001.375 1001.356 1001.338 1001.32 1001.301 1001.283 1001.264 1001.246 -9999 -9999 -9999 -9999 -9999 -9999 -9999 -9999
