samples/sfe_24/sfe_24_v1/sfe_24_v1/sfe_24_v1.asc
ncols         275
nrows         75
xllcorner     98.60000000149
yllcorner     70.60000000149
cellsize      0.7
NODATA_value  -9999
[rows 0 to 27 of 75, columns 64 to 127 of 275]
605.8124 605.8112 605.8096 605.8094 605.8079 605.8066 605.8057 605.8049 605.8039 605.8026 605.8019 605.8009 605.7994 605.7982 605.7972 605.7963 605.7953 605.7943 605.7934 605.7924 605.7908 605.7896 605.7886 605.7878 605.7867 605.7858 605.7849 605.7834 605.7822 605.781 605.78 605.779 605.778 605.7772 605.7762 605.775 605.7734 605.7722 605.7712 605.7704 605.7693 605.7684 605.7674 605.7661 605.7646 605.7634 605.7628 605.7615 605.7606 605.7596 605.7585 605.7573 605.7558 605.7552 605.7537 605.7527 605.7518 605.7507 605.7498 605.7485 605.7477 605.7465 605.745 605.7437
605.7632 605.7618 605.7604 605.7609 605.7593 605.7582 605.7573 605.7571 605.756 605.7546 605.7539 605.7536 605.7521 605.751 605.7501 605.7497 605.7487 605.7477 605.7466 605.7463 605.7449 605.7437 605.7427 605.7424 605.7413 605.7404 605.7394 605.7378 605.7374 605.7361 605.7352 605.7342 605.7333 605.733 605.7319 605.7307 605.7292 605.728 605.7271 605.7267 605.7256 605.7247 605.7237 605.7224 605.7208 605.7198 605.7197 605.7184 605.7174 605.7164 605.7153 605.7142 605.7126 605.7119 605.7105 605.7101 605.7092 605.7081 605.7071 605.7059 605.7051 605.7039 605.7023 605.701
605.7141 605.7125 605.7113 605.7123 605.7108 605.7097 605.7089 605.7092 605.7082 605.7066 605.7057 605.7064 605.7048 605.7039 605.703 605.7031 605.7021 605.7012 605.6997 605.7003 605.6989 605.6978 605.6969 605.697 605.6959 605.6949 605.6939 605.6923 605.6926 605.6913 605.6904 605.6895 605.6885 605.6887 605.6877 605.6864 605.6849 605.6838 605.6829 605.683 605.6819 605.681 605.68 605.6786 605.6772 605.6765 605.6765 605.6752 605.6743 605.6733 605.6721 605.671 605.6694 605.6686 605.6674 605.6674 605.6665 605.6654 605.6644 605.6632 605.6624 605.6611 605.6597 605.6584
605.6649 605.6633 605.6622 605.6638 605.6622 605.6613 605.6604 605.6614 605.6603 605.6586 605.6581 605.6591 605.6576 605.6567 605.6561 605.6565 605.6555 605.6546 605.6532 605.6543 605.653 605.6519 605.651 605.6516 605.6505 605.6495 605.6484 605.647 605.6478 605.6465 605.6455 605.6447 605.6438 605.6445 605.6434 605.6422 605.6407 605.6396 605.6387 605.6393 605.6382 605.6373 605.6363 605.6349 605.6336 605.6333 605.6334 605.6321 605.6311 605.6301 605.6289 605.6279 605.6262 605.6252 605.6244 605.6247 605.6239 605.6227 605.6217 605.6206 605.6197 605.6185 605.6169 605.6157
605.6157 605.614 605.6131 605.6152 605.6136 605.6128 605.6116 605.6135 605.6125 605.6109 605.6108 605.6119 605.6104 605.6096 605.6094 605.6099 605.6089 605.6078 605.6072 605.6083 605.607 605.606 605.6048 605.6061 605.6051 605.6041 605.6028 605.6018 605.6029 605.6017 605.6007 605.5999 605.5988 605.6002 605.5992 605.5979 605.5964 605.5953 605.5945 605.5956 605.5945 605.5936 605.5926 605.5911 605.59 605.5901 605.5901 605.5889 605.5879 605.5869 605.5857 605.5847 605.5829 605.5821 605.5818 605.582 605.5812 605.58 605.579 605.5779 605.577 605.5758 605.5743 605.573
605.5664 605.5647 605.564 605.5666 605.5651 605.5643 605.563 605.5657 605.5646 605.5632 605.5637 605.5646 605.5631 605.5624 605.5628 605.5632 605.5623 605.561 605.5612 605.5623 605.561 605.5601 605.5586 605.5607 605.5598 605.5587 605.5573 605.5569 605.5581 605.5568 605.5558 605.5551 605.5537 605.5559 605.5549 605.5536 605.5521 605.5511 605.5504 605.5519 605.5508 605.5499 605.5489 605.5474 605.5463 605.547 605.547 605.5457 605.5447 605.5438 605.5425 605.5415 605.5397 605.539 605.5391 605.5394 605.5386 605.5374 605.5364 605.5353 605.5344 605.5331 605.5316 605.5303
605.5172 605.5156 605.5153 605.5181 605.5166 605.5159 605.5152 605.5178 605.5167 605.5154 605.5165 605.5174 605.5159 605.5152 605.5162 605.5166 605.5156 605.5142 605.5153 605.5163 605.5151 605.5142 605.5131 605.5153 605.5143 605.5133 605.5119 605.5121 605.5133 605.5121 605.511 605.5103 605.5092 605.5117 605.5106 605.5094 605.5079 605.507 605.5062 605.5082 605.5071 605.5062 605.5052 605.5036 605.5027 605.5038 605.5038 605.5026 605.5016 605.5006 605.4993 605.4983 605.4966 605.4958 605.4965 605.4967 605.4959 605.4946 605.4937 605.4926 605.4916 605.4904 605.489 605.4877
605.468 605.4664 605.4667 605.4695 605.4681 605.4674 605.4673 605.47 605.4689 605.4677 605.4692 605.4701 605.4687 605.4677 605.4696 605.47 605.4689 605.4677 605.4693 605.4703 605.4691 605.4682 605.4678 605.4699 605.4689 605.4679 605.4666 605.4673 605.4685 605.4673 605.4662 605.4655 605.465 605.4674 605.4664 605.4651 605.4636 605.4627 605.4617 605.4645 605.4634 605.4625 605.4615 605.4599 605.4591 605.4606 605.4607 605.4594 605.4584 605.4575 605.4561 605.4551 605.4534 605.4528 605.4539 605.454 605.4532 605.452 605.451 605.45 605.449 605.4478 605.4463 605.445
605.4187 605.4172 605.4181 605.4209 605.4196 605.4187 605.4195 605.4221 605.421 605.4199 605.4221 605.4229 605.4215 605.4203 605.423 605.4234 605.4222 605.4211 605.4233 605.4243 605.4232 605.4221 605.4224 605.4245 605.4235 605.4225 605.4213 605.4225 605.4237 605.4225 605.4214 605.4206 605.4207 605.4232 605.4221 605.4208 605.4194 605.4185 605.4173 605.4207 605.4197 605.4187 605.4177 605.4161 605.4152 605.4175 605.4175 605.4163 605.4152 605.4142 605.4129 605.4119 605.4102 605.4096 605.4112 605.4114 605.4106 605.4093 605.4083 605.4073 605.4063 605.405 605.4036 605.4024
605.3694 605.3681 605.3696 605.3724 605.3711 605.37 605.3716 605.3743 605.373 605.3721 605.3749 605.3756 605.3743 605.3732 605.3763 605.3768 605.3755 605.3746 605.3774 605.3782 605.3772 605.376 605.3771 605.3791 605.3781 605.3771 605.3759 605.3776 605.379 605.3777 605.3766 605.3756 605.3765 605.3789 605.3779 605.3766 605.3751 605.3743 605.3736 605.377 605.376 605.375 605.374 605.3724 605.3713 605.3743 605.3743 605.373 605.3721 605.3711 605.3697 605.3687 605.3671 605.3664 605.3686 605.3688 605.3679 605.3666 605.3656 605.3646 605.3636 605.3624 605.361 605.3597
605.3202 605.319 605.321 605.3238 605.3226 605.3215 605.3238 605.3264 605.3252 605.3242 605.3276 605.3284 605.3271 605.3261 605.3297 605.3301 605.3289 605.328 605.3314 605.3323 605.3312 605.33 605.3317 605.3337 605.3327 605.3317 605.3306 605.3328 605.3342 605.3329 605.3317 605.3306 605.3322 605.3346 605.3336 605.3323 605.3309 605.33 605.3299 605.3333 605.3323 605.3313 605.3303 605.3288 605.3277 605.3312 605.3312 605.3299 605.3289 605.3279 605.3265 605.3255 605.3239 605.3229 605.3259 605.3261 605.3252 605.3239 605.3229 605.3219 605.3209 605.3197 605.3184 605.3171
605.2709 605.2698 605.2724 605.2752 605.274 605.2731 605.2759 605.2786 605.2773 605.2764 605.2805 605.2811 605.2799 605.2791 605.2831 605.2835 605.2822 605.2811 605.2855 605.2863 605.2853 605.2841 605.2863 605.2883 605.2873 605.2863 605.285 605.288 605.2894 605.2881 605.2869 605.2859 605.288 605.2903 605.2894 605.2881 605.2866 605.2856 605.2862 605.2896 605.2886 605.2876 605.2866 605.2852 605.2844 605.288 605.288 605.2867 605.2858 605.2848 605.2833 605.2823 605.2808 605.2797 605.2833 605.2835 605.2825 605.2813 605.2803 605.2792 605.2783 605.277 605.2758 605.2745
605.2217 605.2204 605.2239 605.2267 605.2255 605.2247 605.2281 605.2307 605.2294 605.2292 605.2333 605.2339 605.2327 605.2325 605.2365 605.2369 605.2356 605.2352 605.2395 605.2402 605.2393 605.2382 605.241 605.2429 605.2419 605.2408 605.2396 605.2432 605.2446 605.2433 605.2421 605.2411 605.2437 605.2461 605.2451 605.2438 605.2423 605.2411 605.2425 605.2459 605.2449 605.2439 605.2429 605.2415 605.2412 605.2448 605.2448 605.2436 605.2426 605.2416 605.2401 605.2391 605.2375 605.2367 605.2407 605.2408 605.2398 605.2385 605.2375 605.2365 605.2355 605.2343 605.2331 605.2318
605.1724 605.1712 605.1753 605.1781 605.177 605.1761 605.1802 605.1829 605.1815 605.1819 605.186 605.1866 605.1855 605.1859 605.1899 605.1903 605.1889 605.1892 605.1935 605.1942 605.1934 605.1922 605.1956 605.1974 605.1965 605.1954 605.1945 605.1983 605.1998 605.1986 605.1973 605.1964 605.1994 605.2018 605.2008 605.1996 605.1981 605.197 605.1988 605.2022 605.2012 605.2002 605.1992 605.1978 605.198 605.2017 605.2017 605.2004 605.1994 605.1984 605.1968 605.1959 605.1944 605.194 605.1981 605.1982 605.1971 605.1959 605.1949 605.1938 605.1929 605.1917 605.1904 605.1892
605.1232 605.1221 605.1267 605.1295 605.1285 605.1282 605.1324 605.135 605.1337 605.1348 605.1389 605.1393 605.1383 605.1392 605.1432 605.1437 605.1423 605.1432 605.1476 605.1482 605.1474 605.1464 605.1503 605.152 605.1511 605.15 605.1497 605.1535 605.155 605.1538 605.1524 605.1514 605.1552 605.1576 605.1566 605.1553 605.1538 605.1528 605.1551 605.1585 605.1575 605.1565 605.1555 605.1542 605.1548 605.1585 605.1585 605.1572 605.1563 605.1553 605.1536 605.1526 605.1512 605.1514 605.1554 605.1556 605.1545 605.1532 605.1522 605.1512 605.1502 605.149 605.1478 605.1465
605.074 605.0734 605.0782 605.081 605.08 605.0804 605.0845 605.0872 605.0859 605.0876 605.0917 605.0921 605.0911 605.0926 605.0966 605.097 605.0958 605.0973 605.1016 605.1022 605.1014 605.101 605.1049 605.1066 605.1057 605.1046 605.1049 605.1086 605.1102 605.109 605.1076 605.1071 605.1109 605.1133 605.1123 605.111 605.1096 605.1086 605.1114 605.1148 605.1138 605.1128 605.1118 605.1105 605.1117 605.1153 605.1154 605.1141 605.1131 605.1121 605.1104 605.1094 605.1081 605.1088 605.1127 605.1129 605.1118 605.1105 605.1095 605.1085 605.1075 605.1063 605.1052 605.1039
605.0247 605.0248 605.0296 605.0325 605.0315 605.0325 605.0367 605.0392 605.0381 605.0403 605.0444 605.0449 605.0438 605.046 605.05 605.0505 605.0492 605.0513 605.0557 605.0562 605.0555 605.0557 605.0595 605.0612 605.0602 605.0592 605.06 605.0638 605.0655 605.0643 605.0627 605.0629 605.0667 605.069 605.0681 605.0668 605.0653 605.0645 605.0676 605.0711 605.0701 605.0691 605.0681 605.0667 605.0685 605.0721 605.0721 605.0709 605.0699 605.0689 605.0672 605.0662 605.0649 605.0662 605.0701 605.0703 605.0691 605.0678 605.0668 605.0658 605.0648 605.0636 605.0625 605.0613
604.9755 604.9763 604.981 604.9839 604.983 604.9847 604.9888 604.9914 604.9902 604.9932 604.9973 604.9977 604.9965 604.9994 605.0034 605.0038 605.0026 605.0054 605.0097 605.0103 605.0095 605.0103 605.0142 605.0158 605.0148 605.0138 605.0152 605.019 605.0207 605.0195 605.0179 605.0186 605.0224 605.0248 605.0238 605.0225 605.021 605.0203 605.0239 605.0274 605.0264 605.0254 605.0244 605.0229 605.0253 605.029 605.029 605.0278 605.0267 605.0258 605.024 605.023 605.0217 605.0235 605.0275 605.0276 605.0264 605.0251 605.0242 605.0231 605.0222 605.0209 605.0199 605.0186
604.9262 604.9277 604.9325 604.9354 604.9344 604.9368 604.941 604.9435 604.9424 604.946 604.95 604.9504 604.9493 604.9528 604.9568 604.9572 604.956 604.9594 604.9637 604.9643 604.9634 604.9649 604.9688 604.9704 604.9694 604.9683 604.9704 604.9742 604.9759 604.9747 604.9731 604.9744 604.9781 604.9805 604.9796 604.9783 604.9767 604.9766 604.9802 604.9836 604.9827 604.9816 604.9807 604.9793 604.9822 604.9858 604.9858 604.9846 604.9836 604.9825 604.9808 604.9798 604.9786 604.9808 604.9849 604.985 604.9838 604.9825 604.9815 604.9805 604.9795 604.9783 604.9772 604.976
604.877 604.8792 604.8839 604.8869 604.8859 604.889 604.8931 604.8956 604.8947 604.8987 604.9028 604.9033 604.9021 604.9061 604.9102 604.9106 604.9094 604.9135 604.9178 604.9183 604.9175 604.9196 604.9234 604.925 604.924 604.9229 604.9255 604.9294 604.9312 604.9299 604.9283 604.9301 604.9338 604.9363 604.9353 604.934 604.9325 604.9329 604.9365 604.9399 604.939 604.9379 604.937 604.9355 604.939 604.9427 604.9426 604.9414 604.9404 604.9393 604.9377 604.9366 604.9353 604.9382 604.9422 604.9423 604.941 604.9398 604.9388 604.9377 604.9368 604.9356 604.9346 604.9333
604.8317 604.8306 604.8353 604.8384 604.8374 604.8411 604.8453 604.8477 604.8475 604.8516 604.8557 604.8561 604.8555 604.8595 604.8635 604.864 604.8632 604.8675 604.8718 604.8724 604.8715 604.8742 604.8781 604.8796 604.8786 604.8775 604.8807 604.8845 604.8864 604.8851 604.8834 604.8859 604.8896 604.892 604.8911 604.8898 604.8882 604.8892 604.8928 604.8962 604.8953 604.8942 604.8932 604.8922 604.8959 604.8995 604.8994 604.8983 604.8972 604.8961 604.8945 604.8934 604.8921 604.8956 604.8995 604.8997 604.8984 604.8971 604.8961 604.8951 604.8941 604.893 604.892 604.8907
604.4775 604.5157 604.5146 604.5274 604.6046 604.626 604.625 604.652 604.7307 604.7353 604.7343 604.7634 604.818 604.8167 604.8169 604.8174 604.8172 604.8215 604.8259 604.8264 604.8254 604.8288 604.8327 604.8342 604.8332 604.8321 604.8359 604.8397 604.8416 604.8403 604.8386 604.8416 604.8453 604.8478 604.8468 604.8455 604.844 604.8454 604.8491 604.8525 604.8516 604.8505 604.8495 604.8491 604.8527 604.8563 604.8561 604.8551 604.8541 604.8529 604.8513 604.8502 604.8489 604.853 604.8569 604.8571 604.8557 604.8544 604.8535 604.8524 604.8514 604.8503 604.8493 604.8481
604.0903 604.1157 604.1146 604.1378 604.215 604.2259 604.2249 604.252 604.3196 604.3352 604.3344 604.3764 604.4465 604.4574 604.4556 604.5045 604.5642 604.5709 604.5699 604.5931 604.6537 604.6738 604.6722 604.6751 604.7048 604.7643 604.776 604.775 604.774 604.7944 604.797 604.7973 604.8011 604.8035 604.8025 604.8012 604.7997 604.8017 604.8054 604.8088 604.8079 604.8068 604.8058 604.8059 604.8095 604.8132 604.8129 604.812 604.8109 604.8097 604.8082 604.8069 604.8063 604.8103 604.8143 604.8145 604.813 604.8117 604.8107 604.8097 604.8087 604.8077 604.8067 604.8054
603.7032 603.7156 603.7146 603.7481 603.8253 603.8259 603.8248 603.8519 603.9059 603.9352 603.9344 603.9894 604.0464 604.0702 604.0686 604.1274 604.1771 604.1959 604.1948 604.2219 604.2826 604.2986 604.2972 604.3114 604.3411 604.4006 604.4124 604.4114 604.4102 604.4414 604.4991 604.5104 604.5176 604.5167 604.5196 604.529 604.5845 604.6176 604.6174 604.6204 604.6201 604.6228 604.6644 604.7125 604.7115 604.7106 604.7113 604.7103 604.7093 604.708 604.7083 604.7402 604.772 604.7712 604.7717 604.7718 604.7703 604.769 604.7681 604.767 604.7661 604.7651 604.764 604.7628
603.316 603.3156 603.3145 603.3585 603.4269 603.4258 603.4247 603.4519 603.4922 603.5352 603.5342 603.6024 603.6463 603.6829 603.6887 603.7503 603.7901 603.8208 603.8198 603.8508 603.9115 603.9235 603.9222 603.9478 603.9775 604.0263 604.0486 604.0477 604.0472 604.0884 604.1461 604.1468 604.1647 604.1639 604.1766 604.1893 604.2448 604.2748 604.2841 604.287 604.2957 604.2985 604.3415 604.3882 604.3873 604.3863 604.3955 604.3945 604.3935 604.3919 604.4007 604.4326 604.4789 604.4852 604.4843 604.4828 604.4886 604.4875 604.4865 604.4854 604.4844 604.4834 604.4824 604.4811
602.9171 602.9155 602.9145 602.9689 603.0268 603.0258 603.0245 603.0519 603.0851 603.1351 603.1386 603.2151 603.2468 603.2957 603.3116 603.3734 603.4027 603.4457 603.4448 603.4797 603.5403 603.5483 603.5473 603.584 603.6138 603.6559 603.685 603.684 603.6943 603.7354 603.7842 603.7831 603.8117 603.8109 603.8336 603.8495 603.905 603.932 603.9507 603.9538 603.9713 603.9741 604.0185 604.064 604.063 604.0619 604.0797 604.0787 604.0776 604.0761 604.093 604.1248 604.1632 604.1775 604.1765 604.1749 604.1886 604.1875 604.1865 604.1854 604.1843 604.1833 604.1823 604.1811
602.5167 602.5154 602.5143 602.5792 602.6268 602.6257 602.6243 602.6518 602.6851 602.735 602.7516 602.8279 602.8596 602.9084 602.9345 602.9965 603.0156 603.0707 603.0697 603.1085 603.1692 603.1732 603.1828 603.2204 603.2501 603.2921 603.3213 603.3202 603.3412 603.3824 603.4206 603.4302 603.4587 603.4577 603.4905 603.5098 603.5652 603.5892 603.6173 603.6205 603.647 603.6497 603.6956 603.7397 603.7386 603.7372 603.7638 603.7628 603.7618 603.7608 603.7854 603.8171 603.8475 603.8698 603.8688 603.8673 603.8886 603.8876 603.8866 603.8853 603.8843 603.8834 603.8823 603.8811
602.1163 602.1154 602.1142 602.1896 602.2267 602.2256 602.2242 602.2518 602.285 602.335 602.3646 602.4406 602.4725 602.5211 602.5574 602.6196 602.6387 602.6957 602.6946 602.7374 602.798 602.798 602.8192 602.8567 602.8864 602.9283 602.9576 602.9563 602.9883 603.0295 603.0571 603.0774 603.1057 603.1047 603.1475 603.1701 603.2255 603.2463 603.2839 603.2872 603.3226 603.3254 603.3726 603.4154 603.4143 603.4128 603.448 603.447 603.4459 603.4531 603.4778 603.5093 603.5314 603.5621 603.5611 603.5598 603.5886 603.5876 603.5865 603.5853 603.5843 603.5833 603.5823 603.5811
