samples/sfe_24/sfe_24_v1/sfe_24_v1/sfe_24_v1.asc
ncols         275
nrows         75
xllcorner     98.60000000149
yllcorner     70.60000000149
cellsize      0.7
NODATA_value  -9999
[rows 28 to 55 of 75, columns 128 to 191 of 275]
603.2797 603.2787 603.2775 603.2762 603.2753 603.274 603.2726 603.2717 603.2707 603.2697 603.2685 603.2672 603.2662 603.2328 603.226 603.2248 603.2238 603.2228 603.2216 603.2201 603.219 603.2178 603.2167 603.2158 603.2036 603.1735 603.1724 603.1524 603.128 603.1268 603.1255 603.1025 603.0754 603.0739 603.0727 603.0717 603.0294 603.0251 603.0242 603.0231 603.0101 602.9557 602.9265 602.9255 602.9246 602.9235 602.9223 602.9041 602.8765 602.8752 602.8743 602.8732 602.8723 602.8554 602.8287 602.8275 602.8264 602.8252 602.7791 602.7353 602.7343 602.733 602.7061 602.6686
602.9797 602.9787 602.9775 602.9762 602.9752 602.9739 602.9727 602.9717 602.9707 602.9697 602.9684 602.9672 602.9662 602.9329 602.9184 602.9171 602.9161 602.9151 602.9138 602.9124 602.9114 602.9102 602.9091 602.9081 602.8959 602.858 602.8566 602.8366 602.8039 602.8026 602.8013 602.7868 602.7596 602.7581 602.757 602.7559 602.7137 602.7009 602.6999 602.6989 602.6915 602.6372 602.6022 602.6013 602.6003 602.5992 602.5981 602.5884 602.5608 602.5595 602.5585 602.5575 602.5565 602.5477 602.5212 602.52 602.5188 602.5176 602.4755 602.4276 602.4266 602.4254 602.3984 602.361
602.6798 602.6788 602.6774 602.6761 602.6752 602.6739 602.6728 602.6718 602.6708 602.6698 602.6684 602.6672 602.6661 602.6329 602.6108 602.6095 602.6085 602.6075 602.6061 602.6046 602.6038 602.6025 602.6015 602.6005 602.5883 602.5421 602.5408 602.5208 602.4796 602.4783 602.4772 602.4711 602.4438 602.4423 602.4412 602.4402 602.3979 602.3766 602.3756 602.3746 602.3729 602.3187 602.278 602.277 602.276 602.275 602.2739 602.2726 602.2451 602.2438 602.2428 602.2418 602.2408 602.2394 602.2136 602.2124 602.2111 602.2101 602.1718 602.12 602.119 602.1177 602.0908 602.0478
602.3798 602.3788 602.3774 602.3761 602.3751 602.3738 602.3728 602.3718 602.3708 602.3698 602.3683 602.3671 602.3661 602.3329 602.3031 602.3018 602.3008 602.2998 602.2984 602.2969 602.2961 602.2949 602.2938 602.2928 602.2806 602.2282 602.2249 602.205 602.1555 602.154 602.153 602.1515 602.1279 602.1265 602.1255 602.1245 602.0822 602.0524 602.0513 602.0504 602.0488 602.0001 601.9537 601.9527 601.9517 601.9507 601.9497 601.9481 601.9293 601.928 601.9271 601.926 601.925 601.924 601.9061 601.9048 601.9035 601.9026 601.8681 601.8163 601.8114 601.8101 601.7831 601.7319
602.0799 602.0789 602.0773 602.0761 602.0751 602.0739 602.0729 602.0719 602.0709 602.0698 602.0684 602.0671 602.0661 602.033 601.9954 601.9942 601.9932 601.9921 601.9907 601.9892 601.9884 601.9872 601.9862 601.9852 601.973 601.9205 601.9091 601.8891 601.8359 601.8297 601.8287 601.827 601.8121 601.8107 601.8098 601.8087 601.7665 601.7281 601.7271 601.726 601.7243 601.6815 601.6295 601.6284 601.6274 601.6264 601.6254 601.6239 601.6136 601.6123 601.6115 601.6103 601.6093 601.6084 601.5985 601.5973 601.5959 601.5952 601.5645 601.5127 601.5037 601.5024 601.4755 601.423
601.78 601.7788 601.7773 601.7761 601.7751 601.7739 601.7729 601.772 601.7709 601.7698 601.7683 601.7671 601.7661 601.733 601.6877 601.6866 601.6855 601.6844 601.6829 601.6816 601.6807 601.6796 601.6785 601.6776 601.6653 601.6129 601.5933 601.5732 601.52 601.5054 601.5045 601.5031 601.4963 601.495 601.494 601.493 601.4507 601.4038 601.4028 601.4016 601.4 601.3629 601.3086 601.3041 601.3032 601.3021 601.3011 601.2999 601.2978 601.2966 601.2958 601.2946 601.2936 601.2926 601.291 601.2897 601.2882 601.2877 601.2645 601.263 601.1307 601.0283 601.0515 601.1458
601.48 601.4788 601.4773 601.476 601.475 601.4739 601.473 601.472 601.4709 601.4698 601.4683 601.467 601.466 601.4331 601.382 601.3789 601.3779 601.3766 601.3752 601.3739 601.3729 601.3719 601.3709 601.3699 601.3577 601.3052 601.289 601.269 601.2393 601.1038 601.0585 600.9562 601.1373 601.2523 601.2448 601.2073 601.247 601.054 600.9167 601.0025 601.126 601.099 600.9437 600.763 600.8105 600.9685 601.1188 601.0385 600.994 601.0657 601.0123 600.924 600.8455 600.8207 600.818 600.8398 600.7518 600.72 600.7296 600.7175 600.6015 600.5035 600.4653 600.6975
600.9918 601.0798 601.0855 601.0833 601.0807 601.2007 601.307 601.1943 601.044 601.076 601.0607 601.0598 601.059 601.0602 601.077 601.1163 601.1273 601.2162 601.159 600.989 600.9343 601.0163 601.0193 601.015 600.9343 600.9562 601.057 600.8948 600.758 600.8625 600.7778 600.657 600.7642 600.8137 600.8105 600.8068 600.7945 600.5912 600.608 600.779 600.898 600.718 600.4838 600.3675 600.5575 600.7585 600.7955 600.586 600.516 600.6302 600.4742 600.4413 600.5458 600.4315 600.442 600.529 600.3785 600.3033 600.3907 600.3995 600.3193 600.284 600.3205 600.438
600.863 601.04 601.0495 601.046 601.043 601.0488 600.9988 600.8345 600.7498 600.9053 600.9745 600.968 600.9448 600.9088 600.7968 600.644 600.655 600.789 600.802 600.6818 600.6845 600.7859 600.7938 600.8395 600.8603 600.8608 600.7932 600.5865 600.5338 600.6492 600.5705 600.3693 600.3472 600.3385 600.3365 600.345 600.2872 600.2438 600.3408 600.479 600.5452 600.3807 600.1755 600.1008 600.2686 600.4113 600.4175 600.2295 600.1765 600.308 600.2158 600.1542 600.2318 600.1315 600.1172 600.2155 600.0743 600.007 600.1465 600.1585 600.1645 600.1899 600.1755 600.176
600.618 600.8198 600.829 600.8243 600.8198 600.7808 600.5938 600.4587 600.5078 600.6932 600.6517 600.6205 600.7037 600.6178 600.4113 600.3798 600.504 600.5317 600.5062 600.5588 600.5387 600.461 600.4692 600.6055 600.6345 600.5685 600.371 600.3538 600.4487 600.4685 600.4158 600.3253 600.231 600.0983 600.101 600.165 600.0703 600.1025 600.2003 600.138 600.036 600.005 599.9682 600.0805 600.1 600.0205 599.9717 599.9265 599.9612 600.0903 599.9738 599.8333 599.8005 599.7795 599.9033 599.9855 599.83 599.7393 599.8212 599.7965 599.7612 599.8513 599.9785 600.0153
600.3508 600.4575 600.4615 600.4562 600.451 600.4415 600.4263 600.4145 600.4795 600.5413 600.3985 600.3577 600.4438 600.3248 600.1237 600.223 600.403 600.3525 600.271 600.409 600.4235 600.2755 600.256 600.2475 600.2415 600.172 600.0485 600.154 600.238 600.1617 600.085 600.1518 600.1615 600.0005 600.0032 600.095 599.966 599.978 600.044 599.8907 599.8323 599.9308 599.9688 600.051 599.9423 599.7813 599.8018 599.8595 599.8962 599.9407 599.7855 599.6515 599.7255 599.7605 599.8608 599.8173 599.6453 599.574 599.659 599.6462 599.5385 599.6005 599.756 599.71
600.1302 600.14 600.1805 600.1948 600.1445 600.1302 600.2665 600.3752 600.4102 600.351 600.2285 600.2383 600.3485 600.2575 600.0988 600.1738 600.3132 600.265 600.153 600.223 600.2728 600.2625 600.2632 600.139 600.0334 599.9633 599.955 600.0545 600.086 599.889 599.8173 599.9348 600.0055 599.8505 599.8575 599.9883 599.8675 599.8375 599.8203 599.7015 599.7532 599.9313 599.977 599.909 599.733 599.6205 599.7418 599.8625 599.9218 599.869 599.6738 599.5933 599.789 599.8373 599.7875 599.6285 599.4827 599.5465 599.709 599.6567 599.4398 599.431 599.5502 599.5198
600.0912 600.0765 600.2347 600.3177 600.152 599.9907 600.0167 600.2125 600.2665 600.1357 600.1492 600.2745 600.2787 600.2338 600.1902 600.2045 600.2355 600.256 600.137 600.0007 599.9072 600.032 600.1548 600.134 600.0345 600.01 600.0103 600.0275 599.9307 599.7437 599.794 599.9608 599.9395 599.7455 599.7108 599.877 599.873 599.7675 599.653 599.6042 599.5963 599.7475 599.8663 599.757 599.5853 599.5308 599.5703 599.7215 599.8763 599.822 599.5885 599.516 599.7042 599.757 599.6462 599.4685 599.4172 599.5731 599.6382 599.4938 599.3962 599.4038 599.4508 599.4934
600.0043 600.0703 600.2582 600.3555 600.1527 599.9392 599.8767 600.076 600.1445 600.0165 600.0848 600.194 600.0922 600.036 600.03 600.024 600.026 600.1357 600.1003 599.9035 599.747 599.9065 600.0568 600.0238 599.8972 599.873 599.8442 599.8223 599.7382 599.6718 599.8035 599.991 599.9175 599.7048 599.5942 599.6818 599.7037 599.7192 599.737 599.7125 599.5832 599.645 599.803 599.7763 599.6761 599.6605 599.6022 599.6444 599.77 599.7451 599.581 599.4485 599.513 599.5463 599.5557 599.5695 599.5762 599.67 599.6087 599.4393 599.4338 599.5445 599.5778 599.6537
600.067 600.1685 600.3038 600.348 600.1428 599.9325 599.8442 599.977 600.0643 600.0482 600.0707 600.096 599.9913 599.9005 599.8965 599.9232 599.8853 600.0247 600.079 599.8948 599.726 599.824 599.9352 599.9208 599.7867 599.7 599.6365 599.616 599.6177 599.7102 599.7903 599.9095 599.8912 599.7045 599.5195 599.4933 599.5125 599.6365 599.823 599.863 599.6752 599.59 599.7213 599.892 599.9323 599.8345 599.6122 599.6715 599.8223 599.7235 599.5347 599.4603 599.507 599.4765 599.577 599.741 599.7162 599.771 599.7628 599.6425 599.5933 599.648 599.6648 599.6865
600.2908 600.2617 600.2908 600.3262 600.1733 599.99 599.9395 600.0005 600.085 600.1857 600.0865 600.0488 600.1203 600.0098 600.008 600.0917 599.9745 600.035 600.107 599.938 599.8265 599.8775 599.921 600.0287 599.9338 599.761 599.708 599.73 599.7955 599.9102 599.809 599.8102 599.896 599.7617 599.6085 599.63 599.6385 599.621 599.748 599.891 599.8342 599.6797 599.7057 599.8505 599.9335 599.8467 599.6707 599.747 599.853 599.7392 599.6315 599.7192 599.7767 599.647 599.7003 599.827 599.7263 599.7155 599.843 599.8232 599.7605 599.709 599.6765 599.6353
600.3385 600.1877 600.207 600.3329 600.2523 600.1027 600.154 600.2468 600.2993 600.3232 600.1675 600.1232 600.236 600.1118 600.1135 600.2079 600.0792 600.129 600.1875 600.0338 600.0203 600.1385 600.1725 600.2175 600.0812 599.921 599.972 600.0325 600.0687 600.073 599.921 599.8849 599.9868 599.8658 599.7825 599.9055 599.9327 599.7985 599.8158 599.9802 600.0632 599.971 599.948 599.883 599.8483 599.7917 599.7535 599.8895 600.024 600.0048 599.9432 600.0222 600.0043 599.8792 599.8835 599.9772 599.8358 599.798 599.9053 599.9277 599.9738 600.0247 599.9757 599.8997
600.2478 600.115 600.128 600.271 600.3412 600.3075 600.3467 600.4415 600.537 600.4885 600.2888 600.178 600.2617 600.2855 600.3635 600.435 600.3488 600.2667 600.1888 600.0987 600.2502 600.452 600.4343 600.2855 600.0862 600.0252 600.2397 600.3602 600.2998 600.1503 600.0717 600.1295 600.157 600.0015 599.9077 600.061 600.0772 599.9575 599.9875 600.165 600.3193 600.2305 600.1437 600.0365 599.9628 599.8675 599.868 599.983 600.0735 600.1505 600.2245 600.359 600.28 600.0828 600 600.134 600.1892 600.1645 600.168 600.207 600.378 600.4275 600.3385 600.2493
600.39 600.4345 600.4152 600.3515 600.4733 600.564 600.4895 600.5298 600.6935 600.6795 600.4662 600.265 600.291 600.4633 600.5807 600.5335 600.496 600.417 600.3232 600.3463 600.4352 600.5153 600.4925 600.3773 600.2847 600.2857 600.3905 600.4343 600.3358 600.2002 600.3002 600.4818 600.421 600.217 600.0942 600.1912 600.2028 600.12 600.192 600.3782 600.5378 600.366 600.2322 600.3043 600.3333 600.1732 600.1677 600.2242 600.2205 600.2402 600.43 600.6143 600.547 600.3438 600.2297 600.3515 600.5222 600.6072 600.638 600.654 600.7288 600.6622 600.5782 600.7035
600.6492 600.7838 600.7563 600.622 600.6923 600.7915 600.6746 600.695 600.8807 600.8835 600.677 600.4742 600.5267 600.7133 600.7625 600.6143 600.5782 600.654 600.7335 600.7182 600.6218 600.5555 600.5645 600.6375 600.681 600.655 600.5568 600.5062 600.4475 600.4275 600.5728 600.7523 600.6672 600.4647 600.4037 600.5585 600.5848 600.4355 600.4213 600.5945 600.7932 600.6165 600.4888 600.599 600.616 600.472 600.5443 600.68 600.653 600.5565 600.6955 600.8855 600.8855 600.714 600.5402 600.676 600.966 600.9783 600.8165 600.8367 601.101 601.1 600.9767 601.0887
600.9097 601.0098 601.0098 601.0375 601.125 601.1835 601.0963 601.0075 601.064 601.1307 600.9495 600.831 600.8757 600.89 600.795 600.6638 600.6558 600.8692 601.0272 600.9882 600.7872 600.7767 600.859 600.931 601.0073 601.069 600.9105 600.829 600.816 600.8513 600.9348 600.9495 600.7703 600.6412 600.629 600.8825 600.9877 600.8595 600.6968 600.8113 600.8752 600.7917 600.7567 600.926 600.9085 600.7845 600.9037 600.9792 600.9197 600.8665 601.1052 601.2573 601.1302 601.0825 601.0803 601.2682 601.289 601.2885 601.313 601.3632 601.3729 601.3877 601.437 601.4576
601.2885 601.2915 601.2935 601.3182 601.3285 601.341 601.3392 601.2965 601.2902 601.319 601.2817 601.2778 601.3002 601.267 601.2415 601.24 601.1475 601.3025 601.2995 601.2448 601.216 601.2618 601.2845 601.2598 601.2697 601.3077 601.2988 601.2705 601.2328 601.2343 601.2358 601.2037 601.131 601.1027 601.0233 601.242 601.275 601.2623 601.2275 601.2393 601.2395 601.235 601.2452 601.283 601.2598 601.2907 601.3429 601.3465 601.3704 601.4219 601.4319 601.447 601.4978 601.5189 601.5174 601.5574 601.5969 601.6042 601.6208 601.6709 601.6807 601.6902 601.7395 601.7654
601.6157 601.6144 601.6129 601.6118 601.6108 601.6097 601.6088 601.6077 601.6066 601.6054 601.6039 601.6028 601.6017 601.6008 601.5739 601.5219 601.5151 601.5564 601.595 601.5938 601.5928 601.5918 601.5908 601.5898 601.5887 601.5876 601.5605 601.5081 601.5012 601.5007 601.5049 601.5035 601.5025 601.5015 601.5005 601.5274 601.5795 601.5819 601.5804 601.5872 601.5862 601.5852 601.5842 601.5832 601.5822 601.6108 601.663 601.671 601.6862 601.7377 601.7477 601.7587 601.8095 601.8347 601.8332 601.8652 601.9047 601.92 601.9285 601.9786 601.9883 601.9929 602.0421 602.0731
601.9233 601.9221 601.9206 601.9195 601.9185 601.9175 601.9165 601.9153 601.9143 601.913 601.9116 601.9105 601.9095 601.9085 601.8815 601.832 601.8309 601.8641 601.9028 601.9015 601.9005 601.8995 601.8985 601.8975 601.8965 601.8953 601.8683 601.8182 601.817 601.8165 601.8295 601.8279 601.8269 601.8259 601.8249 601.8432 601.8952 601.8976 601.8962 601.9119 601.9105 601.9095 601.9086 601.9075 601.9066 601.931 601.9832 601.9954 602.0021 602.0535 602.0635 602.0704 602.1212 602.1505 602.149 602.173 602.2125 602.2294 602.2362 602.2863 602.2961 602.2955 602.3447 602.3807
602.231 602.2297 602.2282 602.2272 602.2263 602.2252 602.2242 602.223 602.2219 602.2207 602.2192 602.2182 602.2172 602.2162 602.1893 602.1477 602.1467 602.1718 602.2105 602.2092 602.2083 602.2072 602.2062 602.2052 602.2042 602.2029 602.176 602.134 602.1327 602.1322 602.1537 602.1522 602.1512 602.1503 602.1492 602.1589 602.2109 602.2134 602.2119 602.2364 602.2349 602.2339 602.2329 602.2319 602.231 602.251 602.3033 602.3199 602.319 602.3694 602.3794 602.3822 602.433 602.4662 602.465 602.4809 602.5203 602.5372 602.5512 602.5941 602.6038 602.6028 602.6473 602.6884
602.5386 602.5374 602.5358 602.5349 602.5339 602.5329 602.5319 602.5306 602.5296 602.5283 602.5269 602.5259 602.5249 602.5239 602.497 602.4635 602.4625 602.4796 602.5182 602.5169 602.5159 602.515 602.5139 602.5129 602.5118 602.5107 602.4837 602.4499 602.4485 602.4479 602.4779 602.4766 602.4756 602.4746 602.4736 602.4747 602.5267 602.5291 602.5278 602.5605 602.5593 602.5583 602.5573 602.5563 602.5553 602.571 602.6234 602.6443 602.6434 602.6852 602.6953 602.6939 602.7447 602.782 602.7809 602.7887 602.8281 602.845 602.8672 602.9018 602.9116 602.9106 602.9499 602.996
602.8463 602.845 602.8435 602.8427 602.8417 602.8406 602.8395 602.8383 602.8372 602.836 602.8347 602.8337 602.8326 602.8317 602.8047 602.7792 602.7782 602.7873 602.8259 602.8246 602.8237 602.8227 602.8217 602.8207 602.8195 602.8184 602.7914 602.7657 602.7643 602.7637 602.8021 602.801 602.8 602.799 602.798 602.7965 602.8424 602.8448 602.8436 602.8766 602.8836 602.8826 602.8817 602.8806 602.8796 602.8911 602.9435 602.9688 602.9678 603.001 603.011 603.0098 603.0564 603.0977 603.0968 603.0965 603.1359 603.1528 603.1829 603.2095 603.2193 603.2183 603.2524 603.3017
603.1539 603.1526 603.1511 603.1504 603.1494 603.1484 603.1471 603.1459 603.1449 603.1436 603.1424 603.1414 603.1404 603.1394 603.1125 603.0949 603.0939 603.095 603.1337 603.1324 603.1314 603.1304 603.1294 603.1284 603.1271 603.1262 603.0992 603.0814 603.0801 603.0794 603.1196 603.1254 603.1244 603.1234 603.1224 603.1208 603.1581 603.1606 603.1594 603.1925 603.208 603.207 603.206 603.205 603.204 603.211 603.2637 603.2933 603.2921 603.3168 603.3269 603.3259 603.3682 603.4135 603.4127 603.4115 603.4437 603.4606 603.4987 603.5173 603.527 603.526 603.5551 603.6043
