samples/sfe_24/sfe_24_v1/sfe_24_v1/sfe_24_v1.asc
ncols         275
nrows         75
xllcorner     98.60000000149
yllcorner     70.60000000149
cellsize      0.7
NODATA_value  -9999
[rows 28 to 55 of 75, columns 0 to 63 of 275]
-9999 602.4395 600.8198 600.9403 600.8677 600.7975 600.8595 600.985 600.9323 600.8663 600.956 601.1395 601.0233 600.9523 601.1185 601.215 601.088 600.9045 600.9125 600.9633 600.8365 600.797 600.832 600.908 600.9165 601.1913 601.5318 601.4662 601.4348 601.4073 601.4218 601.4598 601.4752 601.4635 601.4392 601.4909 601.5324 601.5925 601.6525 601.7051 601.7552 601.7892 601.8386 601.8435 601.8314 601.7789 601.7698 601.7784 601.7772 601.7763 601.7853 601.7844 601.7834 601.7782 601.7199 601.6978 601.6968 601.7046 601.7037 601.7027 601.7111 601.71 601.7085 601.7073
-9999 602.2323 600.4478 600.61 600.6585 600.6473 600.6558 600.731 600.6412 600.6115 600.6083 600.6908 600.67 600.7117 600.9227 600.81 600.6338 600.556 600.6008 600.5942 600.5872 600.632 600.6337 600.6887 600.729 600.9178 601.0513 601.0507 600.969 600.9595 601.1338 601.2183 601.1677 601.11 600.9725 601.1245 601.3037 601.3953 601.4188 601.4302 601.4474 601.4827 601.532 601.5357 601.5236 601.4712 601.4454 601.4448 601.4438 601.4428 601.4425 601.4415 601.4405 601.4353 601.4138 601.2842 601.3268 601.4122 601.337 601.229 601.2477 601.2797 601.3182 601.3942
-9999 602.0252 600.2115 600.2545 600.2988 600.3045 600.3385 600.3378 600.4503 600.5258 600.5892 600.5865 600.5762 600.6615 600.705 600.5713 600.414 600.4478 600.5355 600.5315 600.5385 600.5195 600.5798 600.5897 600.649 600.612 600.5668 600.594 600.5093 600.5853 600.7368 600.7037 600.6263 600.593 600.5588 600.73 600.9278 600.8992 600.8788 600.9553 601.1145 601.1367 601.1008 601.042 601.012 600.9392 600.9868 601.1615 601.3218 601.159 600.9092 600.8375 600.9008 600.9247 601.0135 601.0732 601.118 601.1428 600.9952 600.8773 600.9918 601.071 601.0388 600.9625
-9999 601.8181 600.1487 600.0673 600.1412 600.1693 600.048 600.0253 600.1625 600.3583 600.4957 600.5605 600.5938 600.583 600.5498 600.4417 600.3207 600.279 600.3822 600.4713 600.4893 600.3727 600.342 600.493 600.54 600.5048 600.367 600.349 600.3745 600.4797 600.534 600.348 600.1527 600.1567 600.35 600.43 600.4835 600.5002 600.4775 600.463 600.5674 600.6895 600.7215 600.7407 600.7385 600.6813 600.7512 600.8472 600.93 600.854 600.7437 600.5388 600.4413 600.4915 600.7737 600.9355 600.9553 600.8888 600.7022 600.5627 600.6885 600.8483 600.8745 600.7615
-9999 601.6109 600.1978 600.0883 600.209 600.281 600.145 600.1112 600.0392 600.13 600.2947 600.35 600.2855 600.2618 600.2395 600.2173 600.163 600.032 600.1315 600.3157 600.2925 600.097 600.0093 600.1255 600.2095 600.1932 600.213 600.2098 600.1982 600.196 600.215 600.1415 600.0775 600.1022 600.2615 600.2263 600.1245 600.2917 600.2568 600.1498 600.2393 600.2875 600.3267 600.3907 600.4048 600.406 600.4125 600.418 600.4243 600.42 600.4083 600.4035 600.3438 600.3608 600.4528 600.5103 600.5577 600.5898 600.4457 600.248 600.2872 600.4995 600.6298 600.616
-9999 601.4118 600.185 600.0685 600.1738 600.2548 600.1855 600.2448 600.0975 600.0853 600.2067 600.1845 600.0313 599.9948 599.9978 600.006 599.953 599.9053 600.0167 600.1918 600.1565 599.9493 599.8127 599.836 599.8593 599.8868 599.8897 599.8643 599.859 599.8583 599.8575 599.982 600.071 600.112 600.1168 599.987 599.9432 600.038 600.0497 599.9507 600.045 600.1533 600.1227 600.0115 599.9877 599.9877 599.9877 599.9888 600.0155 600.033 600.0615 600.1735 600.24 600.2505 600.1417 600.0825 600.1652 600.3312 600.2543 600.057 600.0665 600.2743 600.3577 600.2777
-9999 601.227 600.1013 600.0347 600.0953 600.2642 600.3565 600.2578 600.1718 600.173 600.136 600.1157 600.0373 599.9277 599.979 600.0556 600.0307 600.0248 599.993 599.9402 599.8765 599.8003 599.708 599.6765 599.6715 599.7678 599.8362 599.7302 599.6157 599.6128 599.6403 599.8785 600.0612 600.0388 599.8865 599.8165 599.8312 599.8362 599.8355 599.8785 599.874 599.8458 599.7817 599.6585 599.6743 599.6745 599.675 599.6785 599.6843 599.7766 599.9277 600.1345 600.1113 599.977 599.7895 599.7825 599.871 600.131 600.1787 600.0345 599.9457 600.1025 600.1745 600.0298
-9999 601.0422 600.174 600.2388 600.251 600.3682 600.3675 600.2007 600.2355 600.296 600.146 600.1913 600.2112 600.021 600.0262 600.1165 600.1293 600.1672 600.0032 599.8392 599.865 599.8965 599.8752 599.878 599.8648 599.8664 599.9395 599.7647 599.6755 599.748 599.75 599.7792 599.8055 599.7552 599.6305 599.7105 599.7968 599.6735 599.7285 599.8492 599.7535 599.704 599.7153 599.7087 599.713 599.7162 599.717 599.7347 599.6462 599.7128 599.9088 600.044 599.8958 599.7292 599.7235 599.8052 599.846 599.922 599.9485 599.875 599.8148 599.9662 600.0333 599.9352
-9999 600.8575 600.4467 600.5502 600.613 600.6428 600.541 600.3917 600.3865 600.4172 600.2745 600.3445 600.3265 600.1095 600.0032 599.9863 600.0322 600.1913 600.1095 599.952 600.0293 600.0995 600.071 600.0178 599.989 600.017 599.9135 599.7532 599.7692 599.9135 599.8777 599.7233 599.632 599.618 599.6057 599.707 599.7491 599.6638 599.67 599.78 599.7708 599.7345 599.759 599.7993 599.7888 599.7925 599.8125 599.7822 599.616 599.597 599.768 599.9363 599.82 599.7112 599.7927 599.9183 599.8737 599.729 599.6895 599.694 599.7273 599.8655 599.916 599.876
-9999 601.0023 600.8083 600.8813 600.857 600.82 600.771 600.7095 600.5585 600.4838 600.5652 600.6777 600.4982 600.2855 600.0883 600.096 600.0902 600.281 600.298 600.185 600.0865 600.167 600.199 600.0317 599.9432 599.9203 599.856 599.7825 599.9113 600.0005 599.8467 599.6282 599.6722 599.7815 599.8387 599.8565 599.8892 599.8155 599.6818 599.6042 599.6005 599.6118 599.713 599.7613 599.6797 599.6556 599.7521 599.6775 599.5123 599.5045 599.5775 599.76 599.8235 599.8013 599.8555 599.918 599.8387 599.6232 599.659 599.8198 599.8498 599.788 599.7698 599.9003
-9999 601.3995 601.104 601.0248 600.8865 600.8865 600.8615 600.8018 600.6688 600.695 600.8715 601.004 600.732 600.5137 600.4575 600.461 600.4505 600.3847 600.3102 600.2183 600.137 600.2265 600.327 600.2072 600.1458 600.1273 600.0588 600.055 600.1515 600.0518 599.8513 599.6793 599.8167 599.9722 599.9535 599.8213 599.853 599.9138 599.7765 599.6163 599.6542 599.711 599.7993 599.802 599.6483 599.656 599.738 599.6017 599.5417 599.642 599.6608 599.673 599.6808 599.6858 599.6875 599.6943 599.6877 599.6459 599.723 599.9348 599.9262 599.741 599.651 599.7667
604.9873 601.471 601.366 601.22 601.1567 601.0877 601.052 601.0464 601.0078 601.0515 601.1605 601.2175 601.103 600.8768 600.8485 600.8953 600.7378 600.5432 600.4918 600.341 600.308 600.4443 600.5543 600.4915 600.3887 600.3748 600.4045 600.4257 600.4237 600.3075 600.086 599.8995 599.9778 600.0835 599.9512 599.7715 599.808 599.9297 599.896 599.851 600.0032 600.0204 600.004 599.846 599.6727 599.7358 599.866 599.7573 599.7648 599.9152 599.8873 599.682 599.522 599.508 599.5295 599.5732 599.6058 599.6267 599.722 599.8547 599.8597 599.7485 599.6835 599.6865
604.7802 601.7115 601.6183 601.5567 601.5062 601.4874 601.4867 601.4849 601.4839 601.4824 601.461 601.3997 601.4722 601.3755 601.3037 601.1 600.907 600.8715 600.843 600.7432 600.5737 600.6705 600.7617 600.6277 600.5623 600.4747 600.4822 600.62 600.654 600.5413 600.4245 600.1827 600.205 600.3217 600.1588 599.967 599.9535 600.0025 600.1262 600.2057 600.235 600.217 600.102 599.8977 599.8037 599.8668 600.0138 599.9737 599.9822 600.0115 599.9683 599.7742 599.6215 599.5765 599.5742 599.688 599.8638 599.9042 599.7785 599.6584 599.6775 599.822 599.9625 599.8948
604.573 601.981 601.9058 601.8529 601.8024 601.7874 601.782 601.7774 601.7766 601.7679 601.7297 601.6812 601.6224 601.5369 601.4562 601.4128 601.1752 601.0677 601.073 600.9557 600.8745 601.0155 601.1357 600.9745 600.921 600.797 600.7825 600.862 600.868 600.6365 600.585 600.4177 600.4462 600.599 600.5715 600.4733 600.3508 600.2385 600.3552 600.4738 600.3875 600.2263 600.216 600.1895 600.1735 600.1027 600.0552 600.0192 599.9838 599.9702 599.9475 599.9457 599.9498 599.8732 599.771 599.8682 600.0565 600.078 599.8672 599.672 599.6807 599.9022 600.1212 600.0413
604.3659 602.2505 602.1932 602.149 602.0985 602.0873 602.0746 602.07 602.0692 602.0535 602.0153 601.9681 601.9094 601.8159 601.7347 601.6603 601.5891 601.4965 601.4518 601.2047 601.2025 601.296 601.4315 601.4745 601.4277 601.2157 601.0435 601.1332 601.1293 601.0208 600.869 600.832 600.8085 600.8647 600.956 600.9893 600.8975 600.6777 600.7432 600.808 600.6097 600.4432 600.3775 600.537 600.5332 600.3815 600.106 600.0315 600.0595 600.1445 600.113 600.159 600.2068 600.1987 599.9865 600.0132 600.1603 600.1175 599.9005 599.8143 599.908 600.0947 600.2502 600.1835
604.1588 602.5363 602.4806 602.4452 602.3947 602.3873 602.3671 602.3625 602.3618 602.3391 602.3008 602.255 602.189 602.0948 602.0292 601.9608 601.8908 601.7997 601.739 601.7053 601.698 601.6966 601.6924 601.6877 601.6456 601.5977 601.5709 601.519 601.4585 601.419 601.4045 601.3835 601.2543 601.139 601.1495 601.2507 601.173 601.003 601.0891 601.267 601.219 600.879 600.6818 600.6905 600.8038 600.755 600.4512 600.4103 600.4133 600.4827 600.4145 600.2885 600.295 600.3887 600.203 600.1718 600.301 600.1932 600.0455 600.0823 600.1732 600.2485 600.248 600.2427
603.9516 602.829 602.7763 602.7413 602.6909 602.6872 602.6597 602.6551 602.6544 602.6247 602.5864 602.5419 602.4679 602.3774 602.3237 602.2681 602.1984 602.1126 602.0529 602.0292 602.0137 602.0121 602.0001 601.9954 601.9519 601.9053 601.8785 601.8267 601.7659 601.7086 601.6465 601.6063 601.5526 601.5508 601.5468 601.5458 601.5448 601.5406 601.5136 601.4612 601.4387 601.4263 601.1288 600.987 601.1722 601.1497 601.017 600.8997 600.788 600.688 600.6172 600.4595 600.5348 600.6027 600.4377 600.435 600.5302 600.5062 600.405 600.3717 600.2735 600.2655 600.2188 600.2313
603.7444 603.1218 603.0764 603.0375 602.9882 602.9872 602.9522 602.9476 602.9423 602.9103 602.872 602.8289 602.7469 602.6736 602.6181 602.5707 602.5056 602.4255 602.3668 602.3536 602.3293 602.3275 602.3077 602.303 602.2582 602.2128 602.1862 602.1363 602.0734 602.0226 601.9709 601.922 601.876 601.8752 601.8625 601.8615 601.8531 601.8481 601.8213 601.7689 601.7463 601.6938 601.627 601.5508 601.4742 601.4097 601.387 601.357 601.188 600.9213 600.9225 600.9045 600.8865 600.8207 600.795 600.7327 600.6695 600.6362 600.7202 600.677 600.3777 600.2902 600.24 600.2505
603.5374 603.4145 603.3764 603.3337 603.2881 603.2871 603.2448 603.2402 603.2279 603.1959 603.1576 603.1157 603.0258 602.9731 602.9155 602.8724 602.808 602.7385 602.6808 602.6719 602.645 602.6432 602.6154 602.6107 602.5645 602.5204 602.4938 602.4437 602.3823 602.3365 602.2914 602.2376 602.2003 602.1992 602.1782 602.1772 602.1607 602.1557 602.1289 602.0765 602.0538 602.0014 601.9326 601.8605 601.7941 601.7151 601.6353 601.5542 601.4859 601.4175 601.4105 601.4775 601.2838 601.0648 601.0915 601.0577 600.7883 600.7493 600.883 600.9628 600.7603 600.668 600.6168 600.6235
603.7345 603.7029 603.6761 603.6298 603.5881 603.5867 603.5374 603.5327 603.5135 603.4814 603.4463 603.3989 603.3165 603.2809 603.2167 603.1742 603.1105 603.0541 603.0033 602.9875 602.9606 602.959 602.923 602.9183 602.8708 602.8279 602.8015 602.7512 602.6925 602.6505 602.6071 602.5533 602.5246 602.5209 602.494 602.4928 602.4683 602.4633 602.4366 602.3841 602.3614 602.309 602.2381 602.1702 602.114 602.037 601.966 601.8845 601.8229 601.7582 601.6933 601.6239 601.554 601.4852 601.4115 601.3685 601.0953 600.9943 601.1777 601.2385 601.2255 601.0988 601.0903 601.066
604.004 603.9903 603.9758 603.926 603.8881 603.8798 603.8299 603.8253 603.7991 603.767 603.739 603.6779 603.6126 603.5759 603.5178 603.476 603.4177 603.3696 603.3277 603.3032 603.2762 603.2747 603.2307 603.226 603.1771 603.1355 603.1091 603.0587 603.0027 602.9644 602.9227 602.8689 602.8489 602.8366 602.8096 602.8083 602.7758 602.7708 602.7442 602.6918 602.6689 602.6216 602.5489 602.4798 602.4339 602.359 602.2948 602.2273 602.16 602.0989 602.0438 601.9726 601.9048 601.8466 601.7728 601.6997 601.6332 601.5573 601.4824 601.4337 601.4048 601.517 601.451 601.295
604.293 604.2777 604.2726 604.2222 604.188 604.1723 604.1224 604.1178 604.0847 604.0526 604.0313 603.9593 603.9088 603.8704 603.819 603.7777 603.7306 603.6852 603.6517 603.6188 603.5919 603.5901 603.5383 603.5336 603.4835 603.4431 603.4167 603.3661 603.3129 603.2784 603.2383 603.1846 603.1732 603.1523 603.1252 603.124 603.0834 603.0783 603.0518 602.9994 602.9765 602.9273 602.8605 602.7903 602.7538 602.6809 602.6235 602.5652 602.4979 602.4396 602.3925 602.3217 602.2556 602.2079 602.1342 602.0612 602.0056 601.9334 601.8596 601.8207 601.7587 601.7078 601.6457 601.6016
604.5853 604.5768 604.5688 604.5183 604.4879 604.4648 604.415 604.4104 604.3702 604.3382 604.3221 604.2555 604.205 604.1714 604.1201 604.0934 604.0435 604.0007 603.9757 603.9344 603.9075 603.8978 603.8459 603.8412 603.7897 603.7506 603.7244 603.6759 603.6276 603.5927 603.554 603.5002 603.4974 603.4681 603.4409 603.4398 603.3909 603.3859 603.3595 603.3071 603.284 603.2328 603.1722 603.1143 603.0737 603.0061 602.9523 602.9022 602.8374 602.7803 602.7411 602.6728 602.6064 602.5692 602.4957 602.4243 602.3781 602.3137 602.2368 602.2077 602.1458 602.0948 602.0328 602.0015
604.8781 604.8766 604.865 604.8145 604.7879 604.7574 604.7075 604.7029 604.6558 604.6238 604.6088 604.5516 604.5122 604.4726 604.4223 604.4092 604.3564 604.3148 604.2999 604.2501 604.2232 604.2054 604.1536 604.1483 604.0961 604.0582 604.036 603.9861 603.9433 603.9171 603.8696 603.8224 603.8216 603.7838 603.7565 603.7509 603.6984 603.6934 603.6671 603.6147 603.5916 603.5384 603.4838 603.4387 603.3984 603.3348 603.2811 603.2393 603.1769 603.121 603.0898 603.0239 602.9572 602.9305 602.8571 602.7897 602.7505 602.6909 602.6174 602.5947 602.5328 602.4819 602.4198 602.4012
604.9371 604.9312 604.9252 604.9193 604.9133 604.9075 604.9014 604.8954 604.8911 604.8895 604.8878 604.8478 604.82 604.7737 604.7296 604.7245 604.6694 604.6287 604.6195 604.5657 604.5388 604.5131 604.4612 604.4546 604.4023 604.3657 604.3513 604.2962 604.259 604.2391 604.1852 604.1467 604.1458 604.0995 604.0721 604.0584 604.006 604.001 603.9747 603.9224 603.8991 603.8485 603.7954 603.7631 603.7291 603.6635 603.6099 603.5764 603.5164 603.4618 603.4385 603.3751 603.3093 603.2919 603.2186 603.155 603.123 603.0681 602.9984 602.9818 602.9199 602.869 602.8068 602.8011
604.9803 604.9744 604.9684 604.9626 604.9566 604.9513 604.9453 604.9393 604.9355 604.9294 604.9234 604.9169 604.9099 604.9056 604.8994 604.8931 604.8887 604.8824 604.879 604.8777 604.8545 604.8207 604.7689 604.7609 604.7087 604.6733 604.6592 604.6064 604.5748 604.5547 604.5009 604.4711 604.4691 604.4153 604.3878 604.366 604.3135 604.3086 604.2824 604.23 604.2067 604.1602 604.1064 604.087 604.051 603.9922 603.9423 603.9136 603.8559 603.8112 603.7872 603.7261 603.673 603.6533 603.5825 603.526 603.4954 603.4453 603.3792 603.3688 603.3185 603.256 603.2022 603.2009
605.0235 605.0175 605.0115 605.0059 604.9999 604.9952 604.9891 604.9832 604.9799 604.9738 604.9684 604.9618 604.9548 604.9511 604.9449 604.9387 604.9349 604.9286 604.9225 604.9165 604.9102 604.9042 604.8977 604.8913 604.8885 604.8813 604.874 604.87 604.8677 604.8668 604.8166 604.7955 604.7849 604.731 604.7034 604.6735 604.6211 604.6163 604.59 604.5377 604.5166 604.4718 604.416 604.4111 604.3769 604.321 604.2847 604.2532 604.1954 604.1642 604.137 604.0773 604.0367 604.0146 603.9478 603.9006 603.8691 603.8247 603.7601 603.7559 603.7158 603.643 603.6022 603.6007
605.0667 605.0607 605.0548 605.0491 605.0432 605.039 605.033 605.0276 605.0243 605.0182 605.0134 605.0067 604.9998 604.9966 604.9904 604.9845 604.981 604.9747 604.9693 604.9633 604.9569 604.9515 604.9451 604.9387 604.9366 604.9293 604.9223 604.9188 604.9118 604.9058 604.9032 604.8957 604.8882 604.8834 604.8763 604.8708 604.8671 604.8594 604.8572 604.8453 604.8324 604.7834 604.7366 604.7352 604.7056 604.6497 604.6276 604.5927 604.5349 604.5172 604.4881 604.4284 604.4001 604.376 604.3131 604.2756 604.2563 604.2056 604.1437 604.1429 604.1028 604.03 604.0023 604.0005
