samples/sfe_24/sfe_24_v1/sfe_24_v1/sfe_24_v1.asc
ncols         275
nrows         75
xllcorner     98.60000000149
yllcorner     70.60000000149
cellsize      0.7
NODATA_value  -9999
[rows 28 to 55 of 75, columns 192 to 255 of 275]
602.6417 602.6367 602.5854 602.5757 602.5495 602.5481 602.5468 602.5459 602.5018 602.4559 602.4531 602.4009 602.3289 602.3027 602.2602 602.2363 602.1979 602.1442 602.1406 602.1154 602.1146 602.1133 602.0781 602.0248 601.9781 601.931 601.8672 601.8074 601.7733 601.7573 601.756 601.7552 601.7435 601.7385 601.762 601.8115 601.7844 601.7332 601.666 601.579 601.5051 601.4193 601.3721 601.3711 601.3697 601.3646 601.3631 601.4008 601.449 601.4977 601.4976 601.4488 601.3626 601.2477 601.0248 600.691 600.7145 600.7927 600.6093 600.3305 600.2153 600.245 600.2142 600.3
602.334 602.329 602.2766 602.2681 602.2418 602.2406 602.2391 602.2382 602.2019 602.1508 602.1467 602.0945 602.0254 601.987 601.9445 601.9119 601.8823 601.8285 601.8162 601.7997 601.7988 601.7977 601.7651 601.7119 601.6624 601.6119 601.5474 601.485 601.4402 601.4331 601.4317 601.4311 601.4278 601.4229 601.4476 601.4989 601.4845 601.4333 601.365 601.278 601.2117 601.0505 600.8962 600.7985 600.798 600.8098 600.917 600.9692 601.2032 601.2025 601.212 601.2003 601.1205 600.9195 600.5502 600.4263 600.399 600.392 600.2412 600.0558 600.0833 600.1595 600.0458 600.11
602.0264 602.0214 601.9689 601.9531 601.9342 601.933 601.9315 601.9304 601.902 601.8509 601.8393 601.7883 601.7236 601.6713 601.6287 601.5878 601.5667 601.5129 601.4919 601.484 601.4831 601.482 601.4522 601.3989 601.3466 601.2928 601.2283 601.169 601.1393 601.0853 601.1623 601.1122 600.9332 600.8403 601.1405 601.1925 601.222 601.1813 600.8935 600.8417 600.919 600.7921 600.7048 600.6815 600.6728 600.6547 600.6465 600.6362 600.6147 600.7493 600.7155 600.6373 600.6483 600.6027 600.4173 600.2598 600.082 599.9603 599.8723 599.8088 599.916 599.9975 599.8713 599.9335
601.7188 601.7137 601.6613 601.6375 601.6266 601.6253 601.6238 601.623 601.6022 601.551 601.5316 601.4819 601.4217 601.3555 601.313 601.2639 601.251 601.2382 601.1845 601.1533 601.2312 601.218 601.0245 600.9913 600.8392 600.7153 600.539 600.6505 600.7872 600.737 600.7518 600.797 600.713 600.5262 600.4935 600.6655 600.6515 600.5585 600.521 600.6118 600.5592 600.4672 600.5112 600.53 600.4633 600.3152 600.2985 600.3135 600.3077 600.3278 600.302 600.2968 600.1833 600.141 600.1045 600.088 599.856 599.712 599.7173 599.6473 599.7595 599.8505 599.6873 599.6623
601.4111 601.4061 601.3536 601.3217 601.3189 601.3177 601.3162 601.3156 601.3023 601.2512 601.1793 601.184 600.9493 600.8068 600.7813 600.9427 600.9172 600.7822 600.7295 600.6075 600.7015 600.8328 600.7007 600.5255 600.5172 600.4193 600.3878 600.4 600.459 600.3148 600.2043 600.3405 600.3588 600.3538 600.295 600.2988 600.3052 600.2283 600.252 600.299 600.212 600.0178 600.076 600.1541 600.0582 599.9747 599.9517 600.0562 600.147 600.0235 600.05 600.0377 599.8825 599.6642 599.7593 599.8383 599.6962 599.6565 599.7365 599.6002 599.6398 599.7715 599.6435 599.5645
601.0652 600.967 600.8207 600.8998 601.0582 601.0767 600.9448 600.9957 600.9532 600.759 600.7168 600.722 600.7368 600.484 600.4402 600.5132 600.4313 600.3182 600.2745 600.215 600.26 600.4188 600.4092 600.363 600.3223 600.2753 600.284 600.27 600.1823 600.0173 599.8577 599.8962 599.9352 600.042 600.1232 600.1225 600.1425 600.164 600.1888 600.153 600.0032 599.796 599.7805 599.78 599.8052 599.896 599.9295 599.9938 599.9327 599.7618 599.7928 599.8228 599.6725 599.4495 599.5685 599.6638 599.5592 599.5555 599.6632 599.5405 599.5555 599.6873 599.6895 599.6605
600.7305 600.5725 600.349 600.332 600.4648 600.6498 600.6855 600.6818 600.6215 600.4938 600.4407 600.5267 600.4802 600.3403 600.194 600.0803 600.0845 600.1127 600.0482 599.9215 599.8895 599.9688 600.0178 599.9792 599.925 599.97 600.039 600.0205 599.8773 599.8293 599.743 599.6725 599.7815 599.9872 599.9895 599.8995 599.9673 600.0493 600.0425 599.9955 599.89 599.811 599.7385 599.7333 599.693 599.6998 599.7793 599.8985 599.777 599.5818 599.5977 599.7518 599.6663 599.4753 599.3953 599.4295 599.3865 599.482 599.6407 599.639 599.5305 599.473 599.51 599.638
600.2968 600.0707 600.0792 600.1385 600.1382 600.181 600.1202 600.1127 600.0798 600.0732 600.0712 599.9747 599.9872 600.0703 599.9323 599.7717 599.7452 599.8248 599.832 599.7925 599.7735 599.782 599.7448 599.734 599.67 599.6168 599.7468 599.7555 599.613 599.716 599.6898 599.5867 599.747 599.911 599.733 599.563 599.58 599.7048 599.6868 599.6827 599.6733 599.6523 599.6517 599.6478 599.542 599.4725 599.6162 599.8075 599.7035 599.4838 599.4193 599.5435 599.548 599.5002 599.4673 599.4332 599.3505 599.5063 599.6028 599.6714 599.5317 599.334 599.3303 599.5433
600.041 599.9208 599.9662 599.9935 599.8807 599.7123 599.663 599.6537 599.6255 599.5663 599.5627 599.5908 599.604 599.7475 599.7708 599.5673 599.4475 599.4615 599.4995 599.6302 599.7408 599.7575 599.7665 599.7308 599.6042 599.5117 599.612 599.6057 599.5153 599.595 599.5438 599.4913 599.6325 599.7548 599.5828 599.4345 599.3983 599.4448 599.4283 599.4103 599.3965 599.4185 599.4557 599.442 599.371 599.4388 599.5598 599.5956 599.6517 599.5187 599.37 599.378 599.4165 599.5582 599.6365 599.5893 599.4495 599.4975 599.6498 599.6845 599.5147 599.3455 599.3593 599.5858
599.8983 599.8385 599.866 599.7675 599.5842 599.4443 599.3862 599.3713 599.3545 599.3463 599.301 599.3463 599.4888 599.6567 599.6448 599.5728 599.3925 599.277 599.2875 599.386 599.5705 599.7267 599.7505 599.593 599.5142 599.5408 599.4927 599.481 599.5322 599.471 599.3267 599.4005 599.5775 599.5972 599.4153 599.38 599.4857 599.5316 599.4393 599.3766 599.3345 599.4103 599.544 599.4752 599.3242 599.3872 599.6008 599.7698 599.7625 599.6777 599.5055 599.4455 599.574 599.765 599.7242 599.6113 599.609 599.6083 599.5357 599.5023 599.494 599.4208 599.452 599.6732
599.605 599.6455 599.7055 599.5385 599.3718 599.4265 599.4713 599.4597 599.4413 599.4063 599.298 599.3182 599.4863 599.5325 599.4247 599.4218 599.4105 599.4047 599.3782 599.2987 599.4252 599.6365 599.6663 599.4665 599.4316 599.5089 599.4748 599.4418 599.5535 599.4318 599.2515 599.3857 599.5805 599.632 599.5287 599.5513 599.6885 599.6135 599.4602 599.4877 599.5959 599.6638 599.7418 599.6082 599.4188 599.4587 599.6683 599.7943 599.7078 599.705 599.5855 599.6535 599.83 599.9785 599.8063 599.6597 599.7515 599.746 599.577 599.609 599.7225 599.6655 599.6442 599.815
599.386 599.4088 599.5792 599.5272 599.4395 599.5565 599.6045 599.5905 599.5817 599.5665 599.3677 599.2328 599.3472 599.3759 599.3455 599.3147 599.4313 599.5425 599.4875 599.3777 599.4325 599.5867 599.6435 599.4783 599.4025 599.5163 599.494 599.5363 599.6045 599.4792 599.3503 599.5145 599.7007 599.815 599.8022 599.8305 599.7708 599.612 599.5485 599.666 599.8273 599.8732 599.7975 599.6527 599.5533 599.6265 599.7623 599.806 599.7315 599.724 599.8065 599.9537 600.1097 600.1592 599.9615 599.7672 599.842 599.8345 599.7525 599.9307 600.0792 600.009 599.918 600.0557
599.4711 599.338 599.4913 599.5675 599.5433 599.5803 599.5903 599.5787 599.5728 599.5692 599.4177 599.256 599.2797 599.428 599.4115 599.313 599.4612 599.544 599.469 599.5162 599.5157 599.494 599.625 599.5602 599.3855 599.4475 599.6033 599.7933 599.7467 599.5665 599.5248 599.733 599.8213 599.8637 599.925 599.9193 599.824 599.7078 599.6665 599.7225 599.8945 600.0392 599.8965 599.7718 599.8262 599.959 599.9453 599.8457 599.8695 600.1008 600.3062 600.313 600.4293 600.3235 600.0845 600.0405 599.9965 599.9788 599.9528 600.139 600.2515 600.233 600.242 600.3138
599.5358 599.3752 599.4057 599.4665 599.453 599.441 599.4512 599.4495 599.44 599.4363 599.464 599.5032 599.5182 599.6212 599.5665 599.4373 599.5427 599.6 599.5095 599.632 599.6453 599.5963 599.725 599.6772 599.475 599.5502 599.7603 599.9797 599.898 599.702 599.6407 599.779 599.8038 599.862 599.8853 599.9695 599.9988 600.0787 600.0598 599.9608 600.072 600.2235 600.1832 600.1168 600.1885 600.265 600.149 600.0352 600.196 600.4662 600.6435 600.5795 600.5567 600.5753 600.592 600.475 600.4458 600.371 600.3047 600.277 600.2628 600.2817 600.3327 600.4058
599.6268 599.5195 599.4232 599.4507 599.4807 599.4528 599.4675 599.5365 599.539 599.4772 599.5187 599.6412 599.664 599.7285 599.6915 599.649 599.7025 599.659 599.6185 599.8265 599.9167 599.873 599.9633 599.8863 599.7578 599.817 599.9342 600.0723 600.0703 599.8923 599.7807 599.8293 599.91 600.0508 600.024 600.0535 600.2275 600.3557 600.3668 600.3115 600.346 600.4012 600.4437 600.4895 600.5242 600.5 600.4125 600.448 600.5928 600.8243 600.9388 601.045 601.045 601.1307 601.2325 601.083 600.9852 600.8555 600.7845 600.4683 600.4015 600.467 600.5458 600.5637
599.7348 599.8123 599.6995 599.747 599.7867 599.6725 599.7802 599.9863 599.909 599.7598 599.704 599.7943 599.806 599.7555 599.8318 599.9637 599.9445 599.8187 599.8932 600.0665 600.1382 600.2238 600.2798 600.1337 600.0762 600.1875 600.128 600.1417 600.3005 600.163 599.9745 600.1085 600.3358 600.537 600.5035 600.4153 600.4382 600.624 600.6937 600.8052 600.7388 600.5767 600.5493 600.734 600.7737 600.6763 600.87 601.0817 601.1455 601.2037 601.3096 601.3748 601.4213 601.4157 601.3649 601.2816 601.1962 601.2025 601.0248 600.7497 600.7785 600.961 601.0725 600.9998
599.9823 600.0737 599.9465 599.9865 600.0883 599.9995 600.0815 600.3015 600.2895 600.0982 600.032 600.1617 600.175 600.0502 600.1343 600.2995 600.347 600.2717 600.3098 600.258 600.2612 600.4142 600.5132 600.4658 600.4177 600.5959 600.507 600.4705 600.5455 600.471 600.2867 600.4387 600.7209 600.8985 600.8563 600.8287 600.948 601.1187 601.216 601.215 601.1625 600.9738 600.9325 601.0912 601.1193 601.0755 601.2072 601.2632 601.3613 601.4701 601.5911 601.6606 601.7071 601.7133 601.6625 601.5767 601.4819 601.4005 601.3174 601.2383 601.218 601.2219 601.2928 601.3861
600.254 600.3098 600.283 600.3467 600.285 600.2282 600.4423 600.6677 600.6428 600.5967 600.6512 600.781 600.7917 600.6617 600.5573 600.5773 600.6022 600.6732 600.733 600.6735 600.6832 600.7158 600.8224 600.7363 600.763 600.9752 600.9608 600.8625 600.8563 600.8435 600.7265 600.8035 600.9033 601.1362 601.1812 601.2889 601.3495 601.4077 601.4577 601.4568 601.4559 601.4612 601.4602 601.4628 601.4648 601.4636 601.4971 601.5622 601.6589 601.7462 601.8725 601.9465 601.9929 602.0109 601.9601 601.8788 601.782 601.7295 601.6622 601.5993 601.5818 601.5927 601.6545 601.7324
600.6852 600.611 600.7137 600.6605 600.521 600.6147 600.8105 600.9845 601.0425 601.0167 601.0177 601.0333 601.0435 601.0923 600.992 600.8182 600.7148 600.8962 601.1617 601.174 601.158 601.203 601.2343 601.2556 601.2949 601.3436 601.3317 601.2777 601.2502 601.2498 601.2609 601.3142 601.3421 601.3964 601.4964 601.5937 601.6556 601.7109 601.7655 601.7646 601.7637 601.777 601.7761 601.7787 601.7891 601.788 601.815 601.8785 601.9565 602.0389 602.1586 602.2323 602.2787 602.3079 602.2577 602.1834 602.0822 602.0584 602.0101 601.9603 601.9456 601.9677 602.0161 602.0787
601.0837 601.0015 601.1535 601.0942 601.1548 601.1895 601.2518 601.2905 601.3159 601.3447 601.3936 601.3998 601.3989 601.3979 601.4009 601.3999 601.3989 601.3977 601.4006 601.3991 601.4501 601.4857 601.537 601.5714 601.6053 601.6559 601.649 601.595 601.5746 601.5832 601.5882 601.6415 601.6755 601.7017 601.8017 601.8964 601.9619 602.014 602.0732 602.0724 602.0715 602.0928 602.092 602.0945 602.1133 602.1123 602.134 602.2029 602.254 602.3521 602.4347 602.5189 602.5646 602.6005 602.5552 602.4835 602.3823 602.3874 602.3581 602.3214 602.3093 602.3426 602.3777 602.4358
601.4561 601.4556 601.4595 601.4581 601.4922 601.5388 601.546 601.5958 601.6237 601.6448 601.6937 601.7077 601.7067 601.7057 601.7155 601.7158 601.7148 601.7136 601.7254 601.7236 601.7661 601.8002 601.8514 601.8872 601.9157 601.9663 601.9662 601.9122 601.8991 601.9166 601.9164 601.9689 602.0089 602.0181 602.1071 602.1991 602.268 602.3181 602.3764 602.3802 602.3792 602.4088 602.4079 602.4103 602.4376 602.4367 602.4569 602.5272 602.5569 602.6497 602.7108 602.8094 602.8505 602.8931 602.8528 602.7836 602.7065 602.7163 602.7061 602.6824 602.673 602.7175 602.7394 602.7959
601.7638 601.7633 601.7733 601.7739 601.7999 601.8465 601.8513 601.9009 601.9314 601.945 601.9938 602.0157 602.0145 602.0135 602.0233 602.0316 602.0306 602.0295 602.0497 602.0482 602.082 602.1148 602.166 602.203 602.2261 602.2767 602.2834 602.2294 602.2236 602.2499 602.2496 602.2963 602.3424 602.3416 602.4124 602.5018 602.5742 602.6233 602.6796 602.6881 602.687 602.725 602.7237 602.7261 602.7619 602.761 602.7798 602.8472 602.8714 602.9473 602.9869 603.0908 603.1363 603.1827 603.1505 603.0837 603.0432 603.0453 603.0541 603.0435 603.0366 603.0916 603.101 603.156
602.0715 602.071 602.0811 602.0899 602.1077 602.1542 602.1564 602.2061 602.2391 602.2451 602.2939 602.3237 602.3224 602.3214 602.3311 602.3474 602.3464 602.3454 602.3704 602.3727 602.3979 602.4307 602.4804 602.5189 602.5366 602.5872 602.6007 602.5494 602.548 602.5837 602.5829 602.6236 602.6761 602.675 602.7178 602.8178 602.8804 602.9285 602.9828 602.9959 602.9947 603.0408 603.0396 603.042 603.0861 603.0854 603.1028 603.1652 603.1859 603.2449 603.3011 603.3722 603.4221 603.4686 603.4471 603.3839 603.3798 603.3757 603.402 603.4045 603.4003 603.4553 603.4674 603.5161
602.3793 602.3788 602.3888 602.4059 602.4154 602.4619 602.4616 602.5113 602.5469 602.5455 602.5941 602.6314 602.6302 602.6292 602.6389 602.6633 602.6622 602.6613 602.6863 602.6973 602.7138 602.7466 602.7949 602.8347 602.847 602.8975 602.918 602.874 602.8724 602.9172 602.9164 602.9509 603.0043 603.0084 603.0396 603.1232 603.1865 603.2336 603.2859 603.3037 603.3024 603.3492 603.3553 603.3578 603.4093 603.4098 603.4257 603.4831 603.5004 603.5516 603.6173 603.6669 603.7079 603.7544 603.7423 603.684 603.7164 603.7183 603.75 603.7655 603.764 603.819 603.8423 603.8762
602.6871 602.6865 602.6965 602.7219 602.7231 602.7697 602.7687 602.8165 602.8546 602.8531 602.8942 602.939 602.938 602.937 602.9467 602.9791 602.9781 602.9771 603.0021 603.0218 603.0297 603.0626 603.1094 603.1505 603.1574 603.2079 603.2352 603.1985 603.1969 603.2461 603.2499 603.2783 603.3317 603.3417 603.3625 603.4285 603.4971 603.5388 603.5891 603.6116 603.6102 603.657 603.6712 603.6736 603.7251 603.7342 603.7487 603.8013 603.8235 603.8661 603.9331 603.9515 603.9938 604.0402 604.0375 604.0011 604.0531 604.0613 604.098 604.1292 604.1277 604.1826 604.2173 604.2363
602.995 602.9943 603.0042 603.0377 603.0365 603.0774 603.0764 603.1216 603.1624 603.1608 603.1943 603.2432 603.2458 603.2449 603.2546 603.295 603.2939 603.2929 603.3179 603.3463 603.3456 603.3785 603.4239 603.4664 603.4678 603.5184 603.5525 603.5228 603.5214 603.5706 603.5834 603.6057 603.659 603.675 603.6855 603.7381 603.8124 603.844 603.8937 603.9194 603.9179 603.9647 603.9871 603.9894 604.041 604.0586 604.0716 604.1243 604.1481 604.1805 604.2357 604.2478 604.2796 604.326 604.3421 604.3342 604.3897 604.4044 604.4459 604.4929 604.4913 604.5463 604.5922 604.5964
603.3028 603.302 603.312 603.3534 603.3524 603.3851 603.3842 603.4268 603.4701 603.4688 603.4944 603.5433 603.5536 603.5527 603.5624 603.611 603.6097 603.6087 603.6337 603.6707 603.669 603.6944 603.7383 603.7822 603.7814 603.8288 603.8694 603.8471 603.8458 603.895 603.9168 603.933 603.9863 604.0082 604.0084 604.061 604.1153 604.1492 604.1989 604.2272 604.2256 604.2725 604.3029 604.3053 604.3568 604.3831 604.3946 604.4472 604.4729 604.4951 604.5463 604.5634 604.5674 604.6119 604.6282 604.6275 604.6295 604.6337 604.6384 604.6413 604.6454 604.6495 604.6519 604.6559
603.6106 603.6097 603.6197 603.6694 603.6681 603.6929 603.6919 603.732 603.7778 603.7767 603.7946 603.8434 603.8615 603.8605 603.8702 603.9203 603.9255 603.9246 603.9496 603.9951 603.9935 604.0103 604.0529 604.098 604.0972 604.1392 604.1852 604.1714 604.1703 604.2194 604.2502 604.2603 604.3137 604.3416 604.3406 604.384 604.4396 604.4543 604.5041 604.5349 604.5333 604.5802 604.6187 604.6212 604.6387 604.6386 604.6436 604.6466 604.6499 604.6553 604.6579 604.6621 604.6669 604.6677 604.6695 604.6743 604.678 604.6816 604.6863 604.6885 604.6926 604.6967 604.6985 604.7025
