SIN0=(3.105396864817603,1.0,-1.7700000000000014,MASK0)
SIN1=(1.3997303941284818,2.0,1.7000000000000013,MASK0)
SIN2=(4.868330202762011,3.0,-2.289999999999995,MASK0)
SIN3=(1.6505439034677873,4.0,-0.03,MASK0)
SIN4=(3.094717748812746,5.0,-2.6499999999999875,MASK0)
SIN5=(3.151295662546039,6.0,-0.19000000000000003,MASK0)
SIN6=(0.8238969162427202,7.0,-2.3699999999999934,MASK0)
SIN7=(1.623552612947451,9.0,-2.7499999999999853,MASK0)
SIN8=(0.6362348492046663,10.0,2.909999999999982,MASK0)
SIN9=(0.35988793330144564,13.0,-0.5800000000000003,MASK0)
SIN10=(0.7425400819633565,15.0,0.060000000000000005,MASK0)
SIN11=(0.670734001358142,17.5,-2.159999999999998,MASK0)
SIN12=(0.8750070789082933,20.5,-1.360000000000001,MASK0)
SIN13=(0.9688986532017695,21.5,0.4200000000000002,MASK0)
SIN14=(1.3209312461897518,22.5,-1.340000000000001,MASK0)
SIN15=(0.7286481989180318,23.5,-2.5499999999999896,MASK0)
SIN16=(0.3018150116408439,28.5,0.24000000000000005,MASK0)
SIN17=(0.7476826907212385,31.0,-2.6499999999999875,MASK0)
SIN18=(0.1588973330605831,37.5,-0.4400000000000002,MASK0)
SIN19=(0.2789711904181212,41.0,0.3100000000000001,MASK0)
SIN20=(0.6113670257685345,39.5,-3.469446951953614e-18,MASK0)
SIN21=(0.478471704067291,35.0,0.05,MASK0)
SIN22=(0.6679822877964212,29.5,0.12999999999999998,MASK0)
SIN23=(0.35287631590530505,26.5,0.6500000000000004,MASK0)
SIN24=(0.9688986532017696,21.5,0.4200000000000002,MASK0)
SIN25=(0.8750070789082933,20.5,-1.360000000000001,MASK0)
SIN26=(0.8690280172329774,19.5,0.4700000000000002,MASK0)
SIN27=(0.7165408790237318,15.5,-0.25000000000000006,MASK0)
SIN28=(0.35988793330144564,13.0,-0.5800000000000003,MASK0)
SIN29=(0.828774275365749,10.5,-0.6800000000000004,MASK0)
SIN30=(1.1181910404728523,7.5,3.0199999999999796,MASK0)
SIN31=(0.8238969162427203,7.0,-2.3699999999999934,MASK0)
SIN32=(3.094717748812746,5.0,-2.6499999999999875,MASK0)
SIN33=(1.6505439034677873,4.0,-0.03,MASK0)
SIN34=(4.868330202762011,3.0,-2.289999999999995,MASK0)
SIN35=(1.3997303941284818,2.0,1.7000000000000013,MASK0)
SIN36=(3.105396864817603,1.0,-1.7700000000000014,MASK0)
