samples/sfe_24/sfe_24_vv0/sfe_24_vv0/sfe_24_vv0.asc
ncols         275
nrows         75
xllcorner     98.60000000149
yllcorner     70.60000000149
cellsize      0.7
NODATA_value  -9999
[rows 0 to 27 of 75, columns 64 to 127 of 275]
605.8144 605.8134 605.8124 605.8116 605.8107 605.8094 605.8079 605.8069 605.8059 605.8049 605.804 605.8032 605.8021 605.8008 605.7993 605.7983 605.7974 605.7964 605.7954 605.7946 605.7936 605.7923 605.7908 605.7899 605.7888 605.7878 605.7868 605.7858 605.785 605.7838 605.7822 605.781 605.7802 605.7792 605.7782 605.7772 605.7762 605.7749 605.7734 605.7731 605.7717 605.7704 605.7693 605.7684 605.7675 605.7661 605.7656 605.7643 605.7628 605.7615 605.7606 605.7596 605.7585 605.7576 605.7566 605.7555 605.754 605.7527 605.7518 605.7507 605.7498 605.7487 605.7477 605.7465
605.7652 605.7642 605.7632 605.7631 605.7621 605.7607 605.7593 605.759 605.7581 605.7571 605.7562 605.7559 605.7549 605.7535 605.7521 605.7518 605.7508 605.7498 605.7489 605.7485 605.7476 605.7462 605.7448 605.7444 605.7434 605.7424 605.7414 605.7405 605.7402 605.7389 605.7374 605.7362 605.7353 605.7349 605.7339 605.733 605.7319 605.7306 605.7291 605.7294 605.7279 605.7267 605.7256 605.7247 605.7237 605.7221 605.7224 605.7212 605.7196 605.7184 605.7174 605.7164 605.7154 605.7145 605.7133 605.7128 605.7114 605.7101 605.7092 605.7081 605.7071 605.7061 605.7051 605.7039
605.716 605.715 605.7137 605.7145 605.7136 605.712 605.7109 605.7112 605.7102 605.7094 605.7084 605.7086 605.7077 605.7062 605.7051 605.7052 605.7042 605.7033 605.7025 605.7025 605.7015 605.7001 605.6989 605.6991 605.6981 605.697 605.696 605.6951 605.6954 605.6941 605.6926 605.6915 605.6906 605.6907 605.6897 605.6887 605.6877 605.6862 605.6849 605.6856 605.6842 605.683 605.6819 605.681 605.6798 605.6785 605.6791 605.678 605.6764 605.6752 605.6743 605.6733 605.6722 605.6714 605.6699 605.6702 605.6688 605.6675 605.6665 605.6654 605.6644 605.6634 605.6624 605.6611
605.6668 605.6658 605.6642 605.666 605.665 605.6634 605.6625 605.6633 605.6624 605.6615 605.6609 605.6614 605.6605 605.6589 605.6582 605.6586 605.6577 605.6568 605.6561 605.6566 605.6555 605.654 605.653 605.6537 605.6527 605.6516 605.6507 605.6494 605.6505 605.6492 605.6478 605.6467 605.6458 605.6464 605.6454 605.6445 605.6434 605.6418 605.6407 605.6419 605.6405 605.6393 605.6382 605.6373 605.6359 605.6353 605.6359 605.6349 605.6332 605.6321 605.6311 605.6301 605.6291 605.6282 605.6266 605.6274 605.6261 605.6249 605.6239 605.6227 605.6217 605.6207 605.6197 605.6185
605.6176 605.6166 605.6151 605.6174 605.6164 605.6148 605.6141 605.6155 605.6145 605.6135 605.6136 605.6141 605.6133 605.6118 605.6116 605.6121 605.6111 605.6103 605.6102 605.6105 605.6096 605.6079 605.6071 605.6083 605.6074 605.6061 605.6053 605.6038 605.6057 605.6044 605.6029 605.6019 605.6011 605.6022 605.6011 605.6002 605.5992 605.5975 605.5966 605.5981 605.5968 605.5956 605.5945 605.5936 605.592 605.5922 605.5927 605.5917 605.59 605.5889 605.5879 605.5869 605.5859 605.5849 605.5839 605.5848 605.5834 605.5822 605.5812 605.58 605.579 605.578 605.577 605.5758
605.5684 605.5674 605.566 605.5688 605.5679 605.5663 605.5657 605.5676 605.5667 605.5654 605.5664 605.5669 605.5661 605.5646 605.5649 605.5655 605.5645 605.5637 605.5641 605.5645 605.5635 605.562 605.5613 605.563 605.562 605.5607 605.5599 605.559 605.5609 605.5596 605.5581 605.5571 605.5563 605.5579 605.5569 605.5559 605.5549 605.5532 605.5524 605.5544 605.5531 605.5519 605.5508 605.5499 605.5483 605.549 605.5495 605.5485 605.5468 605.5457 605.5447 605.5438 605.5427 605.5416 605.5413 605.5421 605.5408 605.5396 605.5386 605.5374 605.5364 605.5353 605.5344 605.5331
605.5192 605.5181 605.5172 605.5203 605.5193 605.5179 605.5178 605.5198 605.5188 605.5174 605.5192 605.5197 605.5189 605.5175 605.5183 605.5189 605.5179 605.5172 605.5181 605.5185 605.5175 605.5161 605.5158 605.5176 605.5166 605.5153 605.5144 605.5142 605.5161 605.5148 605.5132 605.5123 605.512 605.5136 605.5126 605.5117 605.5106 605.5089 605.5082 605.5106 605.5094 605.5082 605.5071 605.5062 605.5047 605.5058 605.5063 605.5053 605.5036 605.5026 605.5016 605.5006 605.4996 605.4982 605.4987 605.4994 605.4982 605.4969 605.4959 605.4946 605.4937 605.4926 605.4916 605.4904
605.47 605.4687 605.4688 605.4717 605.4707 605.4694 605.47 605.4719 605.4709 605.4697 605.4719 605.4724 605.4716 605.4704 605.4717 605.4724 605.4714 605.4704 605.4721 605.4725 605.4715 605.4702 605.4704 605.4723 605.4712 605.4699 605.4688 605.4694 605.4712 605.47 605.4684 605.4675 605.4677 605.4694 605.4684 605.4674 605.4664 605.4647 605.4641 605.4669 605.4657 605.4645 605.4634 605.4625 605.4611 605.4626 605.4631 605.4622 605.4604 605.4594 605.4584 605.4575 605.4564 605.455 605.456 605.4567 605.4556 605.4543 605.4532 605.452 605.451 605.45 605.449 605.4478
605.4208 605.4194 605.4202 605.4232 605.4222 605.421 605.4221 605.4241 605.4231 605.4219 605.4247 605.4251 605.4244 605.4233 605.4251 605.4258 605.4248 605.4236 605.4261 605.4265 605.4255 605.4243 605.425 605.4269 605.4258 605.4245 605.4233 605.4247 605.4264 605.4251 605.4236 605.4227 605.4235 605.4251 605.4241 605.4232 605.4221 605.4205 605.4199 605.4232 605.422 605.4207 605.4197 605.4187 605.4175 605.4195 605.4199 605.4189 605.4172 605.4163 605.4152 605.4142 605.4131 605.412 605.4134 605.4141 605.4129 605.4116 605.4106 605.4093 605.4083 605.4073 605.4063 605.405
605.3716 605.3701 605.3717 605.3746 605.3736 605.3725 605.3741 605.3762 605.3752 605.3741 605.3774 605.3779 605.3771 605.3759 605.3785 605.3792 605.3782 605.3771 605.3801 605.3805 605.3795 605.3784 605.3796 605.3815 605.3804 605.3791 605.3779 605.3799 605.3816 605.3803 605.3788 605.378 605.3792 605.3809 605.3799 605.3789 605.3779 605.3763 605.3762 605.3794 605.3783 605.377 605.376 605.3749 605.3738 605.3763 605.3767 605.3757 605.3741 605.373 605.3721 605.3711 605.3699 605.3689 605.3707 605.3713 605.3702 605.369 605.3679 605.3666 605.3656 605.3646 605.3636 605.3624
605.3224 605.321 605.3232 605.326 605.325 605.3237 605.3262 605.3284 605.3274 605.3264 605.3301 605.3306 605.3298 605.3286 605.3318 605.3326 605.3317 605.3306 605.3341 605.3345 605.3335 605.3323 605.3342 605.3362 605.335 605.3337 605.3326 605.3351 605.3367 605.3354 605.334 605.3331 605.335 605.3366 605.3356 605.3346 605.3336 605.332 605.3325 605.3356 605.3346 605.3333 605.3323 605.3312 605.3298 605.3331 605.3335 605.3325 605.3309 605.3299 605.3289 605.3279 605.3267 605.3258 605.3281 605.3287 605.3276 605.3264 605.3252 605.3239 605.3229 605.3219 605.3209 605.3197
605.2733 605.2719 605.2747 605.2775 605.2765 605.2751 605.2783 605.2806 605.2796 605.2788 605.2829 605.2834 605.2826 605.2816 605.2852 605.2861 605.285 605.2841 605.2881 605.2885 605.2875 605.2861 605.2888 605.2908 605.2896 605.2883 605.2873 605.2903 605.2919 605.2906 605.2891 605.2881 605.2907 605.2924 605.2913 605.2903 605.2894 605.2878 605.2887 605.2919 605.2909 605.2896 605.2886 605.2874 605.2863 605.29 605.2903 605.2893 605.2878 605.2867 605.2858 605.2848 605.2835 605.2825 605.2855 605.286 605.285 605.2838 605.2825 605.2813 605.2803 605.2792 605.2783 605.277
605.2241 605.2227 605.2261 605.2289 605.2279 605.2267 605.2305 605.2327 605.2318 605.2316 605.2357 605.2361 605.2354 605.235 605.2386 605.2395 605.2385 605.2382 605.2421 605.2425 605.2415 605.2402 605.2433 605.2454 605.2441 605.2429 605.2418 605.2455 605.2471 605.2458 605.2443 605.2432 605.2464 605.2481 605.2471 605.2461 605.2451 605.2436 605.2449 605.2481 605.2472 605.2459 605.2449 605.2436 605.2432 605.2468 605.2471 605.2461 605.2446 605.2436 605.2426 605.2416 605.2403 605.2393 605.2428 605.2433 605.2424 605.2411 605.2398 605.2385 605.2375 605.2365 605.2355 605.2343
605.1749 605.1733 605.1777 605.1804 605.1793 605.1784 605.1826 605.1849 605.1838 605.1843 605.1884 605.1888 605.1881 605.1884 605.192 605.1929 605.1919 605.1921 605.196 605.1965 605.1955 605.1943 605.1979 605.2001 605.1987 605.1974 605.1965 605.2007 605.2023 605.201 605.1995 605.1984 605.2021 605.2038 605.2028 605.2018 605.2008 605.1992 605.2012 605.2044 605.2035 605.2022 605.2012 605.1998 605.2 605.2036 605.2039 605.2029 605.2014 605.2004 605.1994 605.1984 605.1971 605.1966 605.2001 605.2006 605.1997 605.1984 605.1971 605.1959 605.1949 605.1938 605.1929 605.1917
605.1257 605.1241 605.1292 605.1318 605.1308 605.1305 605.1346 605.137 605.1359 605.1371 605.1412 605.1416 605.141 605.1417 605.1454 605.1464 605.1453 605.1461 605.1501 605.1505 605.1495 605.1487 605.1525 605.1547 605.1533 605.152 605.1517 605.1559 605.1574 605.1562 605.1547 605.1537 605.1579 605.1595 605.1586 605.1576 605.1566 605.1548 605.1575 605.1606 605.1597 605.1585 605.1575 605.1561 605.1568 605.1605 605.1606 605.1597 605.1583 605.1572 605.1563 605.1553 605.1539 605.154 605.1575 605.158 605.157 605.1558 605.1545 605.1532 605.1522 605.1512 605.1502 605.149
605.0765 605.0754 605.0806 605.0833 605.0822 605.0826 605.0867 605.0892 605.088 605.0898 605.0939 605.0944 605.0938 605.0951 605.0988 605.0998 605.0986 605.1001 605.1041 605.1045 605.1035 605.1033 605.1071 605.1093 605.1079 605.1066 605.107 605.1111 605.1126 605.1113 605.1098 605.1095 605.1136 605.1153 605.1143 605.1133 605.1123 605.1107 605.1137 605.1169 605.116 605.1148 605.1138 605.1125 605.1136 605.1173 605.1174 605.1165 605.1151 605.1141 605.1131 605.1121 605.1108 605.1113 605.1149 605.1152 605.1144 605.1132 605.1118 605.1105 605.1095 605.1085 605.1075 605.1063
605.0273 605.0269 605.0321 605.0347 605.0336 605.0347 605.0389 605.0413 605.0401 605.0426 605.0467 605.0471 605.0466 605.0485 605.0521 605.0532 605.0519 605.0541 605.058 605.0585 605.0574 605.0579 605.0617 605.064 605.0625 605.0612 605.0622 605.0664 605.0677 605.0665 605.065 605.0652 605.0694 605.071 605.07 605.069 605.0681 605.0665 605.0699 605.0731 605.0723 605.0711 605.0701 605.0688 605.0705 605.0742 605.0742 605.0732 605.0719 605.0709 605.0699 605.0689 605.0676 605.0687 605.0723 605.0726 605.0718 605.0705 605.0691 605.0678 605.0668 605.0658 605.0648 605.0636
604.9781 604.9784 604.9836 604.9861 604.9851 604.9868 604.991 604.9935 604.9923 604.9954 604.9995 604.9999 604.9995 605.0019 605.0055 605.0066 605.0054 605.0081 605.012 605.0125 605.0114 605.0125 605.0163 605.0186 605.0171 605.0158 605.0174 605.0216 605.0229 605.0217 605.0202 605.021 605.0251 605.0268 605.0258 605.0248 605.0238 605.0225 605.0262 605.0294 605.0286 605.0274 605.0264 605.0251 605.0273 605.0309 605.031 605.03 605.0287 605.0278 605.0267 605.0258 605.0245 605.0261 605.0296 605.0299 605.0292 605.0279 605.0264 605.0251 605.0242 605.0231 605.0222 605.0209
604.9288 604.9299 604.9351 604.9376 604.9365 604.9389 604.9431 604.9456 604.9444 604.9481 604.9522 604.9526 604.9522 604.9553 604.9589 604.96 604.9589 604.9621 604.966 604.9664 604.9655 604.967 604.9709 604.9731 604.9717 604.9704 604.9727 604.9768 604.9781 604.9769 604.9753 604.9767 604.9809 604.9825 604.9815 604.9805 604.9796 604.9788 604.9824 604.9857 604.9849 604.9836 604.9827 604.9813 604.9841 604.9878 604.9878 604.9868 604.9856 604.9846 604.9836 604.9825 604.9814 604.9834 604.9869 604.9872 604.9865 604.9852 604.9838 604.9825 604.9815 604.9805 604.9795 604.9783
604.8796 604.8814 604.8866 604.889 604.8879 604.891 604.8951 604.8978 604.8968 604.9008 604.9049 604.9053 604.905 604.9086 604.9123 604.9133 604.9123 604.9161 604.92 604.9205 604.9194 604.9216 604.9255 604.9277 604.9263 604.925 604.9279 604.932 604.9333 604.9321 604.9305 604.9325 604.9366 604.9383 604.9373 604.9363 604.9353 604.935 604.9387 604.942 604.9412 604.9399 604.939 604.9376 604.941 604.9446 604.9446 604.9436 604.9424 604.9414 604.9404 604.9393 604.9383 604.9407 604.9443 604.9446 604.9438 604.9425 604.941 604.9398 604.9388 604.9377 604.9368 604.9356
604.8337 604.8329 604.8381 604.8404 604.8394 604.8431 604.8473 604.8499 604.8495 604.8536 604.8577 604.8581 604.8584 604.862 604.8657 604.8667 604.8661 604.8701 604.874 604.8745 604.8734 604.8762 604.8801 604.8823 604.8809 604.8795 604.8831 604.8873 604.8884 604.8872 604.8857 604.8882 604.8923 604.894 604.893 604.892 604.8911 604.8912 604.895 604.8983 604.8975 604.8962 604.8953 604.8942 604.8978 604.9014 604.9014 604.9004 604.8992 604.8983 604.8972 604.8961 604.895 604.8981 604.9017 604.902 604.9011 604.8998 604.8984 604.8971 604.8961 604.8951 604.8941 604.893
604.2916 604.3771 604.3756 604.408 604.5167 604.552 604.5635 604.6078 604.7093 604.7156 604.7187 604.7525 604.8203 604.8195 604.819 604.8201 604.8201 604.824 604.828 604.8284 604.8274 604.8308 604.8347 604.8369 604.8354 604.8341 604.8383 604.8425 604.8436 604.8424 604.8409 604.8439 604.8481 604.8498 604.8488 604.8478 604.8468 604.8475 604.8512 604.8546 604.8538 604.8525 604.8516 604.851 604.8547 604.8583 604.8582 604.8572 604.8561 604.8551 604.8541 604.8529 604.8519 604.8555 604.859 604.8593 604.8585 604.8572 604.8557 604.8544 604.8535 604.8524 604.8514 604.8503
603.7189 603.7971 603.796 603.861 603.972 604.0149 604.0364 604.0992 604.2055 604.2112 604.2354 604.2692 604.352 604.3702 604.3692 604.4024 604.491 604.4899 604.489 604.5082 604.6042 604.6375 604.6364 604.635 604.6609 604.7523 604.7711 604.7698 604.7689 604.7755 604.7995 604.7997 604.8038 604.8055 604.8044 604.8035 604.8025 604.8038 604.8074 604.8109 604.8101 604.8088 604.8079 604.8079 604.8115 604.8151 604.8149 604.814 604.8129 604.812 604.8109 604.8097 604.8093 604.8129 604.8164 604.8167 604.8157 604.8145 604.813 604.8117 604.8107 604.8097 604.8087 604.8077
603.1462 603.2172 603.2222 603.314 603.4326 603.4876 603.5093 603.5907 603.7012 603.707 603.7522 603.7859 603.848 603.887 603.8859 603.9193 603.9868 603.9858 603.985 604.0251 604.121 604.1543 604.1531 604.1515 604.1969 604.2875 604.3072 604.306 604.3051 604.3293 604.4171 604.4337 604.4466 604.4456 604.4446 604.4565 604.5229 604.5687 604.5672 604.566 604.5652 604.5641 604.6144 604.6891 604.6876 604.6899 604.689 604.6913 604.6934 604.6952 604.6942 604.7358 604.7742 604.7735 604.7737 604.774 604.7731 604.7718 604.7703 604.769 604.7681 604.767 604.7661 604.7651
602.5736 602.6372 602.6699 602.767 602.8932 602.9604 602.9818 603.0892 603.1969 603.203 603.269 603.3026 603.344 603.4038 603.4026 603.4361 603.4826 603.4816 603.5018 603.542 603.6228 603.6711 603.6698 603.6685 603.733 603.8042 603.8433 603.8422 603.8412 603.8832 603.971 603.97 604.0006 603.9996 603.9986 604.0271 604.0933 604.1226 604.121 604.1201 604.1191 604.1245 604.1849 604.243 604.2416 604.2605 604.2723 604.2773 604.2936 604.3087 604.3228 604.3677 604.4268 604.4365 604.4356 604.4447 604.4437 604.4424 604.441 604.4294 604.4285 604.4275 604.4155 604.4146
602.001 602.0574 602.1176 602.22 602.3442 602.4332 602.4726 602.5904 602.6926 602.7114 602.7859 602.8193 602.8601 602.9207 602.9194 602.9529 602.9785 602.9774 603.0187 603.0588 603.1182 603.188 603.1865 603.2037 603.269 603.321 603.3795 603.3784 603.377 603.4371 603.5073 603.5114 603.5546 603.5536 603.5526 603.5977 603.6637 603.6765 603.675 603.6741 603.673 603.6951 603.7552 603.7969 603.7958 603.8311 603.8582 603.8633 603.8939 603.9221 603.9485 603.9996 604.0528 604.0742 604.0734 604.0933 604.0923 604.0911 604.0896 604.0673 604.0662 604.0651 604.0415 604.0404
601.4908 601.5192 601.5652 601.6805 601.8019 601.9059 601.9678 602.0889 602.1883 602.2281 602.3027 602.336 602.3768 602.4375 602.4361 602.4698 602.4743 602.4733 602.5356 602.5757 602.6158 602.7049 602.7032 602.7397 602.8051 602.8437 602.9156 602.9146 602.9283 602.991 603.0433 603.0652 603.1086 603.1077 603.1064 603.1682 603.2315 603.2303 603.2291 603.2281 603.2271 603.2656 603.3257 603.3508 603.3499 603.4016 603.444 603.4566 603.4938 603.5353 603.5742 603.6315 603.6789 603.7118 603.7111 603.7419 603.741 603.7397 603.7382 603.7052 603.7038 603.7028 603.6717 603.6663
601.0781 601.1263 601.1938 601.2875 601.4055 601.4167 601.5132 601.5845 601.684 601.7448 601.8196 601.832 601.8936 601.9543 601.9529 601.9713 601.9702 601.9691 602.0524 602.0925 602.1326 602.2217 602.2199 602.2758 602.3411 602.3797 602.4518 602.4507 602.4824 602.5449 602.5793 602.6191 602.6627 602.6617 602.6603 602.7387 602.7857 602.7842 602.7831 602.7821 602.7811 602.8362 602.8961 602.9047 602.9183 602.9721 603.0299 603.0601 603.0939 603.1486 603.2032 603.2634 603.3049 603.3495 603.3542 603.3906 603.3896 603.3883 603.3868 603.3426 603.3415 603.3405 603.3092 603.2921
