samples/sfe_24/sfe_24_vv0/sfe_24_vv0/sfe_24_vv0.asc
ncols         275
nrows         75
xllcorner     98.60000000149
yllcorner     70.60000000149
cellsize      0.7
NODATA_value  -9999
[rows 28 to 55 of 75, columns 0 to 63 of 275]
-9999 602.5109 600.7432 600.7516 600.767 600.7834 600.782 600.7809 600.78 600.7789 600.7329 600.7295 600.7286 600.6883 600.657 600.6561 600.6417 600.5958 600.5951 600.5938 600.6061 600.6053 600.6196 600.6362 600.6346 600.6344 600.6539 600.6524 600.6514 600.6502 600.6492 600.7007 600.7171 600.7161 600.7389 600.7418 600.7651 600.8131 600.8613 600.9216 600.9573 601.0544 601.1029 601.1016 601.1001 601.0989 601.0979 601.0969 600.9906 600.9893 600.8726 600.8185 600.7595 600.7587 600.7128 600.7113 600.6841 600.6732 600.6722 600.671 600.64 600.6397 600.6382 600.6665
-9999 602.3083 600.5426 600.5452 600.5552 600.554 600.5527 600.5515 600.5505 600.5495 600.5037 600.4867 600.4858 600.4456 600.4143 600.4131 600.399 600.474 600.4583 600.4915 600.4485 600.3058 600.2595 600.3853 600.4505 600.42 600.3867 600.34 600.2242 600.2285 600.3805 600.3831 600.3997 600.3984 600.3989 600.3976 600.3988 600.4005 600.4028 600.4059 600.41 600.4161 600.4152 600.4139 600.4124 600.4111 600.4102 600.4091 600.4082 600.4001 600.3568 600.334 600.2538 600.1968 600.1487 600.2468 600.3695 600.2898 600.2255 600.2822 600.2388 600.2848 600.3983 600.3539
-9999 602.1056 600.397 600.49 600.4041 600.3657 600.325 600.3385 600.262 600.2487 600.4053 600.4802 600.3385 600.2913 600.3127 600.3307 600.3187 600.3047 600.291 600.309 600.3765 600.2537 600.095 600.1458 600.2271 600.279 600.308 600.1493 599.938 599.9933 600.242 600.4302 600.3135 600.116 600.038 600.156 600.1807 600.0862 600.172 600.368 600.4547 600.254 600.107 600.1663 600.2215 600.2892 600.3213 600.1725 600.0682 600.1763 600.22 600.195 600.1608 600.145 600.0495 600.109 600.2505 600.1622 600.1335 600.248 600.1395 600.1545 600.2993 600.2393
-9999 601.903 600.353 600.3555 600.2343 600.1512 600.326 600.4398 600.3343 600.189 600.2752 600.3907 600.3595 600.324 600.2408 600.122 600.0695 600.0725 600.091 600.0995 600.1685 600.0698 599.9022 599.8478 599.8918 599.9618 600.0693 599.9557 599.7717 599.8527 600.0179 600.1783 600.1095 599.9745 600.0023 600.144 600.1557 599.9735 599.945 600.1083 600.2007 600.0665 599.9343 599.8583 599.8707 599.9622 600.1072 600.037 599.904 599.8932 599.9065 600.0377 600.1943 600.1743 600.0325 600.0213 600.1155 600.0558 600.035 600.115 600.0585 600.1015 600.2502 600.2717
-9999 601.7003 600.1305 600.136 600.1035 600.0755 600.1907 600.3585 600.364 600.1682 600.1357 600.1738 600.175 600.1635 600.2188 600.1515 600.0055 600.022 600.1345 600.1133 600.011 599.8958 599.822 599.7603 599.7595 599.773 599.818 599.7792 599.731 599.7425 599.7838 599.7897 599.841 599.9423 599.9175 599.9275 600.0287 599.9275 599.7755 599.824 599.8463 599.92 599.9642 599.8232 599.733 599.7465 599.85 599.9642 599.9552 599.7897 599.7505 599.9373 600.0818 600.0063 599.9843 600.001 599.936 599.978 599.9905 599.9173 599.9758 600.0953 600.174 600.2192
-9999 601.4977 600.1838 600.2062 600.2217 600.2078 600.227 600.2653 600.3875 600.295 600.2375 600.2217 600.204 600.1902 600.2753 600.2087 600.0152 599.954 600.0378 600.0118 599.9822 599.9665 599.9377 599.9105 599.8873 599.8777 599.8563 599.8372 599.8365 599.8232 599.8058 599.6932 599.7148 599.8593 599.8025 599.73 599.9015 599.9258 599.8193 599.7778 599.681 599.7863 599.9578 599.9188 599.8435 599.7762 599.7377 599.8858 600.0023 599.9167 599.8795 599.985 599.9697 599.815 599.8677 599.949 599.819 599.9035 599.9285 599.7747 599.7913 599.8882 599.9535 600.0593
-9999 601.295 600.309 600.3928 600.3837 600.3033 600.2053 600.2662 600.3415 600.3645 600.377 600.3598 600.3155 600.3255 600.3022 600.1119 600.0241 599.8944 599.8025 599.8005 599.935 600.046 600.072 600.0792 600.0527 600.0002 599.8865 599.8378 599.8775 599.9113 599.864 599.747 599.739 599.8415 599.7372 599.671 599.83 599.9625 599.9402 599.9085 599.7705 599.806 599.92 599.8802 599.8198 599.743 599.6392 599.7282 599.9058 600.0117 600.0132 600.0488 599.9688 599.8422 599.8807 599.9407 599.8328 599.8272 599.838 599.7585 599.7135 599.6965 599.7635 599.9695
-9999 601.0923 600.3182 600.4683 600.3783 600.296 600.3497 600.2825 600.1353 600.186 600.3365 600.314 600.2103 600.2943 600.2623 600.0427 599.9585 599.891 599.8495 599.8047 599.8123 599.947 600.0645 600.0186 599.926 599.812 599.7643 599.6993 599.7917 599.8668 599.7343 599.6588 599.7737 599.806 599.6512 599.6108 599.7755 599.899 599.8637 599.8498 599.8093 599.8187 599.8157 599.7078 599.6515 599.6335 599.5988 599.623 599.738 599.8953 599.9243 599.921 599.9015 599.8695 599.8755 599.8837 599.842 599.7053 599.7288 599.8608 599.9083 599.7445 599.6743 599.8393
-9999 600.8897 600.5177 600.4657 600.4225 600.4058 600.4357 600.3425 600.1152 600.1487 600.3392 600.3028 600.1763 600.2803 600.3305 600.1925 600.1512 600.1137 600.074 600.0055 599.8525 599.9087 600.0178 599.9382 599.8235 599.8063 599.8187 599.7995 599.8638 599.8547 599.6757 599.559 599.6365 599.642 599.5382 599.6599 599.7213 599.7364 599.6378 599.6323 599.637 599.6403 599.6542 599.7035 599.7208 599.7263 599.731 599.739 599.7225 599.6932 599.6885 599.6857 599.684 599.6905 599.6877 599.685 599.6627 599.5812 599.6705 599.8685 599.9567 599.7742 599.625 599.66
-9999 600.8521 600.7265 600.6798 600.6397 600.6035 600.5263 600.4812 600.4135 600.3875 600.4843 600.3748 600.166 600.229 600.3768 600.3788 600.2722 600.2858 600.3315 600.2607 600.072 599.9772 599.9755 599.8925 599.7635 599.7098 599.8547 599.9432 600.0133 599.961 599.8165 599.694 599.668 599.6642 599.6393 599.652 599.699 599.6752 599.5535 599.5065 599.5482 599.5447 599.557 599.731 599.7625 599.6958 599.7459 599.8345 599.8285 599.7 599.6647 599.589 599.539 599.5842 599.5627 599.5395 599.5938 599.6407 599.678 599.7657 599.8895 599.8345 599.6898 599.5342
-9999 600.9312 600.9353 600.8939 600.8568 600.8205 600.7684 600.7104 600.647 600.5851 600.4925 600.4102 600.2977 600.2665 600.3967 600.383 600.2073 600.2092 600.2997 600.295 600.2637 600.0858 599.9808 600.0208 599.9307 599.7245 599.7573 599.917 600.037 599.9608 599.9008 599.865 599.831 599.831 599.8625 599.7875 599.6575 599.709 599.7127 599.5988 599.6898 599.6848 599.6058 599.7548 599.733 599.5447 599.5598 599.7517 599.8685 599.8055 599.7665 599.6302 599.5838 599.7148 599.66 599.6002 599.6892 599.7686 599.7073 599.613 599.6953 599.807 599.7645 599.6432
604.9927 601.1324 601.1441 601.108 601.0737 601.0442 600.9979 600.9409 600.8849 600.8235 600.7353 600.6483 600.5782 600.5003 600.4175 600.392 600.238 600.1672 600.2222 600.226 600.3132 600.1837 600.0645 600.1312 600.0732 599.824 599.8232 599.984 600.0682 599.892 599.828 599.7947 599.7963 599.7775 599.9012 599.8785 599.7055 599.78 599.7903 599.67 599.767 599.7527 599.659 599.77 599.724 599.5215 599.5365 599.7355 599.8257 599.7007 599.643 599.5662 599.6118 599.7655 599.7098 599.6393 599.8047 599.9332 599.7545 599.5852 599.559 599.6305 599.6658 599.7612
604.7901 601.3336 601.3553 601.3223 601.2908 601.2598 601.2272 601.1832 601.1241 601.0478 600.978 600.8871 600.8246 600.7264 600.6638 600.6009 600.5402 600.4658 600.3956 600.3758 600.425 600.3335 600.1542 600.1163 600.0795 599.9233 599.9315 600.1097 600.115 599.8655 599.7737 599.826 599.935 599.9295 600.0388 599.959 599.7963 599.7393 599.7502 599.6728 599.7155 599.7015 599.6393 599.7023 599.658 599.552 599.5585 599.6613 599.6818 599.5547 599.5023 599.4907 599.6308 599.8045 599.8475 599.7248 599.7427 599.859 599.8545 599.7335 599.5335 599.4727 599.5655 599.8705
604.5875 601.5348 601.5725 601.5367 601.5078 601.4973 601.4564 601.4259 601.3632 601.2942 601.2105 601.1335 601.059 600.9725 600.91 600.8469 600.7901 600.7007 600.6617 600.606 600.5506 600.4874 600.4321 600.3342 600.331 600.18 600.1165 600.2723 600.3085 600.1582 600.0468 600.0992 600.1302 600.1487 600.1912 600.104 599.8932 599.8237 599.8628 599.854 599.8373 599.8232 599.795 599.7943 599.7825 599.7597 599.7552 599.747 599.7463 599.7307 599.7135 599.6317 599.6893 599.8553 600.0098 599.8475 599.6752 599.7003 599.8175 599.7985 599.7023 599.6535 599.696 599.818
604.3848 601.8079 601.8068 601.8057 601.7867 601.7304 601.6749 601.618 601.5807 601.5406 601.4427 601.3799 601.2817 601.2186 601.1561 601.0933 601.0394 600.9619 600.9278 600.8809 600.8305 600.7822 600.7492 600.7043 600.626 600.6041 600.5061 600.4894 600.4045 600.3788 600.4012 600.353 600.2112 600.1907 600.2758 600.256 600.0705 600.0655 600.1517 600.1102 600.107 600.0779 600.07 600.039 600.05 600.0405 600.0415 600.0287 600.0065 600.0068 599.9805 599.8397 599.7905 599.926 600.061 599.8853 599.6945 599.625 599.676 599.7085 599.8222 599.8995 599.8807 599.775
604.1821 602.1489 602.1477 602.1465 602.1179 602.0615 602.0093 601.9524 601.8745 601.7708 601.6589 601.5773 601.5278 601.4648 601.4023 601.3397 601.2814 601.2369 601.1939 601.1557 601.1249 601.0898 601.0663 601.0482 600.9489 600.9414 600.8486 600.8151 600.7481 600.6807 600.6265 600.5828 600.5338 600.4477 600.4467 600.357 600.352 600.2955 600.22 600.2062 600.1512 600.1512 600.0915 600.1127 600.1813 600.2783 600.287 600.2495 600.2335 600.223 600.194 600.1065 600.0255 600.0668 600.0037 599.7957 599.7003 599.6298 599.6093 599.6642 599.9243 600.0883 600.0527 599.9225
603.9795 602.4898 602.4887 602.4876 602.449 602.3926 602.3436 602.2883 602.2104 602.1053 602.0183 601.8983 601.791 601.7029 601.6077 601.5728 601.5391 601.5119 601.46 601.4305 601.4196 601.4073 601.3931 601.3672 601.2928 601.267 601.1921 601.1406 601.0748 600.9978 600.9438 600.8923 600.8511 600.7916 600.7905 600.72 600.6563 600.6535 600.5532 600.4409 600.3665 600.2757 600.1697 600.1095 600.2115 600.333 600.253 600.1965 600.1646 600.1492 600.1102 600.098 600.0655 600.0593 599.9868 599.9312 599.9037 599.9003 599.8757 599.8867 599.9363 599.9742 599.9598 599.9625
603.7769 602.8307 602.8297 602.8207 602.7801 602.7289 602.678 602.6292 602.5519 602.4398 602.373 602.2531 602.1563 602.0798 601.988 601.9149 601.8832 601.8041 601.7691 601.768 601.7602 601.7592 601.7153 601.6469 601.6063 601.5615 601.5357 601.4662 601.3922 601.3359 601.2613 601.2094 601.1686 601.1354 601.134 601.0948 601.0485 601.1116 601.0687 600.9988 600.9067 600.8807 600.7079 600.5396 600.3572 600.3723 600.2623 600.157 600.125 600.0775 600.039 600.04 600.0243 600.007 600.0982 600.2272 600.2048 600.1967 600.1745 600.1425 599.9418 599.8522 599.8328 599.858
603.5742 603.1717 603.1707 603.1519 603.1111 603.0692 603.0123 602.968 602.8864 602.7778 602.7278 602.6078 602.5215 602.4568 602.3744 602.3013 602.2722 602.193 602.1688 602.1644 602.1466 602.1458 602.0918 602.0332 601.9876 601.9205 601.8585 601.775 601.6835 601.6028 601.5558 601.5266 601.486 601.4791 601.4777 601.4697 601.4866 601.5482 601.5696 601.5728 601.5577 601.5438 601.3956 601.3649 601.1276 600.9749 600.7902 600.6036 600.4947 600.3558 600.1502 600.2208 600.2457 600.1083 600.1865 600.405 600.3903 600.3805 600.3542 600.307 600.0175 599.8773 599.8355 599.8675
603.5134 603.5126 603.5116 603.4831 603.4423 603.4036 603.3467 603.3038 603.2208 603.1309 603.0826 602.9789 602.8925 602.8339 602.7608 602.6877 602.6611 602.5819 602.5686 602.5508 602.533 602.5322 602.4683 602.4196 602.369 602.3069 602.2449 602.1646 602.0832 602.0026 601.929 601.8802 601.8793 601.8777 601.8654 601.8641 601.8528 601.8858 601.9476 601.9469 601.9199 601.8584 601.8145 601.7529 601.6611 601.5392 601.4253 601.2914 601.0451 600.8918 600.7602 600.617 600.5823 600.4499 600.3701 600.3535 600.3165 600.305 600.2725 600.2382 600.205 600.1672 600.1088 600.0483
603.8545 603.8536 603.8525 603.8143 603.7734 603.7379 603.681 603.6397 603.5554 603.4838 603.4373 603.3442 603.2639 603.2109 603.1472 603.0857 603.05 602.9708 602.9684 602.9373 602.9194 602.9183 602.8447 602.806 602.7504 602.6934 602.6313 602.5542 602.4829 602.4148 602.337 602.2943 602.2933 602.2833 602.2651 602.264 602.2393 602.2638 602.3218 602.3096 602.2822 602.2206 602.1767 602.1152 602.0234 601.9132 601.7951 601.7 601.5358 601.4548 601.2616 601.0737 601.0266 600.9082 600.7827 600.7223 600.6133 600.5493 600.4889 600.3986 600.3708 600.4445 600.3698 600.1998
604.1954 604.1945 604.1935 604.1455 604.1044 604.0723 604.0154 603.9756 603.8968 603.8369 603.7921 603.7111 603.6462 603.5905 603.5336 603.4855 603.439 603.3693 603.3683 603.3237 603.3058 603.2972 603.221 603.1924 603.1318 603.0798 603.0177 602.9448 602.8826 602.8282 602.7452 602.7083 602.7072 602.6832 602.6649 602.6638 602.6257 602.6418 602.6959 602.6718 602.6444 602.5853 602.5389 602.4774 602.3961 602.2871 602.1949 602.0938 601.9401 601.8105 601.6348 601.5322 601.4686 601.3341 601.2343 601.1349 601.0259 600.9362 600.8637 600.7871 600.7458 600.6667 600.6179 600.5463
604.5362 604.5355 604.5331 604.4767 604.4355 604.4066 604.3498 604.3165 604.2498 604.1932 604.1469 604.0826 604.0324 603.9717 603.92 603.8854 603.8279 603.7692 603.7681 603.7101 603.6922 603.6738 603.5973 603.5788 603.513 603.4662 603.4164 603.3391 603.2823 603.2362 603.1534 603.1223 603.1211 603.083 603.0647 603.0637 603.0121 603.0199 603.0699 603.0341 603.0067 602.9595 602.9012 602.8503 602.7823 602.6611 602.5928 602.4738 602.3445 602.2246 602.0602 601.9331 601.8417 601.6992 601.5736 601.528 601.4385 601.3232 601.2385 601.1841 601.1207 601.079 601.0046 600.959
604.8769 604.8764 604.8643 604.8079 604.7751 604.741 604.6841 604.668 604.6028 604.5555 604.5319 604.4541 604.4186 604.353 604.3064 604.2852 604.2168 604.169 604.1679 604.0964 604.0786 604.0503 603.9736 603.9652 603.8942 603.8525 603.8163 603.7334 603.6821 603.6443 603.5616 603.5363 603.535 603.4828 603.4645 603.4604 603.3984 603.3979 603.4439 603.3963 603.369 603.325 603.2634 603.2242 603.1608 603.0397 602.9892 602.8558 602.7598 602.6493 602.482 602.4004 602.3144 602.1979 602.0723 601.9495 601.8336 601.7106 601.6135 601.5235 601.4955 601.4915 601.3912 601.3716
604.9391 604.9332 604.9272 604.9213 604.9153 604.9095 604.9034 604.8975 604.8931 604.8915 604.8907 604.8256 604.8052 604.7342 604.6928 604.6849 604.6057 604.5688 604.5616 604.4828 604.465 604.4266 604.3525 604.3515 604.2755 604.239 604.2117 604.1277 604.0818 604.0524 603.9699 603.9503 603.949 603.8827 603.8644 603.8469 603.7849 603.7839 603.8177 603.7585 603.7312 603.6873 603.6257 603.5944 603.5347 603.4288 603.3856 603.285 603.1798 603.0599 602.9484 602.8677 602.7844 602.6965 602.571 602.4692 602.3545 602.2562 602.1655 602.0621 602.0605 601.9506 601.8927 601.8917
604.9823 604.9763 604.9704 604.9646 604.9586 604.9534 604.9473 604.9413 604.9375 604.9314 604.9255 604.9193 604.9128 604.9077 604.9019 604.8961 604.8907 604.8844 604.8812 604.8693 604.8514 604.8029 604.739 604.7343 604.6567 604.6254 604.6023 604.522 604.4855 604.4605 604.3782 604.3643 604.363 604.2825 604.2642 604.2333 604.1713 604.1703 604.1824 604.1208 604.0934 604.0495 603.9879 603.9566 603.9087 603.818 603.782 603.6938 603.5998 603.4889 603.4299 603.3353 603.2544 603.1953 603.0697 602.9962 602.9069 602.8018 602.7175 602.6418 602.6404 602.5093 602.4725 602.4714
605.0255 605.0195 605.0135 605.0079 605.0019 604.9973 604.9912 604.9852 604.9819 604.9758 604.9704 604.9642 604.9577 604.9533 604.9474 604.9417 604.9369 604.9305 604.9245 604.9185 604.9122 604.9063 604.9003 604.8942 604.8906 604.8833 604.876 604.8729 604.87 604.8688 604.7864 604.7783 604.7631 604.6824 604.6641 604.6196 604.5577 604.5569 604.5446 604.483 604.4561 604.4117 604.3502 604.3293 604.2856 604.2071 604.1783 604.1051 604.0198 603.9523 603.8973 603.8029 603.7274 603.6939 603.5776 603.5229 603.4587 603.3475 603.2695 603.2214 603.2089 603.0679 603.0522 603.0512
605.0687 605.0627 605.0569 605.0511 605.0452 605.0411 605.0351 605.0297 605.0263 605.0202 605.0154 605.0091 605.0026 604.9989 604.993 604.9874 604.983 604.9767 604.9713 604.9653 604.959 604.9537 604.9477 604.9417 604.9387 604.9313 604.9243 604.9216 604.9142 604.9078 604.9053 604.8983 604.8912 604.8862 604.8786 604.8736 604.8693 604.8621 604.8593 604.8453 604.8303 604.774 604.7214 604.7159 604.6748 604.5963 604.5746 604.5251 604.4338 604.3982 604.3647 604.2704 604.2316 604.1926 604.0859 604.0493 604.0107 603.8931 603.8215 603.801 603.7678 603.633 603.632 603.631
