samples/sfe_24/sfe_24_vv0/sfe_24_vv0/sfe_24_vv0.asc
ncols         275
nrows         75
xllcorner     98.60000000149
yllcorner     70.60000000149
cellsize      0.7
NODATA_value  -9999
[rows 28 to 55 of 75, columns 64 to 127 of 275]
600.6655 600.7003 600.7811 600.829 600.8896 600.9009 601.0343 601.1331 601.1894 601.2995 601.2983 601.3848 601.4649 601.4689 601.4715 601.4703 601.4725 601.501 601.5693 601.607 601.6495 601.7384 601.7366 601.8118 601.8725 601.9158 601.988 601.9868 602.0364 602.0987 602.1155 602.173 602.2167 602.2156 602.2302 602.3093 602.3398 602.3381 602.3371 602.3361 602.3351 602.4067 602.4603 602.4586 602.4886 602.5424 602.6158 602.6636 602.7084 602.7622 602.8351 602.8953 602.9321 602.9871 603.0027 603.0392 603.0382 603.0369 603.0355 602.98 602.9791 602.9781 602.9468 602.9179
600.2787 600.304 600.3685 600.3705 600.3738 600.3851 600.5185 600.5435 600.6268 600.71 600.747 600.869 600.9417 600.9526 601.013 601.0316 601.0599 601.1694 601.1963 601.2214 601.3104 601.3246 601.3868 601.426 601.4642 601.492 601.5242 601.5229 601.5904 601.6526 601.6517 601.7269 601.7707 601.7697 601.8007 601.8797 601.8936 601.8922 601.8911 601.8901 601.892 601.9772 602.0143 602.0126 602.0591 602.1195 602.2017 602.2672 602.3281 602.3914 602.4669 602.5271 602.5697 602.6248 602.6513 602.6878 602.6868 602.6855 602.6841 602.6284 602.6168 602.6157 602.5843 602.5438
600.1843 600.1898 600.1935 600.1957 600.1182 600.1478 600.3187 600.421 600.3553 600.3305 600.3235 600.3257 600.4254 600.4365 600.5544 600.619 600.6545 600.7642 600.8212 600.8572 600.9407 600.9805 601.0608 601.1086 601.1468 601.1973 601.1963 601.2548 601.284 601.2659 601.3226 601.342 601.3366 601.3191 601.4451 601.4439 601.4372 601.4359 601.4349 601.4391 601.4747 601.5478 601.5679 601.5666 601.6295 601.7054 601.7875 601.8707 601.9478 602.0233 602.0988 602.159 602.2073 602.2624 602.2998 602.3364 602.3354 602.3342 602.3327 602.277 602.2544 602.2534 602.2218 602.1698
600.231 600.2057 600.2188 600.2573 600.1693 600.085 600.2335 600.281 600.1215 600.136 600.2977 600.392 600.4028 600.4503 600.348 600.2112 600.323 600.3513 600.446 600.493 600.5968 600.6364 600.7335 600.7911 600.8294 600.8798 600.8785 600.949 600.9665 600.9221 600.9769 600.9669 600.924 600.8734 600.9291 600.9279 600.8478 600.8464 600.8454 600.9233 601.0118 601.0687 601.0671 601.1768 601.2539 601.3806 601.4496 601.4742 601.5675 601.6551 601.7307 601.7909 601.845 601.9 601.9483 601.985 601.9841 601.9828 601.9813 601.9256 601.892 601.891 601.8594 601.7978
600.097 599.9478 599.9778 600.148 600.1478 600.03 600.162 600.1675 600.0482 600.1733 600.3932 600.3597 600.267 600.3278 600.3075 600.139 600.0438 600.0745 600.1522 600.2955 600.3095 600.317 600.3896 600.4737 600.4952 600.5624 600.5682 600.6431 600.6491 600.5782 600.6017 600.5917 600.5113 600.4608 600.4128 600.4116 600.325 600.2995 600.3065 600.4075 600.4224 600.5529 600.5991 600.7345 600.8412 600.9679 601.0709 601.1629 601.2637 601.347 601.4387 601.4622 601.4827 601.5394 601.5969 601.6337 601.6327 601.6314 601.6299 601.5742 601.5297 601.5286 601.4969 601.4482
599.9395 599.7457 599.7865 600.0195 600.0598 599.969 600.1063 600.1155 600.0457 600.2235 600.4115 600.27 600.1397 600.2445 600.2795 600.134 600.1675 600.266 600.3337 600.4078 600.2785 600.2288 600.354 600.2678 600.203 600.287 600.3112 600.3326 600.3317 600.29 600.289 600.284 600.2855 600.2755 600.2733 600.2292 600.1318 600.246 600.3277 600.2085 600.272 600.3267 600.2335 600.2922 600.4286 600.5552 600.6999 600.7878 600.9101 600.993 601.0948 601.1522 601.191 601.2789 601.287 601.2862 601.2981 601.2969 601.2954 601.2943 601.2682 601.2194 601.2184 601.2327
599.9517 599.7735 599.7185 599.8835 599.9685 599.956 600.0495 600.0057 599.9482 600.1052 600.3123 600.2408 600.1012 600.1565 600.2383 600.1815 600.2313 600.3047 600.3635 600.4067 600.2637 600.2137 600.3745 600.329 600.293 600.4393 600.4745 600.2995 600.0817 600.064 600.1375 600.2062 600.1935 600.1248 600.1177 600.126 600.1042 600.2357 600.3185 600.1963 600.2603 600.3045 600.1855 600.2905 600.5008 600.4637 600.3247 600.4289 600.5565 600.6512 600.7509 600.8262 600.8661 600.9442 600.9432 600.9648 600.9804 600.9792 600.9778 600.9769 600.9732 600.9246 600.9236 600.954
599.9405 599.8707 599.7653 599.779 599.9252 600.0167 599.9485 599.8558 599.9 599.9868 600.1887 600.202 600.0468 599.981 600.1613 600.2827 600.2462 600.1696 600.248 600.3653 600.2507 600.1645 600.3225 600.375 600.3727 600.4208 600.4277 600.2835 600.1003 600.0865 600.2012 600.3105 600.285 600.1305 600.1585 600.253 600.1738 600.2278 600.3098 600.186 600.2515 600.2952 600.1745 600.275 600.4352 600.4078 600.3695 600.3832 600.323 600.3187 600.407 600.5002 600.5487 600.6003 600.5993 600.6472 600.6627 600.6615 600.6605 600.6594 600.6588 600.6299 600.6289 600.6742
599.7463 599.7885 599.8538 599.8898 599.9998 600.0365 599.9085 599.8702 600.0225 600.0972 600.2225 600.1857 600.0215 599.9202 600.13 600.3138 600.3285 600.2548 600.3165 600.3765 600.2397 600.1028 600.1605 600.2095 600.2105 600.2092 600.208 600.2397 600.2703 600.2687 600.2365 600.2053 600.1797 600.0945 600.1945 600.3095 600.196 600.2207 600.3035 600.1813 600.2445 600.2875 600.165 600.2615 600.3528 600.236 600.2083 600.3353 600.3257 600.166 600.1115 600.22 600.2632 600.2855 600.2928 600.3295 600.3453 600.344 600.343 600.342 600.3411 600.3351 600.3342 600.3943
599.5252 599.6655 599.926 599.9642 600.005 600.0665 600.0048 599.9595 600.093 600.2065 600.3015 600.1802 600.0098 599.8945 600.0347 600.1772 600.2593 600.2508 600.3118 600.37 600.2313 600.0452 599.9827 600.0002 599.999 599.9988 600.0037 600.194 600.438 600.4455 600.2183 600.0073 599.985 600.0073 600.186 600.3015 600.1877 600.2137 600.3392 600.2968 600.3318 600.306 600.1534 600.2525 600.2735 600.0427 599.9968 600.203 600.2987 600.149 600.0817 600.1137 600.0983 600.2808 600.3825 600.2705 600.1162 600.2263 600.4168 600.4977 600.4773 600.4042 600.2452 600.2065
599.616 599.7407 599.9158 599.8348 599.7997 599.9615 600.0193 599.9225 599.9495 600.145 600.3175 600.1873 600.0215 599.9652 600.0594 600.0965 600.1287 600.1412 600.221 600.3412 600.2257 600.0648 600.06 600.0912 600.0895 600.088 600.0905 600.1955 600.341 600.3495 600.2188 600.0938 600.0685 600.0367 600.1805 600.2968 600.1832 600.209 600.3668 600.3653 600.3265 600.228 600.1177 600.245 600.3 600.1223 600.0825 600.2422 600.2882 600.1465 600.1915 600.234 600.1277 600.2555 600.2917 600.1088 600.0275 600.2205 600.3923 600.4148 600.377 600.36 600.3182 600.3018
599.8168 599.896 599.8942 599.8144 599.8108 599.8791 599.8557 599.817 599.9005 600.1093 600.3035 600.1843 600.0395 600.072 600.2133 600.2368 600.251 600.2618 600.3175 600.3558 600.2133 600.1075 600.2297 600.293 600.2855 600.274 600.2678 600.223 600.1672 600.1653 600.2208 600.2678 600.241 600.1088 600.1785 600.294 600.1802 600.2055 600.338 600.2473 600.1572 600.091 600.0925 600.2485 600.3622 600.292 600.2693 600.3545 600.295 600.146 600.2103 600.2562 600.142 600.236 600.244 600.0573 600.014 600.2238 600.3513 600.251 600.1683 600.1683 600.1705 600.168
600 600.0398 599.967 599.8062 599.6378 599.6873 599.822 599.9373 599.9885 600.0398 600.1957 600.2512 600.1805 600.1393 600.1718 600.1917 600.2053 600.2165 600.2124 600.2145 600.1588 600.1608 600.3511 600.465 600.385 600.2482 600.2227 600.2175 600.2057 600.2037 600.2128 600.2225 600.1965 600.0905 600.1763 600.2917 600.1785 600.204 600.3513 600.253 600.0865 600.0465 600.2025 600.337 600.348 600.295 600.3513 600.4377 600.3665 600.2647 600.1933 600.2012 600.2003 600.1955 600.114 600.0455 600.154 600.3357 600.3488 600.1045 599.9918 599.9835 600.036 600.1207
599.8745 599.9498 599.9628 599.8185 599.6442 599.7465 599.9755 600.1863 600.1068 599.9705 599.9973 600.1645 600.189 600.1355 600.107 600.123 600.1382 600.1475 600.1548 600.1525 600.1455 600.1828 600.284 600.315 600.2635 600.1705 600.1537 600.2032 600.2673 600.2705 600.2123 600.1552 600.1305 600.1042 600.1853 600.2634 600.2076 600.2169 600.243 600.2482 600.1935 600.0895 600.2162 600.2808 600.166 600.1172 600.2643 600.3613 600.2863 600.245 600.106 600.1345 600.2848 600.255 600.1353 600.1487 600.2455 600.3035 600.283 600.1805 600.1422 600.082 600.0915 600.2465
599.751 599.852 599.9398 599.8323 599.682 599.797 600.011 600.2048 600.1147 599.965 599.9045 599.9957 600.0367 600.1625 600.262 600.292 600.308 600.3055 600.308 600.3282 600.338 600.291 600.176 600.1345 600.1797 600.2847 600.306 600.2273 600.132 600.137 600.214 600.2792 600.2555 600.1277 600.1818 600.2847 600.184 600.2037 600.3955 600.4252 600.2325 600.0735 600.0795 600.1172 600.064 600.1095 600.2657 600.2905 600.129 600.085 600.0345 600.1498 600.3187 600.373 600.3012 600.2743 600.1845 600.1372 600.1738 600.2915 600.324 600.2205 600.1498 600.2813
599.8848 599.8978 599.8385 599.7762 599.816 599.9545 599.9778 599.9902 599.9642 599.9133 599.8668 599.886 599.9135 600.0635 600.2695 600.404 600.4583 600.35 600.29 600.4015 600.4753 600.434 600.2473 600.1005 600.052 600.23 600.3608 600.249 600.082 600.155 600.2227 600.207 600.2103 600.237 600.2272 600.2115 600.2347 600.2264 600.2535 600.3672 600.3478 600.1802 600.0433 600.1143 600.2122 600.2823 600.3488 600.341 600.1527 600.0385 600.0891 600.2883 600.3868 600.445 600.346 600.259 600.201 600.124 600.126 600.3355 600.3415 600.2422 600.2847 600.3738
599.9718 599.9497 599.9125 599.9164 600.0452 600.1047 599.977 599.904 600.0075 600.0525 600.074 600.0952 600.091 600.033 600.1588 600.369 600.4535 600.26 600.128 600.2113 600.297 600.3585 600.3637 600.2032 600.0065 600.0925 600.2815 600.2475 600.1565 600.294 600.319 600.1935 600.212 600.3392 600.2712 600.159 600.2703 600.2457 600.1132 600.1955 600.2713 600.173 600.097 600.2372 600.3545 600.2838 600.2585 600.3403 600.2833 600.1182 600.1078 600.2415 600.2855 600.3688 600.2625 600.1553 600.2687 600.2395 600.169 600.2995 600.2335 600.1227 600.2285 600.2828
599.8793 599.961 600.1068 600.1387 600.1665 600.1207 599.9913 599.9837 600.1597 600.2128 600.2648 600.2935 600.2593 600.108 600.1727 600.3825 600.4792 600.3065 600.143 600.075 600.1 600.1973 600.3022 600.1823 600.002 600.0745 600.2413 600.2203 600.1663 600.3148 600.3923 600.3145 600.3265 600.4035 600.315 600.2117 600.312 600.2897 600.1227 600.0547 600.0735 600.0297 600.0786 600.2487 600.2947 600.1093 600.07 600.245 600.3232 600.1752 600.0525 600.0938 600.1588 600.325 600.2648 600.1585 600.2935 600.2897 600.2225 600.3337 600.273 600.1105 600.0878 600.1295
599.971 600.1687 600.2767 600.1685 600.0513 600.0112 599.9805 600.009 600.1063 600.1505 600.305 600.345 600.2155 600.06 600.1898 600.3843 600.4792 600.3985 600.2939 600.0988 600.0385 600.0823 600.1515 600.1192 600.0545 600.0793 600.1328 600.1045 600.1597 600.3228 600.3455 600.2142 600.2235 600.3488 600.3875 600.3538 600.388 600.3792 600.2642 600.0663 600.006 599.9795 600.0732 600.2567 600.2817 600.0555 600.0068 600.1915 600.3693 600.317 600.122 600.0995 600.247 600.41 600.2817 600.1512 600.2883 600.3805 600.3565 600.394 600.3735 600.2158 600.082 600.1743
600.158 600.372 600.355 600.136 600.0275 600.1202 600.1702 600.1818 600.1935 600.2184 600.348 600.3137 600.1315 600.0157 600.2098 600.3812 600.3748 600.297 600.2883 600.2653 600.2587 600.261 600.26 600.2617 600.2595 600.258 600.248 600.1475 600.177 600.3362 600.3723 600.2512 600.2402 600.2595 600.2695 600.2675 600.2661 600.2638 600.2578 600.228 600.2205 600.1458 600.116 600.2682 600.3644 600.2545 600.2195 600.2437 600.265 600.254 600.1417 600.2653 600.3118 600.3373 600.283 600.2448 600.2532 600.2823 600.2816 600.281 600.2795 600.2448 600.2393 600.2848
600.273 600.482 600.4522 600.223 600.1752 600.3837 600.448 600.4077 600.3812 600.4218 600.4875 600.3577 600.1642 600.0313 600.183 600.3158 600.3105 600.2387 600.2813 600.4025 600.4423 600.3162 600.3376 600.3364 600.3356 600.3347 600.3336 600.3098 600.2078 600.2955 600.431 600.415 600.3552 600.1885 600.126 600.1448 600.1232 600.1243 600.207 600.3857 600.4407 600.3105 600.1595 600.284 600.4475 600.4285 600.3542 600.2872 600.3349 600.4089 600.5049 600.5244 600.576 600.5757 600.5745 600.5732 600.5717 600.5707 600.5698 600.5687 600.5467 600.5457 600.5445 600.5252
600.5453 600.5541 600.455 600.4465 600.4456 600.4443 600.4427 600.4423 600.4407 600.4395 600.4387 600.4376 600.4243 600.4232 600.4222 600.4122 600.5088 600.5083 600.5068 600.5882 600.5872 600.6337 600.6551 600.6539 600.6531 600.6521 600.6511 600.6119 600.5782 600.4946 600.4314 600.3835 600.312 600.0853 600.1745 600.2557 600.1633 600.1837 600.3458 600.4573 600.4585 600.3347 600.1777 600.2947 600.2908 600.4146 600.5242 600.5987 600.6788 600.7516 600.842 600.8475 600.8934 600.8932 600.8917 600.8904 600.8892 600.8882 600.8871 600.8787 600.8415 600.8405 600.8257 600.8003
600.9579 600.9667 600.9633 600.9623 600.9614 600.9601 600.9586 600.9578 600.9564 600.9553 600.9543 600.9167 600.8828 600.8815 600.8805 600.8237 600.884 600.8832 600.882 600.9321 600.931 600.9511 600.9725 600.9713 600.9705 600.9695 600.9682 600.9293 600.9221 600.8697 600.8071 600.7961 600.7104 600.5977 600.4862 600.4727 600.3414 600.3401 600.3391 600.3329 600.3318 600.4252 600.4771 600.5865 600.6775 600.7906 600.8777 600.9573 601.0226 601.0955 601.1677 601.1913 601.2109 601.2106 601.2089 601.2076 601.2066 601.2056 601.2046 601.1735 601.1362 601.1352 601.1008 601.0754
601.3706 601.3794 601.4791 601.4781 601.4771 601.4759 601.4744 601.4732 601.4721 601.4711 601.4702 601.3752 601.3412 601.34 601.3259 601.236 601.259 601.2581 601.257 601.2759 601.2749 601.2741 601.29 601.2887 601.288 601.2869 601.2853 601.267 601.2659 601.2449 601.2197 601.2088 601.137 601.0562 601.0017 600.9881 600.9308 600.9296 600.9286 600.8486 600.8477 600.8837 600.9478 601.045 601.0861 601.192 601.2313 601.3322 601.3665 601.4395 601.4628 601.4924 601.5378 601.535 601.5336 601.5323 601.5313 601.5261 601.4663 601.4523 601.431 601.4299 601.3759 601.3505
601.8828 601.8719 601.9144 602.0045 601.982 601.9808 601.9792 601.9781 601.9576 601.9566 601.8795 601.8301 601.8156 601.7796 601.6821 601.681 601.6795 601.6716 601.6705 601.6696 601.6686 601.6606 601.6596 601.6583 601.6576 601.6562 601.6485 601.6473 601.6463 601.6453 601.6443 601.5825 601.5148 601.5136 601.5121 601.5109 601.5099 601.5015 601.476 601.3644 601.3635 601.3626 601.4063 601.4702 601.4988 601.5023 601.5815 601.6321 601.7081 601.7527 601.8102 601.8585 601.9001 601.8863 601.8849 601.8837 601.8827 601.8774 601.8177 601.7892 601.7753 601.7137 601.6905 601.6891
602.4348 602.4239 602.4512 602.5313 602.486 602.4847 602.4833 602.4823 602.4407 602.4398 602.3625 602.3342 602.2988 602.2628 602.1863 602.1852 602.1627 602.1547 602.1537 602.1527 602.1519 602.1243 602.1233 602.122 602.1213 602.1145 602.0944 602.0933 602.0923 602.0911 602.09 602.0151 601.9608 601.9595 601.9579 601.9568 601.956 601.931 601.8444 601.8254 601.8244 601.8234 601.8224 601.8783 601.9128 601.9117 601.9813 602.0187 602.0946 602.1267 602.1842 602.2246 602.2626 602.2375 602.2363 602.235 602.2341 602.2288 602.1691 602.1516 602.1377 602.0761 602.0645 602.063
602.9868 602.9759 602.9879 603.058 602.99 602.9888 602.9874 602.9864 602.9237 602.9229 602.8455 602.838 602.7817 602.7459 602.6904 602.6893 602.6458 602.6379 602.6368 602.6359 602.6226 602.588 602.587 602.5857 602.5849 602.5605 602.5402 602.5392 602.5382 602.537 602.5351 602.4478 602.4068 602.4053 602.4038 602.4028 602.4021 602.3604 602.2738 602.2714 602.2704 602.2694 602.2684 602.3243 602.3268 602.3259 602.3812 602.4089 602.4811 602.5008 602.5581 602.5907 602.6251 602.5888 602.5877 602.5864 602.5854 602.5802 602.5204 602.514 602.5 602.4391 602.4385 602.437
603.5388 603.5278 603.5269 603.5743 603.494 603.4927 603.4916 603.4835 603.4067 603.4061 603.3431 603.3415 603.2648 603.2291 603.1945 603.1935 603.129 603.121 603.12 603.119 603.0862 603.0516 603.0507 603.0494 603.0485 603.0065 602.9862 602.9852 602.9842 602.983 602.9678 602.8805 602.8526 602.8511 602.8498 602.8488 602.8478 602.7899 602.7184 602.7173 602.7162 602.7154 602.7142 602.7703 602.741 602.74 602.781 602.8085 602.8676 602.8748 602.9321 602.9568 602.9875 602.9401 602.9391 602.9378 602.9368 602.9316 602.8774 602.8763 602.8624 602.8131 602.8124 602.8109
