samples/sfe_24/sfe_24_vv0/sfe_24_vv0/sfe_24_vv0.asc
ncols         275
nrows         75
xllcorner     98.60000000149
yllcorner     70.60000000149
cellsize      0.7
NODATA_value  -9999
[rows 0 to 27 of 75, columns 128 to 191 of 275]
605.745 605.7437 605.7427 605.7418 605.7407 605.7397 605.7388 605.7375 605.736 605.7347 605.7338 605.7327 605.7318 605.7307 605.7297 605.7285 605.727 605.7258 605.725 605.7238 605.7227 605.7217 605.7208 605.7195 605.718 605.7175 605.716 605.7147 605.7135 605.7126 605.7115 605.7103 605.7095 605.7083 605.7068 605.7056 605.7045 605.7033 605.7023 605.7014 605.7004 605.6991 605.6976 605.6964 605.6951 605.6942 605.6932 605.6921 605.6912 605.6899 605.6883 605.687 605.686 605.6849 605.684 605.6827 605.6817 605.6805 605.679 605.6777 605.6765 605.6755 605.6745 605.6735
605.7023 605.701 605.7001 605.6991 605.6981 605.6971 605.6961 605.6948 605.6933 605.6921 605.6911 605.6901 605.6891 605.688 605.6871 605.6859 605.6843 605.6831 605.6823 605.6811 605.6801 605.679 605.678 605.6768 605.6752 605.6748 605.6733 605.6721 605.6702 605.6693 605.6683 605.6671 605.6663 605.665 605.6635 605.6624 605.6613 605.6599 605.6585 605.6575 605.6566 605.6553 605.6538 605.6525 605.6507 605.6498 605.6488 605.6478 605.6468 605.6456 605.6436 605.642 605.6411 605.64 605.639 605.637 605.6361 605.635 605.6335 605.6322 605.6303 605.6294 605.6284 605.6274
605.6597 605.6584 605.6575 605.6564 605.6554 605.6544 605.6534 605.6522 605.6506 605.6494 605.6484 605.6474 605.6464 605.6454 605.6444 605.6431 605.6415 605.6404 605.6395 605.6384 605.6374 605.6363 605.6353 605.634 605.6325 605.6321 605.6307 605.6294 605.6269 605.626 605.6251 605.6238 605.623 605.6218 605.6203 605.6191 605.6181 605.6166 605.6147 605.6138 605.6128 605.6115 605.61 605.6088 605.6063 605.6054 605.6044 605.6035 605.6024 605.6012 605.5988 605.5972 605.5961 605.5951 605.5941 605.5914 605.5905 605.5895 605.588 605.5867 605.5842 605.5834 605.5823 605.5814
605.6169 605.6157 605.6149 605.6137 605.6127 605.6117 605.6107 605.6094 605.608 605.6067 605.6057 605.6047 605.6037 605.6027 605.6017 605.6005 605.5988 605.5977 605.5968 605.5957 605.5947 605.5936 605.5926 605.5913 605.5898 605.5894 605.588 605.5867 605.5839 605.5827 605.5818 605.5806 605.5798 605.5786 605.577 605.5759 605.5749 605.5734 605.5709 605.5699 605.569 605.5677 605.5662 605.5649 605.5623 605.561 605.5601 605.5591 605.5581 605.5569 605.5538 605.5524 605.5512 605.5502 605.5492 605.5458 605.5449 605.544 605.5425 605.5412 605.5384 605.5375 605.5362 605.5352
605.5743 605.573 605.5722 605.571 605.57 605.569 605.5681 605.5668 605.5652 605.564 605.563 605.562 605.561 605.56 605.559 605.5578 605.5561 605.5551 605.5541 605.553 605.552 605.5508 605.5499 605.5486 605.5471 605.5468 605.5453 605.544 605.5409 605.5394 605.5385 605.5373 605.5365 605.5353 605.5338 605.5327 605.5317 605.5302 605.527 605.5262 605.5252 605.5239 605.5225 605.5212 605.5182 605.5166 605.5157 605.5148 605.5137 605.5125 605.5087 605.5076 605.5063 605.5053 605.5043 605.5005 605.4993 605.4985 605.497 605.4957 605.4926 605.4915 605.4901 605.4891
605.5316 605.5303 605.5295 605.5284 605.5273 605.5264 605.5254 605.5241 605.5226 605.5214 605.5204 605.5193 605.5184 605.5173 605.5164 605.5151 605.5134 605.5124 605.5114 605.5104 605.5093 605.5081 605.5071 605.5059 605.5043 605.5041 605.5026 605.5013 605.4982 605.4961 605.4953 605.494 605.4933 605.4921 605.4905 605.4895 605.4885 605.4869 605.4832 605.4824 605.4814 605.4802 605.4786 605.4774 605.4744 605.4722 605.4714 605.4704 605.4694 605.4682 605.4644 605.4628 605.4614 605.4604 605.4594 605.4552 605.4537 605.453 605.4515 605.4502 605.4471 605.4456 605.444 605.4431
605.489 605.4877 605.4869 605.4857 605.4846 605.4836 605.4827 605.4814 605.4799 605.4786 605.4777 605.4766 605.4756 605.4746 605.4736 605.4724 605.4706 605.4697 605.4686 605.4677 605.4666 605.4654 605.4644 605.4631 605.4616 605.4614 605.4599 605.4586 605.4554 605.4529 605.452 605.4508 605.45 605.4488 605.4473 605.4463 605.4453 605.4437 605.4395 605.4386 605.4376 605.4363 605.4349 605.4336 605.4305 605.428 605.4271 605.4261 605.425 605.4238 605.42 605.4178 605.4165 605.4155 605.4145 605.4102 605.4082 605.4075 605.406 605.4047 605.4016 605.3994 605.3979 605.397
605.4463 605.445 605.4442 605.443 605.442 605.441 605.44 605.4387 605.4372 605.436 605.435 605.434 605.433 605.4319 605.431 605.4297 605.428 605.427 605.426 605.425 605.424 605.4227 605.4217 605.4204 605.4189 605.4186 605.4172 605.416 605.4127 605.4098 605.4088 605.4075 605.4067 605.4055 605.4041 605.4031 605.402 605.4004 605.396 605.3948 605.3938 605.3926 605.3911 605.3898 605.3868 605.3838 605.3827 605.3817 605.3807 605.3795 605.3757 605.3729 605.3716 605.3705 605.3696 605.3652 605.3626 605.3619 605.3605 605.3593 605.3561 605.3531 605.3518 605.3508
605.4036 605.4024 605.4016 605.4003 605.3993 605.3983 605.3973 605.3961 605.3945 605.3933 605.3923 605.3913 605.3903 605.3893 605.3883 605.387 605.3853 605.3843 605.3833 605.3823 605.3813 605.3801 605.379 605.3777 605.3763 605.3759 605.3746 605.3733 605.37 605.3668 605.3655 605.3643 605.3635 605.3623 605.3609 605.3599 605.3588 605.3571 605.3523 605.351 605.35 605.3488 605.3473 605.346 605.343 605.3396 605.3384 605.3373 605.3364 605.3351 605.3314 605.3279 605.3267 605.3256 605.3246 605.3203 605.3171 605.3164 605.315 605.3137 605.3106 605.3069 605.3057 605.3047
605.361 605.3597 605.3588 605.3576 605.3566 605.3556 605.3546 605.3533 605.3519 605.3506 605.3496 605.3486 605.3476 605.3466 605.3456 605.3444 605.3426 605.3416 605.3406 605.3396 605.3386 605.3373 605.3362 605.335 605.3336 605.3332 605.3318 605.3306 605.3273 605.3235 605.3223 605.321 605.3203 605.319 605.3177 605.3167 605.3155 605.3139 605.3084 605.3072 605.3062 605.305 605.3035 605.3022 605.2992 605.2952 605.294 605.293 605.292 605.2908 605.287 605.2828 605.2817 605.2807 605.2797 605.2753 605.2718 605.2708 605.2695 605.2682 605.2651 605.2608 605.2596 605.2587
605.3184 605.3171 605.3162 605.3149 605.3139 605.3129 605.312 605.3107 605.3091 605.3079 605.3069 605.3059 605.3049 605.3039 605.3029 605.3017 605.2999 605.299 605.2979 605.2969 605.2959 605.2947 605.2935 605.2922 605.2909 605.2905 605.2892 605.2879 605.2845 605.2802 605.279 605.2778 605.277 605.2758 605.2745 605.2735 605.2722 605.2706 605.265 605.2634 605.2625 605.2612 605.2597 605.2584 605.2554 605.2508 605.2497 605.2487 605.2477 605.2465 605.2426 605.2379 605.2368 605.2358 605.2348 605.2303 605.2263 605.2253 605.224 605.2227 605.2196 605.2146 605.2136 605.2126
605.2758 605.2745 605.2735 605.2723 605.2712 605.2703 605.2693 605.268 605.2665 605.2653 605.2643 605.2632 605.2623 605.2612 605.2603 605.259 605.2573 605.2563 605.2552 605.2543 605.2532 605.252 605.2508 605.2495 605.2482 605.2477 605.2465 605.2452 605.2418 605.2368 605.2358 605.2345 605.2338 605.2325 605.2313 605.2303 605.229 605.2274 605.2218 605.2196 605.2186 605.2174 605.2159 605.2146 605.2116 605.2063 605.2053 605.2043 605.2033 605.2021 605.1983 605.1932 605.1919 605.1909 605.1899 605.1854 605.1807 605.1797 605.1785 605.1772 605.1741 605.1684 605.1674 605.1664
605.2331 605.2318 605.2308 605.2296 605.2285 605.2275 605.2266 605.2253 605.2238 605.2225 605.2216 605.2205 605.2195 605.2185 605.2175 605.2163 605.2145 605.2136 605.2125 605.2115 605.2105 605.2093 605.208 605.2068 605.2055 605.205 605.2038 605.2025 605.1991 605.1935 605.1925 605.1912 605.1905 605.1893 605.188 605.1871 605.1857 605.1841 605.1785 605.1758 605.1749 605.1736 605.1721 605.1708 605.1678 605.162 605.161 605.16 605.159 605.1578 605.1539 605.1483 605.147 605.1459 605.145 605.1404 605.1351 605.1342 605.133 605.1317 605.1286 605.1225 605.1213 605.1204
605.1904 605.1892 605.1881 605.1869 605.1859 605.1849 605.1839 605.1826 605.1811 605.1799 605.1789 605.1779 605.1769 605.1758 605.1749 605.1736 605.1719 605.1709 605.1699 605.1689 605.1678 605.1666 605.1653 605.1641 605.1628 605.1623 605.1611 605.1599 605.1564 605.1505 605.1493 605.148 605.1473 605.1461 605.1448 605.1439 605.1425 605.1409 605.1353 605.1321 605.131 605.1298 605.1283 605.127 605.124 605.118 605.1166 605.1156 605.1146 605.1134 605.1096 605.1035 605.1021 605.1011 605.1 605.0955 605.0895 605.0887 605.0875 605.0862 605.0831 605.0769 605.0753 605.0743
605.1478 605.1465 605.1454 605.1442 605.1432 605.1422 605.1412 605.14 605.1384 605.1372 605.1362 605.1352 605.1342 605.1332 605.1322 605.131 605.1292 605.1282 605.1272 605.1262 605.1252 605.124 605.1226 605.1213 605.1202 605.1196 605.1185 605.1172 605.1136 605.1077 605.106 605.1047 605.104 605.1028 605.1016 605.1006 605.0992 605.0976 605.092 605.0885 605.0873 605.086 605.0845 605.0833 605.0802 605.0742 605.0723 605.0713 605.0703 605.069 605.0652 605.0591 605.0571 605.0562 605.0551 605.0505 605.0444 605.0431 605.042 605.0407 605.0376 605.0314 605.0292 605.0282
605.1052 605.1039 605.1027 605.1015 605.1005 605.0995 605.0985 605.0972 605.0958 605.0945 605.0935 605.0925 605.0915 605.0905 605.0895 605.0883 605.0865 605.0855 605.0845 605.0835 605.0825 605.0812 605.0798 605.0786 605.0775 605.0768 605.0757 605.0745 605.0709 605.065 605.0627 605.0615 605.0607 605.0595 605.0584 605.0574 605.056 605.0544 605.0488 605.0448 605.0435 605.0422 605.0407 605.0394 605.0364 605.0304 605.028 605.0269 605.0259 605.0247 605.0209 605.0148 605.0122 605.0112 605.0102 605.0056 604.9994 604.9976 604.9965 604.9952 604.9921 604.9859 604.983 604.9821
605.0625 605.0613 605.0601 605.0588 605.0578 605.0568 605.0558 605.0546 605.053 605.0518 605.0508 605.0498 605.0488 605.0478 605.0468 605.0456 605.0438 605.0428 605.0418 605.0408 605.0398 605.0386 605.0371 605.0359 605.0348 605.0341 605.0331 605.0318 605.0282 605.0223 605.0195 605.0182 605.0175 605.0163 605.0152 605.0142 605.0128 605.0111 605.0056 605.001 604.9997 604.9984 604.9969 604.9957 604.9926 604.9866 604.9836 604.9825 604.9816 604.9803 604.9766 604.9705 604.9673 604.9663 604.9653 604.9606 604.9545 604.952 604.951 604.9497 604.9467 604.9404 604.937 604.936
605.0199 605.0186 605.0174 605.0162 605.0151 605.0142 605.0132 605.0119 605.0104 605.0092 605.0082 605.0071 605.0062 605.0051 605.0042 605.0029 605.0012 605.0002 604.9991 604.9982 604.9971 604.9959 604.9944 604.9932 604.9921 604.9914 604.9904 604.9891 604.9855 604.9796 604.9763 604.975 604.9742 604.973 604.972 604.971 604.9695 604.9678 604.9623 604.9572 604.9559 604.9546 604.9531 604.9518 604.9489 604.9428 604.9393 604.9382 604.9373 604.936 604.9322 604.9261 604.9224 604.9214 604.9203 604.9156 604.9095 604.9065 604.9055 604.9042 604.9011 604.8949 604.8909 604.8898
604.9772 604.976 604.9747 604.9735 604.9725 604.9715 604.9705 604.9692 604.9677 604.9665 604.9655 604.9645 604.9635 604.9625 604.9615 604.9602 604.9585 604.9575 604.9565 604.9555 604.9545 604.9532 604.9517 604.9505 604.9495 604.9487 604.9477 604.9465 604.9427 604.9368 604.933 604.9318 604.931 604.9298 604.9288 604.9277 604.9262 604.9246 604.919 604.9135 604.9121 604.9108 604.9093 604.9081 604.905 604.899 604.8949 604.8939 604.8929 604.8917 604.8878 604.8818 604.8775 604.8765 604.8754 604.8707 604.8645 604.8609 604.8599 604.8588 604.8557 604.8494 604.8448 604.8437
604.9346 604.9333 604.932 604.9308 604.9297 604.9288 604.9278 604.9265 604.925 604.9238 604.9228 604.9218 604.9208 604.9197 604.9188 604.9175 604.9158 604.9148 604.9138 604.9128 604.9117 604.9105 604.909 604.9078 604.9067 604.9059 604.905 604.9037 604.9 604.8941 604.8898 604.8885 604.8878 604.8866 604.8856 604.8845 604.883 604.8813 604.8758 604.8702 604.8683 604.867 604.8655 604.8643 604.8613 604.8552 604.8505 604.8495 604.8485 604.8473 604.8435 604.8374 604.8326 604.8315 604.8305 604.8257 604.8196 604.8154 604.8143 604.8132 604.8101 604.8039 604.7988 604.7975
604.892 604.8907 604.8893 604.8881 604.8871 604.8861 604.8851 604.8839 604.8823 604.8811 604.8801 604.8791 604.8781 604.8771 604.8761 604.8749 604.8731 604.8721 604.8711 604.8701 604.8691 604.8679 604.8663 604.8651 604.8641 604.8632 604.8622 604.8611 604.8573 604.8514 604.8465 604.8453 604.8445 604.8434 604.8423 604.8412 604.8397 604.8381 604.8325 604.8269 604.8245 604.8232 604.8217 604.8205 604.8174 604.8115 604.8063 604.8052 604.8042 604.803 604.7991 604.793 604.7877 604.7866 604.7856 604.7808 604.7746 604.7698 604.7688 604.7678 604.7646 604.7584 604.7526 604.7514
604.8493 604.8481 604.8467 604.8455 604.8444 604.8434 604.8425 604.8412 604.8397 604.8384 604.8375 604.8364 604.8354 604.8344 604.8334 604.8322 604.8304 604.8295 604.8284 604.8275 604.8264 604.8252 604.8237 604.8224 604.8214 604.8205 604.8195 604.8184 604.8146 604.8087 604.8033 604.8021 604.8012 604.8002 604.7991 604.798 604.7964 604.7949 604.7892 604.7837 604.7807 604.7794 604.778 604.7767 604.7737 604.7676 604.7619 604.7608 604.7598 604.7586 604.7548 604.7487 604.7428 604.7417 604.7407 604.7358 604.7296 604.7243 604.7233 604.7222 604.7191 604.7129 604.7067 604.7053
604.8067 604.8054 604.804 604.8027 604.8017 604.8007 604.7997 604.7985 604.797 604.7957 604.7947 604.7937 604.7927 604.7917 604.7907 604.7895 604.7877 604.7867 604.7857 604.7847 604.7837 604.7825 604.781 604.7797 604.7787 604.7778 604.7768 604.7757 604.7719 604.7659 604.7601 604.7589 604.758 604.757 604.7559 604.7548 604.7532 604.7516 604.746 604.7404 604.7369 604.7357 604.7341 604.7329 604.7299 604.7239 604.7178 604.7165 604.7155 604.7142 604.7104 604.7043 604.701 604.6891 604.6714 604.6702 604.6686 604.6466 604.5831 604.5594 604.5585 604.5529 604.5401 604.4639
604.764 604.7628 604.7613 604.7601 604.759 604.7581 604.7571 604.7558 604.7543 604.7531 604.7521 604.751 604.7501 604.749 604.748 604.7468 604.7451 604.7441 604.743 604.7421 604.741 604.7398 604.7383 604.7371 604.736 604.735 604.7341 604.733 604.7291 604.7275 604.7258 604.6566 604.6384 604.6373 604.6363 604.6351 604.6335 604.6323 604.6313 604.6304 604.5714 604.5205 604.519 604.511 604.5101 604.5033 604.4908 604.4101 604.3918 604.3906 604.3891 604.3879 604.3806 604.3026 604.285 604.2838 604.2821 604.2725 604.209 604.1855 604.1845 604.1663 604.1653 604.09
604.4136 604.4124 604.4108 604.4097 604.4086 604.4077 604.4067 604.4054 604.4039 604.4026 604.4018 604.4115 604.4105 604.4051 604.3976 604.3964 604.3948 604.3937 604.3928 604.38 604.3791 604.3779 604.3763 604.3751 604.3741 604.3731 604.3596 604.3587 604.357 604.3558 604.3375 604.2567 604.2386 604.2375 604.2365 604.2352 604.2337 604.2325 604.2316 604.2307 604.185 604.134 604.1324 604.1113 604.1102 604.1035 604.0866 604.0103 603.992 603.9907 603.9893 603.9882 603.987 603.9161 603.8986 603.8973 603.8956 603.8951 603.835 603.8116 603.8106 603.7798 603.7789 603.7161
604.0396 604.0384 604.0366 604.0356 604.0346 604.0336 604.0327 604.0314 604.0298 604.0286 604.0278 604.0491 604.0482 604.0427 604.0234 604.0224 604.0208 604.0197 604.0188 603.9933 603.9926 603.9913 603.9898 603.9886 603.9875 603.9866 603.9689 603.9589 603.9572 603.9561 603.9273 603.8569 603.8389 603.8376 603.8366 603.8354 603.8339 603.8326 603.8318 603.8309 603.7986 603.7474 603.746 603.7117 603.7104 603.7036 603.6727 603.6104 603.5922 603.5909 603.5895 603.5885 603.5872 603.5295 603.5121 603.5109 603.5092 603.5085 603.4609 603.4376 603.4366 603.3954 603.3924 603.3421
603.6655 603.6642 603.6626 603.6616 603.6606 603.6596 603.6586 603.6573 603.6558 603.6546 603.6539 603.6868 603.6858 603.6804 603.6492 603.6483 603.6469 603.6456 603.6448 603.6068 603.606 603.6048 603.6033 603.6021 603.601 603.6 603.5823 603.559 603.5574 603.5563 603.5153 603.457 603.439 603.4378 603.4368 603.4355 603.4341 603.4329 603.432 603.4312 603.4122 603.361 603.3596 603.3121 603.3105 603.3038 603.2587 603.2106 603.1923 603.191 603.1898 603.1888 603.1873 603.1431 603.1255 603.1243 603.1228 603.122 603.0869 603.0637 603.0627 603.0214 603.0059 602.9682
603.2913 603.2901 603.2885 603.2875 603.2865 603.2855 603.2845 603.2833 603.2817 603.2805 603.287 603.3245 603.3235 603.3181 603.2751 603.2743 603.2728 603.2715 603.2708 603.2206 603.2195 603.2183 603.2168 603.2156 603.2145 603.2136 603.1959 603.1592 603.1577 603.1566 603.1155 603.0572 603.0392 603.038 603.0369 603.0357 603.0344 603.0332 603.0322 603.0314 603.0258 602.9744 602.9732 602.9122 602.9107 602.9039 602.8448 602.8107 602.7925 602.7912 602.79 602.7891 602.7875 602.7565 602.7391 602.7378 602.7364 602.7357 602.7128 602.6898 602.6888 602.6473 602.6194 602.5942
