samples/sfe_221/sfe_221_v0/sfe_221_v0/sfe_221_v0.asc
ncols         392
nrows         245
xllcorner     90
yllcorner     51
cellsize      0.4
NODATA_value  -9999
[rows 56 to 83 of 245, columns 64 to 127 of 392]
600.581 600.5505 600.5201 600.4898 600.4588 600.4282 600.3977 600.371 600.3449 600.3155 600.2838 600.251 600.2198 600.1943 600.1679 600.1381 600.1082 600.0783 600.053 600.0267 599.9972 599.9686 599.9454 599.9156 599.783 599.629 599.455 599.291 599.188 599.176 599.297 599.335 599.349 599.236 599.177 599.125 599.184 599.285 599.328 599.315 599.224 599.09 599.036 599.1 599.209 599.283 599.27 599.199 599.161 599.173 599.199 599.255 599.345 599.407 599.465 599.482 599.478 599.434 599.44 599.469 599.495 599.537 599.667 599.6686
600.5576 600.5272 600.4967 600.4664 600.436 600.4047 600.3741 600.3436 600.3168 600.2906 600.26 600.2281 600.1953 600.1645 600.139 600.1106 600.0807 600.0508 600.021 599.996 599.9664 599.9368 599.918 599.659 599.681 599.522 599.303 599.107 599.009 599.043 599.076 599.19 599.215 599.218 599.167 599.171 599.205 599.257 599.294 599.295 599.203 599.075 599.017 599.081 599.192 599.282 599.299 599.255 599.228 599.237 599.219 599.211 599.25 599.329 599.411 599.456 599.425 599.339 599.318 599.341 599.351 599.381 599.455 599.551
600.5342 600.5038 600.4734 600.4429 600.4125 600.3823 600.3506 600.3199 600.2896 600.2625 600.2357 600.2043 600.1724 600.1396 600.1092 600.0831 600.0533 600.0234 599.9935 599.9637 599.9356 599.687 599.611 599.517 599.418 599.296 599.151 599.028 599.005 598.968 599.009 599.048 599.109 599.112 599.115 599.123 599.136 599.157 599.175 599.181 599.112 599.021 599.006 599.092 599.204 599.311 599.33 599.294 599.27 599.275 599.223 599.151 599.161 599.248 599.356 599.416 599.388 599.308 599.269 599.28 599.254 599.248 599.308 599.416
600.5089 600.4804 600.45 600.4196 600.389 600.3587 600.3284 600.2966 600.2659 600.2354 600.2082 600.1799 600.1487 600.1167 600.0839 600.0539 600.0258 599.996 599.9661 599.9395 599.565 599.558 599.336 599.245 599.165 599.101 599.102 599.056 599.024 599.024 599.005 599.006 599.003 599.009 599.023 599.031 599.047 599.067 599.078 599.081 599.044 599.007 599.028 599.122 599.231 599.311 599.31 599.25 599.216 599.219 599.173 599.124 599.15 599.247 599.36 599.431 599.434 599.378 599.342 599.345 599.296 599.245 599.269 599.361
600.4845 600.4541 600.4266 600.3962 600.3657 600.3352 600.3049 600.2747 600.2424 600.2117 600.1813 600.1539 600.1242 600.0931 600.061 600.0281 599.9984 599.9685 599.9485 599.693 599.535 599.347 599.176 598.996 598.993 598.977 599.006 599.047 599.072 599.064 599.032 598.979 598.938 598.934 598.947 598.997 599.009 599.022 599.031 599.072 599.034 599 599.038 599.151 599.271 599.328 599.292 599.203 599.157 599.16 599.132 599.127 599.188 599.298 599.41 599.512 599.533 599.513 599.482 599.484 599.407 599.32 599.309 599.382
600.4604 600.4297 600.4003 600.3727 600.3425 600.312 600.2814 600.2511 600.2209 600.1884 600.1577 600.1273 600.0996 600.0687 600.0375 600.0053 599.9724 599.956 599.826 599.604 599.431 599.19 598.965 598.849 598.807 598.827 598.91 598.997 599.038 599.054 599.004 598.925 598.906 598.915 598.997 599.044 599.082 599.148 599.152 599.154 599.111 599.113 599.104 599.157 599.23 599.287 599.264 599.177 599.135 599.138 599.127 599.152 599.244 599.364 599.474 599.591 599.667 599.654 599.642 599.627 599.565 599.47 599.433 599.471
600.4365 600.4055 600.3749 600.3466 600.3189 600.2886 600.2581 600.2275 600.1973 600.1669 600.1343 600.1036 600.0731 600.0446 600.0131 599.9819 599.963 599.693 599.627 599.453 599.308 599.087 598.898 598.803 598.791 598.814 598.878 598.955 598.976 599.003 598.999 598.938 598.96 599.04 599.116 599.261 599.303 599.302 599.33 599.364 599.317 599.238 599.188 599.264 599.293 599.301 599.268 599.252 599.261 599.256 599.237 599.254 599.338 599.452 599.555 599.666 599.733 599.734 599.688 599.684 599.65 599.579 599.541 599.545
600.4125 600.3816 600.3506 600.3202 600.2929 600.2651 600.2349 600.2043 600.1738 600.1435 600.1127 600.0801 600.0496 600.019 599.989 599.712 599.456 599.426 599.305 599.248 599.157 599.052 598.965 598.926 598.933 598.935 598.974 599.028 599.031 599.082 599.034 599.06 599.084 599.209 599.347 599.431 599.455 599.504 599.473 599.47 599.439 599.466 599.416 599.398 599.401 599.483 599.471 599.456 599.545 599.746 599.739 599.732 599.7256 599.727 599.7266 599.7196 599.7121 599.6981 599.684 599.674 599.667 599.66 599.564 599.545
600.3885 600.3577 600.3267 600.2958 600.2662 600.2393 600.2113 600.181 600.1505 600.12 600.0897 600.0583 600.0261 599.9955 599.659 599.549 599.297 599.227 599.127 599.096 599.069 599.069 599.074 599.068 599.087 599.127 599.177 599.17 599.238 599.312 599.251 599.182 599.283 599.361 599.459 599.629 599.616 599.541 599.545 599.589 599.588 599.587 599.698 599.794 599.787 599.777 599.7746 599.7758 599.7759 599.7761 599.7779 599.7739 599.7663 599.7676 599.7638 599.7568 599.7483 599.7343 599.7202 599.7089 599.6979 599.6841 599.6705 599.6567
600.3677 600.3337 600.3028 600.2719 600.2411 600.2126 600.1855 600.1575 600.1272 600.0967 600.0662 600.0359 600.0041 599.651 599.556 599.383 599.207 599.107 599.026 599.008 599.034 599.088 599.215 599.243 599.294 599.361 599.341 599.405 599.49 599.479 599.521 599.438 599.415 599.59 599.672 599.714 599.675 599.704 599.836 599.829 599.818 599.8173 599.8217 599.8235 599.825 599.8265 599.8224 599.8236 599.8219 599.8189 599.8207 599.8159 599.807 599.8083 599.801 599.7941 599.7845 599.7704 599.7557 599.7439 599.7326 599.7189 599.7055 599.6917
600.3478 600.3145 600.2801 600.2479 600.217 600.1863 600.1589 600.1318 600.1037 600.0733 600.0428 600.0125 599.764 599.48 599.356 599.246 599.175 599.085 599.037 598.991 599.056 599.165 599.333 599.482 599.51 599.603 599.668 599.607 599.57 599.687 599.654 599.887 599.88 599.873 599.8719 599.8757 599.8795 599.8701 599.8722 599.8751 599.8736 599.8691 599.8736 599.8729 599.8745 599.8759 599.8702 599.8715 599.8679 599.8616 599.8634 599.8578 599.8477 599.849 599.8381 599.8314 599.8207 599.8066 599.7903 599.7788 599.7673 599.7536 599.7405 599.7267
600.3204 600.2944 600.2613 600.2269 600.1931 600.1622 600.1322 600.1052 600.0782 600.0499 600.0195 599.719 599.465 599.273 599.23 599.205 599.224 599.205 599.183 599.152 599.137 599.23 599.423 599.639 599.698 599.838 599.839 599.918 599.911 599.9104 599.9152 599.9205 599.9224 599.9242 599.9249 599.9287 599.9325 599.9261 599.9268 599.9297 599.9293 599.921 599.9255 599.9235 599.924 599.9254 599.9181 599.9193 599.9138 599.9044 599.9062 599.8997 599.8883 599.8896 599.8753 599.8686 599.8569 599.8429 599.8253 599.8137 599.8021 599.7883 599.7755 599.7617
600.2919 600.2672 600.2409 600.2081 600.1736 600.1393 600.1073 600.0786 600.0515 600.0245 599.738 599.534 599.286 599.222 599.208 599.273 599.382 599.427 599.394 599.36 599.315 599.367 599.562 599.942 599.939 599.9424 599.9459 599.9492 599.9513 599.9565 599.9622 599.967 599.9736 599.9755 599.9744 599.9817 599.9855 599.9822 599.9814 599.9843 599.9849 599.9761 599.9774 599.9765 599.9734 599.9749 599.9661 599.9672 599.9598 599.9471 599.9489 599.9408 599.929 599.9304 599.9125 599.9057 599.8931 599.8785 599.8603 599.8487 599.8368 599.8231 599.8105 599.7966
600.2634 600.2386 600.214 600.1874 600.1548 600.1204 600.0861 600.0524 600.0248 599.617 599.461 599.392 599.336 599.322 599.348 599.469 599.559 599.691 599.685 599.685 599.963 599.9642 599.9725 599.9769 599.9802 599.9841 599.9875 599.9935 599.9955 599.9976 600.0093 600.0141 600.0248 600.0267 600.0282 600.0347 600.0385 600.0394 600.0359 600.0389 600.0405 600.0316 600.0292 600.0288 600.0229 600.0244 600.0149 600.015 600.0057 599.9899 599.9917 599.9814 599.9697 599.9678 599.9496 599.9427 599.9293 599.9131 599.8953 599.8836 599.8715 599.8578 599.8455 599.8315
600.2361 600.2101 600.1854 600.1608 600.134 600.1016 600.0672 600.0328 599.579 599.406 599.385 599.428 599.49 599.534 599.617 599.765 599.85 599.984 599.9833 599.9899 599.9965 600.0031 600.0114 600.0181 600.0214 600.0258 600.0292 600.0361 600.0399 600.0419 600.0535 600.0612 600.0677 600.0779 600.0798 600.0834 600.0915 600.0953 600.0904 600.0934 600.0961 600.0875 600.0811 600.081 600.0724 600.0739 600.0638 600.0628 600.0517 600.0331 600.0345 600.0221 600.0103 600.005 599.9868 599.9796 599.9655 599.9476 599.9303 599.9185 599.9063 599.8934 599.8804 599.866
600.2096 600.1816 600.1569 600.1323 600.1075 600.0806 600.0484 599.648 599.481 599.429 599.457 599.563 599.75 599.885 600.001 599.994 600 600.0119 600.0231 600.0297 600.0363 600.0428 600.0502 600.0583 600.0626 600.0668 600.0709 600.0762 600.0842 600.0862 600.0941 600.1083 600.113 600.1279 600.131 600.1321 600.1445 600.1483 600.1449 600.148 600.1509 600.1429 600.133 600.1337 600.1218 600.1234 600.1133 600.1107 600.0976 600.0774 600.0772 600.0627 600.051 600.0422 600.024 600.0157 600.0013 599.9822 599.9653 599.9535 599.941 599.9293 599.9155 599.9005
600.1842 600.155 600.1284 600.1037 600.079 600.0543 599.741 599.624 599.556 599.548 599.639 599.78 600.039 600.0086 600.0126 600.0257 600.038 600.0498 600.0617 600.0695 600.076 600.0826 600.0892 600.0972 600.1038 600.1071 600.1126 600.1163 600.1271 600.1305 600.1346 600.1504 600.1602 600.1697 600.1822 600.1833 600.1932 600.2013 600.1994 600.2025 600.2055 600.198 600.1877 600.1865 600.1745 600.1729 600.1628 600.1585 600.1436 600.1219 600.12 600.1035 600.0917 600.0793 600.0612 600.0519 600.0359 600.0169 600.0003 599.9884 599.9757 599.9642 599.9503 599.935
600.1625 600.1298 600.0999 600.0752 600.0505 599.765 599.677 599.64 599.648 599.767 599.865 600.022 600.0245 600.0377 600.0508 600.0639 600.077 600.0876 600.0996 600.1093 600.1158 600.1224 600.1281 600.1364 600.145 600.1483 600.1544 600.1577 600.1674 600.1748 600.1769 600.191 600.2067 600.212 600.2299 600.2353 600.2419 600.2543 600.2547 600.257 600.2601 600.2531 600.2434 600.2391 600.2275 600.2223 600.2123 600.2064 600.1895 600.1679 600.1627 600.1441 600.1323 600.1165 600.0983 600.0881 600.0705 600.0519 600.0353 600.0233 600.0104 599.9992 599.9849 599.9695
600.1395 600.1081 600.0754 600.059 599.669 599.625 599.605 599.611 599.768 600.032 600.0381 600.0505 600.0629 600.0759 600.089 600.1021 600.1152 600.1259 600.1375 600.149 600.1556 600.1622 600.1682 600.1752 600.1824 600.1895 600.1946 600.1995 600.2075 600.2181 600.2211 600.2316 600.2474 600.2591 600.2716 600.2865 600.2906 600.303 600.3111 600.3116 600.3147 600.3083 600.2984 600.2919 600.2805 600.2718 600.2618 600.2542 600.2355 600.2139 600.2055 600.1848 600.1719 600.1537 600.1355 600.1242 600.105 600.0869 600.0703 600.0583 600.0452 600.0342 600.0193 600.004
600.1159 600.0853 600.066 599.619 599.568 599.549 599.584 600.046 600.0425 600.0594 600.0764 600.0892 600.1015 600.1141 600.1272 600.1403 600.1534 600.1656 600.1754 600.1873 600.1954 600.202 600.2085 600.2141 600.2216 600.2307 600.234 600.2411 600.2476 600.2585 600.2654 600.2722 600.288 600.3037 600.3133 600.3318 600.3394 600.3517 600.3641 600.3661 600.3692 600.3634 600.3535 600.3446 600.3335 600.3213 600.3113 600.3021 600.2814 600.2598 600.2482 600.2255 600.2091 600.1909 600.1727 600.1588 600.1396 600.1219 600.1053 600.0932 600.0799 600.0692 600.0538 600.0387
600.0923 600.073 599.726 599.595 599.573 599.595 600.053 600.0615 600.0784 600.0953 600.1123 600.1279 600.1402 600.1525 600.1654 600.1785 600.1917 600.2048 600.2139 600.2252 600.2352 600.2418 600.2484 600.253 600.261 600.2691 600.2752 600.2828 600.2876 600.2986 600.3091 600.3129 600.3286 600.3443 600.358 600.3735 600.3908 600.4005 600.4128 600.415 600.405 600.4418 600.4786 600.4937 600.4826 600.4684 600.4086 600.3489 600.312 600.302 600.291 600.2661 600.2463 600.2281 600.2098 600.1933 600.1742 600.1569 600.1403 600.1281 600.1158 600.1036 600.0884 600.0745
600.08 599.972 599.817 599.708 599.773 600.0615 600.0789 600.0962 600.1143 600.1312 600.1482 600.1652 600.1788 600.1912 600.2036 600.2167 600.2299 600.243 600.2535 600.2631 600.275 600.2816 600.2882 600.2934 600.3002 600.3068 600.3164 600.3224 600.3279 600.3387 600.3494 600.3561 600.3692 600.3849 600.4006 600.4152 600.4337 600.436 600.4729 600.5527 600.6324 600.6819 600.7188 600.739 600.7279 600.7132 600.6534 600.5936 600.5633 600.5018 600.4404 600.36 600.267 600.257 600.247 600.2278 600.2087 600.1919 600.1753 600.1631 600.1519 600.1382 600.1229 600.1103
599.992 600.023 599.959 600.073 600.0787 600.096 600.1134 600.1307 600.1494 600.1672 600.1841 600.201 600.2175 600.2299 600.2422 600.2549 600.2681 600.2812 600.2932 600.3018 600.3129 600.3214 600.3279 600.3338 600.3391 600.3461 600.3557 600.3618 600.3696 600.3788 600.3898 600.4 600.4098 600.4255 600.4412 600.457 600.5045 600.6075 600.701 600.78 600.8598 600.9221 600.9589 600.9844 600.9732 600.9579 600.8982 600.8384 600.8145 600.7531 600.6916 600.6052 600.5206 600.4591 600.3975 600.3285 600.2555 600.216 600.205 600.198 600.188 600.1727 600.1574 600.1461
600.003 600.079 600.08 600.0883 600.1108 600.1306 600.1479 600.1653 600.1826 600.2022 600.22 600.2369 600.2539 600.2686 600.2809 600.2933 600.3063 600.3194 600.3325 600.3415 600.3508 600.3611 600.3677 600.3741 600.3783 600.3854 600.3932 600.4021 600.4109 600.4188 600.4299 600.4404 600.4504 600.4661 600.47 600.6046 600.7322 600.8336 600.9366 601.0074 601.0872 601.1622 601.199 601.2297 601.2185 601.2028 601.143 601.085 601.0658 601.0043 600.9429 600.8505 600.7742 600.7126 600.6511 600.5784 600.5054 600.4636 600.435 600.381 600.327 600.2928 600.2635 600.2197
600.07 600.087 600.0953 600.1179 600.1404 600.163 600.1824 600.1998 600.2172 600.2354 600.2551 600.2729 600.2898 600.3068 600.3196 600.3319 600.3445 600.3576 600.3707 600.3811 600.3898 600.4006 600.4075 600.4141 600.4187 600.4247 600.4312 600.4424 600.4503 600.4589 600.4699 600.4808 600.491 600.5575 600.6965 600.8235 600.9582 601.0596 601.1626 601.2371 601.3146 601.3944 601.4391 601.4751 601.4638 601.4476 601.3878 601.3364 601.317 601.2556 601.1887 601.0956 601.0278 600.9662 600.9013 600.8283 600.7366 600.7092 600.665 600.611 600.5502 600.5164 600.4783 600.4344
600.0977 600.1152 600.1279 600.1474 600.17 600.1925 600.2151 600.2343 600.2516 600.269 600.2892 600.3079 600.3257 600.3427 600.3582 600.3706 600.3829 600.3958 600.4089 600.4208 600.4294 600.4385 600.4473 600.4539 600.459 600.4641 600.4706 600.4798 600.4896 600.499 600.51 600.5389 600.6729 600.7867 600.923 601.0507 601.1771 601.2905 601.3886 601.4846 601.542 601.6218 601.6793 601.7161 601.709 601.6923 601.6326 601.5883 601.5683 601.5068 601.4338 601.3474 601.2814 601.2198 601.1512 601.0782 600.9702 600.9326 600.895 600.841 600.7666 600.7368 600.6931 600.6492
600.1306 600.1484 600.1655 600.1783 600.1995 600.222 600.2446 600.2672 600.2862 600.3035 600.321 600.3422 600.3608 600.3786 600.3955 600.4092 600.4216 600.434 600.4471 600.4603 600.4691 600.4777 600.4871 600.4937 600.4995 600.5036 600.5099 600.5173 600.529 600.5652 600.6438 600.7682 600.9098 601.0288 601.1495 601.2885 601.3961 601.5307 601.6147 601.7177 601.7733 601.8492 601.9194 601.9562 601.9543 601.9371 601.8773 601.8401 601.8196 601.7581 601.679 601.6 601.535 601.4734 601.4012 601.3029 601.2196 601.1724 601.125 601.071 600.9976 600.9516 600.9078 600.864
600.1636 600.1814 600.1992 600.2158 600.2299 600.2516 600.2742 600.2968 600.3193 600.3381 600.3554 600.3749 600.395 600.4136 600.4315 600.4479 600.4603 600.4727 600.4854 600.4985 600.5087 600.5174 600.5262 600.5335 600.5398 600.5439 600.543 600.5976 600.7104 600.8254 600.9073 600.9976 601.1392 601.2708 601.3843 601.515 601.6315 601.7497 601.8489 601.9437 602.0206 602.0766 602.1564 602.1964 602.1996 602.1819 602.1221 602.0918 602.0708 602.0093 601.9242 601.8526 601.7886 601.7241 601.6511 601.5393 601.4681 601.409 601.355 601.2805 601.2037 601.1664 601.1226 601.0505
