samples/sfe_221/sfe_221_v0/sfe_221_v0/sfe_221_v0.asc
ncols         392
nrows         245
xllcorner     90
yllcorner     51
cellsize      0.4
NODATA_value  -9999
[rows 28 to 55 of 245, columns 320 to 383 of 392]
602.9753 602.9682 602.9616 602.9544 602.9477 602.9409 602.934 602.9268 602.92 602.9133 602.9063 602.8992 602.8925 602.8857 602.8786 602.8721 602.8649 602.8582 602.8514 602.8444 602.8373 602.8306 602.8238 602.8167 602.8096 602.8029 602.7962 602.789 602.7825 602.7753 602.7686 602.7619 602.7548 602.7477 602.741 602.7343 602.7271 602.7201 602.7134 602.7067 602.4271 602.0814 601.8375 601.802 601.7665 601.731 601.6954 601.8999 601.971 602.0421 602.3438 -9999 -9999 -9999 -9999 -9999 -9999 -9999 -9999 -9999 -9999 -9999 -9999 -9999
602.9636 602.9568 602.9501 602.9431 602.936 602.9293 602.9225 602.9154 602.9084 602.9017 602.895 602.8877 602.8811 602.8741 602.8672 602.8607 602.8533 602.8466 602.8399 602.8329 602.8257 602.819 602.8123 602.8052 602.7982 602.7915 602.7847 602.7775 602.7709 602.7639 602.757 602.7504 602.7432 602.7364 602.7297 602.7227 602.7155 602.7088 602.7021 602.6805 602.3347 601.989 601.7922 601.7567 601.7212 601.6857 601.6501 601.8593 601.9304 602.0015 602.2555 602.7242 -9999 -9999 -9999 -9999 -9999 -9999 -9999 -9999 -9999 -9999 -9999 -9999
602.9524 602.9451 602.9384 602.9316 602.9246 602.9175 602.9109 602.9042 602.8968 602.8903 602.8834 602.8763 602.8698 602.8625 602.8558 602.8491 602.8419 602.835 602.8284 602.8215 602.8143 602.8076 602.8008 602.7936 602.7867 602.78 602.7731 602.7659 602.7593 602.7525 602.7454 602.7388 602.7318 602.7249 602.7183 602.711 602.7042 602.6975 602.6905 602.5881 602.2423 601.8965 601.7469 601.7114 601.6759 601.6404 601.6049 601.8187 601.8898 601.9609 602.1672 602.6359 -9999 -9999 -9999 -9999 -9999 -9999 -9999 -9999 -9999 -9999 -9999 -9999
602.9407 602.934 602.9266 602.92 602.9133 602.9061 602.8995 602.8925 602.8856 602.8789 602.8718 602.865 602.8583 602.8511 602.8443 602.8376 602.8306 602.8235 602.8168 602.81 602.8028 602.7961 602.7894 602.7822 602.7753 602.7686 602.7616 602.7545 602.7479 602.741 602.7338 602.7271 602.7204 602.7132 602.7065 602.6996 602.6926 602.686 602.6789 602.4957 602.1499 601.8041 601.7017 601.6661 601.6306 601.5951 601.5596 601.7781 601.8492 601.9203 602.0789 602.5475 -9999 -9999 -9999 -9999 -9999 -9999 -9999 -9999 -9999 -9999 -9999 -9999
602.9294 602.9223 602.9155 602.9088 602.9016 602.8948 602.8882 602.8809 602.8741 602.8675 602.8603 602.8535 602.8467 602.8397 602.8327 602.826 602.8192 602.812 602.8053 602.7985 602.7913 602.7846 602.7779 602.7706 602.7639 602.7571 602.7501 602.7431 602.7365 602.7294 602.7224 602.7157 602.7088 602.7017 602.695 602.6883 602.6809 602.6743 602.6676 602.4033 602.0575 601.7117 601.6564 601.6208 601.5853 601.5498 601.5143 601.7375 601.8086 601.8796 601.9905 602.4592 -9999 -9999 -9999 -9999 -9999 -9999 -9999 -9999 -9999 -9999 -9999 -9999
602.9179 602.9109 602.9039 602.8972 602.8903 602.8832 602.8765 602.8696 602.8625 602.8558 602.849 602.8418 602.8351 602.8284 602.8211 602.8145 602.8077 602.8004 602.7938 602.7871 602.7798 602.7731 602.7664 602.7591 602.7524 602.7457 602.7385 602.7317 602.725 602.7178 602.711 602.7043 602.6971 602.6903 602.6837 602.6765 602.6696 602.663 602.6567 602.3109 601.9651 601.6376 601.6111 601.5756 601.54 601.5045 601.469 601.6968 601.7679 601.8391 601.9102 602.3709 -9999 -9999 -9999 -9999 -9999 -9999 -9999 -9999 -9999 -9999 -9999 -9999
602.9061 602.8995 602.8924 602.8855 602.8788 602.8717 602.8648 602.8582 602.851 602.8442 602.8375 602.8303 602.8235 602.8169 602.8096 602.8029 602.7963 602.7889 602.7823 602.7756 602.7683 602.7616 602.7549 602.7476 602.741 602.7343 602.727 602.7203 602.7136 602.7063 602.6996 602.6929 602.6857 602.679 602.6722 602.665 602.6584 602.6515 602.5643 602.2185 601.8727 601.6013 601.5658 601.5303 601.4948 601.4592 601.4238 601.6563 601.7274 601.7985 601.8696 602.2826 -9999 -9999 -9999 -9999 -9999 -9999 -9999 -9999 -9999 -9999 -9999 -9999
602.8947 602.8879 602.881 602.8739 602.8672 602.8605 602.8531 602.8465 602.8398 602.8325 602.8259 602.819 602.812 602.8053 602.7983 602.7913 602.7847 602.7775 602.7708 602.7641 602.7568 602.7501 602.7434 602.7361 602.7295 602.7227 602.7156 602.7089 602.7019 602.6949 602.6883 602.6812 602.6743 602.6677 602.6605 602.6537 602.647 602.6398 602.4719 602.1261 601.7803 601.556 601.5205 601.485 601.4495 601.4139 601.3785 601.6157 601.6868 601.7579 601.8289 602.1943 602.663 -9999 -9999 -9999 -9999 -9999 -9999 -9999 -9999 -9999 -9999 -9999
602.8832 602.8766 602.8694 602.8627 602.856 602.8488 602.8419 602.8352 602.8282 602.8211 602.8145 602.8076 602.8004 602.7937 602.7869 602.7798 602.7731 602.7661 602.7592 602.7526 602.7454 602.7386 602.7319 602.7247 602.7181 602.7111 602.7042 602.6975 602.6903 602.6836 602.6769 602.6696 602.6628 602.6561 602.649 602.642 602.6353 602.6285 602.3795 602.0337 601.6879 601.5107 601.4752 601.4397 601.4042 601.3687 601.3332 601.5751 601.6462 601.7172 601.7883 602.106 602.5747 -9999 -9999 -9999 -9999 -9999 -9999 -9999 -9999 -9999 -9999 -9999
602.8717 602.8648 602.8582 602.851 602.8443 602.8374 602.8304 602.8238 602.8166 602.8099 602.8031 602.796 602.789 602.7823 602.7755 602.7682 602.7615 602.7547 602.7477 602.741 602.7339 602.7271 602.7204 602.7133 602.7066 602.6995 602.6927 602.6861 602.6788 602.672 602.6652 602.6583 602.6511 602.6444 602.6377 602.6305 602.6238 602.6199 602.287 601.9413 601.5955 601.4655 601.4299 601.3944 601.3589 601.3234 601.2879 601.5344 601.6055 601.6766 601.7477 602.0176 602.4864 -9999 -9999 -9999 -9999 -9999 -9999 -9999 -9999 -9999 -9999 -9999
602.8603 602.8532 602.8464 602.8397 602.8326 602.8259 602.8188 602.8121 602.8053 602.7982 602.7916 602.7844 602.7776 602.7709 602.7639 602.7568 602.7501 602.7433 602.7361 602.7295 602.7224 602.7156 602.7089 602.7018 602.6951 602.688 602.6813 602.6745 602.6674 602.6603 602.6536 602.6469 602.6396 602.6331 602.626 602.6192 602.6124 602.5404 602.1946 601.8489 601.5031 601.4202 601.3846 601.3491 601.3136 601.2781 601.2426 601.4938 601.5649 601.636 601.7072 601.9293 602.3981 -9999 -9999 -9999 -9999 -9999 -9999 -9999 -9999 -9999 -9999 -9999
602.8489 602.8419 602.8353 602.8281 602.8212 602.8144 602.8076 602.8004 602.7938 602.7867 602.78 602.7731 602.7661 602.7595 602.7523 602.7454 602.7386 602.7318 602.7246 602.718 602.7109 602.7042 602.6974 602.6903 602.6837 602.6765 602.6697 602.6629 602.656 602.6488 602.6422 602.6352 602.6284 602.6216 602.6145 602.6079 602.6007 602.448 602.1022 601.7565 601.4107 601.3749 601.3394 601.3038 601.2683 601.2328 601.1973 601.4532 601.5244 601.5955 601.6665 601.841 602.3098 -9999 -9999 -9999 -9999 -9999 -9999 -9999 -9999 -9999 -9999 -9999
602.8373 602.8303 602.8235 602.8168 602.8098 602.8031 602.796 602.789 602.7822 602.7754 602.7683 602.7617 602.7545 602.7479 602.7408 602.734 602.7272 602.7203 602.7131 602.7065 602.6995 602.6927 602.6859 602.6788 602.6722 602.665 602.6581 602.6513 602.6445 602.6374 602.6308 602.6236 602.617 602.6099 602.6031 602.5963 602.5894 602.3556 602.0098 601.6641 601.3574 601.3296 601.2941 601.2585 601.2231 601.1876 601.152 601.4127 601.4837 601.5548 601.6259 601.7527 602.2214 602.6901 -9999 -9999 -9999 -9999 -9999 -9999 -9999 -9999 -9999 -9999
602.826 602.819 602.8118 602.8052 602.7982 602.7914 602.7845 602.7776 602.7709 602.7639 602.7567 602.7501 602.7431 602.7363 602.7295 602.7225 602.7158 602.7087 602.7016 602.6949 602.688 602.6812 602.6744 602.6674 602.6608 602.6536 602.6465 602.6398 602.6329 602.626 602.6193 602.6123 602.6057 602.5985 602.5914 602.5847 602.5805 602.2632 601.9174 601.5717 601.3198 601.2843 601.2488 601.2133 601.1778 601.1423 601.1068 601.372 601.4431 601.5142 601.5853 601.6644 602.1331 602.6018 -9999 -9999 -9999 -9999 -9999 -9999 -9999 -9999 -9999 -9999
602.8143 602.8075 602.8006 602.7938 602.7869 602.7797 602.7731 602.7659 602.7593 602.7523 602.7454 602.7386 602.7318 602.7247 602.7181 602.7109 602.7043 602.6972 602.6902 602.6834 602.6765 602.6697 602.6628 602.6559 602.6492 602.6422 602.635 602.6284 602.6213 602.6147 602.6076 602.6008 602.5939 602.5871 602.58 602.5734 602.5165 602.1708 601.825 601.4792 601.2745 601.239 601.2035 601.168 601.1325 601.097 601.0615 601.3314 601.4025 601.4736 601.5447 601.6158 602.0447 602.5135 -9999 -9999 -9999 -9999 -9999 -9999 -9999 -9999 -9999 -9999
602.8027 602.796 602.7889 602.7822 602.7753 602.7684 602.7615 602.7547 602.7476 602.741 602.7339 602.7273 602.7202 602.7131 602.7065 602.6993 602.6927 602.6856 602.6788 602.6719 602.665 602.6582 602.6513 602.6445 602.6376 602.6307 602.6236 602.617 602.6099 602.6033 602.5961 602.5891 602.5824 602.5754 602.5687 602.5617 602.4242 602.0784 601.7326 601.3868 601.2292 601.1937 601.1582 601.1227 601.0872 601.0517 601.0162 601.2908 601.3619 601.433 601.5041 601.5752 601.9564 602.4252 -9999 -9999 -9999 -9999 -9999 -9999 -9999 -9999 -9999 -9999
602.7913 602.7847 602.7776 602.7704 602.7639 602.7568 602.7502 602.7431 602.736 602.7294 602.7223 602.7157 602.7086 602.7017 602.6949 602.6879 602.6812 602.6742 602.6673 602.6605 602.6536 602.6467 602.6398 602.6329 602.6261 602.6192 602.6122 602.6055 602.5985 602.5917 602.5848 602.5777 602.5711 602.564 602.5574 602.5503 602.3318 601.986 601.6402 601.2944 601.184 601.1484 601.1129 601.0775 601.0419 601.0064 600.9709 601.2502 601.3213 601.3924 601.4635 601.5346 601.8681 602.3369 -9999 -9999 -9999 -9999 -9999 -9999 -9999 -9999 -9999 -9999
602.7799 602.7729 602.7662 602.7593 602.7524 602.7455 602.7385 602.7317 602.7248 602.7179 602.711 602.704 602.6972 602.6904 602.6835 602.6766 602.6696 602.6628 602.6559 602.649 602.6421 602.6352 602.6283 602.6214 602.6145 602.6077 602.6008 602.5939 602.587 602.5801 602.5732 602.5663 602.5594 602.5525 602.5456 602.5411 602.2394 601.8936 601.5478 601.202 601.1387 601.1031 601.0677 601.0322 600.9966 600.9611 600.9256 601.2096 601.2807 601.3518 601.4229 601.494 601.7798 602.2485 -9999 -9999 -9999 -9999 -9999 -9999 -9999 -9999 -9999 -9999
602.7683 602.7614 602.7546 602.7476 602.741 602.7339 602.7269 602.7202 602.7131 602.7066 602.6995 602.6924 602.6859 602.6788 602.6721 602.6652 602.6581 602.6514 602.6444 602.6375 602.6306 602.6237 602.6168 602.6099 602.603 602.5961 602.5894 602.5823 602.5753 602.5687 602.5616 602.555 602.5479 602.5408 602.5343 602.4927 602.147 601.8012 601.4554 601.1122 601.0934 601.0579 601.0224 600.9869 600.9514 600.9158 600.8803 601.169 601.2401 601.3112 601.3823 601.4534 601.6915 602.1602 602.6289 -9999 -9999 -9999 -9999 -9999 -9999 -9999 -9999 -9999
602.7569 602.7499 602.7433 602.7363 602.7292 602.7226 602.7156 602.7087 602.7018 602.6949 602.6879 602.681 602.6743 602.6672 602.6606 602.6536 602.6465 602.64 602.6329 602.6261 602.6191 602.6122 602.6053 602.5983 602.5916 602.5845 602.5779 602.5709 602.5638 602.5573 602.5502 602.5435 602.5365 602.5295 602.5226 602.4003 602.0546 601.7088 601.363 601.0772 601.0481 601.0126 600.9771 600.9416 600.9061 600.8705 600.835 601.1284 601.1995 601.2706 601.3417 601.4128 601.6031 602.0719 602.5406 -9999 -9999 -9999 -9999 -9999 -9999 -9999 -9999 -9999
602.7456 602.7386 602.7315 602.7248 602.7178 602.7109 602.704 602.6973 602.6903 602.6832 602.6766 602.6697 602.6628 602.6558 602.649 602.642 602.6349 602.6284 602.6213 602.6146 602.6077 602.6008 602.5938 602.5869 602.5801 602.5731 602.5665 602.5595 602.5524 602.5457 602.5387 602.5318 602.5248 602.5182 602.5112 602.3079 601.9622 601.6164 601.2706 601.0383 601.0028 600.9673 600.9318 600.8963 600.8608 600.8253 600.7898 601.0878 601.1589 601.23 601.3011 601.3722 601.5148 601.9836 602.4523 -9999 -9999 -9999 -9999 -9999 -9999 -9999 -9999 -9999
602.7338 602.7271 602.7202 602.7132 602.7062 602.6996 602.6926 602.6856 602.6788 602.6719 602.665 602.658 602.6515 602.6445 602.6374 602.6306 602.6236 602.6169 602.6098 602.6031 602.5962 602.5892 602.5823 602.5753 602.5687 602.5616 602.5549 602.5479 602.5411 602.5341 602.527 602.5205 602.5135 602.5066 602.5018 602.2155 601.8698 601.524 601.1782 600.993 600.9575 600.9221 600.8865 600.851 600.8155 600.78 600.7445 601.0472 601.1183 601.1894 601.2605 601.3316 601.4265 601.8953 602.364 -9999 -9999 -9999 -9999 -9999 -9999 -9999 -9999 -9999
602.7224 602.7155 602.7086 602.7019 602.6949 602.6879 602.6811 602.6741 602.6674 602.6603 602.6536 602.6467 602.6398 602.6328 602.6258 602.6192 602.6122 602.6053 602.5983 602.5917 602.5847 602.5778 602.5707 602.5638 602.5573 602.5502 602.5433 602.5363 602.5297 602.5227 602.5157 602.5089 602.5019 602.4951 602.4689 602.1231 601.7773 601.4316 601.0858 600.9478 600.9123 600.8768 600.8412 600.8057 600.7702 600.7347 600.6992 601.0066 601.0777 601.1488 601.2198 601.291 601.3621 601.8069 602.2756 -9999 -9999 -9999 -9999 -9999 -9999 -9999 -9999 -9999
602.711 602.7041 602.6971 602.6901 602.6835 602.6765 602.6696 602.6627 602.6559 602.6489 602.6422 602.6352 602.6282 602.6213 602.6144 602.6077 602.6007 602.5938 602.5868 602.5803 602.5732 602.5663 602.5593 602.5523 602.5457 602.5388 602.5318 602.5248 602.5182 602.5112 602.5043 602.4974 602.4904 602.4836 602.3765 602.0307 601.6849 601.3392 600.9934 600.9025 600.867 600.8315 600.796 600.7604 600.7249 600.6895 600.6539 600.966 601.0371 601.1082 601.1793 601.2504 601.3215 601.7186 602.1873 -9999 -9999 -9999 -9999 -9999 -9999 -9999 -9999 -9999
602.7023 602.6924 602.6858 602.6788 602.6719 602.6649 602.6583 602.6512 602.6444 602.6375 602.6305 602.6236 602.6166 602.61 602.603 602.5961 602.5891 602.5824 602.5754 602.5687 602.5618 602.5548 602.5478 602.5408 602.5342 602.5272 602.5204 602.5134 602.5065 602.4995 602.493 602.486 602.4791 602.4721 602.2841 601.9383 601.5925 601.2468 600.901 600.8572 600.8217 600.7862 600.7507 600.7151 600.6796 600.6442 600.6086 600.9254 600.9965 601.0676 601.1387 601.2098 601.2809 601.6303 602.099 602.5677 -9999 -9999 -9999 -9999 -9999 -9999 -9999 -9999
602.6908 602.681 602.6744 602.6673 602.6605 602.6536 602.6466 602.6396 602.6327 602.626 602.6189 602.6123 602.6053 602.5984 602.5915 602.5847 602.5776 602.571 602.564 602.5572 602.5502 602.5433 602.5363 602.5294 602.5226 602.5156 602.509 602.502 602.4951 602.4882 602.4813 602.4742 602.4677 602.4624 602.1917 601.8459 601.5001 601.1544 600.832 600.812 600.7764 600.7409 600.7054 600.6699 600.6344 600.5989 600.5634 600.8848 600.9559 601.027 601.0981 601.1692 601.2402 601.542 602.0107 602.4794 -9999 -9999 -9999 -9999 -9999 -9999 -9999 -9999
602.6824 602.6712 602.6625 602.6558 602.6487 602.6421 602.635 602.6284 602.6213 602.6145 602.6076 602.6006 602.5937 602.587 602.5799 602.5733 602.5662 602.5595 602.5526 602.5457 602.5387 602.5318 602.5248 602.5179 602.511 602.5041 602.4974 602.4903 602.4837 602.4766 602.4698 602.463 602.456 602.4451 602.0992 601.7535 601.4077 601.062 600.797 600.7667 600.7311 600.6956 600.6601 600.6246 600.5891 600.5536 600.5181 600.8442 600.9153 600.9864 601.0574 601.1285 601.1996 601.4537 601.9224 602.3911 -9999 -9999 -9999 -9999 -9999 -9999 -9999 -9999
602.6741 602.6608 602.6512 602.6443 602.6374 602.6306 602.6235 602.6168 602.6097 602.6031 602.596 602.5894 602.5823 602.5756 602.5685 602.5618 602.5548 602.5479 602.541 602.5341 602.5272 602.5203 602.5134 602.5065 602.4996 602.4927 602.4858 602.4788 602.472 602.465 602.4583 602.4512 602.4446 602.3527 602.0068 601.6611 601.3153 600.9695 600.7569 600.7214 600.6859 600.6503 600.6148 600.5793 600.5438 600.5083 600.4728 600.8036 600.8746 600.9457 601.0168 601.088 601.1591 601.3654 601.834 602.3028 -9999 -9999 -9999 -9999 -9999 -9999 -9999 -9999
