samples/sfe_221/sfe_221_v0/sfe_221_v0/sfe_221_v0.asc
ncols         392
nrows         245
xllcorner     90
yllcorner     51
cellsize      0.4
NODATA_value  -9999
[rows 112 to 139 of 245, columns 256 to 319 of 392]
602.8297 602.8194 602.8091 602.799 602.7887 602.7784 602.7682 602.758 602.7477 602.7375 602.7273 602.717 602.7068 602.6966 602.6863 602.6761 602.6659 602.6556 602.6454 602.6352 602.6249 602.6147 602.6045 602.5942 602.584 602.5738 602.5635 602.5533 602.5431 602.5328 602.5226 602.5124 602.5021 602.4919 602.4817 602.4714 602.4612 602.451 602.4407 602.4305 602.4203 602.41 602.3998 602.3896 602.3793 602.3691 602.3589 602.3487 602.3384 602.3282 602.318 602.3077 602.2975 602.2873 602.277 602.2668 602.2566 602.2463 602.2357 602.2252 602.2147 602.2042 602.1937 602.1832
602.8324 602.8221 602.812 602.8017 602.7914 602.7813 602.771 602.7607 602.7505 602.7403 602.73 602.7198 602.7096 602.6993 602.6891 602.6789 602.6686 602.6584 602.6482 602.638 602.6277 602.6175 602.6073 602.597 602.5868 602.5766 602.5663 602.5561 602.5459 602.5356 602.5254 602.5152 602.5049 602.4947 602.4845 602.4742 602.464 602.4537 602.4432 602.4327 602.4222 602.4117 602.4012 602.3906 602.3801 602.3696 602.3591 602.3486 602.3381 602.3276 602.317 602.3065 602.296 602.2855 602.275 602.2645 602.254 602.2434 602.2329 602.2224 602.2119 602.2014 602.1909 602.1804
602.8352 602.825 602.8147 602.8045 602.7943 602.784 602.7738 602.7635 602.7533 602.7431 602.7328 602.7226 602.7124 602.7021 602.6919 602.6817 602.6714 602.6612 602.6508 602.6402 602.6297 602.6192 602.6086 602.5981 602.5876 602.5771 602.5666 602.5561 602.5456 602.535 602.5245 602.514 602.5035 602.493 602.4825 602.472 602.4614 602.4509 602.4404 602.4299 602.4194 602.4089 602.3984 602.3878 602.3773 602.3668 602.3563 602.3458 602.3353 602.3248 602.3142 602.3037 602.2932 602.2827 602.2722 602.2617 602.2512 602.2406 602.2301 602.2196 602.2091 602.1985 602.188 602.1776
602.8372 602.8267 602.8162 602.8057 602.7951 602.7846 602.7741 602.7636 602.7531 602.7426 602.7321 602.7216 602.711 602.7005 602.69 602.6794 602.6689 602.6584 602.6479 602.6374 602.6269 602.6164 602.6058 602.5953 602.5848 602.5743 602.5638 602.5533 602.5428 602.5322 602.5217 602.5112 602.5007 602.4902 602.4797 602.4692 602.4586 602.4481 602.4376 602.4271 602.4166 602.4061 602.3956 602.385 602.3745 602.364 602.3535 602.343 602.3325 602.322 602.3114 602.3009 602.2904 602.2799 602.2693 602.2589 602.2484 602.2378 602.2273 602.2168 602.2063 602.1957 602.1852 602.1747
602.8344 602.8239 602.8134 602.8029 602.7923 602.7818 602.7713 602.7608 602.7502 602.7397 602.7292 602.7187 602.7082 602.6977 602.6872 602.6766 602.6661 602.6556 602.6451 602.6346 602.6241 602.6136 602.603 602.5925 602.582 602.5715 602.561 602.5505 602.54 602.5294 602.5189 602.5084 602.4979 602.4874 602.4769 602.4664 602.4558 602.4453 602.4348 602.4243 602.4138 602.4033 602.3928 602.3822 602.3717 602.3612 602.3507 602.3401 602.3297 602.3192 602.3086 602.2981 602.2876 602.2771 602.2665 602.256 602.2455 602.235 602.2245 602.214 602.2035 602.1929 602.1824 602.1719
602.8318 602.8213 602.8108 602.8002 602.7897 602.7792 602.7687 602.7582 602.7477 602.7372 602.7266 602.7161 602.7056 602.6951 602.6846 602.6741 602.6636 602.653 602.6425 602.632 602.6215 602.611 602.6005 602.59 602.5794 602.5689 602.5584 602.5479 602.5374 602.5269 602.5164 602.5058 602.4953 602.4848 602.4743 602.4637 602.4532 602.4427 602.4322 602.4217 602.4112 602.4007 602.3901 602.3796 602.3691 602.3586 602.3481 602.3376 602.3271 602.3165 602.306 602.2955 602.285 602.2745 602.264 602.2535 602.2429 602.2324 602.2219 602.2114 602.2009 602.1904 602.1799 602.1693
602.8305 602.8195 602.8086 602.7977 602.7872 602.7766 602.7661 602.7556 602.7451 602.7346 602.7241 602.7136 602.703 602.6925 602.682 602.6715 602.6609 602.6505 602.64 602.6294 602.6189 602.6084 602.5979 602.5873 602.5768 602.5663 602.5558 602.5453 602.5348 602.5243 602.5137 602.5032 602.4927 602.4822 602.4717 602.4612 602.4507 602.4401 602.4296 602.4191 602.4086 602.3981 602.3876 602.3771 602.3665 602.356 602.3455 602.335 602.3245 602.314 602.3035 602.2929 602.2824 602.2719 602.2614 602.2509 602.2404 602.2299 602.2193 602.2088 602.1983 602.1877 602.1772 602.1667
602.8334 602.8225 602.8115 602.8006 602.7897 602.7787 602.7678 602.7568 602.7458 602.7349 602.7239 602.713 602.702 602.6911 602.6801 602.6692 602.6584 602.6479 602.6373 602.6268 602.6163 602.6058 602.5953 602.5848 602.5743 602.5637 602.5532 602.5427 602.5322 602.5217 602.5112 602.5007 602.4901 602.4796 602.4691 602.4586 602.4481 602.4376 602.4271 602.4165 602.406 602.3955 602.385 602.3745 602.364 602.3535 602.3429 602.3324 602.3219 602.3114 602.3008 602.2903 602.2798 602.2693 602.2588 602.2483 602.2378 602.2272 602.2167 602.2062 602.1957 602.1852 602.1747 602.1642
602.8364 602.8254 602.8145 602.8035 602.7926 602.7817 602.7707 602.7598 602.7488 602.7379 602.7269 602.7159 602.705 602.694 602.6831 602.6721 602.6612 602.6502 602.6393 602.6284 602.6174 602.6064 602.5955 602.5845 602.5735 602.5626 602.5517 602.5407 602.5298 602.5191 602.5086 602.498 602.4875 602.4771 602.4665 602.456 602.4455 602.435 602.4244 602.4139 602.4034 602.3929 602.3824 602.3719 602.3614 602.3508 602.3403 602.3298 602.3193 602.3088 602.2983 602.2878 602.2772 602.2667 602.2562 602.2457 602.2352 602.2247 602.2142 602.2036 602.1931 602.1826 602.1721 602.1616
602.8394 602.8284 602.8174 602.8065 602.7956 602.7846 602.7737 602.7627 602.7518 602.7408 602.7299 602.7189 602.7079 602.697 602.686 602.6751 602.6641 602.6532 602.6423 602.6313 602.6204 602.6094 602.5984 602.5875 602.5765 602.5656 602.5546 602.5437 602.5327 602.5218 602.5108 602.4999 602.4889 602.478 602.467 602.4561 602.4451 602.4341 602.4232 602.4122 602.4013 602.3904 602.3798 602.3693 602.3588 602.3483 602.3378 602.3272 602.3167 602.3062 602.2957 602.2852 602.2747 602.2642 602.2536 602.2431 602.2326 602.222 602.2115 602.201 602.1906 602.18 602.1695 602.159
602.8423 602.8314 602.8204 602.8095 602.7985 602.7876 602.7766 602.7657 602.7547 602.7438 602.7328 602.7219 602.7109 602.7 602.689 602.678 602.6671 602.6561 602.6452 602.6343 602.6233 602.6124 602.6014 602.5905 602.5795 602.5685 602.5576 602.5466 602.5357 602.5247 602.5138 602.5028 602.4919 602.481 602.47 602.459 602.4481 602.4371 602.4261 602.4152 602.4042 602.3933 602.3824 602.3714 602.3605 602.3495 602.3386 602.3276 602.3167 602.3057 602.2947 602.2838 602.2728 602.2619 602.251 602.2405 602.23 602.2195 602.209 602.1985 602.1879 602.1774 602.1669 602.1564
602.8453 602.8344 602.8234 602.8124 602.8015 602.7905 602.7796 602.7686 602.7577 602.7467 602.7358 602.7249 602.7139 602.7029 602.692 602.681 602.67 602.6591 602.6482 602.6372 602.6263 602.6153 602.6044 602.5934 602.5825 602.5715 602.5605 602.5496 602.5386 602.5277 602.5167 602.5058 602.4948 602.4839 602.473 602.462 602.451 602.4401 602.4291 602.4182 602.4072 602.3963 602.3853 602.3744 602.3634 602.3525 602.3415 602.3306 602.3196 602.3087 602.2977 602.2867 602.2758 602.2648 602.2539 602.2429 602.232 602.2211 602.2101 602.1992 602.1882 602.1772 602.1663 602.1553
602.8477 602.8367 602.8256 602.8146 602.8035 602.7925 602.7814 602.7704 602.7593 602.7483 602.7372 602.7262 602.7151 602.7041 602.6931 602.682 602.671 602.6599 602.6489 602.6378 602.6268 602.6157 602.6047 602.5936 602.5826 602.5715 602.5604 602.5494 602.5383 602.5273 602.5162 602.5052 602.4941 602.4831 602.472 602.461 602.45 602.4389 602.4279 602.4168 602.4058 602.3947 602.3837 602.3726 602.3616 602.3505 602.3395 602.3284 602.3174 602.3063 602.2953 602.2842 602.2732 602.2621 602.2511 602.2401 602.229 602.218 602.2069 602.1959 602.1848 602.1738 602.1627 602.1517
602.8502 602.839 602.8278 602.8167 602.8055 602.7943 602.7831 602.772 602.7608 602.7496 602.7385 602.7273 602.7162 602.705 602.6938 602.6827 602.6715 602.6603 602.6492 602.638 602.6268 602.6157 602.6045 602.5933 602.5822 602.571 602.5599 602.5487 602.5375 602.5264 602.5152 602.504 602.4929 602.4817 602.4705 602.4594 602.4482 602.437 602.4258 602.4147 602.4036 602.3924 602.3812 602.3701 602.3589 602.3477 602.3365 602.3254 602.3142 602.303 602.2919 602.2807 602.2696 602.2584 602.2473 602.2361 602.2249 602.2137 602.2026 602.1914 602.1802 602.1691 602.1579 602.1467
602.8528 602.8416 602.8303 602.819 602.8077 602.7964 602.7852 602.7739 602.7626 602.7514 602.7401 602.7288 602.7175 602.7063 602.695 602.6837 602.6725 602.6612 602.6499 602.6387 602.6274 602.6161 602.6049 602.5936 602.5823 602.571 602.5598 602.5485 602.5372 602.5259 602.5146 602.5034 602.4921 602.4808 602.4695 602.4583 602.447 602.4357 602.4245 602.4132 602.4019 602.3906 602.3794 602.3681 602.3568 602.3456 602.3343 602.323 602.3118 602.3005 602.2892 602.278 602.2667 602.2554 602.2441 602.2328 602.2216 602.2103 602.199 602.1877 602.1765 602.1652 602.1539 602.1426
602.8557 602.8442 602.8329 602.8215 602.8101 602.7987 602.7874 602.7759 602.7646 602.7532 602.7418 602.7304 602.719 602.7076 602.6962 602.6849 602.6735 602.662 602.6507 602.6393 602.6279 602.6165 602.6052 602.5938 602.5824 602.571 602.5596 602.5482 602.5368 602.5255 602.514 602.5027 602.4913 602.4799 602.4685 602.4571 602.4457 602.4343 602.423 602.4116 602.4002 602.3888 602.3774 602.366 602.3546 602.3433 602.3318 602.3205 602.3091 602.2977 602.2863 602.2749 602.2635 602.2521 602.2408 602.2294 602.218 602.2066 602.1953 602.1838 602.1724 602.1611 602.1497 602.144
602.8574 602.846 602.8346 602.8231 602.8117 602.8003 602.7889 602.7775 602.7661 602.7546 602.7432 602.7318 602.7203 602.7089 602.6975 602.6861 602.6747 602.6633 602.6519 602.6404 602.629 602.6176 602.6061 602.5947 602.5833 602.5719 602.5605 602.5491 602.5376 602.5262 602.5148 602.5034 602.4919 602.4805 602.4691 602.4577 602.4463 602.4348 602.4234 602.412 602.4006 602.3892 602.3777 602.3663 602.3549 602.3434 602.332 602.3206 602.3092 602.2978 602.2864 602.275 602.2635 602.2521 602.2407 602.2292 602.2178 602.2064 602.195 602.1836 602.1722 602.1608 602.151 601.9407
602.8596 602.8481 602.8367 602.8253 602.8139 602.8025 602.7911 602.7797 602.7682 602.7568 602.7454 602.7339 602.7225 602.7111 602.6997 602.6883 602.6769 602.6655 602.654 602.6426 602.6312 602.6198 602.6083 602.5969 602.5855 602.5741 602.5626 602.5512 602.5398 602.5284 602.517 602.5056 602.4941 602.4827 602.4713 602.4598 602.4484 602.437 602.4256 602.4142 602.4028 602.3914 602.3799 602.3685 602.3571 602.3456 602.3342 602.3228 602.3114 602.3001 602.2889 602.2771 602.2652 602.2532 602.2413 602.2294 602.2175 602.2056 602.1937 602.1817 602.1698 602.16 601.9512 601.7374
602.8618 602.8503 602.8389 602.8275 602.8161 602.8047 602.7933 602.7818 602.7704 602.759 602.7476 602.7361 602.7247 602.7133 602.7019 602.6905 602.679 602.6676 602.6562 602.6448 602.6334 602.6219 602.6105 602.5991 602.5876 602.5762 602.5648 602.5534 602.542 602.5306 602.5192 602.5078 602.4963 602.4849 602.4734 602.4622 602.4508 602.4395 602.4283 602.4171 602.4051 602.3932 602.3813 602.3694 602.3574 602.3455 602.3336 602.3217 602.3098 602.2979 602.2859 602.274 602.2621 602.2501 602.2382 602.2263 602.2144 602.2025 602.1906 602.1786 602.167 602.0411 601.7513 601.4659
602.864 602.8525 602.8411 602.8297 602.8183 602.8068 602.7954 602.784 602.7726 602.7612 602.7498 602.7383 602.7269 602.7155 602.704 602.6926 602.6812 602.6698 602.6584 602.647 602.6356 602.6242 602.6129 602.6016 602.5902 602.579 602.5678 602.5566 602.545 602.5331 602.5212 602.5093 602.4974 602.4855 602.4735 602.4616 602.4497 602.4377 602.4258 602.4139 602.402 602.3901 602.3782 602.3663 602.3543 602.3424 602.3305 602.3185 602.3066 602.2947 602.2828 602.2709 602.259 602.247 602.2351 602.2232 602.2112 602.1993 602.1874 602.1755 602.0335 601.7627 601.5515 601.2418
602.8661 602.8547 602.8433 602.8318 602.8204 602.809 602.7976 602.7863 602.7749 602.7636 602.7523 602.7409 602.7296 602.7184 602.7073 602.6961 602.6849 602.6731 602.6612 602.6492 602.6373 602.6254 602.6135 602.6016 602.5897 602.5777 602.5658 602.5539 602.5419 602.53 602.5181 602.5062 602.4943 602.4824 602.4705 602.4585 602.4466 602.4347 602.4227 602.4108 602.3989 602.387 602.3751 602.3632 602.3512 602.3393 602.3274 602.3154 602.3035 602.2916 602.2797 602.2678 602.2559 602.2439 602.232 602.2201 602.2082 602.1962 602.1843 602.0144 601.7642 601.4876 601.3135 601.042
602.8691 602.8579 602.8467 602.8355 602.8243 602.813 602.8011 602.7892 602.7773 602.7654 602.7534 602.7415 602.7296 602.7177 602.7057 602.6938 602.6819 602.67 602.6581 602.6461 602.6342 602.6223 602.6104 602.5984 602.5865 602.5746 602.5627 602.5508 602.5388 602.5269 602.515 602.5031 602.4911 602.4792 602.4673 602.4554 602.4435 602.4316 602.4196 602.4077 602.3958 602.3839 602.3719 602.36 602.3481 602.3362 602.3243 602.3123 602.3004 602.2885 602.2766 602.2646 602.2527 602.2408 602.2289 602.217 602.2051 602.1931 602.0226 601.6933 601.4641 601.2184 600.9581 600.8257
602.8695 602.8576 602.8457 602.8337 602.8218 602.8099 602.798 602.7861 602.7742 602.7623 602.7503 602.7384 602.7265 602.7145 602.7026 602.6907 602.6788 602.6669 602.655 602.643 602.6311 602.6192 602.6072 602.5953 602.5834 602.5715 602.5596 602.5477 602.5358 602.5238 602.5119 602.5 602.488 602.4761 602.4642 602.4523 602.4404 602.4285 602.4165 602.4046 602.3927 602.3807 602.3688 602.3569 602.345 602.3331 602.3212 602.3093 602.2973 602.2854 602.2735 602.2615 602.2496 602.2377 602.2258 602.2139 602.202 602.0233 601.7028 601.3715 601.043 600.9487 600.6723 600.5089
602.8735 602.8615 602.8494 602.8373 602.8252 602.8132 602.8011 602.789 602.7769 602.7648 602.7527 602.7407 602.7286 602.7165 602.7044 602.6923 602.6802 602.6682 602.6561 602.644 602.6319 602.6198 602.6077 602.5956 602.5836 602.5715 602.5594 602.5474 602.5353 602.5232 602.5111 602.499 602.4869 602.4749 602.4628 602.4507 602.4386 602.4265 602.4144 602.4023 602.3903 602.3782 602.3661 602.354 602.3419 602.3298 602.3178 602.3057 602.2936 602.2816 602.2695 602.2574 602.2453 602.2332 602.2211 602.209 602.0113 601.6288 601.3405 601.0524 600.7219 600.5514 600.403 600.1535
602.8738 602.8606 602.8476 602.8347 602.8217 602.8087 602.7961 602.7841 602.772 602.7599 602.7478 602.7357 602.7237 602.7116 602.6995 602.6874 602.6754 602.6633 602.6512 602.6391 602.627 602.6149 602.6028 602.5908 602.5787 602.5666 602.5545 602.5424 602.5303 602.5182 602.5062 602.4941 602.4821 602.47 602.4579 602.4458 602.4337 602.4216 602.4095 602.3975 602.3854 602.3733 602.3612 602.3491 602.337 602.325 602.3129 602.3008 602.2887 602.2766 602.2645 602.2524 602.2404 602.2283 602.2162 601.9948 601.6357 601.2527 600.9786 600.7001 600.4008 600.1374 600.0421 599.8572
602.8802 602.8671 602.8541 602.8409 602.8279 602.8148 602.8017 602.7886 602.7756 602.7625 602.7493 602.7361 602.723 602.7098 602.6968 602.6838 602.6709 602.6583 602.6462 602.6342 602.6221 602.61 602.598 602.5859 602.5738 602.5617 602.5496 602.5375 602.5255 602.5134 602.5013 602.4892 602.4771 602.465 602.4529 602.4409 602.4288 602.4167 602.4046 602.3926 602.3805 602.3684 602.3563 602.3442 602.3322 602.3201 602.308 602.2959 602.2838 602.2717 602.2596 602.2476 602.2355 602.2234 602.0052 601.5728 601.1971 600.8773 600.4945 600.3203 600.0598 599.7504 599.6387 599.5328
602.8863 602.8732 602.8602 602.847 602.834 602.8209 602.8078 602.7947 602.7817 602.7686 602.7555 602.7424 602.7293 602.7162 602.7032 602.6901 602.677 602.6639 602.6508 602.6378 602.6247 602.6116 602.5985 602.5854 602.5723 602.5591 602.546 602.5331 602.5206 602.5085 602.4964 602.4843 602.4722 602.4601 602.4481 602.436 602.4239 602.4118 602.3997 602.3876 602.3755 602.3635 602.3514 602.3393 602.3272 602.3151 602.3031 602.291 602.2789 602.2668 602.2548 602.2427 602.2305 602.0117 601.5815 601.1519 600.7197 600.4387 600.1187 599.8443 599.6375 599.4194 599.2318 599.1295
602.8924 602.8793 602.8663 602.8531 602.8401 602.827 602.8139 602.8008 602.7878 602.7747 602.7616 602.7485 602.7354 602.7224 602.7093 602.6962 602.6831 602.67 602.6569 602.6439 602.6308 602.6177 602.6046 602.5916 602.5784 602.5654 602.5523 602.5392 602.5261 602.5131 602.4999 602.4869 602.4738 602.4607 602.4476 602.4346 602.4214 602.4083 602.3953 602.3828 602.3707 602.3586 602.3465 602.3344 602.3223 602.3102 602.2982 602.2861 602.274 602.2619 602.2498 602.239 602.022 601.5906 601.1584 600.7283 600.2985 599.9377 599.6802 599.3602 599.1942 598.9971 598.779 598.776
