samples/sfe_221/sfe_221_v0/sfe_221_v0/sfe_221_v0.asc
ncols         392
nrows         245
xllcorner     90
yllcorner     51
cellsize      0.4
NODATA_value  -9999
[rows 196 to 223 of 245, columns 320 to 383 of 392]
598.8465 598.8658 598.8872 598.9086 598.9319 599.0691 599.3179 599.5205 599.7123 599.9033 600.0913 600.267 600.4834 600.6888 600.8586 601.0542 601.3032 601.4835 601.6874 601.9111 602.1592 602.299 602.3 602.3039 602.3083 602.3129 602.3174 602.3218 602.3264 602.3303 602.3348 602.3405 602.346 602.3505 602.3561 602.3633 602.368 602.3732 602.378 602.3853 602.39 602.3948 602.4026 602.407 602.4117 602.4186 602.4235 602.4285 602.4357 602.442 602.4482 602.4554 602.4625 602.4689 602.475 602.4813 602.489 602.4963 602.5057 -9999 -9999 -9999 -9999 -9999
598.8776 598.9027 598.9231 598.9445 599.0809 599.3393 599.5734 599.8152 600.0071 600.1989 600.3895 600.5693 600.7472 600.97 601.1607 601.3457 601.5591 601.808 602.0002 602.2041 602.3025 602.3081 602.3138 602.3194 602.321 602.3255 602.33 602.3345 602.339 602.3434 602.3456 602.3525 602.3576 602.3624 602.3672 602.3751 602.3799 602.3848 602.3896 602.3971 602.4017 602.4064 602.4138 602.4188 602.4233 602.4302 602.4351 602.4401 602.4473 602.4536 602.46 602.4671 602.4742 602.4804 602.4866 602.4928 602.5008 602.5081 -9999 -9999 -9999 -9999 -9999 -9999
598.9117 598.9339 598.959 599.0987 599.3462 599.6042 599.8476 600.0776 600.3018 600.4937 600.6851 600.8715 601.0472 601.2338 601.4565 601.6408 601.8329 602.064 602.313 602.3107 602.3163 602.322 602.3276 602.3332 602.3336 602.3381 602.3426 602.3471 602.3516 602.3561 602.3564 602.3643 602.3692 602.3743 602.379 602.3861 602.3915 602.3964 602.4013 602.4089 602.4135 602.418 602.4249 602.4304 602.4349 602.4418 602.4467 602.4518 602.4589 602.4651 602.4716 602.4788 602.4858 602.4919 602.4982 602.5047 602.5126 602.5198 -9999 -9999 -9999 -9999 -9999 -9999
598.9418 598.965 599.1033 599.3858 599.6439 599.8697 600.1278 600.3483 600.5822 600.7884 600.9802 601.1713 601.3494 601.5252 601.7203 601.9382 602.1279 602.32 602.3188 602.3245 602.3301 602.3358 602.3414 602.347 602.348 602.3507 602.3552 602.3597 602.3642 602.3687 602.3712 602.3752 602.3808 602.3864 602.3908 602.3971 602.4031 602.408 602.4132 602.4202 602.4253 602.4298 602.436 602.4421 602.4465 602.4533 602.4583 602.4634 602.4705 602.4768 602.4833 602.4904 602.4973 602.5035 602.5098 602.5168 602.5243 602.5323 -9999 -9999 -9999 -9999 -9999 -9999
598.972 599.1092 599.3895 599.6713 599.9529 600.1674 600.3932 600.6515 600.849 601.0831 601.275 601.4668 601.6517 601.8274 602.0032 602.2069 602.327 602.3304 602.3326 602.3383 602.3439 602.3495 602.3552 602.3608 602.3654 602.3633 602.3679 602.3723 602.3768 602.3813 602.3858 602.386 602.3928 602.3979 602.4026 602.4081 602.415 602.4197 602.4251 602.431 602.4371 602.4417 602.4471 602.4538 602.4583 602.4648 602.4699 602.4751 602.4821 602.4884 602.495 602.5021 602.5089 602.5151 602.5213 602.5287 602.5361 602.5452 -9999 -9999 -9999 -9999 -9999 -9999
599.1223 599.4148 599.6769 599.9573 600.2394 600.4982 600.691 600.9167 601.1522 601.3497 601.5697 601.7615 601.9531 602.1296 602.3054 602.3356 602.3422 602.3465 602.3499 602.3521 602.3577 602.3633 602.369 602.3746 602.3802 602.376 602.3805 602.3849 602.3895 602.394 602.3984 602.3969 602.4047 602.4095 602.4145 602.4193 602.427 602.4316 602.4367 602.4418 602.4486 602.4534 602.4585 602.4654 602.4699 602.4764 602.4815 602.4868 602.4937 602.5 602.5067 602.5138 602.5204 602.5267 602.5328 602.5405 602.5478 -9999 -9999 -9999 -9999 -9999 -9999 -9999
599.4739 599.7143 599.9922 600.2447 600.525 600.8072 601.0217 601.2145 601.4401 601.6528 601.8503 602.0563 602.2481 602.341 602.3443 602.3509 602.3574 602.3626 602.366 602.3658 602.3715 602.3771 602.3828 602.3884 602.394 602.3932 602.3931 602.3976 602.4021 602.4066 602.4111 602.412 602.4155 602.4211 602.4265 602.431 602.4382 602.4435 602.4483 602.4532 602.4602 602.4651 602.4701 602.477 602.4816 602.488 602.4931 602.4984 602.5053 602.5116 602.5183 602.5255 602.532 602.5382 602.5444 602.5522 602.5596 -9999 -9999 -9999 -9999 -9999 -9999 -9999
599.8629 600.0472 600.3063 600.5599 600.8124 601.0931 601.3524 601.5452 601.738 601.9561 602.1535 602.351 602.3508 602.3562 602.3595 602.3661 602.3727 602.3787 602.3821 602.3818 602.3853 602.3909 602.3965 602.4022 602.4078 602.4106 602.4057 602.4102 602.4147 602.4192 602.4237 602.428 602.4264 602.433 602.4383 602.4429 602.4492 602.455 602.46 602.4649 602.4719 602.4767 602.4817 602.4886 602.4933 602.4995 602.5047 602.5101 602.5169 602.5232 602.53 602.5372 602.5436 602.5497 602.5562 602.564 602.5718 -9999 -9999 -9999 -9999 -9999 -9999 -9999
600.244 600.4697 600.6309 600.8984 601.1276 601.3801 601.6611 601.8759 602.0687 602.2615 602.358 602.3633 602.3687 602.374 602.3784 602.3813 602.3879 602.3945 602.3983 602.4008 602.3991 602.4047 602.4103 602.416 602.4216 602.4273 602.421 602.4229 602.4273 602.4318 602.4363 602.4408 602.4372 602.445 602.4499 602.4547 602.4601 602.4667 602.4716 602.4766 602.4838 602.4883 602.4933 602.5001 602.505 602.511 602.5163 602.5217 602.5285 602.5349 602.5417 602.5488 602.5551 602.5613 602.5683 602.5757 602.5847 -9999 -9999 -9999 -9999 -9999 -9999 -9999
600.6072 600.8746 601.0366 601.2146 601.4709 601.6952 601.9478 602.2067 602.3665 602.3673 602.3752 602.3812 602.3865 602.3919 602.3972 602.3965 602.4031 602.4097 602.4144 602.4177 602.413 602.4185 602.4241 602.4298 602.4354 602.4411 602.4384 602.4355 602.4399 602.4445 602.4489 602.4534 602.453 602.4559 602.4615 602.4666 602.4713 602.4787 602.4833 602.4885 602.4956 602.5001 602.5049 602.5118 602.5167 602.5226 602.5279 602.5334 602.5402 602.5464 602.5533 602.5605 602.5667 602.5729 602.5802 602.5875 -9999 -9999 -9999 -9999 -9999 -9999 -9999 -9999
600.8875 601.2557 601.4654 601.6057 601.7983 602.0386 602.2629 602.3715 602.3775 602.3845 602.3925 602.399 602.4044 602.4097 602.4151 602.4124 602.4183 602.4249 602.4305 602.4338 602.432 602.4323 602.438 602.4436 602.4492 602.4549 602.4557 602.4488 602.4526 602.4571 602.4615 602.4661 602.4689 602.4667 602.4732 602.4786 602.4831 602.4902 602.4952 602.5003 602.5064 602.5118 602.5165 602.5236 602.5283 602.5341 602.5395 602.545 602.5518 602.558 602.5651 602.572 602.5782 602.5845 602.592 602.5992 -9999 -9999 -9999 -9999 -9999 -9999 -9999 -9999
601.2231 601.5422 601.8862 602.0324 602.1895 602.382 602.3817 602.3892 602.3965 602.4017 602.4097 602.4169 602.4222 602.4276 602.433 602.4329 602.4335 602.4401 602.4467 602.45 602.451 602.4461 602.4518 602.4574 602.4631 602.4687 602.4731 602.4661 602.4652 602.4697 602.4742 602.4787 602.4832 602.478 602.4852 602.4902 602.4949 602.5012 602.507 602.5119 602.5172 602.5237 602.5281 602.5353 602.5399 602.5457 602.5511 602.5567 602.5634 602.5696 602.5767 602.5836 602.5898 602.596 602.6037 602.6113 -9999 -9999 -9999 -9999 -9999 -9999 -9999 -9999
601.6962 601.9278 602.2237 602.389 602.3923 602.3975 602.4008 602.4082 602.4156 602.419 602.4269 602.4348 602.4401 602.4454 602.4508 602.4532 602.4487 602.4553 602.4619 602.4661 602.4694 602.4633 602.4656 602.4712 602.4769 602.4825 602.4882 602.4836 602.4778 602.4823 602.4868 602.4913 602.4958 602.494 602.4963 602.5018 602.5067 602.5122 602.5186 602.5235 602.5286 602.5353 602.5399 602.547 602.5515 602.5572 602.5627 602.5684 602.575 602.5812 602.5884 602.5952 602.6014 602.6076 602.6155 602.6242 -9999 -9999 -9999 -9999 -9999 -9999 -9999 -9999
602.1694 602.401 602.3995 602.4066 602.4133 602.4187 602.4218 602.4272 602.4347 602.4401 602.4442 602.4521 602.4579 602.4633 602.4687 602.4738 602.4669 602.4705 602.4771 602.4822 602.4855 602.4822 602.4794 602.485 602.4907 602.4963 602.502 602.5007 602.4939 602.4949 602.4995 602.5039 602.5084 602.5099 602.5071 602.5134 602.5187 602.5234 602.5304 602.5352 602.5402 602.5469 602.5517 602.5582 602.5631 602.5687 602.5743 602.58 602.5865 602.5929 602.6 602.6067 602.6129 602.6198 602.6272 -9999 -9999 -9999 -9999 -9999 -9999 -9999 -9999 -9999
602.4073 602.4145 602.4207 602.4277 602.4344 602.441 602.4436 602.4464 602.4537 602.4612 602.4614 602.4693 602.4758 602.4811 602.4865 602.4919 602.4873 602.4857 602.4923 602.4988 602.5016 602.5012 602.4944 602.4988 602.5045 602.5101 602.5157 602.5181 602.5114 602.5076 602.5121 602.5165 602.5211 602.5255 602.5189 602.5255 602.5305 602.5352 602.5422 602.5469 602.5519 602.5586 602.5635 602.5693 602.5747 602.5803 602.5859 602.5917 602.5981 602.6046 602.6118 602.6183 602.6245 602.6317 602.639 -9999 -9999 -9999 -9999 -9999 -9999 -9999 -9999 -9999
602.4302 602.4374 602.4418 602.4488 602.4559 602.462 602.4648 602.4654 602.4728 602.4802 602.4786 602.4865 602.4944 602.499 602.5044 602.5097 602.5077 602.5009 602.5075 602.5141 602.5178 602.5203 602.5134 602.5126 602.5182 602.5239 602.5295 602.5352 602.5288 602.5218 602.5247 602.5292 602.5337 602.5381 602.5349 602.5366 602.5421 602.547 602.5532 602.5588 602.5638 602.5704 602.5751 602.5804 602.5864 602.5918 602.5975 602.6033 602.6098 602.6163 602.6234 602.6298 602.636 602.6434 602.6508 -9999 -9999 -9999 -9999 -9999 -9999 -9999 -9999 -9999
602.4532 602.4603 602.4629 602.47 602.477 602.4831 602.4861 602.4859 602.4919 602.4993 602.5008 602.5038 602.5117 602.5168 602.5222 602.5276 602.5281 602.5212 602.5227 602.5293 602.5339 602.5373 602.5324 602.5264 602.532 602.5377 602.5433 602.549 602.5458 602.5392 602.5373 602.5418 602.5463 602.5508 602.5509 602.5474 602.5537 602.5588 602.5642 602.5704 602.5755 602.5818 602.5867 602.5918 602.5981 602.6033 602.6091 602.6149 602.6214 602.6279 602.6351 602.6414 602.6476 602.6552 602.6637 -9999 -9999 -9999 -9999 -9999 -9999 -9999 -9999 -9999
602.4761 602.4832 602.4854 602.4911 602.4981 602.5042 602.5074 602.5095 602.5109 602.5184 602.5233 602.521 602.5289 602.5347 602.5401 602.5454 602.5486 602.5418 602.5379 602.5445 602.5511 602.5534 602.5515 602.5446 602.5458 602.5515 602.5571 602.5627 602.5633 602.5565 602.5499 602.5544 602.5589 602.5634 602.5666 602.5598 602.5657 602.5709 602.5754 602.5822 602.5871 602.5927 602.5984 602.6035 602.6098 602.6149 602.6207 602.6266 602.633 602.6396 602.6467 602.653 602.6592 602.6669 -9999 -9999 -9999 -9999 -9999 -9999 -9999 -9999 -9999 -9999
602.499 602.5061 602.5109 602.5122 602.5192 602.5252 602.5305 602.5322 602.53 602.5374 602.5449 602.5391 602.5461 602.5536 602.5579 602.5633 602.5687 602.5623 602.5552 602.5597 602.5663 602.5695 602.5705 602.5635 602.5596 602.5653 602.5709 602.5765 602.5807 602.574 602.5668 602.567 602.5715 602.576 602.5805 602.5758 602.577 602.5825 602.5872 602.5941 602.5987 602.6038 602.6102 602.6151 602.6215 602.6265 602.6323 602.6382 602.6446 602.6513 602.6583 602.6645 602.6712 602.6787 -9999 -9999 -9999 -9999 -9999 -9999 -9999 -9999 -9999 -9999
602.5219 602.529 602.5361 602.5333 602.5403 602.5474 602.5529 602.5535 602.55 602.5565 602.564 602.5615 602.5634 602.5713 602.5758 602.5811 602.5865 602.5825 602.5757 602.575 602.5815 602.5856 602.589 602.5826 602.5759 602.5791 602.5847 602.5904 602.596 602.591 602.5842 602.5797 602.5842 602.5887 602.5931 602.5917 602.5878 602.5941 602.5991 602.6053 602.6105 602.6154 602.6219 602.6266 602.6331 602.638 602.6439 602.6499 602.6562 602.663 602.6699 602.6761 602.6831 602.6904 -9999 -9999 -9999 -9999 -9999 -9999 -9999 -9999 -9999 -9999
602.5448 602.5519 602.559 602.555 602.5615 602.5685 602.5739 602.5748 602.5735 602.5756 602.583 602.5842 602.5806 602.5886 602.5936 602.599 602.6044 602.603 602.5962 602.5901 602.5967 602.6033 602.6051 602.6017 602.595 602.5929 602.5985 602.6042 602.6098 602.6085 602.6016 602.5948 602.5968 602.6013 602.6058 602.6076 602.6006 602.606 602.611 602.6163 602.6224 602.6273 602.6335 602.6382 602.6447 602.6495 602.6555 602.6615 602.6678 602.6747 602.6814 602.6876 602.6949 602.7032 -9999 -9999 -9999 -9999 -9999 -9999 -9999 -9999 -9999 -9999
602.5677 602.5748 602.5819 602.5805 602.5826 602.5897 602.595 602.596 602.5972 602.5946 602.6021 602.6067 602.5999 602.6058 602.6116 602.6169 602.6222 602.6235 602.6166 602.6097 602.6119 602.6185 602.6212 602.6208 602.6137 602.6069 602.6123 602.618 602.6236 602.6259 602.6191 602.6121 602.6094 602.6139 602.6184 602.6229 602.6168 602.6173 602.6228 602.6275 602.634 602.6391 602.6453 602.65 602.6563 602.6611 602.6671 602.6731 602.6794 602.6863 602.693 602.6992 602.7067 -9999 -9999 -9999 -9999 -9999 -9999 -9999 -9999 -9999 -9999 -9999
602.5906 602.5977 602.6049 602.6061 602.6038 602.6108 602.616 602.6194 602.6208 602.614 602.6211 602.6285 602.6222 602.623 602.6309 602.6347 602.6401 602.6439 602.637 602.6302 602.6271 602.6337 602.6373 602.6399 602.6328 602.626 602.6261 602.6318 602.6374 602.6431 602.6362 602.6295 602.6224 602.6265 602.631 602.6355 602.6326 602.6282 602.6344 602.6393 602.6458 602.6507 602.6571 602.6617 602.6679 602.6727 602.6787 602.6848 602.691 602.698 602.7045 602.7108 602.7184 -9999 -9999 -9999 -9999 -9999 -9999 -9999 -9999 -9999 -9999 -9999
602.6172 602.6206 602.6277 602.6316 602.6249 602.6319 602.639 602.6435 602.6422 602.6376 602.6402 602.6476 602.6448 602.6403 602.6482 602.6526 602.6579 602.6633 602.6574 602.6506 602.6436 602.6489 602.6552 602.6568 602.6519 602.6451 602.6399 602.6456 602.6512 602.6569 602.6537 602.6467 602.6398 602.6392 602.6436 602.6481 602.6486 602.6415 602.6462 602.6511 602.6573 602.6623 602.6681 602.6735 602.6796 602.6843 602.6903 602.6964 602.7026 602.7097 602.7161 602.7227 602.7302 -9999 -9999 -9999 -9999 -9999 -9999 -9999 -9999 -9999 -9999 -9999
602.6442 602.6435 602.6506 602.6571 602.6502 602.653 602.6601 602.6647 602.6634 602.6613 602.6592 602.6667 602.6674 602.6607 602.6654 602.6704 602.6758 602.6812 602.6778 602.671 602.6641 602.6641 602.6707 602.6729 602.6711 602.664 602.6573 602.6594 602.665 602.6707 602.6709 602.6642 602.6573 602.6518 602.6563 602.6608 602.6642 602.6577 602.6577 602.6631 602.6683 602.6741 602.6791 602.6851 602.6913 602.6959 602.7019 602.7079 602.7142 602.7214 602.7277 602.7346 602.7427 -9999 -9999 -9999 -9999 -9999 -9999 -9999 -9999 -9999 -9999 -9999
602.6711 602.6664 602.6735 602.6807 602.6757 602.6742 602.6812 602.6858 602.6847 602.6849 602.6783 602.6857 602.6901 602.683 602.6826 602.6906 602.6936 602.699 602.6984 602.6916 602.6846 602.6793 602.6859 602.689 602.6899 602.6829 602.6764 602.6732 602.6788 602.6844 602.6884 602.6813 602.6747 602.6677 602.6689 602.6734 602.6779 602.6734 602.6685 602.6747 602.6796 602.6859 602.6907 602.6968 602.7027 602.7076 602.7135 602.7195 602.7259 602.733 602.7392 602.7463 -9999 -9999 -9999 -9999 -9999 -9999 -9999 -9999 -9999 -9999 -9999 -9999
602.6979 602.6909 602.6965 602.7036 602.7012 602.6953 602.7023 602.7069 602.7085 602.7086 602.7018 602.7048 602.7122 602.7056 602.6999 602.7078 602.7115 602.7169 602.7187 602.7118 602.705 602.6979 602.7011 602.7067 602.7085 602.7021 602.6952 602.6884 602.6926 602.6982 602.7039 602.6989 602.6919 602.685 602.6815 602.686 602.6905 602.6896 602.6824 602.6864 602.6913 602.6975 602.7026 602.7086 602.7138 602.7192 602.7251 602.7311 602.7376 602.7446 602.7508 602.7581 -9999 -9999 -9999 -9999 -9999 -9999 -9999 -9999 -9999 -9999 -9999 -9999
602.7249 602.7179 602.7194 602.7265 602.7267 602.7197 602.7234 602.7305 602.7324 602.7308 602.7252 602.7239 602.7313 602.7283 602.7215 602.725 602.7293 602.7347 602.7393 602.7323 602.7255 602.7185 602.7164 602.7229 602.7246 602.7212 602.7143 602.7073 602.7064 602.712 602.7177 602.716 602.7094 602.7023 602.6953 602.6986 602.7031 602.7052 602.6985 602.6981 602.7032 602.7094 602.7143 602.7202 602.7252 602.7309 602.7367 602.7427 602.7493 602.7561 602.7623 602.7698 -9999 -9999 -9999 -9999 -9999 -9999 -9999 -9999 -9999 -9999 -9999 -9999
