samples/sfe_25/sfe_25_c3/sfe_25_c3/sfe_25_c3.asc
ncols         253
nrows         137
xllcorner     79
yllcorner     53
cellsize      1
NODATA_value  -9999
[rows 87 to 115 of 137, columns 130 to 194 of 253]
601.6692 601.6521 601.6359 601.6144 601.5918 601.5694 601.5453 601.5226 601.4986 601.4722 601.4453 601.4185 601.3893 601.362 601.3332 601.3049 601.272 601.2418 601.2085 601.1776 601.1445 601.1116 601.0773 601.0441 601.0092 600.9729 600.9366 600.9002 600.8629 600.8251 600.79 600.7495 600.7117 600.6744 600.6368 600.5943 600.5547 600.5142 600.4731 600.4326 600.3912 600.3506 600.3099 600.2708 600.2285 600.183 600.1437 600.1025 600.0597 600.0143 599.9679 599.924 599.8854 599.8441 599.797 599.7518 599.7066 599.6425 599.5185 599.364 599.208 599.114 599.0255 598.9515 598.8765
601.7511 601.7339 601.7178 601.6957 601.6733 601.6503 601.6266 601.6031 601.5792 601.5519 601.5248 601.4974 601.4686 601.442 601.4108 601.3832 601.3496 601.3201 601.2856 601.2556 601.221 601.1887 601.1538 601.121 601.0851 601.0482 601.0129 600.9755 600.938 600.9017 600.8644 600.8237 600.7863 600.7496 600.7097 600.6683 600.6284 600.5869 600.5468 600.5063 600.4645 600.4241 600.3824 600.343 600.2995 600.2548 600.2169 600.1746 600.1304 600.085 600.0377 599.9989 599.9578 599.9142 599.8673 599.822 599.7762 599.73 599.6847 599.65 599.479 599.3445 599.184 599.0745 598.9995
601.8331 601.816 601.7997 601.777 601.7548 601.7313 601.7079 601.6836 601.6595 601.6315 601.6043 601.5764 601.5478 601.5214 601.4899 601.4614 601.4272 601.3971 601.3639 601.3336 601.2976 601.2651 601.231 601.197 601.161 601.124 601.0886 601.0512 601.0132 600.9782 600.9389 600.8989 600.8611 600.8243 600.7823 600.7426 600.7021 600.6599 600.6204 600.5789 600.538 600.4974 600.4576 600.4153 600.3696 600.3292 600.289 600.2466 600.2012 600.1547 600.1091 600.0713 600.03 599.9828 599.9374 599.8925 599.8458 599.8004 599.7551 599.7097 599.6627 599.6025 599.4735 599.318 599.1535
601.915 601.8988 601.8811 601.8583 601.8362 601.8122 601.7892 601.7641 601.7395 601.7117 601.6838 601.6555 601.6271 601.5998 601.569 601.5393 601.5049 601.4741 601.4421 601.4103 601.3753 601.3417 601.308 601.2729 601.2366 601.2003 601.1642 601.1266 601.0883 601.0527 601.012 600.9737 600.9362 600.8975 600.8557 600.8164 600.775 600.7345 600.694 600.652 600.6115 600.5694 600.5299 600.4863 600.4415 600.4034 600.3611 600.3173 600.2719 600.2247 600.184 600.1437 600.1 600.0532 600.0076 599.9626 599.9163 599.8708 599.8256 599.7792 599.7332 599.6878 599.6426 599.608 599.4345
601.9969 601.9812 601.9624 601.9396 601.9176 601.8931 601.8697 601.8446 601.8192 601.7916 601.7635 601.7344 601.7063 601.6772 601.6481 601.6169 601.5829 601.5512 601.5204 601.4868 601.4529 601.4182 601.3848 601.3488 601.3118 601.2766 601.2395 601.2018 601.1646 601.1274 601.0859 601.0483 601.0116 600.9703 600.9302 600.8901 600.8472 600.8082 600.7668 600.7254 600.685 600.6435 600.6021 600.5563 600.5146 600.4755 600.4332 600.3881 600.3416 600.2967 600.2572 600.2158 600.1687 600.1232 600.0782 600.0322 599.9866 599.9413 599.8958 599.8488 599.8034 599.7582 599.7129 599.6677 599.6225
602.0789 602.063 602.0437 602.0209 601.9986 601.9741 601.9502 601.9251 601.8988 601.871 601.8433 601.8137 601.7856 601.7546 601.7272 601.6946 601.6624 601.6283 601.5984 601.5634 601.5295 601.4948 601.4607 601.4247 601.3876 601.3527 601.3151 601.2769 601.2411 601.2014 601.161 601.123 601.0851 601.043 601.0043 600.9631 600.9218 600.8818 600.8396 600.7989 600.757 600.7167 600.6732 600.6281 600.5897 600.5475 600.5043 600.4587 600.4117 600.369 600.3297 600.2857 600.239 600.1933 600.1491 600.1027 600.0569 600.0117 599.9653 599.9193 599.8738 599.8286 599.7832 599.738 599.6918
602.1609 602.1451 602.125 602.1022 602.0795 602.055 602.0307 602.0057 601.9785 601.9506 601.9222 601.893 601.8654 601.8328 601.8062 601.7722 601.7397 601.7065 601.676 601.6399 601.6061 601.5718 601.5366 601.5002 601.464 601.4283 601.3904 601.3521 601.3154 601.2745 601.2357 601.1981 601.1583 601.1176 601.0781 601.0353 600.9959 600.9547 600.9128 600.8724 600.8292 600.7889 600.7429 600.7006 600.6619 600.6196 600.575 600.5284 600.4841 600.4431 600.4017 600.3546 600.309 600.2639 600.2187 600.1729 600.1274 600.0819 600.035 599.9894 599.9442 599.8987 599.8535 599.8082 599.7612
602.2428 602.2277 602.2063 602.1835 602.1605 602.1359 602.1112 602.0862 602.0582 602.03 602.0012 601.9722 601.9437 601.912 601.8843 601.8499 601.8168 601.7848 601.7526 601.7167 601.6826 601.6485 601.6125 601.5753 601.5403 601.5035 601.4656 601.4274 601.3903 601.348 601.3102 601.2726 601.231 601.1921 601.1513 601.108 601.0696 601.0272 600.9863 600.9445 600.9036 600.8599 600.8148 600.7751 600.734 600.6912 600.6455 600.5988 600.5544 600.5155 600.4715 600.4249 600.379 600.3356 600.289 600.2431 600.1979 600.1513 600.1054 600.0598 600.0145 599.9689 599.9238 599.8777 599.8315
602.2698 602.2528 602.2355 602.2177 602.2001 602.183 602.1654 602.1473 602.129 602.1096 602.0802 602.0515 602.0211 601.9911 601.9619 601.9275 601.8939 601.863 601.8291 601.7939 601.7592 601.7244 601.6885 601.6513 601.6166 601.579 601.5407 601.5038 601.4639 601.423 601.3848 601.3458 601.3049 601.2661 601.2234 601.1837 601.1426 601.1004 601.0598 601.0165 600.9758 600.9295 600.8869 600.8484 600.8061 600.7619 600.7153 600.6711 600.629 600.5876 600.5404 600.4949 600.4495 600.4052 600.3591 600.3136 600.2679 600.2211 600.1754 600.1301 600.0845 600.0392 599.9939 599.9471 599.9018
602.2936 602.2767 602.2598 602.2419 602.2248 602.2076 602.1902 602.1721 602.1531 602.1342 602.114 602.0937 602.0736 602.054 602.0396 602.0052 601.971 601.9413 601.9056 601.8705 601.8358 601.8004 601.7639 601.7276 601.6924 601.6542 601.6158 601.5784 601.537 601.4976 601.46 601.4189 601.3795 601.3394 601.2957 601.2573 601.215 601.1736 601.1321 601.0903 601.0468 601.0014 600.9606 600.9205 600.8781 600.8323 600.7858 600.742 600.7014 600.6572 600.6107 600.5646 600.5213 600.4753 600.4293 600.384 600.3374 600.2916 600.2457 600.2005 600.1547 600.1096 600.0636 600.0173 599.9721
602.3176 602.3007 602.2841 602.2662 602.2494 602.2322 602.215 602.1971 602.178 602.1593 602.1391 602.1193 602.0991 602.0801 602.0609 602.0404 602.0208 601.9995 601.9822 601.947 601.9122 601.8763 601.8389 601.804 601.7676 601.7294 601.691 601.6533 601.6101 601.5721 601.5334 601.4922 601.454 601.4116 601.3699 601.3305 601.288 601.2471 601.204 601.1626 601.1161 601.0735 601.0349 600.9925 600.9488 600.9021 600.8581 600.814 600.7734 600.7263 600.6807 600.6353 600.5916 600.5454 600.4997 600.454 600.4073 600.3615 600.316 600.2703 600.225 600.1796 600.1329 600.0876 600.0405
602.3415 602.3246 602.3084 602.2905 602.274 602.2568 602.2399 602.222 602.2029 602.1844 602.1641 602.1448 602.1247 602.1062 602.087 602.0663 602.0476 602.026 602.0051 601.9845 601.9627 601.943 601.915 601.8803 601.8429 601.8045 601.7665 601.7264 601.6849 601.6467 601.6066 601.5668 601.5276 601.4838 601.4451 601.403 601.3612 601.3197 601.2761 601.2335 601.188 601.1466 601.1069 601.0646 601.0192 600.9728 600.9297 600.8873 600.843 600.7966 600.7503 600.707 600.6617 600.6154 600.5702 600.5234 600.4775 600.4316 600.3864 600.3405 600.2953 600.2495 600.2031 600.1579 600.1102
602.3654 602.3488 602.3327 602.3148 602.2986 602.2814 602.2646 602.2469 602.2284 602.2095 602.1892 602.1703 602.1503 602.1323 602.1132 602.0928 602.0742 602.0526 602.0319 602.0118 601.9898 601.9683 601.946 601.9247 601.9036 601.8796 601.8414 601.7996 601.7595 601.721 601.6796 601.6413 601.5997 601.5563 601.5184 601.4756 601.4345 601.3916 601.3494 601.3027 601.2602 601.221 601.179 601.1357 601.0889 601.0451 600.9998 600.9593 600.9121 600.8665 600.8209 600.778 600.7316 600.6859 600.6401 600.5934 600.5475 600.502 600.4562 600.4108 600.3652 600.3188 600.2734 600.2256 600.1802
602.3893 602.3732 602.357 602.3391 602.3232 602.306 602.2895 602.2717 602.2539 602.2347 602.2143 602.1959 602.1758 602.1584 602.1393 602.1193 602.1006 602.079 602.0588 602.0389 602.0168 601.9958 601.9736 601.9531 601.9317 601.9092 601.8849 601.861 601.8341 601.7941 601.7541 601.7156 601.6719 601.6318 601.5909 601.5488 601.5073 601.4636 601.4203 601.3747 601.3326 601.2934 601.251 601.206 601.1599 601.1173 601.0732 601.0287 600.9824 600.936 600.8927 600.848 600.8016 600.7563 600.7095 600.6636 600.6176 600.5721 600.5262 600.481 600.4352 600.3888 600.3431 600.2951 600.2501
602.4133 602.3975 602.3813 602.3634 602.3478 602.3307 602.3143 602.2966 602.279 602.2603 602.2406 602.2215 602.2026 602.1846 602.1657 602.1458 602.1272 602.1056 602.0857 602.066 602.0439 602.0234 602.0012 601.9814 601.9598 601.9376 601.9132 601.8902 601.8669 601.8434 601.823 601.7879 601.7441 601.7063 601.6633 601.622 601.5792 601.5363 601.4893 601.4468 601.4066 601.3654 601.3226 601.2758 601.2321 601.1874 601.1451 601.098 601.0523 601.0066 600.9644 600.9179 600.872 600.8262 600.7795 600.7335 600.688 600.642 600.5966 600.5509 600.5047 600.4591 600.4106 600.3651 600.3187
602.4371 602.4219 602.4056 602.3877 602.3725 602.3557 602.3391 602.3215 602.3041 602.2854 602.2669 602.247 602.2294 602.2107 602.1917 602.1722 602.1537 602.1321 602.1126 602.0931 602.0729 602.051 602.0299 602.0098 601.988 601.9659 601.9415 601.9197 601.8962 601.873 601.8482 601.824 601.8002 601.7787 601.7364 601.6948 601.6511 601.6072 601.5613 601.519 601.4799 601.4375 601.3928 601.3469 601.3044 601.259 601.2145 601.1683 601.1216 601.0784 601.0343 600.9877 600.9424 600.8956 600.8495 600.8035 600.758 600.712 600.6667 600.6208 600.5746 600.5283 600.48 600.4351 600.3845
602.4611 602.4464 602.4299 602.412 602.3971 602.3809 602.364 602.3463 602.3293 602.3104 602.2927 602.2726 602.256 602.2368 602.2176 602.1987 602.1802 602.16 602.1395 602.1202 602.1006 602.0785 602.0591 602.0381 602.0169 601.9941 601.9698 601.949 601.9255 601.9027 601.8779 601.8549 601.8312 601.8073 601.7813 601.761 601.7231 601.6761 601.6335 601.5927 601.5519 601.5095 601.4626 601.4192 601.375 601.3309 601.2838 601.2381 601.1923 601.1501 601.1042 601.0582 601.0123 600.9657 600.9195 600.8739 600.8278 600.7823 600.7366 600.6906 600.6449 600.5958 600.55 600.5025 600.4503
602.485 602.4708 602.4542 602.4363 602.4217 602.4061 602.3887 602.3712 602.3544 602.3355 602.3182 602.2981 602.2822 602.2629 602.2435 602.2251 602.2067 602.1869 602.1664 602.1472 602.1282 602.1061 602.0875 602.0665 602.0453 602.0225 601.9999 601.9782 601.9547 601.9324 601.9075 601.8858 601.8623 601.8383 601.8123 601.7874 601.7615 601.7356 601.7056 601.6663 601.624 601.5797 601.5339 601.4915 601.4451 601.4002 601.3541 601.3073 601.264 601.2206 601.1738 601.1286 601.0817 601.0356 600.9895 600.9438 600.8978 600.8524 600.8065 600.7603 600.7133 600.6649 600.6199 600.5682 600.5175
602.5089 602.4952 602.4785 602.461 602.4464 602.4312 602.4136 602.3961 602.3795 602.3606 602.3438 602.3237 602.3083 602.2891 602.2695 602.2518 602.2333 602.2138 602.1942 602.1743 602.1558 602.134 602.1158 602.0952 602.0736 602.0507 602.0301 602.0075 601.984 601.962 601.9371 601.9174 601.8933 601.8694 601.8433 601.8197 601.7938 601.7678 601.743 601.7175 601.696 601.6494 601.6062 601.5626 601.5167 601.4697 601.424 601.378 601.3358 601.2904 601.2443 601.1983 601.1517 601.1055 601.0598 601.0136 600.9681 600.9222 600.8765 600.8306 600.7809 600.7349 600.6862 600.6343 600.5867
602.5328 602.5196 602.5027 602.4858 602.4709 602.4564 602.4384 602.4209 602.4047 602.3856 602.3693 602.3492 602.3344 602.3152 602.2955 602.2795 602.2598 602.2407 602.2228 602.2014 602.1833 602.1616 602.1442 602.1233 602.1026 602.079 602.0593 602.0368 602.0159 601.9917 601.9683 601.9485 601.9244 601.9004 601.8743 601.852 601.826 601.8005 601.7769 601.7513 601.7241 601.6951 601.676 601.6328 601.5859 601.54 601.493 601.4498 601.407 601.36 601.3148 601.2678 601.2216 601.1755 601.1296 601.0836 601.038 600.9922 600.9461 600.8984 600.8499 600.8043 600.7521 600.7031 600.6542
602.5568 602.544 602.527 602.5107 602.4955 602.4813 602.4632 602.4458 602.4297 602.4107 602.3949 602.3748 602.3605 602.3413 602.3228 602.3072 602.2863 602.2676 602.2505 602.2285 602.2109 602.1892 602.1725 602.1514 602.1317 602.1073 602.0885 602.0661 602.0462 602.0214 602.0013 601.9795 601.9554 601.9314 601.9059 601.8843 601.8583 601.8328 601.8107 601.7852 601.7573 601.7288 601.7034 601.6755 601.652 601.6097 601.5637 601.5215 601.4767 601.4304 601.3844 601.3377 601.2915 601.2456 601.1995 601.1537 601.108 601.0621 601.016 600.9659 600.9198 600.87 600.8184 600.7716 600.7227
602.5806 602.5684 602.5514 602.5356 602.5202 602.5061 602.488 602.4706 602.4549 602.4357 602.4205 602.4003 602.3866 602.3674 602.35 602.3345 602.3129 602.2945 602.2776 602.257 602.2385 602.218 602.2009 602.1799 602.16 602.1356 602.1183 602.0953 602.0759 602.051 602.0329 602.0105 601.9874 601.9624 601.9407 601.9166 601.8906 601.8684 601.8445 601.819 601.7919 601.7654 601.7388 601.7104 601.6838 601.6565 601.629 601.5933 601.5462 601.5009 601.4538 601.4076 601.3614 601.3154 601.2693 601.2237 601.1779 601.1318 601.0835 601.0347 600.988 600.9362 600.8887 600.8391 600.7925
602.6046 602.5928 602.5757 602.5604 602.5448 602.5309 602.5133 602.4959 602.48 602.4609 602.446 602.4271 602.4127 602.3943 602.3765 602.361 602.3394 602.3214 602.3047 602.2861 602.2661 602.2477 602.2292 602.2097 602.1883 602.166 602.1481 602.1246 602.1055 602.0807 602.0638 602.0416 602.0194 601.9934 601.9747 601.9488 601.9229 601.9039 601.8783 601.8526 601.8256 601.8009 601.7743 601.7458 601.7206 601.6935 601.6636 601.6335 601.606 601.5704 601.5237 601.4775 601.4315 601.3853 601.3394 601.2936 601.2478 601.201 601.1511 601.1047 601.054 601.004 600.9565 600.9074 600.8624
602.6285 602.6172 602.6 602.5853 602.5694 602.5558 602.5388 602.5217 602.5051 602.4872 602.4716 602.4539 602.4388 602.4207 602.403 602.3875 602.3674 602.3483 602.3318 602.3151 602.2936 602.2774 602.2576 602.2381 602.2166 602.1971 602.1774 602.1542 602.1352 602.1104 602.0946 602.0726 602.0504 602.0244 602.007 601.9811 601.9563 601.9377 601.9122 601.8857 601.8593 601.8364 601.8102 601.7847 601.7574 601.7303 601.7012 601.6715 601.6429 601.6118 601.583 601.5474 601.5013 601.4551 601.4094 601.3636 601.3176 601.2686 601.2197 601.1718 601.1201 601.074 601.024 600.9772 600.9323
602.6524 602.6416 602.6243 602.6102 602.5941 602.5806 602.5643 602.5474 602.5305 602.5135 602.4971 602.4807 602.465 602.4467 602.4294 602.414 602.3956 602.3756 602.3588 602.3433 602.322 602.3069 602.2863 602.2664 602.2449 602.2283 602.2067 602.1863 602.1649 602.1432 602.1269 602.1036 602.0815 602.0554 602.0393 602.0134 601.9887 601.9715 601.946 601.9189 601.8929 601.8718 601.8452 601.8215 601.7943 601.768 601.7396 601.7101 601.6815 601.6515 601.6205 601.5904 601.56 601.5251 601.4793 601.4335 601.3862 601.3362 601.2896 601.238 601.1896 601.1414 601.0921 601.0472 601.0022
602.6763 602.666 602.6486 602.635 602.6187 602.6054 602.5893 602.5732 602.5565 602.5399 602.5226 602.5074 602.4911 602.4727 602.4559 602.4406 602.4225 602.4042 602.3859 602.3709 602.3495 602.3353 602.3149 602.2958 602.2732 602.2576 602.236 602.2183 602.1945 602.1761 602.1588 602.1346 602.1125 602.0901 602.0716 602.0457 602.0237 602.0053 601.9798 601.9546 601.9308 601.9072 601.8801 601.8582 601.8314 601.8041 601.7769 601.7486 601.72 601.6912 601.6611 601.632 601.6002 601.5684 601.538 601.5034 601.4537 601.4045 601.3558 601.3049 601.2589 601.2089 601.162 601.117 601.0695
602.7004 602.6904 602.6729 602.6599 602.6432 602.6302 602.6141 602.5989 602.582 602.5661 602.5482 602.5342 602.5172 602.4986 602.4833 602.467 602.4495 602.4327 602.413 602.3985 602.3771 602.3636 602.343 602.3259 602.3015 602.2867 602.2653 602.249 602.2242 602.2092 602.1898 602.1669 602.1435 602.125 602.1038 602.0779 602.0601 602.0392 602.0142 601.9897 601.9693 601.9427 601.9156 601.895 601.8681 601.8426 601.8143 601.787 601.7587 601.7327 601.7029 601.6727 601.6426 601.6107 601.5798 601.5466 601.516 601.4736 601.4219 601.3752 601.3264 601.2768 601.2319 601.1869 601.1367
602.7249 602.7148 602.6971 602.6847 602.6679 602.655 602.639 602.6246 602.6071 602.5924 602.5738 602.561 602.5433 602.5253 602.511 602.4936 602.4763 602.4613 602.4412 602.426 602.4061 602.392 602.3718 602.3541 602.332 602.3168 602.2945 602.2787 602.2538 602.2418 602.2208 602.2005 602.1745 602.1599 602.1361 602.1115 602.0964 602.073 602.0474 602.0234 602.0048 601.979 601.9555 601.9318 601.9064 601.8801 601.8525 601.8284 601.8003 601.7719 601.7438 601.7145 601.6849 601.6542 601.6238 601.5914 601.5541 601.5166 601.4905 601.4438 601.3938 601.3467 601.3018 601.254 601.2041
602.7493 602.7393 602.7214 602.7095 602.6929 602.6799 602.6639 602.65 602.6321 602.6187 602.5993 602.5878 602.5695 602.5527 602.5387 602.5201 602.5032 602.4892 602.4702 602.4536 602.4358 602.4203 602.4021 602.3824 602.3632 602.3473 602.3245 602.3083 602.2851 602.2726 602.2518 602.2315 602.2055 602.1943 602.1684 602.1445 602.1323 602.1068 602.0805 602.0571 602.0402 602.015 601.9954 601.9686 601.9439 601.9197 601.8932 601.8676 601.84 601.813 601.7847 601.7564 601.7273 601.6986 601.6695 601.6357 601.5982 601.5624 601.5305 601.4943 601.4615 601.4166 601.3716 601.3214 601.2722
