samples/sfe_25/sfe_25_c3/sfe_25_c3/sfe_25_c3.asc
ncols         253
nrows         137
xllcorner     79
yllcorner     53
cellsize      1
NODATA_value  -9999
[rows 87 to 115 of 137, columns 65 to 129 of 253]
601.057 601.0811 601.11 601.1384 601.1653 601.1897 601.2138 601.2371 601.2648 601.2938 601.317 601.3381 601.3621 601.3883 601.4109 601.4337 601.4529 601.4733 601.4948 601.5146 601.5374 601.561 601.58 601.5975 601.6146 601.6318 601.6471 601.6634 601.678 601.6913 601.708 601.7241 601.7386 601.7503 601.7615 601.7725 601.7839 601.7913 601.7997 601.8092 601.8182 601.8218 601.8258 601.8324 601.8374 601.8386 601.8398 601.8395 601.8389 601.8386 601.8334 601.83 601.8263 601.819 601.8112 601.8052 601.7979 601.7852 601.7703 601.7542 601.7408 601.7319 601.7144 601.6985 601.6833
601.1324 601.1602 601.1881 601.217 601.244 601.27 601.2947 601.3179 601.3429 601.372 601.3976 601.4207 601.4405 601.4689 601.492 601.5142 601.5355 601.5544 601.576 601.5976 601.6167 601.6414 601.6609 601.6786 601.6972 601.7141 601.7303 601.7458 601.7617 601.774 601.7894 601.8067 601.8219 601.834 601.8443 601.8565 601.8674 601.8755 601.8829 601.8924 601.902 601.9058 601.9094 601.9153 601.9215 601.9229 601.9238 601.9237 601.9233 601.9227 601.9179 601.9137 601.9103 601.9033 601.8953 601.8887 601.8812 601.8683 601.8534 601.8373 601.8229 601.8137 601.7961 601.7806 601.7656
601.2108 601.2395 601.2662 601.2949 601.3234 601.3503 601.3746 601.3989 601.4221 601.4501 601.4782 601.5013 601.5218 601.5468 601.5726 601.5947 601.6178 601.6359 601.6573 601.6789 601.6981 601.7212 601.7424 601.7614 601.7794 601.7958 601.8132 601.8282 601.8448 601.8568 601.8715 601.889 601.9042 601.9164 601.9274 601.9399 601.9493 601.9598 601.9661 601.9756 601.9857 601.9897 601.9932 601.999 602.0052 602.0071 602.0079 602.0082 602.0078 602.0068 602.0024 601.9974 601.9942 601.9883 601.9794 601.9722 601.9645 601.9516 601.9365 601.9206 601.9053 601.8956 601.8786 601.8627 601.8478
601.2891 601.3182 601.3459 601.3732 601.4019 601.4288 601.4549 601.4798 601.5031 601.5281 601.5573 601.5819 601.6046 601.6252 601.6532 601.6763 601.6983 601.7181 601.7385 601.7602 601.7795 601.8001 601.8245 601.8432 601.8605 601.8784 601.896 601.9111 601.9272 601.9404 601.9538 601.9706 601.9868 602 602.0112 602.0222 602.0331 602.0439 602.05 602.0589 602.0687 602.0741 602.0775 602.0826 602.0887 602.0914 602.0922 602.0926 602.0922 602.0904 602.087 602.0811 602.0781 602.0732 602.0635 602.0557 602.0479 602.0348 602.0195 602.0038 601.9888 601.9774 601.9612 601.9447 601.93
601.3674 601.3965 601.4252 601.4512 601.4798 601.5082 601.5352 601.5595 601.584 601.6072 601.6353 601.6625 601.6857 601.7067 601.7314 601.757 601.7788 601.8007 601.8197 601.8415 601.863 601.8815 601.905 601.9241 601.9419 601.9609 601.978 601.9944 602.0096 602.0241 602.0366 602.0519 602.0695 602.0843 602.0949 602.105 602.1171 602.1274 602.1343 602.1421 602.1516 602.1584 602.1618 602.1663 602.1725 602.1757 602.1765 602.1771 602.1767 602.1745 602.1716 602.1654 602.162 602.1576 602.1476 602.1398 602.1312 602.118 602.1025 602.087 602.0719 602.0593 602.0432 602.0269 602.0121
601.446 601.4749 601.504 601.5314 601.5583 601.5867 601.6136 601.6398 601.6649 601.6881 601.7134 601.7424 601.7662 601.7881 601.81 601.8375 601.86 601.8823 601.9013 601.9227 601.9443 601.963 601.9835 602.0069 602.0248 602.0425 602.0598 602.0775 602.092 602.1079 602.1193 602.1339 602.1519 602.1669 602.1784 602.1882 602.2009 602.2104 602.2184 602.2253 602.2349 602.2428 602.246 602.2499 602.2558 602.2599 602.2607 602.2615 602.2608 602.2589 602.2561 602.2499 602.246 602.2419 602.2317 602.2239 602.2145 602.2012 602.1856 602.1702 602.1545 602.1411 602.1251 602.1092 602.0944
601.5245 601.5533 601.5823 601.6108 601.6363 601.6647 601.6932 601.7201 601.7446 601.769 601.7923 601.8206 601.8469 601.87 601.8911 601.9161 601.9413 601.9628 601.9833 602.0038 602.0256 602.0447 602.0649 602.0881 602.1064 602.1234 602.1421 602.1602 602.1752 602.1911 602.2028 602.2164 602.2332 602.2495 602.2615 602.272 602.2832 602.2937 602.3027 602.3088 602.3181 602.3271 602.3303 602.3335 602.3394 602.3442 602.345 602.3459 602.345 602.3434 602.3406 602.3345 602.33 602.3262 602.3158 602.308 602.2978 602.2845 602.2687 602.2535 602.2373 602.223 602.2072 602.1915 602.1766
601.6038 601.6321 601.6606 601.6898 601.7166 601.7433 601.7716 601.7985 601.8247 601.85 601.8732 601.8986 601.9275 601.9506 601.972 601.9947 602.0219 602.0439 602.0659 602.0851 602.1068 602.1284 602.1464 602.1672 602.188 602.2052 602.2245 602.2419 602.2584 602.2735 602.2865 602.2991 602.3146 602.3323 602.3457 602.3557 602.3657 602.3777 602.3869 602.3929 602.4013 602.4109 602.4144 602.4174 602.423 602.4285 602.4293 602.4301 602.4294 602.4279 602.4252 602.419 602.4139 602.4102 602.3999 602.3921 602.3825 602.3677 602.3517 602.3367 602.3207 602.3048 602.2897 602.2738 602.2588
601.6832 601.7104 601.7393 601.7681 601.7965 601.8214 601.8495 601.8781 601.905 601.9299 601.9542 601.9776 602.0058 602.0313 602.0543 602.0754 602.1008 602.1255 602.1469 602.1667 602.1879 602.2097 602.2278 602.2484 602.2712 602.2881 602.3055 602.3237 602.3416 602.356 602.3703 602.382 602.3963 602.4144 602.4296 602.4395 602.4491 602.4618 602.4709 602.4772 602.4846 602.494 602.4988 602.5017 602.5067 602.5126 602.5135 602.5143 602.513 602.498 602.4857 602.4738 602.4617 602.4492 602.4355 602.4219 602.4084 602.3946 602.3809 602.366 602.3501 602.3342 602.3193 602.3035 602.2867
601.7617 601.7899 601.8181 601.8464 601.8756 601.9016 601.9284 601.9564 601.9834 602.0096 602.035 602.0583 602.0839 602.1119 602.1349 602.1571 602.1794 602.2062 602.2277 602.2485 602.269 602.291 602.3102 602.3298 602.351 602.3696 602.3864 602.4059 602.4241 602.4393 602.454 602.4651 602.479 602.4958 602.5122 602.5229 602.5328 602.5442 602.5543 602.5613 602.5678 602.5773 602.5831 602.586 602.5742 602.5638 602.5534 602.5429 602.5324 602.5207 602.5084 602.4965 602.4846 602.4722 602.4586 602.4449 602.4316 602.4178 602.4041 602.3893 602.3735 602.3578 602.3431 602.3274 602.3106
601.8401 601.8693 601.8965 601.9252 601.9539 601.9822 602.0064 602.0344 602.063 602.0899 602.1152 602.1392 602.1629 602.191 602.2156 602.2382 602.2598 602.2855 602.3093 602.3309 602.3505 602.3721 602.3938 602.4113 602.4318 602.4525 602.4684 602.4876 602.5059 602.5225 602.5374 602.5489 602.5618 602.5771 602.595 602.6071 602.6166 602.6265 602.6384 602.6429 602.6323 602.6232 602.6151 602.606 602.5966 602.5864 602.5759 602.5655 602.555 602.5435 602.5312 602.5193 602.5074 602.495 602.4816 602.468 602.4549 602.4411 602.4274 602.4127 602.397 602.3814 602.3668 602.3513 602.3345
601.9193 601.9476 601.9759 602.004 602.0323 602.0614 602.0867 602.1135 602.1413 602.1683 602.1945 602.2202 602.2434 602.2691 602.2962 602.3193 602.3417 602.3641 602.3905 602.4114 602.4321 602.4532 602.4751 602.4927 602.5132 602.5347 602.5515 602.5685 602.5876 602.6057 602.6201 602.6327 602.6445 602.6588 602.677 602.6914 602.6854 602.6789 602.671 602.6637 602.6548 602.6456 602.6373 602.6285 602.619 602.6089 602.5984 602.588 602.5775 602.5662 602.554 602.542 602.5303 602.5179 602.5046 602.491 602.4781 602.4644 602.4506 602.436 602.4205 602.405 602.3906 602.3751 602.3584
601.9977 602.0261 602.0552 602.0825 602.1111 602.1397 602.1677 602.1915 602.2192 602.2479 602.2748 602.3005 602.3243 602.3482 602.3762 602.4 602.4222 602.4442 602.4701 602.493 602.5137 602.5344 602.5563 602.5756 602.5947 602.6152 602.6337 602.6494 602.6696 602.688 602.7033 602.7164 602.7275 602.7278 602.7216 602.7147 602.7078 602.7011 602.6934 602.686 602.6773 602.6679 602.6597 602.6509 602.6414 602.6314 602.6209 602.6106 602.6 602.5889 602.5767 602.5648 602.5532 602.5408 602.5276 602.514 602.5014 602.4876 602.4739 602.4594 602.4439 602.4285 602.4142 602.399 602.3823
602.0762 602.1055 602.1337 602.162 602.1901 602.2182 602.2472 602.2719 602.2985 602.3262 602.3531 602.3796 602.4052 602.4285 602.4544 602.4806 602.5037 602.5261 602.5489 602.5746 602.5955 602.6159 602.6374 602.6592 602.6761 602.6967 602.717 602.7318 602.7505 602.7698 602.7662 602.7617 602.7562 602.7502 602.7441 602.7372 602.7302 602.7233 602.7158 602.7082 602.6998 602.6904 602.6819 602.6733 602.6638 602.6539 602.6434 602.6331 602.6226 602.6116 602.5992 602.5875 602.5761 602.5637 602.5507 602.537 602.5247 602.5109 602.4971 602.4828 602.4673 602.4521 602.438 602.4229 602.4063
602.1547 602.184 602.2122 602.2412 602.2686 602.2971 602.3255 602.3528 602.3765 602.4041 602.4328 602.4597 602.4858 602.5094 602.5335 602.5612 602.5843 602.6074 602.6286 602.6548 602.6769 602.6974 602.7185 602.7404 602.7575 602.7781 602.7987 602.8051 602.7994 602.7936 602.7886 602.7841 602.7788 602.7727 602.7667 602.7596 602.7527 602.7454 602.7382 602.7305 602.7224 602.713 602.7042 602.6957 602.6862 602.6764 602.666 602.6557 602.6451 602.6343 602.6219 602.6102 602.5989 602.5865 602.5737 602.5601 602.5479 602.5341 602.5204 602.5061 602.4908 602.4757 602.4617 602.4467 602.4302
602.2333 602.2624 602.2916 602.3196 602.348 602.376 602.4042 602.4329 602.457 602.4836 602.511 602.538 602.5649 602.5903 602.6136 602.6397 602.6649 602.688 602.7104 602.7336 602.7584 602.7791 602.7997 602.8215 602.8409 602.8342 602.8301 602.8261 602.8223 602.8167 602.8112 602.8066 602.8014 602.7952 602.7891 602.782 602.7751 602.7675 602.7606 602.7527 602.7449 602.7354 602.7266 602.7182 602.7086 602.6989 602.6885 602.6782 602.6677 602.657 602.6446 602.633 602.6216 602.6094 602.5967 602.5831 602.571 602.5574 602.5436 602.5295 602.5142 602.4993 602.4854 602.4706 602.4541
602.3124 602.3409 602.3701 602.3983 602.4272 602.4547 602.483 602.5114 602.5379 602.5616 602.589 602.6177 602.6446 602.6711 602.6945 602.7188 602.7455 602.7686 602.7922 602.813 602.8395 602.8607 602.867 602.8649 602.8613 602.8575 602.8535 602.8489 602.8451 602.8397 602.8337 602.8291 602.824 602.8179 602.8115 602.8045 602.7976 602.7903 602.783 602.7751 602.7673 602.7579 602.7488 602.7407 602.7311 602.7214 602.711 602.7007 602.6902 602.6798 602.6674 602.6558 602.6442 602.6323 602.6197 602.6061 602.5939 602.5806 602.5669 602.5528 602.5377 602.5229 602.5092 602.4944 602.478
602.3914 602.4196 602.4486 602.4777 602.5056 602.5341 602.5619 602.5901 602.6185 602.6421 602.6686 602.6959 602.7229 602.7502 602.7754 602.7986 602.8251 602.8492 602.8724 602.8948 602.8951 602.8927 602.8902 602.8883 602.8846 602.881 602.8768 602.8718 602.8679 602.8627 602.8561 602.8516 602.8469 602.8404 602.8339 602.827 602.82 602.8131 602.8054 602.7975 602.7899 602.7804 602.7711 602.7629 602.7535 602.744 602.7335 602.7231 602.7128 602.7023 602.6901 602.6785 602.6669 602.6552 602.6427 602.6291 602.6169 602.6039 602.5901 602.5762 602.5611 602.5465 602.5329 602.5183 602.5019
602.4702 602.4987 602.5271 602.5563 602.5844 602.6132 602.6407 602.6689 602.6971 602.723 602.7466 602.7739 602.8026 602.8295 602.8563 602.8796 602.9041 602.928 602.9226 602.9204 602.9188 602.9165 602.914 602.9111 602.908 602.9044 602.9001 602.8945 602.8907 602.8858 602.8791 602.8741 602.8696 602.8629 602.8566 602.8494 602.8425 602.8356 602.8278 602.8199 602.8124 602.8029 602.7935 602.7853 602.776 602.7664 602.756 602.7457 602.7354 602.7249 602.7128 602.7012 602.6896 602.6781 602.6658 602.6521 602.64 602.6271 602.6134 602.5995 602.5845 602.5701 602.5566 602.5422 602.5258
602.5479 602.5777 602.606 602.6348 602.6638 602.6916 602.7202 602.7479 602.776 602.8039 602.8272 602.8536 602.8808 602.9078 602.9355 602.952 602.9497 602.9488 602.9471 602.9449 602.9423 602.9403 602.9378 602.9339 602.9313 602.9277 602.9235 602.9174 602.9135 602.9088 602.9028 602.8966 602.8921 602.8856 602.8791 602.872 602.8649 602.858 602.8499 602.8423 602.8348 602.8254 602.8159 602.8076 602.7985 602.7888 602.7786 602.7681 602.7579 602.7474 602.7355 602.7239 602.7123 602.701 602.6888 602.6751 602.6629 602.6504 602.6367 602.6229 602.608 602.5936 602.5803 602.566 602.5497
602.6246 602.6567 602.685 602.7133 602.7425 602.7704 602.7992 602.8268 602.8549 602.8831 602.9081 602.9317 602.9587 602.9763 602.9759 602.9753 602.9746 602.973 602.9716 602.9694 602.9657 602.9641 602.9616 602.9567 602.9547 602.951 602.9468 602.9409 602.9363 602.9319 602.9261 602.9191 602.9146 602.9084 602.9015 602.895 602.8874 602.8804 602.8721 602.8647 602.857 602.848 602.8384 602.8298 602.8209 602.8112 602.8011 602.7906 602.7805 602.77 602.7582 602.7467 602.735 602.7239 602.7118 602.6982 602.6859 602.6736 602.6599 602.6462 602.6314 602.6172 602.6041 602.5899 602.5737
602.7014 602.7336 602.764 602.7923 602.821 602.8499 602.8776 602.9063 602.9338 602.962 602.989 602.9998 603.0019 603.0019 603.0015 603.0002 602.9995 602.9971 602.9962 602.994 602.9894 602.9879 602.9855 602.9807 602.9781 602.9744 602.97 602.9651 602.9591 602.9553 602.9492 602.9416 602.9371 602.931 602.9241 602.9175 602.9098 602.9029 602.8943 602.8871 602.8793 602.8705 602.861 602.8522 602.8433 602.8336 602.8236 602.8131 602.803 602.7925 602.781 602.7695 602.7576 602.7468 602.7348 602.7212 602.7089 602.6969 602.6832 602.6696 602.6549 602.6408 602.6278 602.6138 602.5976
602.7796 602.8103 602.8427 602.8713 602.8996 602.9286 602.9565 602.9852 603.0129 603.0233 603.0253 603.0264 603.0272 603.0271 603.0271 603.025 603.0244 603.023 603.0206 603.0184 603.0151 603.0119 603.0093 603.0057 603.0012 602.9978 602.9933 602.9893 602.9819 602.978 602.9722 602.9641 602.9596 602.9536 602.9471 602.9399 602.9323 602.9254 602.9171 602.9095 602.9015 602.893 602.8835 602.8745 602.8657 602.856 602.8461 602.8356 602.8256 602.8151 602.8037 602.7922 602.7803 602.7697 602.7578 602.7442 602.7319 602.7202 602.7064 602.6929 602.6783 602.6644 602.6516 602.6376 602.6215
602.8596 602.887 602.9194 602.9503 602.9786 603.0071 603.0359 603.0457 603.0488 603.0498 603.0519 603.0528 603.0528 603.0521 603.0527 603.0498 603.0493 603.0486 603.045 603.043 603.0408 603.0354 603.0331 603.0306 603.0239 603.0212 603.0175 603.0128 603.0047 603.0009 602.9952 602.9874 602.9821 602.9766 602.9696 602.9623 602.9547 602.9478 602.9399 602.9319 602.9238 602.9155 602.906 602.8967 602.8882 602.8784 602.8686 602.8582 602.8481 602.8376 602.8264 602.8149 602.803 602.7925 602.7808 602.7672 602.7549 602.7434 602.7297 602.7162 602.7018 602.688 602.6752 602.6615 602.6454
602.9379 602.9653 602.9961 603.0284 603.0576 603.0687 603.0712 603.0736 603.0759 603.077 603.0788 603.0786 603.0782 603.0786 603.0783 603.077 603.0745 603.0735 603.0692 603.0675 603.0653 603.0589 603.0569 603.0544 603.0468 603.0446 603.0409 603.0361 603.0276 603.0236 603.0182 603.011 603.0046 602.9999 602.9921 602.9853 602.9772 602.9702 602.9626 602.9543 602.9464 602.938 602.9285 602.9191 602.9106 602.9009 602.8911 602.8807 602.8705 602.8602 602.8492 602.8377 602.8257 602.8154 602.8036 602.7902 602.7778 602.7667 602.7529 602.7396 602.7252 602.7115 602.699 602.6854 602.6693
603.0162 603.0453 603.0728 603.0915 603.094 603.0974 603.099 603.1016 603.1028 603.1042 603.105 603.1056 603.1046 603.1047 603.1039 603.1035 603.0994 603.0984 603.0934 603.092 603.0898 603.0825 603.0807 603.0782 603.0708 603.0679 603.0643 603.0593 603.0518 603.0464 603.0413 603.0347 603.0271 603.0226 603.015 603.0079 603.0001 602.9927 602.9855 602.9766 602.9688 602.9606 602.951 602.9413 602.933 602.9233 602.9136 602.9032 602.8931 602.8827 602.8719 602.8604 602.8485 602.8383 602.8264 602.8132 602.8008 602.7899 602.7762 602.7629 602.7487 602.7352 602.7227 602.7092 602.6932
603.0945 603.1125 603.1166 603.1208 603.1236 603.1264 603.128 603.1295 603.1299 603.1314 603.1323 603.1321 603.1312 603.1309 603.1293 603.1291 603.1242 603.1233 603.1194 603.1165 603.1143 603.1083 603.1045 603.1021 603.0958 603.0912 603.0876 603.0826 603.0759 603.0693 603.0648 603.0583 603.0496 603.045 603.0381 603.0303 603.0231 603.0151 603.0082 602.9987 602.9911 602.9832 602.9734 602.9638 602.9554 602.9458 602.9361 602.9257 602.9155 602.9053 602.8946 602.883 602.8713 602.861 602.8491 602.8363 602.8239 602.8132 602.7994 602.7863 602.7721 602.7587 602.7464 602.7332 602.7172
603.1354 603.1424 603.1478 603.1506 603.1532 603.1548 603.1567 603.1584 603.1589 603.159 603.1588 603.1586 603.1587 603.1565 603.1543 603.1547 603.149 603.1482 603.1459 603.1413 603.1389 603.134 603.1285 603.1259 603.1208 603.114 603.111 603.106 603.1001 603.092 603.0882 603.0817 603.0721 603.0676 603.0606 603.053 603.046 603.0376 603.0306 603.0211 603.0135 603.0057 602.996 602.9863 602.9777 602.9683 602.9585 602.9482 602.938 602.9278 602.9174 602.9056 602.894 602.8837 602.8719 602.8593 602.8468 602.8364 602.8227 602.8096 602.7955 602.7823 602.7701 602.757 602.7411
603.1653 603.1722 603.1791 603.1801 603.1827 603.1841 603.1855 603.1862 603.1869 603.1873 603.1869 603.186 603.1845 603.1826 603.1813 603.1803 603.1763 603.1732 603.1724 603.1655 603.1633 603.1598 603.152 603.1497 603.1459 603.1368 603.1343 603.1296 603.1243 603.1149 603.111 603.1047 603.0956 603.09 603.0832 603.0762 603.0683 603.06 603.0531 603.0439 603.0359 603.0281 603.0186 603.0089 603.0001 602.9908 602.9809 602.9708 602.9605 602.9504 602.94 602.9282 602.9167 602.9064 602.8947 602.8823 602.8698 602.8597 602.8459 602.833 602.819 602.8059 602.7939 602.7809 602.765
