samples/sfe_25/sfe_25_c3/sfe_25_c3/sfe_25_c3.asc
ncols         253
nrows         137
xllcorner     79
yllcorner     53
cellsize      1
NODATA_value  -9999
[rows 58 to 86 of 137, columns 65 to 129 of 253]
599.637 599.5915 599.5515 599.5045 599.463 599.4255 599.389 599.3645 599.3355 599.307 599.2795 599.2585 599.238 599.217 599.1945 599.1725 599.1565 599.1405 599.1225 599.1055 599.0905 599.074 599.0625 599.0525 599.042 599.033 599.026 599.019 599.018 599.0145 599.0145 599.013 599.01 599.008 599.0045 599.0045 599.0035 599.0035 599.0025 599.001 599.002 599.0031 599.0075 599.0065 599.0155 599.027 599.0335 599.0485 599.0625 599.075 599.09 599.105 599.1165 599.129 599.1455 599.1575 599.169 599.179 599.194 599.2005 599.2065 599.209 599.2085 599.2035 599.1875
599.605 599.5625 599.5145 599.468 599.434 599.396 599.366 599.337 599.3115 599.286 599.2635 599.241 599.222 599.2025 599.187 599.1705 599.154 599.1385 599.1218 599.1095 599.0975 599.085 599.0745 599.064 599.0535 599.049 599.0455 599.0425 599.0415 599.038 599.0385 599.039 599.04 599.04 599.0415 599.0415 599.0405 599.0395 599.04 599.042 599.0445 599.0485 599.0515 599.057 599.065 599.072 599.0835 599.096 599.106 599.1235 599.134 599.1475 599.1615 599.1746 599.192 599.202 599.214 599.224 599.235 599.2445 599.25 599.2515 599.251 599.2445 599.229
599.5765 599.536 599.4895 599.4475 599.408 599.37 599.349 599.3205 599.2945 599.27 599.247 599.2325 599.2166 599.2 599.184 599.1698 599.1575 599.146 599.134 599.1215 599.109 599.098 599.0925 599.086 599.079 599.0745 599.0695 599.066 599.0715 599.0705 599.074 599.075 599.078 599.0775 599.08 599.0825 599.086 599.0875 599.089 599.09 599.0925 599.0965 599.103 599.112 599.1135 599.1265 599.1385 599.149 599.1605 599.176 599.1915 599.204 599.2145 599.2314 599.242 599.2515 599.2685 599.277 599.285 599.29 599.2945 599.2965 599.295 599.2885 599.278
599.5605 599.513 599.4675 599.4285 599.3955 599.3625 599.3345 599.306 599.284 599.2645 599.2475 599.2305 599.215 599.202 599.191 599.1805 599.1695 599.1575 599.149 599.1405 599.132 599.1245 599.1165 599.112 599.108 599.107 599.1065 599.1071 599.108 599.107 599.112 599.12 599.125 599.128 599.133 599.1355 599.136 599.139 599.144 599.1475 599.153 599.16 599.164 599.173 599.1805 599.189 599.197 599.2135 599.219 599.237 599.247 599.2645 599.277 599.2925 599.3035 599.314 599.3275 599.3345 599.341 599.3455 599.355 599.356 599.35 599.341 599.33
599.5435 599.4995 599.461 599.425 599.39 599.3575 599.33 599.305 599.283 599.263 599.2472 599.236 599.2245 599.2135 599.2025 599.194 599.189 599.181 599.1735 599.166 599.159 599.1555 599.1515 599.15 599.1475 599.146 599.1445 599.1495 599.156 599.161 599.166 599.173 599.1815 599.1801 599.1915 599.198 599.2005 599.2055 599.2105 599.214 599.2135 599.2205 599.231 599.24 599.2525 599.2575 599.271 599.2835 599.296 599.3045 599.322 599.3295 599.3485 599.355 599.3625 599.382 599.3885 599.3945 599.4 599.4034 599.4175 599.4175 599.4015 599.396 599.3845
599.537 599.4965 599.457 599.4225 599.389 599.3605 599.3325 599.3075 599.289 599.2735 599.2605 599.2469 599.2365 599.23 599.224 599.2195 599.214 599.2085 599.203 599.2015 599.1985 599.1965 599.191 599.1905 599.193 599.198 599.1995 599.2035 599.205 599.214 599.225 599.2325 599.2419 599.248 599.2555 599.2595 599.2635 599.272 599.28 599.287 599.2965 599.305 599.31 599.314 599.3255 599.3395 599.3405 599.3595 599.3755 599.384 599.3995 599.4105 599.424 599.4375 599.4425 599.454 599.4585 599.472 599.476 599.478 599.4825 599.482 599.473 599.467 599.4545
599.535 599.499 599.4625 599.426 599.3925 599.3647 599.3415 599.321 599.303 599.287 599.277 599.2675 599.262 599.2545 599.25 599.248 599.248 599.246 599.244 599.2385 599.2419 599.242 599.243 599.245 599.247 599.2525 599.254 599.262 599.2695 599.2835 599.2885 599.2935 599.307 599.321 599.328 599.339 599.35 599.3585 599.3655 599.373 599.375 599.385 599.3915 599.405 599.415 599.4255 599.4355 599.448 599.458 599.475 599.479 599.4985 599.5025 599.514 599.526 599.532 599.5345 599.551 599.553 599.5535 599.553 599.551 599.5455 599.5385 599.526
599.5435 599.505 599.467 599.4365 599.407 599.38 599.358 599.3375 599.323 599.3115 599.301 599.2935 599.289 599.286 599.287 599.2865 599.286 599.2865 599.29 599.29 599.2945 599.294 599.2975 599.3055 599.3075 599.318 599.322 599.3325 599.336 599.3565 599.3655 599.3735 599.39 599.3985 599.4055 599.415 599.4325 599.443 599.4555 599.4615 599.4705 599.4815 599.4905 599.495 599.5 599.5165 599.532 599.537 599.5575 599.5685 599.58 599.5885 599.602 599.6075 599.611 599.6255 599.6265 599.6305 599.631 599.63 599.628 599.625 599.619 599.6115 599.5985
599.5526 599.5175 599.4845 599.454 599.4235 599.4005 599.3835 599.366 599.3495 599.338 599.332 599.33 599.3265 599.326 599.3255 599.3315 599.3345 599.338 599.341 599.344 599.349 599.3555 599.3665 599.372 599.3725 599.3815 599.3935 599.4105 599.42 599.435 599.442 599.4505 599.4695 599.49 599.5005 599.517 599.5285 599.538 599.5475 599.5594 599.5695 599.5811 599.5935 599.601 599.614 599.623 599.6305 599.6455 599.665 599.665 599.684 599.685 599.694 599.702 599.708 599.7195 599.719 599.718 599.724 599.721 599.718 599.713 599.7055 599.6975 599.685
599.573 599.536 599.5045 599.48 599.455 599.4325 599.413 599.396 599.387 599.3775 599.3725 599.3715 599.368 599.373 599.3774 599.3835 599.3905 599.3915 599.4015 599.41 599.419 599.425 599.4325 599.443 599.4515 599.4655 599.4775 599.491 599.4995 599.5185 599.533 599.554 599.5665 599.579 599.589 599.612 599.631 599.6425 599.6525 599.6635 599.673 599.6845 599.699 599.712 599.728 599.7285 599.7435 599.7555 599.7685 599.779 599.7885 599.793 599.8015 599.8015 599.8165 599.814 599.812 599.8085 599.824 599.8185 599.814 599.8075 599.799 599.79 599.777
599.5945 599.564 599.5365 599.514 599.4885 599.469 599.4525 599.4385 599.428 599.4195 599.4185 599.4205 599.4235 599.4235 599.433 599.4445 599.453 599.4604 599.47 599.4805 599.491 599.5025 599.5125 599.528 599.5341 599.555 599.564 599.5805 599.599 599.6155 599.6285 599.6505 599.6705 599.6875 599.7065 599.7235 599.736 599.7485 599.7635 599.778 599.7905 599.8055 599.8215 599.8275 599.842 599.857 599.85 599.869 599.887 599.8865 599.9 599.9015 599.9135 599.919 599.9255 599.919 599.926 599.92 599.9235 599.916 599.9091 599.9005 599.8915 599.8815 599.868
599.6235 599.597 599.571 599.551 599.5305 599.512 599.4955 599.484 599.478 599.475 599.4745 599.4735 599.481 599.4885 599.498 599.509 599.518 599.53 599.547 599.56 599.575 599.58 599.6 599.617 599.632 599.6495 599.655 599.6825 599.6985 599.723 599.7415 599.7625 599.7765 599.7905 599.816 599.841 599.853 599.867 599.8885 599.9025 599.9045 599.92 599.939 599.953 599.967 599.984 599.9885 600.0075 600.0095 600.0215 600.0175 600.032 600.027 600.055 600.0495 600.0415 600.077 600.069 600.061 600.06 600.051 600.041 600.0305 600.0195 599.9985
599.6541 599.6365 599.613 599.592 599.5745 599.561 599.549 599.5395 599.5305 599.53 599.5335 599.5395 599.545 599.556 599.569 599.582 599.5955 599.613 599.6255 599.646 599.6625 599.6785 599.694 599.7175 599.7255 599.7535 599.772 599.7905 599.8175 599.832 599.8475 599.873 599.8955 599.924 599.943 599.9595 599.975 599.9925 600.012 600.031 600.049 600.067 600.084 600.092 600.0959 600.123 600.163 600.1825 600.2045 600.2345 600.246 600.2635 600.2815 600.293 600.3 600.3035 600.3085 600.298 600.2875 600.3125 600.301 600.2895 600.278 600.266 600.218
599.696 599.6795 599.661 599.641 599.6285 599.618 599.6035 599.5995 599.5975 599.5965 599.5995 599.609 599.6155 599.6325 599.6435 599.666 599.6735 599.695 599.7225 599.738 599.7615 599.771 599.797 599.8195 599.8395 599.8605 599.881 599.906 599.9335 599.954 599.9755 600.0005 600.0186 600.0475 600.0665 600.0905 600.114 600.1325 600.159 600.1895 600.204 600.268 600.288 600.3195 600.3495 600.3765 600.4155 600.449 600.4685 600.4815 600.495 600.4863 600.4821 600.4778 600.4736 600.4693 600.465 600.4536 600.4415 600.433 600.4286 600.4213 600.4048 600.3856 600.3691
599.7385 599.7265 599.7135 599.697 599.681 599.6765 599.6725 599.6675 599.6615 599.67 599.6745 599.686 599.6985 599.7105 599.723 599.75 599.7695 599.7865 599.814 599.8395 599.858 599.883 599.9041 599.925 599.9485 599.98 600.0115 600.027 600.05 600.079 600.0965 600.129 600.1584 600.192 600.2085 600.2355 600.2795 600.3315 600.392 600.436 600.478 600.5235 600.5625 600.577 600.5756 600.5779 600.5801 600.5797 600.5776 600.5767 600.5745 600.5703 600.5656 600.5613 600.5571 600.5526 600.5483 600.5369 600.5246 600.515 600.5106 600.5033 600.4867 600.4674 600.4512
599.7885 599.776 599.7675 599.7575 599.748 599.7405 599.7375 599.737 599.744 599.75 599.7505 599.7635 599.7855 599.8055 599.8205 599.836 599.8645 599.8905 599.918 599.9445 599.9555 599.9905 600.0225 600.045 600.0765 600.0905 600.1295 600.158 600.192 600.213 600.24 600.2825 600.321 600.3965 600.451 600.491 600.5535 600.6175 600.635 600.6378 600.6445 600.65 600.655 600.6573 600.6596 600.6617 600.6636 600.6639 600.6619 600.6603 600.6585 600.6543 600.6492 600.6448 600.6406 600.6359 600.6317 600.6201 600.6076 600.597 600.5927 600.5852 600.5685 600.5493 600.5333
599.84 599.833 599.8325 599.8235 599.815 599.812 599.816 599.814 599.82 599.8304 599.8395 599.8564 599.8815 599.896 599.917 599.941 599.977 599.997 600.021 600.0525 600.0825 600.1105 600.144 600.162 600.203 600.2314 600.264 600.293 600.345 600.4075 600.4605 600.5375 600.5765 600.6665 600.681 600.6891 600.6994 600.7096 600.716 600.7208 600.7283 600.7335 600.7391 600.7413 600.7436 600.7455 600.7471 600.748 600.7461 600.744 600.7425 600.7383 600.7333 600.7283 600.7241 600.7192 600.715 600.7033 600.6907 600.679 600.6747 600.6671 600.6504 600.6311 600.6154
599.8995 599.892 599.895 599.894 599.892 599.8905 599.895 599.897 599.9091 599.92 599.928 599.95 599.9785 599.996 600.0179 600.0495 600.082 600.1155 600.1475 600.162 600.201 600.239 600.277 600.3035 600.331 600.381 600.4445 600.5335 600.5985 600.6615 600.727 600.7299 600.7419 600.7534 600.7628 600.7723 600.7823 600.7931 600.8 600.8047 600.812 600.817 600.8232 600.8256 600.8276 600.8293 600.8307 600.8323 600.8303 600.8276 600.8265 600.8223 600.8176 600.8118 600.8076 600.8025 600.7983 600.7865 600.7737 600.761 600.7567 600.7491 600.7322 600.713 600.6975
599.96 599.9615 599.964 599.965 599.9675 599.972 599.981 599.9895 600.0015 600.014 600.033 600.059 600.0755 600.1055 600.1345 600.1675 600.2 600.238 600.269 600.2995 600.3415 600.3715 600.4455 600.4835 600.5695 600.619 600.6965 600.761 600.7711 600.787 600.8015 600.8138 600.8233 600.8369 600.8465 600.8555 600.8652 600.876 600.8838 600.8887 600.895 600.9008 600.907 600.9097 600.9115 600.9131 600.9142 600.9164 600.9145 600.9113 600.9104 600.9064 600.9022 600.8953 600.8911 600.8858 600.8816 600.8698 600.8568 600.8431 600.8387 600.831 600.8141 600.7948 600.7797
600.0275 600.0325 600.035 600.045 600.053 600.0635 600.0665 600.085 600.101 600.119 600.1405 600.164 600.192 600.222 600.254 600.292 600.3225 600.3695 600.4065 600.4345 600.52 600.6065 600.6925 600.732 600.7948 600.8061 600.8218 600.8377 600.8535 600.8692 600.8843 600.8966 600.9066 600.9203 600.9299 600.9388 600.9483 600.9589 600.9675 600.9727 600.9779 600.9846 600.9905 600.9939 600.9955 600.9969 600.9987 601 600.9987 600.995 600.9942 600.9904 600.9862 600.9788 600.9745 600.9691 600.9649 600.9529 600.9398 600.925 600.9207 600.913 600.8959 600.8771 600.8618
600.092 600.107 600.1165 600.127 600.1395 600.1525 600.1655 600.173 600.197 600.227 600.254 600.2795 600.3125 600.348 600.38 600.423 600.4695 600.526 600.6055 600.679 600.7665 600.828 600.8392 600.8552 600.8718 600.8885 600.9041 600.92 600.9359 600.9515 600.9673 600.9794 600.9906 601.0031 601.0134 601.022 601.0316 601.0417 601.0513 601.0566 601.0612 601.0684 601.074 601.078 601.0795 601.0811 601.083 601.0835 601.0828 601.0787 601.0779 601.0744 601.0702 601.0623 601.058 601.0524 601.0482 601.0362 601.0229 601.0071 601.0027 600.9949 600.9778 600.9591 600.9439
600.163 600.183 600.196 600.2135 600.2365 600.243 600.264 600.285 600.309 600.326 600.362 600.399 600.441 600.478 600.5195 600.597 600.6765 600.756 600.84 600.8713 600.8893 600.9059 600.922 600.9379 600.9542 600.9709 600.9863 601.002 601.0182 601.0338 601.049 601.0622 601.0746 601.0845 601.0969 601.1055 601.1147 601.1246 601.1349 601.1406 601.1449 601.1521 601.1574 601.1621 601.1635 601.1656 601.1668 601.1671 601.1671 601.1632 601.1615 601.1584 601.1542 601.1461 601.1415 601.1357 601.1315 601.1194 601.106 601.0903 601.0847 601.0768 601.0596 601.0416 601.026
600.239 600.2695 600.2855 600.2945 600.3285 600.3475 600.3745 600.389 600.4185 600.451 600.488 600.5205 600.596 600.669 600.746 600.827 600.884 600.9075 600.9312 600.9522 600.9713 600.9886 601.0045 601.0207 601.0367 601.0533 601.0695 601.0842 601.1005 601.1161 601.1315 601.145 601.1573 601.1672 601.1804 601.1898 601.198 601.2075 601.2183 601.2248 601.2291 601.2351 601.2408 601.2462 601.2478 601.2497 601.2506 601.2505 601.2512 601.2477 601.2452 601.2424 601.2382 601.2302 601.225 601.2191 601.2148 601.2026 601.189 601.1732 601.1667 601.1588 601.1415 601.1235 601.1082
600.326 600.3515 600.3735 600.3995 600.43 600.446 600.4745 600.507 600.5465 600.5775 600.6495 600.739 600.816 600.8925 600.9225 600.9424 600.964 600.9861 601.0117 601.0331 601.0532 601.0707 601.0871 601.1035 601.1191 601.1357 601.1523 601.1665 601.1829 601.1987 601.2142 601.2286 601.2401 601.2512 601.2639 601.2734 601.2813 601.2908 601.3011 601.3091 601.3133 601.3181 601.3247 601.3303 601.3321 601.3337 601.3344 601.3343 601.3354 601.3323 601.3289 601.3264 601.3223 601.3143 601.3085 601.3024 601.2981 601.2858 601.272 601.2565 601.2488 601.2407 601.2233 601.2058 601.1902
600.4115 600.446 600.4705 600.4955 600.5255 600.558 600.5935 600.6295 600.707 600.7915 600.865 600.939 600.9621 600.9851 601.0051 601.0237 601.0453 601.0668 601.0913 601.1143 601.1345 601.1525 601.1697 601.1862 601.2021 601.2181 601.2347 601.2488 601.2644 601.281 601.2965 601.3109 601.3229 601.3352 601.3456 601.3569 601.3644 601.374 601.384 601.3929 601.3972 601.4017 601.4085 601.4144 601.4164 601.4177 601.4182 601.4188 601.4196 601.4168 601.4125 601.4103 601.4063 601.3984 601.392 601.3857 601.3814 601.369 601.3551 601.3392 601.3307 601.3226 601.3052 601.2883 601.2723
600.4965 600.5335 600.565 600.6015 600.6305 600.6865 600.7615 600.837 600.9265 600.9711 600.9928 601.0197 601.0427 601.0656 601.0876 601.1052 601.1266 601.1481 601.1699 601.1948 601.2155 601.2346 601.2523 601.2682 601.2849 601.3005 601.3171 601.3318 601.3467 601.3633 601.3788 601.3929 601.4058 601.418 601.4278 601.4404 601.4484 601.4572 601.4669 601.4766 601.4812 601.4854 601.4922 601.4979 601.5007 601.5016 601.5024 601.5032 601.5034 601.5013 601.4962 601.4943 601.4902 601.4825 601.4755 601.4698 601.4647 601.4523 601.4382 601.4223 601.4128 601.4045 601.387 601.3704 601.3546
600.6 600.633 600.661 600.7325 600.8195 600.8855 600.9535 601.0015 601.0289 601.052 601.0717 601.0996 601.1234 601.1461 601.1692 601.1877 601.2079 601.2294 601.2498 601.2751 601.2968 601.3167 601.3344 601.3508 601.3676 601.3831 601.3995 601.4156 601.4289 601.4454 601.4614 601.4769 601.4895 601.5008 601.5118 601.5239 601.5327 601.5405 601.55 601.5604 601.5651 601.569 601.5753 601.5813 601.5849 601.5857 601.5869 601.5876 601.5869 601.5859 601.5798 601.5782 601.5743 601.5667 601.559 601.5543 601.548 601.5355 601.5212 601.5056 601.4948 601.4863 601.4689 601.4525 601.4368
600.711 600.774 600.845 600.9265 601.014 601.0287 601.0519 601.0796 601.1086 601.1326 601.1546 601.1775 601.204 601.2271 601.2497 601.2703 601.2891 601.3107 601.3322 601.3536 601.3779 601.3977 601.4155 601.4335 601.4501 601.4662 601.4819 601.4986 601.5114 601.5269 601.5438 601.5592 601.5729 601.5836 601.5959 601.6068 601.6169 601.6237 601.6332 601.6435 601.6495 601.6533 601.6585 601.6648 601.6692 601.67 601.6713 601.6719 601.6705 601.6702 601.6643 601.6622 601.6583 601.6508 601.6429 601.6382 601.6313 601.6187 601.6042 601.5886 601.5768 601.5682 601.5507 601.5345 601.5189
600.8755 600.9555 601.035 601.0591 601.0851 601.1096 601.1329 601.1577 601.1868 601.2132 601.2363 601.2561 601.2843 601.3077 601.3302 601.3528 601.3705 601.392 601.4135 601.4332 601.4583 601.4786 601.498 601.5158 601.532 601.5491 601.5643 601.581 601.5942 601.6091 601.6262 601.6415 601.6545 601.6666 601.679 601.6884 601.7004 601.7072 601.7164 601.7264 601.7338 601.7375 601.7421 601.7486 601.7533 601.7543 601.7557 601.7557 601.7544 601.7543 601.7488 601.7461 601.7423 601.7349 601.7271 601.7217 601.7146 601.7019 601.6873 601.6713 601.6588 601.65 601.6326 601.6165 601.6011
