samples/sfe_25/sfe_25_c3/sfe_25_c3/sfe_25_c3.asc
ncols         253
nrows         137
xllcorner     79
yllcorner     53
cellsize      1
NODATA_value  -9999
[rows 0 to 28 of 137, columns 130 to 194 of 253]
603.1849 603.1753 603.1655 603.1556 603.1459 603.136 603.1281 603.1182 603.1084 603.1004 603.0906 603.0806 603.0727 603.0627 603.0547 603.0447 603.0364 603.028 603.0181 603.0096 602.9999 602.9912 602.9827 602.9741 602.9644 602.9556 602.9468 602.9381 602.9293 602.9204 602.9117 602.9028 602.8934 602.8848 602.8757 602.8657 602.8577 602.8485 602.8394 602.8307 602.8217 602.8125 602.8035 602.7941 602.7855 602.7755 602.7667 602.7581 602.7481 602.7392 602.7303 602.7203 602.7114 602.7025 602.6934 602.6843 602.6743 602.6652 602.6561 602.647 602.6377 602.6277 602.6177 602.6093 602.6005
603.0859 603.0767 603.067 603.0574 603.0482 603.0382 603.0326 603.0229 603.0133 603.0075 602.9979 602.9879 602.9823 602.9723 602.9666 602.9565 602.9503 602.9435 602.9338 602.927 602.9191 602.9103 602.9036 602.8965 602.8889 602.8795 602.8721 602.8649 602.8574 602.8499 602.8425 602.8347 602.8268 602.819 602.811 602.8011 602.795 602.7869 602.7787 602.7722 602.7637 602.7554 602.7486 602.7385 602.7316 602.7216 602.7142 602.707 602.697 602.6895 602.6818 602.6732 602.6641 602.6563 602.6483 602.6403 602.6302 602.6228 602.6141 602.6058 602.5975 602.5875 602.5775 602.5706 602.5635
602.9869 602.9781 602.9686 602.9592 602.9504 602.9404 602.9371 602.9277 602.9182 602.9146 602.9052 602.8966 602.8919 602.8832 602.8784 602.8683 602.8641 602.8591 602.8495 602.8444 602.8383 602.8295 602.8245 602.8188 602.8134 602.8046 602.7974 602.7918 602.7856 602.7792 602.7732 602.7666 602.7599 602.7532 602.7463 602.737 602.7324 602.7252 602.7203 602.7134 602.7056 602.6982 602.6931 602.683 602.6777 602.6677 602.6617 602.656 602.6459 602.6396 602.6332 602.6268 602.618 602.6105 602.6032 602.5962 602.5861 602.5805 602.572 602.5647 602.5572 602.5472 602.5407 602.5319 602.5264
602.8879 602.8795 602.8702 602.861 602.8526 602.8433 602.8416 602.8323 602.8237 602.8217 602.8125 602.806 602.8016 602.7949 602.7902 602.7803 602.7779 602.7746 602.7653 602.7617 602.7574 602.7487 602.7453 602.7411 602.7374 602.7303 602.7227 602.7186 602.7137 602.7086 602.7039 602.6985 602.6931 602.6874 602.6816 602.6756 602.6697 602.6651 602.661 602.6546 602.6476 602.641 602.6376 602.6275 602.6238 602.6149 602.6115 602.6049 602.5961 602.5898 602.5847 602.5796 602.5739 602.5659 602.5581 602.5521 602.5421 602.538 602.53 602.5235 602.5169 602.5069 602.5033 602.4933 602.4893
602.7889 602.7809 602.7719 602.7628 602.7548 602.7479 602.7461 602.7371 602.7308 602.7289 602.7198 602.7155 602.7112 602.7065 602.7021 602.6942 602.6917 602.6901 602.681 602.6791 602.6765 602.6678 602.6661 602.6635 602.6613 602.6561 602.6483 602.6454 602.6418 602.6395 602.6347 602.6305 602.6262 602.6216 602.6169 602.6142 602.6079 602.6061 602.6013 602.5958 602.5895 602.5838 602.582 602.5745 602.5699 602.5646 602.5615 602.5539 602.5486 602.541 602.5361 602.5323 602.5278 602.5201 602.5153 602.508 602.498 602.4954 602.4888 602.4824 602.4766 602.4666 602.4647 602.4547 602.4522
602.6901 602.6823 602.6735 602.6646 602.657 602.6523 602.6506 602.6419 602.6379 602.636 602.6271 602.6249 602.6208 602.6182 602.614 602.608 602.6055 602.6057 602.5967 602.5964 602.5956 602.5888 602.587 602.5858 602.5852 602.5818 602.5763 602.5746 602.572 602.5707 602.5654 602.5624 602.5604 602.5568 602.5522 602.5528 602.5479 602.546 602.5416 602.537 602.5318 602.5267 602.5266 602.5217 602.516 602.5143 602.5115 602.5028 602.5003 602.4944 602.4875 602.485 602.4816 602.4744 602.4726 602.4639 602.4579 602.4553 602.4496 602.4417 602.4363 602.4263 602.426 602.4191 602.4151
602.5912 602.5837 602.575 602.5664 602.5592 602.5569 602.5551 602.5468 602.545 602.5431 602.5344 602.5344 602.5304 602.5298 602.5258 602.5218 602.5193 602.5214 602.5137 602.5139 602.5148 602.5102 602.5084 602.5081 602.5092 602.5076 602.5043 602.5037 602.5024 602.5019 602.4968 602.4944 602.4955 602.493 602.4875 602.4914 602.488 602.4854 602.4818 602.4796 602.4763 602.4717 602.471 602.469 602.4621 602.4617 602.4615 602.4518 602.4506 602.448 602.4404 602.4377 602.4354 602.4312 602.4298 602.4199 602.4166 602.4138 602.41 602.4033 602.3961 602.3893 602.3874 602.3836 602.378
602.4924 602.485 602.4766 602.4682 602.4614 602.4614 602.4597 602.4517 602.4521 602.4502 602.4417 602.4438 602.4401 602.4415 602.4376 602.4356 602.4346 602.4371 602.4316 602.4313 602.434 602.4316 602.4312 602.4304 602.4331 602.4334 602.4323 602.4329 602.4327 602.4331 602.4297 602.4278 602.4306 602.4291 602.4228 602.4291 602.427 602.4247 602.4231 602.4228 602.4208 602.4174 602.4155 602.4163 602.4081 602.4092 602.4108 602.4008 602.4008 602.4004 602.3955 602.3912 602.3893 602.3877 602.3857 602.3757 602.3755 602.3717 602.3689 602.3649 602.3558 602.3531 602.3488 602.3477 602.3408
602.3937 602.3865 602.3782 602.37 602.3636 602.3659 602.3641 602.3566 602.3593 602.3573 602.3491 602.3532 602.3497 602.3532 602.3495 602.3494 602.3502 602.3528 602.3495 602.3505 602.3531 602.353 602.354 602.3541 602.357 602.3592 602.3603 602.362 602.3631 602.3643 602.3625 602.3625 602.3657 602.3652 602.3608 602.3665 602.3654 602.3644 602.3658 602.366 602.3651 602.3631 602.36 602.3635 602.355 602.3568 602.3597 602.3507 602.351 602.3519 602.3506 602.3472 602.3447 602.3426 602.3417 602.3317 602.3351 602.3297 602.3278 602.3255 602.3155 602.317 602.3101 602.3118 602.3038
602.2949 602.2878 602.2798 602.2718 602.2658 602.2704 602.2687 602.2615 602.2664 602.2644 602.2568 602.2626 602.2594 602.2649 602.2614 602.2632 602.2657 602.2686 602.2675 602.2696 602.2722 602.2744 602.2768 602.2786 602.2809 602.2847 602.2883 602.2911 602.2935 602.2955 602.2954 602.2973 602.3007 602.3013 602.2994 602.3039 602.3037 602.3062 602.3085 602.3093 602.3079 602.3088 602.3051 602.3104 602.3047 602.3065 602.3087 602.3032 602.3015 602.3033 602.3057 602.303 602.3011 602.2982 602.2976 602.2898 602.2925 602.2882 602.2866 602.2852 602.2752 602.2806 602.2725 602.2759 602.2667
602.2104 602.2034 602.1953 602.1946 602.1948 602.1893 602.1891 602.1894 602.1854 602.1857 602.186 602.1863 602.1866 602.187 602.181 602.1771 602.1812 602.1843 602.1854 602.1887 602.1913 602.1958 602.1996 602.2031 602.2067 602.21 602.2162 602.2203 602.2239 602.2267 602.2283 602.2321 602.2358 602.2375 602.238 602.2412 602.2446 602.2481 602.2513 602.2512 602.2507 602.2545 602.2523 602.2565 602.2543 602.2565 602.2576 602.2556 602.255 602.2548 602.2586 602.259 602.256 602.2555 602.2535 602.2498 602.2506 602.249 602.2454 602.2449 602.2379 602.2429 602.2373 602.2396 602.2296
602.1277 602.1205 602.1124 602.1116 602.1119 602.1058 602.106 602.1062 602.1022 602.1025 602.1024 602.1028 602.1031 602.1035 602.1038 602.1075 602.111 602.1125 602.1171 602.1228 602.1257 602.129 602.1224 602.1275 602.1325 602.1359 602.1432 602.1487 602.1537 602.158 602.1611 602.1668 602.1708 602.1736 602.1766 602.1807 602.1855 602.1899 602.194 602.1932 602.1942 602.2002 602.1995 602.2026 602.204 602.2065 602.2065 602.2079 602.2086 602.2076 602.2113 602.2146 602.2109 602.2128 602.2094 602.2097 602.211 602.2099 602.207 602.2047 602.2017 602.2042 602.2022 602.2025 602.1924
602.0449 602.0377 602.0294 602.0286 602.0289 602.0227 602.0228 602.0231 602.019 602.0193 602.019 602.0193 602.0197 602.02 602.0203 602.0245 602.0274 602.0289 602.0341 602.0392 602.0422 602.0474 602.0538 602.0604 602.0661 602.0733 602.0818 602.084 602.0844 602.0891 602.094 602.101 602.1052 602.1092 602.1152 602.1207 602.1265 602.1318 602.1353 602.137 602.1398 602.1459 602.1468 602.1487 602.1537 602.1565 602.1555 602.1604 602.162 602.1627 602.1644 602.1684 602.1683 602.1701 602.1653 602.1684 602.1714 602.1707 602.1686 602.1643 602.1656 602.1656 602.1667 602.1653 602.1553
601.9621 601.9548 601.9464 601.9457 601.9456 601.9396 601.9396 601.9396 601.9357 601.936 601.9355 601.9359 601.9362 601.9365 601.9368 601.9414 601.9439 601.9454 601.951 601.9556 601.9586 601.9642 601.9707 601.9771 601.983 601.9904 601.9988 602.0073 602.0159 602.0231 602.0316 602.0435 602.046 602.0459 602.0538 602.0607 602.0674 602.0736 602.0781 602.0814 602.0856 602.0916 602.0941 602.095 602.1035 602.1065 602.1053 602.1121 602.1156 602.1179 602.1204 602.1224 602.1258 602.1274 602.1216 602.1283 602.1294 602.1315 602.1302 602.1241 602.1295 602.127 602.1308 602.1282 602.1189
601.8793 601.8719 601.8635 601.8627 601.8619 601.8564 601.8565 601.856 601.8525 601.8528 601.852 601.8524 601.8527 601.853 601.8536 601.8584 601.8604 601.8619 601.868 601.872 601.8754 601.8807 601.8876 601.8938 601.8998 601.9075 601.9159 601.9242 601.9325 601.9399 601.9485 601.9606 601.9697 601.9828 601.994 602.0042 602.015 602.0154 602.0213 602.0259 602.0313 602.037 602.0413 602.0447 602.0518 602.0565 602.0577 602.0624 602.0692 602.0729 602.0763 602.0789 602.082 602.0847 602.0816 602.0882 602.0876 602.0908 602.0919 602.0864 602.0932 602.0908 602.0949 602.0911 602.0865
601.7965 601.789 601.7805 601.7797 601.7781 601.7733 601.7734 601.7719 601.7693 601.7696 601.7685 601.7689 601.7692 601.7695 601.7706 601.7752 601.7768 601.7784 601.785 601.7885 601.7922 601.7974 601.8046 601.8105 601.8167 601.8246 601.8329 601.8411 601.8491 601.857 601.8663 601.8773 601.8876 601.9006 601.9105 601.9217 601.9348 601.9479 601.9609 601.9748 601.984 601.9828 601.9885 601.9944 602.0015 602.0065 602.0101 602.0156 602.022 602.0281 602.0322 602.0353 602.0385 602.0421 602.0416 602.0471 602.0485 602.0496 602.0535 602.0502 602.0568 602.0556 602.059 602.054 602.0542
601.7137 601.7061 601.6975 601.6968 601.6942 601.6901 601.6902 601.6879 601.6861 601.6863 601.6851 601.6854 601.6857 601.6861 601.6876 601.6917 601.6932 601.6949 601.7018 601.7048 601.709 601.7143 601.7217 601.7272 601.7335 601.7417 601.7499 601.7579 601.7657 601.774 601.7843 601.7941 601.8055 601.8185 601.8271 601.8392 601.8521 601.8653 601.8783 601.8925 601.9074 601.9206 601.936 601.954 601.953 601.9565 601.9625 601.9691 601.9749 601.9832 601.9882 601.9918 601.9957 601.999 602.0015 602.0063 602.0093 602.0107 602.0132 602.0142 602.0204 602.0204 602.0231 602.0169 602.0192
601.6309 601.6232 601.6146 601.6138 601.6107 601.607 601.6071 601.6039 601.6028 601.6027 601.6016 601.6019 601.6023 601.6026 601.6045 601.6082 601.6097 601.6119 601.6182 601.6212 601.6259 601.6312 601.6384 601.6434 601.6503 601.6591 601.667 601.6748 601.6823 601.691 601.7022 601.7109 601.7233 601.7354 601.7438 601.7567 601.7695 601.7827 601.7957 601.8103 601.825 601.8381 601.8549 601.8713 601.8845 601.9016 601.9193 601.9301 601.9299 601.9377 601.944 601.9481 601.9531 601.955 601.9615 601.9667 601.9702 601.9723 601.9729 601.978 601.9824 601.9854 601.9873 601.9808 601.9862
601.5481 601.5403 601.5316 601.5308 601.5275 601.5239 601.524 601.5198 601.5197 601.5192 601.5181 601.5184 601.5188 601.5191 601.5214 601.5247 601.5262 601.5289 601.5347 601.5377 601.5427 601.5481 601.5552 601.5599 601.5673 601.5759 601.5837 601.5917 601.5991 601.608 601.6191 601.6281 601.6412 601.6517 601.6611 601.6742 601.687 601.7 601.7131 601.728 601.7425 601.7555 601.7736 601.7885 601.8019 601.8206 601.8373 601.8541 601.8728 601.8915 601.905 601.9055 601.9103 601.9135 601.9211 601.9271 601.931 601.9339 601.9349 601.9419 601.9442 601.9497 601.9514 601.9484 601.9536
601.4653 601.4575 601.4486 601.4479 601.4438 601.4407 601.4409 601.4362 601.4364 601.4357 601.4346 601.435 601.4353 601.4357 601.4384 601.4411 601.4426 601.4459 601.4511 601.454 601.4592 601.465 601.4719 601.4767 601.4844 601.4924 601.5002 601.5083 601.5164 601.5251 601.5358 601.546 601.559 601.5683 601.5786 601.5916 601.6044 601.6171 601.6309 601.6462 601.66 601.6737 601.6923 601.7057 601.7208 601.7388 601.7553 601.7729 601.7916 601.8103 601.8256 601.8423 601.8626 601.8815 601.881 601.8871 601.8918 601.8955 601.8988 601.9058 601.909 601.9139 601.9155 601.9161 601.9209
601.3825 601.3746 601.3657 601.3649 601.3599 601.3576 601.3577 601.3529 601.3532 601.3521 601.3511 601.3515 601.3519 601.3522 601.3553 601.3575 601.3591 601.3629 601.3675 601.3707 601.3755 601.382 601.3886 601.3936 601.4016 601.4094 601.4167 601.4249 601.4334 601.443 601.4526 601.4638 601.4766 601.4849 601.496 601.5088 601.5218 601.5344 601.5486 601.5644 601.5775 601.5925 601.6099 601.623 601.6398 601.657 601.6733 601.6917 601.7104 601.7279 601.7429 601.7612 601.781 601.8001 601.8185 601.8412 601.857 601.8572 601.8627 601.8694 601.8739 601.878 601.8785 601.8837 601.8882
601.2997 601.2917 601.2827 601.2819 601.276 601.2745 601.2745 601.2697 601.27 601.2686 601.2676 601.268 601.2684 601.2687 601.2722 601.274 601.2756 601.2799 601.2839 601.2875 601.2919 601.2992 601.3051 601.3104 601.319 601.3265 601.3336 601.3415 601.3505 601.3609 601.3693 601.3817 601.3934 601.4015 601.4135 601.426 601.4392 601.4518 601.4663 601.4819 601.495 601.5114 601.5271 601.5403 601.5588 601.5751 601.5917 601.6105 601.6292 601.6452 601.6602 601.6802 601.6995 601.7182 601.7379 601.7617 601.7808 601.8024 601.8248 601.833 601.8387 601.8421 601.8427 601.8502 601.8556
601.2168 601.2087 601.1997 601.199 601.1929 601.1913 601.1914 601.1865 601.1865 601.185 601.1841 601.1846 601.1849 601.1852 601.1888 601.1904 601.192 601.1969 601.2003 601.2043 601.2086 601.2164 601.2214 601.2272 601.2365 601.2435 601.2505 601.2582 601.2675 601.278 601.2865 601.2996 601.3102 601.3181 601.331 601.3434 601.3564 601.3691 601.3841 601.3995 601.4121 601.4302 601.4443 601.459 601.4764 601.493 601.5105 601.5292 601.5479 601.5626 601.5788 601.599 601.6179 601.6366 601.6584 601.6804 601.6992 601.7228 601.7434 601.7637 601.7875 601.8107 601.8104 601.8175 601.8229
601.1339 601.1257 601.1168 601.116 601.1097 601.1082 601.1083 601.1032 601.103 601.1011 601.1007 601.1011 601.1014 601.1017 601.1053 601.1069 601.1085 601.1135 601.1167 601.1212 601.1255 601.1332 601.1377 601.1443 601.1531 601.1603 601.1674 601.1757 601.1844 601.1944 601.2043 601.2174 601.2264 601.2354 601.2484 601.2609 601.2735 601.2869 601.3032 601.317 601.3303 601.348 601.3616 601.3781 601.3948 601.4111 601.4293 601.4481 601.4656 601.4799 601.4977 601.5174 601.537 601.5558 601.5789 601.5989 601.6193 601.6423 601.6613 601.6841 601.7076 601.7288 601.749 601.7744 601.792
601.051 601.0428 601.0338 601.0322 601.0266 601.025 601.0245 601.02 601.0194 601.0169 601.0172 601.0176 601.0179 601.0183 601.0217 601.0234 601.025 601.03 601.0331 601.0375 601.0424 601.0499 601.054 601.0614 601.0696 601.0767 601.084 601.0929 601.1017 601.111 601.1222 601.1346 601.1428 601.1529 601.1655 601.1783 601.1906 601.2047 601.2214 601.2345 601.2491 601.2656 601.2788 601.2969 601.3128 601.3294 601.348 601.3668 601.3824 601.3972 601.4167 601.4358 601.4551 601.4756 601.4985 601.5173 601.5396 601.5613 601.5806 601.604 601.6276 601.6469 601.6698 601.6952 601.7171
600.9682 600.9598 600.9508 600.9487 600.9435 600.9419 600.9407 600.9368 600.9359 600.9334 600.9337 600.9341 600.9344 600.9352 600.9382 600.9398 600.9415 600.9464 600.9495 600.9539 600.9594 600.9667 600.9705 600.9788 600.9861 600.9931 601.0007 601.0099 601.0197 601.0278 601.04 601.0516 601.0592 601.0704 601.0827 601.0957 601.1079 601.1224 601.1389 601.1516 601.1678 601.1829 601.1973 601.214 601.2308 601.2482 601.2669 601.2855 601.2995 601.3152 601.3353 601.3548 601.3739 601.3962 601.417 601.4361 601.46 601.4796 601.501 601.5238 601.546 601.5652 601.5906 601.6139 601.6378
600.8853 600.8768 600.8679 600.8656 600.8603 600.8588 600.8574 600.8536 600.8523 600.8499 600.8503 600.8506 600.851 600.8522 600.8547 600.8563 600.858 600.8629 600.8661 600.8702 600.8766 600.8831 600.8874 600.8964 600.903 600.9095 600.9173 600.9269 600.9368 600.9449 600.9579 600.9683 600.9758 600.9879 600.9999 601.0128 601.0253 601.0413 601.0564 601.0688 601.0861 601.1001 601.1162 601.1319 601.1488 601.167 601.1857 601.2031 601.2169 601.2342 601.2537 601.274 601.2933 601.3167 601.3354 601.3564 601.3788 601.3978 601.4213 601.4438 601.4641 601.4861 601.5114 601.5332 601.5585
600.8024 600.7939 600.7849 600.7819 600.7772 600.7756 600.7737 600.7703 600.7688 600.7664 600.7668 600.7672 600.7675 600.7691 600.7712 600.7728 600.7747 600.7793 600.7828 600.7866 600.7938 600.7994 600.8042 600.8137 600.82 600.8262 600.8347 600.8439 600.8532 600.8627 600.8755 600.8849 600.8925 600.9051 600.9174 600.9299 600.943 600.9601 600.9739 600.9868 601.0037 601.0173 601.0345 601.0505 601.0671 601.0854 601.1045 601.1205 601.1342 601.1531 601.1723 601.1921 601.2134 601.2353 601.254 601.2768 601.2978 601.3178 601.3401 601.3632 601.3821 601.4069 601.4307 601.4539 601.4789
600.7195 600.7109 600.7019 600.6981 600.694 600.6925 600.6897 600.6867 600.6852 600.6829 600.6833 600.6837 600.684 600.6859 600.6876 600.6893 600.6917 600.6957 600.6996 600.7029 600.7109 600.7156 600.7213 600.7303 600.7368 600.7431 600.7522 600.7609 600.7696 600.7806 600.7927 600.8013 600.8098 600.8223 600.8348 600.847 600.8607 600.8784 600.8911 600.9056 600.9214 600.9355 600.9516 600.9685 600.9858 601.0046 601.0229 601.0369 601.0518 601.0717 601.0919 601.1112 601.134 601.1536 601.1733 601.197 601.2157 601.2382 601.2601 601.2813 601.3023 601.3277 601.3493 601.3746 601.3997
