SIN0=(1.4582364239162877,1.0,-2.13,MASK0)
SIN1=(1.214093227583952,2.0,-0.13,MASK0)
SIN2=(0.4731388009429039,3.0,-1.74,MASK0)
SIN3=(0.7712488496029619,4.0,0.78,MASK0)
SIN4=(2.0150159788526,5.0,-2.4,MASK0)
SIN5=(1.3246533738123523,5.5,0.11,MASK0)
SIN6=(1.8409156823098467,7.0,2.7,MASK0)
SIN7=(1.4144508709144759,7.5,-2.71,MASK0)
SIN8=(0.9676811241270091,8.5,0.27,MASK0)
SIN9=(1.0061498898839876,10.0,0.05,MASK0)
SIN10=(0.7728328104973825,11.0,2.9,MASK0)
SIN11=(0.49273436338960164,12.0,0.35,MASK0)
SIN12=(0.459074288729837,13.0,0.79,MASK0)
SIN13=(0.7076069076774746,13.5,-0.6,MASK0)
SIN14=(0.20601935596035187,15.0,0.33,MASK0)
SIN15=(0.48718846022622464,16.5,0.41,MASK0)
SIN16=(0.2730514833511128,17.5,0.49,MASK0)
SIN17=(0.3972958766319913,24.0,-0.32,MASK0)
SIN18=(0.41657039738886603,24.5,-2.53,MASK0)
SIN19=(0.2887906628897787,25.5,0.24,MASK0)
SIN20=(0.27473100898360425,28.5,0.95,MASK0)
SIN21=(0.1773376009754792,33.5,0.73,MASK0)
SIN22=(0.1795488131281117,31.5,-2.24,MASK0)
SIN23=(0.08463249761013178,26.5,2.56,MASK0)
SIN24=(0.39729587663199123,24.0,-0.32,MASK0)
SIN25=(0.31157829753365673,21.5,-2.96,MASK0)
SIN26=(0.5734555990186925,15.5,-2.96,MASK0)
SIN27=(0.20601935596035187,15.0,0.33,MASK0)
SIN28=(0.459074288729837,13.0,0.79,MASK0)
SIN29=(0.49273436338960164,12.0,0.35,MASK0)
SIN30=(0.7728328104973824,11.0,2.9,MASK0)
SIN31=(1.0061498898839876,10.0,0.05,MASK0)
SIN32=(0.9676811241270091,8.5,0.27,MASK0)
SIN33=(1.4144508709144756,7.5,-2.71,MASK0)
SIN34=(1.8409156823098467,7.0,2.7,MASK0)
SIN35=(1.3246533738123523,5.5,0.11,MASK0)
SIN36=(2.0150159788526,5.0,-2.4,MASK0)
SIN37=(0.771248849602962,4.0,0.78,MASK0)
SIN38=(0.47313880094290384,3.0,-1.74,MASK0)
SIN39=(1.2140932275839518,2.0,-0.13,MASK0)
SIN40=(1.4582364239162877,1.0,-2.13,MASK0)

