samples/sfe_81/sfe_81_v0/sfe_81_v0/sfe_81_v0.asc
ncols         250
nrows         122
xllcorner     83.800000000745
yllcorner     39
cellsize      1
NODATA_value  -9999
[rows 84 to 111 of 122, columns 0 to 63 of 250]
-9999 -9999 -9999 606.3431 606.269 606.2082 606.1477 606.087 606.0315 605.7495 605.4701 605.1983 604.9166 604.6237 604.354 604.1252 603.8399 603.5975 603.4107 603.1909 603.0014 602.7867 602.5974 602.3902 602.2028 602.0013 601.8032 601.6581 601.4776 601.3203 601.1357 600.9495 600.7636 600.5778 600.3915 600.127 599.906 599.6925 599.8062 599.781 599.8315 600.175 600.2125 600.3716 600.4525 600.5274 600.6033 600.673 600.7392 600.7956 600.8468 600.8934 600.9258 600.9283 600.9183 600.9003 600.9 600.8668 600.8324 600.7903 600.7342 600.6773 600.5925 600.4956
-9999 -9999 -9999 -9999 606.314 606.2504 606.1898 606.1293 606.0685 606.021 605.7421 605.4474 605.1537 604.8839 604.6389 604.351 604.0901 603.8986 603.6563 603.4698 603.2463 603.057 602.8385 602.6522 602.4477 602.2496 602.0389 601.811 601.6669 601.4943 601.3079 601.1222 600.9362 600.7501 600.5695 600.4213 600.1295 600.02 599.9385 599.5865 599.7075 599.9395 599.904 600.1285 600.276 600.3445 600.418 600.4897 600.5612 600.6074 600.6641 600.7065 600.7416 600.7474 600.7383 600.7213 600.7169 600.6802 600.6414 600.5986 600.5419 600.476 600.3906 600.2934
-9999 -9999 -9999 -9999 606.3598 606.2926 606.2319 606.1716 606.1105 606.0507 605.9784 605.6839 605.4136 605.1526 604.8621 604.601 604.3859 604.1448 603.9383 603.7192 603.5166 603.292 603.1005 602.894 602.696 602.4853 602.2576 602.0562 601.8602 601.6662 601.4805 601.2947 601.1088 600.9384 600.7726 600.6139 600.4388 600.283 600.0505 599.8235 599.77 599.7635 599.863 600.043 599.973 599.815 600.2645 600.3124 600.3735 600.423 600.485 600.5265 600.5575 600.5667 600.5576 600.5423 600.5341 600.4944 600.4542 600.4035 600.3493 600.2695 600.2028 600.0982
-9999 -9999 -9999 -9999 606.4088 606.3348 606.2741 606.2137 606.1527 606.0928 606.033 605.9435 605.6663 605.3754 605.1102 604.8709 604.637 604.4067 604.1953 603.9762 603.7574 603.5488 603.3405 603.1423 602.9316 602.7042 602.4941 602.3018 602.0995 601.8723 601.6532 601.4673 601.3073 601.1166 600.9637 600.7819 600.6464 600.4777 600.339 600.284 600.011 599.5785 599.6415 599.8138 599.788 599.6175 599.775 599.9185 600.146 600.2473 600.3029 600.3422 600.3734 600.3858 600.3782 600.3632 600.3512 600.3103 600.268 600.2142 600.1552 600.0772 600.0245 599.5605
-9999 -9999 -9999 -9999 -9999 606.3792 606.3163 606.2557 606.195 606.1348 606.075 606.0184 605.889 605.6212 605.3616 605.1302 604.8914 604.6714 604.4358 604.2228 603.9971 603.7924 603.5887 603.3779 603.1507 602.9331 602.7435 602.5411 602.3144 602.0916 601.8614 601.669 601.4855 601.3136 601.1316 600.9858 600.8019 600.6328 600.5009 600.3717 600.211 599.8585 599.736 599.947 599.7385 599.5605 599.8545 599.7645 599.4945 599.5465 599.7995 600.126 600.1892 600.205 600.1992 600.1842 600.1683 600.1274 600.0835 599.9725 599.842 599.601 599.292 599.006
-9999 -9999 -9999 -9999 -9999 606.425 606.3585 606.2978 606.2373 606.1768 606.1169 606.0596 606.0082 605.8729 605.623 605.3721 605.1478 604.9045 604.6888 604.4506 604.2487 604.0351 603.8242 603.5972 603.3761 603.1851 602.9827 602.7564 602.5388 602.3087 602.0821 601.8496 601.6635 601.4815 601.3127 601.1261 600.956 600.8132 600.6655 600.5521 600.4298 600.3089 599.9901 600.136 599.8585 599.554 599.6175 599.5609 599.516 599.5165 599.545 599.655 599.6945 599.466 599.5649 599.74 599.609 599.5045 599.416 599.278 599.1115 599.043 598.9155 598.7408
-9999 -9999 -9999 -9999 -9999 606.4755 606.4007 606.34 606.2796 606.2188 606.1589 606.1008 606.049 605.9971 605.8647 605.6244 605.3807 605.1548 604.916 604.7045 604.4815 604.2706 604.0437 603.819 603.6247 603.4243 603.1985 602.9803 602.7559 602.5344 602.3017 602.0739 601.8402 601.6367 601.4501 601.2808 601.1255 600.9745 600.8362 600.7212 600.5961 600.4861 600.3832 600.2855 600.1975 599.8135 599.491 599.542 599.7 599.55 599.4983 599.649 599.544 599.3535 599.3995 599.4424 599.145 598.9305 598.938 598.9886 598.9634 598.9435 598.965 599.0555
-9999 -9999 -9999 -9999 -9999 -9999 606.4444 606.3821 606.3217 606.2607 606.2009 606.142 606.0898 606.038 605.9803 605.8568 605.6208 605.3815 605.1557 604.9279 604.7169 604.4901 604.262 604.0626 603.8659 603.6406 603.4218 603.2029 602.9825 602.7538 602.5297 602.2971 602.0626 601.8316 601.6055 601.4377 601.2838 601.1318 601.0125 600.888 600.7618 600.653 600.5503 600.455 600.3572 600.2629 600.123 599.9615 599.87 599.492 599.5415 599.6646 599.487 599.437 599.3585 599.3855 599.2995 599.0105 599.105 599.327 599.2505 599.2125 599.363 599.7595
-9999 -9999 -9999 -9999 -9999 -9999 606.4902 606.4244 606.3638 606.303 606.2429 606.1832 606.1309 606.0787 606.0216 605.9644 605.8469 605.6092 605.3819 605.1632 604.9365 604.7065 604.5037 604.3075 604.0826 603.8633 603.6499 603.4297 603.2059 602.9822 602.7539 602.5198 602.2991 602.0634 601.8202 601.5931 601.4325 601.3008 601.1794 601.0452 600.9305 600.8239 600.7202 600.6234 600.5261 600.443 600.3735 600.3092 600.2467 600.2025 599.9725 599.9085 599.774 599.676 599.5875 599.7035 599.6945 599.505 599.679 599.884 599.9015 600.0565 600.0958 600.1528
-9999 -9999 -9999 -9999 -9999 -9999 -9999 606.4666 606.4058 606.3453 606.2849 606.2252 606.1701 606.1187 606.0629 606.0056 605.9539 605.8383 605.6096 605.3828 605.153 604.9466 604.7491 604.5247 604.3047 604.0972 603.877 603.6581 603.4348 603.2108 602.9771 602.7646 602.5329 602.2931 602.0498 601.8091 601.5985 601.4708 601.3356 601.2147 601.0931 600.9849 600.8898 600.7932 600.6961 600.623 600.5573 600.486 600.428 600.3768 600.3334 600.3015 600.26 600.2431 600.2322 600.2194 600.2067 600.1953 600.1844 600.1921 600.2175 600.239 600.2925 600.3469
-9999 -9999 -9999 -9999 -9999 -9999 -9999 606.5096 606.4481 606.3876 606.3269 606.2672 606.2109 606.1583 606.1042 606.0466 605.995 605.9461 605.8292 605.5994 605.3895 605.1907 604.9667 604.7462 604.5445 604.3242 604.1102 603.8873 603.6685 603.4344 603.2199 602.9942 602.7662 602.5229 602.2881 602.0468 601.8004 601.5975 601.4958 601.3691 601.2623 601.1548 601.0587 600.9623 600.874 600.8036 600.7352 600.6646 600.6093 600.5576 600.5152 600.4811 600.4409 600.4213 600.4104 600.394 600.386 600.3749 600.3701 600.3819 600.4039 600.4376 600.4893 600.5432
-9999 -9999 -9999 -9999 -9999 -9999 -9999 606.5554 606.4902 606.4297 606.3689 606.3091 606.252 606.1995 606.1454 606.0877 606.036 605.9874 605.9398 605.8325 605.6312 605.4088 605.1877 604.987 604.7714 604.5623 604.3398 604.126 603.8917 603.6788 603.4614 603.2394 602.996 602.7667 602.5311 602.2906 602.0736 601.8536 601.6337 601.533 601.4203 601.3247 601.229 601.1329 601.0541 600.9848 600.9119 600.8459 600.7909 600.7399 600.6942 600.6607 600.6232 600.5995 600.5883 600.5681 600.5652 600.5544 600.5558 600.5698 600.5927 600.6364 600.681 600.739
-9999 -9999 -9999 -9999 -9999 -9999 -9999 -9999 606.5325 606.4718 606.4111 606.3511 606.2932 606.2408 606.1868 606.1289 606.0771 606.0286 605.9805 605.9296 605.8508 605.6292 605.4285 605.2186 605.0137 604.7924 604.5785 604.3489 604.1396 603.9291 603.7126 603.4692 603.2407 603.0159 602.7809 602.5649 602.351 602.131 601.9259 601.7195 601.5635 601.4944 601.3989 601.3046 601.2347 601.168 601.0889 601.0272 600.9728 600.9225 600.8755 600.8403 600.806 600.7777 600.7662 600.7422 600.7446 600.7341 600.7415 600.7552 600.7813 600.8344 600.8734 600.9351
-9999 -9999 -9999 -9999 -9999 -9999 -9999 -9999 606.5748 606.5139 606.4534 606.3931 606.3344 606.282 606.2281 606.1702 606.1182 606.0699 606.0214 605.97 605.9192 605.87 605.6659 605.461 605.2449 605.031 604.8062 604.5969 604.3966 604.1855 603.9423 603.7133 603.4915 603.2715 603.0406 602.8483 602.6284 602.4243 602.218 602.0349 601.8658 601.6965 601.543 601.4849 601.4158 601.3358 601.2668 601.2085 601.1545 601.1043 601.0568 601.0201 600.9865 600.9557 600.9434 600.9162 600.9243 600.9136 600.9272 600.942 600.97 601.0145 601.0667 601.1293
-9999 -9999 -9999 -9999 -9999 -9999 -9999 -9999 606.6206 606.5562 606.4957 606.4351 606.3756 606.3232 606.2693 606.2114 606.1592 606.1112 606.0622 606.0104 605.9611 605.9158 605.8725 605.6974 605.4835 605.2635 605.0542 604.8531 604.6498 604.4154 604.1858 603.964 603.7507 603.5226 603.3456 603.1257 602.9153 602.7164 602.5225 602.3535 602.1846 602.0153 601.8681 601.7259 601.5911 601.5135 601.4451 601.3898 601.335 601.2825 601.2381 601.2003 601.1647 601.1338 601.1174 601.0903 601.104 601.0932 601.1111 601.1298 601.1594 601.2002 601.26 601.316
-9999 -9999 -9999 -9999 -9999 -9999 -9999 -9999 -9999 606.5983 606.5378 606.4771 606.4173 606.3639 606.3107 606.2526 606.2003 606.1525 606.1027 606.0507 606.0031 605.9576 605.9118 605.8631 605.7208 605.5115 605.3085 605.1111 604.8885 604.6583 604.4366 604.2272 604.0061 603.8267 603.623 603.4105 603.2148 603.0098 602.8412 602.6728 602.5034 602.3439 602.2005 602.0592 601.929 601.8064 601.6853 601.5888 601.4918 601.4606 601.4194 601.3805 601.3429 601.3118 601.2915 601.2643 601.2836 601.2728 601.2908 601.3143 601.3478 601.361 601.4622 601.5748
-9999 -9999 -9999 -9999 -9999 -9999 -9999 -9999 -9999 606.6406 606.5798 606.5191 606.4593 606.405 606.3519 606.2939 606.2413 606.1937 606.1437 606.0911 606.045 605.9995 605.9536 605.9068 605.864 605.7639 605.5724 605.3616 605.1309 604.9156 604.7053 604.4907 604.3024 604.1204 603.9056 603.707 603.5068 603.3287 603.1601 602.9915 602.8246 602.676 602.5338 602.3913 602.267 602.1459 602.0306 601.9341 601.8408 601.7435 601.67 601.6033 601.5543 601.5043 601.4631 601.4537 601.4477 601.4845 601.4991 601.5504 601.6253 601.702 601.7972 601.897
-9999 -9999 -9999 -9999 -9999 -9999 -9999 -9999 -9999 606.6858 606.622 606.5614 606.5013 606.4446 606.3932 606.3351 606.2824 606.235 606.1855 606.1321 606.0869 606.0413 605.9943 605.9505 605.9077 605.8669 605.8347 605.6035 605.389 605.1863 604.981 604.7781 604.614 604.4008 604.1973 604.0052 603.816 603.6476 603.4795 603.3103 603.1529 603.0084 602.8671 602.7293 602.6048 602.4854 602.3759 602.2794 602.1898 602.0919 602.024 601.9597 601.9153 601.8635 601.8243 601.8151 601.8073 601.8442 601.8613 601.9071 601.9742 602.0471 602.1351 602.2346
-9999 -9999 -9999 -9999 -9999 -9999 -9999 -9999 -9999 -9999 606.6642 606.6037 606.5433 606.4856 606.4345 606.3765 606.3235 606.2762 606.2263 606.1741 606.1288 606.083 606.0369 605.9942 605.9566 605.9131 605.8707 605.824 605.6588 605.4614 605.2572 605.0884 604.8959 604.6924 604.4988 604.3035 604.1351 603.9667 603.7985 603.6348 603.4839 603.3417 603.1969 603.0673 602.9464 602.8253 602.7216 602.6258 602.5389 602.4461 602.3785 602.316 602.2764 602.2226 602.1855 602.1766 602.1671 602.204 602.2234 602.2639 602.3231 602.394 602.4824 602.5696
-9999 -9999 -9999 -9999 -9999 -9999 -9999 -9999 -9999 -9999 606.7064 606.6458 606.5853 606.5268 606.4752 606.4177 606.3645 606.3176 606.2669 606.216 606.1707 606.1248 606.0807 606.0379 606.0028 605.9594 605.9177 605.8735 605.8303 605.7407 605.5641 605.3924 605.1875 604.9891 604.7957 604.6223 604.454 604.2861 604.1172 603.963 603.8163 603.675 603.5295 603.3987 603.2858 603.1648 603.0676 602.9786 602.8879 602.8002 602.736 602.6724 602.6367 602.5817 602.5468 602.538 602.5287 602.5637 602.5856 602.6207 602.672 602.741 602.8252 602.9045
-9999 -9999 -9999 -9999 -9999 -9999 -9999 -9999 -9999 -9999 606.751 606.6879 606.6273 606.568 606.5149 606.459 606.4056 606.3588 606.3077 606.2579 606.2125 606.1661 606.1244 606.0816 606.0491 606.0057 605.9647 605.9247 605.8843 605.8398 605.7979 605.6827 605.4795 605.2906 605.1097 604.9414 604.7734 604.6053 604.4448 604.2917 604.1495 604.0048 603.8675 603.7407 603.6255 603.5082 603.4128 603.3315 603.2369 603.1542 603.0934 603.0296 602.9958 602.941 602.908 602.8995 602.8906 602.9235 602.9478 602.9775 603.0264 603.0912 603.1661 603.2465
-9999 -9999 -9999 -9999 -9999 -9999 -9999 -9999 -9999 -9999 -9999 606.7301 606.6694 606.6095 606.5558 606.5003 606.4467 606.4001 606.3481 606.2999 606.2543 606.2073 606.1681 606.1363 606.0953 606.0593 606.0118 605.9791 605.9377 605.8944 605.8565 605.8149 605.781 605.597 605.4285 605.2606 605.0928 604.9266 604.773 604.6241 604.4828 604.3342 604.1998 604.0862 603.9656 603.8535 603.7587 603.6832 603.5803 603.5082 603.4509 603.3888 603.3549 603.3006 603.2692 603.261 603.2526 603.2832 603.3099 603.3349 603.3851 603.4446 603.5121 603.5939
-9999 -9999 -9999 -9999 -9999 -9999 -9999 -9999 -9999 -9999 -9999 606.7723 606.7117 606.6515 606.5971 606.5416 606.4877 606.4409 606.3884 606.3418 606.296 606.2545 606.2118 606.185 606.1416 606.1063 606.0712 606.0317 605.991 605.9564 605.915 605.8742 605.8303 605.7871 605.7477 605.58 605.4122 605.2549 605.1013 604.9575 604.8127 604.6677 604.5303 604.4257 604.3055 604.1999 604.105 604.0323 603.9288 603.8621 603.8083 603.7479 603.7141 603.6603 603.6304 603.6224 603.6145 603.6428 603.672 603.6956 603.7438 603.798 603.8585 603.9413
-9999 -9999 -9999 -9999 -9999 -9999 -9999 -9999 -9999 -9999 -9999 606.8162 606.7538 606.6935 606.6382 606.5829 606.5287 606.4815 606.429 606.3837 606.3378 606.2983 606.2598 606.2313 606.1909 606.1533 606.1223 606.085 606.0485 606.015 605.9736 605.9335 605.8922 605.8535 605.8129 605.7717 605.7368 605.5831 605.4321 605.2908 605.1421 605.001 604.8766 604.7657 604.6448 604.5463 604.4556 604.3813 604.283 604.2174 604.1656 604.1071 604.0732 604.02 603.9916 603.9839 603.9763 604.0023 604.0339 604.0563 604.1025 604.1486 604.2053 604.2886
-9999 -9999 -9999 -9999 -9999 -9999 -9999 -9999 -9999 -9999 -9999 -9999 606.796 606.7355 606.679 606.6242 606.57 606.5224 606.4709 606.4255 606.3776 606.342 606.3146 606.2775 606.2479 606.2054 606.1763 606.1432 606.1031 606.0735 606.038 605.9933 605.9542 605.9227 605.88 605.8416 605.7991 605.7582 605.7305 605.6205 605.4715 605.3314 605.2242 605.1058 604.9857 604.8918 604.8085 604.7296 604.6373 604.5749 604.5219 604.4662 604.4323 604.3796 604.3528 604.3454 604.338 604.3618 604.3958 604.4169 604.4612 604.4991 604.5569 604.6312
-9999 -9999 -9999 -9999 -9999 -9999 -9999 -9999 -9999 -9999 -9999 -9999 606.8381 606.7775 606.7192 606.6655 606.6113 606.5629 606.5128 606.4673 606.4284 606.3857 606.3672 606.3238 606.2949 606.2654 606.2331 606.1966 606.1647 606.1321 606.0986 606.0613 606.0208 605.9898 605.951 605.9136 605.8718 605.8351 605.7981 605.7573 605.7209 605.6649 605.5659 605.4459 605.3318 605.2382 605.1614 605.0718 604.9915 604.9324 604.8783 604.8254 604.7915 604.7393 604.714 604.7068 604.6997 604.7213 604.758 604.7776 604.8199 604.8578 604.9103 604.9774
-9999 -9999 -9999 -9999 -9999 -9999 -9999 -9999 -9999 -9999 -9999 -9999 606.8814 606.8197 606.7604 606.7068 606.6525 606.6046 606.5547 606.5091 606.4721 606.438 606.4135 606.3778 606.3419 606.32 606.2858 606.2571 606.2298 606.1907 606.1578 606.1233 606.091 606.0569 606.0199 605.9841 605.9474 605.9119 605.8771 605.836 605.8047 605.77 605.7348 605.705 605.6782 605.5845 605.5142 605.4142 605.3458 605.2899 605.2364 605.1846 605.1508 605.099 605.0752 605.0683 605.0614 605.0808 605.1187 605.1382 605.1785 605.2166 605.2636 605.3237
-9999 -9999 -9999 -9999 -9999 -9999 -9999 -9999 -9999 -9999 -9999 -9999 -9999 606.8619 606.8017 606.748 606.6938 606.6451 606.5967 606.5497 606.5159 606.4929 606.4597 606.4355 606.3989 606.3734 606.3478 606.3117 606.2906 606.2537 606.2171 606.1853 606.1576 606.124 606.0937 606.0546 606.0207 605.9888 605.956 605.9221 605.8885 605.8574 605.8218 605.7953 605.7623 605.733 605.7094 605.6766 605.658 605.6473 605.5955 605.5438 605.5105 605.4587 605.4364 605.4297 605.4232 605.4403 605.4784 605.4989 605.5371 605.5699 605.5635 605.5709
