samples/sfe_81/sfe_81_v0/sfe_81_v0/sfe_81_v0.asc
ncols         250
nrows         122
xllcorner     83.800000000745
yllcorner     39
cellsize      1
NODATA_value  -9999
[rows 0 to 27 of 122, columns 128 to 191 of 250]
605.5742 605.561 605.5469 605.5337 605.5206 605.5074 605.4943 605.481 605.4678 605.4544 605.4424 605.4292 605.4159 605.4034 605.3914 605.3788 605.3666 605.3538 605.3416 605.3295 605.3171 605.3042 605.2911 605.2786 605.2669 605.2548 605.2417 605.2294 605.2168 605.2043 605.1913 605.1783 605.1668 605.153 605.1404 605.1281 605.1154 605.1028 605.0901 605.0769 605.0641 605.0514 605.0381 605.0257 605.0124 604.9988 604.9868 604.9732 604.9598 604.9469 604.9344 604.9214 604.9081 604.8946 604.8813 604.8685 604.8553 604.8422 604.829 604.8158 604.8027 604.7893 604.7762 604.7628
605.4727 605.46 605.4449 605.4321 605.4198 605.4071 605.3948 605.3821 605.3696 605.3563 605.3474 605.3346 605.3238 605.3117 605.3021 605.2914 605.2813 605.2709 605.2601 605.2517 605.241 605.2301 605.2178 605.2075 605.1978 605.1901 605.1777 605.1683 605.1554 605.1469 605.1328 605.1267 605.1133 605.1001 605.0905 605.0793 605.0673 605.0578 605.0455 605.0355 605.0219 605.0114 604.9976 604.9883 604.9744 604.9641 604.9515 604.9383 604.9258 604.9164 604.9026 604.8912 604.8776 604.865 604.8528 604.8403 604.8278 604.8154 604.8032 604.7906 604.7778 604.7656 604.7522 604.7385
605.371 605.359 605.3433 605.3305 605.319 605.3068 605.2952 605.2833 605.2712 605.2585 605.2523 605.24 605.2322 605.2208 605.2125 605.2044 605.1959 605.1878 605.1785 605.1741 605.1647 605.1558 605.1489 605.1388 605.129 605.1247 605.1157 605.1061 605.0988 605.0885 605.0751 605.074 605.0606 605.0504 605.0407 605.0333 605.0231 605.012 605.0044 604.9929 604.9847 604.9706 604.9642 604.9501 604.9368 604.9301 604.9169 604.9034 604.8922 604.8843 604.8729 604.8605 604.8472 604.8354 604.8237 604.8127 604.8011 604.7892 604.777 604.7654 604.7526 604.7416 604.7278 604.7147
605.2697 605.2581 605.2415 605.2289 605.2182 605.2065 605.1957 605.1843 605.1729 605.1605 605.1572 605.1456 605.1406 605.1317 605.1228 605.1169 605.1105 605.106 605.0975 605.096 605.089 605.0811 605.0774 605.0737 605.0641 605.0592 605.0576 605.0438 605.0438 605.0301 605.0229 605.0206 605.0072 604.9991 604.9917 604.9858 604.9766 604.9708 604.9607 604.9511 604.944 604.9306 604.9261 604.9128 604.8994 604.8956 604.8824 604.8682 604.8596 604.8531 604.8441 604.8305 604.8192 604.8084 604.7969 604.7858 604.775 604.7629 604.7538 604.7411 604.7314 604.7173 604.704 604.694
605.1683 605.1571 605.1398 605.1273 605.1174 605.1062 605.0963 605.0854 605.0746 605.0621 605.0621 605.0511 605.0491 605.0426 605.0337 605.0294 605.0266 605.0269 605.0222 605.0179 605.0167 605.0065 605.0059 605.0046 605.0001 604.9941 604.996 604.986 604.986 604.9724 604.9681 604.9677 604.9544 604.9526 604.9461 604.9379 604.9354 604.9264 604.9219 604.9097 604.904 604.8907 604.8888 604.8753 604.8704 604.8605 604.8469 604.8368 604.8351 604.8218 604.8138 604.8004 604.7888 604.7797 604.7689 604.7606 604.7491 604.7388 604.7278 604.7164 604.7068 604.6935 604.6802 604.6719
605.067 605.0562 605.0386 605.0257 605.0165 605.0059 604.9966 604.9866 604.9764 604.9655 604.967 604.9566 604.9574 604.9536 604.9471 604.9423 604.9458 604.9478 604.9454 604.9435 604.9444 604.9323 604.9342 604.9362 604.9396 604.9312 604.9339 604.9249 604.9277 604.9145 604.9203 604.9145 604.9092 604.9035 604.8989 604.8968 604.8896 604.8852 604.8801 604.8766 604.8632 604.8609 604.8506 604.8374 604.8391 604.8257 604.8122 604.806 604.8033 604.7953 604.7836 604.7708 604.7617 604.7538 604.7433 604.7341 604.7239 604.7144 604.705 604.694 604.683 604.6697 604.6589 604.6493
604.9656 604.9553 604.938 604.9241 604.9155 604.9057 604.8969 604.8876 604.8784 604.8704 604.8721 604.8619 604.8654 604.8644 604.8609 604.8596 604.865 604.8668 604.8682 604.8696 604.8713 604.8641 604.8643 604.867 604.8771 604.8701 604.8723 604.8699 604.8699 604.8628 604.8725 604.8616 604.8575 604.8542 604.8559 604.8502 604.8498 604.8447 604.8381 604.8367 604.8231 604.8267 604.8131 604.8043 604.8045 604.791 604.782 604.778 604.7718 604.7668 604.7531 604.7431 604.7356 604.7263 604.7178 604.7086 604.7005 604.691 604.6804 604.6725 604.6592 604.6456 604.64 604.6263
604.864 604.8544 604.8373 604.8225 604.8145 604.8055 604.7972 604.7888 604.7802 604.7753 604.7772 604.7672 604.7734 604.7753 604.7747 604.7769 604.7842 604.7854 604.7921 604.7956 604.7971 604.7971 604.8005 604.8031 604.8121 604.8131 604.8102 604.8165 604.8115 604.811 604.822 604.8087 604.8104 604.8125 604.8084 604.8123 604.8074 604.8045 604.7975 604.7967 604.787 604.7892 604.7756 604.7767 604.7694 604.756 604.7504 604.754 604.741 604.7363 604.7228 604.7134 604.7084 604.7009 604.6924 604.6844 604.6744 604.6671 604.6555 604.6487 604.6353 604.6238 604.6173 604.6035
604.7632 604.7535 604.7366 604.7209 604.7135 604.7053 604.6975 604.6899 604.6821 604.6802 604.6823 604.6743 604.6813 604.6863 604.6885 604.6942 604.7017 604.704 604.716 604.7214 604.7225 604.73 604.7367 604.7397 604.7466 604.7562 604.755 604.763 604.7535 604.7617 604.7686 604.763 604.766 604.7645 604.7685 604.7672 604.7654 604.7672 604.7645 604.7559 604.7572 604.7511 604.7382 604.7481 604.7345 604.7246 604.7204 604.7224 604.7178 604.7061 604.6973 604.6911 604.6831 604.6748 604.6683 604.6603 604.6542 604.6436 604.6382 604.6246 604.6109 604.6077 604.5939 604.5886
604.6631 604.6526 604.6359 604.6193 604.6125 604.6051 604.5978 604.5909 604.584 604.585 604.5874 604.5826 604.5894 604.5972 604.6023 604.6115 604.6191 604.6275 604.6398 604.6453 604.6481 604.6612 604.6729 604.6791 604.6838 604.6992 604.6945 604.709 604.7007 604.7139 604.7156 604.716 604.7167 604.7256 604.7242 604.7264 604.7288 604.7249 604.7294 604.7157 604.7274 604.7135 604.7106 604.7133 604.6995 604.6952 604.697 604.6908 604.6896 604.6759 604.6675 604.6622 604.6572 604.6518 604.6432 604.6358 604.6284 604.6187 604.6137 604.6006 604.5888 604.5849 604.5713 604.5711
604.5613 604.5109 604.4739 604.4492 604.4016 604.3937 604.3873 604.3901 604.4222 604.4352 604.4577 604.4907 604.508 604.5081 604.5161 604.5278 604.54 604.5529 604.5637 604.571 604.5773 604.5897 604.6054 604.6185 604.626 604.6383 604.6411 604.651 604.6542 604.6661 604.6626 604.6683 604.6765 604.679 604.6849 604.6883 604.6872 604.6854 604.6891 604.6833 604.6896 604.676 604.683 604.6784 604.6646 604.6648 604.6727 604.6635 604.6588 604.6489 604.6439 604.6389 604.6328 604.627 604.6188 604.6143 604.6074 604.5998 604.5898 604.5762 604.574 604.5618 604.556 604.5516
604.2205 604.1722 604.1371 604.1189 604.0719 604.0712 604.0641 604.0778 604.1099 604.1266 604.1544 604.1946 604.2369 604.2772 604.3332 604.3952 604.459 604.4783 604.4874 604.4987 604.5103 604.5259 604.5406 604.558 604.5675 604.5768 604.5876 604.593 604.6031 604.6183 604.616 604.6273 604.6301 604.6384 604.6447 604.6456 604.6529 604.6523 604.6486 604.6536 604.6516 604.6445 604.6555 604.6436 604.6379 604.6394 604.6412 604.6403 604.6285 604.6212 604.6183 604.6122 604.6092 604.6033 604.5976 604.5914 604.5825 604.5795 604.5659 604.5537 604.5526 604.539 604.5391 604.5298
603.8797 603.8335 603.7995 603.7886 603.7442 603.7492 603.7479 603.7655 603.7995 603.8199 603.851 603.8986 603.9402 603.9972 604.0496 604.1156 604.1763 604.2499 604.3127 604.3982 604.451 604.4621 604.4796 604.4974 604.5105 604.5217 604.5341 604.5386 604.5554 604.5701 604.5736 604.5792 604.5912 604.5983 604.603 604.6102 604.6118 604.6191 604.6096 604.6238 604.6143 604.6169 604.622 604.6086 604.6099 604.6159 604.6096 604.6121 604.5986 604.5952 604.5941 604.5895 604.584 604.5798 604.5734 604.5697 604.5613 604.5555 604.5418 604.5389 604.5298 604.5233 604.5222 604.5087
603.5389 603.4948 603.4617 603.4583 603.4169 603.4273 603.4361 603.4532 603.4855 603.5165 603.5476 603.6025 603.6436 603.7122 603.7681 603.8356 603.8936 603.9637 604.0114 604.1016 604.187 604.2809 604.3928 604.4364 604.4536 604.4656 604.4807 604.4921 604.5075 604.5168 604.5261 604.539 604.5495 604.5577 604.567 604.5698 604.5732 604.5817 604.5797 604.5899 604.5783 604.5894 604.5872 604.5812 604.5819 604.5916 604.586 604.5817 604.5755 604.5738 604.5696 604.5641 604.5618 604.5581 604.5546 604.5463 604.5441 604.5315 604.5186 604.5207 604.5069 604.5084 604.501 604.4877
603.1981 603.1561 603.1246 603.1281 603.0905 603.1047 603.1193 603.1409 603.1694 603.2131 603.2555 603.3065 603.349 603.4272 603.4867 603.5555 603.6109 603.6684 603.7134 603.8051 603.8831 603.9711 604.0878 604.2019 604.3379 604.4122 604.4272 604.4446 604.4597 604.469 604.4851 604.4968 604.5082 604.5206 604.5258 604.5356 604.5401 604.5414 604.5499 604.5522 604.5508 604.5618 604.5522 604.5532 604.5584 604.5599 604.5627 604.5514 604.5464 604.5462 604.5447 604.543 604.5376 604.5331 604.5292 604.5229 604.5207 604.5074 604.5038 604.4978 604.4906 604.4918 604.4797 604.4663
602.8573 602.8174 602.7884 602.7978 602.7627 602.7817 602.8016 602.8287 602.8717 602.9098 602.9671 603.0099 603.0795 603.1422 603.2108 603.2725 603.3308 603.3788 603.4169 603.5085 603.5793 603.6641 603.7852 603.879 604.009 604.1545 604.3138 604.3967 604.4119 604.4266 604.4417 604.4568 604.47 604.4796 604.4904 604.4988 604.507 604.5059 604.5201 604.5146 604.5232 604.5307 604.5208 604.5244 604.5349 604.5317 604.5347 604.527 604.5261 604.5239 604.5223 604.5192 604.5154 604.5142 604.5097 604.5056 604.497 604.4835 604.4884 604.4749 604.4766 604.4722 604.4584 604.4451
602.5165 602.4788 602.4548 602.4675 602.4412 602.46 602.4847 602.5191 602.574 602.6064 602.6716 602.7132 602.8007 602.8597 602.9318 602.9856 603.0526 603.0891 603.1204 603.212 603.2755 603.3572 603.4448 603.5518 603.6802 603.8132 603.9545 604.1256 604.328 604.384 604.4015 604.4179 604.4304 604.4437 604.4531 604.461 604.4739 604.4761 604.4903 604.4846 604.4957 604.496 604.4947 604.5009 604.5103 604.5084 604.5042 604.4997 604.5008 604.4999 604.5006 604.4977 604.4946 604.4918 604.4849 604.4865 604.473 604.4688 604.4658 604.4579 604.4598 604.4509 604.4371 604.4316
602.1757 602.1401 602.1213 602.1372 602.1204 602.137 602.1719 602.2116 602.2763 602.3035 602.3756 602.4249 602.5211 602.5782 602.6518 602.6996 602.7648 602.7994 602.8238 602.91 602.9716 603.0502 603.1118 603.2333 603.3513 603.4489 603.5952 603.7744 603.9391 604.1248 604.3564 604.3781 604.3934 604.4059 604.4182 604.4279 604.434 604.4463 604.4528 604.457 604.4681 604.461 604.4694 604.4774 604.4789 604.4852 604.4759 604.4774 604.4798 604.4774 604.4771 604.4747 604.4733 604.4724 604.4672 604.4623 604.4488 604.454 604.4427 604.4439 604.4429 604.4294 604.4161 604.4186
601.835 601.8014 601.7877 601.8069 601.7997 601.8151 601.8597 601.9035 601.9711 602.0151 602.0795 602.158 602.2361 602.3027 602.371 602.4169 602.4717 602.5087 602.5273 602.5942 602.6597 602.7337 602.7888 602.8836 603.0189 603.0649 603.2358 603.4004 603.5502 603.7529 603.9735 604.2104 604.3561 604.3705 604.3839 604.3948 604.4022 604.4164 604.4185 604.4295 604.4397 604.4377 604.4434 604.4539 604.4542 604.4572 604.4537 604.4565 604.4556 604.4551 604.455 604.4559 604.455 604.4485 604.4499 604.4386 604.4337 604.4335 604.4252 604.4277 604.4215 604.408 604.4029 604.4056
601.4886 601.4627 601.4542 601.4767 601.4789 601.5046 601.5474 601.5925 601.6652 601.7267 601.7829 601.8819 601.9512 602.0263 602.0889 602.1342 602.1786 602.2065 602.2307 602.2776 602.333 602.4276 602.4659 602.5383 602.6405 602.7056 602.8655 602.9755 603.1613 603.3583 603.5664 603.803 604.0654 604.3281 604.3488 604.3617 604.3724 604.3867 604.3909 604.402 604.4048 604.4114 604.4199 604.4291 604.4309 604.4269 604.4286 604.4319 604.4334 604.4343 604.4335 604.4323 604.4317 604.4287 604.4277 604.4143 604.4189 604.4107 604.4113 604.4125 604.4006 604.3871 604.3898 604.3903
601.1403 601.1208 601.1207 601.1464 601.1581 601.1942 601.2386 601.2949 601.3619 601.4384 601.5007 601.603 601.6697 601.748 601.8021 601.8553 601.8856 601.9042 601.9341 601.9655 602.0146 602.086 602.1407 602.2095 602.2824 602.3463 602.4952 602.5866 602.7814 602.9608 603.1712 603.3954 603.6302 603.9044 604.1989 604.3284 604.3426 604.3532 604.3633 604.3744 604.3773 604.3859 604.3964 604.3999 604.4076 604.4052 604.4083 604.4105 604.4113 604.4131 604.4132 604.4141 604.412 604.4114 604.4038 604.3986 604.4014 604.3926 604.3968 604.3927 604.3791 604.3741 604.3768 604.3749
600.7927 600.7786 600.7871 600.8143 600.8374 600.8837 600.9312 600.9971 601.063 601.1487 601.2338 601.3242 601.3942 601.4675 601.5153 601.5659 601.5908 601.6019 601.6376 601.6616 601.7076 601.7434 601.8073 601.8806 601.9152 601.9869 602.1111 602.1977 602.3833 602.5408 602.725 602.9781 603.2065 603.4917 603.7736 604.0513 604.3145 604.3248 604.3358 604.3469 604.3534 604.3624 604.3729 604.3766 604.3798 604.3799 604.384 604.3886 604.392 604.3917 604.3917 604.3922 604.3903 604.3934 604.3799 604.3838 604.3785 604.3785 604.3804 604.3714 604.3583 604.3611 604.3638 604.3553
600.4453 600.4353 600.4536 600.4818 600.5166 600.5733 600.6237 600.6995 600.7747 600.8525 600.9631 601.045 601.1183 601.1864 601.2284 601.2728 601.2933 601.2996 601.3389 601.3577 601.392 601.4019 601.4548 601.5134 601.5307 601.6273 601.6794 601.8099 601.9481 602.1273 602.3175 602.5087 602.7845 603.0695 603.3444 603.6491 603.9307 604.2305 604.3083 604.317 604.3287 604.3389 604.348 604.3533 604.3541 604.3596 604.3655 604.3669 604.3706 604.3704 604.3732 604.3749 604.373 604.3694 604.3635 604.369 604.3599 604.3645 604.3636 604.3501 604.3453 604.348 604.3478 604.336
600.2471 600.2494 600.252 600.2693 600.2902 600.3271 600.3525 600.4018 600.4864 600.5765 600.6843 600.7612 600.8419 600.9053 600.9416 600.9797 600.9966 600.9973 601.0219 601.0386 601.0684 601.0604 601.0952 601.1355 601.1448 601.2159 601.2465 601.4082 601.5348 601.6795 601.8882 602.085 602.372 602.6375 602.936 603.2195 603.5161 603.8652 604.2007 604.2943 604.3048 604.3154 604.3224 604.3301 604.3319 604.3391 604.3423 604.3465 604.3495 604.3533 604.3549 604.3518 604.3557 604.3454 604.3487 604.3463 604.3459 604.3484 604.3424 604.3296 604.3323 604.335 604.3298 604.3162
600.067 600.0569 600.0531 600.065 600.0833 600.1161 600.1541 600.1957 600.2678 600.3225 600.4054 600.4857 600.5641 600.6186 600.658 600.6866 600.7038 600.6951 600.7061 600.7122 600.7269 600.7298 600.7388 600.7555 600.7601 600.8217 600.8452 600.9614 601.0844 601.2395 601.4171 601.6667 601.931 602.222 602.5121 602.8016 603.1432 603.493 603.7906 604.0909 604.2814 604.2919 604.2991 604.3029 604.3109 604.3176 604.3224 604.3264 604.3296 604.3322 604.3343 604.3345 604.3349 604.3284 604.3339 604.3272 604.3318 604.3331 604.3212 604.3166 604.3193 604.3195 604.3102 604.2977
599.8875 599.8644 599.8592 599.8607 599.8763 599.8984 599.9321 599.9585 600.0173 600.0981 600.1728 600.2438 600.2905 600.3317 600.3669 600.3936 600.4015 600.3928 600.391 600.3853 600.3851 600.3828 600.387 600.3817 600.3788 600.3897 600.4331 600.5289 600.6464 600.7982 600.9634 601.2335 601.5014 601.8052 602.0871 602.4211 602.7761 603.0828 603.3931 603.7158 604.0605 604.2681 604.2758 604.2833 604.2904 604.2973 604.301 604.3071 604.311 604.314 604.3145 604.3173 604.3107 604.3137 604.3143 604.3132 604.3164 604.3133 604.3008 604.3035 604.3062 604.3043 604.2908 604.2864
599.708 599.672 599.6652 599.6563 599.667 599.6766 599.71 599.7213 599.7668 599.8463 599.8818 599.9547 600.0251 600.0762 600.1206 600.1283 600.1699 600.1646 600.1136 600.1234 600.1132 600.1132 600.1119 600.1044 600.102 600.114 600.1323 600.1528 600.1827 600.3271 600.5361 600.7945 601.0928 601.3752 601.6991 602.0545 602.3751 602.6952 603.0179 603.3619 603.7147 604.053 604.2526 604.2621 604.2697 604.2769 604.2834 604.2865 604.2913 604.2936 604.2961 604.3 604.2933 604.2988 604.2946 604.2992 604.3011 604.2922 604.2878 604.2905 604.2928 604.2849 604.2726 604.275
599.5285 599.4803 599.4713 599.4519 599.4524 599.4543 599.4702 599.4905 599.5164 599.5739 599.5908 599.6614 599.7234 599.7781 599.8276 599.8542 599.9088 599.9059 599.9028 599.9236 599.914 599.9377 599.943 599.9523 599.9488 599.9626 599.9931 600.0176 600.0519 600.0971 600.131 600.3787 600.6682 600.9771 601.3321 601.6673 601.9974 602.3201 602.6635 603.0279 603.3663 603.7037 603.9889 604.2418 604.2509 604.2566 604.2638 604.2682 604.2731 604.2775 604.2788 604.2763 604.2786 604.2821 604.2805 604.2852 604.2845 604.272 604.2748 604.2775 604.2778 604.2653 604.2612 604.2636
