samples/sfe_81/sfe_81_v0/sfe_81_v0/sfe_81_v0.asc
ncols         250
nrows         122
xllcorner     83.800000000745
yllcorner     39
cellsize      1
NODATA_value  -9999
[rows 84 to 111 of 122, columns 128 to 191 of 250]
604.8891 604.8661 604.8431 604.8201 604.7972 604.7742 604.7512 604.7283 604.7053 604.6823 604.6593 604.6364 604.6134 604.5904 604.5674 604.5444 604.5215 604.4985 604.4755 604.4526 604.4296 604.4066 604.3837 604.3607 604.3373 604.3038 604.2701 604.2515 604.2182 604.1833 604.1484 604.1186 604.083 604.0475 604.0168 603.9796 603.9424 603.9122 603.6946 603.4788 603.2471 602.9971 602.7531 602.5246 602.2539 601.9943 601.7183 601.48 601.1957 600.905 600.6176 600.3287 600.0278 599.774 599.5634 599.4097 599.2572 599.1044 598.9568 598.8103 598.6824 598.5487 598.4077 598.2877
604.9101 604.8871 604.8641 604.8412 604.8182 604.7952 604.7723 604.7493 604.7263 604.7033 604.6804 604.6574 604.6344 604.6115 604.5884 604.5655 604.5425 604.5195 604.4966 604.4736 604.4506 604.4276 604.4047 604.3839 604.3541 604.3205 604.2943 604.2712 604.2363 604.2014 604.1665 604.1375 604.102 604.0745 604.0373 604.0001 603.9629 603.9302 603.9015 603.6705 603.4265 603.1853 602.9579 602.7017 602.4229 602.1841 601.9418 601.6513 601.3604 601.0911 600.7953 600.5212 600.2677 600.0167 599.7631 599.5499 599.3971 599.2496 599.11 598.9739 598.8428 598.6934 598.5716 598.4449
604.9311 604.9081 604.8852 604.8622 604.8392 604.8162 604.7933 604.7703 604.7473 604.7244 604.7014 604.6784 604.6555 604.6324 604.6095 604.5865 604.5635 604.5405 604.5176 604.4946 604.4716 604.4487 604.4257 604.4045 604.3709 604.3373 604.3212 604.2894 604.2545 604.2195 604.192 604.1565 604.1209 604.095 604.0577 604.0206 603.9849 603.9542 603.9185 603.8558 603.621 603.3843 603.144 602.8883 602.65 602.3974 602.1067 601.8316 601.5579 601.2666 601.0146 600.7614 600.5101 600.2565 599.9871 599.7072 599.5423 599.4099 599.2678 599.1368 598.9827 598.8556 598.7242 598.6026
604.9521 604.9291 604.9062 604.8832 604.8602 604.8373 604.8143 604.7913 604.7684 604.7454 604.7224 604.6994 604.6765 604.6535 604.6305 604.6075 604.5845 604.5616 604.5386 604.5156 604.4927 604.4697 604.4485 604.4213 604.3876 604.3615 604.3413 604.3075 604.2726 604.2377 604.2109 604.1754 604.1492 604.1154 604.0782 604.041 604.0122 603.9775 603.9449 603.9056 603.8337 603.5925 603.3541 603.1158 602.853 602.5729 602.3042 602.0335 601.7604 601.508 601.255 601.0035 600.7499 600.4798 600.2023 599.9556 599.7285 599.5627 599.431 599.2764 599.1406 599.012 598.8771 598.7463
604.9731 604.9502 604.9272 604.9042 604.8813 604.8583 604.8353 604.8123 604.7894 604.7664 604.7434 604.7205 604.6974 604.6745 604.6516 604.6285 604.6056 604.5826 604.5596 604.5366 604.5137 604.4907 604.4716 604.438 604.4044 604.3884 604.3605 604.3256 604.2907 604.2654 604.2299 604.1943 604.1731 604.1359 604.0987 604.0635 604.038 604.0023 603.9683 603.9287 603.8891 603.8199 603.5816 603.3142 603.0455 602.7828 602.5051 602.2533 602.0014 601.7487 601.4969 601.2434 600.9726 600.7018 600.4525 600.2256 599.9841 599.7571 599.5705 599.4288 599.2999 599.1515 599.0217 598.8774
604.9942 604.9712 604.9482 604.9252 604.9023 604.8793 604.8563 604.8334 604.8104 604.7874 604.7645 604.7415 604.7185 604.6955 604.6725 604.6496 604.6266 604.6036 604.5806 604.5577 604.5347 604.5128 604.4883 604.4548 604.4286 604.4118 604.3787 604.3438 604.3088 604.2844 604.2488 604.2233 604.1935 604.1563 604.1191 604.0942 604.0613 604.0286 603.9915 603.9518 603.9122 603.8742 603.7868 603.5181 603.2576 602.9995 602.7465 602.4948 602.2423 601.9904 601.7369 601.4653 601.2014 600.9491 600.7228 600.4838 600.2467 600.0361 599.8112 599.5575 599.4367 599.2971 599.1527 599.0285
605.0152 604.9922 604.9692 604.9463 604.9233 604.9003 604.8774 604.8544 604.8314 604.8084 604.7855 604.7625 604.7395 604.7166 604.6935 604.6706 604.6476 604.6246 604.6017 604.5787 604.5557 604.5386 604.5051 604.4715 604.4556 604.4317 604.3968 604.3619 604.3372 604.3033 604.2678 604.2512 604.214 604.1768 604.1419 604.1194 604.0847 604.0543 604.0146 603.975 603.9354 603.9006 603.8613 603.7437 603.493 603.2399 602.9882 602.7357 602.4838 602.2303 601.9581 601.701 601.4457 601.2199 600.9836 600.7379 600.5256 600.3057 600.0581 599.8007 599.5435 599.4281 599.2935 599.1685
605.0363 605.0132 604.9903 604.9673 604.9443 604.9213 604.8984 604.8754 604.8524 604.8295 604.8065 604.7835 604.7606 604.7375 604.7146 604.6916 604.6686 604.6457 604.6227 604.5997 604.5773 604.5555 604.5219 604.4957 604.4823 604.4498 604.4149 604.38 604.3578 604.3223 604.2971 604.2717 604.2344 604.1973 604.1745 604.1451 604.1124 604.0774 604.0377 603.9981 603.9669 603.9271 603.8895 603.8504 603.7333 603.4816 603.2289 602.9772 602.7239 602.4553 602.2004 601.9438 601.717 601.4833 601.2321 601.0151 600.8 600.5582 600.3012 600.0439 599.793 599.5327 599.4212 599.2725
605.0573 605.0343 605.0113 604.9883 604.9653 604.9424 604.9194 604.8964 604.8735 604.8505 604.8275 604.8045 604.7816 604.7586 604.7356 604.7126 604.6896 604.6667 604.6437 604.6207 604.6029 604.5723 604.5386 604.5226 604.5024 604.468 604.433 604.4086 604.3768 604.3412 604.3275 604.2921 604.2549 604.2205 604.2011 604.1685 604.14 604.1005 604.0609 604.0212 603.9933 603.9535 603.9177 603.8792 603.8399 603.7224 603.4706 603.2173 602.9547 602.6999 602.4433 602.2137 601.9831 601.7269 601.5046 601.2939 601.0553 600.8017 600.5444 600.2991 600.0457 599.7862 599.5195 599.3878
605.0782 605.0553 605.0323 605.0093 604.9864 604.9634 604.9404 604.9174 604.8945 604.8715 604.8485 604.8256 604.8026 604.7796 604.7567 604.7336 604.7107 604.6877 604.6647 604.642 604.6226 604.589 604.563 604.5495 604.521 604.4861 604.4512 604.4313 604.3958 604.3713 604.3498 604.3126 604.2754 604.2529 604.2289 604.1962 604.1633 604.1237 604.084 604.0554 604.0197 603.9841 603.947 603.9102 603.869 603.8292 603.7108 603.4537 603.1994 602.9428 602.7104 602.4828 602.2265 601.996 601.7835 601.549 601.3022 601.0468 600.8052 600.5516 600.3052 600.0432 599.776 599.506
605.0993 605.0763 605.0533 605.0304 605.0074 604.9844 604.9614 604.9385 604.9155 604.8925 604.8696 604.8466 604.8236 604.8006 604.7776 604.7547 604.7317 604.7087 604.6857 604.6675 604.6393 604.6058 604.5899 604.5721 604.5391 604.5042 604.4797 604.4503 604.4149 604.4014 604.3702 604.333 604.299 604.2831 604.2523 604.223 604.1864 604.1468 604.1071 604.0859 604.0461 604.0123 603.9747 603.9389 603.8999 603.8597 603.8176 603.6989 603.4423 603.207 602.9813 602.7263 602.4904 602.273 602.0427 601.8027 601.5493 601.3113 601.0574 600.8146 600.5587 600.302 600.0065 599.701
605.1203 605.0974 605.0743 605.0514 605.0284 605.0054 604.9825 604.9595 604.9365 604.9136 604.8906 604.8676 604.8446 604.8217 604.7986 604.7757 604.7527 604.7297 604.7068 604.6897 604.6561 604.6302 604.6168 604.5922 604.5573 604.5223 604.5048 604.4692 604.4454 604.4279 604.3907 604.3535 604.3316 604.3105 604.2776 604.2491 604.2095 604.1699 604.1421 604.1123 604.0787 604.0415 604.0062 603.9687 603.931 603.8898 603.849 603.8087 603.7036 603.4784 603.2261 602.9846 602.7625 602.5364 602.3033 602.0518 601.8145 601.5632 601.3239 601.0782 600.828 600.5356 600.2272 599.939
605.1414 605.1183 605.0954 605.0724 605.0494 605.0265 605.0035 604.9805 604.9575 604.9346 604.9116 604.8886 604.8657 604.8427 604.8197 604.7967 604.7737 604.7508 604.7318 604.7065 604.6729 604.6572 604.6426 604.6103 604.5754 604.551 604.5237 604.489 604.4756 604.4484 604.4111 604.3775 604.3641 604.3361 604.3063 604.2723 604.2327 604.1931 604.1785 604.1387 604.1069 604.0708 604.0364 604.0002 603.9617 603.9219 603.8818 603.844 603.8037 603.726 603.4789 603.2543 603.0302 602.8038 602.5543 602.317 602.0689 601.8347 601.5977 601.3543 601.0646 600.7535 600.4832 600.2186
605.1624 605.1394 605.1164 605.0934 605.0704 605.0475 605.0245 605.0015 604.9786 604.9556 604.9326 604.9097 604.8867 604.8637 604.8407 604.8177 604.7947 604.7718 604.7568 604.7233 604.6974 604.6838 604.6633 604.6284 604.5935 604.5782 604.5427 604.5195 604.5056 604.4688 604.4316 604.41 604.3901 604.3594 604.335 604.2954 604.2558 604.2287 604.2049 604.1681 604.1351 604.1026 604.0684 604.0311 603.9922 603.9534 603.918 603.8794 603.8413 603.7992 603.7485 603.5239 603.2989 603.0568 602.8195 602.5747 602.3476 602.117 601.8807 601.5937 601.282 601.026 600.7719 600.507
605.1833 605.1604 605.1375 605.1144 605.0915 605.0685 605.0455 605.0226 604.9996 604.9766 604.9536 604.9307 604.9077 604.8847 604.8618 604.8387 604.8158 604.7964 604.7736 604.74 604.7242 604.7109 604.6815 604.6465 604.6224 604.5972 604.563 604.5494 604.5265 604.4893 604.4561 604.4425 604.4199 604.3901 604.3582 604.3185 604.2789 604.2655 604.2313 604.2015 604.1674 604.1348 604.0974 604.0634 604.0262 603.9887 603.9551 603.9148 603.878 603.8359 603.7914 603.7531 603.5594 603.322 603.0804 602.858 602.6279 602.3976 602.1227 601.8212 601.5702 601.3203 601.0677 600.8211
605.2044 605.1814 605.1584 605.1355 605.1125 605.0895 605.0665 605.0436 605.0206 604.9976 604.9747 604.9517 604.9287 604.9058 604.8828 604.8598 604.8368 604.8218 604.7903 604.7647 604.7512 604.7325 604.6996 604.6647 604.651 604.6161 604.5933 604.5799 604.5469 604.5098 604.4886 604.4721 604.4432 604.4189 604.3813 604.3417 604.3156 604.2975 604.2578 604.2297 604.1987 604.1653 604.1313 604.0955 604.0577 604.0201 603.9905 603.951 603.9146 603.8726 603.8286 603.7872 603.7438 603.5862 603.3638 603.1372 602.9106 602.6518 602.3608 602.1144 601.8717 601.6218 601.399 601.1075
605.2254 605.2025 605.1794 605.1565 605.1335 605.1105 605.0876 605.0646 605.0416 605.0187 604.9957 604.9727 604.9497 604.9268 604.9038 604.8808 604.861 604.8407 604.8071 604.7914 604.778 604.7526 604.7177 604.6937 604.6706 604.6371 604.6236 604.6046 604.5674 604.5345 604.5212 604.5015 604.4721 604.4441 604.4044 604.3655 604.3522 604.324 604.2956 604.2629 604.2296 604.1971 604.1638 604.1296 604.0916 604.0645 604.0258 603.9934 603.9513 603.9093 603.8708 603.8273 603.786 603.743 603.6465 603.4235 603.1792 602.905 602.6587 602.426 602.1781 601.9488 601.6928 601.4502
605.2465 605.2234 605.2005 605.1775 605.1545 605.1316 605.1086 605.0856 605.0626 605.0397 605.0167 604.9937 604.9708 604.9478 604.9248 604.9019 604.8864 604.8575 604.8318 604.8181 604.803 604.7708 604.7358 604.7224 604.6895 604.6672 604.6538 604.6251 604.5878 604.5673 604.5536 604.527 604.5003 604.4672 604.4276 604.4023 604.3886 604.3504 604.3243 604.2912 604.2634 604.2316 604.1983 604.162 604.1271 604.1015 604.0612 604.0301 603.988 603.9447 603.9108 603.8672 603.8282 603.7899 603.7498 603.7155 603.4492 603.2029 602.9732 602.7397 602.4985 602.2781 602.0322 601.7456
605.2675 605.2445 605.2215 605.1985 605.1755 605.1526 605.1296 605.1066 605.0837 605.0607 605.0377 605.0148 604.9918 604.9688 604.9458 604.9253 604.9078 604.8743 604.8586 604.8452 604.8238 604.7889 604.7649 604.744 604.7112 604.6976 604.6827 604.6455 604.6131 604.5995 604.5803 604.5529 604.53 604.4903 604.4523 604.4387 604.4166 604.385 604.3541 604.326 604.2968 604.2647 604.2281 604.1935 604.1666 604.1369 604.1031 604.0667 604.025 603.9916 603.9508 603.9154 603.8705 603.8367 603.7963 603.7496 603.7045 603.5156 603.2886 603.0574 602.8584 602.6093 602.3476 602.0982
605.2885 605.2655 605.2426 605.2195 605.1966 605.1736 605.1506 605.1277 605.1047 605.0817 605.0587 605.0358 605.0128 604.9898 604.9669 604.951 604.9246 604.8989 604.8854 604.8722 604.8419 604.8071 604.7938 604.763 604.7413 604.7278 604.7032 604.666 604.6458 604.6323 604.6108 604.5841 604.5531 604.5134 604.489 604.4755 604.443 604.4188 604.3878 604.3593 604.3285 604.2975 604.2664 604.234 604.2109 604.1723 604.1455 604.1034 604.0627 604.0344 603.9908 603.9576 603.9235 603.8836 603.8427 603.796 603.7537 603.7107 603.6115 603.4081 603.1865 602.9498 602.6968 602.4598
605.3095 605.2866 605.2635 605.2406 605.2176 605.1946 605.1716 605.1487 605.1257 605.1027 605.0798 605.0568 605.0338 605.0109 604.9896 604.975 604.9413 604.926 604.9122 604.8947 604.86 604.8361 604.8175 604.7852 604.7714 604.758 604.7236 604.6916 604.6782 604.661 604.6341 604.6148 604.5762 604.5391 604.5256 604.5092 604.4744 604.447 604.4225 604.3922 604.3627 604.3313 604.2979 604.2687 604.248 604.209 604.1821 604.1401 604.1047 604.0744 604.0361 603.9999 603.9709 603.9323 603.889 603.8424 603.8053 603.7644 603.7203 603.6809 603.5422 603.2955 603.0505 602.8162
605.3305 605.3076 605.2846 605.2616 605.2386 605.2156 605.1927 605.1697 605.1467 605.1238 605.1008 605.0778 605.0548 605.0319 605.0153 604.9917 604.966 604.9528 604.939 604.9131 604.8784 604.8652 604.8364 604.8153 604.8021 604.7813 604.7441 604.7242 604.7106 604.6924 604.6669 604.639 604.5994 604.5755 604.562 604.5356 604.5126 604.4843 604.4553 604.4256 604.3974 604.3693 604.3371 604.3132 604.2833 604.2552 604.2188 604.1808 604.1546 604.1144 604.087 604.045 604.0178 603.9821 603.9354 603.892 603.86 603.8182 603.7746 603.7409 603.6943 603.6491 603.4305 603.2197
605.3516 605.3286 605.3056 605.2827 605.2596 605.2367 605.2137 605.1907 605.1678 605.1448 605.1218 605.0988 605.0759 605.0542 605.041 605.0085 604.9932 604.9796 604.9633 604.9312 604.9072 604.8909 604.8592 604.8455 604.8323 604.8018 604.7701 604.7566 604.743 604.7179 604.6962 604.6621 604.6259 604.6122 604.5985 604.5639 604.5416 604.5148 604.4908 604.463 604.4345 604.4022 604.3724 604.3574 604.3187 604.2975 604.2555 604.2179 604.198 604.1544 604.1293 604.099 604.0646 604.0284 603.9818 603.9512 603.9123 603.8719 603.837 603.7987 603.7514 603.7112 603.6677 603.6242
605.3726 605.3496 605.3266 605.3036 605.2807 605.2577 605.2347 605.2117 605.1888 605.1658 605.1428 605.1199 605.0969 605.0797 605.0588 605.0331 605.0201 605.0065 604.9842 604.9496 604.9364 604.9099 604.8893 604.8757 604.8594 604.8222 604.8026 604.7894 604.7715 604.7474 604.7249 604.6852 604.6622 604.6489 604.6282 604.6018 604.5753 604.5494 604.5253 604.4985 604.4679 604.438 604.4153 604.3944 604.361 604.3342 604.2933 604.2679 604.238 604.2061 604.1715 604.1519 604.1135 604.0748 604.0283 604.0027 603.9652 603.9292 603.8972 603.8558 603.8163 603.7732 603.7336 603.6929
605.3936 605.3706 605.3477 605.3246 605.3017 605.2787 605.2557 605.2328 605.2098 605.1868 605.1639 605.1409 605.1188 605.1052 605.0756 605.0602 605.0467 605.0333 605.0023 604.9785 604.9644 604.9332 604.9196 604.9061 604.8799 604.8487 604.835 604.8219 604.8018 604.778 604.748 604.7125 604.6987 604.6855 604.6547 604.6362 604.6082 604.5847 604.5598 604.5326 604.5065 604.4793 604.4595 604.4298 604.4075 604.3709 604.3341 604.3176 604.278 604.2586 604.2208 604.1987 604.1678 604.1212 604.0856 604.0573 604.0237 603.9835 603.9572 603.9129 603.8801 603.8351 603.8029 603.7601
605.4146 605.3917 605.3687 605.3457 605.3227 605.2997 605.2768 605.2538 605.2308 605.2078 605.1849 605.1619 605.1443 605.126 605.1002 605.0873 605.0737 605.0554 605.0209 605.0074 604.9833 604.9634 604.9498 604.9362 604.9003 604.8811 604.8676 604.8505 604.8281 604.8107 604.7711 604.749 604.7355 604.7208 604.6915 604.6667 604.6459 604.6208 604.595 604.5671 604.5388 604.5172 604.5038 604.467 604.4496 604.4096 604.381 604.3616 604.3242 604.3009 604.2748 604.2456 604.2142 604.1677 604.1456 604.1139 604.0775 604.045 604.0172 603.97 603.9423 603.9017 603.8701 603.8256
605.4356 605.4127 605.3897 605.3667 605.3438 605.3207 605.2978 605.2748 605.2518 605.2289 605.2059 605.1834 605.1699 605.1427 605.1273 605.1136 605.1005 605.0735 605.0497 605.0362 605.0072 604.9937 604.98 604.958 604.9272 604.9136 604.9002 604.8833 604.8618 604.8339 604.7993 604.7855 604.7723 604.7473 604.7295 604.7048 604.6815 604.6554 604.6331 604.6091 604.5828 604.5618 604.5408 604.5134 604.4863 604.4521 604.4307 604.4016 604.3763 604.3431 604.3288 604.2945 604.2607 604.219 604.2003 604.1661 604.1381 604.1099 604.0743 604.0365 604.0043 603.9716 603.9372 603.8903
605.4526 605.4337 605.4107 605.3878 605.3647 605.3418 605.3188 605.2958 605.2729 605.2499 605.2269 605.209 605.1931 605.1674 605.1542 605.1405 605.1248 605.0922 605.0787 605.0568 605.0375 605.024 605.0104 604.9785 604.9597 604.9462 604.932 604.9089 604.8921 604.857 604.8358 604.8221 604.8085 604.7806 604.759 604.7391 604.7173 604.6943 604.6703 604.6423 604.6196 604.6063 604.5762 604.5596 604.523 604.4943 604.4806 604.4423 604.4287 604.3964 604.3798 604.35 604.3071 604.2794 604.2542 604.228 604.1923 604.1735 604.1315 604.1053 604.0663 604.0376 604.0043 603.9643
