samples/sfe_81/sfe_81_v0/sfe_81_v0/sfe_81_v0.asc
ncols         250
nrows         122
xllcorner     83.800000000745
yllcorner     39
cellsize      1
NODATA_value  -9999
[rows 56 to 83 of 122, columns 64 to 127 of 250]
605.3634 605.3355 605.3076 605.2797 605.2518 605.224 605.1961 604.9937 604.6469 604.3082 603.829 603.339 602.9109 602.5024 601.976 601.4243 600.9208 600.7795 600.6421 600.5158 600.3966 600.2845 600.176 600.079 599.9837 599.8917 599.8157 599.7429 599.665 599.5936 599.4255 599.355 599.164 599.365 599.3129 599.206 599.0055 599.196 599.5896 599.6824 599.7751 599.8689 599.9628 600.0562 600.153 600.2482 600.3428 600.4321 600.5209 600.6122 600.6901 600.8744 601.2174 601.5739 601.921 602.2417 602.5375 602.8975 603.256 603.6155 603.9622 604.2691 604.6277 604.8221
605.3539 605.326 605.2982 605.2703 605.2424 605.2145 605.0872 604.7499 604.3561 603.986 603.6434 603.2393 602.7411 602.243 601.7477 601.2949 600.8989 600.7495 600.6113 600.4746 600.3445 600.2321 600.124 600.0125 599.9131 599.8222 599.7298 599.6539 599.5895 599.209 599.278 599.442 599.259 599.2996 599.3275 599.119 599.203 599.5562 599.6574 599.7559 599.8486 599.9414 600.0344 600.1282 600.222 600.3164 600.4117 600.507 600.5981 600.6873 600.79 601.2031 601.5737 601.9166 602.2849 602.6321 602.9599 603.2735 603.6329 603.9915 604.3508 604.6991 604.8354 604.7937
605.3436 605.316 605.2885 605.2608 605.2329 605.1552 604.8352 604.5027 604.158 603.7771 603.3483 602.9786 602.6288 602.1514 601.6534 601.1553 600.8549 600.7025 600.5754 600.4286 600.3046 600.1697 600.0519 599.9465 599.8428 599.7471 599.6568 599.5805 599.493 599.312 599.214 599.4275 599.471 599.3835 599.3195 599.2485 599.516 599.6168 599.718 599.8193 599.9201 600.0149 600.1077 600.2004 600.2938 600.3878 600.4805 600.5751 600.6704 600.7615 601.1165 601.4893 601.9022 602.273 602.6157 602.996 603.3432 603.6781 604.0093 604.3682 604.7269 604.8542 604.8163 604.7808
605.3395 605.3092 605.2788 605.2485 605.1741 604.8943 604.5984 604.2883 603.9182 603.5858 603.2145 602.8034 602.3568 601.9752 601.5526 601.0637 600.8291 600.6605 600.5034 600.3621 600.249 600.1077 599.998 599.8761 599.7718 599.6741 599.5005 599.489 599.424 599.2185 599.298 599.401 599.394 599.1085 599.252 599.3484 599.5942 599.6877 599.7811 599.8799 599.9811 600.0824 600.1801 600.274 600.3668 600.4595 600.5532 600.647 600.739 601.0143 601.4417 601.8405 602.1948 602.6014 602.9724 603.3149 603.7072 604.0544 604.3962 604.7449 604.8737 604.84 604.8062 604.7724
605.3299 605.2979 605.2659 605.2195 604.9337 604.6447 604.3712 604.04 603.7145 603.379 603.0013 602.6566 602.2588 601.8297 601.3831 600.9607 600.7924 600.6347 600.4661 600.2974 600.1625 600.0356 599.9225 599.7981 599.6913 599.3995 599.257 599.322 599.4205 599.3025 599.5795 599.5425 599.3725 599.2 599.1875 599.5705 599.6618 599.7575 599.8526 599.946 600.0422 600.1431 600.2443 600.3438 600.4399 600.533 600.6258 600.7186 600.8268 601.2703 601.7354 602.1657 602.5644 602.9185 603.3006 603.6717 604.014 604.4065 604.7655 604.8912 604.8602 604.8293 604.7983 604.7675
605.3179 605.2834 605.2576 604.9912 604.7088 604.4229 604.1236 603.8418 603.5194 603.1964 602.8477 602.4622 602.0843 601.6988 601.2887 600.9297 600.7465 600.567 600.4125 600.2665 600.103 599.9437 599.8221 599.7089 599.5035 599.4955 599.4245 599.3255 599.421 599.2565 599.414 599.3174 599.3035 599.4615 599.2935 599.6232 599.7213 599.8199 599.9206 600.0163 600.111 600.2045 600.3055 600.4062 600.5074 600.6038 600.6993 600.7921 601.1337 601.5764 601.9879 602.4429 602.8896 603.2883 603.6423 603.9998 604.371 604.7132 604.9075 604.8765 604.8455 604.8145 604.7834 604.7524
605.3 605.274 605.0041 604.7338 604.4736 604.2018 603.9122 603.6263 603.3124 603.0126 602.6513 602.3066 601.942 601.5452 601.1551 600.874 600.6887 600.5295 600.3521 600.1733 600.0328 599.8906 599.7369 599.507 599.335 599.3735 599.3945 599.414 599.425 599.2642 599.1405 599.179 599.4105 599.577 599.648 599.6757 599.7784 599.8785 599.9767 600.075 600.1779 600.275 600.3694 600.4675 600.5686 600.6693 600.7675 601.0043 601.4642 601.8833 602.326 602.7263 603.1501 603.6136 604.012 604.366 604.72 604.9272 604.8962 604.8652 604.8342 604.8032 604.7722 604.7412
605.291 605.0073 604.7222 604.4803 604.2102 603.956 603.7098 603.4015 603.1156 602.7975 602.5058 602.1445 601.7944 601.4117 601.0253 600.8159 600.62 600.4463 600.2751 600.1155 599.9559 599.7927 599.6625 599.358 599.411 599.31 599.3115 599.586 599.417 599.226 599.3145 599.35 599.4075 599.4666 599.6392 599.733 599.8283 599.9304 600.0332 600.1339 600.2321 600.3303 600.4334 600.5338 600.6295 600.7309 600.8354 601.3214 601.7817 602.2416 602.6547 603.0757 603.4739 603.8796 604.323 604.7357 604.9463 604.9169 604.8876 604.8583 604.8289 604.7996 604.7703 604.741
605.0161 604.7392 604.4557 604.1913 603.9565 603.6866 603.4384 603.1922 602.9086 602.6049 602.3027 601.9802 601.6377 601.2764 600.9501 600.7497 600.5514 600.3682 600.1723 600.0159 599.8611 599.7014 599.549 599.4109 599.246 599.1285 599.22 599.415 599.309 599.279 599.5179 599.4095 599.331 599.6125 599.7047 599.7969 599.894 599.9879 600.084 600.1855 600.288 600.389 600.4872 600.5858 600.689 600.7921 601.1075 601.6192 602.11 602.5676 603.019 603.4323 603.8254 604.2237 604.618 604.9598 604.9313 604.9028 604.8743 604.8458 604.8173 604.7888 604.7603 604.7318
604.7417 604.4558 604.1873 603.9034 603.6612 603.4327 603.167 602.9208 602.6746 602.4186 602.1055 601.8079 601.4713 601.1309 600.8773 600.6555 600.4542 600.2781 600.0906 599.9135 599.7434 599.527 599.4315 599.3055 599.3845 599.1925 599.2925 599.31 599.317 599.4225 599.434 599.2575 599.4875 599.6743 599.7708 599.8631 599.9553 600.0474 600.1473 600.2427 600.3398 600.4413 600.5428 600.6442 600.7425 600.863 601.4015 601.9139 602.3968 602.8986 603.3583 603.7964 604.2098 604.5912 604.9734 604.949 604.9225 604.8961 604.8696 604.8431 604.8167 604.7902 604.7638 604.7373
604.4325 604.1746 603.9041 603.6355 603.3514 603.136 602.9089 602.6494 602.4032 602.157 601.9108 601.6154 601.3023 601.0142 600.7781 600.5581 600.363 600.1639 599.9816 599.8065 599.2915 599.298 599.4705 599.394 599.45 599.3735 599.5585 599.578 599.5875 599.5655 599.326 599.211 599.6459 599.7465 599.8372 599.9283 600.023 600.1136 600.2058 600.298 600.3986 600.4976 600.5956 600.697 600.7985 601.1538 601.7144 602.2285 602.7535 603.1966 603.6861 604.1489 604.581 604.987 604.9654 604.9389 604.9125 604.886 604.8596 604.8331 604.8066 604.7802 604.7537 604.7272
604.1477 603.874 603.6075 603.3524 603.0838 602.825 602.6149 602.3851 602.1318 601.8856 601.6395 601.3932 601.1254 600.8971 600.6476 600.434 600.2269 600.0251 599.8448 599.701 599.341 599.3095 599.351 599.342 599.348 599.3565 599.3765 599.394 599.4095 599.401 599.345 599.6385 599.7443 599.8407 599.9266 600.0132 600.0963 600.1832 600.2733 600.3642 600.4564 600.5485 600.6498 600.7512 600.8513 601.4163 601.9828 602.566 603.0958 603.5758 604.0175 604.4802 604.9396 604.9825 604.9576 604.9314 604.9052 604.879 604.8528 604.8265 604.8004 604.7741 604.7479 604.7217
603.8503 603.5856 603.3155 603.045 602.8007 602.5327 602.3091 602.0938 601.8615 601.6142 601.368 601.1218 601.0032 600.7484 600.511 600.2718 600.0743 599.8702 599.5585 599.4675 599.567 599.4535 599.169 599.065 599.168 599.0725 599.1755 599.229 599.145 599.3015 599.658 599.7385 599.8332 599.9504 600.0231 600.1067 600.1891 600.2617 600.3434 600.4342 600.5237 600.6147 600.7069 600.7997 601.0322 601.6863 602.2913 602.8678 603.4031 603.955 604.4085 604.8462 604.9983 604.9733 604.9484 604.9234 604.8985 604.8735 604.8486 604.8236 604.7986 604.7737 604.7488 604.7238
603.6256 603.3143 603.0236 602.757 602.4933 602.249 601.9806 601.7877 601.5727 601.3428 601.0966 601.0172 600.7958 600.5748 600.3465 600.1092 599.9011 599.7325 599.3465 599.3095 599.3195 599.3725 599.3015 599.1863 599.2191 599.174 599.2695 599.479 599.3535 599.5825 599.7495 599.8593 599.9543 600.0394 600.1505 600.2065 600.2867 600.3651 600.4292 600.5115 600.595 600.6845 600.774 600.8653 601.3591 602.0002 602.61 603.247 603.803 604.3164 604.8298 605.0143 604.9894 604.9644 604.9395 604.9146 604.8896 604.8646 604.8397 604.8147 604.7898 604.7648 604.7399 604.7149
603.3951 603.0866 602.7782 602.4615 602.1984 601.9416 601.6973 601.4586 601.2665 601.0827 600.9894 600.8156 600.5888 600.3672 600.1465 599.9257 599.7465 599.424 599.43 599.386 599.1125 599.0975 599.2343 599.2695 599.497 599.39 599.2255 599.421 599.616 599.7697 599.8832 599.9805 600.091 600.1564 600.2455 600.3396 600.39 600.4668 600.5411 600.6052 600.6796 600.7585 600.8454 601.1913 601.7887 602.3745 602.993 603.5932 604.1877 604.7397 605.0304 605.0054 604.9805 604.9556 604.9306 604.9056 604.8807 604.8557 604.8308 604.8058 604.7809 604.7559 604.731 604.7061
603.1461 602.869 602.5485 602.2421 601.9125 601.6342 601.3899 601.1456 601.0447 600.9159 600.7534 600.6067 600.424 600.171 599.9388 599.7595 599.357 599.1885 599.169 599.4085 599.2395 598.9625 599.1455 599.389 599.34 599.3615 599.347 599.567 599.791 599.9075 600.0184 600.1219 600.2112 600.3085 600.3607 600.4517 600.5213 600.5734 600.6469 600.7171 600.7811 600.8476 601.0025 601.6116 602.2225 602.8382 603.4313 603.9832 604.5932 605.0464 605.0217 604.9967 604.9717 604.9468 604.9219 604.8969 604.8719 604.847 604.8221 604.7971 604.7722 604.748 604.7241 604.7002
602.942 602.6199 602.3428 602.0192 601.7061 601.3764 601.121 601.0027 600.8624 600.733 600.5676 600.3893 600.2169 600.0206 599.7735 599.455 599.5035 599.2865 599.1045 599.356 599.213 598.947 599.053 599.263 599.206 599.3055 599.7065 599.7809 599.9402 600.0505 600.1635 600.2559 600.3476 600.443 600.508 600.5651 600.6551 600.703 600.7569 600.827 600.8931 601.1012 601.5485 602.1075 602.692 603.3036 603.8881 604.4808 605.0598 605.0393 605.0161 604.9929 604.9697 604.9465 604.9232 604.9 604.8761 604.8522 604.8282 604.8043 604.7804 604.7565 604.7325 604.7086
602.7511 602.4307 602.1158 601.8167 601.493 601.17 601.0054 600.8431 600.6961 600.5521 600.4186 600.2194 600.0253 599.827 599.4424 599.29 599.2054 599.053 599.0365 599.3175 599.1865 599.018 599.174 599.348 599.42 599.455 599.7703 599.916 600.0709 600.2214 600.3031 600.4025 600.4994 600.5732 600.6627 600.7079 600.7696 600.8385 600.8859 600.942 601.2191 601.6462 602.1583 602.6212 603.2125 603.7723 604.3839 604.9644 605.0557 605.0325 605.0093 604.986 604.9628 604.9396 604.9164 604.8932 604.8699 604.8467 604.8235 604.8003 604.7771 604.7538 604.7307 604.7074
602.5652 602.2625 601.934 601.6141 601.2906 601.0587 600.8739 600.6985 600.5366 600.3894 600.2336 600.0797 599.8712 599.418 599.097 599.097 599.038 598.9965 599.104 599.3095 599.266 599.2375 599.486 599.6055 599.536 599.7858 599.9504 600.0932 600.2116 600.3608 600.4675 600.561 600.6455 600.7299 600.799 600.8622 600.9117 600.9958 601.2429 601.4765 601.8786 602.1457 602.6751 603.2139 603.6971 604.3034 604.8633 605.0721 605.0489 605.0256 605.0024 604.9792 604.956 604.9328 604.9095 604.8864 604.8631 604.8399 604.8167 604.7937 604.7708 604.7478 604.7248 604.7018
602.3234 602.0766 601.774 601.4468 601.1541 600.9632 600.7676 600.5767 600.3932 600.23 600.0745 599.9116 599.4935 599.0505 599.042 599.1735 599.029 599.0275 599.0485 599.107 599.177 599.27 599.3515 599.533 599.7318 599.9452 600.1269 600.2643 600.3914 600.5049 600.6492 600.7202 600.8077 600.8832 600.9556 601.0417 601.2607 601.5414 601.769 602.0825 602.4031 602.7984 603.1693 603.6953 604.2637 604.7732 605.0921 605.0905 605.0674 605.0445 605.0215 604.9985 604.9756 604.9526 604.9296 604.9067 604.8837 604.8607 604.8377 604.8148 604.7917 604.7688 604.7458 604.7228
602.0891 601.8533 601.588 601.2854 601.0528 600.8373 600.6482 600.4686 600.2818 600.0947 599.9235 599.69 599.33 598.8735 598.9115 599.052 598.9045 598.8795 598.7791 598.9235 599.0811 599.067 599.2605 599.7435 599.932 600.1105 600.3038 600.4663 600.5837 600.6894 600.7983 600.9004 600.9727 601.0797 601.2835 601.5098 601.689 601.9764 602.3191 602.5423 602.9103 603.3326 603.7164 604.193 604.7153 605.1021 605.1025 605.1029 605.0885 605.0655 605.0425 605.0196 604.9966 604.9736 604.9506 604.9277 604.9047 604.8817 604.8588 604.8358 604.8128 604.7898 604.7668 604.7439
601.8548 601.619 601.3832 601.1523 600.9254 600.727 600.514 600.3333 600.167 599.9822 599.838 599.539 599.166 598.7115 598.804 599.0055 598.9425 598.9665 598.99 599.2141 599.325 599.151 599.757 599.9515 600.1343 600.3141 600.4835 600.6624 600.7914 600.8945 600.9874 601.1223 601.3196 601.4888 601.7094 601.9166 602.1572 602.4179 602.7068 603.0967 603.3974 603.7634 604.2621 604.7103 605.1135 605.1124 605.1129 605.1133 605.1095 605.0865 605.0635 605.0406 605.0176 604.9946 604.9717 604.9487 604.9257 604.9028 604.8798 604.8568 604.8338 604.8109 604.7878 604.7649
601.6204 601.3846 601.2049 601.0241 600.8054 600.5858 600.386 600.1962 600.0184 599.8515 599.147 599.0605 598.9055 598.6805 598.648 598.7685 598.6605 598.8455 599.1265 599.295 599.3355 599.575 599.8928 600.1394 600.3482 600.525 600.6893 600.8564 601.0051 601.1035 601.2977 601.4996 601.6792 601.9084 602.072 602.3391 602.5914 602.8046 603.1636 603.4722 603.8735 604.2616 604.6751 605.1252 605.1251 605.1248 605.1232 605.1236 605.1241 605.1075 605.0846 605.0616 605.0386 605.0157 604.9927 604.9697 604.9467 604.9238 604.9008 604.8778 604.8549 604.8318 604.8089 604.7859
601.3861 601.2241 601.089 600.8625 600.652 600.4469 600.2424 600.045 599.8675 599.393 598.953 598.706 598.6845 598.8445 598.7345 598.789 598.9135 599.0365 599.2 599.3575 599.7816 599.9199 600.1132 600.3221 600.5474 600.7365 600.9158 601.0272 601.233 601.4443 601.6398 601.8461 602.057 602.2512 602.4943 602.7107 602.9688 603.2411 603.4973 603.8914 604.2498 604.6468 605.1258 605.1368 605.1369 605.1368 605.1335 605.134 605.1344 605.1286 605.1056 605.0826 605.0596 605.0367 605.0137 604.9907 604.9678 604.9448 604.9218 604.8989 604.8759 604.8529 604.8299 604.8069
601.2099 601.0834 600.9257 600.7296 600.4988 600.28 600.077 599.883 599.2895 599.12 598.824 598.6815 598.635 598.743 598.8745 599.1275 599.31 599.4075 599.434 599.7945 599.9776 600.1716 600.3154 600.5425 600.7515 600.9593 601.11 601.32 601.5333 601.7554 601.9809 602.1763 602.4169 602.6141 602.8512 603.0775 603.3621 603.6154 603.92 604.2346 604.6213 605.0274 605.1486 605.1487 605.1488 605.1489 605.1475 605.1443 605.1448 605.1452 605.1266 605.1036 605.0807 605.0577 605.0347 605.0118 604.9888 604.9658 604.9428 604.9199 604.8969 604.8739 604.851 604.8279
601.0009 600.8746 600.7377 600.5543 600.3591 600.1442 599.9113 599.4465 598.8765 598.8565 598.6015 598.658 598.6985 598.521 598.8391 599.1755 599.3115 599.5425 599.8477 599.9743 600.1578 600.3564 600.5626 600.7314 600.9661 601.1531 601.4001 601.607 601.8335 602.0468 602.2848 602.5175 602.7126 602.9878 603.1711 603.4511 603.6606 604.0135 604.2924 604.5892 604.9803 605.1582 605.1607 605.1606 605.1606 605.1608 605.1605 605.1547 605.1552 605.1556 605.1476 605.1247 605.1017 605.0787 605.0557 605.0328 605.0098 604.9868 604.9639 604.9409 604.9179 604.895 604.8719 604.849
600.8044 600.6674 600.5226 600.374 600.1829 599.989 599.4685 598.9895 598.5655 598.656 598.6945 598.6475 598.7195 598.769 598.931 599.288 599.5645 599.8827 600.0347 600.1625 600.319 600.5155 600.7137 600.9365 601.1348 601.4115 601.6585 601.9055 602.1149 602.3469 602.5602 602.8142 603.0541 603.249 603.5482 603.7565 604.0511 604.3091 604.6541 604.969 605.1677 605.1697 605.1722 605.1724 605.1725 605.1726 605.1727 605.1688 605.1655 605.166 605.1655 605.1457 605.1227 605.0997 605.0768 605.0538 605.0308 605.0079 604.9849 604.9619 604.9389 604.916 604.893 604.87
600.621 600.4731 600.3278 600.1741 600.0056 599.2165 598.8765 598.6675 598.4805 598.4991 598.6445 598.5211 598.7935 599.2145 599.3685 599.8405 599.9396 600.0491 600.1887 600.3484 600.4885 600.6636 600.8733 601.072 601.3488 601.6345 601.9169 602.1639 602.4081 602.6267 602.8604 603.0737 603.3436 603.5908 603.8185 604.1058 604.3564 604.651 604.9605 605.1783 605.181 605.1812 605.1837 605.1862 605.1844 605.1845 605.1846 605.1841 605.1758 605.1763 605.1768 605.1667 605.1437 605.1208 605.0978 605.0748 605.0518 605.0289 605.0059 604.9829 604.96 604.937 604.914 604.8911
