samples/sfe_82/sfe_82_c1/sfe_82_c1/sfe_82_c1.asc
ncols         243
nrows         113
xllcorner     94.199999999255
yllcorner     60.60000000149
cellsize      0.7
NODATA_value  -9999
[rows 28 to 55 of 113, columns 64 to 127 of 243]
600.0137 600.02 600.0303 600.044 600.0468 600.0657 600.063 600.0625 600.081 600.0785 600.076 600.0825 600.09 600.0908 600.089 600.0865 600.0837 600.0807 600.078 600.0755 600.0737 600.0568 600.055 600.0425 600.04 600.0335 600.012 600.0095 599.9897 599.982 599.9745 599.956 599.941 599.93 599.9055 599.8978 599.878 599.8605 599.841 599.8192 599.811 599.7982 599.7817 599.7662 599.747 599.7347 599.7305 599.733 599.7405 599.7753 599.8268 599.8857 599.9475 600.3942 601.017 601.224 601.6274 601.7482 601.8499 601.9521 602.0539 602.1945 602.3132 602.4265
600.0903 600.111 600.1083 600.1287 600.1263 600.1445 600.1435 600.142 600.163 600.1605 600.164 600.179 600.1763 600.174 600.172 600.1688 600.1663 600.1638 600.161 600.1585 600.1563 600.1537 600.1382 600.128 600.1213 600.1188 600.0923 600.09 600.0855 600.0618 600.0532 600.0333 600.0185 600.005 599.98 599.9757 599.9537 599.9302 599.911 599.898 599.8805 599.8575 599.84 599.8173 599.793 599.7642 599.7443 599.728 599.7192 599.726 599.7372 599.7555 599.7845 599.8705 599.9725 600.1163 600.5463 600.9465 601.3888 601.6406 601.7476 601.8948 602.0253 602.1082
600.1732 600.193 600.2005 600.2117 600.2232 600.2318 600.2285 600.2502 600.2475 600.247 600.2675 600.265 600.2622 600.26 600.2575 600.265 600.2625 600.2592 600.2573 600.244 600.2412 600.239 600.2365 600.2103 600.2085 600.204 600.201 600.1738 600.1713 600.1447 600.1422 600.121 600.0958 600.0867 600.0778 600.0575 600.032 600.0125 599.988 599.9717 599.9535 599.9302 599.9117 599.8812 599.845 599.8118 599.782 599.7548 599.7375 599.7255 599.717 599.714 599.7253 599.748 599.794 599.855 599.9285 600.022 600.2663 600.6778 601.1228 601.606 601.7121 601.8014
600.262 600.2785 600.2945 600.2985 600.31 600.3185 600.3378 600.3375 600.335 600.3575 600.3548 600.3527 600.35 600.3542 600.3508 600.3675 600.365 600.3625 600.3463 600.3383 600.3348 600.3265 600.3237 600.3215 600.2993 600.2908 600.288 600.2772 600.258 600.2448 600.228 600.2043 600.198 600.1708 600.168 600.141 600.1143 600.091 600.0662 600.0583 600.0333 600.0078 599.9822 599.9548 599.9135 599.8785 599.8325 599.7997 599.7778 599.7515 599.7313 599.7162 599.7115 599.7125 599.725 599.752 599.7845 599.829 599.9227 600.0422 600.119 600.3757 600.946 601.368
600.3685 600.3682 600.3887 600.3965 600.4092 600.4063 600.4275 600.427 600.4368 600.4472 600.4445 600.4442 600.4415 600.4622 600.4597 600.4572 600.4542 600.4512 600.4487 600.4462 600.4263 600.4175 600.4127 600.4102 600.4072 600.3792 600.3765 600.3672 600.3458 600.3412 600.3175 600.2895 600.2847 600.257 600.2505 600.227 600.2103 600.1735 600.1695 600.143 600.1223 600.0957 600.0643 600.0433 599.9967 599.9398 599.894 599.8575 599.839 599.7985 599.7645 599.743 599.7209 599.7112 599.702 599.7105 599.7282 599.7382 599.773 599.8447 599.8892 600.0447 600.1345 600.2643
600.4557 600.4547 600.4777 600.4885 600.4987 600.5112 600.5197 600.5165 600.5378 600.5372 600.5396 600.5388 600.5504 600.5502 600.5488 600.5469 600.5447 600.5414 600.5392 600.5355 600.5316 600.5267 600.5092 600.5048 600.4977 600.4925 600.4667 600.4615 600.4377 600.4327 600.4045 600.4022 600.3737 600.3693 600.343 600.3148 600.297 600.278 600.257 600.2295 600.206 600.1777 600.1503 600.1185 600.0682 600.0087 599.9695 599.935 599.887 599.8497 599.8183 599.7835 599.7492 599.7247 599.7183 599.7052 599.699 599.703 599.7222 599.7438 599.7765 599.8392 599.909 600.0032
600.5477 600.5643 600.5682 600.5922 600.5895 600.5995 600.6097 600.6265 600.6307 600.6274 600.6378 600.6483 600.6458 600.6432 600.6407 600.6375 600.6355 600.6324 600.63 600.6272 600.6248 600.6223 600.6198 600.5912 600.5884 600.5852 600.561 600.5542 600.5365 600.5233 600.4965 600.4912 600.469 600.4604 600.4327 600.4109 600.3843 600.3732 600.3452 600.3172 600.2913 600.2605 600.2483 600.1992 600.1442 600.0815 600.0527 600.0017 599.9503 599.9085 599.879 599.8387 599.7915 599.77 599.7415 599.7197 599.7053 599.6968 599.6965 599.6993 599.7177 599.753 599.791 599.8545
600.6387 600.6623 600.6597 600.6832 600.6868 600.7032 600.7007 600.7242 600.7217 600.7192 600.7405 600.7394 600.7368 600.7343 600.7318 600.7292 600.7267 600.7242 600.7215 600.7184 600.7158 600.7133 600.7108 600.7053 600.6787 600.6763 600.6625 600.6452 600.6428 600.6132 600.5905 600.5822 600.558 600.5512 600.5228 600.498 600.4893 600.4654 600.4348 600.417 600.3845 600.356 600.3397 600.2863 600.2197 600.1802 600.1382 600.0753 600.023 599.9772 599.9443 599.9008 599.862 599.8207 599.7825 599.7488 599.7318 599.7112 599.6955 599.6885 599.6948 599.7037 599.7203 599.7605
600.7297 600.7535 600.7632 600.7745 600.774 600.7952 600.8035 600.8162 600.8135 600.8305 600.8337 600.8315 600.8287 600.8254 600.849 600.8463 600.8438 600.8412 600.8387 600.8362 600.8075 600.8042 600.8018 600.7993 600.79 600.7675 600.7647 600.7422 600.7338 600.7045 600.7017 600.6732 600.664 600.6422 600.624 600.5858 600.5817 600.5532 600.529 600.5023 600.4758 600.4587 600.4157 600.3695 600.3002 600.2623 600.2155 600.1502 600.0997 600.0527 600.0095 599.9683 599.9263 599.882 599.8342 599.799 599.7708 599.7435 599.7142 599.7003 599.689 599.6832 599.6895 599.7073
600.8342 600.8452 600.8663 600.8662 600.8895 600.8862 600.904 600.9075 600.9202 600.9282 600.9255 600.9232 600.9393 600.9412 600.9407 600.938 600.9355 600.9325 600.9305 600.9275 600.9225 600.8954 600.8928 600.8902 600.881 600.8698 600.8557 600.8333 600.8248 600.8013 600.7927 600.7815 600.7617 600.7332 600.7172 600.6948 600.6727 600.6442 600.6177 600.591 600.5643 600.5547 600.5005 600.4525 600.4052 600.3558 600.2975 600.2325 600.1815 600.1478 600.087 600.0313 599.9938 599.9542 599.8992 599.8572 599.818 599.7758 599.7475 599.728 599.7042 599.6875 599.6823 599.6815
600.924 600.9373 600.9575 600.9637 600.981 600.9805 601.0017 600.9992 601.0182 601.0202 601.0167 601.0335 601.031 601.0352 601.0327 601.0292 601.0267 601.0242 601.0217 601.0182 601.0157 601.0065 600.989 600.9822 600.9788 600.9608 600.947 600.94 600.9157 600.9132 600.8845 600.8755 600.8527 600.8242 600.8038 600.7925 600.7637 600.748 600.7167 600.6795 600.6747 600.6428 600.594 600.539 600.4932 600.4425 600.3782 600.336 600.2848 600.2267 600.1677 600.1182 600.0713 600.0225 599.9658 599.9243 599.873 599.8255 599.8002 599.7675 599.7315 599.711 599.6923 599.6777
601.0265 601.0305 601.0518 601.0725 601.0728 601.0757 601.0934 601.097 601.1137 601.1113 601.1213 601.1315 601.1287 601.1262 601.1237 601.1202 601.1177 601.1152 601.1127 601.1093 601.1075 601.1042 601.0905 601.0732 601.0698 601.0605 601.0388 601.0358 601.0142 601.0042 600.98 600.9709 600.9437 600.9197 600.9127 600.8835 600.86 600.8367 600.81 600.7878 600.7657 600.7272 600.6815 600.6318 600.5815 600.529 600.4813 600.4222 600.3795 600.3115 600.2515 600.2084 600.1465 600.0825 600.0345 599.9935 599.9518 599.8945 599.8595 599.8168 599.775 599.7462 599.7141 599.695
601.1163 601.1307 601.1437 601.1625 601.1638 601.1873 601.1848 601.191 601.2047 601.2065 601.2105 601.2232 601.2197 601.2172 601.2147 601.2305 601.2285 601.2255 601.223 601.2002 601.1985 601.1953 601.1924 601.1745 601.1608 601.1582 601.1307 601.1265 601.1172 601.0952 601.071 601.0635 601.0377 601.0078 601.0035 600.9752 600.953 600.9277 600.8967 600.8788 600.8568 600.8168 600.7692 600.7208 600.672 600.6227 600.5723 600.5135 600.463 600.3967 600.3408 600.2925 600.2422 600.1635 600.1258 600.0687 600.003 599.9587 599.9193 599.8755 599.826 599.7913 599.749 599.7252
601.2137 601.2247 601.2347 601.2582 601.2557 601.279 601.2755 601.2993 601.2964 601.3 601.3165 601.3143 601.3107 601.3232 601.3207 601.3282 601.3257 601.3232 601.3113 601.3063 601.3043 601.2863 601.2827 601.2805 601.2582 601.2493 601.2465 601.2175 601.2125 601.1863 601.1725 601.1545 601.1325 601.1232 601.0947 601.0663 601.0522 601.0278 601.0057 600.9742 600.947 600.9042 600.858 600.811 600.764 600.7148 600.6645 600.6127 600.553 600.4888 600.4342 600.3838 600.3305 600.2817 600.213 600.157 600.0931 600.055 599.9927 599.9222 599.8915 599.847 599.806 599.7675
601.3055 601.3282 601.334 601.3492 601.3655 601.3692 601.3798 601.3892 601.3887 601.4102 601.4067 601.4042 601.4127 601.4243 601.4218 601.4193 601.4162 601.4132 601.4108 601.4082 601.3942 601.3873 601.3737 601.3712 601.3497 601.3392 601.3367 601.3082 601.3057 601.2897 601.2737 601.2452 601.2247 601.2142 601.1855 601.1697 601.1425 601.121 601.0967 601.0672 601.036 600.993 600.9482 600.903 600.8608 600.807 600.756 600.7068 600.641 600.5713 600.5335 600.4738 600.3995 600.3635 600.2995 600.2465 600.1893 600.134 600.077 600.0204 599.9642 599.8943 599.8633 599.82
601.3967 601.4193 601.4235 601.4395 601.4585 601.4642 601.4805 601.4802 601.5024 601.5005 601.4977 601.5012 601.5178 601.5145 601.5117 601.5092 601.5067 601.5035 601.5007 601.4982 601.4955 601.4858 601.4705 601.4612 601.4578 601.4295 601.4268 601.4222 601.3958 601.3815 601.3647 601.3397 601.3127 601.3042 601.28 601.2623 601.2287 601.2155 601.1877 601.1582 601.124 601.0825 601.0463 601.0135 600.9535 600.8995 600.852 600.8012 600.7343 600.6795 600.6297 600.5743 600.5045 600.4603 600.3945 600.3292 600.2838 600.2092 600.1622 600.1125 600.0468 599.9937 599.9357 599.871
601.4993 601.5095 601.527 601.5342 601.5532 601.5695 601.5728 601.5703 601.5952 601.5922 601.5925 601.6202 601.6177 601.6152 601.6125 601.6095 601.6068 601.6042 601.601 601.5985 601.5957 601.5933 601.5665 601.5532 601.5497 601.5475 601.5167 601.5142 601.49 601.4802 601.4545 601.4268 601.4232 601.3942 601.37 601.361 601.3345 601.3062 601.2777 601.248 601.2153 601.1735 601.139 601.1017 601.0422 600.997 600.9515 600.902 600.8333 600.7995 600.7325 600.677 600.6255 600.5575 600.4935 600.4297 600.3807 600.3055 600.2448 600.197 600.129 600.0748 600.015 599.9615
601.6005 601.6003 601.629 601.6262 601.6567 601.6793 601.6848 601.6823 601.713 601.7105 601.7256 601.7834 601.7806 601.7783 601.7748 601.7726 601.7698 601.7673 601.7646 601.7623 601.7588 601.7566 601.7382 601.6818 601.6705 601.6683 601.6392 601.6282 601.6107 601.5883 601.5535 601.5473 601.5128 601.5038 601.4708 601.4532 601.4245 601.3962 601.374 601.338 601.3043 601.2625 601.2507 601.1823 601.1425 601.097 601.053 600.9987 600.9603 600.9098 600.8362 600.7823 600.7325 600.6608 600.5958 600.5417 600.4633 600.4072 600.3525 600.2867 600.2245 600.164 600.0973 600.0502
601.709 601.715 601.7372 601.759 601.8061 601.8671 601.9288 601.9329 601.9817 602.0206 602.0394 602.0994 602.1053 602.1029 602.0996 602.0972 602.0944 602.0919 602.0892 602.0867 602.0833 602.0812 602.0516 601.9861 601.9803 601.9525 601.8854 601.872 601.8055 601.7578 601.6908 601.6608 601.6317 601.5945 601.577 601.5545 601.5162 601.486 601.4615 601.4337 601.395 601.3783 601.3435 601.287 601.2418 601.1992 601.1615 601.1115 601.0638 601.0095 600.939 600.8785 600.8282 600.76 600.7022 600.651 600.5695 600.501 600.4587 600.373 600.3237 600.2593 600.1937 600.1323
601.9174 601.9798 602.0416 602.0877 602.1312 602.1893 602.251 602.2578 602.3066 602.3453 602.3533 602.4132 602.4301 602.4275 602.4243 602.4218 602.419 602.4165 602.4138 602.4111 602.4078 602.4058 602.3652 602.3073 602.3046 602.2738 602.2067 602.1905 602.124 602.0792 602.0121 601.9451 601.8802 601.8177 601.762 601.69 601.6387 601.6013 601.5663 601.5292 601.4907 601.4767 601.423 601.3828 601.3488 601.3223 601.2605 601.2077 601.1725 601.108 601.0478 601.001 600.943 600.8712 600.8157 600.762 600.6857 600.6245 600.5582 600.4888 600.4287 600.3575 600.293 600.2065
602.2397 602.3019 602.3638 602.4127 602.4562 602.5115 602.5732 602.5826 602.6315 602.6702 602.6677 602.7271 602.7548 602.7521 602.7491 602.7463 602.7436 602.7411 602.7383 602.7356 602.7324 602.7301 602.6786 602.6318 602.6289 602.5952 602.531 602.509 602.4425 602.4006 602.3335 602.2664 602.2043 602.1417 602.0805 602.0073 601.9227 601.8453 601.7633 601.6797 601.6375 601.5975 601.5298 601.4818 601.4745 601.4063 601.3672 601.3177 601.2765 601.221 601.1633 601.1175 601.0682 600.9825 600.9325 600.8732 600.8018 600.74 600.6592 600.5955 600.5352 600.4655 600.4008 600.331
602.5621 602.6241 602.686 602.7378 602.7813 602.8337 602.8954 602.9075 602.9564 602.9951 602.9926 603.041 603.0795 603.0767 603.0738 603.0709 603.0682 603.0657 603.0629 603.06 603.0569 603.0544 602.9921 602.9559 602.9532 602.9166 602.8553 602.8275 602.761 602.7219 602.6548 602.5878 602.5285 602.4655 602.399 602.3245 602.2363 602.1658 602.0835 602.0002 601.9183 601.812 601.7066 601.6295 601.5805 601.5315 601.4885 601.4365 601.3995 601.349 601.2787 601.2283 601.1685 601.1015 601.0552 600.9755 600.9253 600.8568 600.7813 600.7183 600.655 600.5725 600.512 600.426
602.8845 602.9464 603.0082 603.0628 603.1155 603.1559 603.2176 603.2324 603.2813 603.32 603.3175 603.3548 603.4044 603.4012 603.3986 603.3955 603.3928 603.3903 603.3875 603.3845 603.3815 603.3712 603.3057 603.28 603.2775 603.2379 603.1796 603.146 603.0809 603.0433 602.9762 602.9091 602.8526 602.784 602.7175 602.6414 602.5499 602.4864 602.4037 602.3209 602.2291 602.1224 602.027 601.932 601.8156 601.7311 601.6502 601.581 601.5203 601.4432 601.409 601.3552 601.2872 601.2582 601.1892 601.1232 601.0545 600.983 600.9075 600.848 600.7745 600.698 600.6348 600.5415
603.2068 603.2685 603.3304 603.3879 603.4501 603.4781 603.5398 603.5573 603.6061 603.6449 603.6424 603.6686 603.7286 603.726 603.7233 603.7201 603.7173 603.7148 603.7121 603.7089 603.7061 603.6846 603.6191 603.6044 603.6017 603.5593 603.5038 603.4645 603.4052 603.3646 603.2976 603.2305 603.1752 603.1025 603.036 602.9519 602.867 602.8069 602.724 602.6416 602.5392 602.4329 602.3474 602.2288 602.1361 602.0446 601.9454 601.8008 601.7142 601.6035 601.566 601.5035 601.4255 601.359 601.3137 601.2338 601.1868 601.0933 601.0313 600.9805 600.8948 600.8282 600.7426 600.6788
603.5292 603.5909 603.6526 603.7129 603.7751 603.8004 603.862 603.8595 603.8565 603.8553 603.8541 603.8528 603.8514 603.8495 603.8475 603.8456 603.8437 603.841 603.8369 603.8328 603.8286 603.8246 603.8206 603.8167 603.8127 603.8083 603.8045 603.783 603.7295 603.686 603.619 603.5519 603.4958 603.421 603.3545 603.2624 603.1855 603.1275 603.0445 602.956 602.8495 602.7504 602.665 602.5435 602.4547 602.358 602.2373 602.1173 602.0239 601.9064 601.8102 601.683 601.6072 601.5468 601.463 601.3935 601.322 601.2548 601.1722 601.1175 601.0233 600.9692 600.878 600.8015
603.8508 603.8765 603.8752 603.8757 603.8761 603.8756 603.8749 603.8739 603.8729 603.8717 603.8705 603.8692 603.8678 603.8658 603.8639 603.8619 603.86 603.8574 603.8533 603.8491 603.845 603.841 603.8371 603.8331 603.8292 603.8247 603.8193 603.814 603.8087 603.803 603.797 603.7909 603.7875 603.7395 603.673 603.5729 603.504 603.4479 603.3651 603.2665 603.1597 603.0708 602.9659 602.8591 602.7651 602.6714 602.5396 602.4377 602.3162 602.2267 602.1018 601.9933 601.8876 601.7399 601.6168 601.5737 601.4783 601.3655 601.3285 601.2562 601.1685 601.1042 601.021 600.9565
603.8901 603.891 603.8915 603.892 603.8924 603.892 603.8914 603.8903 603.8893 603.8881 603.8868 603.8856 603.8842 603.8822 603.8802 603.8783 603.8763 603.8737 603.8696 603.8655 603.8613 603.8575 603.8535 603.8496 603.8456 603.8411 603.8357 603.8306 603.8252 603.8195 603.8136 603.8074 603.8013 603.7951 603.7879 603.7808 603.7765 603.7684 603.6828 603.5767 603.4739 603.3912 603.2809 603.1797 603.0751 602.9697 602.8672 602.7567 602.6296 602.5428 602.4095 602.3037 602.1805 602.0332 601.9315 601.8186 601.6702 601.5947 601.509 601.3762 601.3232 601.2425 601.1677 601.1021
603.9065 603.9074 603.908 603.9083 603.9088 603.9084 603.9078 603.9067 603.9057 603.9044 603.9032 603.9019 603.9005 603.8986 603.8966 603.8947 603.8927 603.8901 603.8859 603.8818 603.8777 603.874 603.87 603.8661 603.8621 603.8575 603.8521 603.8471 603.8417 603.836 603.8302 603.824 603.8179 603.8117 603.8045 603.7973 603.7907 603.7839 603.777 603.7701 603.7653 603.7032 603.5955 603.4915 603.3852 603.2785 603.1748 603.0488 602.9498 602.8345 602.7198 602.6141 602.4724 602.3534 602.2462 602.1108 601.9661 601.8568 601.7457 601.6002 601.5148 601.4377 601.3305 601.2462
