samples/sfe_82/sfe_82_c1/sfe_82_c1/sfe_82_c1.asc
ncols         243
nrows         113
xllcorner     94.199999999255
yllcorner     60.60000000149
cellsize      0.7
NODATA_value  -9999
[rows 56 to 83 of 113, columns 0 to 63 of 243]
-9999 -9999 603.5618 602.5258 601.675 601.9996 602.0311 601.8071 599.999 600.006 600.0185 600.0347 600.078 600.1093 600.1605 600.1997 600.2593 600.334 600.3857 600.4833 600.564 600.6287 600.7137 600.7795 600.8702 600.9745 601.0688 601.1362 601.1968 601.3113 601.3898 601.47 601.5593 601.6112 601.6925 601.778 601.8658 601.9913 602.1067 602.2348 602.3589 602.5031 602.6151 602.7262 602.8734 602.9899 603.0808 603.2012 603.3265 603.4441 603.5457 603.6473 603.7489 603.8503 603.9065 603.9092 603.9115 603.9137 603.916 603.9169 603.918 603.9194 603.9207 603.9219
-9999 -9999 603.6933 602.6573 601.8037 602.0156 602.0869 601.8964 600.0056 600.0283 600.0585 600.0845 600.1305 600.1868 600.2315 600.2995 600.363 600.4525 600.511 600.6075 600.6945 600.7607 600.8542 600.933 601.0223 601.1402 601.1985 601.308 601.376 601.4515 601.5665 601.6285 601.737 601.806 601.8774 602.015 602.1594 602.3033 602.4138 602.5397 602.665 602.7968 602.9271 603.0287 603.1729 603.2911 603.3928 603.4944 603.6309 603.7499 603.8575 603.9147 603.9163 603.9195 603.9226 603.9257 603.9282 603.9302 603.9325 603.9337 603.9344 603.936 603.9371 603.9386
-9999 -9999 603.8248 602.7889 601.9324 602.0315 602.1427 601.9857 600.0949 600.072 600.115 600.1487 600.2032 600.2735 600.3225 600.419 600.4982 600.564 600.6508 600.7182 600.8127 600.9243 600.9982 601.0912 601.1913 601.2785 601.3765 601.4637 601.574 601.6553 601.724 601.802 601.936 602.0833 602.1891 602.3088 602.4531 602.5973 602.7272 602.8447 602.9727 603.0906 603.2347 603.3406 603.4724 603.603 603.7047 603.8058 603.9222 603.9214 603.9254 603.9292 603.933 603.9362 603.9392 603.9422 603.9448 603.9468 603.949 603.9504 603.951 603.9525 603.9536 603.955
-9999 -9999 603.9564 602.9204 602.061 602.0475 602.1985 602.075 600.1842 600.1216 600.1782 600.2433 600.3102 600.3663 600.4418 600.5422 600.6307 600.6982 600.7952 600.8647 600.9943 601.089 601.1672 601.288 601.3907 601.4617 601.5682 601.6472 601.7495 601.8298 601.9637 602.074 602.2184 602.3911 602.5 602.6031 602.7469 602.8911 603.035 603.1541 603.2776 603.3904 603.5286 603.6526 603.772 603.915 603.9282 603.9326 603.9359 603.9387 603.942 603.9459 603.9498 603.9531 603.9558 603.9587 603.9614 603.9634 603.9656 603.9671 603.9675 603.969 603.9705 603.9714
-9999 -9999 604.0879 603.0519 602.1898 602.0635 602.2543 602.1507 600.2735 600.2116 600.2531 600.3438 600.41 600.492 600.5807 600.6547 600.7518 600.863 600.944 601.0992 601.1642 601.285 601.3475 601.4717 601.562 601.6602 601.773 601.8345 601.9688 602.1129 602.2577 602.3817 602.5157 602.6823 602.8044 602.915 603.0405 603.1849 603.3287 603.4634 603.585 603.7028 603.8224 603.9352 603.9365 603.9409 603.9453 603.9497 603.9531 603.956 603.9587 603.9626 603.9664 603.9698 603.9728 603.9755 603.978 603.9799 603.9821 603.9838 603.984 603.9855 603.987 603.9878
-9999 -9999 604.2194 603.1835 602.3184 602.0795 602.3102 602.2065 600.3628 600.3015 600.3534 600.4523 600.56 600.6332 600.7332 600.818 600.9155 601.045 601.1212 601.2522 601.3483 601.4465 601.5552 601.6378 601.7585 601.8392 601.9731 602.1174 602.2622 602.4065 602.5511 602.6895 602.8011 602.9647 603.1088 603.2267 603.3339 603.4788 603.6227 603.7667 603.8943 603.9402 603.944 603.9489 603.9539 603.9581 603.9625 603.9669 603.9705 603.9733 603.9754 603.9792 603.9832 603.9866 603.9895 603.9921 603.9949 603.9965 603.9987 604.0005 604.001 604.002 604.0035 604.0042
-9999 -9999 -9999 603.3151 602.4471 602.0955 602.366 602.2623 600.4521 600.3915 600.4468 600.5875 600.6873 600.8025 600.8825 600.9892 601.102 601.2338 601.3165 601.451 601.5488 601.6442 601.7465 601.8445 601.9783 602.1226 602.267 602.4113 602.5556 602.7006 602.845 602.9893 603.1055 603.2531 603.4146 603.5328 603.6406 603.7723 603.9167 603.947 603.9518 603.9564 603.9614 603.9664 603.9713 603.9752 603.9796 603.9839 603.9877 603.9905 603.9921 603.996 603.9998 604.0034 604.0062 604.0087 604.0114 604.0132 604.0152 604.0174 604.0179 604.0185 604.02 604.0206
-9999 -9999 -9999 603.4466 602.5758 602.1115 602.4218 602.3182 600.5414 600.4814 600.5402 600.6522 600.8515 600.9868 601.0782 601.2135 601.3333 601.4227 601.541 601.6265 601.754 601.849 601.9833 602.1279 602.2722 602.4164 602.5608 602.7051 602.8495 602.994 603.1385 603.2829 603.4099 603.5308 603.7109 603.8372 603.9525 603.9552 603.9601 603.965 603.9699 603.9739 603.9788 603.9838 603.9888 603.993 603.9966 604.001 604.0051 604.0079 604.0091 604.0126 604.0165 604.0201 604.0228 604.0253 604.0278 604.0298 604.0318 604.034 604.0347 604.035 604.0365 604.037
-9999 -9999 -9999 603.5781 602.6984 602.1274 602.4777 602.374 600.6306 600.5714 600.6336 600.769 601.0527 601.1932 601.2817 601.4263 601.5335 601.637 601.7473 601.8535 601.9879 602.1324 602.2769 602.4216 602.566 602.7103 602.8547 602.9988 603.1432 603.2876 603.4323 603.577 603.7143 603.8339 603.9572 603.96 603.9664 603.9728 603.9781 603.9831 603.988 603.9913 603.9963 604.0012 604.0062 604.0112 604.0138 604.0182 604.0226 604.0251 604.0271 604.0293 604.0332 604.0369 604.0396 604.0419 604.0444 604.0464 604.0483 604.0505 604.0513 604.0515 604.053 604.0534
-9999 -9999 -9999 603.7097 602.7547 602.1434 602.5335 602.4298 600.7199 600.6613 600.727 600.8857 601.2287 601.3958 601.5235 601.6203 601.7518 601.858 601.9951 602.142 602.2813 602.4261 602.5704 602.715 602.8599 603.0039 603.1485 603.2927 603.4367 603.5815 603.7256 603.8705 603.9625 603.9644 603.9713 603.9782 603.9843 603.9905 603.9962 604.0011 604.006 604.0106 604.0137 604.0187 604.0236 604.0286 604.0309 604.0353 604.0397 604.0424 604.0452 604.046 604.0499 604.0538 604.0566 604.0585 604.0609 604.063 604.0649 604.0671 604.0681 604.0681 604.0695 604.0698
-9999 -9999 -9999 603.8412 602.8109 602.1594 602.5893 602.4857 600.8092 600.7512 600.8204 601.0024 601.3359 601.8388 601.7473 601.8627 601.9996 602.147 602.2944 602.4421 602.5892 602.7195 602.8642 603.0088 603.1534 603.298 603.4423 603.5869 603.7306 603.8751 603.9669 603.9724 603.9781 603.9838 603.9894 603.9963 604.0022 604.0085 604.0143 604.0192 604.0241 604.029 604.0311 604.0361 604.0411 604.046 604.048 604.0524 604.0568 604.0597 604.0626 604.0627 604.0665 604.0704 604.0737 604.0761 604.0778 604.0797 604.0814 604.0836 604.0848 604.0845 604.0861 604.0865
-9999 -9999 -9999 603.9727 602.9368 602.1754 602.6451 602.5414 600.8985 600.8412 600.9138 601.0854 601.4034 601.7858 602.0041 602.152 602.299 602.4468 602.5938 602.7416 602.8886 603.0129 603.1579 603.3025 603.4467 603.5917 603.7357 603.8805 603.9733 603.9801 603.986 603.9917 603.9974 604.0031 604.0076 604.0145 604.0206 604.0265 604.0323 604.0372 604.0421 604.0471 604.0485 604.0535 604.0585 604.0635 604.0651 604.0695 604.0739 604.077 604.0798 604.0793 604.0833 604.0871 604.0905 604.0928 604.0948 604.0969 604.098 604.1002 604.1015 604.1011 604.1025 604.1035
-9999 -9999 -9999 604.1042 603.0684 602.1913 602.7009 602.5973 600.9878 600.9334 601.0072 601.1619 601.4709 601.9147 602.298 602.4513 602.5986 602.7462 602.8936 603.041 603.1884 603.3253 603.4512 603.5961 603.7406 603.8851 603.9778 603.9854 603.9926 603.9995 604.0053 604.011 604.0167 604.0224 604.0258 604.0327 604.0396 604.0444 604.0503 604.0553 604.0602 604.0651 604.066 604.0709 604.0759 604.0809 604.0837 604.0866 604.091 604.0943 604.0971 604.097 604.0999 604.1038 604.1072 604.1096 604.1113 604.1135 604.1149 604.1168 604.1182 604.118 604.1191 604.1202
-9999 -9999 -9999 604.2358 603.1999 602.3057 602.7568 602.6531 601.0771 601.0269 601.1006 601.2383 601.5384 602.0422 602.5246 602.7507 602.8983 603.0455 603.1934 603.3405 603.488 603.6351 603.7448 603.8896 603.9824 603.9905 603.9974 604.0051 604.0119 604.0189 604.0248 604.0303 604.036 604.0417 604.0443 604.0508 604.0577 604.0623 604.0679 604.0734 604.0782 604.0831 604.0851 604.0884 604.0933 604.0983 604.1023 604.1038 604.1082 604.1122 604.1144 604.115 604.1166 604.1205 604.124 604.1262 604.1279 604.13 604.1315 604.1333 604.1349 604.1353 604.1356 604.1371
-9999 -9999 -9999 604.3673 603.3314 602.4343 602.8126 602.7089 601.1664 601.1202 601.194 601.3148 601.6647 602.168 602.6504 603.0316 603.1979 603.3451 603.4927 603.6403 603.7875 603.9348 603.9869 603.9952 604.0025 604.0104 604.0171 604.0248 604.0311 604.0385 604.044 604.0496 604.0552 604.061 604.0648 604.069 604.0759 604.0802 604.0859 604.0914 604.0963 604.1012 604.1042 604.1058 604.1108 604.1157 604.1207 604.1208 604.1252 604.1296 604.1317 604.1331 604.1333 604.1371 604.1409 604.1429 604.1445 604.1465 604.1481 604.1498 604.152 604.1522 604.1521 604.1536
-9999 -9999 -9999 -9999 603.463 602.563 602.8684 602.7648 601.2557 601.2136 601.2874 601.4309 601.7935 602.2939 602.7762 603.2585 603.4916 603.6447 603.792 603.9399 603.9914 604.0001 604.0078 604.0154 604.023 604.0303 604.0374 604.0443 604.051 604.0576 604.0635 604.0688 604.0745 604.0803 604.0854 604.0872 604.094 604.0988 604.1044 604.1094 604.1144 604.1193 604.1235 604.1232 604.1282 604.1332 604.1381 604.1379 604.1423 604.1467 604.149 604.1511 604.15 604.1539 604.1577 604.1599 604.1614 604.163 604.1647 604.1664 604.1686 604.1691 604.1686 604.1701
-9999 -9999 -9999 -9999 603.5945 602.6917 602.9243 602.8206 601.3456 601.307 601.3808 601.5582 601.9224 602.4197 602.902 603.3843 603.769 603.9443 603.9965 604.0045 604.0125 604.0211 604.0286 604.0362 604.0435 604.0507 604.0576 604.0643 604.0707 604.0767 604.0832 604.0881 604.0938 604.0995 604.1052 604.1053 604.1122 604.1188 604.1224 604.1277 604.1324 604.1373 604.1422 604.1407 604.1456 604.1506 604.1556 604.1558 604.1595 604.1639 604.1663 604.1691 604.1668 604.1705 604.1744 604.1776 604.1789 604.1801 604.1813 604.1829 604.1852 604.1858 604.1851 604.1866
-9999 -9999 -9999 -9999 603.726 602.8204 602.9801 602.8764 601.4355 601.4004 601.4742 601.6855 602.0511 602.5455 603.0278 603.5102 603.9925 604.0096 604.0181 604.0259 604.034 604.0421 604.0494 604.0566 604.0643 604.0707 604.0778 604.0839 604.0905 604.0969 604.1026 604.108 604.1131 604.1188 604.1245 604.1243 604.1303 604.1372 604.1403 604.1453 604.1505 604.1554 604.1603 604.1597 604.1631 604.168 604.173 604.1744 604.1766 604.181 604.1835 604.1864 604.1849 604.1873 604.1911 604.1943 604.1962 604.1974 604.1986 604.1995 604.2017 604.2025 604.2016 604.2031
-9999 -9999 -9999 -9999 603.8575 602.9491 603.0359 602.9323 601.5255 601.4938 601.5676 601.8154 602.1799 602.6713 603.1536 603.636 604.0302 604.0314 604.0398 604.048 604.0554 604.063 604.0702 604.0778 604.0845 604.0907 604.0981 604.1036 604.1108 604.1161 604.1227 604.1273 604.1324 604.1381 604.1438 604.1448 604.1485 604.1554 604.1582 604.163 604.1685 604.1734 604.1783 604.1788 604.1805 604.1855 604.1904 604.193 604.1937 604.1981 604.2009 604.2037 604.203 604.2039 604.2078 604.2111 604.2129 604.214 604.2156 604.2164 604.2183 604.2192 604.2181 604.2196
-9999 -9999 -9999 -9999 603.9891 603.0778 603.0562 602.988 601.6155 601.5872 601.6609 601.951 602.3088 602.7971 603.2794 603.7618 604.0548 604.0532 604.0624 604.0696 604.0768 604.0839 604.0917 604.0988 604.1048 604.1118 604.118 604.1246 604.1303 604.136 604.1418 604.1465 604.1517 604.1573 604.1631 604.1653 604.1666 604.1735 604.1768 604.1824 604.1866 604.1915 604.1964 604.1981 604.1979 604.2029 604.2079 604.2115 604.2108 604.2152 604.2192 604.2209 604.2211 604.2206 604.2245 604.2279 604.2296 604.2306 604.2321 604.2332 604.2348 604.2359 604.2352 604.2361
-9999 -9999 -9999 -9999 604.1206 603.2064 603.0721 603.0439 601.7054 601.6806 601.7544 602.0868 602.4376 602.9229 603.4053 603.8876 604.0795 604.077 604.0842 604.0913 604.0982 604.105 604.1136 604.1196 604.1264 604.1323 604.139 604.1447 604.1501 604.1561 604.1609 604.1669 604.171 604.1766 604.1824 604.1859 604.1848 604.1917 604.1969 604.2004 604.2048 604.2095 604.2144 604.2173 604.2154 604.2203 604.2253 604.2303 604.2279 604.2323 604.2367 604.2382 604.2391 604.2373 604.2411 604.2448 604.2463 604.2471 604.2487 604.2498 604.2513 604.2526 604.2522 604.2526
-9999 -9999 -9999 -9999 604.2521 603.317 603.0881 603.0997 601.7953 601.774 601.8478 602.2031 602.5663 603.0487 603.5311 604.0134 604.1042 604.1016 604.106 604.113 604.1196 604.1276 604.1346 604.1404 604.1469 604.1536 604.1591 604.1649 604.1705 604.1758 604.1819 604.1863 604.191 604.1959 604.2017 604.2065 604.2042 604.2098 604.2167 604.2183 604.2227 604.2276 604.2325 604.2365 604.2342 604.2378 604.2427 604.2477 604.2466 604.2495 604.2538 604.2555 604.2573 604.2549 604.2579 604.2617 604.2632 604.2643 604.2651 604.2664 604.2679 604.2695 604.2694 604.2692
-9999 -9999 -9999 -9999 604.3837 603.3732 603.1041 603.1555 601.8853 601.8674 601.9581 602.2706 602.6922 603.1746 603.6569 604.1312 604.1289 604.1263 604.1278 604.1346 604.1428 604.149 604.1555 604.1611 604.1675 604.1739 604.1791 604.1859 604.1901 604.1968 604.2012 604.2064 604.2105 604.2152 604.2209 604.2266 604.2249 604.228 604.2349 604.2362 604.2403 604.2457 604.2505 604.2554 604.2534 604.2552 604.2602 604.2651 604.2651 604.2665 604.2709 604.2728 604.2752 604.2728 604.2745 604.2784 604.281 604.2817 604.2825 604.2831 604.2845 604.2866 604.2863 604.2856
-9999 -9999 -9999 -9999 604.5153 603.4793 603.1201 603.2114 601.9752 601.9608 602.0749 602.3381 602.818 603.3004 603.7827 604.156 604.1537 604.1511 604.1497 604.1587 604.1645 604.1704 604.1765 604.1827 604.1898 604.1942 604.2005 604.2058 604.2111 604.2163 604.2206 604.226 604.2297 604.2345 604.2402 604.2459 604.2454 604.2462 604.2531 604.2548 604.2601 604.2637 604.2686 604.2735 604.2725 604.2726 604.2776 604.2826 604.2836 604.2836 604.288 604.2901 604.2929 604.2911 604.2912 604.2951 604.2982 604.2994 604.2999 604.3004 604.301 604.3032 604.3034 604.3022
-9999 -9999 -9999 -9999 -9999 603.6108 603.136 603.2672 602.0652 602.0542 602.1917 602.4453 602.9438 603.4261 603.9085 604.1807 604.1784 604.1758 604.1735 604.1806 604.1862 604.1918 604.1975 604.2061 604.2106 604.2165 604.221 604.2265 604.2319 604.2359 604.2415 604.2451 604.2507 604.2538 604.2595 604.2652 604.2659 604.2643 604.2712 604.2749 604.2783 604.2817 604.2867 604.2916 604.2919 604.29 604.295 604.3 604.3024 604.3008 604.3052 604.3079 604.3102 604.309 604.3079 604.3118 604.315 604.3163 604.3167 604.3178 604.3176 604.3198 604.3202 604.3187
-9999 -9999 -9999 -9999 -9999 603.7424 603.152 603.323 602.1551 602.1476 602.2914 602.574 603.0696 603.552 604.0343 604.2054 604.2031 604.2005 604.1982 604.2024 604.2078 604.2132 604.2211 604.2271 604.2313 604.2371 604.2422 604.2474 604.252 604.257 604.2612 604.2662 604.27 604.2736 604.2787 604.2845 604.2866 604.2842 604.2894 604.295 604.2963 604.3 604.3047 604.3096 604.311 604.3087 604.3124 604.3174 604.3209 604.3186 604.3223 604.3262 604.3275 604.3271 604.3246 604.3284 604.3318 604.3329 604.3333 604.3343 604.3348 604.3363 604.3369 604.3352
-9999 -9999 -9999 -9999 -9999 603.8739 603.168 603.3788 602.2451 602.241 602.3679 602.7028 603.1954 603.6778 604.1602 604.23 604.2278 604.2252 604.2229 604.2242 604.2295 604.2372 604.2427 604.2481 604.2521 604.2575 604.2632 604.2675 604.2736 604.2766 604.2821 604.2862 604.2899 604.2938 604.298 604.3038 604.3071 604.3049 604.3076 604.3145 604.3141 604.3177 604.3228 604.3277 604.3303 604.3279 604.3299 604.3348 604.3397 604.3372 604.3394 604.3438 604.3448 604.3451 604.3429 604.3452 604.3487 604.3496 604.3498 604.3508 604.3514 604.3529 604.3536 604.3524
-9999 -9999 -9999 -9999 -9999 604.0054 603.184 603.4346 602.335 602.3344 602.4443 602.8317 603.3213 603.8036 604.257 604.2548 604.2526 604.2498 604.2476 604.246 604.2538 604.2593 604.264 604.269 604.2738 604.2805 604.2834 604.2892 604.2935 604.2975 604.3023 604.3055 604.3102 604.313 604.3173 604.3231 604.3276 604.3253 604.3257 604.3326 604.3329 604.3373 604.3408 604.3457 604.3495 604.3472 604.3474 604.3523 604.3572 604.3559 604.3565 604.3609 604.3621 604.3633 604.3608 604.3618 604.3657 604.3666 604.3672 604.3673 604.368 604.3694 604.3703 604.3691
