samples/sfe_82/sfe_82_c1/sfe_82_c1/sfe_82_c1.asc
ncols         243
nrows         113
xllcorner     94.199999999255
yllcorner     60.60000000149
cellsize      0.7
NODATA_value  -9999
[rows 28 to 55 of 113, columns 0 to 63 of 243]
-9999 -9999 604.2916 604.2724 604.2559 604.2391 604.2222 604.2059 604.1891 604.1722 604.1555 604.1391 604.1222 604.1059 604.0891 604.0735 604.0588 604.0434 604.0305 604.0158 604.0011 603.9845 603.9664 603.9482 603.8925 603.7413 603.6011 603.4955 603.3734 603.2255 603.1066 602.9813 602.8494 602.7498 602.6204 602.4733 602.3678 602.2587 602.1478 602.0463 601.8984 601.7815 601.3832 601.0745 600.4518 600.1063 600.0445 599.9733 599.912 599.892 599.8843 599.881 599.8837 599.8928 599.9008 599.9155 599.9227 599.9355 599.951 599.957 599.965 599.9815 599.9975 599.997
-9999 -9999 604.2618 604.2434 604.2269 604.2103 604.1935 604.1771 604.1604 604.1434 604.1268 604.1103 604.0935 604.077 604.0604 604.0444 604.0293 604.0119 603.999 603.9843 603.9695 603.953 603.8557 603.726 603.5945 603.4436 603.2921 603.1852 603.0754 602.9242 602.8038 602.6893 602.5408 602.449 602.324 602.18 602.0575 601.9517 601.8458 601.7858 601.1195 600.6982 600.307 600.119 600.0175 599.9535 599.9228 599.9012 599.8835 599.8825 599.889 599.9065 599.9277 599.9453 599.957 599.9715 599.9845 600.001 600.0187 600.0372 600.047 600.0588 600.071 600.0812
-9999 -9999 604.2319 604.2146 604.198 604.1816 604.1647 604.1483 604.1317 604.1146 604.0981 604.0815 604.0648 604.0482 604.0317 604.0153 603.999 603.9824 603.9674 603.9564 603.8602 603.7115 603.5635 603.4157 603.2966 603.1459 602.9944 602.875 602.7695 602.6265 602.4994 602.3857 602.249 602.132 602.0316 601.8883 601.7045 601.2842 600.7842 600.285 600.1927 600.0958 599.9907 599.9543 599.9245 599.9025 599.8887 599.8905 599.898 599.9065 599.9188 599.9512 599.9833 600.019 600.034 600.046 600.0565 600.0753 600.094 600.1145 600.131 600.1382 600.153 600.1738
-9999 -9999 604.2028 604.186 604.1691 604.1528 604.136 604.1195 604.1028 604.0859 604.0695 604.0527 604.0361 604.0193 604.0031 603.9861 603.9699 603.96 603.8477 603.7065 603.5681 603.42 603.2717 603.1236 602.9987 602.848 602.6967 602.5648 602.4591 602.3285 602.1892 602.0797 601.9572 601.8148 601.6302 600.9675 600.4815 600.3113 600.1873 600.069 600.013 599.9725 599.9238 599.9042 599.8965 599.8953 599.8962 599.9122 599.936 599.9572 599.9667 600.005 600.0482 600.0837 600.116 600.123 600.1473 600.1588 600.1755 600.1968 600.2142 600.2297 600.2372 600.2587
-9999 -9999 604.1742 604.1573 604.1403 604.1239 604.1072 604.0907 604.0741 604.0571 604.0408 604.0238 604.0073 603.9905 603.9743 603.965 603.8243 603.6729 603.5372 603.403 603.2507 603.1281 602.9797 602.8316 602.6896 602.55 602.399 602.2546 602.1489 602.0304 601.8796 601.7255 601.4083 600.743 600.452 600.3373 600.1827 600.0915 600.033 599.9683 599.936 599.9175 599.9015 599.897 599.9035 599.916 599.936 599.9518 599.985 600.0145 600.046 600.068 600.116 600.1597 600.197 600.2188 600.2365 600.256 600.26 600.282 600.2982 600.3082 600.3242 600.3463
-9999 604.1647 604.1454 604.1286 604.1116 604.095 604.0785 604.062 604.0453 604.0283 604.0121 603.995 603.9786 603.9692 603.8288 603.6781 603.5267 603.3753 603.2267 603.099 602.9446 602.8359 602.688 602.5399 602.3915 602.2521 602.1013 601.9498 601.8387 601.5895 601.0527 600.649 600.4873 600.3203 600.1925 600.1193 600.042 599.9855 599.9517 599.9213 599.9083 599.9028 599.9088 599.9165 599.931 599.953 599.9843 600.002 600.0438 600.081 600.113 600.153 600.1887 600.237 600.2787 600.3044 600.3207 600.3408 600.3647 600.3748 600.3917 600.3997 600.4268 600.4345
-9999 604.1349 604.1165 604.0999 604.0829 604.0662 604.0498 604.0331 604.0166 603.9995 603.9833 603.9426 603.8088 603.6824 603.531 603.3802 603.2291 603.0778 602.9263 602.7906 602.641 602.5279 602.396 602.2479 602.0997 601.9542 601.814 601.4423 600.9597 600.6282 600.5112 600.316 600.218 600.1453 600.0575 600.0067 599.9623 599.934 599.917 599.9105 599.9092 599.9142 599.934 599.9507 599.973 600.0035 600.0415 600.082 600.111 600.1398 600.1875 600.2292 600.2733 600.3165 600.3615 600.3922 600.409 600.4255 600.4498 600.4583 600.4807 600.5042 600.5233 600.5315
-9999 604.1051 604.0875 604.0712 604.0542 604.0373 604.0211 604.0043 603.9878 603.9471 603.7985 603.6506 603.5021 603.3848 603.2334 603.0823 602.9316 602.7802 602.6288 602.4801 602.337 602.2078 602.1038 601.956 601.8185 601.3682 601.037 600.7012 600.4922 600.3425 600.2712 600.1555 600.0657 600.0265 599.9798 599.9475 599.9257 599.9155 599.91 599.9175 599.9307 599.9432 599.965 599.9973 600.028 600.0612 600.1038 600.1337 600.169 600.2117 600.2635 600.3098 600.3538 600.399 600.4445 600.4815 600.5048 600.5282 600.5405 600.5715 600.575 600.5936 600.612 600.6175
-9999 604.0756 604.0587 604.0424 604.0255 604.0084 603.9923 603.9515 603.8033 603.6549 603.5071 603.3586 603.2108 603.0836 602.9359 602.7844 602.6337 602.4826 602.3312 602.1798 602.033 601.8877 601.8223 601.3998 600.885 600.6832 600.5825 600.3625 600.29 600.167 600.1065 600.0533 599.9962 599.9641 599.938 599.9233 599.9163 599.921 599.93 599.9407 599.9667 599.987 600.0135 600.0595 600.0917 600.1282 600.1718 600.2192 600.263 600.3045 600.3442 600.3925 600.4375 600.4827 600.5285 600.5721 600.5905 600.6185 600.6373 600.6585 600.6627 600.6862 600.7097 600.7175
-9999 604.047 604.03 604.0134 603.9968 603.9561 603.8073 603.6596 603.5116 603.3629 603.215 603.0668 602.9188 602.7733 602.6382 602.4869 602.3357 602.185 602.0336 601.8822 601.6658 601.304 600.9788 600.7793 600.591 600.4343 600.3275 600.235 600.1375 600.0668 600.022 599.9828 599.9523 599.9288 599.9232 599.9227 599.9245 599.9457 599.9575 599.9822 600.0105 600.047 600.0718 600.1262 600.1613 600.1962 600.2435 600.2955 600.3428 600.388 600.4325 600.4775 600.5233 600.5701 600.6143 600.659 600.6868 600.71 600.727 600.7482 600.7733 600.7775 600.8007 600.8242
604.0378 604.0184 604.0013 603.9606 603.8124 603.6641 603.5159 603.3676 603.2195 603.0714 602.9228 602.775 602.6268 602.4791 602.3407 602.1893 602.0379 601.8871 601.7825 601.3677 601.0167 600.831 600.6375 600.5008 600.369 600.2678 600.1785 600.091 600.037 600.002 599.9645 599.9435 599.9315 599.9255 599.9305 599.9423 599.9612 599.9815 600.0018 600.0392 600.0687 600.112 600.1558 600.1995 600.2363 600.275 600.3168 600.3767 600.4285 600.4677 600.5197 600.57 600.61 600.6583 600.7007 600.7502 600.778 600.8015 600.8247 600.838 600.865 600.8945 600.8928 600.9162
604.0081 603.9651 603.8173 603.6686 603.5206 603.3721 603.2239 603.0756 602.9278 602.7795 602.631 602.4828 602.335 602.187 602.0431 601.8917 601.7643 601.459 601.0998 600.9092 600.6555 600.5747 600.421 600.308 600.21 600.135 600.0652 600.0253 599.982 599.9595 599.9407 599.9308 599.9302 599.9395 599.9562 599.9717 600.0017 600.0208 600.068 600.1068 600.1403 600.18 600.2322 600.2635 600.3127 600.3668 600.4088 600.4592 600.517 600.5632 600.609 600.6595 600.6995 600.7443 600.7958 600.837 600.8694 600.8932 600.9167 600.9402 600.9612 600.9865 600.9845 601.008
603.8604 603.6746 603.5251 603.3768 603.2285 603.0804 602.9321 602.784 602.6358 602.4875 602.3394 602.1909 602.0428 601.895 601.6752 601.4052 601.235 600.9363 600.6843 600.6252 600.4495 600.346 600.2663 600.1763 600.118 600.055 600.001 599.9758 599.95 599.9377 599.9352 599.9375 599.9498 599.9647 599.9901 600.0165 600.0538 600.0877 600.1212 600.1608 600.2127 600.256 600.307 600.3547 600.4033 600.4555 600.516 600.5463 600.605 600.655 600.703 600.7482 600.808 600.8337 600.8798 600.9222 600.96 600.9845 601.0107 601.0313 601.055 601.0717 601.0887 601.0995
603.6605 603.399 603.2333 603.0851 602.9368 602.7885 602.6403 602.4918 602.3438 602.196 602.0474 601.8992 601.734 601.4092 601.226 600.9907 600.7935 600.6678 600.527 600.4197 600.316 600.2037 600.146 600.0748 600.0242 600.002 599.963 599.949 599.9407 599.938 599.9448 599.9604 599.975 600.0052 600.0423 600.073 600.1027 600.1572 600.1923 600.2455 600.2943 600.337 600.395 600.4467 600.4935 600.5405 600.6107 600.658 600.7025 600.7517 600.802 600.8458 600.8953 600.9523 600.9752 601.0157 601.0612 601.0815 601.1065 601.1252 601.1467 601.1635 601.1844 601.1905
603.7921 603.1138 602.9413 602.793 602.6448 602.4966 602.3484 602.2002 602.0519 601.904 601.714 601.4935 601.23 601.068 600.8577 600.7255 600.577 600.4715 600.359 600.2847 600.196 600.112 600.0625 600.014 599.9805 599.9615 599.948 599.942 599.947 599.9567 599.9767 599.9967 600.025 600.0588 600.0862 600.1385 600.1718 600.2288 600.2671 600.3275 600.3807 600.4258 600.48 600.5427 600.5853 600.636 600.702 600.754 600.7888 600.841 600.8857 600.937 600.9863 601.0392 601.0735 601.105 601.1465 601.1745 601.2042 601.2165 601.2385 601.2615 601.278 601.2822
603.9236 602.8877 602.6618 602.5015 602.353 602.205 602.0563 601.9085 601.7648 601.502 601.351 601.1257 600.9437 600.8158 600.6693 600.543 600.4115 600.3143 600.2255 600.1578 600.09 600.0502 600.0058 599.9822 599.9618 599.9487 599.9495 599.9537 599.9675 599.9897 600.0098 600.0493 600.0737 600.1097 600.1642 600.2125 600.2553 600.3107 600.3595 600.4095 600.4685 600.5167 600.568 600.6328 600.6848 600.7327 600.7903 600.8538 600.8882 600.9398 600.983 601.034 601.0725 601.131 601.1757 601.1957 601.233 601.2742 601.3015 601.3125 601.3295 601.3532 601.3715 601.3963
604.0552 603.0192 602.3672 602.2095 602.061 601.913 601.7512 601.5753 601.3577 601.2285 601.052 600.8738 600.7228 600.612 600.4895 600.348 600.2905 600.1945 600.1453 600.0803 600.0338 600.0005 599.975 599.96 599.9532 599.9548 599.9628 599.983 599.9992 600.027 600.069 600.1072 600.1522 600.1886 600.242 600.2925 600.3383 600.3882 600.4512 600.4975 600.554 600.6165 600.6662 600.7263 600.7845 600.8354 600.8902 600.9457 600.9975 601.0465 601.0833 601.124 601.167 601.2183 601.2692 601.3094 601.3355 601.3627 601.393 601.4225 601.4202 601.4482 601.4665 601.4835
-9999 603.1508 602.1336 601.9186 601.7943 601.587 601.4388 601.2733 601.0992 600.962 600.767 600.6558 600.5515 600.4255 600.3392 600.2585 600.187 600.1277 600.0682 600.0288 599.986 599.9702 599.9608 599.9537 599.9615 599.9715 599.9885 600.022 600.051 600.093 600.1218 600.1638 600.212 600.2753 600.318 600.382 600.4297 600.483 600.5485 600.6055 600.667 600.7283 600.7778 600.8312 600.8915 600.948 600.989 601.0592 601.102 601.1443 601.1987 601.23 601.2712 601.316 601.3597 601.401 601.4272 601.4522 601.4837 601.5135 601.5107 601.5342 601.5568 601.5803
-9999 603.2823 602.2464 601.6497 601.4767 601.3572 601.1957 601.06 600.8702 600.7418 600.6168 600.4777 600.4133 600.3032 600.245 600.1592 600.0955 600.0538 600.0018 599.985 599.9677 599.9603 599.963 599.9682 599.9845 600.013 600.0315 600.0665 600.107 600.143 600.1943 600.2305 600.2887 600.3602 600.401 600.471 600.528 600.585 600.6525 600.7092 600.7507 600.8118 600.8755 600.9325 600.995 601.0465 601.0892 601.153 601.2072 601.2493 601.2997 601.3503 601.3798 601.4067 601.446 601.4952 601.5265 601.5352 601.5665 601.5995 601.6143 601.6295 601.6565 601.687
-9999 603.4138 602.3779 601.7817 601.2413 601.124 600.9175 600.8055 600.6733 600.579 600.4667 600.376 600.2838 600.209 600.1505 600.0845 600.0355 600.0078 599.9843 599.9685 599.965 599.9675 599.978 600 600.028 600.0545 600.0905 600.1243 600.1737 600.2117 600.2708 600.3459 600.3817 600.4418 600.5052 600.567 600.6373 600.6827 600.7562 600.822 600.87 600.9425 601.0167 601.053 601.1085 601.1677 601.2012 601.2578 601.314 601.356 601.3937 601.4385 601.4943 601.5148 601.5535 601.591 601.6194 601.6465 601.6758 601.7035 601.7337 601.7507 601.7936 601.8557
-9999 603.5453 602.5095 601.6878 601.2438 600.905 600.7755 600.6208 600.5495 600.4272 600.3622 600.2673 600.1948 600.1268 600.0573 600.0305 599.9993 599.9818 599.9722 599.968 599.9738 599.9907 600.006 600.0407 600.0717 600.1095 600.1572 600.1968 600.245 600.3005 600.3645 600.4232 600.4808 600.5433 600.6188 600.669 600.7482 600.7993 600.8738 600.9295 601.004 601.0612 601.1065 601.1795 601.232 601.2833 601.343 601.3682 601.4263 601.4665 601.5052 601.5502 601.593 601.6332 601.6608 601.7045 601.7375 601.7473 601.8028 601.8972 601.9718 602.0487 602.1132 602.1781
-9999 603.6769 602.641 601.8165 600.9617 600.7125 600.6093 600.5097 600.4167 600.31 600.248 600.1818 600.1027 600.0638 600.0265 600.0002 599.984 599.9717 599.9737 599.9838 599.9982 600.0217 600.0518 600.082 600.126 600.1617 600.232 600.2892 600.347 600.4015 600.44 600.5233 600.602 600.6497 600.7265 600.7913 600.8627 600.9247 600.9665 601.0515 601.1285 601.1547 601.2282 601.3069 601.3425 601.3958 601.4605 601.4903 601.5445 601.5855 601.622 601.657 601.7042 601.74 601.785 601.8701 601.9571 602.0193 602.1146 602.2152 602.2914 602.3634 602.4328 602.5005
-9999 603.8085 602.7725 601.9452 601.1507 600.5665 600.49 600.373 600.2813 600.215 600.1425 600.0947 600.0488 600.0212 599.9977 599.9835 599.9772 599.981 599.989 600.0152 600.038 600.0703 600.1105 600.1437 600.2145 600.2678 600.307 600.3802 600.4258 600.5125 600.5858 600.6345 600.7125 600.7717 600.833 600.907 600.9608 601.0563 601.1145 601.18 601.2507 601.3102 601.3557 601.4272 601.4772 601.5233 601.5765 601.6293 601.66 601.711 601.749 601.7814 601.9028 601.979 602.0999 602.1817 602.2796 602.3413 602.4263 602.5272 602.6108 602.6781 602.7524 602.8193
-9999 603.94 602.9041 602.0739 601.1667 601.5038 600.3598 600.2643 600.1898 600.139 600.0872 600.0463 600.02 599.993 599.9847 599.9818 599.9882 600.0048 600.0218 600.0582 600.0957 600.1315 600.185 600.237 600.2905 600.3605 600.4125 600.4777 600.5347 600.6207 600.6978 600.7592 600.8262 600.8978 600.9565 601.0395 601.1185 601.179 601.2537 601.2825 601.3605 601.4435 601.4765 601.5383 601.5965 601.6445 601.6923 601.7438 601.7835 601.8851 601.9991 602.0967 602.203 602.2941 602.4071 602.4933 602.5949 602.6638 602.7408 602.8391 602.9292 602.9929 603.0693 603.1375
-9999 604.0715 603.0356 602.1361 601.1827 601.9114 600.6617 600.1783 600.1175 600.0787 600.0413 600.0168 599.9968 599.9863 599.9847 599.9987 600.012 600.038 600.0707 600.1013 600.1645 600.2075 600.269 600.3148 600.3824 600.4448 600.5193 600.5883 600.6547 600.7155 600.8228 600.889 600.9532 601.035 601.0875 601.1567 601.2588 601.318 601.3903 601.4535 601.5085 601.5712 601.6223 601.6705 601.7377 601.7733 601.8827 601.9909 602.0953 602.1969 602.2985 602.4121 602.5008 602.6092 602.7035 602.8065 602.9066 602.9863 603.0623 603.1511 603.2476 603.3117 603.3841 603.4557
-9999 -9999 603.1671 602.1924 601.2889 601.9516 600.5665 600.1194 600.0745 600.031 600.0132 599.9948 599.9877 599.995 600.0029 600.029 600.058 600.086 600.1353 600.1747 600.2322 600.3005 600.3422 600.4215 600.4742 600.5555 600.6415 600.7032 600.7852 600.8472 600.9277 601.0302 601.082 601.1678 601.2402 601.3237 601.3725 601.4645 601.5112 601.5977 601.6337 601.7012 601.7495 601.8276 601.968 602.0441 602.1766 602.2985 602.4071 602.5087 602.6103 602.7275 602.813 602.9243 603.0156 603.1213 603.2182 603.3088 603.3837 603.4628 603.5634 603.6314 603.6989 603.7739
-9999 -9999 603.2986 602.2628 601.4176 601.9676 601.9194 600.069 600.034 600.0073 599.9948 599.995 599.999 600.0157 600.0388 600.0635 600.1175 600.155 600.2125 600.2552 600.319 600.3805 600.4408 600.52 600.6105 600.6818 600.767 600.8317 600.9202 601.0272 601.0805 601.1458 601.2305 601.3312 601.3815 601.442 601.525 601.6152 601.6695 601.724 601.803 601.8896 601.9913 602.1271 602.2651 602.3594 602.4698 602.6061 602.7178 602.8205 602.9221 603.0237 603.1249 603.2276 603.3275 603.4316 603.5298 603.6314 603.7056 603.7838 603.8754 603.8875 603.8879 603.8892
-9999 -9999 603.4302 602.3943 601.5463 601.9836 601.9752 601.7178 600.0055 599.999 599.997 600.011 600.0308 600.0532 600.0908 600.1325 600.1785 600.2418 600.2897 600.3643 600.437 600.5107 600.5728 600.6707 600.7563 600.824 600.904 600.978 601.0693 601.1465 601.2362 601.3187 601.3907 601.4553 601.5773 601.6127 601.6898 601.7487 601.808 601.93 602.0652 602.2015 602.3032 602.4267 602.5656 602.6747 602.7686 602.9077 603.0222 603.1323 603.2339 603.3354 603.4368 603.538 603.6392 603.7403 603.8415 603.898 603.8994 603.9002 603.9014 603.903 603.9043 603.9056
