samples/sfe_82/sfe_82_c1/sfe_82_c1/sfe_82_c1.asc
ncols         243
nrows         113
xllcorner     94.199999999255
yllcorner     60.60000000149
cellsize      0.7
NODATA_value  -9999
[rows 0 to 27 of 113, columns 64 to 127 of 243]
604.8655 604.863 604.8605 604.8582 604.8562 604.8538 604.8513 604.8488 604.8463 604.8447 604.8422 604.8397 604.8372 604.835 604.833 604.8307 604.8282 604.8257 604.8232 604.821 604.819 604.8168 604.8142 604.812 604.8101 604.8079 604.8054 604.8029 604.8004 604.7982 604.7963 604.7941 604.7916 604.7891 604.7867 604.7844 604.7825 604.7802 604.7778 604.7757 604.7737 604.7715 604.769 604.7665 604.7641 604.7619 604.76 604.7578 604.7552 604.7529 604.7504 604.749 604.7465 604.744 604.7416 604.7395 604.7375 604.7352 604.7329 604.7303 604.7278 604.7258 604.7238 604.7216
604.7992 604.7966 604.7941 604.7904 604.7886 604.7849 604.7825 604.7799 604.7775 604.7754 604.7722 604.7696 604.7671 604.7649 604.7629 604.7607 604.7582 604.7557 604.7533 604.751 604.7491 604.7469 604.7444 604.7424 604.7417 604.7394 604.7369 604.7344 604.7327 604.7313 604.7294 604.7283 604.7259 604.7233 604.7222 604.7203 604.7194 604.7169 604.7158 604.7149 604.7129 604.7115 604.7102 604.7076 604.7064 604.7045 604.7043 604.7017 604.7012 604.6987 604.6965 604.6965 604.6948 604.6923 604.691 604.6904 604.6882 604.6858 604.6855 604.6829 604.6809 604.6807 604.6784 604.6771
604.7328 604.7303 604.7277 604.7229 604.7209 604.7157 604.7137 604.7111 604.7087 604.7065 604.7021 604.6995 604.697 604.6948 604.6929 604.6906 604.6882 604.6857 604.6834 604.6812 604.6793 604.6771 604.6745 604.6727 604.6733 604.671 604.6685 604.666 604.6657 604.6644 604.6622 604.6627 604.6602 604.6581 604.658 604.6566 604.6562 604.6537 604.6539 604.6541 604.6518 604.6515 604.6514 604.6496 604.6489 604.6467 604.6484 604.6458 604.6471 604.6447 604.6434 604.6439 604.643 604.6409 604.6405 604.6412 604.6386 604.6395 604.638 604.6359 604.6337 604.6354 604.6328 604.6328
604.6661 604.6639 604.6612 604.6554 604.6533 604.6473 604.6448 604.6422 604.6398 604.6377 604.632 604.6293 604.6268 604.6246 604.6228 604.6205 604.6182 604.6157 604.6135 604.6112 604.6094 604.6072 604.6047 604.6028 604.6049 604.6026 604.6001 604.5977 604.5988 604.5975 604.5952 604.5969 604.5944 604.5938 604.5938 604.5934 604.593 604.5909 604.5922 604.5933 604.5908 604.5915 604.5925 604.5924 604.5913 604.5899 604.5924 604.5898 604.593 604.5909 604.5912 604.5913 604.5913 604.5903 604.5894 604.5917 604.5891 604.5932 604.5907 604.5888 604.5875 604.5899 604.5872 604.5892
604.5999 604.5975 604.5948 604.5879 604.5856 604.5797 604.5759 604.5732 604.571 604.5689 604.5616 604.5591 604.5566 604.5545 604.5527 604.5505 604.5483 604.5458 604.5435 604.5413 604.5395 604.5374 604.5349 604.5327 604.5364 604.5342 604.5317 604.5295 604.5318 604.5306 604.528 604.5313 604.5287 604.5294 604.5295 604.5302 604.5297 604.5289 604.53 604.5325 604.5297 604.5315 604.5336 604.5353 604.5334 604.5348 604.5365 604.5343 604.5388 604.5369 604.5378 604.5389 604.5399 604.5411 604.5407 604.5422 604.5399 604.5459 604.5437 604.5413 604.5441 604.5443 604.5424 604.5468
604.5349 604.5312 604.5284 604.5204 604.5179 604.5121 604.5069 604.5043 604.5022 604.5001 604.4913 604.489 604.4865 604.4844 604.4827 604.4804 604.4783 604.4758 604.4736 604.4714 604.4696 604.4675 604.465 604.4628 604.4679 604.4658 604.4634 604.4614 604.4648 604.4637 604.4614 604.4655 604.4631 604.4651 604.4652 604.467 604.4665 604.4676 604.4679 604.4716 604.4689 604.4719 604.475 604.4777 604.4755 604.4778 604.4805 604.4785 604.4848 604.4826 604.4863 604.4869 604.4885 604.4901 604.4913 604.4927 604.4907 604.4985 604.4965 604.4938 604.5007 604.499 604.5004 604.5035
604.4698 604.4648 604.462 604.4527 604.4503 604.4446 604.4379 604.4354 604.4333 604.4312 604.4213 604.4189 604.4164 604.4144 604.4126 604.4103 604.4083 604.4058 604.4037 604.4014 604.3997 604.3976 604.3953 604.3935 604.3994 604.3973 604.395 604.3929 604.3978 604.3967 604.3958 604.3998 604.3976 604.4007 604.4007 604.4039 604.4032 604.4062 604.4057 604.4105 604.4088 604.4129 604.4165 604.4201 604.4175 604.4222 604.4247 604.4243 604.431 604.4284 604.4352 604.4362 604.4366 604.4391 604.4416 604.4435 604.4424 604.4512 604.4491 604.4469 604.456 604.4539 604.4585 604.4597
604.4048 604.3983 604.3957 604.385 604.3827 604.377 604.369 604.3665 604.3645 604.3624 604.3513 604.3488 604.3463 604.3443 604.3425 604.3403 604.3383 604.3358 604.3337 604.3315 604.3297 604.3278 604.3255 604.3251 604.3309 604.3289 604.3267 604.3245 604.3309 604.3297 604.3301 604.3341 604.3322 604.3364 604.3362 604.3406 604.34 604.3448 604.3445 604.3495 604.3501 604.3547 604.3577 604.3624 604.3601 604.3672 604.3692 604.3719 604.377 604.3746 604.384 604.3856 604.3848 604.3883 604.3935 604.3943 604.3961 604.4041 604.4016 604.3995 604.4105 604.4083 604.4141 604.4159
604.3398 604.3317 604.3293 604.3187 604.3151 604.3094 604.3002 604.2976 604.2957 604.2936 604.2817 604.2786 604.2761 604.2742 604.2724 604.2702 604.2682 604.2657 604.2638 604.2616 604.2598 604.2579 604.2557 604.2567 604.2625 604.2605 604.2583 604.2563 604.2639 604.2626 604.2645 604.2684 604.2664 604.272 604.2717 604.2775 604.277 604.2834 604.284 604.2886 604.2915 604.2966 604.2988 604.3047 604.3022 604.3122 604.3132 604.3189 604.3228 604.3233 604.3318 604.335 604.3334 604.3376 604.3455 604.3448 604.3498 604.357 604.3545 604.3561 604.3655 604.3629 604.3697 604.3732
604.2747 604.2653 604.2629 604.2523 604.2474 604.2418 604.2314 604.2287 604.2269 604.2247 604.2129 604.2085 604.206 604.2041 604.2023 604.2001 604.1982 604.1957 604.1939 604.1917 604.1899 604.188 604.1859 604.1882 604.194 604.1921 604.1899 604.1894 604.197 604.1956 604.1988 604.2027 604.2006 604.2076 604.2075 604.2143 604.2139 604.222 604.2235 604.2277 604.2328 604.2385 604.2401 604.2468 604.2474 604.2571 604.2573 604.2655 604.2686 604.2724 604.2795 604.2841 604.284 604.2881 604.2974 604.2954 604.3035 604.3096 604.3073 604.3127 604.3201 604.3195 604.3273 604.332
604.2097 604.199 604.1966 604.1859 604.1797 604.1743 604.1626 604.1598 604.158 604.1559 604.144 604.1384 604.1359 604.134 604.1323 604.1301 604.1282 604.1257 604.124 604.1217 604.1199 604.1182 604.116 604.1198 604.1255 604.1237 604.1216 604.1224 604.1299 604.1286 604.1332 604.137 604.136 604.1432 604.144 604.1511 604.1508 604.1601 604.163 604.167 604.1742 604.1803 604.1829 604.189 604.193 604.2021 604.2017 604.2122 604.2146 604.2208 604.227 604.2324 604.2355 604.2404 604.2485 604.2462 604.2571 604.2622 604.2597 604.2693 604.2745 604.2777 604.2858 604.2905
604.1447 604.1326 604.1302 604.1196 604.1121 604.1066 604.095 604.0909 604.0892 604.087 604.0753 604.0682 604.0657 604.064 604.0622 604.06 604.0582 604.0557 604.054 604.0518 604.05 604.0483 604.046 604.0514 604.0569 604.0552 604.0533 604.0554 604.063 604.0618 604.0675 604.0713 604.0717 604.0789 604.0809 604.0879 604.0891 604.098 604.1025 604.106 604.1152 604.1221 604.1257 604.1312 604.1385 604.1471 604.147 604.1588 604.1606 604.1682 604.1744 604.1806 604.1869 604.1926 604.1992 604.199 604.2108 604.2148 604.2126 604.226 604.2294 604.236 604.2438 604.2477
604.0797 604.0671 604.0638 604.0532 604.0445 604.0391 604.0275 604.0221 604.0203 604.0182 604.0064 603.998 603.9955 603.9939 603.9921 603.9899 603.9883 603.9858 603.9841 603.9819 603.9801 603.9785 603.9763 603.983 603.9885 603.9868 603.9849 603.9885 603.996 603.9947 604.0019 604.0056 604.0073 604.0145 604.0176 604.0247 604.0276 604.0358 604.042 604.0451 604.0552 604.064 604.0685 604.0735 604.0825 604.092 604.0945 604.1053 604.1064 604.1171 604.1228 604.1292 604.1365 604.1429 604.1497 604.1527 604.1645 604.1678 604.1682 604.1826 604.1839 604.1943 604.2003 604.2044
604.0146 604.002 603.9974 603.9868 603.9769 603.9715 603.9598 603.9532 603.9515 603.9494 603.9376 603.9279 603.9254 603.9238 603.9221 603.9199 603.9183 603.9158 603.9142 603.9119 603.9102 603.9086 603.9067 603.9146 603.92 603.9184 603.9166 603.9215 603.9291 603.9289 603.9362 603.94 603.943 603.9501 603.9545 603.9615 603.9662 603.9739 603.9815 603.9862 603.9956 604.0059 604.0114 604.0157 604.0274 604.0364 604.0421 604.052 604.0541 604.0659 604.0722 604.0774 604.0857 604.0948 604.1005 604.1064 604.1182 604.1203 604.1248 604.1393 604.1387 604.1511 604.1565 604.1614
603.9496 603.937 603.9311 603.9205 603.9093 603.9039 603.8923 603.8844 603.8827 603.8806 603.8687 603.8578 603.8553 603.8538 603.852 603.8498 603.8483 603.8458 603.8442 603.842 603.8403 603.8387 603.8383 603.8461 603.8515 603.85 603.8482 603.8546 603.8621 603.8632 603.8706 603.8743 603.8786 603.8858 603.8913 603.8983 603.9049 603.9127 603.921 603.9276 603.9375 603.9477 603.9542 603.9594 603.9724 603.9805 603.9896 603.9986 604.0032 604.0147 604.0217 604.0262 604.0356 604.0468 604.051 604.0601 604.0718 604.0732 604.0814 604.0955 604.0969 604.1071 604.1147 604.1203
603.8845 603.8719 603.8647 603.8583 603.8565 603.7985 603.7827 603.7432 603.6862 603.6845 603.682 603.6653 603.6004 603.5944 603.5816 603.5797 603.5782 603.5757 603.5742 603.5722 603.5807 603.601 603.6588 603.6573 603.6549 603.6621 603.7233 603.7422 603.7731 603.8077 603.806 603.8087 603.8143 603.8214 603.8281 603.8351 603.8435 603.8522 603.8605 603.869 603.8793 603.8895 603.8971 603.905 603.9173 603.9247 603.9366 603.9452 603.9523 603.9635 603.9711 603.9777 603.9878 603.9987 604.002 604.0137 604.0255 604.0258 604.038 604.0502 604.0551 604.0656 604.0735 604.0798
603.7157 603.6533 603.6048 603.5566 603.5441 603.4772 603.4583 603.4297 603.3649 603.3601 603.3576 603.3544 603.2894 603.2835 603.2678 603.2551 603.2537 603.2512 603.2496 603.2476 603.2695 603.29 603.3341 603.3326 603.3301 603.3457 603.4069 603.4174 603.4511 603.5062 603.5051 603.5668 603.5934 603.6528 603.6822 603.7408 603.7945 603.7923 603.8 603.8103 603.8212 603.831 603.8399 603.8505 603.8622 603.8696 603.8832 603.8918 603.9014 603.9124 603.9205 603.9291 603.94 603.9506 603.9556 603.9674 603.9792 603.9802 603.9947 604.0048 604.0134 604.024 604.0323 604.0392
603.3914 603.329 603.2859 603.2324 603.2224 603.1558 603.1339 603.116 603.0515 603.0356 603.0331 603.0317 602.9785 602.9726 602.9569 602.9305 602.9291 602.9266 602.925 602.9294 602.9583 602.9789 603.0094 603.0079 603.0056 603.0292 603.0905 603.0927 603.1291 603.1815 603.1857 603.2474 603.2685 603.3308 603.3573 603.4188 603.4787 603.5374 603.5878 603.6563 603.7313 603.7845 603.7827 603.7961 603.8073 603.8171 603.8298 603.8384 603.8503 603.8611 603.87 603.8806 603.8922 603.9025 603.9093 603.9211 603.9329 603.9368 603.9513 603.9594 603.9716 603.9825 603.9912 603.9982
603.0671 603.0047 602.967 602.9081 602.9007 602.8344 602.8094 602.8023 602.738 602.7112 602.7087 602.7072 602.6676 602.6617 602.6461 602.606 602.6044 602.6019 602.6005 602.6183 602.6471 602.6678 602.6846 602.6832 602.681 602.7128 602.77 602.7679 602.8071 602.8567 602.8663 602.9283 602.9465 603.0088 603.0345 603.0967 603.1538 603.2123 603.2656 603.3348 603.4091 603.4715 603.5344 603.6179 603.696 603.762 603.7765 603.785 603.799 603.81 603.8195 603.832 603.8444 603.8544 603.863 603.8748 603.8862 603.8934 603.9079 603.916 603.9299 603.9407 603.9483 603.9557
602.7429 602.6804 602.6483 602.5838 602.579 602.5131 602.485 602.4832 602.4244 602.3868 602.3843 602.3828 602.3567 602.3508 602.3351 602.2811 602.2798 602.2773 602.2759 602.3073 602.3359 602.3568 602.3599 602.3584 602.3564 602.3964 602.4451 602.4432 602.485 602.532 602.5469 602.6091 602.6245 602.6868 602.7125 602.7745 602.8289 602.8873 602.9435 603.0134 603.0869 603.1493 603.2122 603.3044 603.3737 603.4503 603.5351 603.5975 603.696 603.7685 603.7689 603.7831 603.7961 603.8063 603.8167 603.8284 603.8389 603.85 603.8646 603.8742 603.8881 603.8974 603.9064 603.9135
602.4186 602.3561 602.3295 602.2639 602.2573 602.1915 602.1605 602.1589 602.1107 602.0624 602.0599 602.0583 602.0458 602.0399 602.0242 601.9592 601.9553 601.9528 601.9513 601.9962 602.0247 602.0378 602.0352 602.0338 602.0318 602.0799 602.1205 602.1185 602.163 602.2073 602.2275 602.29 602.3024 602.3647 602.3904 602.4523 602.504 602.5622 602.6213 602.6919 602.7648 602.8271 602.8931 602.9829 603.0514 603.1387 603.2128 603.2828 603.3782 603.4568 603.5361 603.6309 603.7325 603.7607 603.7703 603.7821 603.7922 603.8067 603.8212 603.8325 603.8453 603.8563 603.8658 603.8745
602.0943 602.0319 602.0109 601.945 601.9328 601.8698 601.8361 601.8346 601.797 601.7379 601.7354 601.7339 601.7314 601.7289 601.7133 601.7018 601.3597 601.3572 601.3558 601.6937 601.7134 601.713 601.7104 601.7092 601.7072 601.7634 601.7959 601.7937 601.8409 601.8825 601.9084 601.9708 601.9804 602.0427 602.0684 602.1301 602.179 602.2372 602.2991 602.3704 602.4426 602.5049 602.5814 602.6613 602.7291 602.8177 602.8904 602.9711 603.0601 603.1443 603.2213 603.3193 603.4192 603.4985 603.6249 603.711 603.7543 603.7633 603.7778 603.7907 603.8038 603.8151 603.8252 603.8354
601.77 601.6178 601.6153 601.4625 601.158 600.967 600.7005 600.6985 600.3558 600.2402 600.238 600.2355 600.2328 599.8855 599.8823 599.8807 599.878 599.8748 599.8732 599.8707 599.8677 600.212 600.2095 600.207 600.2045 600.4297 600.6555 600.653 601.068 601.104 601.5193 601.5557 601.6675 601.7206 601.7463 601.8079 601.8539 601.9146 601.9769 602.049 602.1204 602.1827 602.2614 602.3396 602.4139 602.4962 602.5681 602.6595 602.7419 602.8295 602.9064 603.0076 603.1043 603.2053 603.3131 603.3939 603.4767 603.6107 603.6978 603.749 603.7622 603.7739 603.7847 603.7964
600.488 600.033 600.0305 599.8998 599.8973 599.8845 599.872 599.8663 599.8497 599.844 599.8415 599.8198 599.818 599.8138 599.8113 599.8088 599.8063 599.8038 599.8013 599.7988 599.7963 599.7958 599.8088 599.809 599.8073 599.8127 599.8223 599.82 599.8328 599.836 599.8483 599.9598 599.958 600.411 600.751 600.8628 601.317 601.4288 601.6547 601.7275 601.7982 601.8606 601.9399 602.0179 602.0961 602.1745 602.2463 602.346 602.4238 602.5146 602.5944 602.696 602.7895 602.8997 603.0013 603.0768 603.1781 603.2887 603.3841 603.5112 603.6128 603.7145 603.7441 603.7573
599.8763 599.8538 599.8408 599.8347 599.8325 599.8337 599.8312 599.8303 599.8303 599.828 599.827 599.8252 599.8245 599.8217 599.8192 599.817 599.8143 599.8117 599.8093 599.8068 599.8043 599.8018 599.7982 599.7927 599.7902 599.7877 599.7827 599.7787 599.7762 599.7697 599.767 599.7795 599.7798 599.7947 599.8043 599.8105 599.8273 599.8307 600.1713 600.6255 601.0037 601.1537 601.5327 601.6962 601.7747 601.8528 601.9346 602.0279 602.1087 602.1997 602.2828 602.3844 602.4746 602.5879 602.6895 602.7598 602.8531 602.96 603.0906 603.1992 603.3009 603.4026 603.5391 603.6551
599.8508 599.85 599.8515 599.8487 599.8575 599.8555 599.8565 599.8643 599.8618 599.8665 599.8645 599.8677 599.8658 599.8625 599.8597 599.8578 599.8547 599.8522 599.8498 599.8478 599.8448 599.8422 599.8398 599.832 599.8207 599.8188 599.8093 599.8022 599.7978 599.7842 599.7813 599.7773 599.7723 599.767 599.7632 599.7568 599.756 599.7555 599.7723 599.79 599.8028 599.811 599.9332 600.3873 600.8423 601.3 601.638 601.7097 601.7971 601.8849 601.9711 602.0728 602.1745 602.2761 602.3777 602.4644 602.5442 602.6527 602.7856 602.8873 602.9893 603.0921 603.2399 603.3367
599.8862 599.8895 599.8962 599.8953 599.9075 599.9045 599.916 599.9185 599.9158 599.9225 599.929 599.9265 599.924 599.9257 599.9325 599.931 599.9275 599.925 599.9225 599.92 599.904 599.9012 599.8985 599.8965 599.8825 599.8725 599.87 599.8502 599.8465 599.8387 599.8267 599.8205 599.8077 599.7943 599.7892 599.7725 599.767 599.7617 599.7552 599.7495 599.743 599.7385 599.7548 599.7713 599.7885 599.8192 600.179 600.638 601.0478 601.5237 601.6595 601.7611 601.8627 601.9643 602.0644 602.1393 602.2222 602.3591 602.4738 602.5754 602.6775 602.7929 602.9404 603.0309
599.9423 599.9445 599.9585 599.9727 599.9725 599.9692 599.988 599.9855 599.988 600.0015 599.999 599.9965 600.006 600.0037 600.0107 600.0078 600.005 600.0025 599.9998 599.9957 599.986 599.9818 599.968 599.9658 599.963 599.9448 599.9368 599.9343 599.9115 599.9085 599.8875 599.8832 599.8645 599.8467 599.8405 599.8207 599.8167 599.8015 599.7858 599.78 599.76 599.7537 599.7463 599.74 599.734 599.7377 599.7673 599.8068 599.8483 600.0045 600.4532 600.8898 601.3127 601.6525 601.7507 601.8143 601.9211 602.0602 602.1618 602.2636 602.3657 602.4938 602.6219 602.7428
