samples/sfe_209/sfe_209_r2/sfe_209_r2/sfe_209_r2.asc
ncols         267
nrows         135
xllcorner     98.199999999255
yllcorner     82.800000000745
cellsize      0.3
NODATA_value  -9999
[rows 0 to 27 of 135, columns 64 to 127 of 267]
602.7017 602.6746 602.6472 602.6212 602.5942 602.5672 602.5398 602.5128 602.4858 602.4587 602.4318 602.4048 602.3777 602.3508 602.3245 602.2977 602.2703 602.2433 602.2162 602.1893 602.1622 602.1352 602.1083 602.0812 602.0543 602.0282 602.0012 601.9738 601.9468 601.9197 601.8928 601.8657 601.8387 601.8117 601.7848 601.7577 601.7313 601.7047 601.6777 601.6507 601.6237 601.5967 601.5696 601.5427 601.5156 601.4886 601.4616 601.4349 601.4086 601.3816 601.3546 601.3276 601.3006 601.2736 601.2466 601.2196 601.1931 601.166 601.139 601.113 601.0861 601.059 601.032 601.0051
602.673 602.646 602.6181 602.592 602.5651 602.538 602.5101 602.4832 602.4561 602.4291 602.402 602.3751 602.3481 602.321 602.2947 602.268 602.24 602.213 602.186 602.159 602.132 602.1049 602.0779 602.051 602.0239 601.9979 601.9708 601.9432 601.9158 601.8888 601.8618 601.8348 601.8078 601.7808 601.7538 601.7267 601.7002 601.6736 601.6467 601.6197 601.5927 601.5657 601.5387 601.5117 601.4846 601.4576 601.4305 601.4037 601.3775 601.3505 601.3235 601.2965 601.2695 601.2426 601.2155 601.1885 601.1625 601.1355 601.1085 601.0825 601.0555 601.0285 601.0015 600.9745
602.6444 602.6174 602.589 602.5627 602.5359 602.5089 602.4805 602.4535 602.4265 602.3995 602.3723 602.3454 602.3184 602.2914 602.265 602.2383 602.2097 602.1827 602.1557 602.1287 602.1017 602.0746 602.0476 602.0206 601.9937 601.9675 601.9405 601.9128 601.8849 601.8579 601.8309 601.8039 601.7769 601.7499 601.723 601.6958 601.6691 601.6426 601.6157 601.5887 601.5617 601.5347 601.5077 601.4807 601.4535 601.4265 601.3995 601.3726 601.3464 601.3194 601.2924 601.2654 601.2385 601.2114 601.1844 601.1574 601.132 601.105 601.0779 601.052 601.025 600.998 600.9709 600.944
602.6158 602.5887 602.56 602.5334 602.5068 602.4797 602.451 602.4238 602.3969 602.3698 602.3427 602.3157 602.2886 602.2617 602.2352 602.2086 602.1794 602.1525 602.1254 602.0984 602.0714 602.0444 602.0173 601.9904 601.9633 601.9372 601.9102 601.8825 601.854 601.827 601.8 601.7729 601.746 601.7189 601.6921 601.6648 601.638 601.6116 601.5847 601.5577 601.5307 601.5037 601.4767 601.4496 601.4225 601.3954 601.3685 601.3415 601.3154 601.2883 601.2614 601.2343 601.2074 601.1804 601.1534 601.1263 601.1014 601.0744 601.0474 601.0214 600.9944 600.9674 600.9404 600.9135
602.5872 602.5601 602.5316 602.5041 602.4776 602.4506 602.4221 602.3942 602.3672 602.3401 602.313 602.2859 602.259 602.2319 602.2054 602.1788 602.1497 602.1222 602.0952 602.0682 602.0411 602.0141 601.987 601.96 601.933 601.9069 601.8798 601.8522 601.8231 601.7961 601.769 601.7421 601.715 601.688 601.6612 601.6339 601.6069 601.5806 601.5536 601.5267 601.4997 601.4727 601.4457 601.4186 601.3915 601.3644 601.3374 601.3104 601.2843 601.2573 601.2303 601.2032 601.1763 601.1493 601.1223 601.0953 601.0709 601.0439 601.0168 600.9909 600.9639 600.9369 600.9099 600.8829
602.5585 602.5315 602.5031 602.4747 602.4484 602.4214 602.3931 602.3646 602.3375 602.3105 602.2834 602.2563 602.2292 602.2023 602.1757 602.1491 602.12 602.0919 602.0649 602.0379 602.0109 601.9838 601.9567 601.9297 601.9027 601.8765 601.8495 601.8218 601.7921 601.7651 601.7381 601.7111 601.6841 601.6571 601.6303 601.6028 601.5759 601.5497 601.5226 601.4957 601.4687 601.4417 601.4147 601.3876 601.3605 601.3334 601.3063 601.2794 601.2532 601.2262 601.1992 601.1722 601.1452 601.1182 601.0912 601.0642 601.0403 601.0133 600.9863 600.9603 600.9333 600.9063 600.8793 600.8524
602.5299 602.5029 602.4746 602.4454 602.4193 602.3923 602.3641 602.3349 602.3079 602.2809 602.2537 602.2266 602.1996 602.1725 602.1459 602.1194 602.0903 602.0616 602.0346 602.0076 601.9806 601.9536 601.9263 601.8994 601.8724 601.8462 601.8192 601.7915 601.7612 601.7342 601.7072 601.6802 601.6532 601.6262 601.5994 601.572 601.5449 601.5187 601.4916 601.4647 601.4377 601.4107 601.3837 601.3567 601.3295 601.3023 601.2753 601.2484 601.2221 601.1951 601.1681 601.1411 601.1141 601.0872 601.0601 601.0331 601.0098 600.9828 600.9558 600.9298 600.9028 600.8758 600.8488 600.8218
602.5012 602.4742 602.4462 602.4163 602.3901 602.3631 602.3351 602.3052 602.2782 602.2512 602.2241 602.1968 602.1699 602.1429 602.1161 602.0897 602.0605 602.0313 602.0043 601.9773 601.9503 601.9233 601.8961 601.8691 601.8421 601.8159 601.7888 601.7612 601.7303 601.7033 601.6763 601.6493 601.6223 601.5953 601.5685 601.5411 601.5139 601.4877 601.4606 601.4337 601.4067 601.3797 601.3527 601.3257 601.2985 601.2712 601.2443 601.2173 601.191 601.164 601.137 601.11 601.0831 601.056 601.0291 601.002 600.9792 600.9523 600.9252 600.8993 600.8723 600.8453 600.8182 600.7913
602.4726 602.4456 602.4177 602.3871 602.361 602.3339 602.3061 602.2756 602.2486 602.2216 602.1945 602.1672 602.1401 602.1132 602.0864 602.0599 602.0308 602.001 601.9741 601.947 601.92 601.893 601.8657 601.8387 601.8118 601.7855 601.7585 601.7308 601.6995 601.6724 601.6454 601.6183 601.5914 601.5643 601.5376 601.5101 601.483 601.4567 601.4296 601.4027 601.3757 601.3487 601.3217 601.2947 601.2675 601.2402 601.2132 601.1862 601.16 601.1329 601.106 601.0789 601.052 601.025 600.998 600.9709 600.9487 600.9217 600.8947 600.8687 600.8417 600.8147 600.7877 600.7607
602.444 602.417 602.3892 602.358 602.3318 602.3048 602.2771 602.2459 602.2189 602.1919 602.1649 602.1375 602.1105 602.0834 602.0566 602.0302 602.0011 601.9708 601.9438 601.9167 601.8898 601.8627 601.8354 601.8085 601.7814 601.7551 601.7281 601.7004 601.6691 601.6414 601.6144 601.5874 601.5604 601.5334 601.5067 601.4792 601.452 601.4257 601.3987 601.3717 601.3447 601.3177 601.2906 601.2637 601.2365 601.2092 601.1821 601.1552 601.1288 601.1019 601.0749 601.0479 601.0209 600.9939 600.9669 600.9399 600.9182 600.8912 600.8642 600.8382 600.8112 600.7842 600.7571 600.7302
602.4153 602.3884 602.3607 602.329 602.3027 602.2756 602.2481 602.2165 602.1893 602.1623 602.1352 602.1078 602.0807 602.0538 602.0269 602.0005 601.9714 601.9405 601.9135 601.8865 601.8595 601.8325 601.8052 601.7781 601.7512 601.7247 601.6978 601.6701 601.6388 601.6105 601.5835 601.5565 601.5295 601.5025 601.4758 601.4484 601.421 601.3947 601.3677 601.3407 601.3137 601.2867 601.2596 601.2327 601.2055 601.1781 601.1511 601.1241 601.0978 601.0708 601.0438 601.0168 600.9898 600.9628 600.9358 600.9088 600.8876 600.8607 600.8337 600.8077 600.7806 600.7537 600.7266 600.6996
602.3867 602.3597 602.3323 602.3005 602.2734 602.2465 602.2191 602.1875 602.1596 602.1326 602.1056 602.0781 602.0511 602.024 601.9971 601.9708 601.9416 601.9104 601.8832 601.8562 601.8292 601.8022 601.7749 601.7478 601.7208 601.6944 601.6675 601.6398 601.6085 601.5796 601.5526 601.5256 601.4986 601.4716 601.4449 601.4175 601.39 601.3635 601.3367 601.3097 601.2827 601.2557 601.2286 601.2017 601.1745 601.1471 601.1201 601.0931 601.0667 601.0397 601.0127 600.9857 600.9587 600.9317 600.9047 600.8777 600.8571 600.8301 600.8032 600.7771 600.7501 600.7231 600.6961 600.6691
602.3581 602.3311 602.3038 602.2721 602.244 602.2173 602.1901 602.1585 602.13 602.103 602.0759 602.0485 602.0214 601.9944 601.9674 601.941 601.9119 601.8807 601.853 601.8259 601.799 601.7719 601.7446 601.7175 601.6906 601.664 601.6371 601.6094 601.5781 601.5487 601.5217 601.4947 601.4677 601.4407 601.414 601.3866 601.3591 601.3324 601.3057 601.2787 601.2517 601.2247 601.1977 601.1707 601.1435 601.1161 601.089 601.062 601.0356 601.0086 600.9816 600.9547 600.9277 600.9006 600.8737 600.8466 600.8265 600.7996 600.7727 600.7466 600.7195 600.6926 600.6655 600.6385
602.3295 602.3025 602.2753 602.2436 602.2147 602.1882 602.1611 602.1295 602.1003 602.0733 602.0463 602.0189 601.9916 601.9647 601.9376 601.9113 601.8821 601.8509 601.8227 601.7957 601.7687 601.7416 601.7144 601.6872 601.6602 601.6337 601.6068 601.5791 601.5478 601.5178 601.4907 601.4637 601.4367 601.4097 601.3831 601.3557 601.3281 601.3013 601.2747 601.2477 601.2207 601.1937 601.1667 601.1396 601.1125 601.0851 601.058 601.0309 601.0046 600.9775 600.9506 600.9235 600.8966 600.8696 600.8426 600.8156 600.796 600.769 600.7422 600.716 600.689 600.662 600.635 600.608
602.3008 602.2739 602.2468 602.2151 602.1854 602.159 602.132 602.1005 602.0707 602.0436 602.0167 601.9892 601.962 601.9349 601.908 601.8815 601.8524 601.8212 601.7924 601.7654 601.7384 601.7113 601.6841 601.6569 601.6299 601.6033 601.5765 601.5488 601.5175 601.4868 601.4598 601.4328 601.4058 601.3788 601.3522 601.3248 601.2972 601.2702 601.2437 601.2167 601.1897 601.1627 601.1357 601.1086 601.0815 601.0541 601.0269 600.9999 600.9734 600.9465 600.9195 600.8925 600.8655 600.8385 600.8115 600.7845 600.7655 600.7385 600.7117 600.6855 600.6585 600.6315 600.6045 600.5775
602.2722 602.2452 602.2182 602.1867 602.1563 602.1299 602.1028 602.0715 602.041 602.014 601.987 601.9596 601.9323 601.9053 601.8782 601.8518 601.8227 601.7914 601.7621 601.7351 601.7081 601.681 601.6538 601.6266 601.5996 601.5729 601.5461 601.5184 601.4871 601.4559 601.4289 601.4019 601.3749 601.3479 601.3214 601.2939 601.2664 601.2391 601.2126 601.1857 601.1587 601.1317 601.1047 601.0776 601.0505 601.0231 600.9958 600.9689 600.9424 600.9154 600.8884 600.8614 600.8344 600.8074 600.7804 600.7534 600.7349 600.7079 600.6812 600.655 600.6279 600.601 600.5739 600.5469
602.2436 602.2166 602.1896 602.1582 602.1271 602.1007 602.0737 602.0425 602.0114 601.9844 601.9573 601.9299 601.9025 601.8755 601.8486 601.8221 601.793 601.7617 601.7318 601.7048 601.6778 601.6508 601.6235 601.5963 601.5693 601.5425 601.5157 601.4881 601.4567 601.4254 601.398 601.371 601.344 601.317 601.2905 601.263 601.2355 601.2082 601.1816 601.1547 601.1277 601.1006 601.0737 601.0466 601.0195 600.9921 600.9648 600.9378 600.9113 600.8843 600.8573 600.8303 600.8033 600.7763 600.7493 600.7223 600.7044 600.6774 600.6506 600.6244 600.5974 600.5704 600.5434 600.5164
602.215 602.1879 602.1609 602.1298 602.098 602.0715 602.0446 602.0135 601.9819 601.9547 601.9277 601.9003 601.8729 601.8459 601.8188 601.7924 601.7632 601.732 601.7015 601.6746 601.6475 601.6205 601.5933 601.566 601.5389 601.5122 601.4854 601.4578 601.4264 601.3951 601.3671 601.34 601.313 601.286 601.2595 601.2321 601.2045 601.1772 601.1507 601.1237 601.0967 601.0696 601.0427 601.0156 600.9885 600.9611 600.9338 600.9067 600.8802 600.8532 600.8262 600.7993 600.7723 600.7452 600.7183 600.6912 600.6738 600.6469 600.6201 600.5939 600.5668 600.5399 600.5128 600.4859
602.1863 602.1593 602.1323 602.1013 602.0695 602.0424 602.0154 601.9845 601.9529 601.925 601.8981 601.8707 601.8433 601.8162 601.7891 601.7626 601.7335 601.7023 601.6713 601.6443 601.6172 601.5902 601.563 601.5357 601.5087 601.4818 601.4551 601.4274 601.3961 601.3647 601.3361 601.3091 601.2821 601.2551 601.2286 601.2012 601.1736 601.1462 601.1197 601.0927 601.0657 601.0387 601.0117 600.9847 600.9575 600.9301 600.9028 600.8757 600.8491 600.8221 600.7952 600.7682 600.7411 600.7142 600.6871 600.6602 600.6433 600.6163 600.5896 600.5634 600.5363 600.5093 600.4823 600.4553
602.1578 602.1307 602.1037 602.0728 602.0411 602.0132 601.9862 601.9555 601.924 601.8954 601.8684 601.8411 601.8136 601.7864 601.7595 601.7329 601.7038 601.6725 601.6413 601.614 601.587 601.5599 601.5327 601.5054 601.4783 601.4515 601.4247 601.397 601.3657 601.3344 601.3052 601.2782 601.2512 601.2242 601.1978 601.1703 601.1428 601.1153 601.0887 601.0617 601.0347 601.0077 600.9807 600.9537 600.9265 600.8991 600.8718 600.8447 600.8181 600.7911 600.7641 600.7371 600.7101 600.6831 600.6561 600.6291 600.6128 600.5858 600.5591 600.5328 600.5058 600.4788 600.4518 600.4248
602.1292 602.1021 602.0751 602.0444 602.0126 601.984 601.957 601.9265 601.895 601.8658 601.8387 601.8114 601.784 601.7568 601.7297 601.7032 601.6741 601.6428 601.6116 601.5837 601.5567 601.5297 601.5024 601.4752 601.448 601.4211 601.3944 601.3667 601.3354 601.3041 601.2743 601.2473 601.2203 601.1933 601.1669 601.1394 601.1119 601.0843 601.0577 601.0307 601.0037 600.9767 600.9496 600.9227 600.8954 600.8681 600.8408 600.8136 600.787 600.76 600.733 600.706 600.679 600.652 600.625 600.598 600.5822 600.5552 600.5286 600.5023 600.4752 600.4482 600.4212 600.3943
602.1006 602.0734 602.0464 602.0159 601.9841 601.9547 601.9279 601.8975 601.866 601.8361 601.8091 601.7818 601.7543 601.7271 601.7001 601.6735 601.6443 601.6131 601.5818 601.5535 601.5264 601.4994 601.4722 601.4449 601.4177 601.3907 601.3641 601.3364 601.3051 601.2737 601.2433 601.2164 601.1893 601.1624 601.136 601.1085 601.081 601.0534 601.0267 600.9997 600.9727 600.9457 600.9186 600.8917 600.8644 600.8371 600.8098 600.7825 600.7559 600.7289 600.7019 600.6749 600.6479 600.6209 600.5939 600.5669 600.5517 600.5247 600.4981 600.4717 600.4447 600.4177 600.3907 600.3637
602.072 602.0448 602.0178 601.9874 601.9557 601.9254 601.8987 601.8685 601.837 601.8065 601.7795 601.7521 601.7247 601.6973 601.6703 601.6437 601.6146 601.5834 601.5521 601.5232 601.4962 601.4691 601.4418 601.4146 601.3874 601.3604 601.3337 601.306 601.2747 601.2434 601.2125 601.1854 601.1584 601.1314 601.105 601.0776 601.05 601.0225 600.9957 600.9687 600.9417 600.9147 600.8876 600.8607 600.8335 600.8061 600.7787 600.7515 600.7249 600.6978 600.6708 600.6439 600.6169 600.5898 600.5629 600.5358 600.5212 600.4941 600.4676 600.4412 600.4142 600.3871 600.3602 600.3332
602.0434 602.0162 601.9891 601.9589 601.9272 601.8962 601.8696 601.8395 601.808 601.7768 601.7498 601.7225 601.6951 601.6677 601.6406 601.614 601.5849 601.5536 601.5224 601.4929 601.4659 601.4388 601.4116 601.3843 601.3571 601.3301 601.3034 601.2757 601.2444 601.213 601.1817 601.1545 601.1275 601.1005 601.0742 601.0468 601.0192 600.9916 600.9646 600.9377 600.9107 600.8837 600.8567 600.8297 600.8025 600.7751 600.7477 600.7205 600.6937 600.6667 600.6398 600.6128 600.5858 600.5588 600.5317 600.5048 600.4906 600.4636 600.4371 600.4106 600.3836 600.3566 600.3296 600.3027
602.0148 601.9875 601.9605 601.9305 601.8987 601.8671 601.8405 601.8105 601.779 601.7474 601.7202 601.6929 601.6655 601.638 601.611 601.5843 601.5552 601.5239 601.4927 601.4626 601.4356 601.4086 601.3813 601.3541 601.3268 601.2998 601.2731 601.2454 601.2141 601.1827 601.1514 601.1236 601.0966 601.0696 601.0433 601.0158 600.9883 600.9608 600.9335 600.9067 600.8797 600.8527 600.8257 600.7986 600.7715 600.7441 600.7167 600.6894 600.6627 600.6357 600.6087 600.5817 600.5547 600.5277 600.5007 600.4737 600.4601 600.433 600.4066 600.3801 600.3531 600.326 600.2991 600.2721
601.9862 601.9589 601.9319 601.902 601.8703 601.8386 601.8113 601.7816 601.7499 601.7184 601.6905 601.6633 601.6358 601.6083 601.5812 601.5546 601.5255 601.4942 601.463 601.4323 601.4053 601.3783 601.351 601.3238 601.2965 601.2695 601.2427 601.215 601.1837 601.1523 601.121 601.0927 601.0657 601.0386 601.0124 600.9849 600.9574 600.9298 600.9025 600.8757 600.8487 600.8217 600.7947 600.7676 600.7405 600.7131 600.6857 600.6584 600.6316 600.6046 600.5776 600.5506 600.5236 600.4966 600.4696 600.4431 600.4296 600.4025 600.376 600.3495 600.3226 600.2955 600.2686 600.2416
601.9576 601.9304 601.9033 601.8735 601.8418 601.8101 601.7821 601.7526 601.7209 601.6894 601.6609 601.6336 601.6061 601.5787 601.5516 601.5248 601.4957 601.4645 601.4332 601.402 601.3751 601.348 601.3207 601.2935 601.2662 601.2391 601.2124 601.1847 601.1533 601.122 601.0907 601.0618 601.0347 601.0078 600.9815 600.954 600.9265 600.8989 600.8715 600.8447 600.8177 600.7906 600.7637 600.7366 600.7095 600.6821 600.6548 600.6274 600.6005 600.5735 600.5465 600.5195 600.4926 600.4655 600.4385 600.4125 600.399 600.372 600.3456 600.319 600.292 600.265 600.238 600.2111
601.929 601.9017 601.8746 601.8451 601.8134 601.7816 601.7529 601.7236 601.692 601.6604 601.6312 601.604 601.5765 601.5491 601.5219 601.4951 601.4659 601.4348 601.4035 601.3723 601.3448 601.3177 601.2905 601.2632 601.236 601.2089 601.1821 601.1544 601.123 601.0917 601.0604 601.0308 601.0038 600.9769 600.9506 600.9232 600.8956 600.868 600.8405 600.8137 600.7867 600.7596 600.7327 600.7056 600.6785 600.6511 600.6238 600.5964 600.5693 600.5424 600.5154 600.4885 600.4614 600.4344 600.4074 600.382 600.3685 600.3414 600.3151 600.2885 600.2615 600.2344 600.2075 600.1805
