samples/sfe_209/sfe_209_r2/sfe_209_r2/sfe_209_r2.asc
ncols         267
nrows         135
xllcorner     98.199999999255
yllcorner     82.800000000745
cellsize      0.3
NODATA_value  -9999
[rows 56 to 83 of 135, columns 128 to 191 of 267]
596.052 596.0193 595.9872 595.955 595.9228 595.8903 595.8588 595.8263 595.794 595.762 595.7258 595.7115 595.679 595.6465 595.6145 595.5825 595.5502 595.5182 595.486 595.4535 595.4213 595.3892 595.357 595.3253 595.3005 595.2733 595.241 595.209 595.181 595.1485 595.1163 595.0842 595.052 595.0447 595.0125 594.9805 594.9523 594.9383 594.9063 594.8743 594.849 594.8165 594.7925 594.7708 594.7432 594.7465 594.7142 594.6818 594.6495 594.6175 594.61 594.5828 594.5605 594.5285 594.4962 594.4713 594.4703 594.4507 594.4185 594.4097 594.3932 594.3745 594.3497 594.3788
596.0435 596.0113 595.9788 595.947 595.9148 595.8823 595.8498 595.8177 595.7858 595.7532 595.721 595.6902 595.6583 595.6257 595.594 595.5615 595.5292 595.4973 595.465 595.4325 595.4003 595.3723 595.3397 595.308 595.2758 595.2432 595.211 595.1752 595.1512 595.123 595.0908 595.0588 595.0253 594.9982 594.966 594.934 594.9146 594.8828 594.8505 594.8168 594.7985 594.7735 594.7427 594.7117 594.6793 594.6572 594.625 594.6223 594.59 594.5577 594.5253 594.4932 594.4902 594.468 594.4355 594.405 594.3775 594.361 594.3488 594.3165 594.2988 594.2955 594.2635 594.244
596.049 596.017 595.9845 595.952 595.92 595.888 595.8558 595.8233 595.791 595.759 595.727 595.695 595.6625 595.63 595.598 595.566 595.5335 595.501 595.469 595.437 595.391 595.3682 595.336 595.3035 595.2715 595.238 595.2055 595.173 595.1401 595.1075 595.0753 595.044 595.0137 594.9819 594.9496 594.9141 594.885 594.8578 594.8257 594.7952 594.7628 594.7303 594.6942 594.6802 594.648 594.6155 594.5812 594.564 594.532 594.5042 594.4717 594.4392 594.4063 594.4088 594.3765 594.3447 594.3127 594.2995 594.2838 594.2585 594.2263 594.2015 594.1992 594.1672
596.078 596.046 596.0137 595.9815 595.9498 595.9172 595.885 595.853 595.8207 595.7885 595.756 595.7242 595.692 595.6595 595.627 595.595 595.563 595.5267 595.486 595.4535 595.4213 595.3892 595.357 595.3253 595.293 595.2372 595.2141 595.182 595.1498 595.1172 595.085 595.0463 595.0195 594.987 594.9548 594.9227 594.8856 594.8535 594.8208 594.7747 594.7525 594.7209 594.6861 594.6585 594.6262 594.5958 594.566 594.534 594.5018 594.4633 594.4457 594.4138 594.3815 594.3532 594.321 594.3022 594.2698 594.2458 594.2238 594.215 594.1827 594.152 594.125 594.1147
596.1215 596.0895 596.0573 596.0248 595.9925 595.9605 595.9285 595.8965 595.8643 595.8317 595.7995 595.7675 595.7352 595.7028 595.6705 595.6385 595.607 595.5372 595.5215 595.489 595.4567 595.4247 595.3853 595.3535 595.3212 595.2888 595.2565 595.2245 595.1923 595.1473 595.112 595.0758 595.0435 595.011 594.9788 594.9175 594.9017 594.8693 594.8372 594.801 594.7685 594.7263 594.697 594.663 594.631 594.578 594.562 594.528 594.4957 594.463 594.4302 594.4006 594.3694 594.3374 594.2978 594.2778 594.2468 594.2142 594.182 594.1515 594.1403 594.1075 594.079 594.0715
596.1718 596.1398 596.1315 596.105 596.0725 596.04 596.008 595.976 595.9437 595.9112 595.879 595.847 595.8147 595.7823 595.75 595.6887 595.6578 595.6257 595.5938 595.5618 595.5292 595.4968 595.4227 595.3955 595.3635 595.3315 595.299 595.2665 595.2345 595.19 595.163 595.1306 595.0985 595.0665 595.0195 594.9805 594.9482 594.9165 594.8595 594.8265 594.7943 594.7525 594.7255 594.693 594.6525 594.6155 594.5833 594.5205 594.5048 594.4722 594.4332 594.4067 594.3743 594.3372 594.305 594.2722 594.231 594.2048 594.1729 594.1425 594.1132 594.082 594.05 594.013
596.2465 596.2137 596.219 596.1873 596.155 596.123 596.0908 596.0583 596.026 595.994 595.9617 595.9293 595.8973 595.8652 595.7968 595.7628 595.7321 595.701 595.6688 595.6362 595.5912 595.5593 595.527 595.4945 595.4622 595.4305 595.3802 595.3235 595.2913 595.2588 595.2265 595.1945 595.154 595.1168 595.0628 595.0302 594.9985 594.9675 594.928 594.896 594.8635 594.8237 594.7623 594.7142 594.673 594.642 594.6097 594.5773 594.545 594.5085 594.4628 594.4307 594.379 594.3535 594.317 594.285 594.2525 594.2158 594.179 594.1403 594.105 594.0763 594.044 594.0111
596.3677 596.3355 596.303 596.2712 596.239 596.2418 596.2205 596.188 596.1558 596.1237 596.0915 596.059 596.0275 595.949 595.917 595.8845 595.8555 595.8242 595.7917 595.6843 595.6677 595.6357 595.6035 595.571 595.5388 595.5068 595.458 595.4138 595.3812 595.3492 595.3172 595.2847 595.2215 595.1768 595.1445 595.112 595.082 595.0005 594.972 594.9395 594.9072 594.8625 594.8303 594.7678 594.7355 594.6625 594.6367 594.6042 594.572 594.53 594.4897 594.4572 594.425 594.3828 594.3472 594.311 594.279 594.2208 594.1902 594.1563 594.1238 594.0755 594.053 594.0205
596.4628 596.4435 596.4167 596.384 596.3517 596.338 596.3425 596.31 596.2775 596.2457 596.2135 596.181 596.078 596.062 596.0297 595.9977 595.9697 595.9387 595.888 595.856 595.8237 595.789 595.757 595.6487 595.6163 595.5845 595.544 595.5115 595.479 595.447 595.415 595.3615 595.2983 595.2715 595.2395 595.2068 595.1775 595.1305 595.0983 595.0663 594.974 594.9473 594.878 594.8438 594.8113 594.7665 594.7343 594.6735 594.6265 594.579 594.5315 594.4897 594.4575 594.4252 594.3945 594.338 594.306 594.253 594.2057 594.179 594.1395 594.107 594.0748 594.0305
596.572 596.5735 596.5885 596.5565 596.5242 596.4918 596.4595 596.4432 596.4583 596.4258 596.3305 596.2985 596.2662 596.2338 596.2015 596.1695 596.1432 596.0385 595.999 595.9665 595.9183 595.883 595.8508 595.7978 595.7655 595.733 595.7007 595.6688 595.6365 595.5855 595.517 595.4845 595.452 595.42 595.388 595.333 595.272 595.2255 595.1935 595.161 595.1075 595.0807 595.0007 594.9688 594.8727 594.844 594.8115 594.7612 594.7345 594.6635 594.6305 594.5493 594.5175 594.4863 594.4553 594.4028 594.3502 594.3177 594.2852 594.2122 594.183 594.1505 594.1182 594.079
596.7813 596.7493 596.7352 596.7083 596.6763 596.6442 596.6118 596.5792 596.5953 596.5865 596.4775 596.451 596.4188 596.3862 596.354 596.2983 596.2729 596.241 596.195 596.1282 596.0588 596.005 595.9727 595.9407 595.9085 595.876 595.8438 595.8118 595.7795 595.6675 595.651 595.619 595.5867 595.5543 595.522 595.4688 595.442 595.412 595.3798 595.3257 595.2377 595.2053 595.1122 595.085 595.0342 594.9772 594.919 594.8713 594.7964 594.7592 594.7112 594.6793 594.6257 594.5605 594.5308 594.4432 594.4272 594.3818 594.3492 594.3168 594.2662 594.2087 594.1768 594.1448
596.9238 596.8918 596.8777 596.931 596.8987 596.8663 596.834 596.802 596.7698 596.7372 596.705 596.673 596.6407 596.6083 596.576 596.4243 596.417 596.3693 596.3343 596.2722 596.2455 596.2135 596.181 596.1485 596.1165 596.0125 595.98 595.9475 595.9155 595.8835 595.851 595.8185 595.7865 595.7545 595.722 595.5798 595.5705 595.541 595.5088 595.4547 595.4225 595.3905 595.2938 595.2613 595.1405 595.0897 595.0627 595.0303 594.9425 594.91 594.8002 594.7737 594.7203 594.694 594.6183 594.5858 594.511 594.4605 594.428 594.3955 594.345 594.3182 594.2595 594.2145
597.1437 597.2407 597.2085 597.1775 597.146 597.2292 597.1987 597.168 597.1365 597.1072 597.075 597.0443 597.0128 596.9825 596.8307 596.7968 596.76 596.6003 596.487 596.4608 596.4285 596.3962 596.364 596.3315 596.235 596.1863 596.154 596.1218 596.09 596.0575 596.0253 595.9932 595.961 595.9285 595.8962 595.8372 595.8145 595.785 595.7202 595.62 595.5878 595.4605 595.4448 595.3905 595.3257 595.2265 595.1943 595.0895 595.0731 594.9927 594.896 594.8695 594.8372 594.7518 594.7142 594.6818 594.6365 594.5798 594.5078 594.475 594.4427 594.4108 594.3328 594.3062
597.833 597.9165 597.8895 597.8618 597.8337 597.9218 597.9229 597.924 597.911 597.884 597.8571 597.8065 597.7519 597.7065 597.5582 597.5145 597.4882 597.3315 597.3045 597.2813 597.2525 597.2238 596.821 596.7903 596.7597 596.7295 596.6995 596.6695 596.639 596.6085 596.5787 596.5482 596.518 596.3492 596.0575 595.9987 595.9777 595.943 595.8978 595.8408 595.7347 595.6995 595.5915 595.521 595.4888 595.4295 595.324 595.2618 595.162 595.135 595.073 595.0465 594.9498 594.8983 594.8275 594.7792 594.747 594.6877 594.6608 594.6097 594.5395 594.507 594.4745 594.4183
598.1486 598.1523 598.1241 598.0972 598.0701 598.0608 598.0619 598.063 598.0501 598.0231 597.9962 597.9442 597.8896 597.8351 597.8 597.7562 597.7299 597.7032 597.6761 597.642 597.5789 597.5157 597.4719 597.4449 597.4179 597.3909 597.3639 597.3379 597.3109 597.2824 597.2554 597.2284 597.2014 597.1744 597.1474 597.0964 597.0518 597.0248 596.5942 596.4245 596.1285 596.0983 595.9305 595.8985 595.6412 595.582 595.5 595.4407 595.3757 595.2758 595.2437 595.1218 595.106 595.0592 595.027 594.9425 594.8722 594.8397 594.8075 594.699 594.6777 594.645 594.5912 594.5587
598.296 598.2997 598.2702 598.2432 598.2162 598.1999 598.201 598.2021 598.1891 598.1622 598.1352 598.082 598.0275 597.9729 597.9447 597.9022 597.876 597.8492 597.8222 597.7867 597.7236 597.6604 597.6242 597.5972 597.5702 597.5432 597.5162 597.4901 597.4598 597.4257 597.3987 597.3717 597.3447 597.3177 597.2907 597.2393 597.177 597.1146 597.0702 597.0432 596.9982 596.9354 596.8905 596.5817 596.2823 596.114 595.6478 595.6046 595.5723 595.5128 595.3983 595.3662 595.2448 595.2073 595.1747 595.1127 595.086 594.9792 594.9467 594.9147 594.8824 594.7653 594.7217 594.6898
598.4434 598.4471 598.4162 598.3892 598.3622 598.3389 598.3401 598.3412 598.3282 598.3012 598.2743 598.2198 598.1652 598.1164 598.0894 598.0482 598.022 597.9952 597.9682 597.9314 597.8682 597.8051 597.7765 597.7495 597.7225 597.6954 597.6685 597.6423 597.6031 597.569 597.5421 597.515 597.488 597.4611 597.434 597.3823 597.3199 597.2576 597.2135 597.1865 597.1416 597.0787 597.0162 596.9445 596.8688 596.8344 596.7888 596.7555 596.446 596.129 595.819 595.644 595.612 595.4528 595.3378 595.3 595.199 595.1274 595.0955 595.0635 595.031 594.9985 594.9665 594.9337
598.5908 598.5944 598.5623 598.5352 598.5082 598.4815 598.4791 598.4802 598.4673 598.4403 598.412 598.3575 598.303 598.2611 598.2341 598.1942 598.168 598.1412 598.1136 598.076 598.0129 597.9557 597.9288 597.9017 597.8748 597.8477 597.8207 597.7945 597.7464 597.7123 597.6854 597.6583 597.6313 597.6044 597.5774 597.5251 597.4628 597.3995 597.3568 597.3298 597.2849 597.222 597.1658 597.0902 597.0164 596.9839 596.9382 596.8738 596.8094 596.7274 596.662 596.4893 596.4617 596.295 595.9845 595.811 595.7702 595.2915 595.2452 595.2127 595.1805 595.1479 595.1155 595.0835
598.7381 598.7418 598.7083 598.6813 598.6542 598.6276 598.6182 598.6193 598.6064 598.5793 598.5498 598.4954 598.4408 598.4058 598.3788 598.3403 598.314 598.2873 598.2582 598.2207 598.1576 598.108 598.0811 598.0541 598.027 598.0001 597.9731 597.9467 597.8897 597.8557 597.8287 597.8017 597.7747 597.7477 597.7207 597.6681 597.6057 597.5407 597.5002 597.4731 597.4282 597.3654 597.3116 597.236 597.1653 597.1333 597.0876 597.0233 596.9603 596.8754 596.7931 596.7632 596.7163 596.6495 596.5826 596.549 596.5218 596.4948 596.448 596.4147 596.0925 595.9155 595.8867 595.8577
598.8855 598.8892 598.8543 598.8273 598.8003 598.7737 598.7573 598.7584 598.7454 598.7184 598.6876 598.6331 598.5786 598.5504 598.5234 598.4863 598.4601 598.4333 598.403 598.3654 598.3022 598.2603 598.2333 598.2064 598.1793 598.1523 598.1255 598.0989 598.0331 597.999 597.972 597.945 597.918 597.891 597.864 597.811 597.7487 597.6819 597.6435 597.6165 597.5715 597.5087 597.4573 597.3817 597.3142 597.2828 597.2371 597.1727 597.1084 597.0236 596.9495 596.9225 596.8755 596.8087 596.7419 596.7083 596.6796 596.6525 596.5995 596.535 596.4705 596.4404 596.4134 596.3823
599.0329 599.0366 599.0003 598.9733 598.9463 598.9199 598.8964 598.8975 598.8845 598.8575 598.8254 598.7709 598.7221 598.6951 598.6681 598.6323 598.6061 598.5793 598.5476 598.5101 598.4469 598.4126 598.3856 598.3586 598.3316 598.3046 598.2778 598.2456 598.1764 598.1423 598.1154 598.0883 598.0613 598.0344 598.0073 597.9539 597.8915 597.8232 597.7868 597.7598 597.7149 597.652 597.6031 597.5275 597.4651 597.4322 597.3865 597.3221 597.2565 597.1716 597.1087 597.0817 597.0348 596.968 596.9012 596.8675 596.8373 596.8103 596.751 596.6865 596.6251 596.5981 596.5711 596.5317
599.1802 599.184 599.1464 599.1193 599.0923 599.0659 599.0389 599.0366 599.0236 598.9966 598.9632 598.9087 598.8668 598.8398 598.8128 598.7783 598.7521 598.7253 598.6923 598.6547 598.5919 598.5649 598.5379 598.5109 598.4839 598.4569 598.4302 598.3889 598.3197 598.2856 598.2587 598.2316 598.2047 598.1777 598.1507 598.0968 598.0331 597.9644 597.9301 597.9031 597.8582 597.7975 597.7488 597.6763 597.616 597.5817 597.536 597.4716 597.4046 597.3234 597.2679 597.241 597.194 597.1273 597.0604 597.0268 596.9951 596.967 596.9025 596.838 596.7828 596.7559 596.7289 596.6812
599.3276 599.3313 599.2924 599.2654 599.2383 599.212 599.1851 599.1756 599.1627 599.1357 599.101 599.0465 599.0115 598.9845 598.9575 598.9244 598.8981 598.8714 598.837 598.7994 598.7442 598.7172 598.6902 598.6632 598.6362 598.6092 598.5826 598.5322 598.463 598.429 598.402 598.375 598.348 598.321 598.294 598.2397 598.1744 598.1057 598.0735 598.0464 598.0015 597.9484 597.8946 597.8252 597.7668 597.7311 597.6854 597.6231 597.5527 597.4784 597.4272 597.4002 597.3533 597.2865 597.2197 597.186 597.1528 597.1185 597.054 596.9895 596.9406 596.9136 596.8866 596.8306
599.4786 599.4787 599.4384 599.4114 599.3844 599.3579 599.3312 599.3147 599.3018 599.2747 599.2387 599.1843 599.1561 599.1292 599.1021 599.0704 599.0442 599.0174 598.9816 598.9441 598.8965 598.8695 598.8425 598.8155 598.7885 598.7615 598.7347 598.6755 598.6064 598.5723 598.5453 598.5183 598.4913 598.4643 598.4373 598.3826 598.3156 598.2469 598.2168 598.1898 598.1448 598.0993 598.0403 597.9741 597.9177 597.8806 597.8349 597.7809 597.7009 597.6334 597.5865 597.5594 597.5126 597.4457 597.3789 597.3453 597.3105 597.27 597.2055 597.141 597.0983 597.0714 597.0381 596.98
599.6337 599.6249 599.5844 599.5574 599.5304 599.5038 599.4772 599.4537 599.4408 599.4138 599.3765 599.3278 599.3008 599.2738 599.2468 599.2164 599.1902 599.1635 599.1263 599.0888 599.0488 599.0218 598.9948 598.9678 598.9408 598.9138 598.887 598.8189 598.7497 598.7156 598.6887 598.6616 598.6346 598.6076 598.5806 598.5255 598.4568 598.3881 598.3601 598.3331 598.2882 598.2502 598.1873 598.123 598.0685 598.03 597.9843 597.9338 597.8537 597.7883 597.7457 597.7188 597.6718 597.605 597.5381 597.5045 597.4683 597.4215 597.357 597.2925 597.2561 597.2291 597.1876 597.1295
599.7888 599.771 599.7305 599.7034 599.6765 599.6498 599.6234 599.5964 599.5799 599.5529 599.5143 599.4725 599.4455 599.4185 599.3915 599.3624 599.3362 599.3094 599.271 599.2335 599.201 599.1741 599.147 599.1201 599.0931 599.0661 599.0314 598.9622 598.893 598.8589 598.832 598.8049 598.778 598.751 598.724 598.6667 598.5981 598.5304 598.5034 598.4764 598.4315 598.4011 598.3362 598.2719 598.2194 598.1794 598.1338 598.0819 598.0087 597.9433 597.905 597.878 597.8311 597.7642 597.6974 597.6638 597.626 597.573 597.5085 597.444 597.4139 597.3868 597.337 597.2789
599.944 599.917 599.8765 599.8495 599.8224 599.7958 599.7695 599.7424 599.7189 599.692 599.6521 599.6171 599.5902 599.5632 599.5362 599.5085 599.4822 599.4555 599.4156 599.3804 599.3533 599.3264 599.2993 599.2724 599.2454 599.2184 599.1747 599.1055 599.0363 599.0023 598.9753 598.9483 598.9213 598.8943 598.8673 598.808 598.7393 598.6737 598.6468 598.6198 598.5789 598.5519 598.485 598.4208 598.3703 598.3289 598.2832 598.23 598.1637 598.0983 598.0642 598.0372 597.9903 597.9235 597.8567 597.823 597.7838 597.7245 597.66 597.5986 597.5716 597.5446 597.4865 597.4283
600.0309 599.9995 599.9591 599.9321 599.9051 599.8784 599.8521 599.8251 599.7981 599.7711 599.7306 599.6993 599.6723 599.6453 599.6183 599.5913 599.5651 599.5383 599.498 599.4664 599.4395 599.4083 599.3762 599.3441 599.3121 599.2817 599.2548 599.2278 599.1797 599.1456 599.1186 599.0916 599.0646 599.0376 599.0106 598.9492 598.8806 598.817 598.7901 598.7631 598.7298 598.699 598.634 598.5698 598.5212 598.4783 598.4389 598.384 598.3187 598.2533 598.2234 598.1965 598.1495 598.0828 598.0159 597.9821 597.9405 597.876 597.8115 597.7563 597.7294 597.7003 597.6359 597.5778
