samples/sfe_209/sfe_209_r2/sfe_209_r2/sfe_209_r2.asc
ncols         267
nrows         135
xllcorner     98.199999999255
yllcorner     82.800000000745
cellsize      0.3
NODATA_value  -9999
[rows 56 to 83 of 135, columns 192 to 255 of 267]
594.3465 594.314 594.3513 594.3243 594.3052 594.3348 594.3543 594.3458 594.3273 594.3658 594.3987 594.388 594.3723 594.4197 594.4557 594.4537 594.4215 594.4272 594.5305 594.5363 594.504 594.5212 594.82 594.9522 595.2502 595.3853 595.3583 595.6615 595.6525 595.6614 595.6533 595.6613 595.6771 595.6859 595.6682 595.6412 595.673 595.7015 595.7101 595.7188 595.7274 595.7461 595.7613 595.7631 595.765 595.7715 595.7939 595.8117 595.8153 595.8163 595.8123 595.8205 595.8398 595.8471 595.8484 595.8497 595.8446 595.8368 595.846 595.855 595.8639 595.8703 595.8724 595.8806
594.2382 594.2263 594.2255 594.2122 594.18 594.2222 594.19 594.2025 594.2003 594.1868 594.1923 594.2245 594.2253 594.2145 594.2473 594.2703 594.2733 594.242 594.2382 594.288 594.3217 594.3335 594.3232 594.2968 594.347 594.3367 594.5255 594.4988 594.6332 594.6033 595.0757 595.5535 595.5355 595.5417 595.5167 595.4982 595.5385 595.559 595.5676 595.5762 595.5895 595.6084 595.6185 595.6204 595.6222 595.6246 595.6623 595.6738 595.6752 595.6761 595.6667 595.6816 595.7009 595.7057 595.707 595.7083 595.6993 595.6931 595.7022 595.7112 595.7202 595.7248 595.7269 595.735
594.1597 594.1435 594.111 594.0887 594.111 594.1025 594.0835 594.0593 594.0693 594.0558 594.0737 594.066 594.0468 594.0768 594.0952 594.0878 594.0552 594.0415 594.1077 594.108 594.0755 594.0812 594.1095 594.1042 594.149 594.1492 594.1168 594.1063 594.135 594.1968 594.1802 594.176 594.1658 594.6555 594.6257 594.7762 595.2647 595.4164 595.425 595.4337 595.4519 595.4708 595.4757 595.4776 595.4794 595.4918 595.5298 595.5339 595.535 595.536 595.5234 595.5427 595.5621 595.5642 595.5655 595.5668 595.554 595.5494 595.5585 595.5674 595.5764 595.5793 595.5814 595.5895
594.0825 594.0613 594.0497 594.0225 593.9957 593.9938 593.9915 593.9725 593.9482 593.934 593.9507 593.9535 593.9345 593.9265 593.9313 593.9445 593.9415 593.9228 593.8961 593.9202 593.9288 593.9508 593.9185 593.891 593.9243 593.9465 593.9528 593.92 593.915 593.8935 593.941 593.9715 593.978 593.973 593.9963 594.0782 594.2288 594.3718 594.8615 594.999 595.3295 595.3311 595.3329 595.3348 595.3367 595.3601 595.3919 595.3938 595.3948 595.3958 595.3845 595.4039 595.4214 595.4227 595.424 595.4253 595.4085 595.4057 595.4147 595.4236 595.4317 595.4338 595.4359 595.444
594.0392 594.0082 593.996 593.9713 593.9425 593.9283 593.9033 593.8785 593.8763 593.8585 593.8423 593.8253 593.8243 593.828 593.812 593.7925 593.768 593.797 593.7913 593.7883 593.7748 593.7428 593.7233 593.7527 593.7723 593.7451 593.7318 593.7185 593.7515 593.7233 593.763 593.7603 593.7473 593.794 593.8305 593.8398 593.8273 593.952 593.9358 593.943 594.2778 594.419 595.0942 595.069 595.044 595.2285 595.2526 595.2536 595.2546 595.2557 595.2457 595.265 595.28 595.2813 595.2826 595.2839 595.2631 595.262 595.2709 595.2798 595.2862 595.2883 595.2904 595.2961
593.9968 593.9662 593.9393 593.9067 593.8958 593.8638 593.8542 593.8342 593.802 593.77 593.763 593.7638 593.737 593.705 593.6925 593.698 593.6893 593.6628 593.6302 593.6368 593.6575 593.6302 593.6115 593.584 593.5575 593.5837 593.613 593.6052 593.5725 593.5402 593.5915 593.6133 593.6003 593.5735 593.616 593.674 593.6772 593.6505 593.7012 593.7772 593.7593 593.723 594.0338 594.0055 593.972 594.6592 595.155 595.1415 595.1145 595.1118 595.1068 595.1261 595.1385 595.1398 595.1411 595.1424 595.1177 595.1182 595.1271 595.136 595.1407 595.1428 595.1449 595.1434
593.9783 593.949 593.9176 593.8795 593.8577 593.827 593.7908 593.7845 593.7525 593.725 593.7092 593.6835 593.6512 593.6483 593.6322 593.605 593.5727 593.5547 593.5675 593.5515 593.5193 593.4968 593.501 593.4815 593.452 593.488 593.4557 593.434 593.449 593.4595 593.4383 593.4323 593.457 593.4703 593.4598 593.4285 593.484 593.4957 593.5107 593.5032 593.4977 593.5935 593.586 593.601 593.7202 593.7095 593.6768 593.7005 594.2053 594.1743 594.697 594.8508 595.0065 594.9984 594.9996 594.9984 594.9722 594.9744 594.9833 594.9922 594.9952 594.9973 594.9994 594.9906
593.9813 593.9545 593.918 593.8849 593.8442 593.8165 593.7825 593.7548 593.7222 593.6907 593.6683 593.6415 593.6093 593.591 593.5725 593.5422 593.5313 593.506 593.479 593.447 593.4418 593.436 593.4083 593.3813 593.3795 593.3672 593.3613 593.3287 593.3065 593.3273 593.3257 593.3257 593.3095 593.2772 593.2963 593.33 593.3143 593.306 593.3538 593.361 593.33 593.3423 593.4015 593.4285 593.418 593.3915 593.4927 593.5273 593.4908 593.5085 593.6035 593.7537 593.7215 593.8745 594.3975 594.3693 594.34 594.8725 594.8455 594.8476 594.8497 594.8518 594.8539 594.8394
593.9983 593.959 593.9287 593.8943 593.862 593.83 593.7865 593.7593 593.7065 593.6902 593.658 593.6227 593.5935 593.5569 593.5344 593.502 593.4713 593.442 593.4293 593.402 593.3855 593.3605 593.3282 593.3262 593.314 593.282 593.257 593.2363 593.2443 593.2283 593.196 593.1733 593.1827 593.1772 593.1845 593.1685 593.1355 593.206 593.1802 593.152 593.2038 593.222 593.202 593.1835 593.2443 593.2755 593.2598 593.2518 593.2863 593.349 593.3295 593.3225 593.2896 593.389 593.4175 593.3855 593.3535 593.5588 593.9073 594.0655 594.417 594.5773 594.5502 594.7105
594.025 593.9925 593.9603 593.8955 593.8725 593.8398 593.8008 593.7717 593.7365 593.6968 593.6665 593.633 593.594 593.5668 593.5313 593.4816 593.4612 593.431 593.3992 593.3713 593.327 593.318 593.2855 593.2605 593.2495 593.2185 593.2055 593.1825 593.1558 593.1305 593.1187 593.1125 593.0853 593.0685 593.0728 593.0725 593.0402 593.0392 593.0377 593.0443 593.0493 593.0195 593.067 593.0698 593.0552 593.047 593.0947 593.1015 593.082 593.0858 593.1052 593.1362 593.1395 593.1325 593.1002 593.1622 593.1855 593.2035 593.1765 593.1735 593.2065 593.2582 593.4238 593.392
594.0763 594.049 594.0068 593.9747 593.9423 593.8998 593.8455 593.7755 593.759 593.727 593.6875 593.6478 593.6103 593.5782 593.5352 593.5065 593.4742 593.4405 593.3903 593.3675 593.3345 593.3 593.2699 593.2347 593.2114 593.1802 593.144 593.1385 593.106 593.0788 593.0695 593.039 593.026 593.0082 592.9918 592.969 592.9625 592.9528 592.9382 592.9215 592.9255 592.909 592.9196 592.9065 592.8873 592.9415 592.9253 592.9188 592.9255 592.9587 592.943 592.9295 592.9113 592.9587 592.9648 592.968 592.9605 592.9473 592.9705 593.022 593.0055 592.9985 592.9858 593.0507
594.182 594.1495 594.0627 594.0355 594.0032 593.9605 593.9282 593.8962 593.8333 593.8013 593.7257 593.6912 593.659 593.627 593.5795 593.5005 593.4845 593.4503 593.4183 593.381 593.334 593.3025 593.2758 593.2438 593.2079 593.159 593.1375 593.1085 593.076 593.048 593.022 592.9962 592.9692 592.9587 592.9297 592.9247 592.8978 592.865 592.8515 592.8593 592.832 592.8002 592.8082 592.8135 592.792 592.7645 592.7805 592.8025 592.7915 592.763 592.7635 592.799 592.7965 592.769 592.7368 592.7617 592.8068 592.7988 592.7717 592.7393 592.7813 592.832 592.8358 592.8085
594.274 594.228 594.1957 594.1638 594.1127 594.0465 594.0142 593.9263 593.9103 593.8777 593.8455 593.7823 593.7192 593.6918 593.6235 593.597 593.5648 593.5118 593.4195 593.4035 593.3713 593.3318 593.2888 593.2545 593.2122 593.1832 593.151 593.1168 593.0598 593.0438 593.0106 592.9769 592.9383 592.9203 592.8878 592.857 592.8402 592.8165 592.7987 592.7785 592.7477 592.7492 592.732 592.7083 592.6752 592.7017 592.68 592.6608 592.6765 592.6515 592.6665 592.6345 592.6177 592.6122 592.6395 592.6342 592.618 592.5963 592.621 592.6357 592.6192 592.6058 592.5803 592.665
594.3348 594.3082 594.276 594.2433 594.211 594.1653 594.133 594.0612 594.029 593.9778 593.9058 593.8787 593.828 593.8013 593.7292 593.6788 593.61 593.5677 593.541 593.5082 593.3987 593.3752 593.3304 593.296 593.2492 593.1843 593.161 593.1218 593.0897 593.057 593.0203 592.9792 592.9523 592.92 592.8734 592.8465 592.8168 592.7863 592.7448 592.736 592.7035 592.6857 592.6673 592.6455 592.6318 592.6063 592.5958 592.5735 592.5735 592.5415 592.5397 592.5388 592.5222 592.5002 592.4733 592.4993 592.5045 592.488 592.472 592.456 592.488 592.4907 592.4585 592.451
594.5265 594.4943 594.4622 594.3515 594.3192 594.2867 594.1815 594.1652 594.133 594.1005 594.0495 594.0173 593.9205 593.8752 593.8217 593.789 593.7435 593.711 593.621 593.5383 593.5225 593.477 593.396 593.3278 593.3058 593.2737 593.2153 593.1542 593.1127 593.0802 593.048 592.9938 592.964 592.9157 592.894 592.8603 592.828 592.7742 592.7523 592.7197 592.6845 592.6518 592.6282 592.5965 592.5657 592.5565 592.5453 592.5123 592.4872 592.4662 592.4738 592.4417 592.4095 592.3965 592.405 592.3887 592.356 592.355 592.3597 592.3645 592.3425 592.3268 592.2945 592.337
594.6575 594.625 594.5928 594.5388 594.5067 594.474 594.4417 594.344 594.3115 594.2032 594.1625 594.1305 594.0742 594.047 593.9575 593.8583 593.8232 593.791 593.7403 593.6733 593.5847 593.5555 593.5048 593.4515 593.398 593.3235 593.2922 593.2495 593.1862 593.1387 593.0915 593.0395 593.0135 592.959 592.8887 592.8707 592.8378 592.8022 592.7665 592.7183 592.695 592.6615 592.626 592.5768 592.5553 592.5258 592.498 592.4592 592.4445 592.4142 592.4085 592.3777 592.3652 592.3417 592.315 592.3068 592.2945 592.277 592.25 592.2282 592.2307 592.2307 592.1985 592.1982
594.8712 594.7703 594.7383 594.7054 594.6733 594.6412 594.5485 594.5023 594.47 594.438 594.381 594.3182 594.248 594.1935 594.0905 594.0633 594.0095 593.9555 593.818 593.7775 593.7451 593.6693 593.616 593.498 593.4822 593.4122 593.3643 593.322 593.2527 593.216 593.183 593.1405 593.0477 593.0162 592.984 592.925 592.8832 592.8057 592.79 592.7493 592.705 592.6725 592.6295 592.6013 592.569 592.5347 592.488 592.4615 592.4354 592.391 592.3687 592.3378 592.3027 592.2975 592.268 592.2535 592.2285 592.198 592.1855 592.1663 592.15 592.1273 592.1207 592.1135
595.0515 594.994 594.9615 594.9295 594.8975 594.84 594.7574 594.7255 594.6935 594.6302 594.5535 594.4967 594.4345 594.4075 594.2925 594.2333 594.1622 594.0807 594.0538 594 593.842 593.807 593.7502 593.705 593.5618 593.5295 593.476 593.4487 593.3685 593.2775 593.246 593.1982 593.1735 593.11 593.0297 593.0032 592.9528 592.9282 592.865 592.7902 592.762 592.7215 592.6897 592.6025 592.5788 592.5397 592.507 592.4678 592.4375 592.397 592.3695 592.3325 592.291 592.2659 592.2345 592.2023 592.1785 592.1535 592.1222 592.117 592.0897 592.0807 592.0508 592.0308
595.8287 595.8 595.7705 595.742 595.7127 595.2117 595.1907 595.1602 595.1287 595.0985 594.9102 594.7153 594.6385 594.5815 594.453 594.4257 594.3935 594.3057 594.2075 594.0985 594.0545 593.9952 593.9247 593.7888 593.7728 593.7185 593.6862 593.5755 593.4807 593.4542 593.4025 593.353 593.2112 593.195 593.1625 593.113 593.043 593.0012 592.9313 592.8928 592.8618 592.8173 592.7085 592.6923 592.65 592.5815 592.5245 592.4982 592.466 592.4188 592.3672 592.344 592.31 592.2758 592.2255 592.2025 592.1685 592.136 592.0959 592.0785 592.0478 592.0185 592.0055 591.9788
596.3552 596.3282 596.3012 596.2698 596.2429 596.2159 596.1897 596.1539 596.0934 596.0385 595.8545 595.6625 595.64 595.6113 595.1042 594.9073 594.5262 594.4662 594.4393 594.324 594.2092 594.1273 594.095 594.0458 593.9695 593.8602 593.779 593.7272 593.657 593.5323 593.5165 593.4628 593.4393 593.3878 593.268 593.1898 593.1575 593.1303 593.0463 592.9575 592.9227 592.877 592.8503 592.7703 592.7067 592.6688 592.635 592.5782 592.4975 592.4578 592.4307 592.3762 592.3215 592.2863 592.254 592.2087 592.1785 592.138 592.1107 592.0734 592.032 592.0061 591.9755 591.9473
596.5047 596.4777 596.4454 596.4105 596.3835 596.3566 596.326 596.2878 596.2274 596.1669 596.1287 596.0746 596.0206 595.9666 595.9258 595.8931 595.8497 595.8228 594.8035 594.79 594.757 594.3923 594.3098 594.1512 594.1347 594.042 593.9355 593.8182 593.802 593.7697 593.6845 593.604 593.5747 593.4678 593.4512 593.397 593.341 593.2587 593.1577 593.136 593.0805 593.0335 592.8873 592.871 592.839 592.7548 592.7087 592.63 592.6135 592.5552 592.4763 592.434 592.391 592.3485 592.2685 592.2393 592.1998 592.1597 592.1012 592.085 592.051 592.01 591.9665 591.9435
596.6541 596.6271 596.5873 596.5512 596.5243 596.4973 596.4599 596.4218 596.3613 596.3008 596.2639 596.2098 596.1558 596.1017 596.0598 596.0255 595.9658 595.9061 595.8467 595.7863 595.7425 595.3799 595.3575 595.3288 594.4557 594.207 594.1747 594.1483 594.033 593.9072 593.833 593.8148 593.7825 593.6755 593.577 593.51 593.459 593.432 593.355 593.3093 593.187 593.1483 593.1152 593.0833 592.942 592.861 592.8375 592.8063 592.6772 592.6183 592.5912 592.5112 592.4478 592.41 592.378 592.3143 592.2385 592.204 592.1718 592.1172 592.0555 592.0217 591.9948 591.957
596.8036 596.7766 596.7293 596.692 596.665 596.638 596.5938 596.5557 596.4952 596.437 596.3991 596.3451 596.291 596.237 596.1937 596.1578 596.0981 596.0384 595.9807 595.9202 595.8597 595.8205 595.7603 595.7002 595.63 595.603 595.0645 594.5253 594.5095 594.307 594.2753 594.0887 593.906 593.8565 593.8243 593.7817 593.7313 593.5652 593.483 593.4528 593.396 593.3415 593.251 593.1437 593.128 593.046 592.9612 592.8665 592.8448 592.7527 592.6283 592.6123 592.5798 592.4995 592.403 592.3762 592.344 592.3015 592.2062 592.1745 592.142 592.0767 591.9965 591.9803
596.953 596.926 596.8713 596.8326 596.8057 596.7789 596.7277 596.6896 596.6291 596.5776 596.5344 596.4803 596.4262 596.3713 596.3276 596.2902 596.2305 596.1708 596.1146 596.0541 595.9923 595.9531 595.893 595.8328 595.7589 595.6799 595.6328 595.5749 595.5148 595.3143 595.2867 595.093 594.733 594.53 594.5007 593.9448 593.8992 593.835 593.8027 593.6868 593.543 593.4915 593.4593 593.4265 593.221 593.1608 593.1353 593.0885 592.9437 592.8837 592.857 592.7808 592.6772 592.607 592.58 592.4395 592.4078 592.3645 592.311 592.2523 592.2042 592.1458 592.1187 592.0397
597.1025 597.0754 597.0132 596.9732 596.9464 596.9199 596.8617 596.8235 596.7631 596.7182 596.6696 596.6155 596.5615 596.5052 596.4615 596.4225 596.3629 596.3032 596.2485 596.188 596.1249 596.0858 596.0256 595.9655 595.8878 595.8098 595.769 595.7089 595.6487 595.5941 595.5504 595.4899 595.4294 595.3969 595.3564 595.3205 595.307 594.7505 594.1895 594.1718 594.1485 593.9395 593.6437 593.5222 593.4913 593.458 593.299 593.1865 593.1645 593.0577 592.9917 592.8903 592.869 592.7733 592.6343 592.618 592.5858 592.4453 592.3857 592.3532 592.3045 592.2245 592.144 592.128
597.2519 597.2178 597.1552 597.1138 597.0871 597.0561 596.9956 596.9575 596.897 596.8588 596.8047 596.7507 596.6967 596.6392 596.5955 596.5549 596.4952 596.4355 596.3824 596.322 596.2576 596.2184 596.1583 596.0956 596.0167 595.9453 595.903 595.8429 595.7828 595.728 595.6843 595.6238 595.5656 595.5308 595.489 595.4355 595.382 595.3285 595.2753 595.222 595.191 594.8047 594.7777 594.767 594.1918 593.5585 593.542 593.487 593.332 593.227 593.2003 593.0925 592.9852 592.9088 592.824 592.7662 592.7005 592.6302 592.5593 592.4395 592.402 592.3532 592.2723 592.1805
597.4014 597.3597 597.2972 597.2545 597.2278 597.19 597.1295 597.0914 597.0309 596.994 596.94 596.8859 596.8319 596.7731 596.7294 596.6873 596.6276 596.5679 596.5164 596.4559 596.3903 596.3511 596.291 596.2245 596.1455 596.0817 596.037 595.9769 595.9167 595.8619 595.8182 595.7578 595.7062 595.6647 595.6217 595.5682 595.5146 595.4612 595.408 595.3547 595.3002 595.2463 595.1932 595.1402 595.0785 595.0515 594.4913 593.9167 593.8967 593.501 593.351 593.2737 593.2135 593.1528 592.965 592.9127 592.8502 592.765 592.6743 592.5928 592.5165 592.4462 592.3807 592.337
597.5508 597.5017 597.4392 597.3951 597.3685 597.324 597.2635 597.2253 597.1671 597.1292 597.0752 597.0212 596.9671 596.907 596.8633 596.8197 596.7599 596.7003 596.6503 596.5898 596.5229 596.4837 596.4236 596.3534 596.2773 596.2223 596.171 596.1109 596.0508 595.9959 595.9521 595.8917 595.8468 595.7986 595.7543 595.7008 595.6473 595.594 595.5408 595.4875 595.4296 595.3765 595.3235 595.2704 595.2051 595.1359 595.0761 595.0233 594.9705 594.578 594.556 593.9845 593.4092 593.3155 593.2885 593.0775 593.0305 592.9735 592.8303 592.739 592.6768 592.6495 592.4688 592.436
