samples/sfe_209/sfe_209_r2/sfe_209_r2/sfe_209_r2.asc
ncols         267
nrows         135
xllcorner     98.199999999255
yllcorner     82.800000000745
cellsize      0.3
NODATA_value  -9999
[rows 28 to 55 of 135, columns 0 to 63 of 267]
-9999 -9999 -9999 603.7371 603.7046 603.6724 603.64 603.6074 603.5748 603.5438 603.5112 603.482 603.4525 603.4202 603.3926 603.3615 603.3297 603.3027 603.2726 603.2397 603.2068 603.1753 603.1483 603.1213 603.0947 603.0684 603.0421 603.0116 602.9786 602.951 602.92 602.887 602.8595 602.8266 602.7947 602.7677 602.7373 602.7056 602.6765 602.6473 602.6152 602.584 602.5537 602.5203 602.4911 602.4641 602.4371 602.4102 602.3834 602.3548 602.3228 602.2908 602.2637 602.2315 602.1991 602.1699 602.1406 602.1081 602.0756 602.0485 602.0163 601.984 601.9548 601.9277
-9999 -9999 -9999 603.7148 603.6823 603.65 603.6176 603.585 603.5524 603.5214 603.4888 603.4587 603.4297 603.3975 603.369 603.3385 603.3058 603.2788 603.2491 603.2162 603.1834 603.1508 603.1237 603.0967 603.0701 603.0438 603.0175 602.9877 602.9547 602.9262 602.8958 602.8627 602.8343 602.8019 602.769 602.7421 602.712 602.6802 602.6505 602.6216 602.5895 602.5576 602.5279 602.4945 602.4643 602.4373 602.4103 602.3834 602.3564 602.3283 602.2963 602.2643 602.2365 602.2047 602.1722 602.1422 602.1132 602.0807 602.0482 602.0206 601.9884 601.9561 601.9262 601.8991
-9999 -9999 -9999 603.6924 603.6599 603.6277 603.5953 603.5627 603.5302 603.499 603.4664 603.4355 603.407 603.3747 603.3455 603.3155 603.2828 603.2549 603.2256 603.1928 603.1599 603.1271 603.0992 603.0722 603.0455 603.0192 602.9929 602.9638 602.9308 602.9014 602.8714 602.8383 602.8091 602.7773 602.7441 602.7165 602.6866 602.6549 602.6245 602.596 602.5638 602.5317 602.5021 602.4687 602.4375 602.4105 602.3835 602.3566 602.3296 602.3018 602.2698 602.2379 602.2093 602.1777 602.1454 602.1145 602.0858 602.0533 602.0208 601.9926 601.9605 601.9282 601.8976 601.8705
-9999 -9999 603.7086 603.6701 603.6376 603.6053 603.5729 603.5404 603.5078 603.4761 603.444 603.4123 603.3843 603.352 603.322 603.2925 603.2598 603.2311 603.2022 603.1694 603.1365 603.1036 603.0746 603.0477 603.021 602.9947 602.9683 602.9399 602.9069 602.8765 602.8471 602.814 602.7839 602.7526 602.7194 602.6909 602.6613 602.6296 602.5986 602.5703 602.5382 602.506 602.4764 602.4429 602.4107 602.3837 602.3568 602.3298 602.3028 602.2753 602.2433 602.2114 602.1821 602.1509 602.1185 602.0869 602.0583 602.0259 601.9935 601.9644 601.9326 601.9003 601.869 601.8419
-9999 -9999 603.6844 603.6478 603.6152 603.583 603.5507 603.5181 603.4855 603.4531 603.4216 603.3891 603.3616 603.3293 603.2985 603.2695 603.2368 603.2073 603.1788 603.1459 603.113 603.0801 603.0502 603.0231 602.9965 602.9701 602.9438 602.916 602.8831 602.8516 602.8228 602.7897 602.7587 602.728 602.6948 602.6653 602.636 602.6042 602.5726 602.5447 602.5125 602.4804 602.4506 602.4171 602.384 602.3569 602.33 602.303 602.276 602.2488 602.2169 602.1848 602.1548 602.124 602.0916 602.0593 602.031 601.9985 601.9661 601.9363 601.9047 601.8724 601.8405 601.8134
-9999 -9999 603.6602 603.6254 603.5929 603.5607 603.5283 603.4957 603.4631 603.4305 603.3992 603.3666 603.3388 603.3065 603.275 603.2465 603.2138 603.1834 603.1553 603.1224 603.0896 603.0567 603.0256 602.9987 602.9719 602.9456 602.9192 602.8921 602.8591 602.8268 602.7985 602.7654 602.7335 602.7033 602.6701 602.6397 602.6107 602.5789 602.5471 602.519 602.4869 602.4547 602.4248 602.3914 602.3579 602.3301 602.3032 602.2762 602.2492 602.2224 602.1904 602.1583 602.1276 602.0971 602.0648 602.0323 602.0036 601.9711 601.9387 601.9081 601.8768 601.8445 601.8123 601.7847
-9999 -9999 603.636 603.6031 603.5706 603.5384 603.506 603.4734 603.4409 603.4083 603.3768 603.3442 603.3157 603.2838 603.2515 603.2236 603.1908 603.1595 603.1318 603.099 603.0661 603.0333 603.0011 602.9741 602.9473 602.921 602.8947 602.8682 602.8353 602.8022 602.7741 602.741 602.7083 602.6786 602.6454 602.6141 602.5853 602.5536 602.5218 602.4933 602.4612 602.4291 602.3987 602.3656 602.3322 602.3033 602.2764 602.2494 602.2224 602.1956 602.1639 602.1318 602.1004 602.0703 602.0379 602.0055 601.9762 601.9437 601.9113 601.8798 601.8489 601.8167 601.7844 601.7562
-9999 -9999 603.6133 603.5807 603.5483 603.5161 603.4836 603.4511 603.4185 603.3859 603.3544 603.3218 603.2924 603.2611 603.2288 603.2006 603.1678 603.1357 603.1084 603.0756 603.0427 603.0098 602.9769 602.9496 602.9228 602.8964 602.8701 602.8438 602.8113 602.7784 602.7498 602.7167 602.6837 602.6539 602.6208 602.5886 602.56 602.5283 602.4965 602.4677 602.4355 602.4034 602.3723 602.3398 602.3063 602.2766 602.2496 602.2226 602.1956 602.1688 602.1374 602.1053 602.0734 602.0434 602.011 601.9786 601.9488 601.9163 601.8839 601.8517 601.821 601.7888 601.7565 601.7275
-9999 -9999 603.5909 603.5584 603.5259 603.4937 603.4613 603.4288 603.3962 603.3636 603.332 603.2994 603.2692 603.2383 603.2061 603.1776 603.1448 603.1121 603.0848 603.0521 603.0192 602.9863 602.9535 602.925 602.8982 602.8719 602.8455 602.8193 602.7875 602.7545 602.7253 602.6924 602.6594 602.6293 602.5961 602.5629 602.5347 602.5029 602.4712 602.4417 602.4099 602.3777 602.3459 602.314 602.2806 602.2498 602.2228 602.1958 602.1689 602.142 602.1108 602.0789 602.0469 602.0165 601.9841 601.9518 601.9214 601.8889 601.8564 601.824 601.7932 601.7609 601.7286 601.699
-9999 -9999 603.5686 603.536 603.5036 603.4714 603.439 603.4064 603.3738 603.3412 603.3096 603.277 603.246 603.2156 603.1833 603.154 603.1218 603.0891 603.061 603.0286 602.9958 602.9629 602.93 602.9005 602.8737 602.8474 602.821 602.7946 602.7635 602.7306 602.7004 602.6681 602.635 602.6046 602.5714 602.5383 602.5093 602.4776 602.4459 602.4157 602.3842 602.3521 602.3199 602.2882 602.2548 602.223 602.196 602.1691 602.1421 602.1151 602.0844 602.0524 602.0204 601.9896 601.9573 601.9249 601.8939 601.8615 601.829 601.7966 601.7653 601.733 601.7007 601.6703
-9999 -9999 603.5463 603.5137 603.4813 603.449 603.4167 603.3841 603.3515 603.3189 603.2872 603.2546 603.2228 603.1929 603.1606 603.1304 603.0989 603.0661 603.0371 603.0052 602.9723 602.9395 602.9066 602.876 602.8491 602.8228 602.7964 602.7701 602.7397 602.7067 602.6755 602.6437 602.6107 602.58 602.5468 602.5136 602.484 602.4523 602.4205 602.3897 602.3585 602.3264 602.2943 602.2625 602.229 602.1962 602.1693 602.1423 602.1153 602.0883 602.0579 602.0259 601.9939 601.9628 601.9304 601.898 601.8662 601.8342 601.8017 601.7692 601.7374 601.7051 601.6729 601.6418
-9999 -9999 603.5239 603.4913 603.459 603.4268 603.3943 603.3618 603.3292 603.2966 603.2648 603.2322 603.1996 603.1702 603.1379 603.1069 603.0759 603.0432 603.0132 602.9818 602.9489 602.916 602.8831 602.8514 602.8245 602.7982 602.7719 602.7455 602.7158 602.6828 602.6507 602.6194 602.5864 602.5552 602.5221 602.489 602.4587 602.4269 602.3952 602.3638 602.3329 602.3007 602.2686 602.2366 602.2032 602.1698 602.1425 602.1155 602.0885 602.0615 602.0314 601.9994 601.9674 601.9359 601.9035 601.8712 601.8387 601.8068 601.7743 601.7418 601.7095 601.6808 601.654 601.6257
-9999 603.5419 603.5016 603.469 603.4366 603.4044 603.372 603.3394 603.3069 603.2743 603.2424 603.2098 603.1772 603.1475 603.1152 603.0834 603.0529 603.0201 602.9894 602.9583 602.9254 602.8925 602.8597 602.8269 602.8 602.7737 602.7473 602.7209 602.6919 602.6589 602.6259 602.5952 602.5621 602.53 602.4974 602.4642 602.4333 602.4016 602.3699 602.3381 602.3072 602.2751 602.2429 602.2109 602.1774 602.144 602.1157 602.0887 602.0617 602.0347 602.0049 601.9729 601.9409 601.9091 601.8766 601.8443 601.8155 601.7885 601.7386 601.6975 601.6262 601.5548 601.4963 601.4465
-9999 603.5177 603.4792 603.4467 603.4143 603.3821 603.3497 603.3171 603.2845 603.252 603.2199 603.1874 603.1548 603.1247 603.0924 603.0601 603.0299 602.9971 602.9656 602.9348 602.9019 602.8691 602.8362 602.8033 602.7755 602.7491 602.7228 602.6964 602.668 602.635 602.602 602.5708 602.5377 602.5048 602.4728 602.4396 602.408 602.3763 602.3445 602.3127 602.2816 602.2494 602.2173 602.1851 602.1517 602.1182 602.0889 602.0619 602.0349 602.0079 601.9784 601.95 601.9235 601.8889 601.816 601.7479 601.701 601.6282 601.5554 601.5137 601.4487 601.3773 601.3066 601.2674
-9999 603.4935 603.4569 603.4243 603.392 603.3597 603.3273 603.2948 603.2622 603.2296 603.197 603.165 603.1324 603.102 603.0697 603.0374 603.0069 602.9742 602.9417 602.9114 602.8785 602.8456 602.8127 602.7799 602.7509 602.7245 602.6982 602.6719 602.6441 602.6111 602.5781 602.5465 602.5134 602.4803 602.4481 602.4149 602.3824 602.351 602.3192 602.2874 602.2559 602.2238 602.1916 602.1593 602.1259 602.0935 602.0665 602.0325 601.9932 601.966 601.8943 601.8226 601.7657 601.7057 601.6329 601.5601 601.5178 601.445 601.3723 601.3243 601.2712 601.1998 601.1287 601.0882
-9999 603.4693 603.4346 603.402 603.3696 603.3374 603.3051 603.2725 603.2399 603.2073 603.1747 603.1426 603.11 603.0793 603.047 603.0146 602.9839 602.9512 602.9185 602.8879 602.855 602.8221 602.7893 602.7564 602.7263 602.7 602.6736 602.6473 602.6202 602.5872 602.5543 602.5222 602.4891 602.4561 602.4234 602.3903 602.3571 602.3256 602.2939 602.2621 602.2302 602.2015 602.1745 602.1405 602.0715 602.0026 601.9336 601.8646 601.7968 601.7827 601.7139 601.6422 601.5765 601.5225 601.4497 601.3769 601.3346 601.2618 601.189 601.1351 601.0938 601.0224 600.9512 600.9019
-9999 603.4451 603.4122 603.3796 603.3474 603.3151 603.2827 603.2501 603.2176 603.185 603.1524 603.1202 603.0876 603.0565 603.0242 602.9919 602.9609 602.9282 602.8954 602.8644 602.8316 602.7987 602.7659 602.733 602.7018 602.6754 602.6491 602.6227 602.5963 602.5633 602.5303 602.4979 602.4648 602.4317 602.3987 602.3656 602.3355 602.3085 602.2617 602.2211 602.1542 602.0874 602.0366 601.9726 601.9036 601.8347 601.7657 601.6967 601.6241 601.5933 601.5336 601.4619 601.3901 601.3393 601.2665 601.1937 601.1514 601.0786 601.0059 600.9457 600.9163 600.8449 600.7737 600.7123
-9999 603.4224 603.3898 603.3573 603.325 603.2928 603.2604 603.2278 603.1953 603.1627 603.1301 603.0978 603.0652 603.0332 603.0015 602.9692 602.9379 602.9052 602.8724 602.841 602.8081 602.7753 602.7424 602.7095 602.6773 602.6509 602.6245 602.5982 602.5718 602.5394 602.5065 602.4735 602.4435 602.4165 602.3691 602.3014 602.2365 602.1699 602.1032 602.0603 601.9935 601.9267 601.8712 601.8049 601.7357 601.6667 601.5978 601.5287 601.4598 601.4037 601.3532 601.2815 601.2098 601.1561 601.0833 601.0105 600.9636 600.8954 600.8226 600.7565 600.7294 600.6674 600.5963 600.5253
-9999 603.4001 603.3675 603.335 603.3027 603.2704 603.238 603.2055 603.1729 603.1403 603.1077 603.0754 603.0428 603.0102 602.9788 602.9465 602.9149 602.8822 602.8495 602.8176 602.7847 602.7518 602.7189 602.686 602.6532 602.6263 602.6 602.5736 602.5513 602.5242 602.4766 602.4088 602.3406 602.2733 602.2061 602.1383 602.078 602.0114 601.9448 601.8961 601.8327 601.7659 601.7057 601.6427 601.5678 601.4988 601.4299 601.3608 601.2919 601.2072 601.1729 601.1011 601.0294 600.9729 600.9001 600.8273 600.7744 600.7122 600.6395 600.5671 600.5402 600.49 600.4188 600.3478
-9999 603.3777 603.3452 603.3126 603.2803 603.2481 603.2157 603.1832 603.1506 603.118 603.0854 603.053 603.0204 602.9878 602.9561 602.9238 602.8918 602.8592 602.8265 602.7941 602.7612 602.7283 602.6955 602.6675 602.6405 602.588 602.5251 602.4888 602.4463 602.3779 602.3095 602.2441 602.176 602.1083 602.043 601.9753 601.9196 601.853 601.7863 601.7306 601.6719 601.6052 601.5403 601.4804 601.3999 601.3309 601.262 601.1929 601.124 601.0346 600.9925 600.9208 600.8491 600.7897 600.7169 600.6441 600.5851 600.5291 600.4562 600.3835 600.3508 600.3125 600.2413 600.1703
-9999 603.3554 603.3228 603.2902 603.258 603.2258 603.1934 603.1608 603.1282 603.0957 603.0631 603.0306 602.998 602.9654 602.9333 602.9011 602.8687 602.8362 602.8035 602.7755 602.7485 602.6922 602.6393 602.5572 602.4802 602.4173 602.3544 602.3113 602.2793 602.2109 602.1425 602.0795 602.0114 601.9433 601.88 601.8123 601.7565 601.6945 601.6279 601.5652 601.5112 601.4444 601.3776 601.3182 601.2371 601.163 601.0941 601.025 600.9561 600.8739 600.8091 600.7404 600.6687 600.603 600.5338 600.4609 600.3958 600.3459 600.2731 600.2003 600.1616 600.1345 600.0638 599.9929
603.3752 603.3331 603.3005 603.2679 603.2357 603.2035 603.1711 603.1385 603.106 603.0734 603.0408 603.0082 602.9756 602.943 602.9106 602.8828 602.8558 602.7941 602.7254 602.6566 602.5876 602.5186 602.4739 602.3918 602.3116 602.2466 602.1837 602.1338 602.1069 602.0438 601.9755 601.9149 601.8468 601.7787 601.7167 601.6492 601.591 601.5361 601.4694 601.4028 601.3505 601.2836 601.2168 601.1559 601.0748 600.9951 600.9261 600.8571 600.7881 600.7132 600.6177 600.5601 600.4883 600.4166 600.3505 600.2778 600.2065 600.1627 600.0898 600.0171 599.9722 599.9453 599.8864 599.8154
603.351 603.3107 603.2781 603.2456 603.2134 603.1812 603.1487 603.1161 603.0836 603.051 603.0184 602.9905 602.9635 602.9015 602.8325 602.7635 602.6947 602.6261 602.5574 602.4886 602.4197 602.3507 602.3039 602.2263 602.1442 602.0759 602.0129 601.9564 601.9294 601.8768 601.8084 601.7503 601.6822 601.6141 601.5518 601.4861 601.4256 601.3776 601.311 601.2444 601.1897 601.1229 601.0561 600.9937 600.9126 600.8315 600.7582 600.6892 600.6202 600.5513 600.4451 600.3797 600.308 600.2363 600.1674 600.0945 600.0217 599.9795 599.9067 599.8415 599.7388 599.7108 599.6835 599.6583
603.3268 603.2883 603.2558 603.2233 603.191 603.1588 603.1264 603.0985 603.0715 603.012 602.9459 602.8782 602.8116 602.745 602.6646 602.5956 602.5267 602.4581 602.3895 602.3207 602.2518 602.1828 602.1334 602.0609 601.9787 601.9069 601.8422 601.7792 601.7519 601.7098 601.6414 601.5857 601.5176 601.4495 601.3868 601.3231 601.2601 601.2191 601.1525 601.0859 601.0289 600.9621 600.8953 600.8314 600.7503 600.6693 600.5903 600.5213 600.4523 600.3834 600.2844 600.1993 600.1276 600.0559 599.9841 599.9495 599.776 599.6745 599.6455 599.3802 599.2845 599.2532 599.2215 599.2007
603.3026 603.266 603.2335 603.2055 603.1785 603.121 603.0577 602.9944 602.9218 602.8557 602.7896 602.7198 602.6532 602.5865 602.4967 602.4277 602.3588 602.2902 602.2215 602.1528 602.0839 602.0149 601.9621 601.8934 601.8133 601.739 601.6714 601.6085 601.5745 601.5428 601.4744 601.4211 601.353 601.2849 601.2217 601.16 601.0947 601.0607 600.9941 600.9275 600.8682 600.8014 600.7346 600.6691 600.5881 600.507 600.4259 600.3534 600.2844 600.2155 600.1237 599.9868 599.9593 599.86 599.6177 599.5872 599.3383 599.2833 599.251 599.1685 599.0967 599.0643 599.032 599.0038
603.2865 603.2301 603.1679 603.103 603.0399 602.9767 602.911 602.8477 602.7808 602.6995 602.6334 602.5644 602.4948 602.4282 602.3394 602.2598 602.1909 602.1222 602.0535 601.9849 601.916 601.847 601.7863 601.7229 601.6478 601.571 601.5021 601.4378 601.397 601.3704 601.3073 601.2565 601.1884 601.1202 601.0568 600.9952 600.9293 600.9022 600.8356 600.769 600.7075 600.6406 600.5738 600.5068 600.4258 600.3447 600.2636 600.1855 600.1375 600.1105 599.653 599.5693 599.5375 599.4047 599.3358 599.2753 599.2032 599.1487 599.116 599.0335 598.9618 598.9293 598.897 598.7865
603.1513 603.0891 603.0269 602.9583 602.8951 602.832 602.7643 602.701 602.6378 602.5432 602.4771 602.4109 602.3363 602.2697 602.1874 602.0919 602.0229 601.9542 601.8856 601.817 601.748 601.679 601.6105 601.5524 601.4824 601.4031 601.3342 601.2671 601.2195 601.1926 601.1403 601.0919 601.0237 600.9556 600.8918 600.8303 600.7662 600.7368 600.6772 600.6106 600.5455 600.4799 600.413 600.3446 600.2635 600.153 600.1255 599.8303 599.5807 599.5392 599.51 599.377 599.355 599.2953 599.2233 599.1683 599.0405 599.014 598.981 598.8705 598.8295 598.797 598.7645 598.7155
603.0265 602.9481 602.8858 602.8235 602.7504 602.6873 602.621 602.5544 602.4911 602.4022 602.3209 602.2548 602.1794 602.1113 602.0353 601.9323 601.855 601.7862 601.7176 601.649 601.5801 601.5111 601.4421 601.382 601.3124 601.2352 601.1663 601.0973 601.0421 601.015 600.9733 600.9272 600.8591 600.791 600.7267 600.6652 600.6031 600.5714 600.5187 600.4521 600.3856 600.3257 600.299 600.0095 599.8555 599.7592 599.7272 599.562 599.5295 599.394 599.375 599.2925 599.22 599.1095 599.0657 599.0333 598.9138 598.8865 598.8542 598.752 598.7103 598.6777 598.6535 598.632
