samples/sfe_25/sfe_25_c2/sfe_25_c2/sfe_25_c2.asc
ncols         253
nrows         137
xllcorner     79
yllcorner     53
cellsize      1
NODATA_value  -9999
[rows 58 to 86 of 137, columns 65 to 129 of 253]
599.523 599.51 599.4945 599.4835 599.469 599.452 599.4355 599.4189 599.3985 599.381 599.3645 599.347 599.33 599.314 599.2985 599.285 599.272 599.2595 599.2465 599.234 599.222 599.209 599.2 599.191 599.1815 599.172 599.1635 599.1541 599.144 599.139 599.133 599.1265 599.1215 599.115 599.108 599.1015 599.0965 599.091 599.084 599.075 599.0675 599.0625 599.055 599.044 599.039 599.028 599.022 599.008 599.0035 598.9925 598.988 598.9765 598.971 598.9615 598.955 598.9455 598.939 598.93 598.9185 598.915 598.9015 598.897 598.8875 598.874 598.8645
599.5045 599.491 599.4765 599.4625 599.447 599.4294 599.412 599.399 599.3845 599.3685 599.3515 599.3345 599.3185 599.308 599.2955 599.2825 599.2695 599.258 599.2454 599.2355 599.2275 599.2175 599.2085 599.2 599.19 599.182 599.178 599.1725 599.1655 599.1605 599.155 599.149 599.147 599.1455 599.1405 599.1355 599.131 599.124 599.1185 599.107 599.1035 599.1005 599.091 599.0845 599.079 599.0695 599.063 599.054 599.045 599.0385 599.03 599.023 599.013 599.0085 598.996 598.9915 598.981 598.9765 598.965 598.965 598.952 598.9515 598.9395 598.9295 598.9175
599.486 599.472 599.4585 599.445 599.431 599.419 599.4025 599.387 599.371 599.356 599.3425 599.3304 599.318 599.3055 599.2925 599.2815 599.2715 599.2635 599.254 599.244 599.2355 599.226 599.218 599.214 599.208 599.2025 599.1975 599.192 599.1865 599.188 599.1855 599.184 599.1805 599.179 599.1765 599.1735 599.171 599.1665 599.164 599.153 599.1505 599.1465 599.135 599.1315 599.1215 599.1155 599.104 599.1021 599.089 599.0875 599.0775 599.072 599.063 599.059 599.05 599.0445 599.0375 599.0325 599.024 599.024 599.014 599.01 598.9985 598.9955 598.9835
599.4765 599.462 599.4485 599.435 599.421 599.408 599.391 599.3785 599.366 599.3535 599.342 599.3295 599.3175 599.307 599.299 599.289 599.28 599.2715 599.262 599.254 599.25 599.243 599.237 599.2325 599.2271 599.223 599.223 599.2215 599.22 599.222 599.218 599.219 599.2195 599.2225 599.2235 599.2215 599.2175 599.214 599.212 599.201 599.201 599.198 599.188 599.187 599.1755 599.1715 599.1615 599.1555 599.1485 599.1405 599.1365 599.126 599.1225 599.111 599.11 599.097 599.097 599.086 599.0865 599.089 599.079 599.078 599.0725 599.067 599.0545
599.468 599.4535 599.439 599.4255 599.4145 599.4025 599.39 599.3775 599.3645 599.3525 599.3417 599.334 599.326 599.317 599.308 599.2975 599.29 599.2855 599.279 599.2735 599.2685 599.2625 599.2555 599.254 599.2545 599.2525 599.2545 599.255 599.2525 599.26 599.263 599.265 599.268 599.268 599.274 599.2745 599.2735 599.2725 599.2695 599.261 599.26 599.254 599.248 599.245 599.2345 599.2275 599.2215 599.2105 599.2105 599.199 599.1985 599.188 599.1825 599.177 599.1745 599.167 599.1675 599.157 599.1585 599.1605 599.159 599.1495 599.153 599.1405 599.1285
599.46 599.4485 599.436 599.424 599.413 599.402 599.3895 599.3774 599.368 599.36 599.3515 599.3435 599.335 599.328 599.3215 599.3156 599.3095 599.305 599.298 599.293 599.2896 599.286 599.2841 599.284 599.284 599.284 599.2875 599.292 599.298 599.3051 599.306 599.312 599.3235 599.3285 599.334 599.3345 599.3335 599.3335 599.329 599.3245 599.3255 599.314 599.316 599.3075 599.306 599.2935 599.2905 599.2825 599.275 599.2715 599.2635 599.26 599.251 599.2495 599.2395 599.24 599.236 599.2325 599.2375 599.2415 599.2395 599.2335 599.237 599.23 599.223
599.4604 599.4485 599.4365 599.4245 599.4125 599.4076 599.3935 599.3845 599.3765 599.3695 599.361 599.356 599.3521 599.347 599.341 599.3355 599.329 599.3275 599.3225 599.321 599.3185 599.316 599.314 599.313 599.3175 599.322 599.328 599.3335 599.3425 599.3521 599.3625 599.3715 599.3825 599.385 599.3995 599.403 599.4055 599.4065 599.4005 599.397 599.3986 599.387 599.388 599.376 599.3795 599.3665 599.355 599.356 599.3465 599.3455 599.3365 599.3305 599.327 599.3215 599.3215 599.3205 599.316 599.317 599.323 599.326 599.3295 599.3205 599.3255 599.318 599.3199
599.46 599.448 599.436 599.427 599.418 599.4105 599.4015 599.3935 599.386 599.383 599.379 599.3755 599.3715 599.3645 599.364 599.361 599.3585 599.3564 599.3535 599.35 599.349 599.3465 599.3505 599.3525 599.358 599.3625 599.3675 599.382 599.3965 599.4065 599.4205 599.431 599.4465 599.457 599.472 599.4755 599.4795 599.4825 599.472 599.4755 599.48 599.468 599.4715 599.4605 599.4554 599.4525 599.44 599.433 599.4315 599.422 599.417 599.4115 599.407 599.4025 599.4065 599.396 599.4025 599.4085 599.417 599.4225 599.4245 599.424 599.4235 599.429 599.4185
599.4615 599.452 599.444 599.435 599.427 599.419 599.4105 599.407 599.404 599.401 599.398 599.3965 599.3965 599.3955 599.394 599.3925 599.39 599.386 599.3865 599.3865 599.386 599.386 599.3895 599.392 599.398 599.407 599.4175 599.4335 599.4475 599.464 599.4835 599.5035 599.513 599.5335 599.5455 599.5594 599.5645 599.568 599.563 599.56 599.5655 599.553 599.557 599.547 599.534 599.539 599.5285 599.516 599.518 599.51 599.4985 599.498 599.4925 599.4905 599.495 599.493 599.4995 599.5065 599.5145 599.5215 599.521 599.5235 599.535 599.539 599.5355
599.469 599.46 599.4515 599.443 599.4355 599.431 599.427 599.4245 599.4225 599.42 599.4225 599.425 599.4275 599.4275 599.4245 599.429 599.427 599.4275 599.428 599.426 599.4255 599.427 599.433 599.4375 599.448 599.459 599.4635 599.486 599.5095 599.5305 599.5535 599.5725 599.597 599.618 599.6315 599.645 599.6535 599.6595 599.6541 599.654 599.662 599.649 599.6415 599.6445 599.632 599.627 599.6265 599.6145 599.606 599.608 599.5965 599.586 599.59 599.5785 599.5845 599.5916 599.5905 599.6035 599.6235 599.6324 599.6385 599.6475 599.6595 599.649 599.6605
599.4765 599.4685 599.4595 599.4545 599.4505 599.447 599.444 599.4415 599.4445 599.4475 599.4515 599.453 599.4595 599.4655 599.467 599.4709 599.4685 599.4655 599.4675 599.472 599.472 599.4765 599.481 599.489 599.499 599.5105 599.525 599.5485 599.567 599.591 599.624 599.65 599.682 599.6975 599.718 599.7425 599.7515 599.7575 599.7635 599.752 599.762 599.7485 599.737 599.746 599.7345 599.7215 599.7255 599.718 599.706 599.7015 599.696 599.6895 599.69 599.688 599.6906 599.692 599.696 599.713 599.7345 599.736 599.7495 599.7635 599.777 599.786 599.784
599.485 599.478 599.4735 599.47 599.4666 599.4635 599.4625 599.4655 599.47 599.4755 599.481 599.4905 599.4985 599.507 599.5105 599.514 599.5195 599.5195 599.52 599.5225 599.5255 599.5265 599.526 599.54 599.553 599.5705 599.5875 599.609 599.6385 599.6685 599.6945 599.735 599.767 599.7915 599.816 599.834 599.856 599.8645 599.869 599.861 599.873 599.8595 599.848 599.857 599.8445 599.832 599.825 599.829 599.8175 599.807 599.795 599.8 599.7895 599.799 599.787 599.799 599.811 599.8235 599.847 599.8595 599.8805 599.895 599.922 599.9604 599.9565
599.499 599.4935 599.4885 599.4855 599.483 599.4835 599.486 599.49 599.4935 599.505 599.5185 599.529 599.536 599.5485 599.562 599.566 599.574 599.5745 599.5725 599.574 599.58 599.5855 599.588 599.598 599.612 599.6275 599.6515 599.6815 599.712 599.7415 599.7855 599.827 599.861 599.894 599.924 599.945 599.9655 599.976 599.986 599.973 599.9875 599.974 599.962 599.968 599.9615 599.949 599.937 599.94 599.929 599.9245 599.9115 599.912 599.9105 599.91 599.9105 599.923 599.935 599.948 599.973 600.0105 600.0805 600.138 600.1765 600.2155 600.245
599.5135 599.509 599.5035 599.5025 599.5031 599.5055 599.509 599.514 599.525 599.5405 599.5525 599.5685 599.5855 599.598 599.61 599.622 599.6295 599.6375 599.638 599.639 599.6425 599.646 599.644 599.66 599.6746 599.697 599.724 599.7495 599.7795 599.825 599.87 599.9055 599.9554 600.004 600.0334 600.05 600.085 600.0985 600.1055 600.0965 600.111 600.097 600.0855 600.08 600.085 600.072 600.0615 600.053 600.0405 600.048 600.0345 600.023 600.0445 600.0355 600.0655 600.0985 600.1315 600.175 600.226 600.2645 600.3535 600.367 600.3701 600.3712 600.3679
599.5285 599.5245 599.5225 599.524 599.525 599.528 599.531 599.5439 599.5575 599.572 599.592 599.613 599.635 599.647 599.6705 599.684 599.694 599.7015 599.698 599.7015 599.7045 599.712 599.716 599.7305 599.7445 599.7665 599.787 599.8225 599.8635 599.902 599.955 600.005 600.052 600.1045 600.142 600.1735 600.2085 600.2345 600.27 600.257 600.2965 600.283 600.271 600.26 600.279 600.284 600.273 600.261 600.2485 600.2635 600.251 600.261 600.262 600.2725 600.292 600.325 600.359 600.415 600.4181 600.4235 600.4273 600.4304 600.4355 600.4367 600.4334
599.5475 599.547 599.545 599.5455 599.547 599.551 599.561 599.5745 599.5854 599.607 599.6335 599.6555 599.6835 599.7065 599.733 599.742 599.7595 599.7679 599.7745 599.7775 599.777 599.7815 599.7895 599.794 599.8135 599.8395 599.867 599.902 599.942 599.997 600.05 600.0975 600.162 600.2145 600.2675 600.3495 600.4195 600.4795 600.5155 600.504 600.543 600.5305 600.519 600.5085 600.5035 600.534 600.522 600.51 600.499 600.4895 600.4775 600.488 600.4786 600.4731 600.4709 600.4734 600.4744 600.4788 600.4865 600.4915 600.4942 600.4959 600.501 600.5023 600.499
599.57 599.5685 599.5675 599.5675 599.5705 599.579 599.591 599.6055 599.622 599.6455 599.6725 599.705 599.7365 599.766 599.7935 599.8156 599.8355 599.8415 599.851 599.847 599.854 599.8605 599.867 599.877 599.893 599.92 599.941 599.9805 600.032 600.09 600.1395 600.204 600.2615 600.37 600.479 600.5845 600.641 600.651 600.6529 600.6601 600.658 600.6536 600.6442 600.6342 600.6223 600.6172 600.6126 600.6017 600.5919 600.5796 600.5682 600.5579 600.5534 600.5473 600.5447 600.5452 600.5466 600.5475 600.5547 600.5594 600.5612 600.5645 600.5665 600.5678 600.5645
599.5925 599.59 599.5915 599.5945 599.599 599.6075 599.6195 599.638 599.6595 599.681 599.7145 599.7545 599.7865 599.825 599.8605 599.882 599.908 599.9245 599.9305 599.936 599.942 599.949 599.9555 599.9605 599.9685 599.9969 600.028 600.0675 600.116 600.1735 600.24 600.3085 600.434 600.589 600.687 600.701 600.7082 600.7153 600.7225 600.7297 600.7298 600.7254 600.7174 600.7073 600.6956 600.6907 600.686 600.6763 600.6666 600.6547 600.6434 600.6327 600.6282 600.6221 600.6187 600.6171 600.6188 600.6162 600.623 600.6273 600.6281 600.6323 600.632 600.6334 600.6301
599.619 599.619 599.6205 599.6225 599.627 599.6345 599.6505 599.673 599.696 599.7215 599.7585 599.7955 599.844 599.8885 599.9165 599.9605 599.9915 600.0115 600.018 600.0255 600.0341 600.0405 600.038 600.051 600.062 600.0845 600.115 600.1495 600.2075 600.274 600.339 600.499 600.6335 600.7181 600.7436 600.7691 600.7778 600.785 600.7922 600.7993 600.8016 600.7972 600.791 600.7805 600.7687 600.7641 600.7595 600.7511 600.7411 600.7294 600.7184 600.7075 600.7029 600.6968 600.6925 600.6889 600.691 600.6849 600.6914 600.6953 600.6951 600.6993 600.6974 600.6989 600.6956
599.649 599.6485 599.6495 599.6515 599.6555 599.6695 599.6845 599.7075 599.7275 599.765 599.7985 599.845 599.9015 599.9425 599.9905 600.04 600.069 600.0975 600.1155 600.1245 600.133 600.134 600.132 600.142 600.1565 600.1755 600.2035 600.2465 600.3075 600.384 600.521 600.6895 600.7441 600.7803 600.8077 600.8333 600.8475 600.8546 600.8618 600.869 600.8735 600.8691 600.8636 600.8536 600.842 600.8376 600.8329 600.8257 600.8151 600.8041 600.7932 600.7823 600.7776 600.7717 600.7664 600.7608 600.7631 600.7567 600.7597 600.7645 600.762 600.7662 600.7629 600.7645 600.7621
599.679 599.679 599.6785 599.681 599.6905 599.7035 599.7175 599.738 599.7685 599.8085 599.841 599.899 599.9495 600.0055 600.0635 600.114 600.1585 600.196 600.2145 600.225 600.235 600.223 600.235 600.2425 600.252 600.2765 600.304 600.334 600.4385 600.561 600.7025 600.7659 600.8035 600.8399 600.8719 600.8975 600.9171 600.9243 600.9314 600.9386 600.9442 600.9409 600.9362 600.9268 600.9152 600.9109 600.9064 600.8998 600.889 600.8787 600.8679 600.8571 600.8524 600.8467 600.8403 600.8337 600.8353 600.83 600.8281 600.8354 600.8316 600.8331 600.8283 600.8315 600.8282
599.714 599.7135 599.7155 599.7175 599.725 599.738 599.749 599.7765 599.8094 599.8425 599.8875 599.944 600.0055 600.0685 600.126 600.1965 600.2405 600.281 600.3195 600.3345 600.345 600.3335 600.345 600.348 600.357 600.387 600.4305 600.515 600.6205 600.736 600.7862 600.8248 600.8624 600.8994 600.9357 600.9617 600.9872 600.9939 601.001 601.0082 601.0149 601.0128 601.0084 601 600.9885 600.984 600.9798 600.9738 600.9629 600.9533 600.9426 600.9319 600.9272 600.9216 600.9142 600.9085 600.9075 600.903 600.8983 600.9045 600.9017 600.9001 600.8938 600.8989 600.8948
599.754 599.7525 599.7525 599.754 599.7575 599.7715 599.7896 599.8155 599.8416 599.8865 599.934 599.9885 600.0605 600.1155 600.1995 600.273 600.327 600.3895 600.4235 600.4525 600.485 600.4755 600.5085 600.4985 600.5295 600.565 600.6195 600.7045 600.7685 600.8014 600.8466 600.8876 600.9213 600.9589 600.9953 601.0258 601.0513 601.0635 601.0707 601.0779 601.085 601.0846 601.0802 601.0731 601.0617 601.0569 601.0533 601.0479 601.0368 601.028 601.0173 601.0068 601.002 600.9965 600.9881 600.9832 600.9797 600.9758 600.9692 600.9728 600.9714 600.967 600.9608 600.9644 600.9604
599.794 599.791 599.7885 599.7945 599.801 599.8125 599.8295 599.8521 599.8845 599.9305 599.973 600.036 600.1075 600.1765 600.2665 600.3455 600.423 600.4945 600.578 600.6605 600.6915 600.693 600.7245 600.7145 600.7475 600.7625 600.7964 600.8129 600.8398 600.8756 600.9056 600.946 600.9801 601.0177 601.0548 601.09 601.1155 601.1331 601.1403 601.1475 601.1547 601.1564 601.152 601.1461 601.1349 601.1298 601.1267 601.1219 601.1107 601.1026 601.092 601.0819 601.0767 601.0714 601.062 601.0577 601.0528 601.0491 601.038 601.0411 601.0394 601.0339 601.0294 601.0298 601.0259
599.8416 599.8375 599.836 599.8395 599.8455 599.8545 599.8695 599.893 599.9275 599.9745 600.0185 600.0825 600.1515 600.238 600.3175 600.424 600.518 600.674 600.766 600.865 600.8556 600.8459 600.835 600.8321 600.8618 600.864 600.8775 600.8929 600.9162 600.9469 600.9738 601.0107 601.0475 601.0766 601.1142 601.1506 601.1797 601.2052 601.21 601.2171 601.2243 601.2277 601.2239 601.2175 601.2083 601.2026 601.2001 601.1955 601.1848 601.1772 601.1666 601.1569 601.1514 601.1462 601.1365 601.1328 601.1255 601.1219 601.1066 601.1095 601.1073 601.1009 601.0982 601.0953 601.0915
599.892 599.885 599.884 599.884 599.8895 599.8945 599.914 599.939 599.97 600.0105 600.0675 600.1265 600.2035 600.2995 600.3855 600.4895 600.667 600.853 600.8792 600.8695 600.8594 600.8487 600.8602 600.9072 600.9471 600.9493 600.9597 600.975 600.9933 601.0181 601.054 601.0696 601.107 601.1405 601.173 601.2102 601.2439 601.2694 601.2796 601.2867 601.2939 601.2979 601.2957 601.2888 601.2823 601.2755 601.2734 601.269 601.2589 601.2518 601.2413 601.232 601.2262 601.2211 601.2112 601.2072 601.1973 601.1953 601.1796 601.1778 601.1752 601.1678 601.1666 601.1607 601.157
599.9435 599.934 599.935 599.9345 599.938 599.946 599.9615 599.984 600.0075 600.058 600.1165 600.167 600.2545 600.342 600.4525 600.5985 600.8145 600.8931 600.8827 600.8729 600.8624 600.8884 600.9354 600.9824 601.0273 601.0347 601.0421 601.0567 601.0715 601.0953 601.1252 601.146 601.1743 601.2078 601.2319 601.2695 601.306 601.3336 601.3498 601.3564 601.3635 601.3685 601.3676 601.3611 601.3557 601.3483 601.3466 601.3424 601.333 601.3265 601.316 601.307 601.301 601.296 601.2859 601.2813 601.2692 601.2682 601.2529 601.2462 601.2446 601.2369 601.2353 601.2262 601.2226
600.0015 599.997 599.9935 599.9895 599.9919 599.998 600.0095 600.027 600.056 600.1055 600.158 600.217 600.306 600.399 600.5095 600.7185 600.9067 600.8965 600.8864 600.8766 600.9165 600.9635 601.0105 601.0576 601.1046 601.1201 601.1245 601.1378 601.1531 601.1737 601.1965 601.2267 601.2357 601.2741 601.3033 601.3284 601.3655 601.3978 601.4219 601.426 601.4332 601.4391 601.4394 601.4343 601.4289 601.4212 601.4196 601.4158 601.4071 601.402 601.3907 601.3821 601.3757 601.3708 601.3606 601.3552 601.3417 601.3409 601.3256 601.3169 601.3152 601.3066 601.3037 601.2916 601.2881
600.06 600.061 600.0525 600.0455 600.046 600.0465 600.0595 600.0815 600.1085 600.1541 600.196 600.267 600.35 600.4565 600.585 600.838 600.9102 600.9 600.8976 600.9446 600.9916 601.0387 601.0857 601.1327 601.1797 601.2054 601.2076 601.2207 601.2352 601.2509 601.272 601.3036 601.3183 601.338 601.3685 601.3887 601.4249 601.4614 601.4875 601.4956 601.5028 601.5098 601.511 601.5069 601.502 601.494 601.4927 601.4893 601.4813 601.4764 601.4655 601.4578 601.4506 601.4457 601.4354 601.4291 601.4167 601.4131 601.3993 601.3895 601.3862 601.377 601.3727 601.3576 601.3537
