samples/sfe_25/sfe_25_c2/sfe_25_c2/sfe_25_c2.asc
ncols         253
nrows         137
xllcorner     79
yllcorner     53
cellsize      1
NODATA_value  -9999
[rows 87 to 115 of 137, columns 0 to 64 of 253]
-9999 -9999 -9999 -9999 -9999 -9999 -9999 -9999 -9999 603.1754 602.9064 602.6375 602.3685 602.0996 601.7585 601.6577 601.7066 601.6116 601.517 601.4234 600.016 599.996 599.9825 599.968 599.956 599.9459 599.9395 599.933 599.9255 599.92 599.9185 599.9165 599.916 599.9135 599.917 599.9196 599.9205 599.921 599.919 599.914 599.912 599.9105 599.905 599.902 599.899 599.8945 599.893 599.889 599.8875 599.8875 599.8885 599.898 599.909 599.921 599.938 599.957 599.9835 600.0105 600.0341 600.0649 600.0895 600.112 600.1255 600.129 600.1355
-9999 -9999 -9999 -9999 -9999 -9999 -9999 -9999 -9999 603.2545 602.9856 602.7166 602.4477 602.1787 601.8826 601.6229 601.7615 601.6663 601.572 601.4783 600.183 599.994 599.9815 599.9695 599.9625 599.956 599.95 599.943 599.9395 599.939 599.9375 599.936 599.938 599.941 599.9455 599.9485 599.951 599.9554 599.9565 599.9545 599.9515 599.9495 599.941 599.9385 599.935 599.9275 599.925 599.92 599.918 599.9205 599.9235 599.931 599.9405 599.9505 599.9695 599.993 600.0205 600.0425 600.0805 600.115 600.138 600.1665 600.1895 600.1985 600.2075
-9999 -9999 -9999 -9999 -9999 -9999 -9999 -9999 -9999 603.3337 603.0647 602.7958 602.5269 602.2579 602.0058 601.5883 601.8164 601.721 601.627 601.5333 600.7263 599.993 599.986 599.979 599.973 599.966 599.964 599.962 599.96 599.9575 599.9565 599.962 599.967 599.9705 599.975 599.982 599.989 599.9955 599.994 599.9925 599.9919 599.992 599.9825 599.981 599.9755 599.969 599.965 599.9595 599.958 599.958 599.959 599.965 599.973 599.9855 600.0065 600.0295 600.0535 600.0855 600.127 600.16 600.1925 600.2285 600.254 600.268 600.28
-9999 -9999 -9999 -9999 -9999 -9999 -9999 -9999 -9999 603.4128 603.1439 602.8749 602.606 602.337 602.0681 601.5535 601.8713 601.7759 601.682 601.5883 600.8074 599.994 599.997 599.989 599.9875 599.986 599.984 599.9825 599.9815 599.9845 599.987 599.9905 599.995 600.002 600.013 600.0205 600.025 600.037 600.0425 600.0435 600.045 600.0415 600.0355 600.03 600.022 600.014 600.007 599.999 599.9975 599.996 599.9915 600 600.011 600.0235 600.0435 600.0655 600.0935 600.1285 600.1665 600.2045 600.247 600.29 600.313 600.3365 600.3545
-9999 -9999 -9999 -9999 -9999 -9999 -9999 -9999 -9999 -9999 603.223 602.954 602.6851 602.4161 602.1472 601.6549 601.9261 601.831 601.737 601.6432 600.8887 600.0388 600.0075 600.012 600.01 600.008 600.0075 600.0105 600.012 600.0145 600.0155 600.0225 600.0335 600.0405 600.0485 600.061 600.075 600.088 600.0955 600.096 600.0975 600.0885 600.0925 600.0835 600.0725 600.0635 600.0535 600.043 600.0425 600.04 600.0375 600.0435 600.052 600.0615 600.0805 600.1035 600.134 600.172 600.2065 600.254 600.3005 600.34 600.379 600.4135 600.4285
-9999 -9999 -9999 -9999 -9999 -9999 -9999 -9999 -9999 -9999 603.3021 603.0332 602.7642 602.4953 602.2264 601.7789 601.981 601.8861 601.7921 601.6982 600.9699 600.1245 600.02 600.0365 600.037 600.042 600.041 600.0415 600.0425 600.049 600.0545 600.061 600.0715 600.079 600.0965 600.113 600.1265 600.1355 600.1485 600.158 600.158 600.152 600.1555 600.1465 600.1305 600.122 600.11 600.0975 600.093 600.087 600.085 600.0865 600.0925 600.098 600.1215 600.145 600.174 600.206 600.25 600.3025 600.3485 600.397 600.4455 600.4765 600.505
-9999 -9999 -9999 -9999 -9999 -9999 -9999 -9999 -9999 -9999 603.3813 603.1124 602.8434 602.5745 602.3055 601.903 602.0359 601.9412 601.8471 601.7532 601.0511 600.2102 600.097 600.0765 600.0735 600.078 600.078 600.0825 600.086 600.0905 600.094 600.0995 600.1155 600.1265 600.146 600.162 600.1785 600.1955 600.2085 600.221 600.2185 600.216 600.222 600.213 600.191 600.1825 600.1595 600.1515 600.1425 600.1335 600.1285 600.1295 600.136 600.147 600.166 600.186 600.206 600.2505 600.2935 600.34 600.3985 600.454 600.501 600.548 600.5855
-9999 -9999 -9999 -9999 -9999 -9999 -9999 -9999 -9999 -9999 603.4604 603.1915 602.9225 602.6536 602.3846 602.027 602.0908 601.9963 601.9021 601.8082 601.1323 600.296 600.1829 600.0965 600.122 600.125 600.125 600.1275 600.131 600.134 600.142 600.151 600.1645 600.171 600.1965 600.2195 600.2365 600.2555 600.2735 600.284 600.295 600.2946 600.296 600.287 600.2695 600.256 600.2325 600.218 600.2065 600.1955 600.1895 600.1865 600.1865 600.1955 600.21 600.225 600.2545 600.2945 600.337 600.387 600.448 600.506 600.562 600.619 600.664
-9999 -9999 -9999 -9999 -9999 -9999 -9999 -9999 -9999 -9999 -9999 603.2706 603.0016 602.7327 602.4638 602.1511 602.1182 602.0513 601.9572 601.8631 601.2135 600.3817 600.2689 600.1949 600.17 600.1795 600.182 600.182 600.1855 600.188 600.1955 600.2 600.2165 600.2325 600.254 600.2775 600.2935 600.322 600.343 600.3535 600.366 600.3655 600.373 600.3645 600.3395 600.331 600.308 600.2865 600.2725 600.259 600.251 600.2445 600.237 600.244 600.2545 600.273 600.3035 600.3385 600.374 600.4345 600.498 600.5495 600.6225 600.684 600.7735
-9999 -9999 -9999 -9999 -9999 -9999 -9999 -9999 -9999 -9999 -9999 603.3498 603.0808 602.8119 602.5429 602.2751 602.0836 602.1064 602.0121 601.9181 601.2947 600.4674 600.3555 600.2852 600.2548 600.2455 600.2485 600.239 600.2426 600.2475 600.2545 600.2645 600.2775 600.295 600.3105 600.338 600.3605 600.3885 600.41 600.4335 600.4535 600.4585 600.4565 600.449 600.4335 600.416 600.391 600.3725 600.3475 600.3295 600.3175 600.3075 600.296 600.299 600.31 600.324 600.3515 600.3815 600.4245 600.481 600.531 600.601 600.6835 600.766 600.9035
-9999 -9999 -9999 -9999 -9999 -9999 -9999 -9999 -9999 -9999 -9999 603.4289 603.16 602.891 602.6221 602.3531 602.0488 602.1614 602.0672 601.973 601.376 600.5532 600.4424 600.3754 600.3442 600.302 600.327 600.317 600.322 600.316 600.3225 600.3305 600.338 600.3575 600.3775 600.4041 600.4235 600.4575 600.489 600.517 600.5405 600.543 600.5465 600.5385 600.5305 600.502 600.4755 600.467 600.4285 600.407 600.3895 600.3765 600.363 600.3595 600.3655 600.376 600.399 600.4335 600.4745 600.528 600.5805 600.6525 600.7285 600.87 601.035
-9999 -9999 -9999 -9999 -9999 -9999 -9999 -9999 -9999 -9999 -9999 603.5081 603.2391 602.9702 602.7012 602.4323 602.0141 602.2162 602.1221 602.028 601.4572 600.6389 600.5293 600.4657 600.4336 600.4196 600.4146 600.405 600.4095 600.398 600.397 600.4035 600.41 600.4255 600.4406 600.468 600.4995 600.5335 600.5615 600.5945 600.622 600.642 600.651 600.6436 600.6355 600.607 600.584 600.562 600.522 600.494 600.4635 600.4449 600.4295 600.421 600.423 600.4295 600.453 600.4855 600.5245 600.567 600.6305 600.704 600.8185 600.974 601.1161
-9999 -9999 -9999 -9999 -9999 -9999 -9999 -9999 -9999 -9999 -9999 -9999 603.3182 603.0493 602.7803 602.5114 602.0474 602.2711 602.1768 602.0829 601.5384 600.7246 600.6162 600.556 600.523 600.5045 600.5205 600.511 600.5031 600.493 600.4814 600.486 600.49 600.5065 600.522 600.5475 600.5695 600.6085 600.6395 600.6805 600.711 600.731 600.7465 600.7535 600.746 600.7165 600.6965 600.657 600.6285 600.6 600.5595 600.5315 600.516 600.5 600.494 600.496 600.5125 600.538 600.57 600.619 600.6805 600.754 600.9085 601.078 601.1199
-9999 -9999 -9999 -9999 -9999 -9999 -9999 -9999 -9999 -9999 -9999 -9999 603.3974 603.1284 602.8595 602.5905 602.1715 602.326 602.2315 602.1377 601.6196 600.8103 600.7031 600.6462 600.6137 600.5814 600.5137 600.6315 600.6225 600.5985 600.587 600.5825 600.587 600.5925 600.603 600.6265 600.655 600.6945 600.7255 600.7615 600.8005 600.831 600.857 600.8695 600.8615 600.8415 600.813 600.777 600.7415 600.699 600.6565 600.6281 600.604 600.5811 600.5645 600.562 600.572 600.5845 600.626 600.6715 600.731 600.843 600.9985 601.15 601.198
-9999 -9999 -9999 -9999 -9999 -9999 -9999 -9999 -9999 -9999 -9999 -9999 603.4765 603.2076 602.9387 602.6697 602.2955 602.3809 602.2862 602.1925 601.7008 600.8961 600.79 600.7365 600.7054 600.6582 600.6103 600.671 600.7525 600.715 600.7035 600.687 600.69 600.687 600.694 600.7175 600.7405 600.7745 600.8105 600.857 600.901 600.938 601.004 601.045 601.0525 601.014 600.974 600.9 600.858 600.8165 600.7695 600.726 600.702 600.6615 600.643 600.63 600.638 600.654 600.687 600.724 600.7905 600.933 601.0875 601.2083 601.31
-9999 -9999 -9999 -9999 -9999 -9999 -9999 -9999 -9999 -9999 -9999 -9999 603.5557 603.2867 603.0178 602.7488 602.4196 602.4358 602.3409 602.2473 601.782 600.9818 600.8769 600.8266 600.7972 600.735 600.7069 600.7786 600.8755 600.8525 600.8435 600.8085 600.799 600.7855 600.787 600.8044 600.83 600.8705 600.9055 600.9435 601.0325 601.114 601.187 601.245 601.275 601.264 601.2095 601.15 601.083 601.0015 600.9075 600.8385 600.804 600.765 600.7355 600.721 600.7155 600.7235 600.7485 600.769 600.893 601.0225 601.15 601.261 601.3683
-9999 -9999 -9999 -9999 -9999 -9999 -9999 -9999 -9999 -9999 -9999 -9999 -9999 603.3658 603.0969 602.8279 602.5436 602.4907 602.3956 602.302 601.8633 601.0675 600.9638 600.916 600.889 600.8119 600.8035 600.8815 600.9365 601.0265 600.986 600.953 600.9275 600.9115 600.9065 600.9189 600.932 600.966 601.027 601.118 601.201 601.2895 601.3161 601.3081 601.2996 601.2921 601.2847 601.2769 601.2691 601.236 601.1555 601.05 600.968 600.897 600.819 600.812 600.7935 600.793 600.8275 600.89 600.995 601.111 601.212 601.3297 601.4282
-9999 -9999 -9999 -9999 -9999 -9999 -9999 -9999 -9999 -9999 -9999 -9999 -9999 603.445 603.1761 602.9071 602.6417 602.5441 602.4507 602.3568 601.9445 601.1533 601.0507 601.0054 600.9807 600.8929 600.9119 600.9846 601.0436 601.3525 601.2025 601.135 601.0755 601.0575 601.0395 601.0615 601.0805 601.1305 601.2095 601.292 601.3387 601.3431 601.3433 601.3435 601.3437 601.3439 601.3441 601.3442 601.3444 601.3359 601.2963 601.2518 601.181 601.097 601.009 600.9715 600.9295 600.941 600.9655 601.01 601.0975 601.1709 601.2791 601.3985 601.5164
-9999 -9999 -9999 -9999 -9999 -9999 -9999 -9999 -9999 -9999 -9999 -9999 -9999 603.5242 603.2552 602.9863 602.7173 602.5094 602.5058 602.4116 602.0257 601.239 601.1376 601.0948 601.0725 600.9895 601.0221 601.0875 601.1508 601.4598 601.4236 601.384 601.3275 601.283 601.2725 601.2745 601.2755 601.311 601.3586 601.3856 601.4126 601.4327 601.4329 601.433 601.4332 601.4334 601.4336 601.4338 601.434 601.4283 601.3926 601.3522 601.3098 601.2598 601.21 601.1395 601.0985 601.0985 601.1035 601.131 601.1805 601.2592 601.3766 601.4737 601.585
-9999 -9999 -9999 -9999 -9999 -9999 -9999 -9999 -9999 -9999 -9999 -9999 -9999 603.6033 603.3344 603.0654 602.7964 602.4747 602.5609 602.4664 602.1069 601.3247 601.2245 601.1843 601.1642 601.0861 601.1323 601.1905 601.2579 601.5248 601.4999 601.4812 601.4583 601.4371 601.4291 601.4213 601.4138 601.4173 601.4337 601.4595 601.4865 601.5135 601.5224 601.5226 601.5228 601.5229 601.5232 601.5234 601.5236 601.5208 601.489 601.4526 601.4163 601.3738 601.3323 601.2911 601.2615 601.2542 601.2472 601.2543 601.3162 601.3969 601.4663 601.5824 601.6736
-9999 -9999 -9999 -9999 -9999 -9999 -9999 -9999 -9999 -9999 -9999 -9999 -9999 -9999 603.4135 603.1445 602.8756 602.44 602.616 602.5212 602.1881 601.4104 601.3114 601.2737 601.2557 601.1827 601.2425 601.295 601.4009 601.6032 601.5762 601.5607 601.5469 601.5236 601.5098 601.5016 601.4942 601.4944 601.5123 601.5334 601.5604 601.5874 601.6119 601.6121 601.6123 601.6125 601.6127 601.6129 601.6131 601.6132 601.5854 601.553 601.5228 601.4879 601.4601 601.4139 601.3981 601.4108 601.4043 601.4067 601.4592 601.5389 601.6135 601.6799 601.7881
-9999 -9999 -9999 -9999 -9999 -9999 -9999 -9999 -9999 -9999 -9999 -9999 -9999 -9999 603.4926 603.2237 602.9547 602.564 602.671 602.5762 602.2693 601.4962 601.3983 601.3632 601.3325 601.2793 601.3455 601.4022 601.6212 601.6799 601.6524 601.6402 601.6326 601.61 601.5906 601.5834 601.5751 601.5716 601.5845 601.6072 601.6343 601.6613 601.6883 601.7017 601.7019 601.7021 601.7023 601.7025 601.7026 601.7028 601.6818 601.6534 601.6293 601.6019 601.5782 601.5386 601.5393 601.5482 601.559 601.5649 601.6133 601.679 601.7582 601.8265 601.8936
-9999 -9999 -9999 -9999 -9999 -9999 -9999 -9999 -9999 -9999 -9999 -9999 -9999 -9999 603.5718 603.3028 603.0339 602.6881 602.7259 602.6312 602.3505 601.582 601.4852 601.4526 601.4094 601.3759 601.4485 601.5093 601.7767 601.7562 601.7287 601.7197 601.712 601.6984 601.6754 601.6636 601.6568 601.6487 601.6586 601.6857 601.7083 601.7352 601.7622 601.7913 601.7914 601.7916 601.7918 601.792 601.7922 601.7924 601.7781 601.7538 601.7358 601.7159 601.6917 601.6664 601.6805 601.6966 601.7156 601.7276 601.7686 601.8251 601.9021 601.9759 602.0393
-9999 -9999 -9999 -9999 -9999 -9999 -9999 -9999 -9999 -9999 -9999 -9999 -9999 -9999 603.6509 603.382 603.113 602.8121 602.7808 602.6862 602.4318 601.668 601.5726 601.542 601.4862 601.4834 601.5515 601.6164 601.8483 601.8325 601.8069 601.7992 601.7916 601.7839 601.7619 601.7453 601.7368 601.73 601.7333 601.7565 601.7807 601.8091 601.8361 601.8631 601.881 601.8812 601.8813 601.8815 601.8818 601.882 601.8745 601.8541 601.8423 601.83 601.8051 601.7943 601.8217 601.8402 601.871 601.8762 601.9132 601.9755 602.0427 602.1197 602.1894
-9999 -9999 -9999 -9999 -9999 -9999 -9999 -9999 -9999 -9999 -9999 -9999 -9999 -9999 -9999 603.4611 603.1921 602.9307 602.8357 602.7413 602.513 601.7539 601.6628 601.6337 601.563 601.5936 601.6544 601.7621 601.9267 601.9088 601.8864 601.8787 601.871 601.8633 601.8499 601.8273 601.8186 601.8101 601.8105 601.8296 601.8587 601.8826 601.91 601.937 601.9662 601.9707 601.9709 601.9711 601.9713 601.9715 601.9708 601.9545 601.9489 601.944 601.9189 601.9221 601.9628 601.9708 602.0098 602.0313 602.0605 602.1306 602.191 602.265 602.3384
-9999 -9999 -9999 -9999 -9999 -9999 -9999 -9999 -9999 -9999 -9999 -9999 -9999 -9999 -9999 603.5402 603.2713 603.0023 602.8906 602.7963 602.5942 601.8398 601.7531 601.7254 601.6585 601.7038 601.7606 601.9824 602.0051 601.985 601.9659 601.9582 601.9506 601.9429 601.9352 601.9137 601.899 601.8917 601.8876 601.9036 601.9295 601.9542 601.9839 602.0109 602.0379 602.0603 602.0605 602.0607 602.0609 602.061 602.0607 602.0549 602.0554 602.058 602.0329 602.0499 602.0849 602.1013 602.1414 602.1752 602.2137 602.2773 602.3414 602.4066 602.4852
-9999 -9999 -9999 -9999 -9999 -9999 -9999 -9999 -9999 -9999 -9999 -9999 -9999 -9999 -9999 603.6194 603.3505 603.0815 602.9454 602.8513 602.6754 601.9257 601.8433 601.8171 601.7551 601.8094 601.8677 602.0936 602.0834 602.0613 602.0454 602.0377 602.03 602.0223 602.0146 602.0013 601.98 601.9721 601.9648 601.9776 602.0005 602.0317 602.0568 602.0848 602.1118 602.1411 602.15 602.1502 602.1504 602.1506 602.15 602.1498 602.1543 602.1619 602.1469 602.1777 602.207 602.2319 602.28 602.3311 602.368 602.4219 602.4918 602.5569 602.6287
-9999 -9999 -9999 -9999 -9999 -9999 -9999 -9999 -9999 -9999 -9999 -9999 -9999 -9999 -9999 603.6985 603.4296 603.1606 602.9353 602.9061 602.7567 602.0117 601.9336 601.9089 601.8517 601.9124 601.9749 602.1718 602.1618 602.1376 602.1249 602.1172 602.1096 602.1019 602.0942 602.0865 602.0656 602.0538 602.0461 602.0516 602.0746 602.1025 602.1284 602.1588 602.1857 602.2127 602.2396 602.2397 602.2399 602.2402 602.2392 602.2434 602.2524 602.2658 602.261 602.3055 602.3291 602.3625 602.4177 602.4714 602.512 602.5679 602.6414 602.7073 602.765
-9999 -9999 -9999 -9999 -9999 -9999 -9999 -9999 -9999 -9999 -9999 -9999 -9999 -9999 -9999 -9999 603.5087 603.2397 602.9006 602.9608 602.8378 602.0976 602.0238 602.0007 601.9483 602.0154 602.1234 602.2501 602.2402 602.2139 602.2044 602.1967 602.189 602.1813 602.1736 602.166 602.1528 602.1345 602.1267 602.1265 602.1486 602.1733 602.2048 602.231 602.2596 602.2866 602.3159 602.3293 602.3295 602.3297 602.3284 602.337 602.3506 602.3698 602.375 602.4301 602.4512 602.4933 602.5483 602.603 602.6584 602.7157 602.786 602.7883 602.7922
