samples/sfe_25/sfe_25_c2/sfe_25_c2/sfe_25_c2.asc
ncols         253
nrows         137
xllcorner     79
yllcorner     53
cellsize      1
NODATA_value  -9999
[rows 0 to 28 of 137, columns 0 to 64 of 253]
-9999 -9999 -9999 -9999 -9999 -9999 -9999 -9999 -9999 -9999 -9999 -9999 -9999 -9999 -9999 -9999 -9999 -9999 -9999 -9999 -9999 603.9658 603.9554 603.9452 603.9344 603.9244 603.9144 603.9035 603.8935 603.8835 603.8725 603.8621 603.8517 603.8412 603.8309 603.8204 603.8101 603.8 603.7889 603.7785 603.7678 603.7578 603.7478 603.7368 603.7257 603.7151 603.7051 603.6952 603.684 603.674 603.6635 603.6528 603.6415 603.6316 603.6202 603.6102 603.5994 603.5894 603.5779 603.568 603.5572 603.5464 603.5355 603.5255 603.5146
-9999 -9999 -9999 -9999 -9999 -9999 -9999 -9999 -9999 -9999 -9999 -9999 -9999 -9999 -9999 -9999 -9999 -9999 -9999 -9999 603.9578 603.9336 603.923 603.912 603.9003 603.8903 603.8803 603.8685 603.8585 603.8485 603.8367 603.8259 603.8147 603.8038 603.793 603.782 603.7712 603.7613 603.7513 603.7385 603.7274 603.7164 603.7065 603.6943 603.6833 603.6721 603.6609 603.6509 603.6384 603.6285 603.6172 603.606 603.5954 603.5833 603.5731 603.5603 603.5488 603.5388 603.5276 603.5157 603.504 603.4932 603.4805 603.4705 603.4586
-9999 -9999 -9999 -9999 -9999 -9999 -9999 -9999 -9999 -9999 -9999 -9999 -9999 -9999 -9999 -9999 -9999 -9999 -9999 -9999 603.9286 603.9039 603.8904 603.8793 603.8662 603.8562 603.8463 603.8335 603.8235 603.8135 603.8008 603.7895 603.7781 603.767 603.7551 603.7437 603.7324 603.7224 603.7125 603.6982 603.6866 603.6751 603.6651 603.6544 603.6403 603.6284 603.6167 603.6067 603.5929 603.5829 603.571 603.5591 603.5485 603.5351 603.5251 603.5105 603.4982 603.4882 603.4772 603.4634 603.4509 603.4409 603.4255 603.4155 603.4026
-9999 -9999 -9999 -9999 -9999 -9999 -9999 -9999 -9999 -9999 -9999 -9999 -9999 -9999 -9999 -9999 -9999 -9999 -9999 603.9258 603.8997 603.8749 603.8585 603.8471 603.8354 603.8222 603.8121 603.7985 603.7885 603.7785 603.7654 603.754 603.7422 603.7298 603.7184 603.7053 603.6936 603.6836 603.6736 603.6587 603.6467 603.6338 603.6238 603.6138 603.5972 603.5847 603.5724 603.5624 603.5507 603.5374 603.5248 603.5123 603.5023 603.4868 603.4768 603.4607 603.4502 603.4376 603.4262 603.4111 603.3977 603.3877 603.3705 603.3605 603.3467
-9999 -9999 -9999 -9999 -9999 -9999 -9999 -9999 -9999 -9999 -9999 -9999 -9999 -9999 -9999 -9999 -9999 -9999 -9999 603.8967 603.8708 603.8458 603.826 603.8143 603.8025 603.7881 603.7781 603.7668 603.7535 603.7435 603.7308 603.7178 603.7056 603.6937 603.6814 603.6694 603.6567 603.6448 603.6348 603.6187 603.6063 603.5925 603.5825 603.5724 603.5563 603.5411 603.5282 603.5182 603.5082 603.4918 603.4786 603.4654 603.4554 603.4385 603.4286 603.4109 603.4008 603.387 603.3752 603.3589 603.3446 603.3346 603.3188 603.3055 603.2906
-9999 -9999 -9999 -9999 -9999 -9999 -9999 -9999 -9999 -9999 -9999 -9999 -9999 -9999 -9999 -9999 -9999 -9999 -9999 603.8676 603.8422 603.8168 603.7943 603.7825 603.7693 603.754 603.7441 603.7341 603.7185 603.7085 603.6982 603.683 603.6703 603.6567 603.6439 603.6315 603.6186 603.606 603.596 603.5809 603.5674 603.5541 603.5411 603.5311 603.5145 603.5012 603.487 603.4739 603.464 603.4463 603.435 603.4214 603.4085 603.3917 603.3804 603.3633 603.351 603.3364 603.3242 603.3066 603.2943 603.2814 603.2661 603.2505 603.2356
-9999 -9999 -9999 -9999 -9999 -9999 -9999 -9999 -9999 -9999 -9999 -9999 -9999 -9999 -9999 -9999 -9999 -9999 603.8646 603.8383 603.8134 603.788 603.764 603.7499 603.7374 603.7211 603.71 603.7 603.6835 603.6735 603.6635 603.647 603.634 603.6201 603.6081 603.5936 603.5802 603.5671 603.5572 603.5443 603.5271 603.5132 603.4998 603.4898 603.4735 603.4582 603.4438 603.4297 603.4197 603.4007 603.3907 603.3763 603.3617 603.3475 603.332 603.3178 603.3012 603.2858 603.2748 603.2578 603.2443 603.2283 603.212 603.1955 603.1827
-9999 -9999 -9999 -9999 -9999 -9999 -9999 -9999 -9999 -9999 -9999 -9999 -9999 -9999 -9999 -9999 -9999 -9999 603.8356 603.8092 603.7844 603.7591 603.7349 603.7187 603.7048 603.6915 603.676 603.666 603.649 603.6385 603.6285 603.6123 603.5982 603.5858 603.5709 603.5568 603.5419 603.5284 603.5184 603.5076 603.4875 603.4728 603.4584 603.4484 603.4344 603.4152 603.4001 603.3855 603.3755 603.3575 603.3452 603.3301 603.3149 603.3025 603.2838 603.2721 603.2513 603.2357 603.2252 603.2092 603.192 603.1751 603.1609 603.1405 603.1299
-9999 -9999 -9999 -9999 -9999 -9999 -9999 -9999 -9999 -9999 -9999 -9999 -9999 -9999 -9999 -9999 -9999 603.8333 603.8065 603.7802 603.7554 603.7302 603.7057 603.6862 603.6731 603.6599 603.6419 603.6319 603.618 603.6035 603.5935 603.5771 603.5632 603.5492 603.535 603.5215 603.5061 603.4915 603.4796 603.4695 603.4484 603.4341 603.4171 603.4071 603.3953 603.3743 603.3564 603.3412 603.3312 603.3157 603.2996 603.2839 603.268 603.2564 603.2356 603.2256 603.2015 603.1887 603.1746 603.1606 603.1398 603.122 603.1097 603.0867 603.0755
-9999 -9999 -9999 -9999 -9999 -9999 -9999 -9999 -9999 -9999 -9999 -9999 -9999 -9999 -9999 -9999 -9999 603.8034 603.7773 603.7512 603.7265 603.7014 603.6768 603.655 603.6416 603.6266 603.6078 603.5978 603.5869 603.5685 603.5585 603.5446 603.5289 603.514 603.4987 603.4841 603.4699 603.4551 603.4407 603.4307 603.4105 603.3951 603.3792 603.3658 603.3558 603.3346 603.3169 603.3 603.287 603.2739 603.2541 603.238 603.222 603.2111 603.1875 603.1773 603.1533 603.1417 603.1239 603.1104 603.0875 603.069 603.0586 603.0358 603.0205
-9999 -9999 -9999 -9999 -9999 -9999 -9999 -9999 -9999 -9999 -9999 -9999 -9999 -9999 -9999 -9999 -9999 603.7745 603.748 603.7222 603.6976 603.6725 603.6479 603.624 603.6094 603.5955 603.5771 603.5638 603.5538 603.5335 603.5235 603.512 603.4932 603.4785 603.4621 603.4486 603.4321 603.4167 603.4019 603.3919 603.374 603.356 603.3399 603.3244 603.3144 603.2925 603.2762 603.2592 603.2427 603.232 603.2086 603.1951 603.1785 603.1642 603.1433 603.1291 603.1078 603.0919 603.0733 603.0594 603.0366 603.0197 603.0057 602.9849 602.9655
-9999 -9999 -9999 -9999 -9999 -9999 -9999 -9999 -9999 -9999 -9999 -9999 -9999 -9999 -9999 -9999 603.7716 603.7454 603.7188 603.6933 603.6686 603.6437 603.6188 603.5951 603.5789 603.5625 603.5474 603.5297 603.5197 603.5002 603.4885 603.4785 603.4592 603.4424 603.4286 603.4119 603.3953 603.3784 603.3631 603.3531 603.3373 603.3162 603.2991 603.2831 603.2731 603.2535 603.2332 603.2155 603.1985 603.1885 603.1644 603.1522 603.135 603.1174 603.0992 603.0808 603.0624 603.0421 603.0227 603.0085 602.988 602.9703 602.9525 602.9317 602.9105
-9999 -9999 -9999 -9999 -9999 -9999 -9999 -9999 -9999 -9999 -9999 -9999 -9999 -9999 -9999 -9999 603.7423 603.7162 603.6898 603.6644 603.6396 603.6149 603.5897 603.566 603.5464 603.5319 603.5172 603.4957 603.4857 603.4692 603.4535 603.4435 603.4235 603.4086 603.3928 603.3757 603.361 603.3428 603.3262 603.3143 603.3007 603.2781 603.2619 603.2418 603.2318 603.2144 603.1923 603.1718 603.1542 603.1443 603.1225 603.1074 603.0892 603.0706 603.055 603.0326 603.017 602.9922 602.9742 602.9598 602.9394 602.9207 602.8994 602.8798 602.8555
-9999 -9999 -9999 -9999 -9999 -9999 -9999 -9999 -9999 -9999 -9999 -9999 -9999 -9999 -9999 -9999 603.7134 603.6871 603.6608 603.6356 603.6107 603.586 603.5607 603.5366 603.515 603.4999 603.484 603.4627 603.4516 603.4381 603.4185 603.4085 603.3909 603.3738 603.3569 603.3407 603.3242 603.3084 603.2911 603.2755 603.264 603.2399 603.2224 603.204 603.1904 603.1754 603.1534 603.1326 603.1131 603.1 603.0807 603.0619 603.0429 603.0237 603.0096 602.9843 602.9711 602.9434 602.9273 602.9111 602.8908 602.8684 602.8463 602.8286 602.8037
-9999 -9999 -9999 -9999 -9999 -9999 -9999 -9999 -9999 -9999 -9999 -9999 -9999 -9999 -9999 603.7103 603.6843 603.6578 603.6318 603.6068 603.5817 603.5571 603.5316 603.5076 603.484 603.4689 603.4529 603.433 603.4175 603.407 603.3835 603.3735 603.3584 603.3395 603.3229 603.3041 603.2881 603.2705 603.2532 603.2366 603.2266 603.2037 603.1849 603.1666 603.149 603.1363 603.1123 603.0938 603.0732 603.0558 603.0388 603.0164 602.9982 602.9791 602.9644 602.9391 602.9251 602.8979 602.8804 602.8608 602.8422 602.8161 602.7944 602.7774 602.7527
-9999 -9999 -9999 -9999 -9999 -9999 -9999 -9999 -9999 -9999 -9999 -9999 -9999 -9999 -9999 603.6812 603.6552 603.6286 603.6027 603.5781 603.5526 603.5283 603.5024 603.4787 603.4551 603.4381 603.4206 603.4034 603.3835 603.3735 603.3514 603.3385 603.3258 603.3054 603.2866 603.2706 603.2531 603.2338 603.2148 603.1978 603.1878 603.1671 603.1449 603.1257 603.1077 603.0972 603.0726 603.0511 603.0309 603.0115 602.9969 602.9712 602.9552 602.9355 602.9193 602.895 602.8778 602.8525 602.8327 602.8102 602.7937 602.7667 602.7451 602.7263 602.7018
-9999 -9999 -9999 -9999 -9999 -9999 -9999 -9999 -9999 -9999 -9999 -9999 -9999 -9999 603.6787 603.6523 603.626 603.5994 603.5737 603.5496 603.5236 603.4995 603.4734 603.4498 603.4262 603.4067 603.3906 603.3737 603.3494 603.3394 603.3204 603.3035 603.2933 603.2703 603.2539 603.2364 603.2165 603.1995 603.1795 603.1609 603.149 603.1304 603.1078 603.0887 603.0664 603.0564 603.0335 603.0102 602.9872 602.9673 602.9551 602.9294 602.9123 602.8921 602.8732 602.8508 602.8296 602.807 602.7829 602.7597 602.7435 602.7181 602.6957 602.6751 602.6509
-9999 -9999 -9999 -9999 -9999 -9999 -9999 -9999 -9999 -9999 -9999 -9999 -9999 -9999 603.649 603.6232 603.5968 603.5703 603.5447 603.5209 603.4946 603.4706 603.4446 603.4208 603.3971 603.375 603.3582 603.3413 603.3187 603.3054 603.2893 603.2685 603.2585 603.2374 603.2189 603.1999 603.1827 603.1643 603.1454 603.1259 603.1102 603.0937 603.0693 603.0495 603.0289 603.0151 602.9944 602.9714 602.9482 602.9261 602.913 602.8875 602.8693 602.8482 602.8263 602.8067 602.7813 602.7615 602.7335 602.7128 602.6934 602.6696 602.6463 602.6237 602.5986
-9999 -9999 -9999 -9999 -9999 -9999 -9999 -9999 -9999 -9999 -9999 -9999 -9999 -9999 603.6201 603.5942 603.5676 603.5413 603.5157 603.4921 603.4656 603.4417 603.4158 603.3919 603.3677 603.3441 603.3284 603.3099 603.289 603.2713 603.2582 603.2337 603.2235 603.2048 603.1857 603.1672 603.1461 603.1276 603.109 603.0897 603.0714 603.0571 603.0334 603.0133 602.9916 602.9737 602.9554 602.9324 602.9095 602.8862 602.8688 602.8456 602.8242 602.802 602.7797 602.7625 602.735 602.7159 602.688 602.6658 602.6448 602.621 602.5969 602.5705 602.5474
-9999 -9999 -9999 -9999 -9999 -9999 -9999 -9999 -9999 -9999 -9999 -9999 -9999 603.6174 603.5911 603.5649 603.5383 603.5123 603.4869 603.4631 603.4366 603.4128 603.3869 603.3628 603.3385 603.3151 603.2971 603.2786 603.2593 603.2372 603.2272 603.2026 603.1885 603.1722 603.1512 603.131 603.1126 603.0941 603.0722 603.0513 603.0325 603.0204 602.9967 602.9736 602.9524 602.9324 602.9163 602.8917 602.869 602.8463 602.8246 602.8038 602.7786 602.7583 602.7361 602.7173 602.6909 602.67 602.6425 602.6189 602.5961 602.5724 602.5455 602.5198 602.4963
-9999 -9999 -9999 -9999 -9999 -9999 -9999 -9999 -9999 -9999 -9999 -9999 -9999 603.5878 603.5621 603.5358 603.5091 603.4833 603.4581 603.4342 603.4077 603.3839 603.358 603.3337 603.3096 603.2862 603.2669 603.2483 603.2297 603.2043 603.1932 603.1716 603.1535 603.1396 603.1171 603.0984 603.0792 603.0573 603.038 603.0162 602.9956 602.9838 602.9601 602.9367 602.9149 602.8911 602.8772 602.8526 602.8281 602.8027 602.7803 602.7619 602.7362 602.7153 602.6927 602.6722 602.6467 602.6241 602.597 602.572 602.5472 602.5239 602.4969 602.4705 602.4451
-9999 -9999 -9999 -9999 -9999 -9999 -9999 -9999 -9999 -9999 -9999 -9999 603.5858 603.5589 603.533 603.5065 603.4799 603.4543 603.4292 603.4053 603.3787 603.355 603.3292 603.3046 603.2806 603.2573 603.235 603.2166 603.1987 603.1746 603.1592 603.1405 603.1185 603.1071 603.0837 603.0638 603.0433 603.0241 603.0037 602.9822 602.9606 602.9449 602.9234 602.8986 602.877 602.8538 602.8381 602.8135 602.7893 602.7639 602.7391 602.7201 602.6943 602.6724 602.6492 602.6272 602.6025 602.5781 602.5516 602.5237 602.4983 602.4753 602.4483 602.427 602.3995
-9999 -9999 -9999 -9999 -9999 -9999 -9999 -9999 -9999 -9999 -9999 -9999 603.5561 603.53 603.5039 603.4773 603.4508 603.4253 603.4004 603.3763 603.3497 603.3261 603.3004 603.2755 603.2517 603.2281 603.2048 603.1873 603.1669 603.145 603.1251 603.1094 603.0849 603.0735 603.0511 603.0316 603.0102 602.988 602.9671 602.9474 602.9255 602.9061 602.8868 602.8629 602.8405 602.8165 602.7983 602.7744 602.7505 602.7252 602.6993 602.6782 602.6525 602.6295 602.6057 602.582 602.5583 602.5308 602.5061 602.478 602.4514 602.4329 602.3997 602.361 602.3268
-9999 -9999 -9999 -9999 -9999 -9999 -9999 -9999 -9999 -9999 -9999 -9999 603.5267 603.501 603.4747 603.4481 603.4218 603.3963 603.3715 603.3474 603.3207 603.2972 603.2715 603.2464 603.2228 603.1988 603.1751 603.156 603.1367 603.1153 603.091 603.0784 603.0538 603.0385 603.0186 602.9971 602.9755 602.9546 602.9337 602.9106 602.8878 602.8672 602.8501 602.8264 602.8024 602.7791 602.757 602.7354 602.7108 602.6864 602.6594 602.6364 602.6106 602.5864 602.5613 602.5367 602.5142 602.4867 602.468 602.4246 602.3856 602.3503 602.3272 602.2909 602.2542
-9999 -9999 -9999 -9999 -9999 -9999 -9999 -9999 -9999 -9999 -9999 603.5245 603.4978 603.4719 603.4456 603.4188 603.3928 603.3672 603.3427 603.3185 603.2917 603.2683 603.2427 603.2173 603.1938 603.1694 603.1462 603.1268 603.106 603.0856 603.0603 603.047 603.0228 603.0035 602.986 602.964 602.9426 602.9211 602.8981 602.8764 602.853 602.8304 602.8134 602.7898 602.7654 602.741 602.7159 602.6963 602.6717 602.6461 602.6183 602.5933 602.5687 602.543 602.5184 602.4933 602.4647 602.4278 602.3802 602.3361 602.3031 602.2679 602.2497 602.2208 602.1821
-9999 -9999 -9999 -9999 -9999 -9999 -9999 -9999 -9999 -9999 -9999 603.4948 603.4689 603.4429 603.4163 603.3896 603.3638 603.3383 603.314 603.2895 603.2626 603.2394 603.2138 603.1882 603.1649 603.1404 603.1173 603.095 603.0754 603.056 603.0306 603.0129 602.9917 602.9685 602.9535 602.9301 602.9088 602.8869 602.8649 602.8422 602.8189 602.7953 602.7768 602.7531 602.728 602.7047 602.6786 602.6572 602.6326 602.6073 602.5796 602.5522 602.5269 602.5074 602.4565 602.4081 602.3635 602.3347 602.2892 602.2477 602.2206 602.1854 602.1722 602.1481 602.112
-9999 -9999 -9999 -9999 -9999 -9999 -9999 -9999 -9999 -9999 603.4929 603.4656 603.4399 603.4137 603.3871 603.3604 603.3348 603.3094 603.2855 603.2606 603.2337 603.2105 603.185 603.1591 603.1358 603.1115 603.0884 603.065 603.0456 603.0239 603.0009 602.9789 602.9606 602.9361 602.9209 602.8975 602.8765 602.8532 602.8301 602.8071 602.7848 602.7603 602.7401 602.7164 602.6923 602.6677 602.6414 602.6182 602.5935 602.5685 602.5408 602.5107 602.4584 602.3959 602.3491 602.304 602.2623 602.2372 602.1983 602.1592 602.1381 602.1028 602.0947 602.0706 602.0419
-9999 -9999 -9999 -9999 -9999 -9999 -9999 -9999 -9999 -9999 603.4631 603.4366 603.4108 603.3845 603.3578 603.3314 603.3058 603.2805 603.2568 603.2316 603.2048 603.1816 603.1561 603.1301 603.1068 603.0825 603.0593 603.0351 603.015 602.9944 602.9713 602.9459 602.9296 602.905 602.8884 602.865 602.843 602.82 602.7966 602.7731 602.7491 602.7243 602.702 602.6798 602.6561 602.6313 602.6041 602.5791 602.5544 602.5214 602.4584 602.3942 602.3381 602.2843 602.2416 602.1998 602.1611 602.1395 602.1074 602.0707 602.0556 602.0203 602.0171 601.9931 601.9691
-9999 -9999 -9999 -9999 -9999 -9999 -9999 -9999 -9999 -9999 603.4335 603.4078 603.3818 603.3553 603.3286 603.3024 603.2768 603.2517 603.2283 603.2027 603.176 603.1527 603.1273 603.1013 603.0776 603.0536 603.0299 603.0062 602.9858 602.9636 602.9416 602.9163 602.8985 602.874 602.8535 602.8324 602.8099 602.7867 602.7631 602.739 602.7149 602.6896 602.6651 602.6431 602.6194 602.5941 602.569 602.5208 602.4565 602.3933 602.3406 602.2784 602.2205 602.1729 602.1342 602.0956 602.0598 602.0419 602.0164 601.9822 601.9731 601.9378 601.9396 601.9156 601.8916
