samples/sfe_25/sfe_25_c2/sfe_25_c2/sfe_25_c2.asc
ncols         253
nrows         137
xllcorner     79
yllcorner     53
cellsize      1
NODATA_value  -9999
[rows 58 to 86 of 137, columns 130 to 194 of 253]
598.8571 598.844 598.8285 598.8125 598.799 598.7845 598.7729 598.761 598.7405 598.725 598.713 598.7015 598.6844 598.673 598.6605 598.6395 598.6235 598.6115 598.5915 598.5765 598.554 598.541 598.519 598.497 598.482 598.4585 598.439 598.416 598.3945 598.3765 598.356 598.336 598.3185 598.302 598.287 598.27 598.2592 598.253 598.2455 598.2405 598.244 598.2475 598.254 598.266 598.2815 598.3025 598.3365 598.37 598.422 598.4885 598.545 598.671 598.7785 598.9185 599.073 599.263 599.659 599.7871 599.7925 599.8032 599.8138 599.8245 599.8351 599.8419 599.8437
598.9135 598.9 598.8795 598.868 598.8565 598.843 598.8305 598.819 598.7935 598.78 598.7685 598.7565 598.745 598.733 598.7195 598.695 598.6835 598.6715 598.6595 598.6345 598.622 598.604 598.5845 598.5635 598.544 598.5215 598.4975 598.472 598.446 598.422 598.3995 598.3755 598.3455 598.3285 598.307 598.2855 598.2665 598.2515 598.2355 598.2231 598.2175 598.211 598.2075 598.2115 598.2165 598.2264 598.249 598.2686 598.309 598.3545 598.408 598.4875 598.5785 598.667 598.8354 598.979 599.1335 599.3055 599.706 599.7674 599.769 599.7797 599.7903 599.7932 599.7963
598.9705 598.9595 598.947 598.933 598.9215 598.9095 598.896 598.8845 598.8595 598.8455 598.834 598.8225 598.8105 598.797 598.785 598.7705 598.7585 598.747 598.735 598.7195 598.7075 598.676 598.665 598.6405 598.624 598.597 598.5665 598.5545 598.5255 598.497 598.468 598.44 598.412 598.3855 598.3515 598.323 598.296 598.274 598.253 598.2285 598.2135 598.198 598.1879 598.1825 598.1775 598.1795 598.184 598.196 598.2175 598.249 598.285 598.349 598.406 598.4835 598.6055 598.73 598.8365 598.98 599.1085 599.281 599.5245 599.7469 599.7448 599.7446 599.7487
599.05 599.038 599.025 599.013 599 598.989 598.967 598.955 598.936 598.929 598.918 598.906 598.8945 598.881 598.869 598.8625 598.8565 598.8445 598.8315 598.8195 598.798 598.7735 598.762 598.734 598.7165 598.684 598.6715 598.6405 598.6265 598.594 598.5605 598.5275 598.4825 598.4554 598.42 598.3855 598.3564 598.3225 598.287 598.26 598.235 598.2085 598.1925 598.1775 598.1635 598.1545 598.1495 598.1475 598.1555 598.1655 598.1895 598.2215 598.2715 598.337 598.404 598.4814 598.6005 598.706 598.811 598.912 599.0075 599.0745 599.1495 599.24 599.4865
599.132 599.1205 599.107 599.095 599.0815 599.07 599.041 599.0285 599.019 599.0225 599.011 598.999 598.9905 598.978 598.9665 598.96 598.964 598.953 598.939 598.928 598.9 598.888 598.8755 598.8635 598.8295 598.815 598.7785 598.7655 598.7295 598.716 598.678 598.64 598.6021 598.5635 598.5205 598.4675 598.428 598.3955 598.3466 598.313 598.2825 598.249 598.224 598.2005 598.1735 598.156 598.1405 598.1264 598.122 598.1205 598.124 598.14 598.165 598.2005 598.259 598.325 598.3945 598.482 598.549 598.6215 598.7015 598.786 598.845 598.913 598.9666
599.2175 599.2045 599.1925 599.1795 599.1675 599.1545 599.137 599.124 599.127 599.1175 599.1065 599.0945 599.099 599.0875 599.076 599.0875 599.074 599.064 599.052 599.041 599.029 599.0175 599.0055 598.9935 598.9825 598.941 598.9265 598.9146 598.8725 598.8605 598.8185 598.776 598.734 598.6905 598.638 598.5915 598.53 598.4925 598.4435 598.391 598.357 598.3095 598.277 598.2465 598.2135 598.187 598.1615 598.1385 598.1215 598.103 598.094 598.0905 598.0985 598.1045 598.1375 598.176 598.239 598.2695 598.333 598.41 598.4475 598.5285 598.5885 598.6395 598.698
599.3145 599.302 599.29 599.2765 599.265 599.2515 599.24 599.2265 599.2295 599.2235 599.212 599.211 599.209 599.2125 599.2005 599.2125 599.2005 599.2115 599.2 599.1895 599.1775 599.1635 599.1515 599.14 599.1285 599.1135 599.1015 599.0745 599.042 599.0255 598.9825 598.9355 598.8875 598.843 598.776 598.7265 598.669 598.619 598.5575 598.5035 598.4575 598.4075 598.3635 598.3215 598.285 598.2465 598.2135 598.1835 598.151 598.124 598.0985 598.0825 598.0671 598.0635 598.067 598.0785 598.1045 598.1375 598.1825 598.219 598.2686 598.3145 598.376 598.4075 598.4709
599.4235 599.413 599.3995 599.387 599.3745 599.3615 599.35 599.336 599.349 599.335 599.326 599.3415 599.3295 599.3475 599.346 599.3505 599.3555 599.356 599.3645 599.3535 599.3415 599.344 599.347 599.336 599.3245 599.313 599.301 599.2476 599.2365 599.2195 599.172 599.1195 599.0675 599.018 598.9425 598.8865 598.8215 598.76 598.69 598.632 598.579 598.529 598.481 598.4245 598.3785 598.3416 598.306 598.26 598.223 598.1835 598.1395 598.1155 598.0825 598.062 598.0438 598.0365 598.0375 598.0485 598.0695 598.0985 598.124 598.1635 598.2035 598.239 598.2925
599.535 599.523 599.523 599.5105 599.4975 599.485 599.4735 599.4595 599.474 599.4605 599.469 599.4835 599.4725 599.492 599.494 599.5045 599.52 599.5205 599.534 599.534 599.5225 599.5365 599.5365 599.524 599.512 599.5005 599.4885 599.465 599.4535 599.4295 599.385 599.3265 599.2695 599.215 599.1465 599.0755 598.9975 598.9285 598.859 598.802 598.7275 598.6775 598.613 598.57 598.525 598.4635 598.4205 598.3795 598.3325 598.269 598.236 598.1905 598.1455 598.0935 598.0699 598.04 598.021 598.0105 598.006 598.018 598.025 598.0525 598.077 598.1145 598.131
599.649 599.636 599.6475 599.6355 599.6265 599.615 599.603 599.5925 599.6065 599.603 599.6095 599.617 599.631 599.651 599.668 599.6605 599.704 599.77 599.7595 599.8285 599.8416 599.886 599.8755 599.921 599.91 599.9 599.889 599.8785 599.868 599.8571 599.747 599.673 599.5345 599.438 599.374 599.2845 599.223 599.126 599.0485 598.9825 598.9105 598.84 598.7705 598.7225 598.676 598.618 598.568 598.522 598.495 598.418 598.374 598.318 598.2635 598.193 598.1405 598.089 598.0495 598.0145 597.9985 597.9839 597.9814 597.986 597.995 598.0135 598.0405
599.7885 599.777 599.772 599.7595 599.7655 599.7555 599.743 599.742 599.746 599.7755 599.7695 599.8235 599.8795 599.9344 599.9915 600.0325 600.0995 600.129 600.1214 600.1173 600.1128 600.107 600.1013 600.0936 600.0876 600.081 600.071 600.0602 600.0466 600.033 600.0174 599.9989 599.9805 599.965 599.7895 599.6255 599.475 599.3615 599.2755 599.1845 599.1255 599.064 598.9915 598.9405 598.881 598.825 598.769 598.7205 598.6801 598.623 598.5675 598.4915 598.4255 598.3385 598.275 598.196 598.1155 598.065 598.031 597.994 597.9725 597.9586 597.9555 597.956 597.9695
599.9865 599.9905 599.9785 599.9665 599.97 600 599.988 599.9915 600.023 600.0565 600.1045 600.1595 600.182 600.1806 600.1805 600.1805 600.1795 600.1786 600.1745 600.1697 600.1639 600.1581 600.1523 600.1426 600.1367 600.1296 600.1196 600.1072 600.0936 600.08 600.0634 600.0449 600.0256 600.0044 599.9814 599.9573 599.9336 599.8205 599.6565 599.451 599.353 599.29 599.2105 599.171 599.132 599.0685 599.0485 598.995 598.9335 598.87 598.8035 598.734 598.605 598.544 598.439 598.3115 598.24 598.172 598.0915 598.046 598.005 597.964 597.949 597.9337 597.9295
600.2426 600.278 600.267 600.255 600.2469 600.261 600.2498 600.2439 600.2413 600.239 600.237 600.2375 600.2362 600.2363 600.2354 600.2354 600.2327 600.2318 600.2276 600.2221 600.215 600.2092 600.2033 600.1917 600.1858 600.1781 600.1671 600.1542 600.1406 600.127 600.1093 600.0908 600.0706 600.0494 600.0253 600.0012 599.9778 599.9549 599.9318 599.9107 599.893 599.818 599.6775 599.536 599.5265 599.3835 599.3735 599.268 599.2455 599.159 599.0715 598.9965 598.8935 598.798 598.6365 598.531 598.4085 598.2875 598.206 598.1365 598.066 598.014 597.9765 597.9395 597.9255
600.362 600.356 600.3502 600.3419 600.3306 600.319 600.3129 600.3059 600.3034 600.2988 600.2946 600.2952 600.2919 600.2921 600.2902 600.2902 600.286 600.2849 600.2808 600.2745 600.2661 600.2604 600.2539 600.2408 600.2349 600.2267 600.2153 600.2012 600.1876 600.1737 600.1552 600.1367 600.1156 600.0934 600.0692 600.0449 600.022 599.9985 599.976 599.9544 599.9334 599.916 599.8994 599.8839 599.8708 599.8578 599.8454 599.8329 599.817 599.807 599.7095 599.4045 599.1975 599.052 598.9255 598.771 598.5805 598.4805 598.356 598.25 598.159 598.1015 598.035 597.9875 597.9535
600.4276 600.4214 600.4155 600.4068 600.3947 600.382 600.376 600.368 600.3654 600.3586 600.3523 600.3528 600.3477 600.3478 600.3452 600.3452 600.3393 600.338 600.3339 600.327 600.3173 600.3115 600.3021 600.2899 600.2839 600.2752 600.2625 600.2481 600.2345 600.2197 600.2012 600.1818 600.1606 600.1373 600.1131 600.0889 600.0662 600.0413 600.0193 599.9981 599.9774 599.9594 599.9432 599.9273 599.9142 599.9 599.8875 599.875 599.8546 599.8288 599.803 599.7872 599.7785 599.678 599.2775 599.028 598.85 598.6865 598.531 598.411 598.282 598.2125 598.11 598.0595 598.011
600.4931 600.4868 600.481 600.472 600.4587 600.4451 600.4391 600.43 600.4274 600.4184 600.41 600.4105 600.4034 600.4036 600.4 600.4 600.3925 600.3911 600.387 600.3794 600.3683 600.3626 600.3503 600.3389 600.333 600.3239 600.3081 600.2951 600.2815 600.2656 600.2471 600.2268 600.2056 600.1812 600.1569 600.1331 600.11 600.0855 600.0632 600.0418 600.0214 600.0033 599.9868 599.9708 599.9577 599.942 599.9296 599.9171 599.8931 599.8673 599.8415 599.8157 599.7899 599.7659 599.7572 599.4705 599.1071 598.913 598.758 598.5645 598.4485 598.341 598.2235 598.1605 598.0865
600.5587 600.5522 600.5463 600.5365 600.5228 600.5082 600.5021 600.492 600.4894 600.4782 600.4679 600.4681 600.4599 600.4593 600.4549 600.4549 600.4458 600.4442 600.439 600.4318 600.4194 600.4137 600.3984 600.388 600.3821 600.3724 600.3549 600.3421 600.3285 600.3115 600.293 600.2718 600.2495 600.225 600.2004 600.1773 600.1533 600.1298 600.107 600.0847 600.0655 600.0471 600.0272 600.0142 600.001 599.9841 599.9716 599.9575 599.9316 599.9058 599.8799 599.8541 599.8283 599.8025 599.7767 599.7509 599.735 599.17 598.9301 598.7775 598.6415 598.499 598.3915 598.3105 598.2005
600.6242 600.6176 600.6118 600.6006 600.5866 600.5714 600.5652 600.554 600.5515 600.538 600.5273 600.5258 600.5173 600.515 600.5098 600.5098 600.499 600.4973 600.4903 600.4843 600.4706 600.4648 600.4464 600.4371 600.4309 600.4208 600.4023 600.389 600.3754 600.3575 600.339 600.3168 600.293 600.2689 600.2441 600.2215 600.1952 600.1721 600.1501 600.1268 600.1094 600.091 600.0707 600.0577 600.04 600.0262 600.0137 599.9959 599.9701 599.9443 599.9185 599.8926 599.8668 599.841 599.8152 599.7894 599.7603 599.7238 599.224 599.0135 598.8575 598.6955 598.5715 598.476 598.375
600.6897 600.683 600.6771 600.6648 600.6504 600.6345 600.6284 600.616 600.6122 600.5978 600.5867 600.5834 600.5748 600.5707 600.5647 600.5647 600.5523 600.5505 600.5416 600.5366 600.5217 600.5159 600.4944 600.4861 600.4795 600.4662 600.4496 600.436 600.4219 600.4034 600.383 600.3618 600.3369 600.3127 600.2883 600.2651 600.2393 600.2156 600.1938 600.1709 600.1511 600.1348 600.1141 600.1011 600.0805 600.0682 600.0558 600.0344 600.0086 599.9828 599.957 599.9312 599.9053 599.8795 599.8537 599.8279 599.7925 599.7574 599.7212 599.4215 599.0745 598.923 598.7815 598.6475 598.5705
600.7552 600.7484 600.7425 600.7289 600.7142 600.6976 600.6915 600.678 600.673 600.6577 600.6462 600.6411 600.6323 600.6265 600.6196 600.6196 600.6055 600.6036 600.593 600.5875 600.5728 600.567 600.5425 600.5352 600.5281 600.5143 600.4966 600.483 600.4678 600.4493 600.428 600.4057 600.3808 600.356 600.3325 600.3076 600.2835 600.2595 600.2373 600.2149 600.1949 600.1765 600.1576 600.1445 600.1228 600.1104 600.0979 600.0729 600.0471 600.0213 599.9955 599.9697 599.9438 599.918 599.8922 599.8614 599.8262 599.7907 599.7537 599.7155 599.6195 599.245 599.0435 598.87 598.802
600.8208 600.8138 600.8079 600.793 600.778 600.7606 600.7546 600.7401 600.7338 600.7175 600.7056 600.6987 600.6897 600.6823 600.6745 600.6745 600.6588 600.6567 600.6454 600.6374 600.6239 600.6177 600.5906 600.5843 600.5766 600.562 600.5436 600.53 600.5137 600.4952 600.473 600.4489 600.4246 600.3994 600.3766 600.3494 600.3258 600.3023 600.2787 600.2589 600.2388 600.2166 600.201 600.1861 600.1649 600.1524 600.1373 600.1115 600.0856 600.0598 600.034 600.0082 599.9823 599.9565 599.9304 599.8937 599.8599 599.8232 599.7855 599.7473 599.7175 599.6885 599.557 599.3085 599.0875
600.8864 600.8792 600.8733 600.8572 600.8419 600.8237 600.8177 600.8021 600.7946 600.7773 600.765 600.7564 600.7472 600.738 600.7294 600.7294 600.712 600.7098 600.6978 600.6873 600.675 600.666 600.6393 600.6334 600.6252 600.6076 600.5906 600.577 600.5597 600.5397 600.5179 600.4927 600.4685 600.4436 600.4202 600.393 600.3681 600.3459 600.3203 600.3014 600.2827 600.2576 600.2445 600.2252 600.207 600.1945 600.1758 600.15 600.1241 600.0983 600.0724 600.0466 600.0208 599.995 599.9626 599.9286 599.8928 599.8554 599.8173 599.7845 599.7556 599.7266 599.6985 599.6751 599.6541
600.9519 600.9446 600.9387 600.9213 600.9059 600.8868 600.8808 600.8641 600.8553 600.8372 600.8244 600.8141 600.8046 600.7937 600.7843 600.7842 600.7653 600.7629 600.7502 600.7372 600.7261 600.7142 600.6884 600.6824 600.6738 600.6532 600.6375 600.6239 600.6057 600.5842 600.562 600.5366 600.5115 600.4878 600.4619 600.4372 600.4119 600.3896 600.3643 600.3427 600.3259 600.301 600.288 600.2643 600.249 600.2366 600.2142 600.1884 600.1626 600.1368 600.111 600.0851 600.0593 600.0315 599.9969 599.9622 599.9254 599.8872 599.852 599.8224 599.7936 599.7646 599.7387 599.7147 599.6946
601.0175 601.0099 601.0041 600.9854 600.97 600.95 600.9438 600.9261 600.916 600.897 600.8839 600.8717 600.8621 600.8494 600.8392 600.8392 600.8186 600.8161 600.8027 600.787 600.7773 600.7624 600.7374 600.7315 600.7218 600.6988 600.6845 600.67 600.6516 600.6292 600.6049 600.5804 600.5546 600.5317 600.5037 600.4796 600.4554 600.4313 600.4084 600.3866 600.3663 600.3445 600.3314 600.3034 600.2911 600.2786 600.2527 600.2269 600.2011 600.1753 600.1495 600.1237 600.0978 600.0637 600.031 599.9948 599.9572 599.9193 599.8895 599.8607 599.8317 599.8023 599.7789 599.7552 599.7351
601.083 601.0754 601.0695 601.0496 601.0342 601.0131 601.007 600.9881 600.9768 600.9568 600.9432 600.9294 600.9196 600.9052 600.894 600.894 600.8718 600.8692 600.8551 600.8369 600.8284 600.8105 600.7865 600.7806 600.7672 600.7444 600.7315 600.716 600.6971 600.6741 600.6485 600.6243 600.5988 600.5746 600.5467 600.5214 600.498 600.4726 600.4524 600.4304 600.4063 600.3879 600.3713 600.3456 600.3332 600.3171 600.2913 600.2654 600.2396 600.2138 600.188 600.1622 600.1327 600.0999 600.0643 600.0271 599.989 599.957 599.9274 599.8987 599.8697 599.8425 599.8178 599.7957 599.7736
601.1486 601.1407 601.1339 601.1137 601.0983 601.0764 601.0701 601.0502 601.0375 601.0166 601.0027 600.9871 600.977 600.9609 600.9493 600.9478 600.9251 600.9223 600.9075 600.8868 600.8795 600.8588 600.8356 600.8294 600.8135 600.7917 600.7784 600.7619 600.7404 600.7183 600.6924 600.6671 600.6431 600.6162 600.5909 600.5644 600.5417 600.514 600.4934 600.4743 600.4462 600.4314 600.4104 600.3878 600.3752 600.3556 600.3298 600.304 600.2781 600.2523 600.2265 600.2006 600.1656 600.1334 600.0969 600.0589 600.0245 599.9944 599.9657 599.9367 599.9074 599.8827 599.8564 599.8362 599.8144
601.2141 601.2061 601.1989 601.1779 601.1624 601.14 601.1329 601.1122 601.0983 601.0764 601.0621 601.0447 601.0345 601.0167 601.0049 601.0013 600.9783 600.9755 600.96 600.9366 600.9306 600.9069 600.8846 600.878 600.8615 600.8391 600.8254 600.8079 600.7854 600.7612 600.7362 600.7099 600.6868 600.658 600.6332 600.6083 600.5839 600.5578 600.5344 600.5157 600.4879 600.4748 600.4495 600.4298 600.4174 600.3941 600.3683 600.3424 600.3166 600.2908 600.265 600.2338 600.2022 600.1664 600.1288 600.0917 600.0619 600.0324 600.0037 599.9747 599.9464 599.9222 599.8969 599.8768 599.8556
601.2797 601.2715 601.2632 601.2419 601.2261 601.2034 601.1949 601.1742 601.1591 601.1362 601.1216 601.1024 601.0919 601.0724 601.0604 601.0547 601.0316 601.0275 601.0124 600.9875 600.9814 600.955 600.9337 600.9266 600.9071 600.886 600.8723 600.8538 600.8304 600.8043 600.7799 600.7541 600.7289 600.7004 600.6751 600.6503 600.6252 600.6019 600.5782 600.5561 600.5313 600.5175 600.4886 600.4719 600.4584 600.4326 600.4067 600.3809 600.3551 600.3293 600.3028 600.2689 600.2358 600.1988 600.1606 600.1299 600.0994 600.0707 600.0418 600.0123 599.9865 599.9595 599.9374 599.9138 599.8968
601.3452 601.3369 601.3274 601.3061 601.2896 601.267 601.2569 601.2362 601.2198 601.196 601.181 601.16 601.1494 601.1281 601.1159 601.1082 601.0848 601.0787 601.0648 601.0386 601.0299 601.003 600.9828 600.9752 600.9527 600.933 600.9182 600.8976 600.8746 600.8481 600.8226 600.7983 600.7705 600.7447 600.7169 600.6938 600.6666 600.645 600.6221 600.5961 600.5748 600.5565 600.5277 600.514 600.4969 600.4711 600.4453 600.4194 600.3936 600.3678 600.335 600.3046 600.2685 600.2306 600.1968 600.1669 600.1373 600.1088 600.0798 600.0502 600.0266 599.998 599.9779 599.9532 599.9348
