site316_m/site316_5x_roughbed_V3/site316_5x_roughbed_V3/sfe316_5x_roughbed_v3.asc
ncols         183
nrows         51
xllcorner     98.199999999255
yllcorner     72.199999999255
cellsize      1
NODATA_value  -9999
[rows 0 to 27 of 51, columns 0 to 63 of 183]
-9999 -9999 604.283 604.2755 604.2658 604.2573 604.2481 604.2393 604.2303 604.2212 604.2114 604.2018 604.1913 604.1811 604.1704 604.1592 604.1472 604.1401 604.1276 604.1138 604.1068 604.0922 604.0852 604.0687 604.0616 604.0546 604.0471 604.0401 604.0331 604.026 604.0185 604.0205 604.013 604.006 604.0065 603.9995 603.9984 603.9968 603.9897 603.987 603.9842 603.9808 603.9738 603.9695 603.9655 603.961 603.9536 603.9489 603.944 603.937 603.9315 603.9263 603.9188 603.9134 603.908 603.901 603.8948 603.8892 603.8821 603.8759 603.8701 603.863 603.8571 603.8495
-9999 -9999 603.9277 603.9209 603.8835 603.8691 603.8444 603.819 603.779 603.7481 603.7151 603.6793 603.6396 603.5971 603.5498 603.4969 603.4402 603.4308 603.3638 603.2866 603.2797 603.1895 603.182 603.0842 603.0681 603.0607 603.053 603.046 603.0386 603.031 603.0235 603.116 603.108 603.1005 603.176 603.2139 603.2318 603.2842 603.2775 603.322 603.3607 603.3934 603.3863 603.4142 603.4396 603.461 603.468 603.4727 603.4893 603.4952 603.4963 603.509 603.502 603.5126 603.5226 603.5157 603.5234 603.5309 603.5237 603.5298 603.5355 603.5287 603.5331 603.5313
-9999 -9999 603.586 603.566 603.5233 603.4868 603.447 603.4055 603.3277 603.2935 603.2328 603.1743 603.0881 603.0132 602.9293 602.8755 602.7786 602.7217 602.5999 602.5165 602.4523 602.2863 602.2784 602.181 602.1489 602.1415 602.1329 602.126 602.119 602.1105 602.128 602.2114 602.203 602.2709 602.3456 602.4474 602.4656 602.572 602.5817 602.6659 602.7371 602.8061 602.8257 602.859 602.9138 602.9611 602.9918 602.9965 603.0345 603.0601 603.0615 603.0917 603.0958 603.1115 603.1372 603.13 603.1519 603.1727 603.1656 603.1838 603.201 603.1938 603.209 603.2175
-9999 -9999 603.4151 603.2112 603.1635 603.1045 603.0496 602.9919 602.9048 602.8423 602.7602 602.6777 602.5366 602.4608 602.3197 602.2552 602.2128 602.1539 602.1191 602.079 602.0201 602.001 601.9509 601.9434 601.8981 601.8909 601.8824 601.8755 601.8682 601.8599 601.884 601.8953 601.8873 601.9203 601.9274 601.9579 601.9877 601.9984 602.0402 602.058 602.1133 602.2187 602.271 602.3039 602.3878 602.4613 602.5156 602.5201 602.5795 602.6248 602.6263 602.6744 602.6952 602.7106 602.7517 602.7518 602.7805 602.8146 602.8074 602.8378 602.8665 602.8607 602.8849 602.9038
-9999 -9999 603.1519 602.8564 602.7997 602.7222 602.6522 602.5784 602.4852 602.3912 602.2875 602.2485 602.1766 602.1157 602.0575 602.002 601.9489 601.8932 601.8552 601.8151 601.7658 601.7471 601.6935 601.6795 601.6474 601.6404 601.632 601.625 601.6174 601.6094 601.6275 601.6446 601.637 601.6607 601.6772 601.6951 601.7372 601.7482 601.7848 601.8209 601.8573 601.8735 601.9033 601.9456 601.9749 602.0051 602.0394 602.0508 602.1245 602.1896 602.207 602.2571 602.2946 602.319 602.3661 602.3803 602.4092 602.4565 602.4514 602.4918 602.532 602.5369 602.5608 602.59
-9999 -9999 602.8888 602.5331 602.4448 602.3399 602.3025 602.2493 602.1862 602.1046 602.0547 601.9808 601.9212 601.8517 601.7971 601.738 601.6849 601.6324 601.5912 601.5511 601.5117 601.4836 601.4432 601.4156 601.3967 601.3896 601.3817 601.3748 601.3667 601.3592 601.3636 601.3939 601.3865 601.4105 601.4269 601.4448 601.4758 601.4979 601.5341 601.558 601.6031 601.6235 601.6415 601.6846 601.7218 601.7518 601.7725 601.8124 601.8428 601.856 601.8931 601.9086 601.9316 601.949 601.9805 602.0088 602.041 602.0985 602.1054 602.1456 602.1975 602.2132 602.2368 602.2763
-9999 -9999 602.6256 602.35 602.221 602.1026 602.0454 601.9848 601.9222 601.8406 601.7874 601.713 601.6605 601.5878 601.5341 601.4741 601.421 601.3719 601.3273 601.2872 601.2579 601.2203 601.193 601.179 601.1652 601.1579 601.1501 601.1432 601.1346 601.1299 601.127 601.1431 601.136 601.1602 601.1743 601.1946 601.2128 601.2477 601.2838 601.3016 601.3394 601.3735 601.3912 601.4211 601.4668 601.4986 601.5225 601.5492 601.59 601.606 601.6304 601.6591 601.6763 601.7129 601.7237 601.7505 601.7953 601.7946 601.8331 601.8722 601.8773 601.8895 601.9169 601.9625
-9999 603.8505 602.4268 602.2061 601.9821 601.8428 601.7736 601.722 601.649 601.5767 601.52 601.4457 601.3964 601.3239 601.2704 601.237 601.222 601.205 601.1871 601.171 601.1564 601.1441 601.1298 601.1176 601.1025 601.0966 601.0871 601.0801 601.071 601.066 601.0671 601.0596 601.0604 601.0587 601.0585 601.0595 601.0612 601.0622 601.0635 601.057 601.0759 601.1213 601.141 601.1592 601.2036 601.2454 601.2725 601.2858 601.3306 601.356 601.368 601.4096 601.4261 601.45 601.4739 601.4905 601.5326 601.5449 601.5703 601.6146 601.6245 601.6529 601.6954 601.7138
-9999 603.5962 602.244 601.8486 601.7432 601.5807 601.4948 601.4581 601.3736 601.3132 601.2725 601.2539 601.2322 601.2127 601.1943 601.1769 601.1589 601.1425 601.1245 601.1077 601.0929 601.0811 601.0667 601.0546 601.0406 601.0352 601.0245 601.017 601.0073 601.0021 601.0033 600.9954 600.9965 600.9953 600.9951 600.9974 600.9991 600.9996 600.9968 600.9978 600.999 601.0011 601.0008 601.0035 601.0076 601.0115 601.0225 601.028 601.067 601.106 601.1174 601.1495 601.1763 601.1869 601.2242 601.2412 601.2698 601.2952 601.3115 601.3519 601.3717 601.39 601.4345 601.4579
-9999 603.4003 602.0612 601.4911 601.3942 601.3134 601.2964 601.2721 601.2512 601.2294 601.2085 601.1863 601.1641 601.1465 601.1313 601.114 601.0959 601.08 601.0619 601.0443 601.0295 601.0179 601.0036 600.9916 600.9783 600.9737 600.9611 600.9542 600.9433 600.9383 600.9394 600.9313 600.9325 600.9319 600.9319 600.9354 600.9363 600.9371 600.9301 600.9314 600.9308 600.933 600.9267 600.9294 600.9296 600.9326 600.9349 600.9393 600.9436 600.9455 600.9495 600.9517 600.9532 600.9505 600.9697 600.9915 601.0069 601.0454 601.0588 601.0891 601.1189 601.1272 601.1721 601.2017
-9999 603.2044 601.8784 601.3205 601.2994 601.2425 601.2124 601.1881 601.1829 601.1602 601.1392 601.1187 601.0961 601.0804 601.0677 601.0511 601.0328 601.0175 600.9993 600.981 600.9662 600.9549 600.9406 600.9286 600.9163 600.9121 600.9 600.8913 600.8796 600.8744 600.8747 600.8674 600.8691 600.8685 600.8698 600.8733 600.8736 600.8746 600.8635 600.8655 600.8626 600.8648 600.8532 600.8554 600.8517 600.8527 600.8546 600.8575 600.862 600.8641 600.8694 600.8721 600.8715 600.8759 600.8767 600.8787 600.8834 600.8859 600.8909 600.8925 600.8947 600.8905 600.9097 600.9454
-9999 603.0085 601.6956 601.268 601.2111 601.1541 601.1284 601.108 601.1145 601.0909 601.0698 601.0487 601.028 601.0143 601.002 600.9882 600.9698 600.955 600.9368 600.9186 600.9029 600.8918 600.8775 600.8657 600.8546 600.8506 600.8394 600.8282 600.816 600.8105 600.8096 600.8034 600.8068 600.8051 600.8077 600.8112 600.811 600.8118 600.7974 600.7992 600.7944 600.7967 600.7824 600.7813 600.7737 600.7728 600.7742 600.7758 600.78 600.7826 600.7898 600.7926 600.7897 600.7927 600.7939 600.7963 600.8035 600.8054 600.8132 600.8148 600.8187 600.8215 600.8252 600.8289
-9999 602.8126 601.5128 601.1796 601.1226 601.0657 601.0444 601.0302 601.0406 601.0217 601.0005 600.98 600.96 600.9481 600.9361 600.9252 600.9068 600.8921 600.8751 600.8562 600.8395 600.8288 600.8145 600.8027 600.793 600.789 600.7777 600.7651 600.7525 600.7466 600.7447 600.7394 600.7421 600.7417 600.7456 600.7491 600.7485 600.7482 600.7332 600.7325 600.7263 600.7285 600.7117 600.7073 600.6958 600.6929 600.6939 600.6939 600.6967 600.7014 600.7103 600.7119 600.708 600.7094 600.7111 600.7139 600.7205 600.7249 600.7357 600.7379 600.7427 600.7458 600.7526 600.7539
-9999 602.6168 601.33 601.088 601.0342 600.9773 600.9604 600.9524 600.9629 600.9525 600.9312 600.9114 600.892 600.882 600.8702 600.8622 600.8438 600.8289 600.8129 600.7936 600.7762 600.7652 600.7514 600.7397 600.7313 600.7274 600.7155 600.7023 600.689 600.6827 600.68 600.6755 600.6785 600.6794 600.6835 600.687 600.6859 600.6844 600.6689 600.6658 600.6581 600.6604 600.6409 600.6332 600.6179 600.613 600.6135 600.612 600.6152 600.6225 600.6307 600.6304 600.6263 600.6262 600.6282 600.6315 600.64 600.65 600.658 600.6629 600.6668 600.6701 600.6814 600.6789
-9999 602.4209 601.1472 600.9875 600.9458 600.8889 600.8765 600.8746 600.8851 600.8834 600.8618 600.843 600.8239 600.8159 600.8044 600.7992 600.7808 600.7657 600.7504 600.731 600.7129 600.7012 600.6883 600.6767 600.6697 600.6658 600.6542 600.639 600.6264 600.6188 600.6151 600.6115 600.6151 600.6174 600.6214 600.6249 600.6234 600.621 600.6047 600.5991 600.59 600.5915 600.5701 600.5591 600.5399 600.533 600.5332 600.5302 600.5337 600.5443 600.5512 600.549 600.5446 600.5431 600.5446 600.5516 600.5595 600.5763 600.5804 600.5881 600.5908 600.5944 600.6075 600.6039
-9999 602.225 600.9644 600.8867 600.8574 600.8031 600.7925 600.7969 600.8073 600.8151 600.7924 600.7744 600.7562 600.7487 600.7386 600.7357 600.7181 600.7025 600.6879 600.6685 600.6495 600.6373 600.6252 600.6138 600.6081 600.6041 600.5931 600.576 600.5638 600.5549 600.5501 600.5483 600.5517 600.5552 600.5593 600.5629 600.5609 600.5567 600.5404 600.5324 600.5218 600.5219 600.4993 600.485 600.462 600.4531 600.4528 600.4485 600.4522 600.4661 600.4717 600.4675 600.4628 600.4599 600.462 600.4737 600.479 600.4995 600.5028 600.5122 600.515 600.5251 600.5328 600.5289
-9999 602.0291 600.8238 600.7878 600.769 600.7191 600.7086 600.7191 600.7296 600.74 600.7231 600.7034 600.6885 600.681 600.6727 600.6698 600.6553 600.639 600.6251 600.6062 600.5872 600.5732 600.5621 600.5508 600.5464 600.5425 600.5321 600.5136 600.5012 600.491 600.4852 600.4869 600.4891 600.4932 600.4972 600.5008 600.4983 600.4925 600.4762 600.4657 600.4536 600.4512 600.4285 600.411 600.3872 600.3732 600.3725 600.3669 600.3723 600.3868 600.3922 600.386 600.3811 600.3768 600.3796 600.395 600.4056 600.4227 600.4265 600.4362 600.4393 600.4567 600.4582 600.4539
-9999 601.8333 600.7255 600.6895 600.6785 600.6351 600.6309 600.6413 600.6518 600.6622 600.6537 600.6329 600.6209 600.6134 600.6069 600.6039 600.5926 600.5751 600.5619 600.5444 600.5248 600.5093 600.4989 600.4888 600.4848 600.4808 600.4711 600.4529 600.4385 600.4272 600.4202 600.4255 600.427 600.431 600.4351 600.4387 600.4357 600.4282 600.4119 600.399 600.3854 600.3804 600.3577 600.337 600.3137 600.2933 600.2921 600.2853 600.2933 600.3074 600.3115 600.3046 600.2994 600.2936 600.2994 600.3136 600.3323 600.3459 600.3514 600.3602 600.3661 600.3853 600.3835 600.3788
-9999 601.6373 600.6271 600.5911 600.578 600.5511 600.5531 600.5635 600.574 600.5844 600.5845 600.5635 600.5514 600.5458 600.541 600.5381 600.5299 600.5108 600.4987 600.4827 600.4624 600.4455 600.4358 600.4271 600.4232 600.4192 600.41 600.3923 600.3759 600.3633 600.3553 600.3617 600.3649 600.3689 600.3729 600.3766 600.3732 600.364 600.3477 600.3323 600.3173 600.3096 600.2869 600.2643 600.2402 600.2137 600.2098 600.2036 600.2144 600.2281 600.23 600.2231 600.2171 600.2107 600.2217 600.2346 600.2589 600.2684 600.2766 600.2843 600.2977 600.3131 600.3088 600.3038
-9999 601.4415 600.5287 600.4927 600.4772 600.4672 600.4753 600.4858 600.4962 600.5067 600.5156 600.4942 600.4811 600.4781 600.4752 600.4723 600.467 600.4478 600.4355 600.4208 600.4 600.3816 600.3727 600.3655 600.3615 600.3575 600.3489 600.3317 600.3133 600.2994 600.2905 600.2988 600.3028 600.3068 600.3109 600.3146 600.3103 600.2997 600.2834 600.2672 600.2491 600.2388 600.2162 600.1935 600.1667 600.1364 600.128 600.122 600.1363 600.1487 600.1485 600.1412 600.1342 600.1279 600.1437 600.1613 600.1841 600.1907 600.2017 600.2086 600.2292 600.2409 600.2342 600.2288
-9999 601.2456 600.4304 600.3935 600.3685 600.3936 600.3975 600.408 600.4185 600.4289 600.4393 600.4249 600.4108 600.4105 600.4094 600.4064 600.4035 600.3849 600.3723 600.3582 600.3376 600.3181 600.3096 600.3038 600.2999 600.2959 600.2879 600.2711 600.2507 600.2345 600.2275 600.2366 600.2407 600.2447 600.2487 600.2524 600.2463 600.2355 600.2192 600.2029 600.1823 600.168 600.1454 600.1251 599.9575 599.6965 599.602 599.7 599.8719 600.0185 600.075 600.0024 599.9115 600.052 600.0657 600.0879 600.1073 600.1151 600.127 600.1386 600.1608 600.167 600.1595 600.1538
-9999 601.0497 600.308 600.1345 600.1315 600.169 600.289 600.384 600.377 600.3699 600.3627 600.3555 600.3415 600.3429 600.3435 600.3406 600.3376 600.3221 600.3091 600.2985 600.2115 600.026 600.042 600.1285 600.237 600.2385 600.0365 599.8936 599.825 599.8295 599.8645 600.055 600.2049 600.1977 600.1906 600.1898 600.1829 600.1713 600.1625 600.028 599.808 599.795 599.781 599.6541 599.609 599.504 599.41 599.409 599.437 599.414 599.4705 599.4705 599.4285 599.5705 599.6745 599.798 600.0305 600.0401 600.0521 600.0702 600.0891 600.0923 600.0848 600.0788
-9999 600.8538 600.2665 600.1436 600.1285 600.1745 600.1885 600.2395 600.2305 600.266 600.089 600.2159 600.2216 600.197 600.2995 600.237 600.2585 600.1655 600.0415 600.0635 600.113 600.0385 599.8575 599.966 600.1185 599.9605 599.7495 599.8205 599.86 599.715 599.7859 599.761 599.823 600.0425 599.807 599.682 599.6605 599.6945 599.6465 599.554 599.443 599.507 599.561 599.4155 599.3195 599.363 599.37 599.3535 599.4435 599.372 599.459 599.408 599.3215 599.438 599.4285 599.4355 599.4015 599.5085 599.6075 600.0095 600.0169 600.0177 600.0102 600.0032
-9999 600.6579 600.208 600.1115 600.1274 600.1359 600.0945 600.168 600.168 600.185 600.1295 600.223 600.2365 600.159 600.176 600.066 600.0745 600.1055 600.102 600.127 600.104 600.0355 599.845 599.893 599.9795 599.838 599.694 599.665 599.7765 599.788 599.712 599.5655 599.54 599.565 599.563 599.593 599.5179 599.5745 599.5165 599.4065 599.31 599.2905 599.3775 599.38 599.266 599.201 599.249 599.2615 599.3564 599.3695 599.387 599.304 599.167 599.228 599.3135 599.424 599.411 599.377 599.49 599.511 599.537 599.5405 599.5315 599.5135
-9999 600.462 600.103 600.129 600.2925 600.176 600.0265 600.162 600.194 600.166 600.26 600.201 600.2485 600.1695 600.1388 600.12 599.957 600.0605 600.191 600.0305 599.915 599.9675 599.8435 599.8465 599.822 599.759 599.7885 599.65 599.6225 599.61 599.5485 599.4815 599.5415 599.472 599.3985 599.3895 599.2075 599.315 599.363 599.2525 599.2225 599.207 599.1405 599.2015 599.263 599.1565 599.2375 599.1985 599.1985 599.2209 599.2155 599.2325 599.086 599.233 599.261 599.275 599.432 599.2995 599.3095 599.3305 599.33 599.3455 599.3305 599.3304
-9999 600.422 600.197 600.221 600.321 600.255 600.2265 600.26 600.2695 600.285 600.244 600.11 600.1805 600.1775 600.151 600.1435 600.018 600.069 600.199 600.0845 599.9475 599.854 599.803 599.897 599.8135 599.7139 599.71 599.6769 599.615 599.5335 599.505 599.542 599.5115 599.3345 599.285 599.317 599.2365 599.3025 599.3695 599.2875 599.215 599.1949 599.1025 599.09 599.231 599.2295 599.189 599.158 599.208 599.2315 599.227 599.193 599.047 599.1445 599.168 599.1696 599.2825 599.2015 599.254 599.2765 599.2235 599.2855 599.2775 599.284
-9999 600.4993 600.4415 600.3775 600.367 600.395 600.3876 600.3807 600.3738 600.3668 600.3595 600.2385 600.2365 600.2015 600.2095 600.171 600.1415 600.0995 600.165 600.061 600.073 599.9625 599.8445 599.8935 599.824 599.7425 599.782 599.6825 599.546 599.5885 599.465 599.4685 599.499 599.368 599.2665 599.3025 599.367 599.2775 599.31 599.211 599.096 599.145 599.1325 599.1245 599.203 599.153 599.001 599.14 599.242 599.188 599.2535 599.189 599.1045 599.181 599.193 599.2055 599.221 599.2295 599.3265 599.281 599.145 599.2875 599.3015 599.2975
-9999 600.5775 600.5202 600.476 600.4598 600.462 600.4523 600.4427 600.433 600.4234 600.4137 600.3872 600.3655 600.356 600.3361 600.3238 600.3165 600.2185 600.1505 599.9995 600.087 600.0625 599.938 599.907 599.9385 599.963 599.928 599.786 599.6355 599.5305 599.4755 599.5955 599.625 599.504 599.3815 599.313 599.303 599.24 599.298 599.262 599.2115 599.2295 599.2159 599.2079 599.2075 599.1655 599.125 599.171 599.192 599.115 599.205 599.218 599.152 599.252 599.3225 599.405 599.3745 599.376 599.453 599.3405 599.218 599.374 599.437 599.3955
