site316_m/site316_5x_roughbed_V3/site316_5x_roughbed_V3/sfe316_5x_roughbed_v3.asc
ncols         183
nrows         51
xllcorner     98.199999999255
yllcorner     72.199999999255
cellsize      1
NODATA_value  -9999
[rows 0 to 27 of 51, columns 64 to 127 of 183]
603.8436 603.8376 603.831 603.824 603.8178 603.8116 603.8048 603.7985 603.7917 603.7853 603.7784 603.7726 603.765 603.7586 603.7521 603.7452 603.7386 603.7317 603.7252 603.718 603.7115 603.7045 603.6974 603.6904 603.6838 603.6768 603.6697 603.6627 603.6552 603.6482 603.6412 603.6342 603.6267 603.6193 603.6123 603.6048 603.5974 603.5905 603.5834 603.5755 603.5685 603.5611 603.5536 603.5461 603.5391 603.5322 603.5242 603.5172 603.5097 603.5022 603.4952 603.4882 603.4807 603.4737 603.4667 603.4592 603.4522 603.4452 603.4382 603.4308 603.4238 603.4167 603.4097 603.4027
603.5295 603.533 603.5357 603.5286 603.5349 603.5325 603.533 603.5338 603.5342 603.5341 603.5271 603.5333 603.5257 603.5248 603.5235 603.5221 603.5203 603.5162 603.5134 603.5085 603.5063 603.5007 603.4965 603.4911 603.4868 603.4798 603.4766 603.4696 603.462 603.4551 603.4481 603.441 603.4335 603.4227 603.4153 603.408 603.3964 603.3896 603.3825 603.3708 603.3638 603.3523 603.3445 603.3325 603.3256 603.3186 603.3062 603.2989 603.2917 603.2815 603.2723 603.2653 603.2578 603.2509 603.2439 603.2366 603.2296 603.2224 603.2155 603.2083 603.2012 603.1939 603.1921 603.185
603.2158 603.2289 603.2404 603.2377 603.2558 603.2552 603.2617 603.2693 603.2766 603.2829 603.2797 603.294 603.2889 603.2927 603.2953 603.299 603.3019 603.3043 603.304 603.2994 603.3011 603.2997 603.2956 603.2941 603.2897 603.2823 603.2835 603.2766 603.2688 603.262 603.255 603.2479 603.2404 603.2255 603.2184 603.2111 603.1955 603.1888 603.1816 603.166 603.1589 603.143 603.1355 603.1193 603.1121 603.1051 603.0879 603.0806 603.0739 603.0635 603.0494 603.0424 603.035 603.028 603.0211 603.0139 603.0069 602.9996 602.9927 602.9858 602.9786 602.9716 602.9745 602.9673
602.9058 602.9244 602.9451 602.9546 602.9766 602.9836 602.9899 603.0049 603.0189 603.0316 603.0391 603.0547 603.0574 603.0643 603.0669 603.0756 603.0834 603.0908 603.0947 603.0904 603.096 603.0988 603.0947 603.097 603.0926 603.0887 603.0905 603.0834 603.0756 603.069 603.062 603.0547 603.0472 603.0286 603.0214 603.0142 602.9948 602.988 602.9807 602.961 602.9542 602.9338 602.9264 602.9056 602.8986 602.8916 602.8695 602.8624 602.8559 602.8456 602.8267 602.8195 602.8121 602.8051 602.7983 602.7913 602.7842 602.7769 602.7699 602.7634 602.7561 602.749 602.7569 602.7496
602.6016 602.6224 602.6497 602.6714 602.6974 602.712 602.7254 602.7402 602.761 602.7804 602.7985 602.8154 602.8259 602.8359 602.8384 602.8522 602.8648 602.8768 602.8853 602.884 602.891 602.8978 602.8938 602.9 602.8956 602.8954 602.8974 602.8904 602.8824 602.8759 602.8689 602.8615 602.854 602.8336 602.8245 602.8174 602.7939 602.7872 602.7798 602.7562 602.7493 602.7245 602.7173 602.6953 602.6851 602.6781 602.6514 602.6441 602.6379 602.6277 602.6041 602.5967 602.5892 602.5822 602.5756 602.5686 602.5616 602.5541 602.5471 602.541 602.5335 602.5264 602.5393 602.5319
602.2973 602.327 602.3542 602.3882 602.4183 602.4404 602.4609 602.4812 602.507 602.529 602.5536 602.576 602.5944 602.6075 602.6151 602.6319 602.6464 602.663 602.6759 602.6789 602.6859 602.6967 602.6929 602.7029 602.6985 602.7021 602.7043 602.6973 602.6893 602.6828 602.6758 602.6683 602.6608 602.6404 602.6275 602.6205 602.5929 602.5864 602.5789 602.5515 602.5446 602.517 602.5083 602.4863 602.4716 602.4645 602.4332 602.4259 602.42 602.4097 602.3812 602.3738 602.3663 602.3593 602.3529 602.3459 602.3389 602.3314 602.3244 602.3184 602.311 602.3069 602.3217 602.3141
601.9931 602.0316 602.0588 602.1018 602.1391 602.1688 602.1964 602.2248 602.2557 602.2776 602.3085 602.3366 602.3628 602.3791 602.3937 602.4135 602.4281 602.4493 602.4666 602.4738 602.4807 602.4957 602.4917 602.5059 602.5013 602.5089 602.5112 602.5042 602.4962 602.4896 602.4827 602.4752 602.4677 602.4473 602.4307 602.4235 602.3922 602.3855 602.378 602.3466 602.3398 602.3123 602.2993 602.2772 602.2581 602.2509 602.216 602.2078 602.2019 602.1918 602.1582 602.1509 602.1436 602.1365 602.1302 602.1232 602.1162 602.1087 602.1017 602.0958 602.0884 602.0892 602.1039 602.0964
601.743 601.7806 601.808 601.8435 601.8599 601.8972 601.9319 601.9683 602.0045 602.0265 602.069 602.0974 602.1299 602.1507 602.1724 602.1949 602.2096 602.2355 602.2571 602.2687 602.2757 602.2947 602.2908 602.3088 602.3041 602.3156 602.318 602.311 602.3032 602.2964 602.2895 602.282 602.2747 602.2541 602.2338 602.2266 602.1938 602.1846 602.1771 602.145 602.1349 602.1075 602.0901 602.0682 602.0446 602.0373 602.0024 601.9896 601.9839 601.9739 601.9355 601.928 601.9208 601.9138 601.9075 601.9006 601.8936 601.886 601.8791 601.873 601.8658 601.8715 601.8862 601.8787
601.4837 601.5178 601.5551 601.6041 601.6354 601.6674 601.6992 601.743 601.7812 601.8005 601.8297 601.8604 601.8968 601.9222 601.951 601.9765 601.9968 602.025 602.0478 602.0636 602.0721 602.0938 602.0908 602.1118 602.1071 602.1224 602.1248 602.1178 602.11 602.1033 602.0963 602.0888 602.0816 602.0609 602.0369 602.0296 601.9968 601.9837 601.9762 601.9441 601.9302 601.9026 601.8811 601.8591 601.8311 601.8237 601.7888 601.7715 601.7659 601.7559 601.7177 601.7051 601.698 601.691 601.6849 601.6779 601.6709 601.6634 601.6564 601.6504 601.6433 601.6537 601.6685 601.661
601.2244 601.2548 601.3004 601.345 601.3765 601.4086 601.4401 601.4804 601.5189 601.5611 601.6035 601.6489 601.6935 601.7134 601.7582 601.758 601.7848 601.8156 601.8384 601.8585 601.8712 601.8928 601.8937 601.9147 601.91 601.9291 601.9316 601.9246 601.917 601.9101 601.9031 601.8956 601.8885 601.8677 601.84 601.8326 601.7999 601.7828 601.7753 601.7432 601.7253 601.6979 601.6721 601.65 601.6176 601.61 601.5752 601.5533 601.5478 601.538 601.512 601.4796 601.4726 601.4656 601.4595 601.4526 601.4455 601.438 601.431 601.425 601.4369 601.436 601.4507 601.4433
600.965 600.9931 601.0374 601.0826 601.1178 601.1497 601.181 601.2178 601.2565 601.302 601.3411 601.3862 601.4311 601.4543 601.4958 601.5216 601.5668 601.6123 601.6391 601.6503 601.6958 601.6887 601.708 601.7176 601.7153 601.7358 601.7385 601.7314 601.7239 601.7169 601.71 601.7025 601.6954 601.6746 601.6432 601.6357 601.6089 601.5831 601.5696 601.5627 601.5131 601.4957 601.4613 601.4359 601.4098 601.3715 601.3644 601.3137 601.3012 601.2943 601.2749 601.2298 601.2233 601.2161 601.21 601.2031 601.1957 601.1885 601.1815 601.175 601.1869 601.1993 601.2042 601.197
600.8318 600.8369 600.8417 600.8465 600.859 600.8906 600.9219 600.9551 600.9941 601.0396 601.0787 601.1236 601.1688 601.1954 601.2335 601.2656 601.3045 601.3499 601.38 601.3879 601.4334 601.4343 601.4714 601.4762 601.5099 601.5021 601.506 601.4988 601.4915 601.4846 601.4774 601.47 601.463 601.456 601.4299 601.3917 601.3846 601.3338 601.3203 601.3 601.2636 601.2441 601.212 601.1866 601.1595 601.1223 601.1149 601.0644 601.0515 601.0445 601.0125 600.98 600.9741 600.9666 600.9605 600.9535 600.946 600.939 600.932 600.925 600.9369 600.943 600.9545 600.9474
600.7564 600.7604 600.7651 600.7708 600.777 600.783 600.7858 600.7919 600.7973 600.8035 600.8163 600.861 600.9064 600.9366 600.9711 601.01 601.0421 601.0876 601.1209 601.127 601.171 601.1851 601.209 601.2269 601.2475 601.2399 601.2568 601.2493 601.2423 601.2353 601.2278 601.2208 601.2138 601.2068 601.177 601.1424 601.1354 601.0845 601.0711 601.037 601.0142 600.9949 600.9628 600.9374 600.899 600.873 600.8655 600.8151 600.8019 600.795 600.7565 600.7305 600.7248 600.7173 600.7108 600.7038 600.6963 600.6893 600.6823 600.6753 600.6801 600.6932 600.705 600.6978
600.681 600.6834 600.6885 600.694 600.7007 600.7076 600.7076 600.7104 600.7111 600.7157 600.72 600.7322 600.7419 600.75 600.757 600.7605 600.7797 600.8252 600.8618 600.8682 600.9087 600.9359 600.9467 600.9777 600.9851 600.9821 601.0075 601 600.993 600.986 600.9785 600.9715 600.9645 600.9575 600.9144 600.8932 600.8862 600.8353 600.8218 600.7838 600.7646 600.7456 600.7018 600.6881 600.6497 600.6238 600.6163 600.5608 600.5524 600.5455 600.513 600.4913 600.4825 600.475 600.468 600.4595 600.451 600.4431 600.4361 600.4291 600.4356 600.4435 600.4554 600.448
600.6055 600.6066 600.6111 600.6192 600.6252 600.6321 600.6289 600.6288 600.6249 600.6265 600.6245 600.6366 600.645 600.6509 600.6484 600.647 600.6499 600.662 600.6645 600.6833 600.6901 600.695 600.7105 600.7284 600.7227 600.7331 600.7583 600.7508 600.7438 600.7368 600.7293 600.7223 600.7153 600.7083 600.6522 600.6439 600.6369 600.605 600.5815 600.5745 600.5392 600.5276 600.5064 600.4833 600.4759 600.4413 600.416 600.3951 600.3593 600.3523 600.3448 600.312 600.3027 600.2952 600.2882 600.2638 600.2539 600.2291 600.222 600.215 600.239 600.2538 600.2379 600.2303
600.5301 600.53 600.5343 600.5429 600.5508 600.554 600.5502 600.5472 600.5388 600.5374 600.5289 600.541 600.5481 600.5519 600.5459 600.5184 600.5121 600.5175 600.5153 600.5309 600.5179 600.4765 600.4815 600.4661 600.444 600.4807 600.4738 600.4741 600.4838 600.4873 600.4922 600.4821 600.4661 600.459 600.443 600.4062 600.4197 600.4316 600.4217 600.4145 600.3802 600.3613 600.3463 600.323 600.3157 600.2833 600.2556 600.2106 600.1724 600.1655 600.158 600.1326 600.1229 600.1154 600.1088 600.0875 600.0607 600.0155 600.008 600.001 600.0431 600.0497 600.0238 600.0163
600.4547 600.4533 600.4575 600.4666 600.4755 600.4753 600.4716 600.4657 600.4526 600.4482 600.4333 600.4454 600.4512 600.4529 600.4434 600.3897 600.3744 600.373 600.3659 600.3766 600.3458 600.3088 600.2431 600.23 600.1636 600.1812 600.1741 600.1984 600.2262 600.2429 600.2679 600.2462 600.2169 600.2099 600.2023 600.17 600.2061 600.251 600.2616 600.2548 600.2213 600.1954 600.186 600.1626 600.1556 600.1254 600.093 600.0443 599.9857 599.9785 599.9711 599.9531 599.9431 599.9357 599.929 599.9211 599.8658 599.8015 599.7942 599.8041 599.8497 599.8455 599.8098 599.8025
600.3793 600.3767 600.3807 600.3904 600.4 600.3966 600.3929 600.3841 600.3664 600.3591 600.3432 600.3499 600.3544 600.3539 600.341 600.2715 600.2474 600.2285 600.2192 600.2218 600.1795 600.1407 600.021 599.9892 599.9026 599.8818 599.8744 599.9178 599.9771 600.0068 600.0437 600.0137 599.968 599.9605 599.953 599.951 600.0234 600.071 600.1016 600.095 600.0623 600.0287 600.0221 600.0024 599.9954 599.9674 599.9288 599.8705 599.7999 599.7914 599.7842 599.7737 599.7633 599.7561 599.7494 599.7419 599.6705 599.613 599.5804 599.6144 599.6474 599.6412 599.5971 599.5886
600.3038 600.3 600.3052 600.3167 600.3217 600.3179 600.3142 600.3026 600.2802 600.27 600.2537 600.2543 600.2552 600.2549 600.2377 600.1691 600.1274 600.0963 600.0747 600.0663 600.025 599.9686 599.8533 599.62 599.058 599.012 598.963 599.0625 599.58 599.7708 599.8195 599.7895 599.7435 599.335 599.506 599.7517 599.8484 599.9142 599.9418 599.9349 599.9033 599.8657 599.8563 599.8422 599.8352 599.8094 599.7709 599.7068 599.6305 599.1885 599.1925 599.4055 599.2105 599.165 599.5875 599.58 598.6595 598.639 598.5995 598.6155 598.6975 598.5665 598.485 598.524
600.228 600.2234 600.2311 600.2433 600.243 600.2393 600.2355 600.2209 600.1966 600.1808 600.1642 600.1576 600.1561 600.1548 600.1341 600.0666 600.0126 599.9645 599.9302 599.9109 599.8705 599.822 599.159 598.9765 598.8325 598.802 598.731 598.752 598.855 598.962 598.923 598.8345 598.8925 598.77 598.69 598.751 599.1281 599.7608 599.7819 599.775 599.7446 599.7057 599.6901 599.682 599.675 599.6516 599.6445 598.8225 598.7375 598.687 598.6429 598.5565 598.6 598.613 598.5865 598.6655 598.586 598.4775 598.3945 598.388 598.516 598.482 598.297 598.2475
600.1511 600.1469 600.1563 600.1679 600.1643 600.1606 600.1568 600.1394 600.1158 600.0952 600.0747 600.0605 600.0565 600.0525 600.0305 599.9642 599.8947 599.5095 599.2515 599.1365 599.1285 598.944 598.9385 598.824 598.6595 598.6915 598.7465 598.69 598.682 598.705 598.6365 598.714 598.741 598.6235 598.6215 598.631 598.636 598.843 598.8125 598.7965 598.736 598.694 598.744 598.6235 598.666 598.712 598.6035 598.627 598.6495 598.557 598.6345 598.557 598.4045 598.5385 598.5175 598.514 598.5705 598.4945 598.4292 598.4248 598.4262 598.3976 598.367 598.312
600.0736 600.0684 600.0809 600.0894 600.0856 600.0819 600.0781 600.0613 600.0349 600.0097 599.9849 599.9632 599.957 599.9489 599.9269 599.8655 599.279 599.211 598.9795 598.875 598.9325 598.902 598.9065 598.7095 598.661 598.7135 598.651 598.5405 598.5385 598.579 598.5265 598.5305 598.555 598.48 598.538 598.5945 598.4505 598.4375 598.491 598.6185 598.5645 598.5135 598.6565 598.655 598.5726 598.5368 598.4395 598.534 598.6745 598.6555 598.662 598.5645 598.4555 598.551 598.5475 598.5795 598.563 598.409 598.336 598.465 598.4565 598.3785 598.476 598.5355
599.9966 599.991 600.0082 600.0107 600.007 600.0032 599.9995 599.9848 599.954 599.9242 599.902 599.314 599.2655 599.213 599.2755 599.087 598.953 598.958 598.866 598.787 598.6865 598.725 598.826 598.6425 598.611 598.585 598.474 598.5115 598.4406 598.517 598.593 598.5275 598.499 598.4769 598.5018 598.5181 598.5105 598.497 598.5505 598.6075 598.5935 598.5665 598.69 598.6315 598.568 598.651 598.681 598.6455 598.705 598.6375 598.64 598.637 598.6565 598.64 598.605 598.675 598.718 598.571 598.416 598.565 598.5966 598.588 598.656 598.5895
599.4525 599.436 599.4565 599.953 599.9455 599.938 599.9308 599.6235 599.302 599.323 599.2385 599.102 599.0925 599.0895 599.0925 598.94 598.7505 598.7655 598.849 598.896 598.7165 598.6825 598.751 598.623 598.5948 598.5711 598.537 598.5585 598.461 598.5165 598.526 598.434 598.5735 598.6575 598.585 598.4705 598.579 598.719 598.6935 598.7185 598.8475 598.868 598.928 598.882 599.274 599.6758 599.6861 599.6693 599.237 598.764 598.8035 599.413 599.6117 599.6265 599.6446 599.6733 599.6516 599.5952 599.5829 599.583 599.6498 599.6815 599.6489 599.637
599.235 599.286 599.2975 599.356 599.36 599.32 599.259 599.2325 599.112 599.133 599.178 599.084 599.0175 598.9565 598.9532 598.9019 598.7185 598.823 598.875 598.7885 598.666 598.6935 598.6665 598.635 598.613 598.597 598.639 598.548 598.4855 598.5715 598.591 598.594 598.6875 598.6335 598.713 598.6565 598.7465 599.2855 599.7424 599.791 599.7996 599.7965 599.7933 599.7861 599.8017 599.8333 599.8435 599.8348 599.7592 599.7243 599.7395 599.7687 599.7936 599.8068 599.8248 599.8536 599.8301 599.794 599.7978 599.7905 599.8516 599.8792 599.8574 599.8626
599.318 599.3257 599.2703 599.2222 599.1851 599.306 599.26 599.1035 599.018 599.0705 599.0551 598.9385 598.9945 599.1125 599.091 598.92 598.835 598.881 598.8065 598.6905 598.652 598.7075 598.6815 598.6505 598.625 598.5995 598.7335 598.786 598.654 598.699 598.7825 598.8105 598.775 598.697 598.7715 598.7595 599.3125 599.7863 599.8961 599.9469 599.9554 599.9579 599.9597 599.9532 599.9616 599.9933 600.001 600.0004 599.9399 599.9169 599.9276 599.9551 599.9756 599.9921 600.005 600.034 600.0087 599.999 600.0125 600.005 600.0501 600.0768 600.0684 600.0771
599.39 599.323 599.3835 599.333 599.9465 599.9399 599.933 599.326 599.2025 599.227 599.203 599.177 599.096 599.1995 599.294 599.122 599.124 599.002 598.886 598.9175 598.902 598.863 598.84 598.7865 598.764 598.7401 598.75 598.792 598.725 598.851 599.0125 599.007 599.103 599.153 599.203 599.7275 599.8497 599.9429 600.0388 600.1027 600.1113 600.1194 600.1213 600.1205 600.1232 600.1526 600.1584 600.166 600.1203 600.108 600.1158 600.1416 600.1579 600.1797 600.1852 600.2125 600.1978 600.204 600.2175 600.2198 600.2461 600.2742 600.283 600.2917
599.348 599.2445 599.421 599.9549 599.9478 599.9435 599.9511 599.9587 599.9553 599.9394 599.9236 599.9071 599.9022 599.9156 599.9086 599.9015 599.8702 599.529 599.198 599.2145 599.1565 599.1335 599.0765 599.069 599.063 598.986 598.8311 598.7785 598.8265 599.3305 599.8047 599.8718 599.9155 599.9177 599.9162 599.9473 600.0117 600.1444 600.181 600.2629 600.2672 600.2808 600.283 600.2877 600.2855 600.3082 600.3159 600.3316 600.2993 600.2991 600.306 600.3281 600.3402 600.3672 600.3654 600.3911 600.3921 600.409 600.4225 600.4345 600.448 600.4655 600.4896 600.5052
