samples/sfe_221/sfe_221_c2/sfe_221_c2/sfe_221_c2.asc
ncols         392
nrows         245
xllcorner     90
yllcorner     51
cellsize      0.4
NODATA_value  -9999
[rows 196 to 223 of 245, columns 192 to 255 of 392]
603.017 603.0015 602.9852 602.9724 602.9546 602.9402 602.9233 602.9061 602.8906 602.873 602.8575 602.8398 602.822 602.8034 602.7863 602.769 602.7487 602.7308 602.7114 602.691 602.6721 602.6606 602.6417 602.6221 602.6025 602.5828 602.5632 602.5436 602.5247 602.507 602.4526 602.3553 602.2653 602.1752 602.0793 601.9877 601.8961 601.799 601.6981 601.605 601.511 601.4042 601.3155 601.2267 601.131 601.0385 600.9319 600.8156 600.7079 600.6077 600.5043 600.4182 600.3408 600.2523 600.1746 600.0998 600.0229 599.9485 599.8901 599.835 599.7786 599.7126 599.67 599.6301
603.0294 603.0154 603.001 602.9858 602.9705 602.9526 602.9378 602.9209 602.9063 602.8896 602.8712 602.8547 602.8354 602.8191 602.8013 602.7835 602.7653 602.7456 602.7261 602.7079 602.689 602.6791 602.6595 602.6398 602.6202 602.6006 602.581 602.5646 602.5437 602.5228 602.502 602.4687 602.3786 602.2856 602.194 602.1025 602.0093 601.9085 601.8155 601.7224 601.6176 601.5288 601.4401 601.3513 601.2512 601.1575 601.0413 600.9335 600.834 600.7291 600.6413 600.5621 600.477 600.3937 600.3173 600.242 600.1647 600.0962 600.04 599.9843 599.9245 599.8611 599.8185 599.7822
603.0452 603.028 603.0163 602.9991 602.9839 602.9688 602.9504 602.936 602.9197 602.9039 602.8876 602.8687 602.8519 602.8351 602.8184 602.7986 602.78 602.7626 602.7408 602.7238 602.7105 602.6968 602.6772 602.6576 602.638 602.6183 602.5988 602.5837 602.5628 602.5419 602.5211 602.5002 602.492 602.4004 602.3088 602.2172 602.1189 602.0259 601.9329 601.8309 601.7422 601.6534 601.5647 601.464 601.3832 601.2669 601.1592 601.0596 600.954 600.8661 600.7827 600.7044 600.6129 600.5352 600.4603 600.3834 600.307 600.2446 600.1899 600.1336 600.0684 600.0095 599.9669 599.9343
603.0571 603.0443 603.0292 603.0146 602.9978 602.982 602.967 602.9512 602.9364 602.9183 602.9014 602.8836 602.8661 602.85 602.8329 602.8152 602.7961 602.7773 602.7595 602.7397 602.7319 602.7147 602.695 602.6754 602.6558 602.6361 602.6185 602.6028 602.5819 602.561 602.5402 602.5193 602.4984 602.485 602.4236 602.3293 602.2363 602.1432 602.0443 601.9556 601.8668 601.778 601.6817 601.6031 601.4926 601.3848 601.2853 601.1788 601.091 601.0032 600.9265 600.8381 600.7543 600.6779 600.6025 600.5255 600.4547 600.3945 600.3394 600.2809 600.2123 600.158 600.116 600.0863
603.0717 603.0587 603.0438 603.0282 603.0131 602.9963 602.9803 602.9662 602.9501 602.9351 602.9165 602.8992 602.8839 602.8654 602.8486 602.8303 602.8131 602.792 602.7754 602.7603 602.752 602.7324 602.7128 602.6932 602.6735 602.6539 602.6415 602.6219 602.601 602.5801 602.5593 602.5384 602.5175 602.498 602.4795 602.4467 602.3536 602.2576 602.1689 602.0801 601.9914 601.9026 601.8159 601.7182 601.6105 601.5109 601.4088 601.3158 601.228 601.1472 601.0654 600.9735 600.8958 600.8207 600.7439 600.6677 600.6024 600.5444 600.4886 600.4248 600.3561 600.3064 600.2681 600.2384
603.0862 603.0734 603.0571 603.043 603.0273 603.0118 602.9967 602.9808 602.9653 602.9486 602.9319 602.9146 602.8987 602.8824 602.8629 602.8466 602.8284 602.8104 602.7913 602.7818 602.7698 602.7502 602.7305 602.7109 602.6913 602.6717 602.6618 602.6409 602.6201 602.5992 602.5783 602.5574 602.5405 602.5189 602.4973 602.4756 602.471 602.3823 602.2935 602.2048 602.116 602.0286 601.944 601.8361 601.7366 601.637 601.5406 601.4529 601.3671 601.2908 601.1991 601.115 601.0384 600.963 600.8861 600.8132 600.7501 600.6944 600.6373 600.5687 600.5001 600.4548 600.4202 600.3905
603.102 603.0881 603.0729 603.0563 603.0421 603.0263 603.0129 602.9969 602.9802 602.9643 602.9453 602.9316 602.9137 602.8982 602.8805 602.8615 602.8432 602.8271 602.8101 602.8032 602.7876 602.7679 602.7484 602.7287 602.7091 602.6945 602.6809 602.66 602.6392 602.6183 602.5974 602.5765 602.5614 602.5397 602.5181 602.4965 602.4748 602.464 602.4181 602.3293 602.2413 602.1677 602.0618 601.9622 601.8626 601.7655 601.6777 601.5899 601.5117 601.4265 601.3342 601.2564 601.1812 601.1046 601.0284 600.9609 600.899 600.8437 600.7812 600.7126 600.6459 600.6033 600.5723 600.5393
603.1175 603.1005 603.0875 603.0727 603.0554 603.0422 603.0258 603.0123 602.9964 602.9789 602.9631 602.9475 602.9318 602.9125 602.8965 602.8796 602.8596 602.843 602.8315 602.8246 602.8054 602.7857 602.7661 602.7465 602.7269 602.7177 602.7 602.6791 602.6583 602.6374 602.6165 602.598 602.5823 602.5606 602.539 602.5173 602.4957 602.481 602.462 602.454 602.3804 602.2874 602.1879 602.0883 601.9904 601.9025 601.8147 601.7316 601.6539 601.5602 601.4756 601.3989 601.3235 601.2468 601.1718 601.1086 601.0489 600.993 600.925 600.8564 600.7943 600.754 600.7244 600.6726
603.1302 603.1176 603.1006 603.0869 603.0724 603.0574 603.0438 603.0261 603.0115 602.9935 602.9778 602.9624 602.9464 602.9307 602.912 602.8943 602.8787 602.8599 602.8531 602.8427 602.8231 602.8035 602.7839 602.7642 602.7476 602.7399 602.7191 602.6982 602.6773 602.6564 602.6356 602.6229 602.6031 602.5815 602.5598 602.5382 602.5206 602.5057 602.4854 602.464 602.4485 602.4135 602.3139 602.2151 602.1274 602.0396 601.9517 601.8762 601.7876 601.6948 601.6171 601.5416 601.4652 601.3891 601.3195 601.2564 601.1988 601.1376 601.069 601.0004 600.9428 600.9061 600.8765 600.8059
603.1451 603.1306 603.1175 603.1006 603.0866 603.0723 603.0574 603.0441 603.026 603.0108 602.9962 602.9792 602.9624 602.9454 602.9306 602.9091 602.8946 602.8814 602.8745 602.8605 602.8409 602.8213 602.8016 602.782 602.7705 602.759 602.7382 602.7173 602.6964 602.6755 602.6548 602.6456 602.624 602.6024 602.5807 602.5591 602.5458 602.5302 602.5088 602.4874 602.466 602.4446 602.44 602.3522 602.2644 602.1766 602.0961 602.015 601.9213 601.8362 601.7594 601.684 601.6075 601.5314 601.4672 601.4041 601.3481 601.2815 601.2129 601.1442 601.0912 601.0582 601.0109 600.9407
603.1599 603.1459 603.1312 603.1174 603.1028 603.0886 603.0731 603.0574 603.0418 603.0258 603.0112 602.9958 602.9787 602.9625 602.9455 602.9297 602.9105 602.903 602.8959 602.8783 602.8586 602.8391 602.8194 602.8005 602.7936 602.7781 602.7573 602.7364 602.7155 602.6946 602.6797 602.6665 602.6449 602.6232 602.6016 602.5807 602.5705 602.5535 602.5322 602.5108 602.4894 602.468 602.4467 602.433 602.4014 602.316 602.2407 602.1487 602.0554 601.9777 601.902 601.8259 601.7498 601.678 601.6149 601.5533 601.494 601.4254 601.3568 601.2881 601.24 601.2103 601.1442 601.0807
603.1754 603.1605 603.1464 603.1317 603.119 603.1042 603.0895 603.0738 603.0569 603.0441 603.0263 603.0123 602.9957 602.9789 602.9603 602.9462 602.9312 602.9244 602.9157 602.8961 602.8764 602.8568 602.8372 602.8235 602.8167 602.7972 602.7764 602.7555 602.7346 602.7137 602.7047 602.6874 602.6657 602.6441 602.6224 602.6074 602.5952 602.5769 602.5555 602.5342 602.5128 602.4914 602.47 602.4527 602.4344 602.423 602.3761 602.2823 602.1968 602.1199 602.0445 601.9682 601.892 601.8257 601.7626 601.7031 601.6379 601.5693 601.5007 601.432 601.3921 601.3492 601.2775 601.2206
603.1911 603.1766 603.1612 603.1483 603.1329 603.1202 603.1052 603.0897 603.0743 603.0599 603.0452 603.0263 603.013 602.9967 602.9789 602.9621 602.9525 602.9457 602.9335 602.9138 602.8942 602.8746 602.855 602.8466 602.8372 602.8163 602.7954 602.7745 602.7537 602.7365 602.7295 602.7083 602.6866 602.665 602.6433 602.634 602.6199 602.6003 602.5789 602.5576 602.5362 602.5148 602.4975 602.4791 602.4616 602.4434 602.4251 602.416 602.3383 602.2625 602.1866 602.1105 602.0365 601.9734 601.9103 601.8504 601.7818 601.7131 601.6445 601.5792 601.5442 601.4825 601.4118 601.3605
603.2037 603.1918 603.1778 603.1642 603.1511 603.1343 603.1216 603.1035 603.0903 603.0748 603.0604 603.0459 603.0278 603.0114 602.9979 602.981 602.9742 602.9672 602.9512 602.9316 602.912 602.8923 602.8765 602.8697 602.8563 602.8354 602.8145 602.7936 602.7728 602.7615 602.7507 602.7291 602.7075 602.6859 602.6675 602.66 602.6451 602.6237 602.6023 602.5809 602.5596 602.5382 602.5245 602.5069 602.4887 602.4705 602.4523 602.435 602.4149 602.405 602.3289 602.2527 602.1842 602.1212 602.058 601.9943 601.9257 601.8571 601.7885 601.7276 601.6874 601.6158 601.5518 601.5024
603.2218 603.2049 603.1931 603.1784 603.1656 603.153 603.1356 603.1224 603.1086 603.0932 603.0762 603.061 603.0479 603.0281 603.0138 603.0024 602.9956 602.9886 602.969 602.9493 602.9297 602.9101 602.8996 602.8927 602.8754 602.8545 602.8336 602.8127 602.7933 602.7863 602.7716 602.75 602.7283 602.7067 602.6941 602.6847 602.6685 602.6471 602.6257 602.6043 602.5829 602.5624 602.5508 602.5341 602.5159 602.4976 602.4803 602.463 602.4421 602.4206 602.399 602.395 602.3319 602.2689 602.2068 602.1382 602.0696 602.001 601.9323 601.8781 601.8207 601.7491 601.6917 601.6453
603.2354 603.2231 603.2089 603.1964 603.1809 603.1669 603.1517 603.137 603.1235 603.1091 603.0944 603.0783 603.0626 603.0492 603.0308 603.0239 603.0171 603.0064 602.9868 602.9672 602.9475 602.9296 602.9227 602.9153 602.8944 602.8735 602.8527 602.8318 602.8181 602.8112 602.7925 602.7709 602.7492 602.7275 602.7208 602.7094 602.6918 602.6705 602.6491 602.6277 602.6063 602.5915 602.5771 602.5612 602.543 602.5248 602.5089 602.491 602.4694 602.4479 602.4294 602.4128 602.3963 602.385 602.3507 602.2821 602.2134 602.1448 602.0762 602.0258 601.954 601.8829 601.8316 601.7881
603.2507 603.2371 603.225 603.2115 603.1986 603.1833 603.1686 603.1567 603.1401 603.1262 603.1108 603.0963 603.0773 603.0654 603.0522 603.0454 603.0385 603.0242 603.0045 602.9849 602.9653 602.9526 602.9457 602.9344 602.9135 602.8926 602.8718 602.8509 602.8431 602.835 602.8134 602.7917 602.7701 602.7542 602.7473 602.7341 602.7152 602.6938 602.6725 602.6511 602.6298 602.6205 602.6035 602.5884 602.5701 602.5519 602.5369 602.5183 602.4967 602.4752 602.4598 602.4433 602.4267 602.408 602.388 602.378 602.3574 602.2888 602.2201 602.1591 602.0874 602.0228 601.9715 601.931
603.267 603.2544 603.2407 603.228 603.214 603.2 603.1855 603.1723 603.1586 603.142 603.1288 603.1138 603.0982 603.0813 603.0736 603.0668 603.0599 603.0419 603.0223 603.0027 602.983 602.9756 602.9688 602.9535 602.9326 602.9117 602.8909 602.8748 602.868 602.8559 602.8342 602.8126 602.791 602.7808 602.7739 602.76 602.7386 602.7172 602.6959 602.6745 602.6564 602.6489 602.6313 602.6155 602.5973 602.579 602.5649 602.5456 602.524 602.5024 602.4903 602.4737 602.4572 602.438 602.418 602.3992 602.3787 602.368 602.364 602.2924 602.2207 602.1628 602.1131 602.0739
603.2832 603.2711 603.2584 603.2437 603.2311 603.2145 603.2029 603.1873 603.175 603.1611 603.1448 603.1285 603.1171 603.1022 603.0953 603.0884 603.0793 603.0597 603.0401 603.0204 603.0055 602.9987 602.9918 602.9725 602.9517 602.9308 602.91 602.8998 602.8929 602.8768 602.8551 602.8334 602.8143 602.8074 602.7989 602.7834 602.762 602.7406 602.7192 602.6979 602.6854 602.6752 602.6607 602.6426 602.6245 602.6088 602.5928 602.5729 602.5513 602.5337 602.5207 602.5042 602.488 602.468 602.4487 602.4301 602.4096 602.3922 602.3746 602.357 602.354 602.3027 602.2559 602.2167
603.2996 603.2849 603.274 603.2618 603.2462 603.234 603.221 603.2072 603.1901 603.1776 603.1649 603.1475 603.1329 603.1235 603.1166 603.1097 603.0971 603.0775 603.0579 603.0382 603.0285 603.0217 603.0125 602.9916 602.9708 602.9499 602.9317 602.9247 602.9178 602.8976 602.876 602.8543 602.8409 602.834 602.8236 602.8068 602.7854 602.764 602.7426 602.7214 602.7144 602.7015 602.688 602.6698 602.6516 602.6388 602.6218 602.6002 602.5786 602.5657 602.5511 602.5345 602.518 602.498 602.4805 602.4619 602.4406 602.4252 602.4077 602.3913 602.3752 602.3593 602.343 602.34
603.3154 603.3041 603.2887 603.2769 603.2616 603.2491 603.236 603.2225 603.21 603.1942 603.1797 603.1686 603.1518 603.1448 603.1381 603.131 603.1149 603.0953 603.0756 603.0587 603.0516 603.0449 603.0316 603.0107 602.9899 602.969 602.9566 602.9497 602.9401 602.9185 602.8969 602.8752 602.8675 602.8606 602.8483 602.8301 602.8088 602.7874 602.7661 602.7505 602.7435 602.7279 602.7151 602.697 602.6787 602.6668 602.649 602.6275 602.6059 602.5977 602.5815 602.565 602.548 602.528 602.5114 602.4928 602.4752 602.4583 602.4407 602.4255 602.4094 602.394 602.3778 602.3599
603.3311 603.3189 603.3077 603.2928 603.2802 603.2692 603.254 603.24 603.2261 603.2137 603.1966 603.1846 603.1733 603.1667 603.1597 603.1523 603.1326 603.113 603.0934 603.0817 603.0746 603.0679 603.0507 603.0298 603.009 602.9883 602.9816 602.9747 602.961 602.9393 602.9177 602.9011 602.894 602.8873 602.8742 602.8535 602.8322 602.8108 602.7894 602.7794 602.7726 602.7559 602.7423 602.7241 602.7069 602.6948 602.6763 602.6548 602.6365 602.6286 602.612 602.5955 602.578 602.558 602.5423 602.5237 602.509 602.4913 602.4737 602.4598 602.4437 602.4287 602.4126 602.3947
603.3484 603.3358 603.3228 603.3099 603.2966 603.2847 603.272 603.2578 603.2447 603.2308 603.2177 603.2018 603.1948 603.188 603.181 603.17 603.1504 603.1308 603.1115 603.1046 603.0977 603.0906 603.0698 603.0489 603.028 603.0132 603.0064 602.9995 602.9819 602.9602 602.9385 602.9277 602.9209 602.9131 602.8983 602.877 602.8555 602.8342 602.8152 602.8084 602.7997 602.7852 602.7695 602.7512 602.7373 602.7227 602.7037 602.6821 602.6685 602.659 602.6425 602.6275 602.608 602.5901 602.5732 602.5545 602.542 602.5244 602.5068 602.4941 602.4794 602.4634 602.4474 602.4294
603.3657 603.3529 603.3406 603.3263 603.3154 603.3011 603.2897 603.2763 603.2621 603.2456 603.2362 603.2233 603.2162 603.2094 603.2024 603.1878 603.1682 603.1486 603.1345 603.1275 603.121 603.1097 603.0889 603.068 603.0471 603.0381 603.0314 603.0243 603.0027 602.9811 602.961 602.9542 602.9474 602.9378 602.9217 602.9003 602.879 602.8575 602.8444 602.8374 602.826 602.8145 602.7966 602.7784 602.7678 602.7522 602.731 602.7094 602.7006 602.6895 602.6729 602.658 602.638 602.6236 602.6058 602.5858 602.575 602.5574 602.5414 602.5284 602.5144 602.4982 602.4822 602.4642
603.3823 603.3706 603.3569 603.3452 603.3334 603.3212 603.3054 603.2943 603.282 603.2668 603.2521 603.2446 603.2379 603.231 603.2239 603.2056 603.186 603.1663 603.1577 603.1506 603.1439 603.1288 603.108 603.0871 603.0701 603.0633 603.0564 603.0452 603.0236 603.002 602.9878 602.9807 602.9739 602.9625 602.9451 602.9237 602.9023 602.8809 602.8734 602.8665 602.8523 602.842 602.8237 602.8055 602.7967 602.7798 602.7582 602.7393 602.7324 602.7198 602.7033 602.688 602.668 602.6545 602.6377 602.6203 602.6081 602.5905 602.5768 602.5627 602.5491 602.5329 602.517 602.4991
603.3978 603.387 603.3722 603.3616 603.3484 603.3372 603.3257 603.3107 603.2968 603.2878 603.2729 603.2658 603.2593 603.2521 603.243 603.2233 603.2037 603.1877 603.1807 603.1737 603.1669 603.1479 603.127 603.1061 603.095 603.0881 603.0811 603.0661 603.0444 603.0228 603.0144 603.0076 603.0007 602.9883 602.9684 602.9471 602.9257 602.9092 602.9025 602.8957 602.8802 602.8691 602.8509 602.8354 602.8246 602.8071 602.7855 602.7712 602.7645 602.7503 602.7337 602.718 602.698 602.6854 602.6686 602.6548 602.6411 602.6235 602.6124 602.597 602.5839 602.5688 602.5518 602.5339
603.4169 603.4028 603.3918 603.3817 603.368 603.3538 603.3421 603.3312 603.3162 603.3038 603.2943 603.2877 603.2806 603.2738 603.2607 603.2411 603.2215 603.2106 603.2036 603.197 603.1879 603.167 603.1461 603.1268 603.1198 603.1132 603.1061 603.087 603.0653 603.0479 603.0409 603.0341 603.027 603.0132 602.9918 602.9705 602.9491 602.9384 602.9313 602.9241 602.9095 602.8962 602.878 602.8658 602.8526 602.8344 602.8128 602.8032 602.7964 602.7807 602.7653 602.748 602.7314 602.7164 602.6995 602.6896 602.6741 602.6566 602.6473 602.6312 602.6186 602.6045 602.5865 602.5687
603.4323 603.4198 603.4078 603.3971 603.3853 603.3735 603.3605 603.3479 603.337 603.3227 603.3159 603.3091 603.3022 603.295 603.2785 603.2589 603.2406 603.2335 603.2267 603.2198 603.207 603.1861 603.1652 603.1516 603.145 603.138 603.1295 603.1078 603.0862 603.0745 603.0674 603.0608 603.0519 603.0366 603.0153 602.9938 602.9741 602.9675 602.9603 602.9504 602.939 602.9234 602.9052 602.8965 602.8821 602.8617 602.8421 602.8353 602.8277 602.8112 602.798 602.778 602.7652 602.749 602.731 602.7241 602.7072 602.6903 602.6816 602.6661 602.6534 602.6393 602.6213 602.6058
