samples/sfe_221/sfe_221_c2/sfe_221_c2/sfe_221_c2.asc
ncols         392
nrows         245
xllcorner     90
yllcorner     51
cellsize      0.4
NODATA_value  -9999
[rows 56 to 83 of 245, columns 128 to 191 of 392]
599.195 599.237 599.315 599.416 599.439 599.417 599.388 599.34 599.256 599.173 599.134 599.19 599.621 600.1135 600.1876 600.2618 600.3359 600.4083 600.4951 600.5801 600.6686 600.7496 600.8368 600.925 601.007 601.0744 601.1534 601.223 601.2925 601.3621 601.438 601.5146 601.5911 601.6676 601.7441 601.8203 601.8868 601.9493 602.0243 602.1027 602.1812 602.2596 602.338 602.4149 602.4886 602.5681 602.6476 602.7272 602.8146 602.9051 602.9955 603.086 603.0858 603.0893 603.0955 603.0988 603.1014 603.1042 603.1058 603.1079 603.1127 603.1149 603.1166 603.1175
599.211 599.218 599.279 599.365 599.418 599.439 599.379 599.304 599.161 599.086 599.086 599.146 599.264 599.678 600.0825 600.1484 600.2225 600.3063 600.3967 600.4824 600.5682 600.6534 600.7416 600.8297 600.8972 600.9769 601.0464 601.116 601.1855 601.2589 601.3354 601.4119 601.4884 601.5649 601.6414 601.7099 601.7733 601.8408 601.9193 601.9977 602.0761 602.1545 602.2318 602.3047 602.3826 602.4622 602.5417 602.6276 602.7181 602.8086 602.899 602.9896 603.08 603.0801 603.0858 603.0885 603.0911 603.0937 603.0963 603.0982 603.1034 603.1053 603.1064 603.1079
599.313 599.261 599.297 599.329 599.351 599.333 599.294 599.184 599.066 599.01 599.067 599.15 599.224 599.294 599.635 600.076 600.1175 600.2084 600.2962 600.3864 600.47 600.5582 600.6464 600.72 600.8002 600.87 600.9395 601.0091 601.0798 601.1563 601.2328 601.3093 601.3858 601.4623 601.5325 601.5972 601.6598 601.7358 601.8142 601.8926 601.9711 602.0486 602.1216 602.1972 602.2767 602.3563 602.4407 602.5311 602.6216 602.7121 602.8026 602.8929 602.9834 603.074 603.0753 603.0785 603.0812 603.0836 603.0859 603.0906 603.0934 603.0956 603.097 603.0979
599.429 599.397 599.389 599.306 599.298 599.259 599.21 599.116 599.025 598.997 599.067 599.153 599.217 599.24 599.284 599.524 600.069 600.11 600.2001 600.2866 600.3748 600.463 600.5428 600.6221 600.6935 600.7631 600.8326 600.9021 600.9771 601.0536 601.1301 601.2067 601.2831 601.3551 601.4212 601.4837 601.5524 601.6308 601.7092 601.7877 601.8655 601.9385 602.0118 602.0913 602.1708 602.2537 602.3442 602.4347 602.5251 602.6156 602.7059 602.7963 602.8868 602.9684 603.0472 603.0682 603.0712 603.0738 603.076 603.0817 603.0843 603.0854 603.0874 603.0888
599.571 599.525 599.468 599.355 599.258 599.204 599.166 599.056 599.014 599.001 599.06 599.132 599.191 599.217 599.224 599.316 599.589 600.062 600.1031 600.1913 600.2795 600.3657 600.4439 600.517 600.5865 600.6561 600.7256 600.798 600.8745 600.951 601.0275 601.104 601.1777 601.2447 601.3077 601.3702 601.4473 601.5258 601.6042 601.6824 601.7554 601.8283 601.9059 601.9854 602.0668 602.1572 602.2477 602.3382 602.4286 602.5189 602.6091 602.6997 602.7839 602.8628 602.9417 603.0206 603.0611 603.064 603.0679 603.0724 603.0746 603.0765 603.0774 603.0793
599.663 599.591 599.45 599.292 599.223 599.194 599.183 599.134 599.064 599.003 598.999 599.06 599.1 599.12 599.119 599.162 599.218 599.234 600.055 600.0961 600.1843 600.2657 600.3405 600.41 600.4796 600.5491 600.6188 600.6954 600.7719 600.8483 600.9249 601.0004 601.0673 601.1316 601.1942 601.2639 601.3423 601.4207 601.4991 601.5722 601.6452 601.7205 601.8 601.8798 601.9703 602.0607 602.1512 602.2417 602.3318 602.422 602.5126 602.5994 602.6783 602.7572 602.8361 602.9197 603.0084 603.054 603.0599 603.0629 603.0649 603.0668 603.0685 603.0704
599.647 599.56 599.394 599.256 599.237 599.235 599.291 599.243 599.188 599.065 598.999 599.005 599.02 599.016 599.014 599.008 599.077 599.043 599.114 600.048 600.0875 600.164 600.2336 600.3031 600.3726 600.4422 600.5162 600.5927 600.6692 600.7457 600.8222 600.8899 600.9556 601.0181 601.0806 601.1588 601.2372 601.3157 601.389 601.462 601.535 601.6145 601.694 601.7833 601.8738 601.9643 602.0547 602.1447 602.2349 602.3254 602.415 602.4938 602.5728 602.6516 602.7352 602.8239 602.9127 603.0029 603.0507 603.0535 603.0555 603.0573 603.0592 603.0634
599.634 599.513 599.343 599.243 599.267 599.337 599.42 599.397 599.345 599.199 599.118 599.064 599.041 599.006 598.986 598.981 598.977 598.989 599.038 599.165 599.55 600.0571 600.1266 600.1962 600.2657 600.337 600.4136 600.4901 600.5666 600.6431 600.7125 600.7795 600.842 600.9045 600.9754 601.0538 601.1323 601.2059 601.2789 601.3519 601.4291 601.5086 601.5964 601.6868 601.7773 601.8676 601.9576 602.0477 602.1383 602.2285 602.3094 602.3882 602.4672 602.5507 602.6395 602.7281 602.8187 602.9091 602.9984 603.0438 603.0463 603.0481 603.0499 603.0547
599.666 599.541 599.331 599.274 599.321 599.407 599.461 599.482 599.435 599.33 599.25 599.212 599.154 599.104 599.072 599.066 599.048 599.047 599.071 599.139 599.287 599.666 600.0275 600.0892 600.1588 600.2344 600.3109 600.3875 600.4639 600.5352 600.6021 600.666 600.7285 600.7919 600.8704 600.9488 601.0228 601.0958 601.1687 601.2437 601.3232 601.4094 601.4999 601.5903 601.6805 601.7706 601.8606 601.9512 602.0414 602.1249 602.2038 602.2827 602.3663 602.455 602.5437 602.6345 602.7245 602.8138 602.9024 602.992 603.0367 603.0391 603.0425 603.0461
599.678 599.535 599.361 599.309 599.348 599.425 599.479 599.519 599.504 599.437 599.379 599.346 599.283 599.221 599.178 599.173 599.151 599.135 599.125 599.142 599.209 599.362 599.743 600.021 600.0553 600.1318 600.2083 600.2848 600.3578 600.4247 600.4899 600.5524 600.6149 600.6869 600.7653 600.8397 600.9126 600.9856 601.0585 601.1378 601.2225 601.3129 601.4034 601.4935 601.5836 601.6735 601.764 601.8542 601.9404 602.0193 602.0982 602.1818 602.2705 602.3593 602.4503 602.5399 602.6292 602.7178 602.81 602.8973 602.9857 603.0297 603.0349 603.0369
599.638 599.529 599.395 599.357 599.368 599.406 599.432 599.458 599.469 599.459 599.447 599.438 599.372 599.319 599.219 599.226 599.22 599.191 599.139 599.091 599.062 599.181 599.224 599.437 600.014 600.0291 600.1057 600.1804 600.2473 600.3138 600.3763 600.4389 600.5035 600.5819 600.6565 600.7294 600.8024 600.8754 600.9523 601.0355 601.126 601.2164 601.3065 601.3965 601.4863 601.5769 601.6672 601.756 601.8348 601.9138 601.9973 602.0861 602.1747 602.266 602.3553 602.4443 602.5383 602.628 602.7151 602.8063 602.8925 602.9802 603.0263 603.0277
599.633 599.563 599.479 599.457 599.442 599.429 599.447 599.391 599.41 599.4 599.432 599.455 599.388 599.305 599.227 599.197 599.219 599.198 599.115 599.016 598.963 598.984 599.095 599.27 599.461 599.422 600.003 600.0699 600.1369 600.2003 600.2628 600.3254 600.3984 600.4733 600.5463 600.6193 600.6923 600.7668 600.8485 600.939 601.0294 601.1194 601.2094 601.2992 601.3898 601.4801 601.5701 601.6504 601.7292 601.8129 601.9016 601.9903 602.0814 602.1707 602.2595 602.358 602.4459 602.5353 602.6269 602.7131 602.8008 602.8889 602.9751 603.0192
599.718 599.674 599.624 599.613 599.577 599.533 599.524 599.447 599.383 599.351 599.433 599.444 599.375 599.293 599.178 599.153 599.194 599.19 599.111 599.008 598.938 598.943 599.034 599.168 599.224 599.199 599.268 599.997 600.0242 600.0868 600.1493 600.215 600.2902 600.3632 600.4362 600.5091 600.5821 600.6616 600.7521 600.8423 600.9323 601.0223 601.1121 601.2026 601.2931 601.3831 601.4659 601.5448 601.6284 601.7171 601.8058 601.8969 601.9861 602.0754 602.176 602.2636 602.3559 602.4475 602.5338 602.6215 602.7093 602.7954 602.8819 602.9741
599.859 599.822 599.777 599.77 599.73 599.681 599.665 599.56 599.453 599.423 599.462 599.476 599.404 599.319 599.197 599.17 599.24 599.272 599.21 599.093 599.022 599.013 599.069 599.147 599.127 599.092 599.086 599.193 599.548 599.9845 600.0358 600.1071 600.1801 600.253 600.326 600.3989 600.4755 600.5651 600.6552 600.7453 600.8353 600.925 601.0155 601.106 601.196 601.2814 601.3604 601.4439 601.5327 601.6213 601.7122 601.8015 601.8959 601.994 602.0814 602.1766 602.2682 602.3544 602.4421 602.5297 602.6158 602.7024 602.7968 602.8922
600.026 599.991 599.936 599.91 599.879 599.798 599.781 599.664 599.534 599.51 599.515 599.563 599.532 599.386 599.251 599.217 599.295 599.317 599.294 599.218 599.159 599.131 599.156 599.177 599.13 599.064 599.029 599.086 599.308 599.409 599.784 599.9969 600.0699 600.1428 600.2158 600.2901 600.3781 600.4682 600.5582 600.6483 600.7379 600.8284 600.9189 601.0089 601.097 601.1758 601.2595 601.3482 601.437 601.5276 601.6166 601.7164 601.812 601.9006 601.9972 602.0888 602.175 602.2627 602.3502 602.4362 602.5242 602.6195 602.7149 602.8102
600.189 600.148 600.066 599.989 599.914 599.85 599.799 599.718 599.566 599.562 599.562 599.651 599.625 599.511 599.435 599.348 599.306 599.309 599.321 599.321 599.29 599.287 599.241 599.227 599.163 599.099 599.064 599.048 599.166 599.356 599.574 599.888 599.9675 600.0327 600.1057 600.191 600.2811 600.3712 600.4612 600.5509 600.6412 600.7318 600.8217 600.9117 600.9914 601.075 601.1638 601.2527 601.3431 601.4331 601.5368 601.6299 601.7213 601.8178 601.9094 601.9956 602.0833 602.1706 602.2567 602.3469 602.4423 602.5377 602.633 602.7283
600.117 600.11 600.185 599.992 599.901 599.859 599.811 599.717 599.661 599.611 599.62 599.716 599.726 599.699 599.576 599.424 599.307 599.256 599.271 599.315 599.351 599.302 599.259 599.211 599.151 599.11 599.078 599.087 599.156 599.265 599.393 599.565 599.842 599.959 600.004 600.0941 600.1841 600.2741 600.3638 600.4541 600.5447 600.6345 600.7247 600.8069 600.8906 600.9793 601.0685 601.1584 601.2535 601.3573 601.4477 601.5419 601.6384 601.73 601.8162 601.9039 601.991 602.0772 602.1697 602.265 602.3604 602.4557 602.5528 602.6468
600.2179 600.1909 600.1607 600.1308 600.101 600.083 600.076 599.756 599.714 599.671 599.757 599.782 599.898 599.861 599.691 599.488 599.326 599.279 599.193 599.26 599.272 599.216 599.165 599.113 599.075 599.049 599.04 599.036 599.057 599.1 599.169 599.276 599.357 599.435 599.952 599.997 600.087 600.1768 600.267 600.3575 600.4474 600.5377 600.6224 600.7061 600.7949 600.8842 600.9738 601.074 601.1777 601.266 601.3625 601.459 601.5507 601.6368 601.7245 601.8113 601.8977 601.9924 602.0878 602.1831 602.2784 602.3791 602.4697 602.5552
600.3588 600.3279 600.298 600.2681 600.2376 600.1839 600.1364 600.0888 600.062 600.055 599.823 599.886 599.969 599.93 599.764 599.552 599.375 599.3 599.239 599.237 599.203 599.142 599.086 599.03 598.99 598.975 598.954 598.937 598.935 598.948 598.987 599.056 599.11 599.167 599.345 599.945 599.9897 600.0798 600.1704 600.2603 600.3506 600.438 600.5217 600.6104 600.7 600.7908 600.8945 600.996 601.0866 601.1832 601.2797 601.3713 601.4575 601.5452 601.6317 601.7198 601.8151 601.9105 602.0059 602.1046 602.2054 602.2926 602.3781 602.4637
600.4998 600.4653 600.4354 600.4055 600.3531 600.3055 600.258 600.2104 600.1631 600.1159 600.0686 600.041 600.008 599.961 599.881 599.611 599.517 599.368 599.278 599.235 599.191 599.124 599.043 598.967 598.902 598.875 598.851 598.834 598.834 598.838 598.854 598.889 598.925 598.973 599.1 599.287 599.589 599.9833 600.0733 600.1635 600.2532 600.3373 600.426 600.5154 600.6112 600.7149 600.814 600.9072 601.0038 601.1003 601.192 601.2781 601.3657 601.452 601.5425 601.6379 601.7332 601.8301 601.9308 602.0302 602.1155 602.201 602.2866 602.3721
600.6406 600.6026 600.5727 600.5408 600.4747 600.4272 600.3796 600.3322 600.285 600.2377 600.1859 600.1102 600.0345 599.894 599.863 599.742 599.623 599.515 599.427 599.352 599.286 599.21 599.096 598.962 598.844 598.813 598.772 598.778 598.809 598.818 598.802 598.792 598.833 598.875 599.008 599.149 599.334 599.645 599.9763 600.0662 600.1528 600.2415 600.3308 600.4316 600.5354 600.6318 600.7278 600.8244 600.921 601.0126 601.0988 601.1862 601.2725 601.3652 601.4606 601.556 601.6564 601.7572 601.8531 601.9384 602.0239 602.1095 602.1951 602.2806
600.7698 600.7399 600.71 600.6501 600.5964 600.5489 600.5013 600.454 600.4067 600.3595 600.289 600.2133 600.1376 600.0618 600.021 599.791 599.745 599.698 599.625 599.52 599.428 599.347 599.214 599.051 598.905 598.867 598.823 598.85 598.905 598.906 598.85 598.788 598.793 598.877 598.995 599.116 599.229 599.373 599.705 599.9684 600.0571 600.1484 600.2521 600.3558 600.452 600.5485 600.645 600.7416 600.8332 600.9194 601.0067 601.093 601.188 601.2833 601.3818 601.4827 601.5835 601.6759 601.7613 601.8469 601.9324 602.0179 602.1035 602.189
600.9071 600.8773 600.844 600.7656 600.7181 600.6705 600.6231 600.5758 600.5286 600.4678 600.392 600.3163 600.2406 600.1593 600.0638 600.013 599.853 599.839 599.756 599.626 599.512 599.428 599.311 599.179 599.059 599.033 598.983 599.007 599.051 599.022 598.928 598.827 598.79 598.864 598.958 599.057 599.127 599.174 599.277 599.917 599.9689 600.0726 600.1763 600.2726 600.3691 600.4657 600.5622 600.6538 600.74 600.8271 600.9153 601.0107 601.1073 601.2081 601.309 601.4098 601.4988 601.5842 601.6697 601.7553 601.8408 601.9264 602.012 602.109
601.0444 601.0146 600.9534 600.8873 600.8397 600.7922 600.7449 600.6976 600.6465 600.5708 600.4951 600.4194 600.3417 600.2468 600.1513 600.0558 600.005 599.911 599.796 599.632 599.503 599.411 599.335 599.266 599.203 599.197 599.14 599.141 599.146 599.076 598.958 598.839 598.766 598.789 598.871 598.925 598.969 598.989 599.055 599.257 599.91 599.9968 600.0932 600.1898 600.2863 600.3829 600.4745 600.5606 600.6475 600.7381 600.8334 600.9337 601.0345 601.1353 601.2361 601.3217 601.4071 601.4927 601.5782 601.6638 601.7493 601.843 601.941 602.0363
601.1818 601.1472 601.0627 601.009 600.9614 600.9139 600.8667 600.8194 600.7496 600.6739 600.5982 600.5212 600.4299 600.3344 600.2388 600.1433 600.0478 599.997 599.811 599.602 599.454 599.363 599.32 599.319 599.317 599.311 599.285 599.257 599.211 599.108 598.973 598.857 598.77 598.754 598.804 598.845 598.88 598.859 598.908 599.162 599.524 599.9138 600.0104 600.1069 600.2035 600.2951 600.3813 600.4679 600.5608 600.6591 600.7599 600.8608 600.9616 601.0594 601.1445 601.23 601.3156 601.4011 601.4866 601.577 601.675 601.773 601.8664 601.9576
601.3191 601.2565 601.1782 601.1306 601.0831 601.0358 600.9885 600.9284 600.8527 600.777 600.7008 600.613 600.5175 600.4219 600.3264 600.2308 600.1371 600.0404 599.989 599.585 599.426 599.332 599.296 599.322 599.363 599.398 599.388 599.33 599.227 599.096 598.985 598.915 598.861 598.837 598.845 598.867 598.891 598.851 598.869 599.076 599.349 599.716 599.9276 600.0241 600.1157 600.2019 600.2883 600.3846 600.4854 600.5862 600.6871 600.7879 600.8823 600.9673 601.0529 601.1384 601.224 601.311 601.409 601.507 601.605 601.6965 601.7878 601.879
601.4504 601.3659 601.2998 601.2523 601.2048 601.1575 601.1072 601.0314 600.9557 600.88 600.796 600.7005 600.605 600.5095 600.4139 600.3227 600.2259 600.1292 600.0324 599.981 599.525 599.43 599.349 599.325 599.347 599.403 599.42 599.344 599.202 599.066 598.999 598.994 598.993 598.975 598.942 598.928 598.933 598.894 598.875 598.964 599.169 599.454 599.821 599.9363 600.0225 600.1109 600.2109 600.3117 600.4125 600.5134 600.6142 600.7052 600.7903 600.8758 600.9614 601.0469 601.143 601.241 601.339 601.4353 601.5266 601.6179 601.7112 601.8133
601.5598 601.4752 601.4215 601.3739 601.3266 601.2794 601.2102 601.1345 601.0588 600.9772 600.8836 600.788 600.6925 600.597 600.5082 600.4114 600.3147 600.2179 600.1212 600.0244 599.972 599.632 599.494 599.384 599.345 599.397 599.432 599.35 599.195 599.064 599.028 599.062 599.086 599.055 598.983 598.939 598.928 598.868 598.822 598.879 599.046 599.272 599.537 599.893 599.9364 600.0372 600.1381 600.2389 600.3397 600.4405 600.528 600.6132 600.6987 600.7842 600.877 600.975 601.073 601.171 601.2654 601.3567 601.448 601.5496 601.6493 601.7483
