samples/sfe_221/sfe_221_c2/sfe_221_c2/sfe_221_c2.asc
ncols         392
nrows         245
xllcorner     90
yllcorner     51
cellsize      0.4
NODATA_value  -9999
[rows 0 to 27 of 245, columns 256 to 319 of 392]
603.4008 603.3943 603.3873 603.3802 603.3733 603.367 603.36 603.353 603.346 603.3391 603.3325 603.3256 603.3185 603.3118 603.3053 603.2983 603.2913 603.2842 603.2773 603.2708 603.264 603.2571 603.2501 603.2435 603.2365 603.2285 603.221 603.214 603.2076 603.2006 603.1935 603.1862 603.1791 603.1726 603.1656 603.1586 603.1516 603.1452 603.1382 603.1312 603.1242 603.1171 603.1105 603.1035 603.0965 603.0895 603.0831 603.076 603.0691 603.0621 603.0551 603.0485 603.0414 603.0344 603.0275 603.0211 603.0142 603.0071 603.0001 602.9932 602.9864 602.9794 602.9724 602.9654
603.3922 603.3853 603.3783 603.3713 603.3651 603.3587 603.3517 603.3447 603.3376 603.3311 603.3241 603.3171 603.3107 603.3038 603.2974 603.2904 603.2834 603.2764 603.2698 603.2628 603.2564 603.2495 603.2424 603.2361 603.2291 603.2195 603.2106 603.2037 603.1967 603.1899 603.1829 603.175 603.168 603.1615 603.1545 603.1475 603.1406 603.1335 603.1268 603.1199 603.1129 603.1057 603.0995 603.0923 603.0853 603.0782 603.0712 603.0644 603.0574 603.0504 603.0434 603.0373 603.0303 603.0233 603.0163 603.0094 603.0024 602.9954 602.9884 602.9814 602.9752 602.9681 602.9612 602.9541
603.3834 603.3764 603.3693 603.3623 603.357 603.35 603.3431 603.3361 603.3292 603.3227 603.3157 603.3087 603.303 603.2963 603.2893 603.2823 603.2753 603.2684 603.2619 603.2563 603.2493 603.2422 603.2354 603.2285 603.2208 603.2106 603.2003 603.193 603.186 603.1797 603.1727 603.1658 603.1568 603.1498 603.1432 603.1362 603.1292 603.1221 603.1159 603.1089 603.102 603.095 603.0878 603.0806 603.0734 603.0664 603.0594 603.0533 603.0463 603.0393 603.0322 603.0255 603.0186 603.0115 603.0046 602.9976 602.9911 602.9841 602.977 602.97 602.9637 602.9567 602.9498 602.9427
603.3743 603.3674 603.3604 603.355 603.3489 603.342 603.3349 603.3279 603.3212 603.3142 603.3073 603.3017 603.2948 603.2886 603.2816 603.2745 603.2675 603.2609 603.254 603.2484 603.2414 603.2344 603.2283 603.2212 603.2118 603.2016 603.1913 603.1827 603.1758 603.1688 603.1619 603.1549 603.1456 603.1385 603.1321 603.1252 603.1182 603.1113 603.1042 603.0973 603.0903 603.0834 603.076 603.0696 603.0624 603.0554 603.0483 603.0416 603.0346 603.0276 603.0207 603.0137 603.0071 603.0001 602.993 602.986 602.9799 602.9729 602.9658 602.9588 602.952 602.945 602.938 602.9311
603.3655 603.3585 603.3514 603.347 603.3401 603.3331 603.3262 603.3193 603.3129 603.3058 603.2988 603.2942 603.2873 603.2803 603.2734 603.2664 603.2595 603.2531 603.2477 603.2413 603.2344 603.2274 603.2204 603.2131 603.2028 603.1926 603.1824 603.1721 603.165 603.1579 603.1519 603.1448 603.1368 603.1274 603.1205 603.1138 603.1068 603.0997 603.0927 603.0865 603.0795 603.0725 603.0651 603.0584 603.0509 603.0437 603.0367 603.0297 603.0232 603.0161 603.0091 603.0021 602.9959 602.989 602.9819 602.9749 602.9681 602.9612 602.9542 602.9472 602.9403 602.9335 602.9265 602.9195
603.3564 603.3494 603.3442 603.3391 603.3322 603.3251 603.3181 603.3113 603.3043 603.2974 603.292 603.2859 603.2798 603.2728 603.2657 603.2587 603.252 603.2451 603.2406 603.2336 603.2265 603.2203 603.2133 603.2041 603.1939 603.1837 603.1734 603.1632 603.1549 603.1479 603.1411 603.134 603.1271 603.1162 603.1091 603.1028 603.0958 603.0889 603.0819 603.075 603.0681 603.0611 603.0541 603.0467 603.0396 603.0323 603.0253 603.0182 603.0119 603.0049 602.998 602.991 602.9841 602.9772 602.9702 602.9633 602.9564 602.9496 602.9425 602.9355 602.9286 602.9223 602.9153 602.9082
603.3475 603.3405 603.337 603.3304 603.3233 603.3162 603.3093 603.303 603.296 603.2889 603.2852 603.2783 603.2714 603.2644 603.2575 603.2505 603.2441 603.2388 603.2332 603.2263 603.2193 603.2125 603.2054 603.1951 603.1849 603.1747 603.1644 603.1542 603.144 603.1371 603.1301 603.1238 603.1167 603.1075 603.0981 603.0911 603.0843 603.0773 603.0703 603.0634 603.057 603.05 603.0429 603.0354 603.029 603.0212 603.014 603.007 603.0001 602.9932 602.9862 602.9792 602.9724 602.9658 602.9587 602.9516 602.9446 602.9384 602.9313 602.9243 602.9172 602.9108 602.9039 602.897
603.3385 603.3334 603.329 603.3221 603.3152 603.3083 603.3014 603.2945 603.2875 603.2822 603.2772 603.2708 603.2639 603.2569 603.2498 603.2431 603.2361 603.2328 603.2258 603.2187 603.2123 603.2053 603.1964 603.1862 603.176 603.1657 603.1555 603.1453 603.135 603.1269 603.1199 603.1132 603.1063 603.0993 603.0869 603.0798 603.0734 603.0665 603.0595 603.0524 603.0457 603.0388 603.0319 603.025 603.0173 603.0097 603.0023 602.9952 602.9882 602.982 602.9749 602.9678 602.9608 602.9545 602.9476 602.9405 602.9334 602.9268 602.9199 602.913 602.906 602.8992 602.8922 602.8853
603.3295 603.3271 603.3207 603.3136 603.3065 603.2994 603.2932 603.2861 603.2791 603.2762 603.2693 603.2627 603.2556 603.2486 603.2416 603.2353 603.2299 603.225 603.2182 603.2112 603.2046 603.1975 603.1874 603.1772 603.167 603.1567 603.1465 603.1363 603.126 603.1161 603.1093 603.1023 603.0957 603.0886 603.0781 603.0687 603.0618 603.0549 603.048 603.041 603.0341 603.0275 603.0204 603.0133 603.0057 602.9991 602.9915 602.9842 602.9771 602.9704 602.9635 602.9566 602.9496 602.9427 602.9359 602.9289 602.922 602.9151 602.9082 602.9012 602.8943 602.8875 602.8807 602.8736
603.3226 603.3191 603.3122 603.3053 603.2983 603.2915 603.2846 603.2776 603.2725 603.2684 603.2618 603.2549 603.248 603.241 603.2342 603.2273 603.2248 603.218 603.2109 603.2042 603.1973 603.1887 603.1785 603.1682 603.158 603.1478 603.1375 603.1273 603.1171 603.1068 603.0989 603.0919 603.0854 603.0785 603.0712 603.0574 603.0504 603.0441 603.0371 603.03 603.0229 603.0165 603.0095 603.0026 602.9948 602.9879 602.9799 602.9724 602.9655 602.9586 602.9518 602.9448 602.9379 602.931 602.9244 602.9173 602.9102 602.9033 602.8969 602.8898 602.8827 602.8757 602.8694 602.8624
603.317 603.3109 603.3038 603.2967 603.2896 603.2834 603.2763 603.2692 603.2672 603.2603 603.2539 603.2468 603.2397 603.2327 603.2264 603.2211 603.2171 603.2101 603.2032 603.1968 603.1896 603.1797 603.1695 603.1592 603.149 603.1388 603.1285 603.1183 603.1081 603.0979 603.0883 603.0814 603.0745 603.0676 603.0607 603.0488 603.0393 603.0324 603.0255 603.0186 603.0117 603.0048 602.9979 602.991 602.9841 602.9763 602.9688 602.9612 602.9541 602.947 602.9407 602.9337 602.9266 602.9195 602.9131 602.9062 602.899 602.892 602.8856 602.8787 602.8715 602.8644 602.858 602.8511
603.3091 603.3022 603.2953 603.2885 603.2816 603.2747 603.2678 603.2628 603.2597 603.2529 603.246 603.239 603.2321 603.2253 603.2184 603.2159 603.2099 603.2031 603.1962 603.1892 603.181 603.1708 603.1605 603.1503 603.1401 603.1298 603.1196 603.1094 603.0991 603.0889 603.0787 603.0709 603.0638 603.0576 603.0505 603.0418 603.0281 603.0209 603.0148 603.0076 603.0005 602.9934 602.9872 602.9801 602.973 602.9651 602.9586 602.9503 602.9427 602.9358 602.9289 602.9221 602.9152 602.9083 602.9014 602.8945 602.8876 602.8807 602.8738 602.8669 602.86 602.8531 602.8463 602.8394
603.3011 603.2941 603.2869 603.2798 603.2736 603.2665 603.2593 603.2576 603.2513 603.2451 603.238 603.2309 603.2238 603.2175 603.2122 603.2094 603.2023 603.1951 603.1889 603.1818 603.1721 603.1618 603.1516 603.1414 603.1311 603.1208 603.1107 603.1004 603.0901 603.08 603.0697 603.0604 603.0536 603.0467 603.0398 603.0329 603.0195 603.0099 603.0031 602.9962 602.9893 602.9824 602.9755 602.9686 602.9618 602.9549 602.9468 602.9388 602.9312 602.924 602.9171 602.9106 602.9035 602.8964 602.8896 602.8831 602.8759 602.8689 602.8621 602.8554 602.8483 602.8414 602.8346 602.8278
603.2924 603.2854 603.2785 603.2717 603.2648 603.2579 603.253 603.2507 603.2438 603.237 603.2301 603.2232 603.2164 603.2095 603.207 603.2018 603.195 603.1881 603.1812 603.1733 603.1631 603.1528 603.1426 603.1324 603.1221 603.1119 603.1017 603.0914 603.0812 603.071 603.0607 603.0505 603.0429 603.0358 603.0295 603.0224 603.0125 602.9987 602.9916 602.9853 602.9782 602.9711 602.9639 602.9576 602.9506 602.9434 602.9354 602.929 602.9206 602.913 602.9058 602.8992 602.8923 602.8853 602.8782 602.8718 602.8648 602.8577 602.8505 602.8442 602.8371 602.83 602.8229 602.8166
603.2843 603.2772 603.27 603.2637 603.2566 603.2495 603.2478 603.2426 603.2363 603.2292 603.222 603.2149 603.2086 603.2034 603.2015 603.1945 603.1873 603.181 603.1739 603.1643 603.1541 603.1439 603.1336 603.1234 603.1132 603.1029 603.0927 603.0825 603.0722 603.062 603.0518 603.0415 603.0326 603.0258 603.0189 603.012 603.0051 602.9901 602.9806 602.9737 602.9669 602.96 602.9531 602.9463 602.9394 602.9326 602.925 602.9175 602.9089 602.9011 602.8943 602.8874 602.8806 602.8737 602.8668 602.86 602.8531 602.8463 602.8394 602.8326 602.8257 602.8188 602.8116 602.8051
603.2755 603.2686 603.2618 603.2549 603.2481 603.2432 603.2417 603.2349 603.228 603.2211 603.2143 603.2075 603.2006 603.1982 603.1937 603.1869 603.18 603.1732 603.1656 603.1553 603.1451 603.1349 603.1246 603.1144 603.1042 603.0939 603.0837 603.0735 603.0632 603.053 603.0428 603.0326 603.0223 603.0149 603.0079 603.0015 602.9943 602.9832 602.9693 602.9622 602.9559 602.9487 602.9416 602.9346 602.9281 602.921 602.9141 602.9058 602.8979 602.89 602.8829 602.8757 602.8694 602.8623 602.8551 602.8482 602.8417 602.8345 602.8276 602.8208 602.814 602.8071 602.8002 602.7934
603.2675 603.2603 603.2538 603.2468 603.2396 603.238 603.2338 603.2274 603.2204 603.2132 603.2061 603.1998 603.1945 603.193 603.1866 603.1795 603.173 603.166 603.1566 603.1464 603.1362 603.1259 603.1157 603.1055 603.0952 603.085 603.0748 603.0645 603.0543 603.0441 603.0338 603.0236 603.0134 603.0048 602.9977 602.9911 602.9842 602.9762 602.9608 602.9512 602.9443 602.9375 602.9307 602.9237 602.917 602.9102 602.9031 602.8948 602.8881 602.8792 602.8715 602.8646 602.8577 602.8509 602.8441 602.8369 602.8304 602.8234 602.8162 602.8091 602.8027 602.7956 602.7885 602.7817
603.2587 603.2519 603.2451 603.2382 603.2335 603.2327 603.2259 603.2191 603.2122 603.2054 603.1985 603.1917 603.1893 603.1859 603.1788 603.1719 603.1653 603.1579 603.1476 603.1375 603.1272 603.1169 603.1068 603.0965 603.0862 603.076 603.0658 603.0555 603.0453 603.0351 603.0248 603.0146 603.0044 602.9941 602.987 602.9802 602.9734 602.9665 602.9538 602.9399 602.9327 602.9265 602.9193 602.9122 602.9053 602.8986 602.8917 602.8849 602.8764 602.8679 602.86 602.8528 602.8459 602.8393 602.8323 602.8254 602.8186 602.8118 602.8049 602.7979 602.7913 602.7844 602.7772 602.7701
603.2505 603.2439 603.2369 603.2297 603.2283 603.2251 603.2184 603.2115 603.2044 603.1972 603.1909 603.1856 603.1841 603.1786 603.1717 603.1649 603.1581 603.1489 603.1387 603.1285 603.1182 603.108 603.0978 603.0875 603.0773 603.0671 603.0568 603.0466 603.0364 603.0261 603.0159 603.0057 602.9954 602.9852 602.9768 602.9697 602.9633 602.9562 602.9468 602.9314 602.9219 602.915 602.9082 602.9014 602.8942 602.8877 602.8807 602.8735 602.8651 602.8587 602.8496 602.8417 602.8346 602.8281 602.821 602.8138 602.8068 602.8004 602.7932 602.7863 602.7795 602.7727 602.7659 602.7589
603.242 603.2352 603.2284 603.2237 603.2231 603.2169 603.2103 603.2032 603.1965 603.1896 603.1828 603.1804 603.1781 603.171 603.1639 603.1574 603.1502 603.14 603.1297 603.1195 603.1093 603.099 603.0888 603.0786 603.0683 603.0581 603.0479 603.0376 603.0274 603.0172 603.0069 602.9967 602.9865 602.9762 602.966 602.9592 602.9523 602.9455 602.9387 602.9245 602.9106 602.9034 602.897 602.8898 602.8829 602.8761 602.8693 602.8625 602.8552 602.847 602.838 602.83 602.8231 602.8162 602.8094 602.8027 602.7956 602.789 602.782 602.7748 602.7678 602.7612 602.7542 602.7473
603.234 603.2271 603.2198 603.2186 603.2162 603.2094 603.2026 603.1956 603.1884 603.182 603.1768 603.1753 603.1705 603.1637 603.1569 603.15 603.1412 603.131 603.1207 603.1105 603.1003 603.09 603.0798 603.0696 603.0593 603.0491 603.0389 603.0286 603.0184 603.0082 602.9979 602.9877 602.9775 602.9673 602.957 602.9488 602.9417 602.9352 602.9281 602.9175 602.9021 602.8925 602.8857 602.8788 602.8719 602.8647 602.8583 602.8511 602.8441 602.8354 602.8277 602.8192 602.8117 602.8045 602.7981 602.7909 602.784 602.7772 602.7704 602.7636 602.7565 602.75 602.7429 602.7357
603.2253 603.2185 603.2139 603.2134 603.208 603.2016 603.1943 603.1875 603.1807 603.174 603.1716 603.1701 603.1631 603.1559 603.1495 603.1423 603.1323 603.122 603.1118 603.1016 603.0913 603.0811 603.0709 603.0606 603.0504 603.0402 603.0299 603.0197 603.0095 602.9992 602.989 602.9788 602.9685 602.9583 602.9481 602.9381 602.9313 602.9245 602.9177 602.9106 602.8951 602.8812 602.874 602.8676 602.8604 602.8536 602.8468 602.84 602.8331 602.8247 602.8176 602.8082 602.8002 602.7934 602.7866 602.7798 602.7726 602.7654 602.759 602.7518 602.7451 602.7383 602.7315 602.7245
603.2172 603.21 603.2088 603.2072 603.2004 603.1936 603.1868 603.1795 603.1731 603.1678 603.1664 603.1624 603.1556 603.1488 603.142 603.1335 603.1233 603.113 603.1028 603.0926 603.0823 603.0721 603.0619 603.0516 603.0414 603.0312 603.0209 603.0107 603.0005 602.9902 602.98 602.9698 602.9595 602.9493 602.9391 602.9288 602.9208 602.9136 602.9072 602.9 602.8882 602.8727 602.8631 602.8563 602.8495 602.8424 602.8352 602.8287 602.8216 602.8148 602.806 602.7971 602.7888 602.7816 602.7747 602.768 602.7612 602.7543 602.7476 602.7407 602.7334 602.7266 602.7198 602.713
603.2087 603.2042 603.2036 603.1992 603.1928 603.1855 603.1786 603.1718 603.165 603.1627 603.1613 603.1553 603.1481 603.1417 603.1345 603.1246 603.1143 603.1041 603.0939 603.0836 603.0734 603.0632 603.0529 603.0427 603.0325 603.0222 603.012 603.0018 602.9915 602.9813 602.9711 602.9608 602.9506 602.9404 602.9301 602.9199 602.9103 602.9035 602.8967 602.8899 602.8812 602.8658 602.8518 602.8446 602.8381 602.8311 602.8243 602.8176 602.8107 602.8036 602.7948 602.7883 602.7786 602.7704 602.7634 602.7569 602.7496 602.7426 602.7358 602.7291 602.7223 602.715 602.7086 602.7014
603.2001 603.199 603.1982 603.1915 603.1847 603.1779 603.1707 603.1642 603.159 603.1575 603.1546 603.1475 603.1407 603.134 603.1258 603.1156 603.1053 603.0951 603.0849 603.0746 603.0644 603.0542 603.0439 603.0337 603.0235 603.0132 603.003 602.9928 602.9825 602.9723 602.9621 602.9518 602.9416 602.9314 602.9211 602.9109 602.9007 602.8928 602.8858 602.8791 602.8723 602.8588 602.8434 602.8337 602.827 602.8202 602.8129 602.8059 602.7992 602.7924 602.7853 602.7766 602.7671 602.7588 602.7518 602.7451 602.7383 602.7313 602.7241 602.7177 602.7105 602.7037 602.697 602.6902
603.1945 603.1938 603.1905 603.184 603.1768 603.1697 603.1629 603.1561 603.1538 603.1523 603.1472 603.1403 603.1337 603.1266 603.1168 603.1066 603.0964 603.0861 603.0759 603.0657 603.0554 603.0452 603.035 603.0247 603.0145 603.0043 602.994 602.9838 602.9736 602.9633 602.9531 602.9429 602.9326 602.9224 602.9122 602.9019 602.8917 602.8824 602.8755 602.8689 602.8619 602.8519 602.8364 602.8224 602.8153 602.8087 602.8018 602.795 602.7883 602.7813 602.774 602.7651 602.7575 602.7485 602.7405 602.7332 602.7267 602.7198 602.713 602.7062 602.6993 602.692 602.6852 602.6785
603.1893 603.1887 603.1824 603.1757 603.1689 603.1618 603.1553 603.1501 603.1487 603.1469 603.1396 603.1327 603.1259 603.1181 603.1078 603.0977 603.0874 603.0771 603.067 603.0567 603.0464 603.0363 603.026 603.0157 603.0056 602.9953 602.9851 602.9749 602.9646 602.9544 602.9442 602.9339 602.9237 602.9135 602.9032 602.893 602.8828 602.8725 602.8647 602.858 602.8512 602.8445 602.8295 602.814 602.8044 602.7976 602.7907 602.7834 602.7766 602.7699 602.7632 602.7549 602.7472 602.7372 602.7289 602.7222 602.7154 602.7084 602.7012 602.6945 602.6877 602.6808 602.6736 602.6671
603.1841 603.1816 603.175 603.168 603.1608 603.154 603.1473 603.145 603.1435 603.1392 603.1324 603.1257 603.1187 603.1091 603.0989 603.0887 603.0784 603.0682 603.058 603.0477 603.0375 603.0273 603.017 603.0068 602.9966 602.9863 602.9761 602.9659 602.9556 602.9454 602.9352 602.9249 602.9147 602.9045 602.8942 602.884 602.8738 602.8635 602.8546 602.8475 602.841 602.8338 602.8226 602.8071 602.793 602.7859 602.7792 602.7725 602.7654 602.759 602.7517 602.7448 602.7355 602.7264 602.7177 602.7104 602.7036 602.6968 602.6901 602.6828 602.6763 602.6692 602.6625 602.6558
