samples/sfe_221/sfe_221_c2/sfe_221_c2/sfe_221_c2.asc
ncols         392
nrows         245
xllcorner     90
yllcorner     51
cellsize      0.4
NODATA_value  -9999
[rows 28 to 55 of 245, columns 64 to 127 of 392]
603.8746 603.8566 603.8448 603.8268 603.8049 603.783 603.7748 603.7591 603.7429 603.726 603.706 603.6894 603.6705 603.6522 603.6357 603.6185 603.6036 603.5875 603.572 603.5558 603.5378 603.52 603.511 603.504 603.4778 603.4252 603.3846 603.3448 603.3049 603.2638 603.228 603.1949 603.1616 603.1334 603.1053 603.0842 603.0558 603.0265 602.9971 602.992 602.9802 602.9507 602.9214 602.9018 602.8953 602.8923 602.8878 602.8842 602.8803 602.8733 602.8702 602.8918 602.9134 602.923 602.9186 602.9396 602.9605 602.9717 602.9888 603.0112 603.0334 603.0566 603.0832 603.1163
603.8474 603.8294 603.8168 603.7996 603.7777 603.7557 603.7429 603.7286 603.7123 603.696 603.676 603.6585 603.6398 603.6176 603.6026 603.5853 603.5693 603.5532 603.5372 603.521 603.518 603.4914 603.4381 603.3849 603.3342 603.2816 603.2394 603.1996 603.1607 603.1197 603.0822 603.049 603.0156 602.9863 602.9581 602.9355 602.9075 602.8782 602.8488 602.843 602.8323 602.8027 602.7733 602.7523 602.746 602.743 602.7383 602.7345 602.7307 602.7237 602.7205 602.7421 602.7637 602.7693 602.7648 602.7858 602.8068 602.814 602.8347 602.857 602.8786 602.9018 602.9283 602.9658
603.8201 603.8022 603.7868 603.7709 603.7505 603.7286 603.7108 603.6981 603.6818 603.666 603.646 603.6267 603.6081 603.5869 603.5695 603.5522 603.535 603.532 603.4788 603.4301 603.3893 603.3456 603.2923 603.2391 603.1906 603.138 603.0943 603.0545 603.0166 602.9756 602.9364 602.9032 602.8699 602.8392 602.811 602.7868 602.7593 602.7299 602.7005 602.694 602.6844 602.6546 602.6252 602.6028 602.5967 602.5936 602.5889 602.5848 602.5811 602.5741 602.5708 602.5924 602.614 602.6157 602.611 602.632 602.653 602.6581 602.6805 602.7029 602.7238 602.7469 602.7735 602.8154
603.7929 603.775 603.757 603.7429 603.7233 603.7014 603.6794 603.6675 603.6513 603.6351 603.616 603.596 603.5772 603.5562 603.545 603.542 603.468 603.394 603.3332 603.2809 603.2402 603.1991 603.1465 603.0933 603.0425 602.9944 602.9489 602.9094 602.8707 602.8315 602.7905 602.7574 602.7242 602.6921 602.6639 602.6381 602.611 602.5816 602.5522 602.545 602.5365 602.5065 602.4772 602.4534 602.4473 602.4443 602.4394 602.4352 602.4315 602.4244 602.4211 602.4427 602.4644 602.462 602.4572 602.4781 602.4991 602.504 602.5263 602.5487 602.5656 602.5921 602.6193 602.6649
603.7657 603.7477 603.7298 603.7149 603.6961 603.6742 603.6523 603.637 603.6208 603.6046 603.586 603.566 603.556 603.5352 603.4662 603.3973 603.3301 603.2561 603.1876 603.1344 603.0911 603.0503 603.0007 602.9474 602.8944 602.8508 602.8023 602.7642 602.7245 602.6874 602.6463 602.6115 602.5784 602.5449 602.5167 602.4894 602.4633 602.4333 602.4039 602.396 602.3886 602.3585 602.3291 602.3039 602.298 602.295 602.2899 602.2855 602.2819 602.2748 602.2715 602.2931 602.314 602.3083 602.3033 602.3243 602.3453 602.3498 602.3722 602.3941 602.4107 602.4373 602.4689 602.5134
603.7385 603.7205 603.7026 603.6869 603.6689 603.647 603.6251 603.6065 603.5903 603.5741 603.563 603.5285 603.4595 603.3905 603.3215 603.2526 603.1921 603.1181 603.0441 602.9888 602.942 602.9012 602.8549 602.8017 602.7484 602.7072 602.6556 602.619 602.5792 602.5432 602.5022 602.4657 602.4325 602.3981 602.3696 602.3414 602.316 602.285 602.2556 602.247 602.2407 602.2104 602.181 602.1544 602.1487 602.1456 602.1404 602.1359 602.1323 602.1252 602.1218 602.1434 602.1603 602.1547 602.1495 602.1705 602.1889 602.1957 602.218 602.2393 602.2559 602.2824 602.3184 602.3592
603.7112 603.6933 603.6754 603.6583 603.641 603.6198 603.5979 603.576 603.573 603.5093 603.4456 603.3826 603.3148 603.2458 603.1768 603.1078 603.0423 602.9802 602.9062 602.8431 602.7928 602.7521 602.7091 602.6559 602.6026 602.5635 602.511 602.4739 602.4341 602.3974 602.3581 602.3198 602.2867 602.2524 602.2225 602.1943 602.1686 602.1367 602.1073 602.098 602.0928 602.0626 602.033 602.0049 601.9993 601.9963 601.991 601.9862 601.9826 601.9756 601.9722 601.9938 602.0066 602.001 601.9957 602.0167 602.0316 602.0415 602.0638 602.0845 602.101 602.1276 602.168 602.205
603.684 603.6661 603.6481 603.6302 603.613 603.5927 603.583 603.5068 603.4307 603.36 603.2963 603.2326 603.1701 603.1011 603.0321 602.9631 602.8942 602.8422 602.7682 602.6975 602.6443 602.603 602.5613 602.5101 602.4568 602.4155 602.3674 602.3275 602.2889 602.2513 602.214 602.174 602.1408 602.1067 602.0754 602.0472 602.0213 601.9884 601.959 601.949 601.9449 601.9147 601.8849 601.8555 601.85 601.847 601.8415 601.8365 601.833 601.826 601.8225 601.8441 601.8529 601.8474 601.8419 601.8629 601.8738 601.8873 601.9096 601.9297 601.9462 601.9727 602.0172 602.0498
603.6562 603.6389 603.6209 603.603 603.594 603.5162 603.4404 603.3646 603.2885 603.2122 603.147 603.0833 603.0218 602.9564 602.8874 602.8184 602.7495 602.6948 602.6303 602.5563 602.4987 602.4538 602.4125 602.3643 602.311 602.2675 602.2238 602.1808 602.1437 602.1052 602.0699 602.0288 601.995 601.961 601.9282 601.9 601.874 601.8401 601.8107 601.8 601.7965 601.7667 601.7368 601.7074 601.7007 601.6976 601.692 601.6868 601.6834 601.6764 601.6728 601.6944 601.699 601.6937 601.6882 601.7091 601.7162 601.7332 601.7548 601.775 601.7913 601.8215 601.8629 601.8942
603.6301 603.6116 603.6 603.5536 603.4609 603.3748 603.2977 603.2223 603.1462 603.07 602.9977 602.934 602.8703 602.8116 602.7427 602.6737 602.6047 602.5425 602.4923 602.4183 602.3531 602.3047 602.2637 602.2184 602.1652 602.1194 602.0801 602.0342 601.9986 601.959 601.9242 601.8847 601.8492 601.8153 601.7811 601.7529 601.7266 601.6918 601.6624 601.651 601.6476 601.6188 601.5887 601.5593 601.5513 601.5483 601.5425 601.5372 601.5338 601.5267 601.5231 601.5447 601.5452 601.5401 601.5344 601.5553 601.5585 601.579 601.6 601.6202 601.6365 601.671 601.7087 601.7386
603.611 603.5794 603.4939 603.4178 603.3278 603.2351 603.1556 603.0798 603.0039 602.9277 602.8515 602.7847 602.721 602.661 602.598 602.529 602.46 602.3911 602.3452 602.2804 602.2075 602.1556 602.1148 602.0723 602.0194 601.9713 601.9365 601.8876 601.8527 601.8136 601.7781 601.7406 601.7033 601.6696 601.6349 601.6058 601.5793 601.5443 601.5141 601.502 601.4986 601.4709 601.4407 601.4113 601.402 601.399 601.3931 601.3875 601.3842 601.3771 601.3735 601.3951 601.3913 601.3864 601.3806 601.4015 601.4025 601.4249 601.4453 601.4654 601.4816 601.5206 601.5544 601.5831
603.5302 603.4424 603.3546 603.2737 603.1948 603.1021 603.0142 602.9372 602.8616 602.7855 602.7094 602.6354 602.5718 602.5091 602.4529 602.3843 602.3153 602.2463 602.1951 602.1425 602.0685 602.0087 601.9657 601.9235 601.8736 601.8233 601.7885 601.741 601.7061 601.6685 601.632 601.5965 601.5575 601.5239 601.4892 601.4587 601.432 601.3969 601.3658 601.353 601.3497 601.3231 601.2928 601.2632 601.2527 601.2496 601.2436 601.2379 601.2346 601.2275 601.2238 601.2441 601.2374 601.2328 601.2267 601.2472 601.2484 601.2704 601.2905 601.3071 601.3268 601.3666 601.4001 601.4276
603.3931 603.3054 603.2175 603.1298 603.0535 602.969 602.8763 602.795 602.7193 602.6432 602.5671 602.4907 602.4225 602.3588 602.3002 602.2396 602.1706 602.1016 602.0428 601.9954 601.9305 601.8631 601.8166 601.7747 601.7278 601.6752 601.6404 601.5967 601.5594 601.5233 601.4858 601.451 601.4116 601.3782 601.3435 601.3115 601.2847 601.2496 601.2175 601.204 601.2007 601.1752 601.1449 601.1151 601.1033 601.1003 601.0941 601.0882 601.0849 601.0779 601.0742 601.0904 601.0837 601.0791 601.0729 601.0902 601.0942 601.1156 601.1357 601.1488 601.1741 601.2124 601.2449 601.2737
603.2681 603.1683 603.0805 602.9927 602.9094 602.8323 602.7432 602.6536 602.5767 602.5009 602.4248 602.3486 602.2732 602.2095 602.1483 602.0921 602.0259 601.9569 601.8906 601.8476 601.7925 601.7186 601.6675 601.6259 601.582 601.5287 601.4924 601.4531 601.4128 601.3779 601.3397 601.3049 601.2672 601.2325 601.1978 601.1644 601.1373 601.1022 601.0692 601.055 601.0518 601.0273 600.997 600.967 600.954 600.951 600.9446 600.9385 600.9353 600.9283 600.9245 600.9366 600.9299 600.9255 600.9191 600.9333 600.9401 600.9608 600.9809 600.9905 601.0236 601.0581 601.0893 601.1202
603.1426 603.0436 602.9435 602.8557 602.7679 602.6891 602.6101 602.5174 602.4344 602.3586 602.2825 602.2064 602.1299 602.0602 601.9965 601.9395 601.8812 601.8122 601.7432 601.6954 601.6454 601.5806 601.5187 601.4772 601.4344 601.383 601.3444 601.3095 601.2662 601.2313 601.1935 601.1587 601.1231 601.0868 601.0521 601.0174 600.99 600.9549 600.9209 600.906 600.9028 600.8794 600.8491 600.819 600.8046 600.8016 600.7952 600.7889 600.7857 600.7787 600.7748 600.783 600.7761 600.7718 600.7653 600.7759 600.7859 600.806 600.8261 600.8357 600.8703 600.9039 600.9337 600.9668
603.0172 602.9182 602.8167 602.7186 602.6309 602.545 602.4681 602.3843 602.293 602.2161 602.1403 602.0641 601.9879 601.9113 601.8472 601.7874 601.7313 601.6675 601.5984 601.5432 601.4984 601.4427 601.373 601.3284 601.2857 601.2372 601.1963 601.1615 601.1196 601.0847 601.048 601.0126 600.9778 600.9409 600.9064 600.8717 600.8427 600.8076 600.7726 600.757 600.7538 600.7315 600.7012 600.6709 600.6553 600.6523 600.6457 600.6392 600.636 600.629 600.6251 600.6293 600.6224 600.6182 600.6115 600.6182 600.6311 600.6512 600.6713 600.6808 600.7161 600.7496 600.78 600.8134
602.8963 602.7927 602.6937 602.5867 602.4938 602.406 602.3248 602.2468 602.1586 602.0738 601.998 601.9218 601.8457 601.7692 601.6979 601.6357 601.5787 601.5228 601.4537 601.3909 601.3478 601.2956 601.2307 601.1794 601.1369 601.0914 601.0482 601.0134 600.973 600.938 600.9028 600.8665 600.8316 600.7951 600.7607 600.726 600.6954 600.6603 600.6252 600.608 600.6049 600.5836 600.5533 600.523 600.506 600.503 600.4962 600.4895 600.4865 600.4794 600.4755 600.4755 600.4686 600.4645 600.4577 600.4606 600.4763 600.4964 600.5165 600.5267 600.5618 600.5954 600.6266 600.66
602.781 602.6706 602.5682 602.4692 602.3568 602.269 602.1812 602.1039 602.0255 601.9328 601.8555 601.7795 601.7034 601.6271 601.5505 601.4849 601.4266 601.3705 601.309 601.2401 601.1956 601.1485 601.0928 601.0302 600.9881 600.9454 600.9002 600.8654 600.8264 600.7914 600.7565 600.7203 600.6855 600.6497 600.6151 600.5803 600.548 600.5129 600.4778 600.459 600.4559 600.4357 600.4054 600.3751 600.3566 600.3536 600.3467 600.3398 600.3369 600.3298 600.3258 600.3218 600.3149 600.3109 600.3039 600.3029 600.3215 600.3416 600.3618 600.374 600.4076 600.4399 600.4731 600.5066
602.6414 602.5612 602.4449 602.3438 602.2447 602.132 602.0442 601.9604 601.8826 601.7997 601.7131 601.6373 601.5612 601.485 601.4084 601.3357 601.2748 601.2179 601.1624 601.0953 601.0434 601.0004 600.9457 600.8831 600.8394 600.7966 600.7521 600.7173 600.6825 600.6448 600.6099 600.5742 600.5394 600.5045 600.4694 600.4346 600.4007 600.3656 600.3305 600.31 600.307 600.3 600.293 600.289 599.582 599.58 599.608 599.668 599.725 599.742 599.739 599.731 599.724 599.72 599.713 599.86 600.217 600.214 600.207 600.2198 600.2534 600.2864 600.3198 600.355
602.5283 602.4289 602.3354 602.2192 602.1193 602.0154 601.9072 601.8193 601.7397 601.6613 601.5739 601.495 601.4188 601.3427 601.2664 601.1898 601.123 601.0657 601.0097 600.9506 600.8912 600.8481 600.7986 600.7429 600.6906 600.6479 600.6041 600.5693 600.5345 600.4982 600.4633 600.428 600.3932 600.3584 600.338 600.334 600.096 600.001 600.056 599.607 599.595 599.503 599.337 599.181 599.095 599.094 599.136 599.226 599.308 599.334 599.33 599.323 599.315 599.31 599.318 599.311 599.252 599.162 599.105 599.577 599.76 600.189 600.186 600.205
602.4039 602.3083 602.2164 602.1099 601.9938 601.8948 601.7855 601.6823 601.5961 601.5184 601.4399 601.3525 601.2766 601.2004 601.1242 601.0477 600.9734 600.914 600.8571 600.8016 600.739 600.6959 600.6515 600.5958 600.5418 600.4991 600.4561 600.4212 600.3864 600.365 600.362 599.998 599.978 599.957 599.481 599.474 599.476 599.467 599.475 599.453 599.446 599.396 599.311 599.228 599.194 599.193 599.219 599.277 599.332 599.348 599.341 599.337 599.329 599.321 599.313 599.302 599.262 599.195 599.154 599.135 599.151 599.146 599.449 599.59
602.2794 602.1904 602.0869 602.0005 601.8842 601.7693 601.6703 601.5555 601.4575 601.3755 601.2971 601.2151 601.1343 601.0582 600.982 600.9056 600.829 600.7622 600.705 600.6489 600.5922 600.5437 600.5007 600.4487 600.393 600.389 600.05 600.036 599.959 599.443 599.433 599.429 599.403 599.397 599.372 599.366 599.36 599.356 599.351 599.344 599.34 599.334 599.329 599.322 599.317 599.323 599.315 599.306 599.301 599.293 599.285 599.28 599.256 599.252 599.248 599.24 599.233 599.223 599.219 599.213 599.204 599.196 599.21 599.203
602.155 602.066 601.9771 601.8655 601.7747 601.6586 601.5449 601.444 601.3256 601.2327 601.1542 601.0757 600.9919 600.9159 600.8397 600.7635 600.6869 600.6111 600.5532 600.4963 600.4408 600.41 600.406 599.859 599.457 599.547 599.59 599.523 599.419 599.338 599.33 599.321 599.315 599.3 599.29 599.277 599.261 599.265 599.264 599.263 599.279 599.307 599.357 599.399 599.411 599.414 599.378 599.307 599.25 599.227 599.225 599.221 599.212 599.207 599.2 599.198 599.202 599.248 599.287 599.285 599.279 599.274 599.268 599.264
602.0465 601.9415 601.8525 601.7578 601.6517 601.549 601.4329 601.3204 601.2141 601.0956 601.0114 600.9329 600.8544 600.7736 600.6974 600.6213 600.5448 600.4683 600.427 600.271 600.081 599.535 599.478 599.475 599.527 599.568 599.586 599.529 599.431 599.375 599.37 599.368 599.359 599.319 599.282 599.243 599.194 599.189 599.208 599.242 599.286 599.337 599.387 599.412 599.416 599.403 599.357 599.266 599.208 599.207 599.215 599.251 599.275 599.277 599.266 599.26 599.252 599.273 599.286 599.279 599.271 599.248 599.253 599.272
601.9415 601.8324 601.7281 601.6392 601.5363 601.4392 601.3234 601.2072 601.0959 600.9841 600.8708 600.79 600.7115 600.6313 600.5552 600.4791 600.437 600.162 599.706 599.65 599.555 599.475 599.447 599.507 599.569 599.594 599.595 599.554 599.508 599.475 599.483 599.492 599.499 599.442 599.373 599.297 599.202 599.178 599.227 599.309 599.389 599.442 599.444 599.403 599.374 599.359 599.301 599.231 599.218 599.262 599.325 599.39 599.421 599.409 599.389 599.358 599.337 599.299 599.246 599.228 599.219 599.179 599.16 599.207
601.8241 601.7289 601.6183 601.5146 601.4257 601.3149 601.2141 601.0978 600.9815 600.8714 600.7542 600.6472 600.5687 600.4902 600.451 600.111 599.712 599.739 599.664 599.541 599.439 599.374 599.399 599.486 599.55 599.553 599.56 599.544 599.544 599.533 599.546 599.582 599.621 599.576 599.497 599.393 599.263 599.226 599.298 599.413 599.517 599.569 599.534 599.447 599.389 599.374 599.318 599.268 599.287 599.367 599.455 599.529 599.541 599.495 599.443 599.427 599.394 599.329 599.266 599.241 599.214 599.16 599.108 599.142
601.7143 601.6136 601.5146 601.4042 601.3013 601.2072 601.0934 600.9882 600.8722 600.7559 600.6427 600.5242 600.461 600.458 599.606 599.603 599.568 599.63 599.608 599.514 599.412 599.343 599.352 599.432 599.472 599.486 599.495 599.491 599.497 599.497 599.513 599.569 599.646 599.633 599.562 599.452 599.316 599.26 599.355 599.475 599.587 599.653 599.637 599.561 599.507 599.491 599.423 599.351 599.354 599.428 599.523 599.583 599.562 599.482 599.406 599.399 599.385 599.366 599.36 599.34 599.318 599.225 599.158 599.143
601.6127 601.5039 601.4033 601.3004 601.19 601.0878 600.9857 600.8746 600.7625 600.6465 600.5302 600.468 599.917 599.538 599.505 599.463 599.51 599.596 599.61 599.547 599.457 599.363 599.334 599.382 599.414 599.432 599.434 599.435 599.426 599.443 599.45 599.547 599.636 599.667 599.59 599.5 599.363 599.304 599.4 599.52 599.617 599.726 599.749 599.71 599.672 599.655 599.572 599.467 599.43 599.479 599.557 599.595 599.555 599.437 599.383 599.378 599.383 599.445 599.501 599.494 599.477 599.366 599.248 599.185
