COS0=(0.18930499292518504, 1.0, 54.0, MASK0)
COS1=(0.08532756478587646, 2.0, -22.0, MASK0)
COS2=(0.296773409158143, 3.0, 22.0, MASK0)
COS3=(0.10061715641091726, 4.0, -24.0, MASK0)
COS4=(0.1886539939867839, 5.0, 16.0, MASK0)
COS5=(0.1921029835868746, 6.0, 2.0, MASK0)
COS6=(0.0502247559780634, 7.0, 10.0, MASK0)
COS7=(0.06816492584464431, 7.5, -6.0, MASK0)
COS8=(0.09897176724522486, 9.0, 10.0, MASK0)
COS9=(0.038784876423858486, 10.0, 10.0, MASK0)
COS10=(0.0505220798213466, 10.5, 6.0, MASK0)
COS11=(0.0747767316746922, 12.0, 6.0, MASK0)
COS12=(0.021938768436712802, 13.0, 2.0, MASK0)
COS13=(0.07494084106266485, 13.5, 6.0, MASK0)
COS14=(0.04526524338759144, 15.0, -6.0, MASK0)
COS15=(0.043680331993550814, 15.5, 4.0, MASK0)
COS16=(0.054013315129437085, 17.0, 6.0, MASK0)
COS17=(0.040887944718103655, 17.5, 6.0, MASK0)
COS18=(0.028090472632263806, 19.0, 6.0, MASK0)
COS19=(0.05297594793165351, 19.5, 2.0, MASK0)
COS20=(0.053340431478438685, 20.5, 4.0, MASK0)
COS21=(0.05906406189791441, 21.5, 2.0, MASK0)
COS22=(0.08052396876214933, 22.5, 4.0, MASK0)
COS23=(0.04441839419309948, 23.5, -2.0, MASK0)
COS24=(0.01135060426759542, 24.5, -4.0, MASK0)
COS25=(0.026069310684213972, 25.5, 4.0, MASK0)
