COS0=(0.18930499292518504, 1.0, 54.0, MASK0)
COS1=(0.08532756478587646, 2.0, -22.0, MASK0)
COS2=(0.10061715641091726, 4.0, -24.0, MASK0)
COS3=(0.1921029835868746, 6.0, 2.0, MASK0)
COS4=(0.0502247559780634, 7.0, 10.0, MASK0)
COS5=(0.09897176724522486, 9.0, 10.0, MASK0)
COS6=(0.038784876423858486, 10.0, 10.0, MASK0)
COS7=(0.0747767316746922, 12.0, 6.0, MASK0)
COS8=(0.021938768436712802, 13.0, 2.0, MASK0)
COS9=(0.04526524338759144, 15.0, -6.0, MASK0)
COS10=(0.043680331993550814, 15.5, 4.0, MASK0)
COS11=(0.040887944718103655, 17.5, 6.0, MASK0)
COS12=(0.028090472632263806, 19.0, 6.0, MASK0)
COS13=(0.053340431478438685, 20.5, 4.0, MASK0)
COS14=(0.08052396876214933, 22.5, 4.0, MASK0)
COS15=(0.04441839419309948, 23.5, -2.0, MASK0)
COS16=(0.01135060426759542, 24.5, -4.0, MASK0)
COS17=(0.021511340193698186, 26.5, -4.0, MASK0)
COS18=(0.01839864313828419, 28.5, 2.0, MASK0)
COS19=(0.04733316761290324, 30.5, 2.0, MASK0)
COS20=(0.04557873685165062, 31.0, -2.0, MASK0)
COS21=(0.023425752886580303, 32.0, -2.0, MASK0)
COS22=(0.02576709743526623, 34.5, -2.0, MASK0)
COS23=(0.06965506244608452, 36.0, 2.0, MASK0)
COS24=(0.00968638141185788, 37.5, 2.0, MASK0)
COS25=(0.037268933929879726, 39.5, 2.0, MASK0)
COS26=(0.061734096018165985, 40.0, -2.0, MASK0)
COS27=(0.017006083764781563, 41.0, 2.0, MASK0)
COS28=(0.015178964547360174, 43.0, 2.0, MASK0)
COS29=(0.01481986010353859, 44.0, -2.0, MASK0)
COS30=(0.016539496139050633, 45.0, 2.0, MASK0)
