sfe4523_gcs_analysis/sfe_4523.asc
ncols         527
nrows         150
xllcorner     2984.8602589376
yllcorner     1983.3943715014
cellsize      0.2
NODATA_value  -9999
[rows 0 to 28 of 150, columns 192 to 255 of 527]
-9999 -9999 -9999 -9999 -9999 -9999 -9999 -9999 -9999 -9999 -9999 -9999 -9999 -9999 -9999 -9999 -9999 -9999 -9999 -9999 -9999 -9999 -9999 -9999 -9999 -9999 -9999 -9999 -9999 -9999 -9999 -9999 -9999 -9999 -9999 -9999 -9999 -9999 -9999 -9999 -9999 -9999 -9999 -9999 -9999 -9999 -9999 -9999 -9999 -9999 -9999 -9999 -9999 -9999 -9999 -9999 -9999 -9999 -9999 -9999 -9999 -9999 -9999 -9999
-9999 -9999 -9999 -9999 -9999 -9999 -9999 -9999 -9999 -9999 -9999 -9999 -9999 -9999 -9999 -9999 -9999 -9999 -9999 -9999 -9999 -9999 -9999 -9999 -9999 -9999 -9999 -9999 -9999 -9999 -9999 -9999 -9999 -9999 -9999 -9999 -9999 -9999 -9999 -9999 -9999 -9999 -9999 -9999 -9999 -9999 -9999 -9999 -9999 -9999 -9999 -9999 -9999 -9999 -9999 -9999 -9999 -9999 -9999 -9999 -9999 -9999 -9999 -9999
-9999 -9999 -9999 -9999 -9999 -9999 -9999 -9999 -9999 -9999 -9999 -9999 -9999 -9999 -9999 -9999 -9999 -9999 -9999 -9999 -9999 -9999 -9999 -9999 -9999 -9999 -9999 -9999 -9999 -9999 -9999 -9999 -9999 -9999 -9999 -9999 -9999 -9999 -9999 -9999 -9999 -9999 -9999 -9999 -9999 -9999 -9999 -9999 -9999 -9999 -9999 -9999 -9999 -9999 -9999 -9999 -9999 -9999 -9999 -9999 -9999 -9999 -9999 -9999
-9999 -9999 -9999 -9999 -9999 -9999 -9999 -9999 -9999 -9999 -9999 -9999 -9999 -9999 -9999 -9999 -9999 -9999 -9999 -9999 -9999 -9999 -9999 -9999 -9999 -9999 -9999 -9999 -9999 -9999 -9999 -9999 -9999 -9999 -9999 -9999 -9999 -9999 -9999 -9999 -9999 -9999 -9999 -9999 -9999 -9999 -9999 -9999 -9999 -9999 -9999 -9999 -9999 -9999 -9999 -9999 -9999 -9999 -9999 -9999 -9999 -9999 -9999 -9999
-9999 -9999 -9999 -9999 -9999 -9999 -9999 -9999 -9999 -9999 -9999 -9999 -9999 -9999 -9999 -9999 -9999 -9999 -9999 -9999 -9999 -9999 -9999 -9999 -9999 -9999 -9999 -9999 -9999 -9999 -9999 -9999 -9999 -9999 -9999 -9999 -9999 -9999 -9999 -9999 -9999 -9999 -9999 -9999 -9999 -9999 -9999 -9999 -9999 -9999 -9999 -9999 -9999 -9999 -9999 -9999 -9999 -9999 -9999 -9999 -9999 -9999 -9999 -9999
-9999 -9999 -9999 -9999 -9999 -9999 -9999 -9999 -9999 -9999 -9999 -9999 -9999 -9999 -9999 -9999 -9999 -9999 -9999 -9999 -9999 -9999 -9999 -9999 -9999 -9999 -9999 -9999 -9999 -9999 -9999 -9999 -9999 -9999 -9999 -9999 -9999 -9999 -9999 -9999 -9999 -9999 -9999 -9999 -9999 -9999 -9999 -9999 -9999 -9999 -9999 -9999 -9999 -9999 -9999 -9999 -9999 -9999 -9999 -9999 -9999 -9999 -9999 -9999
-9999 -9999 -9999 -9999 -9999 -9999 -9999 -9999 -9999 -9999 -9999 -9999 -9999 -9999 -9999 -9999 -9999 -9999 -9999 -9999 -9999 -9999 -9999 -9999 -9999 -9999 -9999 -9999 -9999 -9999 -9999 -9999 -9999 -9999 -9999 -9999 -9999 -9999 -9999 -9999 -9999 -9999 -9999 -9999 -9999 -9999 -9999 -9999 -9999 -9999 -9999 -9999 -9999 -9999 -9999 -9999 -9999 -9999 -9999 -9999 -9999 -9999 -9999 -9999
1002.205 1002.22 1002.24 1002.255 1002.258 -9999 -9999 -9999 -9999 -9999 -9999 -9999 -9999 -9999 -9999 -9999 -9999 -9999 -9999 -9999 -9999 -9999 -9999 -9999 -9999 -9999 -9999 -9999 -9999 -9999 -9999 -9999 -9999 -9999 -9999 -9999 -9999 -9999 -9999 -9999 -9999 -9999 -9999 -9999 -9999 -9999 -9999 -9999 -9999 -9999 -9999 -9999 -9999 -9999 -9999 -9999 -9999 -9999 -9999 -9999 -9999 -9999 -9999 -9999
1002.13 1002.145 1002.16 1002.18 1002.195 1002.215 1002.23 1002.245 1002.265 1002.28 1002.278 -9999 -9999 -9999 -9999 -9999 -9999 -9999 -9999 -9999 -9999 -9999 -9999 -9999 -9999 -9999 -9999 -9999 -9999 -9999 -9999 -9999 -9999 -9999 -9999 -9999 -9999 -9999 -9999 -9999 -9999 -9999 -9999 -9999 -9999 -9999 -9999 -9999 -9999 -9999 -9999 -9999 -9999 -9999 -9999 -9999 -9999 -9999 -9999 -9999 -9999 -9999 -9999 -9999
1002.055 1002.07 1002.085 1002.105 1002.12 1002.135 1002.155 1002.165 1002.185 1002.2 1002.215 1002.235 1002.25 1002.265 1002.28 1002.3 1002.298 -9999 -9999 -9999 -9999 -9999 -9999 -9999 -9999 -9999 -9999 -9999 -9999 -9999 -9999 -9999 -9999 -9999 -9999 -9999 -9999 -9999 -9999 -9999 -9999 -9999 -9999 -9999 -9999 -9999 -9999 -9999 -9999 -9999 -9999 -9999 -9999 -9999 -9999 -9999 -9999 -9999 -9999 -9999 -9999 -9999 -9999 -9999
1001.975 1001.995 1002.01 1002.025 1002.045 1002.06 1002.075 1002.09 1002.105 1002.125 1002.14 1002.155 1002.175 1002.18 1002.19 1002.205 1002.225 1002.245 1002.265 1002.285 1002.3 1002.32 -9999 -9999 -9999 -9999 -9999 -9999 -9999 -9999 -9999 -9999 -9999 -9999 -9999 -9999 -9999 -9999 -9999 -9999 -9999 -9999 -9999 -9999 -9999 -9999 -9999 -9999 -9999 -9999 -9999 -9999 -9999 -9999 -9999 -9999 -9999 -9999 -9999 -9999 -9999 -9999 -9999 -9999
1001.915 1001.915 1001.935 1001.95 1001.965 1001.98 1001.995 1002.015 1002.03 1002.045 1002.06 1002.08 1002.085 1002.09 1002.1 1002.115 1002.135 1002.155 1002.175 1002.195 1002.215 1002.23 1002.245 1002.265 1002.285 1002.305 1002.325 1002.34 -9999 -9999 -9999 -9999 -9999 -9999 -9999 -9999 -9999 -9999 -9999 -9999 -9999 -9999 -9999 -9999 -9999 -9999 -9999 -9999 -9999 -9999 -9999 -9999 -9999 -9999 -9999 -9999 -9999 -9999 -9999 -9999 -9999 -9999 -9999 -9999
1001.86 1001.86 1001.855 1001.875 1001.885 1001.9 1001.92 1001.935 1001.955 1001.97 1001.985 1001.995 1002 1002 1002.005 1002.025 1002.045 1002.065 1002.085 1002.105 1002.125 1002.14 1002.155 1002.175 1002.195 1002.215 1002.235 1002.255 1002.275 1002.29 1002.315 1002.345 1002.351 -9999 -9999 -9999 -9999 -9999 -9999 -9999 -9999 -9999 -9999 -9999 -9999 -9999 -9999 -9999 -9999 -9999 -9999 -9999 -9999 -9999 -9999 -9999 -9999 -9999 -9999 -9999 -9999 -9999 -9999 -9999
1001.825 1001.805 1001.78 1001.795 1001.81 1001.83 1001.845 1001.86 1001.88 1001.895 1001.905 1001.915 1001.905 1001.905 1001.915 1001.935 1001.955 1001.975 1001.995 1002.015 1002.035 1002.05 1002.065 1002.085 1002.105 1002.125 1002.145 1002.165 1002.205 1002.22 1002.255 1002.295 1002.305 1002.316 1002.326 1002.334 1002.342 1002.357 -9999 -9999 -9999 -9999 -9999 -9999 -9999 -9999 -9999 -9999 -9999 -9999 -9999 -9999 -9999 -9999 -9999 -9999 -9999 -9999 -9999 -9999 -9999 -9999 -9999 -9999
1001.795 1001.77 1001.745 1001.74 1001.735 1001.75 1001.765 1001.785 1001.8 1001.815 1001.82 1001.82 1001.81 1001.815 1001.83 1001.845 1001.865 1001.885 1001.905 1001.925 1001.945 1001.96 1001.975 1001.995 1002.02 1002.06 1002.08 1002.115 1002.155 1002.195 1002.215 1002.235 1002.245 1002.256 1002.266 1002.276 1002.287 1002.297 1002.307 1002.32 1002.34 1002.354 -9999 -9999 -9999 -9999 -9999 -9999 -9999 -9999 -9999 -9999 -9999 -9999 -9999 -9999 -9999 -9999 -9999 -9999 -9999 -9999 -9999 -9999
1001.765 1001.74 1001.715 1001.69 1001.68 1001.67 1001.69 1001.705 1001.725 1001.735 1001.735 1001.725 1001.72 1001.73 1001.74 1001.755 1001.775 1001.795 1001.815 1001.835 1001.86 1001.875 1001.905 1001.94 1001.975 1002.015 1002.05 1002.09 1002.13 1002.155 1002.17 1002.18 1002.186 1002.198 1002.208 1002.218 1002.229 1002.239 1002.249 1002.26 1002.275 1002.29 1002.304 1002.319 1002.335 1002.348 1002.355 -9999 -9999 -9999 -9999 -9999 -9999 -9999 -9999 -9999 -9999 -9999 -9999 -9999 -9999 -9999 -9999 -9999
1001.735 1001.705 1001.685 1001.66 1001.635 1001.625 1001.62 1001.63 1001.64 1001.645 1001.645 1001.63 1001.63 1001.64 1001.65 1001.665 1001.685 1001.705 1001.735 1001.765 1001.795 1001.835 1001.875 1001.91 1001.95 1001.985 1002.025 1002.065 1002.085 1002.105 1002.115 1002.12 1002.128 1002.138 1002.15 1002.162 1002.174 1002.184 1002.192 1002.202 1002.216 1002.23 1002.244 1002.259 1002.274 1002.289 1002.303 1002.316 1002.33 1002.343 1002.352 -9999 -9999 -9999 -9999 -9999 -9999 -9999 -9999 -9999 -9999 -9999 -9999 -9999
1001.7 1001.675 1001.655 1001.63 1001.605 1001.58 1001.565 1001.565 1001.57 1001.57 1001.565 1001.54 1001.55 1001.56 1001.565 1001.59 1001.62 1001.655 1001.695 1001.73 1001.77 1001.81 1001.845 1001.885 1001.92 1001.96 1002 1002.015 1002.035 1002.05 1002.055 1002.063 1002.073 1002.083 1002.093 1002.103 1002.115 1002.127 1002.132 1002.142 1002.159 1002.176 1002.191 1002.205 1002.219 1002.233 1002.243 1002.256 1002.27 1002.284 1002.297 1002.311 1002.325 1002.338 1002.348 1002.353 -9999 -9999 -9999 -9999 -9999 -9999 -9999 -9999
1001.67 1001.645 1001.62 1001.595 1001.575 1001.55 1001.535 1001.535 1001.54 1001.54 1001.52 1001.51 1001.52 1001.52 1001.535 1001.56 1001.59 1001.63 1001.665 1001.705 1001.745 1001.78 1001.82 1001.855 1001.895 1001.935 1001.95 1001.965 1001.98 1001.99 1001.995 1002.005 1002.016 1002.026 1002.036 1002.047 1002.057 1002.067 1002.075 1002.089 1002.103 1002.117 1002.133 1002.15 1002.166 1002.175 1002.183 1002.196 1002.21 1002.224 1002.237 1002.251 1002.265 1002.278 1002.292 1002.305 1002.319 1002.333 1002.345 1002.349 -9999 -9999 -9999 -9999
1001.64 1001.615 1001.59 1001.565 1001.545 1001.53 1001.53 1001.53 1001.535 1001.54 1001.52 1001.52 1001.52 1001.515 1001.525 1001.545 1001.575 1001.6 1001.64 1001.68 1001.715 1001.755 1001.795 1001.83 1001.865 1001.885 1001.9 1001.915 1001.925 1001.93 1001.94 1001.946 1001.958 1001.968 1001.978 1001.989 1001.999 1002.009 1002.02 1002.035 1002.05 1002.064 1002.078 1002.092 1002.107 1002.115 1002.124 1002.138 1002.151 1002.164 1002.177 1002.191 1002.205 1002.218 1002.232 1002.245 1002.259 1002.273 1002.286 1002.3 1002.314 1002.327 1002.341 1002.346
1001.61 1001.585 1001.56 1001.535 1001.53 1001.53 1001.535 1001.535 1001.54 1001.535 1001.53 1001.52 1001.51 1001.515 1001.525 1001.545 1001.56 1001.585 1001.615 1001.65 1001.69 1001.73 1001.765 1001.795 1001.815 1001.835 1001.845 1001.86 1001.865 1001.875 1001.88 1001.888 1001.898 1001.91 1001.922 1001.934 1001.944 1001.952 1001.962 1001.976 1001.99 1002.004 1002.019 1002.034 1002.049 1002.055 1002.068 1002.081 1002.094 1002.107 1002.121 1002.134 1002.147 1002.16 1002.173 1002.186 1002.2 1002.213 1002.227 1002.24 1002.254 1002.267 1002.281 1002.295
1001.58 1001.555 1001.53 1001.53 1001.53 1001.54 1001.545 1001.545 1001.545 1001.54 1001.53 1001.515 1001.51 1001.51 1001.53 1001.545 1001.555 1001.57 1001.595 1001.625 1001.665 1001.7 1001.73 1001.745 1001.765 1001.78 1001.795 1001.8 1001.81 1001.815 1001.823 1001.833 1001.843 1001.853 1001.863 1001.875 1001.887 1001.892 1001.902 1001.919 1001.936 1001.951 1001.965 1001.979 1001.993 1001.998 1002.011 1002.024 1002.037 1002.051 1002.064 1002.077 1002.091 1002.104 1002.117 1002.13 1002.144 1002.157 1002.17 1002.183 1002.196 1002.209 1002.222 1002.235
1001.55 1001.525 1001.53 1001.535 1001.54 1001.545 1001.55 1001.555 1001.545 1001.535 1001.53 1001.52 1001.51 1001.52 1001.54 1001.55 1001.56 1001.57 1001.585 1001.61 1001.63 1001.665 1001.675 1001.695 1001.715 1001.725 1001.735 1001.745 1001.75 1001.76 1001.765 1001.776 1001.786 1001.796 1001.807 1001.817 1001.827 1001.835 1001.849 1001.863 1001.877 1001.893 1001.91 1001.926 1001.935 1001.941 1001.954 1001.968 1001.981 1001.994 1002.007 1002.021 1002.034 1002.047 1002.06 1002.074 1002.087 1002.1 1002.114 1002.127 1002.14 1002.153 1002.166 1002.18
1001.52 1001.53 1001.535 1001.54 1001.545 1001.555 1001.56 1001.555 1001.55 1001.545 1001.545 1001.535 1001.535 1001.54 1001.555 1001.56 1001.57 1001.58 1001.585 1001.595 1001.605 1001.625 1001.64 1001.65 1001.67 1001.675 1001.68 1001.685 1001.695 1001.7 1001.706 1001.718 1001.728 1001.738 1001.749 1001.759 1001.769 1001.78 1001.795 1001.81 1001.824 1001.838 1001.852 1001.867 1001.875 1001.885 1001.898 1001.911 1001.924 1001.937 1001.951 1001.964 1001.977 1001.991 1002.004 1002.017 1002.03 1002.044 1002.057 1002.07 1002.083 1002.097 1002.11 1002.123
1001.525 1001.53 1001.535 1001.54 1001.545 1001.555 1001.56 1001.555 1001.555 1001.555 1001.56 1001.555 1001.555 1001.56 1001.56 1001.57 1001.58 1001.585 1001.59 1001.595 1001.6 1001.61 1001.62 1001.635 1001.64 1001.615 1001.62 1001.625 1001.635 1001.64 1001.65 1001.66 1001.67 1001.682 1001.694 1001.704 1001.712 1001.722 1001.736 1001.75 1001.764 1001.779 1001.794 1001.808 1001.815 1001.829 1001.842 1001.855 1001.868 1001.881 1001.894 1001.907 1001.921 1001.934 1001.947 1001.96 1001.974 1001.987 1002 1002.014 1002.027 1002.04 1002.053 1002.067
1001.525 1001.53 1001.535 1001.54 1001.545 1001.55 1001.555 1001.56 1001.555 1001.56 1001.57 1001.565 1001.565 1001.565 1001.57 1001.575 1001.58 1001.585 1001.59 1001.595 1001.6 1001.605 1001.625 1001.635 1001.645 1001.61 1001.585 1001.57 1001.575 1001.585 1001.6 1001.606 1001.616 1001.626 1001.637 1001.647 1001.652 1001.663 1001.679 1001.696 1001.711 1001.725 1001.739 1001.753 1001.761 1001.774 1001.787 1001.8 1001.812 1001.825 1001.838 1001.851 1001.864 1001.877 1001.89 1001.904 1001.917 1001.93 1001.944 1001.957 1001.97 1001.983 1001.997 1002.01
1001.505 1001.51 1001.515 1001.52 1001.535 1001.54 1001.55 1001.555 1001.555 1001.555 1001.565 1001.57 1001.57 1001.57 1001.57 1001.575 1001.58 1001.59 1001.59 1001.595 1001.6 1001.61 1001.625 1001.64 1001.65 1001.62 1001.575 1001.53 1001.52 1001.526 1001.543 1001.559 1001.566 1001.57 1001.577 1001.587 1001.598 1001.612 1001.626 1001.642 1001.656 1001.67 1001.686 1001.695 1001.706 1001.718 1001.731 1001.744 1001.757 1001.77 1001.783 1001.795 1001.808 1001.821 1001.834 1001.847 1001.86 1001.874 1001.887 1001.9 1001.913 1001.927 1001.94 1001.953
1001.46 1001.465 1001.475 1001.49 1001.5 1001.515 1001.525 1001.54 1001.55 1001.55 1001.56 1001.56 1001.57 1001.57 1001.57 1001.575 1001.585 1001.59 1001.59 1001.6 1001.605 1001.615 1001.63 1001.645 1001.66 1001.615 1001.575 1001.52 1001.475 1001.469 1001.486 1001.502 1001.518 1001.527 1001.531 1001.535 1001.54 1001.56 1001.577 1001.584 1001.597 1001.613 1001.628 1001.636 1001.65 1001.663 1001.676 1001.689 1001.702 1001.714 1001.727 1001.74 1001.753 1001.766 1001.779 1001.791 1001.804 1001.817 1001.83 1001.843 1001.857 1001.87 1001.883 1001.897
1001.415 1001.425 1001.435 1001.445 1001.46 1001.475 1001.495 1001.515 1001.525 1001.53 1001.53 1001.535 1001.54 1001.555 1001.555 1001.565 1001.57 1001.575 1001.585 1001.595 1001.595 1001.61 1001.63 1001.655 1001.645 1001.645 1001.605 1001.515 1001.43 1001.421 1001.432 1001.443 1001.46 1001.477 1001.488 1001.484 1001.485 1001.505 1001.525 1001.543 1001.55 1001.557 1001.568 1001.58 1001.597 1001.609 1001.621 1001.633 1001.646 1001.659 1001.672 1001.685 1001.697 1001.71 1001.723 1001.736 1001.749 1001.762 1001.774 1001.787 1001.8 1001.813 1001.827 1001.84
