sfe4523_gcs_analysis/sfe_4523.asc
ncols         527
nrows         150
xllcorner     2984.8602589376
yllcorner     1983.3943715014
cellsize      0.2
NODATA_value  -9999
[rows 29 to 57 of 150, columns 320 to 383 of 527]
-9999 -9999 -9999 -9999 -9999 -9999 -9999 -9999 -9999 -9999 -9999 -9999 -9999 -9999 -9999 -9999 -9999 -9999 -9999 -9999 -9999 -9999 -9999 -9999 -9999 -9999 -9999 -9999 -9999 -9999 -9999 -9999 -9999 -9999 -9999 -9999 -9999 -9999 -9999 -9999 -9999 -9999 -9999 -9999 -9999 -9999 -9999 -9999 -9999 -9999 -9999 -9999 -9999 -9999 -9999 -9999 -9999 -9999 -9999 -9999 -9999 -9999 -9999 -9999
-9999 -9999 -9999 -9999 -9999 -9999 -9999 -9999 -9999 -9999 -9999 -9999 -9999 -9999 -9999 -9999 -9999 -9999 -9999 -9999 -9999 -9999 -9999 -9999 -9999 -9999 -9999 -9999 -9999 -9999 -9999 -9999 -9999 -9999 -9999 -9999 -9999 -9999 -9999 -9999 -9999 -9999 -9999 -9999 -9999 -9999 -9999 -9999 -9999 -9999 -9999 -9999 -9999 -9999 -9999 -9999 -9999 -9999 -9999 -9999 -9999 -9999 -9999 -9999
-9999 -9999 -9999 -9999 -9999 -9999 -9999 -9999 -9999 -9999 -9999 -9999 -9999 -9999 -9999 -9999 -9999 -9999 -9999 -9999 -9999 -9999 -9999 -9999 -9999 -9999 -9999 -9999 -9999 -9999 -9999 -9999 -9999 -9999 -9999 -9999 -9999 -9999 -9999 -9999 -9999 -9999 -9999 -9999 -9999 -9999 -9999 -9999 -9999 -9999 -9999 -9999 -9999 -9999 -9999 -9999 -9999 -9999 -9999 -9999 -9999 -9999 -9999 -9999
-9999 -9999 -9999 -9999 -9999 -9999 -9999 -9999 -9999 -9999 -9999 -9999 -9999 -9999 -9999 -9999 -9999 -9999 -9999 -9999 -9999 -9999 -9999 -9999 -9999 -9999 -9999 -9999 -9999 -9999 -9999 -9999 -9999 -9999 -9999 -9999 -9999 -9999 -9999 -9999 -9999 -9999 -9999 -9999 -9999 -9999 -9999 -9999 -9999 -9999 -9999 -9999 -9999 -9999 -9999 -9999 -9999 -9999 -9999 -9999 -9999 -9999 -9999 -9999
-9999 -9999 -9999 -9999 -9999 -9999 -9999 -9999 -9999 -9999 -9999 -9999 -9999 -9999 -9999 -9999 -9999 -9999 -9999 -9999 -9999 -9999 -9999 -9999 -9999 -9999 -9999 -9999 -9999 -9999 -9999 -9999 -9999 -9999 -9999 -9999 -9999 -9999 -9999 -9999 -9999 -9999 -9999 -9999 -9999 -9999 -9999 -9999 -9999 -9999 -9999 -9999 -9999 -9999 -9999 -9999 -9999 -9999 -9999 -9999 -9999 -9999 -9999 -9999
1002.298 1002.311 1002.324 1002.332 -9999 -9999 -9999 -9999 -9999 -9999 -9999 -9999 -9999 -9999 -9999 -9999 -9999 -9999 -9999 -9999 -9999 -9999 -9999 -9999 -9999 -9999 -9999 -9999 -9999 -9999 -9999 -9999 -9999 -9999 -9999 -9999 -9999 -9999 -9999 -9999 -9999 -9999 -9999 -9999 -9999 -9999 -9999 -9999 -9999 -9999 -9999 -9999 -9999 -9999 -9999 -9999 -9999 -9999 -9999 -9999 -9999 -9999 -9999 -9999
1002.241 1002.253 1002.265 1002.277 1002.289 1002.302 1002.315 1002.327 -9999 -9999 -9999 -9999 -9999 -9999 -9999 -9999 -9999 -9999 -9999 -9999 -9999 -9999 -9999 -9999 -9999 -9999 -9999 -9999 -9999 -9999 -9999 -9999 -9999 -9999 -9999 -9999 -9999 -9999 -9999 -9999 -9999 -9999 -9999 -9999 -9999 -9999 -9999 -9999 -9999 -9999 -9999 -9999 -9999 -9999 -9999 -9999 -9999 -9999 -9999 -9999 -9999 -9999 -9999 -9999
1002.185 1002.197 1002.209 1002.221 1002.233 1002.245 1002.257 1002.27 1002.282 1002.294 1002.306 1002.318 1002.33 -9999 -9999 -9999 -9999 -9999 -9999 -9999 -9999 -9999 -9999 -9999 -9999 -9999 -9999 -9999 -9999 -9999 -9999 -9999 -9999 -9999 -9999 -9999 -9999 -9999 -9999 -9999 -9999 -9999 -9999 -9999 -9999 -9999 -9999 -9999 -9999 -9999 -9999 -9999 -9999 -9999 -9999 -9999 -9999 -9999 -9999 -9999 -9999 -9999 -9999 -9999
1002.129 1002.141 1002.153 1002.165 1002.177 1002.189 1002.201 1002.214 1002.226 1002.238 1002.25 1002.262 1002.274 1002.286 1002.298 1002.31 1002.322 -9999 -9999 -9999 -9999 -9999 -9999 -9999 -9999 -9999 -9999 -9999 -9999 -9999 -9999 -9999 -9999 -9999 -9999 -9999 -9999 -9999 -9999 -9999 -9999 -9999 -9999 -9999 -9999 -9999 -9999 -9999 -9999 -9999 -9999 -9999 -9999 -9999 -9999 -9999 -9999 -9999 -9999 -9999 -9999 -9999 -9999 -9999
1002.072 1002.084 1002.096 1002.109 1002.121 1002.133 1002.145 1002.158 1002.17 1002.182 1002.194 1002.206 1002.218 1002.23 1002.242 1002.254 1002.266 1002.278 1002.287 1002.301 1002.314 1002.328 -9999 -9999 -9999 -9999 -9999 -9999 -9999 -9999 -9999 -9999 -9999 -9999 -9999 -9999 -9999 -9999 -9999 -9999 -9999 -9999 -9999 -9999 -9999 -9999 -9999 -9999 -9999 -9999 -9999 -9999 -9999 -9999 -9999 -9999 -9999 -9999 -9999 -9999 -9999 -9999 -9999 -9999
1002.015 1002.027 1002.039 1002.052 1002.064 1002.076 1002.088 1002.101 1002.113 1002.125 1002.138 1002.15 1002.162 1002.174 1002.186 1002.198 1002.21 1002.222 1002.227 1002.241 1002.254 1002.268 1002.281 1002.294 1002.308 1002.321 -9999 -9999 -9999 -9999 -9999 -9999 -9999 -9999 -9999 -9999 -9999 -9999 -9999 -9999 -9999 -9999 -9999 -9999 -9999 -9999 -9999 -9999 -9999 -9999 -9999 -9999 -9999 -9999 -9999 -9999 -9999 -9999 -9999 -9999 -9999 -9999 -9999 -9999
1001.958 1001.97 1001.982 1001.995 1002.007 1002.019 1002.031 1002.044 1002.056 1002.068 1002.081 1002.093 1002.105 1002.117 1002.13 1002.142 1002.154 1002.165 1002.167 1002.181 1002.194 1002.208 1002.221 1002.234 1002.248 1002.261 1002.275 1002.288 1002.302 1002.315 1002.328 -9999 -9999 -9999 -9999 -9999 -9999 -9999 -9999 -9999 -9999 -9999 -9999 -9999 -9999 -9999 -9999 -9999 -9999 -9999 -9999 -9999 -9999 -9999 -9999 -9999 -9999 -9999 -9999 -9999 -9999 -9999 -9999 -9999
1001.901 1001.913 1001.926 1001.938 1001.95 1001.962 1001.975 1001.987 1001.999 1002.011 1002.024 1002.036 1002.048 1002.06 1002.073 1002.085 1002.097 1002.105 1002.11 1002.123 1002.135 1002.148 1002.161 1002.174 1002.188 1002.201 1002.215 1002.228 1002.242 1002.255 1002.268 1002.282 1002.295 1002.309 1002.322 -9999 -9999 -9999 -9999 -9999 -9999 -9999 -9999 -9999 -9999 -9999 -9999 -9999 -9999 -9999 -9999 -9999 -9999 -9999 -9999 -9999 -9999 -9999 -9999 -9999 -9999 -9999 -9999 -9999
1001.844 1001.856 1001.869 1001.881 1001.893 1001.905 1001.918 1001.93 1001.942 1001.954 1001.967 1001.979 1001.991 1002.003 1002.016 1002.028 1002.04 1002.045 1002.053 1002.066 1002.079 1002.091 1002.104 1002.117 1002.13 1002.143 1002.156 1002.168 1002.182 1002.195 1002.208 1002.222 1002.235 1002.249 1002.262 1002.276 1002.289 1002.302 1002.316 1002.329 -9999 -9999 -9999 -9999 -9999 -9999 -9999 -9999 -9999 -9999 -9999 -9999 -9999 -9999 -9999 -9999 -9999 -9999 -9999 -9999 -9999 -9999 -9999 -9999
1001.787 1001.799 1001.812 1001.824 1001.836 1001.848 1001.861 1001.873 1001.885 1001.897 1001.91 1001.922 1001.934 1001.947 1001.959 1001.971 1001.983 1001.985 1001.996 1002.009 1002.022 1002.035 1002.048 1002.06 1002.073 1002.086 1002.099 1002.112 1002.125 1002.138 1002.15 1002.163 1002.176 1002.189 1002.202 1002.216 1002.229 1002.242 1002.256 1002.269 1002.283 1002.296 1002.31 1002.323 -9999 -9999 -9999 -9999 -9999 -9999 -9999 -9999 -9999 -9999 -9999 -9999 -9999 -9999 -9999 -9999 -9999 -9999 -9999 -9999
1001.73 1001.742 1001.755 1001.767 1001.779 1001.792 1001.804 1001.816 1001.828 1001.841 1001.853 1001.865 1001.877 1001.89 1001.902 1001.914 1001.925 1001.926 1001.939 1001.952 1001.965 1001.978 1001.991 1002.004 1002.016 1002.029 1002.042 1002.055 1002.068 1002.081 1002.094 1002.107 1002.119 1002.132 1002.145 1002.158 1002.17 1002.183 1002.196 1002.209 1002.223 1002.236 1002.25 1002.263 1002.276 1002.29 1002.303 1002.317 -9999 -9999 -9999 -9999 -9999 -9999 -9999 -9999 -9999 -9999 -9999 -9999 -9999 -9999 -9999 -9999
1001.674 1001.686 1001.698 1001.71 1001.722 1001.735 1001.747 1001.759 1001.771 1001.784 1001.796 1001.808 1001.82 1001.833 1001.845 1001.857 1001.865 1001.871 1001.883 1001.896 1001.908 1001.921 1001.934 1001.947 1001.96 1001.973 1001.985 1001.998 1002.011 1002.024 1002.037 1002.05 1002.063 1002.075 1002.088 1002.101 1002.114 1002.127 1002.14 1002.153 1002.165 1002.178 1002.19 1002.203 1002.216 1002.23 1002.243 1002.257 1002.27 1002.284 1002.297 1002.31 1002.324 -9999 -9999 -9999 -9999 -9999 -9999 -9999 -9999 -9999 -9999 -9999
1001.623 1001.634 1001.644 1001.655 1001.666 1001.678 1001.69 1001.702 1001.714 1001.727 1001.739 1001.751 1001.763 1001.776 1001.788 1001.8 1001.805 1001.815 1001.828 1001.84 1001.853 1001.865 1001.878 1001.89 1001.903 1001.916 1001.929 1001.941 1001.954 1001.967 1001.98 1001.993 1002.006 1002.019 1002.032 1002.044 1002.057 1002.07 1002.083 1002.096 1002.109 1002.122 1002.134 1002.147 1002.16 1002.173 1002.185 1002.198 1002.211 1002.224 1002.237 1002.25 1002.264 1002.277 1002.291 1002.304 1002.317 -9999 -9999 -9999 -9999 -9999 -9999 -9999
1001.573 1001.584 1001.595 1001.605 1001.616 1001.627 1001.638 1001.648 1001.659 1001.67 1001.682 1001.694 1001.707 1001.719 1001.731 1001.743 1001.745 1001.76 1001.772 1001.785 1001.797 1001.81 1001.822 1001.835 1001.847 1001.86 1001.872 1001.885 1001.898 1001.91 1001.923 1001.936 1001.949 1001.962 1001.975 1001.988 1002 1002.013 1002.026 1002.039 1002.052 1002.065 1002.078 1002.091 1002.103 1002.116 1002.129 1002.142 1002.155 1002.167 1002.18 1002.193 1002.205 1002.218 1002.231 1002.244 1002.257 1002.271 1002.284 1002.298 1002.311 1002.325 -9999 -9999
1001.523 1001.534 1001.545 1001.556 1001.566 1001.577 1001.588 1001.599 1001.609 1001.62 1001.631 1001.641 1001.652 1001.663 1001.674 1001.685 1001.689 1001.704 1001.717 1001.729 1001.742 1001.754 1001.767 1001.779 1001.792 1001.804 1001.817 1001.829 1001.842 1001.854 1001.867 1001.879 1001.892 1001.905 1001.918 1001.931 1001.944 1001.957 1001.969 1001.982 1001.995 1002.008 1002.021 1002.034 1002.047 1002.059 1002.072 1002.085 1002.098 1002.111 1002.124 1002.137 1002.149 1002.162 1002.175 1002.187 1002.2 1002.213 1002.225 1002.238 1002.251 1002.265 1002.278 1002.291
1001.473 1001.484 1001.495 1001.506 1001.516 1001.527 1001.538 1001.549 1001.559 1001.57 1001.581 1001.592 1001.602 1001.613 1001.624 1001.625 1001.636 1001.649 1001.661 1001.674 1001.686 1001.699 1001.711 1001.724 1001.736 1001.749 1001.761 1001.774 1001.786 1001.799 1001.811 1001.824 1001.836 1001.849 1001.861 1001.874 1001.887 1001.9 1001.913 1001.925 1001.938 1001.951 1001.964 1001.977 1001.99 1002.003 1002.016 1002.028 1002.041 1002.054 1002.067 1002.08 1002.093 1002.106 1002.118 1002.131 1002.144 1002.157 1002.17 1002.182 1002.195 1002.207 1002.22 1002.233
1001.429 1001.437 1001.445 1001.454 1001.466 1001.477 1001.488 1001.499 1001.51 1001.52 1001.531 1001.542 1001.552 1001.563 1001.574 1001.567 1001.583 1001.595 1001.607 1001.618 1001.631 1001.643 1001.656 1001.668 1001.681 1001.693 1001.706 1001.718 1001.731 1001.743 1001.756 1001.768 1001.781 1001.793 1001.806 1001.818 1001.831 1001.843 1001.856 1001.869 1001.882 1001.894 1001.907 1001.92 1001.933 1001.946 1001.959 1001.972 1001.984 1001.997 1002.01 1002.023 1002.036 1002.049 1002.062 1002.075 1002.087 1002.1 1002.113 1002.126 1002.139 1002.152 1002.164 1002.177
1001.393 1001.401 1001.409 1001.418 1001.426 1001.434 1001.442 1001.45 1001.459 1001.47 1001.481 1001.492 1001.503 1001.513 1001.524 1001.507 1001.531 1001.543 1001.555 1001.567 1001.579 1001.59 1001.602 1001.614 1001.625 1001.638 1001.65 1001.663 1001.675 1001.688 1001.7 1001.713 1001.725 1001.738 1001.75 1001.763 1001.775 1001.788 1001.8 1001.813 1001.825 1001.838 1001.85 1001.863 1001.876 1001.889 1001.902 1001.915 1001.928 1001.94 1001.953 1001.966 1001.979 1001.992 1002.005 1002.018 1002.031 1002.043 1002.056 1002.069 1002.082 1002.095 1002.108 1002.121
1001.358 1001.366 1001.374 1001.382 1001.39 1001.398 1001.406 1001.414 1001.422 1001.43 1001.438 1001.446 1001.454 1001.464 1001.47 1001.454 1001.479 1001.491 1001.503 1001.515 1001.527 1001.538 1001.55 1001.562 1001.574 1001.586 1001.598 1001.609 1001.62 1001.632 1001.645 1001.657 1001.67 1001.682 1001.695 1001.707 1001.72 1001.732 1001.745 1001.757 1001.77 1001.782 1001.795 1001.807 1001.82 1001.832 1001.845 1001.858 1001.871 1001.884 1001.897 1001.909 1001.922 1001.935 1001.948 1001.961 1001.974 1001.987 1002 1002.012 1002.025 1002.038 1002.051 1002.064
1001.326 1001.33 1001.339 1001.346 1001.355 1001.363 1001.371 1001.379 1001.387 1001.395 1001.403 1001.411 1001.419 1001.427 1001.478 1001.415 1001.427 1001.439 1001.451 1001.463 1001.475 1001.486 1001.498 1001.51 1001.522 1001.534 1001.546 1001.558 1001.57 1001.581 1001.593 1001.604 1001.616 1001.627 1001.639 1001.652 1001.664 1001.677 1001.689 1001.702 1001.714 1001.727 1001.739 1001.752 1001.764 1001.777 1001.789 1001.802 1001.814 1001.827 1001.84 1001.853 1001.866 1001.878 1001.891 1001.904 1001.917 1001.93 1001.943 1001.956 1001.968 1001.981 1001.994 1002.007
1001.325 1001.32 1001.318 1001.32 1001.321 1001.327 1001.335 1001.343 1001.351 1001.359 1001.367 1001.375 1001.383 1001.391 1001.498 1001.391 1001.393 1001.396 1001.4 1001.411 1001.422 1001.434 1001.446 1001.458 1001.47 1001.482 1001.494 1001.506 1001.518 1001.529 1001.541 1001.553 1001.565 1001.577 1001.589 1001.6 1001.611 1001.622 1001.634 1001.646 1001.659 1001.671 1001.684 1001.696 1001.709 1001.721 1001.734 1001.746 1001.759 1001.771 1001.784 1001.796 1001.809 1001.822 1001.834 1001.847 1001.86 1001.873 1001.886 1001.899 1001.912 1001.924 1001.937 1001.95
1001.349 1001.344 1001.338 1001.333 1001.328 1001.322 1001.317 1001.315 1001.316 1001.324 1001.332 1001.34 1001.348 1001.356 1001.341 1001.379 1001.381 1001.384 1001.386 1001.388 1001.39 1001.392 1001.398 1001.406 1001.418 1001.43 1001.442 1001.454 1001.466 1001.477 1001.489 1001.501 1001.513 1001.525 1001.537 1001.549 1001.561 1001.572 1001.584 1001.595 1001.606 1001.618 1001.629 1001.641 1001.653 1001.666 1001.678 1001.691 1001.703 1001.716 1001.728 1001.741 1001.753 1001.766 1001.778 1001.791 1001.803 1001.816 1001.829 1001.842 1001.855 1001.868 1001.881 1001.893
1001.373 1001.367 1001.362 1001.357 1001.351 1001.346 1001.341 1001.335 1001.33 1001.325 1001.319 1001.314 1001.312 1001.331 1001.34 1001.367 1001.37 1001.372 1001.374 1001.376 1001.378 1001.38 1001.382 1001.384 1001.386 1001.388 1001.396 1001.404 1001.414 1001.425 1001.437 1001.449 1001.461 1001.473 1001.485 1001.497 1001.509 1001.52 1001.532 1001.544 1001.556 1001.568 1001.579 1001.591 1001.602 1001.613 1001.624 1001.636 1001.648 1001.66 1001.673 1001.685 1001.698 1001.71 1001.723 1001.735 1001.748 1001.76 1001.773 1001.785 1001.798 1001.811 1001.824 1001.837
1001.396 1001.391 1001.386 1001.38 1001.375 1001.37 1001.364 1001.359 1001.354 1001.348 1001.343 1001.338 1001.332 1001.334 1001.353 1001.355 1001.357 1001.36 1001.362 1001.364 1001.366 1001.368 1001.37 1001.372 1001.374 1001.376 1001.378 1001.38 1001.382 1001.385 1001.394 1001.402 1001.41 1001.421 1001.433 1001.445 1001.457 1001.468 1001.48 1001.492 1001.504 1001.516 1001.528 1001.54 1001.552 1001.563 1001.575 1001.586 1001.597 1001.608 1001.62 1001.631 1001.642 1001.655 1001.667 1001.68 1001.692 1001.705 1001.717 1001.73 1001.742 1001.755 1001.767 1001.78
