sfe4523_gcs_analysis/sfe_4523.asc
ncols         527
nrows         150
xllcorner     2984.8602589376
yllcorner     1983.3943715014
cellsize      0.2
NODATA_value  -9999
[rows 116 to 144 of 150, columns 448 to 511 of 527]
1001.542 1001.537 1001.531 1001.526 1001.521 1001.518 1001.515 1001.512 1001.509 1001.506 1001.503 1001.5 1001.497 1001.494 1001.49 1001.486 1001.481 1001.477 1001.473 1001.468 1001.464 1001.46 1001.457 1001.458 1001.458 1001.458 1001.458 1001.459 1001.459 1001.459 1001.459 1001.46 1001.46 1001.46 1001.462 1001.466 1001.47 1001.474 1001.478 1001.483 1001.487 1001.49 1001.494 1001.497 1001.501 1001.504 1001.508 1001.511 1001.515 1001.518 1001.522 1001.525 1001.529 1001.532 1001.536 1001.539 1001.538 1001.536 1001.533 1001.528 1001.524 1001.52 1001.515 1001.511
1001.571 1001.561 1001.555 1001.55 1001.545 1001.539 1001.534 1001.529 1001.524 1001.52 1001.517 1001.514 1001.511 1001.508 1001.506 1001.503 1001.5 1001.496 1001.492 1001.487 1001.483 1001.479 1001.475 1001.47 1001.466 1001.462 1001.458 1001.459 1001.459 1001.459 1001.46 1001.46 1001.46 1001.46 1001.461 1001.461 1001.461 1001.461 1001.462 1001.463 1001.468 1001.472 1001.476 1001.48 1001.484 1001.488 1001.491 1001.495 1001.498 1001.502 1001.505 1001.509 1001.512 1001.516 1001.519 1001.523 1001.526 1001.53 1001.533 1001.537 1001.54 1001.538 1001.534 1001.53
1001.611 1001.601 1001.591 1001.582 1001.572 1001.563 1001.558 1001.553 1001.547 1001.542 1001.537 1001.532 1001.526 1001.523 1001.52 1001.517 1001.514 1001.511 1001.508 1001.505 1001.502 1001.498 1001.493 1001.489 1001.485 1001.481 1001.476 1001.472 1001.468 1001.464 1001.46 1001.46 1001.46 1001.46 1001.461 1001.461 1001.461 1001.461 1001.462 1001.462 1001.462 1001.463 1001.463 1001.463 1001.465 1001.469 1001.473 1001.477 1001.481 1001.485 1001.489 1001.492 1001.496 1001.499 1001.503 1001.506 1001.51 1001.513 1001.517 1001.52 1001.523 1001.527 1001.531 1001.534
1001.651 1001.641 1001.632 1001.622 1001.612 1001.602 1001.592 1001.582 1001.573 1001.566 1001.561 1001.555 1001.55 1001.545 1001.54 1001.534 1001.529 1001.525 1001.522 1001.519 1001.516 1001.513 1001.51 1001.507 1001.504 1001.5 1001.495 1001.491 1001.487 1001.483 1001.478 1001.474 1001.47 1001.465 1001.461 1001.461 1001.461 1001.462 1001.462 1001.462 1001.462 1001.463 1001.463 1001.463 1001.463 1001.464 1001.464 1001.464 1001.465 1001.466 1001.47 1001.475 1001.479 1001.482 1001.486 1001.489 1001.493 1001.496 1001.5 1001.503 1001.507 1001.51 1001.514 1001.517
1001.722 1001.702 1001.682 1001.662 1001.652 1001.642 1001.632 1001.622 1001.613 1001.603 1001.593 1001.583 1001.574 1001.569 1001.563 1001.558 1001.553 1001.548 1001.542 1001.537 1001.532 1001.528 1001.525 1001.522 1001.519 1001.516 1001.513 1001.51 1001.506 1001.501 1001.497 1001.493 1001.489 1001.484 1001.48 1001.476 1001.472 1001.467 1001.463 1001.462 1001.462 1001.463 1001.463 1001.463 1001.464 1001.464 1001.464 1001.464 1001.465 1001.465 1001.465 1001.465 1001.466 1001.466 1001.468 1001.472 1001.476 1001.48 1001.483 1001.487 1001.49 1001.494 1001.497 1001.501
1001.803 1001.784 1001.764 1001.744 1001.724 1001.704 1001.684 1001.664 1001.653 1001.643 1001.633 1001.623 1001.613 1001.603 1001.594 1001.584 1001.577 1001.571 1001.566 1001.561 1001.556 1001.55 1001.545 1001.54 1001.535 1001.53 1001.527 1001.524 1001.521 1001.518 1001.515 1001.512 1001.508 1001.503 1001.499 1001.495 1001.49 1001.486 1001.482 1001.478 1001.473 1001.469 1001.465 1001.463 1001.464 1001.464 1001.464 1001.464 1001.465 1001.465 1001.465 1001.465 1001.466 1001.466 1001.466 1001.467 1001.467 1001.467 1001.467 1001.469 1001.473 1001.477 1001.481 1001.484
1001.86 1001.847 1001.834 1001.821 1001.807 1001.787 1001.767 1001.747 1001.727 1001.706 1001.686 1001.666 1001.653 1001.643 1001.634 1001.624 1001.614 1001.604 1001.594 1001.585 1001.579 1001.574 1001.569 1001.564 1001.558 1001.553 1001.548 1001.543 1001.538 1001.532 1001.53 1001.527 1001.524 1001.521 1001.518 1001.514 1001.509 1001.505 1001.501 1001.497 1001.492 1001.488 1001.484 1001.479 1001.475 1001.471 1001.467 1001.464 1001.465 1001.465 1001.465 1001.466 1001.466 1001.466 1001.466 1001.467 1001.467 1001.467 1001.467 1001.468 1001.468 1001.468 1001.469 1001.469
1001.916 1001.904 1001.891 1001.878 1001.865 1001.852 1001.84 1001.827 1001.809 1001.789 1001.769 1001.749 1001.729 1001.709 1001.689 1001.669 1001.654 1001.644 1001.634 1001.625 1001.615 1001.605 1001.595 1001.587 1001.582 1001.577 1001.572 1001.566 1001.561 1001.556 1001.551 1001.546 1001.54 1001.535 1001.532 1001.529 1001.526 1001.523 1001.52 1001.516 1001.511 1001.507 1001.503 1001.498 1001.494 1001.49 1001.486 1001.481 1001.477 1001.473 1001.469 1001.466 1001.466 1001.466 1001.466 1001.467 1001.467 1001.467 1001.467 1001.468 1001.468 1001.468 1001.469 1001.469
1001.981 1001.964 1001.948 1001.935 1001.922 1001.909 1001.896 1001.883 1001.871 1001.858 1001.845 1001.831 1001.811 1001.791 1001.771 1001.751 1001.731 1001.711 1001.691 1001.671 1001.655 1001.645 1001.635 1001.625 1001.615 1001.606 1001.596 1001.59 1001.585 1001.58 1001.575 1001.569 1001.564 1001.559 1001.554 1001.548 1001.543 1001.538 1001.534 1001.531 1001.529 1001.526 1001.522 1001.517 1001.513 1001.509 1001.505 1001.5 1001.496 1001.492 1001.487 1001.483 1001.479 1001.475 1001.47 1001.467 1001.467 1001.467 1001.468 1001.468 1001.468 1001.468 1001.469 1001.469
1002.054 1002.037 1002.02 1002.004 1001.987 1001.97 1001.954 1001.94 1001.927 1001.915 1001.902 1001.889 1001.876 1001.863 1001.851 1001.834 1001.814 1001.794 1001.773 1001.753 1001.733 1001.713 1001.693 1001.673 1001.656 1001.646 1001.636 1001.626 1001.616 1001.606 1001.598 1001.593 1001.588 1001.583 1001.577 1001.572 1001.567 1001.562 1001.556 1001.551 1001.546 1001.541 1001.537 1001.534 1001.531 1001.528 1001.523 1001.519 1001.515 1001.511 1001.506 1001.502 1001.498 1001.494 1001.489 1001.485 1001.481 1001.477 1001.472 1001.468 1001.468 1001.468 1001.469 1001.469
1002.126 1002.11 1002.093 1002.076 1002.06 1002.043 1002.026 1002.01 1001.993 1001.977 1001.96 1001.946 1001.933 1001.92 1001.907 1001.895 1001.882 1001.869 1001.856 1001.836 1001.816 1001.796 1001.776 1001.756 1001.736 1001.716 1001.696 1001.676 1001.656 1001.646 1001.637 1001.627 1001.617 1001.607 1001.601 1001.596 1001.591 1001.585 1001.58 1001.575 1001.57 1001.564 1001.559 1001.554 1001.549 1001.543 1001.539 1001.536 1001.533 1001.53 1001.525 1001.521 1001.517 1001.513 1001.508 1001.504 1001.5 1001.495 1001.491 1001.487 1001.483 1001.478 1001.474 1001.47
1002.202 1002.183 1002.166 1002.149 1002.132 1002.116 1002.099 1002.082 1002.066 1002.049 1002.033 1002.016 1001.999 1001.983 1001.966 1001.951 1001.939 1001.926 1001.913 1001.9 1001.887 1001.874 1001.858 1001.838 1001.818 1001.798 1001.778 1001.758 1001.738 1001.718 1001.698 1001.678 1001.658 1001.647 1001.637 1001.628 1001.618 1001.609 1001.604 1001.599 1001.593 1001.588 1001.583 1001.578 1001.572 1001.567 1001.562 1001.557 1001.551 1001.546 1001.542 1001.539 1001.536 1001.531 1001.527 1001.523 1001.519 1001.514 1001.51 1001.506 1001.502 1001.497 1001.493 1001.489
1002.29 1002.271 1002.251 1002.231 1002.211 1002.191 1002.173 1002.155 1002.138 1002.122 1002.105 1002.089 1002.072 1002.055 1002.039 1002.022 1002.005 1001.989 1001.972 1001.957 1001.944 1001.931 1001.918 1001.906 1001.893 1001.88 1001.861 1001.841 1001.82 1001.8 1001.78 1001.76 1001.74 1001.72 1001.7 1001.68 1001.66 1001.648 1001.638 1001.628 1001.618 1001.612 1001.607 1001.601 1001.596 1001.591 1001.586 1001.58 1001.575 1001.57 1001.565 1001.56 1001.554 1001.549 1001.544 1001.541 1001.538 1001.533 1001.529 1001.525 1001.52 1001.516 1001.512 1001.508
1002.338 1002.339 1002.34 1002.324 1002.298 1002.28 1002.261 1002.241 1002.221 1002.201 1002.181 1002.163 1002.145 1002.128 1002.111 1002.095 1002.078 1002.061 1002.045 1002.028 1002.011 1001.995 1001.978 1001.962 1001.95 1001.937 1001.924 1001.911 1001.898 1001.883 1001.863 1001.843 1001.823 1001.803 1001.783 1001.763 1001.743 1001.723 1001.703 1001.682 1001.662 1001.649 1001.639 1001.629 1001.62 1001.615 1001.609 1001.604 1001.599 1001.594 1001.588 1001.583 1001.578 1001.573 1001.568 1001.562 1001.557 1001.552 1001.547 1001.544 1001.539 1001.535 1001.531 1001.527
1002.335 1002.335 1002.336 1002.337 1002.338 1002.338 1002.339 1002.34 1002.307 1002.289 1002.271 1002.251 1002.23 1002.21 1002.19 1002.171 1002.153 1002.135 1002.117 1002.101 1002.084 1002.068 1002.051 1002.034 1002.018 1002.001 1001.984 1001.968 1001.955 1001.942 1001.93 1001.917 1001.904 1001.885 1001.865 1001.845 1001.825 1001.805 1001.785 1001.765 1001.745 1001.725 1001.705 1001.685 1001.665 1001.649 1001.639 1001.63 1001.623 1001.617 1001.612 1001.607 1001.602 1001.596 1001.591 1001.586 1001.581 1001.576 1001.57 1001.565 1001.56 1001.555 1001.549 1001.546
1002.331 1002.332 1002.333 1002.334 1002.334 1002.335 1002.336 1002.337 1002.337 1002.338 1002.339 1002.34 1002.315 1002.298 1002.28 1002.26 1002.24 1002.22 1002.2 1002.18 1002.161 1002.143 1002.125 1002.107 1002.09 1002.074 1002.057 1002.04 1002.024 1002.007 1001.99 1001.974 1001.961 1001.948 1001.935 1001.922 1001.908 1001.888 1001.867 1001.847 1001.827 1001.807 1001.787 1001.767 1001.747 1001.727 1001.707 1001.687 1001.667 1001.65 1001.64 1001.631 1001.625 1001.62 1001.615 1001.61 1001.604 1001.599 1001.594 1001.589 1001.584 1001.578 1001.573 1001.568
1002.328 1002.329 1002.329 1002.33 1002.331 1002.332 1002.333 1002.333 1002.334 1002.335 1002.336 1002.336 1002.337 1002.338 1002.339 1002.339 1002.335 1002.306 1002.288 1002.27 1002.25 1002.23 1002.21 1002.19 1002.17 1002.151 1002.133 1002.114 1002.096 1002.08 1002.063 1002.047 1002.03 1002.013 1001.997 1001.98 1001.966 1001.953 1001.941 1001.928 1001.91 1001.89 1001.87 1001.85 1001.83 1001.81 1001.79 1001.77 1001.75 1001.729 1001.709 1001.689 1001.669 1001.651 1001.641 1001.633 1001.628 1001.623 1001.618 1001.612 1001.607 1001.602 1001.597 1001.592
1002.325 1002.325 1002.326 1002.327 1002.328 1002.328 1002.329 1002.33 1002.331 1002.331 1002.332 1002.333 1002.334 1002.334 1002.335 1002.336 1002.337 1002.338 1002.338 1002.339 1002.34 1002.315 1002.297 1002.279 1002.26 1002.24 1002.22 1002.2 1002.18 1002.16 1002.14 1002.122 1002.104 1002.086 1002.069 1002.053 1002.036 1002.019 1002.003 1001.986 1001.972 1001.959 1001.946 1001.932 1001.912 1001.892 1001.872 1001.852 1001.832 1001.812 1001.792 1001.772 1001.752 1001.732 1001.712 1001.692 1001.672 1001.652 1001.642 1001.636 1001.631 1001.626 1001.62 1001.615
1002.321 1002.322 1002.323 1002.324 1002.324 1002.325 1002.326 1002.327 1002.327 1002.328 1002.329 1002.33 1002.33 1002.331 1002.332 1002.333 1002.333 1002.334 1002.335 1002.336 1002.336 1002.337 1002.338 1002.339 1002.339 1002.326 1002.305 1002.288 1002.27 1002.25 1002.23 1002.21 1002.19 1002.169 1002.149 1002.13 1002.112 1002.094 1002.076 1002.059 1002.042 1002.025 1002.009 1001.992 1001.977 1001.964 1001.952 1001.935 1001.914 1001.894 1001.874 1001.854 1001.834 1001.814 1001.794 1001.774 1001.754 1001.734 1001.714 1001.694 1001.674 1001.654 1001.644 1001.639
1002.318 1002.319 1002.319 1002.32 1002.321 1002.322 1002.323 1002.323 1002.324 1002.325 1002.326 1002.326 1002.327 1002.328 1002.329 1002.329 1002.33 1002.331 1002.332 1002.332 1002.333 1002.334 1002.335 1002.335 1002.336 1002.337 1002.338 1002.338 1002.339 1002.34 1002.314 1002.296 1002.278 1002.26 1002.239 1002.219 1002.199 1002.179 1002.159 1002.139 1002.12 1002.102 1002.084 1002.066 1002.048 1002.032 1002.015 1001.998 1001.983 1001.97 1001.957 1001.937 1001.917 1001.897 1001.877 1001.857 1001.837 1001.817 1001.797 1001.776 1001.756 1001.736 1001.716 1001.696
1002.315 1002.315 1002.316 1002.317 1002.318 1002.318 1002.319 1002.32 1002.321 1002.321 1002.322 1002.323 1002.324 1002.324 1002.325 1002.326 1002.327 1002.328 1002.328 1002.329 1002.33 1002.331 1002.331 1002.332 1002.333 1002.334 1002.334 1002.335 1002.336 1002.337 1002.337 1002.338 1002.339 1002.34 1002.323 1002.305 1002.287 1002.269 1002.249 1002.229 1002.209 1002.189 1002.169 1002.149 1002.129 1002.11 1002.092 1002.074 1002.056 1002.038 1002.021 1002.004 1001.988 1001.976 1001.959 1001.939 1001.919 1001.899 1001.879 1001.859 1001.839 1001.819 1001.799 1001.779
1002.311 1002.312 1002.313 1002.314 1002.314 1002.315 1002.316 1002.317 1002.317 1002.318 1002.319 1002.32 1002.32 1002.321 1002.322 1002.323 1002.323 1002.324 1002.325 1002.326 1002.326 1002.327 1002.328 1002.329 1002.329 1002.33 1002.331 1002.332 1002.333 1002.333 1002.334 1002.335 1002.336 1002.336 1002.337 1002.338 1002.339 1002.339 1002.337 1002.313 1002.296 1002.278 1002.259 1002.239 1002.219 1002.199 1002.179 1002.159 1002.139 1002.119 1002.1 1002.082 1002.063 1002.045 1002.027 1002.011 1001.994 1001.981 1001.961 1001.941 1001.921 1001.901 1001.881 1001.861
1002.308 1002.309 1002.309 1002.31 1002.311 1002.312 1002.313 1002.313 1002.314 1002.315 1002.316 1002.316 1002.317 1002.318 1002.319 1002.319 1002.32 1002.321 1002.322 1002.322 1002.323 1002.324 1002.325 1002.325 1002.326 1002.327 1002.328 1002.328 1002.329 1002.33 1002.331 1002.331 1002.332 1002.333 1002.334 1002.334 1002.335 1002.336 1002.337 1002.337 1002.338 1002.339 1002.34 1002.322 1002.304 1002.286 1002.268 1002.249 1002.229 1002.209 1002.189 1002.169 1002.149 1002.129 1002.109 1002.089 1002.071 1002.053 1002.035 1002.017 1002 1001.984 1001.964 1001.944
1002.305 1002.305 1002.306 1002.307 1002.308 1002.308 1002.309 1002.31 1002.311 1002.311 1002.312 1002.313 1002.314 1002.314 1002.315 1002.316 1002.317 1002.318 1002.318 1002.319 1002.32 1002.32 1002.321 1002.322 1002.323 1002.324 1002.324 1002.325 1002.326 1002.327 1002.327 1002.328 1002.329 1002.33 1002.33 1002.331 1002.332 1002.333 1002.333 1002.334 1002.335 1002.336 1002.336 1002.337 1002.338 1002.339 1002.339 1002.331 1002.313 1002.295 1002.277 1002.259 1002.239 1002.219 1002.199 1002.178 1002.158 1002.138 1002.118 1002.098 1002.079 1002.061 1002.043 1002.025
1002.301 1002.302 1002.303 1002.304 1002.304 1002.305 1002.306 1002.307 1002.307 1002.308 1002.309 1002.31 1002.31 1002.311 1002.312 1002.313 1002.313 1002.314 1002.315 1002.316 1002.316 1002.317 1002.318 1002.319 1002.319 1002.32 1002.321 1002.322 1002.323 1002.323 1002.324 1002.325 1002.326 1002.326 1002.327 1002.328 1002.329 1002.329 1002.33 1002.331 1002.332 1002.332 1002.333 1002.334 1002.335 1002.335 1002.336 1002.337 1002.338 1002.338 1002.339 1002.34 1002.321 1002.304 1002.286 1002.268 1002.248 1002.228 1002.208 1002.188 1002.168 1002.148 1002.128 1002.108
1002.298 1002.299 1002.299 1002.3 1002.301 1002.302 1002.302 1002.303 1002.304 1002.305 1002.305 1002.306 1002.307 1002.308 1002.309 1002.309 1002.31 1002.311 1002.312 1002.312 1002.313 1002.314 1002.315 1002.315 1002.316 1002.317 1002.318 1002.318 1002.319 1002.32 1002.321 1002.321 1002.322 1002.323 1002.324 1002.324 1002.325 1002.326 1002.327 1002.327 1002.328 1002.329 1002.33 1002.331 1002.331 1002.332 1002.333 1002.334 1002.334 1002.335 1002.336 1002.337 1002.337 1002.338 1002.339 1002.34 1002.33 1002.312 1002.294 1002.276 1002.258 1002.238 1002.218 1002.198
1002.295 1002.295 1002.296 1002.297 1002.298 1002.298 1002.299 1002.3 1002.301 1002.301 1002.302 1002.303 1002.304 1002.304 1002.305 1002.306 1002.307 1002.307 1002.308 1002.309 1002.31 1002.31 1002.311 1002.312 1002.313 1002.314 1002.314 1002.315 1002.316 1002.317 1002.317 1002.318 1002.319 1002.32 1002.32 1002.321 1002.322 1002.323 1002.323 1002.324 1002.325 1002.326 1002.326 1002.327 1002.328 1002.329 1002.329 1002.33 1002.331 1002.332 1002.332 1002.333 1002.334 1002.335 1002.336 1002.336 1002.337 1002.338 1002.339 1002.339 1002.339 1002.321 1002.303 1002.285
1002.291 1002.292 1002.293 1002.294 1002.294 1002.295 1002.296 1002.297 1002.297 1002.298 1002.299 1002.3 1002.3 1002.301 1002.302 1002.303 1002.303 1002.304 1002.305 1002.306 1002.306 1002.307 1002.308 1002.309 1002.309 1002.31 1002.311 1002.312 1002.312 1002.313 1002.314 1002.315 1002.315 1002.316 1002.317 1002.318 1002.319 1002.319 1002.32 1002.321 1002.322 1002.322 1002.323 1002.324 1002.325 1002.325 1002.326 1002.284 -9999 -9999 -9999 -9999 -9999 -9999 -9999 -9999 -9999 -9999 -9999 -9999 -9999 -9999 -9999 -9999
-9999 -9999 -9999 -9999 -9999 -9999 -9999 -9999 -9999 -9999 -9999 -9999 -9999 -9999 -9999 -9999 -9999 -9999 -9999 -9999 -9999 -9999 -9999 -9999 -9999 -9999 -9999 -9999 -9999 -9999 -9999 -9999 -9999 -9999 -9999 -9999 -9999 -9999 -9999 -9999 -9999 -9999 -9999 -9999 -9999 -9999 -9999 -9999 -9999 -9999 -9999 -9999 -9999 -9999 -9999 -9999 -9999 -9999 -9999 -9999 -9999 -9999 -9999 -9999
