samples/sfe_209/sfe_209_c2/sfe_209_c2/sfe_209_c2.asc
ncols         267
nrows         135
xllcorner     98.199999999255
yllcorner     82.800000000745
cellsize      0.3
NODATA_value  -9999
[rows 84 to 111 of 135, columns 64 to 127 of 267]
600.8176 600.8321 600.8535 600.8701 600.8463 600.8672 600.8938 600.9208 600.9174 600.8975 600.9162 600.9488 600.9451 600.9612 600.9783 600.9605 600.9539 600.9418 600.9592 600.9767 600.9367 600.937 600.9537 600.9705 600.9526 600.9256 600.8986 600.9106 600.9305 600.9363 600.9156 600.8714 600.8705 600.8875 600.8825 600.8555 600.8286 600.8015 600.7753 600.7504 600.7245 600.6968 600.6688 600.6409 600.6129 600.585 600.557 600.5298 600.5029 600.4758 600.4481 600.4203 600.3925 600.3647 600.337 600.3093 600.2823 600.2513 600.2108 600.1841 600.1578 600.1308 600.1038 600.0768
601.0178 601.0257 601.0471 601.0685 601.0432 601.0577 601.0787 601.1083 601.105 601.0805 601.0992 601.1267 601.1217 601.1378 601.1549 601.1481 601.1304 601.1182 601.1357 601.1532 601.1229 601.112 601.1287 601.1454 601.1385 601.1115 601.0845 601.0887 601.062 601.031 601.0035 600.9754 600.9474 600.9193 600.8928 600.868 600.8431 600.8184 600.7936 600.7687 600.7429 600.7152 600.6873 600.6593 600.6313 600.6034 600.5754 600.5483 600.5213 600.4943 600.4666 600.4388 600.4111 600.3833 600.3555 600.3279 600.3008 600.2702 600.2297 600.2029 600.1767 600.1497 600.1227 600.0957
601.2178 601.2194 601.2408 601.2622 601.2433 601.2482 601.2693 601.2958 601.2926 601.2635 601.2823 601.301 601.2983 601.3143 601.3314 601.3357 601.3087 601.2947 601.3122 601.3223 601.282 601.255 601.2278 601.2 601.1755 601.1509 601.1265 601.1019 601.0774 601.0501 601.022 600.994 600.9659 600.9379 600.9111 600.8863 600.8615 600.8367 600.8119 600.787 600.7612 600.7336 600.7057 600.6777 600.6498 600.6218 600.5939 600.5667 600.5397 600.5128 600.4852 600.4574 600.4296 600.4018 600.374 600.3464 600.3194 600.2891 600.2486 600.2218 600.1956 600.1686 600.1416 600.1146
601.418 601.413 601.4344 601.4559 601.4434 601.4388 601.4598 601.4808 601.4802 601.4466 601.4653 601.4841 601.4795 601.4835 601.4565 601.4295 601.4047 601.3806 601.3564 601.3317 601.3033 601.2749 601.2465 601.2184 601.1938 601.1694 601.1448 601.1204 601.0958 601.0687 601.0406 601.0126 600.9845 600.9565 600.9294 600.9046 600.8798 600.855 600.8302 600.8054 600.7795 600.752 600.7241 600.6962 600.6682 600.6403 600.6123 600.5851 600.5582 600.5313 600.5037 600.4759 600.4481 600.4203 600.3926 600.3649 600.338 600.308 600.2675 600.2407 600.2145 600.1875 600.1605 600.1335
601.6175 601.6066 601.6281 601.6495 601.6435 601.6293 601.6503 601.6633 601.6318 601.5958 601.5685 601.5412 601.5179 601.4947 601.4714 601.4473 601.4232 601.399 601.3749 601.3504 601.3221 601.2937 601.2653 601.2371 601.2123 601.1877 601.1633 601.1387 601.1143 601.0872 601.0592 601.0311 601.0031 600.975 600.9477 600.9229 600.8981 600.8733 600.8485 600.8237 600.7978 600.7704 600.7425 600.7146 600.6866 600.6587 600.6307 600.6036 600.5767 600.5497 600.5222 600.4944 600.4667 600.4389 600.4111 600.3835 600.3564 600.3268 600.2863 600.2596 600.2333 600.2064 600.1793 600.1523
601.8112 601.8003 601.7975 601.7705 601.744 601.7202 601.6963 601.6719 601.6439 601.6158 601.5877 601.5599 601.5366 601.5134 601.4901 601.4658 601.4417 601.4175 601.3934 601.369 601.3409 601.3125 601.2841 601.2557 601.2307 601.2062 601.1817 601.1572 601.1326 601.1058 601.0778 601.0497 601.0217 600.9936 600.9661 600.9412 600.9164 600.8916 600.8668 600.842 600.8161 600.7889 600.7609 600.733 600.705 600.6771 600.6492 600.622 600.5951 600.5681 600.5408 600.513 600.4852 600.4575 600.4296 600.402 600.375 600.3458 600.3052 600.2785 600.2523 600.2252 600.1982 600.1712
601.8566 601.8334 601.8102 601.7868 601.7629 601.7391 601.7152 601.691 601.663 601.6349 601.6069 601.579 601.5553 601.532 601.5088 601.4843 601.4602 601.436 601.4119 601.3876 601.3596 601.3312 601.3029 601.2745 601.2491 601.2246 601.2001 601.1756 601.1511 601.1244 601.0963 601.0683 601.0402 601.0122 600.9847 600.9595 600.9348 600.9099 600.8851 600.8604 600.8344 600.8073 600.7794 600.7514 600.7234 600.6955 600.6676 600.6404 600.6135 600.5866 600.5593 600.5315 600.5037 600.476 600.4482 600.4205 600.3936 600.3646 600.3241 600.2974 600.2711 600.2441 600.2171 600.1901
601.8757 601.8525 601.8293 601.8059 601.7818 601.7579 601.7341 601.71 601.6821 601.6541 601.626 601.598 601.5739 601.5507 601.5274 601.5028 601.4787 601.4545 601.4304 601.4061 601.3784 601.35 601.3217 601.2933 601.2675 601.243 601.2185 601.194 601.1695 601.1429 601.1149 601.0869 601.0588 601.0308 601.0032 600.9778 600.9531 600.9283 600.9034 600.8787 600.8527 600.8257 600.7978 600.7698 600.7419 600.7139 600.686 600.6589 600.632 600.605 600.5778 600.55 600.5223 600.4945 600.4667 600.4391 600.412 600.3835 600.343 600.3162 600.29 600.263 600.236 600.209
601.8947 601.8716 601.8484 601.8252 601.8007 601.7769 601.753 601.7291 601.7013 601.6733 601.6452 601.6171 601.5926 601.5693 601.5461 601.5214 601.4972 601.4731 601.4489 601.4247 601.3972 601.3688 601.3404 601.3121 601.2859 601.2614 601.2369 601.2124 601.1879 601.1616 601.1335 601.1054 601.0774 601.0493 601.0219 600.9962 600.9714 600.9466 600.9218 600.897 600.8711 600.8441 600.8162 600.7883 600.7603 600.7324 600.7044 600.6772 600.6505 600.6235 600.5964 600.5686 600.5408 600.5131 600.4853 600.4576 600.4306 600.4024 600.3619 600.3351 600.3089 600.2819 600.2549 600.2279
601.9138 601.8906 601.8674 601.8443 601.8196 601.7957 601.7719 601.748 601.7205 601.6924 601.6644 601.6363 601.6113 601.588 601.5647 601.5399 601.5157 601.4916 601.4674 601.4433 601.416 601.3876 601.3592 601.3308 601.3043 601.2798 601.2553 601.2308 601.2063 601.18 601.152 601.124 601.0959 601.0679 601.0404 601.0145 600.9897 600.9649 600.9401 600.9153 600.8894 600.8624 600.8347 600.8067 600.7787 600.7508 600.7228 600.6957 600.6689 600.6419 600.6149 600.5872 600.5594 600.5316 600.5038 600.4761 600.4492 600.4213 600.3807 600.354 600.3278 600.3008 600.2737 600.2468
601.9331 601.9097 601.8865 601.8633 601.8384 601.8146 601.7908 601.7669 601.7396 601.7116 601.6835 601.6555 601.6299 601.6066 601.5834 601.5584 601.5342 601.5101 601.4859 601.4618 601.4348 601.4064 601.378 601.3496 601.3228 601.2983 601.2737 601.2492 601.2247 601.1984 601.1707 601.1426 601.1145 601.0865 601.059 601.0328 601.008 600.9832 600.9584 600.9336 600.9077 600.8807 600.8531 600.8251 600.7972 600.7692 600.7413 600.7141 600.6873 600.6604 600.6334 600.6057 600.5779 600.5501 600.5223 600.4947 600.4677 600.4402 600.3997 600.3729 600.3467 600.3196 600.2927 600.2656
601.9527 601.9288 601.9056 601.8824 601.8574 601.8335 601.8096 601.7858 601.7588 601.7307 601.7027 601.6746 601.6486 601.6253 601.6021 601.5773 601.5527 601.5286 601.5044 601.4803 601.4535 601.4251 601.3967 601.3683 601.3412 601.3167 601.2922 601.2676 601.2431 601.2169 601.1892 601.1611 601.1331 601.105 601.0775 601.0511 601.0263 601.0015 600.9767 600.9519 600.926 600.899 600.8715 600.8436 600.8156 600.7877 600.7597 600.7325 600.7057 600.6788 600.6518 600.6242 600.5964 600.5687 600.5409 600.5132 600.4862 600.459 600.4185 600.3918 600.3655 600.3386 600.3115 600.2845
601.9723 601.9479 601.9247 601.9015 601.8762 601.8524 601.8285 601.8046 601.778 601.7499 601.7219 601.6938 601.6672 601.6439 601.6207 601.5962 601.5712 601.5471 601.5229 601.4988 601.4722 601.4439 601.4155 601.3871 601.3598 601.3351 601.3105 601.2861 601.2615 601.2353 601.2078 601.1797 601.1517 601.1237 601.096 601.0695 601.0446 601.0198 600.9951 600.9702 600.9443 600.9173 600.89 600.862 600.834 600.8061 600.7781 600.751 600.7242 600.6973 600.6703 600.6428 600.615 600.5872 600.5594 600.5318 600.5048 600.4778 600.4374 600.4107 600.3845 600.3574 600.3304 600.3034
601.9918 601.9669 601.9438 601.9206 601.8951 601.8713 601.8474 601.8235 601.7971 601.769 601.741 601.713 601.6859 601.6626 601.6393 601.6151 601.5897 601.5656 601.5414 601.5173 601.4907 601.4627 601.4343 601.4059 601.3785 601.3535 601.329 601.3044 601.28 601.2538 601.2264 601.1983 601.1702 601.1422 601.1145 601.0878 601.0629 601.0381 601.0134 600.9885 600.9626 600.9357 600.9084 600.8804 600.8525 600.8245 600.7966 600.7694 600.7427 600.7157 600.6887 600.6613 600.6335 600.6057 600.5779 600.5503 600.5233 600.4963 600.4563 600.4296 600.4033 600.3763 600.3493 600.3223
602.0113 601.986 601.9628 601.9396 601.914 601.8901 601.8663 601.8424 601.8162 601.7882 601.7602 601.7321 601.705 601.6813 601.658 601.6339 601.6082 601.584 601.5599 601.5358 601.5092 601.4814 601.4531 601.4247 601.3972 601.3719 601.3474 601.3229 601.2983 601.2722 601.2449 601.2169 601.1888 601.1608 601.1331 601.1063 601.0813 601.0565 601.0317 601.0069 600.981 600.954 600.9268 600.8989 600.8709 600.843 600.815 600.7878 600.7611 600.7341 600.7072 600.6798 600.652 600.6243 600.5965 600.5688 600.5419 600.5148 600.4752 600.4485 600.4222 600.3952 600.3682 600.3412
602.0307 602.0051 601.9819 601.9587 601.9333 601.9091 601.8852 601.8613 601.8352 601.8074 601.7793 601.7513 601.7242 601.6999 601.6766 601.6528 601.6267 601.6026 601.5784 601.5543 601.5278 601.5002 601.4719 601.4435 601.416 601.3903 601.3658 601.3413 601.3168 601.2906 601.2635 601.2355 601.2074 601.1794 601.1516 601.1249 601.0996 601.0748 601.05 601.0252 600.9993 600.9723 600.9453 600.9173 600.8893 600.8614 600.8334 600.8063 600.7796 600.7526 600.7256 600.6984 600.6706 600.6428 600.6151 600.5874 600.5604 600.5334 600.4941 600.4674 600.4411 600.4141 600.3871 600.36
602.05 602.0242 602.001 601.9778 601.9526 601.9279 601.9041 601.8802 601.8542 601.8265 601.7985 601.7704 601.7433 601.7186 601.6953 601.6716 601.6452 601.6211 601.5969 601.5728 601.5464 601.519 601.4906 601.4622 601.4347 601.4088 601.3842 601.3597 601.3352 601.3091 601.2821 601.254 601.226 601.1979 601.1702 601.1435 601.1179 601.0931 601.0683 601.0435 601.0176 600.9906 600.9636 600.9357 600.9078 600.8798 600.8519 600.8247 600.798 600.7711 600.7441 600.7169 600.6891 600.6614 600.6336 600.606 600.5789 600.5519 600.5129 600.4863 600.46 600.433 600.4059 600.379
602.0693 602.0433 602.0201 601.9969 601.9719 601.9468 601.9229 601.899 601.8733 601.8457 601.8176 601.7896 601.7625 601.7372 601.714 601.6905 601.6637 601.6396 601.6154 601.5913 601.565 601.5378 601.5094 601.481 601.4534 601.4271 601.4026 601.3781 601.3536 601.3276 601.3005 601.2726 601.2446 601.2165 601.1887 601.162 601.1362 601.1115 601.0866 601.0618 601.0359 601.0089 600.9819 600.9542 600.9262 600.8983 600.8703 600.8431 600.8165 600.7895 600.7625 600.7355 600.7076 600.6799 600.6521 600.6245 600.5975 600.5704 600.5319 600.5052 600.4789 600.4518 600.4249 600.3978
602.0887 602.0628 602.0391 602.016 601.9912 601.9657 601.9418 601.918 601.8923 601.8649 601.8368 601.8088 601.7816 601.7559 601.7326 601.7094 601.6824 601.6581 601.634 601.6098 601.5836 601.5566 601.5282 601.4998 601.4721 601.4456 601.421 601.3965 601.372 601.346 601.319 601.2912 601.2631 601.2351 601.2073 601.1807 601.1545 601.1298 601.1049 601.0801 601.0543 601.0272 601.0002 600.9726 600.9446 600.9167 600.8887 600.8616 600.8349 600.8079 600.7809 600.754 600.7262 600.6984 600.6707 600.643 600.616 600.589 600.5507 600.5241 600.4977 600.4708 600.4437 600.4167
602.108 602.0824 602.0582 602.035 602.0105 601.9846 601.9607 601.9368 601.9113 601.884 601.856 601.8279 601.8007 601.7745 601.7513 601.728 601.7012 601.6766 601.6525 601.6283 601.6022 601.5753 601.5469 601.5186 601.4908 601.464 601.4395 601.4149 601.3904 601.3644 601.3375 601.3098 601.2817 601.2537 601.2259 601.1992 601.1729 601.1481 601.1232 601.0984 601.0726 601.0455 601.0186 600.991 600.963 600.9351 600.9072 600.88 600.8534 600.8264 600.7994 600.7724 600.7448 600.717 600.6892 600.6616 600.6345 600.6075 600.5696 600.543 600.5167 600.4896 600.4626 600.4356
602.1274 602.102 602.0773 602.0541 602.0298 602.0035 601.9796 601.9557 601.9304 601.9032 601.8751 601.847 601.8198 601.7932 601.77 601.7466 601.7201 601.6951 601.671 601.6468 601.6207 601.5941 601.5657 601.5374 601.5095 601.4825 601.4579 601.4333 601.4089 601.3829 601.3559 601.3283 601.3003 601.2722 601.2444 601.2178 601.1912 601.1664 601.1415 601.1168 601.0909 601.0638 601.0369 601.0094 600.9814 600.9535 600.9256 600.8984 600.8718 600.8448 600.8179 600.7908 600.7633 600.7355 600.7077 600.6801 600.6531 600.626 600.5885 600.5619 600.5355 600.5085 600.4815 600.4545
602.1467 602.1216 602.0964 602.0732 602.0491 602.0223 601.9985 601.9746 601.9493 601.9224 601.8943 601.8662 601.8389 601.812 601.7886 601.7653 601.739 601.7136 601.6895 601.6653 601.6393 601.6125 601.5845 601.5562 601.5283 601.5013 601.4763 601.4518 601.4272 601.4013 601.3743 601.3469 601.3188 601.2908 601.263 601.2364 601.2095 601.1847 601.1599 601.1351 601.1092 601.0822 601.0552 601.0278 600.9999 600.9719 600.944 600.9169 600.8903 600.8633 600.8363 600.8093 600.7818 600.754 600.7263 600.6986 600.6716 600.6446 600.6074 600.5808 600.5544 600.5274 600.5004 600.4734
602.166 602.1412 602.1155 602.0923 602.0684 602.0414 602.0173 601.9935 601.9684 601.9414 601.9135 601.8854 601.8579 601.8311 601.8073 601.784 601.7578 601.7321 601.7079 601.6838 601.6579 601.6309 601.6033 601.5749 601.547 601.52 601.4947 601.4702 601.4457 601.4198 601.3928 601.3655 601.3374 601.3094 601.2816 601.2549 601.228 601.203 601.1782 601.1534 601.1275 601.1005 601.0735 601.0463 601.0183 600.9904 600.9624 600.9353 600.9087 600.8817 600.8547 600.8278 600.8004 600.7726 600.7448 600.7172 600.6901 600.6631 600.6263 600.5997 600.5733 600.5463 600.5193 600.4922
602.1854 602.1608 602.1345 602.1113 602.0877 602.0607 602.0363 602.0124 601.9874 601.9604 601.9326 601.9045 601.877 601.8503 601.8259 601.8026 601.7767 601.7506 601.7264 601.7023 601.6765 601.6495 601.6221 601.5937 601.5657 601.5387 601.5131 601.4886 601.4641 601.4382 601.4112 601.384 601.356 601.3279 601.3001 601.2736 601.2466 601.2213 601.1965 601.1717 601.1458 601.1188 601.0918 601.0647 601.0367 601.0088 600.9808 600.9537 600.9272 600.9002 600.8732 600.8462 600.8189 600.7911 600.7634 600.7357 600.7087 600.6817 600.6451 600.6187 600.5922 600.5652 600.5381 600.5112
602.2047 602.1804 602.1536 602.1304 602.1071 602.08 602.0551 602.0313 602.0064 601.9794 601.9518 601.9237 601.896 601.8694 601.8445 601.8213 601.7955 601.7691 601.7449 601.7208 601.6951 601.6681 601.6408 601.6124 601.5844 601.5574 601.5315 601.507 601.4825 601.4567 601.4297 601.4026 601.3746 601.3465 601.3187 601.2921 601.2651 601.2396 601.2148 601.1901 601.1641 601.1371 601.1101 601.0831 601.0552 601.0272 600.9993 600.9722 600.9456 600.9186 600.8917 600.8646 600.8375 600.8096 600.7819 600.7542 600.7272 600.7002 600.6641 600.6375 600.6111 600.584 600.5571 600.53
602.2241 602.2 602.173 602.1495 602.1263 602.0993 602.074 602.0502 602.0255 601.9985 601.9709 601.9429 601.9151 601.8885 601.8632 601.84 601.8145 601.7876 601.7635 601.7393 601.7136 601.6866 601.6596 601.6312 601.6031 601.5762 601.5499 601.5255 601.5009 601.4751 601.4481 601.4211 601.3931 601.3651 601.3372 601.3107 601.2837 601.2579 601.2332 601.2084 601.1824 601.1555 601.1284 601.1014 601.0736 601.0457 601.0177 600.9906 600.9641 600.9371 600.9101 600.8831 600.856 600.8282 600.8004 600.7728 600.7458 600.7188 600.6829 600.6564 600.6299 600.6029 600.5759 600.5489
602.2434 602.2195 602.1926 602.1686 602.1454 602.1186 602.0929 602.069 602.0444 602.0175 601.9901 601.962 601.9342 601.9077 601.8818 601.8586 601.8333 601.8063 601.782 601.7578 601.7322 601.7053 601.6784 601.65 601.6219 601.5949 601.5684 601.5438 601.5193 601.4936 601.4666 601.4396 601.4117 601.3837 601.3558 601.3293 601.3023 601.2762 601.2515 601.2267 601.2007 601.1738 601.1467 601.1198 601.092 601.0641 601.0361 601.009 600.9825 600.9555 600.9285 600.9016 600.8745 600.8467 600.819 600.7913 600.7643 600.7373 600.7018 600.6754 600.6488 600.6218 600.5948 600.5678
602.2627 602.239 602.2122 602.1877 602.1645 602.1379 602.1118 602.088 602.0635 602.0365 602.0092 601.9812 601.9533 601.9268 601.9005 601.8773 601.8522 601.8251 601.8005 601.7763 601.7508 601.7238 601.6971 601.6688 601.6406 601.6136 601.5867 601.5623 601.5377 601.512 601.485 601.458 601.4303 601.4022 601.3743 601.3478 601.3209 601.2946 601.2698 601.245 601.2191 601.1921 601.165 601.1381 601.1105 601.0825 601.0546 601.0274 601.001 600.974 600.947 600.92 600.893 600.8653 600.8375 600.8099 600.7828 600.7559 600.7207 600.6943 600.6677 600.6407 600.6137 600.5867
