samples/sfe_209/sfe_209_c2/sfe_209_c2/sfe_209_c2.asc
ncols         267
nrows         135
xllcorner     98.199999999255
yllcorner     82.800000000745
cellsize      0.3
NODATA_value  -9999
[rows 28 to 55 of 135, columns 64 to 127 of 267]
601.9005 601.8732 601.846 601.8166 601.7849 601.7532 601.7238 601.6946 601.663 601.6314 601.6016 601.5743 601.5469 601.5195 601.4921 601.4654 601.4362 601.405 601.3738 601.3425 601.3145 601.2875 601.2602 601.233 601.2057 601.1785 601.1517 601.124 601.0927 601.0613 601.03 600.9999 600.9729 600.946 600.9197 600.8923 600.8647 600.8372 600.8096 600.7827 600.7557 600.7286 600.7017 600.6746 600.6475 600.6201 600.5928 600.5654 600.5382 600.5114 600.4844 600.4574 600.4304 600.4034 600.3763 600.3514 600.3379 600.3109 600.2845 600.2579 600.2309 600.2039 600.1769 600.15
601.8718 601.8445 601.8174 601.7881 601.7564 601.7247 601.6946 601.6656 601.634 601.6024 601.5719 601.5447 601.5173 601.4898 601.4625 601.4357 601.4065 601.3752 601.3441 601.3128 601.2842 601.2572 601.2299 601.2027 601.1754 601.1483 601.1214 601.0936 601.0623 601.031 600.9997 600.969 600.942 600.9151 600.8888 600.8613 600.8338 600.8063 600.7787 600.7517 600.7247 600.6977 600.6707 600.6437 600.6165 600.5891 600.5618 600.5344 600.5071 600.4803 600.4533 600.4263 600.3993 600.3723 600.3453 600.3209 600.3074 600.2804 600.254 600.2274 600.2004 600.1734 600.1464 600.1194
601.8433 601.816 601.7888 601.7597 601.728 601.6962 601.6653 601.6366 601.605 601.5734 601.5422 601.5151 601.4876 601.4602 601.4327 601.4059 601.3768 601.3455 601.3143 601.2831 601.254 601.2269 601.1996 601.1724 601.1451 601.1179 601.0911 601.0633 601.032 601.0007 600.9693 600.938 600.9111 600.8842 600.8579 600.8304 600.8029 600.7753 600.7478 600.7207 600.6937 600.6667 600.6396 600.6127 600.5854 600.5581 600.5308 600.5034 600.4761 600.4492 600.4222 600.3952 600.3682 600.3412 600.3142 600.2903 600.2769 600.2498 600.2235 600.1968 600.1699 600.1428 600.1158 600.0889
601.8146 601.7874 601.7601 601.7312 601.6995 601.6677 601.6362 601.6075 601.576 601.5444 601.5128 601.4854 601.458 601.4305 601.4031 601.3762 601.347 601.3158 601.2845 601.2534 601.2237 601.1966 601.1694 601.1421 601.1149 601.0876 601.0607 601.033 601.0016 600.9703 600.939 600.9077 600.8801 600.8533 600.827 600.7996 600.772 600.7444 600.7169 600.6897 600.6627 600.6357 600.6086 600.5817 600.5544 600.5271 600.4998 600.4724 600.4451 600.4181 600.3911 600.3641 600.3372 600.3101 600.2831 600.2598 600.2463 600.2193 600.193 600.1663 600.1393 600.1123 600.0853 600.0583
601.7861 601.7588 601.7315 601.7028 601.671 601.6393 601.6075 601.5786 601.547 601.5154 601.4838 601.4558 601.4283 601.4009 601.3735 601.3464 601.3173 601.2861 601.2548 601.2236 601.1934 601.1663 601.1391 601.1118 601.0846 601.0573 601.0303 601.0026 600.9713 600.94 600.9086 600.8773 600.8492 600.8224 600.7961 600.7687 600.7411 600.7136 600.686 600.6587 600.6317 600.6047 600.5776 600.5507 600.5234 600.4961 600.4688 600.4414 600.4141 600.387 600.36 600.3331 600.306 600.2791 600.252 600.2292 600.2158 600.1887 600.1625 600.1357 600.1088 600.0817 600.0547 600.0278
601.7574 601.7302 601.7029 601.6743 601.6426 601.6108 601.5791 601.5496 601.518 601.4864 601.4548 601.4261 601.3987 601.3713 601.3438 601.3167 601.2876 601.2563 601.2251 601.1938 601.1631 601.136 601.1088 601.0815 601.0543 601.027 601 600.9723 600.941 600.9096 600.8783 600.847 600.8183 600.7915 600.7653 600.7378 600.7102 600.6827 600.6552 600.6277 600.6006 600.5737 600.5466 600.5197 600.4925 600.4652 600.4473 600.4255 600.3985 600.3394 600.2738 600.2371 600.2101 600.1831 600.1561 600.1336 600.1194 600.0923 600.0661 600.0394 600.0124 599.9861 599.9591 599.9321
601.7289 601.7016 601.6743 601.6458 601.6141 601.5823 601.5506 601.5206 601.489 601.4574 601.4258 601.3965 601.3691 601.3417 601.3142 601.287 601.2579 601.2266 601.1954 601.1641 601.1329 601.1058 601.0786 601.0513 601.024 600.9968 600.9697 600.942 600.9106 600.8793 600.848 600.8195 600.7925 600.7596 600.713 600.6904 600.6767 600.6497 600.6227 600.5654 600.5003 600.4416 600.4088 600.3818 600.3548 600.3323 600.3183 600.2915 600.2506 600.1851 600.1194 600.0764 600.0494 600.0224 599.9954 599.9728 599.9571 599.9301 599.9039 599.8771 599.8501 599.8254 599.7983 599.7714
601.7003 601.673 601.6458 601.6174 601.5856 601.5539 601.5222 601.4916 601.46 601.4284 601.3969 601.3669 601.3395 601.312 601.2845 601.2573 601.2281 601.1969 601.1656 601.1344 601.1031 601.0755 601.0483 601.022 600.9951 600.9815 600.9334 600.8643 600.8162 600.7892 600.7621 600.7332 600.6668 600.6003 600.5536 600.5312 600.5159 600.489 600.462 600.4131 600.348 600.2893 600.2495 600.2225 600.1955 600.1731 600.1575 600.1308 600.0963 600.0307 599.9651 599.9156 599.8886 599.8616 599.8346 599.8121 599.7949 599.7679 599.7416 599.7148 599.6879 599.6646 599.6376 599.6128
601.6717 601.6444 601.6171 601.5889 601.5571 601.5254 601.4937 601.4626 601.431 601.3994 601.3679 601.3373 601.3098 601.2823 601.255 601.2325 601.2055 601.1486 601.1216 601.0947 601.0463 600.9755 600.9047 600.8682 600.8412 600.8322 600.7648 600.6957 600.6476 600.6205 600.5936 600.5665 600.5074 600.441 600.3943 600.3719 600.3552 600.3282 600.3012 600.2608 600.1957 600.137 600.0952 600.0633 600.0363 600.0138 599.9968 599.97 599.942 599.8764 599.8108 599.7549 599.7279 599.7009 599.6739 599.6514 599.6326 599.6056 599.5794 599.5526 599.5256 599.5038 599.4769 599.4604
601.6431 601.6158 601.5886 601.5604 601.5287 601.4969 601.4652 601.4336 601.4028 601.3758 601.349 601.3156 601.2468 601.1809 601.1699 601.1113 601.0415 600.9717 600.9424 600.9155 600.8698 600.7991 600.7283 600.689 600.662 600.65 600.5962 600.527 600.4789 600.452 600.4249 600.3979 600.3481 600.2817 600.2349 600.2127 600.1945 600.1675 600.1405 600.1085 600.0435 599.9847 599.9443 599.9041 599.877 599.8546 599.836 599.8093 599.7823 599.722 599.6565 599.5941 599.5671 599.5401 599.5131 599.4906 599.4704 599.4434 599.4171 599.3904 599.3633 599.3431 599.3162 599.3082
601.6145 601.5872 601.56 601.5375 601.5105 601.4539 601.4269 601.3669 601.2981 601.2363 601.2011 601.1485 601.0798 601.011 600.9908 600.9401 600.8704 600.8006 600.7633 600.7363 600.6934 600.6227 600.5519 600.5099 600.4829 600.4691 600.4276 600.3584 600.3103 600.2833 600.2563 600.2293 600.1888 600.1223 600.0756 600.0535 600.0337 600.0067 599.9797 599.9527 599.8912 599.8324 599.7935 599.7448 599.7178 599.6953 599.6752 599.6485 599.6215 599.5677 599.5022 599.4366 599.4064 599.3794 599.3524 599.3298 599.3081 599.2811 599.2549 599.2281 599.2011 599.1824 599.1554 599.1559
601.5606 601.502 601.4749 601.4192 601.3504 601.2817 601.2495 601.1998 601.1311 601.0693 601.0234 600.9814 600.9127 600.844 600.8116 600.769 600.6992 600.6295 600.5842 600.5572 600.517 600.4462 600.3755 600.3307 600.3038 600.2883 600.259 600.1898 600.1417 600.1147 600.0877 600.0607 600.0295 599.963 599.9163 599.8942 599.8729 599.846 599.819 599.792 599.7389 599.6801 599.6426 599.5856 599.5585 599.5361 599.5143 599.4878 599.4608 599.4135 599.3478 599.2823 599.2456 599.2186 599.1916 599.1691 599.1459 599.1189 599.0927 599.0659 599.0389 599.0216 598.9946 599.0036
601.3815 601.3228 601.2958 601.2521 601.1834 601.1146 601.072 601.0328 600.9641 600.9022 600.8546 600.8145 600.7457 600.6769 600.6282 600.5979 600.5281 600.4583 600.405 600.3781 600.3406 600.2698 600.1991 600.1516 600.1246 600.1074 600.0886 600.0212 599.9731 599.9461 599.9191 599.8921 599.8651 599.8036 599.757 599.735 599.7122 599.6852 599.6582 599.6312 599.5866 599.5278 599.4917 599.427 599.3993 599.3768 599.3535 599.327 599.3 599.2591 599.1935 599.1279 599.0849 599.0579 599.0309 599.0084 598.9836 598.9566 598.9304 598.9036 598.8766 598.8609 598.8403 598.8513
601.2023 601.1436 601.1166 601.0851 601.0164 600.9476 600.8945 600.8658 600.7971 600.7352 600.6875 600.6422 600.5787 600.5099 600.444 600.4263 600.357 600.2872 600.2258 600.1989 600.1641 600.0934 600.0226 599.9724 599.9454 599.9266 599.9094 599.8525 599.8045 599.7775 599.7505 599.7235 599.6965 599.6443 599.5976 599.5757 599.5515 599.5245 599.4975 599.4705 599.4343 599.3755 599.3408 599.2761 599.2401 599.2176 599.1926 599.1663 599.1393 599.1048 599.0392 598.9736 598.9241 598.8971 598.8701 598.8476 598.8214 598.7944 598.7681 598.7413 598.7144 598.7001 598.6879 598.699
601.0231 600.9645 600.9374 600.9152 600.8494 600.7806 600.717 600.6901 600.63 600.5682 600.5205 600.4646 600.4116 600.3429 600.2741 600.2471 600.1859 600.116 600.0467 600.0197 599.9877 599.917 599.8463 599.7933 599.7663 599.7457 599.7272 599.684 599.6359 599.6088 599.5818 599.5549 599.5279 599.485 599.4383 599.4164 599.3907 599.3637 599.3367 599.3097 599.282 599.2233 599.1899 599.1252 599.0808 599.0583 599.0318 599.0055 598.9786 598.9505 598.8849 598.8193 598.7634 598.7364 598.7094 598.6861 598.6591 598.6321 598.6059 598.5791 598.5521 598.5394 598.5356 598.5468
600.844 600.7853 600.7583 600.7313 600.6823 600.6135 600.5448 600.5126 600.463 600.4012 600.3535 600.2869 600.2446 600.1758 600.1071 600.068 600.0147 599.9449 599.8751 599.8406 599.8113 599.7405 599.6698 599.6141 599.5871 599.5649 599.543 599.5153 599.4672 599.4402 599.4133 599.3863 599.3593 599.3257 599.2789 599.257 599.23 599.203 599.176 599.149 599.1219 599.0715 599.0391 598.9744 598.9216 598.8978 598.871 598.8448 598.8178 598.7908 598.7306 598.665 598.6026 598.5756 598.5486 598.5239 598.4969 598.4699 598.4436 598.4169 598.3899 598.3787 598.3834 598.3944
600.6649 600.6061 600.5792 600.5521 600.5153 600.4465 600.3777 600.3351 600.296 600.2341 600.1865 600.118 600.0776 600.0089 599.9401 599.8888 599.8436 599.7738 599.704 599.6614 599.6344 599.5641 599.4934 599.435 599.408 599.384 599.3588 599.345 599.2986 599.2716 599.2446 599.2177 599.1906 599.1636 599.1196 599.0963 599.0692 599.0422 599.0152 598.9882 598.9612 598.9206 598.8882 598.8235 598.7623 598.7371 598.7101 598.684 598.657 598.6301 598.5762 598.5107 598.4451 598.4149 598.3879 598.3616 598.3347 598.3076 598.2814 598.2546 598.2277 598.22 598.2311 598.2421
600.4857 600.427 600.4 600.373 600.3483 600.2795 600.2108 600.1577 600.1289 600.0671 600.0194 599.951 599.9053 599.8418 599.773 599.7072 599.6724 599.6027 599.5329 599.4822 599.4553 599.3877 599.317 599.2558 599.2288 599.2032 599.1762 599.1658 599.13 599.103 599.076 599.049 599.022 598.995 598.9603 598.9355 598.9084 598.8815 598.8545 598.8275 598.8005 598.7697 598.7374 598.6727 598.608 598.5763 598.5493 598.5233 598.4963 598.4693 598.4219 598.3885 598.2645 598.1287 598.0383 597.9677 597.961 597.991 598.0237 598.0615 598.065 598.078 598.1105 598.0898
600.3065 600.2478 600.2208 600.1938 600.1783 600.1125 600.0437 599.9802 599.9532 599.9001 599.8524 599.784 599.7278 599.6747 599.606 599.5372 599.5013 599.4315 599.3618 599.3031 599.2761 599.2113 599.1406 599.0423 599.0153 598.958 598.9175 598.9037 598.9047 598.9172 598.899 598.8535 598.8053 598.7338 598.7067 598.6463 598.6225 598.6028 598.5858 598.4608 598.4338 598.388 598.375 598.3568 598.1975 598.1827 598.2653 598.3515 598.4008 598.018 597.9385 597.8317 597.747 597.6667 597.5862 597.5253 597.5065 597.5128 597.5347 597.5547 597.5155 597.4125 597.2632 597.1625
600.1177 600.0687 600.0417 600.0146 599.9941 599.9454 599.8767 599.8079 599.7757 599.733 599.6854 599.617 599.5504 599.5078 599.439 599.3702 599.3243 599.2675 599.2405 598.9358 598.8385 598.833 598.6098 598.583 598.566 598.4573 598.3198 598.265 598.3113 598.4045 598.459 598.4075 598.2595 598.0905 597.9395 597.8525 597.8445 597.8702 597.8806 597.689 597.626 597.5472 597.4813 597.4952 597.5755 597.6827 597.792 597.7975 597.849 597.8083 597.679 597.5805 597.5243 597.4772 597.4325 597.3903 597.3602 597.3405 597.329 597.316 597.2313 597.0908 596.931 596.8393
599.9283 599.8895 599.8625 599.8355 599.8099 599.7784 599.7097 599.6409 599.5983 599.566 599.5183 599.45 599.4023 599.298 599.2822 599.2153 599.114 598.9512 598.6318 598.4332 598.3137 598.3123 598.4067 598.3805 598.3685 598.2468 598.0915 598.0125 598.0487 598.0502 598.0922 598.0385 597.8825 597.707 597.5675 597.5125 597.5495 597.6257 597.6515 597.6235 597.545 597.4307 597.3275 597.3005 597.3645 597.4432 597.5655 597.6332 597.6072 597.533 597.4067 597.2963 597.2452 597.212 597.1793 597.065 597.0258 597.0065 596.9814 596.983 596.9427 596.8043 596.6664 596.618
599.7444 599.7103 599.6833 599.6563 599.6293 599.6113 599.5635 599.5365 599.4903 599.4615 599.358 599.0265 598.9905 598.9018 598.9425 598.8323 598.8265 598.7222 598.4772 598.2928 598.1758 598.1735 598.2233 598.234 598.2222 598.1005 597.946 597.868 597.8358 597.9257 597.9572 597.9037 597.7488 597.5905 597.477 597.4528 597.527 597.6177 597.6575 597.631 597.5438 597.4041 597.2532 597.1957 597.2272 597.2785 597.3532 597.4272 597.416 597.3043 597.148 596.946 596.9093 596.8763 596.8403 596.8145 596.7657 596.7325 596.6988 596.6818 596.603 596.4908 596.4003 596.387
599.4525 599.362 599.2578 599.1563 599.1075 599.1505 598.9922 599.0725 599.141 599.1455 599.0718 599.0135 598.8918 598.87 598.8802 598.7513 598.704 598.539 598.3853 598.1645 598.0643 598.0522 598.0485 598.0778 598.0635 597.9573 597.804 597.755 597.7615 597.8412 597.8983 597.8492 597.7015 597.5503 597.4438 597.429 597.501 597.6017 597.6498 597.641 597.5645 597.422 597.2055 597.0695 597.063 597.1238 597.2098 597.2548 597.2233 597.0933 596.9385 596.8038 596.7175 596.686 596.6362 596.5668 596.5018 596.4423 596.397 596.3608 596.294 596.221 596.1768 596.2162
599.112 598.969 598.9427 598.9055 598.8628 598.8662 598.8063 598.8452 598.9257 599.0018 599.003 598.9437 598.918 598.888 598.7775 598.6455 598.497 598.323 598.1683 598.0595 597.9922 597.8992 597.9165 597.9128 597.8855 597.822 597.7222 597.6732 597.7435 597.8405 597.8807 597.829 597.7135 597.5742 597.4578 597.4053 597.4407 597.5162 597.5755 597.518 597.5085 597.4175 597.27 597.1227 597.0446 597.042 597.0588 597.0612 597.0253 596.8773 596.796 596.7265 596.6843 596.6478 596.5625 596.4423 596.306 596.1978 596.1365 596.0975 596.0433 595.9938 595.998 596.0768
598.711 598.7847 598.8207 598.8385 598.7947 598.7075 598.619 598.595 598.6655 598.773 598.824 598.841 598.8278 598.747 598.6385 598.4098 598.2395 598.0265 597.974 597.973 597.9512 597.874 597.7945 597.751 597.7172 597.7087 597.6705 597.6945 597.7722 597.827 597.8328 597.778 597.6877 597.5762 597.4458 597.3108 597.286 597.3253 597.3905 597.4525 597.4352 597.4393 597.3423 597.1967 597.0505 596.9545 596.8602 596.7988 596.7705 596.767 596.764 596.7615 596.731 596.6772 596.565 596.3898 596.218 596.08 596.0055 595.9667 595.9146 595.8708 595.8825 595.969
598.5958 598.6663 598.7607 598.7965 598.7358 598.5762 598.421 598.3555 598.367 598.443 598.536 598.59 598.5835 598.522 598.3 598.118 597.959 597.8207 597.8345 597.889 597.9152 597.825 597.6995 597.6085 597.5643 597.576 597.627 597.6932 597.7593 597.7723 597.7213 597.6503 597.5875 597.4987 597.3513 597.1993 597.0505 597.0645 597.139 597.2328 597.343 597.4165 597.3942 597.2512 597.0262 596.8733 596.7407 596.64 596.6135 596.6555 596.731 596.7665 596.7495 596.6975 596.5915 596.4077 596.23 596.0978 596.0253 595.9847 595.9222 595.8555 595.8303 595.8903
598.5463 598.6428 598.7382 598.76 598.6818 598.4648 598.2895 598.1585 598.1202 598.153 598.2165 598.2875 598.283 598.1573 598.0135 597.8423 597.718 597.671 597.7213 597.8232 597.8735 597.7665 597.627 597.4922 597.4398 597.4957 597.552 597.6563 597.7015 597.6595 597.5603 597.46 597.4055 597.288 597.1455 596.9843 596.881 596.8843 596.9683 597.0833 597.227 597.3595 597.367 597.2477 597.017 596.8177 596.6477 596.518 596.4775 596.529 596.6265 596.671 596.6458 596.5942 596.5145 596.4135 596.3002 596.216 596.1605 596.1223 596.0485 595.9432 595.872 595.8763
598.6005 598.6512 598.7105 598.7028 598.5235 598.3732 598.1752 598.0195 597.9373 597.9412 597.9727 598.031 598.0227 597.9177 597.796 597.6583 597.579 597.5695 597.644 597.7542 597.7573 597.711 597.553 597.4128 597.3595 597.4042 597.4913 597.583 597.5905 597.5073 597.3645 597.2338 597.1602 597.104 596.9715 596.8307 596.7647 596.7983 596.8992 597.0208 597.1737 597.304 597.3168 597.1992 596.9803 596.7693 596.5878 596.4377 596.344 596.3682 596.4427 596.495 596.4815 596.444 596.4171 596.3845 596.3588 596.3181 596.2902 596.2513 596.1617 596.024 595.9012 595.868
