samples/sfe_209/sfe_209_c2/sfe_209_c2/sfe_209_c2.asc
ncols         267
nrows         135
xllcorner     98.199999999255
yllcorner     82.800000000745
cellsize      0.3
NODATA_value  -9999
[rows 0 to 27 of 135, columns 128 to 191 of 267]
600.9781 600.9515 600.9245 600.8975 600.8705 600.8438 600.8175 600.7905 600.7635 600.7365 600.7095 600.6829 600.6559 600.629 600.602 600.575 600.548 600.522 600.495 600.468 600.441 600.4144 600.3874 600.3604 600.3334 600.3064 600.2794 600.2524 600.2261 600.1994 600.1724 600.1454 600.1193 600.0923 600.0653 600.0383 600.0114 599.9843 599.9573 599.9313 599.9042 599.8782 599.8512 599.8242 599.7972 599.7702 599.7432 599.7162 599.6891 599.6627 599.6364 599.6096 599.5826 599.5556 599.5286 599.5024 599.4755 599.4484 599.4214 599.3944 599.3678 599.3418 599.3148 599.2878
600.9475 600.9215 600.8945 600.8675 600.8405 600.8137 600.7875 600.7605 600.7335 600.7065 600.6795 600.6534 600.6265 600.5995 600.5725 600.5455 600.5185 600.4924 600.4655 600.4385 600.4115 600.3855 600.3585 600.3315 600.3045 600.2775 600.2505 600.2235 600.1973 600.1705 600.1434 600.1165 600.0915 600.0645 600.0375 600.0105 599.9835 599.9565 599.9295 599.9034 599.8764 599.8514 599.8245 599.7974 599.7704 599.7434 599.7164 599.6894 599.6627 599.6364 599.6101 599.5833 599.5563 599.5293 599.5029 599.4772 599.4501 599.4232 599.3961 599.3691 599.343 599.317 599.2899 599.2629
600.917 600.8915 600.8645 600.8375 600.8105 600.7838 600.7575 600.7305 600.7035 600.6765 600.6495 600.624 600.597 600.5701 600.543 600.5161 600.489 600.463 600.436 600.4091 600.382 600.3566 600.3295 600.3026 600.2756 600.2486 600.2216 600.1946 600.1684 600.1415 600.1145 600.0875 600.0637 600.0367 600.0096 599.9827 599.9557 599.9287 599.9017 599.8755 599.8486 599.8246 599.7977 599.7707 599.7437 599.7167 599.6896 599.6627 599.6364 599.6101 599.5838 599.557 599.53 599.503 599.4776 599.4519 599.4249 599.3979 599.3708 599.3439 599.3182 599.2921 599.2651 599.2381
600.8865 600.8615 600.8345 600.8075 600.7805 600.7537 600.7275 600.7005 600.6735 600.6465 600.6195 600.5945 600.5676 600.5406 600.5136 600.4866 600.4596 600.4335 600.4066 600.3796 600.3526 600.3276 600.3006 600.2736 600.2466 600.2197 600.1926 600.1656 600.1395 600.1125 600.0855 600.0588 600.0358 600.0089 599.9818 599.9548 599.9279 599.9009 599.874 599.8477 599.8207 599.7978 599.7709 599.7439 599.7169 599.6899 599.6629 599.6359 599.6102 599.5839 599.5576 599.5307 599.5037 599.4767 599.4523 599.4266 599.3996 599.3726 599.3456 599.3186 599.2933 599.2673 599.2402 599.2133
600.8559 600.8315 600.8045 600.7775 600.7505 600.7238 600.6975 600.6705 600.6435 600.6165 600.5895 600.5651 600.5381 600.5111 600.4841 600.4571 600.4301 600.404 600.3771 600.3501 600.3231 600.2987 600.2717 600.2447 600.2177 600.1907 600.1638 600.1367 600.1105 600.0836 600.0566 600.031 600.008 599.981 599.954 599.927 599.9 599.873 599.8462 599.8199 599.7929 599.771 599.7441 599.7171 599.6901 599.6631 599.6361 599.6091 599.5839 599.5576 599.5313 599.5044 599.4774 599.4504 599.4271 599.4013 599.3743 599.3473 599.3203 599.2938 599.2685 599.2424 599.2154 599.1884
600.8254 600.8015 600.7745 600.7475 600.7205 600.6937 600.6675 600.6405 600.6135 600.5865 600.5595 600.5356 600.5087 600.4817 600.4547 600.4277 600.4006 600.3745 600.3477 600.3207 600.2936 600.2698 600.2428 600.2158 600.1888 600.1618 600.1348 600.1078 600.0816 600.0546 600.0276 600.0032 599.9802 599.9532 599.9262 599.8992 599.8722 599.8452 599.8185 599.792 599.765 599.7442 599.7173 599.6904 599.6633 599.6364 599.6093 599.5823 599.5576 599.5313 599.505 599.4781 599.4511 599.4241 599.4018 599.376 599.3491 599.322 599.295 599.2689 599.2437 599.2176 599.1906 599.1636
600.7949 600.7715 600.7445 600.7175 600.6905 600.6638 600.6375 600.6105 600.5835 600.5565 600.5295 600.5062 600.4792 600.4522 600.4252 600.3982 600.3712 600.345 600.3182 600.2912 600.2642 600.2408 600.2139 600.1868 600.1599 600.1329 600.1059 600.0789 600.0527 600.0257 599.9987 599.9753 599.9524 599.9254 599.8984 599.8713 599.8444 599.8174 599.7907 599.7642 599.738 599.7174 599.6906 599.6636 599.6366 599.6096 599.5826 599.5555 599.5314 599.5051 599.4788 599.4518 599.4248 599.3978 599.3765 599.3508 599.3238 599.2968 599.2698 599.2441 599.2189 599.1927 599.1657 599.1387
600.7643 600.7415 600.7145 600.6875 600.6605 600.6337 600.6075 600.5805 600.5535 600.5265 600.4995 600.4767 600.4498 600.4227 600.3958 600.3687 600.3417 600.3155 600.2888 600.2617 600.2347 600.212 600.1849 600.158 600.131 600.104 600.077 600.05 600.0237 599.9968 599.9697 599.9475 599.9246 599.8975 599.8705 599.8435 599.8166 599.7896 599.763 599.7363 599.7112 599.6906 599.6638 599.6368 599.6098 599.5828 599.5558 599.5288 599.5051 599.4788 599.4525 599.4255 599.3985 599.3716 599.3512 599.3255 599.2985 599.2715 599.2444 599.2193 599.1941 599.1679 599.1409 599.1139
600.7338 600.7115 600.6845 600.6575 600.6305 600.6038 600.5775 600.5505 600.5235 600.4965 600.4695 600.4473 600.4203 600.3933 600.3663 600.3393 600.3123 600.286 600.2593 600.2323 600.2056 600.183 600.156 600.129 600.1021 600.0751 600.048 600.0211 599.9948 599.9678 599.9408 599.9197 599.8967 599.8698 599.8427 599.8157 599.7888 599.7617 599.7352 599.7084 599.6844 599.6638 599.637 599.61 599.5831 599.556 599.5291 599.5021 599.4789 599.4525 599.4262 599.3992 599.3722 599.3453 599.3259 599.3002 599.2732 599.2462 599.2192 599.1945 599.1693 599.143 599.116 599.089
600.7032 600.6815 600.6545 600.6275 600.6005 600.5737 600.5475 600.5205 600.4935 600.4665 600.4395 600.4178 600.3908 600.3638 600.3368 600.3098 600.2828 600.2565 600.2298 600.2028 600.1766 600.1541 600.1271 600.1001 600.0731 600.0461 600.0192 599.9921 599.9658 599.9388 599.9119 599.8919 599.8689 599.8419 599.8149 599.7879 599.7609 599.7339 599.7075 599.6806 599.6576 599.637 599.6103 599.5833 599.5563 599.5293 599.5023 599.4758 599.4526 599.4263 599.4 599.3729 599.3459 599.32 599.3007 599.275 599.2479 599.2209 599.1939 599.1697 599.1444 599.1182 599.0912 599.0641
600.6727 600.6515 600.6245 600.5975 600.5705 600.5438 600.5175 600.4905 600.4635 600.4365 600.4095 600.3883 600.3614 600.3344 600.3074 600.2803 600.2534 600.2271 600.2004 600.1733 600.1477 600.1252 600.0982 600.0712 600.0442 600.0172 599.9902 599.9632 599.9369 599.9099 599.883 599.8641 599.8411 599.8141 599.787 599.7601 599.7331 599.7061 599.6797 599.6528 599.6308 599.6102 599.5835 599.5565 599.5295 599.5025 599.4755 599.4496 599.4263 599.4 599.3737 599.3466 599.3196 599.2947 599.2754 599.2496 599.2227 599.1956 599.1686 599.1448 599.1196 599.0933 599.0663 599.0393
600.6422 600.6215 600.5945 600.5675 600.5405 600.5137 600.4875 600.4605 600.4335 600.4065 600.3795 600.3589 600.3319 600.3049 600.2779 600.2509 600.2239 600.1976 600.1709 600.1439 600.1188 600.0963 600.0693 600.0422 600.0153 599.9883 599.9613 599.9343 599.908 599.8809 599.8552 599.8362 599.8132 599.7863 599.7592 599.7322 599.7053 599.6783 599.6519 599.6249 599.604 599.5834 599.5568 599.5297 599.5027 599.4757 599.4487 599.4233 599.4001 599.3737 599.3474 599.3204 599.2934 599.2694 599.2501 599.2244 599.1974 599.1703 599.1435 599.1201 599.0948 599.0685 599.0415 599.0145
600.6116 600.5915 600.5645 600.5375 600.5105 600.4838 600.4575 600.4305 600.4035 600.3765 600.3495 600.3294 600.3024 600.2755 600.2484 600.2214 600.1944 600.168 600.1414 600.1144 600.0898 600.0674 600.0403 600.0134 599.9864 599.9594 599.9324 599.9054 599.879 599.852 599.8274 599.8084 599.7855 599.7584 599.7314 599.7044 599.6774 599.6505 599.624 599.597 599.5772 599.5566 599.53 599.503 599.476 599.449 599.4219 599.397 599.3738 599.3475 599.321 599.2941 599.2671 599.2441 599.2249 599.1991 599.1721 599.1451 599.1187 599.0952 599.07 599.0436 599.0167 598.9896
600.5811 600.5615 600.5345 600.5075 600.4805 600.4537 600.4275 600.4005 600.3735 600.3465 600.3195 600.2999 600.2729 600.246 600.219 600.192 600.165 600.1385 600.112 600.085 600.0609 600.0385 600.0114 599.9844 599.9575 599.9305 599.9034 599.8765 599.85 599.8231 599.7996 599.7806 599.7576 599.7306 599.7036 599.6766 599.6496 599.6226 599.5962 599.5697 599.5504 599.5298 599.5032 599.4762 599.4492 599.4222 599.3952 599.3708 599.3475 599.3212 599.2948 599.2678 599.2408 599.2189 599.1995 599.1738 599.1468 599.1198 599.0939 599.0704 599.0452 599.0188 598.9918 598.9648
600.5505 600.5315 600.5045 600.4775 600.4505 600.4238 600.3975 600.3705 600.3435 600.3165 600.2895 600.2705 600.2435 600.2166 600.1895 600.1625 600.1355 600.1091 600.0825 600.0555 600.032 600.0095 599.9825 599.9555 599.9285 599.9016 599.8745 599.8475 599.8211 599.7941 599.7717 599.7527 599.7298 599.7028 599.6758 599.6487 599.6218 599.5948 599.5684 599.5429 599.5236 599.503 599.4764 599.4495 599.4224 599.3954 599.3684 599.3445 599.3213 599.2949 599.2685 599.2415 599.2145 599.1936 599.1743 599.1486 599.1215 599.0945 599.069 599.0456 599.0203 598.994 598.967 598.9399
600.52 600.5015 600.4745 600.4475 600.4205 600.3937 600.3675 600.3405 600.3135 600.2865 600.2595 600.241 600.2141 600.1871 600.16 600.1331 600.106 600.0796 600.053 600.0261 600.0031 599.9806 599.9536 599.9266 599.8996 599.8726 599.8456 599.8186 599.7922 599.7651 599.7439 599.725 599.702 599.675 599.6479 599.621 599.594 599.567 599.5405 599.5161 599.4968 599.4762 599.4496 599.4227 599.3957 599.3687 599.3417 599.3182 599.295 599.2687 599.2422 599.2152 599.1882 599.1683 599.149 599.1233 599.0963 599.0693 599.0442 599.0208 598.9955 598.9691 598.9421 598.9151
600.4894 600.4715 600.4445 600.4175 600.3905 600.3638 600.3375 600.3105 600.2835 600.2565 600.2295 600.2115 600.1846 600.1576 600.1306 600.1036 600.0766 600.0501 600.0236 599.9966 599.9742 599.9517 599.9247 599.8976 599.8707 599.8437 599.8167 599.7897 599.7632 599.7362 599.7161 599.6971 599.6741 599.6472 599.6201 599.5931 599.5662 599.5391 599.5126 599.4893 599.47 599.4494 599.4229 599.3959 599.3689 599.3419 599.3152 599.292 599.2687 599.2424 599.2159 599.1889 599.1624 599.143 599.1237 599.098 599.071 599.0439 599.0194 598.996 598.9707 598.9443 598.9172 598.8903
600.4589 600.4415 600.4145 600.3875 600.3605 600.3337 600.3075 600.2805 600.2535 600.2265 600.1995 600.1821 600.1552 600.1282 600.1011 600.0742 600.0471 600.0206 599.9941 599.9672 599.9453 599.9227 599.8958 599.8687 599.8417 599.8148 599.7878 599.7607 599.7343 599.7072 599.6882 599.6693 599.6463 599.6193 599.5923 599.5653 599.5383 599.5113 599.4847 599.4625 599.4432 599.4226 599.3961 599.3691 599.3421 599.3151 599.289 599.2657 599.2425 599.2161 599.1896 599.1626 599.1371 599.1177 599.0984 599.0727 599.0457 599.0187 598.9946 598.9711 598.9459 598.9194 598.8924 598.8662
600.4283 600.4115 600.3845 600.3575 600.3305 600.3038 600.2775 600.2505 600.2235 600.1965 600.1695 600.1526 600.1257 600.0987 600.0717 600.0447 600.0176 599.9911 599.9647 599.9377 599.9163 599.8939 599.8668 599.8398 599.8129 599.7858 599.7589 599.7319 599.7053 599.6794 599.6605 599.6415 599.6185 599.5915 599.5645 599.5375 599.5105 599.4835 599.4569 599.4357 599.4164 599.3958 599.3693 599.3423 599.3154 599.2883 599.2628 599.2395 599.2162 599.1899 599.1633 599.1363 599.1118 599.0925 599.0732 599.0474 599.0204 598.9934 598.9697 598.9463 598.9211 598.8946 598.8676 598.8426
600.3978 600.3815 600.3545 600.3275 600.3005 600.2737 600.2475 600.2205 600.1935 600.1665 600.1395 600.1232 600.0962 600.0692 600.0422 600.0152 599.9882 599.9616 599.9352 599.9082 599.8875 599.8649 599.8379 599.8109 599.7839 599.7569 599.7299 599.7029 599.6763 599.6516 599.6326 599.6136 599.5907 599.5637 599.5367 599.5096 599.4827 599.4557 599.4291 599.4089 599.3896 599.369 599.3426 599.3156 599.2886 599.2616 599.2365 599.2132 599.1899 599.1636 599.137 599.11 599.0865 599.0672 599.0479 599.0222 598.9951 598.9684 598.9449 598.9215 598.8962 598.8698 598.8427 598.819
600.3672 600.3515 600.3245 600.2975 600.2705 600.2438 600.2175 600.1905 600.1635 600.1365 600.1095 600.0938 600.0668 600.0398 600.0128 599.9858 599.9587 599.9321 599.9058 599.8788 599.8585 599.836 599.809 599.782 599.755 599.728 599.701 599.674 599.6474 599.6237 599.6048 599.5858 599.5629 599.5358 599.5089 599.4818 599.4548 599.4279 599.4014 599.3821 599.3628 599.3422 599.3158 599.2888 599.2618 599.2348 599.2102 599.187 599.1637 599.1373 599.1107 599.0837 599.0612 599.0419 599.0226 598.9969 598.9698 598.9435 598.9201 598.8967 598.8715 598.8449 598.8179 598.7953
600.3367 600.3215 600.2945 600.2675 600.2405 600.2137 600.1875 600.1605 600.1335 600.1065 600.0795 600.0643 600.0373 600.0103 599.9833 599.9563 599.9293 599.9026 599.8763 599.8493 599.8296 599.8071 599.7801 599.7531 599.7261 599.6991 599.6721 599.6451 599.6185 599.5959 599.577 599.558 599.535 599.508 599.481 599.454 599.427 599.4002 599.3746 599.3553 599.336 599.3154 599.2891 599.262 599.235 599.2081 599.184 599.1607 599.1375 599.1111 599.0844 599.0574 599.0359 599.0167 598.9973 598.9716 598.9446 598.9188 598.8953 598.8718 598.8466 598.82 598.793 598.7717
600.3062 600.2915 600.2645 600.2375 600.2105 600.1837 600.1575 600.1305 600.1035 600.0765 600.0495 600.0348 600.0078 599.9808 599.9539 599.9268 599.8998 599.8732 599.8469 599.8198 599.8007 599.7781 599.7512 599.7241 599.6971 599.6702 599.6432 599.6161 599.5895 599.5681 599.5491 599.5302 599.5072 599.4802 599.4532 599.4262 599.3992 599.3724 599.3478 599.3286 599.3092 599.2886 599.2623 599.2353 599.2083 599.1813 599.1577 599.1344 599.1111 599.0848 599.0582 599.0311 599.0107 598.9913 598.972 598.9463 598.9193 598.8939 598.8705 598.847 598.8218 598.7952 598.7682 598.7481
600.2756 600.2615 600.2345 600.2075 600.1805 600.1537 600.1275 600.1005 600.0735 600.0465 600.0195 600.0054 599.9783 599.9514 599.9244 599.8974 599.8704 599.8436 599.8174 599.7904 599.7717 599.7493 599.7222 599.6953 599.6682 599.6412 599.6143 599.5873 599.5605 599.5403 599.5213 599.5024 599.4794 599.4524 599.4254 599.3984 599.3714 599.3447 599.321 599.3018 599.2824 599.2618 599.2355 599.2085 599.1815 599.1547 599.1314 599.1082 599.0849 599.0585 599.0319 599.0049 598.9854 598.9661 598.9468 598.921 598.894 598.8691 598.8456 598.8222 598.797 598.7703 598.7433 598.7245
600.2451 600.2315 600.2045 600.1775 600.1505 600.1237 600.0975 600.0705 600.0435 600.0165 599.9895 599.9759 599.9489 599.9219 599.8949 599.8679 599.8409 599.8141 599.7879 599.7609 599.7428 599.7203 599.6933 599.6663 599.6393 599.6123 599.5853 599.5583 599.5316 599.5125 599.4935 599.4745 599.4515 599.4246 599.3975 599.3705 599.3436 599.3168 599.2943 599.2749 599.2556 599.235 599.2087 599.1817 599.1547 599.1284 599.1052 599.0819 599.0587 599.0323 599.0056 598.9794 598.9601 598.9408 598.9215 598.8958 598.8688 598.8443 598.8209 598.7974 598.7722 598.7455 598.7195 598.7009
600.2146 600.2015 600.1745 600.1475 600.1205 600.0938 600.0675 600.0405 600.0135 599.9865 599.9595 599.9464 599.9194 599.8925 599.8655 599.8384 599.8115 599.7847 599.7585 599.7314 599.7139 599.6914 599.6644 599.6374 599.6104 599.5834 599.5564 599.5294 599.5036 599.4846 599.4657 599.4467 599.4238 599.3967 599.3698 599.3427 599.3157 599.2889 599.2675 599.2481 599.2288 599.2083 599.1819 599.155 599.128 599.1021 599.0789 599.0556 599.0323 599.006 598.9792 598.9542 598.9348 598.9155 598.8962 598.8705 598.8434 598.8195 598.796 598.7726 598.7474 598.7206 598.6959 598.6772
600.184 600.1715 600.1445 600.1175 600.0905 600.0637 600.0375 600.0105 599.9835 599.9565 599.9295 599.917 599.89 599.863 599.836 599.809 599.782 599.7552 599.729 599.702 599.685 599.6625 599.6355 599.6085 599.5815 599.5545 599.5275 599.5005 599.4758 599.4568 599.4379 599.4189 599.3959 599.3689 599.3419 599.3149 599.2879 599.2611 599.2407 599.2213 599.202 599.1815 599.1552 599.1282 599.1012 599.0759 599.0526 599.0294 599.0061 598.9797 598.9529 598.9289 598.9095 598.8903 598.8709 598.8452 598.8182 598.7947 598.7712 598.7477 598.7225 598.6958 598.6722 598.6536
600.1535 600.1415 600.1145 600.0875 600.0605 600.0338 600.0075 599.9805 599.9535 599.9265 599.8995 599.8875 599.8605 599.8336 599.8065 599.7795 599.7525 599.7258 599.6995 599.6725 599.6561 599.6335 599.6066 599.5795 599.5526 599.5256 599.4986 599.4717 599.4479 599.429 599.41 599.3911 599.3681 599.3411 599.3141 599.287 599.2601 599.2333 599.2139 599.1945 599.1752 599.1547 599.1284 599.1014 599.0745 599.0496 599.0264 599.0031 598.9799 598.9535 598.9267 598.9036 598.8843 598.865 598.8456 598.8199 598.7933 598.7698 598.7464 598.723 598.6977 598.671 598.6486 598.63
