samples/sfe_221/sfe_221_v1/sfe_221_v1/sfe_221_v1.asc
ncols         392
nrows         245
xllcorner     90
yllcorner     51
cellsize      0.4
NODATA_value  -9999
[rows 0 to 27 of 245, columns 0 to 63 of 392]
-9999 -9999 -9999 -9999 -9999 -9999 -9999 -9999 -9999 -9999 -9999 -9999 -9999 -9999 -9999 -9999 -9999 -9999 -9999 -9999 -9999 -9999 -9999 -9999 -9999 605.3242 605.3171 605.3101 605.3032 605.2957 605.2887 605.2817 605.2747 605.2684 605.2614 605.2534 605.2463 605.2394 605.2327 605.2257 605.2187 605.2117 605.2045 605.1975 605.1906 605.1836 605.1766 605.1698 605.1628 605.1547 605.1477 605.1414 605.1343 605.1274 605.1204 605.1134 605.1064 605.0994 605.0919 605.0849 605.0785 605.0709 605.0639 605.0569
-9999 -9999 -9999 -9999 -9999 -9999 -9999 -9999 -9999 -9999 -9999 -9999 -9999 -9999 -9999 -9999 -9999 -9999 -9999 -9999 -9999 -9999 -9999 -9999 -9999 605.3028 605.2953 605.2884 605.2814 605.2729 605.2659 605.2589 605.252 605.245 605.238 605.2299 605.2213 605.2142 605.2081 605.2012 605.1941 605.1871 605.1776 605.1707 605.1636 605.1567 605.1497 605.1435 605.1365 605.1272 605.119 605.112 605.105 605.0981 605.0911 605.0842 605.0773 605.0702 605.0618 605.0548 605.0475 605.0386 605.0317 605.0247
-9999 -9999 -9999 -9999 -9999 -9999 -9999 -9999 -9999 -9999 -9999 -9999 -9999 -9999 -9999 -9999 -9999 -9999 -9999 -9999 -9999 -9999 -9999 -9999 605.3099 605.2867 605.2743 605.2672 605.2602 605.25 605.2425 605.2355 605.2286 605.2217 605.2153 605.2082 605.1968 605.1897 605.1829 605.1759 605.1689 605.162 605.1506 605.1445 605.1374 605.1304 605.1233 605.1169 605.1099 605.1023 605.0897 605.0827 605.0763 605.0693 605.0622 605.0551 605.0479 605.041 605.0314 605.0244 605.0175 605.0069 604.9998 604.9927
-9999 -9999 -9999 -9999 -9999 -9999 -9999 -9999 -9999 -9999 -9999 -9999 -9999 -9999 -9999 -9999 -9999 -9999 -9999 -9999 -9999 -9999 -9999 -9999 605.2938 605.2707 605.2528 605.2458 605.2389 605.232 605.2198 605.2128 605.2057 605.1987 605.1924 605.1854 605.1714 605.1646 605.1577 605.1511 605.144 605.137 605.1293 605.1177 605.1108 605.1038 605.097 605.09 605.0831 605.0753 605.0609 605.0538 605.0474 605.0405 605.0335 605.0264 605.0183 605.0114 605.0008 604.9938 604.9869 604.9768 604.9681 604.961
-9999 -9999 -9999 -9999 -9999 -9999 -9999 -9999 -9999 -9999 -9999 -9999 -9999 -9999 -9999 -9999 -9999 -9999 -9999 -9999 -9999 -9999 -9999 -9999 605.2776 605.2546 605.2324 605.2241 605.2172 605.2103 605.1967 605.1898 605.1828 605.1759 605.169 605.1621 605.1518 605.1398 605.1327 605.1264 605.1194 605.1123 605.1052 605.0908 605.084 605.077 605.0701 605.0632 605.0565 605.0494 605.0356 605.025 605.0181 605.0112 605.0043 604.9974 604.9904 604.9818 604.9736 604.9635 604.9564 604.9486 604.9359 604.929
-9999 -9999 -9999 -9999 -9999 -9999 -9999 -9999 -9999 -9999 -9999 -9999 -9999 -9999 -9999 -9999 -9999 -9999 -9999 -9999 -9999 -9999 -9999 -9999 605.2615 605.2385 605.2166 605.2031 605.1959 605.1888 605.177 605.1667 605.1595 605.1526 605.1457 605.1391 605.132 605.1149 605.108 605.1011 605.0942 605.0873 605.0805 605.0659 605.0579 605.0507 605.0436 605.0364 605.0302 605.0231 605.0122 604.9957 604.9887 604.9823 604.9752 604.9681 604.9613 604.9526 604.9455 604.9334 604.9263 604.9177 604.9039 604.8968
-9999 -9999 -9999 -9999 -9999 -9999 -9999 -9999 -9999 -9999 -9999 -9999 -9999 -9999 -9999 -9999 -9999 -9999 -9999 -9999 -9999 -9999 -9999 605.2704 605.2453 605.2224 605.2003 605.1815 605.1746 605.1677 605.1592 605.1438 605.137 605.1298 605.1227 605.1163 605.1093 605.0928 605.0829 605.0759 605.0695 605.0623 605.0553 605.0451 605.0309 605.024 605.0172 605.0102 605.0035 604.9966 604.988 604.9675 604.96 604.9534 604.9464 604.9393 604.9321 604.9234 604.9163 604.9028 604.8959 604.8882 604.8733 604.8651
-9999 -9999 -9999 -9999 -9999 -9999 -9999 -9999 -9999 -9999 -9999 -9999 -9999 -9999 -9999 -9999 -9999 -9999 -9999 -9999 -9999 -9999 -9999 605.2538 605.2291 605.2064 605.1843 605.162 605.1529 605.1459 605.1391 605.1219 605.1135 605.1067 605.0999 605.093 605.0862 605.0737 605.0583 605.0512 605.0446 605.0377 605.0306 605.0234 605.004 604.9974 604.9903 604.9835 604.9766 604.9698 604.961 604.9441 604.9309 604.9241 604.9172 604.9105 604.9034 604.8937 604.887 604.874 604.8653 604.8585 604.8461 604.8331
-9999 -9999 -9999 -9999 -9999 -9999 -9999 -9999 -9999 -9999 -9999 -9999 -9999 -9999 -9999 -9999 -9999 -9999 -9999 -9999 -9999 -9999 -9999 605.238 605.2129 605.1904 605.1683 605.1461 605.1318 605.1246 605.1175 605.1041 605.0908 605.0837 605.0765 605.0697 605.063 605.0546 605.0337 605.0262 605.0193 605.0125 605.0057 604.9988 604.9817 604.971 604.964 604.9568 604.9498 604.9432 604.9352 604.9207 604.9019 604.8947 604.8882 604.8812 604.8744 604.8659 604.8574 604.8467 604.8351 604.8279 604.8187 604.801
-9999 -9999 -9999 -9999 -9999 -9999 -9999 -9999 -9999 -9999 -9999 -9999 -9999 -9999 -9999 -9999 -9999 -9999 -9999 -9999 -9999 -9999 -9999 605.2217 605.1967 605.1743 605.152 605.1302 605.1102 605.1033 605.0963 605.0863 605.0676 605.0608 605.0538 605.0466 605.0403 605.0331 605.0146 605.0014 604.9942 604.9878 604.9805 604.9738 604.9608 604.944 604.9373 604.9305 604.9233 604.9169 604.9097 604.8972 604.876 604.8661 604.8594 604.8524 604.8452 604.8384 604.828 604.8195 604.8047 604.7977 604.7877 604.7697
-9999 -9999 -9999 -9999 -9999 -9999 -9999 -9999 -9999 -9999 -9999 -9999 -9999 -9999 -9999 -9999 -9999 -9999 -9999 -9999 -9999 -9999 605.2314 605.2055 605.1805 605.1583 605.136 605.1138 605.0917 605.0816 605.0747 605.068 605.0489 605.0377 605.0306 605.0238 605.017 605.0102 604.9955 604.9764 604.9696 604.9629 604.956 604.9488 604.9399 604.9183 604.9108 604.9036 604.8969 604.8901 604.8833 604.8737 604.8525 604.8369 604.8301 604.8234 604.8164 604.8092 604.7988 604.7916 604.7744 604.7674 604.7583 604.7425
-9999 -9999 -9999 -9999 -9999 -9999 -9999 -9999 -9999 -9999 -9999 -9999 -9999 -9999 -9999 -9999 -9999 -9999 -9999 -9999 -9999 -9999 605.2143 605.1892 605.1642 605.1423 605.12 605.0978 605.0756 605.0605 605.0533 605.0463 605.0311 605.0147 605.0078 605.0006 604.9937 604.9869 604.9764 604.9556 604.9445 604.9376 604.9308 604.9241 604.9169 604.8975 604.8842 604.8773 604.8701 604.8633 604.8565 604.8467 604.8291 604.8081 604.8008 604.7943 604.7874 604.7803 604.7692 604.7624 604.7471 604.7368 604.73 604.7153
-9999 -9999 -9999 -9999 -9999 -9999 -9999 -9999 -9999 -9999 -9999 -9999 -9999 -9999 -9999 -9999 -9999 -9999 -9999 -9999 -9999 -9999 605.1977 605.173 605.148 605.1263 605.1041 605.0818 605.0598 605.0388 605.032 605.025 605.0134 604.9938 604.9846 604.9778 604.9706 604.9642 604.9569 604.9365 604.9198 604.9127 604.9061 604.8989 604.8922 604.8766 604.8572 604.8505 604.8438 604.8365 604.8299 604.8209 604.8056 604.7844 604.7722 604.7654 604.7582 604.7514 604.7413 604.7329 604.7199 604.7067 604.6995 604.688
-9999 -9999 -9999 -9999 -9999 -9999 -9999 -9999 -9999 -9999 -9999 -9999 -9999 -9999 -9999 -9999 -9999 -9999 -9999 -9999 -9999 -9999 605.1821 605.1568 605.1319 605.1102 605.088 605.0659 605.0438 605.0213 605.0104 605.0035 604.9956 604.976 604.9618 604.9545 604.9477 604.941 604.9342 604.9174 604.8965 604.8878 604.8811 604.8743 604.867 604.8557 604.834 604.8242 604.8169 604.8102 604.8035 604.7963 604.7822 604.761 604.7429 604.7361 604.7295 604.7222 604.7153 604.7034 604.6927 604.6761 604.6691 604.6578
-9999 -9999 -9999 -9999 -9999 -9999 -9999 -9999 -9999 -9999 -9999 -9999 -9999 -9999 -9999 -9999 -9999 -9999 -9999 -9999 -9999 605.1925 605.1659 605.1407 605.1158 605.0941 605.072 605.05 605.0273 605.0052 604.9893 604.982 604.9751 604.9582 604.9386 604.9318 604.9246 604.9177 604.9109 604.8983 604.8774 604.863 604.8558 604.8492 604.8424 604.8348 604.8132 604.7974 604.7906 604.7834 604.7767 604.7699 604.7587 604.7375 604.7163 604.707 604.7002 604.6935 604.6863 604.6742 604.6655 604.6475 604.6389 604.6284
-9999 -9999 -9999 -9999 -9999 -9999 -9999 -9999 -9999 -9999 -9999 -9999 -9999 -9999 -9999 -9999 -9999 -9999 -9999 -9999 -9999 605.1747 605.1497 605.1246 605.0997 605.0778 605.0559 605.0334 605.0112 604.9894 604.9676 604.9608 604.9536 604.9404 604.9208 604.9086 604.9017 604.8947 604.8881 604.8792 604.8583 604.8379 604.8312 604.8245 604.8173 604.8105 604.7924 604.7707 604.7637 604.757 604.7499 604.7432 604.7324 604.7141 604.6929 604.6781 604.6715 604.6643 604.6573 604.6447 604.6376 604.6203 604.6083 604.6004
-9999 -9999 -9999 -9999 -9999 -9999 -9999 -9999 -9999 -9999 -9999 -9999 -9999 -9999 -9999 -9999 -9999 -9999 -9999 -9999 -9999 605.1581 605.1334 605.1084 605.0835 605.0615 605.0393 605.0172 604.9954 604.9736 604.9509 604.9391 604.9323 604.9227 604.903 604.8857 604.8787 604.8716 604.865 604.858 604.8392 604.8184 604.806 604.7994 604.7926 604.7855 604.7715 604.7498 604.7375 604.7302 604.7233 604.7166 604.7066 604.6906 604.6694 604.6492 604.6422 604.6354 604.6284 604.6168 604.6085 604.5931 604.5782 604.571
-9999 -9999 -9999 -9999 -9999 -9999 -9999 -9999 -9999 -9999 -9999 -9999 -9999 -9999 -9999 -9999 -9999 -9999 -9999 -9999 -9999 605.1415 605.1171 605.0923 605.0674 605.0453 605.0232 605.0013 604.9792 604.9574 604.9348 604.918 604.9107 604.9039 604.8853 604.8657 604.8556 604.8487 604.8417 604.835 604.8202 604.7993 604.7813 604.7742 604.7675 604.7606 604.7506 604.7289 604.7105 604.7039 604.6968 604.6902 604.6821 604.6672 604.6459 604.6248 604.6131 604.6063 604.5993 604.5907 604.5789 604.5659 604.5479 604.5406
-9999 -9999 -9999 -9999 -9999 -9999 -9999 -9999 -9999 -9999 -9999 -9999 -9999 -9999 -9999 -9999 -9999 -9999 -9999 -9999 605.1536 605.1259 605.1009 605.0761 605.0513 605.0292 605.0071 604.9853 604.9635 604.9409 604.9189 604.8972 604.8895 604.8823 604.8675 604.8478 604.8328 604.8256 604.8187 604.8119 604.8011 604.7802 604.7593 604.7495 604.7429 604.7357 604.7286 604.7081 604.6865 604.6771 604.6702 604.6633 604.6565 604.6437 604.6225 604.6013 604.584 604.5775 604.5705 604.5634 604.5496 604.5386 604.5207 604.5104
-9999 -9999 -9999 -9999 -9999 -9999 -9999 -9999 -9999 -9999 -9999 -9999 -9999 -9999 -9999 -9999 -9999 -9999 -9999 -9999 605.1353 605.11 605.0846 605.0599 605.0352 605.0131 604.9911 604.9694 604.9474 604.9247 604.903 604.8806 604.8679 604.8611 604.8497 604.8301 604.8105 604.8028 604.7956 604.789 604.7818 604.7611 604.7403 604.7246 604.7176 604.7109 604.7039 604.6873 604.6656 604.6506 604.6436 604.6365 604.6299 604.6181 604.5991 604.5778 604.5566 604.5482 604.5413 604.5343 604.5202 604.5114 604.4935 604.4799
-9999 -9999 -9999 -9999 -9999 -9999 -9999 -9999 -9999 -9999 -9999 -9999 -9999 -9999 -9999 -9999 -9999 -9999 -9999 -9999 605.1187 605.0938 605.0684 605.0437 605.0192 604.9971 604.9752 604.9534 604.9316 604.9089 604.8872 604.8644 604.8466 604.8394 604.832 604.8123 604.7927 604.7795 604.7728 604.7657 604.7591 604.7421 604.7212 604.7003 604.6926 604.6858 604.6788 604.6664 604.6447 604.6237 604.6172 604.6102 604.6032 604.5923 604.5756 604.5544 604.5332 604.5192 604.5124 604.5054 604.4923 604.4837 604.4662 604.4495
-9999 -9999 -9999 -9999 -9999 -9999 -9999 -9999 -9999 -9999 -9999 -9999 -9999 -9999 -9999 -9999 -9999 -9999 -9999 -9999 605.102 605.0775 605.0522 605.0275 605.0032 604.981 604.9591 604.9374 604.9149 604.8928 604.871 604.8484 604.8268 604.8182 604.811 604.7946 604.7749 604.7566 604.7495 604.7427 604.7358 604.723 604.7021 604.6812 604.6676 604.6611 604.654 604.6455 604.6238 604.6022 604.5905 604.5834 604.5768 604.5678 604.5522 604.5309 604.5098 604.4902 604.4835 604.4764 604.4662 604.4545 604.439 604.4211
-9999 -9999 -9999 -9999 -9999 -9999 -9999 -9999 -9999 -9999 -9999 -9999 -9999 -9999 -9999 -9999 -9999 -9999 -9999 605.1148 605.0854 605.0613 605.036 605.0113 604.9872 604.9649 604.9431 604.9213 604.8985 604.8768 604.8545 604.8326 604.8102 604.7966 604.7898 604.7768 604.7571 604.7375 604.7266 604.7195 604.713 604.7039 604.683 604.6621 604.6428 604.6358 604.6292 604.6222 604.603 604.5813 604.5638 604.5569 604.5499 604.543 604.5287 604.5075 604.4863 604.4651 604.4542 604.4474 604.4401 604.4249 604.4118 604.3939
-9999 -9999 -9999 -9999 -9999 -9999 -9999 -9999 -9999 -9999 -9999 -9999 -9999 -9999 -9999 -9999 -9999 -9999 -9999 605.0958 605.0695 605.045 605.0199 604.9951 604.9712 604.9489 604.9271 604.9052 604.8825 604.861 604.8382 604.8168 604.794 604.7753 604.7681 604.759 604.7394 604.7197 604.7037 604.6967 604.6897 604.6829 604.6639 604.6431 604.6222 604.611 604.6041 604.5971 604.5822 604.5605 604.5388 604.5304 604.5234 604.5167 604.5038 604.4841 604.4628 604.4417 604.4253 604.4185 604.4113 604.3957 604.3846 604.3666
-9999 -9999 -9999 -9999 -9999 -9999 -9999 -9999 -9999 -9999 -9999 -9999 -9999 -9999 -9999 -9999 -9999 -9999 -9999 605.0791 605.0542 605.0287 605.0038 604.9788 604.9552 604.9328 604.9111 604.8893 604.8666 604.845 604.8223 604.8009 604.7779 604.7565 604.7469 604.7399 604.7216 604.702 604.6824 604.6736 604.6666 604.6599 604.6448 604.624 604.6031 604.5862 604.5793 604.5724 604.5613 604.5396 604.5179 604.5038 604.4966 604.4899 604.478 604.4606 604.4394 604.4182 604.397 604.3895 604.3824 604.3678 604.3574 604.3394
-9999 -9999 -9999 -9999 -9999 -9999 -9999 -9999 -9999 -9999 -9999 -9999 -9999 -9999 -9999 -9999 -9999 -9999 -9999 605.0625 605.038 605.0125 604.9876 604.9626 604.9391 604.9167 604.8951 604.8734 604.8506 604.829 604.8065 604.7845 604.7623 604.7398 604.7253 604.7184 604.7039 604.6842 604.6646 604.6505 604.6435 604.637 604.6257 604.6049 604.584 604.5632 604.5541 604.5474 604.5403 604.5187 604.4971 604.477 604.4702 604.4634 604.4536 604.4371 604.416 604.3947 604.3735 604.3602 604.3535 604.3417 604.3298 604.3122
-9999 -9999 -9999 -9999 -9999 -9999 -9999 -9999 -9999 -9999 -9999 -9999 -9999 -9999 -9999 -9999 -9999 -9999 605.0759 605.0459 605.0217 604.9963 604.9715 604.9464 604.9232 604.9006 604.8791 604.8568 604.8345 604.8133 604.7903 604.7681 604.7462 604.7236 604.704 604.697 604.686 604.6664 604.6468 604.6275 604.6206 604.6136 604.6066 604.5858 604.5649 604.5441 604.5292 604.5225 604.5156 604.4979 604.4762 604.4546 604.4437 604.4365 604.429 604.4137 604.3925 604.3713 604.3501 604.3312 604.3245 604.3156 604.3005 604.285
-9999 -9999 -9999 -9999 -9999 -9999 -9999 -9999 -9999 -9999 -9999 -9999 -9999 -9999 -9999 -9999 -9999 -9999 605.057 605.0292 605.0054 604.98 604.9553 604.9302 604.9071 604.8846 604.863 604.8402 604.8187 604.7964 604.7743 604.7517 604.7306 604.7075 604.6861 604.6757 604.6683 604.6487 604.629 604.6094 604.5977 604.5906 604.5839 604.5667 604.5458 604.525 604.5043 604.4976 604.4907 604.477 604.4554 604.4337 604.4171 604.41 604.4033 604.3895 604.369 604.3478 604.3266 604.3054 604.2955 604.2885 604.2711 604.2578
