samples/sfe_221/sfe_221_v1/sfe_221_v1/sfe_221_v1.asc
ncols         392
nrows         245
xllcorner     90
yllcorner     51
cellsize      0.4
NODATA_value  -9999
[rows 28 to 55 of 245, columns 320 to 383 of 392]
602.9753 602.9682 602.9616 602.9544 602.9477 602.9409 602.934 602.9268 602.92 602.9133 602.9063 602.8992 602.8925 602.8857 602.8786 602.8721 602.8649 602.8582 602.8514 602.8444 602.8373 602.8306 602.8238 602.8167 602.8096 602.8029 602.7962 602.789 602.7825 602.7753 602.7686 602.7619 602.7548 602.7477 602.741 602.7343 602.7271 602.7201 602.7134 602.7067 602.5152 602.2778 602.0404 601.803 601.6564 601.6346 601.6837 601.9078 601.848 602.1921 602.498 -9999 -9999 -9999 -9999 -9999 -9999 -9999 -9999 -9999 -9999 -9999 -9999 -9999
602.9636 602.9568 602.9501 602.9431 602.936 602.9293 602.9225 602.9154 602.9084 602.9017 602.895 602.8877 602.8811 602.8741 602.8672 602.8607 602.8533 602.8466 602.8399 602.8329 602.8257 602.819 602.8123 602.8052 602.7982 602.7915 602.7847 602.7775 602.7709 602.7639 602.757 602.7504 602.7432 602.7364 602.7297 602.7227 602.7155 602.7088 602.7021 602.686 602.4487 602.2113 601.9739 601.7365 601.6061 601.585 601.6381 601.8708 601.7973 602.132 602.438 602.744 -9999 -9999 -9999 -9999 -9999 -9999 -9999 -9999 -9999 -9999 -9999 -9999
602.9524 602.9451 602.9384 602.9316 602.9246 602.9175 602.9109 602.9042 602.8968 602.8903 602.8834 602.8763 602.8698 602.8625 602.8558 602.8491 602.8419 602.835 602.8284 602.8215 602.8143 602.8076 602.8008 602.7936 602.7867 602.78 602.7731 602.7659 602.7593 602.7525 602.7454 602.7388 602.7318 602.7249 602.7183 602.711 602.7042 602.6975 602.6905 602.6196 602.3822 602.1448 601.9074 601.67 601.5558 601.5353 601.5923 601.8337 601.7515 602.072 602.3779 602.6839 -9999 -9999 -9999 -9999 -9999 -9999 -9999 -9999 -9999 -9999 -9999 -9999
602.9407 602.934 602.9266 602.92 602.9133 602.9061 602.8995 602.8925 602.8856 602.8789 602.8718 602.865 602.8583 602.8511 602.8443 602.8376 602.8306 602.8235 602.8168 602.81 602.8028 602.7961 602.7894 602.7822 602.7753 602.7686 602.7616 602.7545 602.7479 602.741 602.7338 602.7271 602.7204 602.7132 602.7065 602.6996 602.6926 602.686 602.6789 602.553 602.3157 602.0783 601.8409 601.6035 601.5056 601.4857 601.5467 601.7965 601.6912 602.0118 602.3179 602.6238 -9999 -9999 -9999 -9999 -9999 -9999 -9999 -9999 -9999 -9999 -9999 -9999
602.9294 602.9223 602.9155 602.9088 602.9016 602.8948 602.8882 602.8809 602.8741 602.8675 602.8603 602.8535 602.8467 602.8397 602.8327 602.826 602.8192 602.812 602.8053 602.7985 602.7913 602.7846 602.7779 602.7706 602.7639 602.7571 602.7501 602.7431 602.7365 602.7294 602.7224 602.7157 602.7088 602.7017 602.695 602.6883 602.6809 602.6743 602.6676 602.4866 602.2492 602.0118 601.7744 601.537 601.4553 601.436 601.501 601.7585 601.6309 601.9518 602.2578 602.5638 -9999 -9999 -9999 -9999 -9999 -9999 -9999 -9999 -9999 -9999 -9999 -9999
602.9179 602.9109 602.9039 602.8972 602.8903 602.8832 602.8765 602.8696 602.8625 602.8558 602.849 602.8418 602.8351 602.8284 602.8211 602.8145 602.8077 602.8004 602.7938 602.7871 602.7798 602.7731 602.7664 602.7591 602.7524 602.7457 602.7385 602.7317 602.725 602.7178 602.711 602.7043 602.6971 602.6903 602.6837 602.6765 602.6696 602.663 602.6575 602.42 602.1827 601.9453 601.7079 601.4705 601.405 601.3864 601.4553 601.7205 601.5799 601.8917 602.1977 602.5037 -9999 -9999 -9999 -9999 -9999 -9999 -9999 -9999 -9999 -9999 -9999 -9999
602.9061 602.8995 602.8924 602.8855 602.8788 602.8717 602.8648 602.8582 602.851 602.8442 602.8375 602.8303 602.8235 602.8169 602.8096 602.8029 602.7963 602.7889 602.7823 602.7756 602.7683 602.7616 602.7549 602.7476 602.741 602.7343 602.727 602.7203 602.7136 602.7063 602.6996 602.6929 602.6857 602.679 602.6722 602.665 602.6584 602.6515 602.5909 602.3536 602.1162 601.8788 601.6414 601.4065 601.3547 601.3367 601.4096 601.6824 601.528 601.8317 602.1376 602.4437 -9999 -9999 -9999 -9999 -9999 -9999 -9999 -9999 -9999 -9999 -9999 -9999
602.8947 602.8879 602.881 602.8739 602.8672 602.8605 602.8531 602.8465 602.8398 602.8325 602.8259 602.819 602.812 602.8053 602.7983 602.7913 602.7847 602.7775 602.7708 602.7641 602.7568 602.7501 602.7434 602.7361 602.7295 602.7227 602.7156 602.7089 602.7019 602.6949 602.6883 602.6812 602.6743 602.6677 602.6605 602.6537 602.647 602.6398 602.5245 602.287 602.0497 601.8123 601.575 601.3562 601.3044 601.2871 601.3639 601.6443 601.4676 601.7716 602.0776 602.3835 602.6896 -9999 -9999 -9999 -9999 -9999 -9999 -9999 -9999 -9999 -9999 -9999
602.8832 602.8766 602.8694 602.8627 602.856 602.8488 602.8419 602.8352 602.8282 602.8211 602.8145 602.8076 602.8004 602.7937 602.7869 602.7798 602.7731 602.7661 602.7592 602.7526 602.7454 602.7386 602.7319 602.7247 602.7181 602.7111 602.7042 602.6975 602.6903 602.6836 602.6769 602.6696 602.6628 602.6561 602.649 602.642 602.6353 602.6285 602.4579 602.2206 601.9832 601.7458 601.5084 601.3059 601.2559 601.2374 601.3182 601.6063 601.4072 601.7115 602.0175 602.3235 602.6295 -9999 -9999 -9999 -9999 -9999 -9999 -9999 -9999 -9999 -9999 -9999
602.8717 602.8648 602.8582 602.851 602.8443 602.8374 602.8304 602.8238 602.8166 602.8099 602.8031 602.796 602.789 602.7823 602.7755 602.7682 602.7615 602.7547 602.7477 602.741 602.7339 602.7271 602.7204 602.7133 602.7066 602.6995 602.6927 602.6861 602.6788 602.672 602.6652 602.6583 602.6511 602.6444 602.6377 602.6305 602.6238 602.6199 602.3915 602.1541 601.9167 601.6793 601.442 601.2556 601.209 601.1878 601.2725 601.5683 601.3549 601.6515 601.9575 602.2634 602.5694 -9999 -9999 -9999 -9999 -9999 -9999 -9999 -9999 -9999 -9999 -9999
602.8603 602.8532 602.8464 602.8397 602.8326 602.8259 602.8188 602.8121 602.8053 602.7982 602.7916 602.7844 602.7776 602.7709 602.7639 602.7568 602.7501 602.7433 602.7361 602.7295 602.7224 602.7156 602.7089 602.7018 602.6951 602.688 602.6813 602.6745 602.6674 602.6603 602.6536 602.6469 602.6396 602.6331 602.626 602.6192 602.6124 602.5624 602.325 602.0876 601.8502 601.6128 601.3754 601.2053 601.1621 601.1381 601.2268 601.5303 601.3048 601.5425 601.8974 602.2034 602.5093 -9999 -9999 -9999 -9999 -9999 -9999 -9999 -9999 -9999 -9999 -9999
602.8489 602.8419 602.8353 602.8281 602.8212 602.8144 602.8076 602.8004 602.7938 602.7867 602.78 602.7731 602.7661 602.7595 602.7523 602.7454 602.7386 602.7318 602.7246 602.718 602.7109 602.7042 602.6974 602.6903 602.6837 602.6765 602.6697 602.6629 602.656 602.6488 602.6422 602.6352 602.6284 602.6216 602.6145 602.6079 602.6007 602.4958 602.2585 602.0211 601.7837 601.5463 601.309 601.155 601.1153 601.0884 601.1811 601.4922 601.2541 601.4245 601.8373 602.1433 602.4493 -9999 -9999 -9999 -9999 -9999 -9999 -9999 -9999 -9999 -9999 -9999
602.8373 602.8303 602.8235 602.8168 602.8098 602.8031 602.796 602.789 602.7822 602.7754 602.7683 602.7617 602.7545 602.7479 602.7408 602.734 602.7272 602.7203 602.7131 602.7065 602.6995 602.6927 602.6859 602.6788 602.6722 602.665 602.6581 602.6513 602.6445 602.6374 602.6308 602.6236 602.617 602.6099 602.6031 602.5963 602.5894 602.4294 602.192 601.9546 601.7172 601.4798 601.2424 601.1047 601.0684 601.0388 601.1354 601.4542 601.199 601.3878 601.7772 602.0833 602.3892 602.6952 -9999 -9999 -9999 -9999 -9999 -9999 -9999 -9999 -9999 -9999
602.826 602.819 602.8118 602.8052 602.7982 602.7914 602.7845 602.7776 602.7709 602.7639 602.7567 602.7501 602.7431 602.7363 602.7295 602.7225 602.7158 602.7087 602.7016 602.6949 602.688 602.6812 602.6744 602.6674 602.6608 602.6536 602.6465 602.6398 602.6329 602.626 602.6193 602.6123 602.6057 602.5985 602.5914 602.5847 602.5805 602.3629 602.1255 601.8881 601.6507 601.4133 601.176 601.0544 601.0216 600.9891 601.0897 601.4161 601.1438 601.3486 601.7172 602.0232 602.3292 602.6351 -9999 -9999 -9999 -9999 -9999 -9999 -9999 -9999 -9999 -9999
602.8143 602.8075 602.8006 602.7938 602.7869 602.7797 602.7731 602.7659 602.7593 602.7523 602.7454 602.7386 602.7318 602.7247 602.7181 602.7109 602.7043 602.6972 602.6902 602.6834 602.6765 602.6697 602.6628 602.6559 602.6492 602.6422 602.635 602.6284 602.6213 602.6147 602.6076 602.6008 602.5939 602.5871 602.58 602.5734 602.5338 602.2964 602.059 601.8216 601.5842 601.3468 601.1094 601.0042 600.9747 600.9395 601.044 601.3781 601.0887 601.293 601.6571 601.9631 602.2691 602.5751 -9999 -9999 -9999 -9999 -9999 -9999 -9999 -9999 -9999 -9999
602.8027 602.796 602.7889 602.7822 602.7753 602.7684 602.7615 602.7547 602.7476 602.741 602.7339 602.7273 602.7202 602.7131 602.7065 602.6993 602.6927 602.6856 602.6788 602.6719 602.665 602.6582 602.6513 602.6445 602.6376 602.6307 602.6236 602.617 602.6099 602.6033 602.5961 602.5891 602.5824 602.5754 602.5687 602.5617 602.4673 602.2299 601.9925 601.7551 601.5177 601.2803 601.043 600.9539 600.9279 600.8898 600.9984 601.34 601.086 601.2374 601.597 601.903 602.209 602.515 -9999 -9999 -9999 -9999 -9999 -9999 -9999 -9999 -9999 -9999
602.7913 602.7847 602.7776 602.7704 602.7639 602.7568 602.7502 602.7431 602.736 602.7294 602.7223 602.7157 602.7086 602.7017 602.6949 602.6879 602.6812 602.6742 602.6673 602.6605 602.6536 602.6467 602.6398 602.6329 602.6261 602.6192 602.6122 602.6055 602.5985 602.5917 602.5848 602.5777 602.5711 602.564 602.5574 602.5503 602.4008 602.1634 601.926 601.6886 601.4512 601.2138 600.9764 600.9036 600.881 600.8402 600.9526 601.302 601.0833 601.1915 601.537 601.843 602.1489 602.455 -9999 -9999 -9999 -9999 -9999 -9999 -9999 -9999 -9999 -9999
602.7799 602.7729 602.7662 602.7593 602.7524 602.7455 602.7385 602.7317 602.7248 602.7179 602.711 602.704 602.6972 602.6904 602.6835 602.6766 602.6696 602.6628 602.6559 602.649 602.6421 602.6352 602.6283 602.6214 602.6145 602.6077 602.6008 602.5939 602.587 602.5801 602.5732 602.5663 602.5594 602.5525 602.5456 602.5411 602.3343 602.0969 601.8595 601.6221 601.3847 601.1473 600.91 600.8533 600.8342 600.7905 600.9069 601.264 601.0806 601.1456 601.4769 601.7829 602.0889 602.3949 -9999 -9999 -9999 -9999 -9999 -9999 -9999 -9999 -9999 -9999
602.7683 602.7614 602.7546 602.7476 602.741 602.7339 602.7269 602.7202 602.7131 602.7066 602.6995 602.6924 602.6859 602.6788 602.6721 602.6652 602.6581 602.6514 602.6444 602.6375 602.6306 602.6237 602.6168 602.6099 602.603 602.5961 602.5894 602.5823 602.5753 602.5687 602.5616 602.555 602.5479 602.5408 602.5343 602.5051 602.2678 602.0304 601.793 601.5556 601.3182 601.0808 600.8548 600.803 600.7874 600.7409 600.8613 601.226 601.0779 601.09 601.4169 601.7228 602.0288 602.3348 602.6408 -9999 -9999 -9999 -9999 -9999 -9999 -9999 -9999 -9999
602.7569 602.7499 602.7433 602.7363 602.7292 602.7226 602.7156 602.7087 602.7018 602.6949 602.6879 602.681 602.6743 602.6672 602.6606 602.6536 602.6465 602.64 602.6329 602.6261 602.6191 602.6122 602.6053 602.5983 602.5916 602.5845 602.5779 602.5709 602.5638 602.5573 602.5502 602.5435 602.5365 602.5295 602.5226 602.4387 602.2013 601.9639 601.7265 601.4891 601.2517 601.0143 600.8045 600.7527 600.7405 600.6912 600.8156 601.1879 601.0752 601.0284 601.3568 601.6628 601.9688 602.2747 602.5807 -9999 -9999 -9999 -9999 -9999 -9999 -9999 -9999 -9999
602.7456 602.7386 602.7315 602.7248 602.7178 602.7109 602.704 602.6973 602.6903 602.6832 602.6766 602.6697 602.6628 602.6558 602.649 602.642 602.6349 602.6284 602.6213 602.6146 602.6077 602.6008 602.5938 602.5869 602.5801 602.5731 602.5665 602.5595 602.5524 602.5457 602.5387 602.5318 602.5248 602.5182 602.5112 602.3721 602.1348 601.8974 601.66 601.4226 601.1852 600.9479 600.7542 600.7025 600.6937 600.6429 600.7698 601.1498 601.0725 600.9667 601.2967 601.6027 601.9087 602.2147 602.5207 -9999 -9999 -9999 -9999 -9999 -9999 -9999 -9999 -9999
602.7338 602.7271 602.7202 602.7132 602.7062 602.6996 602.6926 602.6856 602.6788 602.6719 602.665 602.658 602.6515 602.6445 602.6374 602.6306 602.6236 602.6169 602.6098 602.6031 602.5962 602.5892 602.5823 602.5753 602.5687 602.5616 602.5549 602.5479 602.5411 602.5341 602.527 602.5205 602.5135 602.5066 602.5018 602.3057 602.0683 601.8309 601.5935 601.3561 601.1187 600.8813 600.7039 600.6522 600.6468 600.5959 600.7242 601.1118 601.0698 600.9151 601.2366 601.5426 601.8486 602.1546 602.4606 -9999 -9999 -9999 -9999 -9999 -9999 -9999 -9999 -9999
602.7224 602.7155 602.7086 602.7019 602.6949 602.6879 602.6811 602.6741 602.6674 602.6603 602.6536 602.6467 602.6398 602.6328 602.6258 602.6192 602.6122 602.6053 602.5983 602.5917 602.5847 602.5778 602.5707 602.5638 602.5573 602.5502 602.5433 602.5363 602.5297 602.5227 602.5157 602.5089 602.5019 602.4951 602.4766 602.2391 602.0018 601.7644 601.527 601.2896 601.0522 600.8149 600.6536 600.6019 600.6 600.5488 600.6785 601.0669 601.0671 600.8641 601.1633 601.4825 601.7886 602.0945 602.4005 -9999 -9999 -9999 -9999 -9999 -9999 -9999 -9999 -9999
602.711 602.7041 602.6971 602.6901 602.6835 602.6765 602.6696 602.6627 602.6559 602.6489 602.6422 602.6352 602.6282 602.6213 602.6144 602.6077 602.6007 602.5938 602.5868 602.5803 602.5732 602.5663 602.5593 602.5523 602.5457 602.5388 602.5318 602.5248 602.5182 602.5112 602.5043 602.4974 602.4904 602.4836 602.41 602.1727 601.9353 601.6979 601.4605 601.2231 600.9857 600.7484 600.6034 600.5516 600.5531 600.5018 600.6328 601.0212 601.0334 600.8131 601.041 601.4225 601.7285 602.0345 602.3405 -9999 -9999 -9999 -9999 -9999 -9999 -9999 -9999 -9999
602.7023 602.6924 602.6858 602.6788 602.6719 602.6649 602.6583 602.6512 602.6444 602.6375 602.6305 602.6236 602.6166 602.61 602.603 602.5961 602.5891 602.5824 602.5754 602.5687 602.5618 602.5548 602.5478 602.5408 602.5342 602.5272 602.5204 602.5134 602.5065 602.4995 602.493 602.486 602.4791 602.4721 602.3436 602.1061 601.8688 601.6314 601.394 601.1566 600.9193 600.6819 600.5531 600.5013 600.5062 600.4548 600.5871 600.9755 600.9964 600.7537 600.9186 601.3624 601.6684 601.9744 602.2804 602.5864 -9999 -9999 -9999 -9999 -9999 -9999 -9999 -9999
602.6908 602.681 602.6744 602.6673 602.6605 602.6536 602.6466 602.6396 602.6327 602.626 602.6189 602.6123 602.6053 602.5984 602.5915 602.5847 602.5776 602.571 602.564 602.5572 602.5502 602.5433 602.5363 602.5294 602.5226 602.5156 602.509 602.502 602.4951 602.4882 602.4813 602.4742 602.4677 602.4624 602.277 602.0397 601.8023 601.5649 601.3275 601.0901 600.8527 600.6154 600.5028 600.451 600.4571 600.4077 600.5414 600.9298 600.9594 600.6933 600.8734 601.3024 601.6083 601.9144 602.2203 602.5263 -9999 -9999 -9999 -9999 -9999 -9999 -9999 -9999
602.6824 602.6712 602.6625 602.6558 602.6487 602.6421 602.635 602.6284 602.6213 602.6145 602.6076 602.6006 602.5937 602.587 602.5799 602.5733 602.5662 602.5595 602.5526 602.5457 602.5387 602.5318 602.5248 602.5179 602.511 602.5041 602.4974 602.4903 602.4837 602.4766 602.4698 602.463 602.456 602.4479 602.2106 601.9732 601.7358 601.4984 601.261 601.0236 600.7863 600.5489 600.4525 600.4025 600.4074 600.3607 600.4957 600.8841 600.9222 600.6329 600.8367 601.2423 601.5483 601.8542 602.1603 602.4662 -9999 -9999 -9999 -9999 -9999 -9999 -9999 -9999
602.6741 602.6608 602.6512 602.6443 602.6374 602.6306 602.6235 602.6168 602.6097 602.6031 602.596 602.5894 602.5823 602.5756 602.5685 602.5618 602.5548 602.5479 602.541 602.5341 602.5272 602.5203 602.5134 602.5065 602.4996 602.4927 602.4858 602.4788 602.472 602.465 602.4583 602.4512 602.4446 602.3815 602.144 601.9067 601.6693 601.4319 601.1945 600.9572 600.7197 600.4824 600.4022 600.3556 600.3578 600.3137 600.45 600.8384 600.8852 600.577 600.7935 601.1823 601.4882 601.7942 602.1002 602.4062 -9999 -9999 -9999 -9999 -9999 -9999 -9999 -9999
