samples/sfe_221/sfe_221_v1/sfe_221_v1/sfe_221_v1.asc
ncols         392
nrows         245
xllcorner     90
yllcorner     51
cellsize      0.4
NODATA_value  -9999
[rows 196 to 223 of 245, columns 192 to 255 of 392]
603.355 603.3395 603.3231 603.3104 603.2926 603.2782 603.2614 603.244 603.2286 603.2113 603.1955 603.1777 603.16 603.1416 603.1243 603.1071 603.0867 603.0688 603.0494 603.029 603.0101 602.9987 602.9797 602.96 602.9404 602.9208 602.9012 602.8816 602.8627 602.845 602.7813 602.6665 602.5604 602.4543 602.3412 602.2333 602.1255 602.011 601.8922 601.7826 601.6718 601.546 601.4415 601.337 601.2244 601.1154 600.9897 600.8527 600.7258 600.6077 600.486 600.3846 600.2936 600.1896 600.0985 600.0104 599.9201 599.8328 599.7642 599.6998 599.634 599.5566 599.5075 599.4614
603.3674 603.3535 603.3391 603.3238 603.3085 603.2906 603.2758 603.2589 603.2445 603.2276 603.2092 603.1927 603.1734 603.1571 603.1393 603.1215 603.1033 603.0836 603.0641 603.0459 603.027 603.017 602.9974 602.9778 602.9582 602.9386 602.919 602.9026 602.8817 602.8608 602.84 602.8013 602.6952 602.5856 602.4777 602.3699 602.2601 602.1414 602.0317 601.9221 601.7986 601.6941 601.5897 601.4852 601.3673 601.2568 601.1199 600.9929 600.8755 600.7521 600.6488 600.5556 600.4555 600.3578 600.268 600.1793 600.0887 600.0082 599.9423 599.8772 599.8073 599.733 599.6839 599.6418
603.3832 603.366 603.3542 603.3372 603.3219 603.3068 603.2884 603.274 603.2579 603.2419 603.2255 603.2067 603.1901 603.1731 603.1564 603.1367 603.118 603.1006 603.0789 603.0618 603.0485 603.0349 603.0152 602.9956 602.976 602.9564 602.9368 602.9217 602.9008 602.8799 602.8591 602.8382 602.83 602.7221 602.6143 602.5063 602.3904 602.2808 602.1713 602.0511 601.9467 601.8423 601.7378 601.6192 601.524 601.387 601.2601 601.1427 601.0182 600.9149 600.8167 600.7247 600.617 600.5259 600.4376 600.3474 600.2577 600.1843 600.1203 600.0546 599.9781 599.9094 599.8602 599.8222
603.3951 603.3823 603.3672 603.3527 603.3358 603.32 603.3049 603.2892 603.2744 603.2562 603.2394 603.2216 603.2043 603.188 603.171 603.1533 603.1342 603.1153 603.0975 603.0776 603.0699 603.0526 603.033 603.0134 602.9938 602.9741 602.9565 602.9408 602.9199 602.899 602.8782 602.8573 602.8364 602.823 602.7507 602.6396 602.53 602.4203 602.3038 602.1993 602.0949 601.9904 601.877 601.7845 601.6542 601.5272 601.4099 601.2844 601.1811 601.0778 600.9875 600.8834 600.7852 600.6953 600.6066 600.5162 600.433 600.3624 600.2979 600.2296 600.149 600.0857 600.0374 600.0026
603.4097 603.3967 603.3817 603.3662 603.3511 603.3343 603.3183 603.3046 603.2881 603.273 603.2545 603.2372 603.2219 603.2034 603.1866 603.1683 603.1512 603.13 603.1134 603.0983 603.09 603.0704 603.0508 603.0311 603.0115 602.9919 602.9796 602.9599 602.939 602.9182 602.8973 602.8764 602.8555 602.8361 602.8175 602.7791 602.6695 602.5564 602.452 602.3475 602.243 602.1386 602.0364 601.9213 601.7943 601.677 601.5567 601.4473 601.3439 601.2488 601.1526 601.0444 600.9533 600.8648 600.7747 600.6851 600.6085 600.5404 600.4753 600.4004 600.3198 600.2621 600.2178 600.183
603.4242 603.4113 603.3953 603.381 603.3653 603.3497 603.3347 603.3188 603.3033 603.2866 603.2699 603.2529 603.2368 603.2204 603.2009 603.1846 603.1664 603.1484 603.1293 603.1198 603.1078 603.0881 603.0685 603.049 603.0293 603.0097 602.9998 602.9789 602.9581 602.9372 602.9163 602.8954 602.8786 602.8569 602.8353 602.8136 602.809 602.7046 602.6001 602.4957 602.3912 602.2882 602.1886 602.0615 601.9442 601.8268 601.7134 601.6101 601.5092 601.4194 601.3114 601.2126 601.1226 601.0338 600.9436 600.858 600.7838 600.7184 600.6519 600.5713 600.4907 600.4384 600.3982 600.3635
603.4399 603.426 603.4109 603.3943 603.3801 603.3643 603.3512 603.3349 603.3182 603.3022 603.2833 603.2697 603.2517 603.2361 603.2185 603.1995 603.1812 603.165 603.1481 603.1411 603.1255 603.106 603.0863 603.0667 603.0471 603.0325 603.0189 602.998 602.9772 602.9563 602.9354 602.9146 602.8995 602.8778 602.8561 602.8345 602.8128 602.802 602.7483 602.6438 602.5401 602.4535 602.3286 602.2113 602.0939 601.9796 601.8762 601.7729 601.6808 601.5806 601.4718 601.3807 601.2921 601.2021 601.1126 601.0333 600.9606 600.8959 600.8227 600.7421 600.6639 600.6148 600.5786 600.54
603.4554 603.4385 603.4255 603.4107 603.3934 603.3802 603.3641 603.3503 603.3344 603.317 603.3014 603.2855 603.2698 603.2505 603.2345 603.2177 603.1976 603.1809 603.1696 603.1627 603.1433 603.1237 603.1041 603.0845 603.0649 603.0557 603.038 603.0172 602.9963 602.9754 602.9545 602.9361 602.9203 602.8987 602.877 602.8553 602.8337 602.819 602.8 602.792 602.7054 602.5958 602.4785 602.3611 602.2457 602.1424 602.0391 601.9412 601.8499 601.7394 601.64 601.5499 601.4611 601.3711 601.2829 601.2087 601.1386 601.0733 600.9935 600.913 600.8402 600.7937 600.759 600.6982
603.4682 603.4556 603.4387 603.4249 603.4103 603.3955 603.3818 603.364 603.3495 603.3315 603.316 603.3004 603.2843 603.2687 603.25 603.2324 603.2167 603.1979 603.191 603.1807 603.1611 603.1415 603.1219 603.1022 603.0856 603.0779 603.0571 603.0362 603.0153 602.9944 602.9736 602.9609 602.9412 602.9196 602.8979 602.8763 602.8586 602.8438 602.8234 602.802 602.7865 602.7455 602.6282 602.5118 602.4086 602.3052 602.2019 602.1129 602.0086 601.8992 601.8081 601.7192 601.6296 601.54 601.4583 601.3841 601.3166 601.245 601.1644 601.0838 601.0166 600.9741 600.9394 600.8566
603.4831 603.4686 603.4555 603.4385 603.4246 603.4107 603.3954 603.3821 603.364 603.349 603.3342 603.3172 603.3004 603.2834 603.2686 603.2471 603.2326 603.2194 603.2124 603.1985 603.1789 603.1592 603.1396 603.12 603.1085 603.097 603.0762 603.0553 603.0344 603.0135 602.9928 602.9838 602.9621 602.9405 602.9188 602.8972 602.8838 602.8682 602.8468 602.8254 602.804 602.7827 602.778 602.6747 602.5714 602.4681 602.3733 602.2778 602.1673 602.0674 601.9772 601.8884 601.7985 601.709 601.6337 601.5595 601.494 601.4158 601.3353 601.2546 601.1929 601.1545 601.099 601.0167
603.4983 603.4839 603.4692 603.4554 603.4409 603.4266 603.4111 603.3954 603.3798 603.3641 603.3492 603.3337 603.3167 603.3005 603.2835 603.2678 603.2485 603.2409 603.2341 603.2162 603.1967 603.177 603.1574 603.1385 603.1317 603.1161 603.0953 603.0744 603.0535 603.0327 603.0178 603.0047 602.983 602.9614 602.9397 602.9188 602.9085 602.8915 602.8702 602.8488 602.8275 602.806 602.7847 602.771 602.7342 602.6337 602.5449 602.4365 602.3266 602.2355 602.1465 602.057 601.9675 601.8832 601.809 601.7368 601.6673 601.5867 601.5061 601.4255 601.3697 601.335 601.2573 601.1828
603.5134 603.4985 603.4844 603.4697 603.4573 603.4423 603.4274 603.4117 603.3949 603.3821 603.3643 603.3503 603.3337 603.3171 603.2983 603.2842 603.2692 603.2623 603.2537 603.234 603.2144 603.1948 603.1752 603.1615 603.1547 603.1353 603.1144 603.0935 603.0726 603.0518 603.0427 603.0256 603.0039 602.9822 602.9606 602.9454 602.9332 602.9149 602.8936 602.8722 602.8508 602.8294 602.808 602.7907 602.7725 602.761 602.7057 602.5953 602.4948 602.4044 602.3157 602.226 602.1365 602.0585 601.9844 601.9146 601.8381 601.7576 601.6769 601.5964 601.5501 601.4998 601.4156 601.3489
603.5291 603.5146 603.4991 603.4863 603.4711 603.4582 603.4432 603.4277 603.4127 603.3979 603.3832 603.3643 603.351 603.3347 603.3169 603.3001 603.2908 603.2838 603.2714 603.2518 603.2322 603.2126 603.193 603.1846 603.1752 603.1543 603.1334 603.1125 603.0917 603.0745 603.0677 603.0464 603.0248 603.0031 602.9814 602.972 602.9579 602.9384 602.9169 602.8956 602.8742 602.8528 602.8355 602.8171 602.7996 602.7814 602.7631 602.754 602.6629 602.5737 602.4845 602.395 602.308 602.2339 602.1598 602.0896 602.009 601.9284 601.8478 601.7711 601.7305 601.6581 601.5751 601.5151
603.5417 603.5298 603.5157 603.5025 603.4891 603.4724 603.4595 603.4415 603.4285 603.4128 603.3983 603.3839 603.3658 603.3494 603.3359 603.319 603.3121 603.3053 603.2892 603.2696 603.25 603.2303 603.2145 603.2076 603.1943 603.1734 603.1525 603.1317 603.1108 603.0995 603.089 603.0673 603.0457 603.024 603.0055 602.998 602.9831 602.9617 602.9403 602.9189 602.8976 602.8762 602.8625 602.8449 602.8267 602.8085 602.7903 602.773 602.7529 602.743 602.6535 602.564 602.4835 602.4093 602.3352 602.2604 602.1798 602.0992 602.0186 601.9475 601.9005 601.8163 601.7413 601.6834
603.5598 603.5428 603.5311 603.5168 603.5036 603.4909 603.4735 603.4608 603.4467 603.4312 603.4142 603.399 603.3859 603.3661 603.3517 603.3405 603.3336 603.3266 603.307 603.2874 603.2678 603.2481 603.2376 603.2307 603.2134 603.1925 603.1716 603.1508 603.1313 603.1243 603.1099 603.0882 603.0665 603.0449 603.032 603.0227 603.0065 602.9851 602.9637 602.9423 602.921 602.9004 602.8889 602.8721 602.8539 602.8356 602.8183 602.801 602.7802 602.7586 602.737 602.733 602.6588 602.5847 602.5119 602.4313 602.3507 602.2701 602.1895 602.126 602.0588 601.9747 601.9073 601.853
603.5734 603.5611 603.5469 603.5344 603.5189 603.5048 603.4897 603.4754 603.4615 603.4471 603.4324 603.4163 603.4006 603.3872 603.3688 603.3619 603.355 603.3444 603.3248 603.3051 603.2855 603.2676 603.2607 603.2533 603.2324 603.2115 603.1907 603.1698 603.1563 603.1492 603.1307 603.1091 603.0875 603.0658 603.0588 603.0474 603.0298 603.0085 602.9871 602.9658 602.9443 602.9295 602.9152 602.8992 602.881 602.8628 602.8469 602.829 602.8074 602.7859 602.7675 602.7509 602.7343 602.723 602.6827 602.6021 602.5215 602.4409 602.3604 602.3013 602.2171 602.1335 602.0735 602.0226
603.5887 603.5751 603.5635 603.5496 603.5366 603.5212 603.5067 603.4947 603.4781 603.4642 603.4489 603.4346 603.4153 603.4034 603.3902 603.3834 603.3765 603.3621 603.3425 603.3229 603.3033 603.2906 603.2837 603.2724 603.2515 603.2307 603.2098 603.1889 603.1812 603.1733 603.1516 603.13 603.1083 603.0922 603.0853 603.0721 603.0532 603.0319 603.0105 602.9891 602.9678 602.9585 602.9415 602.9264 602.9081 602.89 602.8749 602.8563 602.8347 602.8132 602.7979 602.7813 602.7647 602.746 602.726 602.716 602.6924 602.6118 602.5312 602.4596 602.3754 602.2997 602.2396 602.1922
603.605 603.5924 603.5787 603.566 603.5519 603.538 603.5239 603.5103 603.4966 603.48 603.4669 603.4518 603.4362 603.4193 603.4119 603.4048 603.3981 603.3799 603.3603 603.3407 603.321 603.3137 603.3068 603.2915 603.2706 603.2498 603.2289 603.2128 603.206 603.1942 603.1725 603.1509 603.1292 603.1188 603.1119 603.098 603.0767 603.0552 603.0339 603.0125 602.9944 602.9869 602.9694 602.9535 602.9353 602.9171 602.9029 602.8836 602.8621 602.8405 602.8283 602.8117 602.7952 602.776 602.756 602.7379 602.7172 602.706 602.702 602.6179 602.5337 602.4658 602.4077 602.3618
603.6212 603.6095 603.5964 603.5816 603.569 603.5526 603.5409 603.5253 603.513 603.4991 603.483 603.4665 603.4551 603.4401 603.4333 603.4264 603.4173 603.3977 603.3781 603.3585 603.3435 603.3367 603.3298 603.3105 603.2897 603.2689 603.248 603.2379 603.2309 603.2151 603.1934 603.1718 603.1523 603.1454 603.1369 603.1214 603.1 603.0786 603.0573 603.0359 603.0234 603.0132 602.9987 602.9807 602.9624 602.9468 602.9308 602.9109 602.8893 602.8717 602.8587 602.8422 602.826 602.806 602.7867 602.769 602.7478 602.7302 602.7126 602.695 602.692 602.632 602.5773 602.5314
603.6376 603.6234 603.612 603.5997 603.5842 603.5725 603.559 603.5452 603.5281 603.5156 603.5029 603.4855 603.4709 603.4615 603.4546 603.4477 603.4351 603.4155 603.3959 603.3762 603.3665 603.3597 603.3505 603.3297 603.3088 603.2879 603.2697 603.2628 603.256 603.236 603.2143 603.1926 603.179 603.172 603.1616 603.1448 603.1234 603.1021 603.0806 603.0594 603.0524 603.0396 603.026 603.0078 602.9896 602.9768 602.9598 602.9382 602.9166 602.9037 602.8892 602.8726 602.856 602.836 602.8186 602.8008 602.7786 602.7632 602.7457 602.7293 602.7132 602.6976 602.682 602.678
603.6535 603.6421 603.6267 603.6149 603.5996 603.5875 603.574 603.5605 603.548 603.5322 603.5177 603.5067 603.4898 603.4832 603.4761 603.4695 603.4529 603.4332 603.4136 603.3967 603.3896 603.3829 603.3696 603.3488 603.3279 603.307 603.2947 603.2877 603.2785 603.2568 603.2352 603.2135 603.2055 603.1986 603.1863 603.1682 603.1468 603.1254 603.1041 603.0885 603.0815 603.0659 603.0532 603.0349 603.0167 603.0048 602.9871 602.9655 602.9439 602.9357 602.9196 602.903 602.886 602.866 602.8497 602.8314 602.8132 602.7963 602.7787 602.7635 602.7474 602.7324 602.7167 602.6984
603.6697 603.6569 603.6457 603.6307 603.6184 603.6072 603.592 603.578 603.5641 603.5521 603.5346 603.5226 603.5112 603.5046 603.4977 603.4902 603.4706 603.451 603.4314 603.4197 603.4128 603.4059 603.3887 603.3679 603.347 603.3264 603.3195 603.3127 603.2994 603.2777 603.256 603.2391 603.2321 603.2253 603.2122 603.1915 603.1702 603.1488 603.1274 603.1174 603.1105 603.0939 603.0803 603.0621 603.0449 603.0328 603.0143 602.9928 602.9745 602.9666 602.95 602.9335 602.916 602.896 602.8809 602.8621 602.847 602.8293 602.8117 602.7979 602.7817 602.7673 602.7514 602.7332
603.6864 603.6738 603.6608 603.6479 603.6352 603.6227 603.6099 603.5958 603.5827 603.5688 603.5556 603.5397 603.533 603.5259 603.5189 603.508 603.4884 603.4688 603.4495 603.4426 603.4358 603.4286 603.4078 603.3869 603.366 603.3512 603.3444 603.3375 603.3203 603.2986 603.277 603.2657 603.2589 603.2511 603.2363 603.215 603.1935 603.1722 603.1532 603.1464 603.1377 603.1232 603.1074 603.0892 603.0753 603.0607 603.0417 603.0201 603.0065 602.997 602.9805 602.9655 602.946 602.9281 602.9119 602.8927 602.88 602.8624 602.8448 602.8322 602.8174 602.8021 602.7861 602.7678
603.7037 603.6909 603.6785 603.6643 603.6534 603.6391 603.6277 603.6143 603.6005 603.5836 603.5742 603.5613 603.5543 603.5474 603.5406 603.5258 603.5062 603.4866 603.4725 603.4655 603.459 603.4478 603.4269 603.406 603.3851 603.3765 603.3694 603.3627 603.3411 603.3195 603.2992 603.2922 603.2854 603.2758 603.2597 603.2383 603.217 603.1956 603.1824 603.1754 603.164 603.1525 603.1346 603.1163 603.1058 603.0902 603.069 603.0474 603.0386 603.0275 603.0109 602.996 602.976 602.9616 602.9446 602.9238 602.913 602.8954 602.8794 602.8664 602.8525 602.8369 602.8208 602.8026
603.7203 603.7086 603.6949 603.6837 603.6714 603.6592 603.6434 603.6323 603.62 603.6048 603.5901 603.5826 603.5759 603.569 603.5621 603.5436 603.524 603.5043 603.4957 603.4888 603.4818 603.4669 603.446 603.4251 603.4081 603.4013 603.3944 603.3837 603.3621 603.3404 603.3258 603.3187 603.312 603.3005 603.2831 603.2617 603.2404 603.2189 603.2114 603.2045 603.1903 603.1799 603.1617 603.1435 603.1347 603.1179 603.0963 603.0773 603.0704 603.0579 603.0413 603.026 603.006 602.9927 602.9763 602.9583 602.9461 602.9285 602.9149 602.9007 602.8873 602.8717 602.8555 602.8373
603.7358 603.725 603.7102 603.6999 603.6864 603.6752 603.6637 603.6487 603.6348 603.6259 603.611 603.6044 603.5972 603.5901 603.581 603.5613 603.5417 603.5258 603.5187 603.5118 603.5049 603.4859 603.465 603.4442 603.433 603.4261 603.4191 603.4046 603.3829 603.3613 603.3524 603.3455 603.3387 603.3264 603.3065 603.2851 603.2637 603.2473 603.2405 603.2336 603.2183 603.2071 603.1888 603.1735 603.1627 603.1451 603.1235 603.1093 603.1025 603.0883 603.0717 603.056 603.036 603.0239 603.007 602.9929 602.9791 602.9615 602.9504 602.935 602.9221 602.9077 602.8903 602.8719
603.7548 603.7408 603.7302 603.7197 603.706 603.6918 603.6801 603.6696 603.6542 603.6417 603.6323 603.6256 603.6186 603.6119 603.5988 603.5791 603.5595 603.5486 603.5416 603.535 603.5259 603.505 603.4841 603.4648 603.4581 603.4512 603.4443 603.4255 603.4038 603.3859 603.3789 603.3721 603.3651 603.3513 603.3298 603.3085 603.2871 603.2764 603.2693 603.2621 603.2476 603.2342 603.216 603.2039 603.1906 603.1724 603.1508 603.1412 603.1344 603.1187 603.1033 603.086 603.0695 603.0549 603.0377 603.0276 603.0121 602.9946 602.9854 602.9692 602.957 602.9432 602.9249 602.9067
603.7702 603.7578 603.7465 603.7351 603.7233 603.7115 603.6985 603.6859 603.675 603.6607 603.654 603.6471 603.6403 603.6335 603.6165 603.5969 603.5786 603.5715 603.5649 603.5578 603.545 603.5241 603.5032 603.4896 603.483 603.476 603.468 603.4464 603.4247 603.4125 603.4055 603.3988 603.39 603.3746 603.3533 603.3318 603.3121 603.3055 603.2983 603.2885 603.277 603.2614 603.2431 603.2344 603.2201 603.1997 603.1801 603.1733 603.1657 603.1492 603.136 603.116 603.1032 603.0876 603.0689 603.0621 603.0452 603.0283 603.0197 603.0042 602.9918 602.9779 602.9597 602.9438
