samples/sfe_221/sfe_221_v1/sfe_221_v1/sfe_221_v1.asc
ncols         392
nrows         245
xllcorner     90
yllcorner     51
cellsize      0.4
NODATA_value  -9999
[rows 112 to 139 of 245, columns 128 to 191 of 392]
603.5408 603.5289 603.517 603.5051 603.4931 603.4812 603.4693 603.4573 603.4454 603.4335 603.4216 603.4097 603.3978 603.3858 603.3739 603.362 603.3019 603.1923 603.086 602.9781 602.8763 602.7739 602.6575 602.541 602.4246 602.3176 602.2191 602.1263 602.0239 601.9212 601.8186 601.7161 601.6136 601.5079 601.3952 601.283 601.1818 601.0793 600.9642 600.8492 600.7341 600.6191 600.5046 600.401 600.2833 600.1602 600.0371 599.9141 599.791 599.6583 599.5245 599.417 599.206 598.997 598.863 598.711 598.673 598.692 598.704 598.658 598.57 598.495 598.496 598.575
603.5437 603.5318 603.5199 603.5079 603.496 603.4841 603.4722 603.4603 603.4484 603.4365 603.4245 603.4126 603.4007 603.3887 603.3768 603.3649 603.353 603.2956 603.1875 603.0829 602.9766 602.8602 602.7438 602.6274 602.5184 602.4169 602.3245 602.222 602.1193 602.0167 601.9142 601.8118 601.7038 601.5912 601.4785 601.3771 601.2754 601.1603 601.0453 600.9302 600.8152 600.7052 600.6016 600.4827 600.3596 600.2366 600.1135 599.9872 599.8535 599.7197 599.5859 599.288 599.203 599.046 598.942 598.784 598.734 598.75 598.738 598.678 598.577 598.494 598.511 598.602
603.5466 603.5347 603.5228 603.5109 603.499 603.4871 603.4751 603.4632 603.4513 603.4394 603.4274 603.4155 603.4036 603.3917 603.3798 603.3679 603.3559 603.3445 603.2894 603.1794 603.063 602.9466 602.8301 602.7194 602.6154 602.5226 602.42 602.3174 602.2148 602.1123 602.0099 601.8998 601.7872 601.6745 601.5726 601.4713 601.3564 601.2414 601.1263 601.0113 600.9056 600.8021 600.6821 600.5591 600.436 600.3129 600.1824 600.0486 599.9148 599.7813 599.6486 599.516 599.175 599.056 598.855 598.772 598.694 598.713 598.744 598.699 598.595 598.501 598.511 598.603
603.5455 603.5341 603.5226 603.5112 603.4998 603.4884 603.4772 603.466 603.4542 603.4423 603.4304 603.4185 603.4066 603.3946 603.3827 603.3708 603.3588 603.3469 603.3375 603.2657 603.1494 603.0329 602.9202 602.8163 602.7207 602.6182 602.5156 602.413 602.3104 602.2081 602.0958 601.9832 601.8705 601.768 601.6667 601.5526 601.4375 601.3224 601.2098 601.1061 601.0025 600.8815 600.7585 600.6354 600.5113 600.3775 600.2438 600.11 599.9772 599.8445 599.718 599.5787 599.219 598.972 598.888 598.805 598.665 598.674 598.696 598.667 598.574 598.475 598.485 598.57
603.5435 603.532 603.5206 603.5092 603.4977 603.4863 603.4749 603.4634 603.452 603.4406 603.4291 603.4177 603.4063 603.3948 603.3834 603.372 603.3605 603.3491 603.3377 603.329 603.2357 603.1212 603.0172 602.9188 602.8163 602.7137 602.6111 602.5085 602.4044 602.2917 602.1791 602.0665 601.9634 601.8622 601.7487 601.6336 601.5186 601.4105 601.3067 601.203 601.081 600.9579 600.8349 600.7065 600.5727 600.4389 600.3058 600.1732 600.0494 599.92 599.7806 599.6457 599.506 599.073 599.026 598.915 598.779 598.733 598.699 598.598 598.506 598.433 598.426 598.496
603.5441 603.5327 603.5213 603.5099 603.4985 603.4871 603.4758 603.4644 603.4529 603.4416 603.4302 603.4188 603.4074 603.3961 603.3846 603.3733 603.3619 603.3505 603.3391 603.3277 603.322 603.2181 603.1169 603.0143 602.9117 602.8092 602.7067 602.6004 602.4877 602.3751 602.2625 602.1588 602.0576 601.9448 601.8297 601.7147 601.6109 601.5073 601.4035 601.2805 601.1574 601.0343 600.9016 600.7678 600.6343 600.5017 600.3765 600.2614 600.122 599.9919 599.8522 599.7117 599.5699 599.286 599.155 599.024 598.932 598.849 598.71 598.592 598.509 598.453 598.414 598.432
603.5461 603.5348 603.5236 603.5123 603.501 603.4897 603.4785 603.4672 603.4559 603.4446 603.4333 603.4221 603.4108 603.3995 603.3882 603.377 603.3657 603.3544 603.3432 603.3319 603.3206 603.315 603.2125 603.1099 603.0073 602.9048 602.7964 602.6837 602.571 602.4584 602.3542 602.2531 602.1409 602.0258 601.9151 601.8113 601.7079 601.603 601.4799 601.3568 601.2305 601.0967 600.963 600.8303 600.7036 600.5828 600.4634 600.324 600.1985 600.0588 599.9174 599.7757 599.6353 599.495 599.228 599.13 598.997 598.892 598.787 598.679 598.608 598.54 598.471 598.432
603.548 603.5369 603.5257 603.5145 603.5034 603.4922 603.481 603.4698 603.4587 603.4476 603.4364 603.4252 603.4141 603.4029 603.3917 603.3806 603.3694 603.3582 603.347 603.3359 603.3247 603.3135 603.308 603.2054 603.1029 602.9924 602.8797 602.767 602.6544 602.5497 602.4484 602.337 602.2219 602.1158 602.0118 601.9085 601.8024 601.6793 601.5563 601.4257 601.2919 601.1589 601.0307 600.91 600.7948 600.6654 600.5362 600.4051 600.2648 600.123 599.9822 599.8419 599.7018 599.562 599.315 599.118 598.945 598.866 598.831 598.777 598.742 598.655 598.556 598.481
603.5499 603.5389 603.5278 603.5167 603.5057 603.4946 603.4835 603.4725 603.4614 603.4504 603.4393 603.4282 603.4172 603.4061 603.395 603.384 603.3729 603.3619 603.3508 603.3397 603.3287 603.3176 603.3066 603.301 603.1884 603.0757 602.963 602.8504 602.7451 602.6439 602.5331 602.4197 602.3162 602.2124 602.1091 602.0018 601.8788 601.7546 601.6208 601.4875 601.3578 601.2371 601.1163 601.0068 600.8674 600.7513 600.6116 600.4705 600.329 600.1887 600.0486 599.9087 599.7723 599.6329 599.487 599.101 598.995 598.975 598.934 598.926 598.886 598.822 598.699 598.579
603.5524 603.5414 603.5305 603.5195 603.5085 603.4976 603.4866 603.4757 603.4647 603.4538 603.4428 603.4319 603.4209 603.41 603.399 603.3881 603.3771 603.3661 603.3552 603.3442 603.3333 603.3224 603.3114 603.3005 603.2717 603.159 603.0463 602.9405 602.8393 602.7292 602.6204 602.5166 602.413 602.3096 602.2013 602.0782 601.9498 601.816 601.6849 601.5641 601.4434 601.3282 601.2088 601.0775 600.9579 600.8179 600.6761 600.5355 600.3953 600.2554 600.1187 599.9918 599.8469 599.7009 599.555 599.355 599.117 599.099 599.096 599.092 599.045 598.972 598.853 598.744
603.5553 603.5444 603.5334 603.5225 603.5115 603.5005 603.4896 603.4786 603.4677 603.4567 603.4458 603.4348 603.4239 603.413 603.402 603.3911 603.3801 603.3691 603.3582 603.3472 603.3363 603.3253 603.3144 603.3034 603.2925 603.2423 603.1359 603.0347 602.9253 602.821 602.717 602.6136 602.5101 602.4007 602.2776 602.145 602.012 601.8912 601.7704 601.6497 601.5402 601.4108 601.2927 601.1644 601.0236 600.8823 600.742 600.6021 600.4651 600.3331 600.2068 600.0609 599.9149 599.7689 599.6428 599.5148 599.225 599.149 599.155 599.153 599.083 598.983 598.893 598.818
603.5583 603.5473 603.5364 603.5254 603.5145 603.5035 603.4926 603.4816 603.4706 603.4597 603.4487 603.4378 603.4269 603.4159 603.405 603.394 603.3831 603.3721 603.3611 603.3502 603.3392 603.3283 603.3173 603.3064 603.2954 603.2845 603.2302 603.125 603.0215 602.9175 602.8142 602.7106 602.6002 602.4739 602.3406 602.2183 602.0976 601.9768 601.8617 601.7522 601.6189 601.5078 601.371 601.2292 601.0889 600.9489 600.8115 600.6794 600.5487 600.4207 600.2748 600.1288 599.9922 599.8676 599.7396 599.6116 599.4836 599.33 599.163 599.085 599.011 598.881 598.814 598.808
603.5612 603.5503 603.5393 603.5284 603.5175 603.5065 603.4955 603.4846 603.4736 603.4626 603.4517 603.4407 603.4298 603.4189 603.4079 603.397 603.386 603.3751 603.3641 603.3531 603.3422 603.3312 603.3203 603.3093 603.2984 603.2874 603.2765 603.2219 603.1181 603.0148 602.9111 602.7996 602.6692 602.5454 602.4247 602.3039 602.1832 602.0737 601.9542 601.834 601.7173 601.5767 601.4357 601.2956 601.1578 601.0258 600.8938 600.7701 600.6347 600.4887 600.3428 600.2156 600.0923 599.9644 599.8364 599.7084 599.5796 599.464 599.131 599.023 598.928 598.842 598.769 598.746
603.5642 603.5532 603.5423 603.5313 603.5204 603.5095 603.4985 603.4875 603.4766 603.4656 603.4547 603.4437 603.4328 603.4218 603.4109 603.3999 603.389 603.378 603.3671 603.3561 603.3452 603.3342 603.3232 603.3123 603.3013 603.2904 603.2794 603.269 603.2153 603.1116 602.998 602.8726 602.7518 602.631 602.5103 602.3951 602.2856 602.1603 602.0492 601.9238 601.7825 601.6423 601.5042 601.3722 601.2402 601.1082 600.9914 600.8486 600.7026 600.5661 600.4391 600.3171 600.1891 600.0612 599.9332 599.8027 599.6644 599.5261 599.457 599.069 598.969 598.872 598.771 598.677
603.5654 603.5549 603.5444 603.5338 603.5233 603.5124 603.5015 603.4905 603.4796 603.4686 603.4576 603.4467 603.4357 603.4248 603.4138 603.4029 603.3919 603.381 603.37 603.3591 603.3481 603.3372 603.3262 603.3152 603.3043 603.2933 603.2824 603.2715 603.262 603.1996 603.0789 602.9581 602.8373 602.7166 602.6071 602.4976 602.3754 602.2643 602.1298 601.989 601.8506 601.7186 601.5865 601.4545 601.327 601.2086 601.0626 600.9166 600.7894 600.6639 600.5419 600.4139 600.2859 600.158 600.0259 599.8876 599.7493 599.6268 599.5096 599.254 599.124 598.978 598.886 598.716
603.5628 603.5523 603.5417 603.5313 603.5208 603.5102 603.4997 603.4892 603.4787 603.4681 603.4576 603.4471 603.4366 603.4261 603.4156 603.4051 603.3945 603.3839 603.373 603.3621 603.3511 603.3401 603.3292 603.3182 603.3073 603.2963 603.2854 603.2744 603.2635 603.257 603.1644 603.0436 602.9285 602.819 602.7016 602.5906 602.4766 602.3359 602.1969 602.0649 601.9329 601.8009 601.6689 601.5483 601.4225 601.2765 601.14 601.0128 600.8888 600.7667 600.6387 600.5107 600.3841 600.2491 600.1108 599.975 599.8553 599.738 599.6227 599.506 599.402 599.079 598.975 598.812
603.5602 603.5497 603.5392 603.5287 603.5182 603.5076 603.4971 603.4866 603.4761 603.4656 603.4551 603.4445 603.434 603.4235 603.413 603.4025 603.392 603.3815 603.3709 603.3604 603.3499 603.3394 603.3289 603.3184 603.3079 603.2973 603.2868 603.2763 603.2657 603.2552 603.25 603.1405 603.031 602.9167 602.8057 602.6829 602.5433 602.4113 602.2792 602.1472 602.0152 601.8839 601.7697 601.6364 601.4904 601.3633 601.2361 601.1136 600.9915 600.8635 600.7355 600.6106 600.4722 600.3339 600.201 600.0837 599.9666 599.8516 599.7341 599.6141 599.4982 599.18 599.047 598.911
603.5572 603.5467 603.5362 603.5256 603.5151 603.5046 603.4941 603.4836 603.4731 603.4626 603.4521 603.4419 603.4316 603.4214 603.4112 603.4009 603.3907 603.3805 603.3702 603.36 603.3498 603.3395 603.3293 603.3191 603.3088 603.2986 603.2884 603.2781 603.2679 603.2577 603.2474 603.243 603.1319 603.0209 602.8896 602.7576 602.6256 602.4936 602.3616 602.2296 602.1052 601.991 601.8503 601.7138 601.5866 601.4594 601.3385 601.2163 601.0883 600.9603 600.8337 600.6954 600.5592 600.4294 600.3122 600.195 600.0801 599.9608 599.839 599.723 599.6071 599.4816 599.024 598.922
603.5571 603.5468 603.5366 603.5264 603.5161 603.5059 603.4957 603.4854 603.4752 603.465 603.4547 603.4445 603.4343 603.424 603.4138 603.4036 603.3933 603.3831 603.3729 603.3626 603.3524 603.3422 603.3319 603.3217 603.3115 603.3012 603.291 603.2808 603.2705 603.2603 603.2501 603.2398 603.236 603.104 602.972 602.84 602.7079 602.5759 602.4439 602.3265 602.2103 602.0643 601.9371 601.8099 601.6827 601.5633 601.4411 601.3131 601.1861 601.0569 600.9186 600.7852 600.6579 600.5407 600.424 600.3082 600.1855 600.0638 599.9478 599.832 599.7042 599.5709 599.4376 599.102
603.5596 603.5494 603.5392 603.5289 603.5187 603.5085 603.4982 603.488 603.4778 603.4675 603.4573 603.4471 603.4368 603.4266 603.4164 603.4061 603.3959 603.3857 603.3754 603.3652 603.355 603.3447 603.3345 603.3243 603.314 603.3038 603.2936 603.2833 603.2731 603.2629 603.2526 603.2424 603.2325 603.1863 603.0543 602.9223 602.7903 602.6621 602.5479 602.4242 602.2876 602.1605 602.0333 601.9061 601.7881 601.6659 601.5379 601.4144 601.28 601.1434 601.0111 600.8864 600.7692 600.6528 600.5363 600.4104 600.2887 600.1725 600.0568 599.9267 599.7934 599.6601 599.5267 599.423
603.5622 603.552 603.5417 603.5315 603.5213 603.511 603.5008 603.4906 603.4803 603.4701 603.4599 603.4496 603.4394 603.4292 603.4189 603.4087 603.3985 603.3882 603.378 603.3678 603.3575 603.3473 603.3371 603.3268 603.3166 603.3064 603.2961 603.2859 603.2757 603.2654 603.2552 603.245 603.2347 603.226 603.1367 603.0046 602.8834 602.7693 602.6381 602.5109 602.3838 602.2566 602.1294 602.0129 601.8907 601.7627 601.6415 601.5032 601.3693 601.2371 601.1148 600.9976 600.8818 600.7633 600.6353 600.5135 600.3973 600.2817 600.1492 600.0159 599.8826 599.7493 599.616 599.4827
603.5648 603.5546 603.5443 603.5341 603.5239 603.5136 603.5034 603.4932 603.4829 603.4727 603.4625 603.4522 603.442 603.4318 603.4215 603.4113 603.4011 603.3908 603.3806 603.3704 603.3601 603.3499 603.3397 603.3294 603.3192 603.309 603.2987 603.2885 603.2783 603.268 603.2578 603.2476 603.2373 603.2271 603.219 603.1048 602.9906 602.8615 602.7343 602.6071 602.4799 602.3533 602.2377 602.1154 601.988 601.8647 601.7275 601.5953 601.463 601.3433 601.2261 601.1105 600.9882 600.8601 600.7383 600.6221 600.5051 600.3718 600.2385 600.1052 599.9719 599.8385 599.7056 599.5833
603.5738 603.5635 603.5533 603.5431 603.5328 603.5226 603.5124 603.5021 603.4919 603.4817 603.4714 603.4612 603.451 603.4407 603.4305 603.4203 603.41 603.3998 603.3896 603.3793 603.3691 603.3589 603.3486 603.3384 603.3282 603.3179 603.3077 603.2975 603.2872 603.277 603.2668 603.2565 603.2463 603.2361 603.2211 603.212 603.0848 602.9576 602.8304 602.7032 602.5782 602.4625 602.3402 602.2163 602.0879 601.9535 601.8212 601.689 601.5718 601.4545 601.3385 601.213 601.085 600.9632 600.8469 600.7277 600.5943 600.461 600.3277 600.1944 600.0611 599.9316 599.8082 599.6927
603.5828 603.5725 603.5623 603.5521 603.5418 603.5316 603.5214 603.5111 603.5009 603.4907 603.4804 603.4702 603.46 603.4497 603.4395 603.4293 603.419 603.4088 603.3986 603.3883 603.3781 603.3679 603.3576 603.3474 603.3372 603.3269 603.3167 603.3065 603.2962 603.2859 603.2758 603.2655 603.2552 603.2436 603.228 603.2125 603.181 603.0538 602.9266 602.803 602.6872 602.565 602.4446 602.3117 602.1794 602.0472 601.9175 601.8002 601.683 601.5659 601.4379 601.3098 601.188 601.0717 600.9502 600.8169 600.6835 600.5502 600.4169 600.2848 600.16 600.0332 599.9177 599.8022
603.5917 603.5815 603.5712 603.561 603.5508 603.5405 603.5303 603.5201 603.5098 603.4996 603.4894 603.4791 603.4689 603.4587 603.4484 603.4382 603.428 603.4177 603.4075 603.3973 603.387 603.3768 603.3666 603.3563 603.3461 603.3359 603.3256 603.3154 603.3052 603.2949 603.2847 603.2745 603.2642 603.2505 603.2349 603.2194 603.2038 603.1499 603.0279 602.912 602.79 602.6725 602.5377 602.4054 602.2732 602.1459 602.0287 601.9119 601.7907 601.6627 601.5347 601.4128 601.2965 601.1727 601.0394 600.9061 600.7728 600.6398 600.5089 600.3865 600.2582 600.1426 600.0272 599.9117
603.6006 603.5905 603.5802 603.5699 603.5598 603.5495 603.5392 603.5291 603.5188 603.5085 603.4984 603.4881 603.4778 603.4677 603.4574 603.4471 603.437 603.4267 603.4165 603.4063 603.396 603.3858 603.3755 603.3653 603.3551 603.3448 603.3346 603.3244 603.3141 603.3039 603.2937 603.2834 603.2729 603.2574 603.2418 603.2263 603.2107 603.196 603.1368 603.0182 602.8959 602.7637 602.6314 602.4991 602.3744 602.2571 602.1407 602.0156 601.8875 601.7595 601.6376 601.5214 601.3953 601.262 601.1287 600.9953 600.864 600.7345 600.613 600.4841 600.3676 600.2521 600.1367 600.0212
603.6096 603.5994 603.5892 603.5789 603.5687 603.5585 603.5482 603.538 603.5278 603.5175 603.5073 603.4971 603.4868 603.4766 603.4664 603.4561 603.4459 603.4357 603.4254 603.4152 603.405 603.3947 603.3845 603.3743 603.3641 603.3538 603.3436 603.3334 603.3231 603.3129 603.3027 603.2924 603.2798 603.2643 603.2487 603.2332 603.2177 603.2021 603.1895 603.1219 602.9896 602.8574 602.7251 602.6028 602.4856 602.3685 602.2404 602.1124 601.9844 601.8624 601.7462 601.6178 601.4845 601.3512 601.2191 601.0881 600.9628 600.8395 600.7106 600.5926 600.4771 600.3616 600.2462 600.1307
603.6186 603.6084 603.5981 603.5879 603.5777 603.5674 603.5572 603.547 603.5367 603.5265 603.5163 603.506 603.4958 603.4856 603.4753 603.4651 603.4549 603.4446 603.4344 603.4242 603.4139 603.4037 603.3935 603.3832 603.373 603.3628 603.3525 603.3423 603.3321 603.3218 603.3116 603.3023 603.2867 603.2712 603.2556 603.2401 603.2245 603.209 603.1934 603.184 603.0833 602.951 602.8313 602.7141 602.5933 602.4653 602.3372 602.2092 602.0872 601.9711 601.8403 601.707 601.5741 601.4432 601.3123 601.1912 601.066 600.9371 600.8176 600.7021 600.5866 600.4711 600.3557 600.2402
