SIN0=(2.3323384304242385,1.0,2.47,MASK0)
SIN1=(1.5765113479505768,2.0,0.17,MASK0)
SIN2=(0.478932171479853,2.5,0.12,MASK0)
SIN3=(0.47893217147985295,2.5,0.12,MASK0)
SIN4=(2.3323384304242385,1.0,2.47,MASK0)

