SIN0=(0.72911378096683,1.0,-2.13,MASK0)
SIN1=(0.6070337124154739,2.0,-0.13,MASK0)
SIN2=(0.23656995915863346,3.0,-1.74,MASK0)
SIN3=(0.38565417495586907,4.0,0.78,MASK0)
SIN4=(1.0074927356754808,5.0,-2.4,MASK0)
SIN5=(0.6623281265293341,5.5,0.11,MASK0)
SIN6=(0.9204230887343358,7.0,2.7,MASK0)
SIN7=(0.7072293102170184,7.5,-2.71,MASK0)
SIN8=(0.48384941793001235,8.5,0.27,MASK0)
SIN9=(0.5031003256670663,10.0,0.05,MASK0)
SIN10=(0.38640006887841094,11.0,2.9,MASK0)
SIN11=(0.24632750588637092,12.0,0.35,MASK0)
SIN12=(0.22957550069772253,13.0,0.79,MASK0)
SIN13=(0.353841567765694,13.5,-0.6,MASK0)
SIN14=(0.10303686989943849,15.0,0.33,MASK0)
SIN15=(0.28674051765402314,15.5,-2.96,MASK0)
SIN16=(0.24356913774630512,16.5,0.41,MASK0)
SIN17=(0.1365393568932518,17.5,0.49,MASK0)
SIN18=(0.1464324505363765,18.5,0.51,MASK0)
SIN19=(0.1590399456414487,19.5,3.19,MASK0)
SIN20=(0.17395100052176676,21.0,-2.79,MASK0)
SIN21=(0.1557987164207216,21.5,-2.96,MASK0)
SIN22=(0.2650875544625169,23.0,-3.06,MASK0)
SIN23=(0.19866475924021604,24.0,-0.32,MASK0)
SIN24=(0.20829777521704654,24.5,-2.53,MASK0)
SIN25=(0.14440105109858242,25.5,0.24,MASK0)
SIN26=(0.2650875544625169,23.0,-3.06,MASK0)
SIN27=(0.15579871642072157,21.5,-2.96,MASK0)
SIN28=(0.17395100052176676,21.0,-2.79,MASK0)
SIN29=(0.1590399456414487,19.5,3.19,MASK0)
SIN30=(0.14643245053637644,18.5,0.51,MASK0)
SIN31=(0.1365393568932518,17.5,0.49,MASK0)
SIN32=(0.2435691377463052,16.5,0.41,MASK0)
SIN33=(0.2867405176540232,15.5,-2.96,MASK0)
SIN34=(0.10303686989943847,15.0,0.33,MASK0)
SIN35=(0.353841567765694,13.5,-0.6,MASK0)
SIN36=(0.22957550069772242,13.0,0.79,MASK0)
SIN37=(0.24632750588637095,12.0,0.35,MASK0)
SIN38=(0.3864000688784109,11.0,2.9,MASK0)
SIN39=(0.5031003256670663,10.0,0.05,MASK0)
SIN40=(0.48384941793001235,8.5,0.27,MASK0)
SIN41=(0.7072293102170184,7.5,-2.71,MASK0)
SIN42=(0.9204230887343359,7.0,2.7,MASK0)
SIN43=(0.6623281265293341,5.5,0.11,MASK0)
SIN44=(1.0074927356754806,5.0,-2.4,MASK0)
SIN45=(0.38565417495586907,4.0,0.78,MASK0)
SIN46=(0.23656995915863344,3.0,-1.74,MASK0)
SIN47=(0.6070337124154739,2.0,-0.13,MASK0)
SIN48=(0.7291137809668302,1.0,-2.13,MASK0)

