SIN0=(2.3323384304242385,1.0,2.47,MASK0)
SIN1=(1.5765113479505772,2.0,0.17,MASK0)
SIN2=(0.47893217147985295,2.5,0.12,MASK0)

