SIN0=(0.10129279265194316,1.0,-2.15,MASK0)
SIN1=(0.015598790460192236,1.5,0.27,MASK0)
SIN2=(0.2020839080038147,3.0,-1.75,MASK0)
SIN3=(0.16162604384957835,4.0,0.43,MASK0)
SIN4=(0.1421471639652736,5.0,-0.25,MASK0)
SIN5=(0.016253682449644508,6.0,-1.1,MASK0)
SIN6=(0.08386142072094369,7.0,3.04,MASK0)
SIN7=(0.03566586956425751,8.0,-0.18,MASK0)
SIN8=(0.06459871577137583,9.0,1.1,MASK0)
SIN9=(0.07711634092294153,10.0,0.16,MASK0)
SIN10=(0.056296041148086624,11.0,0.36,MASK0)
SIN11=(0.048405429603184516,11.5,-2.95,MASK0)
SIN12=(0.019369021691767484,13.0,0.39,MASK0)
SIN13=(0.07711634092294155,10.0,0.16,MASK0)
SIN14=(0.06459871577137583,9.0,1.1,MASK0)
SIN15=(0.03566586956425753,8.0,-0.18,MASK0)
SIN16=(0.08386142072094373,7.0,3.04,MASK0)
SIN17=(0.016253682449644508,6.0,-1.1,MASK0)
SIN18=(0.1421471639652736,5.0,-0.25,MASK0)
SIN19=(0.16162604384957838,4.0,0.43,MASK0)
SIN20=(0.2020839080038147,3.0,-1.75,MASK0)
SIN21=(0.015598790460192247,1.5,0.27,MASK0)
SIN22=(0.10129279265194319,1.0,-2.15,MASK0)

