sfe24_gcs_analysis/sfe_24.asc
ncols         381
nrows         215
xllcorner     9882.3321000119
yllcorner     19890.154994244
cellsize      0.7
NODATA_value  -9999
[rows 62 to 92 of 215, columns 71 to 141 of 381]
1002.858 1002.865 1002.871 1002.875 1002.861 1002.831 1002.889 1002.948 1003.006 1003.04 1003.07 1003.101 1003.131 1003.162 1003.157 1003.114 1003.071 1003.029 1002.986 1002.943 1002.9 1002.857 1002.815 1002.772 1002.754 1002.832 1002.909 1002.987 1002.946 1002.811 1002.676 1002.544 1002.411 1002.276 1002.146 1002.014 1001.893 1001.778 1001.692 1001.618 1001.543 1001.472 1001.398 1001.323 1001.246 1001.113 1000.949 1000.782 1000.593 1000.376 1000.261 1000.182 1000.064 1000.033 1000.063 999.961 999.7764 999.6249 999.5114 999.4659 999.4382 999.4086 999.3778 999.3471 999.3168 999.3008 999.32 999.367 999.4124 999.4524 999.4862
1002.839 1002.846 1002.852 1002.858 1002.865 1002.866 1002.848 1002.833 1002.891 1002.949 1003.006 1003.037 1003.067 1003.098 1003.128 1003.159 1003.139 1003.096 1003.053 1003.011 1002.968 1002.925 1002.882 1002.839 1002.797 1002.754 1002.711 1002.68 1002.758 1002.835 1002.913 1002.957 1002.824 1002.691 1002.556 1002.426 1002.291 1002.162 1002.043 1001.942 1001.868 1001.793 1001.722 1001.648 1001.573 1001.477 1001.347 1001.212 1001.051 1000.895 1000.788 1000.64 1000.479 1000.375 1000.314 1000.2 1000.014 999.8317 999.6701 999.5334 999.4541 999.4236 999.3926 999.3618 999.3305 999.3035 999.3123 999.3599 999.4067 999.4484 999.4838
-9999 1002.817 1002.833 1002.839 1002.846 1002.852 1002.858 1002.858 1002.836 1002.834 1002.893 1002.951 1003.003 1003.034 1003.064 1003.095 1003.125 1003.155 1003.121 1003.078 1003.035 1002.992 1002.95 1002.907 1002.864 1002.821 1002.779 1002.736 1002.693 1002.65 1002.608 1002.684 1002.761 1002.839 1002.968 1002.836 1002.704 1002.571 1002.436 1002.318 1002.207 1002.118 1002.043 1001.972 1001.898 1001.798 1001.672 1001.542 1001.411 1001.283 1001.161 1001.027 1000.879 1000.746 1000.623 1000.485 1000.353 1000.217 1000.08 999.9581 999.8417 999.6878 999.5077 999.3813 999.344 999.3119 999.314 999.3521 999.399 999.4434 999.4799
-9999 -9999 -9999 1002.812 1002.826 1002.833 1002.839 1002.846 1002.852 1002.849 1002.823 1002.836 1002.894 1002.953 1003 1003.031 1003.061 1003.091 1003.122 1003.146 1003.103 1003.06 1003.017 1002.974 1002.932 1002.889 1002.846 1002.803 1002.761 1002.718 1002.675 1002.632 1002.59 1002.547 1002.609 1002.687 1002.764 1002.986 1002.851 1002.716 1002.592 1002.462 1002.368 1002.293 1002.222 1002.127 1002.002 1001.872 1001.752 1001.642 1001.534 1001.396 1001.251 1001.081 1000.871 1000.755 1000.708 1000.659 1000.612 1000.564 1000.509 1000.359 1000.19 1000.069 999.9493 999.8254 999.7057 999.5658 999.507 999.4563 999.4789
-9999 -9999 -9999 -9999 -9999 1002.807 1002.82 1002.826 1002.833 1002.839 1002.846 1002.84 1002.811 1002.838 1002.896 1002.954 1002.997 1003.028 1003.058 1003.088 1003.119 1003.128 1003.085 1003.042 1002.999 1002.956 1002.914 1002.871 1002.828 1002.785 1002.743 1002.7 1002.657 1002.614 1002.572 1002.529 1002.486 1002.535 1002.613 1002.693 1002.928 1002.866 1002.743 1002.628 1002.543 1002.452 1002.332 1002.211 1002.112 1002.019 1001.901 1001.759 1001.582 1001.328 1001.087 1000.952 1000.922 1000.892 1000.862 1000.832 1000.79 1000.758 1000.757 1000.703 1000.647 1000.593 1000.52 1000.408 1000.256 1000.055 999.782
-9999 -9999 -9999 -9999 -9999 -9999 -9999 1002.802 1002.813 1002.82 1002.826 1002.833 1002.839 1002.831 1002.798 1002.839 1002.898 1002.956 1002.994 1003.024 1003.055 1003.085 1003.116 1003.109 1003.067 1003.024 1002.981 1002.938 1002.896 1002.853 1002.81 1002.767 1002.725 1002.682 1002.639 1002.596 1002.553 1002.511 1002.468 1002.425 1002.461 1002.539 1002.707 1002.831 1002.877 1002.777 1002.674 1002.582 1002.489 1002.389 1002.263 1002.076 1001.816 1001.556 1001.3 1001.142 1001.092 1001.062 1001.032 1001.002 1000.967 1001.016 1001.091 1001.056 1001.021 1000.991 1000.95 1000.886 1000.768 1000.54 1000.227
-9999 -9999 -9999 -9999 -9999 -9999 -9999 -9999 1002.756 1002.797 1002.807 1002.813 1002.82 1002.826 1002.833 1002.822 1002.786 1002.841 1002.899 1002.958 1002.991 1003.021 1003.052 1003.082 1003.113 1003.091 1003.049 1003.006 1002.963 1002.92 1002.878 1002.835 1002.792 1002.749 1002.707 1002.664 1002.621 1002.578 1002.535 1002.493 1002.45 1002.407 1002.364 1002.387 1002.464 1002.65 1002.734 1002.955 1002.862 1002.748 1002.538 1002.298 1002.038 1001.778 1001.518 1001.337 1001.262 1001.227 1001.194 1001.164 1001.145 1001.258 1001.363 1001.333 1001.301 1001.271 1001.241 1001.167 1001.017 1000.838 1000.683
-9999 -9999 -9999 -9999 -9999 -9999 -9999 -9999 -9999 -9999 1002.766 1002.791 1002.8 1002.807 1002.813 1002.82 1002.825 1002.811 1002.784 1002.842 1002.901 1002.957 1002.988 1003.018 1003.049 1003.079 1003.11 1003.073 1003.031 1002.988 1002.945 1002.902 1002.86 1002.817 1002.774 1002.731 1002.688 1002.646 1002.603 1002.56 1002.517 1002.475 1002.432 1002.389 1002.346 1002.304 1002.313 1002.393 1002.554 1002.76 1002.747 1002.526 1002.266 1002.006 1001.743 1001.529 1001.424 1001.394 1001.362 1001.329 1001.33 1001.483 1001.611 1001.611 1001.581 1001.551 1001.5 1001.372 1001.217 1001.062 1000.927
-9999 -9999 -9999 -9999 -9999 -9999 -9999 -9999 -9999 -9999 -9999 -9999 1002.766 1002.786 1002.794 1002.8 1002.807 1002.813 1002.816 1002.798 1002.786 1002.844 1002.902 1002.954 1002.985 1003.015 1003.046 1003.076 1003.098 1003.055 1003.013 1002.97 1002.927 1002.884 1002.841 1002.799 1002.756 1002.713 1002.67 1002.628 1002.585 1002.542 1002.499 1002.457 1002.414 1002.371 1002.328 1002.286 1002.243 1002.239 1002.373 1002.532 1002.458 1002.228 1001.966 1001.727 1001.592 1001.562 1001.529 1001.489 1001.518 1001.703 1001.861 1001.891 1001.861 1001.822 1001.723 1001.567 1001.42 1001.285 1001.175
-9999 -9999 -9999 -9999 -9999 -9999 -9999 -9999 -9999 -9999 -9999 -9999 -9999 -9999 1002.761 1002.781 1002.787 1002.794 1002.8 1002.807 1002.807 1002.786 1002.787 1002.846 1002.904 1002.951 1002.982 1003.012 1003.043 1003.073 1003.08 1003.037 1002.995 1002.952 1002.909 1002.866 1002.823 1002.781 1002.738 1002.695 1002.652 1002.61 1002.567 1002.524 1002.481 1002.439 1002.396 1002.353 1002.31 1002.268 1002.225 1002.182 1002.164 1002.305 1002.189 1001.932 1001.777 1001.732 1001.697 1001.657 1001.722 1001.92 1002.106 1002.171 1002.141 1002.072 1001.922 1001.787 1001.663 1001.556 1001.466
-9999 -9999 -9999 -9999 -9999 -9999 -9999 -9999 -9999 -9999 -9999 -9999 -9999 -9999 -9999 -9999 1002.756 1002.775 1002.781 1002.787 1002.794 1002.8 1002.798 1002.773 1002.789 1002.847 1002.906 1002.948 1002.979 1003.009 1003.04 1003.07 1003.062 1003.019 1002.977 1002.934 1002.891 1002.848 1002.805 1002.763 1002.72 1002.677 1002.634 1002.592 1002.549 1002.506 1002.463 1002.421 1002.378 1002.335 1002.292 1002.249 1002.207 1002.164 1002.121 1002.094 1001.977 1001.897 1001.859 1001.819 1001.903 1002.138 1002.356 1002.451 1002.4 1002.28 1002.145 1002.041 1001.95 1001.867 1001.792
-9999 -9999 -9999 -9999 -9999 -9999 -9999 -9999 -9999 -9999 -9999 -9999 -9999 -9999 -9999 -9999 -9999 -9999 1002.751 1002.768 1002.775 1002.781 1002.787 1002.794 1002.789 1002.761 1002.791 1002.849 1002.907 1002.945 1002.976 1003.006 1003.036 1003.067 1003.044 1003.001 1002.958 1002.916 1002.873 1002.83 1002.787 1002.745 1002.702 1002.659 1002.616 1002.574 1002.531 1002.488 1002.445 1002.403 1002.36 1002.317 1002.274 1002.231 1002.189 1002.146 1002.103 1002.075 1002.089 1002.012 1002.11 1002.353 1002.597 1002.707 1002.636 1002.524 1002.438 1002.357 1002.277 1002.2 1002.125
-9999 -9999 -9999 -9999 -9999 -9999 -9999 -9999 -9999 -9999 -9999 -9999 -9999 -9999 -9999 -9999 -9999 -9999 -9999 -9999 1002.746 1002.762 1002.768 1002.775 1002.781 1002.787 1002.781 1002.748 1002.792 1002.851 1002.909 1002.942 1002.972 1003.003 1003.033 1003.064 1003.026 1002.983 1002.94 1002.898 1002.855 1002.812 1002.769 1002.727 1002.684 1002.641 1002.598 1002.556 1002.513 1002.47 1002.427 1002.384 1002.342 1002.299 1002.256 1002.213 1002.171 1002.128 1002.085 1002.087 1002.125 1002.118 1002.093 1002.372 1002.887 1002.847 1002.767 1002.69 1002.615 1002.537 1002.457
-9999 -9999 -9999 -9999 -9999 -9999 -9999 -9999 -9999 -9999 -9999 -9999 -9999 -9999 -9999 -9999 -9999 -9999 -9999 -9999 -9999 -9999 1002.741 1002.755 1002.762 1002.768 1002.775 1002.781 1002.772 1002.736 1002.794 1002.852 1002.909 1002.939 1002.969 1003 1003.03 1003.051 1003.008 1002.965 1002.922 1002.88 1002.837 1002.794 1002.751 1002.709 1002.666 1002.623 1002.58 1002.537 1002.495 1002.452 1002.409 1002.366 1002.324 1002.281 1002.238 1002.195 1002.153 1002.11 1002.067 1002.099 1002.137 1002.176 1002.148 1002.156 1002.423 1002.702 1002.945 1002.867 1002.79
-9999 -9999 -9999 -9999 -9999 -9999 -9999 -9999 -9999 -9999 -9999 -9999 -9999 -9999 -9999 -9999 -9999 -9999 -9999 -9999 -9999 -9999 -9999 -9999 1002.736 1002.749 1002.755 1002.762 1002.768 1002.774 1002.76 1002.737 1002.796 1002.854 1002.905 1002.936 1002.966 1002.997 1003.027 1003.033 1002.99 1002.947 1002.904 1002.862 1002.819 1002.776 1002.733 1002.691 1002.648 1002.605 1002.562 1002.519 1002.477 1002.434 1002.391 1002.348 1002.306 1002.263 1002.22 1002.177 1002.135 1002.092 1002.073 1002.111 1002.149 1002.188 1002.226 1002.177 1002.222 1002.474 1002.753
-9999 -9999 -9999 -9999 -9999 -9999 -9999 -9999 -9999 -9999 -9999 -9999 -9999 -9999 -9999 -9999 -9999 -9999 -9999 -9999 -9999 -9999 -9999 -9999 -9999 -9999 1002.731 1002.742 1002.749 1002.755 1002.762 1002.765 1002.748 1002.739 1002.797 1002.856 1002.902 1002.933 1002.963 1002.994 1003.024 1003.015 1002.972 1002.929 1002.886 1002.844 1002.801 1002.758 1002.715 1002.672 1002.63 1002.587 1002.544 1002.501 1002.459 1002.416 1002.373 1002.33 1002.288 1002.245 1002.202 1002.159 1002.117 1002.074 1002.085 1002.123 1002.161 1002.199 1002.238 1002.276 1002.211
-9999 -9999 -9999 -9999 -9999 -9999 -9999 -9999 -9999 -9999 -9999 -9999 -9999 -9999 -9999 -9999 -9999 -9999 -9999 -9999 -9999 -9999 -9999 -9999 -9999 -9999 -9999 -9999 1002.726 1002.736 1002.742 1002.749 1002.755 1002.756 1002.735 1002.741 1002.799 1002.857 1002.899 1002.93 1002.96 1002.991 1003.021 1002.997 1002.954 1002.911 1002.868 1002.826 1002.783 1002.74 1002.697 1002.654 1002.612 1002.569 1002.526 1002.483 1002.441 1002.398 1002.355 1002.312 1002.27 1002.227 1002.184 1002.141 1002.099 1002.059 1002.097 1002.135 1002.173 1002.211 1002.25
-9999 -9999 -9999 -9999 -9999 -9999 -9999 -9999 -9999 -9999 -9999 -9999 -9999 -9999 -9999 -9999 -9999 -9999 -9999 -9999 -9999 -9999 -9999 -9999 -9999 -9999 -9999 -9999 -9999 1002.686 1002.721 1002.729 1002.736 1002.742 1002.749 1002.748 1002.723 1002.742 1002.801 1002.859 1002.896 1002.927 1002.957 1002.988 1003.018 1002.979 1002.936 1002.893 1002.85 1002.807 1002.765 1002.722 1002.679 1002.636 1002.594 1002.551 1002.508 1002.465 1002.423 1002.38 1002.337 1002.294 1002.252 1002.209 1002.166 1002.123 1002.08 1002.071 1002.109 1002.147 1002.185
-9999 -9999 -9999 -9999 -9999 -9999 -9999 -9999 -9999 -9999 -9999 -9999 -9999 -9999 -9999 -9999 -9999 -9999 -9999 -9999 -9999 -9999 -9999 -9999 -9999 -9999 -9999 -9999 -9999 -9999 -9999 1002.695 1002.716 1002.723 1002.729 1002.736 1002.742 1002.739 1002.71 1002.744 1002.802 1002.861 1002.893 1002.924 1002.954 1002.985 1003.003 1002.961 1002.918 1002.875 1002.832 1002.789 1002.747 1002.704 1002.661 1002.618 1002.576 1002.533 1002.49 1002.447 1002.405 1002.362 1002.319 1002.276 1002.233 1002.191 1002.148 1002.105 1002.062 1002.083 1002.121
-9999 -9999 -9999 -9999 -9999 -9999 -9999 -9999 -9999 -9999 -9999 -9999 -9999 -9999 -9999 -9999 -9999 -9999 -9999 -9999 -9999 -9999 -9999 -9999 -9999 -9999 -9999 -9999 -9999 -9999 -9999 -9999 -9999 1002.69 1002.71 1002.716 1002.723 1002.729 1002.736 1002.73 1002.698 1002.745 1002.804 1002.86 1002.89 1002.921 1002.951 1002.982 1002.985 1002.943 1002.9 1002.857 1002.814 1002.771 1002.729 1002.686 1002.643 1002.6 1002.558 1002.515 1002.472 1002.429 1002.387 1002.344 1002.301 1002.258 1002.215 1002.173 1002.13 1002.087 1002.057
-9999 -9999 -9999 -9999 -9999 -9999 -9999 -9999 -9999 -9999 -9999 -9999 -9999 -9999 -9999 -9999 -9999 -9999 -9999 -9999 -9999 -9999 -9999 -9999 -9999 -9999 -9999 -9999 -9999 -9999 -9999 -9999 -9999 -9999 -9999 1002.685 1002.704 1002.71 1002.716 1002.723 1002.729 1002.721 1002.689 1002.747 1002.805 1002.857 1002.887 1002.917 1002.948 1002.978 1002.967 1002.924 1002.882 1002.839 1002.796 1002.753 1002.711 1002.668 1002.625 1002.582 1002.54 1002.497 1002.454 1002.411 1002.368 1002.326 1002.283 1002.24 1002.197 1002.155 1002.112
-9999 -9999 -9999 -9999 -9999 -9999 -9999 -9999 -9999 -9999 -9999 -9999 -9999 -9999 -9999 -9999 -9999 -9999 -9999 -9999 -9999 -9999 -9999 -9999 -9999 -9999 -9999 -9999 -9999 -9999 -9999 -9999 -9999 -9999 -9999 -9999 -9999 1002.68 1002.697 1002.704 1002.71 1002.716 1002.723 1002.71 1002.69 1002.749 1002.807 1002.854 1002.884 1002.914 1002.945 1002.975 1002.949 1002.906 1002.864 1002.821 1002.778 1002.735 1002.693 1002.65 1002.607 1002.564 1002.521 1002.479 1002.436 1002.393 1002.35 1002.308 1002.265 1002.222 1002.179
-9999 -9999 -9999 -9999 -9999 -9999 -9999 -9999 -9999 -9999 -9999 -9999 -9999 -9999 -9999 -9999 -9999 -9999 -9999 -9999 -9999 -9999 -9999 -9999 -9999 -9999 -9999 -9999 -9999 -9999 -9999 -9999 -9999 -9999 -9999 -9999 -9999 -9999 -9999 1002.675 1002.691 1002.697 1002.704 1002.71 1002.715 1002.698 1002.692 1002.75 1002.809 1002.85 1002.881 1002.911 1002.942 1002.972 1002.931 1002.888 1002.846 1002.803 1002.76 1002.717 1002.675 1002.632 1002.589 1002.546 1002.503 1002.461 1002.418 1002.375 1002.332 1002.29 1002.247
-9999 -9999 -9999 -9999 -9999 -9999 -9999 -9999 -9999 -9999 -9999 -9999 -9999 -9999 -9999 -9999 -9999 -9999 -9999 -9999 -9999 -9999 -9999 -9999 -9999 -9999 -9999 -9999 -9999 -9999 -9999 -9999 -9999 -9999 -9999 -9999 -9999 -9999 -9999 -9999 -9999 1002.67 1002.684 1002.691 1002.697 1002.704 1002.706 1002.685 1002.694 1002.752 1002.81 1002.847 1002.878 1002.908 1002.939 1002.956 1002.913 1002.87 1002.828 1002.785 1002.742 1002.699 1002.656 1002.614 1002.571 1002.528 1002.485 1002.443 1002.4 1002.357 1002.314
-9999 -9999 -9999 -9999 -9999 -9999 -9999 -9999 -9999 -9999 -9999 -9999 -9999 -9999 -9999 -9999 -9999 -9999 -9999 -9999 -9999 -9999 -9999 -9999 -9999 -9999 -9999 -9999 -9999 -9999 -9999 -9999 -9999 -9999 -9999 -9999 -9999 -9999 -9999 -9999 -9999 -9999 -9999 1002.665 1002.678 1002.684 1002.691 1002.697 1002.697 1002.672 1002.695 1002.754 1002.812 1002.844 1002.875 1002.905 1002.936 1002.938 1002.895 1002.852 1002.81 1002.767 1002.724 1002.681 1002.638 1002.596 1002.553 1002.51 1002.467 1002.425 1002.382
-9999 -9999 -9999 -9999 -9999 -9999 -9999 -9999 -9999 -9999 -9999 -9999 -9999 -9999 -9999 -9999 -9999 -9999 -9999 -9999 -9999 -9999 -9999 -9999 -9999 -9999 -9999 -9999 -9999 -9999 -9999 -9999 -9999 -9999 -9999 -9999 -9999 -9999 -9999 -9999 -9999 -9999 -9999 -9999 -9999 1002.66 1002.671 1002.678 1002.684 1002.691 1002.688 1002.66 1002.697 1002.755 1002.811 1002.841 1002.872 1002.902 1002.933 1002.92 1002.877 1002.834 1002.792 1002.749 1002.706 1002.663 1002.62 1002.578 1002.535 1002.492 1002.449
-9999 -9999 -9999 -9999 -9999 -9999 -9999 -9999 -9999 -9999 -9999 -9999 -9999 -9999 -9999 -9999 -9999 -9999 -9999 -9999 -9999 -9999 -9999 -9999 -9999 -9999 -9999 -9999 -9999 -9999 -9999 -9999 -9999 -9999 -9999 -9999 -9999 -9999 -9999 -9999 -9999 -9999 -9999 -9999 -9999 -9999 -9999 1002.655 1002.665 1002.671 1002.678 1002.684 1002.679 1002.647 1002.699 1002.757 1002.808 1002.838 1002.869 1002.899 1002.93 1002.902 1002.859 1002.816 1002.773 1002.731 1002.688 1002.645 1002.602 1002.56 1002.517
-9999 -9999 -9999 -9999 -9999 -9999 -9999 -9999 -9999 -9999 -9999 -9999 -9999 -9999 -9999 -9999 -9999 -9999 -9999 -9999 -9999 -9999 -9999 -9999 -9999 -9999 -9999 -9999 -9999 -9999 -9999 -9999 -9999 -9999 -9999 -9999 -9999 -9999 -9999 -9999 -9999 -9999 -9999 -9999 -9999 -9999 -9999 -9999 -9999 1002.65 1002.658 1002.665 1002.671 1002.678 1002.67 1002.642 1002.7 1002.759 1002.805 1002.835 1002.866 1002.896 1002.926 1002.884 1002.841 1002.798 1002.755 1002.713 1002.67 1002.627 1002.584
-9999 -9999 -9999 -9999 -9999 -9999 -9999 -9999 -9999 -9999 -9999 -9999 -9999 -9999 -9999 -9999 -9999 -9999 -9999 -9999 -9999 -9999 -9999 -9999 -9999 -9999 -9999 -9999 -9999 -9999 -9999 -9999 -9999 -9999 -9999 -9999 -9999 -9999 -9999 -9999 -9999 -9999 -9999 -9999 -9999 -9999 -9999 -9999 -9999 -9999 1002.616 1002.645 1002.652 1002.658 1002.665 1002.671 1002.66 1002.644 1002.702 1002.76 1002.802 1002.832 1002.862 1002.893 1002.908 1002.866 1002.823 1002.78 1002.737 1002.695 1002.652
-9999 -9999 -9999 -9999 -9999 -9999 -9999 -9999 -9999 -9999 -9999 -9999 -9999 -9999 -9999 -9999 -9999 -9999 -9999 -9999 -9999 -9999 -9999 -9999 -9999 -9999 -9999 -9999 -9999 -9999 -9999 -9999 -9999 -9999 -9999 -9999 -9999 -9999 -9999 -9999 -9999 -9999 -9999 -9999 -9999 -9999 -9999 -9999 -9999 -9999 -9999 -9999 1002.62 1002.639 1002.645 1002.652 1002.658 1002.664 1002.647 1002.645 1002.704 1002.762 1002.799 1002.829 1002.859 1002.89 1002.89 1002.848 1002.805 1002.762 1002.719
-9999 -9999 -9999 -9999 -9999 -9999 -9999 -9999 -9999 -9999 -9999 -9999 -9999 -9999 -9999 -9999 -9999 -9999 -9999 -9999 -9999 -9999 -9999 -9999 -9999 -9999 -9999 -9999 -9999 -9999 -9999 -9999 -9999 -9999 -9999 -9999 -9999 -9999 -9999 -9999 -9999 -9999 -9999 -9999 -9999 -9999 -9999 -9999 -9999 -9999 -9999 -9999 -9999 -9999 1002.615 1002.633 1002.639 1002.645 1002.652 1002.655 1002.635 1002.647 1002.705 1002.764 1002.795 1002.826 1002.856 1002.887 1002.872 1002.83 1002.787
