sfe24_gcs_analysis/sfe_24.asc
ncols         381
nrows         215
xllcorner     9882.3321000119
yllcorner     19890.154994244
cellsize      0.7
NODATA_value  -9999
[rows 124 to 154 of 215, columns 284 to 354 of 381]
1000.03 1000.055 1000.076 1000.14 1000.353 1000.446 1000.647 1000.782 1000.986 1001.12 1001.317 1001.417 1001.617 1001.729 1001.921 1002.12 1002.318 1002.514 1002.709 1002.904 -9999 -9999 -9999 -9999 -9999 -9999 -9999 -9999 -9999 -9999 -9999 -9999 -9999 -9999 -9999 -9999 -9999 -9999 -9999 -9999 -9999 -9999 -9999 -9999 -9999 -9999 -9999 -9999 -9999 -9999 -9999 -9999 -9999 -9999 -9999 -9999 -9999 -9999 -9999 -9999 -9999 -9999 -9999 -9999 -9999 -9999 -9999 -9999 -9999 -9999 -9999
1000.055 1000.031 1000.057 1000.079 1000.137 1000.35 1000.437 1000.638 1000.77 1000.973 1001.104 1001.301 1001.396 1001.596 1001.704 1001.897 1002.096 1002.294 1002.489 1002.684 1002.879 -9999 -9999 -9999 -9999 -9999 -9999 -9999 -9999 -9999 -9999 -9999 -9999 -9999 -9999 -9999 -9999 -9999 -9999 -9999 -9999 -9999 -9999 -9999 -9999 -9999 -9999 -9999 -9999 -9999 -9999 -9999 -9999 -9999 -9999 -9999 -9999 -9999 -9999 -9999 -9999 -9999 -9999 -9999 -9999 -9999 -9999 -9999 -9999 -9999 -9999
1000.075 1000.057 1000.033 1000.06 1000.081 1000.134 1000.348 1000.428 1000.629 1000.757 1000.961 1001.088 1001.285 1001.375 1001.575 1001.68 1001.872 1002.072 1002.269 1002.465 1002.66 1002.855 -9999 -9999 -9999 -9999 -9999 -9999 -9999 -9999 -9999 -9999 -9999 -9999 -9999 -9999 -9999 -9999 -9999 -9999 -9999 -9999 -9999 -9999 -9999 -9999 -9999 -9999 -9999 -9999 -9999 -9999 -9999 -9999 -9999 -9999 -9999 -9999 -9999 -9999 -9999 -9999 -9999 -9999 -9999 -9999 -9999 -9999 -9999 -9999 -9999
1000.031 1000.078 1000.058 1000.034 1000.063 1000.084 1000.131 1000.345 1000.419 1000.619 1000.744 1000.948 1001.072 1001.269 1001.355 1001.554 1001.655 1001.848 1002.047 1002.245 1002.44 1002.635 1002.83 -9999 -9999 -9999 -9999 -9999 -9999 -9999 -9999 -9999 -9999 -9999 -9999 -9999 -9999 -9999 -9999 -9999 -9999 -9999 -9999 -9999 -9999 -9999 -9999 -9999 -9999 -9999 -9999 -9999 -9999 -9999 -9999 -9999 -9999 -9999 -9999 -9999 -9999 -9999 -9999 -9999 -9999 -9999 -9999 -9999 -9999 -9999 -9999
1000.022 1000.033 1000.08 1000.06 1000.035 1000.065 1000.086 1000.128 1000.342 1000.41 1000.61 1000.732 1000.935 1001.056 1001.253 1001.334 1001.534 1001.63 1001.823 1002.023 1002.221 1002.416 1002.61 1002.806 -9999 -9999 -9999 -9999 -9999 -9999 -9999 -9999 -9999 -9999 -9999 -9999 -9999 -9999 -9999 -9999 -9999 -9999 -9999 -9999 -9999 -9999 -9999 -9999 -9999 -9999 -9999 -9999 -9999 -9999 -9999 -9999 -9999 -9999 -9999 -9999 -9999 -9999 -9999 -9999 -9999 -9999 -9999 -9999 -9999 -9999 -9999
999.9898 1000.026 1000.036 1000.082 1000.061 1000.037 1000.068 1000.089 1000.125 1000.339 1000.401 1000.601 1000.719 1000.923 1001.04 1001.237 1001.313 1001.513 1001.606 1001.799 1001.998 1002.196 1002.391 1002.586 1002.782 -9999 -9999 -9999 -9999 -9999 -9999 -9999 -9999 -9999 -9999 -9999 -9999 -9999 -9999 -9999 -9999 -9999 -9999 -9999 -9999 -9999 -9999 -9999 -9999 -9999 -9999 -9999 -9999 -9999 -9999 -9999 -9999 -9999 -9999 -9999 -9999 -9999 -9999 -9999 -9999 -9999 -9999 -9999 -9999 -9999 -9999
1000.126 999.994 1000.03 1000.038 1000.085 1000.063 1000.038 1000.07 1000.091 1000.123 1000.336 1000.392 1000.592 1000.706 1000.91 1001.024 1001.221 1001.293 1001.492 1001.581 1001.774 1001.974 1002.172 1002.367 1002.561 1002.757 1002.953 -9999 -9999 -9999 -9999 -9999 -9999 -9999 -9999 -9999 -9999 -9999 -9999 -9999 -9999 -9999 -9999 -9999 -9999 -9999 -9999 -9999 -9999 -9999 -9999 -9999 -9999 -9999 -9999 -9999 -9999 -9999 -9999 -9999 -9999 -9999 -9999 -9999 -9999 -9999 -9999 -9999 -9999 -9999 -9999
1000.231 1000.137 999.9981 1000.034 1000.04 1000.087 1000.064 1000.04 1000.073 1000.094 1000.12 1000.333 1000.383 1000.583 1000.694 1000.897 1001.009 1001.206 1001.272 1001.471 1001.557 1001.75 1001.95 1002.147 1002.342 1002.537 1002.733 1002.929 -9999 -9999 -9999 -9999 -9999 -9999 -9999 -9999 -9999 -9999 -9999 -9999 -9999 -9999 -9999 -9999 -9999 -9999 -9999 -9999 -9999 -9999 -9999 -9999 -9999 -9999 -9999 -9999 -9999 -9999 -9999 -9999 -9999 -9999 -9999 -9999 -9999 -9999 -9999 -9999 -9999 -9999 -9999
1000.451 1000.242 1000.148 1000.002 1000.038 1000.043 1000.089 1000.065 1000.041 1000.075 1000.096 1000.117 1000.33 1000.373 1000.574 1000.681 1000.885 1000.993 1001.19 1001.251 1001.451 1001.532 1001.725 1001.925 1002.123 1002.318 1002.513 1002.709 1002.904 -9999 -9999 -9999 -9999 -9999 -9999 -9999 -9999 -9999 -9999 -9999 -9999 -9999 -9999 -9999 -9999 -9999 -9999 -9999 -9999 -9999 -9999 -9999 -9999 -9999 -9999 -9999 -9999 -9999 -9999 -9999 -9999 -9999 -9999 -9999 -9999 -9999 -9999 -9999 -9999 -9999 -9999
1000.555 1000.468 1000.253 1000.159 1000.006 1000.042 1000.045 1000.092 1000.067 1000.042 1000.078 1000.099 1000.114 1000.328 1000.364 1000.565 1000.668 1000.872 1000.977 1001.174 1001.23 1001.43 1001.508 1001.701 1001.901 1002.099 1002.293 1002.488 1002.685 1002.879 -9999 -9999 -9999 -9999 -9999 -9999 -9999 -9999 -9999 -9999 -9999 -9999 -9999 -9999 -9999 -9999 -9999 -9999 -9999 -9999 -9999 -9999 -9999 -9999 -9999 -9999 -9999 -9999 -9999 -9999 -9999 -9999 -9999 -9999 -9999 -9999 -9999 -9999 -9999 -9999 -9999
1000.633 1000.571 1000.485 1000.264 1000.169 1000.011 1000.047 1000.047 1000.094 1000.068 1000.044 1000.08 1000.102 1000.111 1000.325 1000.355 1000.556 1000.656 1000.859 1000.961 1001.158 1001.21 1001.409 1001.483 1001.676 1001.876 1002.074 1002.269 1002.464 1002.66 1002.855 -9999 -9999 -9999 -9999 -9999 -9999 -9999 -9999 -9999 -9999 -9999 -9999 -9999 -9999 -9999 -9999 -9999 -9999 -9999 -9999 -9999 -9999 -9999 -9999 -9999 -9999 -9999 -9999 -9999 -9999 -9999 -9999 -9999 -9999 -9999 -9999 -9999 -9999 -9999 -9999
1000.577 1000.651 1000.588 1000.502 1000.274 1000.18 1000.015 1000.051 1000.05 1000.096 1000.07 1000.045 1000.083 1000.104 1000.108 1000.322 1000.346 1000.547 1000.643 1000.847 1000.945 1001.142 1001.189 1001.388 1001.459 1001.652 1001.852 1002.05 1002.244 1002.44 1002.636 1002.83 -9999 -9999 -9999 -9999 -9999 -9999 -9999 -9999 -9999 -9999 -9999 -9999 -9999 -9999 -9999 -9999 -9999 -9999 -9999 -9999 -9999 -9999 -9999 -9999 -9999 -9999 -9999 -9999 -9999 -9999 -9999 -9999 -9999 -9999 -9999 -9999 -9999 -9999 -9999
1000.528 1000.595 1000.669 1000.605 1000.519 1000.285 1000.191 1000.019 1000.055 1000.052 1000.099 1000.071 1000.047 1000.085 1000.107 1000.105 1000.319 1000.337 1000.537 1000.63 1000.834 1000.929 1001.126 1001.168 1001.368 1001.434 1001.627 1001.828 1002.025 1002.22 1002.415 1002.611 1002.805 -9999 -9999 -9999 -9999 -9999 -9999 -9999 -9999 -9999 -9999 -9999 -9999 -9999 -9999 -9999 -9999 -9999 -9999 -9999 -9999 -9999 -9999 -9999 -9999 -9999 -9999 -9999 -9999 -9999 -9999 -9999 -9999 -9999 -9999 -9999 -9999 -9999 -9999
1000.591 1000.544 1000.613 1000.687 1000.622 1000.536 1000.296 1000.202 1000.023 1000.059 1000.054 1000.101 1000.072 1000.048 1000.088 1000.109 1000.103 1000.316 1000.328 1000.528 1000.617 1000.821 1000.913 1001.11 1001.147 1001.347 1001.41 1001.602 1001.803 1002.001 1002.195 1002.391 1002.587 1002.781 -9999 -9999 -9999 -9999 -9999 -9999 -9999 -9999 -9999 -9999 -9999 -9999 -9999 -9999 -9999 -9999 -9999 -9999 -9999 -9999 -9999 -9999 -9999 -9999 -9999 -9999 -9999 -9999 -9999 -9999 -9999 -9999 -9999 -9999 -9999 -9999 -9999
1000.581 1000.608 1000.561 1000.631 1000.705 1000.639 1000.552 1000.307 1000.213 1000.027 1000.063 1000.057 1000.103 1000.074 1000.05 1000.09 1000.112 1000.1 1000.313 1000.319 1000.519 1000.605 1000.808 1000.897 1001.094 1001.127 1001.326 1001.385 1001.578 1001.779 1001.977 1002.171 1002.367 1002.562 1002.757 1002.953 -9999 -9999 -9999 -9999 -9999 -9999 -9999 -9999 -9999 -9999 -9999 -9999 -9999 -9999 -9999 -9999 -9999 -9999 -9999 -9999 -9999 -9999 -9999 -9999 -9999 -9999 -9999 -9999 -9999 -9999 -9999 -9999 -9999 -9999 -9999
1000.633 1000.594 1000.625 1000.578 1000.649 1000.723 1000.656 1000.569 1000.318 1000.224 1000.031 1000.067 1000.059 1000.106 1000.075 1000.051 1000.093 1000.114 1000.097 1000.31 1000.31 1000.51 1000.592 1000.796 1000.881 1001.078 1001.106 1001.306 1001.361 1001.553 1001.754 1001.952 1002.146 1002.342 1002.537 1002.732 1002.929 -9999 -9999 -9999 -9999 -9999 -9999 -9999 -9999 -9999 -9999 -9999 -9999 -9999 -9999 -9999 -9999 -9999 -9999 -9999 -9999 -9999 -9999 -9999 -9999 -9999 -9999 -9999 -9999 -9999 -9999 -9999 -9999 -9999 -9999
1000.755 1000.646 1000.608 1000.641 1000.594 1000.667 1000.741 1000.673 1000.586 1000.329 1000.235 1000.035 1000.071 1000.062 1000.108 1000.077 1000.052 1000.096 1000.117 1000.094 1000.307 1000.3 1000.501 1000.579 1000.783 1000.865 1001.062 1001.085 1001.285 1001.336 1001.529 1001.73 1001.928 1002.122 1002.318 1002.513 1002.708 1002.904 -9999 -9999 -9999 -9999 -9999 -9999 -9999 -9999 -9999 -9999 -9999 -9999 -9999 -9999 -9999 -9999 -9999 -9999 -9999 -9999 -9999 -9999 -9999 -9999 -9999 -9999 -9999 -9999 -9999 -9999 -9999 -9999 -9999
1001.091 1000.768 1000.66 1000.622 1000.658 1000.611 1000.685 1000.759 1000.69 1000.603 1000.34 1000.246 1000.04 1000.076 1000.064 1000.111 1000.078 1000.054 1000.098 1000.119 1000.091 1000.305 1000.291 1000.492 1000.567 1000.77 1000.849 1001.046 1001.065 1001.264 1001.312 1001.504 1001.706 1001.903 1002.097 1002.294 1002.488 1002.684 1002.879 -9999 -9999 -9999 -9999 -9999 -9999 -9999 -9999 -9999 -9999 -9999 -9999 -9999 -9999 -9999 -9999 -9999 -9999 -9999 -9999 -9999 -9999 -9999 -9999 -9999 -9999 -9999 -9999 -9999 -9999 -9999 -9999
1001.469 1001.104 1000.781 1000.673 1000.635 1000.674 1000.628 1000.703 1000.777 1000.707 1000.62 1000.351 1000.257 1000.044 1000.08 1000.066 1000.113 1000.08 1000.055 1000.101 1000.122 1000.088 1000.302 1000.282 1000.483 1000.554 1000.758 1000.833 1001.03 1001.044 1001.243 1001.287 1001.48 1001.681 1001.879 1002.073 1002.27 1002.464 1002.66 1002.855 -9999 -9999 -9999 -9999 -9999 -9999 -9999 -9999 -9999 -9999 -9999 -9999 -9999 -9999 -9999 -9999 -9999 -9999 -9999 -9999 -9999 -9999 -9999 -9999 -9999 -9999 -9999 -9999 -9999 -9999 -9999
1001.807 1001.483 1001.117 1000.793 1000.687 1000.649 1000.691 1000.645 1000.721 1000.795 1000.723 1000.637 1000.362 1000.268 1000.048 1000.084 1000.069 1000.115 1000.081 1000.057 1000.103 1000.124 1000.085 1000.299 1000.273 1000.474 1000.541 1000.745 1000.817 1001.014 1001.023 1001.223 1001.263 1001.455 1001.657 1001.855 1002.048 1002.245 1002.439 1002.635 1002.83 -9999 -9999 -9999 -9999 -9999 -9999 -9999 -9999 -9999 -9999 -9999 -9999 -9999 -9999 -9999 -9999 -9999 -9999 -9999 -9999 -9999 -9999 -9999 -9999 -9999 -9999 -9999 -9999 -9999 -9999
1001.924 1001.811 1001.497 1001.13 1000.806 1000.7 1000.662 1000.708 1000.661 1000.739 1000.813 1000.74 1000.654 1000.373 1000.279 1000.052 1000.088 1000.071 1000.118 1000.082 1000.058 1000.106 1000.127 1000.082 1000.296 1000.264 1000.464 1000.529 1000.732 1000.801 1000.998 1001.002 1001.202 1001.238 1001.431 1001.632 1001.83 1002.024 1002.221 1002.414 1002.611 1002.805 -9999 -9999 -9999 -9999 -9999 -9999 -9999 -9999 -9999 -9999 -9999 -9999 -9999 -9999 -9999 -9999 -9999 -9999 -9999 -9999 -9999 -9999 -9999 -9999 -9999 -9999 -9999 -9999 -9999
1001.868 1001.928 1001.815 1001.511 1001.143 1000.819 1000.714 1000.676 1000.724 1000.678 1000.757 1000.831 1000.757 1000.671 1000.384 1000.29 1000.056 1000.092 1000.073 1000.12 1000.084 1000.059 1000.108 1000.13 1000.08 1000.293 1000.255 1000.455 1000.516 1000.72 1000.785 1000.982 1000.982 1001.181 1001.214 1001.406 1001.608 1001.806 1001.999 1002.197 1002.39 1002.587 1002.78 -9999 -9999 -9999 -9999 -9999 -9999 -9999 -9999 -9999 -9999 -9999 -9999 -9999 -9999 -9999 -9999 -9999 -9999 -9999 -9999 -9999 -9999 -9999 -9999 -9999 -9999 -9999 -9999
1001.761 1001.86 1001.932 1001.819 1001.524 1001.155 1000.832 1000.727 1000.689 1000.741 1000.695 1000.775 1000.849 1000.774 1000.688 1000.395 1000.301 1000.06 1000.096 1000.076 1000.122 1000.085 1000.061 1000.111 1000.132 1000.077 1000.29 1000.246 1000.446 1000.503 1000.707 1000.769 1000.966 1000.961 1001.16 1001.189 1001.382 1001.583 1001.781 1001.975 1002.172 1002.365 1002.563 1002.756 1002.953 -9999 -9999 -9999 -9999 -9999 -9999 -9999 -9999 -9999 -9999 -9999 -9999 -9999 -9999 -9999 -9999 -9999 -9999 -9999 -9999 -9999 -9999 -9999 -9999 -9999 -9999
1001.657 1001.753 1001.851 1001.936 1001.822 1001.538 1001.168 1000.845 1000.741 1000.703 1000.758 1000.711 1000.793 1000.867 1000.791 1000.704 1000.406 1000.312 1000.064 1000.101 1000.078 1000.125 1000.087 1000.062 1000.113 1000.135 1000.074 1000.287 1000.237 1000.437 1000.491 1000.694 1000.753 1000.95 1000.94 1001.14 1001.167 1001.357 1001.559 1001.757 1001.95 1002.148 1002.341 1002.538 1002.731 1002.929 -9999 -9999 -9999 -9999 -9999 -9999 -9999 -9999 -9999 -9999 -9999 -9999 -9999 -9999 -9999 -9999 -9999 -9999 -9999 -9999 -9999 -9999 -9999 -9999 -9999
1001.727 1001.656 1001.744 1001.843 1001.939 1001.826 1001.552 1001.181 1000.857 1000.755 1000.716 1000.774 1000.728 1000.811 1000.885 1000.808 1000.721 1000.417 1000.323 1000.069 1000.105 1000.08 1000.127 1000.088 1000.064 1000.116 1000.137 1000.071 1000.285 1000.227 1000.428 1000.478 1000.682 1000.737 1000.934 1000.923 1001.119 1001.146 1001.333 1001.535 1001.733 1001.926 1002.123 1002.316 1002.514 1002.707 1002.904 -9999 -9999 -9999 -9999 -9999 -9999 -9999 -9999 -9999 -9999 -9999 -9999 -9999 -9999 -9999 -9999 -9999 -9999 -9999 -9999 -9999 -9999 -9999 -9999
1001.799 1001.736 1001.665 1001.736 1001.834 1001.935 1001.83 1001.566 1001.194 1000.87 1000.768 1000.73 1000.791 1000.745 1000.829 1000.903 1000.825 1000.738 1000.428 1000.334 1000.073 1000.109 1000.083 1000.129 1000.089 1000.065 1000.118 1000.14 1000.068 1000.282 1000.218 1000.419 1000.465 1000.669 1000.724 1000.918 1000.906 1001.098 1001.124 1001.308 1001.51 1001.708 1001.901 1002.099 1002.292 1002.489 1002.683 1002.879 -9999 -9999 -9999 -9999 -9999 -9999 -9999 -9999 -9999 -9999 -9999 -9999 -9999 -9999 -9999 -9999 -9999 -9999 -9999 -9999 -9999 -9999 -9999
1001.846 1001.808 1001.745 1001.674 1001.728 1001.825 1001.926 1001.834 1001.579 1001.207 1000.883 1000.782 1000.744 1000.808 1000.761 1000.847 1000.922 1000.842 1000.755 1000.439 1000.345 1000.077 1000.113 1000.085 1000.132 1000.091 1000.067 1000.121 1000.142 1000.065 1000.279 1000.209 1000.41 1000.455 1000.656 1000.71 1000.902 1000.889 1001.078 1001.103 1001.284 1001.486 1001.684 1001.877 1002.074 1002.268 1002.465 1002.659 1002.855 -9999 -9999 -9999 -9999 -9999 -9999 -9999 -9999 -9999 -9999 -9999 -9999 -9999 -9999 -9999 -9999 -9999 -9999 -9999 -9999 -9999 -9999
1001.834 1001.842 1001.817 1001.754 1001.683 1001.72 1001.817 1001.918 1001.838 1001.593 1001.22 1000.896 1000.795 1000.757 1000.824 1000.778 1000.866 1000.94 1000.859 1000.772 1000.45 1000.355 1000.081 1000.117 1000.087 1000.134 1000.092 1000.068 1000.124 1000.145 1000.063 1000.276 1000.205 1000.401 1000.445 1000.644 1000.697 1000.886 1000.872 1001.057 1001.081 1001.259 1001.461 1001.659 1001.853 1002.05 1002.243 1002.44 1002.635 1002.83 -9999 -9999 -9999 -9999 -9999 -9999 -9999 -9999 -9999 -9999 -9999 -9999 -9999 -9999 -9999 -9999 -9999 -9999 -9999 -9999 -9999
1001.888 1001.832 1001.839 1001.826 1001.762 1001.692 1001.712 1001.808 1001.909 1001.842 1001.607 1001.232 1000.909 1000.809 1000.771 1000.841 1000.794 1000.884 1000.958 1000.875 1000.789 1000.46 1000.366 1000.085 1000.121 1000.09 1000.136 1000.094 1000.069 1000.126 1000.147 1000.065 1000.273 1000.201 1000.391 1000.436 1000.631 1000.683 1000.87 1000.855 1001.036 1001.059 1001.235 1001.437 1001.635 1001.828 1002.025 1002.219 1002.415 1002.61 1002.805 -9999 -9999 -9999 -9999 -9999 -9999 -9999 -9999 -9999 -9999 -9999 -9999 -9999 -9999 -9999 -9999 -9999 -9999 -9999 -9999
1002.016 1001.907 1001.833 1001.836 1001.834 1001.77 1001.701 1001.703 1001.8 1001.9 1001.845 1001.621 1001.245 1000.922 1000.822 1000.784 1000.858 1000.811 1000.902 1000.976 1000.892 1000.806 1000.471 1000.377 1000.089 1000.125 1000.092 1000.139 1000.095 1000.071 1000.128 1000.15 1000.067 1000.27 1000.196 1000.382 1000.426 1000.618 1000.67 1000.854 1000.838 1001.015 1001.038 1001.21 1001.412 1001.611 1001.804 1002.001 1002.195 1002.391 1002.586 1002.78 -9999 -9999 -9999 -9999 -9999 -9999 -9999 -9999 -9999 -9999 -9999 -9999 -9999 -9999 -9999 -9999 -9999 -9999 -9999
1002.143 1002.034 1001.925 1001.834 1001.832 1001.843 1001.777 1001.709 1001.695 1001.791 1001.892 1001.849 1001.635 1001.258 1000.934 1000.836 1000.798 1000.875 1000.828 1000.92 1000.994 1000.909 1000.823 1000.482 1000.388 1000.093 1000.13 1000.095 1000.141 1000.097 1000.072 1000.13 1000.152 1000.069 1000.267 1000.192 1000.373 1000.416 1000.606 1000.656 1000.838 1000.821 1000.995 1001.016 1001.186 1001.388 1001.586 1001.779 1001.976 1002.171 1002.366 1002.562 1002.756 1002.953 -9999 -9999 -9999 -9999 -9999 -9999 -9999 -9999 -9999 -9999 -9999 -9999 -9999 -9999 -9999 -9999 -9999
