sfe24_gcs_analysis/sfe_24.asc
ncols         381
nrows         215
xllcorner     9882.3321000119
yllcorner     19890.154994244
cellsize      0.7
NODATA_value  -9999
[rows 0 to 30 of 215, columns 0 to 70 of 381]
1002.52 1002.487 1002.512 1002.623 1002.735 1002.855 1002.965 -9999 -9999 -9999 -9999 -9999 -9999 -9999 -9999 -9999 -9999 -9999 -9999 -9999 -9999 -9999 -9999 -9999 -9999 -9999 -9999 -9999 -9999 -9999 -9999 -9999 -9999 -9999 -9999 -9999 -9999 -9999 -9999 -9999 -9999 -9999 -9999 -9999 -9999 -9999 -9999 -9999 -9999 -9999 -9999 -9999 -9999 -9999 -9999 -9999 -9999 -9999 -9999 -9999 -9999 -9999 -9999 -9999 -9999 -9999 -9999 -9999 -9999 -9999 -9999
1001.867 1001.844 1001.884 1001.979 1002.091 1002.208 1002.323 1002.433 1002.533 1002.633 1002.733 1002.833 1002.933 -9999 -9999 -9999 -9999 -9999 -9999 -9999 -9999 -9999 -9999 -9999 -9999 -9999 -9999 -9999 -9999 -9999 -9999 -9999 -9999 -9999 -9999 -9999 -9999 -9999 -9999 -9999 -9999 -9999 -9999 -9999 -9999 -9999 -9999 -9999 -9999 -9999 -9999 -9999 -9999 -9999 -9999 -9999 -9999 -9999 -9999 -9999 -9999 -9999 -9999 -9999 -9999 -9999 -9999 -9999 -9999 -9999 -9999
-9999 1001.204 1001.264 1001.356 1001.458 1001.568 1001.68 1001.788 1001.896 1002.001 1002.101 1002.201 1002.301 1002.417 1002.597 1002.765 1002.917 -9999 -9999 -9999 -9999 -9999 -9999 -9999 -9999 -9999 -9999 -9999 -9999 -9999 -9999 -9999 -9999 -9999 -9999 -9999 -9999 -9999 -9999 -9999 -9999 -9999 -9999 -9999 -9999 -9999 -9999 -9999 -9999 -9999 -9999 -9999 -9999 -9999 -9999 -9999 -9999 -9999 -9999 -9999 -9999 -9999 -9999 -9999 -9999 -9999 -9999 -9999 -9999 -9999 -9999
-9999 1000.623 1000.644 1000.734 1000.828 1000.928 1001.038 1001.148 1001.258 1001.363 1001.463 1001.563 1001.685 1001.863 1002.073 1002.259 1002.421 1002.576 1002.729 1002.872 1002.927 1002.963 -9999 -9999 -9999 -9999 -9999 -9999 -9999 -9999 -9999 -9999 -9999 -9999 -9999 -9999 -9999 -9999 -9999 -9999 -9999 -9999 -9999 -9999 -9999 -9999 -9999 -9999 -9999 -9999 -9999 -9999 -9999 -9999 -9999 -9999 -9999 -9999 -9999 -9999 -9999 -9999 -9999 -9999 -9999 -9999 -9999 -9999 -9999 -9999 -9999
-9999 -9999 1000.118 1000.189 1000.26 1000.32 1000.395 1000.508 1000.618 1000.726 1000.831 1000.953 1001.143 1001.348 1001.563 1001.756 1001.924 1002.081 1002.231 1002.386 1002.554 1002.693 1002.861 1002.882 1002.937 1002.965 -9999 -9999 -9999 -9999 -9999 -9999 -9999 -9999 -9999 -9999 -9999 -9999 -9999 -9999 -9999 -9999 -9999 -9999 -9999 -9999 -9999 -9999 -9999 -9999 -9999 -9999 -9999 -9999 -9999 -9999 -9999 -9999 -9999 -9999 -9999 -9999 -9999 -9999 -9999 -9999 -9999 -9999 -9999 -9999 -9999
-9999 -9999 999.9155 999.7642 999.8073 999.8259 999.7894 999.8312 999.9034 1000.034 1000.192 1000.405 1000.62 1000.835 1001.048 1001.254 1001.431 1001.584 1001.739 1001.894 1002.073 1002.238 1002.372 1002.527 1002.71 1002.881 1002.88 1002.892 1002.947 1002.967 -9999 -9999 -9999 -9999 -9999 -9999 -9999 -9999 -9999 -9999 -9999 -9999 -9999 -9999 -9999 -9999 -9999 -9999 -9999 -9999 -9999 -9999 -9999 -9999 -9999 -9999 -9999 -9999 -9999 -9999 -9999 -9999 -9999 -9999 -9999 -9999 -9999 -9999 -9999 -9999 -9999
-9999 -9999 -9999 999.5964 999.3967 999.3248 999.3698 999.4019 999.4073 999.4644 999.6595 999.9063 1000.122 1000.328 1000.535 1000.746 1000.934 1001.091 1001.244 1001.404 1001.602 1001.799 1001.905 1002.002 1002.182 1002.367 1002.55 1002.73 1002.901 1002.917 1002.898 1002.905 1002.957 1002.97 -9999 -9999 -9999 -9999 -9999 -9999 -9999 -9999 -9999 -9999 -9999 -9999 -9999 -9999 -9999 -9999 -9999 -9999 -9999 -9999 -9999 -9999 -9999 -9999 -9999 -9999 -9999 -9999 -9999 -9999 -9999 -9999 -9999 -9999 -9999 -9999 -9999
-9999 -9999 -9999 999.8822 999.3391 999.2487 999.2708 999.2899 999.2697 999.2938 999.3028 999.4547 999.6447 999.8148 999.9125 1000.081 1000.399 1000.594 1000.754 1000.929 1001.143 1001.367 1001.472 1001.53 1001.66 1001.84 1002.022 1002.205 1002.39 1002.575 1002.758 1002.884 1002.968 1002.935 1002.916 1002.921 1002.967 1002.972 -9999 -9999 -9999 -9999 -9999 -9999 -9999 -9999 -9999 -9999 -9999 -9999 -9999 -9999 -9999 -9999 -9999 -9999 -9999 -9999 -9999 -9999 -9999 -9999 -9999 -9999 -9999 -9999 -9999 -9999 -9999 -9999 -9999
-9999 -9999 -9999 1001.894 999.5632 999.2787 999.2615 999.2432 999.2294 999.2346 999.2446 999.2841 999.2931 999.3643 999.392 999.4659 999.5134 999.6508 999.9623 1000.375 1000.683 1000.931 1001.059 1001.074 1001.155 1001.32 1001.5 1001.685 1001.879 1002.095 1002.298 1002.432 1002.537 1002.652 1002.765 1002.883 1002.971 1002.954 1002.935 1002.937 1002.977 1002.975 -9999 -9999 -9999 -9999 -9999 -9999 -9999 -9999 -9999 -9999 -9999 -9999 -9999 -9999 -9999 -9999 -9999 -9999 -9999 -9999 -9999 -9999 -9999 -9999 -9999 -9999 -9999 -9999 -9999
-9999 -9999 -9999 -9999 999.849 999.3687 999.2865 999.2103 999.1927 999.2004 999.2107 999.2168 999.2248 999.24 999.2581 999.2661 999.258 999.3188 999.3754 999.3759 999.7491 1000.336 1000.627 1000.654 1000.687 1000.792 1000.984 1001.198 1001.417 1001.653 1001.85 1001.957 1002.057 1002.172 1002.287 1002.402 1002.517 1002.632 1002.745 1002.863 1002.945 1002.972 1002.951 1002.953 1002.983 1002.977 1002.973 -9999 -9999 -9999 -9999 -9999 -9999 -9999 -9999 -9999 -9999 -9999 -9999 -9999 -9999 -9999 -9999 -9999 -9999 -9999 -9999 -9999 -9999 -9999 -9999
-9999 -9999 -9999 -9999 1000.727 999.53 999.3541 999.2379 999.2162 999.1957 999.1807 999.1787 999.1892 999.2001 999.2142 999.2176 999.215 999.2094 999.1943 999.1729 999.3251 999.4596 999.565 999.8028 1000.01 1000.232 1000.508 1000.738 1000.968 1001.223 1001.403 1001.487 1001.577 1001.689 1001.802 1001.919 1002.032 1002.149 1002.264 1002.379 1002.497 1002.612 1002.695 1002.775 1002.855 1002.935 1002.967 1002.969 1002.985 1002.979 1002.975 -9999 -9999 -9999 -9999 -9999 -9999 -9999 -9999 -9999 -9999 -9999 -9999 -9999 -9999 -9999 -9999 -9999 -9999 -9999 -9999
-9999 -9999 -9999 -9999 -9999 999.8158 999.4005 999.3381 999.2498 999.2159 999.1938 999.1815 999.1702 999.1656 999.1732 999.179 999.1794 999.1734 999.1549 999.1266 999.1239 999.1484 999.2181 999.3096 999.3288 999.4807 999.7612 1000.159 1000.533 1000.783 1000.94 1001.018 1001.107 1001.207 1001.322 1001.437 1001.552 1001.667 1001.782 1001.897 1002.022 1002.15 1002.255 1002.335 1002.415 1002.495 1002.575 1002.655 1002.735 1002.823 1002.905 1002.965 1002.988 1002.982 1002.977 -9999 -9999 -9999 -9999 -9999 -9999 -9999 -9999 -9999 -9999 -9999 -9999 -9999 -9999 -9999 -9999
-9999 -9999 -9999 -9999 -9999 1000.381 999.527 999.4186 999.2891 999.2528 999.2227 999.2004 999.1833 999.1668 999.1484 999.144 999.145 999.1378 999.1209 999.1063 999.1116 999.1187 999.1197 999.127 999.14 999.1833 999.2505 999.4232 999.7775 1000.226 1000.475 1000.55 1000.632 1000.727 1000.842 1000.957 1001.072 1001.187 1001.302 1001.417 1001.539 1001.678 1001.805 1001.895 1001.975 1002.055 1002.135 1002.215 1002.295 1002.383 1002.49 1002.588 1002.653 1002.713 1002.773 1002.833 1002.893 1002.958 1002.979 -9999 -9999 -9999 -9999 -9999 -9999 -9999 -9999 -9999 -9999 -9999 -9999
-9999 -9999 -9999 -9999 -9999 -9999 999.7826 999.4758 999.3878 999.296 999.2501 999.2252 999.2045 999.1729 999.134 999.11 999.1105 999.1035 999.1053 999.1185 999.116 999.1021 999.074 999.0658 999.0782 999.0905 999.0809 999.132 999.246 999.343 999.5601 999.7456 999.926 1000.094 1000.277 1000.477 1000.592 1000.707 1000.822 1000.937 1001.057 1001.199 1001.344 1001.447 1001.527 1001.607 1001.69 1001.775 1001.86 1001.953 1002.068 1002.186 1002.281 1002.341 1002.401 1002.461 1002.521 1002.581 1002.643 1002.703 1002.763 1002.849 1002.932 -9999 -9999 -9999 -9999 -9999 -9999 -9999 -9999
-9999 -9999 -9999 -9999 -9999 -9999 1000.14 999.5566 999.4683 999.3497 999.299 999.246 999.2153 999.1788 999.1323 999.0961 999.0771 999.088 999.1228 999.1335 999.1299 999.1133 999.082 999.0528 999.0512 999.0596 999.0596 999.0505 999.0634 999.1127 999.1692 999.2241 999.2715 999.318 999.4039 999.4647 999.7148 1000.145 1000.352 1000.457 1000.577 1000.717 1000.868 1000.995 1001.085 1001.165 1001.25 1001.338 1001.428 1001.523 1001.641 1001.776 1001.883 1001.963 1002.023 1002.083 1002.143 1002.203 1002.263 1002.323 1002.392 1002.497 1002.592 1002.673 1002.758 1002.842 1002.922 -9999 -9999 -9999 -9999
-9999 -9999 -9999 -9999 -9999 -9999 -9999 999.7494 999.5489 999.4376 999.3422 999.2891 999.2354 999.1874 999.1384 999.0906 999.0742 999.1085 999.1412 999.1511 999.1487 999.1295 999.0989 999.085 999.0815 999.0786 999.0574 999.0402 999.0418 999.058 999.0903 999.122 999.1389 999.1723 999.2098 999.2509 999.397 999.6215 999.9132 1000.024 1000.154 1000.278 1000.399 1000.53 1000.645 1000.728 1000.818 1000.908 1000.998 1001.093 1001.213 1001.351 1001.483 1001.586 1001.651 1001.711 1001.771 1001.831 1001.891 1001.957 1002.058 1002.178 1002.267 1002.352 1002.433 1002.517 1002.602 1002.682 1002.762 1002.848 1002.93
-9999 -9999 -9999 -9999 -9999 -9999 -9999 1000.035 999.5975 999.5181 999.4067 999.3431 999.2725 999.2216 999.1791 999.1405 999.1314 999.1591 999.1714 999.1708 999.1678 999.1547 999.1447 999.1368 999.1278 999.1088 999.0822 999.062 999.0604 999.0684 999.1009 999.1374 999.1643 999.1987 999.233 999.2626 999.2899 999.4149 999.5175 999.6769 999.822 999.9312 1000.037 1000.147 1000.24 1000.321 1000.393 1000.478 1000.568 1000.663 1000.783 1000.923 1001.063 1001.183 1001.273 1001.333 1001.393 1001.453 1001.519 1001.612 1001.745 1001.862 1001.947 1002.032 1002.112 1002.193 1002.277 1002.362 1002.442 1002.523 1002.607
-9999 -9999 -9999 -9999 -9999 -9999 -9999 1001.746 999.7161 999.5986 999.4872 999.3884 999.3279 999.269 999.2346 999.2018 999.1935 999.2031 999.2 999.1955 999.1913 999.1874 999.1912 999.1842 999.1641 999.1385 999.1145 999.1018 999.1011 999.1077 999.1312 999.1579 999.1879 999.22 999.251 999.2791 999.3071 999.3442 999.4092 999.5389 999.6099 999.6434 999.727 999.8374 999.9644 1000.049 1000.11 1000.173 1000.233 1000.292 1000.368 1000.493 1000.633 1000.769 1000.881 1000.961 1001.021 1001.091 1001.173 1001.296 1001.438 1001.537 1001.623 1001.707 1001.792 1001.872 1001.957 1002.042 1002.122 1002.202 1002.282
-9999 -9999 -9999 -9999 -9999 -9999 -9999 -9999 1000.002 999.6729 999.5678 999.4565 999.3821 999.3257 999.2975 999.2748 999.2605 999.2454 999.2302 999.2197 999.2083 999.2025 999.2078 999.205 999.1937 999.1707 999.1519 999.145 999.1467 999.155 999.1657 999.1861 999.2136 999.2391 999.2681 999.3006 999.3278 999.3375 999.408 999.4987 999.5191 999.5199 999.5257 999.575 999.704 999.8047 999.8665 999.9208 999.9704 999.9972 1000.026 1000.057 1000.18 1000.338 1000.475 1000.578 1000.649 1000.744 1000.85 1000.993 1001.127 1001.213 1001.297 1001.387 1001.472 1001.552 1001.633 1001.717 1001.802 1001.882 1001.962
-9999 -9999 -9999 -9999 -9999 -9999 -9999 -9999 1001.189 999.7446 999.6483 999.537 999.4346 999.3783 999.35 999.352 999.34 999.3188 999.2912 999.2652 999.2368 999.2079 999.2073 999.2073 999.2039 999.2045 999.1948 999.1895 999.1902 999.1815 999.1849 999.2278 999.2484 999.2624 999.2897 999.3422 999.3484 999.3417 999.4036 999.468 999.4703 999.4524 999.4309 999.4525 999.4959 999.5693 999.6268 999.6763 999.7068 999.7166 999.7252 999.7327 999.7793 999.8568 1000.012 1000.161 1000.293 1000.403 1000.531 1000.692 1000.807 1000.892 1000.977 1001.063 1001.148 1001.232 1001.312 1001.393 1001.477 1001.555 1001.615
-9999 -9999 -9999 -9999 -9999 -9999 -9999 -9999 -9999 999.9687 999.7289 999.6175 999.5062 999.4153 999.3742 999.3843 999.3978 999.3787 999.3348 999.3303 999.3193 999.2952 999.2512 999.2308 999.2203 999.2203 999.224 999.2195 999.1943 999.1902 999.2034 999.217 999.225 999.239 999.2856 999.3087 999.3077 999.3412 999.3843 999.4198 999.4193 999.3934 999.3649 999.3779 999.4199 999.4541 999.4645 999.4654 999.4614 999.4651 999.4671 999.4726 999.4812 999.5186 999.5569 999.6029 999.7413 999.9958 1000.216 1000.387 1000.483 1000.568 1000.653 1000.737 1000.822 1000.907 1000.992 1001.072 1001.147 1001.204 1001.259
-9999 -9999 -9999 -9999 -9999 -9999 -9999 -9999 -9999 1000.949 999.7946 999.6981 999.5867 999.4567 999.406 999.4007 999.4152 999.4066 999.3808 999.3913 999.4142 999.407 999.3481 999.3013 999.2775 999.262 999.2733 999.2883 999.2706 999.2103 999.1819 999.1774 999.1919 999.2159 999.2542 999.2569 999.2618 999.299 999.344 999.3686 999.3614 999.3184 999.2939 999.315 999.3535 999.3719 999.3612 999.3424 999.3311 999.3306 999.3351 999.3491 999.3608 999.3713 999.3751 999.3895 999.4246 999.4796 999.7184 999.9684 1000.127 1000.242 1000.332 1000.417 1000.502 1000.583 1000.66 1000.729 1000.789 1000.844 1000.899
-9999 -9999 -9999 -9999 -9999 -9999 -9999 -9999 -9999 -9999 999.9355 999.7786 999.6672 999.4998 999.4346 999.4145 999.4293 999.4319 999.432 999.4565 999.4813 999.4597 999.4072 999.3673 999.3365 999.3135 999.3179 999.3304 999.3077 999.2665 999.2142 999.1827 999.1656 999.1923 999.2117 999.2037 999.2101 999.2415 999.281 999.3079 999.3071 999.2636 999.224 999.2485 999.28 999.289 999.2697 999.2462 999.2291 999.2239 999.2366 999.2596 999.2715 999.2796 999.2811 999.2771 999.2772 999.2906 999.389 999.4955 999.6495 999.7733 999.8934 1000.014 1000.152 1000.253 1000.325 1000.385 1000.448 1000.512 1000.572
-9999 -9999 -9999 -9999 -9999 -9999 -9999 -9999 -9999 -9999 1000.708 999.8591 999.7478 999.5644 999.4728 999.4435 999.4422 999.453 999.4606 999.4666 999.4673 999.4486 999.4155 999.3975 999.3779 999.3577 999.3416 999.3351 999.331 999.3043 999.2628 999.2205 999.1917 999.1713 999.1567 999.1554 999.1578 999.1785 999.1957 999.2123 999.2401 999.2043 999.1786 999.1981 999.2097 999.1997 999.178 999.1537 999.1317 999.1234 999.1428 999.171 999.1833 999.1873 999.1866 999.184 999.1847 999.1965 999.2188 999.2729 999.3171 999.3879 999.5129 999.6566 999.8159 999.9469 1000.018 1000.079 1000.143 1000.208 1000.283
-9999 -9999 -9999 -9999 -9999 -9999 -9999 -9999 -9999 -9999 -9999 999.9325 999.8283 999.6778 999.5168 999.4814 999.4625 999.4456 999.4428 999.4418 999.4424 999.4329 999.414 999.389 999.3721 999.3593 999.3463 999.348 999.3421 999.3241 999.2931 999.2473 999.2059 999.1831 999.1763 999.1605 999.1393 999.1172 999.0956 999.1345 999.1644 999.1486 999.1694 999.1827 999.1818 999.1513 999.1033 999.0775 999.0726 999.0743 999.0825 999.0875 999.0925 999.0946 999.0926 999.0912 999.0927 999.1024 999.1232 999.1486 999.1731 999.2136 999.2616 999.3483 999.5129 999.6447 999.7185 999.7807 999.8467 999.936 1000.069
-9999 -9999 -9999 -9999 -9999 -9999 -9999 -9999 -9999 -9999 -9999 1000.467 999.9088 999.7912 999.5618 999.5302 999.5035 999.4701 999.4356 999.4198 999.4261 999.4252 999.4196 999.4152 999.395 999.3632 999.3462 999.3373 999.327 999.3181 999.2966 999.2603 999.2286 999.2173 999.2083 999.1887 999.1592 999.1224 999.1056 999.1215 999.1223 999.1433 999.1646 999.1714 999.1679 999.1451 999.1033 999.0726 999.063 999.0605 999.0466 999.0253 999.002 998.9876 998.9893 998.9906 998.9957 999.0134 999.0383 999.0577 999.0779 999.1011 999.159 999.238 999.2663 999.3417 999.4165 999.4945 999.6012 999.7402 999.8777
-9999 -9999 -9999 -9999 -9999 -9999 -9999 -9999 -9999 -9999 -9999 1001.998 999.9894 999.8781 999.5916 999.5706 999.5256 999.4863 999.4513 999.4293 999.4236 999.4102 999.3977 999.3984 999.3841 999.3542 999.3347 999.3124 999.2962 999.2882 999.2782 999.2648 999.254 999.2482 999.2389 999.2209 999.1915 999.1639 999.1619 999.1633 999.1641 999.1741 999.1861 999.1895 999.1913 999.1722 999.1321 999.0937 999.0642 999.0503 999.0229 998.9926 998.9697 998.9609 998.9411 998.9021 998.9045 998.9362 998.9645 998.9885 999.0021 999.0131 999.1238 999.222 999.1774 999.1412 999.2014 999.2828 999.4102 999.5492 999.6858
-9999 -9999 -9999 -9999 -9999 -9999 -9999 -9999 -9999 -9999 -9999 -9999 1000.227 999.9586 999.6811 999.5659 999.527 999.506 999.4814 999.4435 999.4098 999.3832 999.375 999.3843 999.3781 999.3431 999.3108 999.2839 999.2632 999.2532 999.2504 999.256 999.2684 999.2727 999.2681 999.251 999.2293 999.2191 999.2247 999.2239 999.2124 999.2143 999.2225 999.2202 999.2192 999.1991 999.1616 999.1192 999.0898 999.0728 999.0573 999.0424 999.0309 999.017 998.9858 998.947 998.931 998.9221 998.9184 998.9327 998.9428 998.981 999.1401 999.2312 999.1295 999.0474 999.0593 999.1213 999.2347 999.357 999.491
-9999 -9999 -9999 -9999 -9999 -9999 -9999 -9999 -9999 -9999 -9999 -9999 1001.757 1000.039 999.7945 999.5565 999.5161 999.4876 999.4675 999.4592 999.4418 999.4243 999.4313 999.4318 999.3849 999.3345 999.2995 999.2647 999.2347 999.2228 999.235 999.2573 999.2728 999.2814 999.2827 999.2734 999.2668 999.2769 999.2879 999.2826 999.2632 999.2576 999.2551 999.2517 999.247 999.2258 999.1891 999.1569 999.1471 999.1414 999.1304 999.1187 999.1074 999.09 999.0566 999.0202 998.9972 998.9731 998.9341 998.9069 998.9299 998.9907 999.0996 999.1388 999.0344 998.9838 998.9692 999.0193 999.133 999.2365 999.3303
-9999 -9999 -9999 -9999 -9999 -9999 -9999 -9999 -9999 -9999 -9999 -9999 -9999 1000.122 999.8702 999.6096 999.5909 999.553 999.521 999.5066 999.4893 999.4822 999.4887 999.4828 999.4287 999.3618 999.3363 999.3123 999.2881 999.2654 999.2498 999.258 999.2739 999.2861 999.2916 999.2861 999.2808 999.2864 999.3005 999.301 999.2916 999.2885 999.2864 999.2831 999.274 999.2526 999.2266 999.2224 999.2251 999.2166 999.2062 999.1954 999.1834 999.1633 999.1278 999.0945 999.0735 999.0406 998.9811 998.928 998.9024 998.9254 999.0175 999.0238 998.9432 998.9401 998.9305 998.9819 999.0707 999.1428 999.2123
-9999 -9999 -9999 -9999 -9999 -9999 -9999 -9999 -9999 -9999 -9999 -9999 -9999 1001.516 1000.045 1000.01 999.9235 999.806 999.7587 999.7181 999.6638 999.5764 999.541 999.5517 999.5319 999.4944 999.4651 999.4411 999.415 999.3741 999.3422 999.3212 999.2911 999.2907 999.2986 999.2964 999.2883 999.2893 999.2958 999.2972 999.293 999.2943 999.2944 999.2906 999.2871 999.2843 999.2935 999.3022 999.3008 999.2911 999.2819 999.2714 999.2576 999.2335 999.1987 999.1692 999.1478 999.1049 999.0432 998.9762 998.9212 998.8899 998.926 998.9229 998.9024 998.9025 998.907 998.9518 999.0005 999.0304 999.0789
