sfe24_gcs_analysis/sfe_24.asc
ncols         381
nrows         215
xllcorner     9882.3321000119
yllcorner     19890.154994244
cellsize      0.7
NODATA_value  -9999
[rows 31 to 61 of 215, columns 71 to 141 of 381]
999.0158 999.0829 999.1221 999.1395 999.1586 999.1791 999.2128 999.2608 999.3089 999.3715 999.4445 999.5242 999.6127 999.7084 999.8191 999.9294 999.959 999.901 999.8589 999.9077 999.9977 1000.087 1000.177 1000.248 1000.298 1000.383 1000.483 1000.588 1000.692 1000.802 1000.915 1001.025 1001.159 1001.299 1001.439 1001.577 1001.712 1001.837 1001.962 1002.087 1002.212 1002.337 1002.462 1002.589 1002.714 1002.837 1002.957 1002.978 1002.992 1003.011 1003.032 1003.029 1003.017 1003.004 1002.991 1002.979 1002.966 -9999 -9999 -9999 -9999 -9999 -9999 -9999 -9999 -9999 -9999 -9999 -9999 -9999 -9999
998.9265 998.975 998.9982 999.0172 999.0417 999.0882 999.1337 999.1734 999.2071 999.2436 999.3132 999.421 999.5414 999.6307 999.6979 999.7659 999.7639 999.7018 999.6368 999.6519 999.732 999.8159 999.8704 999.9243 999.9987 1000.09 1000.188 1000.288 1000.388 1000.49 1000.593 1000.698 1000.809 1000.92 1001.042 1001.177 1001.309 1001.432 1001.557 1001.682 1001.812 1001.942 1002.07 1002.198 1002.328 1002.456 1002.586 1002.716 1002.846 1002.965 1002.955 1002.969 1002.986 1003.002 1003.024 1003.025 1003.013 1003 1002.988 1002.975 -9999 -9999 -9999 -9999 -9999 -9999 -9999 -9999 -9999 -9999 -9999
998.8438 998.8622 998.8727 998.9071 998.9638 999.0183 999.0692 999.1017 999.1317 999.1661 999.2265 999.3198 999.4434 999.5656 999.6703 999.7318 999.7133 999.6032 999.4567 999.4202 999.4563 999.5109 999.5507 999.6116 999.7026 999.7921 999.8854 999.9838 1000.086 1000.188 1000.293 1000.398 1000.498 1000.603 1000.717 1000.832 1000.938 1001.048 1001.178 1001.306 1001.436 1001.566 1001.696 1001.826 1001.951 1002.078 1002.208 1002.338 1002.473 1002.606 1002.736 1002.866 1002.985 1002.975 1002.964 1002.959 1002.98 1002.994 1003.015 1003.021 1003.009 1002.996 1002.984 1002.971 -9999 -9999 -9999 -9999 -9999 -9999 -9999
998.7321 998.7352 998.7637 998.8358 998.8964 998.9424 998.9792 999.006 999.049 999.0909 999.1478 999.2314 999.3459 999.483 999.5732 999.6339 999.6584 999.6024 999.4564 999.3126 999.1985 999.181 999.2319 999.3151 999.4056 999.4951 999.5854 999.6827 999.7862 999.8886 999.993 1000.096 1000.21 1000.347 1000.471 1000.559 1000.651 1000.766 1000.846 1000.948 1001.058 1001.188 1001.318 1001.448 1001.578 1001.706 1001.836 1001.966 1002.098 1002.228 1002.358 1002.488 1002.621 1002.756 1002.886 1003.005 1002.995 1002.984 1002.973 1002.963 1002.97 1002.987 1003.006 1003.017 1003.005 1002.992 1002.98 1002.978 -9999 -9999 -9999
998.6377 998.6227 998.7053 998.7885 998.8276 998.8466 998.8593 998.8917 998.9445 999.0029 999.0737 999.1565 999.2445 999.3524 999.4161 999.4547 999.5062 999.5086 999.4096 999.219 999.0806 999.034 999.0278 999.0541 999.1083 999.1973 999.2859 999.3818 999.4854 999.5973 999.7281 999.8746 1000.012 1000.141 1000.213 1000.269 1000.391 1000.516 1000.596 1000.678 1000.768 1000.857 1000.956 1001.076 1001.206 1001.336 1001.466 1001.596 1001.726 1001.856 1001.986 1002.116 1002.248 1002.378 1002.508 1002.638 1002.773 1002.906 1003.025 1003.015 1003.004 1002.993 1002.983 1002.972 1002.962 1002.981 1002.997 1003.013 1003.001 1002.988 1002.976
998.6466 998.629 998.6888 998.728 998.746 998.7411 998.7376 998.7776 998.8411 998.9128 998.986 999.0433 999.1293 999.2104 999.236 999.2701 999.3655 999.4118 999.312 999.1475 999.0203 998.9804 998.9825 998.9915 999.014 999.0406 999.0775 999.1371 999.2472 999.391 999.5373 999.6843 999.8121 999.8807 999.9149 999.9839 1000.133 1000.284 1000.364 1000.444 1000.524 1000.604 1000.69 1000.78 1000.869 1000.968 1001.088 1001.218 1001.348 1001.478 1001.611 1001.746 1001.876 1002.006 1002.136 1002.266 1002.398 1002.528 1002.658 1002.788 1002.918 1003.038 1003.031 1003.024 1003.013 1003.003 1002.992 1002.982 1002.971 1002.972 1002.989
998.699 998.695 998.7051 998.6594 998.6378 998.6173 998.6161 998.6664 998.7454 998.8402 998.9024 998.9438 999.0004 999.0587 999.0881 999.1286 999.2063 999.2596 999.1973 999.0585 998.9812 998.9789 998.98 998.9832 998.9837 998.9979 999.0151 999.0463 999.111 999.2093 999.356 999.4837 999.5517 999.5802 999.624 999.705 999.8606 1000.022 1000.126 1000.206 1000.286 1000.366 1000.446 1000.526 1000.606 1000.692 1000.782 1000.871 1000.976 1001.106 1001.238 1001.368 1001.498 1001.628 1001.758 1001.888 1002.018 1002.148 1002.278 1002.408 1002.538 1002.668 1002.798 1002.928 1003.047 1003.03 1003.012 1003.027 1003.02 1003.012 1003.002
998.7595 998.7501 998.6884 998.6251 998.5681 998.5086 998.5009 998.5666 998.6738 998.7858 998.8279 998.8599 998.9045 998.9459 998.9757 999.0067 999.0633 999.0842 999.0195 998.9178 998.8975 998.928 998.961 998.9697 998.9691 998.9756 998.9784 999.0019 999.0478 999.1127 999.1768 999.2229 999.2512 999.2799 999.3345 999.4269 999.5783 999.7604 999.8894 999.9694 1000.048 1000.126 1000.206 1000.286 1000.378 1000.478 1000.552 1000.625 1000.717 1000.798 1000.883 1000.988 1001.118 1001.248 1001.378 1001.511 1001.646 1001.776 1001.906 1002.036 1002.166 1002.293 1002.418 1002.548 1002.678 1002.808 1002.938 1003.057 1003.044 1003.032 1003.005
998.8002 998.7578 998.7166 998.6896 998.6168 998.5131 998.4708 998.5202 998.6326 998.7146 998.7729 998.8408 998.9082 998.9435 998.9531 998.98 998.9936 998.9888 998.9197 998.8447 998.8399 998.9058 998.9423 998.9461 998.9469 998.9459 998.9431 998.9681 999.0156 999.0641 999.1082 999.1373 999.1609 999.1846 999.1997 999.1782 999.2965 999.4994 999.6531 999.7325 999.8118 999.8918 999.9882 1000.107 1000.205 1000.264 1000.324 1000.405 1000.495 1000.565 1000.637 1000.719 1000.8 1000.891 1001.006 1001.138 1001.268 1001.398 1001.528 1001.658 1001.788 1001.916 1002.046 1002.173 1002.298 1002.428 1002.558 1002.688 1002.813 1002.926 1003.028
998.8642 998.8397 998.8167 998.7725 998.6752 998.5826 998.542 998.5805 998.6542 998.6885 998.7151 998.7811 998.8958 998.9501 998.9594 998.9732 998.9709 998.9319 998.89 998.8597 998.86 998.8936 998.9223 998.9259 998.9329 998.926 998.9189 998.9404 998.991 999.0428 999.0852 999.1122 999.1348 999.156 999.1435 999.1109 999.1468 999.2634 999.3934 999.4998 999.6003 999.7202 999.8419 999.9281 999.972 1000.031 1000.099 1000.182 1000.28 1000.355 1000.425 1000.495 1000.565 1000.641 1000.723 1000.804 1000.898 1001.018 1001.148 1001.278 1001.408 1001.538 1001.668 1001.796 1001.926 1002.056 1002.186 1002.316 1002.438 1002.548 1002.661
998.9428 998.9426 998.9182 998.8487 998.7549 998.6816 998.6374 998.6532 998.7049 998.7201 998.7292 998.7692 998.8469 998.9116 998.9401 998.9584 998.9407 998.9174 998.8982 998.8814 998.8773 998.8888 998.9016 998.9151 998.9196 998.9158 998.9198 998.9384 998.9742 999.0247 999.0648 999.0902 999.1127 999.132 999.1172 999.0886 999.1157 999.1913 999.2621 999.3414 999.4667 999.5773 999.6428 999.6838 999.7351 999.8109 999.874 999.9562 1000.06 1000.145 1000.215 1000.285 1000.355 1000.425 1000.495 1000.565 1000.643 1000.725 1000.806 1000.906 1001.036 1001.166 1001.293 1001.418 1001.548 1001.678 1001.808 1001.938 1002.061 1002.176 1002.288
999.0119 999.0224 999.0045 998.9327 998.8447 998.7763 998.7214 998.7196 998.7541 998.7648 998.7635 998.7819 998.8252 998.8505 998.8806 998.8989 998.9067 998.9091 998.903 998.8901 998.882 998.8867 998.8994 998.9064 998.9146 998.9295 998.9398 998.9379 998.9589 999.0046 999.0383 999.0667 999.0908 999.108 999.0972 999.0903 999.1259 999.1691 999.1902 999.2544 999.3371 999.3693 999.3968 999.444 999.5123 999.5881 999.6469 999.7266 999.8375 999.9308 1000.002 1000.073 1000.145 1000.215 1000.285 1000.355 1000.425 1000.502 1000.566 1000.626 1000.715 1000.808 1000.916 1001.046 1001.176 1001.306 1001.436 1001.566 1001.691 1001.806 1001.916
999.0749 999.0452 998.9653 998.9503 998.9249 998.8594 998.7974 998.7821 998.8006 998.7972 998.7898 998.8063 998.8008 998.8065 998.8175 998.8312 998.8458 998.8595 998.882 998.8808 998.8722 998.8823 998.9087 998.9213 998.9269 998.9404 998.9453 998.9367 998.9515 998.9796 999.011 999.042 999.0672 999.084 999.0858 999.0993 999.123 999.1307 999.1332 999.1653 999.1909 999.2234 999.2627 999.2972 999.3117 999.3643 999.4185 999.4961 999.6151 999.7191 999.79 999.8613 999.9316 1000.003 1000.086 1000.187 1000.25 1000.25 1000.293 1000.368 1000.448 1000.533 1000.628 1000.713 1000.821 1000.936 1001.063 1001.188 1001.316 1001.436 1001.546
999.0927 998.9633 998.8908 998.8913 998.8939 998.9114 998.8734 998.8439 998.8372 998.8142 998.8112 998.814 998.7895 998.785 998.8004 998.8147 998.8243 998.8478 998.8633 998.8649 998.862 998.8838 998.9193 998.9393 998.9489 998.965 998.9704 998.9683 998.9764 999.0029 999.0424 999.0639 999.0819 999.0913 999.101 999.1189 999.1361 999.1453 999.1568 999.1709 999.1791 999.1864 999.2155 999.2358 999.2483 999.2682 999.2753 999.3001 999.392 999.5056 999.5786 999.6599 999.764 999.8716 999.9459 999.9631 999.9611 999.9857 1000.039 1000.118 1000.198 1000.283 1000.368 1000.453 1000.542 1000.635 1000.727 1000.826 1000.943 1001.061 1001.176
999.1031 998.889 998.8071 998.7936 998.8005 998.8045 998.8107 998.8348 998.8447 998.8377 998.8278 998.8138 998.8148 998.8129 998.8136 998.8136 998.8171 998.8348 998.8508 998.8509 998.8539 998.8815 998.9164 998.9427 998.9688 998.9978 999.0091 999.0085 999.0045 999.0277 999.0645 999.0941 999.1132 999.1265 999.1368 999.1498 999.1693 999.1853 999.1973 999.2053 999.1938 999.1758 999.1837 999.1968 999.2138 999.2258 999.2225 999.2225 999.256 999.3468 999.4558 999.5623 999.6421 999.6608 999.6577 999.6549 999.6639 999.7174 999.7883 999.8672 999.9493 1000.035 1000.118 1000.203 1000.288 1000.373 1000.458 1000.538 1000.635 1000.727 1000.827
999.4637 999.2569 999.0269 998.793 998.6758 998.6763 998.6974 998.7285 998.7667 998.8188 998.8483 998.8593 998.8648 998.8586 998.8412 998.8287 998.8247 998.8271 998.8342 998.8407 998.853 998.8799 998.9105 998.9336 998.9611 998.9896 999.0088 999.0251 999.038 999.056 999.0801 999.1036 999.126 999.1436 999.1588 999.1796 999.2036 999.2215 999.2345 999.2338 999.2142 999.1937 999.1845 999.1833 999.1854 999.1986 999.1919 999.1799 999.2236 999.3103 999.3628 999.3915 999.3557 999.3527 999.3497 999.3535 999.3915 999.4625 999.5379 999.6182 999.7004 999.7845 999.868 999.953 1000.037 1000.123 1000.208 1000.288 1000.376 1000.46 1000.535
999.9905 999.7701 999.506 999.1987 998.9021 998.6131 998.5833 998.6629 998.7496 998.8234 998.8602 998.8805 998.8925 998.879 998.8563 998.8423 998.8362 998.8332 998.8347 998.8422 998.8572 998.8815 998.9012 998.9183 998.9427 998.9637 998.9832 999.0046 999.0252 999.0513 999.0806 999.1091 999.1326 999.1534 999.1757 999.2025 999.2294 999.2558 999.2643 999.2526 999.2296 999.2094 999.198 999.1971 999.1996 999.2014 999.1904 999.1912 999.2176 999.263 999.2735 999.2431 999.1895 999.1828 999.2295 999.2766 999.3304 999.3649 999.4166 999.4758 999.5261 999.5629 999.6194 999.7039 999.7877 999.8723 999.9526 1000.037 1000.133 1000.208 1000.273
1000.488 1000.293 1000.063 999.7612 999.4295 999.149 998.9805 998.8376 998.7711 998.8262 998.8738 998.9113 998.9123 998.8908 998.8647 998.8507 998.8482 998.8452 998.8422 998.8448 998.8593 998.8755 998.8849 998.9014 998.9186 998.9337 998.9512 998.9748 999.0045 999.0359 999.0665 999.0959 999.1199 999.1455 999.1838 999.2203 999.2515 999.274 999.281 999.2676 999.2449 999.2257 999.2208 999.2286 999.2236 999.2152 999.21 999.207 999.2007 999.1752 999.1647 999.1442 999.1305 999.1708 999.2286 999.2806 999.3245 999.3395 999.3695 999.4225 999.46 999.4761 999.4954 999.4964 999.5472 999.6183 999.6972 999.7894 999.8917 999.9674 1000.021
1000.935 1000.75 1000.552 1000.337 1000.128 999.8929 999.6514 999.4526 999.3005 999.1507 999.0201 998.95 998.9221 998.8938 998.8657 998.8538 998.8558 998.8552 998.8492 998.8473 998.8578 998.863 998.8662 998.8795 998.893 998.9077 998.9285 998.9554 998.9865 999.018 999.0433 999.0593 999.076 999.1075 999.1486 999.1902 999.228 999.2524 999.2699 999.2729 999.2581 999.2454 999.2512 999.2548 999.2425 999.2299 999.225 999.2175 999.1855 999.1481 999.1252 999.1082 999.1207 999.1788 999.2363 999.285 999.3149 999.3178 999.3403 999.386 999.4175 999.431 999.4363 999.4332 999.4379 999.447 999.4655 999.5502 999.6504 999.7277 999.786
1001.372 1001.185 1001.002 1000.815 1000.63 1000.441 1000.297 1000.151 999.9838 999.7858 999.5571 999.2947 999.0326 998.8613 998.8388 998.8441 998.8649 998.8629 998.8524 998.849 998.8516 998.8466 998.8475 998.8574 998.874 998.9011 998.925 998.9453 998.9748 998.9987 999.0063 999.0105 999.0266 999.0624 999.1079 999.1541 999.1909 999.2142 999.2338 999.2388 999.2294 999.2413 999.2735 999.2715 999.2552 999.243 999.234 999.2178 999.1865 999.1473 999.1238 999.1158 999.1463 999.1965 999.244 999.2819 999.2919 999.2941 999.3116 999.3467 999.3732 999.389 999.3926 999.3776 999.3712 999.3637 999.3693 999.4123 999.4583 999.5027 999.5487
1001.805 1001.622 1001.435 1001.252 1001.081 1000.954 1000.832 1000.705 1000.56 1000.41 1000.241 1000.042 999.7692 999.4975 999.2176 998.9728 998.8592 998.8552 998.8417 998.8368 998.8307 998.8301 998.8287 998.842 998.8759 998.9078 998.9216 998.9371 998.9655 998.9884 999.0009 999.0029 999.0137 999.0429 999.0784 999.1176 999.1506 999.1691 999.1871 999.1938 999.2018 999.2272 999.2265 999.2301 999.2399 999.2473 999.2345 999.218 999.1904 999.157 999.1321 999.1363 999.169 999.1971 999.2388 999.2619 999.2689 999.2703 999.2823 999.3077 999.3282 999.347 999.3447 999.3196 999.3148 999.3163 999.3223 999.3326 999.3466 999.3802 999.4215
1002.242 1002.055 1001.872 1001.712 1001.577 1001.462 1001.342 1001.217 1001.085 1000.95 1000.815 1000.665 1000.491 1000.319 1000.134 999.9059 999.555 999.3514 999.1268 998.9322 998.7986 998.7721 998.7861 998.8264 998.8872 998.9146 998.9201 998.9316 998.9561 998.9809 998.9991 999.0082 999.0182 999.0458 999.0782 999.1027 999.1252 999.1379 999.1458 999.152 999.1601 999.149 999.15 999.1745 999.2164 999.2375 999.2289 999.2164 999.202 999.1709 999.1454 999.1501 999.1573 999.1776 999.2101 999.2339 999.2459 999.2463 999.2512 999.2655 999.2834 999.305 999.2961 999.2709 999.2857 999.2882 999.2643 999.2502 999.2604 999.2875 999.3422
1002.675 1002.492 1002.324 1002.202 1002.084 1001.967 1001.852 1001.73 1001.602 1001.465 1001.332 1001.195 1001.062 1000.925 1000.788 1000.611 1000.435 1000.267 1000.079 999.8209 999.5792 999.3186 998.9819 998.7612 998.8139 998.8818 998.9203 998.9277 998.9469 998.9709 998.9943 999.0093 999.0258 999.0523 999.0742 999.0902 999.1137 999.132 999.1398 999.1405 999.1275 999.1276 999.1462 999.1607 999.2019 999.226 999.224 999.2244 999.2302 999.2133 999.1843 999.1726 999.1669 999.1661 999.1851 999.2166 999.2307 999.2346 999.2343 999.2393 999.2517 999.2794 999.2839 999.284 999.2954 999.2771 999.2455 999.2274 999.2332 999.2637 999.3334
1003.092 1002.944 1002.824 1002.707 1002.592 1002.474 1002.357 1002.242 1002.115 1001.982 1001.845 1001.712 1001.575 1001.442 1001.305 1001.172 1001.035 1000.902 1000.744 1000.581 1000.415 1000.219 999.9199 999.5978 999.2101 998.9296 998.8717 998.9282 998.9803 998.989 998.9979 999.0085 999.0281 999.0433 999.0546 999.0737 999.1022 999.1273 999.1436 999.1398 999.1414 999.1943 999.23 999.2263 999.2233 999.2219 999.2332 999.2488 999.2621 999.2547 999.2343 999.2186 999.1873 999.1606 999.1824 999.2054 999.2289 999.2487 999.2512 999.2537 999.2636 999.2846 999.2991 999.3138 999.3079 999.2746 999.2421 999.231 999.2534 999.2826 999.3292
1003.214 1003.24 1003.198 1003.187 1003.1 1002.982 1002.864 1002.747 1002.627 1002.495 1002.362 1002.225 1002.09 1001.955 1001.822 1001.685 1001.552 1001.415 1001.28 1001.145 1001.012 1000.865 1000.689 1000.484 1000.279 999.9741 999.6601 999.3089 999.1044 999.0992 999.1029 999.0894 999.082 999.0701 999.061 999.0651 999.0897 999.1167 999.1422 999.1608 999.2155 999.2985 999.334 999.314 999.251 999.2146 999.2155 999.2507 999.2819 999.2922 999.2767 999.2411 999.1838 999.1606 999.1797 999.2079 999.2505 999.2704 999.2733 999.2762 999.2833 999.2966 999.3118 999.3223 999.3074 999.2721 999.2458 999.2532 999.2807 999.3082 999.3172
1003.15 1003.18 1003.211 1003.222 1003.18 1003.137 1003.188 1003.126 1003.051 1002.961 1002.853 1002.718 1002.583 1002.451 1002.319 1002.186 1002.049 1001.919 1001.784 1001.649 1001.517 1001.384 1001.247 1001.117 1000.985 1000.85 1000.582 1000.397 1000.17 999.6879 999.266 999.1835 999.1586 999.1379 999.1165 999.1013 999.1079 999.1315 999.1495 999.1967 999.2964 999.3975 999.4238 999.3624 999.2729 999.206 999.2022 999.2417 999.2792 999.3071 999.2916 999.2388 999.1801 999.1608 999.1895 999.236 999.2758 999.2917 999.2948 999.3004 999.3104 999.3214 999.3348 999.3298 999.3054 999.2696 999.2566 999.2831 999.3162 999.3369 999.3299
1003.086 1003.116 1003.146 1003.177 1003.207 1003.204 1003.161 1003.119 1003.076 1003.125 1003.12 1003.064 1002.971 1002.877 1002.746 1002.611 1002.476 1002.346 1002.216 1002.081 1001.946 1001.814 1001.681 1001.546 1001.416 1001.281 1001.146 1001.014 1000.813 1000.559 1000.441 1000.266 1000.017 999.642 999.3328 999.1536 999.1435 999.1533 999.1638 999.2136 999.3115 999.4027 999.4233 999.3897 999.3057 999.2336 999.2243 999.2565 999.296 999.3192 999.2961 999.2429 999.1988 999.2012 999.2255 999.265 999.301 999.3145 999.3199 999.3291 999.3389 999.3504 999.3547 999.3332 999.3021 999.2697 999.2766 999.3197 999.3508 999.3612 999.3727
1002.999 1003.052 1003.083 1003.113 1003.143 1003.174 1003.204 1003.186 1003.143 1003.101 1003.058 1003.015 1003.051 1003.129 1003.054 1002.988 1002.888 1002.756 1002.626 1002.491 1002.356 1002.226 1002.096 1001.961 1001.826 1001.696 1001.561 1001.426 1001.296 1001.164 1001.043 1000.923 1000.721 1000.584 1000.455 1000.17 999.8656 999.5029 999.2255 999.2136 999.2822 999.3392 999.3767 999.3795 999.3409 999.2752 999.2605 999.2778 999.3058 999.3151 999.2966 999.2496 999.2469 999.3123 999.3183 999.3199 999.3269 999.3399 999.3481 999.3574 999.3679 999.373 999.3586 999.3315 999.2991 999.2732 999.2947 999.3463 999.3869 999.4188 999.4443
1002.884 1002.943 1003.001 1003.049 1003.079 1003.11 1003.14 1003.171 1003.201 1003.168 1003.125 1003.083 1003.04 1002.997 1002.954 1002.977 1003.054 1003.069 1002.99 1002.906 1002.771 1002.636 1002.506 1002.371 1002.236 1002.106 1001.974 1001.841 1001.706 1001.576 1001.441 1001.306 1001.193 1001.088 1001.012 1000.861 1000.708 1000.569 1000.424 1000.255 1000.049 999.8428 999.6563 999.5194 999.3949 999.3257 999.2968 999.2985 999.3171 999.3094 999.2969 999.2863 999.3259 999.34 999.3477 999.3643 999.3638 999.3703 999.3774 999.3861 999.3912 999.3796 999.3556 999.3281 999.2974 999.2807 999.308 999.3615 999.4124 999.4575 999.5081
1002.882 1002.849 1002.886 1002.944 1003.003 1003.046 1003.076 1003.107 1003.137 1003.168 1003.193 1003.15 1003.107 1003.065 1003.022 1002.979 1002.936 1002.894 1002.903 1002.98 1003.058 1002.999 1002.917 1002.784 1002.651 1002.516 1002.386 1002.251 1002.116 1001.986 1001.854 1001.719 1001.586 1001.466 1001.353 1001.263 1001.192 1001.118 1001.043 1000.906 1000.795 1000.655 1000.454 1000.225 1000.035 999.8599 999.597 999.4097 999.3581 999.3798 999.4028 999.4177 999.4482 999.5036 999.5555 999.5132 999.4197 999.4158 999.4205 999.4218 999.4079 999.3796 999.3526 999.3271 999.2994 999.2879 999.3194 999.3745 999.4228 999.4641 999.5045
1002.878 1002.884 1002.873 1002.836 1002.888 1002.946 1003.004 1003.043 1003.073 1003.104 1003.134 1003.165 1003.175 1003.132 1003.089 1003.047 1003.004 1002.961 1002.918 1002.876 1002.833 1002.829 1002.906 1002.984 1003.016 1002.928 1002.796 1002.664 1002.531 1002.396 1002.266 1002.131 1001.996 1001.866 1001.74 1001.618 1001.513 1001.442 1001.367 1001.293 1001.222 1001.131 1001.018 1000.919 1000.829 1000.611 1000.311 1000.051 999.851 999.7753 999.7978 999.7559 999.701 999.7659 999.8083 999.7203 999.5699 999.4694 999.4633 999.4497 999.4219 999.3922 999.3639 999.3334 999.3044 999.2943 999.326 999.3748 999.418 999.4563 999.4898
