SIN0=(1.0419159062374246,1.0,-2.3,MASK0)
SIN1=(2.0129969584369327,2.0,-3.07,MASK0)
SIN2=(0.2622357794302676,3.0,0.63,MASK0)
SIN3=(0.7216152937329382,4.0,-2.33,MASK0)
SIN4=(0.3602467635291036,5.0,-2.23,MASK0)
SIN5=(0.4383719947177423,6.0,-3.03,MASK0)
SIN6=(0.3808899800310186,7.0,-0.69,MASK0)
SIN7=(0.7216152937329383,4.0,-2.33,MASK0)
SIN8=(0.2622357794302676,3.0,0.63,MASK0)
SIN9=(2.0129969584369323,2.0,-3.07,MASK0)
SIN10=(1.0419159062374246,1.0,-2.3,MASK0)

