SIN0=(1.0419159062374244,1.0,-2.3,MASK0)
SIN1=(2.0129969584369327,2.0,-3.07,MASK0)
SIN2=(0.2622357794302675,3.0,0.63,MASK0)
SIN3=(0.3602467635291036,5.0,-2.23,MASK0)
SIN4=(0.38088998003101865,7.0,-0.69,MASK0)
SIN5=(0.1612839846957646,8.0,0.83,MASK0)
SIN6=(0.4383719947177424,6.0,-3.03,MASK0)
SIN7=(0.3602467635291036,5.0,-2.23,MASK0)
SIN8=(0.26223577943026755,3.0,0.63,MASK0)
SIN9=(1.0419159062374246,1.0,-2.3,MASK0)

