COS0=(1.0419159062374244, 1.0, -114.0, MASK0)
COS1=(2.0129969584369327, 2.0, -76.0, MASK0)
COS2=(0.2622357794302675, 3.0, 40.0, MASK0)
COS3=(0.3602467635291036, 5.0, -22.0, MASK0)
COS4=(0.38088998003101865, 7.0, -4.0, MASK0)
COS5=(0.1612839846957646, 8.0, 14.0, MASK0)
COS6=(0.4383719947177424, 6.0, -26.0, MASK0)
COS7=(0.3602467635291036, 5.0, -22.0, MASK0)
COS8=(0.26223577943026755, 3.0, 40.0, MASK0)
COS9=(1.0419159062374246, 1.0, -114.0, MASK0)
