COS0=(0.24646353104435467, 1.0, 130.0, MASK0)
COS1=(0.43162239254966905, 2.0, 42.0, MASK0)
COS2=(0.31209014561130594, 3.0, -40.0, MASK0)
COS3=(0.11714739521889342, 4.0, 22.0, MASK0)
COS4=(0.11995218530798651, 6.0, -26.0, MASK0)
COS5=(0.05946705321767659, 7.0, -22.0, MASK0)
COS6=(0.05736229515834247, 8.0, 6.0, MASK0)
COS7=(0.04743074449176596, 10.0, 4.0, MASK0)
COS8=(0.009320058254361975, 10.5, 8.0, MASK0)
COS9=(0.02064397365076362, 13.0, 4.0, MASK0)
COS10=(0.004879468829711338, 14.0, -12.0, MASK0)
COS11=(0.03247687273178919, 15.0, -10.0, MASK0)
COS12=(0.017111154168877464, 16.0, 2.0, MASK0)
COS13=(0.012844075189072601, 17.5, -6.0, MASK0)
COS14=(0.008198752287618537, 18.5, 4.0, MASK0)
COS15=(0.0270215459659692, 21.0, -8.0, MASK0)
COS16=(0.024809250396813688, 21.5, -6.0, MASK0)
COS17=(0.006069895457339301, 22.5, -4.0, MASK0)
COS18=(0.013281480945445413, 23.5, -4.0, MASK0)
COS19=(0.012341651297446464, 24.5, 2.0, MASK0)
COS20=(0.01671710001605231, 27.0, -4.0, MASK0)
COS21=(0.012250975382659613, 28.0, 6.0, MASK0)
COS22=(0.015328107572364413, 30.0, -6.0, MASK0)
COS23=(0.010777575711695075, 30.5, -4.0, MASK0)
COS24=(0.005521951378298023, 31.5, -4.0, MASK0)
COS25=(0.015123666806368868, 33.5, 2.0, MASK0)
COS26=(0.012366189764949912, 34.5, -4.0, MASK0)
COS27=(0.0020716775155175246, 35.5, -4.0, MASK0)
COS28=(0.0061743824322665055, 37.5, -4.0, MASK0)
COS29=(0.013094222660214504, 38.5, -4.0, MASK0)
COS30=(0.010057381147958533, 39.5, -4.0, MASK0)
COS31=(0.004614722860774196, 40.5, -4.0, MASK0)
COS32=(0.010684680977199462, 42.5, -4.0, MASK0)
COS33=(0.012275746067798987, 43.0, -4.0, MASK0)
COS34=(0.004884529401388562, 44.5, -2.0, MASK0)
COS35=(0.002507481450847054, 45.5, -2.0, MASK0)
COS36=(0.006482905942885294, 47.0, -4.0, MASK0)
COS37=(0.012422633433691285, 48.0, -2.0, MASK0)
COS38=(0.0045962094775015925, 49.5, -2.0, MASK0)
COS39=(0.00684827438565592, 51.0, -4.0, MASK0)
COS40=(0.006364012405652544, 52.0, -2.0, MASK0)
COS41=(0.0038319004573656246, 53.5, -4.0, MASK0)
COS42=(0.006407991950888812, 55.0, -2.0, MASK0)
COS43=(0.001994199744893158, 56.0, -2.0, MASK0)
COS44=(0.007116878078396793, 58.0, -2.0, MASK0)
COS45=(0.006607032294944715, 59.0, -2.0, MASK0)
COS46=(0.004700512463484369, 60.0, -2.0, MASK0)
COS47=(0.006648845791229688, 62.0, -2.0, MASK0)
COS48=(0.004382777268581229, 63.0, -2.0, MASK0)
COS49=(0.003320801900341293, 64.0, -2.0, MASK0)
COS50=(0.005213677528017061, 65.0, -2.0, MASK0)
COS51=(0.0049847985210707026, 66.0, -2.0, MASK0)
COS52=(0.004504007494129742, 68.0, -2.0, MASK0)
COS53=(0.005708032446039622, 69.0, -2.0, MASK0)
COS54=(0.007918092328710779, 71.0, -2.0, MASK0)
COS55=(0.006709428071451007, 72.0, -2.0, MASK0)
COS56=(0.005011850792306019, 73.0, -2.0, MASK0)
COS57=(0.0031861823507587997, 74.0, -2.0, MASK0)
COS58=(0.0038151875330674576, 76.0, -2.0, MASK0)
COS59=(0.003815187533067463, 76.0, -2.0, MASK0)
