COS0=(0.43162239254966905, 2.0, 42.0, MASK0)
COS1=(0.31209014561130594, 3.0, -40.0, MASK0)
COS2=(0.11714739521889342, 4.0, 22.0, MASK0)
COS3=(0.05946705321767659, 7.0, -22.0, MASK0)
COS4=(0.07951718555854007, 5.0, 10.0, MASK0)
COS5=(0.312090145611306, 3.0, -40.0, MASK0)
COS6=(0.43162239254966916, 2.0, 42.0, MASK0)
COS7=(0.2464635310443547, 1.0, 130.0, MASK0)
