SIN0=(0.24646353104435467,1.0,0.5,MASK0)
SIN1=(0.43162239254966905,2.0,1.38,MASK0)
SIN2=(0.31209014561130594,3.0,-2.44,MASK0)
SIN3=(0.11714739521889342,4.0,1.33,MASK0)
SIN4=(0.07951718555854007,5.0,2.04,MASK0)
SIN5=(0.11995218530798649,6.0,3.09,MASK0)
SIN6=(0.3120901456113059,3.0,-2.44,MASK0)
SIN7=(0.43162239254966916,2.0,1.38,MASK0)
SIN8=(0.2464635310443547,1.0,0.5,MASK0)

