samples/sfe_209/sfe_209_vv1/sfe_209_vv1/sfe_209_vv1.asc
ncols         267
nrows         135
xllcorner     98.199999999255
yllcorner     82.800000000745
cellsize      0.3
NODATA_value  -9999
[rows 84 to 111 of 135, columns 0 to 63 of 267]
-9999 -9999 603.9086 602.5397 601.3754 600.9146 600.413 600.1015 600.198 600.1647 600.1168 600.0627 600.0845 600.0402 600.1033 600.0707 600.0457 600.022 599.9875 599.9398 599.9455 599.8853 599.847 599.833 599.8793 599.9965 600.1163 600.2507 600.358 600.4182 600.4658 600.4675 600.424 600.3705 600.3552 600.414 600.4042 600.3853 600.2972 600.2958 600.1935 600.0812 600.0092 600.0095 600.3055 600.2785 600.2869 600.2753 600.249 600.2265 600.1995 600.187 600.2642 600.3385 600.3115 600.2845 600.2805 600.3197 600.4019 600.4114 600.4118 600.4312 600.5134 600.5692
-9999 -9999 604.0219 602.653 601.4608 600.9961 600.4945 600.3078 600.4407 600.4017 600.4115 600.389 600.4272 600.395 600.3983 600.3603 600.3253 600.2935 600.2155 600.2166 600.071 599.9507 599.886 599.923 599.9318 600.01 600.1295 600.2875 600.4332 600.5413 600.681 600.7285 600.675 600.5908 600.5295 600.5573 600.537 600.5112 600.468 600.4405 600.4482 600.4907 600.5009 600.4848 600.4822 600.526 600.5697 600.5799 600.5533 600.5396 600.5295 600.5025 600.5768 600.654 600.6415 600.6145 600.638 600.6475 600.7297 600.7392 600.7693 600.7589 600.8412 600.9234
-9999 -9999 604.1351 602.7662 601.5463 601.0776 600.576 600.4218 600.7599 600.7692 600.724 600.7133 600.7395 600.7402 600.708 600.6702 600.7705 600.7358 600.648 600.5023 600.3305 600.1905 600.1095 600.2695 600.35 600.3568 600.419 600.5015 600.6188 600.6802 600.6825 600.6555 600.6606 600.6458 600.6503 600.6882 600.7261 600.7302 600.7032 600.6837 600.7261 600.7686 600.7838 600.7894 600.7651 600.8088 600.8526 600.8845 600.8577 600.844 600.8595 600.8325 600.8895 600.9667 600.9715 600.9445 600.968 600.9752 601.0574 601.0669 601.1267 601.0999 601.1689 601.2512
-9999 -9999 604.2484 602.8795 601.6455 601.1591 600.6575 600.5358 601.1515 601.0112 600.971 601.0023 601.0627 601.0282 601.0342 601.0002 601.024 600.9893 600.96 600.8953 600.8683 600.7875 600.7552 600.88 600.9099 600.9338 600.9147 600.8881 600.861 600.8424 600.8433 600.8806 600.9179 600.9116 600.9099 600.9478 600.9857 601.0128 600.9861 600.9615 601.004 601.0465 601.0667 601.094 601.067 601.0917 601.1354 601.1791 601.1621 601.1485 601.1895 601.1625 601.2021 601.2793 601.3015 601.2745 601.298 601.3261 601.3852 601.3947 601.4774 601.4574 601.4966 601.5789
-9999 -9999 -9999 602.9928 601.7448 601.2406 600.739 600.6498 601.1515 601.1945 601.2025 601.1854 601.1876 601.1606 601.1555 601.1809 601.2064 601.1993 601.183 601.1631 601.1361 601.1199 601.093 601.1078 601.1378 601.1677 601.1635 601.1371 601.1101 601.0936 601.0978 601.1378 601.1751 601.1774 601.1713 601.2075 601.2454 601.2953 601.2689 601.2419 601.2819 601.3244 601.3495 601.3814 601.3716 601.3746 601.4183 601.462 601.4667 601.453 601.5025 601.4925 601.5147 601.5919 601.6315 601.6045 601.628 601.6837 601.713 601.7224 601.8052 601.8149 601.8244 601.9067
-9999 -9999 -9999 603.1061 601.8441 601.3221 600.8205 600.7639 601.2477 601.3585 601.3909 601.4235 601.4221 601.3951 601.3639 601.3893 601.4149 601.4105 601.4016 601.3846 601.3576 601.3545 601.3275 601.3356 601.3656 601.3956 601.4029 601.3862 601.3593 601.3428 601.347 601.395 601.4323 601.4432 601.4332 601.4672 601.5051 601.5555 601.5518 601.5248 601.5598 601.6023 601.6323 601.6642 601.6763 601.6574 601.7012 601.7449 601.7714 601.7575 601.807 601.8225 601.8273 601.9045 601.9615 601.9345 601.958 602.032 602.0407 602.0502 602.1329 602.1725 602.1522 602.2344
-9999 -9999 -9999 603.2194 601.9433 601.4036 600.902 600.8779 601.3439 601.6033 601.629 601.6615 601.6566 601.6294 601.58 601.5978 601.6233 601.6217 601.6201 601.6061 601.5791 601.589 601.562 601.5635 601.5934 601.6234 601.6329 601.6353 601.6083 601.592 601.6128 601.6522 601.6896 601.709 601.6951 601.7269 601.7648 601.8138 601.8347 601.8077 601.8377 601.8802 601.9152 601.9471 601.9808 601.9539 601.984 602.0277 602.0714 602.062 602.1115 602.1525 602.14 602.2172 602.2915 602.2645 602.288 602.362 602.3718 602.3779 602.4606 602.4702 602.4433 602.4177
-9999 -9999 -9999 603.3326 602.0426 601.4851 600.9835 600.9919 601.4401 601.8525 601.867 601.8995 601.8912 601.8586 601.8091 601.8062 601.8317 601.8329 601.8423 601.8276 601.8006 601.8198 601.7966 601.7913 601.8213 601.8512 601.8629 601.8844 601.8574 601.8412 601.8765 601.9014 601.9468 601.9748 601.957 601.9886 602.0244 602.072 602.1174 602.0905 602.1156 602.1581 602.1981 602.23 602.2737 602.2585 602.2668 602.3106 602.3543 602.3665 602.416 602.4655 602.4555 602.5298 602.607 602.5945 602.618 602.591 602.5635 602.5351 602.5067 602.4827 602.4598 602.437
-9999 -9999 -9999 603.4459 602.1418 601.5666 601.065 601.1059 601.5442 602.0783 602.105 602.1375 602.1257 602.0879 602.0384 602.0146 602.0401 602.0441 602.0653 602.0491 602.0221 602.0413 602.0311 602.0192 602.0491 602.079 602.093 602.1332 602.1065 602.0904 602.1257 602.1506 602.204 602.2406 602.2188 602.2505 602.2841 602.3302 602.3898 602.3734 602.3935 602.436 602.4785 602.5128 602.5566 602.5631 602.5497 602.5934 602.6371 602.671 602.7205 602.7573 602.7305 602.7043 602.6817 602.6586 602.6355 602.6119 602.5835 602.5551 602.5267 602.502 602.4791 602.4563
-9999 -9999 -9999 603.5592 602.2411 601.6481 601.1465 601.2199 601.6531 602.1872 602.3431 602.3755 602.3602 602.3171 602.2676 602.223 602.2485 602.2552 602.2814 602.2706 602.2436 602.2628 602.2656 602.2469 602.2769 602.3069 602.3229 602.3726 602.3556 602.3396 602.3749 602.3998 602.4559 602.4985 602.4807 602.5125 602.5441 602.5884 602.648 602.6563 602.6714 602.7139 602.7563 602.7957 602.8394 602.8677 602.8408 602.8645 602.8375 602.8116 602.79 602.7681 602.746 602.7239 602.7012 602.6782 602.655 602.6317 602.6035 602.5751 602.5467 602.5213 602.4984 602.4756
-9999 -9999 -9999 603.6725 602.3404 601.7296 601.228 601.3339 601.762 602.2961 602.5811 602.6136 602.5948 602.5464 602.4969 602.4474 602.457 602.4664 602.4926 602.4921 602.4651 602.4843 602.5001 602.4748 602.5048 602.5347 602.553 602.6027 602.6047 602.5888 602.6241 602.649 602.705 602.7557 602.7452 602.7744 602.806 602.8467 602.9063 602.9391 602.9493 602.9918 602.9995 602.9725 602.9481 602.9248 602.9012 602.8777 602.8541 602.8315 602.8099 602.7881 602.7657 602.7436 602.7208 602.6977 602.6746 602.6515 602.6234 602.595 602.5667 602.5406 602.5178 602.4949
-9999 -9999 -9999 603.7858 602.4396 601.8111 601.311 601.4479 601.871 602.405 602.8222 602.8516 602.8251 602.7756 602.7261 602.6767 602.6653 602.6776 602.7038 602.7126 602.6866 602.7057 602.7341 602.7076 602.7326 602.7625 602.783 602.8326 602.8538 602.838 602.8733 602.9086 602.9542 603.0103 603.011 603.0362 603.0679 603.1049 603.1202 603.0933 603.0654 603.0376 603.0124 602.9905 602.9687 602.9454 602.9219 602.8983 602.8748 602.8514 602.8298 602.8081 602.7853 602.7632 602.7403 602.7172 602.6941 602.671 602.6434 602.615 602.5866 602.5599 602.537 602.5142
-9999 -9999 -9999 603.899 602.5389 601.8926 601.3954 601.562 601.9799 602.514 603.048 603.0897 603.0543 603.0049 602.9554 602.9059 602.8738 602.8888 602.915 602.9311 602.9081 602.9272 602.9556 602.9422 602.9604 602.9904 603.0175 603.0627 603.1028 603.0872 603.1224 603.1578 603.2034 603.2595 603.2325 603.2055 603.1814 603.1606 603.1404 603.1147 603.0869 603.0591 603.0331 603.0112 602.9894 602.966 602.9425 602.9189 602.8954 602.8713 602.8496 602.8279 602.8049 602.7828 602.7602 602.7368 602.7137 602.6906 602.6634 602.6349 602.6066 602.5792 602.5564 602.5336
-9999 -9999 -9999 604.0123 602.6434 601.9741 601.4799 601.676 602.0888 602.6229 603.157 603.3254 603.2836 603.2341 603.1846 603.1351 603.0857 603.1 603.1262 603.1523 603.1296 603.1487 603.1771 603.1767 603.1882 603.2182 603.2482 603.2927 603.3423 603.3364 603.3405 603.3135 603.2912 603.2709 603.2482 603.2255 603.2028 603.181 603.1608 603.1361 603.1083 603.0805 603.0537 603.0319 603.01 602.9866 602.9631 602.9395 602.916 602.8911 602.8695 602.8478 602.8246 602.8025 602.7803 602.7563 602.7332 602.7101 602.6833 602.655 602.6265 602.5988 602.5757 602.5529
-9999 -9999 -9999 604.1255 602.7567 602.0556 601.5645 601.79 602.1977 602.7318 603.2659 603.5599 603.5128 603.4634 603.4139 603.3644 603.3149 603.3112 603.3373 603.3635 603.3511 603.3702 603.3986 603.4113 603.4161 603.446 603.4475 603.4205 603.3995 603.3773 603.355 603.3322 603.3123 603.2923 603.2697 603.247 603.2243 603.2014 603.1812 603.1576 603.1298 603.1019 603.0745 603.0525 603.0306 603.0073 602.9837 602.9601 602.9366 602.911 602.8893 602.8677 602.8442 602.8221 602.8 602.7758 602.7527 602.7296 602.7033 602.6749 602.6465 602.6187 602.595 602.5722
-9999 -9999 -9999 604.2388 602.87 602.1371 601.6489 601.8951 602.3066 602.8407 603.3748 603.7916 603.7421 603.6926 603.6431 603.5936 603.5442 603.5223 603.5485 603.5747 603.5726 603.5825 603.5555 603.5285 603.5061 603.4837 603.4622 603.4424 603.4218 603.3995 603.3772 603.3547 603.3334 603.3134 603.2912 603.2685 603.2458 603.2218 603.2016 603.179 603.1512 603.1234 603.0959 603.0732 603.0513 603.0279 603.0043 602.9808 602.9572 602.9315 602.9092 602.8876 602.8638 602.8417 602.8196 602.7953 602.7723 602.7491 602.7233 602.6949 602.6665 602.6385 602.6144 602.5915
-9999 -9999 -9999 604.3521 602.9833 602.2186 601.7334 601.9913 602.4155 602.9496 603.4837 603.8445 603.815 603.7909 603.766 603.7411 603.7161 603.69 603.6633 603.6412 603.6189 603.5966 603.5743 603.5516 603.5292 603.5068 603.4841 603.4644 603.4439 603.4217 603.3994 603.3771 603.3544 603.3345 603.3127 603.29 603.2673 603.2422 603.222 603.2004 603.1727 603.1448 603.1174 603.0938 603.072 603.0485 603.025 603.0014 602.9778 602.9522 602.9291 602.9075 602.8835 602.8613 602.8392 602.8149 602.7918 602.7687 602.7432 602.7148 602.6865 602.6584 602.6337 602.6108
-9999 -9999 -9999 -9999 603.0966 602.3001 601.8179 602.0875 602.5245 603.0585 603.5927 603.864 603.823 603.797 603.7705 603.7485 603.7276 603.7065 603.6859 603.6647 603.6424 603.6201 603.5978 603.5746 603.5522 603.5298 603.506 603.4863 603.4661 603.4438 603.4216 603.3994 603.3755 603.3556 603.3341 603.3115 603.2888 603.2636 603.2424 603.2219 603.1941 603.1663 603.1387 603.1144 603.0927 603.0695 603.0456 603.022 602.9985 602.9729 602.949 602.9273 602.9039 602.881 602.8589 602.8345 602.8113 602.7883 602.7629 602.7348 602.7064 602.6783 602.653 602.6301
-9999 -9999 -9999 -9999 603.2098 602.3816 601.9023 602.1837 602.6334 603.1675 603.7015 603.8835 603.8455 603.8185 603.7937 603.7727 603.7518 603.7303 603.7095 603.6888 603.6658 603.6436 603.6213 603.5977 603.5753 603.5529 603.5291 603.5083 603.4886 603.4661 603.4438 603.4216 603.3967 603.3766 603.3556 603.3329 603.3102 603.2853 603.2628 603.2426 603.2155 603.1877 603.16 603.1351 603.1133 603.0906 603.0662 603.0427 603.0191 602.9937 602.9689 602.9472 602.9243 602.9006 602.8785 602.854 602.8309 602.8078 602.7827 602.7548 602.7264 602.6982 602.6723 602.6495
-9999 -9999 -9999 -9999 603.3231 602.4631 601.9869 602.2798 602.7423 603.2764 603.8105 603.903 603.8707 603.8436 603.8179 603.7969 603.776 603.754 603.7333 603.7125 603.6893 603.6671 603.6447 603.6207 603.5983 603.5759 603.5524 603.5303 603.5106 603.4883 603.466 603.4437 603.4177 603.3978 603.3771 603.3544 603.3317 603.307 603.2833 603.263 603.2369 603.2092 603.1814 603.1558 603.1339 603.1116 603.0869 603.0633 603.0397 603.0144 602.9887 602.967 602.9445 602.9202 602.8981 602.8738 602.8504 602.8273 602.8025 602.7748 602.7464 602.7181 602.6917 602.6688
-9999 -9999 -9999 -9999 603.4363 602.5446 602.0714 602.376 602.8512 603.3853 603.9194 603.9227 603.8958 603.8688 603.8421 603.8212 603.8002 603.7776 603.757 603.7363 603.7128 603.6905 603.6682 603.6437 603.6213 603.5989 603.5757 603.5522 603.5325 603.5104 603.4882 603.4659 603.4401 603.4188 603.3986 603.3759 603.3531 603.3287 603.3036 603.2834 603.2584 603.2306 603.2028 603.1765 603.1546 603.1328 603.1075 603.0839 603.0604 603.0351 603.0086 602.9869 602.9649 602.9399 602.9177 602.8939 602.8699 602.8469 602.8223 602.7947 602.7664 602.738 602.711 602.6881
-9999 -9999 -9999 -9999 603.5496 602.6261 602.1558 602.4722 602.9601 603.4942 604.0004 603.9479 603.921 603.894 603.867 603.8453 603.8244 603.8013 603.7806 603.7599 603.7363 603.714 603.6917 603.6671 603.6444 603.622 603.599 603.5742 603.5544 603.5327 603.5104 603.4881 603.4625 603.4399 603.42 603.3973 603.3746 603.3504 603.324 603.3038 603.2798 603.252 603.2242 603.1974 603.1752 603.1534 603.1281 603.1045 603.081 603.0558 603.0289 603.0068 602.9852 602.9595 602.9374 602.914 602.8895 602.8664 602.842 602.8147 602.7863 602.7579 602.7308 602.7074
-9999 -9999 -9999 -9999 603.6629 602.7076 602.2403 602.5684 603.069 603.6031 604.0198 603.973 603.9462 603.9191 603.8922 603.8696 603.8486 603.8252 603.8043 603.7836 603.7598 603.7375 603.7151 603.6908 603.6675 603.6451 603.6223 603.5961 603.5764 603.5548 603.5326 603.5103 603.485 603.4611 603.441 603.4188 603.3961 603.3721 603.3451 603.3243 603.3013 603.2735 603.2457 603.2189 603.1959 603.174 603.1487 603.1251 603.1016 603.0766 603.0496 603.0267 603.005 602.9791 602.957 602.9341 602.9091 602.8859 602.8618 602.8347 602.8063 602.7779 602.7507 602.7267
-9999 -9999 -9999 -9999 603.7762 602.7891 602.3248 602.6646 603.178 603.712 604.0393 603.9982 603.9713 603.9443 603.9173 603.8937 603.8728 603.8499 603.828 603.8073 603.7833 603.7609 603.7386 603.7145 603.6905 603.6681 603.6456 603.6186 603.5984 603.577 603.5547 603.5325 603.5075 603.4821 603.4622 603.4403 603.4176 603.3938 603.3668 603.3447 603.3227 603.2949 603.2671 603.2403 603.2166 603.1947 603.1693 603.1458 603.1222 603.0973 603.0703 603.0466 603.0249 602.9994 602.9766 602.9542 602.9286 602.9055 602.8816 602.8546 602.8262 602.7979 602.7706 602.7461
-9999 -9999 -9999 -9999 603.8895 602.8706 602.4092 602.7607 603.2869 603.821 604.0588 604.0233 603.9965 603.9695 603.9425 603.918 603.897 603.8746 603.8517 603.831 603.8071 603.7844 603.7621 603.7383 603.7136 603.6912 603.6688 603.6419 603.6203 603.5992 603.577 603.5547 603.53 603.5032 603.4832 603.4618 603.4391 603.4155 603.3885 603.3651 603.3442 603.3163 603.2885 603.2617 603.2372 603.2153 603.19 603.1664 603.1428 603.118 603.0911 603.0664 603.0447 603.0198 602.9963 602.9742 602.9481 602.925 602.9014 602.8744 602.8463 602.8178 602.7905 602.7654
-9999 -9999 -9999 -9999 604.0027 602.9521 602.4938 602.8618 603.3958 603.9299 604.0782 604.0485 604.0217 603.9947 603.9677 603.9421 603.9212 603.8992 603.8754 603.8547 603.8314 603.8079 603.7856 603.762 603.7366 603.7142 603.6918 603.6652 603.6423 603.622 603.5991 603.5769 603.5524 603.5255 603.5043 603.4832 603.4606 603.4372 603.4102 603.3855 603.3653 603.3378 603.31 603.2831 603.2578 603.236 603.2111 603.187 603.1635 603.1388 603.1118 603.0863 603.0646 603.0402 603.0159 602.9938 602.9677 602.9445 602.9212 602.8942 602.8662 602.8378 602.8104 602.7847
-9999 -9999 -9999 -9999 604.116 603.0336 602.5782 602.9706 603.5047 604.0388 604.1006 604.0735 604.0468 604.0198 603.9928 603.9664 603.9454 603.9239 603.899 603.8784 603.8555 603.8314 603.8091 603.7858 603.7596 603.7372 603.7148 603.6885 603.6642 603.6445 603.6213 603.5991 603.5749 603.5479 603.5255 603.5047 603.482 603.4589 603.4319 603.4059 603.3857 603.3593 603.3314 603.3046 603.2785 603.2567 603.2322 603.2076 603.1841 603.1595 603.1325 603.1061 603.0845 603.0605 603.0355 603.0134 602.9874 602.9641 602.941 602.9139 602.8862 602.8578 602.8303 602.804
-9999 -9999 -9999 -9999 604.2293 603.1151 602.6627 603.0796 603.6136 604.1477 604.1257 604.0987 604.072 604.045 604.018 603.991 603.9696 603.9486 603.9227 603.902 603.8796 603.8549 603.8326 603.8095 603.7827 603.7603 603.7379 603.7119 603.6862 603.6665 603.6436 603.6213 603.5974 603.5704 603.5465 603.5262 603.5035 603.4806 603.4536 603.4266 603.4061 603.3807 603.3528 603.326 603.2991 603.2773 603.2532 603.2283 603.2047 603.1802 603.1533 603.1263 603.1044 603.0807 603.0551 603.033 603.0075 602.9836 602.9605 602.9337 602.9061 602.8777 602.8502 602.8234
