samples/sfe_209/sfe_209_vv1/sfe_209_vv1/sfe_209_vv1.asc
ncols         267
nrows         135
xllcorner     98.199999999255
yllcorner     82.800000000745
cellsize      0.3
NODATA_value  -9999
[rows 0 to 27 of 135, columns 192 to 255 of 267]
599.7988 599.7718 599.7455 599.7186 599.6915 599.6646 599.6379 599.611 599.5848 599.5579 599.5313 599.5043 599.4772 599.4503 599.424 599.397 599.3699 599.343 599.3163 599.2897 599.2632 599.2366 599.2096 599.1826 599.1556 599.1288 599.1019 599.0748 599.0485 599.0215 598.9945 598.9685 598.9415 598.9147 598.8878 598.8608 598.8337 598.807 598.78 598.7532 598.7263 598.6996 598.6735 598.6465 598.6195 598.5925 598.5658 598.5388 598.5118 598.485 598.4579 598.431 598.4042 598.3787 598.3517 598.3247 598.2977 598.2707 598.2438 598.2167 598.1901 598.1631 598.1361 598.1091
599.7739 599.7469 599.7216 599.6946 599.6676 599.6407 599.6145 599.5875 599.5614 599.5344 599.5082 599.4811 599.4542 599.4271 599.4017 599.3747 599.3477 599.3207 599.2944 599.2679 599.2414 599.215 599.188 599.1611 599.134 599.1077 599.0807 599.0536 599.0281 599.0012 598.9742 598.9481 598.9214 598.8947 598.8677 598.8407 598.8143 598.7872 598.7606 598.7338 598.7068 598.6804 598.6543 598.6273 598.6003 598.5733 598.5469 598.5198 598.4933 598.4664 598.4393 598.4124 598.3859 598.361 598.334 598.307 598.28 598.253 598.226 598.199 598.1729 598.1459 598.1189 598.0919
599.7491 599.7221 599.6977 599.6707 599.6437 599.6168 599.591 599.564 599.5379 599.5109 599.4851 599.4581 599.4311 599.4041 599.3795 599.3525 599.3254 599.2985 599.2726 599.2462 599.2195 599.1935 599.1666 599.1395 599.1125 599.0865 599.0595 599.0325 599.0078 598.9808 598.9539 598.9277 598.9016 598.8746 598.8476 598.8206 598.7945 598.7675 598.7413 598.7143 598.6873 598.6611 598.6351 598.6082 598.5811 598.5541 598.528 598.501 598.4747 598.4477 598.4207 598.3937 598.3677 598.3433 598.3163 598.2892 598.2623 598.2352 598.2083 598.1814 598.1556 598.1287 598.1016 598.0746
599.7242 599.6978 599.6738 599.6468 599.6198 599.593 599.5675 599.5405 599.5144 599.4876 599.462 599.435 599.408 599.3812 599.3572 599.3302 599.3032 599.2764 599.2507 599.2245 599.1976 599.172 599.145 599.118 599.091 599.0654 599.0383 599.0114 598.9874 598.9604 598.9337 598.9073 598.8815 598.8545 598.8275 598.8005 598.7747 598.7477 598.7218 598.6948 598.6678 598.6418 598.616 598.5889 598.562 598.5353 598.509 598.4821 598.4561 598.4291 598.4021 598.3756 598.3496 598.3256 598.2985 598.2715 598.2445 598.2175 598.1906 598.1644 598.1384 598.1114 598.0844 598.0577
599.6994 599.6741 599.6499 599.6229 599.5959 599.5697 599.5441 599.517 599.4909 599.4646 599.4389 599.4119 599.3849 599.3593 599.335 599.308 599.281 599.2547 599.2289 599.2028 599.1757 599.1505 599.1235 599.0965 599.0695 599.0442 599.0172 598.9911 598.967 598.94 598.9135 598.8868 598.8614 598.8344 598.8074 598.7805 598.7549 598.7279 598.7023 598.6754 598.6483 598.6229 598.5967 598.5698 598.5427 598.5168 598.4902 598.4631 598.4374 598.4105 598.3834 598.3577 598.3314 598.3079 598.2808 598.2538 598.2268 598.1998 598.1729 598.1475 598.1212 598.0942 598.0671 598.0412
599.6746 599.6505 599.626 599.5989 599.572 599.5464 599.5206 599.4936 599.4674 599.4417 599.4158 599.3888 599.3618 599.3373 599.3127 599.2857 599.2587 599.2331 599.207 599.1809 599.1539 599.129 599.102 599.075 599.0481 599.023 598.996 598.9711 598.9466 598.9196 598.8932 598.8665 598.8413 598.8143 598.7874 598.7603 598.7351 598.7081 598.6829 598.6559 598.6288 598.6039 598.5776 598.5506 598.5236 598.4982 598.4713 598.4442 598.4188 598.3918 598.3648 598.3395 598.3132 598.2901 598.2631 598.2361 598.2091 598.1821 598.1551 598.1306 598.1039 598.0769 598.0499 598.0245
599.6497 599.6269 599.6021 599.575 599.5481 599.523 599.4971 599.4703 599.4439 599.4187 599.3927 599.3657 599.3387 599.3153 599.2905 599.2635 599.2365 599.2115 599.1852 599.159 599.1323 599.1075 599.0805 599.0535 599.0272 599.0018 598.9749 598.9509 598.9262 598.8992 598.8729 598.8461 598.8212 598.7943 598.7673 598.7402 598.7153 598.6884 598.6634 598.6364 598.6094 598.585 598.5584 598.5314 598.5044 598.4793 598.4523 598.4254 598.4002 598.3732 598.3462 598.3212 598.2953 598.2724 598.2454 598.2184 598.1913 598.1644 598.1374 598.1136 598.0867 598.0597 598.0327 598.0076
599.6249 599.6033 599.5781 599.5511 599.5242 599.4997 599.4736 599.4469 599.4204 599.3958 599.3696 599.3426 599.3156 599.2933 599.2682 599.2412 599.2143 599.1899 599.1633 599.1371 599.111 599.086 599.059 599.032 599.0063 598.9807 598.9537 598.9308 598.9058 598.8788 598.8527 598.8256 598.8011 598.7742 598.7472 598.7205 598.6956 598.6686 598.6439 598.6169 598.5901 598.5661 598.5392 598.5122 598.4852 598.4604 598.4334 598.4064 598.3816 598.3546 598.3276 598.3028 598.278 598.2546 598.2277 598.2006 598.1736 598.1467 598.1197 598.0965 598.0695 598.0425 598.0154 597.9908
599.6 599.5797 599.5542 599.5272 599.5002 599.4764 599.4501 599.4236 599.3969 599.3727 599.3465 599.3195 599.2925 599.2714 599.246 599.219 599.192 599.1682 599.1415 599.1152 599.0897 599.0645 599.0375 599.0104 598.9854 598.9595 598.9325 598.9106 598.8854 598.8585 598.8322 598.8056 598.7811 598.7541 598.7271 598.7011 598.6758 598.649 598.6245 598.5974 598.5708 598.547 598.52 598.493 598.466 598.4415 598.4146 598.3881 598.3629 598.3359 598.3089 598.2845 598.2605 598.2369 598.2099 598.1829 598.1559 598.129 598.1024 598.0792 598.0522 598.0252 597.9982 597.9739
599.5752 599.556 599.5303 599.5033 599.4763 599.4531 599.4267 599.4002 599.3734 599.3498 599.3234 599.2964 599.2694 599.2494 599.2238 599.1967 599.1698 599.1466 599.1196 599.0934 599.0684 599.043 599.0159 598.989 598.9645 598.9384 598.9113 598.8906 598.8651 598.8381 598.8118 598.7858 598.761 598.734 598.707 598.6818 598.656 598.6298 598.605 598.5779 598.5515 598.5278 598.5009 598.4738 598.4468 598.4226 598.3956 598.3699 598.3443 598.3173 598.2906 598.2661 598.2431 598.2192 598.1922 598.1652 598.1382 598.1112 598.0855 598.062 598.035 598.008 597.981 597.9571
599.551 599.5324 599.5063 599.4794 599.4526 599.4297 599.4032 599.3769 599.35 599.3268 599.3003 599.2733 599.2463 599.2274 599.2015 599.1745 599.1475 599.1248 599.0979 599.0715 599.0471 599.0214 598.9944 598.9674 598.9436 598.9172 598.8901 598.8704 598.8447 598.8177 598.7914 598.7659 598.7409 598.7139 598.6869 598.6625 598.6362 598.6105 598.5855 598.5585 598.5322 598.5087 598.4816 598.4547 598.4282 598.4037 598.3767 598.3516 598.3257 598.2986 598.2728 598.2479 598.2257 598.2015 598.1744 598.1475 598.1204 598.0935 598.0685 598.0447 598.0178 597.9907 597.9643 597.9402
599.5273 599.5088 599.4824 599.4554 599.4293 599.4064 599.3798 599.3534 599.327 599.3039 599.2772 599.2502 599.2243 599.2054 599.1793 599.1522 599.1257 599.103 599.0762 599.0496 599.0258 598.9999 598.9729 598.9459 598.9227 598.896 598.8692 598.8503 598.8243 598.7973 598.771 598.7461 598.7208 598.6938 598.6668 598.6431 598.6165 598.5913 598.566 598.539 598.5132 598.4894 598.4625 598.4354 598.4097 598.3848 598.3578 598.3334 598.307 598.28 598.2549 598.2297 598.2083 598.1838 598.1567 598.1298 598.1027 598.0757 598.0516 598.0275 598.0005 597.9735 597.9478 597.9233
599.5037 599.4852 599.4585 599.4315 599.4059 599.3831 599.3563 599.3299 599.3041 599.2809 599.2541 599.2271 599.2023 599.1835 599.157 599.13 599.1041 599.0811 599.0544 599.0278 599.0045 598.9784 598.9514 598.9246 598.9018 598.8748 598.8491 598.8302 598.804 598.777 598.7506 598.7263 598.7007 598.6738 598.6467 598.6237 598.5967 598.572 598.5465 598.5195 598.4943 598.4703 598.4433 598.4163 598.3912 598.3659 598.3389 598.3152 598.2884 598.2614 598.2371 598.2115 598.1909 598.166 598.139 598.112 598.085 598.058 598.0346 598.0103 597.9833 597.9562 597.9312 597.9063
599.4801 599.4615 599.4346 599.4076 599.3826 599.3597 599.3328 599.3064 599.2811 599.2579 599.231 599.204 599.1804 599.1615 599.1348 599.1078 599.0825 599.0593 599.0327 599.0059 598.9832 598.9568 598.9299 598.9037 598.8807 598.8536 598.829 598.8101 598.7836 598.7568 598.7302 598.7064 598.6807 598.6537 598.6266 598.6039 598.5769 598.5528 598.527 598.5001 598.4753 598.4511 598.4241 598.3971 598.3727 598.347 598.32 598.2968 598.2698 598.2427 598.2192 598.1934 598.1735 598.1483 598.1213 598.0943 598.0673 598.0405 598.0177 597.993 597.966 597.939 597.9147 597.8893
599.4565 599.4377 599.4107 599.3837 599.3593 599.3363 599.3093 599.2829 599.2582 599.2349 599.2079 599.1809 599.1584 599.1395 599.1125 599.0855 599.0609 599.0374 599.011 598.9846 598.9619 598.9354 598.9083 598.8828 598.8595 598.8325 598.8088 598.7899 598.7632 598.7366 598.7098 598.6866 598.6606 598.6335 598.6073 598.5842 598.5571 598.5336 598.5076 598.4806 598.4564 598.4319 598.4049 598.3779 598.3542 598.3281 598.3011 598.2781 598.2512 598.2241 598.2013 598.1757 598.1561 598.1306 598.1036 598.0765 598.0496 598.0235 598.0007 597.9758 597.9488 597.9218 597.8981 597.8723
599.4329 599.4138 599.3868 599.3598 599.3359 599.3129 599.2858 599.2594 599.2352 599.2119 599.1848 599.1578 599.1364 599.1172 599.0903 599.0633 599.0393 599.0156 598.9891 598.9633 598.9406 598.9138 598.8868 598.8619 598.8383 598.8113 598.7887 598.7698 598.7428 598.7163 598.6898 598.6667 598.6405 598.6135 598.588 598.5644 598.5375 598.5143 598.4881 598.4612 598.4374 598.4127 598.3857 598.3587 598.3357 598.3092 598.2829 598.2595 598.2325 598.2056 598.183 598.1583 598.1386 598.1129 598.0858 598.0588 598.0319 598.0065 597.9838 597.9586 597.9315 597.9045 597.8815 597.8552
599.4092 599.3898 599.3629 599.3359 599.3126 599.2894 599.2624 599.2359 599.2122 599.1887 599.1617 599.1347 599.1144 599.095 599.068 599.0411 599.0176 598.9937 598.9673 598.942 598.9193 598.8923 598.8653 598.841 598.8171 598.7902 598.7686 598.7494 598.7224 598.696 598.6699 598.6469 598.6204 598.5934 598.5686 598.5446 598.5182 598.4951 598.4686 598.442 598.4185 598.3936 598.3665 598.3396 598.3172 598.2903 598.2647 598.2409 598.2139 598.1877 598.1647 598.1408 598.1212 598.0951 598.0681 598.0411 598.0141 597.9896 597.9669 597.9413 597.9143 597.8875 597.8647 597.8383
599.3857 599.3659 599.3389 599.3121 599.2893 599.2659 599.239 599.2125 599.1893 599.1656 599.1386 599.1116 599.0925 599.0728 599.0458 599.0188 598.996 598.9719 598.9454 598.9207 598.8978 598.8708 598.8438 598.8201 598.796 598.769 598.7485 598.729 598.702 598.6756 598.6501 598.6271 598.6003 598.5733 598.5493 598.5248 598.499 598.4758 598.4492 598.4227 598.3996 598.3743 598.3474 598.3211 598.2983 598.2714 598.2465 598.2222 598.1953 598.1699 598.1464 598.1234 598.1038 598.0774 598.0504 598.0234 597.9964 597.9727 597.9499 597.9241 597.897 597.8709 597.8478 597.8212
599.3621 599.342 599.315 599.2888 599.2659 599.2424 599.2156 599.1895 599.1663 599.1425 599.1155 599.0894 599.0705 599.0505 599.0235 598.9968 598.9744 598.95 598.9235 598.8994 598.8763 598.8493 598.8223 598.7993 598.7748 598.7478 598.7283 598.7086 598.6816 598.6552 598.6302 598.6072 598.5803 598.5532 598.53 598.505 598.4797 598.4566 598.4297 598.4036 598.3806 598.3552 598.3281 598.3026 598.2795 598.2525 598.2282 598.2036 598.1766 598.152 598.1281 598.106 598.0864 598.0596 598.0327 598.0057 597.9787 597.9557 597.9329 597.9068 597.8798 597.8543 597.831 597.8042
599.3384 599.3181 599.2911 599.2655 599.2426 599.2189 599.1923 599.1665 599.1433 599.1194 599.0925 599.0674 599.0485 599.0283 599.0013 598.9752 598.9528 598.9282 598.9016 598.8781 598.8547 598.8278 598.8011 598.7783 598.7537 598.7271 598.7082 598.6882 598.6613 598.6348 598.6104 598.5871 598.5601 598.5331 598.5106 598.4852 598.4605 598.4372 598.4102 598.3846 598.3617 598.336 598.309 598.2841 598.2606 598.2336 598.21 598.185 598.158 598.1342 598.1099 598.0886 598.069 598.0419 598.015 597.988 597.9615 597.9387 597.916 597.8896 597.8625 597.8378 597.8142 597.7872
599.3148 599.2942 599.2672 599.2421 599.2193 599.1955 599.1689 599.1436 599.1204 599.0964 599.0693 599.0454 599.0266 599.006 598.9791 598.9536 598.9312 598.9063 598.8798 598.8568 598.8333 598.8062 598.7803 598.7574 598.7325 598.707 598.6881 598.6678 598.6409 598.6144 598.5906 598.567 598.54 598.5135 598.4913 598.4655 598.4412 598.4177 598.3907 598.3657 598.3428 598.3168 598.2898 598.2656 598.2417 598.2147 598.1918 598.1664 598.1393 598.1163 598.0917 598.0712 598.0512 598.0242 597.9972 597.9702 597.9446 597.9218 597.899 597.8723 597.8453 597.8212 597.7972 597.7702
599.2912 599.2703 599.2432 599.2188 599.196 599.172 599.1454 599.1206 599.0974 599.0732 599.0463 599.0234 599.0046 598.9838 598.9568 598.9319 598.9095 598.8845 598.8582 598.8354 598.8117 598.7847 598.7593 598.7365 598.7113 598.6869 598.668 598.6475 598.6205 598.594 598.5707 598.5469 598.52 598.4941 598.472 598.4457 598.422 598.3983 598.3712 598.3467 598.3238 598.2976 598.2706 598.2471 598.2228 598.196 598.1735 598.1477 598.1207 598.0984 598.0735 598.0538 598.0335 598.0065 597.9795 597.9525 597.9276 597.9048 597.8821 597.8551 597.8281 597.8047 597.7802 597.7535
599.2676 599.2463 599.2194 599.1955 599.1726 599.1485 599.1219 599.0976 599.0745 599.0502 599.0231 599.0015 598.9826 598.9615 598.9346 598.9103 598.8879 598.8627 598.8369 598.8141 598.7902 598.7632 598.7385 598.7156 598.6901 598.6667 598.6478 598.6271 598.6002 598.574 598.5509 598.5269 598.4999 598.4748 598.4526 598.4259 598.4028 598.3788 598.3517 598.3278 598.3049 598.2784 598.2514 598.2286 598.2039 598.1777 598.1553 598.1291 598.1028 598.0806 598.056 598.0363 598.0157 597.9888 597.9617 597.9348 597.9106 597.8879 597.8649 597.8378 597.8109 597.7881 597.7632 597.7371
599.244 599.2224 599.1954 599.1722 599.1493 599.1251 599.0984 599.0746 599.0515 599.027 599.0001 598.9795 598.9606 598.9393 598.9123 598.8887 598.8663 598.841 598.8156 598.7928 598.7687 598.7417 598.7175 598.6948 598.6689 598.6466 598.6277 598.6068 598.5799 598.5541 598.5311 598.5068 598.4798 598.4555 598.4332 598.4067 598.3835 598.3593 598.3324 598.3088 598.2859 598.2592 598.2325 598.2101 598.1849 598.1595 598.137 598.1105 598.0849 598.0627 598.0385 598.0189 597.998 597.971 597.944 597.9171 597.8937 597.871 597.8476 597.8206 597.794 597.7715 597.7462 597.7207
599.2203 599.1985 599.1717 599.1489 599.126 599.1016 599.075 599.0517 599.0285 599.004 598.9769 598.9575 598.9387 598.9171 598.8901 598.8671 598.8447 598.8193 598.7943 598.7715 598.7472 598.7202 598.6967 598.6738 598.6478 598.6265 598.6076 598.5864 598.5596 598.5343 598.5112 598.4867 598.4597 598.4362 598.4134 598.3874 598.3643 598.3398 598.3131 598.2899 598.267 598.2401 598.214 598.1916 598.1661 598.1412 598.1188 598.0919 598.0671 598.0449 598.0211 598.0015 597.9803 597.9533 597.9263 597.8995 597.8768 597.854 597.8304 597.8034 597.7775 597.755 597.7292 597.7043
599.1967 599.1746 599.1484 599.1255 599.1027 599.0781 599.0519 599.0287 599.0056 598.9809 598.9544 598.9355 598.9167 598.8948 598.8679 598.8455 598.8231 598.7974 598.773 598.7502 598.7256 598.6987 598.6758 598.653 598.6266 598.6064 598.5875 598.566 598.5394 598.5145 598.4914 598.4666 598.4396 598.4168 598.3936 598.3682 598.345 598.3203 598.2939 598.2709 598.2479 598.2209 598.1955 598.1731 598.1472 598.123 598.1002 598.0732 598.0492 598.0266 598.0037 597.9841 597.9626 597.9355 597.9086 597.8826 597.8598 597.837 597.8132 597.7861 597.7609 597.7384 597.7122 597.6879
599.1731 599.1506 599.1251 599.1022 599.0793 599.0546 599.0289 599.0057 598.9826 598.9578 598.9324 598.9136 598.8948 598.8726 598.8463 598.8239 598.8015 598.7755 598.7517 598.7289 598.7042 598.6777 598.6548 598.632 598.6055 598.5862 598.5673 598.5456 598.5189 598.4946 598.4716 598.4465 598.4197 598.3975 598.3738 598.3489 598.3258 598.3008 598.2749 598.252 598.2287 598.2017 598.177 598.1546 598.1282 598.1048 598.0816 598.0546 598.0313 598.0083 597.9863 597.9667 597.9449 597.9178 597.8909 597.8656 597.8428 597.8201 597.7959 597.7689 597.7443 597.7217 597.6951 597.6715
599.1495 599.1267 599.1017 599.0789 599.056 599.0311 599.006 598.9828 598.9596 598.9347 598.9105 598.8916 598.8728 598.8503 598.8246 598.8022 598.7798 598.7537 598.7304 598.7076 598.6826 598.6567 598.634 598.6111 598.585 598.5661 598.5472 598.5252 598.4985 598.4748 598.4517 598.4265 598.4003 598.3782 598.354 598.3297 598.3065 598.2814 598.256 598.2331 598.2095 598.1825 598.1585 598.1361 598.1093 598.0865 598.0629 598.0359 598.0135 597.99 597.9689 597.9493 597.9271 597.9001 597.8732 597.8487 597.8259 597.8032 597.7787 597.7516 597.7278 597.7049 597.6782 597.6552
