samples/sfe_209/sfe_209_vv1/sfe_209_vv1/sfe_209_vv1.asc
ncols         267
nrows         135
xllcorner     98.199999999255
yllcorner     82.800000000745
cellsize      0.3
NODATA_value  -9999
[rows 28 to 55 of 135, columns 0 to 63 of 267]
-9999 -9999 -9999 604.2751 604.2426 604.2103 604.178 604.1454 604.1128 604.0818 604.0492 604.02 603.9903 603.9576 603.93 603.8992 603.8676 603.8406 603.8105 603.7777 603.7448 603.7133 603.6863 603.6593 603.6327 603.6063 603.5801 603.5496 603.5167 603.4891 603.458 603.4249 603.3975 603.3646 603.3327 603.3057 603.2753 603.2436 603.2145 603.1854 603.1532 603.1219 603.0917 603.0582 603.0291 603.0021 602.9751 602.9482 602.9214 602.8928 602.8608 602.8289 602.8018 602.7695 602.7371 602.7078 602.6786 602.6461 602.6136 602.5865 602.5543 602.522 602.4928 602.4657
-9999 -9999 -9999 604.2528 604.2202 604.188 604.1556 604.123 604.0905 604.0594 604.0268 603.9968 603.9676 603.9349 603.9064 603.8762 603.8438 603.8168 603.7871 603.7542 603.7214 603.6887 603.6617 603.6348 603.6081 603.5818 603.5554 603.5257 603.4927 603.4642 603.4337 603.4006 603.3723 603.34 603.3071 603.2801 603.25 603.2183 603.1885 603.1597 603.1276 603.0956 603.0659 603.0325 603.0023 602.9753 602.9483 602.9214 602.8945 602.8663 602.8344 602.8024 602.7745 602.7426 602.7103 602.6802 602.6512 602.6187 602.5862 602.5587 602.5264 602.4941 602.4642 602.4371
-9999 -9999 -9999 604.2305 604.1979 604.1657 604.1333 604.1007 604.0681 604.037 604.0044 603.9736 603.9449 603.9122 603.8829 603.8531 603.8207 603.7929 603.7637 603.7308 603.6979 603.665 603.6372 603.6102 603.5836 603.5573 603.5309 603.5018 603.4689 603.4393 603.4094 603.3763 603.3471 603.3153 603.2821 603.2545 603.2247 603.1929 603.1625 603.134 603.1019 603.0698 603.0402 603.0067 602.9755 602.9485 602.9215 602.8946 602.8676 602.8398 602.8079 602.7759 602.7473 602.7158 602.6833 602.6525 602.6238 602.5913 602.5588 602.5305 602.4985 602.4662 602.4356 602.4085
-9999 -9999 604.2466 604.2081 604.1755 604.1434 604.111 604.0784 604.0458 604.0141 603.982 603.9503 603.9222 603.8895 603.8593 603.8301 603.7977 603.769 603.7402 603.7073 603.6745 603.6416 603.6127 603.5857 603.559 603.5327 603.5063 603.4779 603.4449 603.4145 603.3851 603.352 603.3219 603.2906 603.2574 603.2289 603.1993 603.1676 603.1366 603.1083 603.0762 603.0441 603.0143 602.9809 602.9487 602.9217 602.8947 602.8678 602.8408 602.8134 602.7814 602.7494 602.7201 602.6889 602.6565 602.6249 602.5964 602.5639 602.5314 602.5024 602.4706 602.4383 602.407 602.3799
-9999 -9999 604.2224 604.1858 604.1533 604.121 604.0886 604.056 604.0235 603.9911 603.9596 603.9271 603.8995 603.8668 603.8358 603.807 603.7746 603.7452 603.7167 603.6839 603.651 603.6182 603.5882 603.5612 603.5344 603.5081 603.4818 603.454 603.4211 603.3896 603.3608 603.3277 603.2966 603.2659 603.2328 603.2033 603.174 603.1423 603.1106 603.0827 603.0505 603.0184 602.9886 602.9551 602.9219 602.8949 602.8679 602.841 602.814 602.7869 602.7549 602.7228 602.6929 602.662 602.6296 602.5972 602.569 602.5365 602.504 602.4742 602.4427 602.4104 602.3784 602.3513
-9999 -9999 604.1982 604.1635 604.1309 604.0987 604.0663 604.0338 604.0012 603.9686 603.9372 603.9046 603.8768 603.8442 603.8123 603.7839 603.7516 603.7214 603.6933 603.6604 603.6276 603.5947 603.5637 603.5366 603.5099 603.4836 603.4572 603.4301 603.3972 603.3648 603.3364 603.3033 603.2714 603.2413 603.2081 603.1777 603.1487 603.1169 603.0851 603.057 603.0249 602.9927 602.9628 602.9293 602.8959 602.8681 602.8411 602.8142 602.7872 602.7604 602.7284 602.6964 602.6656 602.6351 602.6028 602.5704 602.5416 602.5091 602.4766 602.446 602.4148 602.3825 602.3503 602.3227
-9999 -9999 604.174 604.1411 604.1086 604.0764 604.044 604.0114 603.9788 603.9462 603.9148 603.8822 603.8536 603.8215 603.7888 603.7609 603.7285 603.6975 603.6698 603.637 603.6041 603.5712 603.5391 603.5121 603.4854 603.459 603.4327 603.4063 603.3733 603.3403 603.3121 603.2791 603.2462 603.2166 603.1835 603.1522 603.1234 603.0916 603.0598 603.0314 602.9992 602.9671 602.9367 602.9036 602.8701 602.8413 602.8144 602.7874 602.7604 602.7336 602.7019 602.6699 602.6384 602.6083 602.5759 602.5435 602.5142 602.4818 602.4492 602.4178 602.3869 602.3547 602.3224 602.2941
-9999 -9999 604.1513 604.1187 604.0862 604.0541 604.0217 603.9891 603.9565 603.924 603.8925 603.8598 603.8304 603.7988 603.7661 603.7379 603.7055 603.6736 603.6464 603.6135 603.5806 603.5478 603.515 603.4876 603.4608 603.4344 603.4081 603.3818 603.3494 603.3164 603.2878 603.2547 603.2216 603.192 603.1588 603.1266 603.098 603.0663 603.0345 603.0057 602.9736 602.9414 602.9103 602.8778 602.8443 602.8145 602.7876 602.7606 602.7336 602.7068 602.6754 602.6434 602.6114 602.5814 602.549 602.5167 602.4868 602.4543 602.4219 602.3896 602.359 602.3268 602.2945 602.2655
-9999 -9999 604.129 604.0964 604.0639 604.0317 603.9993 603.9667 603.9341 603.9016 603.8701 603.8374 603.8073 603.7761 603.7434 603.7148 603.6824 603.6501 603.6228 603.5901 603.5572 603.5244 603.4915 603.4631 603.4362 603.4099 603.3835 603.3573 603.3255 603.2925 603.2632 603.2304 603.1973 603.1672 603.1341 603.101 603.0727 603.041 603.0092 602.9797 602.9479 602.9158 602.884 602.852 602.8185 602.7878 602.7608 602.7338 602.7068 602.6801 602.6489 602.6169 602.5849 602.5546 602.5222 602.4898 602.4594 602.4269 602.3945 602.3619 602.3311 602.2989 602.2666 602.2369
-9999 -9999 604.1066 604.074 604.0416 604.0094 603.977 603.9444 603.9119 603.8793 603.8477 603.815 603.784 603.7534 603.7207 603.6912 603.6594 603.627 603.5989 603.5666 603.5338 603.5009 603.468 603.4385 603.4117 603.3853 603.359 603.3326 603.3016 603.2686 603.2384 603.2061 603.173 603.1426 603.1094 603.0763 603.0474 603.0156 602.9839 602.9537 602.9222 602.8901 602.858 602.8262 602.7928 602.761 602.734 602.707 602.6801 602.6531 602.6224 602.5904 602.5584 602.5276 602.4953 602.4629 602.4319 602.3995 602.3671 602.3346 602.3033 602.271 602.2387 602.2083
-9999 -9999 604.0843 604.0517 604.0193 603.9871 603.9547 603.9221 603.8895 603.8569 603.8253 603.7926 603.7608 603.7307 603.698 603.6676 603.6364 603.6039 603.5751 603.5432 603.5103 603.4774 603.4446 603.414 603.3871 603.3608 603.3344 603.3081 603.2777 603.2447 603.2136 603.1818 603.1487 603.1179 603.0848 603.0516 603.022 602.9903 602.9586 602.9277 602.8965 602.8644 602.8323 602.8004 602.767 602.7342 602.7072 602.6802 602.6533 602.6263 602.5959 602.5639 602.5319 602.5008 602.4684 602.436 602.4042 602.3721 602.3397 602.3072 602.2754 602.2431 602.2108 602.1797
-9999 -9999 604.062 604.0294 603.9969 603.9647 603.9324 603.8998 603.8672 603.8346 603.8029 603.7702 603.7376 603.708 603.6754 603.644 603.6133 603.5809 603.5512 603.5197 603.4868 603.454 603.4211 603.3895 603.3625 603.3362 603.3099 603.2836 603.2538 603.2208 603.1887 603.1575 603.1244 603.0931 603.0601 603.0269 602.9967 602.965 602.9332 602.9018 602.8709 602.8387 602.8066 602.7747 602.7412 602.7078 602.6804 602.6534 602.6265 602.5995 602.5694 602.5374 602.5054 602.4739 602.4415 602.4092 602.3768 602.3447 602.3123 602.2798 602.2475 602.2188 602.192 602.1597
-9999 604.08 604.0396 604.007 603.9746 603.9424 603.91 603.8774 603.8448 603.8123 603.7805 603.7478 603.7152 603.6853 603.6526 603.6205 603.5903 603.5579 603.5273 603.4962 603.4634 603.4305 603.3976 603.3649 603.338 603.3116 603.2853 603.259 603.2299 603.1969 603.1639 603.1331 603.1 603.0679 603.0354 603.0023 602.9714 602.9396 602.9079 602.8761 602.8452 602.8131 602.7809 602.7489 602.7155 602.6819 602.6536 602.6266 602.5997 602.5728 602.5429 602.5109 602.4789 602.4471 602.4147 602.3823 602.3535 602.3265 602.2463 602.2071 602.082 601.975 601.9488 601.8865
-9999 604.0557 604.0172 603.9846 603.9523 603.9201 603.8877 603.8551 603.8225 603.79 603.7579 603.7254 603.6928 603.6627 603.6299 603.5973 603.5672 603.5349 603.5035 603.4728 603.4399 603.407 603.3742 603.3414 603.3135 603.2871 603.2608 603.2344 603.206 603.173 603.14 603.1088 603.0757 603.0427 603.0107 602.9776 602.946 602.9143 602.8826 602.8508 602.8196 602.7874 602.7553 602.7231 602.6896 602.6562 602.6268 602.5999 602.5729 602.546 602.5164 602.4878 602.4615 602.399 602.2659 602.2067 602.141 602.0078 601.9276 601.9006 601.7878 601.6829 601.6566 601.6133
-9999 604.0315 603.9949 603.9623 603.93 603.8978 603.8654 603.8328 603.8002 603.7676 603.735 603.7031 603.6704 603.64 603.6072 603.5746 603.5442 603.5118 603.4797 603.4493 603.4164 603.3836 603.3508 603.3179 603.2889 603.2626 603.2362 603.2099 603.1821 603.1491 603.1161 603.0845 603.0514 603.0183 602.9861 602.9529 602.9204 602.889 602.8572 602.8254 602.7939 602.7618 602.7296 602.6973 602.6639 602.6315 602.6045 602.5247 602.5052 602.4687 602.3324 602.1978 602.1716 602.0803 601.9471 601.8589 601.8223 601.689 601.6089 601.5818 601.4936 601.3893 601.3644 601.3377
-9999 604.0073 603.9725 603.9399 603.9077 603.8754 603.843 603.8105 603.7779 603.7453 603.7127 603.6807 603.648 603.6172 603.5846 603.5519 603.5211 603.4888 603.4564 603.4259 603.393 603.3602 603.3273 603.2944 603.2643 603.238 603.2117 603.1853 603.1582 603.1252 603.0923 603.0602 603.0271 602.994 602.9614 602.9283 602.8951 602.8636 602.8319 602.8001 602.7682 602.7395 602.7125 602.6522 602.5252 602.4604 602.3307 602.2083 602.1526 602.1359 602.0045 601.8682 601.8237 601.7616 601.6284 601.5112 601.4842 601.3702 601.2901 601.2631 601.1993 601.0951 601.0721 601.0455
-9999 603.9831 603.9502 603.9176 603.8853 603.8531 603.8207 603.7881 603.7556 603.723 603.6904 603.6583 603.6256 603.5945 603.5619 603.5292 603.4981 603.4657 603.4333 603.4024 603.3696 603.3367 603.3038 603.271 603.2398 603.2134 603.1871 603.1608 603.1343 603.1013 603.0684 603.0358 603.0027 602.9697 602.9368 602.9036 602.8735 602.8465 602.7844 602.7292 602.6078 602.4863 602.4488 602.3524 602.2254 602.1525 602.0228 601.8931 601.812 601.7881 601.6766 601.5403 601.4759 601.4428 601.3096 601.1763 601.1365 601.0515 600.9714 600.9443 600.9051 600.8009 600.7798 600.753
-9999 603.9604 603.9279 603.8953 603.863 603.8308 603.7984 603.7658 603.7332 603.7006 603.6681 603.6359 603.6032 603.5712 603.5392 603.5065 603.475 603.4426 603.4103 603.379 603.3461 603.3132 603.2804 603.2476 603.2153 603.1889 603.1625 603.1362 603.1099 603.0775 603.0445 603.0115 602.9815 602.9545 602.8929 602.7969 602.6977 602.6003 602.503 602.4444 602.3229 602.2015 602.1323 602.0525 601.9255 601.8403 601.7148 601.5852 601.4955 601.4404 601.3488 601.2125 601.128 601.1015 600.9908 600.8576 600.7888 600.7327 600.6526 600.6256 600.5986 600.5067 600.4876 600.4606
-9999 603.9381 603.9055 603.8729 603.8406 603.8085 603.7761 603.7435 603.7109 603.6783 603.6458 603.6135 603.5808 603.5482 603.5165 603.4838 603.452 603.4196 603.3872 603.3555 603.3226 603.2898 603.257 603.2241 603.1912 603.1644 603.138 603.1116 603.0892 603.0623 603.0027 602.9086 602.8149 602.7189 602.6168 602.5207 602.4214 602.319 602.2217 602.1595 602.038 601.9166 601.8158 601.7527 601.6257 601.5237 601.4069 601.2773 601.179 601.0927 601.0209 600.8846 600.7802 600.7538 600.6721 600.5388 600.441 600.414 600.3339 600.3069 600.2798 600.2124 600.1953 600.1683
-9999 603.9158 603.8832 603.8506 603.8184 603.7861 603.7537 603.7211 603.6885 603.656 603.6234 603.5911 603.5584 603.5258 603.4938 603.4611 603.4288 603.3965 603.3642 603.332 603.2992 603.2664 603.2335 603.2055 603.1785 603.1097 603.027 602.9799 602.9249 602.8328 602.7407 602.642 602.5484 602.454 602.3405 602.2445 602.1484 602.0377 601.9404 601.8674 601.7531 601.6317 601.5098 601.4528 601.3259 601.2073 601.099 600.9693 600.8625 600.7421 600.6931 600.5568 600.4323 600.4061 600.3533 600.2201 600.0933 600.0663 600.0151 599.9881 599.9611 599.9182 599.9031 599.8761
-9999 603.8934 603.8608 603.8282 603.796 603.7638 603.7314 603.6988 603.6663 603.6337 603.6011 603.5687 603.536 603.5034 603.4711 603.4385 603.4058 603.3735 603.3411 603.3135 603.2865 603.2176 603.1505 603.0416 602.9428 602.8602 602.7775 602.7252 602.6666 602.5709 602.4787 602.3755 602.2819 602.1882 602.0737 601.9683 601.8723 601.7614 601.659 601.5752 601.4683 601.3468 601.225 601.153 601.026 600.899 600.791 600.6614 600.546 600.4135 600.3652 600.2289 600.0927 600.0583 600.0314 599.9014 599.8035 599.7545 599.7015 599.6695 599.6257 599.589 599.5755 599.5472
603.9133 603.871 603.8384 603.8059 603.7737 603.7415 603.7091 603.6765 603.6439 603.6113 603.5788 603.5463 603.5137 603.481 603.4484 603.4205 603.3937 603.3195 603.2357 603.1439 603.057 602.9702 602.9045 602.7956 602.6943 602.6107 602.5281 602.4719 602.4103 602.3088 602.2167 602.1166 602.0153 601.9217 601.8087 601.6934 601.596 601.4901 601.3777 601.283 601.1833 601.0619 600.9401 600.8393 600.7262 600.5992 600.4831 600.3535 600.2295 600.097 600.0225 599.9375 599.822 599.6827 599.6633 599.6382 599.5493 599.503 599.351 599.3113 599.28 599.238 599.2035 599.1678
603.889 603.8487 603.8161 603.7836 603.7513 603.7192 603.6868 603.6542 603.6216 603.589 603.5565 603.5285 603.5015 603.4276 603.3443 603.261 603.1746 603.0908 603.0071 602.9045 602.8176 602.7307 602.6629 602.5497 602.447 602.3612 602.2786 602.2188 602.139 602.0491 601.9548 601.8576 601.7488 601.6552 601.5437 601.4284 601.3198 601.2188 601.1014 600.999 600.8985 600.777 600.6553 600.5333 600.4263 600.2994 600.1752 600.0455 599.918 599.817 599.5255 599.4968 599.4268 599.232 599.225 599.2 599.1672 599.1436 599.147 599.1697 599.213 599.216 599.216 599.1873
603.8649 603.8264 603.7938 603.7612 603.729 603.6968 603.6644 603.6365 603.6095 603.5389 603.4595 603.3781 603.2979 603.2178 603.1192 603.0359 602.9499 602.8622 602.7785 602.685 602.5782 602.4913 602.4272 602.3037 602.1997 602.1117 602.0291 601.9656 601.8752 601.7958 601.6928 601.5986 601.4853 601.3887 601.2787 601.1634 601.0481 600.9475 600.8301 600.7177 600.6136 600.4921 600.3704 600.2485 600.1265 600.0995 599.957 599.7653 599.4297 599.3455 599.2005 599.1598 599.1323 599.1135 599.0835 599.0103 598.9743 598.9368 598.947 599.0278 599.142 599.2162 599.2543 599.2343
603.8406 603.804 603.7714 603.7435 603.7165 603.6484 603.5726 603.4966 603.4087 603.3293 603.25 603.1656 603.0854 603.0054 602.894 602.8107 602.7275 602.6337 602.5499 602.4587 602.3387 602.2519 602.185 602.0578 601.9524 601.8636 601.7796 601.7123 601.6221 601.5424 601.4315 601.3387 601.2264 601.1221 601.0138 600.8984 600.7831 600.6713 600.5588 600.4413 600.3287 600.2072 600.1715 600.1133 600.1622 599.9247 599.8003 599.6033 599.3873 599.2145 599.1252 599.0673 599.032 599.0383 599.0383 598.9918 598.8775 598.808 598.7885 598.843 598.9788 599.1205 599.2112 599.2213
603.8245 603.758 603.6836 603.6057 603.5301 603.4545 603.3754 603.2995 603.2189 603.1199 603.0405 602.9572 602.873 602.7929 602.6831 602.5856 602.5023 602.4056 602.3213 602.2325 602.1193 602.0125 601.9336 601.8118 601.7051 601.6163 601.5301 601.4592 601.3688 601.2891 601.1782 601.0767 600.9674 600.8556 600.7488 600.6335 600.5181 600.4028 600.2875 600.2605 600.0743 599.8805 599.9005 599.898 599.94 599.9705 599.8495 599.6815 599.4637 599.2805 599.1095 599.041 598.9933 599.0432 599.075 599.0212 598.8922 598.7685 598.6735 598.661 598.765 598.9252 599.064 599.1287
603.6428 603.5684 603.494 603.4113 603.3356 603.2599 603.1783 603.1024 603.0265 602.9103 602.831 602.7515 602.6606 602.5804 602.4792 602.3605 602.2772 602.1837 602.0927 602.0062 601.9038 601.773 601.6862 601.5753 601.4578 601.369 601.2806 601.2059 601.1157 601.0269 600.9249 600.8147 600.7084 600.5952 600.4838 600.3685 600.2913 600.2405 600.125 599.8613 599.7388 599.67 599.6485 599.7343 599.804 599.9122 599.9288 599.7382 599.534 599.3333 599.142 599.0458 599.067 599.1132 599.1493 599.1145 598.9758 598.7982 598.6072 598.5215 598.5748 598.721 598.8725 598.9703
603.4617 603.3788 603.3044 603.2301 603.1411 603.0655 602.9857 602.9053 602.8293 602.7206 602.6215 602.5421 602.4502 602.368 602.2755 602.1465 602.0521 601.9618 601.8641 601.78 601.6776 601.5536 601.4467 601.3396 601.211 601.1218 601.033 600.9528 600.8624 600.7722 600.6716 600.5607 600.4495 600.4225 599.9755 599.9108 599.9583 599.9822 599.9382 599.8282 599.6115 599.5285 599.5383 599.5878 599.738 599.8215 599.89 599.77 599.543 599.3417 599.166 599.0397 599.0782 599.159 599.1868 599.1357 598.996 598.8087 598.5915 598.4307 598.448 598.5933 598.763 598.879
