samples/sfe_209/sfe_209_vv1/sfe_209_vv1/sfe_209_vv1.asc
ncols         267
nrows         135
xllcorner     98.199999999255
yllcorner     82.800000000745
cellsize      0.3
NODATA_value  -9999
[rows 84 to 111 of 135, columns 128 to 191 of 267]
600.5878 600.5568 600.5163 600.4894 600.4623 600.4356 600.4093 600.3823 600.3553 600.3284 600.2878 600.2568 600.2299 600.2028 600.1759 600.1489 600.1226 600.0958 600.0554 600.0244 599.9974 599.9662 599.9341 599.9021 599.8701 599.838 599.806 599.7786 599.7516 599.7237 599.6914 599.6591 599.6269 599.5946 599.5623 599.531 599.5029 599.4738 599.4475 599.4205 599.3935 599.3665 599.3057 599.2111 599.1479 599.0934 599.0663 598.9861 598.8886 598.7911 598.7632 598.7362 598.6996 598.6043 598.509 598.4661 598.4291 598.3407 598.2507 598.2135 598.1865 598.1394 598.0521 597.9868
600.6067 600.576 600.5355 600.5086 600.4816 600.4548 600.4285 600.4016 600.3746 600.3476 600.3071 600.2764 600.2495 600.2224 600.1954 600.1685 600.1422 600.1154 600.075 600.0443 600.0173 599.9861 599.954 599.922 599.89 599.8579 599.8261 599.7991 599.7721 599.7443 599.712 599.6797 599.6474 599.6151 599.5828 599.5522 599.524 599.4949 599.4657 599.4365 599.4073 599.3782 599.3473 599.3144 599.2816 599.2487 599.2188 599.1873 599.1603 599.0845 599.0574 599.0305 598.9728 598.8775 598.7822 598.7393 598.684 598.594 598.504 598.4667 598.4397 598.3806 598.2933 598.2242
600.6256 600.5953 600.5548 600.5278 600.5009 600.4741 600.4478 600.4208 600.3939 600.3668 600.3263 600.296 600.269 600.242 600.215 600.188 600.1617 600.135 600.0945 600.0643 600.0372 600.006 599.974 599.942 599.9099 599.8778 599.8466 599.8196 599.7927 599.7648 599.7325 599.7002 599.6679 599.6356 599.6034 599.5733 599.5452 599.5161 599.4869 599.4577 599.4285 599.3994 599.3687 599.3358 599.3029 599.2701 599.2372 599.2054 599.1757 599.1459 599.1161 599.0864 599.0566 599.0223 598.994 598.967 598.9268 598.8473 598.7574 598.7199 598.6929 598.6217 598.5344 598.4615
600.6445 600.6145 600.574 600.5471 600.5201 600.4933 600.467 600.44 600.4131 600.386 600.3455 600.3156 600.2886 600.2616 600.2346 600.2076 600.1813 600.1546 600.1141 600.0842 600.0572 600.0259 599.9939 599.9619 599.9298 599.8978 599.8671 599.8401 599.8132 599.7853 599.7531 599.7208 599.6885 599.6562 599.6239 599.5945 599.5664 599.5372 599.5081 599.4789 599.4497 599.4205 599.39 599.3571 599.3243 599.2914 599.2585 599.2275 599.1977 599.1679 599.1382 599.1084 599.0786 599.0444 599.0092 598.9741 598.9389 598.9084 598.8784 598.8483 598.8195 598.7925 598.7655 598.6989
600.6633 600.6337 600.5933 600.5663 600.5393 600.5125 600.4863 600.4592 600.4323 600.4053 600.3647 600.3351 600.3082 600.2811 600.2542 600.2272 600.2009 600.1741 600.1337 600.1041 600.0771 600.0459 600.0139 599.9818 599.9497 599.9177 599.8876 599.8607 599.8337 599.8058 599.7736 599.7413 599.709 599.6767 599.6444 599.6157 599.5875 599.5583 599.5292 599.5 599.4708 599.4417 599.4114 599.3785 599.3456 599.3128 599.2799 599.2495 599.2197 599.1899 599.1602 599.1304 599.101 599.0665 599.0313 598.9961 598.9611 598.9315 598.9014 598.8713 598.8412 598.811 598.7794 598.7477
600.6823 600.653 600.6125 600.5855 600.5585 600.5317 600.5055 600.4785 600.4515 600.4245 600.384 600.3547 600.3278 600.3007 600.2737 600.2468 600.2205 600.1937 600.1533 600.124 600.097 600.0658 600.0338 600.0017 599.9697 599.9376 599.9081 599.8812 599.8542 599.8264 599.7941 599.7618 599.7296 599.6973 599.665 599.6368 599.6087 599.5795 599.5504 599.5212 599.492 599.4629 599.4327 599.3998 599.367 599.3342 599.3013 599.2715 599.2418 599.212 599.1823 599.1525 599.1234 599.0885 599.0533 599.0182 598.9842 598.9544 598.9244 598.8943 598.8642 598.8341 598.8025 598.7709
600.7011 600.6722 600.6317 600.6047 600.5778 600.551 600.5247 600.4977 600.4708 600.4437 600.4033 600.3743 600.3473 600.3203 600.2933 600.2664 600.2401 600.2133 600.1729 600.1439 600.1169 600.0858 600.0536 600.0216 599.9896 599.9575 599.9286 599.9017 599.8748 599.8469 599.8146 599.7823 599.7501 599.7178 599.6855 599.658 599.6299 599.6007 599.5715 599.5424 599.5132 599.4843 599.4541 599.4212 599.3884 599.3555 599.3226 599.2936 599.2638 599.2341 599.2043 599.1745 599.1458 599.1106 599.0754 599.0402 599.0073 598.9774 598.9474 598.9173 598.8872 598.8572 598.8256 598.794
600.72 600.6915 600.6509 600.624 600.597 600.5702 600.5439 600.517 600.49 600.463 600.4225 600.3939 600.3669 600.3399 600.3129 600.2859 600.2596 600.2329 600.1924 600.1639 600.1368 600.1057 600.0736 600.0416 600.0095 599.9775 599.9492 599.9222 599.8953 599.8674 599.8351 599.8029 599.7706 599.7383 599.7061 599.6791 599.651 599.6218 599.5927 599.5635 599.5343 599.5057 599.4755 599.4426 599.4097 599.3769 599.344 599.3156 599.2858 599.2561 599.2263 599.1965 599.1678 599.1326 599.0975 599.0623 599.0304 599.0004 598.9703 598.9403 598.9102 598.8804 598.8488 598.8171
600.7389 600.7107 600.6702 600.6432 600.6162 600.5894 600.5632 600.5362 600.5092 600.4822 600.4417 600.4135 600.3865 600.3594 600.3325 600.3055 600.2792 600.2524 600.212 600.1838 600.1568 600.1255 600.0935 600.0615 600.0294 599.9974 599.9697 599.9427 599.9158 599.8879 599.8557 599.8234 599.7911 599.7589 599.7273 599.7003 599.6722 599.643 599.6138 599.5847 599.5555 599.5272 599.4968 599.4639 599.4311 599.3983 599.3654 599.3376 599.3079 599.2781 599.2484 599.2186 599.1899 599.1547 599.1196 599.0844 599.0535 599.0234 598.9933 598.9633 598.9332 598.9035 598.8719 598.8402
600.7578 600.7299 600.6894 600.6625 600.6354 600.6087 600.5824 600.5554 600.5284 600.5015 600.4609 600.433 600.4061 600.379 600.3521 600.3251 600.2988 600.272 600.2316 600.2037 600.1767 600.1455 600.1135 600.0814 600.0494 600.0173 599.9902 599.9632 599.9364 599.9085 599.8762 599.8439 599.8116 599.7794 599.7484 599.7214 599.6934 599.6642 599.635 599.6058 599.5767 599.5487 599.5182 599.4853 599.4525 599.4196 599.3875 599.3597 599.3299 599.3002 599.2704 599.2406 599.212 599.1768 599.1416 599.1064 599.0765 599.0464 599.0164 598.9863 598.9562 598.9266 598.895 598.8633
600.7767 600.7491 600.7086 600.6817 600.6547 600.6279 600.6016 600.5746 600.5477 600.5207 600.4802 600.4526 600.4256 600.3986 600.3716 600.3447 600.3184 600.2916 600.2512 600.2236 600.1967 600.1654 600.1334 600.1013 600.0693 600.0377 600.0107 599.9837 599.9569 599.929 599.8967 599.8645 599.8322 599.7999 599.7696 599.7426 599.7145 599.6853 599.6561 599.627 599.5978 599.5702 599.5396 599.5067 599.4738 599.441 599.4095 599.3817 599.3519 599.3222 599.2924 599.2626 599.234 599.1989 599.1637 599.1285 599.0995 599.0694 599.0394 599.0093 598.9793 598.9498 598.9182 598.8865
600.7955 600.7684 600.7278 600.7009 600.6739 600.6472 600.6208 600.5939 600.5669 600.5399 600.4994 600.4722 600.4452 600.4182 600.3912 600.3643 600.338 600.3112 600.2708 600.2435 600.2166 600.1854 600.1533 600.1212 600.0892 600.0582 600.0313 600.0042 599.9775 599.9496 599.9173 599.885 599.8527 599.8204 599.7908 599.7637 599.7357 599.7065 599.6773 599.6481 599.619 599.5916 599.5609 599.528 599.4952 599.4623 599.4316 599.4037 599.374 599.3442 599.3145 599.2847 599.2561 599.2209 599.1857 599.1506 599.1225 599.0924 599.0623 599.0323 599.0027 598.9729 598.9412 598.9096
600.8145 600.7874 600.7471 600.7202 600.6931 600.6664 600.6401 600.6131 600.5861 600.5591 600.5188 600.4918 600.4648 600.4377 600.4108 600.3838 600.3575 600.3307 600.2905 600.2635 600.2365 600.2053 600.1732 600.1412 600.1091 600.0787 600.0518 600.0247 599.998 599.9701 599.9378 599.9055 599.8732 599.841 599.8119 599.7849 599.7568 599.7277 599.6985 599.6693 599.6401 599.6131 599.5823 599.5494 599.5165 599.4836 599.4537 599.4258 599.396 599.3663 599.3365 599.307 599.2781 599.243 599.2078 599.1728 599.1455 599.1154 599.0853 599.0553 599.0261 598.996 598.9644 598.9327
600.8333 600.8063 600.7663 600.7394 600.7123 600.6856 600.6593 600.6323 600.6053 600.5784 600.5384 600.5114 600.4844 600.4573 600.4304 600.4034 600.3771 600.3503 600.3104 600.2834 600.2564 600.2252 600.1931 600.1611 600.129 600.0992 600.0723 600.0452 600.0185 599.9907 599.9584 599.9261 599.8938 599.8615 599.8331 599.8061 599.778 599.7488 599.7196 599.6904 599.6613 599.6345 599.6036 599.5707 599.5379 599.505 599.4757 599.4478 599.4181 599.3883 599.3585 599.3293 599.3002 599.265 599.2299 599.1959 599.1685 599.1384 599.1083 599.0782 599.0495 599.0192 598.9875 598.9559
600.8522 600.8252 600.7855 600.7586 600.7316 600.7048 600.6785 600.6516 600.6246 600.5976 600.5579 600.5309 600.5039 600.4769 600.45 600.423 600.3967 600.3699 600.3303 600.3033 600.2763 600.2451 600.2131 600.181 600.149 600.1198 600.0928 600.0657 600.0391 600.0112 599.9789 599.9466 599.9143 599.882 599.8542 599.8272 599.7991 599.77 599.7408 599.7116 599.6827 599.6559 599.625 599.5921 599.5593 599.5264 599.4978 599.4698 599.4401 599.4103 599.3806 599.3517 599.3223 599.2871 599.2519 599.2189 599.1915 599.1614 599.1313 599.1013 599.0729 599.0422 599.0106 598.9797
600.8711 600.8441 600.8048 600.7778 600.7509 600.7241 600.6978 600.6708 600.6439 600.6168 600.5775 600.5505 600.5235 600.4965 600.4695 600.4426 600.4162 600.3895 600.3502 600.3232 600.2963 600.265 600.233 600.2009 600.1689 600.1403 600.1133 600.0862 600.0596 600.0317 599.9994 599.9672 599.9349 599.9026 599.8754 599.8484 599.8203 599.7911 599.762 599.7328 599.7041 599.6774 599.6464 599.6135 599.5806 599.5477 599.5199 599.4919 599.4622 599.4324 599.4026 599.3741 599.3443 599.3091 599.274 599.2421 599.2145 599.1844 599.1544 599.1243 599.0963 599.0654 599.0338 599.0034
600.89 600.863 600.824 600.7971 600.7701 600.7433 600.717 600.69 600.6631 600.636 600.5971 600.5701 600.5431 600.5161 600.4891 600.4621 600.4357 600.4091 600.3702 600.3431 600.3162 600.285 600.2529 600.2209 600.1888 600.1608 600.1338 600.1068 600.0801 600.0522 600.02 599.9877 599.9554 599.9235 599.8965 599.8696 599.8414 599.8123 599.7831 599.7539 599.7255 599.6989 599.6677 599.6348 599.602 599.5691 599.5419 599.5139 599.4842 599.4544 599.4246 599.3965 599.3664 599.3312 599.296 599.2651 599.2375 599.2074 599.1773 599.1473 599.1196 599.0885 599.0569 599.0271
600.9089 600.8818 600.8433 600.8163 600.7893 600.7625 600.7363 600.7092 600.6823 600.6553 600.6167 600.5897 600.5627 600.5356 600.5087 600.4817 600.4553 600.4286 600.3901 600.3631 600.3361 600.3049 600.2728 600.2408 600.2087 600.1813 600.1543 600.1273 600.1006 600.0728 600.0405 600.0082 599.976 599.9447 599.9177 599.8907 599.8626 599.8334 599.8043 599.7751 599.7469 599.7203 599.6891 599.6562 599.6234 599.591 599.564 599.5359 599.5062 599.4764 599.4467 599.4189 599.3884 599.3533 599.3181 599.2882 599.2605 599.2304 599.2003 599.1703 599.143 599.1116 599.08 599.0508
600.9277 600.9008 600.8625 600.8355 600.8085 600.7817 600.7555 600.7285 600.7015 600.6745 600.6362 600.6093 600.5822 600.5552 600.5283 600.5013 600.4749 600.4482 600.41 600.383 600.356 600.3248 600.2928 600.2607 600.2288 600.2018 600.1748 600.1478 600.1212 600.0933 600.061 600.0287 599.9965 599.9659 599.9388 599.9119 599.8838 599.8546 599.8254 599.7963 599.7684 599.7417 599.7104 599.6776 599.6447 599.6131 599.5861 599.558 599.5283 599.4985 599.4688 599.4412 599.4105 599.3754 599.3401 599.3113 599.2834 599.2534 599.2233 599.1934 599.1664 599.1348 599.1031 599.0745
600.9467 600.9196 600.8817 600.8547 600.8278 600.801 600.7747 600.7477 600.7208 600.6937 600.6558 600.6288 600.6018 600.5748 600.5479 600.5209 600.4944 600.4678 600.4299 600.403 600.3759 600.3447 600.3127 600.2806 600.2493 600.2224 600.1953 600.1683 600.1417 600.1138 600.0815 600.0493 600.017 599.987 599.96 599.933 599.9049 599.8757 599.8466 599.8174 599.7898 599.7632 599.7318 599.6989 599.6661 599.6352 599.6082 599.58 599.5503 599.5205 599.4908 599.4636 599.4326 599.3974 599.3622 599.3344 599.3065 599.2764 599.2463 599.2168 599.1895 599.1579 599.1263 599.0983
600.9655 600.9385 600.9009 600.874 600.847 600.8202 600.7939 600.767 600.74 600.713 600.6754 600.6484 600.6214 600.5944 600.5674 600.5404 600.514 600.4874 600.4498 600.4229 600.3959 600.3647 600.3326 600.3005 600.2698 600.2429 600.2158 600.1888 600.1622 600.1343 600.1021 600.0698 600.0375 600.0082 599.9812 599.9542 599.9261 599.8969 599.8677 599.8386 599.8112 599.7846 599.7531 599.7203 599.6874 599.6572 599.6302 599.6021 599.5723 599.5425 599.513 599.486 599.4547 599.4194 599.3845 599.3575 599.3295 599.2994 599.2693 599.2402 599.2126 599.181 599.1494 599.1219
600.9844 600.9574 600.9202 600.8932 600.8662 600.8394 600.8132 600.7862 600.7592 600.7322 600.695 600.668 600.641 600.614 600.587 600.56 600.5336 600.507 600.4698 600.4427 600.4158 600.3846 600.3525 600.3205 600.2903 600.2634 600.2363 600.2094 600.1828 600.1549 600.1226 600.0903 600.058 600.0293 600.0023 599.9753 599.9473 599.9181 599.8889 599.8597 599.8326 599.806 599.7745 599.7416 599.7088 599.6793 599.6523 599.6241 599.5944 599.5646 599.5354 599.5084 599.4767 599.4415 599.4075 599.3806 599.3525 599.3224 599.2923 599.2635 599.2358 599.2042 599.1727 599.1458
601.0033 600.9763 600.9394 600.9125 600.8854 600.8587 600.8324 600.8054 600.7784 600.7515 600.7145 600.6876 600.6605 600.6335 600.6066 600.5796 600.5531 600.5266 600.4897 600.4627 600.4357 600.4045 600.3724 600.3404 600.3109 600.2839 600.2569 600.2299 600.2033 600.1754 600.1431 600.1108 600.0786 600.0505 600.0235 599.9965 599.9684 599.9392 599.91 599.881 599.8541 599.8275 599.7958 599.763 599.7302 599.7014 599.6744 599.6462 599.6164 599.5866 599.5577 599.5308 599.4988 599.4636 599.4306 599.4036 599.3755 599.3454 599.3153 599.287 599.2589 599.2273 599.1964 599.1696
601.0222 600.9952 600.9586 600.9317 600.9047 600.8779 600.8516 600.8246 600.7977 600.7707 600.7341 600.7072 600.6801 600.6531 600.6262 600.5992 600.5727 600.5461 600.5096 600.4826 600.4556 600.4244 600.3924 600.3604 600.3314 600.3044 600.2774 600.2504 600.2238 600.196 600.1637 600.1314 600.0991 600.0717 600.0447 600.0176 599.9896 599.9604 599.9312 599.9025 599.8754 599.8489 599.8172 599.7844 599.7515 599.7234 599.6965 599.6682 599.6384 599.6086 599.5801 599.5531 599.5208 599.4857 599.4537 599.4267 599.3984 599.3684 599.3383 599.3104 599.282 599.2504 599.2202 599.1935
601.0411 601.014 600.9778 600.9509 600.9239 600.8972 600.8708 600.8439 600.8169 600.7899 600.7537 600.7267 600.6997 600.6727 600.6457 600.6187 600.5922 600.5657 600.5295 600.5026 600.4756 600.4443 600.4123 600.3802 600.3519 600.3249 600.2979 600.2709 600.2444 600.2165 600.1842 600.1519 600.1198 600.0928 600.0658 600.0388 600.0107 599.9816 599.9524 599.9239 599.897 599.8704 599.8386 599.8057 599.7729 599.7455 599.7186 599.6902 599.6605 599.6307 599.6025 599.5756 599.5429 599.5077 599.4768 599.4498 599.4214 599.3914 599.3613 599.3337 599.3052 599.2736 599.2439 599.2173
601.0599 601.0329 600.9971 600.9702 600.9431 600.9164 600.8901 600.8631 600.8361 600.8091 600.7733 600.7463 600.7193 600.6923 600.6653 600.6383 600.6118 600.5853 600.5494 600.5225 600.4955 600.4643 600.4323 600.4001 600.3724 600.3454 600.3184 600.2914 600.2649 600.237 600.2048 600.1725 600.1409 600.114 600.087 600.0599 600.0319 600.0027 599.9735 599.9453 599.9185 599.8918 599.8599 599.8271 599.7946 599.7676 599.7406 599.7123 599.6825 599.6528 599.6249 599.598 599.5649 599.5298 599.4999 599.4728 599.4445 599.4144 599.3843 599.3571 599.3283 599.2966 599.2676 599.241
601.0788 601.0518 601.0163 600.9894 600.9623 600.9356 600.9093 600.8823 600.8553 600.8284 600.7928 600.7659 600.7388 600.7119 600.6849 600.6579 600.6313 600.6049 600.5694 600.5424 600.5154 600.4842 600.4521 600.4201 600.3929 600.3659 600.3389 600.3119 600.2855 600.2576 600.2253 600.193 600.1621 600.1351 600.1082 600.0811 600.053 600.0239 599.9947 599.9667 599.94 599.9132 599.8813 599.8484 599.8167 599.7897 599.7627 599.7343 599.7045 599.6748 599.6473 599.6205 599.587 599.5518 599.5229 599.496 599.4675 599.4374 599.4075 599.3805 599.3514 599.3198 599.2913 599.2648
601.0977 601.0707 601.0355 601.0086 600.9816 600.9548 600.9285 600.9016 600.8746 600.8476 600.8124 600.7855 600.7584 600.7314 600.7045 600.6775 600.6509 600.6245 600.5893 600.5623 600.5353 600.5041 600.472 600.4404 600.4135 600.3864 600.3594 600.3324 600.306 600.2781 600.2458 600.2135 600.1833 600.1563 600.1293 600.1023 600.0742 600.045 600.0158 599.9882 599.9615 599.9347 599.9026 599.8698 599.8387 599.8118 599.7848 599.7563 599.7266 599.6968 599.6696 599.6429 599.6091 599.5739 599.546 599.519 599.4905 599.4604 599.4309 599.4039 599.3746 599.3429 599.315 599.2885
