samples/sfe_95/sfe_95_v0/sfe_95_v0/sfe_95_v0.asc
ncols         647
nrows         184
xllcorner     100
yllcorner     8
cellsize      1
NODATA_value  -9999
[rows 0 to 27 of 184, columns 448 to 511 of 647]
608.7155 608.7119 608.7084 608.7053 608.7023 608.6993 608.6963 608.6933 608.6903 608.6873 608.6843 608.6808 608.6773 608.6743 608.6713 608.6682 608.6652 608.6622 608.6592 608.6563 608.6533 608.6498 608.6462 608.6431 608.6401 608.6371 608.6342 608.6311 608.6281 608.6251 608.6221 608.6187 608.6151 608.6121 608.6091 608.6061 608.603 608.5999 608.5969 608.5939 608.5909 608.5875 608.5839 608.5809 608.5779 608.5749 608.5719 608.5688 608.5659 608.5629 608.5599 608.5563 608.5527 608.5497 608.5468 608.5438 608.5408 608.5377 608.5347 608.5316 608.5286 608.5252 608.5217 608.5186
608.7033 608.6998 608.6963 608.693 608.69 608.687 608.684 608.681 608.678 608.675 608.672 608.6685 608.665 608.662 608.659 608.6557 608.6526 608.6497 608.6467 608.6437 608.6407 608.6373 608.6337 608.6304 608.6274 608.6245 608.6215 608.6184 608.6154 608.6124 608.6094 608.606 608.6021 608.5991 608.5961 608.5931 608.5898 608.5868 608.5838 608.5808 608.5778 608.5744 608.5708 608.5678 608.5648 608.5616 608.5586 608.5556 608.5526 608.5496 608.5466 608.5429 608.5392 608.5363 608.5333 608.5303 608.5273 608.524 608.521 608.5179 608.515 608.5116 608.508 608.5046
608.6912 608.6876 608.6841 608.6806 608.6776 608.6746 608.6716 608.6686 608.6656 608.6626 608.6596 608.6561 608.6526 608.6497 608.6467 608.6431 608.6401 608.6371 608.6342 608.6312 608.6282 608.6248 608.6212 608.6177 608.6147 608.6118 608.6088 608.6057 608.6027 608.5997 608.5967 608.5933 608.5892 608.5862 608.5833 608.5803 608.5767 608.5737 608.5707 608.5677 608.5647 608.5613 608.5577 608.5547 608.5518 608.5483 608.5453 608.5424 608.5393 608.5363 608.5333 608.5295 608.5258 608.5228 608.5198 608.5168 608.5138 608.5103 608.5073 608.5043 608.5013 608.498 608.4943 608.4907
608.679 608.6754 608.6719 608.6683 608.6653 608.6622 608.6592 608.6563 608.6533 608.6503 608.6473 608.6438 608.6403 608.6373 608.6343 608.6306 608.6276 608.6246 608.6216 608.6186 608.6156 608.6122 608.6086 608.605 608.6021 608.5991 608.5961 608.593 608.59 608.587 608.584 608.5806 608.5764 608.5734 608.5704 608.5674 608.5636 608.5605 608.5576 608.5546 608.5516 608.5483 608.5446 608.5416 608.5386 608.535 608.532 608.5291 608.526 608.523 608.52 608.5162 608.5123 608.5093 608.5063 608.5033 608.5003 608.4966 608.4937 608.4906 608.4876 608.4844 608.4807 608.4769
608.6669 608.6633 608.6598 608.6559 608.653 608.6499 608.6469 608.6439 608.6409 608.6379 608.6349 608.6315 608.628 608.625 608.622 608.6181 608.6151 608.6121 608.6091 608.6061 608.6031 608.5997 608.5961 608.5923 608.5894 608.5864 608.5834 608.5803 608.5773 608.5743 608.5714 608.5679 608.5635 608.5604 608.5574 608.5544 608.5508 608.5474 608.5444 608.5414 608.5385 608.5353 608.5315 608.5285 608.5255 608.5219 608.5188 608.5158 608.5128 608.5098 608.5068 608.5029 608.4988 608.4958 608.4928 608.4898 608.4868 608.483 608.48 608.4769 608.4739 608.4708 608.467 608.4631
608.6548 608.6511 608.6476 608.6437 608.6406 608.6375 608.6345 608.6315 608.6285 608.6255 608.6226 608.6191 608.6156 608.6126 608.6096 608.6057 608.6025 608.5995 608.5965 608.5935 608.5905 608.5872 608.5836 608.5798 608.5767 608.5737 608.5707 608.5676 608.5646 608.5616 608.5587 608.5552 608.5508 608.5475 608.5446 608.5416 608.5381 608.5344 608.5314 608.5284 608.5254 608.5222 608.5184 608.5154 608.5125 608.5087 608.5055 608.5025 608.4995 608.4965 608.4935 608.4897 608.4854 608.4823 608.4793 608.4763 608.4733 608.4697 608.4663 608.4633 608.4603 608.4572 608.4534 608.4495
608.6426 608.639 608.6355 608.6316 608.6282 608.6252 608.6222 608.6192 608.6162 608.6132 608.6102 608.6068 608.6033 608.6003 608.5973 608.5934 608.59 608.587 608.584 608.581 608.578 608.5747 608.571 608.5673 608.564 608.561 608.558 608.5549 608.5519 608.549 608.546 608.5425 608.5381 608.5347 608.5317 608.5287 608.5254 608.5212 608.5182 608.5153 608.5123 608.5092 608.5053 608.5023 608.4993 608.4957 608.4922 608.4893 608.4862 608.4832 608.4802 608.4765 608.472 608.4688 608.4658 608.4628 608.4598 608.4563 608.4526 608.4496 608.4466 608.4435 608.4397 608.436
608.6305 608.6268 608.6234 608.6194 608.6158 608.6129 608.6098 608.6068 608.6038 608.6008 608.5978 608.5944 608.5909 608.588 608.585 608.5811 608.5774 608.5744 608.5714 608.5684 608.5654 608.5622 608.5585 608.5548 608.5513 608.5483 608.5453 608.5422 608.5392 608.5363 608.5333 608.5298 608.5254 608.5217 608.5187 608.5157 608.5127 608.5081 608.5051 608.5021 608.4991 608.4961 608.4922 608.4892 608.4862 608.4826 608.4789 608.476 608.473 608.4699 608.4669 608.4634 608.4586 608.4553 608.4523 608.4493 608.4464 608.4429 608.4389 608.4359 608.4329 608.4299 608.426 608.4224
608.6183 608.6146 608.6111 608.6073 608.6035 608.6005 608.5975 608.5945 608.5915 608.5885 608.5855 608.5821 608.5786 608.5756 608.5726 608.5687 608.5649 608.5619 608.5589 608.5559 608.5529 608.5497 608.546 608.5423 608.5386 608.5356 608.5326 608.5295 608.5266 608.5236 608.5206 608.5172 608.5127 608.5089 608.5059 608.5029 608.4999 608.495 608.492 608.489 608.486 608.483 608.4791 608.4761 608.4731 608.4695 608.4657 608.4627 608.4597 608.4567 608.4537 608.4502 608.4453 608.4418 608.4388 608.4359 608.4329 608.4295 608.4252 608.4222 608.4192 608.4162 608.4124 608.4089
608.6063 608.6025 608.599 608.5951 608.5911 608.5881 608.5851 608.5822 608.5792 608.5762 608.5732 608.5698 608.5663 608.5633 608.5603 608.5564 608.5524 608.5493 608.5463 608.5433 608.5403 608.5372 608.5334 608.5298 608.5259 608.5229 608.5199 608.5168 608.5139 608.5109 608.5079 608.5045 608.5 608.496 608.493 608.49 608.487 608.4819 608.4789 608.4759 608.4729 608.4699 608.466 608.463 608.46 608.4564 608.4524 608.4494 608.4464 608.4434 608.4404 608.437 608.4319 608.4283 608.4254 608.4224 608.4194 608.4161 608.4116 608.4085 608.4055 608.4025 608.3987 608.3953
608.5941 608.5903 608.5869 608.5829 608.5788 608.5758 608.5728 608.5698 608.5668 608.5638 608.5608 608.5574 608.5539 608.5509 608.5479 608.544 608.5398 608.5368 608.5338 608.5308 608.5278 608.5247 608.5209 608.5173 608.5131 608.5101 608.5071 608.5042 608.5012 608.4982 608.4952 608.4918 608.4874 608.483 608.48 608.4771 608.4741 608.4688 608.4658 608.4628 608.4598 608.4568 608.4529 608.4499 608.4469 608.4434 608.4391 608.4362 608.4331 608.4301 608.4271 608.4239 608.4185 608.4149 608.4119 608.4089 608.4059 608.4027 608.3979 608.3948 608.3918 608.3889 608.3851 608.3818
608.582 608.5782 608.5747 608.5708 608.5665 608.5634 608.5604 608.5574 608.5544 608.5515 608.5485 608.5451 608.5416 608.5386 608.5356 608.5317 608.5273 608.5242 608.5212 608.5182 608.5153 608.5122 608.5084 608.5048 608.5004 608.4974 608.4944 608.4915 608.4884 608.4854 608.4824 608.4791 608.4747 608.4702 608.4672 608.4642 608.4612 608.4557 608.4526 608.4496 608.4467 608.4437 608.4399 608.4368 608.4338 608.4302 608.4258 608.4229 608.4199 608.4169 608.4139 608.4107 608.4051 608.4014 608.3984 608.3954 608.3924 608.3893 608.3842 608.3812 608.3782 608.3752 608.3715 608.3682
608.5698 608.566 608.5626 608.5587 608.5541 608.5511 608.548 608.545 608.5421 608.5391 608.5361 608.5327 608.5292 608.5262 608.5233 608.5193 608.5147 608.5117 608.5087 608.5057 608.5027 608.4997 608.4958 608.4923 608.4877 608.4847 608.4818 608.4788 608.4757 608.4727 608.4697 608.4664 608.462 608.4573 608.4543 608.4513 608.4483 608.4429 608.4395 608.4365 608.4335 608.4305 608.4268 608.4237 608.4207 608.4172 608.4126 608.4096 608.4066 608.4036 608.4006 608.3976 608.3917 608.3879 608.3849 608.3819 608.3789 608.3759 608.3705 608.3675 608.3645 608.3615 608.3578 608.3546
608.5577 608.5539 608.5504 608.5465 608.5417 608.5388 608.5357 608.5327 608.5297 608.5267 608.5237 608.5204 608.5169 608.5139 608.5109 608.507 608.5022 608.4991 608.4962 608.4932 608.4902 608.4872 608.4833 608.4798 608.4751 608.472 608.4691 608.4661 608.463 608.46 608.457 608.4537 608.4493 608.4445 608.4413 608.4384 608.4354 608.4302 608.4264 608.4234 608.4204 608.4174 608.4138 608.4106 608.4076 608.4041 608.3995 608.3964 608.3933 608.3903 608.3873 608.3843 608.3785 608.3744 608.3714 608.3684 608.3654 608.3624 608.3571 608.3538 608.3508 608.3478 608.3442 608.341
608.5456 608.5417 608.5382 608.5344 608.5295 608.5264 608.5233 608.5203 608.5173 608.5143 608.5114 608.5081 608.5045 608.5015 608.4985 608.4947 608.4899 608.4866 608.4836 608.4806 608.4776 608.4746 608.4708 608.4673 608.4626 608.4594 608.4564 608.4534 608.4503 608.4473 608.4443 608.441 608.4366 608.4318 608.4285 608.4255 608.4225 608.4175 608.4133 608.4103 608.4073 608.4043 608.4008 608.3975 608.3945 608.391 608.3864 608.3831 608.3801 608.377 608.374 608.371 608.3654 608.361 608.3579 608.3549 608.3519 608.3489 608.3438 608.3401 608.3371 608.3341 608.3306 608.3273
608.5334 608.5295 608.5261 608.5222 608.5174 608.514 608.511 608.508 608.505 608.502 608.499 608.4957 608.4922 608.4892 608.4862 608.4823 608.4775 608.4741 608.4711 608.4681 608.4651 608.4621 608.4583 608.4548 608.4501 608.4467 608.4437 608.4407 608.4376 608.4346 608.4316 608.4283 608.4239 608.4191 608.4156 608.4126 608.4096 608.4048 608.4002 608.3972 608.3942 608.3912 608.3877 608.3844 608.3814 608.3779 608.3733 608.3698 608.3668 608.3638 608.3608 608.3578 608.3522 608.3476 608.3444 608.3414 608.3384 608.3354 608.3303 608.3265 608.3234 608.3204 608.317 608.3137
608.5213 608.5174 608.5139 608.51 608.5052 608.5016 608.4987 608.4957 608.4927 608.4897 608.4867 608.4834 608.4799 608.4769 608.4739 608.47 608.4651 608.4615 608.4585 608.4555 608.4525 608.4495 608.4457 608.4423 608.4376 608.434 608.431 608.428 608.4249 608.4219 608.4189 608.4156 608.4112 608.4064 608.4026 608.3997 608.3967 608.3922 608.3871 608.3841 608.3811 608.3781 608.3746 608.3713 608.3683 608.3649 608.3602 608.3565 608.3535 608.3505 608.3475 608.3445 608.3391 608.3342 608.3309 608.3279 608.325 608.322 608.317 608.3128 608.3098 608.3068 608.3034 608.3
608.5092 608.5052 608.5018 608.4979 608.493 608.4893 608.4863 608.4833 608.4803 608.4773 608.4743 608.471 608.4675 608.4645 608.4615 608.4576 608.4528 608.449 608.446 608.443 608.44 608.437 608.4332 608.4297 608.425 608.4213 608.4183 608.4153 608.4122 608.4092 608.4063 608.403 608.3985 608.3937 608.3898 608.3868 608.3838 608.3795 608.374 608.371 608.368 608.365 608.3616 608.3582 608.3552 608.3517 608.3471 608.3433 608.3403 608.3372 608.3342 608.3312 608.3259 608.3208 608.3174 608.3145 608.3115 608.3085 608.3035 608.2991 608.2961 608.2931 608.2898 608.2863
608.4971 608.4931 608.4896 608.4857 608.4809 608.477 608.4739 608.4709 608.468 608.465 608.462 608.4587 608.4552 608.4522 608.4492 608.4453 608.4405 608.4365 608.4334 608.4304 608.4274 608.4244 608.4207 608.4172 608.4125 608.4086 608.4056 608.4026 608.3995 608.3965 608.3936 608.3903 608.3859 608.381 608.3769 608.3739 608.3709 608.3668 608.3609 608.3578 608.3549 608.3519 608.3486 608.3451 608.3421 608.3387 608.334 608.33 608.327 608.3239 608.3209 608.3179 608.3127 608.3074 608.304 608.301 608.298 608.295 608.2902 608.2855 608.2824 608.2794 608.2762 608.2726
608.4849 608.4809 608.4774 608.4736 608.4688 608.4646 608.4616 608.4586 608.4556 608.4526 608.4496 608.4464 608.4428 608.4398 608.4368 608.433 608.4282 608.4239 608.4209 608.4179 608.4149 608.4119 608.4081 608.4047 608.4 608.3959 608.3929 608.3899 608.3868 608.3839 608.3809 608.3776 608.3732 608.3683 608.364 608.361 608.358 608.3541 608.3478 608.3447 608.3417 608.3387 608.3355 608.332 608.329 608.3256 608.321 608.3167 608.3137 608.3107 608.3077 608.3047 608.2996 608.2941 608.2905 608.2875 608.2845 608.2816 608.2768 608.2717 608.2687 608.2657 608.2625 608.259
608.4728 608.4688 608.4653 608.4614 608.4566 608.4523 608.4492 608.4462 608.4432 608.4402 608.4373 608.434 608.4305 608.4275 608.4245 608.4206 608.4158 608.4114 608.4083 608.4053 608.4023 608.3994 608.3956 608.3922 608.3875 608.3831 608.3801 608.3771 608.3741 608.3712 608.3682 608.3649 608.3605 608.3556 608.3511 608.3481 608.3451 608.3414 608.3351 608.3316 608.3286 608.3256 608.3224 608.3189 608.3159 608.3125 608.3079 608.3034 608.3004 608.2974 608.2944 608.2914 608.2864 608.2807 608.277 608.274 608.2711 608.2681 608.2634 608.2581 608.2551 608.252 608.2489 608.2453
608.4606 608.4566 608.4531 608.4492 608.4445 608.4399 608.4369 608.4339 608.4309 608.4279 608.4249 608.4217 608.4182 608.4152 608.4122 608.4083 608.4034 608.3988 608.3958 608.3928 608.3898 608.3868 608.3831 608.3797 608.375 608.3704 608.3674 608.3644 608.3615 608.3585 608.3555 608.3522 608.3478 608.343 608.3382 608.3352 608.3322 608.3287 608.3224 608.3185 608.3155 608.3125 608.3094 608.3058 608.3028 608.2994 608.2948 608.2902 608.2872 608.2841 608.2811 608.2781 608.2733 608.2674 608.2635 608.2606 608.2576 608.2546 608.25 608.2446 608.2414 608.2383 608.2353 608.2317
608.4485 608.4445 608.441 608.4371 608.4323 608.4276 608.4246 608.4215 608.4185 608.4155 608.4125 608.4093 608.4058 608.4028 608.3998 608.3959 608.3911 608.3863 608.3832 608.3802 608.3773 608.3743 608.3706 608.3672 608.3625 608.3578 608.3547 608.3517 608.3488 608.3458 608.3428 608.3395 608.3351 608.3303 608.3254 608.3223 608.3193 608.316 608.3097 608.3054 608.3024 608.2994 608.2963 608.2927 608.2897 608.2864 608.2817 608.2771 608.2739 608.2709 608.2678 608.2648 608.2601 608.2542 608.2501 608.2471 608.2441 608.2411 608.2366 608.2312 608.2277 608.2247 608.2217 608.218
608.4364 608.4323 608.4288 608.4249 608.4201 608.4153 608.4122 608.4092 608.4062 608.4032 608.4002 608.397 608.3935 608.3905 608.3875 608.3836 608.3788 608.374 608.3707 608.3677 608.3647 608.3618 608.3581 608.3547 608.35 608.3453 608.342 608.3391 608.336 608.333 608.33 608.3268 608.3224 608.3176 608.3127 608.3094 608.3064 608.3033 608.297 608.2923 608.2892 608.2863 608.2833 608.2796 608.2766 608.2733 608.2686 608.264 608.2606 608.2576 608.2546 608.2516 608.2469 608.2411 608.2366 608.2336 608.2306 608.2276 608.2232 608.2178 608.2141 608.211 608.208 608.2043
608.4243 608.4202 608.4167 608.4128 608.408 608.4032 608.3998 608.3968 608.3938 608.3908 608.3878 608.3846 608.3811 608.3781 608.3751 608.3712 608.3665 608.3616 608.3582 608.3552 608.3522 608.3492 608.3456 608.3422 608.3375 608.3328 608.3293 608.3264 608.3233 608.3203 608.3173 608.3141 608.3097 608.3049 608.3 608.2965 608.2935 608.2905 608.2843 608.2792 608.2762 608.2732 608.2702 608.2665 608.2635 608.2602 608.2556 608.2509 608.2473 608.2443 608.2413 608.2383 608.2338 608.2279 608.2231 608.2201 608.2171 608.2141 608.2098 608.2044 608.2004 608.1973 608.1943 608.1907
608.4121 608.408 608.4045 608.4006 608.3958 608.391 608.3875 608.3845 608.3815 608.3785 608.3755 608.3723 608.3688 608.3658 608.3628 608.3589 608.3541 608.3492 608.3456 608.3427 608.3397 608.3367 608.3331 608.3297 608.325 608.3203 608.3167 608.3137 608.3106 608.3076 608.3046 608.3015 608.297 608.2922 608.2874 608.2836 608.2806 608.2776 608.2717 608.2661 608.2631 608.2601 608.2571 608.2534 608.2504 608.2471 608.2425 608.2379 608.2341 608.2311 608.228 608.225 608.2206 608.2147 608.2098 608.2066 608.2036 608.2006 608.1964 608.191 608.1866 608.1837 608.1807 608.177
608.4 608.3958 608.3923 608.3884 608.3837 608.3788 608.3751 608.3721 608.3691 608.3661 608.3632 608.36 608.3564 608.3535 608.3505 608.3466 608.3417 608.3369 608.3331 608.3301 608.3271 608.3241 608.3206 608.3171 608.3124 608.3077 608.304 608.301 608.2979 608.2949 608.2919 608.2888 608.2844 608.2795 608.2747 608.2707 608.2677 608.2647 608.259 608.2529 608.2499 608.2469 608.244 608.2402 608.2372 608.234 608.2294 608.2247 608.2208 608.2178 608.2148 608.2118 608.2075 608.2016 608.1964 608.1931 608.1901 608.1871 608.183 608.1776 608.173 608.17 608.167 608.1633
608.3878 608.3837 608.3802 608.3763 608.3715 608.3667 608.3628 608.3597 608.3568 608.3538 608.3508 608.3476 608.3441 608.3411 608.3381 608.3342 608.3294 608.3246 608.3206 608.3176 608.3146 608.3116 608.3081 608.3046 608.2999 608.2952 608.2913 608.2883 608.2852 608.2822 608.2792 608.2761 608.2717 608.2668 608.262 608.2578 608.2548 608.2518 608.2463 608.2399 608.2368 608.2338 608.2308 608.2272 608.2242 608.2209 608.2163 608.2117 608.2075 608.2045 608.2015 608.1985 608.1943 608.1884 608.183 608.1796 608.1766 608.1736 608.1696 608.1642 608.1593 608.1563 608.1533 608.1497
