samples/sfe_95/sfe_95_v0/sfe_95_v0/sfe_95_v0.asc
ncols         647
nrows         184
xllcorner     100
yllcorner     8
cellsize      1
NODATA_value  -9999
[rows 112 to 139 of 184, columns 448 to 511 of 647]
600.739 600.737 600.7355 600.734 600.7325 600.731 600.729 600.728 600.7265 600.673 600.6465 600.6455 600.6425 600.6145 600.613 600.611 600.609 600.6071 600.6045 600.602 600.5995 600.4975 600.4965 600.4945 600.4926 600.49 600.488 600.4845 600.4555 600.454 600.428 600.378 600.376 600.3745 600.3725 600.371 600.3695 600.3205 600.296 600.2715 600.2705 600.269 600.268 600.2665 600.1715 600.1715 600.1715 600.1715 600.1715 600.172 600.1495 600.1265 600.0815 600.082 600.083 600.082 600.073 600.008 599.9525 599.9425 599.927 599.9115 599.8945 599.8781
600.6345 600.633 600.632 600.6305 600.629 600.6281 600.6265 600.6255 600.6245 600.5715 600.5705 600.519 600.516 600.5135 600.5125 600.5105 600.509 600.507 600.505 600.503 600.4755 600.4245 600.3979 600.396 600.394 600.392 600.39 600.3865 600.359 600.3085 600.2835 600.282 600.28 600.279 600.277 600.276 600.2745 600.226 600.2255 600.177 600.176 600.1745 600.174 600.173 600.102 600.0785 600.0785 600.0785 600.079 600.0795 600.0575 599.9895 599.99 599.991 599.992 599.9915 599.9865 599.923 599.915 599.8545 599.839 599.8235 599.8065 599.763
600.53 600.529 600.528 600.527 600.526 600.525 600.524 600.4975 600.4965 600.496 600.444 600.4175 600.415 600.413 600.412 600.41 600.4085 600.407 600.4055 600.353 600.3265 600.301 600.2995 600.2975 600.296 600.2939 600.2925 600.2895 600.2375 600.1875 600.187 600.1855 600.1845 600.183 600.1815 600.1805 600.1795 600.155 600.1065 600.082 600.081 600.0805 600.08 600.056 600.009 599.9855 599.9855 599.9865 599.987 599.9875 599.9885 599.9435 599.899 599.9 599.902 599.9035 599.8725 599.8595 599.8025 599.764 599.7485 599.7325 599.689 599.627
600.426 600.425 600.4245 600.4235 600.423 600.422 600.421 600.3695 600.3435 600.343 600.3165 600.316 600.314 600.312 600.311 600.31 600.3085 600.307 600.3055 600.3045 600.2025 600.202 600.201 600.199 600.198 600.196 600.1945 600.168 600.1655 600.14 600.09 600.089 600.0875 600.0865 600.0854 600.0845 600.0595 600.0115 600.0115 599.9875 599.987 599.987 599.9865 599.9395 599.892 599.8925 599.893 599.8935 599.8945 599.8955 599.8745 599.83 599.808 599.8095 599.811 599.813 599.756 599.7245 599.69 599.674 599.658 599.642 599.572 599.51
600.321 600.321 600.3205 600.3195 600.3195 600.319 600.3185 600.267 600.267 600.215 600.215 600.2145 600.213 600.2115 600.2105 600.2095 600.2085 600.1825 600.181 600.1801 600.129 600.103 600.102 600.1005 600.0995 600.098 600.0965 600.07 600.0195 599.994 599.993 599.9919 599.9915 599.9905 599.9895 599.9885 599.988 599.94 599.8925 599.8925 599.8925 599.8925 599.8925 599.8695 599.822 599.799 599.8 599.801 599.802 599.8035 599.7825 599.7385 599.7165 599.7185 599.721 599.723 599.666 599.661 599.6025 599.5865 599.5705 599.5545 599.538 599.476
600.2165 600.2165 600.216 600.216 600.1905 600.1905 600.19 600.19 600.1646 600.113 600.113 600.113 600.112 600.1105 600.11 600.1095 600.1085 600.0575 600.032 600.031 600.03 600.004 600.003 600.002 600.001 600 599.9985 599.997 599.8975 599.897 599.896 599.8955 599.8945 599.8945 599.8935 599.869 599.869 599.845 599.7975 599.7975 599.798 599.798 599.7985 599.7525 599.729 599.706 599.707 599.7085 599.71 599.7115 599.713 599.624 599.6255 599.6275 599.6305 599.6325 599.6065 599.5765 599.518 599.502 599.486 599.47 599.4535 599.386
600.1125 600.112 600.112 600.112 600.0615 600.036 600.036 600.0365 600.011 600.0115 600.0115 600.0115 600.0105 600.0095 600.0095 600.009 600.0085 600.0074 599.907 599.907 599.906 599.905 599.9045 599.9035 599.9025 599.9015 599.876 599.8745 599.849 599.8 599.799 599.7985 599.7985 599.798 599.7975 599.7495 599.7255 599.7255 599.702 599.703 599.703 599.704 599.7045 599.7055 599.612 599.613 599.614 599.6155 599.6176 599.619 599.5985 599.577 599.5335 599.536 599.5385 599.5415 599.4935 599.4415 599.4335 599.4175 599.4015 599.3855 599.3695 599.3521
600.008 600.008 600.008 600.0085 600.009 599.907 599.9075 599.908 599.909 599.909 599.91 599.91 599.91 599.9084 599.9084 599.9084 599.9084 599.883 599.8575 599.807 599.807 599.8065 599.8055 599.8055 599.8045 599.8035 599.753 599.728 599.7275 599.7025 599.7025 599.702 599.702 599.702 599.702 599.702 599.6065 599.6065 599.607 599.608 599.609 599.6095 599.6105 599.5885 599.5655 599.519 599.521 599.5225 599.5245 599.5265 599.484 599.4625 599.4415 599.4445 599.4475 599.45 599.4535 599.3545 599.3465 599.3305 599.3145 599.2985 599.256 599.2435
599.9035 599.9035 599.9035 599.9045 599.88 599.8285 599.804 599.805 599.806 599.8065 599.8075 599.808 599.8085 599.808 599.8075 599.808 599.808 599.783 599.708 599.7075 599.7075 599.7075 599.707 599.707 599.706 599.7055 599.6555 599.655 599.6055 599.6055 599.6055 599.6055 599.6055 599.6055 599.6055 599.606 599.535 599.511 599.512 599.513 599.514 599.515 599.516 599.4945 599.4255 599.426 599.4275 599.4295 599.4315 599.4335 599.3915 599.393 599.35 599.3535 599.3565 599.3595 599.3635 599.2905 599.2575 599.2415 599.2255 599.2095 599.167 599.1015
599.7985 599.799 599.7995 599.7495 599.7245 599.725 599.7005 599.702 599.7035 599.7045 599.7055 599.7065 599.7075 599.707 599.707 599.708 599.708 599.658 599.6085 599.6085 599.6085 599.6085 599.6085 599.6085 599.608 599.608 599.5835 599.5585 599.509 599.5085 599.5085 599.5085 599.5085 599.509 599.5095 599.463 599.4155 599.416 599.417 599.418 599.4189 599.4205 599.4215 599.377 599.3325 599.333 599.3345 599.3365 599.3395 599.3195 599.322 599.279 599.2595 599.2635 599.2665 599.27 599.2245 599.2015 599.1685 599.1525 599.1321 599.1076 599.0789 599.0424
599.694 599.6945 599.6955 599.6965 599.5955 599.596 599.5975 599.5995 599.601 599.6025 599.6035 599.605 599.606 599.606 599.6065 599.5825 599.583 599.583 599.5585 599.5095 599.5095 599.5095 599.5095 599.5095 599.51 599.51 599.4615 599.4125 599.412 599.4115 599.4115 599.4115 599.4125 599.413 599.4135 599.4145 599.3675 599.321 599.322 599.3235 599.3245 599.326 599.3275 599.3065 599.285 599.24 599.2415 599.2445 599.2475 599.228 599.1855 599.1655 599.169 599.1721 599.1691 599.1633 599.1535 599.1302 599.1011 599.0744 599.0507 599.032 598.9905 598.956
599.5635 599.5645 599.5655 599.567 599.5425 599.493 599.4945 599.4965 599.4985 599.5005 599.502 599.504 599.505 599.5055 599.506 599.4575 599.433 599.4335 599.4344 599.4095 599.4105 599.4105 599.411 599.411 599.412 599.412 599.412 599.3156 599.315 599.3145 599.315 599.3155 599.316 599.3165 599.294 599.295 599.2485 599.226 599.2275 599.2285 599.23 599.232 599.1885 599.167 599.1685 599.1475 599.1494 599.146 599.1404 599.1313 599.116 599.1021 599.0939 599.0887 599.0865 599.0695 599.0725 599.048 598.991 598.9755 598.96 598.8925 598.855 598.847
599.459 599.409 599.41 599.4115 599.3875 599.3895 599.392 599.394 599.396 599.398 599.4 599.402 599.4035 599.4045 599.405 599.357 599.3575 599.309 599.31 599.3105 599.3115 599.312 599.3125 599.313 599.3135 599.29 599.29 599.242 599.218 599.2175 599.2185 599.2195 599.2205 599.2209 599.1985 599.1525 599.1535 599.131 599.1325 599.1306 599.1253 599.118 599.1074 599.0911 599.0778 599.0693 599.0637 599.0605 599.0635 599.045 599.0025 598.984 598.9885 598.993 598.9975 598.9805 598.9415 598.915 598.903 598.8875 598.8715 598.8045 598.7465 598.7385
599.3805 599.33 599.28 599.2825 599.2845 599.2865 599.2895 599.292 599.294 599.2965 599.2985 599.3005 599.3025 599.2795 599.28 599.2815 599.2325 599.209 599.211 599.212 599.2125 599.2135 599.2145 599.215 599.167 599.1435 599.144 599.1445 599.1205 599.121 599.1205 599.116 599.1104 599.1022 599.0903 599.074 599.0613 599.0526 599.046 599.0425 599.0425 599.022 599.0245 599.0035 598.96 598.963 598.9655 598.969 598.929 598.91 598.912 598.894 598.8985 598.903 598.9075 598.9125 598.8305 598.826 598.8175 598.8025 598.7865 598.7715 598.7115 598.658
599.25 599.226 599.1765 599.179 599.182 599.184 599.187 599.19 599.1925 599.1955 599.1975 599.2 599.202 599.1545 599.1305 599.132 599.133 599.11 599.1115 599.113 599.1121 599.1084 599.1035 599.097 599.088 599.0696 599.061 599.0498 599.041 599.0341 599.0297 599.027 599.0285 599.007 599.0075 598.9855 598.94 598.942 598.9445 598.9465 598.9495 598.9065 598.885 598.888 598.8675 598.8705 598.874 598.8775 598.8815 598.7965 598.7985 598.803 598.808 598.813 598.818 598.802 598.783 598.7415 598.734 598.7205 598.7055 598.69 598.6275 598.575
599.094 599.0965 599.073 599.076 599.079 599.082 599.0845 599.0858 599.0852 599.084 599.082 599.0786 599.0736 599.0657 599.0545 599.0452 599.0368 599.03 599.0253 599.0216 599.018 599.017 599.0179 598.9955 598.996 598.973 598.926 598.9275 598.928 598.929 598.93 598.932 598.933 598.8885 598.866 598.867 598.846 598.848 598.8505 598.853 598.8555 598.8585 598.77 598.7715 598.7755 598.7785 598.782 598.786 598.7685 598.7485 598.7075 598.712 598.717 598.7225 598.7275 598.691 598.673 598.6545 598.6505 598.638 598.6235 598.609 598.594 598.4905
598.9984 598.9946 598.9921 598.99 598.9889 598.9879 598.9877 598.9874 598.989 598.992 598.9955 598.9985 598.9765 598.978 598.93 598.908 598.9105 598.912 598.914 598.916 598.9175 598.919 598.9205 598.8985 598.8515 598.828 598.829 598.831 598.8315 598.833 598.8345 598.836 598.8375 598.793 598.794 598.749 598.7515 598.754 598.7565 598.759 598.762 598.765 598.6995 598.679 598.6825 598.686 598.69 598.694 598.6765 598.6135 598.616 598.621 598.626 598.632 598.637 598.601 598.604 598.567 598.5655 598.5545 598.54 598.526 598.487 598.435
598.861 598.864 598.867 598.8705 598.874 598.8775 598.881 598.885 598.888 598.8915 598.895 598.85 598.828 598.8285 598.831 598.809 598.8115 598.8135 598.816 598.818 598.8195 598.8215 598.823 598.777 598.7305 598.731 598.733 598.7345 598.736 598.737 598.739 598.7405 598.7425 598.721 598.676 598.655 598.6575 598.66 598.6625 598.6655 598.6685 598.6275 598.5845 598.586 598.59 598.594 598.598 598.6015 598.6065 598.5655 598.5265 598.5315 598.537 598.5425 598.5485 598.535 598.5175 598.4805 598.48 598.4695 598.4555 598.417 598.358 598.3515
598.758 598.761 598.764 598.768 598.772 598.776 598.7795 598.7834 598.7875 598.791 598.794 598.798 598.7035 598.7045 598.7075 598.7105 598.7135 598.7155 598.718 598.72 598.722 598.7235 598.7255 598.704 598.6815 598.635 598.637 598.639 598.6405 598.642 598.6435 598.6455 598.6245 598.5795 598.5815 598.5605 598.5635 598.566 598.569 598.572 598.5755 598.579 598.493 598.495 598.499 598.5035 598.507 598.511 598.4955 598.477 598.4385 598.444 598.45 598.4554 598.4615 598.428 598.4115 598.3945 598.394 598.3835 598.3705 598.357 598.3015 598.2505
598.6555 598.6585 598.6625 598.6665 598.6705 598.6745 598.679 598.683 598.687 598.6905 598.6695 598.6735 598.6275 598.606 598.609 598.6125 598.6155 598.6185 598.621 598.623 598.6245 598.6265 598.6285 598.607 598.5375 598.5385 598.5405 598.543 598.545 598.5465 598.548 598.5505 598.553 598.508 598.4645 598.4675 598.4705 598.473 598.4765 598.48 598.462 598.4655 598.423 598.405 598.409 598.4135 598.4175 598.4225 598.407 598.347 598.35 598.356 598.362 598.3685 598.375 598.3416 598.3445 598.3085 598.311 598.3005 598.2885 598.2755 598.225 598.174
598.5535 598.557 598.561 598.5656 598.5695 598.574 598.578 598.583 598.587 598.5439 598.5225 598.525 598.529 598.5081 598.511 598.5145 598.5175 598.521 598.5235 598.526 598.527 598.5295 598.5315 598.534 598.442 598.443 598.4456 598.448 598.4505 598.452 598.454 598.4345 598.436 598.416 598.3725 598.3755 598.3785 598.382 598.385 598.389 598.3495 598.33 598.3325 598.3145 598.3195 598.324 598.3285 598.3335 598.339 598.259 598.2625 598.2686 598.2745 598.2815 598.288 598.275 598.2585 598.2225 598.2275 598.2225 598.211 598.154 598.126 598.098
598.4515 598.455 598.4595 598.464 598.469 598.4735 598.478 598.4825 598.487 598.4915 598.3995 598.402 598.406 598.4095 598.413 598.417 598.42 598.4235 598.427 598.429 598.4305 598.41 598.412 598.4145 598.394 598.349 598.3515 598.354 598.3564 598.359 598.361 598.3415 598.298 598.3005 598.2805 598.2835 598.287 598.2905 598.294 598.2975 598.302 598.219 598.221 598.2255 598.23 598.235 598.2395 598.245 598.2305 598.192 598.1745 598.1815 598.1875 598.194 598.201 598.169 598.1525 598.1365 598.144 598.1425 598.133 598.0765 598.027 598.022
598.3505 598.3545 598.3595 598.364 598.3685 598.373 598.3775 598.3825 598.364 598.368 598.3475 598.303 598.308 598.312 598.3155 598.3195 598.3235 598.327 598.3305 598.333 598.3355 598.2925 598.271 598.2729 598.276 598.2555 598.2574 598.2605 598.2635 598.2655 598.268 598.271 598.1845 598.186 598.1899 598.193 598.1965 598.2005 598.2045 598.1875 598.1906 598.173 598.1335 598.138 598.1415 598.1465 598.1515 598.1565 598.1219 598.1045 598.087 598.0935 598.1005 598.107 598.1145 598.1215 598.05 598.0535 598.061 598.0625 598.0545 598.022 597.9945 597.946
598.2505 598.255 598.2595 598.2645 598.2695 598.273 598.2775 598.2825 598.264 598.2215 598.199 598.204 598.209 598.2135 598.218 598.222 598.226 598.23 598.234 598.2365 598.24 598.1975 598.199 598.1565 598.1595 598.1625 598.165 598.168 598.171 598.174 598.1765 598.158 598.1155 598.0965 598.1005 598.1035 598.1075 598.1115 598.1155 598.0995 598.061 598.041 598.046 598.0505 598.0535 598.0575 598.063 598.0685 598.0334 598.0365 598.002 598.009 598.016 598.023 598.0305 598.02 597.986 597.973 597.9815 597.983 597.9755 597.944 597.8745 597.8695
598.1505 598.155 598.16 598.1655 598.1695 598.173 598.177 598.183 598.1415 598.0995 598.102 598.1075 598.1125 598.1175 598.1225 598.1265 598.131 598.1355 598.1395 598.1205 598.124 598.1265 598.1071 598.0645 598.068 598.071 598.074 598.077 598.081 598.084 598.0435 598.024 598.0035 598.007 598.0105 598.0145 598.0185 598.023 598.0275 598.032 597.9925 597.9545 597.9595 597.964 597.9675 597.9715 597.9775 597.983 597.9685 597.934 597.9205 597.9275 597.935 597.942 597.932 597.8995 597.9055 597.8935 597.902 597.9045 597.8975 597.845 597.8405 597.7985
598.051 598.056 598.061 598.0665 598.0715 598.0525 598.057 598.0615 598.0675 598.049 598.0074 598.0135 598.0185 598.0235 598.0285 598.0335 598.0375 598.042 598.0465 598.0065 597.986 597.989 597.9925 597.973 597.977 597.98 597.9835 597.9865 597.99 597.993 597.9965 597.9135 597.915 597.9185 597.923 597.927 597.931 597.9355 597.94 597.9245 597.8865 597.869 597.874 597.8785 597.8835 597.8885 597.8945 597.8815 597.847 597.852 597.8385 597.8455 597.8535 597.8615 597.833 597.8025 597.8065 597.815 597.8235 597.828 597.8235 597.7965 597.754 597.732
597.952 597.9575 597.963 597.9685 597.9735 597.9335 597.9146 597.918 597.9245 597.9305 597.9125 597.9185 597.9245 597.93 597.935 597.94 597.9445 597.949 597.9535 597.958 597.874 597.876 597.88 597.8835 597.887 597.8905 597.8945 597.898 597.901 597.9045 597.8865 597.8675 597.8275 597.832 597.836 597.8405 597.8445 597.849 597.854 597.8185 597.7805 597.783 597.789 597.794 597.8 597.8055 597.812 597.7805 597.749 597.7525 597.76 597.7675 597.7745 597.782 597.79 597.7595 597.7295 597.738 597.7469 597.754 597.752 597.7085 597.667 597.6645
597.8535 597.859 597.8645 597.87 597.8755 597.8365 597.7975 597.801 597.8075 597.8135 597.82 597.826 597.832 597.838 597.843 597.8485 597.8535 597.858 597.8625 597.8465 597.8055 597.788 597.792 597.796 597.7995 597.8035 597.8075 597.811 597.815 597.8185 597.8 597.7385 597.7405 597.745 597.7495 597.7535 597.758 597.7625 597.7675 597.7325 597.699 597.7015 597.7075 597.7135 597.7195 597.7255 597.732 597.72 597.6885 597.6765 597.684 597.692 597.699 597.7055 597.678 597.6475 597.652 597.661 597.67 597.677 597.68 597.6385 597.6035 597.601
