samples/sfe_95/sfe_95_v0/sfe_95_v0/sfe_95_v0.asc
ncols         647
nrows         184
xllcorner     100
yllcorner     8
cellsize      1
NODATA_value  -9999
[rows 0 to 27 of 184, columns 384 to 447 of 647]
608.9135 608.9105 608.9075 608.9045 608.9015 608.8979 608.8945 608.8915 608.8885 608.8855 608.8825 608.8795 608.8765 608.8735 608.8705 608.867 608.8635 608.8605 608.8575 608.8545 608.8515 608.8485 608.8455 608.8425 608.8395 608.836 608.8325 608.8295 608.8265 608.8235 608.8206 608.8176 608.8146 608.8115 608.8085 608.8051 608.8016 608.7985 608.7955 608.7925 608.7896 608.7866 608.7836 608.7805 608.7775 608.774 608.7706 608.7675 608.7645 608.7615 608.7585 608.7556 608.7526 608.7495 608.7465 608.743 608.7394 608.7365 608.7335 608.7304 608.7274 608.7244 608.7214 608.7184
608.9013 608.8984 608.8954 608.8924 608.8894 608.8859 608.8824 608.8795 608.8765 608.8735 608.8705 608.8674 608.8644 608.8616 608.8586 608.8551 608.8515 608.8485 608.8455 608.8425 608.8395 608.8365 608.8336 608.8305 608.8275 608.8239 608.8206 608.8177 608.8147 608.8117 608.8087 608.8057 608.8027 608.7997 608.7967 608.7932 608.7897 608.7866 608.7836 608.7806 608.7776 608.7747 608.7717 608.7686 608.7656 608.7621 608.7586 608.7556 608.7526 608.7496 608.7466 608.7436 608.7406 608.7373 608.7343 608.7309 608.7274 608.7244 608.7213 608.7183 608.7153 608.7123 608.7094 608.7064
608.8892 608.8864 608.8834 608.8804 608.8774 608.8738 608.8704 608.8674 608.8644 608.8615 608.8585 608.8554 608.8524 608.8496 608.8466 608.8431 608.8395 608.8365 608.8336 608.8306 608.8276 608.8246 608.8215 608.8185 608.8156 608.8119 608.8086 608.8058 608.8028 608.7998 608.7968 608.7938 608.7908 608.7878 608.7848 608.7813 608.7778 608.7747 608.7717 608.7687 608.7657 608.7628 608.7598 608.7567 608.7537 608.7501 608.7466 608.7437 608.7406 608.7376 608.7346 608.7316 608.7286 608.7252 608.7222 608.7189 608.7152 608.7122 608.7092 608.7062 608.7032 608.7002 608.6972 608.6942
608.877 608.8743 608.8713 608.8683 608.8654 608.8618 608.8583 608.8553 608.8524 608.8494 608.8464 608.8434 608.8403 608.8377 608.8347 608.8312 608.8276 608.8246 608.8216 608.8186 608.8156 608.8126 608.8096 608.8066 608.8036 608.7998 608.7966 608.7939 608.791 608.788 608.785 608.782 608.7789 608.7759 608.7729 608.7693 608.7659 608.7628 608.7598 608.7568 608.7538 608.7509 608.7479 608.7448 608.7418 608.7382 608.7347 608.7317 608.7287 608.7257 608.7227 608.7197 608.7167 608.7131 608.7101 608.7068 608.7031 608.7001 608.6971 608.694 608.691 608.688 608.6851 608.6821
608.8649 608.8623 608.8593 608.8563 608.8533 608.8497 608.8463 608.8433 608.8403 608.8373 608.8344 608.8313 608.8283 608.8257 608.8228 608.8193 608.8156 608.8126 608.8096 608.8066 608.8036 608.8007 608.7976 608.7946 608.7916 608.7878 608.7847 608.782 608.7791 608.7761 608.7731 608.7701 608.7671 608.764 608.761 608.7574 608.754 608.7509 608.7479 608.7449 608.7419 608.739 608.736 608.7329 608.7299 608.7262 608.7228 608.7198 608.7167 608.7137 608.7108 608.7078 608.7048 608.7009 608.6979 608.6948 608.691 608.688 608.685 608.6819 608.679 608.676 608.673 608.67
608.8528 608.8502 608.8472 608.8442 608.8412 608.8376 608.8343 608.8313 608.8283 608.8253 608.8223 608.8193 608.8163 608.8138 608.8109 608.8073 608.8036 608.8007 608.7976 608.7946 608.7916 608.7886 608.7856 608.7826 608.7796 608.7757 608.7728 608.7702 608.7672 608.7642 608.7612 608.7582 608.7552 608.7522 608.7492 608.7455 608.7421 608.739 608.736 608.733 608.73 608.7271 608.7241 608.721 608.718 608.7142 608.7108 608.7078 608.7048 608.7018 608.6989 608.6959 608.6929 608.689 608.6858 608.6827 608.6788 608.6758 608.6729 608.6698 608.6668 608.6638 608.6608 608.6578
608.8408 608.8382 608.8351 608.8322 608.8292 608.8256 608.8223 608.8193 608.8163 608.8133 608.8103 608.8073 608.8044 608.8019 608.7989 608.7953 608.7917 608.7887 608.7856 608.7827 608.7797 608.7767 608.7736 608.7706 608.7676 608.7637 608.7609 608.7584 608.7553 608.7523 608.7493 608.7463 608.7433 608.7404 608.7373 608.7336 608.7302 608.7271 608.7241 608.7211 608.7181 608.7151 608.7122 608.7091 608.7061 608.7023 608.6989 608.6959 608.6929 608.6899 608.6869 608.6839 608.6809 608.677 608.6736 608.6706 608.6667 608.6638 608.6607 608.6577 608.6547 608.6517 608.6487 608.6458
608.8287 608.8261 608.8231 608.8201 608.8171 608.8135 608.8102 608.8073 608.8043 608.8013 608.7982 608.7952 608.7925 608.7899 608.7869 608.7834 608.7797 608.7767 608.7737 608.7707 608.7677 608.7647 608.7617 608.7587 608.7556 608.7518 608.749 608.7465 608.7435 608.7405 608.7375 608.7345 608.7315 608.7285 608.7255 608.7217 608.7183 608.7152 608.7122 608.7092 608.7062 608.7032 608.7003 608.6972 608.6942 608.6904 608.687 608.684 608.6809 608.6779 608.6749 608.6719 608.6689 608.6651 608.6616 608.6585 608.6547 608.6516 608.6486 608.6456 608.6426 608.6396 608.6366 608.6336
608.8167 608.8141 608.8111 608.8081 608.8051 608.8015 608.7982 608.7952 608.7922 608.7892 608.7862 608.7831 608.7806 608.778 608.775 608.7715 608.7678 608.7648 608.7617 608.7587 608.7557 608.7527 608.7497 608.7467 608.7435 608.7398 608.7372 608.7346 608.7316 608.7286 608.7256 608.7227 608.7196 608.7166 608.7136 608.7098 608.7064 608.7033 608.7003 608.6973 608.6943 608.6913 608.6884 608.6853 608.6823 608.6784 608.675 608.672 608.669 608.666 608.663 608.66 608.657 608.6531 608.6494 608.6464 608.6426 608.6395 608.6365 608.6335 608.6305 608.6275 608.6245 608.6215
608.8046 608.8021 608.799 608.796 608.793 608.7894 608.7861 608.7831 608.7802 608.7772 608.7742 608.7711 608.7686 608.7661 608.7631 608.7596 608.7558 608.7528 608.7497 608.7467 608.7437 608.7407 608.7377 608.7347 608.7314 608.7278 608.7253 608.7227 608.7197 608.7167 608.7137 608.7108 608.7078 608.7047 608.7017 608.6979 608.6945 608.6914 608.6884 608.6854 608.6824 608.6794 608.6765 608.6734 608.6704 608.6664 608.6631 608.66 608.657 608.6541 608.6511 608.6481 608.6451 608.6412 608.6373 608.6342 608.6306 608.6274 608.6244 608.6213 608.6183 608.6154 608.6124 608.6094
608.7925 608.79 608.787 608.784 608.781 608.7773 608.7741 608.7711 608.7681 608.7651 608.7621 608.7591 608.7567 608.7542 608.7512 608.7476 608.7438 608.7408 608.7377 608.7347 608.7318 608.7288 608.7257 608.7227 608.7194 608.7159 608.7134 608.7109 608.7079 608.7049 608.7019 608.6989 608.6959 608.6929 608.6899 608.686 608.6825 608.6795 608.6765 608.6735 608.6705 608.6675 608.6646 608.6615 608.6584 608.6545 608.6511 608.6481 608.6451 608.6421 608.6391 608.6361 608.6331 608.6293 608.6251 608.6221 608.6185 608.6152 608.6122 608.6092 608.6062 608.6032 608.6002 608.5972
608.7805 608.778 608.7749 608.7719 608.7689 608.7653 608.7621 608.7591 608.7561 608.7531 608.7501 608.7471 608.7448 608.7422 608.7392 608.7357 608.7319 608.7289 608.7258 608.7228 608.7198 608.7168 608.7137 608.7108 608.7073 608.7039 608.7015 608.699 608.696 608.693 608.69 608.687 608.684 608.681 608.678 608.6741 608.6706 608.6676 608.6646 608.6616 608.6586 608.6556 608.6526 608.6496 608.6465 608.6426 608.6392 608.6362 608.6332 608.6302 608.6272 608.6242 608.6212 608.6173 608.613 608.61 608.6064 608.6031 608.6002 608.5971 608.5941 608.5911 608.5881 608.5851
608.7685 608.7659 608.7629 608.7599 608.7569 608.7532 608.7501 608.7471 608.7441 608.7411 608.738 608.735 608.7328 608.7302 608.7272 608.7238 608.7199 608.7169 608.7138 608.7108 608.7078 608.7048 608.7018 608.6988 608.6953 608.692 608.6897 608.6871 608.6841 608.6812 608.6782 608.6752 608.6721 608.6691 608.6661 608.6622 608.6587 608.6557 608.6526 608.6497 608.6467 608.6437 608.6407 608.6377 608.6346 608.6306 608.6273 608.6242 608.6212 608.6182 608.6152 608.6122 608.6093 608.6054 608.6009 608.5978 608.5944 608.591 608.588 608.585 608.582 608.579 608.576 608.573
608.7564 608.7538 608.7509 608.7479 608.7449 608.7411 608.738 608.735 608.732 608.729 608.726 608.723 608.7209 608.7183 608.7153 608.7118 608.7079 608.705 608.7018 608.6989 608.6959 608.6928 608.6898 608.6868 608.6832 608.68 608.6778 608.6752 608.6722 608.6693 608.6663 608.6633 608.6603 608.6572 608.6542 608.6503 608.6468 608.6438 608.6407 608.6378 608.6348 608.6318 608.6288 608.6258 608.6227 608.6187 608.6153 608.6123 608.6093 608.6063 608.6033 608.6003 608.5973 608.5934 608.5887 608.5858 608.5823 608.5789 608.5759 608.5729 608.5699 608.5669 608.5639 608.5609
608.7444 608.7418 608.7388 608.7358 608.7328 608.7291 608.726 608.723 608.72 608.717 608.7139 608.7111 608.7089 608.7064 608.7034 608.6998 608.696 608.693 608.6898 608.6868 608.6838 608.6808 608.6779 608.6749 608.6711 608.6681 608.666 608.6634 608.6604 608.6574 608.6544 608.6514 608.6484 608.6454 608.6424 608.6384 608.6349 608.6319 608.6288 608.6259 608.6229 608.6199 608.6169 608.6139 608.6108 608.6067 608.6034 608.6003 608.5974 608.5944 608.5914 608.5884 608.5854 608.5815 608.5767 608.5736 608.5703 608.5668 608.5638 608.5607 608.5577 608.5547 608.5518 608.5488
608.7323 608.7297 608.7267 608.7238 608.7208 608.717 608.7139 608.7109 608.7079 608.705 608.7019 608.6991 608.697 608.6944 608.6914 608.6879 608.684 608.681 608.6779 608.6749 608.6719 608.6689 608.6658 608.6628 608.6591 608.6562 608.6541 608.6515 608.6485 608.6455 608.6425 608.6395 608.6365 608.6335 608.6305 608.6265 608.623 608.62 608.6169 608.614 608.611 608.608 608.605 608.602 608.5989 608.5947 608.5914 608.5884 608.5854 608.5824 608.5794 608.5764 608.5734 608.5696 608.5648 608.5615 608.5582 608.5546 608.5516 608.5486 608.5457 608.5427 608.5397 608.5366
608.7203 608.7177 608.7147 608.7117 608.7087 608.705 608.7019 608.6989 608.6959 608.6929 608.6899 608.6871 608.6851 608.6825 608.6795 608.676 608.6721 608.6691 608.6659 608.6629 608.6599 608.6569 608.6539 608.6509 608.6471 608.6443 608.6422 608.6396 608.6367 608.6337 608.6307 608.6277 608.6246 608.6216 608.6187 608.6146 608.6111 608.6081 608.605 608.6021 608.5991 608.5961 608.5931 608.5901 608.587 608.5828 608.5795 608.5765 608.5735 608.5705 608.5675 608.5645 608.5615 608.5576 608.5529 608.5493 608.5462 608.5425 608.5396 608.5365 608.5335 608.5305 608.5275 608.5245
608.7082 608.7056 608.7026 608.6996 608.6967 608.6929 608.6899 608.6869 608.6839 608.6809 608.6779 608.6752 608.6731 608.6705 608.6675 608.6641 608.6601 608.6571 608.6539 608.6509 608.6479 608.6449 608.6419 608.6389 608.6351 608.6324 608.6303 608.6278 608.6248 608.6218 608.6188 608.6158 608.6128 608.6098 608.6068 608.6027 608.5992 608.5962 608.5931 608.5901 608.5872 608.5842 608.5812 608.5782 608.5751 608.5709 608.5676 608.5645 608.5615 608.5585 608.5555 608.5526 608.5496 608.5457 608.5409 608.5372 608.5341 608.5304 608.5274 608.5244 608.5214 608.5184 608.5154 608.5124
608.6962 608.6936 608.6906 608.6876 608.6846 608.6808 608.6778 608.6748 608.6718 608.6688 608.6658 608.6633 608.6611 608.6586 608.6556 608.6521 608.6481 608.6451 608.6419 608.6389 608.6359 608.6329 608.6299 608.6269 608.6232 608.6206 608.6185 608.6159 608.6129 608.6099 608.6069 608.6039 608.6009 608.5979 608.5949 608.5908 608.5873 608.5843 608.5812 608.5782 608.5753 608.5723 608.5693 608.5663 608.5632 608.5589 608.5556 608.5526 608.5496 608.5466 608.5436 608.5406 608.5376 608.5338 608.529 608.5251 608.522 608.5183 608.5153 608.5123 608.5093 608.5063 608.5033 608.5003
608.6841 608.6815 608.6785 608.6755 608.6725 608.6688 608.6658 608.6628 608.6598 608.6568 608.6537 608.6514 608.6492 608.6467 608.6437 608.6401 608.6362 608.6332 608.6299 608.627 608.624 608.621 608.618 608.6148 608.6112 608.6087 608.6066 608.6041 608.601 608.598 608.595 608.592 608.5891 608.5861 608.583 608.5789 608.5754 608.5724 608.5693 608.5663 608.5634 608.5604 608.5574 608.5544 608.5513 608.5469 608.5436 608.5406 608.5377 608.5347 608.5317 608.5287 608.5257 608.5218 608.517 608.5129 608.5099 608.5062 608.5032 608.5001 608.4971 608.4941 608.4911 608.4882
608.6721 608.6695 608.6665 608.6635 608.6605 608.6567 608.6537 608.6508 608.6478 608.6448 608.6417 608.6394 608.6373 608.6347 608.6317 608.6282 608.6242 608.6212 608.618 608.615 608.612 608.609 608.606 608.6028 608.5992 608.5969 608.5947 608.5922 608.5892 608.5862 608.5832 608.5802 608.5771 608.5742 608.5712 608.567 608.5635 608.5605 608.5574 608.5544 608.5515 608.5485 608.5455 608.5425 608.5394 608.535 608.5317 608.5287 608.5257 608.5227 608.5197 608.5167 608.5137 608.5098 608.5051 608.5008 608.4978 608.494 608.491 608.488 608.485 608.4821 608.4791 608.476
608.66 608.6575 608.6544 608.6514 608.6484 608.6447 608.6417 608.6387 608.6357 608.6327 608.6297 608.6274 608.6254 608.6228 608.6198 608.6163 608.6122 608.6093 608.606 608.603 608.6 608.597 608.594 608.5907 608.5873 608.585 608.5829 608.5803 608.5773 608.5743 608.5714 608.5684 608.5653 608.5623 608.5593 608.5551 608.5516 608.5485 608.5455 608.5425 608.5396 608.5366 608.5336 608.5305 608.5275 608.523 608.5198 608.5168 608.5137 608.5107 608.5078 608.5048 608.5018 608.4979 608.4932 608.4886 608.4857 608.482 608.4789 608.4759 608.4729 608.4699 608.4669 608.4639
608.6479 608.6454 608.6424 608.6394 608.6364 608.6327 608.6297 608.6267 608.6237 608.6207 608.6177 608.6155 608.6134 608.6108 608.6078 608.6043 608.6003 608.5973 608.5941 608.5911 608.5881 608.585 608.582 608.5787 608.5753 608.5731 608.571 608.5684 608.5654 608.5624 608.5594 608.5565 608.5535 608.5504 608.5474 608.5432 608.5397 608.5366 608.5336 608.5306 608.5276 608.5247 608.5217 608.5186 608.5156 608.5111 608.5079 608.5048 608.5018 608.4988 608.4958 608.4929 608.4899 608.486 608.4812 608.4766 608.4735 608.4699 608.4668 608.4638 608.4608 608.4578 608.4548 608.4518
608.6359 608.6334 608.6304 608.6274 608.6244 608.6206 608.6176 608.6146 608.6116 608.6086 608.6057 608.6036 608.6014 608.5989 608.5959 608.5924 608.5883 608.5853 608.582 608.579 608.576 608.5731 608.5701 608.5666 608.5634 608.5612 608.5591 608.5566 608.5536 608.5506 608.5476 608.5446 608.5416 608.5386 608.5356 608.5313 608.5278 608.5247 608.5217 608.5187 608.5157 608.5128 608.5098 608.5067 608.5037 608.4991 608.4959 608.4929 608.4899 608.4869 608.4839 608.4809 608.4779 608.4741 608.4692 608.4645 608.4614 608.4579 608.4547 608.4517 608.4487 608.4457 608.4427 608.4397
608.6239 608.6213 608.6183 608.6153 608.6123 608.6086 608.6056 608.6026 608.5996 608.5966 608.5938 608.5917 608.5895 608.587 608.584 608.5804 608.5764 608.5734 608.5701 608.5671 608.5641 608.5611 608.558 608.5545 608.5515 608.5494 608.5472 608.5447 608.5417 608.5387 608.5357 608.5327 608.5297 608.5267 608.5237 608.5193 608.5159 608.5128 608.5098 608.5068 608.5038 608.5009 608.4979 608.4948 608.4918 608.4872 608.4839 608.481 608.478 608.475 608.472 608.469 608.466 608.4621 608.4573 608.4526 608.4493 608.4458 608.4426 608.4396 608.4365 608.4335 608.4305 608.4276
608.6118 608.6093 608.6063 608.6033 608.6003 608.5966 608.5936 608.5906 608.5876 608.5845 608.5818 608.5797 608.5776 608.575 608.572 608.5685 608.5644 608.5614 608.5581 608.5551 608.5521 608.5491 608.5461 608.5425 608.5396 608.5375 608.5354 608.5328 608.5298 608.5269 608.5239 608.5209 608.5178 608.5148 608.5118 608.5074 608.504 608.5009 608.4979 608.4949 608.4919 608.489 608.486 608.4829 608.4799 608.4752 608.472 608.469 608.466 608.463 608.46 608.457 608.454 608.4501 608.4454 608.4406 608.4371 608.4338 608.4304 608.4274 608.4244 608.4214 608.4185 608.4154
608.5998 608.5972 608.5942 608.5912 608.5882 608.5845 608.5815 608.5786 608.5756 608.5725 608.5699 608.5677 608.5657 608.5631 608.5601 608.5566 608.5524 608.5494 608.5461 608.5432 608.5402 608.5371 608.5341 608.5305 608.5278 608.5256 608.5235 608.521 608.5179 608.515 608.512 608.509 608.506 608.503 608.4999 608.4955 608.4921 608.489 608.486 608.483 608.48 608.4771 608.4741 608.471 608.468 608.4633 608.4601 608.457 608.454 608.451 608.4481 608.4451 608.4421 608.4382 608.4335 608.4286 608.425 608.4218 608.4183 608.4153 608.4123 608.4093 608.4063 608.4033
608.5877 608.5851 608.5822 608.5792 608.5762 608.5725 608.5695 608.5665 608.5635 608.5605 608.5579 608.5558 608.5537 608.5511 608.5482 608.5446 608.5405 608.5375 608.5342 608.5312 608.5282 608.5251 608.5222 608.5185 608.5159 608.5138 608.5117 608.5091 608.5061 608.5031 608.5001 608.4971 608.4941 608.4911 608.4881 608.4836 608.4802 608.4771 608.4741 608.4711 608.4681 608.4651 608.4622 608.4591 608.4561 608.4513 608.4481 608.4451 608.4421 608.4391 608.4362 608.4332 608.4302 608.4263 608.4215 608.4167 608.4129 608.4097 608.4062 608.4032 608.4002 608.3972 608.3942 608.3912
