samples/sfe_95/sfe_95_v0/sfe_95_v0/sfe_95_v0.asc
ncols         647
nrows         184
xllcorner     100
yllcorner     8
cellsize      1
NODATA_value  -9999
[rows 84 to 111 of 184, columns 512 to 575 of 647]
604.7584 604.7549 604.7432 604.6384 604.5336 604.4288 604.4173 604.3606 604.2502 604.1397 604.0825 604.079 604.0756 603.9963 603.8916 603.7869 603.7415 603.6786 603.573 603.57 603.225 603.219 603.2145 602.864 602.511 602.506 602.5005 602.1345 601.7755 601.77 601.7615 601.751 601.739 601.2905 601.277 601.264 601.1745 601.0925 601.084 601.07 600.973 600.886 600.8785 600.8645 600.8495 600.7515 600.744 600.6515 600.6365 600.6225 600.4845 600.4335 600.419 600.314 600.2175 600.209 600.1935 600.086 599.989 599.983 599.9655 599.9475 599.843 599.749
604.4362 604.4326 604.4293 604.333 604.2282 604.1234 604.095 604.0383 603.9279 603.8174 603.7605 603.757 603.7535 603.6912 603.5865 603.5835 603.244 603.241 603.063 602.89 602.5439 602.5355 602.528 602.1695 601.817 601.8115 601.801 601.7905 601.429 601.3505 601.3385 601.3265 601.274 601.228 601.14 601.1255 601.031 600.9485 600.94 600.925 600.908 600.7365 600.7314 600.7165 600.7 600.643 600.551 600.496 600.48 600.3765 600.282 600.274 600.2575 600.241 600.144 600.052 600.035 600.0185 599.9175 599.826 599.8105 599.792 599.6835 599.5885
604.1139 604.1104 604.107 604.0276 603.9229 603.8181 603.7726 603.7159 603.6055 603.6025 603.2705 603.266 603.2615 603.2585 603.0855 602.913 602.572 602.5665 602.2135 602.0385 601.8625 601.8515 601.8415 601.8315 601.476 601.401 601.389 601.3395 601.262 601.2185 601.2035 601.19 601.097 601.0515 601.0035 600.987 600.969 600.803 600.7985 600.7825 600.7645 600.67 600.585 600.572 600.5545 600.4545 600.3585 600.3405 600.3235 600.3065 600.2105 600.12 600.103 600.086 599.991 599.898 599.8835 599.866 599.761 599.669 599.656 599.637 599.6165 599.4335
603.7916 603.7881 603.7847 603.7223 603.6175 603.6145 603.289 603.285 603.1125 602.9465 602.6145 602.608 602.6015 602.255 602.082 601.911 601.9015 601.891 601.538 601.5325 601.465 601.454 601.4415 601.3925 601.3515 601.2765 601.2625 601.211 601.13 601.0865 601.07 601.053 600.96 600.9515 600.87 600.851 600.833 600.7435 600.655 600.6435 600.6255 600.529 600.4365 600.4265 600.409 600.308 600.2095 600.1915 600.1735 600.1555 600.064 599.9735 599.955 599.9375 599.8345 599.7415 599.7325 599.7135 599.6085 599.599 599.5065 599.486 599.4655 599.329
603.312 603.3085 603.304 603.3 603.297 602.97 602.6425 602.6365 602.464 602.1255 601.9565 601.949 601.939 601.9285 601.526 601.5205 601.511 601.5 601.4885 601.4189 601.35 601.3395 601.251 601.2045 601.1965 601.15 601.1345 601.1175 600.9635 600.958 600.941 600.922 600.867 600.8215 600.739 600.719 600.698 600.6045 600.5165 600.5045 600.4845 600.3845 600.2925 600.2825 600.2625 600.244 600.147 600.0475 600.0285 599.969 599.8765 599.8255 599.807 599.788 599.769 599.5945 599.585 599.5655 599.505 599.4545 599.362 599.341 599.235 599.1825
602.676 602.672 602.666 602.66 602.3285 602.1635 601.9969 601.989 601.981 601.581 601.578 601.568 601.5575 601.546 601.476 601.4145 601.4045 601.3915 601.379 601.3025 601.2355 601.2255 601.2105 601.0515 601.046 601.029 601.011 600.9935 600.9075 600.8315 600.816 600.796 600.7015 600.655 600.607 600.5865 600.5645 600.543 600.375 600.3655 600.344 600.281 600.23 600.137 600.1165 600.0115 599.9595 599.9041 599.884 599.8645 599.689 599.6825 599.6625 599.643 599.583 599.533 599.442 599.422 599.3195 599.2686 599.2165 599.1955 599.1735 598.9945
602.0395 602.0365 602.0285 602.021 601.6875 601.6835 601.625 601.6155 601.606 601.5395 601.4745 601.467 601.456 601.4435 601.373 601.305 601.2985 601.284 601.2705 601.1925 601.1845 601.1115 601.0945 601.009 600.925 600.913 600.8935 600.875 600.787 600.702 600.692 600.671 600.575 600.564 600.476 600.4535 600.4305 600.367 600.2815 600.226 600.2035 600.139 600.0035 599.9926 599.971 599.8645 599.854 599.761 599.744 599.7235 599.63 599.536 599.523 599.5025 599.4415 599.3094 599.2995 599.2791 599.176 599.1655 599.0725 599.051 599.0285 598.8915
601.674 601.6695 601.661 601.652 601.6155 601.5575 601.525 601.515 601.504 601.437 601.374 601.3655 601.3535 601.3405 601.3255 601.1975 601.19 601.1755 601.126 601.115 601.042 600.995 600.9765 600.888 600.8065 600.7955 600.775 600.7545 600.662 600.5815 600.5695 600.548 600.481 600.4315 600.342 600.319 600.213 600.16 600.142 600.0855 600.0615 600.037 599.8655 599.8545 599.831 599.808 599.715 599.625 599.607 599.5854 599.4875 599.396 599.3825 599.361 599.259 599.1675 599.157 599.1365 599.074 599.0225 598.929 598.907 598.8 598.7465
601.607 601.574 601.564 601.555 601.5179 601.4585 601.426 601.415 601.4035 601.391 601.328 601.2665 601.2531 601.2045 601.1895 601.124 601.0815 601.0645 601.015 600.9365 600.9265 600.8795 600.86 600.77 600.689 600.678 600.6605 600.638 600.5795 600.499 600.452 600.427 600.36 600.2216 600.209 600.1835 600.0775 600.0635 599.9715 599.951 599.927 599.902 599.7735 599.7225 599.699 599.675 599.572 599.482 599.471 599.448 599.4255 599.334 599.243 599.2205 599.1585 599.067 599.0155 598.994 598.9315 598.7975 598.786 598.763 598.656 598.644
601.5115 601.478 601.468 601.4575 601.447 601.3875 601.329 601.3175 601.305 601.2925 601.23 601.168 601.154 601.105 601.0284 601.0155 600.9715 600.9545 600.936 600.795 600.785 600.7675 600.7475 600.7255 600.6445 600.566 600.547 600.524 600.4645 600.381 600.333 600.308 600.2815 600.0905 600.082 600.0565 600.029 599.9295 599.846 599.8255 599.799 599.6945 599.643 599.592 599.566 599.541 599.438 599.3495 599.3375 599.3135 599.291 599.1945 599.1025 599.08 599.018 598.9255 598.8735 598.8521 598.748 598.6585 598.651 598.628 598.605 598.5135
601.393 601.3845 601.3735 601.363 601.352 601.2935 601.235 601.222 601.2095 601.1395 601.077 601.07 601.055 601.0305 600.954 600.882 600.867 600.8475 600.829 600.7531 600.6795 600.662 600.6405 600.6175 600.5255 600.447 600.435 600.4095 600.3835 600.3 600.213 600.185 600.1585 600.0535 599.953 599.9344 599.907 599.807 599.712 599.698 599.6715 599.567 599.5525 599.4635 599.4375 599.4115 599.3475 599.259 599.209 599.184 599.16 599.0635 598.9625 598.94 598.9175 598.825 598.74 598.718 598.696 598.606 598.5165 598.501 598.478 598.3825
601.3 601.293 601.2815 601.27 601.232 601.1725 601.14 601.1265 601.113 601.0985 600.9775 600.97 600.954 600.9315 600.848 600.779 600.766 600.746 600.7255 600.6455 600.571 600.5555 600.5325 600.509 600.484 600.3325 600.3195 600.293 600.228 600.1775 600.0895 600.0605 600.032 599.9245 599.8285 599.8135 599.7845 599.679 599.5845 599.575 599.547 599.5195 599.4189 599.334 599.312 599.2855 599.1815 599.1305 599.0795 599.0545 599.0295 599.0055 598.9045 598.8075 598.748 598.6995 598.6145 598.5916 598.5695 598.472 598.3865 598.375 598.351 598.3275
601.209 601.2015 601.19 601.1775 601.165 601.0505 601.0435 601.03 601.0155 600.9709 600.9345 600.868 600.851 600.8305 600.746 600.679 600.6655 600.6445 600.623 600.601 600.4595 600.447 600.423 600.3615 600.3425 600.2875 600.2015 600.1735 600.0699 600.0185 599.966 599.936 599.9065 599.8765 599.711 599.6955 599.665 599.635 599.534 599.4505 599.426 599.3975 599.2915 599.2054 599.1865 599.159 599.132 598.963 598.9495 598.924 598.8595 598.841 598.78 598.683 598.5855 598.537 598.4885 598.4655 598.443 598.4205 598.2645 598.253 598.2295 598.1705
601.1145 601.1085 601.096 601.0835 601.0425 601.0085 600.946 600.9315 600.916 600.842 600.8044 600.7665 600.7485 600.73 600.708 600.5735 600.5665 600.545 600.4845 600.4675 600.416 600.336 600.3101 600.212 600.163 600.142 600.0845 600.0551 600.0255 599.8605 599.8505 599.8195 599.788 599.7205 599.6689 599.581 599.5495 599.5179 599.4105 599.325 599.305 599.2755 599.245 599.075 599.0605 599.0315 598.964 598.9115 598.8195 598.7925 598.689 598.637 598.619 598.558 598.5345 598.3745 598.367 598.344 598.321 598.264 598.2175 598.136 598.113 598.0185
601.05 601.014 601.001 600.988 600.9465 600.856 600.8485 600.8335 600.8175 600.7419 600.7335 600.6689 600.6505 600.631 600.611 600.537 600.462 600.4475 600.386 600.2925 600.2525 600.226 600.1985 600.099 600.0845 599.999 599.9745 599.944 599.9135 599.8225 599.7315 599.7105 599.678 599.609 599.483 599.467 599.4345 599.4015 599.293 599.276 599.1825 599.152 599.121 598.9865 598.9325 598.903 598.835 598.7025 598.689 598.662 598.5575 598.5445 598.458 598.438 598.4135 598.3275 598.2425 598.227 598.204 598.1465 598.0305 598.019 597.996 597.902
600.9325 600.919 600.906 600.892 600.822 600.8145 600.7535 600.738 600.7215 600.7045 600.64 600.5755 600.5555 600.5355 600.5145 600.4365 600.3645 600.349 600.3245 600.237 600.144 600.1205 600.092 600.0635 599.9775 599.896 599.871 599.8385 599.807 599.7035 599.6175 599.601 599.5665 599.533 599.443 599.35 599.3155 599.282 599.2165 599.1215 599.057 599.026 598.915 598.8195 598.804 598.7745 598.666 598.5755 598.5665 598.5395 598.513 598.4205 598.338 598.3215 598.297 598.203 598.1215 598.11 598.087 598.0645 597.9835 597.9034 597.884 597.861
600.8405 600.8275 600.8135 600.799 600.7574 600.697 600.6625 600.646 600.629 600.5835 600.5185 600.481 600.461 600.441 600.419 600.3965 600.2605 600.2485 600.223 600.1295 600.041 600.022 599.9925 599.9625 599.8705 599.788 599.7665 599.734 599.7015 599.6675 599.505 599.488 599.453 599.379 599.3235 599.2295 599.194 599.0795 599.0225 598.966 598.932 598.8995 598.867 598.7715 598.6844 598.654 598.6245 598.5285 598.448 598.425 598.398 598.301 598.222 598.2055 598.181 598.1565 598.0055 597.994 597.975 597.952 597.869 597.7925 597.7775 597.7545
600.8025 600.7375 600.7235 600.7085 600.6405 600.5795 600.571 600.5545 600.537 600.463 600.395 600.3845 600.364 600.343 600.2885 600.272 600.2215 600.145 600.1185 600.0235 599.938 599.923 599.893 599.862 599.764 599.6825 599.6655 599.6315 599.598 599.528 599.4645 599.3719 599.3354 599.222 599.1655 599.109 599.0725 599.037 598.862 598.845 598.816 598.7825 598.7135 598.6255 598.5735 598.542 598.512 598.4105 598.3295 598.311 598.2835 598.256 598.102 598.0935 598.0685 598.0445 597.9595 597.883 597.8675 597.845 597.7581 597.682 597.671 597.6485
600.6555 600.6485 600.6335 600.6185 600.55 600.4865 600.478 600.4605 600.4425 600.394 600.326 600.286 600.265 600.2426 600.188 600.1075 600.0685 600.0405 600.014 599.918 599.8365 599.8215 599.796 599.764 599.6985 599.617 599.567 599.5325 599.497 599.427 599.293 599.2555 599.219 599.104 599.0855 598.997 598.9605 598.924 598.828 598.738 598.709 598.6745 598.6045 598.515 598.463 598.431 598.399 598.2975 598.2825 598.201 598.173 598.1455 598.0615 597.9775 597.961 597.937 597.852 597.775 597.7595 597.7375 597.651 597.577 597.566 597.544
600.618 600.557 600.5415 600.5265 600.511 600.4465 600.382 600.364 600.346 600.267 600.2275 600.1875 600.165 600.1425 600.1185 600.0435 599.971 599.943 599.915 599.887 599.799 599.7265 599.7005 599.6685 599.5685 599.519 599.4685 599.4325 599.3965 599.36 599.2535 599.1475 599.11 599.0365 598.9485 598.8945 598.8565 598.8195 598.7095 598.625 598.601 598.566 598.531 598.367 598.356 598.3235 598.291 598.2255 598.177 598.095 598.066 598.039 597.95 597.8705 597.854 597.8295 597.7405 597.665 597.6535 597.6005 597.5785 597.5365 597.463 597.4415
600.53 600.466 600.448 600.432 600.36 600.3235 600.286 600.2675 600.249 600.229 600.1045 600.093 600.0705 600.047 600.023 599.9425 599.875 599.851 599.8225 599.7935 599.6995 599.6265 599.605 599.572 599.538 599.384 599.3655 599.329 599.292 599.217 599.1555 599.049 599.01 598.901 598.8465 598.792 598.753 598.7145 598.6765 598.51 598.4975 598.4605 598.425 598.3275 598.2475 598.2195 598.187 598.087 598.0375 597.989 597.96 597.932 597.905 597.76 597.7475 597.691 597.673 597.624 597.5495 597.465 597.423 597.407 597.36 597.339
600.391 600.378 600.3545 600.338 600.2655 600.257 600.1945 600.1755 600.1565 600.136 600.0425 600.0035 599.981 599.957 599.9325 599.8515 599.7745 599.76 599.73 599.7005 599.606 599.5905 599.5065 599.4725 599.4375 599.3135 599.2595 599.222 599.184 599.108 598.9705 598.9505 598.911 598.801 598.781 598.686 598.6535 598.614 598.575 598.48 598.385 598.3605 598.324 598.2255 598.133 598.116 598.083 597.9825 597.9665 597.8825 597.854 597.8255 597.765 597.693 597.641 597.585 597.5035 597.4665 597.4445 597.3605 597.35 597.2834 597.266 597.2455
600.3005 600.2875 600.2635 600.247 600.2035 600.142 600.1064 600.087 600.0675 600.019 599.953 599.9139 599.891 599.867 599.8416 599.8156 599.6795 599.664 599.6335 599.5695 599.5385 599.4885 599.4035 599.3685 599.2975 599.2075 599.1525 599.114 599.0755 599.036 598.875 598.855 598.814 598.7735 598.6715 598.5835 598.5565 598.516 598.476 598.374 598.285 598.2595 598.222 598.117 598.028 598.0105 597.977 597.91 597.8595 597.776 597.747 597.6525 597.6055 597.5865 597.535 597.5115 597.3775 597.3665 597.349 597.328 597.2585 597.1955 597.182 597.1625
600.239 600.1975 600.1765 600.1595 600.1155 600.027 600.0175 599.9985 599.9785 599.9025 599.8335 599.822 599.798 599.7735 599.716 599.69 599.6445 599.5655 599.534 599.4695 599.378 599.3605 599.3005 599.265 599.157 599.068 599.0485 599.0155 598.9765 598.9025 598.816 598.7625 598.7205 598.6795 598.577 598.4805 598.46 598.419 598.3781 598.269 598.176 598.1565 598.1185 598.0825 597.993 597.904 597.87 597.7685 597.718 597.669 597.64 597.612 597.532 597.4625 597.438 597.415 597.345 597.276 597.2625 597.242 597.173 597.1075 597.098 597.0753
600.1465 600.1075 600.0885 600.0715 600.054 599.9919 599.927 599.9075 599.887 599.8665 599.7965 599.726 599.702 599.677 599.5875 599.543 599.5215 599.4665 599.4345 599.4025 599.319 599.241 599.2055 599.169 599.132 599.0355 598.959 598.926 598.886 598.778 598.724 598.67 598.6275 598.585 598.5435 598.4535 598.359 598.318 598.24 598.2 598.143 598.0505 598.012 597.9395 597.85 597.7975 597.7635 597.7305 597.5815 597.5715 597.5425 597.5145 597.436 597.371 597.351 597.3275 597.251 597.1855 597.1755 597.1514 597.1198 597.0737 597.0371 597.0071
600.0315 600.0179 599.9985 599.9814 599.936 599.899 599.834 599.814 599.7935 599.7125 599.6425 599.6305 599.6065 599.5805 599.491 599.4771 599.4 599.374 599.342 599.3095 599.2205 599.1425 599.1185 599.0815 599.0435 598.947 598.8565 598.8365 598.795 598.687 598.666 598.573 598.5305 598.4875 598.4445 598.35 598.2555 598.2135 598.1355 598.0415 597.9845 597.9445 597.906 597.869 597.7795 597.701 597.6665 597.6335 597.5535 597.474 597.455 597.427 597.3485 597.275 597.2629 597.2339 597.1985 597.1525 597.1114 597.0806 597.0565 596.9965 596.942 596.93
599.9425 599.9315 599.9095 599.8335 599.7925 599.783 599.7405 599.72 599.699 599.677 599.5525 599.5405 599.5155 599.489 599.4625 599.3865 599.314 599.2885 599.256 599.223 599.1275 599.0555 599.031 598.994 598.9555 598.916 598.832 598.742 598.7 598.622 598.5295 598.4715 598.428 598.385 598.305 598.2095 598.1515 598.109 598.0665 597.903 597.8895 597.8495 597.81 597.742 597.6935 597.6145 597.5795 597.5465 597.456 597.3865 597.367 597.3314 597.2903 597.2388 597.1954 597.1614 597.1355 597.071 597.017 597.0015 596.9825 596.9205 596.87 596.859
599.8564 599.8455 599.8195 599.7965 599.677 599.6705 599.651 599.631 599.6095 599.56 599.522 599.455 599.4305 599.4041 599.3765 599.291 599.2235 599.2025 599.17 599.137 599.1025 598.958 598.9395 598.9015 598.828 598.799 598.7335 598.643 598.601 598.4855 598.4285 598.3705 598.326 598.282 598.2385 598.08 598.058 598.015 597.9725 597.8745 597.798 597.7645 597.725 597.6255 597.5765 597.5275 597.4918 597.448 597.3993 597.3423 597.2966 597.259 597.205 597.1665 597.104 597.0815 597.06 596.9925 596.9385 596.9265 596.9095 596.892 596.7995 596.7925
