SIN0=(0.05428905399760609,1.0,-0.99,MASK0)
SIN1=(0.06100295562924124,2.0,-0.66,MASK0)
SIN2=(0.04574635847749043,2.5,-2.79,MASK0)
SIN3=(0.016056979417867927,4.0,-0.82,MASK0)
SIN4=(0.02888042022965267,4.5,0.0,MASK0)
SIN5=(0.035083385621758945,6.0,-0.43,MASK0)
SIN6=(0.07050147122473918,7.0,0.12,MASK0)
SIN7=(0.01603836082452948,7.5,0.32,MASK0)
SIN8=(0.01949857123051974,8.5,-2.61,MASK0)
SIN9=(0.03353708553373308,9.5,0.29,MASK0)
SIN10=(0.01879312443761034,10.5,0.67,MASK0)
SIN11=(0.028177438505301425,12.0,-0.4,MASK0)
SIN12=(0.018514363398820895,12.5,2.64,MASK0)
SIN13=(0.01592614436752686,13.5,0.62,MASK0)
SIN14=(0.012190337493175918,18.5,1.28,MASK0)
SIN15=(0.006325525574306276,16.5,2.49,MASK0)
SIN16=(0.018514363398820892,12.5,2.64,MASK0)
SIN17=(0.028177438505301425,12.0,-0.4,MASK0)
SIN18=(0.018793124437610352,10.5,0.67,MASK0)
SIN19=(0.03353708553373308,9.5,0.29,MASK0)
SIN20=(0.01949857123051974,8.5,-2.61,MASK0)
SIN21=(0.01603836082452948,7.5,0.32,MASK0)
SIN22=(0.07050147122473918,7.0,0.12,MASK0)
SIN23=(0.035083385621758945,6.0,-0.43,MASK0)
SIN24=(0.028880420229652665,4.5,0.0,MASK0)
SIN25=(0.016056979417867927,4.0,-0.82,MASK0)
SIN26=(0.04574635847749044,2.5,-2.79,MASK0)
SIN27=(0.06100295562924124,2.0,-0.66,MASK0)
SIN28=(0.05428905399760609,1.0,-0.99,MASK0)

