samples/sfe_81/sfe_81_c4/sfe_81_c4/sfe_81_c4.asc
ncols         249
nrows         120
xllcorner     84.60000000149
yllcorner     40
cellsize      1
NODATA_value  -9999
[rows 0 to 27 of 120, columns 64 to 127 of 249]
606.4635 606.4495 606.4358 606.4225 606.4089 606.3953 606.3804 606.3671 606.3536 606.3401 606.326 606.3123 606.2976 606.2842 606.2698 606.2564 606.2429 606.2286 606.2149 606.2006 606.1871 606.1735 606.1592 606.1456 606.1309 606.1167 606.1023 606.0888 606.0754 606.0618 606.0473 606.0325 606.0178 606.0042 605.991 605.9762 605.9623 605.9474 605.9335 605.9192 605.9053 605.8912 605.876 605.8622 605.8484 605.8332 605.8187 605.8047 605.7903 605.7748 605.7618 605.7468 605.7326 605.7185 605.7044 605.6893 605.6755 605.6609 605.6473 605.6326 605.6191 605.6051 605.5909 605.5768
606.4345 606.42 606.4052 606.3914 606.3783 606.3646 606.3472 606.3334 606.3204 606.3067 606.2916 606.2775 606.2615 606.2469 606.2312 606.2173 606.2041 606.1882 606.1743 606.1608 606.1447 606.1313 606.1176 606.1016 606.0847 606.0695 606.0526 606.039 606.0254 606.0123 605.995 605.9781 605.9641 605.9475 605.9336 605.9175 605.9018 605.8871 605.8695 605.8545 605.8384 605.8253 605.8049 605.7916 605.7755 605.7601 605.7406 605.7274 605.7093 605.6915 605.6776 605.6614 605.6439 605.6306 605.6137 605.5969 605.5811 605.5659 605.5505 605.535 605.5211 605.5062 605.4913 605.4755
606.405 606.3916 606.3744 606.3608 606.3472 606.334 606.3179 606.3002 606.2867 606.2736 606.2595 606.2437 606.2284 606.21 606.1962 606.1788 606.1649 606.1518 606.1342 606.12 606.102 606.0887 606.0748 606.0573 606.0434 606.0229 606.0063 605.9892 605.9751 605.9619 605.9424 605.9236 605.9096 605.8902 605.8765 605.8618 605.8446 605.8253 605.809 605.7919 605.7721 605.7587 605.7338 605.7205 605.7034 605.686 605.6631 605.6498 605.6315 605.608 605.594 605.5769 605.5562 605.5428 605.5235 605.5044 605.4869 605.4708 605.4546 605.4373 605.4234 605.4073 605.3913 605.3741
606.3755 606.3623 606.3456 606.3301 606.3165 606.303 606.289 606.2669 606.2533 606.2399 606.2267 606.2088 606.1945 606.1729 606.1594 606.14 606.1265 606.1126 606.0944 606.0789 606.0615 606.046 606.0327 606.0127 605.9995 605.9767 605.9587 605.939 605.9257 605.9121 605.896 605.8771 605.8555 605.8328 605.8195 605.8062 605.7852 605.7681 605.7463 605.7286 605.7068 605.6921 605.6672 605.6497 605.6334 605.6145 605.5858 605.5718 605.5545 605.5335 605.5104 605.4956 605.4723 605.4548 605.4366 605.4131 605.393 605.3766 605.36 605.3395 605.3257 605.3085 605.291 605.2727
606.3545 606.3328 606.3196 606.2993 606.2859 606.2719 606.2587 606.2381 606.22 606.2062 606.193 606.1795 606.1608 606.1437 606.1223 606.1082 606.0877 606.0735 606.0565 606.0399 606.0246 606.0033 605.99 605.9766 605.955 605.9367 605.9131 605.8965 605.8755 605.8622 605.8488 605.8249 605.8006 605.7863 605.7625 605.7487 605.7265 605.7074 605.689 605.6645 605.6455 605.6255 605.608 605.5786 605.5628 605.5419 605.5192 605.4943 605.4805 605.4545 605.4265 605.4133 605.3909 605.3663 605.3486 605.3255 605.3033 605.2838 605.2655 605.2421 605.2279 605.2096 605.1909 605.1713
606.3281 606.3033 606.2901 606.2713 606.2551 606.2417 606.2277 606.2131 606.1866 606.1732 606.1594 606.1461 606.126 606.1104 606.085 606.0717 606.0487 606.0353 606.0215 606 605.9838 605.9615 605.9478 605.9339 605.911 605.897 605.8694 605.8484 605.8254 605.812 605.7985 605.7724 605.7501 605.7324 605.7056 605.692 605.6712 605.6498 605.6275 605.6078 605.5817 605.5593 605.5438 605.5076 605.4944 605.4724 605.4483 605.4164 605.4026 605.3738 605.3431 605.3293 605.3049 605.2785 605.2593 605.2379 605.2125 605.191 605.171 605.1473 605.1302 605.1107 605.091 605.0698
606.3011 606.2825 606.2606 606.2473 606.2242 606.2108 606.1967 606.1834 606.1583 606.1398 606.1258 606.1125 606.0952 606.077 606.0595 606.0343 606.017 605.9963 605.9828 605.9595 605.9446 605.9297 605.9055 605.892 605.8698 605.8533 605.8257 605.8043 605.7817 605.7625 605.7488 605.7292 605.707 605.6784 605.652 605.6348 605.6212 605.5942 605.5715 605.545 605.5234 605.4931 605.4794 605.4427 605.4232 605.4001 605.3768 605.3386 605.3252 605.2965 605.2645 605.2458 605.2195 605.1902 605.1726 605.1489 605.1198 605.0969 605.0759 605.0524 605.0322 605.0118 604.9908 604.9682
606.2739 606.2602 606.2313 606.2179 606.1969 606.1799 606.1666 606.1528 606.137 606.1063 606.0931 606.0792 606.0654 606.0437 606.0262 605.9971 605.9836 605.9574 605.9439 605.9304 605.9055 605.889 605.8629 605.8493 605.8358 605.8088 605.7906 605.7604 605.738 605.7125 605.6989 605.6853 605.6548 605.6237 605.6085 605.5776 605.5643 605.5355 605.5132 605.4871 605.4595 605.4365 605.4127 605.3835 605.3525 605.3335 605.307 605.2711 605.2474 605.2207 605.1901 605.1619 605.1367 605.1055 605.086 605.0587 605.0272 605.0029 604.9807 604.9575 604.9343 604.9127 604.8918 604.8679
606.2464 606.233 606.2106 606.1885 606.175 606.149 606.1356 606.1221 606.1083 606.0785 606.0596 606.0457 606.0327 606.0096 605.9929 605.9708 605.9464 605.925 605.905 605.8914 605.8651 605.848 605.8281 605.8067 605.7931 605.7644 605.7508 605.718 605.6938 605.6642 605.6489 605.6354 605.6046 605.5796 605.5554 605.5205 605.5073 605.4807 605.4546 605.4302 605.4034 605.3715 605.3461 605.3243 605.2815 605.2631 605.2352 605.2044 605.1698 605.1467 605.1156 605.0781 605.0554 605.0242 604.9993 604.9698 604.939 604.9087 604.8853 604.8615 604.8364 604.8141 604.7931 604.7687
606.2191 606.2056 606.1907 606.1591 606.1456 606.1225 606.1048 606.0913 606.0778 606.0573 606.0259 606.0126 605.9991 605.9855 605.9611 605.942 605.9091 605.8956 605.8661 605.8524 605.8339 605.8111 605.7936 605.7642 605.751 605.729 605.707 605.6796 605.6507 605.6281 605.5989 605.5855 605.5623 605.5368 605.5011 605.4742 605.4501 605.4312 605.4036 605.3726 605.3439 605.3165 605.2796 605.2618 605.2181 605.1971 605.1686 605.1353 605.0919 605.0726 605.0385 604.9956 604.9741 604.9428 604.9124 604.8838 604.8514 604.8181 604.7906 604.7659 604.7386 604.7164 604.6944 604.6694
606.1917 606.1783 606.1647 606.1387 606.1163 606.1028 606.074 606.0604 606.0469 606.0309 605.9987 605.9792 605.9656 605.952 605.9265 605.9096 605.8821 605.8583 605.8331 605.8135 605.8002 605.7711 605.7527 605.7264 605.7085 605.6949 605.6627 605.6445 605.6081 605.58 605.5491 605.5355 605.52 605.4844 605.4506 605.4307 605.3931 605.3795 605.3444 605.3192 605.2853 605.2546 605.2238 605.1998 605.1589 605.1262 605.097 605.0675 605.0231 604.9986 604.9605 604.9211 604.8928 604.8615 604.8244 604.7979 604.7637 604.7291 604.6978 604.6714 604.6416 604.6187 604.598 604.5781
606.1647 606.1509 606.1374 606.1203 606.087 606.0734 606.0481 606.0296 606.0161 606.0024 605.9775 605.9456 605.9322 605.9186 605.8998 605.8781 605.8566 605.8212 605.8075 605.7748 605.7612 605.7368 605.7164 605.6964 605.6658 605.6523 605.6218 605.6046 605.5686 605.5392 605.512 605.4858 605.4723 605.4378 605.4091 605.3783 605.34 605.3224 605.29 605.2593 605.2325 605.1974 605.1628 605.1333 605.0998 605.0553 605.0312 604.9978 604.9564 604.923 604.8875 604.8467 604.8115 604.7778 604.7386 604.7117 604.6761 604.64 604.6006 604.5205 604.4338 604.3696 604.3099 604.2443
606.1373 606.1236 606.1107 606.097 606.0667 606.0441 606.0292 605.9988 605.9852 605.9716 605.955 605.9189 605.8988 605.8851 605.8714 605.8436 605.8239 605.7935 605.7706 605.7411 605.7227 605.7083 605.6769 605.6579 605.6247 605.6098 605.5883 605.5605 605.5335 605.4998 605.4697 605.4355 605.4222 605.3954 605.3666 605.3239 605.2964 605.2654 605.2405 605.2088 605.1737 605.143 605.1063 605.0667 605.0406 604.9936 604.9633 604.9288 604.8897 604.8453 604.8129 604.7722 604.7299 604.6965 604.6573 604.6031 604.4893 604.3718 604.2524 604.1695 604.0868 604.0241 603.9698 603.9105
606.1202 606.0967 606.0832 606.0697 606.0483 606.0148 606.0012 605.9738 605.9545 605.9408 605.9277 605.8977 605.8652 605.8517 605.8384 605.8141 605.7917 605.7689 605.7333 605.7164 605.6835 605.6702 605.6396 605.6179 605.5947 605.5674 605.554 605.5161 605.4984 605.4594 605.4292 605.3945 605.3721 605.3531 605.3142 605.28 605.2529 605.2082 605.1911 605.1534 605.1217 605.0835 605.0497 605.0101 604.9797 604.9344 604.8984 604.8619 604.8224 604.775 604.7388 604.6978 604.6655 604.5161 604.3726 604.2474 604.1303 604.035 603.9042 603.8185 603.7422 603.6786 603.6298 603.5767
606.1029 606.0694 606.0557 606.0425 606.027 605.9948 605.9719 605.9549 605.9238 605.91 605.8967 605.8765 605.8392 605.8184 605.8047 605.79 605.7614 605.7401 605.7048 605.6829 605.6492 605.6314 605.6111 605.5824 605.5627 605.5251 605.5115 605.4811 605.4584 605.4225 605.3882 605.3597 605.3223 605.3089 605.2709 605.2386 605.2012 605.1622 605.1378 605.0995 605.0645 605.0308 604.9915 604.9539 604.9182 604.8752 604.8291 604.7943 604.7562 604.7083 604.636 604.4711 604.3119 604.1627 604.0132 603.8918 603.7733 603.6879 603.556 603.4675 603.3975 603.3332 603.2897 603.2429
606.077 606.0524 606.0287 606.0152 606.0015 605.9764 605.9427 605.9293 605.8994 605.8793 605.8656 605.8495 605.8179 605.7849 605.7713 605.758 605.7285 605.7083 605.6802 605.6454 605.6244 605.5925 605.579 605.5425 605.5219 605.493 605.4692 605.4476 605.4142 605.3874 605.3476 605.3147 605.277 605.2589 605.2286 605.1964 605.151 605.1187 605.0807 605.05 605.0135 604.9748 604.938 604.8961 604.8538 604.816 604.7691 604.7286 604.6512 604.4685 604.285 604.1101 603.9682 603.8092 603.6598 603.5363 603.4219 603.3226 603.2189 603.1165 603.0529 602.9877 602.9496 602.9091
606.0513 606.0355 606.0015 605.9879 605.9742 605.958 605.9229 605.8997 605.8805 605.8486 605.835 605.8215 605.7967 605.7594 605.738 605.7247 605.7044 605.6785 605.6529 605.6161 605.5949 605.5573 605.5399 605.514 605.4882 605.463 605.4265 605.4131 605.3739 605.3522 605.3115 605.275 605.2424 605.209 605.1863 605.1464 605.1096 605.0751 605.028 605.0005 604.9625 604.9228 604.8817 604.8411 604.7964 604.7569 604.7225 604.5048 604.2966 604.1132 603.9346 603.757 603.5969 603.4557 603.3063 603.1808 603.0649 602.9572 602.8821 602.7654 602.7083 602.6422 602.6096 602.5705
606.0254 606.0118 605.9846 605.9607 605.947 605.9335 605.9044 605.8705 605.8573 605.825 605.8042 605.7908 605.7728 605.7382 605.7046 605.691 605.6774 605.6441 605.6231 605.5916 605.5577 605.5325 605.5013 605.4855 605.4479 605.4269 605.3913 605.3708 605.3404 605.3122 605.2764 605.2392 605.2014 605.1595 605.144 605.1041 605.0681 605.024 604.9844 604.951 604.9089 604.8702 604.8289 604.7854 604.7408 604.5792 604.3818 604.1745 603.9459 603.7595 603.5828 603.3989 603.2359 603.1016 602.9529 602.8166 602.7006 602.5982 602.5364 602.4169 602.3583 602.2968 602.2695 602.2273
605.9996 605.9863 605.9676 605.9337 605.9198 605.906 605.886 605.8509 605.8276 605.8061 605.7736 605.7601 605.7465 605.7169 605.6796 605.6577 605.6441 605.6188 605.5928 605.567 605.5275 605.5069 605.4653 605.4489 605.4169 605.3896 605.3613 605.3282 605.3069 605.2679 605.2413 605.2005 605.1646 605.1249 605.0956 605.0618 605.0262 604.9805 604.9409 604.8959 604.8594 604.8182 604.7759 604.6945 604.4628 604.2363 604.0228 603.8359 603.6149 603.405 603.2214 603.0484 602.8779 602.7367 602.5994 602.45 602.3445 602.2407 602.1711 602.0687 602.0001 601.9513 601.9229 601.8854
605.9825 605.9601 605.9468 605.9167 605.8927 605.8788 605.8643 605.8325 605.7985 605.785 605.7505 605.729 605.7155 605.6957 605.6584 605.6243 605.6109 605.5947 605.5613 605.5378 605.5029 605.47 605.4406 605.4099 605.3884 605.3538 605.3313 605.2896 605.2722 605.2332 605.2061 605.1654 605.1254 605.0903 605.0457 605.0195 604.9796 604.939 604.8973 604.8502 604.8099 604.7677 604.5919 604.3612 604.1302 603.8986 603.6767 603.4775 603.2847 603.0554 602.8677 602.6971 602.5217 602.3618 602.2413 602.0965 601.989 601.8881 601.8058 601.7292 601.6433 601.6058 601.5763 601.5435
605.9664 605.9344 605.9211 605.8997 605.8658 605.8517 605.8383 605.8141 605.7789 605.7556 605.7317 605.6985 605.6849 605.6692 605.6371 605.5998 605.5773 605.564 605.5331 605.5065 605.4783 605.4388 605.4157 605.3734 605.3577 605.3198 605.2911 605.2596 605.2297 605.1997 605.166 605.1302 605.0898 605.05 605.0074 604.9771 604.9373 604.8976 604.8514 604.8066 604.754 604.5032 604.2595 604.0283 603.7973 603.5659 603.3342 603.1184 602.9304 602.7251 602.5137 602.3351 602.1623 602.0008 601.8865 601.743 601.6262 601.5237 601.4406 601.3849 601.286 601.2571 601.2292 601.2014
605.9493 605.9173 605.8948 605.8814 605.8489 605.8246 605.8112 605.7939 605.7606 605.7263 605.7127 605.6762 605.6539 605.6407 605.6158 605.5786 605.5439 605.5304 605.509 605.4789 605.4515 605.4142 605.382 605.3486 605.3189 605.2913 605.2595 605.2296 605.1879 605.1662 605.126 605.0952 605.0544 605.0129 604.9728 604.9323 604.8949 604.856 604.8099 604.6815 604.4314 604.1821 603.9313 603.6955 603.4645 603.2333 603.001 602.7741 602.5733 602.383 602.1655 601.976 601.8115 601.6449 601.505 601.3878 601.2576 601.1594 601.0676 601.0196 600.9322 600.904 600.8816 600.8592
605.9261 605.9011 605.8691 605.8557 605.8319 605.798 605.7835 605.77 605.7422 605.707 605.6836 605.6573 605.6234 605.6097 605.5908 605.5573 605.52 605.4973 605.4835 605.4474 605.4231 605.3896 605.3501 605.3238 605.2814 605.2628 605.2227 605.1959 605.1579 605.1312 605.0925 605.06 605.0193 604.9784 604.9356 604.8899 604.8526 604.8127 604.62 604.3503 604.0978 603.8611 603.6103 603.3635 603.1316 602.9001 602.669 602.4363 602.2145 602.0249 601.8353 601.6224 601.45 601.2828 601.1266 601.0256 600.8891 600.7972 600.7081 600.6543 600.5813 600.5523 600.5336 600.5169
605.9061 605.8849 605.8521 605.8298 605.8149 605.781 605.7565 605.7429 605.7238 605.6886 605.6542 605.6385 605.6018 605.5789 605.5653 605.5361 605.4988 605.4636 605.4503 605.4233 605.3939 605.3651 605.3255 605.2942 605.2567 605.2274 605.1942 605.1614 605.1279 605.0887 605.059 605.0196 604.9841 604.9434 604.8999 604.8553 604.8165 604.5706 604.2889 604.0232 603.7645 603.5167 603.2892 603.0385 602.7992 602.5681 602.3361 602.1043 601.872 601.6683 601.4786 601.2756 601.0857 600.9257 600.768 600.6548 600.5332 600.4358 600.3468 600.2891 600.2334 600.2035 600.1863 600.174
605.886 605.8624 605.8359 605.8039 605.7903 605.764 605.7302 605.7156 605.7015 605.6702 605.6351 605.6114 605.5829 605.5483 605.5345 605.5148 605.4775 605.4402 605.4168 605.3992 605.3618 605.3359 605.3009 605.2614 605.2318 605.1895 605.1657 605.1256 605.0979 605.0562 605.0255 604.9853 604.949 604.9083 604.8648 604.8275 604.5198 604.2369 603.9506 603.7019 603.4264 603.1862 602.958 602.7174 602.4677 602.2352 602.0037 601.7721 601.5394 601.312 601.1198 600.9308 600.731 600.5647 600.4059 600.2733 600.1722 600.0672 599.9825 599.7025 599.777 599.1995 599.0984 598.578
605.8659 605.8423 605.8197 605.7868 605.7646 605.7471 605.7132 605.6884 605.6747 605.6519 605.6167 605.582 605.5641 605.5274 605.5039 605.4888 605.4563 605.419 605.3832 605.3699 605.3377 605.3076 605.2764 605.2368 605.2062 605.1647 605.1364 605.0971 605.0629 605.0262 604.9904 604.9518 604.9139 604.8732 604.7879 604.4862 604.1681 603.8874 603.6149 603.3304 603.1013 602.8328 602.6025 602.3889 602.1456 601.9034 601.6713 601.4394 601.2076 600.9746 600.7632 600.5738 600.385 600.2004 600.0439 599.3705 598.926 598.725 598.492 598.442 598.317 598.321 598.2445 597.981
605.8458 605.8222 605.799 605.7706 605.7386 605.725 605.6962 605.6623 605.6476 605.631 605.5983 605.5631 605.5392 605.5085 605.4731 605.4595 605.4351 605.3978 605.3605 605.3364 605.3136 605.2791 605.2504 605.2123 605.1727 605.1399 605.0975 605.0686 605.0306 604.9962 604.9545 604.9183 604.8781 604.7822 604.4365 604.1216 603.8437 603.534 603.255 602.9921 602.7401 602.5025 602.2706 602.0457 601.8196 601.5737 601.3392 601.1073 600.8751 600.6427 600.4099 600.2145 600.0435 599.199 598.4495 598.446 598.4735 598.299 598.265 598.2375 598.1395 598.2766 598.415 598.3245
605.8257 605.8021 605.7785 605.7545 605.7216 605.6993 605.6792 605.6453 605.6202 605.6068 605.5799 605.5447 605.5099 605.4897 605.453 605.4287 605.4105 605.3765 605.3392 605.3029 605.2895 605.252 605.2219 605.1877 605.1481 605.1151 605.0728 605.0402 605 604.9648 604.9245 604.8848 604.7938 604.4444 604.0939 603.7598 603.4553 603.1855 602.9086 602.6415 602.372 602.1589 601.9057 601.691 601.4846 601.2504 601.0076 600.775 600.543 600.3109 600.0779 599.519 598.66 598.466 598.2939 598.4065 598.5475 598.451 598.3275 598.192 598.189 598.243 598.2735 598.4385
