samples/sfe_81/sfe_81_c4/sfe_81_c4/sfe_81_c4.asc
ncols         249
nrows         120
xllcorner     84.60000000149
yllcorner     40
cellsize      1
NODATA_value  -9999
[rows 28 to 55 of 120, columns 128 to 191 of 249]
598.463 598.45 598.5525 598.433 598.41 598.366 598.218 598.072 598.0465 598.0235 597.851 597.689 597.5405 597.6705 597.62 597.597 597.7995 597.54 597.298 597.5345 597.6151 597.504 597.597 597.7465 597.858 598.033 598.4335 599.112 599.6783 599.9201 600.1979 600.4743 600.8033 601.1321 601.4353 601.8104 602.1604 602.5251 602.8022 603.1125 603.4376 603.7509 604.05 604.2311 604.2385 604.243 604.2454 604.2523 604.2585 604.2617 604.2631 604.265 604.2666 604.2604 604.2584 604.262 604.2654 604.2547 604.2551 604.2579 604.251 604.2474 604.248 604.2481
598.6335 598.5865 598.4825 598.487 598.611 598.54 598.4 598.3975 598.2345 598.252 598.093 597.7635 597.835 597.9505 597.879 597.8295 597.7965 597.692 597.4355 597.4965 597.463 597.409 597.5255 597.46 597.694 597.7625 597.596 598.0375 598.487 599.421 599.7949 600.1064 600.4456 600.7728 601.1509 601.5025 601.888 602.1696 602.4865 602.829 603.1456 603.4427 603.7577 604.05 604.2187 604.2236 604.2288 604.2356 604.2399 604.2447 604.2452 604.2477 604.2505 604.2412 604.2448 604.2482 604.2476 604.2399 604.2427 604.2452 604.2345 604.235 604.2357 604.2347
598.7555 598.7425 598.669 598.7865 598.8495 598.6755 598.5056 598.5105 598.399 598.4463 598.4835 598.3235 598.1435 597.9645 597.8694 597.741 597.667 597.58 597.434 597.5565 597.496 597.4745 597.633 597.5605 597.651 597.5395 597.381 597.744 597.9715 598.4215 599.4016 599.7532 600.1133 600.4913 600.8552 601.2509 601.539 601.881 602.2155 602.5381 602.8749 603.184 603.4799 603.7582 604.046 604.2054 604.2122 604.2189 604.2225 604.2264 604.2304 604.2316 604.2291 604.2275 604.231 604.2345 604.2268 604.2275 604.2303 604.2258 604.2222 604.2228 604.2229 604.2168
598.9375 599.019 599.0425 598.949 598.7575 598.8585 598.928 598.8795 598.8355 598.8455 598.6445 598.562 598.5475 598.2045 597.892 597.7675 597.846 597.688 597.5835 597.7345 597.512 597.5025 597.696 597.66 597.4905 597.4955 597.506 597.492 597.754 598.0665 598.44 599.5295 599.8318 600.2086 600.6058 600.9081 601.2845 601.6327 601.9396 602.3033 602.6291 602.9091 603.219 603.5026 603.769 604.0392 604.1956 604.2016 604.2075 604.2092 604.2128 604.2156 604.2103 604.2138 604.2173 604.2197 604.2123 604.2151 604.218 604.2093 604.2099 604.2105 604.212 604.1989
598.998 598.9465 599.114 599.05 598.8375 599.0605 599.12 598.985 598.964 598.905 598.721 598.7415 598.855 598.4695 598.223 598.158 598.144 597.89 597.627 597.611 597.467 597.549 597.594 597.41 597.305 597.4675 597.659 597.6071 597.6395 597.7285 597.959 598.316 599.594 599.9592 600.3143 600.6837 601.0262 601.3907 601.7297 602.06 602.3399 602.6926 602.9592 603.2245 603.5132 603.7863 604.0364 604.1836 604.1897 604.1937 604.1967 604.1979 604.1966 604.2001 604.2036 604.199 604.2 604.2028 604.2005 604.197 604.1976 604.1982 604.1945 604.1843
599.1115 599.0855 599.158 599.2045 599.3755 599.265 599.111 599.1065 599.0535 599.1985 599.1135 598.8435 598.724 598.664 598.464 598.351 598.3555 598.0556 597.7665 597.6965 597.613 597.6075 597.705 597.556 597.3725 597.4625 597.719 597.5615 597.522 597.7405 597.745 598.0735 598.912 599.7195 600.0974 600.4554 600.8418 601.1818 601.4894 601.8237 602.1492 602.4154 602.7255 603.0029 603.2773 603.5377 603.8092 604.0593 604.1724 604.1779 604.1806 604.1794 604.1829 604.1864 604.1899 604.1848 604.1876 604.1904 604.1841 604.1847 604.1853 604.1863 604.1765 604.1733
599.1055 599.2965 599.331 599.354 599.6285 599.4585 599.7115 599.8355 599.8192 599.8032 599.65 599.2865 598.9164 598.7995 598.586 598.433 598.3425 598.0105 597.808 597.871 597.751 597.676 597.674 597.4495 597.3484 597.4925 597.706 597.467 597.352 597.505 597.5555 597.9755 598.4725 599.543 599.9065 600.2753 600.6339 600.9446 601.3071 601.6058 601.892 602.2053 602.5124 602.7682 603.0389 603.3147 603.5621 603.7645 604.0475 604.1617 604.1646 604.1656 604.1691 604.1727 604.1711 604.1724 604.1752 604.1751 604.1718 604.1724 604.173 604.1721 604.1622 604.1622
599.482 599.4135 599.4666 599.5625 599.8625 599.8701 599.8521 599.8334 599.8169 599.8012 599.785 599.7695 599.269 598.962 598.534 598.5135 598.542 598.1165 597.9645 598.0715 597.8477 597.738 597.6585 597.505 597.444 597.622 597.6775 597.456 597.4235 597.4515 597.379 597.8215 598.365 599.101 599.7274 600.0698 600.4285 600.784 601.0619 601.4012 601.7004 602.0116 602.2687 602.5403 602.8311 603.0565 603.2136 603.4696 603.7715 604.0861 604.1484 604.1519 604.1555 604.1589 604.1572 604.16 604.1628 604.1589 604.1595 604.1601 604.1605 604.1541 604.1511 604.1512
599.5905 599.6045 599.926 600.0018 599.8888 599.8693 599.8497 599.8332 599.8163 599.7983 599.7809 599.7654 599.5435 599.0725 598.6225 598.6335 598.684 598.2785 597.964 597.9455 597.9925 597.7975 597.7295 597.66 597.4245 597.444 597.552 597.4375 597.4695 597.4875 597.353 597.7175 598.033 598.3215 599.5565 599.9124 600.2524 600.5676 600.8974 601.21 601.5032 601.77 602.0574 602.3342 602.5508 602.7453 602.8917 603.1748 603.5049 603.7064 604.0668 604.1382 604.1417 604.1432 604.1449 604.1477 604.1498 604.1466 604.1472 604.1478 604.1496 604.14 604.1401 604.1373
599.882 600.0116 600.1792 600.33 600.2153 600.0762 599.9372 599.8312 599.8116 599.7945 599.7782 599.7617 599.745 599.313 598.869 598.7275 598.8025 598.3805 597.9725 598.0291 598.173 597.863 597.7525 597.8325 597.7145 597.482 597.34 597.341 597.498 597.47 597.481 597.6345 597.625 598.081 599.205 599.7341 600.0768 600.398 600.7194 600.9998 601.2817 601.5747 601.8286 602.0452 602.2545 602.3734 602.5969 602.9083 603.1009 603.335 603.6891 604.1195 604.128 604.1297 604.1325 604.1353 604.1337 604.1343 604.1349 604.1355 604.1318 604.129 604.129 604.1231
600.1022 600.3043 600.4882 600.6427 600.5679 600.4288 600.2897 600.1507 600.0116 599.8726 599.7736 599.7557 599.7395 599.3085 598.8925 598.8265 598.8775 598.48 598.0984 598.1755 598.313 597.961 597.706 597.6845 597.726 597.5955 597.4659 597.5755 597.6155 597.434 597.489 597.558 597.496 598.032 598.6411 599.5861 599.9075 600.2289 600.506 600.8001 601.0892 601.3229 601.5396 601.7563 601.9147 602.0189 602.308 602.5262 602.6281 602.9636 603.3338 603.6722 604.1175 604.1173 604.1201 604.1229 604.1214 604.122 604.1226 604.1245 604.1179 604.1179 604.1165 604.1119
600.4153 600.5969 600.7971 600.9543 600.9204 600.7814 600.6423 600.5032 600.3641 600.2251 600.0861 599.947 599.8079 599.6585 599.1145 598.788 598.635 598.5665 598.551 598.27 598.1815 598.1665 598.028 597.7595 597.551 597.6563 597.59 597.592 597.5655 597.3225 597.4995 597.508 597.5576 597.9635 598.3205 599.2635 599.7309 600.0244 600.3184 600.6006 600.8173 601.034 601.2507 601.4304 601.5331 601.7241 602.011 602.1036 602.2317 602.5482 602.9316 603.1998 603.6988 604.1047 604.1078 604.1085 604.1091 604.1097 604.1104 604.1094 604.1069 604.1069 604.1023 604.1007
600.7283 600.9326 601.1017 601.2633 601.2729 601.1339 600.9948 600.8558 600.7167 600.5776 600.4386 600.2995 600.1605 599.8114 599.3865 599.0925 598.7255 598.6591 598.7475 598.3535 598.0685 598.0435 598.096 597.899 597.5925 597.731 597.6219 597.563 597.644 597.5405 597.5985 597.447 597.382 597.6235 597.9319 598.4455 599.5428 599.8328 600.095 600.3117 600.5284 600.7451 600.9395 601.0745 601.1516 601.4448 601.5475 601.6345 601.8603 602.1929 602.3306 602.746 603.2296 603.7429 604.0954 604.0962 604.0968 604.0974 604.0987 604.0958 604.0958 604.0956 604.0911 604.0895
601.0414 601.2543 601.3943 601.5723 601.6255 601.4865 601.3474 601.2083 601.0693 600.9302 600.7911 600.6521 600.3642 599.9597 599.5205 599.151 598.722 598.7485 598.674 598.3465 598.3035 598.142 597.908 597.9885 598.0325 597.795 597.7085 597.5895 597.3995 597.549 597.532 597.317 597.3045 597.419 597.6465 598.119 599.1885 599.5895 599.8061 600.0228 600.2394 600.4487 600.6062 600.6929 600.8513 601.0324 601.1063 601.1534 601.4072 601.6852 601.8358 602.3164 602.658 603.1804 603.7838 604.0839 604.0845 604.0851 604.087 604.0847 604.0848 604.0814 604.0799 604.0783
601.3403 601.5674 601.687 601.8812 601.978 601.839 601.7 601.5609 601.4218 601.2828 601.1437 600.9169 600.5125 600.1393 599.6812 599.186 598.7615 598.8425 598.832 598.6295 598.6165 598.33 597.983 598.1015 598.2435 597.901 597.814 597.6725 597.336 597.498 597.6 597.514 597.53 597.6225 597.674 597.998 598.6975 599.0525 599.5172 599.7338 599.9505 600.1154 600.2343 600.3113 600.5172 600.5689 600.6373 600.757 601.0241 601.0929 601.3636 601.6636 602.1469 602.5336 603.1574 603.8003 604.0723 604.0729 604.0736 604.0737 604.0737 604.0703 604.0687 604.0671
601.6273 601.8804 602.0934 602.1901 602.3306 602.1915 602.0525 601.9134 601.7744 601.6353 601.4697 601.0654 600.7225 600.2812 599.8622 599.446 598.91 598.849 598.749 598.625 598.629 598.5765 598.2465 598.2285 598.3265 598.134 598.0505 597.745 597.437 597.433 597.3695 597.5085 597.4855 597.5446 597.7565 597.8885 598.2305 598.466 599.2045 599.483 599.6246 599.7756 599.8527 599.9814 600.0537 600.109 600.1682 600.267 600.4388 600.5048 600.8239 601.1026 601.4588 601.98 602.4708 603.1069 603.8718 604.0627 604.0626 604.0626 604.0606 604.0591 604.0575 604.0521
602.0168 602.1755 602.4064 602.4844 602.6548 602.5441 602.405 602.266 602.1269 601.9879 601.6182 601.2838 600.8812 600.4945 600.1072 599.7195 599.235 599.1445 599.0225 598.8865 598.704 598.4975 598.331 598.382 598.32 598.064 598.0745 597.844 597.6775 597.712 597.455 597.459 597.4055 597.4395 597.5775 597.548 597.688 597.8925 598.3806 598.5435 599.0565 599.326 599.4711 599.5385 599.5902 599.64 599.6788 599.7777 599.8535 599.9813 600.0977 600.3718 600.7418 601.1346 601.731 602.4955 603.2074 603.9924 604.0515 604.0516 604.0494 604.0479 604.0463 604.0419
602.362 602.525 602.7195 602.8172 602.9653 602.8967 602.7576 602.6185 602.4794 602.1711 601.845 601.4811 601.1268 600.7689 600.3842 600.0105 599.6362 599.2975 599.031 598.9115 598.912 598.6875 598.5695 598.657 598.3665 598.2426 598.163 597.881 597.9375 597.7795 597.6255 597.5195 597.2395 597.426 597.6285 597.439 597.4105 597.5985 597.8075 597.9955 598.268 598.5625 598.6565 598.736 598.659 598.742 599.0569 599.2115 599.2815 599.3045 599.4075 599.6128 599.9745 600.3693 601.0865 601.7984 602.5943 603.3575 604.0395 604.0398 604.0382 604.0367 604.0328 604.0317
602.7134 602.9019 603.0106 603.2455 603.2742 603.2492 603.1101 602.9711 602.7239 602.407 602.0811 601.7592 601.4246 601.049 600.7044 600.3271 600.0219 599.7402 599.5389 599.281 599.2275 598.932 598.6795 598.6585 598.4775 598.4795 598.5015 598.298 598.2255 597.88 597.7235 597.5565 597.2565 597.4585 597.6645 597.436 597.4255 597.6735 597.784 597.922 597.949 597.976 598.0775 598.1825 598.186 598.3715 598.5085 598.4565 598.7075 598.6975 598.791 599.034 599.0575 599.6682 600.3986 601.2373 601.9808 602.7513 603.5137 604.0286 604.027 604.0255 604.0226 604.0214
603.0867 603.2482 603.4154 603.5585 603.5745 603.6017 603.4626 603.2767 602.9695 602.6811 602.3915 602.0664 601.7137 601.3983 601.0179 600.7039 600.4216 600.1503 599.9101 599.7021 599.582 599.3605 598.8705 598.925 599.0081 598.713 598.601 598.596 598.3935 598.1635 597.8405 597.577 597.521 597.5342 597.6375 597.41 597.296 597.449 597.6945 597.7345 597.766 597.7795 597.871 597.943 598.0355 598.1395 598.175 598.359 598.5065 598.6 598.5699 598.5655 598.944 599.311 599.8802 600.6731 601.57 602.2545 603.0157 603.6616 604.0159 604.0136 604.0124 604.0112
603.4396 603.6154 603.787 603.9064 603.999 603.9543 603.8152 603.532 603.2811 603.0238 602.7083 602.3784 602.0922 601.7087 601.386 601.1028 600.8012 600.5435 600.3157 600.1118 599.9647 599.8074 599.6924 599.5515 599.5875 599.033 598.7005 598.5375 598.3435 598.091 597.995 597.8815 597.6555 597.479 597.5023 597.4195 597.3505 597.546 597.6935 597.589 597.665 597.7215 597.794 597.8385 597.916 597.9709 597.9025 598.0665 598.134 598.23 598.4555 598.6436 598.87 599.19 599.5265 600.3505 601.1742 601.9217 602.5582 603.1683 603.7899 604.0034 604.0022 604.001
603.788 603.9886 604.1437 604.3015 604.3959 604.3068 604.0946 603.881 603.642 603.3501 603.0432 602.7637 602.3992 602.0724 601.7842 601.4694 601.196 600.9372 600.6687 600.5214 600.3379 600.2149 600.08 599.9015 599.7649 599.6099 599.336 598.7575 598.663 598.335 598.021 597.888 597.765 597.6755 597.6785 597.4445 597.254 597.5165 597.6905 597.6345 597.6885 597.743 597.6516 597.754 597.8455 597.752 597.9435 597.955 598.065 598.1485 598.342 598.533 598.545 598.9715 599.4462 600.2405 600.8824 601.6083 602.2921 602.8279 603.3637 603.9053 603.9919 603.9907
604.1343 604.3433 604.5173 604.6721 604.6051 604.5079 604.4225 604.254 603.9919 603.7079 603.4285 603.0895 602.7626 602.4664 602.158 601.8392 601.5592 601.2964 601.0783 600.921 600.7344 600.6085 600.4135 600.249 600.094 599.924 599.6113 599.509 599.085 598.6415 598.2815 598.202 597.886 597.6275 597.642 597.495 597.3543 597.485 597.5565 597.4265 597.4675 597.5135 597.4655 597.6915 597.8935 597.8805 598.0275 597.9355 598.0485 598.1315 598.299 598.426 598.5225 599.1255 599.4267 600.1514 600.7809 601.3497 601.9935 602.5343 603.0004 603.478 603.9556 603.98
604.4667 604.6922 604.7157 604.6624 604.6089 604.549 604.4824 604.4159 604.359 604.0932 603.7798 603.4529 603.1484 602.848 602.5184 602.2175 601.956 601.6429 601.488 601.2599 601.137 600.9684 600.7288 600.5868 600.4087 600.1252 599.8125 599.5023 599.4955 598.8345 598.4645 598.4015 598.116 597.7155 597.438 597.5635 597.6175 597.6025 597.585 597.5545 597.5765 597.6165 597.495 597.652 597.7765 597.6915 597.92 597.8824 597.7855 598.101 598.3825 598.4835 598.5365 598.994 599.4113 600.0556 600.6987 601.1744 601.652 602.1631 602.73 603.1964 603.621 603.9708
604.775 604.7256 604.6724 604.6191 604.5725 604.5258 604.4792 604.4325 604.3859 604.3392 604.1432 603.8305 603.538 603.1816 602.876 602.5862 602.2771 602.0449 601.8359 601.6614 601.5235 601.2211 601.0709 600.892 600.6392 600.3265 600.0138 599.701 599.4886 599.1065 598.485 598.1885 598.1125 597.819 597.4555 597.606 597.591 597.394 597.4105 597.4295 597.4225 597.4294 597.4225 597.6425 597.816 597.777 597.921 597.8095 597.695 598.0625 598.248 598.2665 598.548 599.1435 599.4042 599.9711 600.5379 601.1047 601.59 602.0147 602.44 602.8655 603.2909 603.7275
604.752 604.7111 604.668 604.6249 604.5818 604.5387 604.4956 604.4525 604.4094 604.3663 604.3232 604.228 603.8723 603.5286 603.233 602.936 602.6285 602.4517 602.182 602.0532 601.7653 601.5549 601.3752 601.1531 600.8404 600.5277 600.215 599.9023 599.5896 599.389 598.4935 598.221 597.969 597.789 597.5585 597.6595 597.6005 597.3505 597.4665 597.5775 597.453 597.352 597.5175 597.723 597.681 597.6275 597.6735 597.6945 597.6995 598.0165 598.2975 598.3845 598.4925 599.123 599.4794 599.9838 600.4204 600.9019 601.3833 601.8648 602.294 602.6686 603.0821 603.4146
604.7272 604.6873 604.6473 604.6071 604.5665 604.526 604.4885 604.4517 604.4148 604.3779 604.3411 604.3042 604.207 603.8915 603.596 603.2616 603.0114 602.7509 602.5817 602.3181 602.0324 601.884 601.6671 601.3544 601.0416 600.7289 600.4163 600.1035 599.7908 599.4781 598.692 598.5505 598.258 598.0295 597.741 597.7185 597.7795 597.6625 597.55 597.444 597.5515 597.6516 597.5565 597.495 597.6275 597.7275 597.789 597.854 597.7896 598.018 598.219 598.245 598.401 599.0785 599.5206 600.002 600.4835 600.8954 601.3673 601.7372 602.1509 602.5838 602.9032 603.2087
604.7197 604.6833 604.6468 604.6104 604.5739 604.5377 604.5018 604.4659 604.4301 604.3942 604.3584 604.3225 604.2867 604.2485 603.9166 603.6141 603.3666 603.1078 602.8732 602.5733 602.3768 602.174 601.8683 601.5556 601.2429 600.9302 600.6175 600.3047 599.9114 599.502 598.799 598.628 598.2335 598.0615 598.018 597.8625 597.67 597.6795 597.7655 597.487 597.5165 597.737 597.516 597.5315 597.6365 597.586 597.6305 597.6935 597.862 598.0875 598.223 598.3635 598.6085 599.243 599.5942 600.0599 600.4664 600.8995 601.3326 601.7211 602.0267 602.3322 602.6844 603.062
