samples/sfe_81/sfe_81_c4/sfe_81_c4/sfe_81_c4.asc
ncols         249
nrows         120
xllcorner     84.60000000149
yllcorner     40
cellsize      1
NODATA_value  -9999
[rows 56 to 83 of 120, columns 64 to 127 of 249]
605.3534 605.3264 605.2994 605.2725 605.2455 605.2185 605.1945 604.941 604.5521 604.1492 603.7598 603.3704 602.9926 602.5296 602.0714 601.5334 601.0369 600.5223 600.046 599.823 599.6645 599.7245 599.737 599.5075 599.594 599.506 599.239 599.4085 599.55 599.4431 599.397 599.3745 599.442 599.2845 599.025 599.2465 599.4315 599.392 599.3565 599.308 599.262 599.46 599.607 599.515 599.569 599.887 600.2865 600.6711 601.0471 601.4172 601.7584 602.1279 602.4829 602.8139 603.1281 603.457 603.7922 604.1296 604.4639 604.7993 604.8447 604.8113 604.7779 604.7446
605.35 605.322 605.2938 605.2657 605.2376 605.2095 604.9774 604.6439 604.3271 603.9987 603.5573 603.1072 602.7007 602.3113 601.915 601.4196 600.915 600.465 599.804 599.813 599.923 599.6995 599.6195 599.514 599.306 599.4725 599.5975 599.4164 599.4265 599.4195 599.2385 599.257 599.3995 599.315 599.106 599.1875 599.2155 599.405 599.5565 599.5065 599.444 599.4326 599.497 599.535 599.7965 600.1695 600.5544 600.9487 601.3477 601.7243 602.0944 602.4353 602.8087 603.1611 603.4922 603.8113 604.1451 604.4799 604.8172 604.8612 604.8279 604.7947 604.7626 604.7305
605.3404 605.3123 605.2842 605.256 605.228 605.0541 604.7266 604.3793 604.0458 603.7126 603.3989 603.0078 602.5632 602.11 601.6624 601.2523 600.8027 600.3505 599.7425 599.868 600.004 599.709 599.5925 599.525 599.2655 599.4775 599.6535 599.384 599.3695 599.366 599.2805 599.4535 599.5175 599.3665 599.2895 599.446 599.2975 599.4035 599.5345 599.405 599.5315 599.6935 599.791 599.9 600.1815 600.4333 600.8465 601.2432 601.6285 602.0244 602.4058 602.7717 603.1122 603.4896 603.8392 604.1703 604.4957 604.8332 604.8788 604.8478 604.8168 604.7858 604.7549 604.7239
605.3307 605.3026 605.2745 605.2464 605.0834 604.7924 604.5176 604.1955 603.8375 603.4478 603.1143 602.7848 602.4456 602.017 601.5692 601.1136 600.6652 600.202 599.8365 599.9335 599.879 599.765 599.582 599.399 599.424 599.5605 599.461 599.271 599.4065 599.3715 599.3175 599.5365 599.5355 599.4905 599.5465 599.456 599.2335 599.4495 599.701 599.5045 599.4525 599.6305 599.682 599.9705 600.319 600.7067 601.1431 601.5471 601.932 602.3196 602.7004 603.0941 603.4489 603.7892 604.1682 604.5173 604.8485 604.8986 604.8676 604.8367 604.8057 604.7748 604.7438 604.7129
605.3159 605.2878 605.2597 605.1411 604.8618 604.5596 604.2614 603.9803 603.6757 603.3335 602.9484 602.5406 602.1827 601.8569 601.4545 601.0262 600.5751 600.0485 599.72 599.668 599.5955 599.54 599.5375 599.578 599.4805 599.359 599.3985 599.4535 599.531 599.377 599.212 599.304 599.31 599.3015 599.4705 599.438 599.2385 599.526 599.8115 599.6415 599.6225 599.8555 599.784 600.1475 600.4889 600.9457 601.4021 601.8527 602.2477 602.634 603.0112 603.3868 603.7758 604.126 604.4661 604.8451 604.9167 604.8895 604.8607 604.8318 604.803 604.7742 604.7453 604.7165
605.3075 605.277 605.1568 604.8922 604.6276 604.3693 604.0381 603.7376 603.444 603.1649 602.8004 602.4435 602.0585 601.6515 601.2512 600.8925 600.4915 599.888 599.6895 599.56 599.5835 599.6345 599.4775 599.5205 599.5975 599.4705 599.3945 599.3145 599.409 599.381 599.283 599.455 599.507 599.3665 599.431 599.4785 599.4165 599.669 599.7755 599.7985 599.912 599.884 599.8165 600.3529 600.7975 601.2328 601.6435 602.0978 602.5544 602.964 603.3434 603.7103 604.0779 604.454 604.8086 604.9301 604.9033 604.8765 604.8497 604.8229 604.7961 604.7693 604.7425 604.7156
605.2943 605.1707 604.8998 604.6434 604.3787 604.122 603.8677 603.559 603.2145 602.9156 602.6323 602.2896 601.9316 601.5535 601.1685 600.7624 600.229 600.0515 599.9025 599.79 599.6135 599.4214 599.2995 599.431 599.4965 599.2975 599.3705 599.4894 599.5305 599.361 599.224 599.3105 599.4945 599.479 599.467 599.4919 599.3865 599.5305 599.582 599.6245 599.869 599.9175 600.0075 600.6155 601.1019 601.5477 601.9879 602.3788 602.801 603.2499 603.6845 604.0528 604.4037 604.7689 604.9468 604.9199 604.8929 604.866 604.839 604.8121 604.7851 604.7581 604.7312 604.7043
605.1851 604.9075 604.6455 604.3783 604.1299 603.8652 603.6218 603.3662 603.0721 602.7373 602.3918 602.0955 601.7787 601.4142 601.0485 600.6635 599.928 599.965 599.8375 599.71 599.622 599.3181 599.2245 599.402 599.5855 599.319 599.3105 599.544 599.4325 599.266 599.3915 599.366 599.39 599.6 599.5115 599.4301 599.534 599.7125 599.8165 599.715 599.7925 600.114 600.358 600.8855 601.3802 601.8416 602.2979 602.7426 603.1141 603.5363 603.9586 604.3997 604.7621 604.9633 604.9363 604.9094 604.8824 604.8555 604.8285 604.8016 604.7746 604.7476 604.7206 604.6937
604.9243 604.6472 604.3696 604.1203 603.8658 603.6164 603.3517 603.1217 602.8646 602.5712 602.2548 601.9136 601.5698 601.2679 600.9034 600.5389 599.813 599.849 599.701 599.5935 599.695 599.5526 599.3725 599.395 599.608 599.3615 599.1735 599.2385 599.3495 599.4575 599.577 599.475 599.3255 599.414 599.527 599.683 599.653 599.601 599.7905 599.8275 599.757 600.0885 600.6011 601.1212 601.6418 602.1515 602.5927 603.0635 603.4927 603.869 604.2716 604.6938 604.9797 604.9528 604.9258 604.8989 604.8719 604.845 604.818 604.7913 604.766 604.7405 604.715 604.6896
604.6487 604.3865 604.1094 603.8321 603.5949 603.3533 603.1028 602.8438 602.6216 602.3631 602.0697 601.7679 601.4365 601.09 600.7478 600.3985 600.106 599.796 599.4625 599.5385 599.526 599.4635 599.545 599.469 599.5425 599.343 599.1356 599.1805 599.2505 599.334 599.477 599.5885 599.6225 599.485 599.375 599.685 599.894 599.691 599.5885 599.871 600.138 600.314 600.8599 601.3991 601.9098 602.395 602.915 603.376 603.8073 604.2429 604.6243 604.995 604.9716 604.947 604.9224 604.8978 604.8731 604.8485 604.8239 604.7993 604.7747 604.75 604.7249 604.6994
604.3726 604.0977 603.8486 603.5715 603.3141 603.069 602.8408 602.5894 602.3436 602.1214 601.8615 601.5681 601.2747 600.9506 600.6129 600.1075 600.137 599.7335 599.3625 599.5085 599.4385 599.3405 599.4115 599.252 599.3577 599.301 599.2615 599.4795 599.508 599.545 599.4775 599.4055 599.5916 599.5855 599.4045 599.662 599.947 599.777 599.6055 599.9275 600.407 600.5466 601.1037 601.6552 602.2177 602.7 603.2186 603.6655 604.1594 604.5884 605.0085 604.9881 604.9634 604.9388 604.9142 604.8896 604.865 604.8404 604.8157 604.7911 604.7665 604.7419 604.7173 604.6927
604.0812 603.8292 603.5559 603.3108 603.0336 602.7961 602.5485 602.3283 602.0759 601.8435 601.6213 601.36 601.0666 600.7732 600.4865 600.0925 599.995 599.6655 599.4415 599.5505 599.3755 599.207 599.287 599.3253 599.294 599.1945 599.33 599.542 599.5795 599.621 599.6575 599.4795 599.563 599.64 599.633 599.7271 599.678 599.7385 599.715 600.066 600.396 600.9003 601.454 601.9507 602.5104 603.013 603.5319 604.0087 604.5166 604.9427 605.0046 604.98 604.9553 604.9307 604.9061 604.8815 604.8569 604.8323 604.8077 604.7831 604.7586 604.734 604.7094 604.6848
603.8143 603.5378 603.2811 603.0154 602.7729 602.4957 602.2781 602.036 601.8158 601.5656 601.3434 601.1212 600.8584 600.565 600.2025 599.821 599.7455 599.549 599.2945 599.2975 599.3125 599.3495 599.27 599.203 599.289 599.4035 599.3685 599.2855 599.321 599.375 599.5885 599.583 599.614 599.693 599.75 599.8095 599.7785 600.021 599.986 600.334 600.7407 601.256 601.801 602.3615 602.856 603.3519 603.8767 604.3638 604.8328 605.0225 604.9979 604.9733 604.9487 604.9241 604.8995 604.8749 604.8503 604.8257 604.8011 604.7766 604.7524 604.7287 604.705 604.6813
603.5886 603.2698 602.9944 602.73 602.4749 602.2351 601.9612 601.7601 601.5235 601.3033 601.0654 600.8432 600.621 600.2964 600.0375 599.829 599.5955 599.3505 599.327 599.374 599.265 599.1755 599.2365 599.3195 599.2385 599.363 599.5735 599.361 599.2065 599.4555 599.578 599.6395 599.698 599.7655 600.025 599.892 599.7485 600.155 600.502 600.6107 601.145 601.6878 602.2117 602.7177 603.2867 603.774 604.2472 604.7531 605.0399 605.0171 604.9943 604.9716 604.9489 604.9261 604.9029 604.8792 604.8555 604.8318 604.8082 604.7845 604.7607 604.7371 604.7134 604.6897
603.3058 603.0585 602.7288 602.451 602.179 601.9344 601.6949 601.4433 601.238 601.011 600.7908 600.587 600.103 599.8445 599.679 599.5359 599.4785 599.5055 599.3365 599.1495 599.2175 599.3335 599.2205 599.1185 599.0945 599.301 599.6 599.4555 599.3 599.6095 599.663 599.7155 599.815 599.851 600.1495 600.025 600.006 600.4335 600.762 601.1391 601.5855 602.0891 602.6349 603.1673 603.6594 604.196 604.6921 605.0545 605.0318 605.009 604.9863 604.9636 604.9408 604.918 604.8953 604.8726 604.8498 604.8271 604.8043 604.7816 604.7589 604.7361 604.7133 604.6906
603.0449 602.7758 602.5219 602.1915 601.9077 601.6334 601.3939 601.1544 600.9253 600.7187 600.4485 599.988 599.964 599.747 599.5855 599.467 599.3275 599.456 599.3865 599.1455 599.1226 599.3535 599.214 599.0805 599.144 599.246 599.518 599.5275 599.509 599.7855 599.727 599.836 599.937 600.0585 600.3635 600.4515 600.6818 600.9481 601.2321 601.6981 602.0753 602.5515 603.0426 603.582 604.1175 604.6011 605.066 605.0464 605.0237 605.001 604.9782 604.9555 604.9327 604.91 604.8873 604.8645 604.8417 604.819 604.7963 604.7735 604.7508 604.728 604.7053 604.6826
602.8859 602.5481 602.2457 601.9846 601.6542 601.3624 601.0929 600.8534 600.6225 600.0905 600.056 600.049 599.95 599.6475 599.515 599.3835 599.0845 599.084 599.1805 599.108 598.972 599.1015 599.228 599.376 599.45 599.534 599.681 599.6635 599.5575 599.6875 599.7605 600.0965 600.3805 600.5155 600.7164 600.9167 601.1973 601.4708 601.7874 602.1313 602.6266 603.0115 603.5043 604.0181 604.5291 605.0646 605.0756 605.0532 605.0306 605.0082 604.9857 604.9632 604.9407 604.9182 604.8957 604.8732 604.8507 604.8282 604.8057 604.7833 604.7607 604.7383 604.7158 604.6932
602.6566 602.384 602.0513 601.7157 601.4473 601.1169 600.8113 600.545 599.918 599.9825 599.874 599.785 599.6365 599.463 599.554 599.2635 598.9645 598.9545 598.9635 598.976 599.0645 599.2375 599.395 599.3785 599.475 599.5825 599.6415 599.866 599.8485 599.8795 600.417 600.561 600.754 600.9594 601.1789 601.4289 601.6995 601.9686 602.259 602.6144 603.0355 603.5268 603.9561 604.457 604.9935 605.0886 605.0881 605.0739 605.0515 605.0289 605.0064 604.9839 604.9614 604.939 604.9164 604.894 604.8715 604.849 604.8265 604.804 604.7815 604.759 604.7365 604.7141
602.431 602.1685 601.8821 601.5546 601.2166 600.91 600.6535 600.221 599.7645 599.785 599.652 599.5205 599.4335 599.31 599.4245 599.13 599.006 599.145 599.123 599.1655 599.142 599.1225 599.39 599.459 599.58 599.7205 599.6735 599.9385 600.4365 600.6014 600.7949 600.9862 601.1484 601.3869 601.641 601.8422 602.1414 602.4834 602.7503 603.0826 603.4434 603.9396 604.427 604.9116 605.0999 605.0994 605.0989 605.0947 605.0722 605.0497 605.0272 605.0047 604.9822 604.9597 604.9372 604.9147 604.8922 604.8698 604.8472 604.8248 604.8022 604.7798 604.7573 604.7348
602.224 601.9486 601.6805 601.3802 601.058 600.7197 600.2325 600.135 599.7985 599.532 599.398 599.258 599.332 599.174 598.9715 598.9215 599.0376 599.0475 598.849 599.0975 599.3145 599.319 599.498 599.67 599.8395 600.0941 600.438 600.6377 600.8115 600.9849 601.1522 601.39 601.5736 601.7861 602.0198 602.3224 602.5716 602.854 603.2601 603.5714 603.9344 604.3475 604.8438 605.1102 605.1114 605.1102 605.1097 605.1093 605.093 605.0704 605.048 605.0255 605.003 604.9805 604.958 604.9355 604.913 604.8905 604.868 604.8455 604.823 604.8005 604.778 604.7556
602.0269 601.754 601.4663 601.1924 600.8916 600.514 599.9554 599.784 599.6605 599.599 599.477 599.334 599.306 599.093 598.9305 599.0086 599.087 598.927 598.7401 599.0655 599.289 599.2565 599.442 599.6835 600.2145 600.5909 600.794 600.9607 601.1673 601.3483 601.5136 601.7541 601.9851 602.161 602.4366 602.6526 602.9858 603.3083 603.6098 604.032 604.3688 604.7863 605.1201 605.1212 605.1223 605.1211 605.1205 605.1201 605.1137 605.0912 605.0687 605.0462 605.0237 605.0012 604.9788 604.9562 604.9338 604.9113 604.8887 604.8663 604.8438 604.8213 604.7988 604.7763
601.8018 601.5597 601.284 600.994 600.7043 600.337 600.006 599.76 599.461 599.383 599.4695 599.1655 599.0055 599.0745 598.8743 598.9265 598.9795 598.806 598.7945 599.1165 599.4965 599.4579 599.531 600.442 600.7 600.8945 601.11 601.314 601.4908 601.691 601.8807 602.0423 602.356 602.5802 602.7674 603.0801 603.3467 603.6491 604.045 604.3938 604.8093 605.1324 605.1318 605.1321 605.1333 605.1345 605.1314 605.1309 605.1304 605.1119 605.0895 605.067 605.0445 605.022 604.9995 604.977 604.9545 604.932 604.9095 604.887 604.8646 604.842 604.8195 604.7971
601.5766 601.3345 601.0925 600.814 600.376 599.975 599.6755 599.441 599.167 599.1635 599.297 599.001 598.723 598.7952 598.6625 598.7785 599.0186 599.0465 598.9945 599.206 599.6525 599.742 600.3 600.7145 600.9593 601.2001 601.3947 601.6292 601.834 602.0203 602.2147 602.4257 602.6296 602.9579 603.1737 603.4175 603.713 604.042 604.3785 604.7817 605.1435 605.1448 605.1454 605.1431 605.1442 605.1454 605.1422 605.1417 605.1412 605.1327 605.1102 605.0877 605.0652 605.0427 605.0203 604.9977 604.9753 604.9528 604.9303 604.9078 604.8853 604.8628 604.8403 604.8178
601.3165 601.1094 600.8673 600.681 600.113 599.945 599.5405 599.218 599.0705 598.9585 599.023 598.883 598.5594 598.7095 598.773 598.6605 598.8735 599.095 599.207 599.426 599.841 600.278 600.7277 600.9728 601.2177 601.4625 601.7002 601.8947 602.1483 602.354 602.5498 602.7495 602.9545 603.2315 603.5598 603.7611 604.0681 604.3572 604.7373 605.1152 605.1561 605.1572 605.1583 605.155 605.1552 605.1563 605.1562 605.1525 605.152 605.1508 605.131 605.1085 605.086 605.0635 605.041 605.0185 604.996 604.9735 604.951 604.9285 604.9061 604.8835 604.8611 604.8386
601.0335 600.8762 600.7345 600.2965 599.797 599.6305 599.4865 599.3719 599.209 599.043 598.9705 598.7419 598.4895 598.692 598.881 598.854 598.856 598.9 599.104 599.352 600.024 600.6674 600.9486 601.2298 601.476 601.7208 601.9656 602.2003 602.3964 602.6674 602.874 603.085 603.3058 603.5051 603.8334 604.1617 604.399 604.7186 605.0524 605.1676 605.1685 605.1696 605.1707 605.1708 605.1661 605.1673 605.1684 605.1633 605.1628 605.1624 605.1517 605.1293 605.1068 605.0842 605.0618 605.0392 605.0168 604.9943 604.9718 604.9493 604.9268 604.9043 604.8818 604.8593
600.7653 600.3755 600.208 600.142 599.824 599.547 599.4265 599.2581 599.1355 598.873 598.6045 598.552 598.6535 598.6645 598.7135 598.8175 598.823 599.102 599.393 599.755 600.6005 600.8868 601.1695 601.4507 601.7319 601.9792 602.224 602.4688 602.7003 602.9114 603.1865 603.394 603.618 603.8497 604.1071 604.4354 604.7637 605.0489 605.1772 605.1802 605.1808 605.182 605.1832 605.1843 605.1782 605.1782 605.1794 605.1773 605.1736 605.1732 605.1702 605.15 605.1275 605.105 605.0825 605.0601 605.0375 605.015 604.9926 604.97 604.9476 604.925 604.9026 604.8801
600.3225 600.2679 600.0125 599.674 599.442 599.2105 598.973 598.801 598.8249 598.6965 598.552 598.6615 598.757 598.67 598.713 598.8325 598.7805 599.0655 599.456 600.2115 600.809 601.0955 601.391 601.6716 601.9529 602.2341 602.4823 602.7272 602.972 603.2004 603.4283 603.7056 603.9229 604.1485 604.3953 604.709 605.0373 605.187 605.1908 605.1928 605.1957 605.1944 605.1956 605.1967 605.1962 605.1891 605.1903 605.1915 605.1845 605.184 605.1835 605.1708 605.1483 605.1258 605.1033 605.0808 605.0583 605.0358 605.0133 604.9908 604.9683 604.9458 604.9233 604.9008
600.0365 599.911 599.817 599.5375 599.2995 599.103 598.6675 598.7861 598.672 598.597 598.6144 598.4785 598.598 598.7565 598.854 598.991 599.0305 599.267 600.1465 600.726 601.0255 601.3378 601.5996 601.8951 602.1756 602.455 602.7363 602.9852 603.2303 603.4752 603.7005 603.9474 604.2247 604.4606 604.7067 604.9826 605.1971 605.2004 605.2042 605.2054 605.2084 605.2068 605.2079 605.2091 605.2098 605.2013 605.2013 605.2024 605.1985 605.1948 605.1943 605.1896 605.169 605.1465 605.124 605.1016 605.079 605.0566 605.0341 605.0116 604.9891 604.9666 604.9441 604.9216
