samples/sfe_81/sfe_81_c4/sfe_81_c4/sfe_81_c4.asc
ncols         249
nrows         120
xllcorner     84.60000000149
yllcorner     40
cellsize      1
NODATA_value  -9999
[rows 28 to 55 of 120, columns 64 to 127 of 249]
605.8057 605.782 605.7584 605.7365 605.7054 605.6733 605.6599 605.6284 605.5945 605.5794 605.5612 605.5264 605.4912 605.467 605.4341 605.3978 605.3844 605.3553 605.318 605.2807 605.2561 605.2279 605.195 605.1622 605.1236 605.084 605.0479 605.0062 604.9715 604.9332 604.8945 604.8047 604.4554 604.106 603.7565 603.4202 603.0906 602.8116 602.5259 602.2762 602.0381 601.7782 601.5778 601.3389 601.1287 600.9155 600.6808 600.4434 600.2109 599.888 598.7195 598.535 598.5175 598.547 598.3595 598.426 598.528 598.384 598.474 598.5655 598.5755 598.57 598.402 598.4695
605.7856 605.762 605.7383 605.7147 605.6892 605.6563 605.634 605.6114 605.5775 605.5521 605.5388 605.508 605.4728 605.4377 605.4153 605.3787 605.3535 605.3326 605.2968 605.2595 605.2227 605.2038 605.1664 605.1359 605.099 605.0595 605.0231 604.9808 604.9431 604.9029 604.8158 604.4662 604.1168 603.7673 603.4181 603.0685 602.7482 602.4243 602.1722 601.8975 601.6469 601.4135 601.1971 600.9818 600.7767 600.5751 600.3463 600.1119 599.382 598.857 598.708 598.4695 598.452 598.6615 598.44 598.474 598.6775 598.46 598.3835 598.6705 598.8605 598.6735 598.4615 598.478
605.7655 605.7419 605.7183 605.6946 605.673 605.6401 605.6081 605.5944 605.5605 605.5266 605.5115 605.4896 605.4544 605.4193 605.395 605.3598 605.3231 605.3085 605.2755 605.2382 605.2009 605.1758 605.1423 605.1086 605.0744 605.0349 604.9954 604.956 604.9146 604.8272 604.4776 604.1281 603.7785 603.429 603.0793 602.7302 602.3805 602.0698 601.7747 601.5329 601.2814 601.0461 600.8163 600.616 600.407 600.2122 599.9085 599.105 598.6355 598.5805 598.62 598.51 598.341 598.424 598.354 598.5275 598.7855 598.5965 598.3935 598.699 598.9505 598.728 598.637 598.7975
605.7454 605.7218 605.6982 605.6746 605.6509 605.624 605.5911 605.5688 605.5435 605.5096 605.4841 605.4683 605.436 605.4009 605.3657 605.3409 605.3043 605.2785 605.2543 605.217 605.1797 605.1424 605.1182 605.0807 605.0494 605.0103 604.9708 604.9312 604.8389 604.4893 604.1396 603.7899 603.4402 603.091 602.7411 602.3914 602.0424 601.6926 601.3933 601.1401 600.8838 600.665 600.4454 600.2352 600.1324 599.439 599.076 598.874 598.74 598.5085 598.327 598.51 598.606 598.586 598.65 598.5915 598.529 598.5445 598.525 598.777 599.066 598.8219 598.702 598.8075
605.7253 605.7017 605.6781 605.6545 605.6308 605.6078 605.5748 605.5428 605.5266 605.4927 605.4587 605.4433 605.4177 605.3825 605.3473 605.3221 605.2854 605.2487 605.2301 605.1957 605.1584 605.1212 605.0941 605.0566 605.0223 604.9857 604.9462 604.8522 604.5133 604.1512 603.8016 603.4519 603.1021 602.7525 602.4035 602.0532 601.7033 601.3542 601.0208 600.7357 600.5008 600.261 600.0355 599.5585 599.045 598.803 598.681 598.576 598.671 598.55 598.285 598.527 598.6325 598.496 598.6925 598.655 598.622 598.8405 598.7395 598.8785 599.1655 598.9395 598.8975 599.079
605.7053 605.6816 605.658 605.6343 605.6107 605.5871 605.5587 605.5258 605.5036 605.4757 605.4418 605.4162 605.3978 605.3641 605.3289 605.2938 605.2665 605.2299 605.2034 605.1745 605.1372 605.0999 605.0626 605.0325 604.996 604.9611 604.8623 604.5239 604.1844 603.8455 603.483 603.114 602.7643 602.4143 602.0647 601.7158 601.3654 601.0152 600.6658 600.3521 599.9895 599.3665 599.121 599.029 599.0015 598.803 598.755 598.534 598.553 598.551 598.304 598.5615 598.7755 598.5635 598.664 598.7315 598.598 598.91 598.9155 598.9641 599.1085 598.9295 599.0965 599.3125
605.6852 605.6616 605.6379 605.6143 605.5906 605.567 605.5425 605.5096 605.4776 605.4587 605.4248 605.3909 605.3753 605.3457 605.3105 605.2754 605.2477 605.211 605.1743 605.1517 605.116 605.0786 605.0413 605.0084 604.9709 604.9191 604.5424 604.195 603.8564 603.5165 603.1775 602.8154 602.4263 602.0766 601.7266 601.3775 601.0282 600.6775 600.3271 599.8985 599.1445 599.055 598.9435 598.8335 598.825 598.5975 598.7065 598.6055 598.568 598.569 598.3605 598.6185 598.8955 598.7085 598.759 598.7966 598.6395 598.9325 598.9855 599.028 599.2531 599.2265 599.204 599.1705
605.6651 605.6415 605.6179 605.5942 605.5706 605.5469 605.5235 605.4934 605.4605 605.4382 605.4078 605.374 605.348 605.3273 605.2922 605.257 605.2218 605.1921 605.1555 605.1281 605.0947 605.0574 605.0201 604.9828 604.9537 604.6234 604.252 603.8752 603.5277 603.1888 602.8486 602.5095 602.1478 601.7513 601.389 601.0389 600.6907 600.3405 599.9245 599.329 598.868 598.9105 598.984 598.8555 598.7995 598.6845 598.7195 598.718 598.5555 598.5915 598.7275 598.7875 598.881 598.896 598.945 599.0025 599.0235 599.133 599.0775 598.998 599.13 599.2045 599.3045 599.3995
605.645 605.6214 605.5978 605.5741 605.5505 605.5269 605.5032 605.4772 605.4443 605.4124 605.3909 605.3569 605.3231 605.3055 605.2738 605.2386 605.2034 605.1733 605.1367 605.0999 605.0734 605.0361 604.9988 604.9655 604.6763 604.3281 603.9452 603.5848 603.2081 602.8604 602.5212 602.181 601.8414 601.4803 601.0838 600.7014 600.3513 599.766 599.4955 599.1345 598.692 598.8285 598.8185 598.5955 598.5635 598.5385 598.5135 598.5235 598.458 598.6355 598.749 598.631 598.7299 598.745 598.819 598.884 598.9315 599.014 599.177 599.2925 599.362 599.449 599.416 599.3855
605.6249 605.6013 605.5777 605.554 605.5304 605.5068 605.4832 605.4609 605.4282 605.3953 605.373 605.34 605.3061 605.28 605.2554 605.2202 605.1851 605.1498 605.1178 605.0811 605.0497 605.0149 604.9776 604.6932 604.3279 603.9731 603.6481 603.267 602.9102 602.5409 602.1931 601.8536 601.5134 601.1735 600.8127 600.4162 599.8255 599.22 599.1735 599.103 598.772 598.768 598.7405 598.4595 598.596 598.5505 598.356 598.554 598.5885 598.6875 598.717 598.7141 598.962 598.8435 598.9055 598.975 598.8475 599.102 599.441 599.3815 599.4015 599.632 599.639 599.61
605.6049 605.5812 605.5576 605.5339 605.5103 605.4867 605.4631 605.4394 605.412 605.3791 605.3471 605.323 605.2891 605.2552 605.235 605.2018 605.1667 605.1315 605.0989 605.0623 605.0256 604.9937 604.7673 604.3827 603.9808 603.6205 603.2926 602.9614 602.5887 602.2325 601.8738 601.5258 601.1861 600.8458 600.5054 600.156 599.5195 599.2685 599.0095 598.8285 598.646 598.733 598.8295 598.7325 598.808 598.6375 598.397 598.658 598.713 598.748 598.7895 598.827 599.1235 598.98 599.084 599.1485 598.9935 599.292 599.5945 599.404 599.2965 599.4445 599.526 599.808
605.5848 605.5612 605.5375 605.5139 605.4902 605.4666 605.443 605.4193 605.3958 605.3629 605.33 605.306 605.2722 605.2382 605.2119 605.1835 605.1483 605.1131 605.0779 605.0434 605.0067 604.7715 604.4034 604.0485 603.6703 603.2722 602.913 602.612 602.2747 601.9105 601.5554 601.2066 600.8586 600.5185 600.112 599.53 599.518 599.1505 598.953 598.7945 598.7095 598.722 598.5455 598.7205 598.901 598.6609 598.426 598.6975 598.8162 598.917 598.8455 598.7845 598.8795 599.0555 599.319 599.357 599.3795 599.505 599.6555 599.508 599.3075 599.5795 600.01 600.2024
605.5647 605.5411 605.5175 605.4938 605.4702 605.4465 605.4229 605.3992 605.3756 605.3467 605.3138 605.2819 605.2552 605.2213 605.1874 605.1646 605.1299 605.0947 605.0596 605.0245 604.8549 604.4532 604.0296 603.6746 603.3297 602.958 602.5647 602.2217 601.9314 601.5879 601.2322 600.8783 600.5356 600.171 599.465 599.2905 599.378 599.0195 598.917 598.8135 598.742 598.7105 598.452 598.6801 598.9075 598.688 598.487 598.7386 598.8865 598.767 598.9025 599.0605 598.985 599.1555 599.321 599.245 599.3195 599.3705 599.626 599.6045 599.567 600.0433 600.2459 600.5051
605.5446 605.521 605.4974 605.4737 605.4501 605.4265 605.4028 605.3792 605.3555 605.3306 605.2977 605.2648 605.2382 605.2043 605.1704 605.1428 605.1115 605.0764 605.0411 604.9553 604.5112 604.1016 603.7032 603.2878 602.9493 602.6108 602.2457 601.8572 601.5411 601.2488 600.9011 600.5502 600.1945 599.6885 599.3535 599.097 599.1575 598.9665 598.862 598.7925 598.7375 598.7145 598.602 598.812 598.72 598.7145 598.7473 598.918 599.002 598.838 598.77 599.1215 599.1429 599.231 599.5205 599.3575 599.2945 599.3925 599.714 599.9915 600.1761 600.3831 600.5897 600.7902
605.5245 605.5009 605.4773 605.4536 605.43 605.4064 605.3828 605.3591 605.3354 605.3118 605.2815 605.2486 605.2166 605.1873 605.1534 605.1195 605.0931 605.058 605.03 604.6062 604.1561 603.7329 603.3484 602.9532 602.5566 602.2292 601.892 601.5275 601.1508 600.8605 600.5615 600.1215 599.6045 599.312 599.286 599.223 599.1855 598.9235 598.8365 598.7914 598.7465 598.74 598.567 598.651 598.577 598.7641 598.8745 598.7655 598.972 598.947 598.7785 599.104 599.225 599.3375 599.675 599.524 599.5245 599.912 600.1176 600.3303 600.5203 600.7339 600.9295 601.1318
605.5045 605.4808 605.4572 605.4335 605.4099 605.3863 605.3627 605.339 605.3154 605.2917 605.2653 605.2324 605.1995 605.1703 605.1364 605.1025 605.0723 605.041 604.6014 604.1962 603.8069 603.3568 602.9545 602.5952 602.2031 601.8361 601.5091 601.1732 600.8087 600.4702 600.252 599.633 599.2665 599.1295 599.229 599.1385 599.0355 598.8995 598.829 598.7875 598.7095 598.864 598.8055 598.804 598.71 598.8005 598.8425 598.829 598.9865 598.903 598.935 599.0705 599.286 599.514 599.724 599.622 599.697 600.1601 600.438 600.6732 600.8847 601.078 601.2829 601.4758
605.4844 605.4608 605.4371 605.4135 605.3898 605.3662 605.3426 605.3189 605.2953 605.2717 605.248 605.2162 605.1833 605.1514 605.1194 605.0856 605.0517 604.6489 604.1761 603.7496 603.3623 603.0077 602.573 602.1816 601.8419 601.4531 601.1156 600.789 600.4545 600.1095 599.9135 599.5205 599.31 599.342 599.287 599.052 598.9495 598.873 598.815 598.7775 598.603 598.676 598.681 598.746 598.6645 598.8725 598.9225 598.9725 599.195 599.1765 599.276 599.3495 599.344 599.3875 599.661 599.7745 600.1787 600.4564 600.7344 601.0123 601.2287 601.4239 601.6358 601.8156
605.4643 605.4407 605.4171 605.3934 605.3698 605.3461 605.3225 605.2988 605.2752 605.2516 605.228 605.2001 605.1672 605.1343 605.1025 605.0686 604.7601 604.2396 603.7508 603.3111 602.9162 602.5317 602.1981 601.7947 601.4283 601.0887 600.703 600.3951 600.136 599.829 599.7615 599.429 599.3145 599.2545 598.9555 599.015 598.982 598.761 598.715 598.684 598.7715 598.7335 598.7335 598.7675 598.7725 599.032 599.0895 599.151 599.12 599.233 599.5115 599.398 599.2535 599.4995 599.6625 600.138 600.4146 600.7564 601.0306 601.3086 601.5705 601.7843 601.9799 602.1848
605.4442 605.4206 605.397 605.3733 605.3497 605.326 605.3024 605.2787 605.2551 605.2315 605.2079 605.1839 605.151 605.118 605.0855 604.8707 604.3312 603.8342 603.3137 602.8527 602.4459 602.0828 601.7152 601.3816 601.0164 600.6751 600.3354 600.013 599.7945 599.5095 599.542 599.367 599.262 599.189 598.845 599.0035 599.0935 598.9545 598.934 598.92 598.9905 598.8596 598.8595 598.872 598.761 598.884 598.935 599.016 599.018 599.2495 599.5605 599.4315 599.3005 599.613 599.9095 600.2876 600.6492 601.0037 601.334 601.6049 601.8829 602.1272 602.334 602.5377
605.4241 605.4005 605.3769 605.3532 605.3296 605.306 605.2823 605.2587 605.235 605.2114 605.1878 605.1641 605.1348 605.1019 604.9606 604.412 603.9272 603.397 602.9082 602.4117 601.9733 601.5878 601.2494 600.8987 600.5651 600.248 599.8175 599.752 599.6805 599.3325 599.4335 599.3155 599.1715 599.269 598.9925 598.999 599.0475 598.849 598.9795 598.934 598.8939 599.009 598.909 598.8175 598.9585 598.977 598.8445 599.1095 599.3465 599.456 599.4335 599.5105 599.6055 599.606 600.1625 600.5183 600.8959 601.2383 601.5928 601.9117 602.1792 602.4572 602.6828 602.8836
605.4041 605.3804 605.3568 605.3331 605.3095 605.2859 605.2623 605.2386 605.215 605.1913 605.1677 605.144 605.1186 605.0548 604.5057 604.0105 603.4619 602.9742 602.4628 601.9758 601.5135 601.1147 600.7544 600.416 600.2865 600.038 599.705 599.661 599.7 599.5595 599.528 599.2735 599.0175 599.0485 598.9055 598.978 599.13 599.0435 599.099 598.915 598.7555 598.847 598.9465 599.0905 599.209 599.102 598.9495 599.259 599.4125 599.347 599.348 599.6055 599.8635 600.1305 600.408 600.7771 601.1453 601.5042 601.8338 602.1819 602.4893 602.7534 603.0186 603.2383
605.385 605.3616 605.3383 605.3149 605.2915 605.2681 605.2448 605.2214 605.198 605.1746 605.1512 605.1279 605.1085 604.6249 604.1072 603.5549 603.0391 602.5118 602.0212 601.5286 601.0418 600.6155 600.3095 600.1245 600.1215 599.8595 599.694 599.5915 599.3655 599.49 599.432 599.1355 598.975 599.057 599.0569 598.904 599.047 599.154 599.1755 598.9595 598.907 598.932 598.83 599.1445 599.2295 599.0715 599.2605 599.362 599.2295 599.4561 599.5415 599.7205 600.049 600.3239 600.6559 601.0562 601.4042 601.7724 602.1125 602.4498 602.7711 603.067 603.3277 603.5765
605.3788 605.3555 605.3321 605.3087 605.2853 605.262 605.2386 605.2152 605.1918 605.1685 605.1451 605.1216 604.7451 604.2321 603.7123 603.1864 602.604 602.066 601.5618 601.0681 600.5851 600.2515 599.978 599.854 600.006 599.709 599.6355 599.545 599.229 599.3695 599.4915 599.347 599.106 599.1305 599.2515 599.14 599.033 598.9165 599.065 598.987 599.009 599.0625 598.866 599.177 599.3795 599.375 599.529 599.444 599.3055 599.6285 599.7175 600.0265 600.338 600.6743 601.0112 601.3402 601.7044 602.048 602.3994 602.7299 603.0659 603.3602 603.6447 603.902
605.377 605.3531 605.3293 605.3054 605.2815 605.2576 605.2338 605.2099 605.186 605.1621 605.1382 604.827 604.3423 603.8572 603.3262 602.8169 602.2359 601.6982 601.1041 600.6022 600.2165 599.974 599.675 599.779 599.764 599.6445 599.7715 599.516 599.196 599.367 599.56 599.3135 599.0075 599.1475 599.1689 599.1415 599.0685 598.98 599.0775 598.94 599.1185 599.128 599.079 599.346 599.3215 599.454 599.572 599.445 599.653 599.7495 600.069 600.3538 600.6913 601.0257 601.3618 601.6984 602.0244 602.3526 602.7087 603.0265 603.3607 603.682 603.9493 604.2223
605.368 605.3441 605.3203 605.2963 605.2725 605.2486 605.2247 605.2009 605.1769 605.1531 604.9797 604.5291 603.9987 603.5041 603.0175 602.4865 601.9111 601.3414 600.7712 600.3855 600.144 599.921 599.603 599.7445 599.6955 599.5885 599.7525 599.465 599.1635 599.355 599.5505 599.2585 598.964 599.1595 599.14 599.111 599.1274 599.116 599.265 599.187 599.2921 599.1965 599.0815 599.2165 599.25 599.4865 599.7346 599.744 599.9635 600.165 600.3951 600.7092 601.0415 601.379 601.7133 602.0493 602.3856 602.7087 603.0114 603.3693 603.6535 603.9908 604.298 604.5507
605.3589 605.3351 605.3112 605.2873 605.2634 605.2396 605.2157 605.1918 605.1679 605.0739 604.6486 604.2001 603.7657 603.2258 602.6815 602.1811 601.6262 601.0464 600.4549 600.039 599.968 599.968 599.8435 599.819 599.798 599.5665 599.4015 599.3199 599.196 599.34 599.555 599.2755 598.9785 599.1845 599.1745 599.1635 599.3095 599.2745 599.218 599.1194 599.1075 599.2605 599.2735 599.3355 599.5755 599.687 599.7205 599.7325 600.132 600.4484 600.7642 601.0783 601.3925 601.7292 602.0667 602.4009 602.7368 603.0726 603.3929 603.6887 604.03 604.3141 604.621 604.7925
605.3594 605.3342 605.309 605.2837 605.2584 605.2332 605.2079 605.1827 605.0991 604.7415 604.3508 603.88 603.436 602.9769 602.493 601.9224 601.3721 600.8347 600.501 600.09 599.8885 599.715 599.658 599.591 599.6825 599.549 599.4025 599.524 599.3255 599.3185 599.5195 599.263 599.0115 599.2125 599.193 599.1875 599.2615 599.088 599.22 599.355 599.221 599.3295 599.4215 599.476 599.623 599.581 599.7695 600.1745 600.4019 600.7661 601.1266 601.4474 601.7615 602.0806 602.4169 602.7543 603.0886 603.4243 603.7597 604.0771 604.366 604.6906 604.8087 604.7678
605.3625 605.3356 605.3086 605.2816 605.2546 605.2277 605.2007 605.1793 604.8188 604.4294 604.0445 603.6419 603.2278 602.6899 602.2365 601.7537 601.2155 600.6312 600.23 600.1355 599.8295 599.695 599.7785 599.691 599.723 599.5165 599.281 599.479 599.4445 599.228 599.234 599.1715 599.2556 599.2563 599.039 599.229 599.279 599.0695 599.278 599.4955 599.3305 599.4 599.64 599.6675 599.6075 599.6965 600.0615 600.3699 600.7401 601.0814 601.447 601.8047 602.1306 602.4448 602.7689 603.1046 603.442 603.7762 604.1118 604.4468 604.7614 604.8292 604.7927 604.7562
