COS0=(0.35788532027227893, 1.0, 76.0, MASK0)
COS1=(0.48078236810313546, 2.0, 37.0, MASK0)
COS2=(0.2713477114587397, 3.0, 25.0, MASK0)
COS3=(0.2280183144785113, 4.0, -1.0, MASK0)
COS4=(0.28351184792755674, 5.0, -4.0, MASK0)
COS5=(0.07264994519136227, 6.0, 10.0, MASK0)
COS6=(0.19554567364813805, 7.0, -9.0, MASK0)
COS7=(0.05847277796248048, 8.0, -3.0, MASK0)
COS8=(0.06626667626679346, 9.0, -3.0, MASK0)
COS9=(0.12072016268985247, 10.0, 2.0, MASK0)
COS10=(0.03457479461219009, 11.0, 8.0, MASK0)
COS11=(0.08262275004455522, 12.0, -1.0, MASK0)
COS12=(0.0676945057144682, 13.0, -5.0, MASK0)
COS13=(0.015874611559946405, 14.0, 6.0, MASK0)
COS14=(0.09860663271716477, 15.0, -4.0, MASK0)
COS15=(0.0719243386869694, 16.0, -6.0, MASK0)
COS16=(0.06769450571446814, 13.0, -5.0, MASK0)
COS17=(0.08262275004455508, 12.0, -1.0, MASK0)
COS18=(0.03457479461218989, 11.0, 8.0, MASK0)
COS19=(0.1207201626898525, 10.0, 2.0, MASK0)
COS20=(0.06626667626679353, 9.0, -3.0, MASK0)
COS21=(0.05847277796248039, 8.0, -3.0, MASK0)
COS22=(0.19554567364813785, 7.0, -9.0, MASK0)
COS23=(0.07264994519136238, 6.0, 10.0, MASK0)
COS24=(0.2835118479275567, 5.0, -4.0, MASK0)
COS25=(0.2280183144785112, 4.0, -1.0, MASK0)
COS26=(0.2713477114587396, 3.0, 25.0, MASK0)
COS27=(0.4807823681031354, 2.0, 37.0, MASK0)
COS28=(0.35788532027227893, 1.0, 76.0, MASK0)
