COS0=(0.27492024221091765, 1.0, 5.0, MASK0)
COS1=(0.14360506251530575, 2.0, -33.0, MASK0)
COS2=(0.24103458799332886, 3.0, -11.0, MASK0)
COS3=(0.4083497350801514, 4.0, 13.0, MASK0)
COS4=(0.18577133977206245, 5.0, -16.0, MASK0)
COS5=(0.03796860929436187, 6.0, 2.0, MASK0)
COS6=(0.13858958784430186, 7.0, 11.0, MASK0)
COS7=(0.11376460457288423, 8.0, -10.0, MASK0)
COS8=(0.09330108396262662, 9.0, -10.0, MASK0)
COS9=(0.10507735215804338, 10.0, -6.0, MASK0)
COS10=(0.058143719866115426, 11.0, -8.0, MASK0)
COS11=(0.12271823106602828, 12.0, -8.0, MASK0)
COS12=(0.05280362938399557, 13.0, -5.0, MASK0)
COS13=(0.04556371539566307, 14.0, 1.0, MASK0)
COS14=(0.011424968821986374, 14.5, 3.0, MASK0)
COS15=(0.020597309023072125, 16.0, -5.0, MASK0)
COS16=(0.0435863873351703, 16.5, -3.0, MASK0)
COS17=(0.028976496055301025, 18.0, -5.0, MASK0)
COS18=(0.030562102967179466, 19.0, -5.0, MASK0)
COS19=(0.015326854584564939, 19.5, 2.0, MASK0)
COS20=(0.03773367727339352, 20.5, -2.0, MASK0)
COS21=(0.05320998811021739, 21.5, -2.0, MASK0)
COS22=(0.019724849907580992, 22.5, -3.0, MASK0)
COS23=(0.030092738190679105, 23.5, -2.0, MASK0)
COS24=(0.04296141422737089, 24.5, -2.0, MASK0)
COS25=(0.021297483062205278, 25.5, -2.0, MASK0)
COS26=(0.047218721865992866, 26.5, -2.0, MASK0)
COS27=(0.013851778072873213, 28.0, 3.0, MASK0)
COS28=(0.0317045137439059, 28.5, -1.0, MASK0)
COS29=(0.017502347283800176, 29.5, -1.0, MASK0)
COS30=(0.03585973527841415, 30.5, -2.0, MASK0)
COS31=(0.013851778072873156, 28.0, 3.0, MASK0)
COS32=(0.04721872186599248, 26.5, -2.0, MASK0)
COS33=(0.021297483062205334, 25.5, -2.0, MASK0)
COS34=(0.04296141422737067, 24.5, -2.0, MASK0)
COS35=(0.030092738190678904, 23.5, -2.0, MASK0)
COS36=(0.01972484990758093, 22.5, -3.0, MASK0)
COS37=(0.05320998811021743, 21.5, -2.0, MASK0)
COS38=(0.03773367727339326, 20.5, -2.0, MASK0)
COS39=(0.01532685458456514, 19.5, 2.0, MASK0)
COS40=(0.030562102967179615, 19.0, -5.0, MASK0)
COS41=(0.02897649605530129, 18.0, -5.0, MASK0)
COS42=(0.04358638733517021, 16.5, -3.0, MASK0)
COS43=(0.020597309023072052, 16.0, -5.0, MASK0)
COS44=(0.01142496882198651, 14.5, 3.0, MASK0)
COS45=(0.045563715395662494, 14.0, 1.0, MASK0)
COS46=(0.052803629383995784, 13.0, -5.0, MASK0)
COS47=(0.12271823106602814, 12.0, -8.0, MASK0)
COS48=(0.05814371986611569, 11.0, -8.0, MASK0)
COS49=(0.10507735215804281, 10.0, -6.0, MASK0)
COS50=(0.09330108396262685, 9.0, -10.0, MASK0)
COS51=(0.11376460457288408, 8.0, -10.0, MASK0)
COS52=(0.13858958784430203, 7.0, 11.0, MASK0)
COS53=(0.03796860929436156, 6.0, 2.0, MASK0)
COS54=(0.18577133977206284, 5.0, -16.0, MASK0)
COS55=(0.40834973508015115, 4.0, 13.0, MASK0)
COS56=(0.24103458799332883, 3.0, -11.0, MASK0)
COS57=(0.14360506251530572, 2.0, -33.0, MASK0)
COS58=(0.2749202422109178, 1.0, 5.0, MASK0)
