COS0=(0.12024308906956072, 1.0, -33.0, MASK0)
COS1=(0.06751096748272345, 2.0, -37.0, MASK0)
COS2=(0.04145872015154613, 3.0, -20.0, MASK0)
COS3=(0.016848854394379005, 4.0, 3.0, MASK0)
COS4=(0.07288842352692088, 5.0, -15.0, MASK0)
COS5=(0.05419850308410899, 5.5, 7.0, MASK0)
COS6=(0.0803591780593601, 6.5, 7.0, MASK0)
COS7=(0.021750711634294283, 7.5, 4.0, MASK0)
COS8=(0.04643972330991926, 9.0, 9.0, MASK0)
COS9=(0.04293563888213223, 10.0, 8.0, MASK0)
COS10=(0.03375352984840703, 11.0, -1.0, MASK0)
COS11=(0.02788015048120032, 12.0, -2.0, MASK0)
COS12=(0.012994466124116495, 12.5, -3.0, MASK0)
COS13=(0.024997042188681304, 14.0, -2.0, MASK0)
COS14=(0.03375352984840703, 11.0, -1.0, MASK0)
COS15=(0.04293563888213221, 10.0, 8.0, MASK0)
COS16=(0.046439723309919245, 9.0, 9.0, MASK0)
COS17=(0.02175071163429427, 7.5, 4.0, MASK0)
COS18=(0.08035917805936013, 6.5, 7.0, MASK0)
COS19=(0.05419850308410898, 5.5, 7.0, MASK0)
COS20=(0.07288842352692088, 5.0, -15.0, MASK0)
COS21=(0.016848854394378998, 4.0, 3.0, MASK0)
COS22=(0.04145872015154612, 3.0, -20.0, MASK0)
COS23=(0.06751096748272346, 2.0, -37.0, MASK0)
COS24=(0.1202430890695607, 1.0, -33.0, MASK0)
