samples/sfe_209/sfe_209_vv0/sfe_209_vv0/sfe_209_vv0.asc
ncols         267
nrows         135
xllcorner     98.199999999255
yllcorner     82.800000000745
cellsize      0.3
NODATA_value  -9999
[rows 84 to 111 of 135, columns 0 to 62 of 267]
-9999 -9999 604.0195 603.143 602.0972 600.8536 600.6628 601.0669 601.0711 601.0756 601.1113 601.0972 601.1283 601.1791 601.1905 601.197 601.17 601.1662 601.1644 601.1407 601.1165 601.1043 601.1161 601.1065 601.0798 601.0529 601.0265 600.9995 600.9999 601.0125 601.025 600.999 601.0071 601.0182 601.0389 601.0118 601.0068 600.9861 600.9919 600.9976 600.9826 600.9557 600.9494 600.9551 600.9445 600.9175 600.9173 600.902 600.8757 600.8522 600.8252 600.8091 600.8611 600.9109 600.884 600.8569 600.8469 600.8699 600.9255 600.9261 600.9201 600.9282 600.9838
-9999 -9999 604.0965 603.2199 602.1884 600.9448 600.754 601.1736 601.251 601.2824 601.3018 601.2748 601.2971 601.3343 601.3561 601.3582 601.3312 601.3124 601.316 601.2914 601.2662 601.2595 601.2713 601.2677 601.2409 601.2139 601.1876 601.1607 601.158 601.1706 601.1831 601.1602 601.1595 601.1707 601.1818 601.1616 601.1377 601.1171 601.1065 601.0795 601.0789 601.1045 601.1057 601.087 601.0785 601.1051 601.1317 601.1329 601.1063 601.0894 601.0753 601.0483 601.0981 601.1501 601.1341 601.1071 601.1172 601.1178 601.1734 601.174 601.1906 601.176 601.2317
-9999 -9999 604.1735 603.2969 602.2796 601.0361 600.8452 601.2585 601.4308 601.4893 601.4922 601.4653 601.4668 601.4969 601.5308 601.5194 601.4925 601.4655 601.4677 601.4423 601.4159 601.4147 601.4265 601.4289 601.402 601.375 601.3487 601.3219 601.3162 601.3287 601.3215 601.2945 601.2919 601.2742 601.2709 601.2931 601.3154 601.3121 601.2852 601.2638 601.2894 601.3151 601.3201 601.3178 601.2929 601.3195 601.3461 601.3637 601.337 601.3202 601.3254 601.2985 601.3351 601.387 601.3842 601.3572 601.3674 601.3657 601.4213 601.4219 601.4607 601.434 601.4796
-9999 -9999 604.2504 603.3738 602.3708 601.1273 600.9364 601.3435 601.6134 601.6736 601.6756 601.6558 601.6365 601.6666 601.6967 601.6806 601.6536 601.6266 601.6154 601.5926 601.5656 601.5635 601.5365 601.5167 601.533 601.5446 601.5237 601.4971 601.4701 601.4495 601.4436 601.4655 601.4873 601.476 601.4677 601.4899 601.5121 601.5262 601.4996 601.4744 601.5001 601.5258 601.5345 601.5487 601.5217 601.5339 601.5605 601.5871 601.5676 601.551 601.5756 601.5486 601.572 601.624 601.6343 601.6073 601.6175 601.6311 601.6692 601.6698 601.7259 601.7043 601.7274
-9999 -9999 -9999 603.4508 602.462 601.2185 601.0276 601.4285 601.7885 601.8535 601.8415 601.822 601.8172 601.7902 601.78 601.793 601.806 601.7943 601.7777 601.7577 601.7307 601.712 601.6849 601.6898 601.7061 601.7223 601.7126 601.6863 601.6592 601.6403 601.637 601.6608 601.6827 601.6779 601.6663 601.6868 601.709 601.7403 601.7139 601.687 601.7107 601.7364 601.7489 601.7665 601.7526 601.7483 601.7749 601.8015 601.7985 601.7817 601.8128 601.7987 601.809 601.861 601.8845 601.8574 601.8676 601.9015 601.9171 601.9177 601.9738 601.9747 601.9753
-9999 -9999 -9999 603.5278 602.5532 601.3097 601.1188 601.5134 601.8735 601.9664 601.9846 602.0029 601.9954 601.9683 601.9386 601.9516 601.9647 601.955 601.943 601.926 601.8989 601.8901 601.8631 601.8628 601.8791 601.8954 601.8944 601.8754 601.8484 601.8296 601.8262 601.8563 601.8781 601.8798 601.8653 601.8835 601.9058 601.9376 601.9283 601.9014 601.9213 601.947 601.9633 601.981 601.9835 601.9627 601.9893 602.0159 602.0294 602.0125 602.0436 602.0488 602.046 602.0979 602.1346 602.1075 602.1177 602.1652 602.1649 602.1655 602.2217 602.2451 602.2232
-9999 -9999 -9999 603.6047 602.6445 601.4009 601.21 601.5983 601.9584 602.1524 602.1655 602.1837 602.1735 602.1464 602.103 602.1102 602.1233 602.1157 602.1082 602.0942 602.0672 602.0682 602.0413 602.0359 602.0521 602.0684 602.0692 602.0646 602.0377 602.0189 602.0281 602.0516 602.0735 602.0817 602.0643 602.0804 602.1026 602.1333 602.1428 602.1157 602.132 602.1577 602.1777 602.1953 602.2144 602.1874 602.2037 602.2303 602.2568 602.2433 602.2744 602.299 602.2829 602.3349 602.3847 602.3577 602.3679 602.4153 602.4153 602.4135 602.4695 602.4702 602.4433
-9999 -9999 -9999 603.6817 602.7357 601.4921 601.3013 601.6833 602.0433 602.3417 602.3463 602.3644 602.3516 602.3206 602.2773 602.2689 602.2819 602.2764 602.2772 602.2625 602.2355 602.2435 602.2194 602.2089 602.2252 602.2415 602.2439 602.2538 602.2268 602.2082 602.2285 602.2409 602.2689 602.2836 602.2634 602.2794 602.2994 602.329 602.357 602.3301 602.3426 602.3683 602.392 602.4097 602.4363 602.4183 602.4181 602.4446 602.4713 602.474 602.5051 602.5362 602.5221 602.5718 602.6238 602.6078 602.618 602.591 602.5635 602.5351 602.5067 602.4827 602.4598
-9999 -9999 -9999 603.7587 602.8268 601.5833 601.3925 601.7682 602.1292 602.5139 602.527 602.5453 602.5298 602.4949 602.4515 602.4275 602.4406 602.4371 602.447 602.4307 602.4037 602.4117 602.3975 602.382 602.3983 602.4146 602.4186 602.4427 602.416 602.3975 602.4178 602.4302 602.4642 602.4855 602.4624 602.4784 602.4962 602.5247 602.5635 602.5446 602.5532 602.5789 602.6046 602.6241 602.6507 602.6492 602.6324 602.6591 602.6857 602.7048 602.7358 602.7573 602.7305 602.7043 602.6817 602.6586 602.6355 602.6119 602.5835 602.5551 602.5267 602.502 602.4791
-9999 -9999 -9999 603.8356 602.9181 601.6746 601.4836 601.8531 602.2155 602.6002 602.7079 602.7261 602.7079 602.6692 602.6259 602.5861 602.5992 602.5979 602.6115 602.5989 602.572 602.58 602.5757 602.5551 602.5713 602.5876 602.5933 602.6245 602.6052 602.5867 602.6071 602.6194 602.6556 602.6815 602.6614 602.6774 602.6934 602.7204 602.7592 602.7589 602.7639 602.7896 602.8152 602.8385 602.8651 602.88 602.853 602.8645 602.8375 602.8116 602.79 602.7681 602.746 602.7239 602.7012 602.6782 602.655 602.6317 602.6035 602.5751 602.5467 602.5213 602.4984
-9999 -9999 -9999 603.9125 603.0093 601.7657 601.5749 601.938 602.3019 602.6866 602.8887 602.9069 602.8861 602.8435 602.8002 602.7568 602.7578 602.7586 602.7722 602.7672 602.7402 602.7483 602.7538 602.7281 602.7444 602.7606 602.768 602.7993 602.7944 602.776 602.7963 602.8088 602.8448 602.8768 602.8624 602.8765 602.8925 602.9161 602.9549 602.9733 602.9745 603.0002 602.9995 602.9725 602.9481 602.9248 602.9012 602.8777 602.8541 602.8315 602.8099 602.7881 602.7657 602.7436 602.7208 602.6977 602.6746 602.6515 602.6234 602.595 602.5667 602.5406 602.5178
-9999 -9999 -9999 603.9895 603.1005 601.8569 601.663 602.023 602.3882 602.7729 603.0718 603.0877 603.0612 603.0178 602.9744 602.9311 602.9164 602.9194 602.9329 602.9344 602.9084 602.9165 602.9316 602.905 602.9174 602.9337 602.9427 602.974 602.9836 602.9653 602.9856 603.0059 603.0341 603.0702 603.0643 603.0755 603.0915 603.1118 603.1202 603.0933 603.0654 603.0376 603.0124 602.9905 602.9687 602.9454 602.9219 602.8983 602.8748 602.8514 602.8298 602.8081 602.7853 602.7632 602.7403 602.7172 602.6941 602.671 602.6434 602.615 602.5866 602.5599 602.537
-9999 -9999 -9999 604.0665 603.1899 601.9482 601.7479 602.108 602.4746 602.8593 603.244 603.2685 603.2355 603.1921 603.1487 603.1053 603.075 603.0801 603.0936 603.0997 603.0767 603.0848 603.0999 603.0831 603.0905 603.1068 603.1209 603.1487 603.1727 603.1545 603.1749 603.1952 603.2234 603.2595 603.2325 603.2055 603.1814 603.1606 603.1404 603.1147 603.0869 603.0591 603.0331 603.0112 602.9894 602.966 602.9425 602.9189 602.8954 602.8713 602.8496 602.8279 602.8049 602.7828 602.7602 602.7368 602.7137 602.6906 602.6634 602.6349 602.6066 602.5792 602.5564
-9999 -9999 -9999 604.1434 603.2669 602.0394 601.8328 602.1929 602.561 602.9457 603.3303 603.4475 603.4098 603.3664 603.323 603.2797 603.2363 603.2408 603.2544 603.2679 603.2449 603.253 603.2681 603.2613 603.2635 603.2798 603.2961 603.3234 603.3547 603.3439 603.3405 603.3135 603.2912 603.2709 603.2482 603.2255 603.2028 603.181 603.1608 603.1361 603.1083 603.0805 603.0537 603.0319 603.01 602.9866 602.9631 602.9395 602.916 602.8911 602.8695 602.8478 602.8246 602.8025 602.7803 602.7563 602.7332 602.7101 602.6833 602.655 602.6265 602.5988 602.5757
-9999 -9999 -9999 604.2204 603.3439 602.1306 601.9178 602.2778 602.6473 603.032 603.4167 603.6257 603.584 603.5407 603.4973 603.4539 603.4106 603.4016 603.4151 603.4287 603.4132 603.4213 603.4363 603.4395 603.4366 603.4529 603.4475 603.4205 603.3995 603.3773 603.355 603.3322 603.3123 603.2923 603.2697 603.247 603.2243 603.2014 603.1812 603.1576 603.1298 603.1019 603.0745 603.0525 603.0306 603.0073 602.9837 602.9601 602.9366 602.911 602.8893 602.8677 602.8442 602.8221 602.8 602.7758 602.7527 602.7296 602.7033 602.6749 602.6465 602.6187 602.595
-9999 -9999 -9999 604.2974 603.4208 602.2218 602.0027 602.3628 602.7337 603.1184 603.5031 603.8018 603.7584 603.715 603.6716 603.6282 603.5848 603.5623 603.5759 603.5894 603.5814 603.5825 603.5555 603.5285 603.5061 603.4837 603.4622 603.4424 603.4218 603.3995 603.3772 603.3547 603.3334 603.3134 603.2912 603.2685 603.2458 603.2218 603.2016 603.179 603.1512 603.1234 603.0959 603.0732 603.0513 603.0279 603.0043 602.9808 602.9572 602.9315 602.9092 602.8876 602.8638 602.8417 602.8196 602.7953 602.7723 602.7491 602.7233 602.6949 602.6665 602.6385 602.6144
-9999 -9999 -9999 604.3743 603.4977 602.313 602.0876 602.4477 602.8201 603.2048 603.5894 603.8445 603.815 603.7909 603.766 603.7411 603.7161 603.69 603.6633 603.6412 603.6189 603.5966 603.5743 603.5516 603.5292 603.5068 603.4841 603.4644 603.4439 603.4217 603.3994 603.3771 603.3544 603.3345 603.3127 603.29 603.2673 603.2422 603.222 603.2004 603.1727 603.1448 603.1174 603.0938 603.072 603.0485 603.025 603.0014 602.9778 602.9522 602.9291 602.9075 602.8835 602.8613 602.8392 602.8149 602.7918 602.7687 602.7432 602.7148 602.6865 602.6584 602.6337
-9999 -9999 -9999 -9999 603.5747 602.4042 602.1726 602.5327 602.9064 603.2911 603.6758 603.864 603.823 603.797 603.7705 603.7485 603.7276 603.7065 603.6859 603.6647 603.6424 603.6201 603.5978 603.5746 603.5522 603.5298 603.506 603.4863 603.4661 603.4438 603.4216 603.3994 603.3755 603.3556 603.3341 603.3115 603.2888 603.2636 603.2424 603.2219 603.1941 603.1663 603.1387 603.1144 603.0927 603.0695 603.0456 603.022 602.9985 602.9729 602.949 602.9273 602.9039 602.881 602.8589 602.8345 602.8113 602.7883 602.7629 602.7348 602.7064 602.6783 602.653
-9999 -9999 -9999 -9999 603.6517 602.4954 602.2575 602.6176 602.9928 603.3775 603.7621 603.8835 603.8455 603.8185 603.7937 603.7727 603.7518 603.7303 603.7095 603.6888 603.6658 603.6436 603.6213 603.5977 603.5753 603.5529 603.5291 603.5083 603.4886 603.4661 603.4438 603.4216 603.3967 603.3766 603.3556 603.3329 603.3102 603.2853 603.2628 603.2426 603.2155 603.1877 603.16 603.1351 603.1133 603.0906 603.0662 603.0427 603.0191 602.9937 602.9689 602.9472 602.9243 602.9006 602.8785 602.854 602.8309 602.8078 602.7827 602.7548 602.7264 602.6982 602.6723
-9999 -9999 -9999 -9999 603.7286 602.5867 602.3425 602.7025 603.0792 603.4639 603.8485 603.903 603.8707 603.8436 603.8179 603.7969 603.776 603.754 603.7333 603.7125 603.6893 603.6671 603.6447 603.6207 603.5983 603.5759 603.5524 603.5303 603.5106 603.4883 603.466 603.4437 603.4177 603.3978 603.3771 603.3544 603.3317 603.307 603.2833 603.263 603.2369 603.2092 603.1814 603.1558 603.1339 603.1116 603.0869 603.0633 603.0397 603.0144 602.9887 602.967 602.9445 602.9202 602.8981 602.8738 602.8504 602.8273 602.8025 602.7748 602.7464 602.7181 602.6917
-9999 -9999 -9999 -9999 603.8056 602.6779 602.4274 602.7875 603.1655 603.5502 603.9349 603.9227 603.8958 603.8688 603.8421 603.8212 603.8002 603.7776 603.757 603.7363 603.7128 603.6905 603.6682 603.6437 603.6213 603.5989 603.5757 603.5522 603.5325 603.5104 603.4882 603.4659 603.4401 603.4188 603.3986 603.3759 603.3531 603.3287 603.3036 603.2834 603.2584 603.2306 603.2028 603.1765 603.1546 603.1328 603.1075 603.0839 603.0604 603.0351 603.0086 602.9869 602.9649 602.9399 602.9177 602.8939 602.8699 602.8469 602.8223 602.7947 602.7664 602.738 602.711
-9999 -9999 -9999 -9999 603.8826 602.769 602.5123 602.8724 603.2519 603.6366 604.0004 603.9479 603.921 603.894 603.867 603.8453 603.8244 603.8013 603.7806 603.7599 603.7363 603.714 603.6917 603.6671 603.6444 603.622 603.599 603.5742 603.5544 603.5327 603.5104 603.4881 603.4625 603.4399 603.42 603.3973 603.3746 603.3504 603.324 603.3038 603.2798 603.252 603.2242 603.1974 603.1752 603.1534 603.1281 603.1045 603.081 603.0558 603.0289 603.0068 602.9852 602.9595 602.9374 602.914 602.8895 602.8664 602.842 602.8147 602.7863 602.7579 602.7308
-9999 -9999 -9999 -9999 603.9595 602.8603 602.5973 602.9573 603.3383 603.723 604.0198 603.973 603.9462 603.9191 603.8922 603.8696 603.8486 603.8252 603.8043 603.7836 603.7598 603.7375 603.7151 603.6908 603.6675 603.6451 603.6223 603.5961 603.5764 603.5548 603.5326 603.5103 603.485 603.4611 603.441 603.4188 603.3961 603.3721 603.3451 603.3243 603.3013 603.2735 603.2457 603.2189 603.1959 603.174 603.1487 603.1251 603.1016 603.0766 603.0496 603.0267 603.005 602.9791 602.957 602.9341 602.9091 602.8859 602.8618 602.8347 602.8063 602.7779 602.7507
-9999 -9999 -9999 -9999 604.0365 602.9515 602.6823 603.0423 603.4246 603.8093 604.0393 603.9982 603.9713 603.9443 603.9173 603.8937 603.8728 603.8499 603.828 603.8073 603.7833 603.7609 603.7386 603.7145 603.6905 603.6681 603.6456 603.6186 603.5984 603.577 603.5547 603.5325 603.5075 603.4821 603.4622 603.4403 603.4176 603.3938 603.3668 603.3447 603.3227 603.2949 603.2671 603.2403 603.2166 603.1947 603.1693 603.1458 603.1222 603.0973 603.0703 603.0466 603.0249 602.9994 602.9766 602.9542 602.9286 602.9055 602.8816 602.8546 602.8262 602.7979 602.7706
-9999 -9999 -9999 -9999 604.1135 603.0427 602.7672 603.1272 603.511 603.8957 604.0588 604.0233 603.9965 603.9695 603.9425 603.918 603.897 603.8746 603.8517 603.831 603.8071 603.7844 603.7621 603.7383 603.7136 603.6912 603.6688 603.6419 603.6203 603.5992 603.577 603.5547 603.53 603.5032 603.4832 603.4618 603.4391 603.4155 603.3885 603.3651 603.3442 603.3163 603.2885 603.2617 603.2372 603.2153 603.19 603.1664 603.1428 603.118 603.0911 603.0664 603.0447 603.0198 602.9963 602.9742 602.9481 602.925 602.9014 602.8744 602.8463 602.8178 602.7905
-9999 -9999 -9999 -9999 604.1904 603.1339 602.8521 603.2127 603.5974 603.9821 604.0782 604.0485 604.0217 603.9947 603.9677 603.9421 603.9212 603.8992 603.8754 603.8547 603.8314 603.8079 603.7856 603.762 603.7366 603.7142 603.6918 603.6652 603.6423 603.622 603.5991 603.5769 603.5524 603.5255 603.5043 603.4832 603.4606 603.4372 603.4102 603.3855 603.3653 603.3378 603.31 603.2831 603.2578 603.236 603.2111 603.187 603.1635 603.1388 603.1118 603.0863 603.0646 603.0402 603.0159 602.9938 602.9677 602.9445 602.9212 602.8942 602.8662 602.8378 602.8104
-9999 -9999 -9999 -9999 604.2673 603.2251 602.937 603.2991 603.6837 604.0684 604.1006 604.0735 604.0468 604.0198 603.9928 603.9664 603.9454 603.9239 603.899 603.8784 603.8555 603.8314 603.8091 603.7858 603.7596 603.7372 603.7148 603.6885 603.6642 603.6445 603.6213 603.5991 603.5749 603.5479 603.5255 603.5047 603.482 603.4589 603.4319 603.4059 603.3857 603.3593 603.3314 603.3046 603.2785 603.2567 603.2322 603.2076 603.1841 603.1595 603.1325 603.1061 603.0845 603.0605 603.0355 603.0134 602.9874 602.9641 602.941 602.9139 602.8862 602.8578 602.8303
-9999 -9999 -9999 -9999 604.3443 603.3163 603.022 603.3854 603.7701 604.1548 604.1257 604.0987 604.072 604.045 604.018 603.991 603.9696 603.9486 603.9227 603.902 603.8796 603.8549 603.8326 603.8095 603.7827 603.7603 603.7379 603.7119 603.6862 603.6665 603.6436 603.6213 603.5974 603.5704 603.5465 603.5262 603.5035 603.4806 603.4536 603.4266 603.4061 603.3807 603.3528 603.326 603.2991 603.2773 603.2532 603.2283 603.2047 603.1802 603.1533 603.1263 603.1044 603.0807 603.0551 603.033 603.0075 602.9836 602.9605 602.9337 602.9061 602.8777 602.8502
