samples/sfe_209/sfe_209_vv0/sfe_209_vv0/sfe_209_vv0.asc
ncols         267
nrows         135
xllcorner     98.199999999255
yllcorner     82.800000000745
cellsize      0.3
NODATA_value  -9999
[rows 28 to 55 of 135, columns 189 to 251 of 267]
599.1841 599.163 599.1444 599.1259 599.1028 599.0784 599.0555 599.0327 599.0078 598.983 598.9598 598.9366 598.9116 598.8885 598.8696 598.8508 598.8281 598.803 598.7806 598.7582 598.7318 598.709 598.6863 598.6611 598.6359 598.613 598.5901 598.5649 598.546 598.5271 598.5048 598.4781 598.4549 598.4319 598.4064 598.381 598.3588 598.3342 598.3104 598.2873 598.2619 598.2371 598.2141 598.1903 598.1633 598.14 598.1174 598.0908 598.0683 598.0443 598.0178 597.9956 597.9718 597.9515 597.9319 597.9094 597.8824 597.8554 597.8317 597.809 597.7862 597.7614 597.7344
599.1593 599.1393 599.1208 599.1022 599.0789 599.0551 599.0322 599.0093 598.9844 598.96 598.9369 598.9137 598.8885 598.8665 598.8477 598.8289 598.8058 598.7814 598.759 598.7366 598.7105 598.6877 598.665 598.6396 598.615 598.5922 598.569 598.5448 598.5259 598.507 598.4844 598.4581 598.4351 598.412 598.3863 598.3617 598.3395 598.3145 598.2912 598.2681 598.2424 598.2181 598.1952 598.1711 598.1441 598.1215 598.0985 598.0725 598.0501 598.0257 597.9999 597.9778 597.9537 597.934 597.9144 597.8917 597.8647 597.8377 597.8148 597.792 597.7692 597.7442 597.7172
599.1345 599.1157 599.0972 599.0786 599.055 599.0317 599.0089 598.986 598.9609 598.9371 598.9139 598.8907 598.8654 598.8445 598.8257 598.8069 598.7836 598.7598 598.7374 598.7148 598.6892 598.6664 598.6437 598.618 598.5941 598.5713 598.5478 598.5247 598.5057 598.4868 598.4641 598.4383 598.4152 598.3922 598.3662 598.3423 598.3201 598.2951 598.272 598.2488 598.223 598.1992 598.1762 598.1519 598.1254 598.103 598.0797 598.0543 598.0319 598.0071 597.9821 597.9599 597.9362 597.9166 597.897 597.874 597.8469 597.8206 597.7978 597.7751 597.7523 597.7269 597.7006
599.1107 599.0922 599.0735 599.055 599.0313 599.0084 598.9855 598.9626 598.9374 598.9141 598.8909 598.8677 598.8423 598.8226 598.8037 598.7849 598.7614 598.7381 598.7158 598.6929 598.6679 598.6451 598.6224 598.5966 598.5732 598.5504 598.5266 598.5045 598.4857 598.4667 598.4437 598.4185 598.3954 598.3724 598.3461 598.323 598.3008 598.2759 598.2527 598.2296 598.2035 598.1802 598.1573 598.1328 598.1069 598.0845 598.0607 598.0361 598.0136 597.9884 597.9642 597.9421 597.9188 597.8992 597.8796 597.8562 597.8292 597.8036 597.7809 597.7581 597.7354 597.7097 597.684
599.0871 599.0685 599.0499 599.0314 599.0079 598.985 598.9622 598.9393 598.9143 598.8912 598.868 598.8448 598.8195 598.8006 598.7817 598.7629 598.7391 598.7165 598.6942 598.6711 598.6466 598.6238 598.6011 598.5751 598.5522 598.5295 598.5054 598.4844 598.4655 598.4466 598.4233 598.3986 598.3755 598.3525 598.326 598.3036 598.2815 598.2566 598.2335 598.2103 598.1842 598.1613 598.1384 598.1136 598.0884 598.066 598.0418 598.0178 597.9954 597.9698 597.9464 597.9242 597.9014 597.8818 597.8622 597.8385 597.8115 597.7867 597.7639 597.7411 597.7184 597.6924 597.6675
599.0635 599.0449 599.0263 599.0078 598.9846 598.9617 598.9389 598.916 598.8914 598.8682 598.845 598.8218 598.7975 598.7786 598.7598 598.741 598.7173 598.6949 598.6725 598.6492 598.6253 598.6025 598.5798 598.5542 598.5314 598.5085 598.4843 598.4643 598.4454 598.4265 598.403 598.3788 598.3557 598.3327 598.3065 598.2844 598.2621 598.2374 598.2142 598.1911 598.1652 598.1423 598.1194 598.0944 598.0699 598.0475 598.0229 597.9996 597.9771 597.9512 597.9285 597.9063 597.884 597.8644 597.8448 597.8208 597.7938 597.7697 597.7469 597.7242 597.7015 597.6752 597.6509
599.0399 599.0213 599.0027 598.9841 598.9612 598.9384 598.9155 598.8927 598.8684 598.8452 598.822 598.7989 598.7755 598.7567 598.7379 598.719 598.6956 598.6733 598.6509 598.6275 598.604 598.5812 598.5585 598.5333 598.5105 598.4877 598.4631 598.4442 598.4252 598.4064 598.3827 598.3589 598.3359 598.3129 598.2872 598.265 598.2426 598.2181 598.195 598.1718 598.1463 598.1234 598.1005 598.0752 598.0514 598.0291 598.004 597.9814 597.9589 597.9328 597.9106 597.8885 597.8666 597.847 597.8274 597.803 597.7761 597.7528 597.73 597.7073 597.6845 597.658 597.6343
599.0162 598.9977 598.9791 598.9605 598.9379 598.9151 598.8922 598.8694 598.8455 598.8223 598.7991 598.7759 598.7535 598.7347 598.7159 598.697 598.674 598.6517 598.6293 598.6057 598.5827 598.5599 598.5372 598.5124 598.4896 598.4667 598.4429 598.424 598.4052 598.3862 598.3623 598.3391 598.316 598.2928 598.2678 598.2457 598.2228 598.1989 598.1757 598.1526 598.1273 598.1044 598.0815 598.056 598.0329 598.0106 597.9856 597.9631 597.9407 597.9149 597.8928 597.8702 597.8492 597.8296 597.8099 597.7853 597.7586 597.7358 597.7131 597.6903 597.6675 597.6407 597.6178
598.994 598.9741 598.9554 598.9369 598.9146 598.8917 598.8689 598.846 598.8224 598.7993 598.7761 598.7529 598.7316 598.7127 598.6939 598.675 598.6524 598.63 598.6077 598.5841 598.5613 598.5386 598.5159 598.4915 598.4687 598.4459 598.4229 598.4039 598.385 598.3661 598.3423 598.3193 598.2962 598.2726 598.2485 598.2263 598.2031 598.1796 598.1565 598.1331 598.1084 598.0855 598.0626 598.0368 598.0144 597.992 597.9673 597.9449 597.9222 597.8971 597.8749 597.8519 597.8318 597.8121 597.7925 597.7676 597.7416 597.7189 597.6961 597.6733 597.6505 597.6237 597.6013
598.8751 598.8707 598.8931 598.9178 598.9 598.8733 598.8463 598.8227 598.7995 598.7763 598.7532 598.73 598.7096 598.6907 598.6719 598.6531 598.6308 598.6084 598.5861 598.5628 598.54 598.5173 598.4944 598.4706 598.4478 598.425 598.4027 598.3838 598.3649 598.3459 598.3224 598.2994 598.2764 598.2526 598.2292 598.207 598.1835 598.1604 598.1373 598.1136 598.0895 598.0665 598.0436 598.0183 597.9959 597.9735 597.9491 597.9266 597.9036 597.8792 597.8571 597.8339 597.8143 597.7947 597.7751 597.7499 597.7247 597.7019 597.6792 597.6564 597.6332 597.6072 597.5847
598.6463 598.6614 598.6861 598.7109 598.7214 598.7068 598.7274 598.748 598.7592 598.7321 598.7385 598.7115 598.689 598.6688 598.65 598.6311 598.6092 598.5868 598.5645 598.5415 598.5187 598.496 598.473 598.4497 598.4269 598.4041 598.3826 598.3636 598.3448 598.3259 598.3026 598.2796 598.2565 598.2325 598.2098 598.1877 598.1643 598.1412 598.118 598.0942 598.0705 598.0476 598.0247 597.9998 597.9774 597.955 597.9308 597.9084 597.885 597.8613 597.8392 597.8165 597.7969 597.7773 597.7578 597.7321 597.7078 597.685 597.6622 597.6395 597.616 597.5906 597.5681
598.4361 598.4544 598.4791 598.504 598.5095 598.5162 598.5368 598.5574 598.559 598.5423 598.5615 598.5807 598.5963 598.5692 598.5891 598.6098 598.5952 598.5683 598.5428 598.5202 598.4974 598.4747 598.4516 598.4288 598.406 598.3832 598.3624 598.3436 598.3246 598.3057 598.2828 598.2598 598.2367 598.2127 598.1905 598.1683 598.1451 598.1219 598.0988 598.0746 598.0516 598.0287 598.0057 597.9813 597.9589 597.9365 597.9126 597.8902 597.8664 597.8435 597.8214 597.7991 597.7795 597.7599 597.7403 597.7144 597.6908 597.668 597.6453 597.6225 597.5988 597.574 597.5516
598.2286 598.2474 598.2721 598.304 598.322 598.3256 598.3463 598.3669 598.3589 598.3576 598.3768 598.4006 598.4197 598.4058 598.4265 598.4473 598.4626 598.4585 598.4703 598.4822 598.4688 598.4605 598.4335 598.4079 598.3851 598.3622 598.3423 598.3234 598.3045 598.2856 598.2629 598.2399 598.2169 598.1934 598.1712 598.149 598.1258 598.1027 598.0795 598.0555 598.0327 598.0097 597.9868 597.9628 597.9404 597.9176 597.8944 597.8719 597.8478 597.8256 597.8035 597.7817 597.7621 597.7425 597.7229 597.6967 597.6738 597.6511 597.6283 597.6056 597.5815 597.5575 597.535
598.0211 598.0403 598.0651 598.1038 598.1335 598.1351 598.1557 598.1763 598.1588 598.1729 598.1921 598.2383 598.2431 598.2433 598.264 598.2899 598.3033 598.3032 598.315 598.3315 598.3193 598.3297 598.34 598.3307 598.3369 598.3464 598.3255 598.2993 598.2813 598.2655 598.2431 598.2201 598.197 598.174 598.1519 598.1297 598.1066 598.0834 598.0603 598.0366 598.0137 597.9908 597.9679 597.9443 597.9219 597.8987 597.8762 597.8537 597.83 597.8078 597.7856 597.7643 597.7447 597.7251 597.7055 597.6796 597.6569 597.6342 597.6114 597.5886 597.5643 597.541 597.5184
597.8135 597.8334 597.8641 597.8906 597.9333 597.9445 597.9651 597.9857 597.969 597.9882 598.0219 598.076 598.0665 598.0807 598.1015 598.1421 598.1439 598.1479 598.1597 598.1801 598.1697 598.1801 598.1905 598.1815 598.191 598.2005 598.1994 598.1733 598.1824 598.1914 598.1982 598.2034 598.1825 598.1555 598.1325 598.1104 598.0873 598.0642 598.041 598.0176 597.9948 597.9719 597.9487 597.9258 597.9034 597.8804 597.8579 597.8354 597.8121 597.7899 597.7678 597.7469 597.7273 597.7077 597.688 597.6627 597.64 597.6172 597.5944 597.5717 597.5471 597.5244 597.5019
597.606 597.6263 597.6639 597.692 597.7333 597.7539 597.7745 597.7856 597.7843 597.8055 597.8597 597.9138 597.8975 597.9182 597.9474 597.9864 597.9845 597.9926 598.0044 598.0287 598.0201 598.0305 598.0427 598.0355 598.045 598.0545 598.048 598.0291 598.0381 598.0472 598.0495 598.0562 598.0659 598.0759 598.0849 598.0953 598.0745 598.0475 598.0218 597.9987 597.9758 597.9529 597.9297 597.9073 597.8849 597.8621 597.8397 597.8173 597.7942 597.772 597.7499 597.7295 597.7098 597.6902 597.6705 597.6458 597.623 597.6002 597.5775 597.5547 597.5303 597.5078 597.4854
597.397 597.4241 597.4639 597.5045 597.5427 597.5633 597.5839 597.5855 597.5996 597.6433 597.6974 597.7404 597.735 597.7557 597.7996 597.8291 597.8254 597.8373 597.8565 597.8773 597.8706 597.881 597.8962 597.8896 597.8991 597.9086 597.8967 597.8849 597.8939 597.903 597.9008 597.9089 597.9187 597.9283 597.9353 597.9457 597.9483 597.9405 597.9517 597.9629 597.9485 597.9405 597.9135 597.8889 597.8665 597.8439 597.8215 597.799 597.7764 597.7542 597.7321 597.712 597.6924 597.6729 597.6528 597.6288 597.606 597.5833 597.5605 597.5378 597.5137 597.4913 597.4688
597.1876 597.2241 597.2637 597.317 597.3521 597.3727 597.3934 597.3957 597.4269 597.4811 597.5352 597.5639 597.5724 597.6049 597.6518 597.6718 597.6701 597.6819 597.7123 597.7258 597.721 597.7314 597.7496 597.7437 597.7531 597.7626 597.7454 597.7407 597.7498 597.7588 597.7521 597.7616 597.7714 597.7769 597.7858 597.7961 597.7969 597.7891 597.8004 597.8115 597.7971 597.808 597.8188 597.829 597.8403 597.8325 597.8055 597.7808 597.7585 597.7363 597.7142 597.6946 597.675 597.6555 597.6351 597.6119 597.5891 597.5663 597.5436 597.5208 597.4972 597.4747 597.4522
597.0065 597.0239 597.062 597.1295 597.1616 597.1822 597.2028 597.211 597.2647 597.3188 597.373 597.3892 597.4102 597.4571 597.5018 597.5145 597.5148 597.5267 597.5635 597.5744 597.5715 597.5818 597.6006 597.5977 597.6072 597.6166 597.5943 597.5964 597.6055 597.6146 597.6046 597.6144 597.6249 597.6259 597.6362 597.6466 597.6454 597.6378 597.649 597.6601 597.6457 597.6566 597.6675 597.6757 597.687 597.6983 597.7097 597.721 597.7319 597.7247 597.6985 597.6772 597.6577 597.638 597.6177 597.5949 597.5721 597.5494 597.5266 597.5038 597.4806 597.4581 597.4357
596.9269 596.9376 596.9532 596.942 596.9709 596.9916 597.0122 597.0483 597.1025 597.1566 597.2107 597.2267 597.2624 597.3093 597.3445 597.3572 597.3595 597.3787 597.4121 597.423 597.4219 597.4347 597.4492 597.4517 597.4612 597.4692 597.4432 597.4523 597.4613 597.4631 597.4573 597.4671 597.4799 597.4763 597.4866 597.497 597.494 597.4865 597.4976 597.5087 597.4943 597.5052 597.515 597.5223 597.5336 597.545 597.5563 597.5676 597.5746 597.5873 597.6 597.5918 597.5758 597.5936 597.6085 597.5815 597.5552 597.5324 597.5096 597.4869 597.4641 597.4416 597.419
596.8076 596.8109 596.8267 596.8511 596.8847 596.8725 596.8455 596.8861 596.9402 596.9944 597.0485 597.0677 597.1146 597.1615 597.1872 597.1999 597.2042 597.2345 597.2607 597.2715 597.2724 597.2882 597.2978 597.3058 597.3153 597.3181 597.299 597.308 597.3171 597.3117 597.3101 597.3198 597.335 597.3267 597.3371 597.3475 597.3426 597.3351 597.3463 597.3572 597.3428 597.3538 597.3577 597.369 597.3803 597.3917 597.403 597.4143 597.4174 597.4301 597.4428 597.4324 597.4235 597.4413 597.4591 597.4761 597.5018 597.5007 597.5005 597.4735 597.4475 597.425 597.4024
596.6833 596.6843 596.7 596.7218 596.737 596.7691 596.8012 596.8185 596.7915 596.8321 596.8846 596.9199 596.9668 597.0137 597.0298 597.0426 597.0489 597.0903 597.1093 597.1202 597.1228 597.1417 597.1503 597.1599 597.1693 597.1669 597.1548 597.1638 597.1729 597.1603 597.1628 597.174 597.19 597.1772 597.1876 597.1979 597.1912 597.1837 597.1949 597.2058 597.1915 597.2023 597.2043 597.2156 597.227 597.2383 597.2496 597.261 597.2602 597.2729 597.2855 597.273 597.2712 597.289 597.3055 597.3181 597.3438 597.3399 597.3484 597.3611 597.3738 597.3869 597.3932
596.554 596.5577 596.5626 596.5925 596.5892 596.6213 596.6534 596.6806 596.7053 596.73 596.7375 596.7721 596.819 596.8599 596.8726 596.8853 596.901 596.9461 596.9578 596.9688 596.9733 596.9951 597.0044 597.0139 597.0234 597.0156 597.0106 597.0196 597.0287 597.0089 597.0155 597.029 597.045 597.0276 597.038 597.0484 597.0397 597.0324 597.0436 597.0544 597.04 597.0509 597.051 597.0623 597.0736 597.085 597.0963 597.1076 597.103 597.1157 597.1282 597.1136 597.1188 597.1367 597.1508 597.16 597.1857 597.1791 597.1896 597.2023 597.2152 597.2283 597.2413
596.4247 596.4311 596.4256 596.4586 596.4415 596.4736 596.5057 596.5255 596.5502 596.5862 596.6305 596.6748 596.6835 596.7026 596.7153 596.728 596.7568 596.7955 596.8065 596.8173 596.8267 596.8486 596.8585 596.8679 596.8774 596.8643 596.8663 596.8754 596.8845 596.8597 596.8683 596.884 596.8954 596.8781 596.8884 596.8988 596.8883 596.881 596.8922 596.903 596.8886 596.8995 596.8976 596.9089 596.9203 596.9316 596.9429 596.9543 596.9457 596.9584 596.9709 596.9542 596.9666 596.9844 596.992 597.002 597.0251 597.0182 597.0309 597.0436 597.0566 597.0696 597.0826
596.2955 596.3045 596.2963 596.3109 596.2938 596.3259 596.3571 596.3704 596.3992 596.4435 596.4879 596.5322 596.5768 596.6218 596.6305 596.6035 596.6125 596.6442 596.655 596.6659 596.6802 596.702 596.7125 596.722 596.7314 596.7131 596.7221 596.7312 596.733 596.7112 596.7231 596.7391 596.744 596.7285 596.7389 596.7493 596.7369 596.7297 596.7407 596.7515 596.7372 596.7451 596.7443 596.7556 596.7669 596.7783 596.7896 596.7956 596.7885 596.8012 596.8135 596.7964 596.8142 596.8297 596.8312 596.8439 596.8643 596.8596 596.8722 596.8849 596.8979 596.911 596.924
596.1662 596.1755 596.1671 596.1631 596.146 596.1781 596.1905 596.2152 596.2565 596.3008 596.3452 596.3895 596.4344 596.4756 596.4862 596.4969 596.517 596.5495 596.5225 596.5145 596.5336 596.5555 596.5665 596.576 596.5855 596.5688 596.5779 596.587 596.5816 596.564 596.5781 596.5941 596.5925 596.579 596.5894 596.5997 596.5854 596.5784 596.5893 596.6002 596.5858 596.5856 596.5909 596.6022 596.6136 596.6249 596.6362 596.6362 596.6313 596.6439 596.6563 596.6441 596.6619 596.675 596.6704 596.6859 596.7036 596.7008 596.7135 596.7263 596.7393 596.7524 596.7652
596.0369 596.0375 596.0377 596.0154 595.9982 596.0303 596.0353 596.0696 596.1139 596.1582 596.2025 596.2471 596.2919 596.3251 596.3357 596.3463 596.3744 596.4058 596.3668 596.4066 596.4423 596.4415 596.4206 596.4301 596.4363 596.4247 596.4337 596.4427 596.4302 596.4171 596.4331 596.4491 596.4412 596.4294 596.4398 596.4501 596.4341 596.427 596.4379 596.4487 596.4343 596.4263 596.4376 596.4489 596.4603 596.4716 596.4829 596.4768 596.4741 596.4866 596.4989 596.4918 596.5086 596.5203 596.5096 596.5279 596.5427 596.5421 596.5547 596.5677 596.5807 596.5938 596.6065
595.9089 595.8996 595.8946 595.8676 595.8505 595.867 595.8826 595.9269 595.9713 596.0156 596.0599 596.1047 596.1492 596.1745 596.1851 596.196 596.2318 596.2335 596.1777 596.2064 596.2068 596.2583 596.2869 596.2599 596.3042 596.3345 596.3075 596.2985 596.2787 596.2722 596.2881 596.3041 596.2897 596.2798 596.2902 596.3006 596.2828 596.2756 596.2864 596.2973 596.2829 596.2729 596.2842 596.2956 596.3069 596.3182 596.3296 596.3176 596.3168 596.3292 596.3416 596.3395 596.3539 596.3656 596.3488 596.3687 596.3819 596.3834 596.3961 596.4091 596.4221 596.4351 596.4478
