samples/sfe_209/sfe_209_vv0/sfe_209_vv0/sfe_209_vv0.asc
ncols         267
nrows         135
xllcorner     98.199999999255
yllcorner     82.800000000745
cellsize      0.3
NODATA_value  -9999
[rows 28 to 55 of 135, columns 63 to 125 of 267]
602.4657 602.4384 602.4111 602.384 602.3546 602.3229 602.2911 602.2618 602.2325 602.2009 602.1694 602.1395 602.1123 602.0849 602.0575 602.0302 602.0034 601.9742 601.943 601.9117 601.8805 601.8525 601.8254 601.7982 601.7709 601.7437 601.7165 601.6897 601.662 601.6306 601.5993 601.568 601.5379 601.5109 601.4841 601.4577 601.4302 601.4027 601.3751 601.3476 601.3206 601.2937 601.2667 601.2397 601.2126 601.1855 601.1581 601.1308 601.1035 601.0762 601.0494 601.0223 600.9954 600.9683 600.9414 600.9144 600.8895 600.8759 600.8489 600.8226 600.796 600.7689 600.7419
602.4371 602.4098 602.3826 602.3554 602.3262 602.2944 602.2627 602.2326 602.2036 602.1719 602.1404 602.1099 602.0827 602.0552 602.0278 602.0005 601.9736 601.9445 601.9133 601.882 601.8508 601.8222 601.7952 601.7679 601.7407 601.7134 601.6862 601.6594 601.6316 601.6003 601.569 601.5377 601.507 601.48 601.4532 601.4268 601.3994 601.3718 601.3442 601.3167 601.2897 601.2627 601.2357 601.2087 601.1817 601.1545 601.1271 601.0998 601.0724 601.0452 601.0183 600.9913 600.9643 600.9373 600.9103 600.8833 600.8589 600.8454 600.8184 600.7921 600.7654 600.7384 600.7114
602.4085 602.3812 602.3539 602.3268 602.2977 602.2659 602.2342 602.2033 602.1746 602.1429 602.1114 602.0803 602.053 602.0256 601.9982 601.9708 601.9439 601.9148 601.8835 601.8523 601.821 601.7919 601.7649 601.7376 601.7104 601.6831 601.6559 601.629 601.6013 601.5699 601.5386 601.5073 601.476 601.449 601.4223 601.3959 601.3685 601.3409 601.3134 601.2858 601.2587 601.2317 601.2047 601.1777 601.1507 601.1235 601.0961 601.0688 601.0414 601.0142 600.9872 600.9602 600.9332 600.9062 600.8792 600.8522 600.8284 600.8149 600.7878 600.7615 600.7349 600.7079 600.6808
602.3799 602.3527 602.3254 602.2982 602.2692 602.2375 602.2057 602.1741 602.1456 602.114 602.0824 602.0508 602.0234 601.996 601.9686 601.9411 601.9142 601.8851 601.8538 601.8226 601.7913 601.7617 601.7346 601.7073 601.6801 601.6528 601.6256 601.5987 601.5709 601.5396 601.5083 601.4769 601.4456 601.4181 601.3914 601.3651 601.3376 601.31 601.2825 601.2549 601.2277 601.2007 601.1737 601.1467 601.1197 601.0925 601.0651 601.0378 601.0104 600.9831 600.9561 600.9291 600.9021 600.8751 600.8481 600.8212 600.7979 600.7843 600.7573 600.731 600.7043 600.6773 600.6503
602.3513 602.324 602.2968 602.2695 602.2408 602.209 602.1772 602.1455 602.1165 602.085 602.0534 602.0218 601.9938 601.9664 601.9389 601.9115 601.8845 601.8553 601.8241 601.7928 601.7616 601.7314 601.7043 601.6771 601.6498 601.6226 601.5953 601.5683 601.5406 601.5093 601.478 601.4466 601.4153 601.3872 601.3604 601.3342 601.3067 601.2791 601.2515 601.224 601.1967 601.1697 601.1427 601.1157 601.0887 601.0615 601.0341 601.0068 600.9794 600.9521 600.925 600.898 600.871 600.844 600.8171 600.79 600.7673 600.7538 600.7267 600.7005 600.6738 600.6468 600.6198
602.3227 602.2955 602.2682 602.2409 602.2123 602.1805 602.1488 602.1171 602.0875 602.056 602.0244 601.9928 601.9642 601.9367 601.9093 601.8818 601.8547 601.8256 601.7944 601.7631 601.7319 601.7011 601.674 601.6468 601.6195 601.5923 601.565 601.538 601.5103 601.4789 601.4476 601.4163 601.3849 601.3563 601.3295 601.3033 601.2758 601.2482 601.2206 601.1931 601.1656 601.1387 601.1117 601.0847 601.0577 601.0305 601.0032 600.9852 600.9635 600.9365 600.8718 600.7996 600.7651 600.738 600.7111 600.6841 600.6616 600.6472 600.6202 600.594 600.5673 600.5402 600.5186
602.2941 602.2668 602.2396 602.2123 602.1838 602.1521 602.1204 602.0886 602.0585 602.027 601.9954 601.9638 601.9345 601.9071 601.8796 601.8522 601.825 601.7959 601.7646 601.7334 601.7021 601.6709 601.6437 601.6165 601.5892 601.562 601.5347 601.5076 601.4799 601.4486 601.4172 601.3859 601.3575 601.3305 601.2969 601.2476 601.2252 601.2114 601.1843 601.1553 601.0927 601.0205 600.9558 600.9288 600.9018 600.8748 600.8537 600.8395 600.8128 600.7632 600.691 600.6188 600.5842 600.5572 600.5303 600.5032 600.4808 600.4647 600.4377 600.4115 600.3847 600.3577 600.3468
602.2655 602.2383 602.211 602.1837 602.1554 602.1236 602.0919 602.0601 602.0295 601.998 601.9664 601.9348 601.9048 601.8774 601.85 601.8226 601.7953 601.7662 601.7349 601.7037 601.6724 601.6412 601.6135 601.5862 601.56 601.533 601.5195 601.4699 601.3977 601.3481 601.322 601.2949 601.2605 601.189 601.1176 601.0684 601.046 601.0305 601.0035 600.9625 600.9118 600.8397 600.775 600.748 600.7209 600.694 600.6746 600.6587 600.632 600.5823 600.5101 600.4379 600.4034 600.3764 600.3494 600.3224 600.2999 600.2822 600.2552 600.2289 600.2022 600.1752 600.175
602.2369 602.2097 602.1824 602.1552 602.1269 602.0952 602.0634 602.0317 602.0005 601.969 601.9374 601.9058 601.8752 601.8478 601.8204 601.793 601.7705 601.7435 601.6866 601.6597 601.6326 601.5834 601.512 601.4406 601.4061 601.3792 601.3588 601.2891 601.2169 601.1672 601.1428 601.1158 601.0813 601.0098 600.9384 600.8892 600.8668 600.8497 600.8226 600.7731 600.731 600.6588 600.5941 600.5671 600.5401 600.5131 600.4954 600.4778 600.4511 600.4015 600.3293 600.2571 600.2225 600.1956 600.1686 600.1415 600.1191 600.0997 600.0726 600.0464 600.0197 599.9944 600.0032
602.2083 602.1811 602.1538 602.1266 602.0984 602.0667 602.0349 602.0032 601.9716 601.9407 601.9138 601.887 601.8531 601.7817 601.7222 601.7079 601.6456 601.5745 601.5075 601.4805 601.4535 601.4042 601.3327 601.2613 601.2269 601.2 601.1605 601.1082 601.036 600.9864 600.9636 600.9366 600.9022 600.8306 600.7591 600.7099 600.6877 600.6688 600.6418 600.5922 600.5496 600.478 600.4133 600.3863 600.3593 600.3323 600.3162 600.2969 600.2703 600.2206 600.1484 600.0762 600.0417 600.0147 599.9877 599.9607 599.9382 599.9171 599.8901 599.8639 599.8371 599.8226 599.8314
602.1797 602.1525 602.1252 602.098 602.0755 602.0485 601.9896 601.9626 601.9009 601.8296 601.7582 601.7292 601.6757 601.6042 601.5448 601.5288 601.4692 601.3981 601.3283 601.3013 601.2743 601.2249 601.1534 601.082 601.0476 601.0209 600.9622 600.9274 600.8552 600.8069 600.7845 600.7574 600.723 600.6513 600.5798 600.5306 600.5085 600.488 600.461 600.4114 600.3568 600.2971 600.2324 600.2054 600.1784 600.1514 600.1371 600.116 600.0894 600.0398 599.9676 599.8954 599.8608 599.8339 599.8069 599.7798 599.7574 599.7346 599.7076 599.6813 599.6546 599.6508 599.6596
602.1626 602.0911 602.0271 602.0001 601.9401 601.8654 601.7985 601.7715 601.7235 601.6521 601.5807 601.5397 601.4982 601.4268 601.3673 601.3496 601.2928 601.2217 601.1506 601.1222 601.0952 601.0458 600.9742 600.9028 600.8683 600.8417 600.7774 600.7465 600.6743 600.6278 600.6053 600.5783 600.5438 600.472 600.4006 600.3514 600.3293 600.3071 600.2802 600.2305 600.1639 600.1163 600.0516 600.0246 599.9976 599.9706 599.9579 599.9351 599.9086 599.8589 599.7867 599.7145 599.6801 599.653 599.626 599.599 599.5765 599.5521 599.525 599.4988 599.472 599.4791 599.4879
601.9578 601.8864 601.8224 601.7954 601.749 601.6743 601.6074 601.5804 601.546 601.4747 601.4033 601.3502 601.3207 601.2493 601.1899 601.1705 601.1164 601.0453 600.9742 600.943 600.916 600.8666 600.795 600.7235 600.6891 600.6625 600.5983 600.5601 600.4935 600.4487 600.4261 600.3992 600.3647 600.2929 600.2214 600.1721 600.1502 600.1263 600.0993 600.0497 599.9775 599.9354 599.8707 599.8438 599.8167 599.7897 599.7787 599.7541 599.7277 599.6781 599.6059 599.5337 599.4992 599.4722 599.4452 599.4182 599.3957 599.3695 599.3425 599.3163 599.2913 599.3073 599.316
601.7531 601.6816 601.6176 601.5906 601.5579 601.4832 601.4163 601.3893 601.368 601.2972 601.2258 601.1609 601.1348 601.0718 601.0124 600.9913 600.9399 600.8688 600.7977 600.7639 600.7368 600.6874 600.6157 600.5443 600.5099 600.4834 600.4191 600.3672 600.3126 600.2695 600.247 600.22 600.1855 600.1138 600.0421 599.9929 599.9711 599.9454 599.9185 599.8688 599.7966 599.751 599.6899 599.6629 599.6359 599.6089 599.5996 599.5732 599.5469 599.4973 599.425 599.3528 599.3184 599.2913 599.2643 599.2374 599.214 599.187 599.16 599.1337 599.1195 599.1354 599.1442
601.5466 601.4769 601.4129 601.3859 601.3589 601.2921 601.2252 601.1982 601.1788 601.1198 601.0483 600.977 600.9453 600.8944 600.8349 600.8122 600.7635 600.6924 600.6213 600.5847 600.5577 600.5083 600.4365 600.3651 600.3306 600.3043 600.2399 600.1689 600.1318 600.0903 600.0678 600.0408 600.0063 599.9346 599.8629 599.8137 599.7916 599.7646 599.7376 599.688 599.6158 599.5582 599.509 599.4821 599.455 599.428 599.419 599.3922 599.366 599.3164 599.2442 599.172 599.1375 599.1105 599.0835 599.0565 599.0314 599.0045 598.9774 598.9512 598.9477 598.9637 598.9741
601.3281 601.2722 601.2081 601.1812 601.1541 601.101 601.0341 601.0071 600.9841 600.9423 600.8709 600.7995 600.7557 600.7169 600.6575 600.633 600.5872 600.5161 600.4449 600.4055 600.3785 600.3292 600.2574 600.1858 600.1514 600.1251 600.0608 599.989 599.9509 599.9112 599.8887 599.8617 599.8272 599.7554 599.6837 599.6344 599.6108 599.5837 599.5568 599.5071 599.4349 599.3652 599.3282 599.3012 599.2742 599.2472 599.2382 599.2113 599.1852 599.1356 599.0634 598.9911 598.9567 598.9297 598.9026 598.8757 598.8489 598.8219 598.7949 598.7687 598.7759 598.7919 598.8038
601.1094 601.0674 601.0034 600.9764 600.9494 600.9099 600.843 600.816 600.7894 600.7648 600.6934 600.6221 600.5662 600.5395 600.48 600.4539 600.4108 600.3397 600.2686 600.2264 600.1994 600.15 600.0782 600.0065 599.9722 599.9459 599.8816 599.8098 599.7615 599.7321 599.7095 599.6825 599.6481 599.5763 599.5045 599.4551 599.4299 599.4029 599.3759 599.3263 599.2541 599.2045 599.1775 599.1361 599.1042 599.0773 599.0668 599.0398 599.0124 598.9854 598.9529 598.9038 598.8271 598.7721 598.7345 598.7075 598.6805 598.6534 598.6357 598.6645 598.6839 598.6569 598.6355
600.8907 600.8627 600.7986 600.7717 600.7446 600.7177 600.6519 600.6249 600.598 600.5839 600.5159 600.4446 600.3766 600.3506 600.3017 600.2747 600.2344 600.1633 600.0922 600.0472 600.0202 599.9708 599.899 599.8273 599.793 599.7668 599.7025 599.6307 599.5687 599.5529 599.5303 599.5034 599.4689 599.4195 599.3925 599.3504 599.2927 599.2504 599.2234 599.1973 599.1702 599.1324 599.0766 599.0208 598.989 598.9619 598.9412 598.9156 598.8843 598.8529 598.7873 598.7548 598.6781 598.6192 598.5688 598.5419 598.5148 598.4879 598.4701 598.4988 598.5182 598.4913 598.4766
600.6722 600.6459 600.5939 600.5669 600.5399 600.5129 600.4608 600.4338 600.4069 600.3946 600.3385 600.2671 600.1957 600.1613 600.1226 600.0955 600.058 599.9869 599.9158 599.868 599.8411 599.7917 599.7199 599.6705 599.6442 599.603 599.5687 599.5417 599.4931 599.4401 599.3901 599.3631 599.3361 599.3091 599.282 599.2262 599.1685 599.1262 599.0992 599.0747 599.0477 599.0171 598.9612 598.9055 598.8736 598.8466 598.8119 598.7914 598.7601 598.7204 598.6492 598.5947 598.529 598.4664 598.4033 598.3762 598.3492 598.3222 598.3045 598.3332 598.3527 598.3256 598.3118
600.4536 600.4276 600.3892 600.3621 600.3351 600.3081 600.2697 600.2427 600.2158 600.2053 600.161 600.0897 600.0182 599.9718 599.9434 599.9164 599.8816 599.8325 599.8055 599.7661 599.7143 599.6736 599.6388 599.5986 599.5431 599.4876 599.4475 599.411 599.3623 599.3094 599.2576 599.2306 599.2036 599.1766 599.1495 599.1019 599.0443 599.002 598.9749 598.9522 598.9252 598.8982 598.8459 598.7901 598.7583 598.7313 598.6826 598.6671 598.6357 598.588 598.5354 598.429 598.3799 598.3135 598.244 598.2106 598.1836 598.1566 598.1389 598.1676 598.187 598.16 598.1439
600.2545 600.2273 600.2006 600.1736 600.1456 600.1185 600.0916 600.0645 600.0375 600.024 600.0013 599.9743 599.9439 599.89 599.8362 599.7958 599.7687 599.743 599.716 599.6669 599.6152 599.5718 599.537 599.4869 599.4277 599.3722 599.325 599.2803 599.2316 599.1786 599.1257 599.0981 599.071 599.0441 599.0171 598.9777 598.92 598.8777 598.8507 598.8297 598.8027 598.7756 598.7307 598.6748 598.6429 598.616 598.5649 598.5429 598.5114 598.4554 598.4112 598.291 598.2309 598.1606 598.0911 598.045 598.0179 597.991 597.9733 598.002 598.0214 598 598.004
600.1547 600.1196 600.0932 600.0662 600.0318 600.0048 599.9778 599.9508 599.9238 599.9103 599.886 599.8589 599.832 599.7811 599.7273 599.6868 599.6599 599.6356 599.6086 599.5678 599.516 599.4701 599.4352 599.3644 599.3123 599.2568 599.2025 599.1496 599.1107 599.0479 598.9949 598.9656 598.9385 598.9116 598.8846 598.8535 598.7958 598.7535 598.7265 598.7071 598.6801 598.6531 598.6153 598.5594 598.5276 598.5006 598.4496 598.4187 598.3871 598.3294 598.2869 598.1806 598.0707 598.0077 597.9382 597.8793 597.8524 597.8253 597.8076 597.8363 597.8558 597.8351 597.8748
600.058 600.0167 599.9858 599.9588 599.9181 599.8911 599.8641 599.837 599.8101 599.7966 599.7706 599.7437 599.7166 599.6722 599.6183 599.5779 599.5509 599.5281 599.5012 599.4686 599.4169 599.3683 599.3335 599.2592 599.2053 599.1414 599.0859 599.0314 598.9919 598.9171 598.8641 598.8331 598.8061 598.7791 598.7521 598.7253 598.6716 598.6293 598.6023 598.5846 598.5576 598.5306 598.5 598.4442 598.4124 598.3853 598.3343 598.2945 598.2628 598.2051 598.1627 598.0702 597.9327 597.8561 597.7853 597.7137 597.6867 597.6597 597.642 597.6707 597.6901 597.6953 597.7473
599.9613 599.9222 599.8784 599.8514 599.8043 599.7773 599.7503 599.7233 599.6964 599.6823 599.6553 599.6283 599.6013 599.5633 599.5095 599.469 599.442 599.4207 599.3937 599.3668 599.3177 599.2665 599.2317 599.1575 599.0925 599.0259 598.9705 598.9193 598.8612 598.7867 598.7333 598.7006 598.6736 598.6465 598.6196 598.5926 598.5474 598.5051 598.4781 598.462 598.4351 598.4081 598.381 598.3288 598.297 598.27 598.219 598.1655 598.1385 598.0808 598.0309 597.9494 597.8223 597.707 597.6324 597.5544 597.5211 597.4941 597.4764 597.5051 597.5245 597.5833 597.6287
599.8647 599.8205 599.7708 599.744 599.6958 599.6636 599.6366 599.6096 599.5826 599.567 599.54 599.513 599.486 599.4543 599.4005 599.3601 599.3331 599.3133 599.2863 599.2593 599.2186 599.1667 599.1299 599.0557 598.9814 598.9205 598.855 598.8073 598.7305 598.6678 598.6026 598.5681 598.5411 598.5141 598.4871 598.4601 598.4232 598.3809 598.3539 598.3395 598.3126 598.2855 598.2585 598.2135 598.1817 598.1547 598.1036 598.0479 598.0142 597.9565 597.8988 597.8252 597.7119 597.5745 597.3333 596.9623 596.7305 596.6357 596.545 597.1838 597.3865 597.4583 597.5103
599.768 599.7187 599.663 599.6365 599.5903 599.5499 599.5228 599.4958 599.4689 599.4517 599.4247 599.3976 599.3707 599.3441 599.2916 599.2512 599.2242 599.2059 599.1789 599.1519 599.1194 599.0676 599.0282 598.9539 598.8797 598.8174 598.7397 598.6854 598.6122 598.5491 598.4718 598.4355 598.4086 598.3816 598.3546 598.3276 598.299 598.2566 598.2305 598.217 598.19 598.163 598.136 598.0981 598.0663 598.0394 597.9883 597.9325 597.8899 597.8322 597.7745 597.701 597.6015 597.172 596.5712 596.5068 596.372 596.3143 596.346 596.3387 596.4523 597.3595 597.3917
599.6713 599.6201 599.5655 599.5291 599.4849 599.4362 599.4091 599.3821 599.3551 599.3364 599.3094 599.2823 599.2554 599.2285 599.1827 599.1423 599.1152 599.0985 599.0715 599.0445 599.0175 598.9684 598.9265 598.8522 598.7779 598.7037 598.6358 598.5688 598.5002 598.4302 598.3438 598.303 598.2761 598.2491 598.2221 598.1951 598.1686 598.1324 598.108 598.0945 598.0674 598.0405 598.0134 597.9828 597.951 597.924 597.873 597.8172 597.7656 597.7079 597.6555 597.3875 596.598 596.4537 596.3068 596.1963 596.1225 596.107 596.1277 596.245 596.311 596.4185 597.103
599.5746 599.5234 599.4711 599.4217 599.3794 599.3224 599.2954 599.2684 599.2414 599.2211 599.194 599.1671 599.14 599.113 599.0738 599.0333 599.0063 598.9911 598.9641 598.9371 598.9101 598.8693 598.8246 598.7504 598.6761 598.6019 598.5327 598.4541 598.3882 598.3114 598.225 598.1706 598.1436 598.1166 598.0896 598.0626 598.0359 598.0082 597.9855 597.9719 597.9449 597.9179 597.8909 597.8639 597.8357 597.8087 597.7625 597.7355 596.9843 596.928 596.7665 596.4962 596.335 596.2297 596.092 596.0165 595.9905 596.0032 596.058 596.1495 596.245 596.3207 596.3752
