samples/sfe_322/sfe_322_c4/sfe_322_c4/sfe_322_c4.asc
ncols         299
nrows         166
xllcorner     73.39999999851
yllcorner     65.60000000149
cellsize      1
NODATA_value  -9999
[rows 56 to 83 of 166, columns 128 to 191 of 299]
602.1795 601.9315 602.1285 602.4725 602.356 602.1005 602.291 602.3425 602.394 602.892 602.4335 602.476 602.5195 602.366 602.705 602.729 602.7665 602.9705 602.694 602.724 602.7215 602.7524 602.762 602.7955 602.8315 602.347 602.8065 602.8015 602.8075 602.8085 602.8265 603.2735 602.7485 602.2555 602.7245 602.8785 602.5395 602.4795 602.458 602.235 602.4945 602.8985 602.3525 602.308 602.2545 602.027 602.235 601.879 602.012 602.2215 601.9545 601.8385 601.743 601.6535 601.5215 601.2795 601.041 600.905 600.759 600.6194 600.5864 600.4365 600.3805 599.942
602.062 601.896 602.0655 602.3215 602.0605 602.0635 602.3965 602.299 602.309 602.7005 602.551 602.5665 602.6185 602.474 602.4055 602.446 602.642 602.9705 602.9505 602.9725 602.825 602.7025 602.686 602.7195 602.885 602.526 602.7305 602.7255 602.722 602.7385 602.8855 603.3545 602.841 602.3145 602.6155 603.0655 602.986 602.959 602.911 602.585 602.7225 602.864 602.4615 602.5365 602.3335 601.972 601.9445 601.6935 601.9195 601.874 601.4675 601.5515 601.607 601.481 601.209 601.4045 601.6955 601.539 601.2401 601.125 600.9545 600.552 600.3427 600.0895
602.3655 602.3105 602.2415 602.5685 602.4325 602.449 602.5075 602.247 602.4554 602.3155 602.637 602.667 602.698 603.1975 602.7465 602.589 602.916 602.9535 602.9905 603.1985 602.909 602.6385 602.8235 602.657 602.9745 603.15 602.861 602.8615 602.8495 602.6635 602.958 603.4275 602.9145 602.5865 602.7485 603.0295 602.8135 602.7885 602.7265 602.501 602.7495 602.41 602.5335 602.9565 602.415 602.3635 602.2695 601.9275 602.0555 601.969 601.855 601.864 601.883 601.9655 601.548 601.285 601.487 601.548 601.109 600.9935 600.816 600.4985 600.6105 600.4445
601.95 602.2465 602.5575 602.636 602.3775 602.397 602.4465 602.4435 602.9475 602.645 602.5485 602.7729 602.9635 603.3325 602.851 602.581 602.809 602.837 602.8555 603.0325 602.9845 602.964 603.1155 602.974 603.0575 603.224 603.3265 603.482 603.484 603.01 603.031 603.3375 602.82 602.7765 603.2095 603.184 602.6975 602.844 602.9675 602.448 602.4465 602.3265 602.4315 602.755 602.5 602.44 602.381 602.283 602.536 602.4245 602.345 601.968 601.6345 601.983 601.6645 601.121 601.187 601.53 601.2215 600.9515 600.9406 600.6265 600.3625 600.2545
602.379 602.428 602.485 602.5185 602.5385 602.5725 602.6045 602.446 602.7905 602.9975 602.716 602.857 603.014 603.221 602.94 602.7665 603.09 603.117 603.1305 602.8705 603.0775 603.286 603.003 603.306 603.1225 602.6605 603.1495 603.442 603.258 602.9415 603.103 603.276 602.9475 602.7375 603.0305 603.175 602.829 602.8995 602.986 602.63 602.769 602.896 602.5595 602.336 602.5785 602.5205 602.477 602.41 602.3625 602.251 602.2005 602.0795 601.9865 602.3695 601.7875 601.2005 601.5805 601.931 601.336 600.7365 601.1175 601.403 600.738 600.437
603.0665 603.114 603.148 603.0225 603.0439 603.2155 603.0805 602.67 602.873 603.1975 603.0245 602.7995 602.719 603.203 603.2065 602.9295 602.9845 603.0005 603.0235 603.0025 603.338 603.651 603.623 603.515 603.023 602.6795 603.026 603.071 602.758 602.7085 602.996 603.4755 603.5775 603.2225 603.0775 603.361 603.275 602.999 602.845 602.5804 602.683 603.11 603.014 602.533 602.6695 602.7445 602.5545 602.518 602.598 602.503 602.265 602.196 602.0915 602.224 601.934 601.437 601.5465 601.798 601.493 601.1965 601.424 601.4355 600.9445 600.4615
602.8855 602.93 602.95 602.6885 602.8885 603.4035 602.953 602.4855 602.978 603.213 602.928 602.7525 603.058 603.3895 603.2346 603.245 603.259 603.282 603.303 603.325 603.359 603.375 603.4 603.31 603.1725 603.1615 603.17 603.168 603.153 603.136 603.13 603.233 603.3435 603.4935 603.1525 603.1395 603.102 602.8795 603.1115 602.9625 602.8085 603.082 602.8445 602.3195 602.7495 603.175 602.645 602.4015 602.634 602.753 602.3555 602.311 602.2135 601.6705 602.0605 602.127 601.736 601.4545 601.6575 601.8125 601.5065 601.0955 601.131 600.9225
602.776 602.7945 602.6735 602.6735 603.156 603.5255 603.0526 602.5785 603.075 603.5755 603.5705 603.1226 603.1655 603.374 602.95 602.809 602.813 603.002 603.205 603.061 602.889 602.904 602.9235 603.3465 603.582 603.512 603.5155 603.504 603.5125 603.6185 603.608 603.289 602.8555 603.29 603.2205 603.222 603.336 602.807 602.638 602.8995 603.2785 603.4055 602.9055 602.546 603.0055 603.146 602.7375 602.5255 602.529 602.7485 602.474 602.25 602.157 601.925 602.366 602.572 602.2815 601.864 601.793 601.597 601.318 601.277 601.275 600.984
603.0945 603.309 603.0435 602.877 603.2235 603.4485 603.1625 602.6805 603.1875 603.524 603.352 603.076 603.266 603.771 603.2995 603.0245 603.223 603.3475 603.457 603.4335 603.4814 603.5279 603.573 603.6097 603.6372 603.6503 603.649 603.6412 603.6106 603.572 603.5094 603.4569 603.3785 603.5265 603.314 603.09 603.35 603.1985 603.0275 602.813 603.104 603.5375 602.997 602.7665 603.03 602.699 602.8329 603.0535 602.824 602.9635 602.587 602.243 602.3545 602.3905 602.449 602.5775 602.1805 602.1 601.973 601.408 601.776 602.103 601.446 601.052
602.8605 603.329 603.186 602.7565 602.9684 603.4265 603.2735 602.789 603.1255 603.3655 603.08 602.8995 603.1945 603.5215 603.4198 603.4799 603.5494 603.6103 603.6664 603.7314 603.779 603.8221 603.8635 603.8997 603.9272 603.9402 603.9388 603.9269 603.8964 603.8521 603.7936 603.737 603.6535 603.5614 603.4525 603.2025 603.061 603.317 603.6775 603.1445 602.9915 603.314 603.089 602.9 602.9175 602.821 602.9185 602.77 602.5645 602.7905 602.535 602.4865 602.8875 602.5335 602.2345 602.6355 602.522 602.2661 602.1685 601.703 601.7955 602.0165 601.712 601.653
603.233 603.765 603.324 602.8515 603.338 603.857 603.3835 603.4185 603.4437 603.4863 603.5301 603.5737 603.6243 603.6754 603.7322 603.7894 603.8551 603.9163 603.969 604.0271 604.0765 604.1164 604.154 604.1896 604.2171 604.23 604.2284 604.2127 604.1821 604.1321 604.0778 604.0171 603.9285 603.8382 603.7228 603.6179 603.5102 603.3841 603.466 603.3045 603.1405 602.914 603.1815 603.416 603.1955 603.3565 603.0165 602.493 602.938 603.076 602.7375 602.522 602.7955 602.702 602.6664 602.8845 602.6385 602.2645 602.394 602.469 602.0505 601.76 601.933 602.2285
603.377 603.427 603.4614 603.5189 603.5681 603.6094 603.6513 603.7108 603.7536 603.7979 603.8446 603.8881 603.9376 603.9893 604.0446 604.099 604.1608 604.2224 604.2715 604.3227 604.3741 604.4106 604.4445 604.4796 604.5071 604.5198 604.5182 604.4985 604.4679 604.4122 604.362 604.2969 604.2035 604.1103 603.993 603.8993 603.7867 603.6533 603.5183 603.4058 603.4926 603.4145 603.261 603.272 602.931 603.069 603.1385 602.727 602.889 603.3435 603.2535 602.758 602.754 602.724 602.855 603.001 602.65 602.527 602.601 602.6785 602.6755 602.384 602.1305 602.3365
603.6227 603.6956 603.7562 603.8151 603.8682 603.9164 603.9529 604.0161 604.0635 604.1094 604.1574 604.2026 604.251 604.3033 604.3571 604.4085 604.4666 604.5284 604.5741 604.6183 604.6716 604.7048 604.735 604.7698 604.797 604.8097 604.8083 604.7843 604.7537 604.6953 604.6462 604.5718 604.4858 604.3806 604.2717 604.1757 604.0558 603.9224 603.7921 603.6954 603.5874 603.4723 603.3701 603.369 603.2985 602.81 603.275 603.4055 603.0955 603.397 603.1585 602.8605 602.987 602.7825 603.0495 603.3075 603.0595 603.1935 602.8225 602.2725 602.6775 603.003 602.3705 602.0775
603.9109 603.986 604.051 604.1115 604.1682 604.2234 604.2599 604.3208 604.3734 604.4209 604.4644 604.5172 604.5644 604.6172 604.6694 604.7203 604.7723 604.8344 604.8766 604.914 604.9691 604.9991 605.0255 605.063 605.087 605.0997 605.0983 605.0701 605.0395 604.9794 604.9286 604.8468 604.7626 604.6508 604.5581 604.4522 604.3237 604.2001 604.0831 603.9849 603.8717 603.7562 603.6677 603.5901 603.5272 603.4639 603.4188 603.385 603.3634 603.3535 603.24 603.3445 603.5295 603.2275 603.1 603.082 602.7695 603.0235 602.906 602.471 602.731 602.9665 602.6225 602.3245
604.1931 604.2722 604.3458 604.4079 604.4683 604.5255 604.567 604.6256 604.6833 604.7316 604.7748 604.8317 604.8777 604.93 604.9819 605.0351 605.0867 605.1404 605.1791 605.2096 605.2667 605.2933 605.3201 605.356 605.3769 605.3896 605.3868 605.3558 605.3237 605.2636 605.2087 605.1218 605.0383 604.9211 604.8397 604.7272 604.5977 604.4723 604.3727 604.2707 604.1557 604.0422 603.9603 603.8857 603.8168 603.7466 603.7091 603.6747 603.6434 603.614 603.5994 603.5835 603.5554 603.5243 603.4979 603.4659 603.4378 603.3948 603.3435 603.137 603.0495 602.7415 602.945 603.2105
604.479 604.558 604.6384 604.6992 604.7639 604.8175 604.874 604.9304 604.9933 605.0361 605.0864 605.1462 605.1913 605.2419 605.2958 605.3499 605.397 605.4465 605.4817 605.5142 605.5642 605.5876 605.6166 605.649 605.6669 605.6796 605.6727 605.6416 605.6039 605.5479 605.4888 605.4012 605.3086 605.2045 605.1177 604.9955 604.8805 604.7579 604.6623 604.5549 604.4396 604.3387 604.2555 604.1838 604.1093 604.0369 603.9993 603.953 603.9235 603.8753 603.8744 603.8501 603.822 603.7784 603.752 603.7096 603.6814 603.6248 603.5607 603.4898 603.4131 603.3395 603.398 603.509
604.765 604.8463 604.9289 604.9935 605.058 605.1176 605.1811 605.2266 605.2958 605.346 605.3979 605.4601 605.5048 605.5551 605.6097 605.6647 605.7066 605.756 605.7889 605.8207 605.8618 605.8829 605.913 605.9423 605.9568 605.9695 605.9587 605.9274 605.884 605.832 605.7652 605.6863 605.5789 605.495 605.3942 605.2708 605.154 605.05 604.9518 604.8391 604.7235 604.6364 604.5507 604.4792 604.4017 604.3271 604.2784 604.233 604.2036 604.1502 604.1449 604.1168 604.0553 604.0326 604.0001 603.9532 603.9189 603.8549 603.7908 603.7117 603.6155 603.5016 603.3878 603.3375
605.0441 605.124 605.2102 605.2883 605.3544 605.4176 605.4882 605.5267 605.5999 605.6559 605.7095 605.767 605.8187 605.8684 605.9237 605.9796 606.0161 606.0696 606.099 606.1277 606.1593 606.1829 606.2095 606.2343 606.2468 606.2595 606.2446 606.2132 606.1653 606.1162 606.0402 605.9637 605.8509 605.7798 605.6671 605.5447 605.4306 605.3396 605.2382 605.123 605.0124 604.9232 604.8403 604.755 604.6793 604.6174 604.5439 604.5131 604.4836 604.4246 604.4115 604.3834 604.3132 604.2867 604.225 604.1968 604.149 604.0849 604.0084 603.9316 603.8178 603.704 603.5902 603.4764
605.3174 605.4071 605.4935 605.5812 605.6491 605.7177 605.7828 605.8317 605.9047 605.9658 606.0211 606.0739 606.1332 606.1818 606.2377 606.293 606.3266 606.3762 606.4095 606.4341 606.4587 606.4825 606.5058 606.5247 606.5367 606.5494 606.5305 606.499 606.4495 606.4003 606.3166 606.2366 606.1376 606.0598 605.9363 605.8358 605.724 605.6292 605.5224 605.407 605.3073 605.2161 605.1383 605.0471 604.9456 604.9077 604.8336 604.7932 604.7252 604.6992 604.6782 604.6306 604.5673 604.5409 604.4686 604.4404 604.3791 604.315 604.2303 604.134 604.0202 603.9064 603.7925 603.6731
605.5875 605.6927 605.7816 605.8717 605.936 606.008 606.0734 606.1387 606.2064 606.2748 606.3276 606.3809 606.4478 606.4952 606.5496 606.6053 606.6414 606.6819 606.7196 606.7411 606.7604 606.7825 606.8023 606.8152 606.8266 606.8393 606.8165 606.7847 606.7336 606.6805 606.6017 606.507 606.4278 606.3362 606.2173 606.108 606.0169 605.9187 605.8065 605.6921 605.605 605.5104 605.4229 605.3395 605.2355 605.1859 605.1027 605.0732 604.9749 604.9729 604.9448 604.8576 604.8215 604.7731 604.7122 604.6732 604.6091 604.5269 604.4502 604.3364 604.2226 604.1088 603.9948 603.8411
605.8694 605.9713 606.0564 606.1482 606.2308 606.3008 606.3669 606.4458 606.5012 606.5768 606.6321 606.688 606.7623 606.8088 606.8615 606.9178 606.9562 606.9899 607.0298 607.0477 607.056 607.0822 607.0989 607.1058 607.1166 607.129 607.1024 607.0705 607.0179 606.9585 606.8868 606.7841 606.7183 606.6069 606.5031 606.3942 606.3065 606.2056 606.0904 605.9827 605.8885 605.7949 605.7001 605.6137 605.5258 605.4502 605.3828 605.3533 605.2498 605.2395 605.2114 605.1017 605.0757 604.9858 604.9558 604.9033 604.8392 604.7488 604.6526 604.5388 604.4249 604.3112 604.1786 604.0092
606.1496 606.2413 606.3352 606.4288 606.524 606.5973 606.667 606.7491 606.8009 606.8789 606.9384 606.998 607.0697 607.1223 607.1733 607.2302 607.2711 607.3077 607.3403 607.3543 607.3521 607.3818 607.3953 607.3962 607.4065 607.419 607.3884 607.3557 607.3021 607.2335 607.1647 607.0709 607.0016 606.8865 606.7897 606.6901 606.5961 606.4899 606.3743 606.2759 606.1766 606.0929 605.9849 605.8801 605.816 605.7122 605.6628 605.5943 605.5241 605.5062 605.4376 605.3563 605.3298 605.2276 605.1974 605.1334 605.0455 604.9688 604.855 604.7411 604.6273 604.5068 604.3467 604.1772
606.4227 606.5115 606.6201 606.7139 606.8098 606.8844 606.9647 607.04 607.101 607.1837 607.2484 607.3096 607.3765 607.4359 607.4858 607.5441 607.5859 607.6238 607.6479 607.658 607.6584 607.6817 607.6917 607.6892 607.6992 607.7089 607.6743 607.6357 607.5862 607.517 607.435 607.3606 607.2782 607.1673 607.0692 606.9838 606.8856 606.7738 606.6624 606.5705 606.4686 606.3677 606.2773 606.1464 606.0934 605.9926 605.9429 605.8376 605.7991 605.7728 605.6639 605.6104 605.546 605.4712 605.4275 605.3634 605.2674 605.1711 605.0573 604.9435 604.8259 604.6841 604.5147 604.3453
606.6902 606.7879 606.8952 606.9888 607.0862 607.1733 607.2522 607.3307 607.4034 607.482 607.5558 607.6192 607.6833 607.7495 607.7992 607.8574 607.9007 607.9333 607.9539 607.9606 607.9655 607.9816 607.988 607.9854 607.9922 607.9985 607.9603 607.9195 607.8705 607.8021 607.7173 607.6511 607.5521 607.4614 607.3598 607.2734 607.1731 607.0577 606.9529 606.8538 606.7495 606.6451 606.5481 606.4341 606.3577 606.2568 606.223 606.0843 606.0676 606.0189 605.8939 605.8646 605.7588 605.7148 605.6576 605.5699 605.4873 605.3735 605.2597 605.1459 605.0206 604.8522 604.6827 604.5133
606.9548 607.0676 607.1653 607.2635 607.3643 607.4669 607.5438 607.6213 607.7104 607.7767 607.8578 607.9236 607.9904 608.0639 608.1127 608.1693 608.2155 608.2477 608.2648 608.2685 608.2721 608.2816 608.2831 608.2821 608.2857 608.2844 608.2462 608.2037 608.1519 608.0873 608.004 607.9417 607.8367 607.7442 607.6563 607.5629 607.4572 607.342 607.2446 607.1371 607.0413 606.9227 606.8146 606.7244 606.6219 606.5325 606.464 606.3494 606.3342 606.2445 606.1451 606.1063 605.9866 605.9517 605.8876 605.7859 605.6897 605.5759 605.462 605.3376 605.1897 605.0203 604.8508 604.6814
607.2176 607.3386 607.4355 607.5474 607.6463 607.7477 607.8343 607.9164 608.0064 608.0751 608.1599 608.2281 608.2974 608.3724 608.4263 608.4811 608.5303 608.5626 608.5784 608.579 608.5786 608.5812 608.5785 608.5787 608.5789 608.5704 608.5321 608.4879 608.4324 608.3638 608.2933 608.2184 608.1256 608.0328 607.9507 607.8525 607.7411 607.6326 607.5358 607.4269 607.3128 607.2151 607.0809 607.0009 606.884 606.8126 606.705 606.6239 606.6003 606.4702 606.3993 606.319 606.2302 606.1818 606.0947 606.0059 605.8921 605.7783 605.6571 605.5272 605.3577 605.1883 605.0189 604.8515
607.483 607.5995 607.7064 607.8192 607.9211 608.0242 608.1197 608.2088 608.2974 608.3752 608.4628 608.5327 608.6045 608.6793 608.7399 608.793 608.803 608.8006 608.7983 608.796 608.7936 608.7912 608.7888 608.7865 608.7839 608.7811 608.779 608.7721 608.7175 608.6505 608.5839 608.5023 608.4197 608.3259 608.2403 608.1406 608.025 607.9232 607.8191 607.704 607.5901 607.4825 607.3472 607.2651 607.1515 607.0926 606.95 606.8956 606.8259 606.7001 606.6535 606.5317 606.4738 606.4119 606.3045 606.2083 606.0944 605.9772 605.8515 605.6953 605.5258 605.3563 605.1869 605.0291
607.749 607.8627 607.9845 608.0894 608.1959 608.3007 608.4093 608.4963 608.5881 608.6753 608.7576 608.814 608.8121 608.8099 608.8077 608.8054 608.803 608.8007 608.7984 608.7961 608.7938 608.7914 608.7891 608.7867 608.7844 608.7821 608.7797 608.7774 608.7751 608.7727 608.7704 608.768 608.7078 608.6224 608.5298 608.4246 608.3123 608.2137 608.1024 607.9849 607.8676 607.7491 607.6327 607.5294 607.4171 607.3336 607.1967 607.1622 607.0515 606.9329 606.8793 606.7457 606.706 606.6194 606.5245 606.4106 606.2968 606.1685 606.0327 605.8633 605.6938 605.5244 605.3758 605.1769
