samples/sfe_322/sfe_322_c4/sfe_322_c4/sfe_322_c4.asc
ncols         299
nrows         166
xllcorner     73.39999999851
yllcorner     65.60000000149
cellsize      1
NODATA_value  -9999
[rows 112 to 139 of 166, columns 0 to 63 of 299]
-9999 -9999 608.9607 608.3021 607.6436 606.985 606.6479 606.4534 606.2589 606.0643 605.8564 605.6594 605.4664 605.2731 605.0797 604.8771 604.6844 604.5103 604.3413 604.1678 603.9846 603.7972 603.6089 603.3835 602.88 603.137 602.417 601.928 601.9395 601.6315 601.3206 600.9595 601.0025 600.922 600.6845 600.66 600.4545 600.441 600.2875 600.5455 600.294 600.477 600.239 600.1825 600.2725 600.059 600.413 600.446 600.436 600.3425 600.68 601.3585 601.052 600.887 601.2745 601.478 601.801 602.207 602.1705 602.1404 602.6535 602.966 603.155 603.492
-9999 -9999 -9999 608.6171 607.9585 607.2999 606.6414 606.2598 606.0654 605.8708 605.6761 605.4711 605.2741 605.0811 604.8878 604.6943 604.4945 604.3011 604.1387 603.9663 603.7928 603.6099 603.271 603.02 602.639 602.8525 602.3775 601.665 601.2325 601.3505 601.532 600.892 600.8645 600.9605 600.6285 600.5525 600.5995 600.5685 600.2725 600.1065 599.749 599.9865 600.0421 600.1875 600.5125 600.2565 600.1545 600.27 600.6635 600.507 600.6089 601.2785 601.185 601.273 601.753 601.7065 601.621 602.128 602.551 602.3045 602.3155 602.7865 603.062 603.5311
-9999 -9999 -9999 608.932 608.2734 607.6149 606.9563 606.2977 605.8717 605.6774 605.4827 605.2879 605.0858 604.8887 604.6957 604.5024 604.3089 604.1119 603.9178 603.7648 603.5914 603.363 602.9175 602.792 602.3565 602.471 601.9745 601.7455 601.4275 601.481 601.1445 600.4735 600.713 601.1595 600.594 600.2385 600.4365 600.58 600.2975 599.946 600.13 600.1435 600.2128 600.2599 600.395 600.673 600.506 600.3 600.623 600.7495 600.891 601.3185 601.328 601.4405 601.704 601.7995 602.1055 602.0435 602.592 602.7945 602.9225 603.4955 603.513 603.6907
-9999 -9999 -9999 -9999 608.5884 607.9298 607.2712 606.6127 605.9541 605.4836 605.2893 605.0945 604.8998 604.7006 604.5034 604.3104 604.1171 603.9236 603.7293 603.5452 603.3175 603.0045 602.9045 602.7401 602.1935 601.812 601.2735 601.3015 601.4326 601.2285 601.014 600.5235 600.457 600.8565 600.54 600.126 600.271 600.2895 600.073 600.148 600.6974 600.4708 600.7545 600.3835 599.9235 600.2595 600.587 600.807 601.2784 601.219 601.347 601.7585 601.6735 601.6575 601.831 602.194 602.481 602.2325 602.4705 603.151 603.692 603.514 603.6831 603.8703
-9999 -9999 -9999 -9999 608.9033 608.2448 607.5862 606.9276 606.269 605.6105 605.0955 604.9012 604.7064 604.5117 604.3152 604.118 603.925 603.7317 603.5383 603.453 603.0495 602.527 602.528 602.5355 602.027 601.4915 601.466 601.3345 601.1505 600.7834 600.8215 600.968 600.544 600.72 600.472 600.1331 600.364 600.286 600.172 600.2234 600.3135 600.3585 600.4025 600.411 600.3719 600.291 600.616 601.0805 600.996 600.892 601.205 601.714 601.679 601.6205 601.986 602.473 602.55 602.483 602.952 603.4995 603.535 603.6447 603.8416 604.0386
-9999 -9999 -9999 -9999 -9999 608.5596 607.9011 607.2426 606.584 605.9254 605.2668 604.7074 604.5132 604.3182 604.1236 603.9292 603.7327 603.5397 603.352 603.0815 602.81 602.4055 602.2215 602.25 602.0775 601.7415 601.699 601.5155 601.5795 601.134 600.968 601.1315 600.8425 600.5775 600.4215 600.065 600.0175 600.407 600.728 600.4141 600.234 600.0825 599.922 600.3815 600.8165 600.658 600.949 600.966 600.5875 600.6915 601.144 601.584 601.5175 601.7165 602.3655 602.476 602.195 602.418 602.9725 603.432 603.6239 603.8036 604.0002 604.1971
-9999 -9999 -9999 -9999 -9999 608.8746 608.216 607.5574 606.8989 606.2404 605.5818 604.9232 604.3193 604.1251 603.9301 603.7355 603.541 603.5775 602.9545 602.5145 602.484 602.5985 602.1245 601.9815 601.7425 601.7315 601.3195 600.928 601.0565 600.913 600.767 600.867 600.548 599.962 600.319 600.3555 600.2445 600.5595 600.327 600.3765 600.397 600.3995 600.379 600.723 600.6675 600.5385 600.94 601.053 601.1065 601.279 601.474 601.9025 601.9865 601.942 602.482 602.632 602.837 603.0405 603.3745 603.6082 603.8011 603.9836 604.1624 604.3557
-9999 -9999 -9999 -9999 -9999 -9999 608.5309 607.8724 607.2138 606.5552 605.8967 605.2382 604.5796 603.9495 603.7371 603.542 603.2765 603.364 602.863 602.5225 602.3375 602.146 601.663 601.4515 601.301 601.1145 601.003 600.5505 600.627 600.4975 600.3725 600.5315 600.494 600.2855 600.534 600.5455 600.2875 600.1625 599.8435 599.8735 599.924 600.204 600.604 600.893 600.9785 600.6175 600.5425 601.086 601.8175 601.7915 601.9685 602.386 602.381 602.3335 602.3455 602.663 603.3685 603.64 603.5684 603.775 603.968 604.1609 604.3432 604.5221
-9999 -9999 -9999 -9999 -9999 -9999 608.8459 608.1873 607.5287 606.8702 606.2116 605.5531 604.8945 604.236 603.58 603.4375 603.0065 603.1035 602.551 602.5505 602.19 601.9195 601.766 601.558 601.437 600.9435 600.993 600.696 600.7625 600.736 600.5375 600.554 600.406 600.688 600.421 600.599 600.3615 600.0544 600.2785 600.325 600.389 600.468 600.566 600.7305 600.91 601.028 601.0645 601.277 601.5655 601.5105 601.8695 602.381 602.3885 602.8575 602.8835 602.594 603.3375 603.5552 603.7377 603.9244 604.1348 604.3277 604.5206 604.7029
-9999 -9999 -9999 -9999 -9999 -9999 609.1608 608.5023 607.8437 607.1851 606.5266 605.868 605.2094 604.5509 603.8923 603.113 602.7835 602.865 602.9005 602.5225 602.033 601.7605 601.644 601.4315 601.125 601.0525 601.463 600.916 600.7175 600.678 600.3245 600.493 600.618 600.651 600.116 600.1455 600.175 600.3015 600.8875 600.753 600.6065 600.682 600.791 600.855 600.731 600.907 601.3585 601.4595 601.4265 601.376 602.0505 602.358 602.246 602.8174 603.0755 603.2055 603.5567 603.7373 603.9174 604.1007 604.2842 604.493 604.6874 604.8804
-9999 -9999 -9999 -9999 -9999 -9999 -9999 608.8171 608.1586 607.5001 606.8415 606.1829 605.5244 604.8658 604.2073 603.7679 603.3179 602.566 602.2905 601.8856 601.806 601.701 601.454 601.5815 601.1185 601.059 600.999 600.627 600.6525 600.842 600.469 600.4765 600.497 600.656 600.42 600.1015 600.33 600.4205 600.5545 600.5725 600.5775 600.674 600.7745 601.172 601.136 601.0105 601.384 601.8245 601.876 601.5745 602.239 602.542 602.7065 603.056 603.273 603.5259 603.7264 603.9188 604.0994 604.2795 604.4626 604.6488 604.8489 605.0472
-9999 -9999 -9999 -9999 -9999 -9999 -9999 609.1321 608.4735 607.815 607.1564 606.4979 605.8393 605.1807 604.5222 604.0049 603.4805 603.4359 602.3 601.7965 601.9185 601.7505 601.3925 601.319 601.163 600.8195 600.409 600.252 600.621 600.8625 600.7805 600.702 600.1925 600.3954 600.657 600.409 600.7055 600.728 600.3105 600.5885 601.1995 601.134 601.008 601.366 601.502 601.3965 601.89 602.098 602.0785 601.9535 602.4525 602.767 602.742 603.0755 603.523 603.6873 603.8878 604.0882 604.2809 604.4616 604.6417 604.8245 605.0133 605.2049
-9999 -9999 -9999 -9999 -9999 -9999 -9999 -9999 608.7885 608.1299 607.4713 606.8128 606.1542 605.4957 604.8371 604.1785 603.505 603.5984 603.5537 602.123 601.6625 601.715 601.35 600.878 600.9535 600.8525 600.7465 600.4675 600.586 600.615 600.486 600.9675 600.5 600.223 600.519 600.2985 600.489 601.056 600.6865 600.4965 600.8935 600.9795 601.012 601.2195 601.457 601.398 601.756 602.05 602.192 602.5099 602.654 603.208 603.1485 603.524 603.6701 603.8533 604.0491 604.2496 604.45 604.643 604.8237 605.0038 605.1864 605.3777
-9999 -9999 -9999 -9999 -9999 -9999 -9999 -9999 609.1034 608.4448 607.7863 607.1277 606.4692 605.8106 605.152 604.4935 603.7167 603.7609 603.7163 603.5401 601.406 601.1225 601.2531 601.2125 601.443 601.339 601.2565 600.7395 600.3835 600.3845 600.2905 600.5915 600.512 600.227 600.0305 600.037 600.354 600.7426 600.5555 600.3615 600.6585 601.049 601.4715 601.413 601.293 601.6385 602.1475 602.211 602.1935 602.4815 602.7115 603.2785 603.597 603.6708 603.8543 604.0372 604.2204 604.4109 604.6114 604.8118 605.0051 605.1859 605.3659 605.5483
-9999 -9999 -9999 -9999 -9999 -9999 -9999 -9999 -9999 608.7598 608.1012 607.4426 606.7841 606.1255 605.467 604.8084 604.3506 603.9235 603.8788 603.7394 603.5037 601.0375 601.095 601.3199 600.9975 600.9035 600.8115 600.6795 600.5575 600.5165 600.484 600.2765 600.487 600.7645 600.5055 600.5325 600.6195 600.6825 600.779 600.682 601.0335 601.2365 601.34 601.5665 601.697 602.205 602.173 602.4085 602.5175 602.842 603.08 603.3415 603.6576 603.8531 604.0353 604.2213 604.4044 604.5875 604.7728 604.9732 605.1736 605.3672 605.548 605.7281
-9999 -9999 -9999 -9999 -9999 -9999 -9999 -9999 -9999 609.0747 608.4161 607.7576 607.099 606.4404 605.7819 605.1233 604.5454 604.0861 604.0414 603.9387 603.7029 603.578 601.0785 600.8395 600.424 600.325 600.452 600.814 600.8985 600.669 600.7031 600.595 600.331 600.8425 601.1125 601.17 601.243 601.1555 601.1995 601.1125 601.1725 601.5805 601.717 601.754 601.675 602.15 602.289 602.5665 602.8935 603.1275 603.6375 603.6207 603.8266 604.0222 604.2178 604.3999 604.5884 604.7715 604.9545 605.1374 605.335 605.5355 605.7293 605.9101
-9999 -9999 -9999 -9999 -9999 -9999 -9999 -9999 -9999 -9999 608.7311 608.0725 607.4139 606.7554 606.0968 605.4382 604.7797 604.1596 604.2039 604.138 603.9023 603.1805 603.5475 600.6545 600.785 600.523 600.6735 601.157 600.693 600.3693 600.568 600.8425 600.577 600.658 600.7855 600.8455 600.9385 600.7855 601.0535 601.2345 601.3405 601.7835 601.751 601.894 602.0265 602.3145 602.6096 602.846 602.9975 603.0635 603.5817 603.7787 603.9813 604.1912 604.3868 604.5823 604.7644 604.9558 605.1386 605.3216 605.5045 605.6968 605.8973 606.0914
-9999 -9999 -9999 -9999 -9999 -9999 -9999 -9999 -9999 -9999 609.046 608.3874 607.7289 607.0703 606.4117 605.7532 605.0946 604.3204 604.3665 604.3218 604.1016 602.5855 603.7426 603.5171 601.0745 600.806 600.4785 600.7715 600.6635 600.367 600.602 601.128 600.9765 600.7775 600.543 600.4415 600.69 600.813 601.1635 601.377 601.4715 601.914 601.602 601.828 602.3279 602.3625 602.494 603.201 603.7945 603.5371 603.752 603.949 604.146 604.3419 604.5558 604.7514 604.947 605.1289 605.3221 605.5057 605.6887 605.8714 606.0587 606.2591
-9999 -9999 -9999 -9999 -9999 -9999 -9999 -9999 -9999 -9999 -9999 608.7023 608.0438 607.3852 606.7267 606.0681 605.4095 604.9333 604.5291 604.4844 604.3008 602.9316 603.9377 603.7122 603.7143 601.0031 600.6725 600.5842 600.6479 600.723 600.665 601.2095 600.8255 600.788 600.938 600.506 601.0455 601.2315 601.304 601.5065 601.628 602.307 602.0815 601.9445 602.4375 602.4525 602.937 603.5285 603.531 603.6943 603.902 604.1179 604.3162 604.5132 604.7062 604.9188 605.116 605.3115 605.4935 605.6866 605.8729 606.0557 606.2385 606.4213
-9999 -9999 -9999 -9999 -9999 -9999 -9999 -9999 -9999 -9999 -9999 609.0173 608.3587 607.7001 607.0416 606.3831 605.7245 605.0859 604.6916 604.647 604.5002 604.2644 604.1328 603.9072 603.8856 603.9526 601.217 600.948 600.9185 600.803 600.7245 601.2865 600.9005 600.8805 601.04 600.617 600.965 601.149 601.221 601.4525 601.5715 602.273 602.2495 602.219 602.726 602.928 603.197 603.511 603.6434 603.8533 604.0646 604.2741 604.4815 604.6835 604.8805 605.0717 605.2793 605.4806 605.6761 605.858 606.0511 606.2399 606.4228 606.6056
-9999 -9999 -9999 -9999 -9999 -9999 -9999 -9999 -9999 -9999 -9999 609.3322 608.6736 608.0151 607.3565 606.6979 606.0394 605.3809 604.8143 604.8095 604.6995 604.4637 604.3278 604.1023 604.057 604.124 602.8679 600.7995 600.7896 600.611 600.7905 601.3675 600.988 600.972 601.155 600.934 601.287 601.4175 601.5835 601.7365 601.9585 602.3755 602.462 602.3485 602.859 603.336 603.475 603.6365 603.8311 604.0181 604.2236 604.4348 604.6461 604.8452 605.0508 605.2477 605.4371 605.6399 605.8452 606.0407 606.2225 606.4157 606.6069 606.7899
-9999 -9999 -9999 -9999 -9999 -9999 -9999 -9999 -9999 -9999 -9999 -9999 608.9886 608.33 607.6714 607.0129 606.3543 605.6957 604.9241 604.972 604.8987 604.663 604.5229 604.2974 604.2283 604.2953 603.0847 601.1641 600.6441 600.331 600.669 601.049 601.0446 601.2925 601.4655 601.5205 601.776 601.8745 602.0765 602.2225 602.4665 602.4885 602.5745 603.0095 603.5825 603.6835 603.5959 603.8038 604.0117 604.2058 604.3929 604.5939 604.8051 605.0163 605.2088 605.418 605.615 605.8026 606.0015 606.2098 606.4053 606.5871 606.7802 606.9739
-9999 -9999 -9999 -9999 -9999 -9999 -9999 -9999 -9999 -9999 -9999 -9999 609.3035 608.645 607.9864 607.3278 606.6693 606.0107 605.516 605.1346 605.09 604.8623 604.718 604.4924 604.3997 604.4667 603.3014 601.3809 600.9217 600.7783 600.8705 600.8005 601.0985 601.529 601.4025 601.755 601.6655 601.7515 602.0085 602.1295 602.418 602.0825 602.779 603.326 603.408 603.5625 603.7632 603.9711 604.1791 604.387 604.5806 604.7676 604.9644 605.1754 605.3866 605.5757 605.7853 605.9822 606.1696 606.3669 606.5743 606.7699 606.9517 607.1447
-9999 -9999 -9999 -9999 -9999 -9999 -9999 -9999 -9999 -9999 -9999 -9999 -9999 608.9598 608.3013 607.6428 606.9842 606.3256 605.6671 605.2972 605.2525 605.0616 604.7155 604.6875 604.571 604.638 603.5182 601.5977 601.1993 601.0558 601.2264 601.3055 601.2605 601.386 601.2455 601.599 601.8105 601.7255 602.134 602.3285 602.5675 602.678 603.0205 603.1375 603.5358 603.728 603.9392 604.1419 604.3464 604.5544 604.7623 604.9553 605.1423 605.3416 605.5456 605.7568 605.948 606.1525 606.3495 606.5367 606.7324 606.9379 607.1345 607.3163
-9999 -9999 -9999 -9999 -9999 -9999 -9999 -9999 -9999 -9999 -9999 -9999 -9999 609.2748 608.6162 607.9576 607.2991 606.6406 605.982 605.4597 605.415 605.2609 604.1205 604.8826 604.7424 604.8094 603.735 601.834 601.4769 601.3334 601.5104 601.3821 601.3555 601.453 601.646 601.75 601.9465 601.647 602.2445 602.5699 602.7 603.5035 603.278 603.537 603.6835 603.8934 604.1046 604.3159 604.5218 604.7217 604.9297 605.1376 605.3301 605.517 605.7191 605.9159 606.1271 606.32 606.5169 606.7167 606.9038 607.0979 607.2985 607.4991
-9999 -9999 -9999 -9999 -9999 -9999 -9999 -9999 -9999 -9999 -9999 -9999 -9999 -9999 608.9312 608.2726 607.614 606.9554 606.2969 605.5278 605.5776 605.4602 604.3787 605.0776 604.9138 604.9807 603.9518 602.0859 601.7545 601.611 601.7792 601.6508 601.4174 601.746 602.0085 602.1175 602.1335 601.7995 602.237 602.6775 603.1445 603.6906 603.69 603.6354 603.8524 604.0623 604.2701 604.4813 604.6926 604.9017 605.097 605.3049 605.5129 605.7048 605.8917 606.0957 606.2861 606.4974 606.692 606.8806 607.084 607.2709 607.4634 607.6622
-9999 -9999 -9999 -9999 -9999 -9999 -9999 -9999 -9999 -9999 -9999 -9999 -9999 -9999 609.2461 608.5875 607.929 607.2704 606.6118 606.0917 605.7402 605.6595 605.4238 605.2727 605.0851 605.1521 604.1685 602.3376 602.032 601.9437 602.0479 601.9196 601.6271 601.9493 601.9255 602.333 602.287 602.194 602.579 602.8985 603.169 603.4605 603.6153 603.8059 604.0123 604.2312 604.4412 604.6468 604.858 605.0693 605.2806 605.4723 605.6802 605.8882 606.0796 606.2665 606.4704 606.6618 606.8676 607.064 607.2495 607.4513 607.6381 607.8288
-9999 -9999 -9999 -9999 -9999 -9999 -9999 -9999 -9999 -9999 -9999 -9999 -9999 -9999 -9999 608.9025 608.2439 607.5853 606.9268 606.2682 605.9027 605.8581 605.6231 605.4678 605.2565 605.3234 604.3853 602.5894 602.3096 602.2789 602.3166 602.1883 601.9112 602.1674 601.879 602.4005 602.686 602.6205 603.0935 603.3115 603.09 603.5736 603.788 603.998 604.1886 604.3892 604.61 604.82 605.0235 605.2347 605.446 605.6573 605.8511 606.0555 606.2634 606.4543 606.6412 606.8452 607.039 607.2379 607.4362 607.6217 607.8185 608.0052
