samples/sfe_322/sfe_322_c4/sfe_322_c4/sfe_322_c4.asc
ncols         299
nrows         166
xllcorner     73.39999999851
yllcorner     65.60000000149
cellsize      1
NODATA_value  -9999
[rows 84 to 111 of 166, columns 192 to 255 of 299]
605.1188 604.9517 604.7476 604.559 604.3678 604.145 603.9326 603.7065 603.5162 603.321 603.1365 602.54 602.541 602.4625 601.9725 601.707 601.545 601.648 601.231 600.895 600.951 600.703 600.429 600.065 600.2125 600.0161 599.9695 600.2585 599.6285 599.251 599.321 599.028 599.261 599.4535 599.189 599.154 599.0985 599.276 598.9275 598.4785 599.0165 599.18 598.9735 599.028 599.079 599.48 599.34 599.321 599.7175 599.8285 600.007 599.819 600.2485 600.9325 600.603 600.914 601.109 601.3015 601.907 602.3405 602.941 603.2867 603.5054 603.7235
605.3082 605.1041 604.9237 604.7375 604.5161 604.3085 604.0841 603.9047 603.6978 603.4774 603.32 602.554 602.787 603.0229 602.707 602.54 602.3175 602.1775 601.6725 601.179 601.0505 600.975 601.0525 600.723 600.617 600.4575 600.303 600.2745 599.6085 599.5375 599.845 599.401 599.192 599.3215 599.1335 599.075 599.0295 599.2765 599.017 598.546 599.075 599.332 599.174 599.4095 599.446 599.367 599.135 599.117 599.264 599.2125 599.3325 599.4645 599.914 600.649 600.651 600.631 600.7085 600.698 601.0285 601.4395 601.862 602.3915 603.2852 603.5333
605.4607 605.2885 605.1073 604.8901 604.6844 604.4673 604.2931 604.0886 603.8681 603.6477 603.4405 603.3185 603.0305 603.0865 602.638 602.407 602.2375 602.039 601.8625 601.6605 601.4535 601.0095 601.041 601.109 600.7475 600.5695 600.4365 600.161 599.91 599.5765 599.783 599.818 599.4265 599.4365 599.412 599.362 599.2925 599.458 599.1005 598.621 599.14 599.2905 599.049 599.3785 599.1785 598.994 599.2245 599.5965 599.4575 599.3 599.61 599.7175 599.876 600.1535 600.4085 600.508 600.6065 600.845 601.0875 601.445 601.8355 602.242 602.8185 603.3435
605.6532 605.477 605.2643 605.0603 604.8505 604.6815 604.4794 604.2589 604.0385 603.8433 603.6411 603.4388 603.317 603.054 602.5065 602.344 602.106 601.757 601.553 601.3545 601.373 601.0965 601.089 601.089 600.604 600.4465 600.2535 600.4055 600.4285 599.8625 599.9285 600.1055 599.9474 599.5295 599.224 599.1155 599.0795 599.297 599.229 598.822 599.0085 599.4805 599.4245 599.304 599.015 599.0885 599.6095 599.813 599.432 599.385 599.9305 600.024 600.1465 600.183 600.1225 600.545 600.8165 600.7915 601.078 601.589 602.0975 602.222 602.524 603.099
605.8467 605.6384 605.4363 605.2338 605.0688 604.8702 604.6497 604.4293 604.2419 604.0439 603.8417 603.6619 603.486 603.3155 603.066 602.8805 602.6565 602.159 602.1485 601.761 601.861 601.8555 601.3815 601.473 601.094 600.9295 600.726 600.571 600.3715 599.762 600.121 599.955 599.8795 599.716 599.6225 599.495 599.4615 599.3521 599.3565 599.4575 599.1635 599.4525 599.212 598.9705 599.159 598.9875 599.37 599.8685 599.393 599.038 599.645 599.68 599.8595 600.201 600.1605 600.526 600.364 600.3295 600.7195 601.113 601.445 601.7225 601.996 602.4435
606.0126 605.8122 605.6169 605.452 605.261 605.0405 604.8201 604.6382 604.4467 604.2444 604.0617 603.8859 603.71 603.5164 603.3381 603.027 602.9365 602.8865 602.785 602.2775 602.1375 602.062 602.013 601.811 601.3305 601.349 600.928 600.6065 600.377 599.9315 600.0875 600.152 600.0005 599.905 599.979 599.6075 599.4065 599.504 599.641 599.656 599.4165 599.432 599.293 599.442 599.5435 599.078 599.174 599.739 599.61 599.3645 599.77 599.6165 599.5615 599.9016 599.9125 600.3665 600.461 600.4215 600.763 600.9025 601.1195 601.6715 602.243 602.3685
606.1881 606.0002 605.8352 605.6517 605.4313 605.2123 605.035 604.8495 604.6473 604.4616 604.2856 604.1098 603.919 603.7338 603.5746 603.4083 603.2845 603.5334 602.794 602.64 602.37 601.7495 602.0265 601.7535 601.6145 601.87 601.17 600.6915 600.705 600.533 600.382 600.5375 600.161 599.8555 600.009 599.798 599.6075 599.622 599.627 599.4955 599.341 599.0995 599.404 599.8285 599.3295 599.0775 599.2775 599.409 599.5285 599.578 599.636 599.6165 599.6135 599.791 599.9985 600.1355 600.2841 600.3645 600.4585 600.785 601.082 601.3651 601.5935 601.716
606.3834 606.2184 606.0399 605.8221 605.6091 605.4318 605.2523 605.0501 604.8624 604.6855 604.5096 604.3217 604.131 603.9703 603.8027 603.6329 603.4632 603.3105 602.918 602.69 602.476 601.9545 602.2485 602.2275 602.002 601.9715 601.4 601.359 601.2531 600.9406 600.729 600.83 600.316 599.899 599.783 599.99 600.0941 599.545 599.4109 599.8075 599.989 599.613 599.6625 599.9385 599.582 599.588 599.8685 599.559 599.17 599.2265 599.2555 599.4755 599.9515 599.913 599.7705 599.878 599.8075 600.1064 600.529 600.402 600.4055 600.8025 601.055 601.2205
606.6016 606.4282 606.2129 606.0059 605.8287 605.6552 605.4529 605.2636 605.0853 604.9094 604.7244 604.5338 604.366 604.2 604.0273 603.8575 603.6927 603.5363 603.3708 603.1145 602.8585 602.4345 602.534 602.5615 602.1575 601.647 601.6825 601.894 601.2115 600.7755 600.7955 600.9025 600.5025 600.3645 600.183 600.1105 599.963 599.395 599.792 599.983 599.729 599.669 599.6235 599.5955 599.567 599.548 599.559 599.759 599.4315 599.523 599.485 599.111 599.701 599.996 599.9 600.201 599.9955 599.874 600.263 600.409 600.61 601.1035 601.118 600.9935
606.8167 606.6037 606.4028 606.2255 606.0516 605.8557 605.6653 605.4851 605.3093 605.1271 604.9362 604.7617 604.6014 604.4216 604.2519 604.0826 603.9261 603.7619 603.5936 603.4253 603.307 602.9655 602.761 602.5485 601.8505 601.802 601.8564 602.0235 601.594 601.4265 601.29 601.169 600.655 600.399 600.3665 600.4455 600.2845 599.688 599.93 599.781 599.2835 599.231 599.3705 599.4695 599.26 599.091 599.2495 599.517 599.298 599.5685 599.7264 599.2515 599.6765 599.6725 599.3175 599.941 599.932 599.951 600.515 600.649 600.631 601.063 600.958 600.774
606.9945 606.7996 606.6224 606.4476 606.2585 606.0671 605.8858 605.7091 605.5298 605.3383 605.1574 604.9981 604.816 604.6462 604.4751 604.316 604.1529 603.9846 603.8163 603.6392 603.4663 603.306 603.0965 602.9835 602.481 602.491 602.07 601.6835 601.732 601.726 601.244 601.06 600.8395 600.2175 600.574 600.6541 600.343 599.9245 600.06 600.1165 599.743 599.473 599.728 600.133 599.5715 599.094 599.5854 599.7225 599.457 599.5555 599.6565 599.3855 599.6665 599.8705 599.6575 600.046 599.8945 599.567 600.2255 600.4985 600.4075 600.857 600.8575 600.814
607.1965 607.0192 606.8436 606.6614 606.4688 606.2866 606.1089 605.9324 605.7403 605.558 605.3938 605.2135 605.0406 604.8706 604.7059 604.5439 604.3756 604.2073 604.0271 603.8542 603.6813 603.501 603.3045 603.2045 602.8765 602.8865 602.4935 601.9715 601.5485 601.5345 601.4325 601.216 600.796 600.578 600.8995 600.746 600.1065 599.809 599.9685 600.393 600.4265 599.8005 599.6324 600.07 599.665 599.1475 599.448 599.7295 599.8605 599.5505 599.336 599.3205 599.6855 600.172 600.2045 600.074 599.679 599.707 600.326 600.746 600.843 600.8535 600.756 601.137
607.416 607.2397 607.0641 606.8705 606.6875 606.5087 606.3328 606.1423 605.9608 605.7895 605.612 605.4349 605.2652 605.0958 604.9362 604.7666 604.5983 604.415 604.242 604.0691 603.8921 603.6955 603.4991 603.303 603.0365 602.8045 602.642 602.582 602.04 601.327 601.662 601.5935 601.105 601.016 600.9545 600.993 600.5225 600.127 600.1985 600.1835 600.189 599.9955 599.8255 600.0575 599.7435 599.4485 599.6025 599.5151 599.6835 599.599 599.6535 599.6065 599.695 599.9805 599.827 599.7805 599.7745 599.9565 600.155 600.2665 600.412 600.2715 600.7055 601.3115
607.6359 607.4653 607.2723 607.0887 606.9091 606.7327 606.5444 606.3636 606.1852 606.0105 605.8293 605.6595 605.4857 605.3293 605.1577 604.9893 604.8032 604.6298 604.4569 604.2831 604.0865 603.8902 603.694 603.4982 603.3018 603.2405 602.6745 602.7385 602.2275 601.725 601.7995 601.9445 601.842 601.146 600.547 600.92 600.6745 600.367 600.4775 600.288 599.921 599.9835 600.294 600.417 600.045 599.9855 600.0275 599.5075 599.7401 599.6335 599.4985 599.455 599.516 599.695 599.4675 599.8415 600.3195 600.056 599.735 599.6805 599.9905 600.295 600.77 601.0405
607.8613 607.674 607.4905 607.31 607.1325 606.9464 606.7663 606.5823 606.4131 606.2269 606.0539 605.8808 605.7192 605.5486 605.3804 605.1921 605.0176 604.8447 604.6718 604.4775 604.2812 604.085 603.8892 603.6929 603.4971 603.3008 603.1005 603.0395 602.454 602.2545 601.975 601.629 601.6385 601.3795 601.0959 601.231 600.842 600.4195 600.483 600.641 600.2946 599.7325 600.1685 600.319 600.053 600.1965 599.817 599.3225 599.796 599.919 599.6345 599.621 599.632 599.9395 599.703 599.617 599.937 600.2095 599.9245 599.579 600.192 600.588 600.526 600.4146
608.0757 607.8922 607.7108 607.5323 607.3484 607.1691 606.9851 606.8157 606.6254 606.4482 606.2763 606.1091 605.9397 605.7714 605.5811 605.4056 605.2325 605.0596 604.8685 604.6722 604.476 604.2802 604.0839 603.8891 603.6909 603.4681 603.299 602.967 602.4945 602.208 601.995 601.6885 601.6705 601.517 601.443 601.2835 601.0405 600.994 600.9615 600.6985 600.448 599.9845 600.0515 600.1646 599.7965 600.052 599.8995 599.3865 599.8705 600.2845 600.2345 600.0265 600.023 600.0095 599.5396 599.296 599.3795 599.9525 599.9225 599.5405 600.18 600.2085 599.928 600.039
608.2939 608.1117 607.9324 607.7505 607.5712 607.3879 607.213 607.024 606.8426 606.6718 606.499 606.3307 606.1624 605.97 605.7936 605.6204 605.4474 605.2596 605.0632 604.8671 604.6712 604.4749 604.2812 604.0858 603.863 603.6403 603.4193 603.196 602.8005 602.5315 602.271 602.149 601.9725 601.712 601.441 601.0635 601.195 601.478 600.8206 600.253 600.623 600.628 600.278 600.466 600.1405 600.1195 599.986 599.477 599.9375 600.1555 599.923 599.5945 599.8385 599.959 599.7061 599.716 599.7505 600.1025 599.9015 599.532 600.1285 600.398 600.222 600.3719
608.5126 608.3333 608.1525 607.9733 607.7906 607.6088 607.4225 607.2404 607.0672 606.891 606.7217 606.5534 606.359 606.1818 606.0082 605.8353 605.6506 605.4542 605.2581 605.0622 604.8659 604.6733 604.4807 604.2579 604.0352 603.8203 603.5889 603.3514 603.5785 603.2605 603.0385 602.2745 601.6235 601.72 601.9765 601.6415 601.528 601.446 601.0045 600.5045 600.551 600.7191 600.7505 600.6305 600.057 600.2215 600.084 599.5615 600.026 600.1215 599.8315 599.757 599.8635 599.9565 600.0945 600.0735 599.9245 600.003 599.9335 599.66 600.111 600.637 600.525 600.4875
608.712 608.5546 608.3753 608.1934 608.0094 607.8223 607.6389 607.4615 607.2864 607.118 606.9444 606.7483 606.5707 606.3961 606.2231 606.0416 605.8453 605.649 605.4532 605.2569 605.0653 604.8755 604.6528 604.4301 604.2214 603.9946 603.7571 603.5272 603.3007 603.1145 602.844 602.5145 602.184 601.7615 601.878 601.9465 601.5205 601.0995 601.174 601.202 600.7615 600.447 600.65 600.68 600.321 600.5275 600.191 599.661 600.109 600.2965 600.0425 600.214 599.865 599.4065 599.907 600.045 599.802 599.606 599.976 599.953 600.09 600.633 600.196 599.871
608.7221 608.7105 608.5961 608.4122 608.2249 608.0374 607.8559 607.6819 607.5122 607.3354 607.1392 606.9597 606.7842 606.611 606.4327 606.2363 606.0401 605.8441 605.6479 605.4574 605.27 605.0477 604.825 604.6224 604.4003 604.1628 603.9339 603.7069 603.4643 603.0315 602.4825 602.752 602.9095 602.4 602.2545 601.8325 601.376 601.357 601.5315 601.4095 601.07 600.6436 600.783 600.929 600.7945 600.917 600.4975 599.944 600.21 600.0925 599.795 600.221 599.9301 599.6485 600.136 600.1815 599.97 599.8795 599.943 599.7805 599.865 600.2295 599.9815 600.0075
608.7349 608.7231 608.7114 608.6275 608.4359 608.2539 608.0775 607.9021 607.7264 607.5302 607.3486 607.1722 606.9988 606.8237 606.6273 606.4311 606.2352 606.0389 605.8494 605.6638 605.4426 605.2198 605.0234 604.8061 604.5685 604.3407 604.1095 603.8762 603.6309 603.3843 603.0735 602.8465 602.7425 602.4965 602.326 601.7556 601.8375 601.899 601.54 601.3085 601.064 600.7375 600.914 600.775 600.6985 600.8385 600.5385 600.1445 600.323 600.18 600.158 600.562 599.996 599.821 600.0455 599.954 599.876 600.1635 599.931 599.7255 599.9605 600.0185 600.089 600.248
608.7477 608.736 608.7243 608.7115 608.6524 608.473 608.2966 608.1174 607.9211 607.7375 607.5603 607.3867 607.2137 607.0183 606.8221 606.6262 606.4299 606.2415 606.0576 605.8375 605.6176 605.4244 605.2118 604.9743 604.7474 604.5121 604.2874 604.0409 603.7999 603.5526 603.3015 603.2565 602.7385 602.5615 602.296 601.882 602.0045 601.999 601.3575 601.532 601.79 601.1275 601.084 600.8995 600.8275 600.675 600.1064 600.217 600.414 600.328 600.467 600.6535 600.0815 599.5955 599.7765 600.011 600.058 600.301 600.1705 600.1925 600.293 600.3765 600.387 600.225
608.7604 608.7487 608.7371 608.7243 608.7116 608.6921 608.5085 608.3121 608.1265 607.9492 607.7748 607.6015 607.4094 607.2132 607.0173 606.821 606.6336 606.4514 606.2324 606.0173 605.8254 605.6175 605.3807 605.1542 604.9147 604.6974 604.4509 604.2212 603.9702 603.7214 603.5078 603.2915 603.119 602.8495 602.6305 602.1165 602.206 602.4625 601.7765 601.441 601.5635 601.1365 601.2275 601.059 600.977 601.0155 600.635 600.8315 600.4926 600.2535 600.4315 600.5605 600.165 599.6615 600.1265 600.25 599.9684 600.0395 600.112 600.333 600.0375 600.135 600.1185 600.0115
608.7733 608.762 608.7498 608.7371 608.7244 608.7116 608.7032 608.5154 608.3382 608.1628 607.9893 607.8004 607.6042 607.4084 607.212 607.0256 606.8452 606.6273 606.4169 606.2264 606.0232 605.7875 605.5599 605.3297 605.1075 604.861 604.6388 604.3878 604.1531 603.9395 603.713 603.4681 603.2905 602.712 602.505 602.241 602.1566 602.523 602.1725 601.712 601.395 601.0255 601.194 601.052 601.1445 601.4615 601.0925 601.066 600.822 600.4275 600.174 600.237 600.0815 599.7335 600.2195 600.4221 600.3845 600.243 600.0105 600.1151 600.0845 600.328 600.3255 599.893
608.786 608.7753 608.7626 608.7498 608.7371 608.7244 608.7123 608.7025 608.5509 608.3773 608.1914 607.9952 607.7995 607.603 607.4177 607.2386 607.0222 606.8166 606.6274 606.4289 606.1942 605.9625 605.7448 605.5176 605.2761 605.0564 604.8054 604.585 604.3712 604.1401 603.8953 603.6505 603.4216 603.1725 602.9905 602.943 602.4955 602.349 602.2635 602.29 601.8385 601.419 601.4515 601.1325 601.289 601.644 600.9795 600.6905 600.864 600.9515 600.529 600.213 600.3305 600.034 600.292 600.1955 600.203 600.408 600.1935 599.894 600.1605 600.3955 600.2425 599.977
608.7988 608.788 608.7753 608.7626 608.7499 608.7383 608.7258 608.7127 608.701 608.5825 608.3863 608.1906 607.994 607.8098 607.6307 607.4171 607.2162 607.0285 606.8347 606.601 606.3682 606.1599 605.9276 605.6973 605.474 605.223 605.0168 604.8029 604.5673 604.3224 604.0799 603.8603 603.6398 603.4205 603.2531 603.1005 602.8215 602.345 601.923 602.268 602.0185 601.706 602.0085 601.517 601.4695 601.8045 601.3545 600.9235 600.625 600.696 600.6855 600.792 600.9795 600.359 600.1805 600.311 600.47 600.399 600.1205 600.083 600.3835 600.339 599.8965 599.7405
608.8133 608.8008 608.7881 608.7753 608.7626 608.7525 608.7394 608.7263 608.7132 608.7 608.5817 608.3851 608.2018 608.0227 607.8163 607.6159 607.4295 607.2404 607.0078 606.7833 606.5749 606.3376 606.119 605.8916 605.6489 605.4488 605.2346 604.9944 604.7496 604.5186 604.299 604.0784 603.8591 603.6389 603.4191 603.104 602.9295 602.6835 602.526 602.609 602.2305 601.5835 601.926 601.7385 601.6285 601.7355 601.4075 601.4695 601.022 600.469 600.8765 600.9745 600.72 600.543 600.3935 600.399 600.406 600.363 600.3095 600.294 600.2845 600.499 600.1665 599.963
608.8263 608.8135 608.8008 608.7881 608.7754 608.7661 608.753 608.7399 608.7267 608.7142 608.7003 608.5939 608.4148 608.216 608.0156 607.8305 607.6461 607.4129 607.1983 606.99 606.7521 606.5404 606.3092 606.0779 605.8807 605.6663 605.4216 605.1771 604.9572 604.7377 604.5172 604.2976 604.0775 603.8577 603.6371 603.4176 603.362 603.113 603.0885 602.892 602.451 602.131 602.1215 601.765 601.845 601.809 601.245 601.207 600.9915 600.8325 601.1925 601.066 600.6885 600.6635 600.6335 600.4765 600.1395 600.14 600.2645 600.1955 599.9805 600.3155 600.212 600.2815
