samples/sfe_209/sfe_209_c1/sfe_209_c1/sfe_209_c1.asc
ncols         267
nrows         135
xllcorner     98.199999999255
yllcorner     82.800000000745
cellsize      0.3
NODATA_value  -9999
[rows 0 to 27 of 135, columns 0 to 63 of 267]
-9999 -9999 -9999 -9999 -9999 -9999 604.2674 604.2401 604.2131 604.1859 604.1589 604.132 604.1056 604.0787 604.0516 604.0247 603.9971 603.97 603.9431 603.916 603.8891 603.8621 603.8351 603.8091 603.7818 603.7548 603.7278 603.7005 603.6735 603.6465 603.6191 603.5922 603.5651 603.5383 603.5118 603.4849 603.4578 603.4305 603.4036 603.3762 603.3492 603.3222 603.2952 603.2682 603.2411 603.2151 603.1882 603.1608 603.1338 603.1068 603.0798 603.0525 603.0255 602.9985 602.9714 602.944 602.9177 602.8911 602.8636 602.8367 602.8096 602.7827 602.7557 602.7286
-9999 -9999 -9999 -9999 -9999 -9999 604.2444 604.2169 604.1899 604.163 604.1354 604.1084 604.0817 604.0548 604.0278 604.0008 603.9725 603.9456 603.9185 603.8915 603.8646 603.8375 603.8105 603.7845 603.7569 603.73 603.7029 603.6759 603.6483 603.6213 603.5936 603.5666 603.5396 603.5126 603.4859 603.4589 603.4319 603.4045 603.3771 603.3502 603.3224 603.2954 603.2684 603.2414 603.2144 603.1883 603.1613 603.1341 603.1066 603.0796 603.0526 603.0248 602.9978 602.9708 602.9438 602.9159 602.8894 602.8629 602.8351 602.808 602.7811 602.754 602.7271 602.7
-9999 -9999 -9999 -9999 -9999 -9999 604.2216 604.1937 604.1667 604.1397 604.1119 604.0849 604.0579 604.0309 604.0039 603.9769 603.9481 603.921 603.894 603.867 603.84 603.813 603.786 603.7599 603.7321 603.7051 603.6781 603.6511 603.623 603.5961 603.568 603.541 603.514 603.487 603.4599 603.4329 603.4059 603.3788 603.3508 603.3238 603.2956 603.2686 603.2416 603.2146 603.1876 603.1613 603.1345 603.1075 603.0793 603.0524 603.0254 602.9971 602.9702 602.9431 602.9161 602.8878 602.8611 602.8348 602.8065 602.7795 602.7524 602.7255 602.6984 602.6714
-9999 -9999 -9999 -9999 -9999 -9999 604.1987 604.1705 604.1435 604.1165 604.0884 604.0614 604.0345 604.0071 603.9801 603.9531 603.9247 603.8965 603.8694 603.8425 603.8155 603.7885 603.7615 603.7352 603.7079 603.6802 603.6533 603.6263 603.5978 603.5709 603.5428 603.5154 603.4884 603.4614 603.434 603.4069 603.3799 603.3529 603.3244 603.2974 603.2688 603.2418 603.2148 603.1878 603.1608 603.1343 603.1077 603.0807 603.0521 603.0251 602.9982 602.9695 602.9424 602.9155 602.8884 602.8597 602.8328 602.8066 602.778 602.7509 602.7239 602.6968 602.6698 602.6428
-9999 -9999 -9999 -9999 -9999 604.2086 604.1758 604.1473 604.1202 604.0933 604.0649 604.0378 604.0115 603.9832 603.9562 603.9292 603.9012 603.8719 603.8449 603.8179 603.791 603.764 603.7369 603.7106 603.684 603.6554 603.6284 603.6014 603.5726 603.5457 603.5182 603.4898 603.4628 603.4359 603.4087 603.3809 603.3539 603.3269 603.298 603.271 603.242 603.215 603.188 603.161 603.134 603.1074 603.0809 603.0539 603.025 602.9979 602.9709 602.9418 602.9148 602.8878 602.8608 602.8315 602.8046 602.7784 602.7501 602.7222 602.6953 602.6682 602.6412 602.6141
-9999 -9999 -9999 -9999 -9999 604.1859 604.1534 604.1241 604.097 604.0701 604.0414 604.0143 603.9881 603.9594 603.9324 603.9053 603.8777 603.8474 603.8204 603.7934 603.7664 603.7394 603.7124 603.6859 603.6596 603.6306 603.6036 603.5765 603.5474 603.5204 603.4934 603.4642 603.4372 603.4102 603.3834 603.355 603.3279 603.301 603.2716 603.2446 603.2153 603.1882 603.1613 603.1342 603.1072 603.0804 603.0541 603.0271 602.9977 602.9707 602.9437 602.9143 602.8871 602.8601 602.8331 602.8034 602.7764 602.7503 602.7222 602.6937 602.6666 602.6396 602.6126 602.5855
-9999 -9999 -9999 -9999 -9999 604.1636 604.1311 604.1017 604.0738 604.0469 604.0178 603.9908 603.9645 603.9355 603.9085 603.8815 603.8543 603.8229 603.7959 603.7689 603.7419 603.7149 603.6879 603.6613 603.6351 603.6057 603.5787 603.5517 603.5222 603.4952 603.4682 603.4386 603.4116 603.3846 603.358 603.329 603.302 603.275 603.2452 603.2183 603.1885 603.1614 603.1345 603.1074 603.0804 603.0535 603.0273 603.0003 602.9705 602.9435 602.9165 602.8874 602.8595 602.8325 602.8055 602.7758 602.7483 602.7222 602.6943 602.665 602.6381 602.611 602.584 602.5569
-9999 -9999 -9999 -9999 -9999 604.1412 604.1088 604.0793 604.0506 604.0236 603.9943 603.9673 603.9408 603.9116 603.8846 603.8577 603.8306 603.7983 603.7714 603.7443 603.7173 603.6904 603.6634 603.6367 603.6106 603.5808 603.5539 603.5269 603.497 603.47 603.443 603.413 603.386 603.359 603.3327 603.303 603.276 603.249 603.2189 603.1919 603.162 603.1346 603.1077 603.0806 603.0536 603.0267 603.0005 602.9735 602.9433 602.9163 602.8893 602.8605 602.8318 602.8048 602.7778 602.7484 602.7202 602.694 602.6664 602.6365 602.6094 602.5825 602.5554 602.5283
-9999 -9999 -9999 -9999 -9999 604.1189 604.0865 604.0569 604.0273 604.0004 603.9716 603.9438 603.9171 603.8878 603.8608 603.8338 603.8068 603.7745 603.7468 603.7198 603.6928 603.6658 603.6389 603.6121 603.5861 603.556 603.5291 603.502 603.4726 603.4448 603.4178 603.3875 603.3604 603.3334 603.3072 603.277 603.25 603.223 603.1927 603.1655 603.1362 603.1078 603.0809 603.0538 603.0269 602.9999 602.9737 602.9467 602.9166 602.889 602.8621 602.8337 602.8041 602.7772 602.7501 602.7209 602.6921 602.6658 602.6385 602.6078 602.5809 602.5538 602.5268 602.4996
-9999 -9999 -9999 -9999 -9999 604.0966 604.0641 604.0342 604.0042 603.9772 603.9489 603.9203 603.8934 603.8639 603.8369 603.8099 603.7829 603.7511 603.7223 603.6953 603.6683 603.6413 603.6143 603.5876 603.5616 603.5316 603.5042 603.4772 603.4483 603.4196 603.3926 603.3619 603.3348 603.3079 603.2815 603.251 603.2241 603.197 603.1671 603.1392 603.1105 603.0811 603.0541 603.027 603.0001 602.9731 602.9469 602.9199 602.8901 602.8618 602.8348 602.8068 602.7765 602.7495 602.7225 602.6935 602.6639 602.6377 602.6107 602.5793 602.5522 602.5253 602.4982 602.471
-9999 -9999 -9999 -9999 -9999 604.0742 604.0418 604.0112 603.981 603.9539 603.9261 603.8968 603.8698 603.8408 603.813 603.7861 603.7591 603.7276 603.6978 603.6708 603.6437 603.6168 603.5898 603.563 603.537 603.5076 603.4793 603.4523 603.424 603.3943 603.3674 603.337 603.3093 603.2822 603.2558 603.2251 603.1981 603.1711 603.1414 603.1128 603.0847 603.0543 603.0273 603.0003 602.9733 602.9463 602.92 602.8931 602.8636 602.8347 602.8076 602.7799 602.7488 602.7218 602.6948 602.6661 602.6358 602.6094 602.5825 602.5507 602.5236 602.4966 602.4697 602.4424
-9999 -9999 -9999 -9999 -9999 604.0519 604.0195 603.9883 603.9577 603.9307 603.9034 603.8733 603.8463 603.8178 603.7892 603.7622 603.7352 603.7042 603.6733 603.6462 603.6193 603.5923 603.5652 603.5385 603.5124 603.4838 603.4545 603.4275 603.3997 603.3691 603.3422 603.3123 603.2837 603.2567 603.2301 603.1996 603.1721 603.1451 603.1158 603.0864 603.0589 603.0275 603.0005 602.9735 602.9465 602.9195 602.893 602.8663 602.8372 602.8074 602.7804 602.7531 602.7211 602.6942 602.6671 602.6387 602.6077 602.5812 602.5544 602.5226 602.4951 602.468 602.441 602.4138
-9999 -9999 -9999 -9999 -9999 604.0295 603.9972 603.9654 603.9348 603.9075 603.8805 603.8497 603.8228 603.7948 603.7653 603.7383 603.7114 603.6807 603.6487 603.6217 603.5947 603.5677 603.5407 603.5139 603.4877 603.4598 603.4296 603.4026 603.3753 603.3439 603.317 603.2877 603.2581 603.2311 603.2044 603.1743 603.1461 603.1191 603.0901 603.06 603.033 603.0007 602.9737 602.9467 602.9197 602.8927 602.866 602.8394 602.8107 602.7802 602.7532 602.7262 602.6938 602.6665 602.6395 602.6114 602.5795 602.5529 602.5262 602.4947 602.4664 602.4395 602.4125 602.3852
-9999 -9999 -9999 -9999 604.0419 604.0073 603.9749 603.9425 603.9124 603.8843 603.8573 603.8262 603.7993 603.7719 603.7415 603.7145 603.6875 603.6573 603.6244 603.5972 603.5702 603.5432 603.5162 603.4894 603.4631 603.436 603.4047 603.3778 603.3508 603.3187 603.2917 603.263 603.2325 603.2055 603.1787 603.149 603.1201 603.0931 603.0645 603.0336 603.0067 602.9739 602.9469 602.9199 602.8929 602.8659 602.8391 602.8126 602.7842 602.753 602.726 602.699 602.6669 602.6388 602.6118 602.584 602.5515 602.5246 602.4981 602.4669 602.4379 602.4108 602.3839 602.3566
-9999 -9999 -9999 -9999 604.0177 603.9849 603.9525 603.9199 603.89 603.861 603.8341 603.8029 603.7757 603.7488 603.7177 603.6907 603.6636 603.6338 603.601 603.5726 603.5457 603.5187 603.4917 603.4648 603.4385 603.412 603.3799 603.3529 603.3259 603.2936 603.2665 603.2383 603.2069 603.1799 603.153 603.1237 603.0942 603.0671 603.0388 603.0072 602.9802 602.9481 602.9202 602.8931 602.8661 602.8391 602.8121 602.7858 602.7577 602.7258 602.6987 602.6718 602.6401 602.6111 602.5842 602.5566 602.5241 602.4963 602.47 602.439 602.4092 602.3823 602.3553 602.328
-9999 -9999 -9999 -9999 603.9951 603.9626 603.9302 603.8976 603.8676 603.8378 603.8109 603.7802 603.7522 603.7258 603.6938 603.6668 603.6398 603.6104 603.5775 603.5482 603.5211 603.4941 603.4672 603.4402 603.4139 603.3877 603.3552 603.3281 603.3011 603.2693 603.2413 603.2137 603.1813 603.1543 603.1273 603.0983 603.0682 603.0412 603.0131 602.981 602.9539 602.9223 602.8934 602.8663 602.8394 602.8123 602.7853 602.759 602.7312 602.6992 602.6715 602.6446 602.6132 602.5835 602.5565 602.5292 602.4967 602.4682 602.4418 602.4111 602.3806 602.3536 602.3267 602.2994
-9999 -9999 -9999 -9999 603.9727 603.9402 603.9078 603.8753 603.8452 603.8146 603.7877 603.7575 603.7287 603.7022 603.6701 603.6429 603.616 603.5869 603.554 603.5236 603.4966 603.4696 603.4426 603.4157 603.3893 603.3632 603.3313 603.3032 603.2762 603.2449 603.2161 603.189 603.1558 603.1287 603.1017 603.073 603.0422 603.0152 602.9874 602.9553 602.9275 602.8965 602.8666 602.8395 602.8126 602.7855 602.7586 602.7322 602.7047 602.6727 602.6443 602.6174 602.5863 602.5558 602.5288 602.5018 602.4693 602.4401 602.4136 602.3832 602.3521 602.325 602.298 602.2708
-9999 -9999 -9999 -9999 603.9504 603.9179 603.8856 603.853 603.8228 603.7914 603.7644 603.7347 603.7052 603.6785 603.6472 603.6191 603.5921 603.5634 603.5306 603.4991 603.472 603.4451 603.4181 603.3911 603.3648 603.3387 603.3074 603.2784 603.2514 603.2206 603.1909 603.1639 603.1312 603.1031 603.0762 603.0477 603.0162 602.9893 602.9618 602.9296 602.9011 602.8708 602.8398 602.8127 602.7858 602.7588 602.7318 602.7054 602.6782 602.6462 602.6171 602.5901 602.5594 602.5281 602.5012 602.4741 602.4419 602.4119 602.3855 602.3553 602.3234 602.2964 602.2695 602.2422
-9999 -9999 -9999 -9999 603.928 603.8956 603.8632 603.8306 603.8004 603.7682 603.7412 603.712 603.6816 603.6548 603.6241 603.5952 603.5682 603.54 603.5071 603.4745 603.4476 603.4205 603.3936 603.3666 603.3402 603.3142 603.2835 603.2535 603.2266 603.1964 603.1656 603.1387 603.1065 603.0776 603.0505 603.0223 602.9906 602.9633 602.9361 602.904 602.8748 602.845 602.813 602.7859 602.759 602.732 602.705 602.6786 602.6516 602.6198 602.5899 602.5629 602.5326 602.5005 602.4735 602.4465 602.4145 602.3838 602.3574 602.3274 602.2951 602.2678 602.2408 602.2136
-9999 -9999 -9999 -9999 603.9057 603.8733 603.8409 603.8083 603.778 603.7454 603.718 603.6893 603.6581 603.6312 603.6011 603.5714 603.5444 603.5165 603.4836 603.4508 603.423 603.396 603.369 603.342 603.3157 603.2896 603.2596 603.2286 603.2017 603.172 603.1404 603.1135 603.0818 603.0519 603.025 602.997 602.9653 602.9373 602.9103 602.8783 602.8484 602.8192 602.7862 602.7592 602.7322 602.7052 602.6782 602.6517 602.6248 602.5933 602.5627 602.5357 602.5057 602.4733 602.4458 602.4188 602.3871 602.3557 602.3292 602.2995 602.2672 602.2393 602.2122 602.1851
-9999 -9999 -9999 -9999 603.8833 603.851 603.8185 603.7859 603.7551 603.723 603.6947 603.6666 603.6346 603.6076 603.5782 603.5475 603.5205 603.4931 603.4602 603.4274 603.3985 603.3715 603.3445 603.3175 603.2911 603.2649 603.2357 603.2038 603.1768 603.1477 603.1152 603.0883 603.0571 603.0264 602.9994 602.9717 602.9399 602.9113 602.8843 602.8527 602.822 602.7934 602.76 602.7324 602.7054 602.6784 602.6514 602.6248 602.598 602.5668 602.5355 602.5085 602.4788 602.4465 602.4182 602.3912 602.3597 602.3276 602.301 602.2716 602.2394 602.2106 602.1837 602.1564
-9999 -9999 -9999 -9999 603.861 603.8286 603.7962 603.7637 603.7322 603.7006 603.6715 603.6439 603.6116 603.5841 603.5552 603.5236 603.4966 603.4696 603.4368 603.4039 603.374 603.3469 603.32 603.293 603.2665 603.2402 603.2119 603.179 603.152 603.1234 603.0903 603.063 603.0325 603.0008 602.9738 602.9464 602.9146 602.8853 602.8583 602.827 602.7956 602.7676 602.7342 602.7056 602.6786 602.6516 602.6246 602.5978 602.5712 602.5402 602.5082 602.4813 602.452 602.4196 602.3905 602.3635 602.3323 602.2999 602.2729 602.2437 602.2115 602.182 602.155 602.1279
-9999 -9999 -9999 603.8752 603.8386 603.8063 603.7739 603.7413 603.7093 603.6782 603.6483 603.6211 603.5888 603.5606 603.5322 603.4998 603.4728 603.4458 603.4133 603.3804 603.3494 603.3224 603.2955 603.2684 603.242 603.2157 603.1879 603.155 603.1271 603.0991 603.066 603.0378 603.0078 602.9752 602.9482 602.921 602.8893 602.8594 602.8323 602.8013 602.7692 602.7418 602.7084 602.6788 602.6518 602.6248 602.5978 602.5709 602.5443 602.5137 602.4818 602.454 602.4251 602.3927 602.3629 602.3358 602.3049 602.2725 602.2446 602.2159 602.1836 602.1534 602.1264 602.0992
-9999 -9999 -9999 603.851 603.8163 603.784 603.7516 603.719 603.6864 603.6558 603.6251 603.5981 603.5661 603.5371 603.5092 603.4764 603.449 603.4219 603.3898 603.357 603.3249 603.2979 603.2709 603.2439 603.2175 603.1911 603.1641 603.131 603.1023 603.0747 603.0416 603.0126 602.9832 602.95 602.9226 602.8957 602.864 602.8334 602.8064 602.7756 602.7435 602.7158 602.6826 602.652 602.6251 602.598 602.571 602.5441 602.5175 602.4872 602.4553 602.4268 602.3983 602.3658 602.3351 602.3082 602.2775 602.2451 602.2164 602.188 602.1557 602.1248 602.0978 602.0707
-9999 -9999 -9999 603.8268 603.7939 603.7617 603.7292 603.6967 603.6641 603.6334 603.6019 603.5749 603.5434 603.5136 603.4862 603.4535 603.4251 603.3981 603.3664 603.3335 603.3007 603.2734 603.2464 603.2194 603.1929 603.1666 603.1401 603.1072 603.0775 603.0504 603.0173 602.9874 602.9585 602.9253 602.897 602.8704 602.8386 602.8074 602.7804 602.75 602.7178 602.6895 602.6569 602.6252 602.5983 602.5712 602.5443 602.5173 602.4907 602.4608 602.4288 602.3996 602.3713 602.339 602.3075 602.2805 602.2501 602.2177 602.1881 602.1601 602.1278 602.0963 602.0692 602.0421
-9999 -9999 -9999 603.8042 603.7716 603.7393 603.7069 603.6744 603.6418 603.611 603.5786 603.5516 603.5206 603.4901 603.4632 603.4305 603.4012 603.3742 603.343 603.3101 603.2772 603.2488 603.2219 603.1949 603.1683 603.142 603.1158 603.0833 603.0526 603.0256 602.993 602.9622 602.9338 602.9006 602.8714 602.8448 602.8133 602.7816 602.7544 602.7243 602.6922 602.6631 602.631 602.5984 602.5715 602.5444 602.5175 602.4905 602.4639 602.4343 602.4023 602.3724 602.3445 602.3121 602.2798 602.2528 602.2228 602.1903 602.1599 602.1322 602.0999 602.0676 602.0406 602.0135
-9999 -9999 -9999 603.7819 603.7493 603.717 603.6846 603.652 603.6194 603.5886 603.556 603.5284 603.4979 603.4666 603.4399 603.4075 603.3774 603.3504 603.3195 603.2866 603.2537 603.2243 603.1973 603.1703 603.1438 603.1174 603.0912 603.0594 603.0277 603.0007 602.9687 602.937 602.9091 602.876 602.8458 602.8191 602.788 602.7562 602.7285 602.6987 602.6665 602.6367 602.6053 602.5718 602.5447 602.5176 602.4907 602.4637 602.4371 602.4078 602.3758 602.3452 602.3176 602.2852 602.2529 602.2252 602.1954 602.1629 602.1318 602.1043 602.072 602.0398 602.012 601.9849
-9999 -9999 -9999 603.7595 603.7269 603.6946 603.6623 603.6297 603.5971 603.5662 603.5336 603.5052 603.4752 603.4431 603.4163 603.3845 603.3535 603.3265 603.296 603.2632 603.2303 603.1998 603.1728 603.1458 603.1192 603.0929 603.0668 603.0355 603.0029 602.9759 602.9443 602.9117 602.8845 602.8513 602.8203 602.7934 602.7626 602.7309 602.7025 602.673 602.6409 602.6104 602.5795 602.5461 602.5179 602.4908 602.4639 602.437 602.4103 602.3813 602.3493 602.3179 602.2908 602.2584 602.226 602.1975 602.168 602.1355 602.1037 602.0764 602.0441 602.0119 601.9834 601.9563
