samples/sfe_209/sfe_209_c1/sfe_209_c1/sfe_209_c1.asc
ncols         267
nrows         135
xllcorner     98.199999999255
yllcorner     82.800000000745
cellsize      0.3
NODATA_value  -9999
[rows 56 to 83 of 135, columns 64 to 127 of 267]
598.6487 598.5703 598.3447 598.184 598.0725 598.0523 598.049 598.1635 598.2875 598.261 598.194 598.0335 597.837 597.7025 597.6357 597.6898 597.8203 597.8513 597.8808 597.8842 597.9238 597.939 597.8638 597.7158 597.531 597.347 597.1407 597.0048 596.9473 596.9587 596.9822 596.958 596.925 596.9713 597.0928 597.1898 597.1975 597.0935 596.9042 596.7228 596.551 596.4512 596.4352 596.472 596.4967 596.48 596.4567 596.4075 596.352 596.2925 596.2365 596.1962 596.1812 596.241 596.3565 596.4387 596.4323 596.2952 596.153 596.005 595.946 595.9982 596.1445 596.2798
598.6307 598.5388 598.4233 598.2462 598.1412 598.0598 598.0785 598.166 598.2047 598.2343 598.1237 597.961 597.7815 597.595 597.5322 597.5737 597.6245 597.71 597.696 597.6915 597.741 597.7733 597.7605 597.6542 597.4885 597.2968 597.1219 596.9985 596.9688 597.0082 597.0637 597.066 597.0262 597.0795 597.1745 597.2363 597.2003 597.0522 596.8865 596.7045 596.563 596.5002 596.527 596.5828 596.6063 596.5722 596.5438 596.5105 596.4765 596.4402 596.4057 596.3725 596.356 596.4088 596.4833 596.5562 596.5145 596.385 596.2075 596.0397 595.9278 595.922 595.9982 596.0967
598.579 598.5695 598.452 598.3213 598.1985 598.1522 598.162 598.2028 598.254 598.1898 598.0712 597.8978 597.676 597.522 597.4323 597.42 597.4868 597.5145 597.504 597.5023 597.57 597.666 597.6802 597.615 597.4612 597.2728 597.1075 597.0135 597.0143 597.1027 597.1628 597.1813 597.1625 597.1927 597.2562 597.2643 597.2015 597.053 596.8723 596.7027 596.6434 596.615 596.6522 596.6937 596.6901 596.6642 596.6243 596.6063 596.588 596.5902 596.558 596.5245 596.5015 596.54 596.604 596.6215 596.5525 596.4012 596.223 596.0483 595.9135 595.8613 595.9032 595.9583
598.5637 598.549 598.4705 598.3687 598.2712 598.2325 598.2377 598.261 598.208 598.1273 597.9708 597.756 597.603 597.4425 597.3458 597.3255 597.3503 597.3695 597.3453 597.3298 597.4138 597.536 597.6035 597.5707 597.4345 597.254 597.101 597.0422 597.0977 597.2234 597.332 597.3605 597.3373 597.0862 597.0246 597.0459 597.0531 596.9763 596.8637 596.7608 596.6826 596.6277 596.689 596.7947 596.8255 596.804 596.7816 596.768 596.7592 596.74 596.7105 596.6722 596.6348 596.6508 596.6622 596.6393 596.5458 596.4025 596.241 596.0822 595.9495 595.8723 595.8635 595.8763
598.5022 598.4835 598.412 598.3303 598.2628 598.2663 598.2793 598.2377 598.1705 598.0082 597.8135 597.6343 597.4927 597.3818 597.3199 597.3138 597.327 597.3245 597.2704 597.2283 597.3008 597.4323 597.5016 597.4842 597.3816 597.2903 597.2531 597.214 597.181 597.3607 597.5068 597.5417 597.5125 597.4708 597.4005 597.2698 597.1385 597.007 596.8832 596.7927 596.7295 596.721 596.7645 596.8045 596.8173 596.79 596.7808 596.8088 596.842 596.857 596.8257 596.7883 596.7222 596.6635 596.6162 596.5513 596.4758 596.3768 596.2705 596.1827 596.0792 596.0125 595.956 595.909
598.4393 598.3522 598.256 598.1835 598.1885 598.2275 598.2605 598.2145 598.094 597.8935 597.6835 597.5273 597.4358 597.384 597.3965 597.41 597.4305 597.4326 597.5134 597.3999 597.3521 597.3998 597.486 597.5143 597.4243 597.2543 597.1193 597.103 597.2242 597.4282 597.5817 597.618 597.5792 597.488 597.3503 597.184 597.0447 596.9575 596.9282 596.8993 596.8712 596.8378 596.8087 596.7711 596.7333 596.7075 596.7238 596.794 596.8795 596.9222 596.8932 596.8068 596.687 596.5638 596.449 596.3832 596.3625 596.349 596.3365 596.318 596.3118 596.2682 596.182 596.0645
598.3203 598.177 598.0595 597.998 598.0513 598.133 598.1865 598.1738 598.0377 597.8489 597.6937 597.6655 597.6981 597.4617 597.536 597.602 597.61 597.5273 597.3823 597.2858 597.286 597.3823 597.4902 597.526 597.4445 597.2758 597.1332 597.0967 597.2108 597.3808 597.52 597.5513 597.508 597.3945 597.2368 597.0705 596.9565 596.9407 596.9808 597.0233 597.046 596.9895 596.879 596.7575 596.6825 596.651 596.679 596.7858 596.8928 596.9293 596.9003 596.7688 596.61 596.424 596.2708 596.214 596.2505 596.3352 596.3967 596.473 596.5462 596.562 596.4705 596.3228
598.1555 597.999 597.862 597.858 597.9268 597.9641 597.9644 598.0153 597.965 597.855 597.6938 597.5995 597.5705 597.611 597.7257 597.8037 597.7887 597.6793 597.5167 597.4003 597.3675 597.4395 597.5187 597.5762 597.4847 597.315 597.1595 597.096 597.162 597.2922 597.395 597.4185 597.3735 597.2538 597.111 596.966 596.91 596.9457 597.0427 597.1502 597.1935 597.1455 597.0037 596.8483 596.7485 596.7162 596.7462 596.8565 596.9777 596.9955 596.906 596.7502 596.5543 596.3392 596.1645 596.1202 596.2117 596.3502 596.471 596.6223 596.7745 596.829 596.7457 596.5505
598.1067 598.0028 597.7863 597.7988 597.8875 598.0025 598.111 598.1595 598.1005 597.9705 597.8452 597.773 597.7495 597.7875 597.8935 597.9425 597.9042 597.7682 597.5983 597.4703 597.4288 597.4893 597.5837 597.6328 597.5413 597.371 597.2097 597.1118 597.1448 597.2095 597.2855 597.2972 597.262 597.1885 597.039 596.9343 596.9167 596.9877 597.1132 597.224 597.3212 597.2925 597.17 597.0235 596.9277 596.8953 596.9315 597.045 597.111 597.09 596.979 596.8065 596.5985 596.369 596.1898 596.158 596.263 596.4285 596.562 596.7202 596.9077 596.98 596.9027 596.7017
597.8927 597.7905 597.762 597.8118 597.9122 598.025 598.1495 598.2183 598.2023 598.1088 598.0188 597.9597 597.9395 597.9765 598.0388 598.0558 597.9795 597.8282 597.6755 597.5395 597.4965 597.5573 597.66 597.6927 597.598 597.427 597.253 597.174 597.1355 597.166 597.2145 597.2147 597.2065 597.124 597.0205 596.959 596.9825 597.083 597.2428 597.3605 597.4438 597.4457 597.3652 597.243 597.1575 597.154 597.1743 597.2347 597.2527 597.2003 597.0673 596.895 596.7083 596.4883 596.3157 596.2575 596.4142 596.584 596.706 596.8433 596.9902 597.0573 596.979 596.7808
597.791 597.7672 597.8077 597.8855 597.9727 598.0535 598.145 598.2023 598.2078 598.1863 598.1368 598.113 598.1102 598.1462 598.214 598.1985 598.1032 597.976 597.8268 597.6957 597.6597 597.7 597.796 597.777 597.6688 597.5032 597.3695 597.2417 597.1825 597.1845 597.2133 597.1978 597.1683 597.1107 597.0497 597.0623 597.1398 597.288 597.4202 597.5197 597.606 597.6292 597.5695 597.4647 597.3892 597.3358 597.3615 597.3478 597.3245 597.254 597.1273 596.9977 596.8455 596.6787 596.5618 596.5693 596.6458 596.737 596.8125 596.908 597.0068 597.041 596.9578 596.7815
597.763 597.8175 597.9302 598.011 598.0598 598.082 598.1072 598.1039 598.1063 598.1375 598.1675 598.1805 598.2165 598.3098 598.3525 598.3312 598.2705 598.141 598.009 597.9065 597.8815 597.9573 597.9528 597.8925 597.7538 597.6145 597.4742 597.358 597.3168 597.3157 597.3185 597.3185 597.233 597.1572 597.146 597.2175 597.404 597.5367 597.6355 597.7072 597.7783 597.8025 597.75 597.6397 597.5853 597.5247 597.4352 597.3568 597.2823 597.215 597.1663 597.087 597.048 596.993 596.9302 596.9233 596.9135 596.9432 596.947 596.9395 596.9642 596.945 596.8647 596.7185
597.8807 597.9975 598.1362 598.1823 598.1708 598.1378 598.0435 597.9548 597.933 598.0253 598.1077 598.1802 598.2938 598.3773 598.4268 598.4175 598.3655 598.2682 598.1663 598.1072 598.1155 598.1625 598.1295 598.0078 597.8517 597.6938 597.611 597.5422 597.5355 597.554 597.5818 597.5037 597.3815 597.2972 597.3018 597.4263 597.6453 597.762 597.8077 597.8453 597.8978 597.9188 597.8958 597.8285 597.6863 597.5632 597.4117 597.265 597.1733 597.158 597.198 597.2233 597.2448 597.345 597.3508 597.3143 597.2428 597.1485 597.081 596.9858 596.913 596.8517 596.7935 596.7238
598.1077 598.2775 598.3718 598.3738 598.3075 598.1992 598.0258 597.867 597.7883 597.8983 598.0305 598.1533 598.2972 598.4095 598.4605 598.4327 598.4017 598.3052 598.2397 598.2192 598.2752 598.306 598.2645 598.1435 597.9725 597.8755 597.7537 597.7245 597.774 597.8718 597.863 597.7655 597.6064 597.4962 597.4827 597.5773 597.796 597.8935 597.9045 597.9145 597.9482 598.032 597.9975 597.8962 597.731 597.5743 597.3773 597.1925 597.0948 597.122 597.2322 597.4312 597.5258 597.6342 597.7133 597.681 597.5415 597.369 597.2092 597.069 596.934 596.8545 596.836 596.8282
598.3757 598.5153 598.583 598.5333 598.4108 598.2767 598.0685 597.8638 597.816 597.869 598.016 598.1815 598.3337 598.447 598.484 598.4852 598.3915 598.2815 598.2272 598.2372 598.3193 598.3865 598.3632 598.262 598.1718 597.9998 597.8875 597.886 597.961 598.0567 598.1115 597.9848 597.81 597.6708 597.6605 597.7715 597.8788 597.9487 597.9423 597.94 597.9977 598.0455 598.108 597.9942 597.817 597.6462 597.4302 597.2263 597.1722 597.3695 597.5157 597.6597 597.7858 597.9415 598.0505 598.025 597.8608 597.6417 597.4505 597.2772 597.1403 597.083 597.2507 597.2805
598.6305 598.712 598.7345 598.6572 598.5522 598.3727 598.1575 597.9883 597.89 597.953 598.1038 598.2708 598.4492 598.5338 598.5812 598.5073 598.3802 598.2552 598.199 598.233 598.3505 598.4302 598.4498 598.4323 598.3105 598.135 598.0263 598.0285 598.1282 598.2863 598.2728 598.1448 597.9655 597.8748 597.8035 597.8425 597.9115 597.9585 597.9465 597.9453 598.0172 598.4213 598.4437 598.354 598.1942 598.019 597.7963 597.816 598.176 598.2964 598.2695 598.3303 598.3317 598.3675 598.3585 598.3152 598.2882 598.1675 598.1147 598.0632 598.0027 597.9807 598.124 598.1255
598.8633 598.9318 598.891 598.8077 598.6675 598.4835 598.266 598.0792 598.0385 598.0712 598.2662 598.4577 598.5732 598.638 598.6295 598.5757 598.398 598.2468 598.229 598.2965 598.375 598.4735 598.517 598.4803 598.4138 598.2463 598.144 598.1437 598.2997 598.4587 598.4453 598.3223 598.1508 598.251 598.3528 598.3385 598.367 598.3718 598.359 598.4865 598.7385 598.7188 598.7134 598.6864 598.6594 598.6324 598.5919 598.5677 598.5844 598.6011 598.596 598.569 598.542 598.515 598.488 598.461 598.434 598.407 598.3787 598.3519 598.3256 598.2986 598.2821 598.2892
599.1693 599.171 599.0732 598.9617 598.802 598.62 598.4 598.2165 598.1758 598.2078 598.4193 598.6108 598.7233 598.773 598.7245 598.6373 598.4377 598.291 598.3082 598.4008 598.479 598.562 598.5703 598.5237 598.6495 598.5085 598.4183 598.416 598.8458 598.9523 598.9218 598.8792 598.8073 598.9338 598.9506 598.96 598.933 598.9062 598.8799 598.8594 598.8758 598.8921 598.8868 598.8597 598.8328 598.8058 598.7653 598.7419 598.7578 598.7745 598.7694 598.7424 598.7154 598.6884 598.6614 598.6343 598.6074 598.5804 598.5505 598.5237 598.4974 598.4705 598.4458 598.453
599.3915 599.3527 599.2335 599.0732 598.937 598.7582 598.5745 598.424 598.3152 598.381 598.537 598.7637 598.8735 598.9025 598.9635 598.7875 598.5963 598.6465 598.6479 598.9317 598.9863 598.9985 599.2405 599.2135 599.2084 599.1887 599.1617 599.1422 599.1526 599.163 599.1546 599.1263 599.1084 599.1088 599.1255 599.1349 599.108 599.0811 599.0549 599.0419 599.0491 599.0655 599.0602 599.0331 599.0062 598.9791 598.9387 598.9168 598.9312 598.9479 598.9427 598.9158 598.8887 598.8618 598.8348 598.8077 598.7807 598.7538 598.7222 598.6955 598.6693 598.6422 598.6152 598.6168
599.4503 599.445 599.3483 599.2755 599.08 598.9195 598.7531 598.577 598.4683 598.5138 598.9255 599.083 599.1927 599.2155 599.324 599.3057 599.2575 599.3755 599.3705 599.3877 599.3828 599.3604 599.3499 599.3666 599.3834 599.3636 599.3366 599.3233 599.3291 599.3395 599.3312 599.3013 599.2943 599.2837 599.3005 599.3099 599.2829 599.256 599.2297 599.2261 599.2225 599.2389 599.2335 599.2065 599.1795 599.1525 599.1126 599.0918 599.1046 599.1213 599.1161 599.0891 599.0621 599.0352 599.0081 598.9811 598.9541 598.9271 598.894 598.8673 598.841 598.814 598.787 598.7805
599.4658 599.5027 599.5073 599.4597 599.2817 599.1095 599.1287 599.1033 599.019 599.2195 599.568 599.5472 599.5389 599.5138 599.5071 599.5247 599.5422 599.53 599.5471 599.5643 599.5593 599.5372 599.5248 599.5416 599.5583 599.5386 599.5116 599.5089 599.5057 599.5161 599.5078 599.4763 599.4711 599.4587 599.4755 599.4849 599.4579 599.4309 599.4046 599.4088 599.3959 599.4123 599.4069 599.3799 599.3529 599.3259 599.2875 599.2668 599.278 599.2947 599.2896 599.2625 599.2355 599.2085 599.1815 599.1545 599.1275 599.1005 599.0659 599.0391 599.0128 598.9858 598.9589 598.9443
599.6248 599.686 599.7845 599.7545 599.6812 599.602 599.6895 599.6993 599.7164 599.703 599.7134 599.7238 599.7155 599.7014 599.6837 599.7011 599.7186 599.7064 599.7237 599.7408 599.7359 599.7122 599.7053 599.7166 599.7333 599.7136 599.6866 599.6946 599.6823 599.6926 599.6843 599.6512 599.6461 599.6391 599.6504 599.6599 599.6329 599.6059 599.5795 599.5836 599.5693 599.5856 599.5803 599.5533 599.5263 599.4993 599.4625 599.4417 599.4521 599.468 599.4629 599.4359 599.4089 599.3819 599.3549 599.3279 599.3009 599.2739 599.2376 599.2109 599.1846 599.1577 599.1306 599.108
599.8505 599.831 599.848 599.8651 599.8823 599.8701 599.8587 599.8759 599.8929 599.8782 599.89 599.9003 599.892 599.889 599.8619 599.8776 599.8951 599.8829 599.9003 599.9174 599.9114 599.8871 599.8912 599.8915 599.9083 599.8885 599.8616 599.8713 599.8588 599.8691 599.8609 599.8262 599.821 599.825 599.8254 599.8348 599.8078 599.7808 599.7544 599.7585 599.7517 599.759 599.7537 599.7267 599.6997 599.6727 599.6375 599.6167 599.6271 599.6414 599.6363 599.6093 599.5823 599.5553 599.5283 599.5013 599.4742 599.4473 599.4094 599.3827 599.3564 599.3294 599.3024 599.2755
599.9924 600.0102 600.0245 600.0417 600.0588 600.0466 600.0353 600.0524 600.0695 600.0532 600.0665 600.0769 600.0686 600.0765 600.0496 600.0541 600.0716 600.0594 600.0768 600.0939 600.0864 600.0621 600.0771 600.0665 600.0832 600.0635 600.0365 600.0463 600.04 600.0457 600.0374 600.0012 599.996 600.0109 600.0004 600.0098 599.9828 599.9558 599.9293 599.9334 599.936 599.9324 599.9271 599.9001 599.873 599.8461 599.8124 599.7917 599.8021 599.8148 599.8096 599.7827 599.7556 599.7287 599.7017 599.6747 599.6476 599.6207 599.5812 599.5544 599.5282 599.5012 599.4742 599.4472
600.1716 600.1894 600.2029 600.2183 600.2354 600.2231 600.2209 600.2289 600.2461 600.2281 600.243 600.2535 600.2452 600.2549 600.2371 600.2305 600.248 600.2358 600.2534 600.2705 600.2614 600.2371 600.2538 600.2415 600.2582 600.2385 600.2115 600.2213 600.2259 600.2223 600.214 600.1761 600.171 600.1877 600.1753 600.1848 600.1578 600.1308 600.1041 600.1083 600.1186 600.1058 600.1005 600.0735 600.0464 600.0195 599.9874 599.9667 599.977 599.9882 599.983 599.9561 599.929 599.902 599.8751 599.848 599.821 599.7935 599.753 599.7263 599.7 599.673 599.646 599.619
600.3508 600.3685 600.3864 600.3948 600.4119 600.3997 600.4083 600.4055 600.4227 600.4031 600.4196 600.43 600.4217 600.4315 600.4247 600.407 600.4245 600.4124 600.4298 600.4471 600.4363 600.4121 600.4288 600.4219 600.4332 600.4135 600.3865 600.3962 600.4116 600.3989 600.3906 600.3511 600.3459 600.3627 600.3558 600.3597 600.3327 600.3058 600.279 600.2831 600.2935 600.2792 600.2739 600.2468 600.2198 600.1929 600.1624 600.1416 600.152 600.1624 600.1564 600.1294 600.1024 600.0754 600.0485 600.0214 599.9944 599.9653 599.9248 599.8981 599.8718 599.8448 599.8178 599.7908
600.53 600.5477 600.5656 600.5714 600.5885 600.5763 600.5938 600.5821 600.5992 600.5781 600.5948 600.6066 600.5983 600.6081 600.6124 600.5853 600.601 600.5888 600.6063 600.6237 600.6113 600.587 600.6038 600.6078 600.6081 600.5884 600.5615 600.5712 600.5883 600.5754 600.5671 600.5261 600.5209 600.5377 600.5417 600.5347 600.5077 600.4808 600.4539 600.458 600.4684 600.4616 600.4473 600.4202 600.3932 600.3662 600.3373 600.3166 600.327 600.3373 600.3298 600.3028 600.2758 600.2488 600.2218 600.1948 600.1678 600.1371 600.0966 600.0698 600.0436 600.0166 599.9896 599.9626
600.7092 600.7269 600.7448 600.7479 600.7651 600.7528 600.7704 600.7587 600.7758 600.7531 600.7698 600.7831 600.7748 600.7846 600.7999 600.7729 600.7775 600.7653 600.7828 600.8002 600.7863 600.762 600.7787 600.7937 600.7831 600.7634 600.7364 600.7462 600.7632 600.7566 600.7437 600.701 600.6959 600.7126 600.7275 600.7097 600.6827 600.6557 600.6288 600.6329 600.6432 600.6458 600.6206 600.5936 600.5666 600.5396 600.5123 600.4916 600.4832 600.4562 600.4293 600.4017 600.374 600.3462 600.3184 600.2908 600.2638 600.2322 600.1919 600.1652 600.1389 600.1119 600.0849 600.0579
