samples/sfe_209/sfe_209_c1/sfe_209_c1/sfe_209_c1.asc
ncols         267
nrows         135
xllcorner     98.199999999255
yllcorner     82.800000000745
cellsize      0.3
NODATA_value  -9999
[rows 28 to 55 of 135, columns 64 to 127 of 267]
601.9005 601.8732 601.846 601.8166 601.7849 601.7532 601.7238 601.6946 601.663 601.6314 601.6016 601.5743 601.5469 601.5195 601.4921 601.4654 601.4362 601.405 601.3738 601.3425 601.3145 601.2875 601.2602 601.233 601.2057 601.1785 601.1517 601.124 601.0927 601.0613 601.03 600.9999 600.9729 600.9462 600.9197 600.8923 600.8647 600.8372 600.8096 600.7827 600.7557 600.7286 600.7017 600.6746 600.6475 600.6201 600.5928 600.5654 600.5382 600.5114 600.4844 600.4574 600.4304 600.4034 600.3763 600.3514 600.3379 600.3109 600.2847 600.2579 600.2309 600.2039 600.1769 600.15
601.8718 601.8445 601.8174 601.7881 601.7564 601.7247 601.6946 601.6656 601.634 601.6024 601.5719 601.5447 601.5173 601.4898 601.4625 601.4357 601.4065 601.3752 601.3441 601.3128 601.2842 601.2572 601.2299 601.2027 601.1754 601.1483 601.1214 601.0936 601.0623 601.031 600.9997 600.969 600.942 600.9152 600.8888 600.8613 600.8338 600.8063 600.7787 600.7517 600.7247 600.6977 600.6707 600.6437 600.6165 600.5891 600.5618 600.5344 600.5071 600.4803 600.4533 600.4263 600.3993 600.3723 600.3453 600.3209 600.3074 600.2804 600.2542 600.2274 600.2004 600.1734 600.1464 600.1194
601.8433 601.816 601.7888 601.7597 601.728 601.6962 601.6653 601.6366 601.605 601.5734 601.5422 601.5151 601.4876 601.4602 601.4327 601.4059 601.3768 601.3455 601.3143 601.2831 601.254 601.2269 601.1996 601.1724 601.1451 601.1179 601.0911 601.0633 601.032 601.0007 600.9693 600.938 600.9111 600.8843 600.8579 600.8304 600.8029 600.7753 600.7478 600.7207 600.6937 600.6667 600.6396 600.6127 600.5854 600.5581 600.5308 600.5034 600.4761 600.4492 600.4222 600.3952 600.3682 600.3412 600.3142 600.2903 600.2769 600.2498 600.2236 600.1968 600.1699 600.1428 600.1158 600.0889
601.8146 601.7874 601.7601 601.7312 601.6995 601.6677 601.6362 601.6075 601.576 601.5444 601.5128 601.4854 601.458 601.4305 601.4031 601.3762 601.347 601.3158 601.2845 601.2534 601.2237 601.1966 601.1694 601.1421 601.1149 601.0876 601.0607 601.033 601.0016 600.9703 600.939 600.9077 600.8801 600.8534 600.827 600.7996 600.772 600.7444 600.7169 600.6897 600.6627 600.6357 600.6086 600.5817 600.5544 600.5271 600.4998 600.4724 600.4451 600.4181 600.3911 600.3641 600.3372 600.3101 600.2831 600.2598 600.2463 600.2193 600.1931 600.1663 600.1393 600.1123 600.0853 600.0583
601.7861 601.7588 601.7315 601.7028 601.671 601.6393 601.6075 601.5786 601.547 601.5154 601.4838 601.4558 601.4283 601.4009 601.3735 601.3464 601.3173 601.2861 601.2548 601.2236 601.1934 601.1663 601.1391 601.1118 601.0846 601.0573 601.0303 601.0026 600.9713 600.94 600.9086 600.8773 600.8492 600.8224 600.7961 600.7687 600.7411 600.7136 600.686 600.6587 600.6317 600.6047 600.5776 600.5507 600.5234 600.4961 600.4688 600.4414 600.4141 600.387 600.36 600.3331 600.306 600.2791 600.252 600.2292 600.2158 600.1887 600.1625 600.1357 600.1088 600.0817 600.0547 600.0278
601.7574 601.7302 601.7029 601.6743 601.6426 601.6108 601.5791 601.5496 601.518 601.4864 601.4548 601.4261 601.3987 601.3713 601.3438 601.3167 601.2876 601.2563 601.2251 601.1938 601.1631 601.136 601.1088 601.0815 601.0543 601.027 601 600.9723 600.941 600.9096 600.8783 600.847 600.8183 600.7915 600.7653 600.7378 600.7102 600.6827 600.6552 600.6277 600.6006 600.5737 600.5466 600.5197 600.4925 600.4652 600.4473 600.4255 600.3985 600.3361 600.2665 600.2324 600.2054 600.1784 600.1514 600.1289 600.1146 600.0876 600.0613 600.0346 600.0076 599.9806 599.9543 599.9274
601.7289 601.7016 601.6743 601.6458 601.6141 601.5823 601.5506 601.5206 601.489 601.4574 601.4258 601.3965 601.3691 601.3417 601.3142 601.287 601.2579 601.2266 601.1954 601.1641 601.1329 601.1058 601.0786 601.0513 601.024 600.9968 600.9697 600.942 600.9106 600.8793 600.848 600.8195 600.7925 600.7593 600.7114 600.6889 600.6751 600.6481 600.6194 600.5587 600.4891 600.4266 600.3997 600.3726 600.3456 600.3232 600.3104 600.2766 600.2354 600.1658 600.0963 600.0622 600.0352 600.0082 599.9812 599.9587 599.9428 599.9158 599.8895 599.8628 599.8358 599.8088 599.7842 599.7572
601.7003 601.673 601.6458 601.6174 601.5856 601.5539 601.5222 601.4916 601.46 601.4284 601.3969 601.3669 601.3395 601.312 601.2845 601.2573 601.2281 601.1969 601.1656 601.1344 601.1031 601.0755 601.0483 601.022 600.9951 600.9815 600.9334 600.8643 600.8162 600.7892 600.7621 600.7281 600.6594 600.5906 600.5427 600.5203 600.5049 600.478 600.4385 600.3885 600.3189 600.2565 600.2294 600.2025 600.1754 600.153 600.1402 600.1064 600.0652 599.9956 599.9261 599.892 599.865 599.838 599.811 599.7885 599.771 599.744 599.7178 599.691 599.664 599.637 599.614 599.587
601.6717 601.6444 601.6171 601.5889 601.5571 601.5254 601.4937 601.4626 601.431 601.3994 601.3679 601.3373 601.3098 601.2823 601.255 601.2325 601.2055 601.1504 601.1234 601.0947 601.0485 600.9797 600.9109 600.877 600.85 600.834 600.7648 600.6957 600.6476 600.6205 600.5936 600.5595 600.4907 600.4219 600.374 600.3516 600.3347 600.3077 600.2595 600.2183 600.1487 600.0862 600.0593 600.0322 600.0052 599.9828 599.97 599.9362 599.8861 599.8254 599.7559 599.7218 599.6948 599.6678 599.6407 599.6183 599.5992 599.5722 599.546 599.5192 599.4922 599.4652 599.4438 599.4168
601.6431 601.6158 601.5886 601.5604 601.5287 601.4969 601.4652 601.4336 601.4028 601.3758 601.349 601.3156 601.2468 601.1895 601.1752 601.113 601.0439 600.9818 600.9548 600.9208 600.8798 600.811 600.7421 600.7084 600.6814 600.6653 600.5962 600.527 600.4789 600.452 600.4249 600.3909 600.322 600.2532 600.2053 600.183 600.1645 600.1375 600.0892 600.048 599.9785 599.916 599.889 599.8621 599.8366 599.8141 599.7997 599.7659 599.7053 599.6552 599.5857 599.5516 599.5246 599.4976 599.4706 599.4481 599.4274 599.4004 599.3741 599.3474 599.3204 599.2934 599.2736 599.2466
601.6145 601.5872 601.56 601.5375 601.5105 601.4556 601.4286 601.3669 601.2981 601.2363 601.2011 601.1485 601.0798 601.0225 601.0066 600.9445 600.8753 600.8132 600.7861 600.7521 600.7094 600.6423 600.5734 600.5397 600.5128 600.4968 600.4276 600.3584 600.3103 600.2833 600.2563 600.2223 600.1533 600.0845 600.0366 600.0144 599.9943 599.9673 599.9191 599.869 599.8083 599.7458 599.7188 599.6918 599.668 599.6455 599.6294 599.5958 599.5262 599.485 599.4155 599.3814 599.3544 599.3274 599.3004 599.2778 599.2556 599.2286 599.2024 599.1756 599.1486 599.1216 599.1034 599.0764
601.5637 601.5072 601.4749 601.4192 601.3504 601.2886 601.2617 601.1998 601.1311 601.0693 601.0234 600.9814 600.9127 600.8554 600.838 600.7758 600.7067 600.6445 600.6176 600.5836 600.5302 600.4736 600.4047 600.3712 600.3442 600.3281 600.259 600.1898 600.1417 600.1147 600.0877 600.0537 599.9846 599.9158 599.8679 599.8458 599.8241 599.7971 599.7488 599.6882 599.6381 599.5756 599.5486 599.5216 599.4994 599.4769 599.4591 599.4255 599.356 599.3148 599.2452 599.2112 599.1841 599.1572 599.1301 599.1077 599.0839 599.0568 599.0306 599.0038 598.9768 598.9498 598.9332 598.9062
601.3951 601.3386 601.2958 601.2521 601.1834 601.1216 601.0946 601.0328 600.9641 600.9023 600.8546 600.8145 600.7457 600.6884 600.6693 600.6072 600.538 600.4759 600.4489 600.4149 600.351 600.3049 600.236 600.2025 600.1755 600.1595 600.0903 600.0212 599.9731 599.9461 599.9191 599.8851 599.8159 599.7471 599.6992 599.6772 599.6539 599.6269 599.5786 599.5091 599.4679 599.4054 599.3784 599.3514 599.3308 599.3083 599.2888 599.2553 599.1858 599.1357 599.0751 599.041 599.014 598.9869 598.96 598.9374 598.912 598.8851 598.8588 598.832 598.8051 598.7781 598.7629 598.736
601.2264 601.17 601.1219 601.0851 601.0164 600.9546 600.9276 600.8658 600.7971 600.7352 600.6875 600.6422 600.5787 600.5214 600.5007 600.4386 600.3694 600.3073 600.2803 600.2463 600.1771 600.1362 600.0673 600.0339 600.0069 599.9909 599.9218 599.8525 599.8045 599.7775 599.7505 599.7165 599.6473 599.5783 599.5305 599.5086 599.4837 599.4567 599.4084 599.3389 599.2977 599.2352 599.2082 599.1812 599.1622 599.1397 599.1185 599.0851 599.0156 598.9549 598.9048 598.8708 598.8438 598.8168 598.7897 598.7672 598.7403 598.7133 598.687 598.6602 598.6332 598.6063 598.5928 598.5658
601.0579 601.0013 600.9532 600.9152 600.8493 600.7875 600.7606 600.6988 600.63 600.5682 600.5205 600.4646 600.4116 600.3544 600.3321 600.27 600.2008 600.1387 600.1117 600.0777 600.0085 599.9657 599.8986 599.8653 599.8383 599.8223 599.7531 599.684 599.6359 599.6088 599.5819 599.5479 599.4787 599.4096 599.3618 599.34 599.3135 599.2865 599.2382 599.1686 599.1186 599.065 599.038 599.011 598.9935 598.9711 598.9482 598.9149 598.8454 598.7758 598.7346 598.7006 598.6735 598.6465 598.6195 598.5955 598.5685 598.5414 598.5152 598.4885 598.4615 598.436 598.4225 598.3956
600.8892 600.8327 600.7847 600.7313 600.6823 600.6205 600.5936 600.5317 600.463 600.4012 600.3535 600.2869 600.2446 600.1873 600.1635 600.1013 600.0322 599.97 599.9431 599.9091 599.8399 599.7866 599.7299 599.6967 599.6697 599.6536 599.5845 599.5153 599.4672 599.4402 599.4133 599.3792 599.3101 599.2409 599.1931 599.1703 599.1433 599.1163 599.068 598.9985 598.9377 598.8948 598.8678 598.8408 598.825 598.8024 598.778 598.7447 598.6752 598.6057 598.5645 598.5303 598.5034 598.4763 598.4493 598.4236 598.3967 598.3697 598.3434 598.3167 598.2897 598.2659 598.2524 598.2253
600.7206 600.6641 600.616 600.5521 600.5153 600.4535 600.4265 600.3647 600.296 600.2341 600.1865 600.118 600.0776 600.0203 599.9949 599.9327 599.8636 599.8015 599.7745 599.7405 599.6713 599.6074 599.5612 599.5281 599.501 599.485 599.4159 599.3467 599.2986 599.2716 599.2446 599.2106 599.1415 599.0723 599.0243 599.0001 598.9731 598.9461 598.8978 598.8282 598.7587 598.7246 598.6976 598.6707 598.6563 598.6339 598.6077 598.5745 598.5049 598.4425 598.3073 598.2792 598.252 598.2255 598.199 598.1735 598.147 598.1198 598.093 598.0835 598.0757 598.0815 598.0675 598.009
600.552 600.4955 600.4474 600.3782 600.3482 600.2864 600.2595 600.1977 600.1289 600.0671 600.0194 599.951 599.9053 599.8533 599.8262 599.7641 599.6949 599.6328 599.6058 599.5718 599.5027 599.4335 599.3925 599.3594 599.3325 599.3164 599.2473 599.1781 599.13 599.103 599.076 599.042 598.9728 598.9037 598.8556 598.8299 598.8029 598.7759 598.7276 598.6935 598.6055 598.5674 598.5055 598.4212 598.3615 598.3285 598.291 598.2385 597.846 597.7735 597.6107 597.5698 597.5405 597.5242 597.534 597.5464 597.5598 597.5505 597.524 597.5233 597.5775 597.6405 597.6235 597.5117
600.3834 600.3268 600.2788 600.2096 600.1783 600.1194 600.0925 600.0306 599.9619 599.9001 599.8524 599.784 599.7278 599.6846 599.6577 599.5955 599.5263 599.4642 599.4373 599.4032 599.334 599.2649 599.222 599.1909 599.1638 599.1478 599.0786 599.0165 598.9738 598.9503 598.9233 598.8818 598.745 598.609 598.302 598.1638 598.1143 598.1515 598.0225 598.0015 598.0675 598.0977 598.0615 597.992 597.9543 597.928 597.8538 597.7655 597.5833 597.4225 597.3265 597.271 597.246 597.2643 597.3262 597.4132 597.474 597.4975 597.4742 597.4665 597.4705 597.3325 597.2657 597.0998
600.2103 600.1583 600.1102 600.041 599.9941 599.9524 599.9254 599.8636 599.7949 599.733 599.6854 599.617 599.5504 599.516 599.489 599.4269 599.3577 599.2956 599.2686 599.2346 599.1865 599.1595 598.9227 598.8307 598.802 598.8065 598.562 598.622 598.6483 598.655 598.6045 598.4303 598.2607 598.1438 598 597.8823 597.8278 597.8348 597.7695 597.7898 597.8028 597.8143 597.8165 597.8075 597.833 597.8403 597.8262 597.65 597.515 597.361 597.2415 597.1795 597.1555 597.1832 597.2717 597.3855 597.477 597.5118 597.4352 597.4093 597.3358 597.2213 597.03 596.8282
600.0328 599.9896 599.9415 599.8724 599.8099 599.7853 599.7584 599.6966 599.6278 599.566 599.5183 599.45 599.4023 599.2305 599.1823 599.154 599.0932 598.941 599.0233 599.076 599.0912 598.7657 598.6213 598.4767 598.3813 598.2813 598.282 598.2567 598.3417 598.388 598.3622 598.1497 598.0515 597.9352 597.8433 597.799 597.7728 597.7203 597.6985 597.561 597.496 597.4507 597.467 597.5407 597.6097 597.588 597.6068 597.5825 597.4815 597.3472 597.2267 597.1628 597.138 597.156 597.2277 597.2945 597.3665 597.395 597.3237 597.2728 597.1693 596.9935 596.7807 596.5748
599.8554 599.821 599.7729 599.7037 599.6346 599.6183 599.5914 599.5365 599.5095 599.54 599.3558 599.1195 598.7933 598.503 598.3558 598.35 598.3087 598.4725 598.5898 598.6923 598.7087 598.7393 598.6138 598.4343 598.2598 598.0748 597.9595 597.991 598.082 598.1232 598.0675 597.954 597.7838 597.6948 597.694 597.7155 597.7307 597.6335 597.4802 597.337 597.1757 597.0887 597.11 597.1953 597.2925 597.387 597.4485 597.4728 597.423 597.3098 597.1975 597.1332 597.1035 597.0965 597.113 597.0818 597.1055 597.115 597.0875 597.0355 596.927 596.76 596.576 596.4097
599.7072 599.481 599.465 599.4315 599.2385 599.2462 599.3987 599.548 599.32 599.2145 598.9993 598.7598 598.515 598.2787 598.1042 598.0582 598.0623 598.2283 598.3605 598.4665 598.6185 598.621 598.5468 598.3563 598.0923 597.8825 597.7742 597.781 597.8678 597.9205 597.8773 597.7345 597.5728 597.493 597.5237 597.6022 597.5615 597.5103 597.3615 597.166 596.9565 596.8248 596.8145 596.9513 597.0723 597.174 597.277 597.3275 597.294 597.1888 597.076 597.0115 596.9323 596.8862 596.8815 596.865 596.8467 596.8215 596.7903 596.7485 596.6695 596.567 596.449 596.3538
598.958 598.675 598.6575 598.795 598.7955 598.9312 599.082 599.1422 599.197 599.0615 598.8463 598.581 598.3517 598.136 597.9532 597.8198 597.924 598.061 598.1982 598.338 598.4095 598.4982 598.4327 598.216 597.9633 597.7578 597.6403 597.642 597.7397 597.816 597.7263 597.6038 597.4382 597.3605 597.397 597.4225 597.486 597.4128 597.2545 597.0502 596.8262 596.6843 596.6935 596.7645 596.9258 597.0497 597.1492 597.1855 597.1235 596.9943 596.861 596.7842 596.7288 596.684 596.653 596.6233 596.5912 596.5598 596.5275 596.496 596.468 596.434 596.4088 596.3707
598.6558 598.4847 598.4623 598.4922 598.6277 598.7542 598.903 599.034 599.0255 598.9265 598.7158 598.4345 598.2318 598.0145 597.8085 597.7695 597.8063 597.966 598.101 598.1388 598.3102 598.3885 598.3203 598.1057 597.8425 597.662 597.54 597.5292 597.614 597.595 597.5965 597.4715 597.3118 597.2397 597.2697 597.3655 597.3752 597.3203 597.162 596.9572 596.732 596.5125 596.5323 596.6592 596.8125 596.9315 597.0182 597.0247 596.9283 596.7485 596.597 596.5233 596.4713 596.4468 596.4228 596.401 596.371 596.3385 596.304 596.2787 596.2945 596.3492 596.3912 596.437
598.5595 598.4083 598.2628 598.3203 598.414 598.5293 598.6695 598.781 598.827 598.7365 598.5173 598.3238 598.1143 597.9147 597.773 597.6875 597.8052 597.9395 598.023 598.136 598.2505 598.317 598.2335 598.0347 597.7525 597.5715 597.435 597.3748 597.3825 597.4293 597.3962 597.2828 597.1492 597.1028 597.1167 597.233 597.295 597.2393 597.0803 596.859 596.6145 596.4605 596.43 596.5345 596.6568 596.7545 596.8217 596.8123 596.6902 596.5142 596.3292 596.2427 596.2147 596.2093 596.2255 596.2333 596.2225 596.1852 596.1285 596.1 596.1495 596.271 596.416 596.527
598.5535 598.4178 598.3073 598.1932 598.2383 598.2708 598.3467 598.4818 598.5898 598.556 598.3962 598.1955 598.0097 597.814 597.6868 597.7145 597.8553 598.002 598.033 598.1085 598.2007 598.2267 598.0922 597.8815 597.668 597.4815 597.3315 597.2278 597.1907 597.1923 597.1743 597.0972 596.9893 596.9395 597.043 597.1735 597.2355 597.1703 597.0105 596.799 596.5652 596.4125 596.3788 596.437 596.5315 596.5878 596.6203 596.565 596.4305 596.269 596.1378 596.069 596.045 596.0693 596.13 596.1898 596.1982 596.1473 596.062 595.9833 596.0313 596.1885 596.395 596.5533
598.621 598.4953 598.347 598.1572 598.1123 598.0635 598.1442 598.271 598.4 598.3895 598.2757 598.106 597.9257 597.7605 597.689 597.7419 597.8865 598.009 597.997 598.0358 598.0875 598.0825 597.981 597.7943 597.5938 597.4072 597.2362 597.088 597.0205 597.021 597.022 596.959 596.888 596.9177 597.0325 597.157 597.1965 597.1183 596.961 596.759 596.5547 596.4155 596.3788 596.417 596.4618 596.4822 596.4402 596.4138 596.327 596.2085 596.1172 596.061 596.0443 596.0948 596.2013 596.284 596.2932 596.2167 596.086 595.985 595.957 596.0912 596.2883 596.4573
