samples/sfe_209/sfe_209_v1/sfe_209_v1/sfe_209_v1.asc
ncols         267
nrows         135
xllcorner     98.199999999255
yllcorner     82.800000000745
cellsize      0.3
NODATA_value  -9999
[rows 84 to 111 of 135, columns 192 to 255 of 267]
598.1898 598.1354 598.0756 598.0309 598.0043 597.9545 597.8966 597.8593 597.8096 597.7676 597.7156 597.6636 597.6109 597.5533 597.511 597.4672 597.4099 597.3522 597.3054 597.2462 597.1818 597.1435 597.0859 597.015 596.9487 596.9013 596.8455 596.7875 596.7296 596.6768 596.6343 596.5764 596.5391 596.4863 596.4421 596.3906 596.3392 596.2879 596.2367 596.1854 596.1275 596.0764 596.0253 595.9724 595.9083 595.8423 595.7874 595.7369 595.6864 595.6314 595.5655 595.4995 595.4595 594.884 594.1703 593.6503 593.4268 593.2908 593.1275 593.1177 593.162 593.186 593.255 593.145
598.3265 598.2667 598.2068 598.161 598.1342 598.0784 598.0204 597.9831 597.9396 597.8926 597.8406 597.7886 597.7347 597.6772 597.6349 597.5896 597.5322 597.4746 597.4292 597.3687 597.3043 597.266 597.2084 597.1339 597.0741 597.0272 596.9693 596.9113 596.8534 596.8006 596.7581 596.7001 596.6628 596.61 596.5648 596.5132 596.4619 596.4106 596.3594 596.3082 596.2479 596.1968 596.1457 596.0908 596.0253 595.9593 595.9066 595.856 595.8055 595.7484 595.6824 595.6165 595.5505 595.4845 595.4185 594.9305 594.8935 594.8425 593.362 593.3587 593.4373 593.4868 593.4545 593.4215
598.4579 598.398 598.3382 598.2911 598.2601 598.2021 598.1442 598.1069 598.0696 598.0176 597.9656 597.9136 597.8586 597.801 597.7587 597.712 597.6545 597.5969 597.553 597.4911 597.4268 597.3885 597.3285 597.2574 597.1995 597.151 597.0931 597.0351 596.9772 596.9244 596.8819 596.826 596.7866 596.7338 596.6874 596.6359 596.5846 596.5333 596.4821 596.4266 596.3682 596.3171 596.2652 596.2082 596.1422 596.0762 596.0257 595.9752 595.9247 595.8653 595.7994 595.7334 595.6674 595.6014 595.5354 595.4755 595.4178 595.3602 595.3029 595.2708 594.357 594.0185 594.1082 593.683
598.5892 598.5294 598.4695 598.4211 598.3839 598.3259 598.2679 598.2307 598.1946 598.1426 598.0906 598.0386 597.9825 597.9249 597.8826 597.8344 597.7769 597.7192 597.6768 597.6136 597.5493 597.511 597.4474 597.3829 597.3249 597.2748 597.2169 597.1589 597.101 597.0482 597.0057 596.956 596.9104 596.8576 596.81 596.7585 596.7073 596.6561 596.6048 596.5447 596.4885 596.4374 596.3835 596.3251 596.2592 596.1954 596.1448 596.0943 596.0438 595.9822 595.9163 595.8503 595.7843 595.7183 595.6528 595.598 595.5403 595.4827 595.4269 595.3693 595.3116 595.2447 595.1905 594.7913
598.6321 598.5976 598.5692 598.5338 598.5025 598.4497 598.3917 598.3565 598.3195 598.2675 598.2155 598.1635 598.1063 598.0487 598.0064 597.9567 597.8992 597.843 597.8005 597.7362 597.6718 597.6335 597.5663 597.5083 597.4503 597.3986 597.3406 597.2827 597.2247 597.1719 597.1295 597.086 597.0342 596.9814 596.9326 596.8812 596.83 596.7787 596.7275 596.6629 596.6089 596.5578 596.5019 596.442 596.376 596.3145 596.264 596.2134 596.163 596.0992 596.0332 595.9672 595.9012 595.8353 595.7766 595.7205 595.6628 595.6052 595.5509 595.4933 595.4351 595.3672 595.3036 595.2422
598.6552 598.621 598.5858 598.5507 598.5156 598.4843 598.4532 598.4222 598.3945 598.3675 598.3405 598.2878 598.2302 598.1726 598.1303 598.0791 598.0215 597.9668 597.923 597.8587 597.7943 597.756 597.6917 597.6337 597.5782 597.5224 597.4644 597.4064 597.3485 597.2957 597.2532 597.2159 597.158 597.1052 597.0552 597.0039 596.9527 596.9014 596.8474 596.7811 596.7292 596.6763 596.6202 596.559 596.493 596.4337 596.3831 596.3326 596.2821 596.2161 596.1501 596.0842 596.0182 595.9522 595.9002 595.843 595.7853 595.7318 595.6749 595.6173 595.5576 595.4897 595.4401 595.384
598.679 598.6444 598.6093 598.5741 598.5392 598.5085 598.4775 598.4465 598.4154 598.3839 598.3519 598.32 598.2883 598.2598 598.2335 598.2014 598.1438 598.0906 598.0455 597.9812 597.9168 597.8785 597.8171 597.7591 597.7041 597.6462 597.5882 597.5303 597.4723 597.4195 597.377 597.3397 597.2818 597.229 597.1779 597.1266 597.0754 597.0242 596.9656 596.9006 596.8495 596.7947 596.7386 596.6759 596.6099 596.5528 596.5023 596.4517 596.399 596.3331 596.2671 596.2011 596.1351 596.0756 596.0231 595.9655 595.9078 595.8566 595.799 595.7413 595.6801 595.6122 595.5765 595.5258
598.7027 598.6678 598.6326 598.5975 598.5636 598.5328 598.5018 598.4708 598.44 598.4084 598.3765 598.3445 598.3132 598.2816 598.2499 598.2172 598.1799 598.1425 598.112 598.085 598.0393 598.0004 597.9424 597.8845 597.8279 597.77 597.712 597.6541 597.5961 597.5433 597.5029 597.4635 597.4056 597.352 597.3006 597.2493 597.1981 597.1469 597.0837 597.021 596.9691 596.913 596.8569 596.7928 596.7269 596.6719 596.6214 596.5709 596.5159 596.45 596.384 596.3181 596.252 596.1993 596.1456 596.088 596.0303 595.9807 595.923 595.8654 595.8026 595.7366 595.713 595.6677
598.7263 598.6912 598.656 598.6208 598.5881 598.5571 598.5261 598.495 598.4648 598.4329 598.401 598.3691 598.3381 598.3065 598.2748 598.2422 598.2048 598.1674 598.1301 598.0979 598.0657 598.0334 598.0008 597.9728 597.9465 597.8937 597.8358 597.7778 597.7198 597.6671 597.6329 597.5873 597.5294 597.4746 597.4233 597.372 597.3208 597.2683 597.2019 597.1414 597.0875 597.0314 596.9753 596.9098 596.8438 596.7911 596.7405 596.6901 596.6329 596.5669 596.5009 596.4349 596.3747 596.323 596.2681 596.2104 596.1528 596.1047 596.0471 595.9894 595.925 595.8731 595.8495 595.8094
598.7497 598.7145 598.6794 598.6443 598.6124 598.5814 598.5504 598.5193 598.4894 598.4575 598.4255 598.3936 598.3631 598.3314 598.2997 598.2671 598.2297 598.1924 598.1559 598.124 598.0917 598.0595 598.027 597.9938 597.9606 597.9272 597.8936 597.8655 597.8385 597.7908 597.7629 597.7111 597.6531 597.5972 597.546 597.4948 597.4435 597.3865 597.3201 597.2617 597.2057 597.1497 597.0927 597.0267 596.9608 596.9102 596.8597 596.8092 596.7498 596.6838 596.6179 596.5519 596.4984 596.4467 596.3906 596.3329 596.2753 596.2287 596.1711 596.1134 596.0475 596.0096 595.986 595.9512
598.7731 598.738 598.7028 598.6677 598.6367 598.6057 598.5746 598.5436 598.5139 598.4819 598.4501 598.4185 598.388 598.3563 598.3246 598.2921 598.2547 598.2173 598.1822 598.15 598.1178 598.0856 598.0532 598.02 597.9874 597.9539 597.9202 597.8876 597.8561 597.8245 597.7929 597.761 597.7305 597.7035 597.6687 597.6174 597.5662 597.5046 597.4382 597.3802 597.3241 597.2681 597.2096 597.1437 597.0799 597.0294 596.9788 596.9283 596.8668 596.8008 596.7348 596.6738 596.6221 596.5703 596.5131 596.4554 596.4019 596.3527 596.2951 596.2374 596.17 596.146 596.1224 596.093
598.7965 598.7614 598.7262 598.691 598.661 598.6299 598.5989 598.5679 598.5384 598.5065 598.4745 598.4437 598.413 598.3813 598.3496 598.317 598.2796 598.2422 598.2083 598.176 598.1439 598.1116 598.0794 598.0463 598.0141 597.9804 597.9468 597.9152 597.8836 597.852 597.8204 597.7885 597.7546 597.7207 597.6852 597.6475 597.6097 597.583 597.5564 597.4985 597.4424 597.3864 597.3265 597.2606 597.199 597.1485 597.098 597.0475 596.9837 596.9177 596.8517 596.7975 596.7457 596.6932 596.6356 596.578 596.5306 596.4767 596.4191 596.3604 596.3061 596.2825 596.2589 596.2348
598.8199 598.7847 598.7496 598.7144 598.6852 598.6542 598.6232 598.5922 598.5629 598.531 598.4991 598.4689 598.4379 598.4062 598.3745 598.3419 598.3046 598.2672 598.2343 598.2021 598.1699 598.1381 598.1057 598.0724 598.0406 598.007 597.9733 597.9427 597.9111 597.8795 597.848 597.816 597.7822 597.7482 597.7133 597.6755 597.6378 597.6005 597.564 597.5284 597.4975 597.4705 597.4435 597.3775 597.3182 597.2676 597.2171 597.1666 597.1006 597.0347 596.9729 596.9211 596.8694 596.8157 596.7581 596.7005 596.6584 596.6008 596.5432 596.4828 596.4426 596.4189 596.3953 596.3717
598.8433 598.8081 598.773 598.7379 598.7095 598.6785 598.6475 598.6165 598.5875 598.5555 598.5236 598.4941 598.4628 598.4312 598.3997 598.3669 598.3295 598.2921 598.2604 598.2281 598.1959 598.1649 598.1318 598.0986 598.0673 598.0336 597.9999 597.9702 597.9386 597.907 597.8754 597.8436 597.8097 597.7758 597.7413 597.7036 597.6659 597.6287 597.5923 597.5582 597.5253 597.4923 597.4594 597.423 597.3895 597.3632 597.3363 597.2836 597.2175 597.1516 597.0966 597.0449 596.9931 596.9382 596.8806 596.823 596.7825 596.7248 596.6672 596.6053 596.579 596.5554 596.5318 596.5082
598.8667 598.8315 598.7964 598.7618 598.7338 598.7028 598.6718 598.6407 598.612 598.5801 598.5482 598.5193 598.4877 598.4561 598.4252 598.3918 598.3544 598.3171 598.2864 598.2542 598.222 598.1912 598.158 598.1249 598.0938 598.0602 598.0265 597.9977 597.9661 597.9345 597.903 597.8712 597.8372 597.8035 597.7693 597.7317 597.694 597.6569 597.6205 597.5879 597.5549 597.522 597.489 597.4522 597.4155 597.3833 597.3505 597.3176 597.2825 597.2555 597.2203 597.1685 597.1168 597.0607 597.0031 596.9455 596.9065 596.8489 596.7912 596.7391 596.7155 596.6919 596.6683 596.6447
598.8901 598.8549 598.8198 598.7863 598.7581 598.7271 598.696 598.6655 598.6365 598.6046 598.5727 598.5444 598.5127 598.481 598.4508 598.4167 598.3794 598.342 598.3125 598.2803 598.248 598.2174 598.1843 598.1511 598.1204 598.0867 598.0538 598.0252 597.9936 597.962 597.9305 597.8987 597.8647 597.8322 597.7974 597.7597 597.722 597.6852 597.6487 597.6176 597.5847 597.5518 597.5181 597.4814 597.4466 597.4141 597.3812 597.3484 597.3129 597.2758 597.2413 597.2079 597.1745 597.1475 597.1205 597.0721 597.0305 596.9729 596.9152 596.8755 596.8519 596.8283 596.8047 596.7811
598.9135 598.8783 598.8431 598.8107 598.7824 598.7513 598.7203 598.6904 598.661 598.6292 598.5972 598.5693 598.5376 598.5059 598.4764 598.4417 598.4043 598.3675 598.3386 598.3063 598.2741 598.2437 598.2104 598.1775 598.147 598.1133 598.0815 598.0527 598.0211 597.9896 597.9579 597.9262 597.8923 597.8608 597.8255 597.7878 597.7501 597.7134 597.677 597.6473 597.6144 597.5815 597.5473 597.5106 597.4777 597.4449 597.412 597.3792 597.3433 597.3062 597.2731 597.2397 597.2064 597.1735 597.1403 597.1071 597.0739 597.0405 597.0135 596.9871 596.9634 596.9398 596.9162 596.8928
598.9368 598.9017 598.8666 598.8352 598.8067 598.7756 598.7446 598.7151 598.6855 598.6536 598.6217 598.5942 598.5625 598.5308 598.502 598.4666 598.4293 598.3939 598.3646 598.3324 598.3002 598.2698 598.2367 598.2048 598.1736 598.1399 598.1091 598.0802 598.0486 598.017 597.986 597.9537 597.9199 597.8894 597.8536 597.8159 597.7781 597.7416 597.7066 597.6771 597.6441 597.6112 597.5765 597.5397 597.5086 597.4757 597.4429 597.41 597.3737 597.3365 597.3051 597.2717 597.2383 597.2061 597.1729 597.1396 597.1066 597.072 597.0368 597.0019 596.9665 596.9325 596.9063 596.8867
598.9603 598.9251 598.89 598.8597 598.8309 598.7999 598.7689 598.74 598.7101 598.6782 598.6469 598.6191 598.5875 598.5558 598.5275 598.4916 598.4542 598.4203 598.3907 598.3585 598.3262 598.2961 598.2629 598.2321 598.2001 598.1665 598.1368 598.1077 598.0761 598.0446 598.014 597.9813 597.9474 597.918 597.8817 597.8439 597.8063 597.7699 597.7366 597.7068 597.6738 597.6409 597.6057 597.5689 597.5394 597.5065 597.4737 597.4412 597.404 597.3684 597.3369 597.3035 597.2701 597.2385 597.2054 597.1722 597.1401 597.1049 597.0696 597.0353 597 596.9646 596.9345 596.9088
598.9836 598.9485 598.9133 598.8841 598.8552 598.8242 598.7932 598.7648 598.7346 598.7027 598.6722 598.644 598.6124 598.5807 598.5531 598.5165 598.4791 598.4467 598.4167 598.3845 598.3527 598.3223 598.2891 598.2593 598.2267 598.1931 598.1644 598.1352 598.1036 598.0721 598.0422 598.0089 597.9749 597.9466 597.9097 597.872 597.8346 597.7982 597.7667 597.7365 597.7036 597.6707 597.6348 597.5981 597.5702 597.5374 597.5045 597.4715 597.4344 597.4006 597.3688 597.3354 597.3021 597.2711 597.2379 597.2047 597.1729 597.1377 597.1025 597.0688 597.0334 596.9981 596.9694 596.9424
599.007 598.9719 598.9368 598.9086 598.8795 598.8484 598.8174 598.7896 598.7592 598.7272 598.6976 598.669 598.6373 598.6057 598.5787 598.5414 598.5041 598.473 598.4427 598.4105 598.3795 598.3484 598.3153 598.2865 598.2533 598.2197 598.1921 598.1627 598.1312 598.0995 598.0703 598.0364 598.0025 597.9752 597.9377 597.9 597.8628 597.8264 597.7967 597.7662 597.7333 597.7003 597.6641 597.629 597.601 597.5682 597.5353 597.5019 597.4648 597.4329 597.4008 597.3674 597.334 597.3036 597.2704 597.2372 597.2057 597.1706 597.1354 597.1024 597.067 597.0316 597.0042 596.9773
599.0305 598.9953 598.9601 598.933 598.9038 598.8727 598.8417 598.8145 598.7837 598.7518 598.7228 598.6939 598.6622 598.6312 598.6038 598.5664 598.529 598.4994 598.4688 598.4366 598.4062 598.3747 598.3415 598.3135 598.2798 598.2467 598.2197 598.1902 598.1586 598.1271 598.0978 598.0639 598.0305 598.0035 597.9658 597.9281 597.8911 597.8546 597.8267 597.796 597.763 597.73 597.6932 597.6601 597.6318 597.599 597.5661 597.5323 597.4951 597.4651 597.4326 597.3992 597.3661 597.3361 597.3029 597.2697 597.2386 597.2034 597.1682 597.1358 597.1005 597.066 597.039 597.0121
599.0538 599.0187 598.9845 598.9575 598.9281 598.897 598.8663 598.8392 598.8082 598.7763 598.748 598.7189 598.6872 598.6568 598.6287 598.5913 598.554 598.5258 598.4949 598.4626 598.433 598.4009 598.3677 598.3401 598.3065 598.2744 598.2474 598.2177 598.1862 598.1545 598.1254 598.0914 598.0591 598.0316 597.9939 597.9562 597.9193 597.8837 597.8568 597.8256 597.7927 597.7592 597.7224 597.6912 597.6627 597.6298 597.5969 597.5626 597.5255 597.4974 597.4645 597.4312 597.399 597.3686 597.3354 597.3022 597.2715 597.2363 597.2014 597.1693 597.1339 597.1008 597.0739 597.047
599.0772 599.0421 599.009 598.9819 598.9523 598.9213 598.8911 598.8641 598.8327 598.8008 598.7733 598.7438 598.7121 598.6824 598.6536 598.6163 598.5792 598.5521 598.5209 598.4887 598.4598 598.4271 598.395 598.3667 598.333 598.302 598.275 598.2452 598.2137 598.1821 598.1529 598.119 598.088 598.0597 598.022 597.9843 597.9475 597.9138 597.8868 597.8553 597.8224 597.7883 597.7516 597.7224 597.6935 597.6606 597.6277 597.593 597.5566 597.5296 597.4964 597.463 597.4319 597.4011 597.3679 597.3347 597.3044 597.2692 597.2355 597.2028 597.1674 597.1357 597.1087 597.0818
599.1006 599.0655 599.0334 599.0064 598.9766 598.9456 598.9159 598.8889 598.8572 598.8253 598.7985 598.7687 598.737 598.7079 598.6786 598.6412 598.6055 598.5786 598.547 598.5148 598.4865 598.4533 598.4224 598.3932 598.3596 598.3297 598.3027 598.2728 598.2411 598.2097 598.1804 598.1465 598.1166 598.0877 598.05 598.0123 597.9758 597.9438 597.9168 597.8851 597.8522 597.8175 597.7808 597.7537 597.7243 597.6914 597.6586 597.6234 597.5889 597.5617 597.5283 597.4949 597.4647 597.4336 597.4004 597.3679 597.3372 597.302 597.2697 597.2363 597.2009 597.1705 597.1435 597.1167
599.124 599.0889 599.0579 599.0309 599.0009 598.9699 598.9407 598.9137 598.8818 598.8502 598.8237 598.7936 598.762 598.7335 598.7036 598.6661 598.6319 598.6049 598.5731 598.5408 598.5127 598.4796 598.4495 598.4199 598.3862 598.3574 598.3303 598.3002 598.2687 598.2378 598.2079 598.1741 598.1452 598.1158 598.0781 598.0404 598.004 597.9738 597.9468 597.9148 597.8819 597.8467 597.8115 597.7849 597.7551 597.7222 597.6901 597.6537 597.6212 597.5936 597.5602 597.5268 597.4976 597.4661 597.4329 597.4015 597.3701 597.3349 597.3038 597.2698 597.2344 597.2053 597.1783 597.1516
599.1474 599.1122 599.0823 599.0553 599.0252 598.9941 598.9655 598.9382 598.9063 598.8754 598.8489 598.8185 598.7869 598.7591 598.7285 598.6911 598.6583 598.6313 598.5991 598.5671 598.5389 598.5057 598.4767 598.4464 598.4128 598.385 598.358 598.3278 598.2961 598.2659 598.2355 598.2016 598.1738 598.1439 598.1061 598.0687 598.0322 598.0038 597.9769 597.9445 597.9116 597.8759 597.8426 597.816 597.7859 597.7531 597.7213 597.6841 597.6534 597.6255 597.5921 597.5587 597.5305 597.4986 597.4654 597.435 597.403 597.3677 597.3379 597.3033 597.2679 597.2402 597.2132 597.1864
599.1708 599.1356 599.1068 599.0798 599.0495 599.0184 598.9903 598.9627 598.9308 598.9006 598.8741 598.8435 598.8118 598.7846 598.7534 598.716 598.6846 598.6573 598.6252 598.5939 598.5651 598.5319 598.504 598.473 598.4396 598.4127 598.3857 598.3553 598.3237 598.294 598.2631 598.2292 598.2024 598.1719 598.1342 598.0969 598.0609 598.0339 598.0069 597.9742 597.9413 597.9051 597.8737 597.8471 597.8167 597.7839 597.7516 597.7145 597.6856 597.6573 597.624 597.5906 597.5633 597.5311 597.4979 597.4684 597.4358 597.4006 597.3721 597.3368 597.302 597.275 597.248 597.2213
