samples/sfe_209/sfe_209_v1/sfe_209_v1/sfe_209_v1.asc
ncols         267
nrows         135
xllcorner     98.199999999255
yllcorner     82.800000000745
cellsize      0.3
NODATA_value  -9999
[rows 28 to 55 of 135, columns 0 to 63 of 267]
-9999 -9999 -9999 604.1912 604.1586 604.1263 604.094 604.0614 604.0288 603.9978 603.9652 603.936 603.9065 603.8742 603.847 603.8156 603.7836 603.7567 603.7266 603.6937 603.6608 603.6293 603.6023 603.5757 603.5491 603.5227 603.4963 603.4656 603.4326 603.4051 603.374 603.3409 603.3135 603.2806 603.2487 603.222 603.1913 603.1595 603.1305 603.1013 603.0692 603.038 603.0077 602.9742 602.9451 602.9184 602.8917 602.8649 602.8382 602.8094 602.7771 602.7448 602.7177 602.6855 602.6531 602.6238 602.5949 602.5624 602.5299 602.5025 602.4703 602.438 602.4088 602.3817
-9999 -9999 -9999 604.1688 604.1362 604.1041 604.0717 604.0391 604.0065 603.9754 603.9428 603.9128 603.8837 603.8514 603.8234 603.7925 603.7598 603.7328 603.7031 603.6702 603.6374 603.6047 603.5778 603.5511 603.5245 603.4982 603.4718 603.4417 603.4088 603.3802 603.3497 603.3167 603.2883 603.2559 603.2231 603.1964 603.166 603.1342 603.1045 603.0757 603.0435 603.0116 602.9819 602.9485 602.9183 602.8916 602.8649 602.8381 602.8114 602.783 602.7507 602.7184 602.6905 602.6586 602.6263 602.5962 602.5674 602.535 602.5025 602.4746 602.4424 602.4101 602.3802 602.3531
-9999 -9999 -9999 604.1465 604.1139 604.0817 604.0493 604.0167 603.9841 603.9529 603.9204 603.8896 603.861 603.8287 603.7999 603.7695 603.7368 603.7089 603.6797 603.6468 603.614 603.5811 603.5532 603.5266 603.4999 603.4736 603.4472 603.4178 603.3848 603.3553 603.3254 603.2923 603.2631 603.2313 603.1981 603.1708 603.1406 603.1089 603.0786 603.05 603.0179 602.9858 602.9562 602.9227 602.8915 602.8648 602.838 602.8113 602.7846 602.7565 602.7242 602.6919 602.6633 602.6318 602.5994 602.5685 602.54 602.5076 602.475 602.4465 602.4145 602.3822 602.3516 602.3245
-9999 -9999 604.1626 604.1241 604.0916 604.0594 604.027 603.9944 603.9618 603.9301 603.898 603.8663 603.8383 603.806 603.7763 603.7466 603.7138 603.6851 603.6562 603.6234 603.5905 603.5576 603.5287 603.5019 603.4753 603.449 603.4226 603.3939 603.361 603.3305 603.3011 603.268 603.2379 603.2066 603.1734 603.1451 603.1153 603.0836 603.0526 603.0244 602.9922 602.9601 602.9304 602.8969 602.8647 602.838 602.8112 602.7845 602.7578 602.73 602.6978 602.6655 602.636 602.6049 602.5725 602.5409 602.5126 602.4801 602.4476 602.4184 602.3866 602.3543 602.323 602.2959
-9999 -9999 604.1384 604.1018 604.0693 604.037 604.0046 603.972 603.9395 603.9071 603.8756 603.8431 603.8156 603.7833 603.7526 603.7236 603.6908 603.6613 603.6328 603.5999 603.567 603.5342 603.5042 603.4773 603.4508 603.4244 603.3981 603.37 603.337 603.3057 603.2768 603.2437 603.2126 603.1819 603.1487 603.1194 603.09 603.0582 603.0266 602.9987 602.9666 602.9344 602.9046 602.8712 602.838 602.8111 602.7844 602.7577 602.731 602.7036 602.6713 602.639 602.6088 602.578 602.5457 602.5132 602.4852 602.4527 602.4202 602.3903 602.3587 602.3264 602.2944 602.2673
-9999 -9999 604.1142 604.0795 604.0469 604.0147 603.9824 603.9498 603.9172 603.8846 603.8532 603.8206 603.7928 603.7606 603.729 603.7006 603.6678 603.6374 603.6093 603.5764 603.5436 603.5107 603.4796 603.4526 603.4262 603.3998 603.3735 603.3461 603.3132 603.2808 603.2524 603.2194 603.1874 603.1573 603.1241 603.0937 603.0646 603.0329 603.0011 602.973 602.9409 602.9088 602.8788 602.8453 602.8119 602.7842 602.7576 602.7308 602.7041 602.6772 602.6448 602.6125 602.5816 602.5511 602.5187 602.4864 602.4578 602.4253 602.3928 602.3621 602.3308 602.2985 602.2663 602.2387
-9999 -9999 604.09 604.0571 604.0246 603.9924 603.96 603.9274 603.8948 603.8622 603.8308 603.7982 603.7697 603.7379 603.7055 603.6776 603.6448 603.6135 603.5858 603.553 603.5201 603.4872 603.4551 603.4281 603.4016 603.3752 603.3489 603.3222 603.2892 603.2563 603.2281 603.1951 603.1622 603.1326 603.0994 603.0681 603.0393 603.0076 602.9758 602.9473 602.9152 602.8831 602.8527 602.8196 602.7861 602.7573 602.7307 602.704 602.6773 602.6505 602.6184 602.5861 602.5544 602.5242 602.4919 602.4595 602.4304 602.3979 602.3654 602.3339 602.3029 602.2706 602.2384 602.2101
-9999 -9999 604.0673 604.0347 604.0023 603.9701 603.9377 603.9051 603.8725 603.8399 603.8084 603.7758 603.7465 603.7151 603.6828 603.6546 603.6218 603.5897 603.5624 603.5295 603.4966 603.4638 603.431 603.4036 603.3771 603.3507 603.3243 603.2979 603.2654 603.2324 603.2038 603.1707 603.1376 603.1079 603.0748 603.0425 603.014 602.9822 602.9505 602.9216 602.8895 602.8574 602.8264 602.7938 602.7603 602.7305 602.7039 602.6772 602.6505 602.6237 602.592 602.5597 602.5273 602.4974 602.465 602.4327 602.403 602.3705 602.338 602.3058 602.275 602.2428 602.2105 602.1815
-9999 -9999 604.045 604.0124 603.9799 603.9478 603.9153 603.8828 603.8502 603.8176 603.786 603.7534 603.7233 603.6924 603.6601 603.6316 603.5989 603.5661 603.5388 603.5061 603.4732 603.4404 603.4075 603.3791 603.3525 603.3261 603.2997 603.2733 603.2415 603.2085 603.1793 603.1464 603.1133 603.0833 603.0501 603.0169 602.9886 602.9569 602.9252 602.8956 602.8639 602.8317 602.8 602.768 602.7346 602.7038 602.6771 602.6504 602.6237 602.5969 602.5655 602.5332 602.5009 602.4705 602.4382 602.4058 602.3755 602.343 602.3105 602.2781 602.2471 602.2149 602.1826 602.153
-9999 -9999 604.0226 603.9901 603.9576 603.9254 603.893 603.8604 603.8278 603.7952 603.7636 603.731 603.7 603.6697 603.6373 603.6082 603.5759 603.5431 603.515 603.4826 603.4498 603.4169 603.384 603.3546 603.3279 603.3015 603.2752 603.2488 603.2176 603.1846 603.1544 603.1221 603.089 603.0586 603.0254 602.9922 602.9633 602.9316 602.8998 602.8697 602.8382 602.8061 602.774 602.7422 602.7088 602.677 602.6503 602.6235 602.5969 602.5701 602.5391 602.5068 602.4745 602.4437 602.4113 602.3789 602.3479 602.3156 602.2831 602.2506 602.2193 602.187 602.1547 602.1243
-9999 -9999 604.0003 603.9677 603.9353 603.9031 603.8707 603.8381 603.8055 603.7729 603.7412 603.7086 603.6768 603.6469 603.6146 603.5847 603.5529 603.5201 603.4911 603.4592 603.4263 603.3934 603.3606 603.33 603.3033 603.277 603.2506 603.2242 603.1937 603.1607 603.1296 603.0978 603.0647 603.0339 603.0007 602.9676 602.938 602.9063 602.8745 602.8437 602.8126 602.7804 602.7483 602.7164 602.683 602.6502 602.6235 602.5967 602.57 602.5433 602.5126 602.4803 602.448 602.4167 602.3844 602.3521 602.3203 602.2882 602.2557 602.2232 602.1914 602.1591 602.1268 602.0958
-9999 -9999 603.978 603.9454 603.913 603.8807 603.8484 603.8158 603.7832 603.7506 603.7188 603.6862 603.6536 603.6242 603.5919 603.5611 603.5299 603.4971 603.4672 603.4357 603.4028 603.37 603.3372 603.3055 603.2787 603.2524 603.226 603.1996 603.1698 603.1368 603.1047 603.0735 603.0404 603.0092 602.9761 602.9429 602.9127 602.8809 602.8492 602.8177 602.7869 602.7548 602.7226 602.6907 602.6572 602.6238 602.5966 602.5699 602.5432 602.5165 602.4861 602.4539 602.4216 602.3899 602.3575 602.3252 602.2928 602.2608 602.2283 602.1958 602.1635 602.135 602.1085 602.0802
-9999 603.996 603.9556 603.923 603.8906 603.8585 603.826 603.7935 603.7609 603.7283 603.6964 603.6638 603.6312 603.6015 603.5692 603.5374 603.5069 603.4741 603.4434 603.4122 603.3794 603.3466 603.3137 603.2809 603.2542 603.2278 603.2015 603.1751 603.1459 603.1129 603.08 603.0491 603.0161 602.9839 602.9514 602.9182 602.8873 602.8556 602.8239 602.7921 602.7612 602.7291 602.697 602.6649 602.6315 602.598 602.5698 602.5431 602.5164 602.4897 602.4597 602.4274 602.3951 602.363 602.3307 602.2983 602.2695 602.2425 602.1943 602.1544 602.0867 602.019 601.9626 601.9144
-9999 603.9717 603.9332 603.9006 603.8683 603.8361 603.8037 603.7711 603.7385 603.7059 603.6739 603.6414 603.6088 603.5787 603.5464 603.5142 603.4839 603.4512 603.4196 603.3888 603.356 603.3231 603.2902 603.2574 603.2296 603.2032 603.1769 603.1505 603.1219 603.089 603.056 603.0248 602.9918 602.9587 602.9268 602.8936 602.862 602.8303 602.7985 602.7667 602.7355 602.7034 602.6713 602.6391 602.6057 602.5722 602.543 602.5163 602.4896 602.4628 602.4333 602.4045 602.3775 602.3434 602.2741 602.209 602.1636 602.0942 602.0248 601.9842 601.9224 601.8547 601.7875 601.7485
-9999 603.9475 603.9109 603.8783 603.846 603.8138 603.7814 603.7488 603.7162 603.6836 603.651 603.619 603.5864 603.556 603.5237 603.4915 603.4609 603.4282 603.3957 603.3654 603.3325 603.2996 603.2668 603.2339 603.205 603.1786 603.1523 603.1259 603.0981 603.0651 603.0322 603.0005 602.9674 602.9343 602.9021 602.8689 602.8364 602.8049 602.7732 602.7414 602.7098 602.6777 602.6456 602.6133 602.5799 602.5475 602.5205 602.487 602.4496 602.4228 602.3544 602.2861 602.2316 602.174 602.1046 602.0353 601.9941 601.9248 601.8554 601.8091 601.7582 601.6905 601.6228 601.5827
-9999 603.9233 603.8885 603.856 603.8237 603.7914 603.759 603.7265 603.6939 603.6613 603.6287 603.5966 603.564 603.5333 603.501 603.4687 603.4379 603.4052 603.3724 603.3419 603.309 603.2762 603.2433 603.2104 603.1804 603.1541 603.1277 603.1014 603.0742 603.0412 603.0082 602.9762 602.9431 602.91 602.8774 602.8442 602.811 602.7796 602.7479 602.7161 602.6842 602.6555 602.6285 602.595 602.5292 602.4634 602.3976 602.3318 602.2673 602.2532 602.1876 602.1193 602.0565 602.0045 601.9352 601.8658 601.8247 601.7554 601.686 601.634 601.5939 601.5262 601.4586 601.4103
-9999 603.8991 603.8662 603.8336 603.8013 603.7691 603.7368 603.7042 603.6716 603.639 603.6064 603.5742 603.5416 603.5105 603.4783 603.446 603.4149 603.3822 603.3494 603.3184 603.2856 603.2527 603.2198 603.187 603.1559 603.1295 603.1031 603.0768 603.0503 603.0173 602.9844 602.9518 602.9188 602.8857 602.8527 602.8196 602.7895 602.7625 602.7181 602.6785 602.6144 602.5503 602.5011 602.4399 602.374 602.3082 602.2424 602.1766 602.1075 602.0781 602.0208 601.9525 601.8842 601.8351 601.7657 601.6964 601.6552 601.5859 601.5165 601.4589 601.4296 601.3619 601.2943 601.2352
-9999 603.8765 603.8439 603.8113 603.779 603.7468 603.7144 603.6818 603.6492 603.6166 603.584 603.5518 603.5192 603.4872 603.4556 603.4233 603.392 603.3592 603.3264 603.295 603.2621 603.2292 603.1964 603.1636 603.1313 603.1049 603.0786 603.0522 603.0259 602.9934 602.9604 602.9276 602.8975 602.8705 602.8246 602.7599 602.6981 602.6348 602.5715 602.5299 602.4659 602.4017 602.3482 602.2849 602.2189 602.1531 602.0873 602.0214 601.9556 601.9027 601.8539 601.7856 601.7173 601.6656 601.5963 601.5269 601.4816 601.4164 601.347 601.2838 601.2568 601.1977 601.1301 601.0624
-9999 603.8541 603.8215 603.7889 603.7567 603.7245 603.6921 603.6595 603.6269 603.5943 603.5617 603.5294 603.4968 603.4642 603.4328 603.4005 603.369 603.3362 603.3035 603.2715 603.2386 603.2058 603.173 603.1401 603.1072 603.0803 603.054 603.0276 603.0055 602.9785 602.9322 602.8674 602.8024 602.738 602.674 602.6093 602.5515 602.4882 602.4249 602.378 602.3173 602.2532 602.1953 602.1349 602.0637 601.9979 601.9321 601.8663 601.8005 601.7204 601.6871 601.6188 601.5505 601.4962 601.4268 601.3574 601.3065 601.2469 601.1776 601.1087 601.0817 601.0334 600.9658 600.8981
-9999 603.8318 603.7992 603.7666 603.7344 603.7021 603.6697 603.6371 603.6046 603.572 603.5394 603.507 603.4744 603.4418 603.4101 603.3778 603.3458 603.3132 603.2805 603.248 603.2152 603.1824 603.1495 603.1215 603.0945 603.0447 602.985 602.9504 602.9089 602.8433 602.7777 602.7151 602.6501 602.5854 602.5233 602.4586 602.405 602.3416 602.2783 602.225 602.1688 602.1047 602.0424 601.985 601.9085 601.8427 601.7769 601.7111 601.6453 601.5606 601.5203 601.452 601.3836 601.3267 601.2573 601.188 601.1313 601.0775 601.0082 600.9388 600.9066 600.8692 600.8015 600.7338
-9999 603.8094 603.7769 603.7443 603.712 603.6798 603.6474 603.6148 603.5823 603.5497 603.5171 603.4846 603.452 603.4194 603.3874 603.3551 603.3228 603.2902 603.2574 603.2295 603.2025 603.1484 603.0975 603.0195 602.9464 602.8867 602.827 602.7861 602.7544 602.6888 602.6232 602.5629 602.4978 602.4327 602.3726 602.3079 602.2543 602.195 602.1317 602.072 602.0201 601.9561 601.892 601.835 601.758 601.6875 601.6217 601.5558 601.4901 601.412 601.3507 601.2851 601.2168 601.154 601.0879 601.0186 600.9562 600.9081 600.8387 600.7693 600.7315 600.7045 600.6373 600.5696
603.8293 603.787 603.7545 603.7219 603.6897 603.6575 603.6251 603.5925 603.5599 603.5273 603.4948 603.4622 603.4296 603.397 603.3646 603.3373 603.3105 603.2512 603.1854 603.1196 603.0538 602.988 602.9446 602.8666 602.7905 602.7286 602.6689 602.6216 602.5951 602.5343 602.4687 602.4106 602.3456 602.2805 602.2217 602.1572 602.1014 602.0485 601.9851 601.9218 601.8714 601.8076 601.7434 601.685 601.608 601.5323 601.4665 601.4007 601.3349 601.2635 601.1735 601.1183 601.05 600.9816 600.9185 600.8491 600.7811 600.7386 600.6693 600.5999 600.5564 600.5294 600.473 600.4053
603.8051 603.7647 603.7321 603.6996 603.6674 603.6352 603.6028 603.5702 603.5376 603.505 603.4724 603.4445 603.4175 603.3582 603.2928 603.2273 603.1617 603.0959 603.0302 602.9644 602.8986 602.8328 602.7875 602.7137 602.6357 602.5707 602.5109 602.4572 602.431 602.3798 602.3142 602.2584 602.1933 602.1282 602.069 602.0065 601.9485 601.9021 601.8385 601.7752 601.7228 601.6589 601.5949 601.535 601.4581 601.381 601.3113 601.2455 601.1797 601.1139 601.0137 600.9515 600.8831 600.8148 600.749 600.6796 600.6103 600.5692 600.4998 600.4375 600.2733 600.2938 600.2913 600.3088
603.7809 603.7424 603.7098 603.6772 603.645 603.6129 603.5804 603.5525 603.5255 603.4684 603.4053 603.3408 603.2772 603.2136 603.1375 603.0721 603.0065 602.9408 602.875 602.8092 602.7434 602.6776 602.6299 602.5608 602.4828 602.4144 602.3529 602.2932 602.2667 602.2253 602.1597 602.1061 602.0411 601.976 601.9164 601.8558 601.7956 601.7556 601.692 601.6286 601.5741 601.5103 601.4464 601.3851 601.308 601.2311 601.1561 601.0903 601.0245 600.9587 600.8652 600.7846 600.7163 600.6479 600.5795 600.5455 600.4615 600.329 600.217 599.8768 599.729 599.8055 599.9002 599.99
603.7567 603.72 603.6874 603.6595 603.6333 603.5783 603.5175 603.4566 603.3871 603.324 603.2609 603.1943 603.1307 603.0671 602.9822 602.9168 602.8514 602.7856 602.7198 602.654 602.5882 602.5224 602.4716 602.4059 602.3299 602.2592 602.1949 602.1351 602.1024 602.0708 602.0052 601.9539 601.8888 601.8237 601.7637 601.7051 601.6426 601.6092 601.5456 601.482 601.4254 601.3616 601.2978 601.2351 601.1581 601.0811 601.0042 600.9351 600.8693 600.8035 600.7166 600.6295 600.6208 600.537 600.5353 600.4873 600.1678 600.0485 599.9343 599.7938 599.725 599.7508 599.7968 599.8232
603.7405 603.6864 603.6268 603.5651 603.5051 603.445 603.3821 603.3212 603.257 603.1796 603.1165 603.0506 602.9843 602.9207 602.8367 602.7615 602.6961 602.6304 602.5646 602.4988 602.433 602.3672 602.3091 602.2484 602.177 602.104 602.0382 601.9771 601.938 601.9115 601.8507 601.8016 601.7365 601.6714 601.6111 601.5527 601.4897 601.4628 601.3991 601.3355 601.2767 601.213 601.1492 601.0851 601.0081 600.9312 600.8541 600.7799 600.7335 600.7065 600.2963 600.3223 600.3932 600.3055 600.2153 600.1145 600.005 599.9178 599.8565 599.746 599.6718 599.6633 599.6555 599.5455
603.6157 603.5562 603.4966 603.4313 603.3713 603.3113 603.2467 603.1858 603.1249 603.0352 602.972 602.9088 602.8378 602.7742 602.6961 602.6063 602.5408 602.4752 602.4094 602.3436 602.2778 602.212 602.1466 602.0909 602.0241 601.9488 601.883 601.8191 601.7737 601.7473 601.6962 601.6493 601.5843 601.5192 601.4584 601.4 601.3391 601.3098 601.2527 601.189 601.127 601.0643 601.0005 600.9351 600.8582 600.7762 600.734 600.3113 600.0155 600.0488 600.1588 600.1492 600.2137 600.1492 600.008 599.8793 599.7153 599.6837 599.6467 599.5285 599.4857 599.4553 599.4225 599.3588
603.5004 603.4259 603.3663 603.3068 603.2375 603.1776 603.1144 603.0504 602.9896 602.905 602.8276 602.7645 602.6927 602.6277 602.5555 602.4587 602.3856 602.32 602.2542 602.1884 602.1226 602.0568 601.991 601.9333 601.8669 601.7936 601.7278 601.662 601.6094 601.5832 601.5417 601.4971 601.432 601.3669 601.3058 601.2474 601.1884 601.1569 601.1062 601.0426 600.979 600.922 600.8955 600.6132 600.5235 600.4315 600.2937 599.9977 599.9385 599.8777 600.0072 600.0457 600.0195 599.8588 599.7075 599.5828 599.4265 599.3992 599.37 599.2632 599.2203 599.1844 599.154 599.1218
