samples/sfe_209/sfe_209_v1/sfe_209_v1/sfe_209_v1.asc
ncols         267
nrows         135
xllcorner     98.199999999255
yllcorner     82.800000000745
cellsize      0.3
NODATA_value  -9999
[rows 28 to 55 of 135, columns 64 to 127 of 267]
602.3544 602.3271 602.3 602.2709 602.2391 602.2074 602.1778 602.1486 602.1169 602.0854 602.0555 602.0283 602.0009 601.9734 601.9461 601.9194 601.8903 601.8593 601.8282 601.7972 601.7693 601.7422 601.7148 601.6873 601.6599 601.6325 601.6057 601.578 601.5466 601.5153 601.484 601.4539 601.4276 601.4007 601.3737 601.3463 601.3187 601.2911 601.2636 601.2366 601.2097 601.1826 601.1557 601.1287 601.1015 601.0742 601.0468 601.0194 600.9924 600.9654 600.9384 600.9114 600.8843 600.8574 600.8303 600.8055 600.7927 600.7659 600.7389 600.7119 600.6849 600.658 600.6309 600.6039
602.3258 602.2985 602.2714 602.2424 602.2106 602.1789 602.1486 602.1196 602.088 602.0564 602.0259 601.9987 601.9713 601.9438 601.9164 601.8896 601.8606 601.8296 601.7985 601.7675 601.739 601.712 601.6845 601.657 601.6296 601.6022 601.5754 601.5476 601.5163 601.485 601.4537 601.423 601.3967 601.3698 601.3428 601.3154 601.2878 601.2603 601.2327 601.2057 601.1786 601.1517 601.1247 601.0977 601.0705 601.0432 601.0158 600.9884 600.9613 600.9343 600.9073 600.8803 600.8533 600.8263 600.7993 600.7749 600.7621 600.7354 600.7084 600.6814 600.6544 600.6274 600.6004 600.5734
602.2972 602.27 602.2427 602.2139 602.1821 602.1504 602.1194 602.0906 602.059 602.0274 601.9962 601.9691 601.9416 601.9142 601.8867 601.8599 601.8309 601.7999 601.7688 601.7378 601.7087 601.6818 601.6543 601.6268 601.5993 601.5719 601.545 601.5173 601.486 601.4547 601.4233 601.392 601.3658 601.3389 601.312 601.2845 601.2569 601.2294 601.2018 601.1747 601.1476 601.1207 601.0937 601.0667 601.0395 601.0121 600.9848 600.9575 600.9302 600.9032 600.8762 600.8492 600.8222 600.7952 600.7682 600.7444 600.7316 600.7048 600.6779 600.6508 600.6238 600.5969 600.5699 600.5428
602.2686 602.2413 602.2141 602.1854 602.1536 602.1219 602.0903 602.0615 602.03 601.9984 601.9668 601.9395 601.912 601.8845 601.8571 601.8301 601.8011 601.7701 601.7391 601.7081 601.6785 601.6515 601.624 601.5966 601.5691 601.5416 601.5147 601.4869 601.4556 601.4243 601.3929 601.3616 601.3348 601.308 601.2811 601.2536 601.226 601.1985 601.1709 601.1437 601.1166 601.0897 601.0627 601.0357 601.0085 600.9811 600.9538 600.9265 600.8991 600.8721 600.8452 600.8181 600.7911 600.7641 600.7371 600.7139 600.701 600.6743 600.6473 600.6203 600.5933 600.5663 600.5393 600.5123
602.2401 602.2128 602.1855 602.1569 602.1251 602.0934 602.0616 602.0325 602.001 601.9694 601.9378 601.9098 601.8823 601.8549 601.8275 601.8004 601.7714 601.7404 601.7094 601.6783 601.6483 601.6212 601.5938 601.5663 601.5388 601.5114 601.4843 601.4566 601.4253 601.394 601.3626 601.3313 601.304 601.2771 601.2502 601.2227 601.1951 601.1675 601.14 601.1127 601.0856 601.0587 601.0317 601.0047 600.9775 600.9501 600.9228 600.8954 600.8681 600.8411 600.814 600.787 600.76 600.733 600.706 600.6833 600.6705 600.6437 600.6168 600.5897 600.5628 600.5358 600.5088 600.4818
602.2114 602.1841 602.1569 602.1284 602.0967 602.0649 602.0331 602.0035 601.972 601.9404 601.9088 601.8802 601.8527 601.8253 601.7978 601.7707 601.7417 601.7106 601.6796 601.6486 601.618 601.591 601.5635 601.5361 601.5086 601.4811 601.454 601.4263 601.395 601.3636 601.3323 601.301 601.273 601.2462 601.2192 601.1918 601.1642 601.1367 601.1091 601.0817 601.0546 601.0276 601.0007 600.9737 600.9465 600.9197 600.902 600.8795 600.8525 600.7957 600.733 600.697 600.67 600.643 600.616 600.5936 600.5801 600.5533 600.5263 600.4993 600.4723 600.446 600.4191 600.392
602.1829 602.1556 602.1283 602.0999 602.0682 602.0364 602.0047 601.9745 601.943 601.9114 601.8798 601.8505 601.8231 601.7957 601.7682 601.741 601.712 601.6809 601.6499 601.6188 601.5878 601.5607 601.5333 601.5058 601.4783 601.4509 601.4236 601.3959 601.3646 601.3333 601.3019 601.2735 601.2473 601.2142 601.1689 601.1464 601.1327 601.1057 601.0787 601.0236 600.9613 600.9049 600.8727 600.8457 600.8193 600.7971 600.7824 600.7554 600.7155 600.6528 600.59 600.5481 600.5211 600.4941 600.4671 600.4446 600.4296 600.4029 600.3759 600.3489 600.3219 600.2971 600.2701 600.2431
602.1542 602.127 602.0997 602.0714 602.0397 602.0079 601.9762 601.9456 601.914 601.8824 601.8508 601.8209 601.7935 601.766 601.7385 601.7112 601.6823 601.6512 601.6202 601.5891 601.5581 601.5305 601.503 601.476 601.449 601.4355 601.389 601.3229 601.2764 601.2495 601.2225 601.1937 601.1302 601.0667 601.0215 600.999 600.9838 600.9568 600.9297 600.8825 600.8203 600.7639 600.7252 600.6982 600.6718 600.6496 600.6335 600.6064 600.5726 600.5098 600.4471 600.3992 600.3722 600.3452 600.3182 600.2957 600.2792 600.2524 600.2255 600.1984 600.1714 600.1482 600.1212 600.0962
602.1257 602.0984 602.0711 602.0429 602.0112 601.9794 601.9477 601.9166 601.885 601.8534 601.8218 601.7913 601.7638 601.7363 601.709 601.6865 601.6595 601.6049 601.5779 601.5508 601.504 601.4366 601.3691 601.3333 601.3063 601.2973 601.2329 601.1669 601.1204 601.0934 601.0664 601.0394 600.9828 600.9193 600.8741 600.8516 600.8348 600.8079 600.7808 600.7415 600.6791 600.6227 600.5823 600.5508 600.5244 600.5021 600.4846 600.4576 600.4296 600.3669 600.3041 600.2503 600.2233 600.1963 600.1693 600.1468 600.1288 600.1021 600.075 600.048 600.0211 599.9993 599.9723 599.9551
602.097 602.0698 602.0425 602.0144 601.9827 601.9509 601.9192 601.8876 601.8568 601.83 601.8035 601.7701 601.7044 601.6415 601.6306 601.5743 601.5077 601.4411 601.412 601.385 601.3408 601.2733 601.2058 601.1675 601.1404 601.1284 601.0768 601.0108 600.9642 600.9373 600.9103 600.8833 600.8354 600.7719 600.7267 600.7042 600.6859 600.6589 600.632 600.6003 600.5381 600.4817 600.4427 600.4034 600.3768 600.3546 600.3356 600.3087 600.2817 600.2239 600.1611 600.1014 600.0744 600.0474 600.0204 599.9979 599.9784 599.9516 599.9246 599.8976 599.8707 599.8504 599.8234 599.814
602.0685 602.0412 602.014 601.9915 601.9645 601.9102 601.8831 601.8259 601.7606 601.7017 601.6667 601.6155 601.5499 601.4843 601.4647 601.4158 601.3492 601.2827 601.2462 601.2192 601.1774 601.11 601.0425 601.0016 600.9746 600.9608 600.9207 600.8547 600.8082 600.7812 600.7542 600.7272 600.688 600.6245 600.5793 600.5568 600.537 600.51 600.483 600.456 600.397 600.3406 600.303 600.256 600.2294 600.2071 600.1867 600.1597 600.1328 600.0809 600.0182 599.9554 599.9255 599.8984 599.8715 599.8489 599.8279 599.8012 599.7742 599.7472 599.7202 599.7015 599.6744 599.6729
602.0185 601.9626 601.9355 601.882 601.8165 601.7509 601.719 601.6713 601.606 601.5471 601.5026 601.4611 601.3954 601.3298 601.2989 601.2574 601.1909 601.1243 601.0803 601.0533 601.0141 600.9467 600.8792 600.8358 600.8088 600.7933 600.7646 600.6986 600.6521 600.6251 600.5981 600.5711 600.5406 600.4771 600.4318 600.4094 600.3881 600.3611 600.3341 600.3071 600.2559 600.1995 600.1633 600.1086 600.0818 600.0596 600.0378 600.0108 599.9838 599.938 599.8752 599.8125 599.7766 599.7495 599.7225 599.7001 599.6776 599.6508 599.6238 599.5968 599.5698 599.5526 599.5255 599.5319
601.8527 601.7968 601.7697 601.7275 601.6619 601.5963 601.5548 601.5167 601.4514 601.3925 601.3464 601.3066 601.241 601.1753 601.1288 601.099 601.0324 600.9658 600.9145 600.8875 600.8508 600.7833 600.7159 600.6699 600.6429 600.6258 600.6069 600.5425 600.496 600.469 600.442 600.415 600.3883 600.3297 600.2844 600.2619 600.2392 600.2122 600.1852 600.1582 600.1149 600.0585 600.0237 599.9618 599.9343 599.9121 599.8889 599.8619 599.8349 599.795 599.7323 599.6695 599.6276 599.6006 599.5736 599.5511 599.5272 599.5004 599.4734 599.4464 599.4194 599.4036 599.3825 599.3907
601.6868 601.6309 601.6039 601.5731 601.5074 601.4418 601.3907 601.3621 601.2968 601.2379 601.1918 601.1473 601.0864 601.0208 600.9579 600.9402 600.874 600.8074 600.7487 600.7217 600.6875 600.62 600.5526 600.5041 600.4771 600.4583 600.4411 600.3864 600.3399 600.3129 600.2859 600.2589 600.232 600.1823 600.137 600.1145 600.0903 600.0633 600.0363 600.0093 599.9738 599.9174 599.884 599.8221 599.7869 599.7646 599.74 599.713 599.686 599.652 599.5893 599.5266 599.4787 599.4517 599.4247 599.4022 599.3767 599.35 599.3229 599.296 599.269 599.2547 599.2414 599.2497
601.521 601.465 601.438 601.4158 601.3529 601.2873 601.2265 601.1995 601.1422 601.0833 601.0372 600.9831 600.9319 600.8663 600.8007 600.7744 600.7156 600.649 600.5828 600.5558 600.5242 600.4567 600.3892 600.3382 600.3113 600.2907 600.2722 600.2303 600.1838 600.1569 600.1298 600.1028 600.0759 600.0349 599.9896 599.9671 599.9413 599.9144 599.8873 599.8604 599.8327 599.7763 599.7444 599.6825 599.6393 599.6171 599.5911 599.5641 599.537 599.5091 599.4464 599.3836 599.3298 599.3028 599.2758 599.2526 599.2263 599.1995 599.1725 599.1455 599.1185 599.1058 599.1003 599.1086
601.3551 601.2992 601.2722 601.2452 601.1984 601.1328 601.0672 601.0353 600.9876 600.9288 600.8826 600.819 600.7775 600.7118 600.6462 600.6085 600.5572 600.4906 600.424 600.39 600.3608 600.2934 600.2259 600.1724 600.1454 600.1232 600.1013 600.0743 600.0278 600.0007 599.9738 599.9468 599.9198 599.8874 599.8422 599.8194 599.7924 599.7654 599.7385 599.7114 599.6844 599.6357 599.6047 599.5428 599.4919 599.4684 599.4421 599.4152 599.3881 599.3612 599.3034 599.2407 599.1808 599.1539 599.1269 599.1021 599.0759 599.0491 599.0221 598.9951 598.9681 598.9568 598.9592 598.9675
601.1893 601.1334 601.1063 601.0793 601.0439 600.9783 600.9127 600.8712 600.8331 600.7742 600.728 600.6628 600.6229 600.5573 600.4917 600.4427 600.3987 600.3322 600.2656 600.2241 600.1971 600.1301 600.0626 600.0065 599.9796 599.9556 599.9304 599.9166 599.8716 599.8447 599.8176 599.7906 599.7637 599.7374 599.6948 599.6705 599.6436 599.6165 599.5895 599.5625 599.5355 599.496 599.4651 599.4032 599.3445 599.3195 599.2932 599.2662 599.2392 599.2123 599.1605 599.0977 599.0349 599.0049 598.978 598.9517 598.9255 598.8987 598.8717 598.8447 598.8177 598.8099 598.8182 598.8265
601.0234 600.9675 600.9405 600.9135 600.8894 600.8238 600.7582 600.707 600.6785 600.6196 600.5734 600.5082 600.4636 600.4028 600.3372 600.2743 600.2404 600.1738 600.1072 600.0583 600.0313 599.9667 599.8993 599.8407 599.8137 599.7881 599.7611 599.7507 599.7156 599.6885 599.6616 599.6346 599.6076 599.5811 599.5473 599.5216 599.4946 599.4676 599.4406 599.4136 599.3866 599.3564 599.3254 599.2635 599.2016 599.1706 599.1443 599.1173 599.0903 599.0634 599.0175 598.9845 598.701 598.5292 598.4527 598.3463 598.185 598.0985 598.0465 598.0248 598.0267 598.2965 598.7065 598.6854
600.8576 600.8017 600.7747 600.7477 600.7322 600.6693 600.6037 600.5429 600.5159 600.465 600.4188 600.3536 600.2995 600.2483 600.1827 600.1171 600.0819 600.0153 599.9487 599.8925 599.8654 599.8035 599.736 599.5807 599.5538 599.5738 599.5715 599.5887 599.6063 599.57 599.5195 599.4395 599.3911 599.321 599.2947 599.2338 599.21 599.19 599.1722 599.0353 599.0082 598.9393 598.9147 598.8853 598.499 598.359 598.4302 598.5038 598.5532 598.0938 598.0652 598.0055 597.9738 597.9288 597.8273 597.6745 597.5043 597.382 597.319 597.307 597.3323 597.4293 597.5513 597.6902
600.6829 600.6358 600.6088 600.5818 600.5613 600.5148 600.4492 600.3836 600.3517 600.3104 600.2643 600.199 600.1353 600.0938 600.0282 599.9626 599.9182 599.8635 599.8365 599.4875 599.5253 599.4778 599.0342 598.8492 598.8233 598.899 599.0338 599.1902 599.311 599.3035 599.1605 598.9622 598.784 598.6213 598.4758 598.3907 598.381 598.4042 598.4098 598.1788 598.1015 597.9915 597.8862 597.852 597.895 597.9728 598.0582 597.975 598.0178 597.9763 597.835 597.7598 597.7273 597.695 597.6227 597.5085 597.3903 597.2955 597.2552 597.247 597.2655 597.3428 597.43 597.5107
600.5078 600.47 600.443 600.416 600.3904 600.3603 600.2947 600.2291 600.1876 600.1558 600.1097 600.0444 599.9985 599.8353 599.774 599.5817 598.9037 598.9105 598.852 598.926 598.978 598.9193 598.7913 598.476 598.434 598.5132 598.6638 598.8392 598.9767 598.86 598.6898 598.49 598.3123 598.1522 598.0233 597.975 598.0113 598.085 598.103 598.0627 597.971 597.8392 597.7155 597.6635 597.6988 597.722 597.8168 597.8318 597.7412 597.6495 597.5203 597.4185 597.3849 597.368 597.336 597.178 597.1022 597.0815 597.0703 597.1412 597.223 597.2532 597.2822 597.2905
600.3376 600.3041 600.2772 600.2501 600.2231 600.2058 600.1595 600.1325 599.7648 599.8108 599.8625 599.5103 599.3693 599.0815 598.853 598.4715 598.4698 598.5855 598.5915 598.6772 598.7208 598.6555 598.4605 598.2085 598.169 598.252 598.4073 598.589 598.6295 598.6462 598.4835 598.2905 598.1188 597.974 597.8773 597.868 597.9512 598.0385 598.0662 598.0215 597.9135 597.7507 597.5715 597.485 597.4797 597.4547 597.462 597.4895 597.4407 597.3057 597.1435 596.9102 596.8878 596.8882 596.922 596.96 596.9655 596.9982 597.02 597.058 597.0551 597.0378 596.989 596.9368
600.2495 600.2723 600.2838 600.1703 599.9678 599.7883 599.3458 599.2515 599.2578 599.3047 599.2668 599.2005 598.9265 598.741 598.5522 598.256 598.2792 598.3337 598.4641 598.4245 598.4387 598.3535 598.0812 597.9172 597.8805 597.9593 598.0723 598.2595 598.3607 598.3765 598.277 598.1083 597.9455 597.8155 597.7507 597.786 597.9025 598.01 598.0363 597.9717 597.84 597.6375 597.3345 597.1572 597.1175 597.14 597.1788 597.1713 597.091 596.904 596.7368 596.6015 596.5258 596.5565 596.621 596.715 596.8057 596.871 596.9033 596.9185 596.9138 596.877 596.7943 596.693
600.0508 599.9145 599.842 599.706 599.5285 599.3892 599.2032 599.1068 599.0828 599.0522 598.9487 598.7543 598.6052 598.4493 598.2445 598.1323 598.169 598.2055 598.199 598.1697 598.134 597.8922 597.7587 597.606 597.5825 597.6478 597.7378 597.8253 598.0137 598.1013 598.0625 597.932 597.788 597.6663 597.6332 597.7103 597.8478 597.9567 597.9515 597.764 597.6235 597.387 597.1445 596.951 596.878 596.8685 596.862 596.8157 596.704 596.4405 596.3243 596.2728 596.295 596.3547 596.4455 596.5455 596.6205 596.6645 596.6887 596.707 596.7205 596.7075 596.6528 596.5587
599.6998 599.625 599.4945 599.3497 599.2255 599.1432 599.0657 599.0243 598.9785 598.8735 598.663 598.4758 598.3485 598.207 598.1658 598.0858 598.1355 598.0002 598.0168 597.9277 597.8245 597.6143 597.429 597.3585 597.348 597.3928 597.423 597.5245 597.722 597.859 597.8685 597.7775 597.6432 597.5365 597.5222 597.593 597.736 597.82 597.776 597.6375 597.3863 597.153 596.9268 596.7717 596.6932 596.6423 596.5042 596.4035 596.2745 596.1605 596.105 596.1208 596.1865 596.2792 596.3732 596.406 596.4315 596.4088 596.4102 596.4338 596.4827 596.5438 596.554 596.5048
599.4888 599.317 599.1337 599.0018 598.9463 598.9003 598.9197 598.9498 598.8975 598.7213 598.4835 598.2888 598.1818 598.119 598.0112 598.081 598.1262 597.9915 597.869 597.7215 597.5558 597.347 597.2128 597.191 597.2183 597.2288 597.2248 597.3333 597.5208 597.6693 597.7105 597.6415 597.518 597.4175 597.4165 597.511 597.5563 597.608 597.5217 597.349 597.141 596.9335 596.7712 596.6675 596.575 596.531 596.4293 596.277 596.1155 596.006 595.988 596.049 596.1642 596.285 596.3727 596.3505 596.253 596.1837 596.156 596.1855 596.269 596.3915 596.4905 596.4907
599.2028 599.0378 598.8515 598.7438 598.7345 598.717 598.7957 598.8488 598.8135 598.6448 598.3847 598.2175 598.1205 597.974 598.0145 598.079 598.1003 597.968 597.774 597.5725 597.3787 597.1487 597.0787 597.1097 597.172 597.2115 597.165 597.2697 597.4345 597.563 597.598 597.5303 597.4109 597.2692 597.2555 597.346 597.4478 597.468 597.3605 597.1635 596.9535 596.782 596.6578 596.638 596.6038 596.5438 596.4188 596.2418 596.0535 595.9295 595.9188 595.9868 596.0878 596.2195 596.3132 596.3137 596.226 596.125 596.0847 596.1163 596.213 596.3682 596.4982 596.524
598.9683 598.7915 598.6385 598.5575 598.4877 598.5942 598.6645 598.7345 598.731 598.5963 598.387 598.2318 598.1385 598.0182 598.0415 598.0747 598.0518 597.8782 597.6555 597.4432 597.159 597.0602 597.02 597.0942 597.1885 597.2153 597.195 597.2833 597.4142 597.5107 597.5155 597.43 597.2845 597.1882 597.1797 597.2678 597.3638 597.3928 597.2902 597.0935 596.8958 596.732 596.6622 596.6845 596.6877 596.6133 596.4765 596.2766 595.9983 595.8558 595.8175 595.898 596.0383 596.1795 596.296 596.3193 596.2598 596.171 596.1417 596.1745 596.267 596.4083 596.514 596.5187
