samples/sfe_209/sfe_209_v1/sfe_209_v1/sfe_209_v1.asc
ncols         267
nrows         135
xllcorner     98.199999999255
yllcorner     82.800000000745
cellsize      0.3
NODATA_value  -9999
[rows 0 to 27 of 135, columns 64 to 127 of 267]
603.1556 603.1288 603.1022 603.0752 603.0482 603.0212 602.9938 602.9668 602.9398 602.9128 602.8857 602.8588 602.8317 602.8057 602.7787 602.7517 602.7243 602.6973 602.6703 602.6432 602.6163 602.5892 602.5623 602.5354 602.5092 602.4822 602.4553 602.4277 602.4008 602.3737 602.3467 602.3197 602.2928 602.2657 602.2388 602.2126 602.1857 602.1587 602.1317 602.1047 602.0776 602.0507 602.0236 601.9966 601.9696 601.9426 601.9163 601.8896 601.8625 601.8356 601.8086 601.7816 601.7546 601.7276 601.7006 601.6736 601.6471 601.621 601.5941 601.567 601.54 601.5131 601.4861 601.459
603.127 603.1001 603.0731 603.046 603.019 602.992 602.9641 602.9371 602.9102 602.8832 602.8561 602.829 602.8021 602.776 602.749 602.722 602.694 602.6671 602.64 602.613 602.5861 602.559 602.5319 602.5049 602.4789 602.4519 602.4249 602.3972 602.3698 602.3428 602.3158 602.2888 602.2618 602.2349 602.2079 602.1816 602.1547 602.1277 602.1007 602.0737 602.0467 602.0197 601.9927 601.9656 601.9386 601.9116 601.8851 601.8585 601.8315 601.8046 601.7775 601.7505 601.7235 601.6965 601.6695 601.6425 601.6166 601.5905 601.5635 601.5365 601.5095 601.4825 601.4555 601.4285
603.0984 603.0714 603.0439 603.0169 602.9899 602.9629 602.9344 602.9075 602.8805 602.8535 602.8264 602.7994 602.7723 602.7463 602.7193 602.6923 602.6638 602.6368 602.6098 602.5828 602.5558 602.5287 602.5016 602.4746 602.4485 602.4216 602.3945 602.3668 602.3389 602.3119 602.2849 602.2579 602.231 602.204 602.177 602.1504 602.1237 602.0967 602.0697 602.0427 602.0157 601.9886 601.9617 601.9346 601.9075 601.8806 601.8539 601.8275 601.8004 601.7734 601.7465 601.7194 601.6924 601.6654 601.6384 601.6115 601.5861 601.56 601.533 601.506 601.4789 601.452 601.425 601.398
603.0698 603.0427 603.0149 602.9877 602.9608 602.9337 602.905 602.8778 602.8508 602.8239 602.7967 602.7697 602.7426 602.7165 602.6896 602.6625 602.6335 602.6065 602.5795 602.5525 602.5256 602.4985 602.4713 602.4443 602.4182 602.3912 602.3642 602.3365 602.308 602.2809 602.254 602.2269 602.2001 602.1731 602.1461 602.1193 602.0927 602.0657 602.0387 602.0117 601.9847 601.9576 601.9307 601.9036 601.8765 601.8495 601.8228 601.7963 601.7693 601.7424 601.7154 601.6884 601.6614 601.6343 601.6074 601.5803 601.5555 601.5294 601.5024 601.4754 601.4484 601.4214 601.3945 601.3674
603.0411 603.0141 602.9865 602.9586 602.9316 602.9045 602.876 602.8481 602.8212 602.7942 602.767 602.7399 602.713 602.6867 602.6599 602.6328 602.6038 602.5763 602.5493 602.5223 602.4953 602.4683 602.441 602.414 602.3879 602.3609 602.3339 602.3062 602.277 602.2501 602.223 602.196 602.1692 602.1422 602.1152 602.0881 602.0616 602.0347 602.0077 601.9807 601.9537 601.9266 601.8997 601.8726 601.8455 601.8184 601.7916 601.7653 601.7383 601.7113 601.6843 601.6573 601.6303 601.6033 601.5763 601.5493 601.525 601.4989 601.4719 601.4449 601.4178 601.3909 601.3639 601.3369
603.0125 602.9855 602.9579 602.9294 602.9024 602.8754 602.847 602.8185 602.7916 602.7645 602.7374 602.7103 602.6832 602.6569 602.6301 602.6031 602.5741 602.546 602.519 602.492 602.4651 602.438 602.4107 602.3837 602.3575 602.3306 602.3035 602.2758 602.2461 602.2191 602.1921 602.1651 602.1383 602.1113 602.0843 602.0569 602.0306 602.0037 601.9767 601.9496 601.9227 601.8956 601.8687 601.8417 601.8145 601.7874 601.7604 601.7342 601.7072 601.6802 601.6532 601.6262 601.5992 601.5722 601.5452 601.5182 601.4945 601.4683 601.4413 601.4143 601.3873 601.3604 601.3334 601.3063
602.9839 602.9568 602.9294 602.9003 602.8732 602.8463 602.8181 602.7889 602.7619 602.7349 602.7078 602.6805 602.6536 602.6271 602.6003 602.5734 602.5444 602.5158 602.4888 602.4618 602.4348 602.4077 602.3804 602.3534 602.3271 602.3002 602.2732 602.2455 602.2152 602.1882 602.1612 602.1342 602.1074 602.0804 602.0534 602.0259 601.9996 601.9727 601.9457 601.9187 601.8917 601.8647 601.8376 601.8107 601.7834 601.7563 601.7294 601.7031 601.6761 601.6492 601.6221 601.5952 601.5681 601.5411 601.5141 601.4871 601.4641 601.4378 601.4108 601.3838 601.3568 601.3298 601.3029 601.2758
602.9552 602.9282 602.9009 602.8711 602.8441 602.8171 602.7891 602.7592 602.7322 602.7053 602.6782 602.6509 602.6238 602.5972 602.5706 602.5436 602.5146 602.4855 602.4585 602.4315 602.4045 602.3775 602.3501 602.3231 602.2968 602.2698 602.2429 602.2151 602.1843 602.1573 602.1302 602.1033 602.0765 602.0495 602.0225 601.9951 601.9686 601.9417 601.9147 601.8877 601.8607 601.8337 601.8066 601.7797 601.7524 601.7253 601.6983 601.6721 601.645 601.618 601.5911 601.564 601.537 601.51 601.483 601.4561 601.4335 601.4073 601.3802 601.3533 601.3262 601.2993 601.2723 601.2453
602.9266 602.8996 602.8724 602.8419 602.8149 602.7879 602.7601 602.7296 602.7026 602.6756 602.6485 602.6212 602.5941 602.5674 602.5409 602.5139 602.4849 602.4553 602.4283 602.4012 602.3743 602.3472 602.3198 602.2927 602.2665 602.2395 602.2125 602.1848 602.1534 602.1263 602.0994 602.0723 602.0456 602.0186 601.9916 601.9642 601.9376 601.9106 601.8837 601.8567 601.8297 601.8027 601.7756 601.7487 601.7215 601.6942 601.6672 601.6409 601.614 601.587 601.56 601.533 601.506 601.4789 601.452 601.4249 601.403 601.3767 601.3497 601.3227 601.2957 601.2687 601.2418 601.2147
602.8979 602.871 602.844 602.8128 602.7858 602.7588 602.7311 602.6999 602.6729 602.6459 602.6189 602.5914 602.5645 602.5376 602.5112 602.4842 602.4551 602.425 602.398 602.371 602.3441 602.317 602.2895 602.2625 602.2361 602.2092 602.1822 602.1544 602.1231 602.0954 602.0684 602.0414 602.0147 601.9877 601.9607 601.9332 601.9067 601.8796 601.8527 601.8257 601.7986 601.7717 601.7446 601.7177 601.6905 601.6631 601.6362 601.6099 601.5829 601.5559 601.5289 601.5019 601.4749 601.4479 601.4208 601.3939 601.3725 601.3462 601.3192 601.2922 601.2651 601.2382 601.2112 601.1842
602.8693 602.8423 602.8155 602.7838 602.7567 602.7296 602.7021 602.6705 602.6432 602.6163 602.5892 602.5618 602.5347 602.5078 602.4814 602.4545 602.4254 602.3948 602.3678 602.3408 602.3138 602.2867 602.2593 602.2321 602.2056 602.1788 602.1519 602.1241 602.0928 602.0645 602.0375 602.0105 601.9838 601.9568 601.9298 601.9023 601.8755 601.8486 601.8217 601.7947 601.7676 601.7407 601.7136 601.6866 601.6595 601.6321 601.6052 601.5788 601.5518 601.5248 601.4978 601.4708 601.4438 601.4168 601.3898 601.3628 601.342 601.3157 601.2886 601.2617 601.2346 601.2077 601.1807 601.1537
602.8407 602.8137 602.787 602.7552 602.7275 602.7004 602.673 602.6415 602.6136 602.5866 602.5596 602.5322 602.5051 602.478 602.4517 602.4247 602.3957 602.3647 602.3375 602.3105 602.2836 602.2565 602.229 602.2018 602.1752 602.1485 602.1215 602.0938 602.0624 602.0336 602.0066 601.9796 601.9529 601.9259 601.8989 601.8715 601.8443 601.8176 601.7906 601.7637 601.7366 601.7097 601.6827 601.6556 601.6285 601.6011 601.5741 601.5477 601.5207 601.4937 601.4667 601.4397 601.4127 601.3857 601.3587 601.3317 601.3115 601.2851 601.2581 601.2311 601.2041 601.1771 601.1501 601.1231
602.8121 602.7851 602.7585 602.7267 602.6983 602.6713 602.644 602.6125 602.584 602.557 602.53 602.5025 602.4753 602.4484 602.422 602.395 602.366 602.335 602.3073 602.2803 602.2533 602.2263 602.1988 602.1715 602.1448 602.1182 602.0911 602.0634 602.0321 602.0027 601.9756 601.9487 601.922 601.895 601.868 601.8406 601.8132 601.7866 601.7597 601.7327 601.7057 601.6786 601.6517 601.6246 601.5975 601.5701 601.543 601.5167 601.4896 601.4626 601.4357 601.4086 601.3817 601.3546 601.3276 601.3007 601.2809 601.2546 601.2275 601.2006 601.1735 601.1466 601.1196 601.0926
602.7834 602.7565 602.73 602.6982 602.6691 602.6422 602.6151 602.5835 602.5543 602.5273 602.5003 602.4729 602.4456 602.4186 602.3923 602.3653 602.3362 602.3052 602.277 602.25 602.223 602.196 602.1685 602.1412 602.1144 602.0878 602.0608 602.0331 602.0018 601.9717 601.9447 601.9177 601.8911 601.8641 601.8372 601.8097 601.7821 601.7557 601.7287 601.7017 601.6747 601.6476 601.6207 601.5937 601.5665 601.5391 601.512 601.4855 601.4586 601.4316 601.4046 601.3776 601.3506 601.3235 601.2966 601.2695 601.2504 601.224 601.197 601.17 601.143 601.116 601.0891 601.062
602.7548 602.7278 602.7014 602.6697 602.64 602.613 602.586 602.5545 602.5247 602.4977 602.4707 602.4432 602.416 602.3889 602.3625 602.3355 602.3065 602.2755 602.2468 602.2198 602.1928 602.1657 602.1382 602.1109 602.0839 602.0575 602.0305 602.0027 601.9714 601.9408 601.9138 601.8868 601.8602 601.8333 601.8063 601.7788 601.7512 601.7247 601.6977 601.6707 601.6437 601.6166 601.5897 601.5627 601.5355 601.5081 601.481 601.4544 601.4275 601.4005 601.3735 601.3465 601.3195 601.2925 601.2654 601.2385 601.2199 601.1935 601.1665 601.1395 601.1125 601.0855 601.0585 601.0315
602.7262 602.6992 602.6727 602.6413 602.6108 602.5839 602.5568 602.5255 602.495 602.468 602.441 602.4136 602.3862 602.3593 602.3328 602.3058 602.2768 602.2458 602.2166 602.1895 602.1625 602.1355 602.108 602.0806 602.0536 602.0272 602.0001 601.9724 601.941 601.9099 601.8829 601.8559 601.8293 601.8024 601.7753 601.7479 601.7203 601.6937 601.6667 601.6396 601.6127 601.5856 601.5587 601.5317 601.5045 601.4771 601.4499 601.4232 601.3964 601.3694 601.3424 601.3154 601.2884 601.2614 601.2344 601.2074 601.1895 601.163 601.1359 601.1089 601.0819 601.055 601.028 601.001
602.6976 602.6705 602.644 602.6128 602.5817 602.5547 602.5276 602.4965 602.4653 602.4384 602.4114 602.384 602.3566 602.3295 602.3031 602.2761 602.2471 602.216 602.1863 602.1592 602.1323 602.1052 602.0778 602.0503 602.0233 601.9968 601.9698 601.9421 601.9107 601.8794 601.852 601.825 601.7985 601.7714 601.7444 601.717 601.6895 601.6627 601.6357 601.6086 601.5817 601.5546 601.5276 601.5007 601.4735 601.4461 601.4188 601.3921 601.3653 601.3383 601.3113 601.2843 601.2573 601.2303 601.2033 601.1763 601.1589 601.1324 601.1054 601.0784 601.0514 601.0244 600.9974 600.9704
602.6689 602.6419 602.6153 602.5843 602.5526 602.5255 602.4985 602.4675 602.4359 602.4087 602.3817 602.3543 602.3269 602.2999 602.2734 602.2463 602.2173 602.1863 602.156 602.129 602.1021 602.075 602.0475 602.02 601.9929 601.9664 601.9395 601.9117 601.8804 601.8491 601.821 601.794 601.7675 601.7405 601.7136 601.6861 601.6585 601.6317 601.6047 601.5776 601.5507 601.5236 601.4966 601.4697 601.4425 601.4151 601.3878 601.3609 601.3342 601.3073 601.2803 601.2532 601.2263 601.1992 601.1722 601.1453 601.1284 601.1019 601.0748 601.0479 601.0209 600.9939 600.9669 600.9399
602.6403 602.6133 602.5866 602.5558 602.524 602.4963 602.4694 602.4385 602.4069 602.3791 602.3521 602.3247 602.2972 602.2701 602.2437 602.2166 602.1876 602.1566 602.1258 602.0988 602.0718 602.0447 602.0173 601.9898 601.9626 601.9361 601.9091 601.8814 601.85 601.8187 601.7901 601.7631 601.7366 601.7097 601.6827 601.6552 601.6276 601.6006 601.5737 601.5467 601.5197 601.4927 601.4656 601.4387 601.4115 601.3842 601.3568 601.3298 601.3032 601.2762 601.2491 601.2222 601.1951 601.1682 601.1411 601.1142 601.0979 601.0714 601.0443 601.0173 600.9903 600.9634 600.9363 600.9094
602.6118 602.5847 602.5579 602.5273 602.4955 602.4672 602.4402 602.4095 602.3779 602.3494 602.3224 602.295 602.2676 602.2404 602.2139 602.1869 602.1579 602.1268 602.0958 602.0685 602.0416 602.0145 601.987 601.9595 601.9323 601.9058 601.8788 601.851 601.8197 601.7884 601.7592 601.7322 601.7057 601.6788 601.6518 601.6243 601.5967 601.5694 601.5427 601.5157 601.4886 601.4617 601.4347 601.4077 601.3805 601.3531 601.3258 601.2987 601.2721 601.2451 601.2181 601.1911 601.1641 601.1371 601.11 601.0831 601.0674 601.0408 601.0138 600.9868 600.9598 600.9328 600.9058 600.8788
602.5831 602.556 602.5292 602.4988 602.467 602.438 602.411 602.3805 602.3489 602.3198 602.2928 602.2654 602.238 602.2108 602.1842 602.1572 602.1282 602.0971 602.0661 602.0383 602.0113 601.9843 601.9568 601.9293 601.902 601.8754 601.8484 601.8207 601.7894 601.7581 601.7283 601.7013 601.6749 601.6479 601.6209 601.5934 601.5659 601.5383 601.5117 601.4847 601.4576 601.4307 601.4037 601.3766 601.3495 601.3221 601.2948 601.2676 601.241 601.2141 601.187 601.16 601.133 601.106 601.079 601.052 601.0369 601.0103 600.9832 600.9562 600.9293 600.9023 600.8752 600.8483
602.5546 602.5274 602.5005 602.4703 602.4386 602.4089 602.3819 602.3515 602.3199 602.2901 602.2631 602.2358 602.2083 602.181 602.1544 602.1274 602.0984 602.0674 602.0364 602.008 601.981 601.954 601.9265 601.899 601.8717 601.8451 601.8181 601.7903 601.759 601.7277 601.6973 601.6703 601.644 601.6169 601.59 601.5625 601.535 601.5074 601.4807 601.4537 601.4266 601.3997 601.3727 601.3456 601.3185 601.2911 601.2638 601.2366 601.2099 601.1829 601.1559 601.1289 601.1019 601.0749 601.0479 601.0209 601.0063 600.9797 600.9527 600.9257 600.8987 600.8718 600.8447 600.8177
602.5259 602.4988 602.4718 602.4418 602.4101 602.3798 602.3527 602.3225 602.291 602.2604 602.2335 602.2062 602.1787 602.1514 602.1246 602.0977 602.0687 602.0377 602.0067 601.9778 601.9508 601.9238 601.8962 601.8688 601.8414 601.8148 601.7877 601.76 601.7287 601.6974 601.6664 601.6394 601.613 601.5861 601.5591 601.5316 601.5041 601.4765 601.4496 601.4227 601.3956 601.3687 601.3417 601.3147 601.2875 601.2601 601.2328 601.2056 601.1788 601.1519 601.1249 601.0978 601.0709 601.0438 601.0168 600.9899 600.9758 600.9492 600.9222 600.8951 600.8682 600.8412 600.8142 600.7872
602.4974 602.4702 602.4431 602.4133 602.3816 602.3506 602.3235 602.2935 602.262 602.2308 602.2038 602.1765 602.149 602.1216 602.0948 602.068 602.0389 602.0079 601.9769 601.9475 601.9205 601.8935 601.866 601.8386 601.8111 601.7844 601.7574 601.7297 601.6984 601.667 601.6357 601.6085 601.5822 601.5552 601.5282 601.5007 601.4732 601.4456 601.4186 601.3917 601.3647 601.3376 601.3107 601.2837 601.2565 601.2291 601.2018 601.1745 601.1478 601.1208 601.0938 601.0668 601.0397 601.0128 600.9857 600.9588 600.9453 600.9186 600.8916 600.8646 600.8376 600.8107 600.7836 600.7567
602.4688 602.4415 602.4145 602.3848 602.3531 602.3214 602.2944 602.2645 602.233 602.2014 602.1741 602.1469 602.1194 602.092 602.065 602.0383 602.0092 601.9782 601.9471 601.9173 601.8903 601.8632 601.8358 601.8083 601.7808 601.7541 601.7271 601.6993 601.668 601.6367 601.6053 601.5776 601.5513 601.5243 601.4973 601.4698 601.4423 601.4147 601.3876 601.3607 601.3337 601.3066 601.2797 601.2527 601.2255 601.1981 601.1708 601.1434 601.1167 601.0897 601.0627 601.0357 601.0087 600.9817 600.9547 600.9277 600.9149 600.8881 600.8611 600.834 600.8071 600.7801 600.7531 600.7261
602.4402 602.4129 602.3859 602.3563 602.3246 602.2928 602.2653 602.2355 602.2039 602.1724 602.1445 602.1172 602.0898 602.0624 602.0352 602.0085 601.9795 601.9485 601.9174 601.887 601.86 601.833 601.8055 601.7781 601.7505 601.7237 601.6967 601.669 601.6377 601.6063 601.575 601.5466 601.5204 601.4934 601.4664 601.439 601.4114 601.3839 601.3566 601.3297 601.3027 601.2756 601.2487 601.2217 601.1945 601.1671 601.1398 601.1124 601.0856 601.0586 601.0316 601.0046 600.9776 600.9506 600.9236 600.8971 600.8843 600.8575 600.8306 600.8035 600.7766 600.7496 600.7226 600.6956
602.4116 602.3843 602.3572 602.3278 602.2961 602.2643 602.2361 602.2065 602.1749 602.1434 602.1149 602.0876 602.0602 602.0327 602.0056 601.9788 601.9498 601.9188 601.8877 601.8568 601.8298 601.8027 601.7753 601.7478 601.7203 601.6934 601.6664 601.6387 601.6073 601.576 601.5447 601.5157 601.4894 601.4625 601.4355 601.4081 601.3805 601.3529 601.3257 601.2986 601.2717 601.2446 601.2177 601.1907 601.1635 601.1362 601.1088 601.0814 601.0545 601.0275 601.0005 600.9735 600.9465 600.9195 600.8925 600.8665 600.8538 600.827 600.8 600.773 600.746 600.7191 600.692 600.665
602.383 602.3557 602.3286 602.2994 602.2676 602.2358 602.2069 602.1776 602.1459 602.1144 602.0852 602.058 602.0305 602.0031 601.9758 601.9491 601.92 601.889 601.858 601.827 601.7995 601.7725 601.745 601.7175 601.6901 601.6629 601.636 601.6083 601.577 601.5457 601.5143 601.4848 601.4586 601.4316 601.4046 601.3771 601.3496 601.322 601.2945 601.2676 601.2407 601.2136 601.1866 601.1597 601.1325 601.1052 601.0778 601.0504 601.0234 600.9965 600.9694 600.9424 600.9154 600.8884 600.8614 600.836 600.8232 600.7964 600.7695 600.7424 600.7155 600.6885 600.6615 600.6345
