SIN0=(0.5416647915182846,3.0,-2.9299999999999815,MASK0)
SIN1=(0.1668969089361312,4.0,0.6400000000000003,MASK0)
SIN2=(0.1650174772361833,4.5,0.2700000000000001,MASK0)
SIN3=(0.10559636051414992,5.5,2.7899999999999845,MASK0)
SIN4=(0.1668969089361312,4.0,0.6400000000000003,MASK0)
SIN5=(0.5416647915182846,3.0,-2.9299999999999815,MASK0)
SIN6=(0.4942259623113857,2.0,-0.3200000000000001,MASK0)
SIN7=(0.10943644515820576,1.0,-2.5499999999999896,MASK0)
