samples/sfe_209/sfe_209_c4/sfe_209_c4/sfe_209_c4.asc
ncols         267
nrows         135
xllcorner     98.199999999255
yllcorner     82.800000000745
cellsize      0.3
NODATA_value  -9999
[rows 28 to 55 of 135, columns 192 to 255 of 267]
599.0425 599.0196 598.995 598.9719 598.9488 598.924 598.899 598.8759 598.8527 598.8276 598.8046 598.786 598.7674 598.7448 598.7195 598.6969 598.6742 598.6478 598.6251 598.6024 598.5771 598.5519 598.5291 598.5061 598.4809 598.462 598.4431 598.4211 598.3942 598.3709 598.3479 598.3224 598.297 598.2748 598.2502 598.2267 598.2039 598.1788 598.1536 598.1303 598.1063 598.0793 598.056 598.0334 598.0068 597.9843 597.9603 597.9341 597.912 597.888 597.8675 597.8479 597.8254 597.7984 597.7714 597.7477 597.725 597.7022 597.6774 597.6508 597.6276 597.6041 597.5776 597.5547
599.0189 598.9957 598.9717 598.9485 598.9254 598.9005 598.876 598.8528 598.8297 598.8045 598.7827 598.7641 598.7455 598.7226 598.6979 598.6752 598.6526 598.6265 598.6038 598.5811 598.5556 598.5309 598.5081 598.4849 598.4608 598.4419 598.423 598.4008 598.3741 598.3511 598.3281 598.3023 598.2777 598.2555 598.2305 598.2075 598.1846 598.1594 598.1346 598.1114 598.0871 598.0601 598.0375 598.0145 597.9885 597.9661 597.9417 597.9163 597.8941 597.8697 597.85 597.8304 597.8077 597.7807 597.7537 597.7308 597.708 597.6852 597.6602 597.6335 597.6111 597.5872 597.5613 597.5383
598.9954 598.9718 598.9483 598.9252 598.9021 598.877 598.8531 598.8299 598.8067 598.7814 598.7607 598.7421 598.7236 598.7004 598.6763 598.6536 598.6308 598.6052 598.5825 598.5598 598.5341 598.5101 598.4872 598.4637 598.4406 598.4218 598.4028 598.3804 598.3543 598.3312 598.3082 598.2822 598.2584 598.2361 598.2111 598.1883 598.1654 598.14 598.1156 598.0924 598.0679 598.0414 598.019 597.9956 597.9703 597.9479 597.9231 597.8984 597.8762 597.8522 597.8326 597.813 597.79 597.7629 597.7366 597.7138 597.691 597.6683 597.6429 597.6169 597.5945 597.5701 597.5449 597.522
598.9717 598.9481 598.925 598.9019 598.8788 598.8535 598.8301 598.8069 598.7838 598.7583 598.7388 598.7202 598.7016 598.6782 598.6547 598.632 598.6091 598.5839 598.5612 598.5384 598.5126 598.4892 598.4664 598.4426 598.4205 598.4016 598.3828 598.3599 598.3345 598.3114 598.2884 598.2621 598.239 598.2169 598.192 598.1691 598.1462 598.1205 598.0967 598.0734 598.0487 598.0229 598.0005 597.9767 597.9521 597.9296 597.9044 597.8805 597.8584 597.8348 597.8152 597.7957 597.7722 597.7452 597.7196 597.6968 597.6741 597.6514 597.6257 597.6004 597.5779 597.5532 597.5284 597.5056
598.9482 598.9247 598.9017 598.8785 598.8554 598.8303 598.8072 598.784 598.7608 598.7355 598.7169 598.6982 598.6797 598.6559 598.6331 598.6104 598.5872 598.5626 598.5399 598.5171 598.4911 598.4683 598.4454 598.4214 598.4004 598.3815 598.3626 598.3395 598.3146 598.2916 598.2686 598.242 598.2197 598.1975 598.1727 598.1499 598.127 598.101 598.0777 598.0545 598.0295 598.0044 597.982 597.9578 597.9338 597.9114 597.8858 597.8627 597.8405 597.8174 597.7979 597.7782 597.7545 597.7275 597.7027 597.6799 597.6572 597.6344 597.6086 597.5838 597.5613 597.5361 597.5121 597.4891
598.9246 598.9014 598.8783 598.8552 598.8321 598.8074 598.7842 598.761 598.7379 598.7135 598.6949 598.6763 598.6577 598.6341 598.6114 598.5887 598.5654 598.5413 598.5186 598.4958 598.4702 598.4474 598.4246 598.4003 598.3802 598.3614 598.3425 598.3192 598.2948 598.2717 598.2487 598.2225 598.2004 598.1782 598.1535 598.1307 598.1078 598.082 598.0587 598.0355 598.0103 597.9859 597.9635 597.9389 597.9156 597.8931 597.8672 597.8448 597.8226 597.8 597.7804 597.7608 597.7368 597.7098 597.6857 597.663 597.6402 597.6174 597.5916 597.5673 597.5447 597.5191 597.4957 597.4728
598.901 598.8781 598.855 598.8318 598.8088 598.7844 598.7612 598.738 598.7148 598.6916 598.673 598.6544 598.6358 598.6124 598.5898 598.5671 598.5435 598.52 598.4973 598.4745 598.4493 598.4265 598.4036 598.3791 598.3602 598.3412 598.3223 598.2987 598.275 598.2519 598.2289 598.2032 598.181 598.1586 598.1343 598.1115 598.0886 598.063 598.0398 598.0165 597.9911 597.9674 597.945 597.92 597.8974 597.8749 597.8491 597.8269 597.8047 597.7826 597.763 597.7434 597.7191 597.6921 597.6688 597.646 597.6232 597.6005 597.5743 597.5507 597.5282 597.5022 597.4792 597.456
598.8774 598.8547 598.8317 598.8085 598.7854 598.7615 598.7383 598.7151 598.6919 598.6696 598.6511 598.6324 598.6139 598.5908 598.5681 598.5455 598.5216 598.4987 598.476 598.4532 598.4284 598.4056 598.3828 598.3589 598.34 598.3211 598.3022 598.2783 598.2551 598.2321 598.2088 598.1838 598.1617 598.1389 598.1151 598.0923 598.0694 598.0441 598.0208 597.9976 597.972 597.9489 597.9265 597.9016 597.8792 597.8567 597.8312 597.809 597.7864 597.7652 597.7456 597.726 597.7014 597.6746 597.6519 597.6291 597.6063 597.5836 597.557 597.5341 597.5116 597.4858 597.4629 597.4392
598.8538 598.8314 598.8083 598.7852 598.7621 598.7385 598.7153 598.6921 598.6689 598.6477 598.6291 598.6105 598.5919 598.5692 598.5465 598.5238 598.5001 598.4774 598.4546 598.4319 598.4075 598.3846 598.3618 598.3388 598.3199 598.301 598.2821 598.2583 598.2353 598.2122 598.1887 598.1646 598.1423 598.1191 598.0959 598.0731 598.0499 598.0251 598.0019 597.9786 597.9528 597.9304 597.908 597.8834 597.8609 597.8383 597.8133 597.7911 597.7681 597.7478 597.7281 597.7086 597.6836 597.6577 597.6349 597.6121 597.5894 597.5665 597.54 597.5175 597.4951 597.4694 597.4465 597.4224
598.8342 598.8165 598.7895 598.7625 598.7388 598.7155 598.6923 598.6692 598.646 598.6258 598.6072 598.5886 598.57 598.5475 598.5248 598.5022 598.4788 598.4561 598.4333 598.4105 598.3866 598.3638 598.3409 598.3187 598.2997 598.2809 598.262 598.2385 598.2155 598.1924 598.1686 598.1452 598.123 598.0995 598.0767 598.0538 598.0305 598.0061 597.9829 597.9597 597.9343 597.9119 597.8895 597.8651 597.8427 597.8196 597.7954 597.7733 597.7499 597.7303 597.7108 597.6912 597.6659 597.6407 597.6179 597.5952 597.5724 597.5493 597.5234 597.5009 597.4781 597.4529 597.4301 597.4056
598.6172 598.6332 598.6061 598.6305 598.6563 598.6719 598.6468 598.6545 598.6275 598.6052 598.5853 598.5667 598.548 598.5259 598.5032 598.4805 598.4575 598.4348 598.412 598.389 598.3657 598.3428 598.32 598.2985 598.2797 598.2607 598.2419 598.2186 598.1956 598.1725 598.1485 598.1259 598.1037 598.0804 598.0575 598.0347 598.011 597.9872 597.9639 597.9407 597.9158 597.8934 597.871 597.8469 597.8244 597.801 597.7775 597.7554 597.7325 597.713 597.6934 597.6738 597.6481 597.6237 597.601 597.5782 597.5555 597.532 597.5068 597.4844 597.4611 597.4366 597.4136 597.3889
598.4004 598.4131 598.3935 598.4193 598.4451 598.4518 598.4384 598.4573 598.4818 598.4963 598.4745 598.4955 598.5244 598.5115 598.4845 598.4589 598.4362 598.4135 598.3907 598.3676 598.3448 598.322 598.2991 598.2784 598.2595 598.2407 598.2217 598.1988 598.1758 598.1527 598.1287 598.1065 598.0844 598.0612 598.0383 598.0154 597.9916 597.9682 597.945 597.9218 597.8973 597.8749 597.8525 597.8286 597.8062 597.7824 597.7596 597.7375 597.7151 597.6956 597.6759 597.6563 597.6304 597.6068 597.584 597.5613 597.5385 597.5148 597.4902 597.4678 597.4441 597.4202 597.3973 597.3721
598.1835 598.1932 598.1823 598.2081 598.2339 598.2319 598.2299 598.2516 598.2761 598.2878 598.2766 598.3004 598.3293 598.3453 598.3484 598.3694 598.3905 598.3801 598.3765 598.3495 598.3239 598.3011 598.2783 598.2583 598.2394 598.2205 598.2016 598.179 598.1559 598.1329 598.1094 598.0872 598.065 598.042 598.0191 597.9963 597.9725 597.9492 597.926 597.9028 597.8788 597.8564 597.8336 597.8104 597.788 597.7639 597.7418 597.7196 597.6978 597.6781 597.6585 597.6389 597.6127 597.5898 597.5671 597.5443 597.5215 597.4976 597.4737 597.4512 597.4271 597.4037 597.3809 597.356
597.9665 597.9731 597.9711 597.9969 598.0227 598.0225 598.0215 598.0459 598.0703 598.0807 598.0787 598.1052 598.1342 598.146 598.1563 598.1773 598.2011 598.1924 598.2123 598.2322 598.2275 598.2405 598.2613 598.2422 598.2153 598.1973 598.1815 598.1591 598.1361 598.113 598.09 598.0679 598.0457 598.0228 597.9999 597.9771 597.9535 597.9303 597.907 597.8839 597.8603 597.838 597.8147 597.7922 597.7697 597.746 597.7239 597.7017 597.6803 597.6607 597.6411 597.6215 597.5956 597.5729 597.5501 597.5274 597.5046 597.4805 597.4571 597.4346 597.4103 597.3874 597.3644 597.3398
597.7495 597.7532 597.7599 597.7857 597.8115 597.814 597.8158 597.8402 597.8709 597.8828 597.8812 597.9101 597.939 597.9467 597.9641 597.9852 598.0112 598.0048 598.0247 598.0446 598.0377 598.0507 598.0715 598.0843 598.0573 598.0712 598.0911 598.11 598.121 598.0985 598.0715 598.0485 598.0264 598.0035 597.9807 597.9578 597.9345 597.9113 597.8881 597.8647 597.8418 597.8195 597.7964 597.7739 597.7515 597.7281 597.706 597.6838 597.6629 597.6433 597.6237 597.6041 597.5787 597.556 597.5332 597.5104 597.4877 597.4632 597.4405 597.418 597.3939 597.371 597.3481 597.3235
597.5325 597.5331 597.5487 597.5745 597.5989 597.6056 597.61 597.6345 597.6777 597.6849 597.6861 597.715 597.7454 597.7509 597.772 597.793 597.8214 597.8172 597.8371 597.857 597.8478 597.8609 597.8817 597.8944 597.8674 597.8836 597.9035 597.9202 597.9366 597.953 597.9694 597.9888 598.0095 597.9905 597.9643 597.9387 597.9156 597.8923 597.8691 597.8456 597.8233 597.801 597.7781 597.7557 597.7333 597.7103 597.6881 597.666 597.6455 597.6259 597.6063 597.5865 597.5618 597.539 597.5162 597.4935 597.4707 597.4464 597.424 597.4014 597.3775 597.3546 597.3317 597.3074
597.3156 597.3132 597.3375 597.3633 597.3788 597.3972 597.4044 597.4288 597.4811 597.4869 597.491 597.5198 597.5524 597.5588 597.5798 597.6061 597.6315 597.6296 597.6495 597.6694 597.658 597.6711 597.692 597.7046 597.6776 597.696 597.7159 597.7303 597.7468 597.7631 597.7803 597.7976 597.8184 597.8323 597.8292 597.8501 597.8709 597.8595 597.8565 597.8295 597.8048 597.7825 597.7599 597.7375 597.715 597.6924 597.6702 597.6481 597.6281 597.6085 597.5889 597.5688 597.5448 597.522 597.4993 597.4765 597.4538 597.4298 597.4073 597.3849 597.3611 597.3382 597.3152 597.2912
597.0986 597.1005 597.1263 597.1521 597.1637 597.1888 597.1986 597.2231 597.2728 597.2891 597.2958 597.3248 597.3596 597.3666 597.3877 597.4193 597.4417 597.442 597.4619 597.4818 597.4682 597.4813 597.5021 597.5147 597.4885 597.5084 597.5283 597.5405 597.5569 597.5732 597.5914 597.6064 597.6273 597.6426 597.6395 597.6603 597.6779 597.6674 597.6884 597.7094 597.7321 597.7521 597.7485 597.7215 597.6968 597.6745 597.6524 597.6302 597.6107 597.5911 597.5715 597.5511 597.5278 597.5051 597.4824 597.4596 597.4368 597.4133 597.3907 597.3683 597.3447 597.3218 597.2984 597.275
596.8816 596.8893 596.9151 596.9409 596.9553 596.9803 596.9929 597.0286 597.0682 597.0911 597.1007 597.1296 597.1666 597.1745 597.197 597.2314 597.2518 597.2543 597.2742 597.2941 597.2784 597.2916 597.3123 597.3248 597.3008 597.3207 597.3387 597.3506 597.367 597.3834 597.4025 597.4153 597.4361 597.4528 597.4497 597.4705 597.4786 597.4752 597.4962 597.5194 597.5445 597.5645 597.5844 597.6042 597.6241 597.6441 597.6415 597.6145 597.5933 597.5737 597.554 597.5337 597.5109 597.4882 597.4654 597.4426 597.4199 597.3967 597.3742 597.3517 597.3283 597.3054 597.2818 597.2589
596.6646 596.6781 596.7039 596.7297 596.7468 596.7719 596.7872 596.8354 596.8704 596.8932 596.9056 596.9364 596.9737 596.9824 597.0101 597.0415 597.062 597.0667 597.0866 597.1065 597.0886 597.1017 597.1224 597.135 597.1132 597.1331 597.1489 597.1608 597.1772 597.1935 597.2114 597.2242 597.2449 597.263 597.2599 597.2807 597.2792 597.283 597.3041 597.337 597.3569 597.3768 597.3967 597.4166 597.4365 597.4566 597.4769 597.4971 597.4879 597.5044 597.5192 597.5245 597.4975 597.4712 597.4484 597.4257 597.403 597.3801 597.3576 597.335 597.3119 597.289 597.2656 597.2426
596.4476 596.4669 596.4927 596.5185 596.5384 596.5635 596.5815 596.6423 596.6724 596.6953 596.7104 596.7435 596.7776 596.7902 596.8232 596.8516 596.8721 596.8791 596.899 596.9189 596.8989 596.912 596.9326 596.9451 596.9256 596.9455 596.959 596.9709 596.9873 597.0045 597.0202 597.033 597.0547 597.0732 597.0701 597.0909 597.0799 597.0909 597.1119 597.1494 597.1693 597.1892 597.2091 597.229 597.2515 597.269 597.2893 597.3096 597.3077 597.3224 597.3372 597.352 597.3759 597.4097 597.4311 597.4165 597.3895 597.3635 597.3411 597.3184 597.2955 597.2726 597.2494 597.2264
596.2306 596.2557 596.2815 596.3058 596.33 596.3551 596.3795 596.4491 596.4745 596.4974 596.5153 596.5505 596.5782 596.6011 596.6364 596.6618 596.6823 596.6915 596.7114 596.7313 596.709 596.7222 596.7427 596.7553 596.738 596.7579 596.7692 596.7811 596.7975 596.8156 596.8291 596.8419 596.8649 596.8834 596.8803 596.9012 596.8806 596.8987 596.9262 596.9617 596.9816 597.0016 597.0215 597.0414 597.0676 597.0815 597.1018 597.1161 597.1258 597.1406 597.1553 597.1685 597.1934 597.2272 597.2452 597.2554 597.2656 597.2761 597.2966 597.3095 597.2825 597.2562 597.2332 597.2103
595.9412 596.1273 596.0695 596.1225 596.1216 596.1467 596.1863 596.2559 596.2766 596.2994 596.3203 596.3576 596.3849 596.4142 596.4495 596.4719 596.4924 596.5038 596.5237 596.5436 596.5193 596.5324 596.5529 596.5654 596.5504 596.5684 596.5793 596.5912 596.6076 596.6267 596.6379 596.6508 596.6752 596.6936 596.6906 596.7082 596.6855 596.7066 596.749 596.7741 596.794 596.814 596.8339 596.8557 596.8796 596.894 596.9142 596.9168 596.9439 596.9587 596.9734 596.9829 597.0109 597.0447 597.0594 597.0696 597.0798 597.0872 597.1078 597.1284 597.1487 597.1689 597.1891 597.2015
595.4035 595.5828 595.4153 595.201 595.4772 595.4717 596.0415 596.0558 596.0786 596.1015 596.1274 596.1647 596.1927 596.2273 596.2616 596.282 596.3026 596.3162 596.3361 596.356 596.3295 596.3426 596.363 596.3755 596.3627 596.3785 596.3895 596.4014 596.4178 596.4378 596.4468 596.4596 596.4854 596.5038 596.5007 596.5089 596.4934 596.5145 596.5666 596.5865 596.6064 596.6263 596.6462 596.6744 596.6917 596.7065 596.7267 596.7333 596.762 596.7768 596.7904 596.7947 596.8285 596.8623 596.8736 596.8838 596.894 596.8984 596.919 596.9396 596.9598 596.98 596.9991 597.0183
595.2267 595.2137 595.1267 594.921 594.843 594.6832 594.9012 595.066 595.6965 595.868 595.9345 595.9718 596.0051 596.0404 596.0718 596.0922 596.1127 596.1285 596.1484 596.1661 596.1397 596.1527 596.1732 596.1857 596.175 596.1887 596.1996 596.2115 596.2287 596.2489 596.2556 596.2684 596.2956 596.3141 596.311 596.3094 596.3013 596.333 596.379 596.3989 596.4188 596.4387 596.4598 596.4928 596.5037 596.5189 596.5392 596.56 596.5801 596.5948 596.6063 596.6122 596.646 596.6776 596.6877 596.6979 596.7083 596.7096 596.7302 596.7507 596.7709 596.7911 596.808 596.8271
595.05 595.066 594.9055 594.7933 594.6675 594.5463 594.4918 594.605 594.7863 595.077 595.124 595.6337 595.8805 595.8535 595.8819 595.9023 595.9228 595.9409 595.9608 595.9763 595.95 595.9628 595.9833 595.9958 595.9874 595.9988 596.0098 596.0217 596.0398 596.06 596.0645 596.0782 596.1058 596.1243 596.1212 596.1101 596.1091 596.1558 596.1913 596.2112 596.2312 596.2511 596.2786 596.3048 596.3157 596.3314 596.3458 596.3834 596.3982 596.4124 596.4222 596.4297 596.4636 596.4918 596.502 596.5121 596.5225 596.5208 596.5414 596.5618 596.582 596.6022 596.6168 596.636
594.8525 594.9115 594.8145 594.6235 594.479 594.376 594.3905 594.4275 594.548 594.734 594.8133 594.788 594.6953 595.0052 595.4703 595.4285 595.5673 595.7533 595.7732 595.7864 595.7601 595.773 595.7935 595.806 595.798 595.809 595.8199 595.8318 595.8509 595.8712 595.8734 595.8884 595.916 595.9345 595.9314 595.9108 595.917 595.9786 596.0037 596.0236 596.0436 596.0639 596.0974 596.1168 596.1277 596.1439 596.1536 596.2015 596.2163 596.2282 596.238 596.2473 596.2811 596.306 596.3161 596.3264 596.3368 596.332 596.3526 596.3729 596.3931 596.4133 596.4257 596.4449
594.7562 594.736 594.6405 594.527 594.3665 594.2395 594.1985 594.232 594.3207 594.4067 594.4507 594.4673 594.3983 594.2758 594.2507 594.3022 594.5405 594.817 594.91 595.4058 595.3997 595.6385 595.6115 595.6161 595.6081 595.6191 595.6301 595.642 595.662 595.6823 595.6822 595.6987 595.7263 595.7447 595.7384 595.7114 595.7398 595.7962 595.8161 595.836 595.856 595.8827 595.9161 595.9289 595.9398 595.9563 595.9803 596.0196 596.0342 596.0441 596.0539 596.0648 596.0987 596.1201 596.1303 596.1407 596.1475 596.1432 596.1638 596.184 596.2042 596.2233 596.2346 596.2537
