samples/sfe_209/sfe_209_c4/sfe_209_c4/sfe_209_c4.asc
ncols         267
nrows         135
xllcorner     98.199999999255
yllcorner     82.800000000745
cellsize      0.3
NODATA_value  -9999
[rows 56 to 83 of 135, columns 0 to 63 of 267]
603.3922 603.1053 603.0309 602.9565 602.8637 602.7877 602.7123 602.6248 602.5485 602.4507 602.3279 602.2486 602.1605 602.0715 601.9876 601.8588 601.7437 601.6606 601.5774 601.4941 601.4108 601.3275 601.2443 601.1693 601.0852 600.9971 600.9111 600.8278 600.7495 600.7234 600.6895 600.6402 600.5582 600.4761 600.3976 600.3222 600.2755 600.2352 600.2083 600.1397 600.0743 599.9705 599.8197 599.792 599.74 599.7687 599.7603 599.6953 599.5737 599.3978 599.1923 599.0015 598.9653 599.0075 599.0803 599.1573 599.1118 599.11 599.144 599.1735 599.1345 599.0255 598.8575 598.6128
603.505 602.9158 602.8414 602.767 602.6893 602.5931 602.5178 602.4315 602.3514 602.2649 602.1382 602.0391 601.9548 601.8593 601.779 601.6548 601.5265 601.4355 601.3522 601.269 601.1857 601.1024 601.0191 600.9408 600.8566 600.7725 600.686 600.6027 600.5194 600.486 600.459 600.42 600.379 600.352 600.208 600.172 600.0595 600.022 600.0212 599.9683 599.9612 599.9498 599.8702 599.8063 599.765 599.6915 599.5978 599.5135 599.3655 599.1902 599.004 598.91 598.8815 598.9308 599.04 599.1168 599.0815 599.075 599.0803 599.0623 598.995 598.8735 598.7112 598.4958
603.6179 602.7651 602.6518 602.5774 602.503 602.4015 602.3232 602.2411 602.1544 602.0781 601.9523 601.8296 601.7491 601.6536 601.5665 601.451 601.3225 601.2103 601.1271 601.0438 600.9606 600.8773 600.7939 600.7122 600.6281 600.5535 600.4275 600.4165 600.132 599.979 599.8953 599.8295 599.7438 599.7525 599.8392 599.8715 599.8265 599.795 599.7867 599.8402 599.9085 599.9003 599.819 599.717 599.574 599.4767 599.395 599.266 599.1115 599.011 598.904 598.799 598.8015 598.822 598.9332 598.9763 598.9745 598.9268 598.914 598.843 598.7888 598.6772 598.5413 598.4052
603.7308 602.6153 602.4622 602.3878 602.3134 602.2271 602.1287 602.0507 601.9602 601.881 601.7665 601.6398 601.5407 601.4479 601.3541 601.2472 601.1185 600.9902 600.902 600.8187 600.7354 600.6615 600.6345 600.2632 600.2338 600.1133 600.0687 600.1052 600.0723 599.8863 599.7562 599.6165 599.543 599.55 599.6145 599.6225 599.5925 599.5848 599.5977 599.7078 599.797 599.7717 599.6685 599.5018 599.375 599.2395 599.0995 599.036 598.9585 598.9025 598.8398 598.7805 598.7645 598.765 598.8093 598.833 598.7952 598.7603 598.737 598.6953 598.6248 598.5443 598.4575 598.3488
-9999 602.4803 602.2888 602.1982 602.1238 602.0494 601.9393 601.8588 601.7698 601.684 601.5806 601.454 601.3312 601.2422 601.1466 601.0433 600.9144 600.7861 600.6517 600.6302 600.3477 600.2368 600.107 600.014 600.0112 600.0652 600.101 600.1405 600.0095 599.8978 599.742 599.5693 599.4635 599.4375 599.4835 599.4525 599.4598 599.4345 599.5143 599.5922 599.6452 599.6155 599.5103 599.3478 599.1628 599.031 598.9175 598.9053 598.9247 598.8985 598.847 598.8138 598.7995 598.7857 598.7655 598.7518 598.6963 598.674 598.6498 598.617 598.5695 598.5178 598.4625 598.3633
-9999 602.5931 602.139 602.0087 601.9343 601.8599 601.7649 601.6642 601.5795 601.489 601.3948 601.2681 601.1414 601.0365 600.9409 600.8395 600.6705 600.5728 600.3563 600.3145 600.2407 600.155 600.0795 600.0215 600.034 600.0953 600.136 600.157 600.0208 599.8693 599.7083 599.537 599.419 599.4 599.4183 599.4495 599.4425 599.4165 599.4675 599.5607 599.5877 599.533 599.4025 599.2285 599.0378 598.881 598.8538 598.8895 598.954 598.9758 598.9432 598.918 598.8962 598.866 598.8305 598.7997 598.7475 598.7272 598.6985 598.6605 598.63 598.5943 598.558 598.4742
-9999 602.7061 601.9893 601.8191 601.7447 601.6703 601.5905 601.4771 601.3891 601.2986 601.2089 601.0823 600.9556 600.8105 600.7598 600.6313 600.4902 600.455 600.4045 600.308 600.196 600.1785 600.156 600.071 600.0815 600.0858 600.131 600.113 599.9882 599.7867 599.627 599.4205 599.3672 599.4117 599.4957 599.5335 599.5298 599.4587 599.524 599.5648 599.5858 599.479 599.3087 599.1325 598.969 598.8845 598.8715 598.965 599.0438 599.0822 599.071 599.0402 599.0198 598.97 598.955 598.9138 598.8807 598.8442 598.8165 598.771 598.7555 598.7275 598.6923 598.6508
-9999 602.8189 601.8395 601.6627 601.5552 601.4808 601.4064 601.3027 601.1987 601.1083 601.0178 600.9485 600.6155 600.454 600.6102 600.5688 600.5398 600.4965 600.3725 600.3135 600.2383 600.1948 600.16 600.1083 600.065 600.1102 600.1237 600.065 599.865 599.7028 599.5002 599.3895 599.3575 599.4565 599.6015 599.6572 599.6115 599.6058 599.6047 599.598 599.4973 599.3848 599.1987 599.0345 598.901 598.8158 598.8658 598.978 599.0853 599.135 599.1265 599.0975 599.0792 599.0358 599.0128 598.9805 598.9325 598.9167 598.9048 598.8945 598.8925 598.874 598.8385 598.7827
-9999 602.9318 601.663 601.5129 601.3656 601.2912 601.2168 601.1283 601.0295 600.8508 600.5942 600.2722 600.298 600.3273 600.4868 600.6132 600.582 600.5155 600.4215 600.3152 600.166 600.105 600.0588 600.0825 600.1235 600.126 600.1275 599.984 599.8127 599.6285 599.471 599.3303 599.349 599.475 599.6455 599.7637 599.759 599.7065 599.658 599.5415 599.4015 599.2112 599.0297 598.9023 598.797 598.7487 598.8115 598.9258 599.031 599.0643 599.051 599.0363 599.0185 598.9918 598.969 598.938 598.891 598.8878 598.8975 598.9402 598.9647 598.8853 598.8245 598.7037
-9999 603.0446 601.6813 601.3632 601.1865 601.1095 601.0825 600.7745 600.608 600.3647 600.1022 600.0848 600.1578 600.23 600.4088 600.5365 600.4888 600.443 600.315 600.1672 599.986 599.9272 599.9285 599.9763 600.0627 600.1005 600.1102 599.962 599.764 599.569 599.4109 599.28 599.3093 599.4327 599.641 599.7655 599.7515 599.7133 599.6223 599.4505 599.2515 599.057 598.8925 598.8015 598.7153 598.7065 598.7485 598.8305 598.906 598.936 598.9183 598.911 598.8962 598.8712 598.8482 598.8182 598.7672 598.7715 598.7578 598.7463 598.8528 598.8859 598.9105 598.7863
-9999 603.1575 601.7942 601.2134 600.947 600.779 600.5082 600.422 600.322 600.1115 600.014 599.938 599.9835 600.083 600.2238 600.2375 600.2703 600.2265 600.0865 599.8498 599.73 599.685 599.7183 599.8148 599.9153 600.0305 600.05 599.9485 599.7166 599.5135 599.3195 599.217 599.2292 599.3513 599.5182 599.6395 599.628 599.5867 599.4777 599.3286 599.1248 598.9415 598.8405 598.7897 598.748 598.7343 598.7552 598.7775 598.8193 598.825 598.8177 598.8408 598.8364 598.8336 598.8551 598.7087 598.6823 598.6785 598.7515 598.8585 598.9575 598.9455 598.8441 598.6993
-9999 603.2704 601.907 601.0665 600.641 600.4617 600.2705 600.2322 600.1 600.0447 599.9732 599.8967 599.8763 599.933 599.9855 599.9608 599.9742 599.9325 599.7858 599.5812 599.479 599.4592 599.5313 599.6542 599.783 599.9323 599.9797 599.869 599.6735 599.4692 599.2783 599.166 599.14 599.2185 599.3367 599.401 599.414 599.3685 599.283 599.1733 599.059 598.9467 598.902 598.8768 598.8563 598.8453 598.8303 598.8323 598.828 598.9433 598.8755 598.8431 598.7815 598.7698 598.7443 598.7095 598.6868 598.692 598.7657 598.881 598.9543 598.9238 598.7925 598.6287
-9999 603.3832 602.0199 600.9407 600.6183 600.2835 600.0503 600.0527 600.097 600.009 599.9053 599.8805 599.8098 599.7927 599.7388 599.7385 599.704 599.644 599.5472 599.422 599.3182 599.309 599.4208 599.5587 599.7072 599.8795 599.9512 599.8398 599.6415 599.43 599.2525 599.1135 599.04 599.0712 599.1695 599.2365 599.2338 599.1993 599.1355 599.1208 599.0712 599.0485 599.0173 599.0097 599.0093 599.0121 598.9715 598.9583 598.944 598.933 598.9285 598.917 598.904 598.8995 598.8755 598.8477 598.814 598.8257 598.8825 598.9637 598.9985 598.9325 598.7845 598.6039
-9999 603.4961 602.1328 600.7973 600.489 600.0873 600.0132 600.049 600.0333 600.0478 599.9487 599.8735 599.7272 599.6195 599.564 599.5007 599.4517 599.4252 599.3515 599.2557 599.2255 599.284 599.3912 599.5405 599.6848 599.8565 599.8985 599.8265 599.6248 599.4128 599.2462 599.103 599.0103 599.0025 599.0585 599.1052 599.1022 599.0668 599.0545 599.0798 599.0892 599.1306 599.1528 599.1695 599.1585 599.1417 599.1285 599.1083 599.0885 599.079 599.0755 599.0682 599.0632 599.067 599.0487 599.02 598.9977 598.9868 599.0122 599.0508 599.05 598.9487 598.7878 598.6145
-9999 603.609 602.2457 600.9009 600.57 600.0798 600.0112 599.9553 599.9943 599.958 599.778 599.721 599.6235 599.5253 599.3873 599.3135 599.2842 599.231 599.1885 599.1467 599.1905 599.3135 599.453 599.579 599.7202 599.859 599.922 599.8403 599.6622 599.4727 599.3268 599.19 599.087 599.0878 599.1198 599.1909 599.1083 599.0392 599.0445 599.0828 599.158 599.2332 599.2722 599.3038 599.3052 599.2885 599.2563 599.2005 599.1487 599.128 599.1248 599.1323 599.1563 599.1973 599.2005 599.1732 599.1403 599.1045 599.0955 599.0675 599.017 598.8795 598.7217 598.5775
-9999 603.7219 602.3585 601.0045 600.9728 600.1095 599.9035 599.8832 599.8286 599.704 599.628 599.5703 599.4863 599.431 599.34 599.252 599.2035 599.1335 599.0903 599.125 599.243 599.4008 599.5483 599.6542 599.754 599.862 599.9048 599.8433 599.7125 599.5623 599.4557 599.281 599.2721 599.2377 599.1857 599.186 599.1647 599.1285 599.1133 599.1143 599.164 599.2347 599.3 599.3635 599.3937 599.3798 599.3051 599.2023 599.1033 599.083 599.0745 599.1077 599.196 599.278 599.3063 599.271 599.1906 599.13 599.0422 598.9603 598.8752 598.7643 598.6437 598.5308
-9999 603.8347 602.4714 601.108 600.273 600.0732 599.938 599.7717 599.5967 599.5135 599.452 599.4293 599.403 599.4158 599.3905 599.3075 599.2098 599.132 599.0953 599.1378 599.2905 599.466 599.6102 599.679 599.741 599.6742 599.5919 599.4551 599.6865 599.6055 599.5357 599.4715 599.4083 599.3655 599.35 599.34 599.3163 599.2725 599.2137 599.135 599.1165 599.1525 599.2477 599.337 599.399 599.4 599.327 599.1762 599.0493 599.0015 598.9927 599.0535 599.1697 599.296 599.3328 599.2765 599.1833 599.0525 598.9205 598.8065 598.7343 598.6745 598.6017 598.5398
-9999 603.9476 602.5842 601.2209 600.2806 600.8608 599.855 599.6563 599.5355 599.434 599.3268 599.3008 599.391 599.4475 599.46 599.4045 599.2888 599.1835 599.1275 599.1617 599.2953 599.467 599.433 599.4531 599.5444 599.6658 599.6683 599.6418 599.598 599.5663 599.529 599.5015 599.479 599.4537 599.4532 599.4387 599.412 599.3748 599.2568 599.1238 599.0502 599.057 599.1578 599.277 599.3752 599.4053 599.3378 599.1827 599.0465 598.9772 598.9677 599.032 599.1892 599.3022 599.3238 599.2448 599.1138 598.9575 598.8005 598.6923 598.688 598.6852 598.676 598.638
-9999 -9999 602.6971 601.3338 600.3694 600.842 599.7667 599.6703 599.4915 599.4185 599.3385 599.3513 599.431 599.4955 599.5197 599.4578 599.3445 599.2885 599.3179 599.332 599.2493 599.387 599.489 599.5118 599.516 599.515 599.517 599.5025 599.4767 599.4678 599.4425 599.4295 599.4318 599.4243 599.434 599.4218 599.4015 599.38 599.2487 599.1102 599.0165 599.0135 599.1225 599.2573 599.3835 599.4557 599.3973 599.271 599.151 599.0773 599.0662 599.1503 599.2725 599.3545 599.3522 599.245 599.1047 598.939 598.789 598.716 598.762 598.8205 598.8452 598.8282
-9999 -9999 602.81 601.4467 600.4581 599.748 599.725 599.6772 599.6208 599.5645 599.4918 599.4758 599.5027 599.5632 599.3563 599.3616 599.3329 599.2508 599.1375 599.1095 599.1755 599.278 599.3525 599.384 599.385 599.3853 599.3928 599.3773 599.3683 599.3477 599.3245 599.3203 599.3292 599.329 599.3438 599.332 599.3137 599.2995 599.189 599.0785 599.0078 599.0375 599.1718 599.3 599.4545 599.5363 599.5187 599.4345 599.3433 599.2753 599.2618 599.3323 599.4293 599.4765 599.4338 599.3015 599.1595 598.9943 598.8652 598.8195 598.9095 599.005 599.05 599.0315
-9999 -9999 602.9229 601.5595 600.5469 599.7615 599.7135 599.73 599.7095 599.5931 599.4449 599.4219 599.584 599.6102 599.5847 599.4868 599.3668 599.2445 599.1428 599.0945 599.1445 599.2222 599.2853 599.3052 599.32 599.3203 599.3013 599.2693 599.262 599.2603 599.2435 599.2642 599.2665 599.2815 599.2955 599.2902 599.304 599.266 599.164 599.0895 599.0485 599.125 599.2343 599.3768 599.5305 599.6302 599.6517 599.6075 599.5032 599.4478 599.4345 599.4672 599.5625 599.5805 599.513 599.3962 599.2325 599.06 598.9402 598.9288 599.0347 599.1535 599.2068 599.2208
-9999 -9999 603.0357 601.6724 600.6356 599.9791 599.7075 599.6896 599.6237 599.6285 599.5568 599.5372 599.601 599.623 599.6035 599.504 599.3795 599.2797 599.1752 599.156 599.1995 599.283 599.3482 599.3922 599.3763 599.3467 599.2888 599.228 599.198 599.2235 599.2462 599.292 599.3265 599.3558 599.395 599.4005 599.3965 599.3538 599.2922 599.1832 599.1423 599.2152 599.3195 599.4585 599.6227 599.7037 599.733 599.6645 599.552 599.4943 599.5057 599.5505 599.615 599.6375 599.5985 599.4795 599.3018 599.1285 599.0058 598.988 599.0945 599.2112 599.2612 599.2552
-9999 -9999 603.1486 601.7853 600.7244 600.0679 599.7383 599.6922 599.624 599.577 599.4993 599.5265 599.5743 599.6245 599.6205 599.5415 599.4537 599.3267 599.235 599.2302 599.3253 599.4342 599.5242 599.5558 599.5258 599.4377 599.3492 599.2625 599.2628 599.2925 599.349 599.4567 599.5123 599.5915 599.5967 599.5798 599.5892 599.5515 599.477 599.3412 599.261 599.3148 599.4348 599.5865 599.7023 599.7695 599.7833 599.664 599.5325 599.487 599.4925 599.532 599.6152 599.6722 599.6295 599.5655 599.3907 599.215 599.0786 599.0367 599.1147 599.2475 599.2872 599.2668
-9999 -9999 603.2615 601.8981 600.8132 600.1566 599.8522 599.753 599.6218 599.5205 599.472 599.473 599.5432 599.6647 599.6672 599.622 599.4935 599.3795 599.3022 599.335 599.4605 599.602 599.711 599.732 599.6855 599.6113 599.4595 599.3675 599.3832 599.454 599.5438 599.6895 599.7635 599.8245 599.8113 599.7847 599.7852 599.7679 599.6462 599.492 599.435 599.4255 599.5427 599.6927 599.7982 599.851 599.8237 599.677 599.561 599.4908 599.4865 599.5342 599.6407 599.7172 599.7083 599.7758 599.606 599.4275 599.2758 599.2007 599.2692 599.6622 599.642 599.614
-9999 -9999 603.3743 602.011 600.9019 600.2454 600.0098 599.868 599.6844 599.5855 599.5515 599.553 599.665 599.7432 599.7505 599.684 599.582 599.4702 599.4142 599.4412 599.5472 599.6948 599.825 599.8325 599.7813 599.6893 599.5565 599.4822 599.5377 599.626 599.7653 599.9042 599.9725 599.9955 599.9627 599.9093 599.8965 599.8597 599.7785 599.6255 599.5425 599.5392 599.6255 599.7993 599.9017 599.9747 599.9615 599.8075 599.6472 599.801 599.7808 599.8155 599.906 599.9465 599.9345 599.9174 599.9218 599.8958 599.8687 599.8445 599.8175 599.8423 599.8792 599.9125
-9999 -9999 603.4872 602.1239 600.9907 600.3341 600.1231 600.0197 599.8967 599.8013 599.7458 599.7712 599.818 599.8737 599.9058 599.8115 599.7105 599.5887 599.4878 599.4907 599.5668 599.713 599.821 599.824 599.8165 599.7193 599.6038 599.576 599.6525 599.7648 599.9205 600.0372 600.0903 600.0997 599.9913 599.9343 599.898 599.8588 599.792 599.705 599.6205 599.6458 599.8873 600.0095 600.1185 600.1827 600.144 600.0732 600.0462 600.0791 600.1099 600.1328 600.1131 600.09 600.1216 600.1537 600.1693 600.1431 600.1161 600.1085 600.0815 600.0978 600.1346 600.1716
-9999 -9999 603.6001 602.2368 601.0794 600.4229 600.2119 600.2823 600.1405 600.0388 599.9727 600.0052 600.051 600.1183 600.0588 599.9562 599.8123 599.728 599.6097 599.557 599.625 599.738 599.7935 599.8082 599.7642 599.7233 599.6382 599.6783 599.7495 599.8715 600.0323 600.136 600.1937 600.1285 600.0008 599.876 599.861 599.8948 599.8055 599.8503 599.94 599.9425 600.2575 600.2305 600.2324 600.261 600.2905 600.3189 600.2919 600.3102 600.3411 600.3673 600.3623 600.3353 600.3581 600.3902 600.4167 600.3906 600.3635 600.3725 600.3455 600.3533 600.3901 600.4271
-9999 -9999 603.713 602.3496 601.1682 600.5117 600.3006 600.4065 600.268 600.2495 600.1895 600.2285 600.2729 600.3037 600.2488 600.1252 600.0532 599.9407 599.815 599.7965 599.7828 599.838 599.8663 599.8958 599.905 599.8325 599.7808 599.8287 599.9085 599.9922 600.1475 600.208 600.2192 600.158 600.0056 600.001 599.951 599.9172 600.2593 600.3521 600.3506 600.3747 600.402 600.4327 600.4635 600.4855 600.5151 600.5446 600.5264 600.5414 600.5721 600.6018 600.6041 600.5845 600.5945 600.6266 600.6587 600.6379 600.611 600.6358 600.6095 600.6088 600.6456 600.6825
