samples/sfe_209/sfe_209_c4/sfe_209_c4/sfe_209_c4.asc
ncols         267
nrows         135
xllcorner     98.199999999255
yllcorner     82.800000000745
cellsize      0.3
NODATA_value  -9999
[rows 56 to 83 of 135, columns 64 to 127 of 267]
598.4058 598.1735 598.0325 598.0435 598.1485 598.233 598.326 598.403 598.4265 598.3465 598.24 598.116 598.0063 597.9395 597.796 597.6525 597.438 597.3232 597.227 597.156 597.0707 596.9815 596.935 596.891 596.8748 596.8485 596.8557 596.912 597.0002 597.114 597.2117 597.2738 597.2858 597.3002 597.2742 597.205 597.1038 597.0125 596.9487 596.8867 596.7915 596.7327 596.6605 596.5807 596.4863 596.3515 596.2525 596.1333 596.0223 595.921 595.8597 595.829 595.8245 595.8748 596.0093 596.1683 596.2643 596.2582 596.176 596.0765 596.036 596.1027 596.2363 596.3287
598.299 598.0898 597.9575 597.9348 598.0075 598.1063 598.1747 598.2401 598.2388 598.251 598.2022 598.1243 598.0687 597.966 597.8533 597.6625 597.4512 597.2783 597.1583 597.0828 597.0025 596.871 596.7715 596.6855 596.633 596.595 596.6093 596.6825 596.8198 596.9835 597.1357 597.225 597.2593 597.2718 597.2178 597.1077 596.9525 596.8105 596.715 596.659 596.5912 596.519 596.459 596.3993 596.334 596.246 596.1183 596.0433 595.9572 595.8868 595.8318 595.8005 595.7952 595.8447 595.988 596.1462 596.2672 596.2883 596.238 596.1588 596.138 596.2022 596.3038 596.362
598.2385 598.0745 597.9585 597.9278 597.9425 597.989 598.015 598.0233 598.0613 598.0547 598.0505 598.042 597.9805 597.9688 597.888 597.7375 597.53 597.338 597.207 597.1265 597.001 596.8715 596.714 596.5775 596.485 596.459 596.4625 596.5358 596.6768 596.8475 597.01 597.0965 597.146 597.16 597.106 596.983 596.8312 596.6943 596.599 596.5322 596.5953 596.5471 596.5058 596.4795 596.4306 596.4097 596.3564 596.2272 596.1173 595.9865 595.9297 595.8925 595.8857 595.9252 596.0417 596.1898 596.3062 596.35 596.3265 596.2865 596.2885 596.3488 596.4175 596.4197
598.2432 598.1248 598.0313 597.9388 597.942 597.9247 597.8997 597.8718 597.8298 597.8157 597.8388 597.811 597.886 597.8945 597.875 597.7532 597.6213 597.4448 597.3132 597.2192 597.1302 596.9758 596.783 596.6135 596.5007 596.465 596.4808 596.5425 596.6407 596.7778 596.8865 596.9708 597.017 597.1289 597.155 597.0975 596.9907 596.8843 596.7934 596.7054 596.6081 596.3657 596.32 596.294 596.3 596.2935 596.2765 596.256 596.2235 596.162 596.0855 596.0333 596.0335 596.0655 596.1345 596.2338 596.3168 596.3578 596.365 596.357 596.399 596.4745 596.5242 596.4915
598.3165 598.2375 598.158 598.0853 598.017 597.9615 597.9045 597.77 597.707 597.6473 597.6553 597.7098 597.778 597.8305 597.849 597.796 597.6563 597.506 597.3735 597.287 597.1868 597.051 596.9003 596.8019 596.7599 596.8138 596.9015 596.8955 596.731 596.7997 596.873 596.929 596.9688 596.9975 597.0027 596.98 596.927 596.868 596.8068 596.7339 596.6455 596.5148 596.424 596.383 596.3953 596.4175 596.4283 596.4282 596.3985 596.3278 596.218 596.1378 596.1202 596.1357 596.175 596.2208 596.265 596.3087 596.3255 596.3522 596.417 596.5135 596.5782 596.5433
598.444 598.3785 598.3062 598.2278 598.1653 598.0942 598.0173 597.8743 597.7518 597.642 597.6105 597.655 597.721 597.7848 597.8115 597.7135 597.6125 597.4141 597.2222 597.1588 597.098 597.0275 596.9534 596.8693 596.8317 596.8255 596.8375 596.8613 596.8917 596.9295 596.9777 597.0145 597.05 597.08 597.1113 597.112 597.0973 597.063 597.0148 596.944 596.8538 596.7023 596.556 596.4835 596.481 596.4685 596.5545 596.5573 596.5082 596.3862 596.2333 596.1295 596.105 596.1155 596.1345 596.157 596.1768 596.2098 596.2498 596.2938 596.3765 596.497 596.583 596.5643
598.6042 598.5455 598.4757 598.388 598.3355 598.259 598.1758 598.0308 597.8455 597.7568 597.6956 597.7251 597.7101 597.7587 597.7805 597.6877 597.5212 597.3127 597.1305 597.0938 597.0343 596.9943 596.9763 596.9882 597.001 597.008 597.0185 597.0383 597.0805 597.1072 597.139 597.1725 597.2063 597.244 597.2762 597.2842 597.2809 597.2508 597.22 597.164 597.0447 596.8608 596.6783 596.5718 596.5625 596.5695 596.625 596.6107 596.529 596.3589 596.179 596.0547 596.026 596.0335 596.0765 596.113 596.1281 596.1462 596.1695 596.2042 596.296 596.447 596.575 596.5938
598.734 598.678 598.58 598.5493 598.4742 598.2102 598.1596 598.1001 597.9542 597.7815 597.7095 597.7225 597.7755 597.8155 597.7985 597.6722 597.4475 597.2153 597.0563 597.0285 597.0015 597.0205 597.0728 597.1298 597.1802 597.1843 597.1752 597.1782 597.2104 597.2183 597.2407 597.2708 597.3032 597.3333 597.3887 597.4037 597.418 597.4142 597.408 597.373 597.2682 597.082 596.881 596.7512 596.7292 596.73 596.7 596.6567 596.5255 596.3135 596.1138 595.9977 595.9648 595.969 595.9818 596.0153 596.041 596.0687 596.1055 596.1465 596.2457 596.406 596.5445 596.6307
598.5494 598.5432 598.6788 598.6418 598.5705 598.4595 598.342 598.1995 598.0185 597.8968 597.8675 597.8998 597.937 597.9367 597.8823 597.677 597.4072 597.1703 597.0295 597.0285 597.033 597.1152 597.2208 597.306 597.3435 597.3032 597.268 597.2275 597.2012 597.23 597.2445 597.2745 597.3052 597.363 597.3857 597.4092 597.4377 597.4765 597.5095 597.5057 597.4393 597.3102 597.1498 596.996 596.8875 596.829 596.7885 596.6797 596.509 596.271 596.0445 595.9603 595.9228 595.9163 595.9222 595.9437 595.986 596.0502 596.1072 596.193 596.3212 596.476 596.588 596.6165
598.7035 598.6603 598.6555 598.6658 598.6035 598.4772 598.3107 598.1931 598.0612 597.9957 598.0205 598.058 598.0637 598.0155 597.8875 597.647 597.3763 597.1733 597.1165 597.1282 597.1905 597.3037 597.409 597.4637 597.4327 597.3508 597.2627 597.1845 597.1225 597.1523 597.1747 597.2115 597.2845 597.2895 597.3018 597.318 597.3605 597.4622 597.5208 597.554 597.5712 597.541 597.4153 597.2425 597.0593 596.9297 596.8058 596.664 596.5123 596.3007 596.1337 596.03 595.9948 595.977 595.9635 595.978 596.0317 596.1782 596.2775 596.37 596.4653 596.5695 596.6052 596.6047
598.5988 598.5673 598.5848 598.639 598.5848 598.4276 598.251 598.0985 598.0012 597.9922 598.0782 598.1193 598.097 598.0287 597.8713 597.6218 597.384 597.2543 597.2642 597.311 597.4045 597.5287 597.6097 597.5707 597.4875 597.3415 597.2175 597.104 597.0878 597.0762 597.1188 597.1905 597.2192 597.2598 597.2368 597.2188 597.2927 597.3702 597.4585 597.5522 597.627 597.71 597.6492 597.4765 597.2573 597.1147 596.9367 596.7375 596.541 596.3972 596.3042 596.2615 596.236 596.206 596.1882 596.167 596.208 596.3073 596.4965 596.6187 596.7057 596.726 596.714 596.691
598.5085 598.4802 598.5118 598.5797 598.5325 598.366 598.181 598.013 597.927 597.9435 598.0472 598.0907 598.0507 597.9965 597.8123 597.5842 597.412 597.3878 597.4193 597.4932 597.6093 597.7335 597.7733 597.7432 597.5428 597.3505 597.1985 597.1281 597.0725 597.0883 597.1697 597.2632 597.3248 597.3333 597.2745 597.2532 597.2603 597.3215 597.4215 597.5358 597.705 597.8068 597.8235 597.709 597.4655 597.249 597.032 596.8207 596.6642 596.5862 596.5875 596.5975 596.5847 596.5465 596.4935 596.515 596.511 596.59 596.718 596.852 596.9722 596.9713 596.8568 596.766
598.49 598.4647 598.5165 598.581 598.5363 598.375 598.18 598.0058 597.906 597.917 598.0057 598.0313 598.0078 597.925 597.7598 597.5803 597.4498 597.514 597.5665 597.6522 597.7725 597.89 597.9482 597.8627 597.6415 597.4265 597.2673 597.1848 597.1865 597.2418 597.352 597.5195 597.5443 597.521 597.4385 597.3645 597.3412 597.3842 597.5137 597.6411 597.7805 597.9165 597.9463 597.8627 597.6213 597.3815 597.1647 596.979 596.8605 596.8572 596.9713 597.0675 597.0573 597.0048 596.893 596.777 596.738 596.7827 596.8985 597.051 597.113 597.14 597.0043 596.8768
598.501 598.4758 598.5262 598.6103 598.5682 598.4145 598.245 598.0625 597.933 597.912 597.9622 597.9785 597.959 597.8895 597.754 597.6147 597.5457 597.6218 597.6887 597.7733 597.888 598.016 598.0753 597.9813 597.7653 597.5585 597.3935 597.321 597.3525 597.435 597.5717 597.7322 597.7787 597.7457 597.635 597.5175 597.4755 597.499 597.642 597.7402 597.8832 598.0317 598.127 597.9982 597.769 597.5405 597.3973 597.267 597.2017 597.2418 597.3305 597.417 597.4035 597.3385 597.2012 597.0543 596.9667 596.9885 597.083 597.3345 597.6047 597.5452 597.398 597.6523
598.4863 598.4627 598.5107 598.5805 598.54 598.3937 598.2388 598.077 597.968 597.9717 597.9762 597.9615 597.9485 597.8633 597.7518 597.6775 597.7147 597.7637 597.826 597.8702 597.9647 598.0757 598.1595 598.083 597.8912 597.6998 597.5332 597.4825 597.498 597.583 597.7203 597.862 597.9265 597.8868 597.8152 597.6927 597.5952 597.6125 597.7387 597.8638 598.011 598.2895 598.3375 598.237 598.0367 597.8878 597.7375 597.9647 597.9382 597.9839 598.0565 598.0677 598.0422 597.9755 597.8488 597.7405 597.6687 597.6622 598.0515 598.0245 598.023 598 597.9598 597.9717
598.4598 598.4315 598.444 598.494 598.4493 598.3403 598.2322 598.1223 598.1068 598.1065 598.1007 598.056 598.0107 597.9147 597.8365 597.8467 597.901 597.968 597.9865 597.9783 598 598.1155 598.2208 598.1697 598.0316 597.852 597.753 597.6302 597.6172 597.6757 597.784 597.9133 597.974 597.9478 597.8775 597.7615 597.6845 597.8022 598.0775 598.1975 598.3447 598.5535 598.534 598.4747 598.441 598.4515 598.4695 598.456 598.429 598.402 598.375 598.348 598.321 598.294 598.267 598.24 598.213 598.1862 598.1791 598.2031 598.2272 598.2042 598.1653 598.1671
598.491 598.4573 598.4448 598.465 598.4167 598.3434 598.281 598.2438 598.2982 598.3672 598.344 598.3047 598.1965 598.0657 598.0015 598.0463 598.1875 598.2197 598.1801 598.0908 598.15 598.1937 598.252 598.2612 598.174 598.0427 597.8743 597.8123 597.7445 597.7598 597.8798 598.0602 598.0595 598.012 598.2347 598.2253 598.1827 598.6345 598.6075 598.6188 598.5918 598.6079 598.6351 598.6533 598.6405 598.6585 598.6765 598.6654 598.646 598.619 598.592 598.565 598.538 598.511 598.484 598.457 598.43 598.4032 598.3832 598.4073 598.4313 598.4083 598.371 598.3624
598.632 598.5992 598.545 598.5585 598.5085 598.4505 598.447 598.4655 598.5377 598.6633 598.6365 598.5728 598.442 598.2938 598.2382 598.3175 598.4505 598.4745 598.3802 598.263 598.2318 598.2733 598.3445 598.3928 598.3558 598.2115 598.2452 598.1223 598.0942 598.0885 598.5728 598.673 598.647 598.6068 598.7145 598.7363 598.7674 598.7903 598.8184 598.8464 598.8216 598.8249 598.8521 598.8703 598.8475 598.8655 598.8835 598.8724 598.863 598.836 598.809 598.782 598.755 598.728 598.701 598.674 598.647 598.6202 598.5903 598.6115 598.6355 598.6125 598.5765 598.5577
598.8245 598.795 598.7628 598.7565 598.7085 598.6702 598.6688 598.7057 598.8447 598.908 598.8845 598.7615 598.6407 598.4839 598.4617 598.6295 598.712 598.734 598.6407 598.589 598.736 598.7387 598.7833 598.8385 598.8155 598.7363 598.6522 598.679 598.8945 598.8777 598.9059 598.9312 598.9564 598.9464 598.9363 598.9675 598.9987 599.0104 599.0385 599.0665 599.0513 599.0419 599.0691 599.0873 599.0603 599.0725 599.0905 599.0793 599.08 599.053 599.026 598.999 598.972 598.945 598.918 598.891 598.864 598.8372 598.8057 598.8156 598.8397 598.8167 598.7821 598.7551
599.0325 599.0093 598.9805 598.9765 598.933 598.9067 598.91 598.9542 599.0665 599.0958 599.0223 599.12 598.9407 598.7888 599.0772 599.1688 599.1418 599.1382 599.0938 599.1461 599.1769 599.2054 599.1784 599.1514 599.1244 599.0976 599.0714 599.0547 599.0891 599.1235 599.1417 599.1672 599.1924 599.1921 599.1676 599.1988 599.23 599.2321 599.2585 599.2865 599.2811 599.2589 599.2861 599.3043 599.2773 599.2795 599.2975 599.2862 599.297 599.27 599.243 599.216 599.189 599.162 599.135 599.108 599.081 599.0542 599.0212 599.0198 599.0438 599.0208 598.9877 598.9607
599.2043 599.1763 599.1455 599.1697 599.1445 599.2073 599.2005 599.2245 599.366 599.4392 599.383 599.356 599.3547 599.3387 599.3386 599.3702 599.4018 599.3943 599.3698 599.3775 599.4083 599.4391 599.4242 599.3972 599.3702 599.3433 599.3171 599.3148 599.335 599.3694 599.3749 599.4033 599.4285 599.4379 599.411 599.4301 599.4612 599.4548 599.4786 599.5066 599.5109 599.4839 599.5031 599.5213 599.4943 599.4865 599.5045 599.4931 599.5115 599.487 599.46 599.433 599.406 599.379 599.352 599.325 599.298 599.2712 599.2368 599.2239 599.2479 599.225 599.1932 599.1663
599.2673 599.2393 599.2222 599.2983 599.428 599.5005 599.4945 599.4863 599.4855 599.4797 599.5387 599.5632 599.5877 599.5862 599.5715 599.603 599.6346 599.6273 599.6172 599.6088 599.6397 599.6705 599.67 599.6431 599.616 599.5891 599.5628 599.577 599.5807 599.6152 599.6136 599.6393 599.6645 599.6838 599.6568 599.6613 599.6925 599.6775 599.6994 599.7266 599.7407 599.7136 599.7201 599.7383 599.7113 599.6935 599.7115 599.7001 599.7184 599.704 599.677 599.65 599.623 599.596 599.569 599.542 599.515 599.4882 599.4523 599.4281 599.4521 599.4291 599.3989 599.3718
599.4115 599.4585 599.4465 599.4915 599.5583 599.5831 599.6179 599.6528 599.6567 599.7044 599.7716 599.7961 599.8206 599.8337 599.8068 599.8359 599.8675 599.8602 599.8647 599.8402 599.871 599.9019 599.9158 599.8889 599.8619 599.8348 599.8085 599.833 599.8265 599.861 599.8583 599.8726 599.9005 599.9258 599.9026 599.8926 599.9238 599.9069 599.9221 599.9467 599.9704 599.9434 599.9371 599.9553 599.9283 599.9014 599.9185 599.907 599.9253 599.921 599.894 599.867 599.84 599.813 599.786 599.759 599.732 599.7052 599.6677 599.6407 599.6563 599.6333 599.6044 599.5774
599.6655 599.6917 599.7286 599.7207 599.7735 599.8278 599.8654 599.9003 599.9042 599.9291 600.011 600.0291 600.0536 600.0812 600.0543 600.0687 600.1003 600.0931 600.1122 600.0788 600.1024 600.1332 600.1617 600.1347 600.1077 600.0807 600.0542 600.0787 600.0744 600.1068 600.1058 600.1058 600.1365 600.1618 600.1484 600.1238 600.155 600.1382 600.1448 600.1668 600.1948 600.1732 600.1541 600.1723 600.1453 600.1183 600.1255 600.1139 600.1323 600.138 600.111 600.084 600.057 600.03 600.003 599.976 599.949 599.9222 599.8832 599.8563 599.8604 599.8375 599.81 599.783
599.9103 599.9472 599.9841 599.9805 600.0158 600.0701 600.1129 600.1478 600.1517 600.1597 600.2393 600.262 600.2865 600.3167 600.3018 600.3016 600.3332 600.3261 600.3573 600.3265 600.3337 600.3646 600.3954 600.3805 600.3535 600.3265 600.2999 600.3245 600.3366 600.3526 600.3533 600.339 600.3702 600.3978 600.3942 600.3672 600.3863 600.3696 600.3676 600.3895 600.4148 600.4029 600.3759 600.3893 600.3623 600.3353 600.3325 600.3208 600.3392 600.355 600.328 600.301 600.274 600.247 600.22 600.193 600.166 600.1385 600.0988 600.0717 600.0646 600.0425 600.0156 599.9886
600.1658 600.2027 600.2396 600.2445 600.2596 600.3124 600.3605 600.3953 600.3992 600.4017 600.4641 600.4949 600.5195 600.5496 600.5493 600.5344 600.566 600.559 600.5903 600.5775 600.5651 600.5959 600.6268 600.6263 600.5993 600.5723 600.5457 600.5702 600.5988 600.5984 600.6008 600.5721 600.6035 600.6338 600.64 600.613 600.6176 600.6007 600.5903 600.6122 600.6349 600.6327 600.6057 600.6063 600.5793 600.5523 600.5396 600.5278 600.5461 600.5644 600.545 600.518 600.491 600.464 600.437 600.41 600.383 600.354 600.3143 600.2872 600.2687 600.2481 600.2211 600.1942
600.4213 600.4582 600.4951 600.5085 600.511 600.5547 600.608 600.6428 600.6467 600.6437 600.6888 600.7279 600.7524 600.7825 600.7968 600.7697 600.7989 600.792 600.8232 600.8278 600.7964 600.8273 600.8582 600.8721 600.8451 600.8181 600.7914 600.8159 600.8507 600.8442 600.848 600.8072 600.8367 600.8679 600.8858 600.8589 600.8488 600.8319 600.813 600.835 600.8569 600.8624 600.8354 600.8233 600.7963 600.7693 600.7465 600.7347 600.753 600.7714 600.762 600.735 600.708 600.681 600.654 600.627 600.6 600.5695 600.5297 600.5027 600.4757 600.4537 600.4268 600.3997
600.6775 600.7137 600.7505 600.7725 600.7623 600.7986 600.8513 600.8903 600.8942 600.8857 600.9193 600.9673 600.9854 601.0154 601.0443 601.0173 601.0317 601.0249 601.0562 601.0753 601.035 601.0587 601.0895 601.1179 601.0909 601.0639 601.0371 601.0616 601.0964 601.0962 601.0938 601.0513 601.0698 601.1011 601.1311 601.1047 601.0801 601.0631 601.0367 601.0577 601.0796 601.0922 601.0652 601.0403 601.0133 600.9863 600.9594 600.9416 600.9373 600.9109 600.884 600.8564 600.8284 600.8005 600.7725 600.7448 600.7178 600.6866 600.6469 600.6199 600.5929 600.5659 600.5389 600.512
