samples/sfe_2248/sfe_2248_c3/sfe_2248_c3/sfe_2248_c3.asc
ncols         187
nrows         82
xllcorner     100
yllcorner     83.60000000149
cellsize      0.4
NODATA_value  -9999
[rows 0 to 29 of 82, columns 66 to 131 of 187]
604.751 604.746 604.741 604.736 604.731 604.726 604.721 604.716 604.711 604.706 604.701 604.695 604.69 604.685 604.68 604.675 604.67 604.665 604.66 604.655 604.65 604.645 604.64 604.635 604.63 604.624 604.619 604.614 604.609 604.604 604.599 604.594 604.589 604.584 604.579 604.574 604.569 604.564 604.559 604.553 604.548 604.543 604.538 604.533 604.528 604.523 604.518 604.513 604.508 604.503 604.498 604.493 604.488 604.482 604.477 604.472 604.467 604.462 604.457 604.452 604.447 604.442 604.437 604.432 604.427 604.422
604.711 604.706 604.701 604.696 604.691 604.686 604.681 604.676 604.671 604.666 604.661 604.655 604.65 604.645 604.64 604.635 604.63 604.625 604.62 604.615 604.61 604.605 604.6 604.595 604.59 604.584 604.579 604.574 604.569 604.564 604.559 604.554 604.549 604.544 604.539 604.534 604.529 604.524 604.519 604.513 604.508 604.503 604.498 604.493 604.488 604.483 604.478 604.473 604.468 604.463 604.458 604.453 604.448 604.442 604.437 604.432 604.427 604.422 604.417 604.412 604.407 604.402 604.397 604.392 604.387 604.382
604.671 604.666 604.661 604.656 604.651 604.646 604.6411 604.636 604.631 604.626 604.621 604.6151 604.61 604.605 604.6 604.595 604.59 604.585 604.58 604.575 604.57 604.565 604.56 604.5551 604.55 604.544 604.539 604.534 604.5291 604.524 604.519 604.514 604.509 604.504 604.499 604.494 604.489 604.484 604.479 604.473 604.468 604.463 604.458 604.453 604.448 604.4431 604.438 604.433 604.428 604.423 604.418 604.413 604.408 604.402 604.397 604.392 604.387 604.382 604.377 604.372 604.367 604.362 604.357 604.3521 604.347 604.342
604.631 604.626 604.621 604.616 604.611 604.606 604.601 604.596 604.591 604.586 604.581 604.575 604.57 604.565 604.56 604.555 604.55 604.545 604.54 604.535 604.53 604.525 604.52 604.515 604.51 604.504 604.499 604.494 604.489 604.484 604.479 604.474 604.469 604.464 604.459 604.454 604.449 604.444 604.439 604.433 604.428 604.423 604.418 604.413 604.408 604.403 604.398 604.393 604.388 604.383 604.378 604.373 604.368 604.362 604.357 604.352 604.347 604.342 604.337 604.332 604.327 604.322 604.317 604.312 604.307 604.302
604.591 604.586 604.581 604.576 604.571 604.566 604.561 604.556 604.551 604.546 604.541 604.535 604.53 604.525 604.52 604.515 604.51 604.505 604.5 604.495 604.49 604.485 604.48 604.475 604.47 604.464 604.459 604.454 604.449 604.444 604.439 604.434 604.429 604.424 604.419 604.414 604.409 604.404 604.399 604.393 604.388 604.383 604.378 604.373 604.368 604.363 604.358 604.353 604.348 604.343 604.338 604.333 604.328 604.322 604.317 604.312 604.307 604.302 604.297 604.292 604.287 604.282 604.277 604.272 604.267 604.262
604.551 604.546 604.541 604.536 604.531 604.526 604.5211 604.5161 604.511 604.506 604.501 604.4951 604.4901 604.485 604.48 604.475 604.47 604.465 604.46 604.455 604.45 604.445 604.44 604.4351 604.4301 604.424 604.419 604.414 604.4091 604.4041 604.399 604.394 604.389 604.384 604.379 604.374 604.369 604.364 604.359 604.353 604.348 604.343 604.338 604.333 604.328 604.3231 604.3181 604.313 604.308 604.303 604.298 604.293 604.288 604.282 604.277 604.272 604.267 604.262 604.257 604.252 604.247 604.242 604.237 604.2321 604.2271 604.222
604.511 604.506 604.501 604.496 604.491 604.486 604.481 604.476 604.471 604.466 604.461 604.455 604.45 604.445 604.44 604.435 604.43 604.425 604.42 604.415 604.41 604.405 604.4 604.395 604.39 604.384 604.379 604.374 604.369 604.364 604.359 604.354 604.349 604.344 604.339 604.334 604.329 604.324 604.319 604.313 604.308 604.303 604.298 604.293 604.288 604.283 604.278 604.273 604.268 604.263 604.258 604.253 604.248 604.242 604.237 604.232 604.227 604.222 604.217 604.212 604.207 604.202 604.197 604.192 604.187 604.182
604.471 604.466 604.461 604.456 604.451 604.446 604.441 604.436 604.431 604.426 604.421 604.415 604.41 604.405 604.4 604.395 604.39 604.385 604.38 604.375 604.37 604.365 604.36 604.355 604.35 604.344 604.339 604.334 604.329 604.324 604.319 604.314 604.309 604.304 604.299 604.294 604.289 604.284 604.279 604.273 604.268 604.263 604.258 604.253 604.248 604.243 604.238 604.233 604.228 604.223 604.218 604.213 604.208 604.202 604.197 604.192 604.187 604.182 604.177 604.172 604.167 604.162 604.157 604.152 604.147 604.142
604.431 604.426 604.421 604.416 604.4109 604.4059 604.401 604.396 604.391 604.386 604.381 604.375 604.37 604.365 604.36 604.355 604.35 604.345 604.34 604.335 604.33 604.325 604.3199 604.315 604.31 604.304 604.299 604.2939 604.289 604.284 604.279 604.274 604.269 604.264 604.259 604.254 604.249 604.244 604.239 604.233 604.228 604.223 604.218 604.213 604.2079 604.203 604.198 604.193 604.188 604.183 604.178 604.173 604.168 604.162 604.157 604.152 604.147 604.142 604.137 604.132 604.127 604.1219 604.1169 604.112 604.107 604.102
604.391 604.386 604.381 604.376 604.371 604.366 604.361 604.356 604.351 604.346 604.341 604.335 604.33 604.325 604.32 604.315 604.31 604.305 604.3 604.295 604.29 604.285 604.28 604.275 604.27 604.264 604.259 604.254 604.249 604.244 604.239 604.234 604.229 604.224 604.219 604.214 604.209 604.204 604.199 604.193 604.188 604.183 604.178 604.173 604.168 604.163 604.158 604.153 604.148 604.143 604.138 604.133 604.128 604.122 604.117 604.112 604.107 604.102 604.097 604.092 604.087 604.082 604.077 604.072 604.067 604.062
604.351 604.346 604.341 604.336 604.331 604.326 604.321 604.316 604.311 604.306 604.301 604.295 604.29 604.285 604.28 604.275 604.27 604.265 604.26 604.255 604.25 604.245 604.24 604.235 604.23 604.224 604.219 604.214 604.209 604.204 604.199 604.194 604.189 604.184 604.179 604.174 604.169 604.164 604.159 604.153 604.148 604.143 604.138 604.133 604.128 604.123 604.118 604.113 604.108 604.103 604.098 604.093 604.088 604.082 604.077 604.072 604.067 604.062 604.057 604.052 604.047 604.042 604.037 604.032 604.027 604.022
604.311 604.306 604.301 604.296 604.291 604.2859 604.281 604.276 604.271 604.266 604.261 604.255 604.25 604.245 604.24 604.235 604.23 604.225 604.22 604.215 604.21 604.205 604.2 604.195 604.19 604.184 604.179 604.174 604.169 604.164 604.159 604.154 604.149 604.144 604.139 604.134 604.129 604.124 604.119 604.113 604.108 604.103 604.098 604.093 604.088 604.083 604.078 604.073 604.068 604.063 604.058 604.053 604.048 604.042 604.037 604.032 604.027 604.022 604.017 604.012 604.007 604.002 603.9969 603.992 603.987 603.982
604.271 604.266 604.261 604.256 604.251 604.246 604.241 604.236 604.231 604.226 604.221 604.215 604.21 604.205 604.2 604.195 604.19 604.185 604.18 604.175 604.17 604.165 604.16 604.155 604.15 604.144 604.139 604.134 604.129 604.124 604.119 604.114 604.109 604.104 604.099 604.094 604.089 604.084 604.079 604.073 604.068 604.063 604.058 604.053 604.048 604.043 604.038 604.033 604.028 604.023 604.018 604.013 604.008 604.002 603.997 603.992 603.987 603.982 603.977 603.972 603.967 603.962 603.957 603.952 603.947 603.942
604.231 604.226 604.221 604.216 604.211 604.206 604.201 604.196 604.191 604.186 604.181 604.175 604.17 604.165 604.16 604.155 604.15 604.145 604.14 604.135 604.13 604.125 604.12 604.1151 604.11 604.104 604.099 604.094 604.0891 604.084 604.079 604.074 604.069 604.064 604.059 604.054 604.049 604.044 604.039 604.033 604.028 604.023 604.018 604.013 604.008 604.0031 603.998 603.993 603.988 603.983 603.978 603.973 603.968 603.962 603.957 603.952 603.947 603.942 603.937 603.932 603.927 603.922 603.917 603.912 603.907 603.902
604.191 604.186 604.181 604.176 604.171 604.166 604.161 604.156 604.151 604.146 604.141 604.135 604.13 604.125 604.12 604.115 604.11 604.105 604.1 604.095 604.09 604.085 604.08 604.075 604.07 604.064 604.059 604.054 604.049 604.044 604.039 604.034 604.029 604.024 604.019 604.014 604.009 604.004 603.999 603.993 603.988 603.983 603.978 603.973 603.968 603.963 603.958 603.953 603.948 603.943 603.938 603.933 603.928 603.922 603.917 603.912 603.907 603.902 603.897 603.892 603.887 603.882 603.877 603.872 603.867 603.862
604.151 604.146 604.141 604.136 604.131 604.126 604.121 604.116 604.111 604.106 604.101 604.095 604.09 604.085 604.08 604.075 604.07 604.065 604.06 604.055 604.05 604.045 604.04 604.035 604.03 604.024 604.019 604.014 604.009 604.004 603.999 603.994 603.989 603.984 603.979 603.974 603.969 603.964 603.959 603.953 603.948 603.943 603.938 603.933 603.928 603.923 603.918 603.913 603.908 603.903 603.898 603.893 603.888 603.882 603.877 603.872 603.867 603.862 603.857 603.852 603.847 603.842 603.837 603.832 603.827 603.822
604.111 604.106 604.101 604.096 604.091 604.086 604.0811 604.076 604.071 604.066 604.061 604.0551 604.05 604.045 604.04 604.035 604.03 604.025 604.02 604.015 604.01 604.005 604 603.9951 603.9901 603.984 603.979 603.974 603.9691 603.9641 603.959 603.954 603.949 603.944 603.939 603.934 603.929 603.924 603.919 603.913 603.908 603.903 603.898 603.893 603.888 603.8831 603.8781 603.873 603.868 603.863 603.858 603.853 603.848 603.842 603.837 603.832 603.827 603.822 603.817 603.812 603.807 603.802 603.797 603.7921 603.787 603.782
604.071 604.066 604.061 604.056 604.051 604.046 604.041 604.036 604.031 604.026 604.021 604.015 604.01 604.005 604 603.995 603.99 603.985 603.98 603.975 603.97 603.965 603.96 603.955 603.95 603.944 603.939 603.934 603.929 603.924 603.919 603.914 603.909 603.904 603.899 603.894 603.889 603.884 603.879 603.873 603.868 603.863 603.858 603.853 603.848 603.843 603.838 603.833 603.828 603.823 603.818 603.813 603.808 603.802 603.797 603.792 603.787 603.782 603.777 603.772 603.767 603.762 603.757 603.752 603.747 603.742
604.031 604.026 604.021 604.016 604.011 604.006 604.001 603.996 603.991 603.986 603.981 603.975 603.97 603.965 603.96 603.955 603.95 603.945 603.94 603.935 603.93 603.925 603.92 603.915 603.91 603.904 603.899 603.894 603.889 603.884 603.879 603.874 603.869 603.864 603.859 603.854 603.849 603.844 603.839 603.833 603.828 603.823 603.818 603.813 603.808 603.803 603.798 603.793 603.788 603.783 603.778 603.773 603.768 603.762 603.757 603.752 603.747 603.742 603.737 603.732 603.727 603.722 603.717 603.712 603.707 603.702
603.991 603.986 603.981 603.976 603.9709 603.9659 603.961 603.956 603.951 603.946 603.941 603.935 603.93 603.925 603.92 603.915 603.91 603.905 603.9 603.895 603.89 603.8849 603.8799 603.875 603.87 603.864 603.8589 603.8539 603.849 603.844 603.839 603.834 603.829 603.824 603.819 603.814 603.809 603.804 603.799 603.793 603.788 603.783 603.778 603.7729 603.7679 603.763 603.758 603.753 603.748 603.743 603.738 603.733 603.728 603.722 603.717 603.712 603.707 603.702 603.697 603.692 603.687 603.6819 603.6769 603.672 603.667 603.662
603.951 603.946 603.941 603.936 603.931 603.926 603.921 603.916 603.911 603.906 603.901 603.895 603.89 603.885 603.88 603.875 603.87 603.865 603.86 603.855 603.85 603.845 603.84 603.835 603.83 603.824 603.819 603.814 603.809 603.804 603.799 603.794 603.789 603.784 603.779 603.774 603.769 603.764 603.759 603.753 603.748 603.743 603.738 603.733 603.728 603.723 603.718 603.713 603.708 603.703 603.698 603.693 603.688 603.682 603.677 603.672 603.667 603.662 603.657 603.652 603.647 603.642 603.637 603.632 603.627 603.622
603.911 603.906 603.901 603.896 603.891 603.886 603.881 603.876 603.871 603.866 603.861 603.855 603.85 603.845 603.84 603.835 603.83 603.825 603.82 603.815 603.81 603.805 603.8 603.795 603.79 603.784 603.779 603.774 603.769 603.764 603.759 603.754 603.749 603.744 603.739 603.734 603.729 603.724 603.719 603.713 603.708 603.703 603.698 603.693 603.688 603.683 603.678 603.673 603.668 603.663 603.658 603.653 603.648 603.642 603.637 603.632 603.627 603.622 603.617 603.612 603.607 603.602 603.597 603.592 603.587 603.582
603.871 603.866 603.861 603.856 603.851 603.8459 603.841 603.836 603.831 603.826 603.821 603.815 603.81 603.805 603.8 603.795 603.79 603.785 603.78 603.775 603.77 603.765 603.7599 603.755 603.75 603.744 603.739 603.7339 603.729 603.724 603.719 603.714 603.709 603.704 603.699 603.694 603.689 603.684 603.679 603.673 603.668 603.663 603.658 603.653 603.6479 603.643 603.638 603.633 603.628 603.623 603.618 603.613 603.608 603.602 603.597 603.592 603.587 603.582 603.577 603.572 603.567 603.562 603.5569 603.552 603.547 603.542
603.831 603.826 603.821 603.816 603.811 603.806 603.801 603.796 603.791 603.786 603.781 603.775 603.77 603.765 603.76 603.755 603.75 603.745 603.74 603.735 603.73 603.725 603.72 603.715 603.71 603.704 603.699 603.694 603.689 603.684 603.679 603.674 603.669 603.664 603.659 603.654 603.649 603.644 603.639 603.633 603.628 603.623 603.618 603.613 603.608 603.603 603.598 603.593 603.588 603.583 603.578 603.573 603.568 603.562 603.557 603.552 603.547 603.542 603.537 603.532 603.527 603.522 603.517 603.512 603.507 603.502
603.791 603.786 603.781 603.776 603.771 603.766 603.761 603.756 603.751 603.746 603.741 603.735 603.73 603.725 603.72 603.715 603.71 603.705 603.7 603.695 603.69 603.685 603.68 603.675 603.67 603.664 603.659 603.654 603.649 603.644 603.639 603.634 603.629 603.624 603.619 603.614 603.609 603.604 603.599 603.593 603.588 603.583 603.578 603.573 603.568 603.563 603.558 603.553 603.548 603.543 603.538 603.533 603.528 603.522 603.517 603.512 603.507 603.502 603.497 603.492 603.487 603.482 603.477 603.472 603.467 603.462
603.5743 603.5693 603.5643 603.5593 603.5543 603.5493 603.5444 603.5394 603.5344 603.5294 603.5244 603.5184 603.5134 603.5084 603.5034 603.4984 603.4933 603.4883 603.4833 603.4783 603.4733 603.4683 603.4633 603.4584 603.4534 603.4473 603.4423 603.4373 603.4324 603.4274 603.4224 603.4174 603.4124 603.4073 603.4023 603.3973 603.3923 603.3873 603.3823 603.3763 603.3713 603.3663 603.3613 603.3563 603.3513 603.3464 603.3414 603.3364 603.3314 603.3264 603.3214 603.3163 603.3113 603.3054 603.3004 603.2953 603.2903 603.2853 603.2803 603.2753 603.2703 603.2653 603.2603 603.2554 603.2504 603.2454
603.181 603.176 603.171 603.166 603.161 603.156 603.151 603.146 603.141 603.136 603.131 603.125 603.12 603.115 603.11 603.105 603.1 603.095 603.09 603.085 603.08 603.075 603.07 603.065 603.06 603.054 603.049 603.044 603.039 603.034 603.029 603.024 603.019 603.014 603.009 603.004 602.999 602.994 602.989 602.983 602.978 602.973 602.968 602.963 602.958 602.953 602.948 602.943 602.938 602.933 602.928 602.923 602.918 602.912 602.907 602.902 602.897 602.892 602.887 602.882 602.877 602.872 602.867 602.862 602.857 602.852
602.7877 602.7827 602.7776 602.7726 602.7676 602.7626 602.7577 602.7527 602.7477 602.7427 602.7377 602.7317 602.7267 602.7217 602.7167 602.7117 602.7067 602.7017 602.6967 602.6917 602.6866 602.6816 602.6766 602.6717 602.6667 602.6606 602.6556 602.6506 602.6457 602.6407 602.6357 602.6307 602.6257 602.6207 602.6157 602.6107 602.6057 602.6006 602.5956 602.5897 602.5847 602.5797 602.5746 602.5696 602.5646 602.5597 602.5547 602.5497 602.5447 602.5397 602.5347 602.5297 602.5247 602.5187 602.5137 602.5087 602.5037 602.4987 602.4937 602.4886 602.4836 602.4786 602.4736 602.4687 602.4637 602.4587
602.3943 602.3893 602.3843 602.3793 602.3743 602.3693 602.3644 602.3594 602.3544 602.3494 602.3444 602.3384 602.3334 602.3284 602.3234 602.3184 602.3134 602.3083 602.3033 602.2983 602.2933 602.2883 602.2833 602.2784 602.2734 602.2673 602.2623 602.2573 602.2524 602.2474 602.2424 602.2374 602.2324 602.2274 602.2224 602.2173 602.2123 602.2073 602.2023 602.1964 602.1913 602.1863 602.1813 602.1763 602.1713 602.1664 602.1614 602.1564 602.1514 602.1464 602.1414 602.1364 602.1313 602.1254 602.1204 602.1154 602.1104 602.1053 602.1003 602.0953 602.0903 602.0853 602.0803 602.0754 602.0704 602.0654
602.001 601.996 601.991 601.986 601.981 601.976 601.971 601.966 601.961 601.956 601.951 601.945 601.94 601.935 601.93 601.925 601.92 601.915 601.91 601.905 601.9 601.895 601.89 601.885 601.88 601.874 601.869 601.864 601.859 601.854 601.849 601.844 601.839 601.834 601.829 601.824 601.819 601.814 601.809 601.803 601.798 601.793 601.788 601.783 601.778 601.773 601.768 601.763 601.758 601.753 601.748 601.743 601.738 601.732 601.727 601.722 601.717 601.712 601.707 601.702 601.697 601.692 601.687 601.682 601.677 601.672
