samples/sfe_2248/sfe_2248_c3/sfe_2248_c3/sfe_2248_c3.asc
ncols         187
nrows         82
xllcorner     100
yllcorner     83.60000000149
cellsize      0.4
NODATA_value  -9999
[rows 30 to 59 of 82, columns 0 to 65 of 187]
601.9427 601.9377 601.9327 601.9277 601.9227 601.9177 601.9127 601.9077 601.9017 601.8967 601.8917 601.8867 601.8817 601.8767 601.8717 601.8667 601.8617 601.8567 601.8517 601.8467 601.8417 601.8367 601.8307 601.8257 601.8207 601.8157 601.8107 601.8057 601.8007 601.7957 601.7907 601.7857 601.7807 601.7757 601.7707 601.7657 601.7597 601.7547 601.7497 601.7447 601.7397 601.7347 601.7297 601.7247 601.7197 601.7147 601.7097 601.7047 601.6997 601.6947 601.6887 601.6837 601.6787 601.6737 601.6687 601.6637 601.6587 601.6537 601.6487 601.6437 601.6387 601.6337 601.6287 601.6237 601.6177 601.6127
601.5493 601.5443 601.5393 601.5343 601.5293 601.5243 601.5193 601.5143 601.5083 601.5033 601.4983 601.4933 601.4883 601.4833 601.4783 601.4733 601.4683 601.4633 601.4583 601.4533 601.4483 601.4433 601.4373 601.4323 601.4273 601.4223 601.4173 601.4123 601.4073 601.4023 601.3973 601.3923 601.3873 601.3823 601.3773 601.3723 601.3663 601.3613 601.3563 601.3513 601.3463 601.3413 601.3363 601.3313 601.3263 601.3213 601.3163 601.3113 601.3063 601.3013 601.2953 601.2903 601.2853 601.2803 601.2753 601.2703 601.2653 601.2603 601.2553 601.2503 601.2453 601.2403 601.2353 601.2303 601.2243 601.2193
601.156 601.151 601.146 601.141 601.136 601.131 601.126 601.121 601.115 601.11 601.105 601.1 601.095 601.09 601.085 601.08 601.075 601.07 601.065 601.06 601.055 601.05 601.044 601.039 601.034 601.029 601.024 601.019 601.014 601.009 601.004 600.999 600.994 600.989 600.984 600.979 600.973 600.968 600.963 600.958 600.953 600.948 600.943 600.938 600.933 600.928 600.923 600.918 600.913 600.908 600.902 600.897 600.892 600.887 600.882 600.877 600.872 600.867 600.862 600.857 600.852 600.847 600.842 600.837 600.831 600.826
600.951 600.94 600.93 600.92 600.909 600.899 600.889 600.88 600.87 600.861 600.851 600.842 600.832 600.823 600.814 600.804 600.795 600.785 600.776 600.766 600.757 600.747 600.737 600.727 600.718 600.708 600.698 600.688 600.678 600.668 600.658 600.648 600.639 600.629 600.619 600.609 600.598 600.588 600.578 600.568 600.558 600.548 600.538 600.528 600.518 600.508 600.498 600.488 600.478 600.468 600.458 600.447 600.437 600.427 600.417 600.406 600.396 600.385 600.374 600.363 600.352 600.341 600.33 600.319 600.308 600.296
600.686 600.675 600.664 600.653 600.643 600.633 600.623 600.614 600.605 600.597 600.588 600.58 600.571 600.563 600.554 600.546 600.537 600.529 600.52 600.511 600.502 600.493 600.484 600.475 600.466 600.456 600.447 600.437 600.428 600.418 600.409 600.399 600.389 600.379 600.37 600.36 600.35 600.34 600.33 600.32 600.31 600.3 600.29 600.28 600.27 600.26 600.25 600.24 600.23 600.22 600.21 600.2 600.19 600.179 600.169 600.158 600.147 600.136 600.124 600.112 600.1 600.088 600.076 600.063 600.05 600.037
600.459 600.447 600.436 600.425 600.415 600.405 600.396 600.387 600.379 600.371 600.363 600.355 600.348 600.34 600.333 600.325 600.318 600.31 600.302 600.294 600.285 600.277 600.268 600.259 600.25 600.241 600.232 600.223 600.214 600.205 600.195 600.186 600.176 600.167 600.157 600.147 600.137 600.128 600.118 600.108 600.098 600.088 600.078 600.068 600.059 600.049 600.039 600.029 600.019 600.009 599.999 599.989 599.978 599.968 599.957 599.946 599.935 599.923 599.911 599.898 599.885 599.872 599.858 599.844 599.83 599.816
600.334 600.322 600.31 600.299 600.289 600.279 600.27 600.262 600.254 600.246 600.239 600.231 600.224 600.217 600.21 600.203 600.196 600.189 600.181 600.173 600.165 600.157 600.149 600.14 600.131 600.123 600.114 600.105 600.096 600.086 600.077 600.068 600.058 600.049 600.039 600.03 600.02 600.01 600 599.991 599.981 599.971 599.961 599.951 599.941 599.932 599.922 599.912 599.902 599.892 599.882 599.872 599.862 599.851 599.84 599.829 599.817 599.805 599.792 599.779 599.766 599.752 599.738 599.723 599.708 599.693
600.185 600.172 600.16 600.149 600.139 600.129 600.12 600.112 600.104 600.097 600.09 600.084 600.077 600.071 600.064 600.058 600.051 600.044 600.037 600.029 600.022 600.014 600.006 599.998 599.989 599.981 599.972 599.963 599.954 599.945 599.936 599.927 599.918 599.908 599.899 599.889 599.88 599.87 599.86 599.851 599.841 599.831 599.821 599.812 599.802 599.792 599.782 599.772 599.763 599.753 599.743 599.733 599.722 599.711 599.7 599.689 599.677 599.664 599.651 599.638 599.624 599.609 599.594 599.579 599.563 599.547
600.074 600.061 600.049 600.037 600.027 600.018 600.009 600.001 599.994 599.987 599.98 599.974 599.968 599.962 599.956 599.95 599.943 599.937 599.93 599.923 599.916 599.908 599.9 599.892 599.884 599.876 599.867 599.858 599.85 599.841 599.832 599.823 599.814 599.804 599.795 599.785 599.776 599.766 599.757 599.747 599.737 599.727 599.718 599.708 599.698 599.688 599.679 599.669 599.659 599.649 599.639 599.629 599.619 599.608 599.597 599.585 599.573 599.56 599.547 599.533 599.518 599.503 599.488 599.472 599.455 599.439
600.026 600.013 600 599.989 599.979 599.969 599.961 599.953 599.946 599.939 599.932 599.926 599.92 599.915 599.909 599.903 599.897 599.89 599.883 599.877 599.869 599.862 599.854 599.846 599.838 599.83 599.822 599.813 599.804 599.795 599.786 599.777 599.768 599.759 599.75 599.74 599.731 599.721 599.711 599.702 599.692 599.682 599.673 599.663 599.653 599.643 599.634 599.624 599.614 599.604 599.594 599.584 599.574 599.563 599.552 599.54 599.528 599.515 599.501 599.487 599.473 599.457 599.441 599.425 599.409 599.392
599.992 599.979 599.966 599.955 599.945 599.935 599.927 599.919 599.912 599.905 599.899 599.893 599.887 599.882 599.876 599.87 599.864 599.858 599.851 599.844 599.837 599.83 599.822 599.814 599.806 599.798 599.79 599.781 599.772 599.764 599.755 599.746 599.737 599.727 599.718 599.709 599.699 599.69 599.68 599.67 599.66 599.651 599.641 599.631 599.622 599.612 599.602 599.593 599.583 599.573 599.563 599.553 599.542 599.531 599.52 599.508 599.496 599.483 599.47 599.455 599.44 599.425 599.409 599.393 599.376 599.359
599.992 599.979 599.966 599.955 599.945 599.935 599.927 599.919 599.912 599.905 599.899 599.893 599.887 599.882 599.876 599.87 599.864 599.858 599.851 599.844 599.837 599.83 599.822 599.814 599.806 599.798 599.79 599.781 599.772 599.764 599.755 599.746 599.737 599.727 599.718 599.709 599.699 599.69 599.68 599.67 599.66 599.651 599.641 599.631 599.622 599.612 599.602 599.593 599.583 599.573 599.563 599.553 599.542 599.531 599.52 599.508 599.496 599.483 599.47 599.455 599.44 599.425 599.409 599.393 599.376 599.359
600.026 600.013 600 599.989 599.979 599.969 599.961 599.953 599.946 599.939 599.932 599.926 599.92 599.915 599.909 599.903 599.897 599.89 599.883 599.877 599.869 599.862 599.854 599.846 599.838 599.83 599.822 599.813 599.804 599.795 599.786 599.777 599.768 599.759 599.75 599.74 599.731 599.721 599.711 599.702 599.692 599.682 599.673 599.663 599.653 599.643 599.634 599.624 599.614 599.604 599.594 599.584 599.574 599.563 599.552 599.54 599.528 599.515 599.501 599.487 599.473 599.457 599.441 599.425 599.409 599.392
600.074 600.061 600.049 600.037 600.027 600.018 600.009 600.001 599.994 599.987 599.98 599.974 599.968 599.962 599.956 599.95 599.943 599.937 599.93 599.923 599.916 599.908 599.9 599.892 599.884 599.876 599.867 599.858 599.85 599.841 599.832 599.823 599.814 599.804 599.795 599.785 599.776 599.766 599.757 599.747 599.737 599.727 599.718 599.708 599.698 599.688 599.679 599.669 599.659 599.649 599.639 599.629 599.619 599.608 599.597 599.585 599.573 599.56 599.547 599.533 599.518 599.503 599.488 599.472 599.455 599.439
600.185 600.172 600.16 600.149 600.139 600.129 600.12 600.112 600.104 600.097 600.09 600.084 600.077 600.071 600.064 600.058 600.051 600.044 600.037 600.029 600.022 600.014 600.006 599.998 599.989 599.981 599.972 599.963 599.954 599.945 599.936 599.927 599.918 599.908 599.899 599.889 599.88 599.87 599.86 599.851 599.841 599.831 599.821 599.812 599.802 599.792 599.782 599.772 599.763 599.753 599.743 599.733 599.722 599.711 599.7 599.689 599.677 599.664 599.651 599.638 599.624 599.609 599.594 599.579 599.563 599.547
600.334 600.322 600.31 600.299 600.289 600.279 600.27 600.262 600.254 600.246 600.239 600.231 600.224 600.217 600.21 600.203 600.196 600.189 600.181 600.173 600.165 600.157 600.149 600.14 600.131 600.123 600.114 600.105 600.096 600.086 600.077 600.068 600.058 600.049 600.039 600.03 600.02 600.01 600 599.991 599.981 599.971 599.961 599.951 599.941 599.932 599.922 599.912 599.902 599.892 599.882 599.872 599.862 599.851 599.84 599.829 599.817 599.805 599.792 599.779 599.766 599.752 599.738 599.723 599.708 599.693
600.459 600.447 600.436 600.425 600.415 600.405 600.396 600.387 600.379 600.371 600.363 600.355 600.348 600.34 600.333 600.325 600.318 600.31 600.302 600.294 600.285 600.277 600.268 600.259 600.25 600.241 600.232 600.223 600.214 600.205 600.195 600.186 600.176 600.167 600.157 600.147 600.137 600.128 600.118 600.108 600.098 600.088 600.078 600.068 600.059 600.049 600.039 600.029 600.019 600.009 599.999 599.989 599.978 599.968 599.957 599.946 599.935 599.923 599.911 599.898 599.885 599.872 599.858 599.844 599.83 599.816
600.686 600.675 600.664 600.653 600.643 600.633 600.623 600.614 600.605 600.597 600.588 600.58 600.571 600.563 600.554 600.546 600.537 600.529 600.52 600.511 600.502 600.493 600.484 600.475 600.466 600.456 600.447 600.437 600.428 600.418 600.409 600.399 600.389 600.379 600.37 600.36 600.35 600.34 600.33 600.32 600.31 600.3 600.29 600.28 600.27 600.26 600.25 600.24 600.23 600.22 600.21 600.2 600.19 600.179 600.169 600.158 600.147 600.136 600.124 600.112 600.1 600.088 600.076 600.063 600.05 600.037
600.951 600.94 600.93 600.92 600.909 600.899 600.889 600.88 600.87 600.861 600.851 600.842 600.832 600.823 600.814 600.804 600.795 600.785 600.776 600.766 600.757 600.747 600.737 600.727 600.718 600.708 600.698 600.688 600.678 600.668 600.658 600.648 600.639 600.629 600.619 600.609 600.598 600.588 600.578 600.568 600.558 600.548 600.538 600.528 600.518 600.508 600.498 600.488 600.478 600.468 600.458 600.447 600.437 600.427 600.417 600.406 600.396 600.385 600.374 600.363 600.352 600.341 600.33 600.319 600.308 600.296
601.156 601.151 601.146 601.141 601.136 601.131 601.126 601.121 601.115 601.11 601.105 601.1 601.095 601.09 601.085 601.08 601.075 601.07 601.065 601.06 601.055 601.05 601.044 601.039 601.034 601.029 601.024 601.019 601.014 601.009 601.004 600.999 600.994 600.989 600.984 600.979 600.973 600.968 600.963 600.958 600.953 600.948 600.943 600.938 600.933 600.928 600.923 600.918 600.913 600.908 600.902 600.897 600.892 600.887 600.882 600.877 600.872 600.867 600.862 600.857 600.852 600.847 600.842 600.837 600.831 600.826
601.5493 601.5443 601.5393 601.5343 601.5293 601.5243 601.5193 601.5143 601.5083 601.5033 601.4983 601.4933 601.4883 601.4833 601.4783 601.4733 601.4683 601.4633 601.4583 601.4533 601.4483 601.4433 601.4373 601.4323 601.4273 601.4223 601.4173 601.4123 601.4073 601.4023 601.3973 601.3923 601.3873 601.3823 601.3773 601.3723 601.3663 601.3613 601.3563 601.3513 601.3463 601.3413 601.3363 601.3313 601.3263 601.3213 601.3163 601.3113 601.3063 601.3013 601.2953 601.2903 601.2853 601.2803 601.2753 601.2703 601.2653 601.2603 601.2553 601.2503 601.2453 601.2403 601.2353 601.2303 601.2243 601.2193
601.9427 601.9377 601.9327 601.9277 601.9227 601.9177 601.9127 601.9077 601.9017 601.8967 601.8917 601.8867 601.8817 601.8767 601.8717 601.8667 601.8617 601.8567 601.8517 601.8467 601.8417 601.8367 601.8307 601.8257 601.8207 601.8157 601.8107 601.8057 601.8007 601.7957 601.7907 601.7857 601.7807 601.7757 601.7707 601.7657 601.7597 601.7547 601.7497 601.7447 601.7397 601.7347 601.7297 601.7247 601.7197 601.7147 601.7097 601.7047 601.6997 601.6947 601.6887 601.6837 601.6787 601.6737 601.6687 601.6637 601.6587 601.6537 601.6487 601.6437 601.6387 601.6337 601.6287 601.6237 601.6177 601.6127
602.336 602.331 602.326 602.321 602.316 602.311 602.306 602.301 602.295 602.29 602.285 602.28 602.275 602.27 602.265 602.26 602.255 602.25 602.245 602.24 602.235 602.23 602.224 602.219 602.214 602.209 602.204 602.199 602.194 602.189 602.184 602.179 602.174 602.169 602.164 602.159 602.153 602.148 602.143 602.138 602.133 602.128 602.123 602.118 602.113 602.108 602.103 602.098 602.093 602.088 602.082 602.077 602.072 602.067 602.062 602.057 602.052 602.047 602.042 602.037 602.032 602.027 602.022 602.017 602.011 602.006
602.7294 602.7244 602.7194 602.7144 602.7094 602.7043 602.6993 602.6943 602.6884 602.6833 602.6783 602.6733 602.6683 602.6633 602.6583 602.6534 602.6484 602.6434 602.6384 602.6334 602.6284 602.6234 602.6174 602.6124 602.6074 602.6024 602.5974 602.5923 602.5873 602.5823 602.5773 602.5723 602.5673 602.5624 602.5574 602.5524 602.5463 602.5414 602.5364 602.5314 602.5264 602.5214 602.5164 602.5114 602.5063 602.5013 602.4963 602.4913 602.4863 602.4813 602.4753 602.4703 602.4653 602.4603 602.4553 602.4504 602.4454 602.4404 602.4354 602.4304 602.4254 602.4203 602.4153 602.4103 602.4044 602.3994
603.1227 603.1177 603.1127 603.1077 603.1027 603.0977 603.0927 603.0876 603.0817 603.0767 603.0717 603.0667 603.0616 603.0566 603.0516 603.0467 603.0417 603.0367 603.0317 603.0267 603.0217 603.0167 603.0107 603.0057 603.0007 602.9957 602.9907 602.9857 602.9807 602.9756 602.9706 602.9656 602.9606 602.9557 602.9507 602.9457 602.9396 602.9347 602.9297 602.9247 602.9197 602.9147 602.9097 602.9047 602.8997 602.8947 602.8896 602.8846 602.8796 602.8746 602.8687 602.8636 602.8586 602.8536 602.8486 602.8437 602.8387 602.8337 602.8287 602.8237 602.8187 602.8137 602.8087 602.8036 602.7977 602.7927
603.516 603.511 603.506 603.501 603.496 603.491 603.486 603.481 603.475 603.47 603.465 603.46 603.455 603.45 603.445 603.44 603.435 603.43 603.425 603.42 603.415 603.41 603.404 603.399 603.394 603.389 603.384 603.379 603.374 603.369 603.364 603.359 603.354 603.349 603.344 603.339 603.333 603.328 603.323 603.318 603.313 603.308 603.303 603.298 603.293 603.288 603.283 603.278 603.273 603.268 603.262 603.257 603.252 603.247 603.242 603.237 603.232 603.227 603.222 603.217 603.212 603.207 603.202 603.197 603.191 603.186
603.9094 603.9044 603.8994 603.8943 603.8893 603.8843 603.8793 603.8743 603.8683 603.8633 603.8583 603.8533 603.8483 603.8433 603.8383 603.8334 603.8284 603.8234 603.8184 603.8134 603.8083 603.8033 603.7974 603.7924 603.7874 603.7823 603.7773 603.7723 603.7673 603.7623 603.7573 603.7523 603.7473 603.7424 603.7374 603.7324 603.7263 603.7214 603.7164 603.7114 603.7064 603.7014 603.6964 603.6913 603.6863 603.6813 603.6763 603.6713 603.6663 603.6613 603.6553 603.6503 603.6453 603.6403 603.6353 603.6304 603.6254 603.6204 603.6154 603.6104 603.6053 603.6003 603.5953 603.5903 603.5844 603.5793
604.126 604.121 604.116 604.111 604.106 604.101 604.096 604.091 604.085 604.08 604.075 604.07 604.065 604.06 604.055 604.05 604.045 604.04 604.035 604.03 604.025 604.02 604.014 604.009 604.004 603.999 603.994 603.989 603.984 603.979 603.974 603.969 603.964 603.959 603.954 603.949 603.943 603.938 603.933 603.928 603.923 603.918 603.913 603.908 603.903 603.898 603.893 603.888 603.883 603.878 603.872 603.867 603.862 603.857 603.852 603.847 603.842 603.837 603.832 603.827 603.822 603.817 603.812 603.807 603.801 603.796
604.166 604.161 604.156 604.151 604.146 604.141 604.136 604.131 604.125 604.12 604.115 604.11 604.105 604.1 604.095 604.09 604.085 604.08 604.075 604.07 604.065 604.06 604.054 604.049 604.044 604.039 604.034 604.029 604.024 604.019 604.014 604.009 604.004 603.999 603.994 603.989 603.983 603.978 603.973 603.968 603.963 603.958 603.953 603.948 603.943 603.938 603.933 603.928 603.923 603.918 603.912 603.907 603.902 603.897 603.892 603.887 603.882 603.877 603.872 603.867 603.862 603.857 603.852 603.847 603.841 603.836
604.206 604.201 604.196 604.191 604.186 604.181 604.176 604.171 604.165 604.16 604.155 604.15 604.145 604.14 604.1349 604.13 604.125 604.12 604.115 604.11 604.105 604.1 604.094 604.089 604.084 604.079 604.074 604.069 604.064 604.059 604.054 604.049 604.0439 604.039 604.034 604.029 604.0229 604.018 604.013 604.008 604.003 603.998 603.993 603.988 603.983 603.978 603.973 603.968 603.963 603.9579 603.952 603.947 603.942 603.937 603.9319 603.927 603.922 603.917 603.912 603.907 603.902 603.897 603.892 603.887 603.881 603.876
