samples/sfe_2248/sfe_2248_c3/sfe_2248_c3/sfe_2248_c3.asc
ncols         187
nrows         82
xllcorner     100
yllcorner     83.60000000149
cellsize      0.4
NODATA_value  -9999
[rows 30 to 59 of 82, columns 66 to 131 of 187]
601.6077 601.6027 601.5977 601.5927 601.5877 601.5827 601.5777 601.5727 601.5677 601.5627 601.5577 601.5517 601.5467 601.5417 601.5367 601.5317 601.5267 601.5217 601.5167 601.5117 601.5067 601.5017 601.4967 601.4917 601.4867 601.4807 601.4757 601.4707 601.4657 601.4607 601.4557 601.4507 601.4457 601.4407 601.4357 601.4307 601.4257 601.4207 601.4157 601.4097 601.4047 601.3997 601.3947 601.3897 601.3847 601.3797 601.3747 601.3697 601.3647 601.3597 601.3547 601.3497 601.3447 601.3387 601.3337 601.3287 601.3237 601.3187 601.3137 601.3087 601.3037 601.2987 601.2937 601.2887 601.2837 601.2787
601.2143 601.2093 601.2043 601.1993 601.1943 601.1893 601.1843 601.1793 601.1743 601.1693 601.1643 601.1583 601.1533 601.1483 601.1433 601.1383 601.1333 601.1283 601.1233 601.1183 601.1133 601.1083 601.1033 601.0983 601.0933 601.0873 601.0823 601.0773 601.0723 601.0673 601.0623 601.0573 601.0523 601.0473 601.0423 601.0373 601.0323 601.0273 601.0223 601.0163 601.0113 601.0063 601.0013 600.9963 600.9913 600.9863 600.9813 600.9763 600.9713 600.9663 600.9613 600.9563 600.9513 600.9453 600.9403 600.9353 600.9303 600.9253 600.9203 600.9153 600.9103 600.9053 600.9003 600.8953 600.8903 600.8853
600.821 600.816 600.811 600.806 600.801 600.796 600.791 600.786 600.781 600.776 600.771 600.765 600.76 600.755 600.75 600.745 600.74 600.735 600.73 600.725 600.72 600.715 600.71 600.705 600.7 600.694 600.689 600.684 600.679 600.674 600.669 600.664 600.659 600.654 600.649 600.644 600.639 600.634 600.629 600.623 600.618 600.613 600.608 600.603 600.598 600.593 600.588 600.583 600.578 600.573 600.568 600.563 600.558 600.552 600.547 600.542 600.537 600.532 600.527 600.522 600.517 600.512 600.507 600.502 600.497 600.492
600.285 600.274 600.262 600.251 600.24 600.228 600.217 600.206 600.195 600.184 600.174 600.163 600.152 600.141 600.13 600.119 600.108 600.097 600.086 600.075 600.063 600.052 600.04 600.029 600.017 600.005 599.994 599.982 599.971 599.96 599.949 599.939 599.928 599.918 599.909 599.9 599.891 599.882 599.873 599.865 599.857 599.849 599.841 599.833 599.825 599.817 599.809 599.8 599.792 599.783 599.774 599.765 599.755 599.746 599.737 599.727 599.718 599.708 599.699 599.69 599.681 599.672 599.663 599.654 599.645 599.636
600.024 600.011 599.998 599.985 599.973 599.96 599.948 599.936 599.923 599.912 599.9 599.888 599.876 599.865 599.853 599.841 599.829 599.817 599.804 599.791 599.778 599.765 599.751 599.738 599.724 599.711 599.697 599.684 599.671 599.659 599.647 599.636 599.626 599.616 599.607 599.599 599.592 599.585 599.579 599.573 599.568 599.562 599.557 599.552 599.547 599.541 599.535 599.529 599.522 599.515 599.508 599.5 599.492 599.484 599.475 599.467 599.458 599.45 599.441 599.433 599.425 599.418 599.411 599.404 599.396 599.39
599.801 599.787 599.773 599.759 599.745 599.731 599.717 599.704 599.691 599.678 599.666 599.653 599.641 599.629 599.616 599.603 599.59 599.577 599.563 599.549 599.534 599.52 599.505 599.489 599.474 599.459 599.444 599.429 599.415 599.402 599.389 599.378 599.367 599.358 599.35 599.343 599.337 599.331 599.327 599.323 599.32 599.317 599.314 599.312 599.309 599.305 599.302 599.297 599.292 599.287 599.281 599.274 599.267 599.259 599.252 599.244 599.236 599.229 599.221 599.214 599.208 599.201 599.195 599.19 599.184 599.179
599.678 599.663 599.648 599.633 599.618 599.604 599.59 599.576 599.563 599.549 599.536 599.524 599.511 599.498 599.485 599.472 599.458 599.444 599.43 599.415 599.4 599.384 599.368 599.352 599.336 599.32 599.304 599.288 599.274 599.26 599.247 599.235 599.225 599.215 599.207 599.201 599.195 599.191 599.188 599.185 599.183 599.182 599.18 599.179 599.177 599.175 599.172 599.169 599.165 599.16 599.155 599.149 599.142 599.135 599.128 599.121 599.113 599.106 599.099 599.093 599.087 599.081 599.076 599.071 599.067 599.062
599.531 599.515 599.499 599.483 599.468 599.453 599.438 599.424 599.409 599.396 599.382 599.369 599.355 599.342 599.329 599.315 599.301 599.286 599.271 599.255 599.239 599.222 599.205 599.188 599.171 599.153 599.137 599.12 599.105 599.09 599.077 599.065 599.054 599.045 599.037 599.031 599.027 599.024 599.022 599.02 599.02 599.02 599.02 599.02 599.02 599.02 599.018 599.016 599.013 599.01 599.005 599 598.994 598.987 598.981 598.974 598.967 598.96 598.954 598.948 598.943 598.938 598.934 598.93 598.927 598.923
599.422 599.405 599.389 599.372 599.356 599.341 599.325 599.31 599.296 599.282 599.268 599.254 599.24 599.227 599.213 599.198 599.184 599.169 599.153 599.136 599.12 599.102 599.084 599.066 599.048 599.03 599.013 598.996 598.979 598.964 598.95 598.938 598.928 598.919 598.911 598.906 598.902 598.899 598.898 598.898 598.899 598.9 598.901 598.903 598.904 598.904 598.904 598.903 598.901 598.898 598.894 598.889 598.884 598.878 598.871 598.865 598.858 598.852 598.846 598.841 598.836 598.832 598.829 598.826 598.823 598.82
599.375 599.358 599.341 599.324 599.308 599.292 599.276 599.261 599.246 599.232 599.218 599.204 599.19 599.176 599.162 599.148 599.133 599.117 599.102 599.085 599.068 599.05 599.032 599.013 598.995 598.977 598.959 598.941 598.925 598.91 598.896 598.883 598.873 598.864 598.857 598.851 598.848 598.845 598.845 598.845 598.846 598.848 598.85 598.852 598.853 598.854 598.854 598.853 598.852 598.849 598.845 598.841 598.836 598.83 598.824 598.817 598.811 598.805 598.8 598.795 598.79 598.786 598.783 598.78 598.777 598.775
599.342 599.324 599.307 599.29 599.274 599.258 599.242 599.227 599.212 599.197 599.183 599.169 599.155 599.141 599.127 599.112 599.097 599.082 599.066 599.049 599.031 599.013 598.995 598.976 598.958 598.939 598.921 598.903 598.887 598.871 598.857 598.845 598.834 598.825 598.818 598.813 598.81 598.808 598.807 598.808 598.809 598.811 598.814 598.816 598.818 598.819 598.819 598.819 598.818 598.815 598.812 598.807 598.802 598.796 598.79 598.784 598.778 598.772 598.767 598.762 598.758 598.754 598.751 598.748 598.746 598.744
599.342 599.324 599.307 599.29 599.274 599.258 599.242 599.227 599.212 599.197 599.183 599.169 599.155 599.141 599.127 599.112 599.097 599.082 599.066 599.049 599.031 599.013 598.995 598.976 598.958 598.939 598.921 598.903 598.887 598.871 598.857 598.845 598.834 598.825 598.818 598.813 598.81 598.808 598.807 598.808 598.809 598.811 598.814 598.816 598.818 598.819 598.819 598.819 598.818 598.815 598.812 598.807 598.802 598.796 598.79 598.784 598.778 598.772 598.767 598.762 598.758 598.754 598.751 598.748 598.746 598.744
599.375 599.358 599.341 599.324 599.308 599.292 599.276 599.261 599.246 599.232 599.218 599.204 599.19 599.176 599.162 599.148 599.133 599.117 599.102 599.085 599.068 599.05 599.032 599.013 598.995 598.977 598.959 598.941 598.925 598.91 598.896 598.883 598.873 598.864 598.857 598.851 598.848 598.845 598.845 598.845 598.846 598.848 598.85 598.852 598.853 598.854 598.854 598.853 598.852 598.849 598.845 598.841 598.836 598.83 598.824 598.817 598.811 598.805 598.8 598.795 598.79 598.786 598.783 598.78 598.777 598.775
599.422 599.405 599.389 599.372 599.356 599.341 599.325 599.31 599.296 599.282 599.268 599.254 599.24 599.227 599.213 599.198 599.184 599.169 599.153 599.136 599.12 599.102 599.084 599.066 599.048 599.03 599.013 598.996 598.979 598.964 598.95 598.938 598.928 598.919 598.911 598.906 598.902 598.899 598.898 598.898 598.899 598.9 598.901 598.903 598.904 598.904 598.904 598.903 598.901 598.898 598.894 598.889 598.884 598.878 598.871 598.865 598.858 598.852 598.846 598.841 598.836 598.832 598.829 598.826 598.823 598.82
599.531 599.515 599.499 599.483 599.468 599.453 599.438 599.424 599.409 599.396 599.382 599.369 599.355 599.342 599.329 599.315 599.301 599.286 599.271 599.255 599.239 599.222 599.205 599.188 599.171 599.153 599.137 599.12 599.105 599.09 599.077 599.065 599.054 599.045 599.037 599.031 599.027 599.024 599.022 599.02 599.02 599.02 599.02 599.02 599.02 599.02 599.018 599.016 599.013 599.01 599.005 599 598.994 598.987 598.981 598.974 598.967 598.96 598.954 598.948 598.943 598.938 598.934 598.93 598.927 598.923
599.678 599.663 599.648 599.633 599.618 599.604 599.59 599.576 599.563 599.549 599.536 599.524 599.511 599.498 599.485 599.472 599.458 599.444 599.43 599.415 599.4 599.384 599.368 599.352 599.336 599.32 599.304 599.288 599.274 599.26 599.247 599.235 599.225 599.215 599.207 599.201 599.195 599.191 599.188 599.185 599.183 599.182 599.18 599.179 599.177 599.175 599.172 599.169 599.165 599.16 599.155 599.149 599.142 599.135 599.128 599.121 599.113 599.106 599.099 599.093 599.087 599.081 599.076 599.071 599.067 599.062
599.801 599.787 599.773 599.759 599.745 599.731 599.717 599.704 599.691 599.678 599.666 599.653 599.641 599.629 599.616 599.603 599.59 599.577 599.563 599.549 599.534 599.52 599.505 599.489 599.474 599.459 599.444 599.429 599.415 599.402 599.389 599.378 599.367 599.358 599.35 599.343 599.337 599.331 599.327 599.323 599.32 599.317 599.314 599.312 599.309 599.305 599.302 599.297 599.292 599.287 599.281 599.274 599.267 599.259 599.252 599.244 599.236 599.229 599.221 599.214 599.208 599.201 599.195 599.19 599.184 599.179
600.024 600.011 599.998 599.985 599.973 599.96 599.948 599.936 599.923 599.912 599.9 599.888 599.876 599.865 599.853 599.841 599.829 599.817 599.804 599.791 599.778 599.765 599.751 599.738 599.724 599.711 599.697 599.684 599.671 599.659 599.647 599.636 599.626 599.616 599.607 599.599 599.592 599.585 599.579 599.573 599.568 599.562 599.557 599.552 599.547 599.541 599.535 599.529 599.522 599.515 599.508 599.5 599.492 599.484 599.475 599.467 599.458 599.45 599.441 599.433 599.425 599.418 599.411 599.404 599.396 599.39
600.285 600.274 600.262 600.251 600.24 600.228 600.217 600.206 600.195 600.184 600.174 600.163 600.152 600.141 600.13 600.119 600.108 600.097 600.086 600.075 600.063 600.052 600.04 600.029 600.017 600.005 599.994 599.982 599.971 599.96 599.949 599.939 599.928 599.918 599.909 599.9 599.891 599.882 599.873 599.865 599.857 599.849 599.841 599.833 599.825 599.817 599.809 599.8 599.792 599.783 599.774 599.765 599.755 599.746 599.737 599.727 599.718 599.708 599.699 599.69 599.681 599.672 599.663 599.654 599.645 599.636
600.821 600.816 600.811 600.806 600.801 600.796 600.791 600.786 600.781 600.776 600.771 600.765 600.76 600.755 600.75 600.745 600.74 600.735 600.73 600.725 600.72 600.715 600.71 600.705 600.7 600.694 600.689 600.684 600.679 600.674 600.669 600.664 600.659 600.654 600.649 600.644 600.639 600.634 600.629 600.623 600.618 600.613 600.608 600.603 600.598 600.593 600.588 600.583 600.578 600.573 600.568 600.563 600.558 600.552 600.547 600.542 600.537 600.532 600.527 600.522 600.517 600.512 600.507 600.502 600.497 600.492
601.2143 601.2093 601.2043 601.1993 601.1943 601.1893 601.1843 601.1793 601.1743 601.1693 601.1643 601.1583 601.1533 601.1483 601.1433 601.1383 601.1333 601.1283 601.1233 601.1183 601.1133 601.1083 601.1033 601.0983 601.0933 601.0873 601.0823 601.0773 601.0723 601.0673 601.0623 601.0573 601.0523 601.0473 601.0423 601.0373 601.0323 601.0273 601.0223 601.0163 601.0113 601.0063 601.0013 600.9963 600.9913 600.9863 600.9813 600.9763 600.9713 600.9663 600.9613 600.9563 600.9513 600.9453 600.9403 600.9353 600.9303 600.9253 600.9203 600.9153 600.9103 600.9053 600.9003 600.8953 600.8903 600.8853
601.6077 601.6027 601.5977 601.5927 601.5877 601.5827 601.5777 601.5727 601.5677 601.5627 601.5577 601.5517 601.5467 601.5417 601.5367 601.5317 601.5267 601.5217 601.5167 601.5117 601.5067 601.5017 601.4967 601.4917 601.4867 601.4807 601.4757 601.4707 601.4657 601.4607 601.4557 601.4507 601.4457 601.4407 601.4357 601.4307 601.4257 601.4207 601.4157 601.4097 601.4047 601.3997 601.3947 601.3897 601.3847 601.3797 601.3747 601.3697 601.3647 601.3597 601.3547 601.3497 601.3447 601.3387 601.3337 601.3287 601.3237 601.3187 601.3137 601.3087 601.3037 601.2987 601.2937 601.2887 601.2837 601.2787
602.001 601.996 601.991 601.986 601.981 601.976 601.971 601.966 601.961 601.956 601.951 601.945 601.94 601.935 601.93 601.925 601.92 601.915 601.91 601.905 601.9 601.895 601.89 601.885 601.88 601.874 601.869 601.864 601.859 601.854 601.849 601.844 601.839 601.834 601.829 601.824 601.819 601.814 601.809 601.803 601.798 601.793 601.788 601.783 601.778 601.773 601.768 601.763 601.758 601.753 601.748 601.743 601.738 601.732 601.727 601.722 601.717 601.712 601.707 601.702 601.697 601.692 601.687 601.682 601.677 601.672
602.3943 602.3893 602.3843 602.3793 602.3743 602.3693 602.3644 602.3594 602.3544 602.3494 602.3444 602.3384 602.3334 602.3284 602.3234 602.3184 602.3134 602.3083 602.3033 602.2983 602.2933 602.2883 602.2833 602.2784 602.2734 602.2673 602.2623 602.2573 602.2524 602.2474 602.2424 602.2374 602.2324 602.2274 602.2224 602.2173 602.2123 602.2073 602.2023 602.1964 602.1913 602.1863 602.1813 602.1763 602.1713 602.1664 602.1614 602.1564 602.1514 602.1464 602.1414 602.1364 602.1313 602.1254 602.1204 602.1154 602.1104 602.1053 602.1003 602.0953 602.0903 602.0853 602.0803 602.0754 602.0704 602.0654
602.7877 602.7827 602.7776 602.7726 602.7676 602.7626 602.7577 602.7527 602.7477 602.7427 602.7377 602.7317 602.7267 602.7217 602.7167 602.7117 602.7067 602.7017 602.6967 602.6917 602.6866 602.6816 602.6766 602.6717 602.6667 602.6606 602.6556 602.6506 602.6457 602.6407 602.6357 602.6307 602.6257 602.6207 602.6157 602.6107 602.6057 602.6006 602.5956 602.5897 602.5847 602.5797 602.5746 602.5696 602.5646 602.5597 602.5547 602.5497 602.5447 602.5397 602.5347 602.5297 602.5247 602.5187 602.5137 602.5087 602.5037 602.4987 602.4937 602.4886 602.4836 602.4786 602.4736 602.4687 602.4637 602.4587
603.181 603.176 603.171 603.166 603.161 603.156 603.151 603.146 603.141 603.136 603.131 603.125 603.12 603.115 603.11 603.105 603.1 603.095 603.09 603.085 603.08 603.075 603.07 603.065 603.06 603.054 603.049 603.044 603.039 603.034 603.029 603.024 603.019 603.014 603.009 603.004 602.999 602.994 602.989 602.983 602.978 602.973 602.968 602.963 602.958 602.953 602.948 602.943 602.938 602.933 602.928 602.923 602.918 602.912 602.907 602.902 602.897 602.892 602.887 602.882 602.877 602.872 602.867 602.862 602.857 602.852
603.5743 603.5693 603.5643 603.5593 603.5543 603.5493 603.5444 603.5394 603.5344 603.5294 603.5244 603.5184 603.5134 603.5084 603.5034 603.4984 603.4933 603.4883 603.4833 603.4783 603.4733 603.4683 603.4633 603.4584 603.4534 603.4473 603.4423 603.4373 603.4324 603.4274 603.4224 603.4174 603.4124 603.4073 603.4023 603.3973 603.3923 603.3873 603.3823 603.3763 603.3713 603.3663 603.3613 603.3563 603.3513 603.3464 603.3414 603.3364 603.3314 603.3264 603.3214 603.3163 603.3113 603.3054 603.3004 603.2953 603.2903 603.2853 603.2803 603.2753 603.2703 603.2653 603.2603 603.2554 603.2504 603.2454
603.791 603.786 603.781 603.776 603.771 603.766 603.761 603.756 603.751 603.746 603.741 603.735 603.73 603.725 603.72 603.715 603.71 603.705 603.7 603.695 603.69 603.685 603.68 603.675 603.67 603.664 603.659 603.654 603.649 603.644 603.639 603.634 603.629 603.624 603.619 603.614 603.609 603.604 603.599 603.593 603.588 603.583 603.578 603.573 603.568 603.563 603.558 603.553 603.548 603.543 603.538 603.533 603.528 603.522 603.517 603.512 603.507 603.502 603.497 603.492 603.487 603.482 603.477 603.472 603.467 603.462
603.831 603.826 603.821 603.816 603.811 603.806 603.801 603.796 603.791 603.786 603.781 603.775 603.77 603.765 603.76 603.755 603.75 603.745 603.74 603.735 603.73 603.725 603.72 603.715 603.71 603.704 603.699 603.694 603.689 603.684 603.679 603.674 603.669 603.664 603.659 603.654 603.649 603.644 603.639 603.633 603.628 603.623 603.618 603.613 603.608 603.603 603.598 603.593 603.588 603.583 603.578 603.573 603.568 603.562 603.557 603.552 603.547 603.542 603.537 603.532 603.527 603.522 603.517 603.512 603.507 603.502
603.871 603.866 603.861 603.856 603.851 603.8459 603.841 603.836 603.831 603.826 603.821 603.815 603.81 603.805 603.8 603.795 603.79 603.785 603.78 603.775 603.77 603.765 603.7599 603.755 603.75 603.744 603.739 603.7339 603.729 603.724 603.719 603.714 603.709 603.704 603.699 603.694 603.689 603.684 603.679 603.673 603.668 603.663 603.658 603.653 603.6479 603.643 603.638 603.633 603.628 603.623 603.618 603.613 603.608 603.602 603.597 603.592 603.587 603.582 603.577 603.572 603.567 603.562 603.5569 603.552 603.547 603.542
