samples/sfe_316/sfe_316_r3/sfe_316_r3/sfe_316_r3.asc
ncols         184
nrows         75
xllcorner     96.199999999255
yllcorner     62.60000000149
cellsize      1
NODATA_value  -9999
[rows 28 to 55 of 75, columns 64 to 127 of 184]
598.4235 598.422 598.418 598.416 598.4095 598.396 598.38 598.3605 598.343 598.324 598.295 598.2635 598.2375 598.203 598.1645 598.1335 598.0925 598.061 598.0175 597.983 597.9406 597.9175 597.873 597.847 597.808 597.7855 597.76 597.7365 597.707 597.6855 597.671 597.656 597.6395 597.623 597.617 597.6145 597.6015 597.6045 597.5765 597.5786 597.5835 597.5885 597.594 597.6025 597.6145 597.627 597.6411 597.6591 597.6795 597.684 597.7255 597.8135 597.972 598.1 598.2935 598.3635 598.446 598.541 598.6813 598.7752 598.9166 599.0105 599.1227 599.2427
598.392 598.3911 598.388 598.382 598.373 598.361 598.3485 598.3295 598.307 598.282 598.2525 598.224 598.189 598.1565 598.1215 598.0795 598.044 597.9995 597.9625 597.917 597.8805 597.8365 597.799 597.7625 597.7205 597.691 597.652 597.625 597.602 597.5775 597.5465 597.524 597.5095 597.4915 597.4745 597.4535 597.4375 597.427 597.4195 597.413 597.4075 597.3925 597.3835 597.392 597.3815 597.3755 597.3905 597.4085 597.4045 597.402 597.433 597.466 597.471 597.4775 597.523 597.5675 597.579 597.7425 597.9716 598.0745 598.2435 598.3039 598.4211 598.5375
598.3895 598.3885 598.385 598.3785 598.3695 598.3575 598.342 598.3225 598.2985 598.2725 598.2429 598.2098 598.1748 598.137 598.097 598.056 598.01 597.9685 597.92 597.878 597.8275 597.7895 597.749 597.7061 597.67 597.6295 597.591 597.5585 597.519 597.4885 597.465 597.4395 597.4045 597.3795 597.3585 597.3365 597.313 597.2985 597.2725 597.257 597.2395 597.2285 597.209 597.2045 597.1935 597.186 597.182 597.1815 597.1825 597.1845 597.1895 597.204 597.212 597.226 597.243 597.27 597.2975 597.3265 597.3385 597.3855 597.432 597.539 597.5155 597.718
598.414 598.4125 598.409 598.401 598.392 598.3795 598.3589 598.3405 598.3175 598.2885 598.2595 598.2245 598.189 598.1455 598.1045 598.0565 598.0155 597.9705 597.9225 597.875 597.827 597.7785 597.7313 597.685 597.641 597.5985 597.556 597.5115 597.4745 597.445 597.4075 597.375 597.342 597.3105 597.283 597.2535 597.2245 597.198 597.171 597.148 597.126 597.108 597.0895 597.0715 597.047 597.035 597.02 597.0135 597.0075 596.9975 596.999 597.001 597.006 597.007 597.0215 597.034 597.0515 597.0695 597.089 597.111 597.143 597.1605 597.186 597.213
598.4665 598.4635 598.4585 598.4485 598.4385 598.4245 598.4075 598.3885 598.3535 598.3245 598.292 598.261 598.22 598.176 598.131 598.088 598.0365 597.99 597.933 597.8915 597.8435 597.7946 597.746 597.6995 597.65 597.6035 597.5576 597.5145 597.4715 597.4235 597.386 597.3475 597.3135 597.2755 597.2385 597.2054 597.1725 597.141 597.1075 597.075 597.0475 597.014 596.987 596.965 596.9285 596.909 596.89 596.8735 596.8555 596.8365 596.833 596.831 596.8295 596.807 596.819 596.834 596.848 596.845 596.8665 596.8895 596.916 596.9395 596.9495 596.98
598.5585 598.5525 598.5455 598.5275 598.515 598.4985 598.471 598.45 598.4265 598.3865 598.3565 598.3215 598.2875 598.236 598.1945 598.149 598.1 598.0495 597.999 597.942 597.8945 597.8365 597.7896 597.7365 597.6865 597.638 597.5854 597.5295 597.4905 597.4445 597.4 597.3525 597.3125 597.2685 597.2305 597.191 597.1515 597.112 597.075 597.037 597.0025 596.966 596.9305 596.8965 596.863 596.829 596.7995 596.774 596.75 596.7271 596.708 596.694 596.6815 596.671 596.6675 596.663 596.6655 596.669 596.6815 596.7025 596.7255 596.7165 596.7415 596.7745
598.662 598.6535 598.6445 598.6324 598.615 598.597 598.574 598.553 598.5125 598.4855 598.445 598.414 598.3715 598.324 598.277 598.237 598.1705 598.129 598.079 598.0275 597.97 597.9045 597.856 597.7925 597.754 597.6985 597.6475 597.602 597.548 597.4885 597.4475 597.401 597.3521 597.3055 597.2525 597.217 597.1655 597.12 597.078 597.0335 596.9925 596.9505 596.9085 596.8668 596.8285 596.792 596.753 596.718 596.687 596.6545 596.628 596.6055 596.5875 596.566 596.555 596.549 596.5455 596.544 596.5455 596.551 596.5615 596.574 596.587 596.609
598.8225 598.809 598.7965 598.755 598.736 598.7165 598.6905 598.6695 598.6435 598.592 598.5625 598.5255 598.4835 598.435 598.385 598.336 598.297 598.237 598.1925 598.1274 598.081 598.0215 597.968 597.9135 597.854 597.8095 597.748 597.688 597.6385 597.5865 597.5295 597.4735 597.4335 597.371 597.3185 597.272 597.2195 597.17 597.124 597.0675 597.024 596.978 596.923 596.869 596.8215 596.782 596.74 596.6965 596.6583 596.621 596.5875 596.556 596.5266 596.5025 596.4835 596.4675 596.452 596.4485 596.448 596.4495 596.4535 596.4525 596.4695 596.4845
598.9825 598.9645 598.9465 598.9245 598.903 598.8745 598.8415 598.819 598.776 598.7465 598.6905 598.6545 598.625 598.5765 598.528 598.488 598.4255 598.3815 598.323 598.2665 598.2095 598.151 598.103 598.0465 597.981 597.9305 597.8685 597.8065 597.761 597.698 597.6495 597.5735 597.5365 597.4764 597.4195 597.366 597.304 597.252 597.2045 597.1479 597.092 597.035 596.9805 596.9275 596.8755 596.8224 596.771 596.722 596.674 596.6265 596.585 596.548 596.5135 596.4805 596.4532 596.4315 596.412 596.3955 596.3845 596.381 596.3795 596.3765 596.3795 596.393
599.243 599.219 599.1935 599.094 599.0685 599.043 599.017 598.9855 598.955 598.899 598.87 598.822 598.791 598.746 598.681 598.642 598.608 598.543 598.502 598.4385 598.3855 598.3295 598.265 598.2255 598.149 598.097 598.0325 597.9775 597.9145 597.8505 597.802 597.738 597.673 597.61 597.5535 597.502 597.4285 597.3775 597.3145 597.253 597.192 597.131 597.0675 597.0031 596.954 596.8935 596.8295 596.782 596.731 596.6795 596.624 596.584 596.541 596.503 596.463 596.431 596.407 596.385 596.3665 596.353 596.3455 596.3405 596.3375 596.3391
599.8549 599.8307 599.8018 599.7777 599.7277 599.6161 599.5674 599.5384 599.5143 599.4281 599.336 599.3095 599.2625 599.134 599.1075 599.0175 598.9245 598.8525 598.736 598.6135 598.5845 598.5315 598.4709 598.409 598.338 598.3 598.227 598.1875 598.1115 598.048 597.977 597.903 597.8665 597.788 597.7295 597.66 597.591 597.5345 597.472 597.387 597.3275 597.274 597.209 597.1305 597.0815 597.012 596.947 596.878 596.826 596.7675 596.71 596.653 596.5985 596.5645 596.521 596.477 596.45 596.4185 596.39 596.3655 596.3485 596.3395 596.3315 596.326
600.5528 600.5283 600.4993 600.4752 600.4247 600.3132 600.2759 600.2473 600.2232 600.1248 600.0328 600.0056 599.9138 599.8139 599.7899 599.6821 599.598 599.4911 599.4062 599.3196 599.207 599.1194 599.024 598.9765 598.833 598.659 598.5065 598.454 598.327 598.2705 598.2 598.1475 598.07 597.9955 597.9345 597.8675 597.7755 597.7395 597.658 597.594 597.522 597.448 597.369 597.2995 597.229 597.158 597.089 597.023 596.9575 596.897 596.8305 596.771 596.714 596.659 596.609 596.565 596.5245 596.4855 596.453 596.4235 596.395 596.381 596.3635 596.35
601.2507 601.2258 601.1968 601.1727 601.1218 601.0103 600.9845 600.9562 600.932 600.8216 600.741 600.7128 600.6163 600.5216 600.4938 600.3825 600.3049 600.1957 600.1136 600.0239 599.9125 599.7974 599.7014 599.5894 599.4774 599.3747 599.2697 599.1382 599.0062 598.92 598.821 598.6429 598.5385 598.296 598.16 598.11 598.0334 597.958 597.875 597.7965 597.721 597.651 597.57 597.5095 597.4475 597.3575 597.2635 597.2035 597.128 597.062 596.981 596.9285 596.863 596.807 596.737 596.679 596.632 596.5885 596.5465 596.511 596.481 596.454 596.4295 596.41
601.9486 601.9233 601.8943 601.8702 601.8189 601.7181 601.6931 601.6651 601.6301 601.5183 601.4491 601.4216 601.3189 601.2293 601.1942 601.0829 601.0118 600.9005 600.821 600.7283 600.6179 600.5028 600.4068 600.2949 600.1828 600.0811 599.9731 599.8323 599.7096 599.5973 599.4771 599.3532 599.2288 599.0742 598.9494 598.8273 598.667 598.5605 598.3435 598.2045 598.066 597.917 597.8345 597.7595 597.6765 597.596 597.518 597.439 597.3595 597.2745 597.198 597.1175 597.038 596.994 596.9245 596.857 596.7915 596.752 596.6925 596.6365 596.592 596.57 596.531 596.5025
602.6465 602.6208 602.5918 602.5677 602.516 602.427 602.4016 602.374 602.3268 602.2151 602.1572 602.1304 602.0214 601.937 601.8946 601.7833 601.7175 601.6051 601.5283 601.4326 601.3233 601.2083 601.1123 601.0003 600.8882 600.7876 600.6766 600.5264 600.4131 600.3008 600.1782 600.0542 599.9297 599.7694 599.6507 599.5116 599.3514 599.2233 599.0616 598.9373 598.7908 598.648 598.518 598.3185 598.145 597.9095 597.7645 597.6815 597.599 597.5175 597.437 597.3585 597.28 597.2025 597.1305 597.063 596.998 596.9345 596.877 596.818 596.7615 596.727 596.68 596.648
603.3445 603.3183 603.2892 603.2653 603.2131 603.1359 603.1102 603.0829 603.0236 602.9118 602.8654 602.8362 602.7238 602.6447 602.595 602.4835 602.4222 602.3096 602.2357 602.1369 602.0287 601.9136 601.8177 601.7057 601.5936 601.4924 601.3801 601.225 601.1166 601.0043 600.8793 600.7551 600.6257 600.4694 600.352 600.1959 600.0557 599.9177 599.7656 599.6414 599.4847 599.3519 599.2139 599.0561 598.9148 598.7316 598.6073 598.4815 598.3375 598.065 597.7915 597.643 597.552 597.477 597.378 597.3185 597.2365 597.1575 597.08 597.0165 596.9585 596.903 596.8505 596.803
604.0424 604.0157 603.9868 603.9627 603.9102 603.8448 603.8187 603.7919 603.7203 603.6086 603.5735 603.5388 603.4257 603.3524 603.2954 603.1838 603.1269 603.0139 602.9431 602.8412 602.7341 602.6191 602.5233 602.4111 602.299 602.1959 602.0813 601.9293 601.8201 601.7052 601.5804 601.4561 601.32 601.169 601.0532 600.8849 600.7601 600.612 600.4696 600.3414 600.1806 600.0558 599.9074 599.7534 599.6 599.4318 599.3075 599.1456 598.9808 598.8196 598.6569 598.4941 598.3589 598.2085 597.9635 597.7155 597.597 597.441 597.346 597.254 597.175 597.1495 597.0715 596.9969
604.7403 604.7133 604.6843 604.6602 604.6072 604.5536 604.5273 604.501 604.4171 604.3084 604.2817 604.2413 604.1276 604.0602 603.9958 603.8841 603.8315 603.7181 603.6505 603.5452 603.4396 603.3245 603.2288 603.1165 603.0044 602.8994 602.7754 602.6337 602.5236 602.4061 602.2814 602.1571 602.0143 601.8686 601.7545 601.5893 601.4644 601.3063 601.1737 601.0353 600.8845 600.7597 600.6009 600.4508 600.285 600.132 600.0051 599.8348 599.6757 599.5131 599.3504 599.1876 599.0467 598.866 598.719 598.544 598.3913 598.239 598.086 597.8375 597.621 597.4705 597.3175 597.2395
605.4382 605.4108 605.3818 605.3577 605.3043 605.2626 605.2358 605.2099 605.1138 605.017 604.9898 604.9439 604.8296 604.768 604.6962 604.5844 604.5362 604.4224 604.3577 604.2491 604.145 604.03 603.9342 603.8218 603.7095 603.6028 603.4695 603.3384 603.2271 603.107 602.9825 602.858 602.7108 602.5682 602.4498 602.2936 602.1635 602.0037 601.8778 601.7292 601.5884 601.4585 601.2944 601.1481 600.97 600.8322 600.698 600.5264 600.3693 600.2065 600.0439 599.8867 599.746 599.559 599.4183 599.2313 599.0906 598.9125 598.7644 598.5883 598.4484 598.3093 598.1465 597.9985
606.1361 606.1083 606.0793 606.0552 606.0014 605.9715 605.9444 605.9187 605.8106 605.726 605.6979 605.6465 605.5315 605.4758 605.3965 605.2859 605.2408 605.1266 605.065 604.953 604.8504 604.7354 604.6397 604.5272 604.4144 604.3063 604.1702 604.0432 603.9305 603.8079 603.6834 603.559 603.4109 603.2685 603.1341 602.9979 602.8578 602.7072 602.5818 602.4232 602.2923 602.1518 601.9879 601.8419 601.6677 601.5324 601.3909 601.218 601.0627 600.9001 600.7374 600.586 600.431 600.2583 600.109 599.9306 599.7899 599.6075 599.4656 599.2803 599.1519 599.0027 598.84 598.6773
606.834 606.8058 606.7768 606.7527 606.7045 606.6806 606.653 606.6213 606.5074 606.4344 606.4061 606.3487 606.2335 606.1837 606.0967 605.9919 605.9455 605.8309 605.771 605.6569 605.5558 605.4408 605.3452 605.2326 605.1193 605.0098 604.8745 604.7479 604.634 604.5088 604.3844 604.2599 604.111 603.9698 603.8271 603.7023 603.5522 603.4108 603.2798 603.1211 602.9962 602.8451 602.6832 602.5331 602.3672 602.2327 602.0838 601.91 601.7563 601.5936 601.4308 601.2853 601.116 600.9576 600.794 600.6299 600.4891 600.3079 600.1633 599.9802 599.8553 599.6962 599.5335 599.3708
607.532 607.5033 607.4743 607.4503 607.4134 607.3896 607.3615 607.3181 607.2041 607.1423 607.1142 607.0506 606.9354 606.8914 606.797 606.698 606.65 606.5351 606.4753 606.3608 606.2612 606.1462 606.0505 605.938 605.8242 605.7133 605.5789 605.4527 605.337 605.2097 605.0853 604.9546 604.8112 604.6711 604.5315 604.4066 604.2465 604.1144 603.9738 603.825 603.7001 603.5384 603.3806 603.22 603.0667 602.9329 602.7695 602.6067 602.4498 602.287 602.1253 601.9846 601.801 601.6569 601.479 601.3292 601.1808 601.0091 600.8566 600.6837 600.5525 600.3897 600.2271 600.0643
608.0326 608.0037 607.9747 607.9507 607.9223 607.8964 607.8668 607.8376 607.8087 607.7813 607.7515 607.7255 607.6373 607.5992 607.4973 607.4053 607.3542 607.2394 607.1796 607.0647 606.9667 606.8516 606.7559 606.6434 606.5291 606.4127 606.2833 606.1575 606.0378 605.9106 605.7863 605.6522 605.5108 605.3724 605.2358 605.1037 604.9457 604.8182 604.6677 604.5289 604.3968 604.2317 604.0778 603.9061 603.7661 603.6331 603.4553 603.3033 603.1432 602.9806 602.8246 602.681 602.4968 602.3561 602.1692 602.0284 601.8715 601.7104 601.5472 601.3871 601.246 601.0832 600.9205 600.7578
608.0729 608.0442 608.0154 607.9914 607.9632 607.9373 607.9077 607.8791 607.8503 607.8229 607.7932 607.7606 607.7313 607.7016 607.6741 607.6443 607.6147 607.5844 607.5541 607.5228 607.4913 607.461 607.435 607.3488 607.234 607.1154 606.9876 606.8622 606.7388 606.6116 606.4873 606.3523 606.2104 606.0723 605.9401 605.798 605.6493 605.5223 605.3616 605.2328 605.0901 604.925 604.769 604.6057 604.4655 604.3292 604.1469 603.9995 603.8368 603.6741 603.5239 603.366 603.1962 603.044 602.8685 602.7277 602.5637 602.4116 602.2379 602.0906 601.9395 601.7767 601.614 601.4514
608.1132 608.0847 608.0562 608.0322 608.0042 607.9783 607.9486 607.9205 607.8919 607.8646 607.8348 607.803 607.7737 607.744 607.717 607.6873 607.6581 607.6279 607.5977 607.5667 607.5358 607.5042 607.4727 607.4402 607.4099 607.3795 607.3459 607.3143 607.2825 607.2525 607.1882 607.0524 606.9101 606.7693 606.6445 606.4924 606.3528 606.2183 606.0615 605.9366 605.7834 605.6182 605.4602 605.3052 605.1648 605.0209 604.8411 604.6929 604.5303 604.3676 604.2231 604.051 603.8954 603.729 603.5677 603.427 603.2617 603.1096 602.9345 602.7941 602.6329 602.4702 602.3076 602.1448
608.1536 608.1252 608.0969 608.0729 608.045 608.0192 607.9896 607.9619 607.9335 607.9062 607.8765 607.8453 607.8161 607.7864 607.76 607.7302 607.7016 607.6713 607.6417 607.6107 607.5802 607.5486 607.5177 607.4852 607.4555 607.4253 607.3917 607.3608 607.3295 607.2956 607.2648 607.2316 607.1976 607.1656 607.1343 607.1015 607.0565 606.9122 606.7654 606.6406 606.4767 606.3116 606.1514 606.0046 605.8641 605.7063 605.5377 605.3865 605.2238 605.0632 604.9224 604.736 604.5947 604.414 604.267 604.1263 603.9598 603.8054 603.6326 603.4891 603.3264 603.1637 603.001 602.8383
608.1939 608.1658 608.1376 608.1136 608.086 608.0601 608.0305 608.0033 607.9752 607.9478 607.9181 607.8878 607.8585 607.8289 607.8029 607.7731 607.7451 607.7148 607.6857 607.6545 607.6247 607.5931 607.5627 607.5302 607.5012 607.4711 607.4374 607.4073 607.3763 607.3433 607.3124 607.2793 607.246 607.2147 607.1834 607.1473 607.1152 607.0829 607.0485 607.0118 606.9769 606.95 606.8441 606.7042 606.5635 606.3917 606.2343 606.08 605.9173 605.7625 605.616 605.4347 605.294 605.107 604.9663 604.8256 604.658 604.5012 604.3307 604.1827 604.0199 603.8572 603.6945 603.5319
608.2342 608.2063 608.1783 608.1543 608.1269 608.101 608.0714 608.0447 608.0168 607.9894 607.9597 607.9301 607.9009 607.8719 607.8459 607.816 607.7885 607.7582 607.7297 607.6985 607.6691 607.6376 607.6077 607.5756 607.5468 607.5169 607.4836 607.4538 607.4233 607.3911 607.36 607.327 607.2945 607.2639 607.2325 607.1962 607.1654 607.1332 607.0994 607.0627 607.0294 606.9984 606.9641 606.9316 606.8958 606.8585 606.825 606.7734 606.6108 606.4617 606.301 606.134 605.979 605.8063 605.6656 605.5211 605.3575 605.1968 605.0293 604.8762 604.7134 604.5507 604.3881 604.2253
