samples/sfe_316/sfe_316_r3/sfe_316_r3/sfe_316_r3.asc
ncols         184
nrows         75
xllcorner     96.199999999255
yllcorner     62.60000000149
cellsize      1
NODATA_value  -9999
[rows 28 to 55 of 75, columns 0 to 63 of 184]
-9999 604.7552 601.816 601.6533 601.4922 601.3279 601.1658 601.0026 600.9185 600.83 600.7415 600.654 600.5795 600.5165 600.455 600.395 600.3375 600.2815 600.2265 600.176 600.117 600.0765 600.0225 599.9555 599.9245 599.8615 599.8085 599.7485 599.686 599.6335 599.5755 599.5015 599.443 599.3825 599.332 599.2555 599.189 599.1275 599.066 598.998 598.934 598.8785 598.838 598.7785 598.7275 598.68 598.6285 598.5935 598.546 598.524 598.501 598.48 598.4595 598.4485 598.435 598.428 598.4215 598.421 598.422 598.4235 598.417 598.42 598.4225 598.424
-9999 605.1816 601.1226 601.039 600.951 600.8625 600.7745 600.6875 600.629 600.564 600.5015 600.4355 600.3765 600.335 600.281 600.225 600.1685 600.113 600.0795 600.0295 599.986 599.936 599.8845 599.8335 599.784 599.7375 599.678 599.6385 599.576 599.5215 599.4605 599.4 599.3485 599.284 599.22 599.161 599.1015 599.0345 598.963 598.9145 598.8525 598.7965 598.743 598.6865 598.642 598.593 598.5576 598.5245 598.49 598.4615 598.4425 598.421 598.407 598.39 598.3815 598.3781 598.376 598.372 598.374 598.3775 598.3815 598.3855 598.389 598.3911
-9999 605.608 600.9705 600.7275 600.649 600.5811 600.5345 600.461 600.389 600.3285 600.2975 600.2515 600.194 600.143 600.1155 600.0695 600.0235 599.989 599.946 599.908 599.8585 599.832 599.785 599.737 599.6975 599.649 599.5985 599.553 599.498 599.4305 599.3865 599.327 599.269 599.214 599.149 599.0945 599.032 598.9765 598.9185 598.862 598.808 598.752 598.696 598.653 598.609 598.567 598.529 598.4945 598.4615 598.438 598.4163 598.3978 598.3849 598.3755 598.369 598.3665 598.366 598.367 598.3694 598.3725 598.378 598.382 598.3855 598.3885
-9999 606.0343 600.785 600.4795 600.4135 600.3596 600.3076 600.258 600.212 600.1695 600.129 600.09 600.0525 600.0175 599.983 599.948 599.9135 599.8805 599.8455 599.812 599.773 599.7375 599.7085 599.6625 599.6151 599.5835 599.5355 599.493 599.444 599.3925 599.342 599.287 599.224 599.1735 599.1205 599.071 599.0135 598.9565 598.8955 598.8443 598.7906 598.741 598.6945 598.649 598.607 598.5665 598.533 598.5 598.477 598.452 598.4315 598.4205 598.407 598.4005 598.3975 598.3935 598.3915 598.398 598.399 598.402 598.4059 598.4095 598.4125 598.414
-9999 606.4607 601.1583 600.2825 600.2345 600.189 600.145 600.1 600.0695 600.0345 600.0015 599.967 599.9325 599.9065 599.8745 599.855 599.829 599.796 599.776 599.747 599.716 599.6875 599.6545 599.6195 599.5835 599.5446 599.502 599.459 599.4165 599.3685 599.325 599.276 599.2252 599.174 599.1215 599.069 599.0155 598.9604 598.912 598.86 598.816 598.7715 598.7265 598.6906 598.647 598.6185 598.5835 598.562 598.532 598.5125 598.4955 598.478 598.4745 598.465 598.456 598.4555 598.462 598.46 598.46 598.461 598.465 598.467 598.468 598.468
-9999 606.8871 601.5316 600.1095 600.0595 600.031 599.9965 599.963 599.9344 599.9145 599.89 599.8655 599.842 599.828 599.808 599.7875 599.767 599.7485 599.7275 599.706 599.6785 599.6525 599.6265 599.597 599.5665 599.5345 599.4998 599.465 599.427 599.382 599.341 599.298 599.2535 599.2065 599.153 599.1055 599.062 599.0155 598.9655 598.9245 598.8835 598.8354 598.805 598.7595 598.7345 598.6965 598.678 598.6445 598.631 598.608 598.5925 598.588 598.5715 598.5625 598.572 598.5635 598.558 598.557 598.562 598.56 598.5685 598.5675 598.5656 598.5625
-9999 607.3135 601.8621 599.9735 599.943 599.9171 599.8925 599.8695 599.8505 599.834 599.818 599.803 599.7895 599.7775 599.7645 599.75 599.736 599.723 599.708 599.6905 599.6721 599.6545 599.6325 599.6095 599.582 599.553 599.5225 599.4885 599.454 599.4195 599.3855 599.3445 599.3025 599.264 599.2175 599.1775 599.132 599.097 599.061 599.013 598.9845 598.94 598.9125 598.885 598.847 598.8305 598.7995 598.7915 598.7595 598.738 598.74 598.719 598.7165 598.716 598.703 598.7004 598.7075 598.7 598.6975 598.6905 598.6855 598.6815 598.676 598.67
-9999 607.7398 602.1155 600.496 599.863 599.8435 599.8245 599.809 599.7965 599.7845 599.778 599.7695 599.7625 599.755 599.7479 599.742 599.736 599.7265 599.715 599.705 599.6935 599.6765 599.6575 599.6395 599.6205 599.5995 599.574 599.547 599.513 599.4865 599.4515 599.42 599.39 599.345 599.319 599.28 599.2469 599.2005 599.1755 599.156 599.117 599.088 599.0675 599.0305 599.0225 598.99 598.9695 598.955 598.943 598.933 598.908 598.916 598.9005 598.881 598.902 598.887 598.8765 598.87 598.86 598.8495 598.8655 598.857 598.846 598.8345
-9999 608.1662 602.3689 600.4555 599.806 599.793 599.787 599.78 599.7735 599.7692 599.7685 599.7675 599.767 599.7665 599.7635 599.7635 599.761 599.759 599.756 599.747 599.74 599.7315 599.7125 599.703 599.689 599.662 599.646 599.6265 599.607 599.5829 599.56 599.5245 599.5035 599.4755 599.45 599.4055 599.39 599.37 599.3395 599.3094 599.2945 599.2555 599.2515 599.218 599.2085 599.194 599.184 599.1825 599.16 599.132 599.15 599.127 599.1135 599.1305 599.108 599.088 599.095 599.0775 599.0815 599.065 599.0485 599.033 599.0165 598.9995
-9999 608.5926 602.6223 600.7787 599.7932 599.79 599.787 599.785 599.786 599.7895 599.793 599.796 599.8 599.806 599.81 599.8125 599.815 599.8175 599.818 599.8165 599.8135 599.809 599.802 599.7925 599.784 599.768 599.7535 599.7385 599.7175 599.696 599.6835 599.6615 599.65 599.616 599.605 599.5895 599.564 599.54 599.5355 599.5229 599.489 599.4955 599.475 599.463 599.4645 599.4405 599.4115 599.43 599.409 599.421 599.394 599.3935 599.396 599.371 599.3865 599.364 599.3485 599.325 599.3025 599.28 599.279 599.3135 599.29 599.2665
-9999 609.019 602.8865 601.1021 599.818 599.8195 599.8175 599.824 599.8335 599.843 599.8445 599.856 599.8705 599.8765 599.8795 599.89 599.903 599.9125 599.9195 599.9075 599.9165 599.915 599.9045 599.9055 599.9 599.892 599.8815 599.8795 599.8595 599.853 599.8395 599.82 599.815 599.8155 599.796 599.7885 599.773 599.778 599.7475 599.7495 599.74 599.731 599.7385 599.713 599.7625 599.745 599.8135 599.822 599.871 599.8455 599.9175 599.9125 599.884 599.919 599.9557 599.9415 599.9175 599.8891 599.9249 599.9795 599.9555 599.929 599.903 599.8788
-9999 609.4454 603.3128 601.4253 599.8795 599.88 599.8935 599.904 599.917 599.9325 599.937 599.9535 599.9685 599.9855 599.9995 600.0105 600.0205 600.03 600.04 600.038 600.0475 600.052 600.042 600.0495 600.0535 600.0325 600.039 600.0425 600.033 600.032 600.0345 600.006 600.022 600.0105 600.012 600.048 600.0345 600.081 600.115 600.1185 600.194 600.219 600.2204 600.2831 600.3479 600.3424 600.4044 600.4301 600.4948 600.5178 600.5168 600.5807 600.5828 600.5929 600.6561 600.6522 600.6282 600.6001 600.6232 600.6778 600.6538 600.6273 600.6013 600.5768
-9999 609.8717 603.7392 601.7486 599.977 599.9895 600.0025 600.0155 600.0315 600.0475 600.064 600.0795 600.1005 600.1135 600.13 600.1435 600.162 600.178 600.1925 600.1875 600.201 600.2054 600.213 600.2195 600.2255 600.229 600.2265 600.238 600.215 600.255 600.291 600.3415 600.399 600.3745 600.4144 600.4898 600.5634 600.6278 600.6788 600.7568 600.8217 600.8702 600.9316 600.9908 601.0556 601.0531 601.1151 601.138 601.202 601.2296 601.2234 601.2873 601.2943 601.2932 601.3563 601.3629 601.3387 601.3112 601.3215 601.3762 601.3522 601.3257 601.2996 601.2747
-9999 -9999 604.1656 602.0718 600.0705 600.128 600.1475 600.1585 600.183 600.207 600.211 600.2365 600.2675 600.2985 600.318 600.3195 600.342 600.3595 600.3625 600.3645 600.3875 600.4075 600.388 600.4255 600.458 600.5045 600.5535 600.5645 600.6436 600.7362 600.8138 600.8909 600.9692 601.0471 601.1223 601.1978 601.2719 601.3378 601.3897 601.4677 601.5314 601.5814 601.6428 601.6985 601.7633 601.7639 601.8259 601.8481 601.9092 601.9413 601.9305 601.9939 602.0057 601.9941 602.0566 602.0736 602.0493 602.0222 602.0198 602.0745 602.0505 602.024 601.998 601.9726
-9999 -9999 604.592 602.3951 600.3715 600.317 600.3224 600.351 600.379 600.4055 600.41 600.4375 600.465 600.493 600.514 600.5325 600.549 600.5765 600.6175 600.6365 600.7005 600.711 600.7926 600.8861 600.9796 601.0737 601.1688 601.2611 601.3489 601.4425 601.5221 601.5992 601.6791 601.757 601.8301 601.9058 601.9799 602.0479 602.1008 602.1786 602.2411 602.2925 602.3539 602.4066 602.471 602.4746 602.5366 602.5602 602.6164 602.6531 602.6375 602.7005 602.7171 602.695 602.757 602.7843 602.7599 602.7332 602.7182 602.7728 602.7488 602.7224 602.6963 602.6705
-9999 -9999 605.0184 602.7184 600.6725 600.524 600.5475 600.57 600.5945 600.62 600.644 600.666 600.6985 600.741 600.7845 600.8265 600.8605 600.9758 601.0922 601.1855 601.2686 601.3846 601.4985 601.5917 601.6855 601.7795 601.8762 601.9691 602.054 602.1481 602.2303 602.3076 602.3872 602.4669 602.538 602.6139 602.6879 602.7579 602.8121 602.8895 602.9507 603.0037 603.0651 603.1149 603.1788 603.1853 603.2473 603.2724 603.3236 603.3649 603.3445 603.407 603.4286 603.4029 603.4573 603.4949 603.4705 603.4442 603.4165 603.4711 603.4471 603.4207 603.3947 603.3685
-9999 -9999 605.4447 603.0416 600.9736 600.7755 600.809 600.8195 600.8725 600.9035 600.946 600.9907 601.1221 601.226 601.3327 601.4489 601.5635 601.6781 601.7946 601.8964 601.9742 602.0874 602.2029 602.2978 602.3915 602.4854 602.5831 602.6772 602.7634 602.8536 602.9386 603.0159 603.0946 603.1768 603.2458 603.3219 603.3959 603.4679 603.5235 603.6003 603.6604 603.7148 603.7762 603.8232 603.8865 603.8961 603.958 603.9846 604.0308 604.0767 604.0516 604.1136 604.14 604.1135 604.1576 604.2056 604.1811 604.1551 604.1286 604.1695 604.1455 604.1189 604.093 604.0663
-9999 -9999 605.8711 603.3649 601.2746 601.0995 601.1599 601.2764 601.3928 601.4716 601.5913 601.6989 601.8157 601.9343 602.035 602.1509 602.2665 602.3804 602.4969 602.6071 602.6845 602.7897 602.9048 603.0037 603.0975 603.1912 603.276 603.3848 603.4727 603.5591 603.6469 603.7241 603.8021 603.8867 603.9537 604.0299 604.1039 604.1779 604.2349 604.3112 604.3701 604.426 604.4874 604.5315 604.5942 604.6074 604.6688 604.6968 604.7385 604.7884 604.7621 604.8203 604.8514 604.8267 604.8585 604.9162 604.8917 604.8656 604.8393 604.8678 604.8438 604.8169 604.7913 604.7643
-9999 -9999 606.2975 603.5897 601.5727 601.635 601.8622 601.9787 602.0952 602.1841 602.2907 602.4072 602.5093 602.6425 602.7374 602.8529 602.9693 603.0828 603.1992 603.2996 603.3953 603.4921 603.6068 603.7095 603.801 603.897 603.9833 604.0923 604.182 604.2623 604.3552 604.4324 604.5095 604.5966 604.6633 604.7379 604.8119 604.8879 604.9462 605.0222 605.0797 605.1385 605.1985 605.2398 605.3019 605.3196 605.3795 605.409 605.4465 605.5002 605.4736 605.5272 605.5629 605.5389 605.5594 605.6213 605.6023 605.5761 605.55 605.5662 605.5422 605.5149 605.4896 605.4622
-9999 -9999 606.7239 603.7817 601.8658 602.0438 602.5646 602.681 602.7975 602.8967 602.9901 603.1155 603.2094 603.3508 603.4447 603.5559 603.6713 603.7851 603.9016 604.0053 604.1062 604.1944 604.3087 604.4154 604.5007 604.6028 604.6905 604.7997 604.8911 604.9629 605.0634 605.1407 605.2177 605.3065 605.3738 605.4459 605.5199 605.596 605.6576 605.733 605.7892 605.8511 605.9097 605.9481 606.0098 606.0317 606.0902 606.1212 606.1544 606.212 606.1851 606.2343 606.2744 606.2503 606.2604 606.3216 606.3129 606.2866 606.2603 606.2645 606.2405 606.2129 606.188 606.1601
-9999 -9999 607.1502 603.9737 602.1589 602.4525 603.2669 603.3834 603.4998 603.6093 603.6944 603.8238 603.9177 604.0462 604.153 604.2585 604.3733 604.4881 604.6039 604.711 604.8171 604.9012 605.0118 605.1213 605.204 605.3088 605.3978 605.5037 605.5992 605.6656 605.7692 605.8491 605.926 606.0164 606.0842 606.1539 606.2279 606.3038 606.369 606.4439 606.4988 606.5635 606.6208 606.6564 606.7181 606.744 606.801 606.8334 606.8623 606.9238 606.8964 606.9413 606.9858 606.9617 606.9613 607.0221 607.0235 606.9971 606.9706 606.9628 606.9388 606.9109 606.8863 606.858
-9999 -9999 607.5766 604.1656 602.4521 602.8613 603.9692 604.0857 604.2021 604.3186 604.4014 604.532 604.6259 604.7398 604.8613 604.9608 605.0753 605.1911 605.3062 605.4167 605.519 605.6095 605.715 605.8271 605.9109 606.0148 606.105 606.1964 606.3073 606.3749 606.4747 606.5573 606.6342 606.7255 606.7947 606.8619 606.936 607.0117 607.0803 607.1548 607.2084 607.2732 607.332 607.3659 607.4264 607.4562 607.5117 607.5457 607.5703 607.6316 607.6076 607.6483 607.6972 607.6732 607.6622 607.723 607.7341 607.7076 607.6811 607.6611 607.6371 607.6089 607.5847 607.556
-9999 -9999 608.003 604.3576 602.7452 603.2701 604.6652 604.788 604.9045 605.0209 605.112 605.2394 605.3342 605.4333 605.5695 605.6634 605.7775 605.8937 606.0085 606.1224 606.2097 606.3178 606.4178 606.5308 606.6179 606.7156 606.8123 606.8892 607.0153 607.0842 607.1757 607.2656 607.3425 607.433 607.5051 607.5699 607.644 607.7196 607.7917 607.8661 607.918 607.9828 608.0432 608.0786 608.1347 608.1684 608.2224 608.2578 608.2781 608.3391 608.3189 608.3553 608.337 608.311 608.2885 608.2645 608.2397 608.2152 608.1904 608.162 608.138 608.1095 608.0855 608.0566
-9999 -9999 608.4294 604.5496 603.0383 603.6788 605.3304 605.4904 605.6068 605.7233 605.8246 605.9388 606.0425 606.1364 606.2766 606.3716 606.4805 606.5957 606.7109 606.8273 606.9047 607.0269 607.1202 607.2329 607.3248 607.4152 607.5195 607.5927 607.7232 607.7936 607.8763 607.9739 608.0508 608.1404 608.2156 608.2778 608.352 608.4275 608.5031 608.5775 608.6275 608.63 608.6039 608.5817 608.5593 608.537 608.515 608.4925 608.4698 608.4465 608.4242 608.4019 608.373 608.3507 608.3281 608.3041 608.2795 608.2549 608.2302 608.202 608.1779 608.1497 608.1257 608.0969
-9999 -9999 608.8558 604.7416 603.3315 604.0876 605.7391 606.1927 606.3091 606.4256 606.5372 606.6401 606.7507 606.8447 606.9702 607.08 607.1835 607.2977 607.4132 607.5297 607.6104 607.7377 607.8282 607.9361 608.0318 608.1149 608.2262 608.2999 608.4242 608.5029 608.5768 608.6823 608.7592 608.836 608.81 608.7882 608.7698 608.7493 608.7285 608.71 608.6882 608.6659 608.644 608.6218 608.5993 608.5768 608.5548 608.5323 608.5095 608.4861 608.4638 608.4415 608.4127 608.3904 608.3678 608.3438 608.3192 608.2946 608.27 608.2419 608.2178 608.1898 608.1658 608.1372
-9999 -9999 609.2821 604.9335 603.6487 604.4963 606.1479 606.895 607.0115 607.1279 607.2444 607.3472 607.459 607.5529 607.6638 607.7882 607.8865 607.9997 608.1157 608.232 608.3162 608.4308 608.5365 608.6393 608.7387 608.8162 608.9305 608.9875 608.9653 608.9461 608.9277 608.9105 608.8893 608.8712 608.8508 608.829 608.8104 608.7899 608.7687 608.7502 608.7285 608.7062 608.6841 608.6618 608.6393 608.6166 608.5947 608.572 608.5493 608.5259 608.5034 608.4811 608.4523 608.4301 608.4075 608.3835 608.3589 608.3344 608.3098 608.2819 608.2578 608.2299 608.2059 608.1776
-9999 -9999 609.7085 605.1255 603.9686 604.9051 606.5566 607.5893 607.7138 607.8303 607.9467 608.0543 608.1673 608.2612 608.3574 608.4965 608.5904 608.7021 608.8181 608.9343 609.0219 609.1216 609.1158 609.0997 609.0813 609.0598 609.0441 609.0266 609.0075 608.9883 608.9691 608.9522 608.931 608.9122 608.892 608.8703 608.8511 608.8306 608.8089 608.7904 608.7687 608.7465 608.7242 608.7018 608.6793 608.6565 608.6345 608.6118 608.5891 608.5656 608.543 608.5206 608.4921 608.4697 608.4471 608.4232 608.3986 608.3741 608.3495 608.3218 608.2977 608.27 608.246 608.2179
-9999 -9999 610.1349 605.3674 604.2885 605.3138 606.9654 608.2829 608.4161 608.5326 608.649 608.7614 608.8756 608.9695 609.0634 609.2006 609.2635 609.243 609.2281 609.2087 609.191 609.1752 609.1598 609.1429 609.1249 609.1032 609.087 609.0693 609.0497 609.0305 609.0104 608.9939 608.9727 608.9532 608.9332 608.9116 608.8918 608.8713 608.8495 608.8306 608.809 608.7867 608.7643 608.7418 608.7194 608.6964 608.6743 608.6515 608.6288 608.6053 608.5826 608.5602 608.5319 608.5094 608.4868 608.4628 608.4384 608.4138 608.3892 608.3618 608.3376 608.3101 608.2861 608.2582
