samples/sfe_82/sfe_82_v3/sfe_82_v3/sfe_82_v3.asc
ncols         243
nrows         113
xllcorner     94.199999999255
yllcorner     60.60000000149
cellsize      0.7
NODATA_value  -9999
[rows 0 to 27 of 113, columns 0 to 62 of 243]
-9999 -9999 -9999 -9999 -9999 -9999 -9999 -9999 605.266 605.2634 605.2609 605.2585 605.2566 605.2544 605.2518 605.2492 605.2467 605.2443 605.2422 605.2401 605.2376 605.2352 605.2332 605.2309 605.2284 605.2259 605.2233 605.221 605.219 605.2167 605.2142 605.2115 605.209 605.2068 605.2047 605.2025 605.1999 605.1975 605.1955 605.1932 605.1907 605.1881 605.1856 605.1833 605.1813 605.1789 605.1764 605.1738 605.1713 605.1697 605.1672 605.1646 605.1621 605.1597 605.1577 605.1555 605.1529 605.1503 605.1478 605.1455 605.1434 605.1412 605.1386
-9999 -9999 -9999 -9999 -9999 -9999 -9999 -9999 605.2346 605.231 605.2285 605.2253 605.2228 605.2209 605.2174 605.2142 605.2114 605.2078 605.2052 605.2023 605.2004 605.1978 605.1937 605.1906 605.1887 605.1861 605.1818 605.1792 605.1768 605.1736 605.1715 605.1669 605.1643 605.1617 605.1581 605.1565 605.1528 605.1496 605.1465 605.1438 605.141 605.1384 605.1344 605.1318 605.1289 605.1251 605.1221 605.1195 605.1162 605.1135 605.1103 605.1069 605.1043 605.0998 605.0975 605.0956 605.0922 605.0885 605.085 605.0824 605.0791 605.0771 605.0735
-9999 -9999 -9999 -9999 -9999 -9999 -9999 -9999 605.2057 605.1981 605.196 605.1923 605.1898 605.1873 605.1823 605.1788 605.176 605.1727 605.1688 605.1647 605.1625 605.1605 605.1548 605.1506 605.1482 605.1463 605.1407 605.1376 605.135 605.1313 605.1285 605.1249 605.1196 605.1169 605.1122 605.1105 605.1068 605.1024 605.0993 605.0944 605.0908 605.0886 605.0833 605.0806 605.0767 605.0714 605.0674 605.0652 605.0611 605.0571 605.0531 605.0491 605.0464 605.0406 605.0375 605.0356 605.0314 605.0267 605.023 605.0195 605.0148 605.013 605.0089
-9999 -9999 -9999 -9999 -9999 -9999 -9999 -9999 605.177 605.1669 605.163 605.159 605.1567 605.1541 605.1479 605.1443 605.14 605.1368 605.1323 605.1276 605.125 605.1232 605.1194 605.1134 605.1082 605.106 605.1027 605.0959 605.0934 605.0908 605.0853 605.0818 605.0742 605.0721 605.0681 605.0641 605.0602 605.056 605.0515 605.0471 605.0414 605.0387 605.0319 605.0294 605.0247 605.02 605.0138 605.0108 605.0059 605.0009 604.9957 604.993 604.9886 604.9838 604.9778 604.9756 604.9703 604.9648 604.9616 604.9567 604.9508 604.9488 604.9448
-9999 -9999 -9999 -9999 -9999 -9999 -9999 605.165 605.1482 605.1351 605.1302 605.1254 605.1234 605.121 605.1159 605.1097 605.1045 605.1004 605.0953 605.09 605.0878 605.0858 605.0818 605.0746 605.0685 605.0659 605.0639 605.0536 605.0518 605.0491 605.0427 605.0382 605.0292 605.0271 605.0247 605.0178 605.0132 605.0089 605.0038 604.9986 604.9933 604.9885 604.9801 604.9781 604.9728 604.9674 604.9616 604.9561 604.9506 604.945 604.9408 604.9367 604.9308 604.9265 604.918 604.9156 604.9091 604.9025 604.9003 604.8937 604.8868 604.8846 604.8807
-9999 -9999 -9999 -9999 -9999 -9999 -9999 605.1362 605.1194 605.1032 605.0978 605.0932 605.0897 605.0878 605.0844 605.0754 605.0707 605.0649 605.0586 605.0542 605.0504 605.0479 605.0439 605.0351 605.0284 605.0261 605.0236 605.012 605.0095 605.0074 605 604.9951 604.9846 604.9818 604.9799 604.9719 604.9664 604.9611 604.9559 604.9501 604.9442 604.9385 604.929 604.9269 604.9209 604.916 604.9081 604.9015 604.895 604.8909 604.886 604.8794 604.8727 604.8691 604.8583 604.8555 604.8484 604.8405 604.8384 604.8309 604.8229 604.8204 604.8166
-9999 -9999 -9999 -9999 -9999 -9999 -9999 605.1074 605.0907 605.0742 605.0649 605.0626 605.0567 605.0542 605.0521 605.0419 605.0355 605.0311 605.0252 605.0195 605.0125 605.0106 605.006 604.9962 604.9883 604.9863 604.9836 604.9715 604.9678 604.9658 604.957 604.954 604.9434 604.9371 604.9349 604.9254 604.9205 604.9139 604.9075 604.9015 604.8951 604.8887 604.8802 604.8752 604.8701 604.865 604.8547 604.8472 604.8418 604.8369 604.8303 604.8223 604.8145 604.8116 604.7981 604.7957 604.7881 604.7791 604.7765 604.7679 604.7601 604.7562 604.7526
-9999 -9999 -9999 -9999 -9999 -9999 -9999 605.0787 605.062 605.0453 605.0345 605.03 605.0236 605.0209 605.019 605.0073 605.0015 604.9953 604.9905 604.983 604.9754 604.973 604.9703 604.9602 604.9517 604.9459 604.9438 604.9335 604.9261 604.9235 604.9152 604.912 604.9026 604.8923 604.8895 604.8795 604.8765 604.8681 604.8598 604.8533 604.8457 604.8391 604.8321 604.8239 604.8198 604.814 604.8008 604.793 604.7885 604.7825 604.7742 604.7654 604.7567 604.7543 604.7382 604.7359 604.7285 604.7195 604.7146 604.7047 604.6977 604.6921 604.6885
-9999 -9999 -9999 -9999 -9999 -9999 -9999 605.0498 605.0331 605.0165 605.0042 604.997 604.9899 604.9879 604.9854 604.9749 604.9675 604.9597 604.9542 604.9462 604.9378 604.9354 604.9333 604.9247 604.9157 604.9061 604.904 604.8956 604.884 604.8818 604.8751 604.8691 604.8618 604.8469 604.8447 604.8358 604.8313 604.8234 604.8145 604.8074 604.7978 604.7888 604.784 604.7726 604.7694 604.7621 604.749 604.7382 604.7352 604.7269 604.7183 604.7085 604.6989 604.6965 604.6812 604.6761 604.6689 604.66 604.6525 604.6418 604.6354 604.6281 604.6244
-9999 -9999 -9999 -9999 -9999 -9999 605.0382 605.021 605.0043 604.9877 604.9724 604.9645 604.9578 604.9545 604.952 604.9434 604.933 604.9272 604.9183 604.9095 604.903 604.8982 604.896 604.8892 604.8766 604.8662 604.8636 604.8575 604.8423 604.8401 604.835 604.826 604.8195 604.8022 604.7999 604.7926 604.7852 604.7774 604.7693 604.7614 604.7513 604.7411 604.7359 604.7212 604.7191 604.7101 604.6984 604.6866 604.6814 604.6717 604.662 604.6512 604.6427 604.6386 604.6248 604.6163 604.6094 604.6005 604.5903 604.5798 604.573 604.564 604.5603
-9999 -9999 -9999 -9999 -9999 -9999 605.0089 604.9922 604.9756 604.9588 604.9424 604.9316 604.9281 604.921 604.9189 604.9118 604.9015 604.8921 604.8862 604.8765 604.8697 604.8604 604.8585 604.8522 604.8374 604.8261 604.8239 604.8196 604.8023 604.7981 604.7949 604.7834 604.7761 604.7614 604.7546 604.7493 604.7389 604.7305 604.7226 604.7136 604.7045 604.6939 604.6868 604.6698 604.6674 604.6578 604.6478 604.6354 604.6271 604.6166 604.6058 604.5958 604.5869 604.5806 604.5684 604.5562 604.5498 604.5409 604.5285 604.5184 604.5107 604.5 604.4962
-9999 -9999 -9999 -9999 -9999 -9999 604.9802 604.9635 604.9468 604.93 604.9138 604.9018 604.8969 604.888 604.8856 604.8802 604.8666 604.858 604.8507 604.8439 604.8337 604.8232 604.8209 604.8142 604.801 604.7901 604.784 604.7816 604.7643 604.7563 604.7539 604.7405 604.7341 604.721 604.7098 604.7061 604.6927 604.6838 604.675 604.6658 604.6561 604.6462 604.6368 604.6213 604.616 604.6058 604.5954 604.5839 604.5727 604.5612 604.5512 604.5411 604.5311 604.5225 604.5111 604.4964 604.4902 604.481 604.4667 604.4571 604.4483 604.4357 604.4321
-9999 -9999 -9999 -9999 -9999 -9999 604.9515 604.9348 604.918 604.9012 604.8849 604.8729 604.8638 604.8544 604.8521 604.8487 604.834 604.8254 604.8149 604.8082 604.7971 604.7856 604.7834 604.7775 604.7655 604.7548 604.7438 604.7415 604.7264 604.7145 604.7122 604.699 604.693 604.6802 604.6647 604.6625 604.6467 604.6393 604.6284 604.6177 604.6075 604.597 604.5869 604.5732 604.5648 604.5538 604.5444 604.5305 604.5181 604.5071 604.4971 604.4863 604.4754 604.4646 604.4537 604.4365 604.4306 604.4201 604.4046 604.3958 604.386 604.3718 604.368
-9999 -9999 -9999 -9999 -9999 -9999 604.9225 604.906 604.8892 604.8725 604.8561 604.8414 604.8313 604.8224 604.819 604.8167 604.8024 604.7907 604.7824 604.772 604.7605 604.7516 604.7458 604.7418 604.73 604.718 604.704 604.7015 604.6884 604.6727 604.6703 604.6589 604.652 604.6395 604.6199 604.6176 604.6035 604.5953 604.5836 604.5716 604.5605 604.5477 604.5371 604.525 604.5134 604.5034 604.4933 604.477 604.4637 604.4539 604.4431 604.4315 604.4196 604.4067 604.3963 604.3781 604.371 604.3594 604.3447 604.3344 604.3236 604.3091 604.304
-9999 -9999 -9999 -9999 -9999 604.9113 604.8938 604.8771 604.8604 604.8438 604.8273 604.8107 604.7985 604.7927 604.7855 604.7834 604.7709 604.7597 604.7487 604.7394 604.7278 604.7184 604.7085 604.7061 604.6945 604.6786 604.6639 604.6617 604.6504 604.6331 604.6285 604.6188 604.6097 604.5986 604.5793 604.5725 604.5602 604.5513 604.5389 604.5265 604.5146 604.5012 604.4881 604.4769 604.462 604.4531 604.4423 604.4265 604.4108 604.4006 604.389 604.3767 604.3638 604.3488 604.3389 604.3217 604.3115 604.2998 604.2852 604.273 604.2613 604.2467 604.2399
-9999 -9999 -9999 -9999 -9999 604.8818 604.8651 604.8483 604.8316 604.815 604.7984 604.782 604.769 604.763 604.7524 604.7499 604.7393 604.726 604.7145 604.706 604.6952 604.6845 604.671 604.6688 604.6591 604.6418 604.6284 604.6215 604.6124 604.5952 604.5867 604.5787 604.5667 604.5573 604.5395 604.5276 604.517 604.5062 604.4941 604.4814 604.4688 604.4547 604.4409 604.4288 604.4106 604.4027 604.3914 604.3759 604.3596 604.3474 604.3349 604.322 604.3066 604.2924 604.2815 604.2653 604.2519 604.2402 604.2256 604.2117 604.1987 604.1844 604.1758
-9999 -9999 -9999 -9999 -9999 604.8529 604.8364 604.8195 604.8028 604.7862 604.7695 604.7534 604.7402 604.7309 604.7189 604.7167 604.7078 604.693 604.683 604.6702 604.6618 604.6479 604.6336 604.6313 604.6227 604.6063 604.5931 604.5817 604.5744 604.5571 604.5449 604.5386 604.524 604.514 604.4987 604.4826 604.4738 604.46 604.4479 604.4363 604.4229 604.4083 604.3936 604.3807 604.3623 604.3524 604.3403 604.3254 604.3082 604.2941 604.2808 604.2668 604.2509 604.2366 604.2241 604.2089 604.1923 604.1807 604.166 604.1503 604.1403 604.1279 604.053
-9999 -9999 -9999 -9999 -9999 604.8242 604.8076 604.7906 604.774 604.7574 604.7407 604.7245 604.7106 604.6981 604.687 604.6833 604.6761 604.6614 604.6486 604.6376 604.6257 604.6118 604.6004 604.5938 604.5848 604.5709 604.5577 604.5417 604.5364 604.5192 604.503 604.4986 604.4828 604.473 604.4579 604.4376 604.4305 604.4144 604.4022 604.3889 604.3757 604.3618 604.3464 604.3326 604.3142 604.302 604.2893 604.2748 604.257 604.2408 604.2267 604.2115 604.196 604.1808 604.1667 604.1525 604.1377 604.0685 603.997 603.9129 603.8371 603.7606 603.6885
-9999 -9999 -9999 -9999 -9999 604.7956 604.7787 604.7619 604.7452 604.7286 604.7119 604.6957 604.679 604.6653 604.6573 604.6501 604.6446 604.6299 604.6172 604.6052 604.5927 604.5792 604.5671 604.5563 604.5491 604.5353 604.5201 604.5021 604.4985 604.4812 604.4639 604.4585 604.4427 604.4319 604.4171 604.3973 604.3873 604.3712 604.3582 604.3439 604.3287 604.3135 604.299 604.2845 604.2661 604.2516 604.2383 604.2238 604.2057 604.1876 604.1725 604.1583 604.137 604.0457 603.965 603.8853 603.7791 603.7069 603.6392 603.5483 603.474 603.3932 603.3241
-9999 -9999 -9999 -9999 604.7845 604.7668 604.7498 604.7332 604.7164 604.6998 604.683 604.6669 604.6503 604.6364 604.6276 604.6167 604.613 604.5983 604.5856 604.571 604.5608 604.5466 604.5339 604.5188 604.5134 604.4999 604.4827 604.4668 604.4592 604.4432 604.4259 604.4171 604.4027 604.3909 604.3763 604.3576 604.3441 604.3279 604.3141 604.2991 604.2836 604.2677 604.251 604.2351 604.218 604.2014 604.187 604.1728 604.1638 604.0524 603.9615 603.8704 603.779 603.6877 603.6006 603.5256 603.4203 603.3466 603.2814 603.1894 603.1094 603.0258 602.9596
-9999 -9999 -9999 -9999 604.7548 604.7378 604.7211 604.7043 604.6877 604.671 604.6542 604.638 604.6216 604.6074 604.5977 604.5835 604.5812 604.5668 604.552 604.5395 604.5255 604.5139 604.4988 604.4824 604.4777 604.4644 604.4471 604.4315 604.4194 604.4052 604.3879 604.3752 604.3626 604.3499 604.3355 604.3171 604.3003 604.2847 604.2701 604.2543 604.2385 604.2219 604.2046 604.1877 604.1725 604.1115 604.0177 603.9247 603.8087 603.693 603.5983 603.5125 603.421 603.3298 603.2422 603.1613 603.072 602.9879 602.9236 602.8315 602.7449 602.6601 602.5951
-9999 -9999 -9999 -9999 604.7258 604.709 604.6923 604.6756 604.6589 604.6422 604.6254 604.6091 604.5929 604.5785 604.5649 604.5516 604.5478 604.5352 604.5204 604.5065 604.4929 604.4795 604.4631 604.4491 604.4416 604.4289 604.4117 604.3961 604.3793 604.3672 604.35 604.3333 604.3225 604.3074 604.2947 604.2763 604.2553 604.2415 604.2261 604.2096 604.1934 604.178 604.1082 603.9871 603.8918 603.7466 603.6528 603.5596 603.4505 603.3409 603.2371 603.1547 603.063 602.9718 602.8923 602.797 602.7215 602.6292 602.5641 602.4737 602.3823 602.2985 602.2264
-9999 -9999 -9999 -9999 604.697 604.6803 604.6636 604.6469 604.6301 604.6133 604.5966 604.5803 604.5641 604.5479 604.5325 604.5219 604.5146 604.5037 604.4889 604.4748 604.4611 604.4458 604.4305 604.4159 604.4041 604.3931 604.3762 604.3608 604.3405 604.3293 604.312 604.2947 604.2824 604.2667 604.253 604.2355 604.2152 604.1982 604.1843 604.116 603.998 603.8721 603.7515 603.6306 603.5267 603.4033 603.288 603.1946 603.094 602.9888 602.8759 602.7943 602.7054 602.6138 602.5336 602.4327 602.3573 602.2705 602.2025 602.1159 602.0243 601.9369 601.85
-9999 -9999 -9999 604.6874 604.6683 604.6516 604.6348 604.6181 604.6013 604.5845 604.5679 604.5515 604.5353 604.5186 604.5036 604.4922 604.4813 604.4721 604.4573 604.444 604.4275 604.414 604.3979 604.3827 604.3666 604.3563 604.3407 604.3235 604.3051 604.2913 604.274 604.2567 604.2423 604.2266 604.212 604.1948 604.1334 604.0356 603.9016 603.7791 603.6508 603.5208 603.3948 603.2741 603.1617 603.0623 602.9232 602.8295 602.7365 602.6326 602.5176 602.4301 602.3477 602.2559 602.1749 602.0817 601.993 601.9119 601.8408 601.7581 601.6663 601.5753 601.373
-9999 -9999 -9999 604.6577 604.6396 604.6229 604.6061 604.5894 604.5725 604.5557 604.5392 604.5226 604.5065 604.4899 604.4747 604.4625 604.448 604.4406 604.4258 604.4111 604.396 604.3807 604.3652 604.3494 604.3311 604.3206 604.3052 604.288 604.2698 604.2533 604.236 604.2188 604.2023 604.1945 604.088 603.9759 603.8273 603.698 603.5847 603.4405 603.3036 603.1856 603.0382 602.9177 602.7966 602.7036 602.5583 602.4645 602.3714 602.2713 602.1657 602.0659 601.9899 601.898 601.8162 601.7343 601.6288 601.5635 601.4435 601.0547 600.7527 600.3862 600.1028
-9999 -9999 -9999 604.6278 604.6109 604.5942 604.5774 604.5605 604.5437 604.5269 604.5105 604.4938 604.4776 604.4612 604.4458 604.4318 604.4163 604.409 604.3942 604.3795 604.3643 604.3481 604.3326 604.3145 604.2979 604.2849 604.2697 604.2525 604.2344 604.2153 604.2005 604.1565 604.0358 603.9089 603.7727 603.6536 603.5219 603.3663 603.2678 603.1072 602.9708 602.8384 602.6825 602.5612 602.4399 602.3386 602.2081 602.0997 602.0063 601.91 601.8138 601.7017 601.6268 601.5725 601.2065 600.9355 600.5805 600.2568 600.215 600.118 600.0905 600.0693 600.0468
-9999 -9999 -9999 604.5987 604.582 604.5654 604.5486 604.5318 604.515 604.4982 604.4818 604.4649 604.4487 604.4325 604.4169 604.3998 604.3865 604.3774 604.3627 604.348 604.3324 604.3163 604.299 604.2819 604.2646 604.2492 604.2342 604.217 604.2055 604.1058 603.9843 603.8557 603.731 603.6064 603.4629 603.3418 603.2159 603.0604 602.9366 602.7906 602.6482 602.4912 602.3483 602.2047 602.0835 601.9735 601.8672 601.7349 601.6413 601.4833 601.193 600.7192 600.4432 600.0903 600.1035 600.0958 600.095 600.085 600.0747 600.0747 600.0705 600.065 600.056
-9999 -9999 -9999 604.5697 604.5531 604.5366 604.5199 604.5031 604.4861 604.4694 604.4531 604.4361 604.4199 604.4037 604.3868 604.3708 604.3569 604.3458 604.3311 604.3163 604.3015 604.284 604.2672 604.2492 604.2314 604.2135 604.1802 604.0782 603.9537 603.8107 603.6877 603.5547 603.438 603.3017 603.1669 603.0358 602.899 602.7549 602.5991 602.4739 602.3129 602.1625 602.014 601.8481 601.727 601.6084 601.3867 600.854 600.4963 600.114 600.014 600.0106 600.0105 600.0182 600.0385 600.059 600.0737 600.0815 600.0862 600.0928 600.0975 600.0967 600.0982
