samples/sfe_82/sfe_82_v3/sfe_82_v3/sfe_82_v3.asc
ncols         243
nrows         113
xllcorner     94.199999999255
yllcorner     60.60000000149
cellsize      0.7
NODATA_value  -9999
[rows 28 to 55 of 113, columns 63 to 125 of 243]
600.1575 600.146 600.1525 600.1475 600.147 600.1508 600.146 600.1453 600.1472 600.1395 600.1357 600.128 600.1382 600.1312 600.1245 600.1195 600.1135 600.109 600.1058 600.104 600.105 600.1068 600.0945 600.1 600.1075 600.1042 600.1055 600.1072 600.1075 600.0985 600.1022 600.097 600.0842 600.0698 600.0627 600.0505 600.0363 600.0265 600.0203 600.0125 600.0023 599.9937 599.9845 599.9763 599.983 599.9772 599.974 599.9715 599.9705 599.9698 599.9925 599.9945 600.0323 600.0652 600.085 600.3522 600.6907 601.023 601.1548 601.4997 601.6427 601.7787 601.929
600.2197 600.2252 600.2142 600.222 600.2217 600.2209 600.2145 600.221 600.2165 600.2087 600.2215 600.2145 600.2073 600.2003 600.2 600.1942 600.1887 600.1835 600.1807 600.179 600.1793 600.1818 600.1802 600.1865 600.175 600.184 600.191 600.18 600.177 600.178 600.1652 600.1583 600.1545 600.1273 600.1255 600.1075 600.088 600.0677 600.059 600.0425 600.0255 600.0132 600.006 599.985 599.9767 599.9662 599.9532 599.944 599.9335 599.927 599.9238 599.9208 599.9235 599.9215 599.9385 599.9802 600.028 600.083 600.2098 600.5413 600.948 601.4252 601.5041
600.2838 600.294 600.2838 600.2907 600.2913 600.291 600.2972 600.2938 600.291 600.2997 600.2928 600.2858 600.2807 600.2745 600.2888 600.2827 600.277 600.2725 600.2692 600.2675 600.2682 600.2567 600.2545 600.2598 600.2657 600.2595 600.261 600.2715 600.2563 600.2573 600.2493 600.2343 600.2297 600.2083 600.201 600.1795 600.1572 600.1317 600.1213 600.1013 600.0895 600.068 600.059 600.0315 600.0242 600.0055 599.9858 599.965 599.9457 599.9288 599.9175 599.9025 599.8885 599.8798 599.8792 599.8863 599.8987 599.9138 599.9665 600.042 600.1373 600.3838 600.7225
600.3683 600.3618 600.371 600.3635 600.3713 600.3745 600.3743 600.3662 600.3777 600.3725 600.3663 600.3658 600.376 600.3693 600.3633 600.3608 600.3575 600.353 600.3497 600.348 600.3428 600.3447 600.349 600.3447 600.339 600.3453 600.3548 600.3405 600.3483 600.3317 600.341 600.323 600.3038 600.289 600.284 600.2603 600.235 600.2112 600.2028 600.174 600.1608 600.1373 600.129 600.1002 600.0875 600.0502 600.0283 600.009 599.9789 599.9562 599.9368 599.9102 599.8835 599.8748 599.8595 599.8472 599.841 599.8395 599.8635 599.8785 599.929 599.993 600.0677
600.439 600.4337 600.4435 600.4352 600.4445 600.4532 600.4487 600.4565 600.455 600.4485 600.4637 600.457 600.4528 600.4468 600.4407 600.4348 600.4503 600.4457 600.4425 600.4407 600.4205 600.422 600.4258 600.429 600.4357 600.422 600.4293 600.4352 600.4272 600.425 600.4075 600.413 600.3925 600.3732 600.3712 600.3463 600.319 600.3055 600.2783 600.2552 600.2418 600.2165 600.202 600.1772 600.1483 600.1127 600.0933 600.0552 600.0285 599.9973 599.9725 599.9345 599.9105 599.887 599.862 599.8337 599.8168 599.8073 599.8057 599.8088 599.8235 599.8645 599.913
600.5143 600.523 600.5153 600.5265 600.5223 600.5313 600.5347 600.5355 600.5303 600.5432 600.539 600.5372 600.5325 600.5393 600.5355 600.5309 600.527 600.5227 600.5202 600.5182 600.5166 600.5174 600.5179 600.5098 600.514 600.5162 600.5237 600.507 600.5128 600.5103 600.5007 600.4937 600.4838 600.4604 600.4575 600.4344 600.4065 600.402 600.3712 600.3403 600.3135 600.3005 600.2675 600.2592 600.2148 600.1942 600.1475 600.1207 600.0797 600.0422 600.0082 599.9748 599.943 599.9122 599.8787 599.8442 599.8203 599.7983 599.7787 599.7693 599.7695 599.7808 599.8008
600.5897 600.599 600.6045 600.6013 600.6145 600.6118 600.6102 600.612 600.6217 600.621 600.615 600.631 600.6252 600.6198 600.6162 600.6108 600.6063 600.6027 600.5992 600.5975 600.5973 600.598 600.5988 600.6022 600.608 600.5928 600.598 600.6014 600.6093 600.5885 600.5942 600.576 600.5751 600.5572 600.5515 600.5247 600.4955 600.492 600.461 600.4345 600.3935 600.388 600.3565 600.3347 600.3 600.2493 600.2217 600.179 600.136 600.095 600.0545 600.0317 599.9818 599.941 599.9072 599.8773 599.837 599.8033 599.7742 599.7565 599.7428 599.735 599.7383
600.6718 600.6732 600.684 600.677 600.69 600.6855 600.695 600.6967 600.704 600.698 600.713 600.709 600.7023 600.697 600.7142 600.709 600.705 600.7007 600.698 600.6963 600.6955 600.696 600.6758 600.6793 600.685 600.6885 600.6945 600.6813 600.6848 600.6845 600.6898 600.6667 600.6696 600.6442 600.6435 600.6155 600.596 600.5795 600.5524 600.5187 600.4952 600.479 600.4462 600.4083 600.366 600.329 600.2827 600.243 600.2027 600.1497 600.1198 600.0822 600.0305 599.979 599.9352 599.8985 599.857 599.8255 599.7892 599.7588 599.7333 599.7173 599.7092
600.744 600.7612 600.7588 600.7712 600.7654 600.7727 600.7742 600.7737 600.78 600.7905 600.791 600.786 600.8015 600.7977 600.7922 600.7888 600.7842 600.7808 600.7783 600.7765 600.7755 600.7735 600.7758 600.7783 600.7775 600.7657 600.7708 600.7712 600.7762 600.7808 600.7783 600.7612 600.7628 600.7365 600.7355 600.7075 600.6938 600.6733 600.6412 600.6097 600.5762 600.5493 600.5305 600.4942 600.4435 600.391 600.36 600.3143 600.2563 600.209 600.176 600.1218 600.078 600.029 599.9827 599.9377 599.894 599.8572 599.8155 599.7733 599.7375 599.7165 599.6965
600.8262 600.8375 600.8365 600.8472 600.845 600.8542 600.8515 600.862 600.8685 600.8693 600.8672 600.8828 600.88 600.875 600.871 600.8812 600.8832 600.8798 600.8773 600.8752 600.8735 600.8515 600.8527 600.8552 600.857 600.8605 600.8643 600.8687 600.8742 600.8585 600.8533 600.8552 600.8562 600.8295 600.8282 600.7995 600.7957 600.765 600.734 600.7025 600.6697 600.6355 600.6025 600.5598 600.516 600.4743 600.4288 600.376 600.3195 600.2711 600.239 600.1797 600.1298 600.0915 600.0388 599.9897 599.9348 599.8882 599.8385 599.801 599.766 599.727 599.7012
600.9085 600.9147 600.924 600.9207 600.9358 600.9305 600.944 600.944 600.9455 600.9497 600.9612 600.961 600.9573 600.9745 600.9703 600.9652 600.9612 600.9578 600.9553 600.9535 600.9515 600.9515 600.9525 600.9532 600.9557 600.9377 600.9407 600.945 600.9482 600.9455 600.948 600.9495 600.9495 600.9252 600.9205 600.895 600.8815 600.8577 600.8252 600.794 600.7622 600.7292 600.6848 600.644 600.5915 600.5425 600.498 600.4392 600.4015 600.3533 600.2982 600.2442 600.1905 600.141 600.0925 600.041 599.9905 599.9318 599.8822 599.8367 599.7945 599.7518 599.718
600.9838 600.9962 601.0023 601.0085 601.0113 601.01 601.0193 601.02 601.0303 601.0388 601.038 601.0388 601.0543 601.0518 601.048 601.0438 601.0392 601.0358 601.0333 601.0313 601.0292 601.0285 601.0295 601.0297 601.03 601.032 601.0342 601.037 601.0392 601.0412 601.0422 601.0425 601.0422 601.0375 601.013 600.9935 600.98 600.9497 600.911 600.8868 600.855 600.823 600.7825 600.7125 600.656 600.6093 600.5673 600.522 600.476 600.4258 600.3672 600.3095 600.2621 600.2057 600.1454 600.079 600.0295 599.9813 599.934 599.8848 599.8255 599.7867 599.7555
601.0668 601.0695 601.0768 601.0865 601.085 601.1005 601.0967 601.1065 601.1097 601.1202 601.1193 601.1315 601.1332 601.1287 601.1473 601.1437 601.1392 601.1357 601.1332 601.1315 601.1293 601.1275 601.1275 601.1275 601.1285 601.1295 601.1305 601.1328 601.135 601.1357 601.1365 601.1357 601.1345 601.1324 601.1042 601.0947 601.0687 601.041 601.011 600.9617 600.9407 600.892 600.8508 600.7985 600.739 600.6948 600.6497 600.593 600.5403 600.4952 600.4343 600.3777 600.3287 600.2762 600.1968 600.1531 600.0935 600.0185 599.9753 599.9245 599.8785 599.8358 599.7933
601.1437 601.155 601.1615 601.165 601.1777 601.176 601.18 601.187 601.1877 601.2 601.2085 601.2137 601.2103 601.2267 601.2242 601.2208 601.2173 601.2137 601.211 601.2087 601.2062 601.2048 601.2042 601.2035 601.2037 601.2037 601.204 601.2048 601.225 601.2302 601.2295 601.2282 601.2263 601.2245 601.1955 601.1895 601.1632 601.1337 601.0963 601.0515 601.0203 600.982 600.9193 600.8715 600.8173 600.7733 600.717 600.6678 600.614 600.552 600.498 600.4462 600.3942 600.326 600.2742 600.2245 600.1642 600.0946 600.0475 599.9825 599.9263 599.8932 599.8315
601.218 601.2335 601.235 601.2385 601.2512 601.2495 601.2662 601.2625 601.2792 601.2825 601.2847 601.2897 601.303 601.3047 601.3013 601.3143 601.3162 601.3127 601.3102 601.3077 601.3052 601.287 601.28 601.2785 601.2943 601.2985 601.2997 601.299 601.2977 601.3235 601.3222 601.3198 601.3182 601.315 601.2897 601.2838 601.2545 601.2247 601.1953 601.1378 601.1005 601.0488 601.0067 600.9377 600.8812 600.842 600.7885 600.735 600.6777 600.623 600.5735 600.516 600.451 600.3937 600.3417 600.2897 600.23 600.1835 600.1047 600.0538 599.9957 599.9387 599.8935
601.3038 601.3043 601.3157 601.3242 601.3275 601.343 601.341 601.342 601.3545 601.356 601.3693 601.3782 601.3843 601.3807 601.3975 601.396 601.3932 601.3898 601.3873 601.3848 601.3823 601.378 601.3757 601.3737 601.3738 601.372 601.3832 601.401 601.4012 601.4277 601.4352 601.4327 601.4302 601.4277 601.4005 601.3842 601.342 601.3027 601.2673 601.23 601.1733 601.1305 601.0778 601.0195 600.9548 600.921 600.8552 600.8098 600.7557 600.6995 600.6527 600.594 600.5313 600.4742 600.4227 600.348 600.2803 600.2388 600.1825 600.127 600.071 600.0007 599.9514
601.3765 601.3912 601.3958 601.4053 601.406 601.4167 601.415 601.4345 601.4335 601.4575 601.4543 601.4758 601.4783 601.4973 601.5023 601.4998 601.4973 601.517 601.4915 601.4888 601.4863 601.4838 601.4813 601.4785 601.4985 601.5143 601.5169 601.5269 601.5884 601.6026 601.6499 601.6656 601.6598 601.6408 601.5931 601.5209 601.468 601.4218 601.3455 601.3157 601.2595 601.2078 601.1613 601.0903 601.049 601.0002 600.9315 600.8867 600.8292 600.781 600.7352 600.6627 600.606 600.5605 600.4958 600.4265 600.39 600.3152 600.2555 600.1905 600.1262 600.0563 600.0093
601.4507 601.4683 601.4795 601.4902 601.5042 601.513 601.517 601.536 601.5408 601.5914 601.6166 601.6672 601.7184 601.7656 601.8092 601.8066 601.8041 601.801 601.7991 601.7956 601.7933 601.7905 601.7879 601.7794 601.785 601.8492 601.852 601.8452 601.9067 601.9005 601.9479 601.9462 601.9424 601.9131 601.8654 601.784 601.696 601.5888 601.4655 601.421 601.3383 601.277 601.2365 601.1677 601.1285 601.0568 601.0113 600.9622 600.9037 600.8608 600.8095 600.7402 600.692 600.644 600.5645 600.5055 600.4537 600.4027 600.345 600.2758 600.2047 600.1447 600.0883
601.5615 601.5849 601.6293 601.6887 601.7314 601.7909 601.7938 601.8665 601.8936 601.9656 601.9938 602.0293 602.0956 602.1276 602.1713 602.1685 602.166 602.1629 602.161 602.1575 602.1552 602.1522 602.1495 602.1271 602.1199 602.184 602.1871 602.1634 602.223 602.1985 602.2458 602.2274 602.2245 602.1854 602.137 602.0471 601.957 601.8498 601.7224 601.5726 601.4578 601.3517 601.3118 601.2413 601.2078 601.1315 601.0917 601.034 600.9797 600.941 600.8732 600.83 600.7828 600.7188 600.648 600.5988 600.544 600.4658 600.415 600.3588 600.268 600.223 600.1665
601.8901 601.9474 601.9945 602.0648 602.1027 602.1683 602.1713 602.2439 602.2684 602.3397 602.3712 602.3914 602.4609 602.4894 602.5333 602.5305 602.5279 602.5248 602.5229 602.5194 602.5172 602.514 602.5112 602.4748 602.4669 602.5189 602.5218 602.4819 602.5345 602.4969 602.5438 602.5096 602.4984 602.4577 602.4001 602.3101 602.218 602.1291 601.9793 601.8304 601.6876 601.5009 601.4048 601.327 601.279 601.2175 601.1675 601.111 601.0712 601.0132 600.9655 600.922 600.8652 600.7995 600.745 600.6935 600.6345 600.5605 600.509 600.4265 600.366 600.3187 600.2427
602.2498 602.3098 602.3599 602.4301 602.4738 602.5453 602.5486 602.6213 602.6456 602.7138 602.7484 602.7534 602.823 602.8513 602.8953 602.8926 602.8898 602.8868 602.8848 602.8813 602.879 602.8758 602.873 602.8225 602.8146 602.8536 602.8565 602.8048 602.846 602.798 602.837 602.7919 602.772 602.73 602.6631 602.5818 602.4789 602.386 602.2362 602.1309 601.964 601.7686 601.5471 601.4332 601.3535 601.3068 601.239 601.1987 601.156 601.0977 601.055 601.0137 600.937 600.8928 600.8408 600.779 600.7075 600.6607 600.5997 600.5208 600.469 600.3942 600.3348
602.6071 602.6723 602.7254 602.7953 602.845 602.9164 602.9261 602.9988 603.0229 603.088 603.1257 603.1221 603.1851 603.2249 603.2574 603.2546 603.2517 603.2489 603.2467 603.2432 603.241 603.2375 603.2344 603.1702 603.1625 603.1885 603.1814 603.1277 603.1493 603.0991 603.1273 603.0742 603.0457 603.0023 602.9262 602.847 602.7585 602.6429 602.5055 602.4271 602.2405 602.0123 601.8549 601.6467 601.4587 601.4042 601.325 601.2872 601.226 601.1898 601.1443 601.0885 601.0402 600.995 600.9455 600.8727 600.8187 600.7685 600.6797 600.63 600.5703 600.4927 600.4417
602.9556 603.0347 603.0936 603.1606 603.2161 603.2876 603.3035 603.3762 603.4001 603.462 603.5029 603.4995 603.5471 603.6017 603.6194 603.6166 603.6136 603.6109 603.6085 603.6051 603.6028 603.5993 603.5903 603.5179 603.5103 603.5233 603.5043 603.4506 603.4506 603.4003 603.4079 603.3567 603.3193 603.2746 603.1952 603.108 603.0424 602.8998 602.8047 602.7036 602.5031 602.3574 602.1626 601.9718 601.8128 601.6373 601.4542 601.3948 601.3282 601.279 601.2385 601.1835 601.1345 601.0985 601.0472 600.9735 600.9275 600.8695 600.7922 600.7422 600.656 600.6068 600.528
603.3109 603.3972 603.4619 603.5261 603.5873 603.6588 603.6809 603.7536 603.7774 603.8362 603.8801 603.8767 603.9091 603.9785 603.9814 603.9787 603.9755 603.973 603.9703 603.967 603.9645 603.9611 603.938 603.8656 603.8581 603.8582 603.8271 603.7734 603.7518 603.7015 603.6885 603.6389 603.5929 603.5423 603.467 603.386 603.3064 603.1807 603.1097 602.98 602.8033 602.6785 602.4703 602.3466 602.1728 602.0098 601.8303 601.644 601.4493 601.3942 601.3408 601.2943 601.2458 601.1965 601.1323 601.0895 601.0342 600.9595 600.9115 600.8485 600.775 600.7235 600.638
603.6696 603.7577 603.8243 603.8916 603.9585 604.03 604.0583 604.131 604.128 604.1255 604.1242 604.1226 604.1211 604.1195 604.1178 604.116 604.1143 604.1126 604.1091 604.1052 604.1013 604.0975 604.0936 604.0894 604.0851 604.0809 604.0763 604.0732 604.053 604.0027 603.969 603.9156 603.8666 603.8085 603.7371 603.6699 603.568 603.4785 603.4203 603.2443 603.1501 602.9862 602.83 602.7006 602.5427 602.3783 602.2067 602.0283 601.8588 601.7068 601.5698 601.4285 601.3832 601.309 601.2405 601.2067 601.1275 601.0703 601.025 600.954 600.888 600.8142 600.7523
604.0282 604.1161 604.145 604.1437 604.1447 604.1451 604.1446 604.1439 604.1429 604.1419 604.1406 604.139 604.1375 604.1359 604.1342 604.1324 604.1307 604.129 604.1255 604.1216 604.1177 604.1138 604.11 604.1058 604.1016 604.0974 604.0927 604.0873 604.082 604.0767 604.071 604.0649 604.0588 604.056 604.0134 603.9539 603.8558 603.7836 603.7197 603.5948 603.4888 603.3196 603.2098 603.0656 602.9207 602.7711 602.5961 602.4125 602.2822 602.1172 601.9865 601.8388 601.6638 601.484 601.4095 601.3245 601.258 601.205 601.1437 601.0737 601.016 600.9315 600.8497
604.158 604.1586 604.1591 604.16 604.1609 604.1614 604.1609 604.1603 604.1593 604.1583 604.1569 604.1554 604.1538 604.1522 604.1505 604.1487 604.147 604.1453 604.1418 604.1379 604.134 604.1302 604.1265 604.1223 604.118 604.1138 604.1091 604.1038 604.0986 604.0932 604.0875 604.0815 604.0754 604.0693 604.0632 604.0564 604.0496 604.0445 604.0358 603.9427 603.8104 603.6883 603.5884 603.4473 603.3024 603.1502 602.9914 602.8446 602.6837 602.5334 602.3981 602.2491 602.0566 601.9073 601.7533 601.5758 601.4158 601.332 601.2635 601.1865 601.1255 601.0353 600.9862
604.1745 604.175 604.1756 604.1763 604.1772 604.1777 604.1774 604.1767 604.1757 604.1747 604.1733 604.1718 604.1702 604.1685 604.1668 604.1651 604.1634 604.1617 604.1581 604.1543 604.1504 604.1465 604.1429 604.1387 604.1345 604.1303 604.1255 604.1202 604.1151 604.1097 604.1039 604.0981 604.092 604.0859 604.0798 604.073 604.0662 604.0597 604.0529 604.046 604.0391 604.0342 603.9585 603.8261 603.6899 603.5423 603.3912 603.2723 603.0773 602.9583 602.7985 602.6477 602.4741 602.3066 602.1722 601.9768 601.7737 601.5948 601.411 601.357 601.2738 601.178 601.1227
