samples/sfe_82/sfe_82_v3/sfe_82_v3/sfe_82_v3.asc
ncols         243
nrows         113
xllcorner     94.199999999255
yllcorner     60.60000000149
cellsize      0.7
NODATA_value  -9999
[rows 0 to 27 of 113, columns 63 to 125 of 243]
605.1364 605.1342 605.132 605.1295 605.127 605.1245 605.1221 605.1201 605.1178 605.1153 605.1127 605.1102 605.108 605.106 605.1038 605.1013 605.099 605.097 605.0947 605.0922 605.0897 605.0872 605.085 605.083 605.0807 605.0784 605.0759 605.0734 605.0711 605.0693 605.067 605.0645 605.0623 605.0603 605.058 605.0557 605.0532 605.0507 605.0485 605.0466 605.0444 605.0419 605.0395 605.0378 605.0355 605.0331 605.0306 605.0283 605.0261 605.024 605.0219 605.0194 605.017 605.0145 605.0123 605.0104 605.0082 605.0057 605.0035 605.0016 604.9993 604.9968 604.9945
605.071 605.0675 605.0656 605.0631 605.0594 605.0569 605.0531 605.051 605.049 605.0464 605.0434 605.0402 605.0378 605.0359 605.0337 605.0313 605.0289 605.027 605.0247 605.0223 605.0199 605.0173 605.0152 605.0132 605.0107 605.0099 605.0075 605.005 605.0029 605.0016 604.9999 604.9974 604.9967 604.9948 604.9923 604.9912 604.9886 604.9875 604.9856 604.9847 604.9835 604.981 604.9796 604.9791 604.9766 604.9752 604.9727 604.9724 604.9705 604.9702 604.9677 604.9651 604.9645 604.963 604.9611 604.9596 604.9587 604.9565 604.9548 604.9545 604.9519 604.9493 604.949
605.0058 605.0009 604.9991 604.9968 604.9919 604.9893 604.9843 604.982 604.9802 604.9775 604.9745 604.9702 604.9677 604.9658 604.9636 604.9612 604.9589 604.957 604.9547 604.9524 604.95 604.9474 604.9453 604.9433 604.9408 604.9414 604.9391 604.9366 604.9347 604.9346 604.9329 604.9307 604.931 604.9291 604.9271 604.9268 604.9247 604.9245 604.9225 604.9225 604.9225 604.9199 604.9197 604.9202 604.9185 604.9174 604.9152 604.9167 604.9147 604.9161 604.9135 604.9114 604.9122 604.9116 604.9094 604.9086 604.9093 604.9076 604.9085 604.907 604.9044 604.9022 604.9037
604.9407 604.9346 604.9326 604.9304 604.9244 604.9217 604.9161 604.913 604.9113 604.9086 604.9057 604.9001 604.8976 604.8956 604.8936 604.8912 604.8888 604.887 604.8847 604.8824 604.8802 604.8774 604.8754 604.8735 604.8708 604.8729 604.8708 604.8683 604.8664 604.8676 604.8658 604.8639 604.8654 604.8635 604.8628 604.8624 604.8616 604.8615 604.8593 604.8604 604.8616 604.859 604.8601 604.8613 604.8614 604.8596 604.8589 604.861 604.8586 604.8619 604.8593 604.8596 604.86 604.8602 604.8585 604.8576 604.8599 604.858 604.8622 604.8596 604.8571 604.8564 604.8586
604.8755 604.8687 604.866 604.864 604.8568 604.8541 604.8484 604.844 604.8425 604.8397 604.8369 604.83 604.8274 604.8254 604.8235 604.8213 604.8188 604.817 604.8148 604.8126 604.8102 604.8076 604.8056 604.8035 604.8007 604.8044 604.8024 604.7999 604.7979 604.8005 604.7988 604.7968 604.7997 604.7977 604.7984 604.798 604.7985 604.7985 604.7972 604.7983 604.8007 604.7985 604.8005 604.8024 604.8043 604.8021 604.8038 604.8052 604.8026 604.8078 604.8054 604.8067 604.8078 604.8085 604.8093 604.8089 604.8105 604.8085 604.8149 604.8122 604.8102 604.813 604.8131
604.8104 604.8036 604.7994 604.7977 604.7889 604.7866 604.7808 604.7751 604.7736 604.7709 604.7681 604.7599 604.7573 604.7553 604.7534 604.7513 604.7488 604.747 604.7448 604.7426 604.7404 604.7377 604.7357 604.7336 604.7311 604.736 604.734 604.7316 604.7294 604.7335 604.7318 604.73 604.7341 604.7321 604.7341 604.7336 604.7354 604.7355 604.7359 604.7362 604.7398 604.7377 604.7405 604.7435 604.7466 604.7445 604.7468 604.7493 604.7469 604.7537 604.7516 604.7553 604.7552 604.7567 604.7583 604.7599 604.7615 604.7593 604.7675 604.765 604.7628 604.7695 604.7675
604.7449 604.7386 604.7328 604.7313 604.7213 604.719 604.7131 604.7064 604.7047 604.7021 604.6992 604.6895 604.6871 604.6852 604.6833 604.6813 604.6788 604.677 604.6747 604.6727 604.6704 604.6678 604.6658 604.6637 604.662 604.6676 604.6656 604.6632 604.6613 604.6664 604.6648 604.6643 604.6685 604.6663 604.6697 604.6694 604.6722 604.6722 604.6746 604.6745 604.679 604.6772 604.6813 604.6846 604.6888 604.6866 604.6912 604.6932 604.693 604.6995 604.6974 604.7042 604.7045 604.705 604.7078 604.7106 604.7122 604.7114 604.7202 604.718 604.7153 604.7247 604.7221
604.6796 604.6736 604.6664 604.6649 604.654 604.6514 604.6455 604.6375 604.6357 604.6332 604.6304 604.6193 604.617 604.6151 604.6133 604.6113 604.6088 604.607 604.6047 604.6028 604.6005 604.598 604.596 604.5938 604.5936 604.5992 604.5972 604.5948 604.593 604.5994 604.5979 604.5986 604.6028 604.6007 604.6053 604.6052 604.6091 604.6089 604.6132 604.6135 604.618 604.6186 604.623 604.6259 604.631 604.6287 604.636 604.6373 604.6405 604.6454 604.6431 604.653 604.654 604.6536 604.657 604.6625 604.6628 604.6651 604.6728 604.6706 604.6685 604.6791 604.677
604.6145 604.6086 604.6001 604.5986 604.5876 604.5838 604.5778 604.5687 604.5669 604.5644 604.5616 604.5497 604.5469 604.5449 604.5432 604.5413 604.5388 604.537 604.5347 604.5328 604.5306 604.5281 604.5261 604.5238 604.5251 604.5308 604.5287 604.5266 604.5248 604.5323 604.531 604.5329 604.5372 604.5353 604.541 604.5407 604.546 604.5457 604.5519 604.553 604.5573 604.56 604.5649 604.5673 604.5733 604.5712 604.5809 604.5817 604.5875 604.5917 604.5917 604.6005 604.6035 604.602 604.6061 604.6144 604.6138 604.6188 604.6254 604.6231 604.6251 604.6336 604.6314
604.5494 604.5436 604.5337 604.5322 604.5213 604.5162 604.5102 604.4995 604.498 604.4956 604.4927 604.4809 604.4767 604.4747 604.4731 604.4713 604.4688 604.467 604.4647 604.4629 604.4606 604.4583 604.4562 604.4539 604.4566 604.4623 604.4603 604.4582 604.4577 604.4653 604.464 604.4672 604.4716 604.4696 604.4766 604.4762 604.4828 604.4827 604.4906 604.4925 604.4966 604.5014 604.5067 604.5085 604.5157 604.5164 604.5258 604.5258 604.5342 604.5376 604.5408 604.548 604.5526 604.5525 604.5566 604.5664 604.5643 604.5725 604.5783 604.576 604.5816 604.5884 604.5875
604.485 604.4785 604.4673 604.4658 604.4549 604.4487 604.4426 604.4309 604.4291 604.4268 604.4239 604.412 604.4066 604.4046 604.403 604.4012 604.3987 604.397 604.3947 604.393 604.3907 604.3884 604.3864 604.384 604.3881 604.3939 604.3919 604.3898 604.3907 604.3983 604.3969 604.4015 604.4059 604.405 604.4122 604.4127 604.4197 604.4196 604.4287 604.432 604.4357 604.4428 604.4485 604.4514 604.4579 604.462 604.4706 604.4697 604.4808 604.4834 604.4894 604.4955 604.5009 604.504 604.5089 604.5172 604.515 604.5262 604.5312 604.5287 604.5381 604.543 604.546
604.421 604.4135 604.4007 604.3995 604.3885 604.3811 604.3749 604.3633 604.3602 604.3579 604.355 604.3433 604.3365 604.3345 604.3329 604.3312 604.3287 604.327 604.3247 604.323 604.3208 604.3185 604.3165 604.3141 604.3196 604.3255 604.3235 604.3215 604.3237 604.3312 604.3298 604.3358 604.3403 604.3407 604.3479 604.3495 604.3566 604.3577 604.3666 604.3715 604.3747 604.3839 604.3903 604.3943 604.4001 604.4075 604.4155 604.4153 604.4275 604.4294 604.4372 604.4434 604.4495 604.4554 604.4611 604.4678 604.4681 604.4799 604.4838 604.4814 604.4946 604.4974 604.5043
604.3569 604.3484 604.3353 604.3331 604.3222 604.3135 604.3073 604.2956 604.2913 604.2891 604.2863 604.2744 604.2663 604.2643 604.2629 604.2612 604.2588 604.257 604.2548 604.2531 604.2509 604.2487 604.2467 604.2443 604.2511 604.2571 604.2551 604.2531 604.2566 604.2642 604.2629 604.2701 604.2746 604.2763 604.2835 604.2864 604.2935 604.2964 604.3048 604.311 604.314 604.324 604.3322 604.3372 604.3424 604.3515 604.3604 604.3629 604.3741 604.3754 604.386 604.3915 604.3978 604.4052 604.4119 604.4185 604.4218 604.4335 604.4364 604.4371 604.4512 604.4523 604.4628
604.2928 604.2834 604.2703 604.2667 604.2558 604.2459 604.2396 604.228 604.2224 604.2203 604.2174 604.2056 604.1962 604.1942 604.1928 604.1911 604.1888 604.187 604.1848 604.183 604.1809 604.1788 604.1768 604.1749 604.1826 604.1887 604.1866 604.1846 604.1896 604.1971 604.197 604.2043 604.209 604.212 604.2191 604.2233 604.2303 604.2351 604.2427 604.2505 604.2551 604.2645 604.2739 604.28 604.2846 604.2963 604.3045 604.3104 604.3208 604.3228 604.3349 604.3409 604.3461 604.3545 604.3638 604.3692 604.3754 604.3872 604.3893 604.3936 604.4077 604.4067 604.4199
604.2288 604.2184 604.2053 604.2002 604.1895 604.1783 604.172 604.1603 604.1534 604.1514 604.1486 604.1367 604.126 604.124 604.1227 604.121 604.1188 604.117 604.1147 604.113 604.111 604.1089 604.1069 604.1064 604.1141 604.1202 604.1182 604.1162 604.1226 604.1301 604.1313 604.1387 604.1433 604.1476 604.1548 604.1602 604.1672 604.1738 604.1816 604.19 604.1965 604.2062 604.2158 604.2229 604.2284 604.2411 604.2488 604.2578 604.2675 604.272 604.2837 604.2904 604.2949 604.3043 604.3157 604.32 604.3291 604.3409 604.3419 604.3502 604.3638 604.365 604.376
604.1647 604.1534 604.1403 604.1338 604.1265 604.1245 604.059 604.0402 603.9947 603.9362 603.9341 603.9321 603.9124 603.8407 603.8343 603.8326 603.8304 603.8286 603.8263 603.8246 603.8225 603.8206 603.843 603.9092 603.907 603.912 603.9174 603.9846 604.0055 604.0399 604.0762 604.0745 604.0777 604.0833 604.0904 604.097 604.1041 604.1124 604.1212 604.1295 604.1379 604.1481 604.1576 604.1658 604.174 604.186 604.1928 604.2048 604.2141 604.2211 604.2325 604.2399 604.2464 604.2566 604.2677 604.271 604.2828 604.2946 604.2946 604.3067 604.3183 604.3234 604.3343
604.0003 603.9615 603.8886 603.832 603.777 603.7646 603.6885 603.6634 603.6331 603.5746 603.5723 603.5703 603.5644 603.4927 603.4863 603.4846 603.4826 603.4806 603.4783 603.4766 603.4744 603.4726 603.4949 603.5472 603.5452 603.564 603.5746 603.6417 603.6589 603.707 603.7585 603.7787 603.8395 603.8727 603.931 603.9747 604.0206 604.0627 604.0613 604.069 604.0793 604.0899 604.099 604.1086 604.1195 604.1309 604.1377 604.1515 604.1608 604.1702 604.1813 604.1894 604.1979 604.2088 604.2196 604.2247 604.2365 604.2482 604.2491 604.2632 604.273 604.2818 604.2926
603.6234 603.5878 603.5119 603.4615 603.4003 603.3939 603.318 603.2866 603.2714 603.2128 603.2106 603.2086 603.2067 603.1448 603.1384 603.1367 603.1346 603.1326 603.1304 603.1287 603.1264 603.1245 603.147 603.1852 603.1829 603.2159 603.2318 603.2987 603.3235 603.3742 603.4412 603.4642 603.5269 603.5708 603.6291 603.6888 603.7347 603.7897 603.8463 603.8907 603.9467 604.0074 604.0535 604.0515 604.0651 604.0757 604.0852 604.0981 604.1074 604.1193 604.1302 604.1389 604.1494 604.1611 604.1715 604.1783 604.1901 604.2019 604.2056 604.2198 604.2276 604.2402 604.2509
603.2491 603.2142 603.138 603.091 603.0234 603.0211 602.9475 602.9097 602.9078 602.8511 602.8488 602.8468 602.8448 602.7968 602.7904 602.7886 602.7866 602.7847 602.7824 602.7806 602.7784 602.7764 602.799 602.8231 602.8206 602.8679 602.8889 602.9557 602.9882 603.0414 603.1207 603.1498 603.2249 603.2689 603.3535 603.4029 603.4529 603.5084 603.569 603.6135 603.6781 603.7313 603.7845 603.8342 603.9008 603.9692 604.0305 604.0448 604.054 604.0679 604.079 604.0884 604.1009 604.1133 604.1235 604.132 604.1438 604.1552 604.1622 604.1763 604.184 604.1986 604.2089
602.8846 602.8408 602.7643 602.7205 602.6466 602.6444 602.577 602.5329 602.5307 602.4893 602.4871 602.485 602.4828 602.4488 602.4424 602.4407 602.4387 602.4367 602.4344 602.4327 602.4304 602.4283 602.451 602.4611 602.4665 602.5197 602.5461 602.6127 602.6528 602.7086 602.8003 602.8354 602.923 602.9669 603.0717 603.1169 603.173 603.2303 603.2917 603.343 603.4095 603.4551 603.5056 603.5527 603.6175 603.6672 603.7284 603.8024 603.8657 603.9621 604.0372 604.0378 604.052 604.0651 604.0754 604.0857 604.0975 604.1079 604.1187 604.1328 604.1425 604.1569 604.1656
602.5201 602.4673 602.3907 602.35 602.2739 602.2677 602.2064 602.1561 602.1536 602.1276 602.1253 602.1233 602.1211 602.1008 602.0945 602.0927 602.0907 602.0887 602.0864 602.0847 602.0825 602.0801 602.1011 602.0991 602.1185 602.1716 602.2032 602.2667 602.3174 602.3793 602.4799 602.5227 602.621 602.6693 602.7886 602.831 602.8918 602.9601 603.0144 603.0764 603.1337 603.179 603.2238 603.2712 603.3342 603.3652 603.4263 603.4789 603.538 603.616 603.6984 603.7722 603.878 603.9966 604.0298 604.0394 604.0511 604.0612 604.0753 604.0894 604.1008 604.1141 604.1244
602.1556 602.0938 602.017 601.9796 601.9034 601.8911 601.8356 601.7794 601.7769 601.7658 601.7634 601.7615 601.7593 601.7528 601.7466 601.7447 601.7427 601.7407 601.7385 601.7367 601.7344 601.7321 601.7395 601.737 601.7705 601.8235 601.8602 601.9183 601.9821 602.0725 602.1594 602.2208 602.3105 602.395 602.5038 602.5493 602.6105 602.6855 602.7371 602.8077 602.8578 602.9029 602.9406 602.9864 603.0349 603.0631 603.1243 603.1554 603.209 603.2687 603.3382 603.4134 603.5155 603.6091 603.7023 603.8561 603.9659 604.0233 604.0318 604.0459 604.0592 604.0724 604.0831
601.7911 601.7203 601.6435 601.6091 601.5435 601.4475 601.414 601.0638 601.06 601.0568 600.9885 600.8895 600.885 600.8805 600.8775 600.873 600.87 600.867 600.8638 600.8622 600.8613 600.8615 600.9265 601.0237 601.3748 601.4055 601.5173 601.5818 601.6467 601.7606 601.8363 601.9188 602.0029 602.1205 602.2132 602.2706 602.3356 602.4109 602.4653 602.5378 602.5806 602.6247 602.6573 602.6941 602.7327 602.761 602.8196 602.8319 602.8853 602.9236 602.9759 603.037 603.1529 603.217 603.3147 603.4561 603.5501 603.6514 603.8416 603.9501 604.0176 604.0307 604.0419
601.1868 600.9073 600.6257 600.2743 600.1418 600.1342 600.0185 600.01 599.9982 599.9905 599.979 599.9637 599.9557 599.9495 599.9427 599.9358 599.931 599.9265 599.9233 599.9215 599.9225 599.925 599.9427 599.949 599.963 600.078 600.121 600.598 600.85 601.4913 601.5186 601.6169 601.7108 601.8462 601.9273 601.9921 602.0666 602.1364 602.2013 602.262 602.2974 602.3458 602.3742 602.4016 602.4305 602.459 602.496 602.5084 602.5615 602.5785 602.6136 602.6714 602.7821 602.8273 602.9371 603.0489 603.1344 603.2659 603.4222 603.5237 603.6932 603.8379 603.9734
600.0873 600.056 600.035 600.01 599.997 599.9738 599.9642 599.958 599.9492 599.9445 599.9375 599.9293 599.9215 599.9165 599.9095 599.9025 599.8977 599.8925 599.8892 599.8882 599.8882 599.89 599.895 599.9008 599.908 599.9202 599.9435 599.9697 599.998 600.0303 600.3472 600.833 601.3678 601.5644 601.6456 601.7126 601.7958 601.8608 601.9373 601.9861 602.0208 602.0668 602.0911 602.109 602.1286 602.1497 602.1726 602.1849 602.2238 602.2333 602.2513 602.3091 602.4012 602.4377 602.5251 602.637 602.7234 602.8799 602.9948 603.1127 603.2709 603.4258 603.5616
600.0345 600.0228 600.0137 600.005 599.9942 599.9858 599.979 599.976 599.9705 599.9635 599.9587 599.9505 599.9435 599.9427 599.9377 599.9307 599.9265 599.9215 599.9177 599.917 599.9172 599.9113 599.9167 599.9202 599.9297 599.9323 599.9435 599.9515 599.9633 599.973 599.9937 600.0392 600.0562 600.5438 601.1307 601.4785 601.5212 601.5876 601.6661 601.7103 601.7438 601.788 601.8096 601.8257 601.8267 601.8372 601.8489 601.8614 601.8753 601.8882 601.8909 601.9464 602.0204 602.048 602.1239 602.2219 602.3162 602.4734 602.5674 602.7041 602.8767 603.0139 603.1545
600.049 600.048 600.0415 600.0355 600.0342 600.0258 600.0237 600.0198 600.0135 600.0065 600.0125 600.0055 599.999 599.9913 599.9835 599.9772 599.9788 599.9745 599.971 599.9655 599.9633 599.9658 599.9715 599.9645 599.9708 599.9792 599.9818 599.987 599.9905 599.9895 599.9955 600.0017 600.0065 600.0287 600.0543 600.0775 600.4315 600.8358 601.3558 601.3538 601.4683 601.509 601.5266 601.5266 601.5247 601.5249 601.5253 601.5262 601.5267 601.528 601.5297 601.5656 601.6396 601.6484 601.712 601.809 601.9183 602.0567 602.1401 602.2881 602.4668 602.6021 602.7603
600.093 600.0912 600.095 600.0877 600.0883 600.0855 600.0817 600.0757 600.0707 600.0765 600.069 600.063 600.0602 600.0525 600.0455 600.0395 600.039 600.043 600.0395 600.0247 600.025 600.0278 600.031 600.0352 600.0272 600.0345 600.0433 600.0405 600.0407 600.0422 600.0385 600.0357 600.029 600.0245 600.0252 600.0235 600.0285 600.0445 600.0613 600.0555 600.1815 600.1755 600.1675 600.159 600.212 600.4755 600.4775 600.4818 600.4843 600.4897 600.4943 600.643 600.8458 600.8485 601.188 601.438 601.5146 601.6293 601.7136 601.8942 602.0547 602.1904 602.3538
