samples/sfe_81/sfe_81_v1/sfe_81_v1/sfe_81_v1.asc
ncols         229
nrows         91
xllcorner     95.199999999255
yllcorner     55.199999999255
cellsize      1
NODATA_value  -9999
[rows 0 to 27 of 91, columns 64 to 127 of 229]
602.1199 602.106 602.0922 602.0785 602.0635 602.0499 602.0366 602.0214 602.0081 601.9944 601.9785 601.9645 601.9501 601.933 601.9193 601.9059 601.8918 601.8776 601.863 601.8482 601.8332 601.8197 601.8064 601.7919 601.7787 601.7634 601.7502 601.7355 601.7216 601.7067 601.6928 601.6774 601.6614 601.6451 601.629 601.6154 601.5989 601.5851 601.5703 601.5537 601.5396 601.5237 601.5085 601.4945 601.4794 601.4653 601.4511 601.4359 601.4229 601.408 601.3949 601.3812 601.3683 601.3769 601.3638 601.3492 601.3362 601.3224 601.3095 601.2957 601.2827 601.2689 601.2558 601.2431
602.0751 602.0601 602.0456 602.0318 602.0139 601.9998 601.9867 601.9684 601.9553 601.9413 601.9224 601.9066 601.8911 601.8744 601.8519 601.838 601.8249 601.8074 601.7917 601.7736 601.7573 601.7413 601.7281 601.7119 601.6987 601.6803 601.6669 601.6512 601.6349 601.619 601.6025 601.5848 601.563 601.5415 601.5283 601.5063 601.4836 601.47 601.451 601.4325 601.413 601.3937 601.3738 601.3606 601.3438 601.327 601.3102 601.2928 601.2795 601.2629 601.2497 601.2366 601.2239 601.2776 601.2643 601.2485 601.2356 601.2222 601.2095 601.1959 601.1832 601.1697 601.1585 601.1464
602.0306 602.0158 602.0015 601.9855 601.9695 601.9507 601.9369 601.9163 601.9022 601.889 601.8665 601.8503 601.8313 601.8148 601.7855 601.7706 601.757 601.741 601.7211 601.7031 601.6822 601.6638 601.6497 601.6364 601.6194 601.6053 601.5846 601.5665 601.5492 601.5308 601.5131 601.4946 601.4649 601.4476 601.4255 601.3978 601.3682 601.3547 601.3327 601.3099 601.2874 601.2674 601.2449 601.2264 601.2086 601.1886 601.169 601.1497 601.1362 601.1177 601.1045 601.092 601.0795 601.1785 601.165 601.1478 601.135 601.122 601.1095 601.0963 601.0837 601.0705 601.0617 601.05
601.9857 601.9711 601.9556 601.9396 601.923 601.9006 601.8875 601.8738 601.8499 601.8364 601.8224 601.7941 601.7747 601.7569 601.7365 601.7029 601.6891 601.6758 601.6539 601.6321 601.611 601.5901 601.5721 601.5588 601.5393 601.526 601.5014 601.488 601.4634 601.4435 601.423 601.4034 601.3713 601.3535 601.322 601.289 601.2745 601.2401 601.2172 601.1948 601.162 601.1474 601.1201 601.092 601.0757 601.0498 601.0283 601.0061 600.9929 600.9725 600.9594 600.9474 600.9351 601.0787 601.0656 601.0471 601.0344 601.0218 601.0095 600.9965 600.9843 600.9715 600.965 600.9535
601.9407 601.9274 601.9102 601.8927 601.8795 601.8532 601.8374 601.8242 601.7971 601.7838 601.7698 601.7385 601.7198 601.6986 601.6793 601.6397 601.6219 601.608 601.5895 601.5652 601.54 601.5167 601.4938 601.4804 601.4596 601.4465 601.4189 601.4056 601.3843 601.3635 601.3367 601.3144 601.2895 601.255 601.2185 601.1961 601.1668 601.1247 601.111 601.0759 601.0446 601.0217 600.9899 600.9581 600.9429 600.9113 600.8876 600.8629 600.8496 600.827 600.8141 600.8027 600.7906 600.9409 600.9661 600.946 600.9338 600.9216 600.9095 600.8969 600.8848 600.8725 600.8682 600.8566
601.8964 601.8831 601.8668 601.8513 601.8326 601.8138 601.7883 601.7744 601.7496 601.7308 601.7175 601.691 601.6645 601.6445 601.6212 601.5988 601.5541 601.5402 601.5225 601.4983 601.4736 601.4453 601.4176 601.4021 601.3885 601.3667 601.3429 601.3224 601.3003 601.2772 601.2541 601.2305 601.201 601.1572 601.1268 601.1021 601.0578 601.0136 600.9962 600.963 600.9265 600.8959 600.8599 600.824 600.8101 600.773 600.7496 600.723 600.7064 600.6826 600.6689 600.6581 600.6462 600.7968 600.8668 600.8452 600.8332 600.8214 600.8095 600.7971 600.7852 600.7734 600.7714 600.76
601.8516 601.838 601.8221 601.8053 601.7866 601.7665 601.7383 601.7249 601.7092 601.678 601.6646 601.6486 601.6123 601.5903 601.5666 601.5416 601.4938 601.4731 601.4595 601.4334 601.4064 601.3771 601.3475 601.3239 601.3109 601.2867 601.2715 601.2401 601.2156 601.1913 601.166 601.1406 601.113 601.0647 601.0424 600.9987 600.949 600.9202 600.8809 600.8445 600.8076 600.7697 600.7316 600.6941 600.6763 600.6378 600.6124 600.5836 600.5634 600.5397 600.5237 600.5134 600.5018 600.6526 600.7673 600.7447 600.7326 600.7211 600.7095 600.6974 600.6857 600.6741 600.6747 600.666
601.8073 601.7933 601.7776 601.7601 601.7399 601.7264 601.6956 601.675 601.6616 601.6259 601.6122 601.5984 601.5597 601.5361 601.5117 601.4866 601.4529 601.4052 601.3917 601.3697 601.3422 601.3117 601.2794 601.2463 601.2327 601.2073 601.1938 601.1572 601.1393 601.1077 601.0798 601.0507 601.0237 600.9829 600.9476 600.8955 600.8595 600.8267 600.7658 600.7347 600.6968 600.6474 600.6122 600.5707 600.5422 600.5063 600.4753 600.4442 600.4203 600.3968 600.3785 600.3687 600.3574 600.5085 600.6679 600.6453 600.632 600.6208 600.6095 600.5977 600.5862 600.575 600.5779 600.5726
601.7623 601.7488 601.7354 601.7172 601.6989 601.6796 601.657 601.6255 601.6119 601.5849 601.5595 601.546 601.5173 601.4838 601.4578 601.4319 601.4039 601.348 601.3243 601.3105 601.2768 601.247 601.2112 601.1795 601.1545 601.1382 601.1143 601.0779 601.0609 601.0308 601.0012 600.9666 600.9359 600.9011 600.8494 600.8059 600.7706 600.7179 600.6594 600.6306 600.5812 600.5353 600.493 600.4473 600.408 600.3748 600.3381 600.3047 600.2773 600.2538 600.2333 600.2239 600.2129 600.3644 600.5685 600.5458 600.5314 600.5204 600.5095 600.498 600.4868 600.4773 600.4811 600.4792
601.7174 601.7039 601.6904 601.6732 601.6555 601.6337 601.6102 601.5765 601.5624 601.5446 601.5067 601.4931 601.4749 601.4323 601.4056 601.3742 601.348 601.3071 601.2563 601.2429 601.2184 601.1824 601.1488 601.1098 601.0765 601.063 601.0347 601.0073 600.978 600.9492 600.9197 600.8865 600.8535 600.817 600.7581 600.7216 600.6759 600.6117 600.5659 600.5221 600.4724 600.4187 600.3737 600.324 600.2739 600.2411 600.2009 600.1653 600.1343 600.1109 600.0881 600.0792 600.0685 600.2202 600.4691 600.4465 600.4308 600.4202 600.4095 600.3983 600.3873 600.3806 600.3843 600.3857
601.6729 601.6594 601.6458 601.6279 601.6098 601.587 601.5705 601.538 601.5126 601.499 601.4606 601.4403 601.427 601.3859 601.3542 601.3242 601.2964 601.2635 601.2021 601.1754 601.1577 601.1226 601.0842 601.0469 601.0066 600.985 600.955 600.9361 600.8953 600.8651 600.8335 600.8011 600.7682 600.7292 600.6763 600.6372 600.5725 600.5229 600.4725 600.4069 600.3564 600.3053 600.2523 600.1961 600.1432 600.1083 600.0638 600.0259 599.9913 599.968 599.892 599.7805 599.7655 599.726 599.7365 599.8645 599.978 600.0382 600.118 600.1472 600.181 600.2455 600.2557 600.2938
601.6282 601.6147 601.6013 601.5876 601.5656 601.5454 601.5273 601.4994 601.4628 601.4493 601.4203 601.3876 601.3744 601.3435 601.3018 601.274 601.2418 601.2119 601.1613 601.1074 601.0939 601.0623 601.0248 600.9824 600.9416 600.9068 600.8845 600.8616 600.8129 600.7896 600.7519 600.7161 600.6785 600.644 600.5945 600.5414 600.485 600.434 600.3781 600.3051 600.2523 600.1954 600.1329 600.0764 600.0199 599.82 599.6135 599.5095 599.37 599.324 599.132 599.0585 599.041 598.8685 598.961 599.158 598.979 599.16 599.272 599.622 599.893 599.9761 600.0321 600.0844
601.5898 601.5701 601.5563 601.5428 601.5242 601.5052 601.4807 601.4542 601.4189 601.3997 601.3799 601.3364 601.3216 601.3011 601.2546 601.2216 601.1932 601.1576 601.1203 601.0563 601.0264 600.9995 600.9636 600.9232 600.8777 600.8297 600.8152 600.782 600.7423 600.714 600.675 600.6375 600.5963 600.5574 600.5126 600.4515 600.4006 600.3452 600.2751 600.2117 600.1481 600.0865 599.9865 599.7565 599.5355 599.138 599.097 599.2215 599.003 599.1575 599.0065 598.9615 598.894 598.598 598.64 598.7955 598.651 598.8005 598.739 598.907 598.988 599.294 599.8304 599.8751
601.5484 601.5253 601.5116 601.4983 601.4793 601.4595 601.4342 601.414 601.3803 601.3502 601.3365 601.296 601.2689 601.2556 601.2122 601.1749 601.1417 601.1085 601.0706 601.0154 600.9586 600.9453 600.9015 600.8619 600.8133 600.7689 600.7372 600.7024 600.6718 600.6337 600.5981 600.5588 600.5162 600.4749 600.4308 600.3697 600.3163 600.2495 600.1863 600.1182 600.0595 599.566 599.568 599.386 599.2725 598.9745 599.0565 599.0665 598.948 598.9225 598.698 598.6755 598.6625 598.411 598.5305 598.5355 598.334 598.469 598.3395 598.5916 598.585 598.6495 598.8455 599.1965
601.5118 601.4865 601.4669 601.4536 601.4388 601.4139 601.392 601.3743 601.3417 601.3005 601.2869 601.2557 601.2162 601.2028 601.1698 601.1242 601.0925 601.0546 601.0181 600.9744 600.9105 600.8774 600.8474 600.8016 600.7576 600.705 600.6591 600.6308 600.6007 600.551 600.5152 600.4756 600.4362 600.3925 600.3454 600.2878 600.232 600.1641 600.0974 599.8775 599.578 599.261 599.274 599.022 599.0415 598.7675 598.745 598.699 598.641 598.5565 598.55 598.549 598.493 598.227 598.2445 598.1765 598.121 598.2445 598.0935 598.3045 598.2485 598.0525 598.214 598.333
601.4714 601.444 601.4224 601.4089 601.3955 601.3752 601.3524 601.3278 601.2983 601.2613 601.2371 601.2153 601.1718 601.1501 601.1274 601.0808 601.0422 601.0056 600.97 600.9289 600.8696 600.8098 600.7928 600.7464 600.697 600.6485 600.5955 600.5652 600.5278 600.4773 600.4397 600.3961 600.3524 600.3062 600.2629 600.206 600.1449 600.095 599.939 599.627 599.2345 598.9875 598.993 598.949 598.7419 598.542 598.4 598.3935 598.5375 598.5105 598.6285 598.606 598.407 598.1285 598.189 598.1035 598.006 598.177 598.114 598.167 598.1075 597.911 597.7555 597.8775
601.433 601.4072 601.3784 601.3641 601.3508 601.3305 601.3094 601.2816 601.2575 601.2227 601.1876 601.1742 601.1314 601.0974 601.0839 601.0385 600.9936 600.9576 600.9171 600.881 600.8286 600.7646 600.7286 600.6912 600.6432 600.5883 600.5357 600.4894 600.45 600.4067 600.3641 600.3192 600.2737 600.2261 600.1788 600.1242 599.8995 599.5545 599.341 599.229 599.11 598.9385 598.7685 598.913 598.752 598.6405 598.582 598.503 598.411 598.3525 598.3125 598.3199 598.3335 598.0715 598.1341 598.0678 597.981 598.1485 597.98 597.906 597.843 597.7842 597.7505 597.802
601.396 601.3687 601.3419 601.3195 601.306 601.2887 601.2639 601.2386 601.218 601.1841 601.1423 601.1243 601.0911 601.0474 601.0313 600.996 600.9495 600.9095 600.8735 600.8305 600.7877 600.7237 600.6611 600.6346 600.5858 600.5348 600.4763 600.4186 600.3771 600.3362 600.2886 600.2424 600.1951 600.1461 600.106 599.8565 599.4495 599.1935 599.1365 598.943 599.074 598.81 598.6515 598.7555 598.674 598.7395 598.7235 598.5699 598.251 598.3395 598.34 598.3337 598.3415 598.1215 598.125 597.999 598.2045 598.271 598.1155 598.07 597.9235 597.6975 597.7426 597.841
601.3571 601.3327 601.3029 601.2748 601.2614 601.2478 601.2236 601.199 601.175 601.1423 601.1036 601.0746 601.0507 601.0071 600.9785 600.9537 600.9071 600.8648 600.8257 600.7847 600.7388 600.6828 600.6188 600.5798 600.5304 600.4776 600.42 600.3596 600.3115 600.2653 600.2123 600.1653 600.046 599.5305 599.46 599.4425 599.386 599.078 599.0865 598.864 598.892 598.553 598.54 598.653 598.4585 598.594 598.431 598.323 598.3197 598.4675 598.3325 598.352 598.399 598.2365 598.361 598.1585 598.2469 598.263 598.2495 598.3195 598.3715 598.093 598.0405 598.1065
601.3148 601.2942 601.2674 601.2393 601.2166 601.2031 601.1815 601.1592 601.1288 601.101 601.0651 601.025 601.0104 600.9667 600.9258 600.9113 600.8647 600.8181 600.7789 600.7361 600.6916 600.6418 600.5779 600.5139 600.4765 600.4247 600.3661 600.3044 600.2418 600.1924 599.9465 599.5645 599.4335 599.224 599.1395 599.244 599.2025 598.861 598.855 598.892 598.8085 598.5285 598.6445 598.633 598.418 598.5425 598.3442 598.1755 598.228 598.356 598.3535 598.239 598.311 598.255 598.424 598.516 598.5365 598.583 598.6125 598.5395 598.7575 598.7355 598.6445 598.66
601.2721 601.2585 601.2297 601.1991 601.1719 601.1584 601.1386 601.1137 601.0851 601.0615 601.0265 600.9846 600.9618 600.9265 600.8828 600.8597 600.8223 600.7757 600.7322 600.6895 600.6451 600.5974 600.5369 600.473 600.4279 600.3696 600.313 600.2494 600.1845 599.825 599.617 599.482 599.3755 599.2325 599.0535 599.252 599.0755 598.692 598.6675 598.884 598.763 598.4705 598.491 598.4295 598.388 598.5915 598.5095 598.489 598.494 598.5555 598.599 598.4041 598.56 598.595 598.591 598.8745 598.8295 598.95 599.179 599.073 599.6495 599.8492 599.81 599.546
601.2299 601.2162 601.194 601.1631 601.1312 601.1137 601.1 601.072 601.0456 601.022 600.9865 600.946 600.9122 600.8861 600.8425 600.8069 600.7799 600.7333 600.6878 600.6432 600.5975 600.5497 600.496 600.4321 600.3681 600.3201 600.261 600.1975 599.7335 599.519 599.4185 599.258 599.1735 599.0475 598.853 598.8675 598.7475 598.63 598.7175 598.612 598.549 598.6005 598.497 598.4917 598.5005 598.524 598.654 598.5905 598.6975 598.65 598.709 598.561 598.693 598.797 598.9745 599.043 599.161 599.2325 599.9011 600.0303 600.0337 600.065 600.0024 599.9316
601.1874 601.1737 601.1578 601.127 601.0938 601.0689 601.0554 601.0325 601.006 600.9759 600.9445 600.9074 600.8656 600.8458 600.8021 600.7585 600.7375 600.6909 600.6443 600.5995 600.5533 600.5058 600.4542 600.3911 600.3271 600.2698 600.21 599.6215 599.5464 599.457 599.299 599.202 599.108 599.0135 598.9315 598.8685 598.7825 598.783 598.746 598.4295 598.4495 598.7209 598.65 598.4625 598.602 598.492 598.647 598.5495 598.728 598.6461 598.841 598.755 598.9935 599.205 599.344 599.3895 600.0965 600.3795 600.3599 600.3405 600.2949 600.2629 600.1943 600.1047
601.145 601.1315 601.118 601.0903 601.0591 601.0242 601.0109 600.9885 600.9634 600.9317 600.905 600.8688 600.827 600.7993 600.7618 600.7182 600.6882 600.6486 600.602 600.5546 600.5096 600.46 600.4091 600.3502 600.2862 600.2223 599.764 599.637 599.5785 599.277 599.1665 599.217 599.0375 599.1135 598.9935 598.7685 598.6735 598.6165 598.595 598.6324 598.5875 598.5225 598.4645 598.422 598.495 598.474 598.65 598.764 598.7155 598.7209 598.844 598.9645 599.441 599.549 599.821 600.1479 600.1287 600.1482 600.1733 600.1984 600.2234 600.237 600.2359 600.235
601.1155 601.0891 601.0755 601.0549 601.0228 600.9918 600.966 600.9499 600.9203 600.8922 600.8655 600.8303 600.7884 600.7496 600.7214 600.6779 600.6354 600.6062 600.5596 600.513 600.4646 600.4176 600.3651 600.3092 600.2453 599.872 599.508 599.606 599.44 599.0205 598.9425 599.0575 598.818 598.9985 598.8815 598.5905 598.6615 598.597 598.502 598.5859 598.6955 598.4765 598.624 598.6815 598.7325 598.723 598.7345 599.002 599.0325 599.104 599.205 599.3145 599.473 599.977 599.9568 599.9646 599.9897 600.0148 600.0399 600.065 600.0901 600.1152 600.1364 600.1345
601.0894 601.0464 601.0331 601.0194 600.9891 600.9532 600.9213 600.9078 600.8817 600.8525 600.8229 600.788 600.7498 600.7079 600.6812 600.6375 600.5939 600.5638 600.5172 600.4706 600.4233 600.3734 600.3217 600.2658 600.205 599.846 599.5245 599.2725 599.1775 599.143 599.0255 598.833 598.725 598.8665 598.7245 598.6845 598.6765 598.7325 598.5305 598.536 598.532 598.5285 598.887 598.9725 599.0335 599.026 598.824 598.9845 599.1219 599.2905 599.5656 599.6925 599.9993 599.9784 599.9575 599.9366 599.9157 599.8948 599.9065 599.9316 599.9567 599.9818 600.0068 600.032
601.0483 601.0233 600.9905 600.9771 600.954 600.92 600.8839 600.8632 600.8387 600.813 600.7783 600.7485 600.7112 600.6694 600.6368 600.5972 600.5536 600.5165 600.4748 600.4282 600.382 600.3301 600.279 600.065 599.6535 599.5445 599.443 599.0705 599.0145 599.194 599.0455 598.6725 598.6535 598.7915 598.6165 598.718 598.563 598.7445 598.6745 598.6665 598.706 598.7265 598.74 598.8005 598.894 599.021 599.18 599.276 599.398 599.5565 599.9115 600.0198 599.9991 599.9786 599.958 599.9374 599.9164 599.8956 599.8746 599.8538 599.8329 599.8484 599.8735 599.8986
601.0209 600.9935 600.9513 600.9347 600.9196 600.8847 600.8478 600.8184 600.7998 600.7686 600.7387 600.709 600.6726 600.6307 600.5889 600.5568 600.5132 600.4696 600.4324 600.3859 600.3392 600.2895 600.0605 599.8405 599.368 599.191 599.2355 599.2025 599.147 599.0875 598.861 598.789 598.592 598.5795 598.5775 598.7155 598.5725 598.7545 598.656 598.69 598.9465 598.937 598.717 598.9655 599.0505 599.074 599.521 599.713 599.9435 600.0555 600.037 600.0173 599.9975 599.9774 599.9567 599.936 599.9153 599.8947 599.8745 599.8542 599.8336 599.8127 599.7918 599.7709
