samples/sfe_81/sfe_81_v1/sfe_81_v1/sfe_81_v1.asc
ncols         229
nrows         91
xllcorner     95.199999999255
yllcorner     55.199999999255
cellsize      1
NODATA_value  -9999
[rows 56 to 83 of 91, columns 0 to 63 of 229]
-9999 602.0264 601.8151 601.6038 601.1975 600.839 600.5985 600.2825 599.9035 600.0095 599.8735 599.557 599.615 599.6137 599.58 599.6585 599.8505 600.0115 600.1135 600.3245 600.6635 601.2325 601.6925 601.5516 601.5187 601.4858 601.4529 601.4199 601.387 601.3541 601.3212 601.2883 601.2553 601.2224 601.1895 601.1566 601.1237 601.0908 601.0578 601.0249 600.992 600.967 600.9498 600.9325 600.9152 600.8979 600.8807 600.8634 600.8461 600.8289 600.8116 600.7943 600.777 600.7598 600.7425 600.7252 600.7079 600.6907 600.6734 600.6561 600.6388 600.6215 600.6043 600.5955
-9999 602.0733 601.862 601.6506 601.4393 601.1965 600.9586 600.605 600.0445 599.925 599.9995 599.8505 599.8135 599.631 599.6392 599.7215 599.9355 600.0334 599.857 600.002 600.4365 601.0695 601.283 601.679 601.6111 601.5782 601.5453 601.5124 601.4795 601.4465 601.4136 601.3807 601.3478 601.3149 601.282 601.249 601.2161 601.1832 601.1503 601.1174 601.0845 601.0515 601.0186 600.9857 600.9528 600.9199 600.8869 600.8638 600.8466 600.8293 600.812 600.7947 600.7775 600.7602 600.7429 600.7256 600.7084 600.6911 600.6738 600.6566 600.6393 600.622 600.6094 600.6023
-9999 602.1178 601.9089 601.6976 601.4863 601.38 600.9555 600.6065 600.4265 600.197 599.9485 599.84 599.8305 599.5615 599.5545 599.626 599.641 599.737 599.962 600.1315 600.247 600.8735 601.2365 601.5587 601.7036 601.6707 601.6378 601.6049 601.572 601.5391 601.5061 601.4732 601.4402 601.4073 601.3745 601.3415 601.3086 601.2757 601.2427 601.2098 601.1769 601.144 601.1111 601.0782 601.0452 601.0123 600.9794 600.9465 600.9136 600.8806 600.8477 600.8148 600.7819 600.7606 600.7433 600.7261 600.7088 600.6915 600.6743 600.657 600.6397 600.6245 600.576 600.165
-9999 602.1503 601.9559 601.7445 601.5332 601.4094 601.2025 600.99 600.794 600.3815 600.147 599.828 599.7925 599.792 599.5195 599.4965 599.6575 599.577 599.7515 599.958 600.2795 600.423 600.769 601.24 601.531 601.7244 601.6929 601.6613 601.6298 601.5983 601.5674 601.5366 601.5057 601.4749 601.444 601.4128 601.3818 601.3507 601.3196 601.2885 601.2574 601.2263 601.1953 601.1641 601.1331 601.1019 601.0709 601.0389 601.006 600.9731 600.9402 600.9073 600.8743 600.8414 600.8085 600.7756 600.7427 600.7098 600.6768 600.6575 600.6401 600.32 600.16 600.014
-9999 602.1829 602.0027 601.7914 601.5801 601.4564 601.3734 601.1176 600.9705 600.5715 600.4355 600.022 599.885 600.0245 599.8875 599.83 599.816 599.6115 599.791 599.975 600.177 600.136 600.417 601.0205 601.2475 601.5779 601.7111 601.6795 601.648 601.6165 601.585 601.5535 601.522 601.4905 601.459 601.4275 601.396 601.3645 601.333 601.3015 601.27 601.2385 601.207 601.1755 601.144 601.1125 601.0811 601.0496 601.0181 600.9866 600.9551 600.9236 600.8921 600.8606 600.8291 600.7976 600.7661 600.7346 600.6926 600.6594 600.375 599.9715 599.6435 599.447
-9999 602.2147 602.0497 601.8384 601.627 601.5032 601.4216 601.3601 601.2695 601.012 600.741 600.2555 600.0735 600.208 599.94 599.7895 599.7205 599.814 599.9605 600.032 600.1125 600.1875 600.4075 600.753 601.0235 601.2887 601.5016 601.699 601.6675 601.636 601.6046 601.5731 601.5416 601.5101 601.4786 601.4471 601.4156 601.3842 601.3527 601.3212 601.2897 601.2582 601.2267 601.1952 601.1637 601.1322 601.1007 601.0692 601.0377 601.0062 600.9746 600.9429 600.8886 600.8344 600.78 600.7318 600.7141 600.6963 600.6786 600.5065 600.1025 599.6689 599.421 599.088
-9999 602.2463 602.0966 601.8853 601.674 601.5502 601.4698 601.4082 601.3513 601.162 601.0885 600.5645 600.351 600.48 600.2535 600.013 599.778 599.8979 599.7581 599.7305 599.787 599.9135 600.0465 600.388 600.6775 600.878 601.218 601.4515 601.6844 601.6557 601.6242 601.5927 601.5612 601.5297 601.4982 601.4667 601.4352 601.4037 601.3722 601.3407 601.3092 601.2776 601.2462 601.2147 601.1831 601.139 601.0847 601.0304 600.9761 600.9218 600.8676 600.8133 600.7865 600.7688 600.751 600.7332 600.7149 600.7444 600.7244 600.229 599.833 599.3645 599.298 598.9275
-9999 -9999 602.1436 601.9323 601.7209 601.5971 601.5181 601.4564 601.4012 601.3541 601.318 600.984 600.8865 600.8125 600.5815 600.22 600.0925 599.8905 599.8715 599.845 599.8525 599.873 599.818 599.9695 600.434 600.5305 600.93 601.064 601.3545 601.668 601.6437 601.6122 601.5807 601.5492 601.5176 601.4861 601.4547 601.4231 601.3893 601.335 601.2808 601.2265 601.1722 601.1179 601.0636 601.0093 600.9551 600.9008 600.8589 600.8412 600.8235 600.8056 600.7877 600.7694 600.751 600.7902 600.8466 600.8926 600.375 599.712 599.4305 599.2505 599.01 598.9395
-9999 -9999 602.1905 601.9791 601.7678 601.644 601.5663 601.5047 601.4511 601.4041 601.3621 601.4264 601.1895 600.9525 600.8395 600.421 600.3395 599.974 599.87 599.806 599.761 599.7855 599.924 600.0745 600.228 600.222 600.576 600.547 600.799 601.1775 601.5477 601.6316 601.5854 601.5311 601.4768 601.4225 601.3683 601.314 601.2597 601.2054 601.1511 601.0969 601.0425 600.9883 600.934 600.9137 600.8959 600.878 600.8601 600.8422 600.8239 600.8055 600.7871 600.8358 600.8922 600.9486 601.05 600.9455 600.079 599.4095 599.14 599.0959 598.8115 598.9105
-9999 -9999 602.2374 602.0261 601.8148 601.691 601.6146 601.553 601.501 601.4546 601.4223 601.5046 601.5869 601.65 601.1541 600.6615 600.4965 600.414 600.162 599.802 599.705 599.823 599.8575 600.0415 599.8925 599.939 600.1545 600.2875 600.6325 600.8085 601.085 601.232 601.5328 601.4015 601.3472 601.2929 601.2386 601.1843 601.1301 601.0757 601.0215 600.9861 600.9683 600.9504 600.9326 600.9147 600.8968 600.8784 600.86 600.8416 600.8251 600.8815 600.9379 600.9943 601.0507 601.1541 600.9615 600.3285 599.802 599.1515 599.0975 599.014 598.8005 598.672
-9999 -9999 602.2844 602.073 601.8617 601.7379 601.6626 601.6013 601.5509 601.5055 601.5005 601.5828 601.6651 601.7474 601.6382 601.2695 600.8075 600.795 600.5725 600.0045 599.8715 599.9805 599.783 599.9164 599.982 600.0075 600.1045 600.257 600.4235 600.409 600.69 600.6175 600.7795 601.1285 601.1786 601.1633 601.109 601.0586 601.0407 601.0228 601.0049 600.9871 600.9692 600.9513 600.9329 600.9146 600.8961 600.8777 600.8708 600.9272 600.9836 601.04 601.0964 601.1527 601.2325 600.9075 600.194 599.778 599.468 598.9255 598.7635 598.6845 598.7145 598.5315
-9999 -9999 602.3312 602.1199 601.9086 601.7849 601.7107 601.6501 601.6008 601.5564 601.5787 601.661 601.7433 601.8256 601.7828 601.6655 601.3573 600.9725 600.785 600.2455 600.106 600.093 599.8575 599.9475 599.8728 600.015 599.91 599.942 600.0465 600.2495 600.255 600.327 600.5785 600.577 600.634 600.97 601.0775 601.0595 601.0416 601.0237 601.0059 600.9874 600.9691 600.9506 600.9323 600.9138 600.9165 600.9729 601.0293 601.0857 601.142 601.1984 601.2548 601.0647 600.783 600.073 599.6425 599.4095 599.0805 598.866 598.4885 598.3685 598.48 598.574
-9999 -9999 602.3743 602.1669 601.9555 601.8317 601.7588 601.6989 601.6508 601.6073 601.657 601.7393 601.8215 601.8586 601.8145 601.7701 601.6716 601.3809 601.16 600.5585 600.2475 600.3115 599.9925 600.01 599.801 599.9625 599.9395 599.8824 599.8285 600.13 600.1795 600.2805 600.3695 600.224 600.3325 600.738 600.8525 600.654 600.8075 601.0239 601.0051 600.9868 600.9683 600.95 600.9622 601.0186 601.075 601.1343 601.1955 601.2567 601.2975 600.9225 600.6505 600.274 599.8865 599.74 599.251 599.1485 598.7535 598.7841 598.6565 598.514 598.4659 598.6745
-9999 -9999 602.4069 602.2138 602.0024 601.8787 601.8069 601.7477 601.7007 601.6582 601.7352 601.8174 601.8997 601.8893 601.8472 601.8039 601.758 601.7198 601.3676 600.909 600.5825 600.329 600.29 599.9575 599.819 600.034 600.017 599.7695 599.7185 600.0335 600.118 599.9435 599.986 600.135 600.0695 600.254 600.4945 600.358 600.3979 600.6115 600.927 601.051 600.958 600.814 600.8215 600.8445 600.858 600.6725 600.4365 600.3465 600.1265 600.1335 599.735 599.5455 599.5305 599.371 599.0455 598.739 598.721 598.696 598.699 598.649 598.4115 598.565
-9999 -9999 602.4388 602.2607 602.0494 601.9256 601.8553 601.7977 601.7507 601.7311 601.8134 601.8957 601.9658 601.9218 601.8811 601.8375 601.7926 601.7468 601.7065 601.3539 601.1185 600.851 600.5875 600.0935 599.9385 600.073 599.9975 599.6635 599.735 599.934 599.9555 599.6805 599.739 600.052 600.0625 600.1395 600.2255 600.0795 600.301 600.3865 600.3245 600.3685 600.498 600.254 600.3455 600.3915 600.3595 600.015 600.096 599.9595 599.7325 599.808 599.584 599.302 599.054 598.913 598.8015 598.4655 598.426 598.45 598.41 598.5025 598.6965 598.82
-9999 -9999 -9999 602.3076 602.0963 601.9725 601.9037 601.8476 601.8016 601.8094 601.8917 601.9739 601.9965 601.955 601.9149 601.8727 601.8288 601.7849 601.7357 601.693 601.3655 601.25 600.8675 600.5575 600.3035 600.011 599.874 599.876 599.67 599.71 599.893 599.7921 599.6609 599.942 600.0055 599.827 599.833 600.0359 600.203 600.226 600.132 600.085 599.9655 599.8445 599.943 600.1005 600.0435 599.8065 599.6965 599.7295 599.526 599.4055 599.1324 599.0585 598.7105 598.695 598.5135 598.369 598.514 598.5295 598.404 598.517 598.7675 598.952
-9999 -9999 -9999 602.3546 602.1432 602.0195 601.9518 601.8975 601.8525 601.8876 601.9698 602.0521 602.028 601.9898 601.9501 601.9095 601.8657 601.8214 601.7742 601.7314 601.684 601.3782 600.9625 600.68 600.5291 600.09 599.919 600.0545 599.9355 599.838 599.676 599.705 599.574 599.8375 599.82 599.5385 599.597 599.854 599.7635 599.7435 599.735 599.7495 599.8145 599.7335 599.5775 599.72 599.5455 599.359 599.235 599.3535 599.1145 598.911 598.7865 598.858 598.612 598.701 598.5814 598.566 598.5055 598.614 598.834 599.028 599.2115 599.3925
-9999 -9999 -9999 602.4015 602.1902 602.0664 601.9999 601.9474 601.9034 601.9658 602.0481 602.1037 602.0622 602.0245 601.9856 601.9451 601.9042 601.8602 601.8197 601.7756 601.7283 601.6838 601.419 601.039 600.616 600.383 600.2555 599.967 599.929 599.968 599.6165 599.5 599.515 599.6077 599.536 599.499 599.641 599.569 599.651 599.629 599.412 599.384 599.5284 599.6825 599.551 599.3515 599.3695 599.259 599.015 598.987 599.006 598.855 598.6785 598.8265 598.6775 598.533 598.554 598.584 598.5935 598.949 599.2835 599.3929 599.725 599.713
-9999 -9999 -9999 602.4484 602.2371 602.1134 602.0482 601.9973 601.9618 602.044 602.1263 602.1345 602.0976 602.0611 602.0228 601.9828 601.9433 601.9008 601.8672 601.8199 601.7725 601.7329 601.6802 601.5253 601.05 600.785 600.585 600.0935 599.9525 600.094 599.952 599.853 599.7675 599.722 599.672 599.5992 599.6535 599.4045 599.4345 599.456 599.5175 599.452 599.3065 599.5255 599.464 599.136 599.1125 599.075 599.1125 598.9925 598.8225 598.7155 598.7465 598.8655 598.842 598.6275 598.808 598.9205 598.9735 599.4265 599.658 599.8385 600.1485 600.4575
-9999 -9999 -9999 602.4954 602.284 602.1603 602.0965 602.0472 602.04 602.1223 602.2045 602.168 602.1357 602.0975 602.0604 602.0242 601.9847 601.941 601.9114 601.8641 601.8287 601.7803 601.7275 601.6819 601.6337 601.1955 600.5935 600.2715 600.1495 600.2075 600.027 600.001 599.8215 599.8665 599.637 599.5485 599.458 599.379 599.4856 599.483 599.3715 599.3015 599.1844 599.19 599.188 599.2515 599.189 599.156 599.145 598.9275 598.724 598.8815 598.8775 598.801 598.988 598.987 599.042 599.393 599.369 599.704 600.068 600.5835 600.9061 601.2045
-9999 -9999 -9999 602.5423 602.3309 602.2073 602.1453 602.0977 602.1182 602.2005 602.2416 602.2064 602.1711 602.1376 602.1015 602.0652 602.0239 601.9949 601.9557 601.9083 601.8784 601.8276 601.7793 601.736 601.6832 601.6339 601.059 600.73 600.41 600.37 600.1045 600.1265 599.854 599.939 599.865 599.742 599.686 599.6055 599.4655 599.412 599.468 599.4375 599.394 599.286 599.132 599.2825 599.099 599.065 599.1185 598.8315 598.851 599.135 599.114 598.909 599.035 599.11 599.3565 599.822 600.0915 600.3575 600.8209 601.106 601.2256 601.2476
-9999 -9999 -9999 602.5892 602.3779 602.2543 602.1942 602.1486 602.1964 602.2787 602.2753 602.2415 602.2111 602.1772 602.1425 602.1046 602.0655 602.0473 601.9999 601.9595 601.9277 601.875 601.8394 601.7894 601.7462 601.6927 601.4533 601.1075 600.6695 600.4945 600.4595 600.343 600.0045 600.1395 600.118 600.014 599.9215 599.8525 599.6516 599.618 599.634 599.4406 599.5115 599.274 599.164 599.3095 599.0925 599.1715 599.0605 598.9935 599.2 599.344 599.36 599.3345 599.295 599.597 599.833 600.333 600.7045 601.0321 601.2405 601.2608 601.2834 601.2939
-9999 -9999 -9999 602.6308 602.4248 602.3025 602.244 602.1995 602.2747 602.3489 602.31 602.282 602.2476 602.2176 602.1821 602.1458 602.1163 602.0915 602.0441 602.0178 601.9751 601.9224 601.8935 601.8429 601.8052 601.7577 601.448 601.1877 601.1033 600.908 600.601 600.408 600.2405 600.2834 600.079 599.92 599.845 599.7495 599.665 599.6545 599.7045 599.4725 599.578 599.3205 599.2885 599.4465 599.274 599.4565 599.413 599.406 599.3195 599.3885 599.4685 599.6035 599.7735 600.1425 600.379 600.8797 601.2025 601.2751 601.2993 601.3175 601.3411 601.3524
-9999 -9999 -9999 602.663 602.4717 602.3507 602.2939 602.2706 602.3528 602.3798 602.3508 602.3187 602.2907 602.2561 602.2236 602.1921 602.1702 602.1357 602.09 602.0729 602.0225 601.9852 601.9491 601.9026 601.8641 601.7524 601.4426 601.2853 601.2009 601.1285 600.9775 600.819 600.498 600.388 600.1575 600.0565 600.1495 600.066 599.7665 599.7205 599.893 599.644 599.8135 599.725 599.636 599.5405 599.6315 599.6795 599.5945 599.712 599.58 599.8015 600.01 600.0995 600.3105 600.7685 601.2369 601.2937 601.3165 601.3379 601.3617 601.3759 601.3987 601.4166
-9999 -9999 -9999 -9999 602.5187 602.3989 602.3439 602.3488 602.4311 602.4174 602.3901 602.3611 602.329 602.3018 602.2703 602.2377 602.2241 602.1799 602.1485 602.1223 602.0699 602.0494 602.0026 601.9717 601.923 601.747 601.4387 601.3829 601.2985 601.2466 601.1807 601.1109 601.041 600.9255 600.758 600.61 600.386 600.261 600.2815 600.229 600.148 599.8625 599.8285 599.8575 599.95 599.7045 599.741 599.775 599.797 600.0175 600.0165 600.313 600.389 600.7015 601.307 601.3297 601.3459 601.3671 601.3869 601.4 601.4241 601.446 601.4554 601.4755
-9999 -9999 -9999 -9999 602.5656 602.447 602.3938 602.4271 602.4868 602.4568 602.4301 602.4024 602.3741 602.3455 602.3151 602.2915 602.2715 602.2241 602.207 602.17 602.1269 602.1051 602.056 602.0355 601.9901 601.7417 601.5545 601.4805 601.4204 601.3666 601.3057 601.2382 601.1768 601.1147 601.046 600.9691 600.8065 600.4995 600.5081 600.5985 600.294 600.162 600.0229 600.06 600.3105 600.194 600.061 600.254 600.1515 600.3125 600.6575 600.8535 600.8845 601.3734 601.39 601.4122 601.429 601.4405 601.4633 601.475 601.4865 601.5106 601.5122 601.5331
-9999 -9999 -9999 -9999 602.6125 602.4952 602.4446 602.5052 602.5219 602.4966 602.4712 602.445 602.4194 602.3905 602.3588 602.3455 602.3157 602.2789 602.2656 602.2173 602.1909 602.1622 602.1229 602.0944 602.046 601.7363 601.6625 601.5781 601.5441 601.4866 601.4297 601.368 601.3165 601.2563 601.2009 601.1452 601.0975 601.0434 600.9925 600.9935 600.8995 600.7245 600.704 600.6675 600.562 600.5 600.588 600.829 600.8885 600.9125 600.9402 600.9763 601.0247 601.4639 601.4794 601.4948 601.5117 601.5139 601.54 601.5504 601.5556 601.573 601.5729 601.5925
-9999 -9999 -9999 -9999 602.6594 602.5435 602.5012 602.5835 602.5614 602.5384 602.5131 602.49 602.4631 602.4344 602.4127 602.3995 602.3599 602.3375 602.3169 602.2689 602.2551 602.2156 602.192 602.1533 602.0407 601.7997 601.76 601.6881 601.6585 601.6124 601.5604 601.5031 601.4577 601.4014 601.3558 601.303 601.2595 601.213 601.1613 601.1216 601.0974 601.0553 601.0436 601.0328 601.0236 601.0133 601.0035 601.0219 601.0461 601.0773 601.0944 601.126 601.1649 601.5212 601.5687 601.5795 601.5944 601.5908 601.6133 601.6207 601.6177 601.6354 601.6431 601.6501
