samples/sfe_81/sfe_81_v1/sfe_81_v1/sfe_81_v1.asc
ncols         229
nrows         91
xllcorner     95.199999999255
yllcorner     55.199999999255
cellsize      1
NODATA_value  -9999
[rows 0 to 27 of 91, columns 0 to 63 of 229]
-9999 -9999 -9999 -9999 -9999 602.9275 602.9145 602.9005 602.8875 602.8734 602.8604 602.8464 602.8334 602.8193 602.8063 602.7923 602.7793 602.7653 602.7523 602.7383 602.7252 602.7114 602.6982 602.6845 602.6711 602.6576 602.6441 602.6307 602.6175 602.604 602.5864 602.5728 602.5593 602.5458 602.533 602.5194 602.506 602.4925 602.4791 602.4659 602.4523 602.4389 602.4224 602.4055 602.3918 602.3787 602.3647 602.3517 602.3373 602.3243 602.3104 602.2967 602.2828 602.2697 602.2559 602.2426 602.2291 602.2154 602.2015 602.1877 602.174 602.1605 602.147 602.1334
-9999 -9999 -9999 -9999 -9999 602.9055 602.8923 602.8784 602.8653 602.8513 602.8382 602.8242 602.8111 602.7972 602.7839 602.7705 602.7569 602.7438 602.7297 602.7167 602.7026 602.6896 602.6756 602.6625 602.6487 602.6354 602.6219 602.6089 602.596 602.5823 602.5562 602.5431 602.5294 602.5181 602.5042 602.491 602.4774 602.4639 602.4512 602.4379 602.4246 602.4108 602.3899 602.3665 602.3515 602.3384 602.3244 602.3113 602.2973 602.2829 602.2691 602.2542 602.2404 602.227 602.2137 602.1999 602.1868 602.1728 602.1589 602.1435 602.1294 602.1154 602.1023 602.0883
-9999 -9999 -9999 -9999 -9999 602.8835 602.8699 602.8563 602.8432 602.8291 602.816 602.8021 602.7888 602.7755 602.7616 602.7485 602.7345 602.7214 602.7076 602.6942 602.681 602.6672 602.6539 602.6406 602.6266 602.6136 602.5998 602.5883 602.5742 602.547 602.5269 602.5137 602.4997 602.4899 602.4761 602.463 602.4489 602.4364 602.4236 602.4105 602.3965 602.381 602.3574 602.3339 602.3112 602.2979 602.2841 602.2709 602.2568 602.2416 602.2277 602.2144 602.1979 602.1844 602.1713 602.1577 602.1441 602.131 602.116 602.1013 602.0856 602.0712 602.0572 602.044
-9999 -9999 -9999 -9999 602.8532 602.8611 602.8475 602.8342 602.821 602.8069 602.7938 602.78 602.7665 602.7534 602.7393 602.7261 602.7126 602.699 602.6857 602.6725 602.6584 602.6453 602.6315 602.618 602.6049 602.5908 602.5789 602.5662 602.553 602.5107 602.4971 602.4835 602.4703 602.4612 602.448 602.434 602.4208 602.4076 602.3961 602.3822 602.3689 602.3485 602.325 602.3014 602.2778 602.257 602.2438 602.2305 602.2168 602.2033 602.187 602.1731 602.1599 602.1419 602.1287 602.1154 602.1014 602.0883 602.0745 602.0582 602.0412 602.0262 602.0129 601.9993
-9999 -9999 -9999 -9999 602.7641 602.8386 602.8253 602.8121 602.7988 602.7848 602.7716 602.7581 602.7443 602.731 602.7173 602.7037 602.6906 602.6773 602.6632 602.65 602.6368 602.6227 602.6094 602.596 602.5825 602.5694 602.5576 602.545 602.5236 602.4805 602.4673 602.4541 602.4462 602.4327 602.4191 602.4059 602.3926 602.3808 602.3687 602.3545 602.3396 602.316 602.2925 602.2689 602.2453 602.2217 602.2036 602.1903 602.1762 602.163 602.1454 602.1318 602.1185 602.0994 602.0862 602.0729 602.0594 602.0456 602.0324 602.0157 601.9995 601.9813 601.968 601.9548
-9999 -9999 -9999 -9999 602.7449 602.8165 602.8033 602.79 602.7765 602.7626 602.7494 602.7361 602.722 602.7087 602.6954 602.6821 602.6681 602.6548 602.6415 602.6274 602.6142 602.6009 602.5876 602.5735 602.5602 602.5483 602.537 602.5237 602.4736 602.4511 602.4379 602.424 602.4182 602.4042 602.3909 602.3774 602.3649 602.3542 602.3401 602.327 602.3071 602.2836 602.26 602.2365 602.2128 602.1893 602.1669 602.1494 602.1359 602.1227 602.1089 602.0905 602.0773 602.064 602.0437 602.0304 602.017 602.003 601.9897 601.9752 601.957 601.9398 601.9234 601.9097
-9999 -9999 -9999 -9999 602.7315 602.764 602.7813 602.7676 602.7542 602.7405 602.7272 602.7139 602.6998 602.6865 602.6731 602.6598 602.6463 602.6323 602.619 602.6057 602.5924 602.5785 602.5649 602.5516 602.5385 602.5271 602.5157 602.5002 602.435 602.4216 602.4076 602.396 602.3893 602.3761 602.3622 602.3488 602.3386 602.3261 602.3126 602.2982 602.2747 602.2511 602.2275 602.2039 602.1804 602.1568 602.1332 602.1091 602.0957 602.0823 602.069 602.0549 602.036 602.0226 602.0013 601.9879 601.9744 601.9611 601.9471 601.9337 601.9167 601.8974 601.8789 601.8649
-9999 -9999 -9999 -9999 602.718 602.6537 602.7592 602.7452 602.7319 602.7183 602.705 602.6917 602.678 602.6647 602.6508 602.6374 602.624 602.6107 602.5973 602.5833 602.5698 602.5564 602.543 602.5297 602.5173 602.5078 602.4944 602.4503 602.4048 602.3914 602.3781 602.3743 602.3611 602.3477 602.3338 602.3223 602.3117 602.2983 602.285 602.2657 602.2422 602.2186 602.1951 602.1714 602.1479 602.1243 602.1008 602.0771 602.0552 602.042 602.028 602.0146 601.9948 601.981 601.9677 601.9455 601.9321 601.9186 601.9046 601.8914 601.8752 601.8569 601.8376 601.8206
-9999 -9999 -9999 -9999 602.7046 602.5435 602.7369 602.723 602.7097 602.6962 602.6827 602.6694 602.6559 602.6425 602.6289 602.615 602.6017 602.5881 602.5748 602.5613 602.548 602.5345 602.5209 602.507 602.497 602.486 602.4728 602.4003 602.3754 602.362 602.3486 602.3464 602.3323 602.3189 602.3056 602.2953 602.2841 602.2708 602.2568 602.2333 602.2097 602.1862 602.1625 602.139 602.1154 602.0919 602.0682 602.0447 602.0211 602.0012 601.9878 601.9744 601.9609 601.9399 601.926 601.9046 601.8897 601.8759 601.8628 601.8489 601.8351 601.8163 601.7951 601.7758
-9999 -9999 -9999 -9999 602.6512 602.4513 602.7144 602.7009 602.6874 602.674 602.6606 602.6472 602.6337 602.6202 602.6068 602.5933 602.5799 602.5663 602.5525 602.5394 602.5255 602.5118 602.4985 602.486 602.4775 602.4644 602.4269 602.3593 602.3459 602.332 602.3242 602.3175 602.3041 602.2907 602.2794 602.2692 602.2565 602.2431 602.2244 602.2008 602.1772 602.1537 602.1301 602.1065 602.0829 602.0594 602.0358 602.0122 601.9886 601.9626 601.9477 601.9341 601.9207 601.9007 601.8849 601.8714 601.847 601.8339 601.8202 601.8065 601.7933 601.7759 601.7556 601.7337
-9999 -9999 -9999 -9999 602.5726 602.3709 602.6924 602.6789 602.6653 602.6519 602.6384 602.6249 602.6113 602.5978 602.5844 602.5709 602.5574 602.5439 602.5304 602.5169 602.5034 602.4899 602.4764 602.4665 602.4565 602.443 602.3769 602.329 602.316 602.3022 602.3025 602.2894 602.2759 602.2625 602.2507 602.2423 602.2286 602.2155 602.1919 602.1683 602.1448 602.1212 602.0976 602.074 602.0505 602.0269 602.0033 601.9797 601.9562 601.9326 601.9069 601.8936 601.8799 601.8663 601.8438 601.8302 601.8125 601.7911 601.7775 601.7643 601.7508 601.737 601.7147 601.6916
-9999 -9999 -9999 -9999 602.494 602.2905 602.6703 602.6568 602.6432 602.6297 602.6161 602.6027 602.5891 602.5755 602.5624 602.5488 602.5352 602.522 602.5085 602.495 602.4814 602.4679 602.4556 602.4456 602.4351 602.4035 602.3269 602.2996 602.2861 602.274 602.2746 602.2608 602.247 602.2339 602.2255 602.2147 602.2009 602.183 602.1594 602.1359 602.1123 602.0887 602.0651 602.0416 602.018 601.9944 601.9708 601.9473 601.9237 601.9001 601.8765 601.8533 601.8397 601.8261 601.8125 601.7891 601.7755 601.7484 601.7354 601.7218 601.7083 601.6948 601.6743 601.6528
-9999 -9999 -9999 -9999 602.4155 602.2101 602.6483 602.6348 602.6212 602.6075 602.5939 602.5807 602.5672 602.5536 602.5403 602.5267 602.5131 602.4995 602.4861 602.4725 602.459 602.4459 602.4348 602.4273 602.4137 602.3535 602.2836 602.2701 602.2565 602.2523 602.2457 602.2322 602.2186 602.2081 602.2 602.1863 602.1732 602.1505 602.127 602.1034 602.0798 602.0562 602.0327 602.0091 601.9855 601.9619 601.9384 601.9148 601.8912 601.8676 601.8441 601.8214 601.7994 601.7859 601.7723 601.7476 601.7343 601.7203 601.6925 601.679 601.6659 601.6523 601.6344 601.6122
-9999 -9999 -9999 -9999 602.3369 602.1298 602.6258 602.6127 602.5991 602.5854 602.5718 602.5588 602.5452 602.5315 602.5179 602.5045 602.4911 602.4776 602.464 602.4503 602.4368 602.4234 602.4155 602.4059 602.3801 602.3035 602.2534 602.2405 602.2269 602.2306 602.2174 602.2039 602.1904 602.1828 602.1721 602.1586 602.1416 602.118 602.0945 602.0709 602.0473 602.0237 602.0002 601.9766 601.953 601.9294 601.9059 601.8823 601.8587 601.8351 601.8116 601.788 601.7589 601.7453 601.7319 601.7186 601.6929 601.6796 601.6503 601.6367 601.6235 601.6098 601.5961 601.5748
-9999 -9999 -9999 602.5966 602.2582 602.0518 602.6036 602.5906 602.577 602.5632 602.5496 602.5365 602.5228 602.5092 602.4957 602.4824 602.4688 602.4551 602.4419 602.4283 602.4147 602.4025 602.3976 602.3845 602.3302 602.2535 602.2238 602.2102 602.2021 602.2028 602.1891 602.1756 602.1654 602.158 602.1444 602.1309 602.1091 602.0856 602.062 602.0385 602.0148 601.9913 601.9677 601.9442 601.9205 601.897 601.8734 601.8499 601.8262 601.8027 601.7791 601.7556 601.7319 601.705 601.6916 601.6779 601.6592 601.6379 601.6248 601.5944 601.5806 601.5674 601.5537 601.535
-9999 -9999 -9999 602.5075 602.1797 601.9769 602.5327 602.5682 602.5548 602.5411 602.5274 602.5142 602.5005 602.4873 602.4737 602.4599 602.4468 602.4331 602.4196 602.4063 602.3925 602.3841 602.376 602.3568 602.2802 602.2079 602.1943 602.1806 602.1804 602.1738 602.1608 602.1472 602.1374 602.1303 602.1167 602.1003 602.0767 602.0531 602.0295 602.0059 601.9824 601.9588 601.9352 601.9116 601.8881 601.8645 601.8409 601.8173 601.7938 601.7702 601.7466 601.723 601.6995 601.6759 601.6509 601.6378 601.624 601.5969 601.5832 601.5562 601.5383 601.5251 601.5114 601.498
-9999 -9999 -9999 602.4184 602.1011 601.9021 602.4224 602.5459 602.5327 602.5189 602.5054 602.492 602.4786 602.465 602.4514 602.438 602.4243 602.4111 602.3973 602.3842 602.3721 602.3641 602.3547 602.3068 602.2302 602.1777 602.1646 602.1519 602.1587 602.1455 602.1318 602.1198 602.1125 602.1026 602.0889 602.0677 602.0442 602.0206 601.9971 601.9734 601.9499 601.9263 601.9028 601.8792 601.8556 601.832 601.8085 601.7849 601.7613 601.7377 601.7142 601.6906 601.667 601.6434 601.6171 601.5972 601.5839 601.5701 601.5422 601.5286 601.496 601.4823 601.469 601.4557
-9999 -9999 -9999 602.3293 602.0225 601.8273 602.3121 602.5239 602.5104 602.4968 602.4833 602.4697 602.4564 602.4428 602.4294 602.4158 602.4023 602.3888 602.3752 602.362 602.3525 602.3468 602.3334 602.2568 602.1802 602.1481 602.1347 602.1302 602.1309 602.1172 602.1035 602.0939 602.0883 602.0748 602.0589 602.0353 602.0117 601.9882 601.9646 601.941 601.9174 601.8939 601.8703 601.8467 601.8231 601.7996 601.776 601.7524 601.7288 601.7053 601.6817 601.6581 601.6345 601.611 601.5874 601.5568 601.5435 601.5301 601.5038 601.4874 601.464 601.4401 601.4267 601.4129
-9999 -9999 -9999 602.2402 601.9438 601.7524 602.2018 602.5018 602.488 602.4746 602.4613 602.4474 602.4341 602.4208 602.4073 602.3936 602.3802 602.3666 602.3531 602.34 602.3336 602.3253 602.2834 602.2068 602.1322 602.1184 602.105 602.1085 602.1021 602.0888 602.0752 602.0701 602.0607 602.047 602.0264 602.0028 601.9792 601.9557 601.9321 601.9085 601.8849 601.8614 601.8378 601.8142 601.7906 601.7671 601.7435 601.7199 601.6964 601.6728 601.6492 601.6256 601.6021 601.5785 601.5549 601.5313 601.503 601.4896 601.4758 601.4459 601.4325 601.3975 601.384 601.3705
-9999 -9999 -9999 602.1511 601.8653 601.6776 602.0916 602.4795 602.4658 602.4525 602.4391 602.4255 602.4117 602.3984 602.3849 602.3716 602.3582 602.3445 602.3309 602.3207 602.3176 602.3038 602.2335 602.1569 602.102 602.0887 602.08 602.0869 602.0736 602.0604 602.0512 602.0461 602.0326 602.0175 601.9939 601.9703 601.9468 601.9232 601.8996 601.876 601.8525 601.8289 601.8053 601.7817 601.7582 601.7346 601.711 601.6874 601.6639 601.6403 601.6167 601.5931 601.5696 601.546 601.5224 601.4988 601.4759 601.4492 601.4357 601.4178 601.3911 601.3718 601.3417 601.3283
-9999 -9999 -9999 602.113 601.7867 601.6027 601.9813 602.4572 602.4437 602.4303 602.4168 602.4034 602.3899 602.3764 602.3629 602.3492 602.3356 602.3221 602.3087 602.3021 602.296 602.2601 602.1835 602.1069 602.0723 602.059 602.0583 602.0591 602.0453 602.032 602.0256 602.0183 602.0051 601.985 601.9614 601.9379 601.9143 601.8907 601.8671 601.8436 601.82 601.7964 601.7728 601.7493 601.7257 601.7021 601.6785 601.655 601.6314 601.6078 601.5842 601.5607 601.5371 601.5135 601.4899 601.4664 601.4428 601.4116 601.3953 601.3818 601.3499 601.3365 601.2998 601.2857
-9999 -9999 -9999 602.0995 601.7081 601.5278 601.871 602.4352 602.4217 602.4081 602.3946 602.381 602.3676 602.354 602.3405 602.327 602.3136 602.3002 602.2887 602.2843 602.2744 602.2101 602.1335 602.0569 602.0427 602.0298 602.0367 602.0305 602.0168 602.0067 602.0014 601.9905 601.9761 601.9525 601.929 601.9054 601.8818 601.8582 601.8347 601.8111 601.7875 601.7639 601.7404 601.7168 601.6932 601.6696 601.6461 601.6225 601.5989 601.5753 601.5518 601.5282 601.5046 601.481 601.4575 601.4339 601.4103 601.3867 601.3546 601.3414 601.3278 601.2953 601.2797 601.2432
-9999 -9999 -9999 602.0861 601.6295 601.453 601.7877 602.413 602.3996 602.386 602.3724 602.3589 602.3456 602.332 602.3184 602.3049 602.2917 602.2781 602.271 602.2663 602.2367 602.1601 602.0835 602.0263 602.0129 602.0082 602.015 602.0022 601.9884 601.9797 601.9765 601.9628 601.9437 601.92 601.8965 601.8729 601.8494 601.8257 601.8022 601.7786 601.7551 601.7314 601.7079 601.6843 601.6608 601.6371 601.6136 601.59 601.5665 601.5428 601.5193 601.4957 601.4721 601.4485 601.425 601.4014 601.3778 601.3542 601.3307 601.3008 601.2874 601.2624 601.2403 601.2076
-9999 -9999 -9999 602.0726 601.5509 601.3782 601.7073 602.3907 602.3773 602.3638 602.3502 602.3369 602.3232 602.3101 602.2963 602.2827 602.2694 602.2574 602.2519 602.2451 602.1867 602.1101 602.0335 601.9967 601.9832 601.9865 601.9872 601.9738 601.9603 601.9573 601.9487 601.9348 601.9111 601.8876 601.864 601.8405 601.8168 601.7933 601.7697 601.7462 601.7225 601.699 601.6754 601.6519 601.6282 601.6047 601.5811 601.5576 601.5339 601.5104 601.4868 601.4633 601.4396 601.4161 601.3925 601.369 601.3453 601.3218 601.2982 601.2715 601.2472 601.2334 601.1991 601.1857
-9999 -9999 602.4291 602.0592 601.4723 601.3033 601.6269 602.3014 602.355 602.3417 602.3282 602.3146 602.3013 602.2875 602.2742 602.2606 602.2471 602.239 602.2371 602.2133 602.1367 602.0601 601.9835 601.9672 601.958 601.9648 601.9588 601.9453 601.937 601.9342 601.9207 601.9023 601.8787 601.8551 601.8315 601.808 601.7844 601.7608 601.7372 601.7137 601.6901 601.6665 601.6429 601.6194 601.5958 601.5722 601.5486 601.5251 601.5015 601.4779 601.4543 601.4308 601.4072 601.3836 601.36 601.3365 601.3129 601.2893 601.2657 601.2422 601.2066 601.1932 601.1764 601.1441
-9999 -9999 602.34 602.0457 601.3937 601.2285 601.5465 602.1911 602.3329 602.3195 602.3061 602.2927 602.2789 602.2654 602.252 602.2386 602.2249 602.221 602.2155 602.1633 602.0867 602.0101 601.9506 601.9374 601.9363 601.9431 601.9303 601.9167 601.9138 601.9067 601.8932 601.8698 601.8462 601.8226 601.7991 601.7755 601.7519 601.7283 601.7048 601.6812 601.6576 601.634 601.6105 601.5869 601.5633 601.5397 601.5162 601.4926 601.469 601.4454 601.4219 601.3983 601.3747 601.3511 601.3276 601.304 601.2804 601.2568 601.2333 601.2097 601.1861 601.1527 601.1392 601.1069
-9999 -9999 602.2509 602.0323 601.3151 601.1536 601.4661 602.0808 602.3109 602.2974 602.2839 602.2703 602.2568 602.2433 602.2298 602.2162 602.2057 602.2044 602.1899 602.1133 602.0367 601.9601 601.9211 601.9078 601.9146 601.9154 601.9018 601.8934 601.8902 601.8788 601.8609 601.8373 601.8137 601.7902 601.7666 601.743 601.7194 601.6959 601.6723 601.6487 601.6251 601.6016 601.578 601.5544 601.5308 601.5073 601.4837 601.4601 601.4365 601.413 601.3894 601.3658 601.3422 601.3187 601.2951 601.2715 601.2479 601.2244 601.2008 601.1772 601.1536 601.1304 601.0988 601.0854
-9999 -9999 602.1617 602.0188 601.2365 601.0788 601.3857 601.9706 602.2888 602.2752 602.2616 602.248 602.2347 602.2211 602.2076 602.1943 602.1894 602.186 602.14 602.0634 601.9868 601.9102 601.8914 601.8861 601.8929 601.8868 601.8734 601.8677 601.8645 601.851 601.8284 601.8048 601.7813 601.7577 601.7341 601.7105 601.687 601.6634 601.6398 601.6162 601.5927 601.5691 601.5455 601.5219 601.4984 601.4748 601.4512 601.4276 601.4041 601.3805 601.3569 601.3333 601.3098 601.2862 601.2626 601.239 601.2155 601.1919 601.1683 601.1447 601.1212 601.0976 601.066 601.045
