samples/sfe_81/sfe_81_v1/sfe_81_v1/sfe_81_v1.asc
ncols         229
nrows         91
xllcorner     95.199999999255
yllcorner     55.199999999255
cellsize      1
NODATA_value  -9999
[rows 28 to 55 of 91, columns 0 to 63 of 229]
-9999 -9999 602.0727 602.0054 601.1579 601.0039 601.3054 601.8603 602.2664 602.2531 602.2396 602.226 602.2126 602.1989 602.1855 602.1748 602.171 602.1646 602.09 602.0134 601.9368 601.8749 601.8615 601.8644 601.8712 601.8585 601.847 601.8447 601.8365 601.8195 601.7959 601.7723 601.7488 601.7252 601.7016 601.678 601.6545 601.6309 601.6073 601.5837 601.5602 601.5366 601.513 601.4894 601.4659 601.4423 601.4187 601.3951 601.3716 601.348 601.3244 601.3008 601.2773 601.2537 601.2301 601.2065 601.183 601.1594 601.1358 601.1122 601.0887 601.0651 601.0415 601.0045
-9999 -9999 601.9836 601.9919 601.0793 600.9291 601.225 601.75 602.2444 602.2309 602.2174 602.2039 602.1904 602.1769 602.1634 602.1567 602.1567 602.1166 602.04 601.9634 601.8868 601.8454 601.8359 601.8427 601.8436 601.8301 601.8229 601.8224 601.809 601.787 601.7634 601.7399 601.7163 601.6927 601.6691 601.6456 601.622 601.5984 601.5748 601.5513 601.5277 601.5042 601.4805 601.457 601.4334 601.4099 601.3862 601.3627 601.3391 601.3156 601.2919 601.2684 601.2448 601.2213 601.1976 601.1741 601.1505 601.127 601.1033 601.0798 601.0562 601.0327 601.009 600.9855
-9999 -9999 601.8945 601.9785 601.0007 600.8542 601.1446 601.6397 602.2221 602.2087 602.1951 602.1818 602.1682 602.1547 602.1415 602.1399 602.1351 602.0666 601.99 601.9134 601.8368 601.8155 601.8142 601.821 601.8151 601.8016 601.8017 601.7947 601.7781 601.7545 601.731 601.7074 601.6838 601.6602 601.6367 601.6131 601.5895 601.5659 601.5424 601.5188 601.4952 601.4716 601.4481 601.4245 601.4009 601.3773 601.3538 601.3302 601.3066 601.283 601.2595 601.2359 601.2123 601.1887 601.1652 601.1416 601.118 601.0944 601.0709 601.0473 601.0237 601.0001 600.9766 600.953
-9999 -9999 601.8054 601.965 600.9221 600.7794 601.0642 601.5294 602.2001 602.1866 602.173 602.1595 602.1459 602.1324 602.1242 602.1246 602.0932 602.0166 601.94 601.8634 601.7992 601.7859 601.7925 601.7994 601.7867 601.7802 601.7791 601.767 601.7457 601.722 601.6985 601.6749 601.6514 601.6277 601.6042 601.5806 601.5571 601.5334 601.5099 601.4863 601.4628 601.4391 601.4156 601.392 601.3685 601.3448 601.3213 601.2977 601.2742 601.2505 601.227 601.2034 601.1799 601.1563 601.1327 601.1091 601.0856 601.062 601.0384 601.0148 600.9913 600.9677 600.9441 600.9205
-9999 -9999 601.7162 601.9515 600.8435 600.7045 600.9838 601.4191 602.1778 602.1644 602.1508 602.1374 602.1238 602.1104 602.1073 602.1056 602.0432 601.9666 601.89 601.8134 601.7696 601.764 601.7709 601.7717 601.7584 601.7559 601.7527 601.7368 601.7131 601.6896 601.666 601.6425 601.6188 601.5953 601.5717 601.5482 601.5245 601.501 601.4774 601.4539 601.4302 601.4067 601.3831 601.3596 601.3359 601.3124 601.2888 601.2653 601.2416 601.2181 601.1945 601.171 601.1473 601.1238 601.1002 601.0767 601.053 601.0295 601.0059 600.9824 600.9587 600.9352 600.9116 600.8881
-9999 -9999 601.6271 601.938 600.765 600.6297 600.9034 601.3088 602.0701 602.1422 602.1287 602.1151 602.1017 602.0914 602.0911 602.0698 601.9932 601.9166 601.84 601.7634 601.7399 601.7424 601.7491 601.7434 601.7339 601.7335 601.7248 601.7043 601.6807 601.6571 601.6335 601.61 601.5864 601.5628 601.5392 601.5157 601.4921 601.4685 601.4449 601.4214 601.3978 601.3742 601.3506 601.3271 601.3035 601.2799 601.2563 601.2328 601.2092 601.1856 601.162 601.1385 601.1149 601.0913 601.0677 601.0442 601.0206 600.997 600.9734 600.9499 600.9263 600.9027 600.8792 600.8556
-9999 -9999 601.538 601.9246 600.6863 600.5549 600.825 601.2043 601.9598 602.12 602.1066 602.093 602.0795 602.0753 602.0762 602.0198 601.9432 601.8666 601.79 601.7235 601.7139 601.7207 601.7275 601.715 601.7097 601.7108 601.6954 601.6718 601.6482 601.6246 601.6011 601.5775 601.5539 601.5303 601.5068 601.4832 601.4596 601.436 601.4125 601.3889 601.3653 601.3417 601.3182 601.2946 601.271 601.2474 601.2239 601.2003 601.1767 601.1531 601.1296 601.106 601.0824 601.0588 601.0353 601.0117 600.9881 600.9645 600.941 600.9174 600.8938 600.8702 600.8467 600.8231
-9999 602.1725 601.481 601.9112 600.6152 600.48 600.7501 601.124 601.8495 602.0978 602.0844 602.0708 602.059 602.0583 602.0464 601.9698 601.8932 601.8167 601.7401 601.6939 601.6922 601.699 601.6999 601.6875 601.689 601.6829 601.6629 601.6393 601.6157 601.5922 601.5686 601.545 601.5214 601.4979 601.4743 601.4507 601.4271 601.4036 601.38 601.3564 601.3328 601.3093 601.2857 601.2621 601.2385 601.215 601.1914 601.1678 601.1442 601.1207 601.0971 601.0735 601.0499 601.0264 601.0028 600.9792 600.9556 600.9321 600.9085 600.8849 600.8613 600.8378 600.8142 600.7906
-9999 602.0834 601.4676 601.8977 600.5473 600.4052 600.6753 601.0436 601.7393 602.0756 602.0622 602.0486 602.0427 602.0447 601.9965 601.9199 601.8433 601.7667 601.6901 601.6642 601.6705 601.6773 601.6716 601.666 601.6678 601.654 601.6304 601.6068 601.5833 601.5597 601.5361 601.5125 601.489 601.4654 601.4418 601.4182 601.3947 601.3711 601.3475 601.3239 601.3004 601.2768 601.2532 601.2296 601.2061 601.1825 601.1589 601.1353 601.1118 601.0882 601.0646 601.041 601.0175 600.9939 600.9703 600.9467 600.9232 600.8996 600.876 600.8524 600.8289 600.8053 600.7817 600.7581
-9999 601.9943 601.4542 601.8843 600.4794 600.3303 600.6004 600.9633 601.629 602.0535 602.04 602.0266 602.0261 602.0231 601.9465 601.8699 601.7933 601.7167 601.6478 601.642 601.6488 601.6556 601.6431 601.6441 601.6408 601.6215 601.5979 601.5743 601.5508 601.5272 601.5036 601.48 601.4565 601.4329 601.4093 601.3857 601.3622 601.3386 601.315 601.2914 601.2679 601.2443 601.2207 601.1971 601.1736 601.15 601.1264 601.1028 601.0793 601.0557 601.0321 601.0085 600.985 600.9614 600.9378 600.9142 600.8907 600.8671 600.8435 600.8199 600.7964 600.7728 600.7492 600.7256
-9999 601.9052 601.4407 601.8708 600.4116 600.2554 600.5256 600.8829 601.5187 602.0314 602.0179 602.0092 602.0112 601.9731 601.8965 601.8199 601.7433 601.6667 601.6182 601.6203 601.6271 601.6282 601.6207 601.6223 601.6126 601.5891 601.5654 601.5419 601.5183 601.4948 601.4711 601.4476 601.424 601.4005 601.3768 601.3533 601.3297 601.3062 601.2825 601.259 601.2354 601.2119 601.1882 601.1647 601.1411 601.1176 601.0939 601.0704 601.0468 601.0233 600.9996 600.9761 600.9525 600.929 600.9053 600.8818 600.8582 600.8347 600.811 600.7875 600.7639 600.7404 600.7167 600.6932
-9999 601.816 601.4272 601.793 600.3436 600.1806 600.4507 600.8025 601.4084 602.0092 601.9957 601.9938 601.9958 601.9231 601.8465 601.7699 601.6933 601.6167 601.5918 601.5986 601.6054 601.5997 601.598 601.5988 601.5801 601.5565 601.533 601.5094 601.4858 601.4622 601.4387 601.4151 601.3915 601.3679 601.3444 601.3208 601.2972 601.2736 601.2501 601.2265 601.2029 601.1793 601.1558 601.1322 601.1086 601.085 601.0615 601.0379 601.0143 600.9907 600.9672 600.9436 600.92 600.8964 600.8729 600.8493 600.8257 600.8021 600.7786 600.755 600.7314 600.7078 600.6843 600.6607
-9999 601.7269 601.4138 601.7144 600.2758 600.1058 600.3759 600.7221 601.2981 601.987 601.9763 601.9777 601.9497 601.8731 601.7965 601.7199 601.6433 601.5721 601.5701 601.5769 601.5837 601.5743 601.5768 601.5711 601.5477 601.524 601.5005 601.4769 601.4534 601.4297 601.4062 601.3826 601.3591 601.3354 601.3119 601.2883 601.2648 601.2411 601.2176 601.194 601.1705 601.1469 601.1233 601.0997 601.0762 601.0526 601.029 601.0054 600.9819 600.9583 600.9347 600.9111 600.8876 600.864 600.8404 600.8168 600.7933 600.7697 600.7461 600.7225 600.699 600.6754 600.6518 600.6282
-9999 601.6378 601.4003 601.6358 600.2079 600.0309 600.301 600.6417 601.1878 601.9491 601.961 601.9648 601.8998 601.8231 601.7465 601.6699 601.5933 601.5424 601.5485 601.5552 601.5565 601.5518 601.5566 601.5388 601.5152 601.4916 601.468 601.4445 601.4209 601.3973 601.3737 601.3502 601.3266 601.303 601.2794 601.2559 601.2323 601.2087 601.1851 601.1616 601.138 601.1144 601.0908 601.0673 601.0437 601.0201 600.9965 600.973 600.9494 600.9258 600.9022 600.8787 600.855 600.8315 600.8079 600.7844 600.7607 600.7372 600.7136 600.6901 600.6664 600.6429 600.6193 600.5958
-9999 601.5487 601.3868 601.5573 600.14 599.9561 600.2262 600.5613 601.0775 601.9166 601.945 601.9264 601.8498 601.7732 601.6965 601.6199 601.5433 601.52 601.5267 601.5336 601.528 601.5323 601.529 601.5063 601.4827 601.4591 601.4355 601.412 601.3884 601.3648 601.3412 601.3177 601.2941 601.2705 601.2469 601.2234 601.1998 601.1762 601.1526 601.1291 601.1055 601.0819 601.0583 601.0348 601.0112 600.9876 600.9641 600.9405 600.9169 600.8933 600.8698 600.8462 600.8226 600.799 600.7755 600.7519 600.7283 600.7047 600.6812 600.6576 600.634 600.6104 600.5931 600.5762
-9999 601.4596 601.3734 601.4786 600.0721 599.8812 600.1514 600.481 600.9625 601.5173 601.8545 601.8764 601.7998 601.7232 601.6466 601.5699 601.4964 601.4982 601.5051 601.5118 601.5075 601.5112 601.4974 601.4738 601.4502 601.4266 601.4031 601.3795 601.3559 601.3323 601.3088 601.2852 601.2616 601.238 601.2145 601.1909 601.1673 601.1437 601.1202 601.0966 601.073 601.0494 601.0259 601.0023 600.9787 600.9551 600.9316 600.908 600.8844 600.8608 600.8373 600.8137 600.7901 600.7665 600.743 600.7194 600.6972 600.6803 600.6634 600.6468 600.6302 600.6135 600.5966 600.5796
-9999 601.3705 601.3599 601.4 600.0042 599.8064 600.0765 600.277 600.557 601.045 601.2485 601.9225 601.7498 601.6732 601.5966 601.52 601.4697 601.4766 601.4834 601.4846 601.4861 601.487 601.4649 601.4413 601.4177 601.3942 601.3706 601.347 601.3234 601.2999 601.2763 601.2527 601.2291 601.2056 601.182 601.1584 601.1348 601.1113 601.0877 601.0641 601.0405 601.017 600.9934 600.9698 600.9462 600.9227 600.8991 600.8755 600.8519 600.8284 600.8048 600.7845 600.7676 600.7509 600.7343 600.7175 600.7007 600.6838 600.6667 600.6497 600.6327 600.6157 600.5986 600.5815
602.005 601.2814 601.3465 601.3214 599.9363 599.7315 599.6675 599.864 600.1195 600.4815 600.9065 601.0775 601.788 601.6232 601.5466 601.47 601.4481 601.4549 601.4617 601.4611 601.4656 601.456 601.4324 601.4088 601.3853 601.3617 601.3381 601.3145 601.291 601.2674 601.2438 601.2202 601.1967 601.1731 601.1495 601.1259 601.1024 601.0788 601.0552 601.0316 601.0081 600.9845 600.9609 600.9373 600.9138 600.8902 600.8718 600.8549 600.8383 600.8216 600.8047 600.7879 600.7709 600.7539 600.7369 600.7198 600.7028 600.6858 600.6686 600.6512 600.6339 600.6166 600.5994 600.5821
601.9159 601.1923 601.333 601.2429 599.863 599.5905 599.754 599.912 600.0724 600.337 600.5675 600.619 600.9855 601.3475 601.4966 601.4207 601.4264 601.4332 601.44 601.4401 601.4449 601.4235 601.4 601.3763 601.3528 601.3292 601.3056 601.282 601.2585 601.2349 601.2113 601.1877 601.1642 601.1406 601.117 601.0934 601.0699 601.0463 601.0227 600.9991 600.976 600.959 600.9423 600.9257 600.9088 600.892 600.8751 600.8582 600.8411 600.824 600.807 600.79 600.7728 600.7554 600.738 600.7207 600.7034 600.6862 600.6689 600.6516 600.6343 600.6171 600.5998 600.5825
601.8268 601.1032 601.3196 600.1145 599.8795 599.578 599.8265 599.956 600.006 600.0095 600.305 600.427 600.691 601.065 601.0535 601.3979 601.4047 601.4115 601.4147 601.4205 601.4146 601.3911 601.3674 601.3439 601.3203 601.2968 601.2731 601.2496 601.226 601.2025 601.1788 601.1553 601.1317 601.1082 601.0845 601.0632 601.0464 601.0297 601.0129 600.996 600.9791 600.9623 600.9453 600.9283 600.9113 600.8942 600.877 600.8596 600.8422 600.8248 600.8076 600.7903 600.773 600.7557 600.7385 600.7212 600.7039 600.6866 600.6694 600.6521 600.6348 600.6175 600.6002 600.5829
601.7377 601.0141 600.3355 600.014 599.9075 599.5656 599.5305 599.6165 599.804 599.7 599.861 600.053 600.2175 600.703 600.9645 601.201 601.3837 601.3898 601.3943 601.4 601.3821 601.3586 601.335 601.3114 601.2878 601.2643 601.2407 601.2171 601.1935 601.17 601.1505 601.1338 601.1169 601.1001 601.0832 601.0663 601.0495 601.0325 601.0154 600.9984 600.9811 600.9637 600.9464 600.929 600.9117 600.8944 600.8771 600.8598 600.8425 600.8253 600.808 600.7907 600.7734 600.7562 600.7389 600.7216 600.7043 600.6871 600.6698 600.6525 600.6353 600.618 600.6007 600.5834
601.6486 601.227 600.409 600.003 599.8521 599.7455 599.447 599.4946 599.6945 599.577 599.8145 600.004 600.1584 600.314 600.6905 600.772 600.926 601.3719 601.3744 601.3732 601.3497 601.326 601.3025 601.2789 601.2554 601.2379 601.221 601.2041 601.1873 601.1704 601.1536 601.1367 601.1196 601.1026 601.0853 601.0679 601.0505 601.0331 601.0158 600.9985 600.9812 600.9639 600.9467 600.9294 600.9121 600.8948 600.8776 600.8603 600.843 600.8257 600.8085 600.7912 600.7739 600.7566 600.7393 600.722 600.7048 600.6875 600.6702 600.653 600.6357 600.6184 600.6011 600.5839
601.834 601.4555 600.9225 600.39 599.9775 599.947 599.7735 599.678 599.624 599.487 599.5885 599.777 600.0415 600.018 600.359 600.392 600.6505 601.199 601.3585 601.3419 601.3251 601.3082 601.2913 601.2745 601.2576 601.2407 601.2239 601.2068 601.1895 601.1721 601.1547 601.1373 601.1199 601.1026 601.0853 601.0681 601.0508 601.0335 601.0162 600.9989 600.9816 600.9644 600.9471 600.9298 600.9125 600.8953 600.878 600.8607 600.8434 600.8262 600.8089 600.7916 600.7744 600.7571 600.7398 600.7225 600.7053 600.688 600.6707 600.6534 600.6361 600.6188 600.6016 600.5843
601.9589 601.6905 601.0235 600.7605 600.281 599.9365 599.89 599.696 599.677 599.431 599.366 599.4825 599.696 599.7595 600.025 600.3295 600.3975 600.8105 601.2805 601.3448 601.3279 601.311 601.2936 601.2762 601.2589 601.2415 601.2241 601.2068 601.1894 601.1721 601.1548 601.1376 601.1203 601.103 601.0858 601.0685 601.0512 601.0339 601.0167 600.9994 600.9821 600.9648 600.9476 600.9303 600.913 600.8958 600.8784 600.8611 600.8439 600.8266 600.8093 600.7921 600.7748 600.7575 600.7402 600.723 600.7057 600.6884 600.6711 600.6539 600.6366 600.6193 600.6021 600.5848
601.9907 601.8334 601.2945 600.939 600.5645 600.046 599.9485 599.637 599.682 599.464 599.582 599.6625 599.737 599.7985 599.829 600.2315 600.403 600.625 600.9905 601.049 601.3283 601.3109 601.2936 601.2762 601.259 601.2417 601.2244 601.2072 601.1899 601.1726 601.1553 601.1381 601.1207 601.1035 601.0862 601.0689 601.0516 601.0344 601.0171 600.9998 600.9825 600.9653 600.948 600.9307 600.9135 600.8962 600.8789 600.8616 600.8444 600.8271 600.8098 600.7925 600.7753 600.7579 600.7407 600.7234 600.7061 600.6888 600.6716 600.6543 600.637 600.6198 600.6025 600.5852
602.0222 601.8856 601.7156 601.14 600.541 600.151 599.94 599.8365 599.626 599.4745 599.7365 599.8105 599.805 599.683 599.648 599.913 600.3 600.3676 600.564 600.8735 601.3258 601.34 601.3071 601.2767 601.2594 601.2421 601.2249 601.2076 601.1903 601.173 601.1558 601.1385 601.1212 601.1039 601.0867 601.0694 601.0521 601.0349 601.0176 601.0002 600.983 600.9657 600.9484 600.9312 600.9139 600.8966 600.8793 600.8621 600.8448 600.8275 600.8102 600.793 600.7757 600.7584 600.7411 600.7239 600.7066 600.6893 600.6721 600.6548 600.6375 600.6202 600.6029 600.5856
-9999 601.9326 601.7212 601.398 600.923 600.5115 600.0505 600.0695 599.8705 599.7 599.548 599.561 599.677 599.5315 599.7305 599.9225 600.095 600.108 600.4975 600.8855 601.24 601.4325 601.3996 601.3667 601.3337 601.3008 601.2679 601.235 601.2021 601.1735 601.1562 601.1389 601.1216 601.1044 601.0871 601.0698 601.0526 601.0353 601.018 601.0007 600.9835 600.9662 600.9489 600.9316 600.9144 600.8971 600.8798 600.8625 600.8452 600.8279 600.8107 600.7934 600.7761 600.7589 600.7416 600.7243 600.707 600.6898 600.6725 600.6552 600.6379 600.6207 600.6034 600.5861
-9999 601.9795 601.7681 601.5013 601.2745 600.8435 600.236 600.0105 599.893 599.93 599.6735 599.423 599.5106 599.4755 599.827 599.9315 599.821 599.9595 600.481 600.787 600.9335 601.4247 601.4921 601.4592 601.4262 601.3933 601.3604 601.3275 601.2946 601.2616 601.2287 601.1958 601.1628 601.1299 601.097 601.0703 601.053 601.0357 601.0184 601.0012 600.9839 600.9666 600.9493 600.9321 600.9148 600.8975 600.8802 600.863 600.8457 600.8284 600.8112 600.7939 600.7766 600.7593 600.742 600.7247 600.7075 600.6902 600.6729 600.6556 600.6384 600.6211 600.6038 600.5893
