backup/site316_ft/site316_5x_roughbed_V1/site316_5x_roughbed_V1/sfe316_5x_roughbed_v1.asc
ncols         167
nrows         75
xllcorner     92.867680228234
yllcorner     59.583521293327
cellsize      1
NODATA_value  -9999
[rows 0 to 27 of 75, columns 0 to 62 of 167]
-9999 -9999 -9999 -9999 -9999 -9999 -9999 253.3381 253.3276 253.3168 253.3058 253.2944 253.2841 253.2728 253.2618 253.2504 253.2379 253.2265 253.2153 253.2031 253.1907 253.1778 253.1659 253.1537 253.1387 253.1247 253.1112 253.0959 253.0802 253.0623 253.0436 253.0245 253.0031 252.9784 252.9561 252.922 252.8901 252.8512 252.8075 252.7544 252.7005 252.6414 252.6014 252.5561 252.5039 252.4956 252.5312 252.5591 252.6073 252.6409 252.6649 252.696 252.7199 252.7349 252.7505 252.7586 252.7624 252.7654 252.764 252.7637 252.7604 252.756 252.7522
-9999 -9999 -9999 -9999 -9999 -9999 -9999 253.2978 253.2792 253.2692 253.2565 253.2428 253.2274 253.2128 253.1995 253.1848 253.1708 253.1563 253.1376 253.1246 253.1061 253.0882 253.0656 253.0484 253.0276 253.0033 252.9803 252.9479 252.9217 252.8915 252.8518 252.8111 252.7603 252.7123 252.6422 252.5672 252.4845 252.3775 252.3273 252.3156 252.3051 252.2946 252.2845 252.2748 252.2667 252.2603 252.2535 252.2479 252.2427 252.2379 252.2341 252.2321 252.2844 252.3698 252.4232 252.4754 252.5187 252.5447 252.5742 252.5948 252.6061 252.6168 252.6239
-9999 -9999 -9999 -9999 -9999 -9999 -9999 253.2629 253.2325 253.2207 253.2061 253.1899 253.1707 253.1595 253.1429 253.1212 253.1037 253.0848 253.0665 253.0496 253.025 253.003 252.9755 252.951 252.9146 252.8914 252.8481 252.8123 252.772 252.7259 252.6703 252.6068 252.5333 252.4503 252.3603 252.3457 252.332 252.3185 252.306 252.2943 252.2835 252.2723 252.2619 252.2519 252.2434 252.2368 252.2303 252.2247 252.219 252.2137 252.2095 252.2067 252.2047 252.2039 252.2038 252.2093 252.2819 252.3429 252.3895 252.4236 252.4554 252.4795 252.5018
-9999 -9999 -9999 -9999 -9999 -9999 253.2661 253.2282 253.1931 253.1723 253.1557 253.137 253.1215 253.1039 253.0829 253.0648 253.0437 253.0205 252.9915 252.9717 252.9442 252.9141 252.8809 252.8551 252.8184 252.7771 252.734 252.6858 252.6294 252.5683 252.4953 252.4081 252.372 252.3551 252.3394 252.3245 252.3105 252.297 252.2846 252.2729 252.2618 252.25 252.2392 252.2289 252.2202 252.2133 252.207 252.2013 252.1954 252.1896 252.1842 252.1812 252.1793 252.1784 252.1788 252.1798 252.1808 252.1825 252.2115 252.2643 252.3141 252.3527 252.3788
-9999 -9999 -9999 -9999 -9999 -9999 253.2312 253.1934 253.1539 253.1254 253.1139 253.0954 253.0741 253.0472 253.0231 253.0038 252.9781 252.9554 252.9316 252.8987 252.8705 252.8387 252.8024 252.7549 252.7224 252.6679 252.6198 252.5608 252.4922 252.4181 252.3862 252.3691 252.3524 252.3352 252.3186 252.3033 252.2888 252.2754 252.2631 252.2516 252.2402 252.2281 252.2166 252.206 252.1969 252.1897 252.1837 252.1779 252.1717 252.1657 252.1587 252.1554 252.154 252.1533 252.1542 252.1552 252.1566 252.1582 252.1602 252.1629 252.1799 252.231 252.2684
-9999 -9999 -9999 -9999 -9999 -9999 253.1964 253.1587 253.1193 253.0833 253.0654 253.045 253.0212 252.9935 252.9784 252.953 252.923 252.8945 252.8601 252.8315 252.7995 252.7599 252.7217 252.6723 252.6241 252.5657 252.5094 252.4389 252.4038 252.386 252.368 252.3511 252.3331 252.3152 252.2983 252.2816 252.2674 252.2536 252.2417 252.2301 252.2188 252.2068 252.1947 252.1832 252.1737 252.1663 252.1603 252.1546 252.1478 252.1406 252.1335 252.1298 252.1285 252.1282 252.1297 252.1307 252.1326 252.1336 252.1352 252.1374 252.1414 252.1465 252.1662
-9999 -9999 -9999 -9999 -9999 253.1985 253.1615 253.1239 253.0846 253.0484 253.017 253 252.9747 252.9524 252.9237 252.8931 252.8679 252.8369 252.803 252.7625 252.7282 252.6853 252.6393 252.5874 252.5357 252.4747 252.4228 252.4052 252.3873 252.3693 252.3509 252.3331 252.315 252.2972 252.2782 252.2611 252.2456 252.2323 252.2201 252.2086 252.1973 252.1852 252.1727 252.1604 252.1136 252.1429 252.1371 252.131 252.1237 252.1155 252.1079 252.1041 252.1028 252.1038 252.1053 252.1066 252.1083 252.1095 252.1095 252.1118 252.1152 252.1202 252.1256
-9999 -9999 -9999 -9999 -9999 253.1638 253.1266 253.0892 253.0495 253.0101 252.9754 252.9586 252.9343 252.9054 252.8682 252.842 252.8125 252.7741 252.7401 252.7051 252.6598 252.6161 252.5677 252.5124 252.4476 252.4261 252.4071 252.3888 252.3705 252.3523 252.334 252.3151 252.2973 252.2783 252.259 252.2413 252.2242 252.027 251.8702 251.8288 251.8321 251.7928 251.775 251.7566 251.7321 251.7237 251.7082 251.692 251.7051 251.6411 251.6361 251.674 252.0783 252.0795 252.0813 252.0826 252.0835 252.0833 252.0839 252.0853 252.0893 252.0938 252.1002
-9999 -9999 -9999 -9999 -9999 253.1292 253.0917 253.0543 253.0144 252.9753 252.9387 252.9101 252.8839 252.8529 252.8246 252.7973 252.7632 252.7248 252.6854 252.6404 252.5965 252.549 252.4948 252.4493 252.4289 252.4092 252.3911 252.3726 252.3548 252.3361 252.3174 252.2989 252.28 252.2608 252.2278 251.8924 251.8591 251.8638 251.8204 251.8439 251.7899 251.7811 251.7762 251.7589 251.7277 251.7271 251.7002 251.6433 251.6937 251.6378 251.618 251.6331 251.605 251.6198 251.9406 252.0585 252.0584 252.0575 252.0568 252.0586 252.0626 252.0676 252.0748
-9999 -9999 -9999 -9999 -9999 253.0943 253.0568 253.0194 252.9797 252.9408 252.9037 252.867 252.8446 252.8136 252.7832 252.7435 252.7057 252.6709 252.6302 252.5855 252.5352 252.483 252.4536 252.4333 252.4124 252.3931 252.3741 252.3564 252.3385 252.3202 252.3014 252.2823 252.263 251.9167 251.9217 251.8458 251.8475 251.7969 251.8672 251.817 251.7573 251.8043 251.775 251.7322 251.7679 251.7059 251.7255 251.7135 251.6542 251.6596 251.6041 251.599 251.5813 251.5607 251.5565 251.5197 251.5648 251.9946 252.0301 252.0319 252.0361 252.0426 252.0498
-9999 -9999 -9999 -9999 253.096 253.0594 253.0219 252.9845 252.945 252.9061 252.8664 252.8289 252.8033 252.7732 252.7367 252.6969 252.661 252.6212 252.5759 252.5289 252.4778 252.4599 252.4386 252.4173 252.3966 252.376 252.357 252.3398 252.3224 252.3043 252.2851 252.0091 251.9064 251.9031 251.8758 251.8618 251.8353 251.8613 251.8424 251.797 251.8233 251.79 251.8202 251.7562 251.7717 251.7348 251.718 251.6948 251.6871 251.6685 251.6476 251.6055 251.5488 251.5401 251.5279 251.4806 251.4799 251.4772 251.4572 251.478 252.0098 252.0175 252.0248
-9999 -9999 -9999 -9999 253.0615 253.0246 252.987 252.9496 252.9103 252.8713 252.8313 252.794 252.7571 252.7273 252.6918 252.6555 252.6162 252.5732 252.5266 252.4859 252.4666 252.4464 252.4258 252.4036 252.3811 252.36 252.3398 252.3221 252.3057 252.2115 251.9837 251.9583 251.9028 251.9029 251.8895 251.8689 251.838 251.8403 251.8446 251.8767 251.8576 252.1882 252.181 252.1714 252.1609 252.1517 252.1426 252.1293 252.112 251.8721 251.651 251.604 251.6035 251.5815 251.5025 251.4663 251.4621 251.4186 251.4434 251.4394 251.4647 251.9315 251.9989
-9999 -9999 -9999 -9999 253.027 252.9898 252.9522 252.9146 252.8756 252.8361 252.7969 252.7591 252.7197 252.6892 252.6525 252.614 252.5688 252.5246 252.4921 252.4722 252.4537 252.4344 252.4132 252.3911 252.3678 252.3448 252.3233 252.1477 252.0254 251.9174 251.956 251.8976 251.9004 251.8691 251.8954 251.9183 251.9257 251.8694 252.1708 252.2175 252.2159 252.2126 252.2056 252.1958 252.1846 252.1743 252.1642 252.1505 252.1328 252.1144 252.0982 252.0839 252.0702 252.0543 251.5389 251.4868 251.4674 251.4393 251.3928 251.3758 251.3701 251.3873 251.4329
-9999 -9999 -9999 -9999 252.9924 252.955 252.9173 252.8797 252.8409 252.801 252.7622 252.7226 252.6842 252.6479 252.6121 252.5701 252.5278 252.4988 252.4782 252.4579 252.4385 252.4214 252.4021 252.3801 252.3565 252.3319 252.0323 252.0018 251.9697 251.947 251.8971 251.9316 251.9238 251.902 251.9252 252.2519 252.2491 252.246 252.2437 252.2425 252.2407 252.2366 252.2302 252.2203 252.2083 252.1973 252.1859 252.1716 252.1538 252.1357 252.1194 252.1043 252.0891 252.0723 252.0527 251.8794 251.4722 251.4237 251.3976 251.3335 251.3245 251.3464 251.3463
-9999 -9999 -9999 252.9936 252.9575 252.9201 252.8824 252.8448 252.8062 252.7659 252.7275 252.6875 252.6493 252.6096 252.5719 252.5307 252.5062 252.4849 252.4636 252.4438 252.4242 252.407 252.3891 252.3697 252.3469 252.0708 251.9747 251.9783 251.9101 251.9329 251.9686 251.9445 251.9742 252.2769 252.2783 252.2784 252.2764 252.2736 252.2709 252.2681 252.2657 252.261 252.2548 252.2449 252.2322 252.2202 252.2075 252.1926 252.1745 252.1567 252.14 252.1241 252.1077 252.0898 252.0684 252.0459 252.0217 251.4654 251.4342 251.355 251.3269 251.2973 251.2504
-9999 -9999 -9999 252.9591 252.9226 252.8853 252.8475 252.8098 252.7714 252.7312 252.6929 252.6527 252.6141 252.5745 252.5338 252.5139 252.4928 252.4714 252.4498 252.4283 252.4098 252.3912 252.3754 252.3569 252.1261 252.0316 251.997 251.9435 252.003 252.015 252.0036 252.2943 252.2994 252.3019 252.3041 252.3046 252.3036 252.3012 252.2986 252.2951 252.2922 252.287 252.279 252.2694 252.2565 252.243 252.2291 252.2137 252.1954 252.1778 252.1597 252.1432 252.1253 252.1064 252.0842 252.0612 252.0388 252.0176 251.9986 251.3931 251.3434 251.2794 251.2704
-9999 -9999 -9999 252.9246 252.8876 252.8504 252.8126 252.7749 252.7366 252.6965 252.658 252.6184 252.5788 252.5414 252.5215 252.5014 252.4798 252.4585 252.4366 252.4146 252.3943 252.3759 252.3599 252.1002 252.0202 251.9673 251.9827 251.9767 252.028 252.0229 252.309 252.3178 252.3232 252.3273 252.3295 252.3306 252.3304 252.3287 252.3262 252.3225 252.3186 252.3127 252.3045 252.2939 252.2808 252.2658 252.2508 252.235 252.2166 252.1982 252.1792 252.1613 252.143 252.1223 252.1005 252.0771 252.0555 252.0351 252.0155 251.9954 251.6423 251.3364 251.3024
-9999 -9999 -9999 252.8901 252.8528 252.8155 252.7777 252.74 252.7019 252.6618 252.6228 252.5837 252.5495 252.5299 252.5096 252.4887 252.4684 252.4458 252.4243 252.4019 252.3795 252.1304 252.0452 252.0432 252.013 252.0018 252.0058 252.0884 252.2233 252.3251 252.3323 252.3401 252.3481 252.3521 252.3549 252.3567 252.357 252.3558 252.3537 252.3503 252.3454 252.3365 252.3215 252.3066 252.2916 252.2766 252.2616 252.2466 252.2314 252.2159 252.1991 252.1793 252.1597 252.1382 252.1166 252.0946 252.0734 252.0524 252.032 252.0116 251.9916 251.9716 251.4039
-9999 -9999 252.8913 252.8555 252.818 252.7806 252.7428 252.7051 252.6671 252.6271 252.5877 252.5571 252.5375 252.5179 252.4985 252.4776 252.4563 252.435 252.4115 252.3895 252.1053 252.0953 252.0434 252.031 252.024 252.0641 252.343 252.3482 252.3495 252.3523 252.3572 252.3641 252.3709 252.3771 252.3803 252.3821 252.3831 252.3825 252.3786 252.3643 252.3499 252.3356 252.3212 252.3069 252.2921 252.2773 252.2626 252.2479 252.2332 252.2185 252.2038 252.189 252.1743 252.1554 252.1336 252.1115 252.0903 252.0695 252.0484 252.0269 252.0064 251.9863 251.9653
-9999 -9999 252.8568 252.8206 252.7832 252.7457 252.7079 252.6701 252.6324 252.5924 252.5652 252.5454 252.5257 252.5058 252.4863 252.4666 252.4456 252.424 252.4014 252.1673 252.1168 252.0564 252.0642 252.0604 252.0851 252.3559 252.3644 252.3722 252.3765 252.3793 252.3834 252.3895 252.3955 252.4019 252.4053 252.4077 252.4044 252.3904 252.3763 252.3623 252.3483 252.3342 252.3202 252.3062 252.2921 252.2781 252.2639 252.2495 252.2351 252.2207 252.2063 252.1919 252.1775 252.1631 252.1487 252.1285 252.1069 252.0851 252.064 252.0426 252.0216 252.0007 251.978
-9999 -9999 252.8223 252.7857 252.7483 252.7108 252.673 252.6352 252.5976 252.5727 252.5534 252.5349 252.5142 252.4943 252.4741 252.4548 252.4346 252.4136 252.153 252.15 252.0565 252.1005 252.0856 252.0667 252.2819 252.3753 252.3866 252.3945 252.4018 252.4048 252.4096 252.4156 252.4218 252.4272 252.4296 252.416 252.4024 252.3888 252.3752 252.3615 252.3475 252.3335 252.3195 252.3055 252.2916 252.2776 252.2636 252.2496 252.2356 252.2216 252.2076 252.1936 252.1796 252.1656 252.1517 252.1376 252.1229 252.1008 252.0791 252.0573 252.0362 252.0136 251.9904
-9999 -9999 252.7877 252.7508 252.7135 252.6759 252.6381 252.6003 252.5809 252.562 252.543 252.5232 252.5046 252.4831 252.4629 252.4424 252.4232 252.1888 252.1409 252.1144 252.0508 252.1256 252.1315 252.2892 252.3837 252.395 252.4066 252.4172 252.4247 252.4312 252.4356 252.4418 252.4477 252.4404 252.4268 252.4133 252.3997 252.3861 252.3725 252.3589 252.3453 252.3317 252.3181 252.3046 252.291 252.2774 252.2638 252.2502 252.2366 252.223 252.2094 252.1958 252.1822 252.1683 252.1543 252.1404 252.1264 252.1124 252.093 252.0716 252.0492 252.0261 252.0025
-9999 252.7889 252.7532 252.7159 252.6787 252.641 252.6036 252.5883 252.571 252.5528 252.533 252.5134 252.493 252.4739 252.4523 252.4315 252.2492 252.1729 252.1199 252.1369 252.1193 252.1636 252.3887 252.3971 252.4065 252.4173 252.4276 252.4378 252.4476 252.4549 252.4604 252.4646 252.4514 252.4381 252.4247 252.4113 252.3979 252.3846 252.3712 252.3579 252.3445 252.3312 252.3178 252.3045 252.2912 252.2778 252.2645 252.2511 252.2376 252.224 252.2103 252.1966 252.183 252.1693 252.1556 252.142 252.1283 252.1146 252.101 252.0846 252.0619 252.0388 252.0155
-9999 252.7544 252.7186 252.681 252.6439 252.6127 252.5966 252.5804 252.5618 252.544 252.5247 252.5046 252.4841 252.4633 252.4432 252.2982 252.1788 252.1306 252.1001 252.1563 252.1964 252.4052 252.4128 252.4216 252.4306 252.4403 252.4509 252.4603 252.4694 252.4779 252.4753 252.4622 252.449 252.4359 252.4226 252.4093 252.396 252.3826 252.3693 252.356 252.3428 252.3295 252.3163 252.303 252.2898 252.2765 252.2633 252.25 252.2368 252.2235 252.2103 252.197 252.1838 252.1705 252.157 252.1436 252.1301 252.1166 252.1031 252.0896 252.0752 252.052 252.0291
-9999 252.7199 252.6837 252.6462 252.6197 252.604 252.5878 252.5717 252.5551 252.5358 252.517 252.4969 252.4767 252.4554 252.2422 252.1883 252.1635 252.1803 252.194 252.2242 252.4186 252.4286 252.4364 252.4448 252.4546 252.4641 252.474 252.484 252.4932 252.486 252.4731 252.4601 252.4472 252.4342 252.4211 252.4079 252.3947 252.3815 252.3683 252.3552 252.342 252.3288 252.3156 252.3024 252.2892 252.276 252.2628 252.2496 252.2365 252.2233 252.2101 252.1969 252.1837 252.1705 252.1573 252.1442 252.1311 252.1179 252.1048 252.0916 252.0783 252.0656 252.0423
-9999 252.6854 252.6488 252.6268 252.6113 252.5948 252.5791 252.5629 252.5468 252.5295 252.51 252.4908 252.4701 252.4274 252.2433 252.166 252.1611 252.16 252.2612 252.4287 252.4394 252.4499 252.4602 252.4685 252.4779 252.4876 252.4976 252.5076 252.4969 252.4839 252.4709 252.458 252.445 252.4321 252.4191 252.4061 252.3932 252.3802 252.3673 252.3543 252.3413 252.3284 252.3154 252.3025 252.2895 252.2765 252.2636 252.2506 252.2377 252.2247 252.2117 252.1988 252.1855 252.1723 252.1591 252.1459 252.1327 252.1195 252.1063 252.0932 252.08 252.0668 252.0536
252.6866 252.6509 252.634 252.6182 252.6024 252.5866 252.5701 252.5545 252.5381 252.5217 252.5039 252.4842 252.4646 252.2229 252.2283 252.2416 252.2601 252.3576 252.44 252.4495 252.4601 252.4708 252.4812 252.4918 252.5009 252.5108 252.5206 252.5082 252.4954 252.4825 252.4696 252.4568 252.4439 252.431 252.4182 252.4053 252.3924 252.3795 252.3667 252.3538 252.3409 252.328 252.3152 252.3023 252.2894 252.2766 252.2637 252.2507 252.2376 252.2246 252.2116 252.1986 252.1855 252.1725 252.1595 252.1465 252.1334 252.1204 252.1074 252.0943 252.0813 252.0683 252.0553
252.656 252.6412 252.6256 252.6097 252.5939 252.578 252.5619 252.5453 252.5298 252.5132 252.4965 252.4783 252.3341 252.2419 252.1968 252.2841 252.445 252.4526 252.4613 252.4708 252.481 252.4917 252.5023 252.5125 252.5233 252.5316 252.5305 252.5199 252.5068 252.4936 252.4804 252.4672 252.454 252.4409 252.4277 252.4145 252.4013 252.3881 252.375 252.3618 252.3486 252.3354 252.3222 252.3091 252.2959 252.2827 252.2695 252.2563 252.2431 252.23 252.2168 252.2036 252.1904 252.1772 252.164 252.1509 252.1377 252.1245 252.1113 252.0981 252.085 252.0718 252.0586
