backup/site316_ft/site316_5x_roughbed_V1/site316_5x_roughbed_V1/sfe316_5x_roughbed_v1.asc
ncols         167
nrows         75
xllcorner     92.867680228234
yllcorner     59.583521293327
cellsize      1
NODATA_value  -9999
[rows 28 to 55 of 75, columns 63 to 125 of 167]
252.06 252.0422 252.0196 251.9991 251.9771 251.9565 251.9371 251.9188 251.9008 251.884 251.8665 251.8482 251.7242 250.9879 250.9195 250.9607 251.0199 251.0764 251.8051 251.8142 251.8249 251.8338 251.8426 251.8519 251.8603 251.8698 251.8798 251.8908 251.8967 251.9009 251.9046 251.9078 251.9103 251.9125 251.9143 251.9164 251.9143 251.9158 251.9147 251.9145 251.9138 251.9122 251.9103 251.906 251.9039 251.9024 251.8965 251.8947 251.8887 251.8843 251.8783 251.8611 251.8439 251.8267 251.8095 251.7923 251.7751 251.7579 251.7407 251.7235 251.7063 251.6891 251.6719
252.0746 252.053 252.0311 252.0083 251.9876 251.9664 251.9472 251.9285 251.911 251.893 251.8748 251.8554 251.8352 251.1011 250.9316 250.9134 250.9173 251.004 251.0385 251.7944 251.8034 251.8119 251.8208 251.829 251.8371 251.8468 251.8565 251.8673 251.8782 251.8851 251.8891 251.8925 251.8953 251.8977 251.8997 251.9009 251.9002 251.9017 251.9009 251.8994 251.8987 251.8986 251.896 251.893 251.8905 251.8872 251.8834 251.881 251.8756 251.8712 251.8616 251.8444 251.8272 251.81 251.7928 251.7756 251.7584 251.7412 251.724 251.7068 251.6897 251.6725 251.6553
252.0863 252.0645 252.0423 252.0192 251.9972 251.976 251.9561 251.9383 251.9198 251.9013 251.8817 251.8611 251.8389 251.8163 250.994 250.9221 250.9326 250.9364 250.9938 251.023 251.7477 251.7897 251.7976 251.8051 251.814 251.8229 251.833 251.8433 251.8551 251.8661 251.8737 251.8773 251.8804 251.8829 251.8849 251.8857 251.8859 251.8877 251.887 251.8858 251.885 251.8837 251.8799 251.8796 251.8772 251.8722 251.8703 251.8658 251.8624 251.858 251.8449 251.8277 251.8105 251.7934 251.7762 251.759 251.7418 251.7246 251.7074 251.6902 251.673 251.6558 251.6386
252.0974 252.0759 252.0533 252.0302 252.0071 251.985 251.9656 251.9465 251.9276 251.9081 251.8868 251.8652 251.8423 251.819 251.0374 250.9693 250.9365 250.9458 250.9314 250.9656 251.0126 251.1 251.774 251.7813 251.7899 251.7985 251.8084 251.8199 251.8313 251.8433 251.8538 251.8621 251.8652 251.8678 251.8701 251.8703 251.8719 251.8721 251.8724 251.8723 251.8713 251.87 251.8669 251.8653 251.8638 251.8591 251.8573 251.8523 251.8482 251.8444 251.8283 251.8111 251.7939 251.7767 251.7595 251.7423 251.7251 251.7079 251.6907 251.6735 251.6563 251.6391 251.6219
252.1089 252.0875 252.0643 252.042 252.0182 251.9947 251.9733 251.9538 251.9344 251.9129 251.8917 251.8697 251.8466 251.8244 251.8022 250.9903 250.9508 250.9257 250.907 250.9406 250.9365 250.9628 250.9528 251.5613 251.7648 251.7736 251.7847 251.7965 251.8093 251.8209 251.8324 251.842 251.8511 251.8531 251.8552 251.8562 251.8579 251.8582 251.8579 251.8578 251.8576 251.8563 251.8539 251.852 251.8502 251.846 251.8442 251.8392 251.8351 251.8288 251.8116 251.7944 251.7772 251.76 251.7428 251.7256 251.7084 251.6912 251.674 251.6568 251.6396 251.6225 251.6053
252.1204 252.0985 252.0753 252.0531 252.0302 252.0061 251.9814 251.9606 251.9405 251.9191 251.8977 251.8755 251.8535 251.8319 251.8106 251.5251 250.997 250.9314 250.9264 250.9104 250.9448 250.9478 250.9492 250.9489 250.9812 251.7496 251.7619 251.7754 251.7879 251.8 251.81 251.8197 251.8292 251.8377 251.8404 251.8421 251.8439 251.8443 251.8443 251.8441 251.8434 251.8408 251.8406 251.8386 251.8347 251.8329 251.8302 251.826 251.822 251.8121 251.7949 251.7777 251.7605 251.7434 251.7262 251.709 251.6918 251.6746 251.6574 251.6402 251.623 251.6058 251.5886
252.1324 252.1095 252.0865 252.0642 252.0417 252.0177 251.9934 251.9691 251.9476 251.9265 251.9052 251.8834 251.8616 251.8405 251.8191 251.7975 251.0559 250.9556 250.9593 250.8944 250.9172 250.8841 250.9471 250.9201 250.9786 250.9536 251.7415 251.7545 251.7672 251.778 251.7884 251.7982 251.8072 251.8156 251.8242 251.8281 251.8294 251.8303 251.8307 251.8303 251.8297 251.8278 251.827 251.8252 251.8217 251.8198 251.8159 251.8129 251.8089 251.7955 251.7783 251.7611 251.7439 251.7267 251.7095 251.6923 251.6751 251.6579 251.6407 251.6235 251.6063 251.5891 251.5719
252.1436 252.1205 252.0991 252.0755 252.0531 252.0288 252.0056 251.9813 251.956 251.9341 251.9134 251.8917 251.87 251.849 251.8275 251.8048 251.7807 250.9679 250.9095 250.9377 250.8986 250.9075 250.9069 250.9175 250.9149 250.9168 251.0897 251.7344 251.746 251.757 251.7673 251.7767 251.7854 251.795 251.8026 251.8101 251.8156 251.8163 251.8168 251.8167 251.816 251.8147 251.8134 251.8119 251.8086 251.8067 251.8028 251.799 251.7954 251.7788 251.7616 251.7444 251.7272 251.71 251.6928 251.6756 251.6584 251.6412 251.624 251.6068 251.5896 251.5724 251.5553
252.1546 252.1314 252.1102 252.0886 252.0645 252.0411 252.0177 251.9932 251.9678 251.9423 251.9218 251.9 251.8788 251.8572 251.8341 251.8109 251.7878 251.4067 250.9658 250.9397 250.925 250.927 250.8878 250.8891 250.8756 250.8981 250.8896 251.2796 251.7253 251.7361 251.7462 251.7551 251.7655 251.7734 251.7818 251.7896 251.7964 251.8023 251.8031 251.8032 251.8017 251.8016 251.8 251.7976 251.7955 251.7937 251.7896 251.7859 251.7793 251.7621 251.7449 251.7277 251.7106 251.6934 251.6762 251.659 251.6418 251.6246 251.6074 251.5902 251.573 251.5558 251.5386
252.1656 252.1451 252.1213 252.1001 252.0761 252.0542 252.0303 252.0054 251.9805 251.9546 251.93 251.9087 251.8867 251.8642 251.8413 251.8183 251.794 251.7696 250.9763 250.9236 250.9464 250.948 250.8469 250.8622 250.8743 250.8862 250.8706 250.9118 251.2644 251.7152 251.7249 251.736 251.7442 251.7534 251.762 251.7695 251.7766 251.7824 251.7878 251.7894 251.7887 251.7883 251.7867 251.7842 251.7824 251.7796 251.7765 251.7728 251.7627 251.7455 251.7283 251.7111 251.6939 251.6767 251.6595 251.6423 251.6251 251.6079 251.5907 251.5735 251.5563 251.5391 251.5219
252.1766 252.1562 252.1356 252.1115 252.0878 252.0664 252.0423 252.0172 251.9928 251.9675 251.9412 251.917 251.8946 251.8721 251.8486 251.8255 251.8006 251.7761 251.5425 250.9471 250.9167 250.8659 250.8878 250.9071 250.8691 250.8824 250.8654 250.8581 250.865 251.2925 251.7066 251.7155 251.7251 251.7347 251.7429 251.7508 251.7577 251.7639 251.7691 251.7736 251.7764 251.7748 251.7733 251.7711 251.7693 251.7664 251.7633 251.7597 251.746 251.7288 251.7116 251.6944 251.6772 251.66 251.6428 251.6256 251.6084 251.5912 251.574 251.5568 251.5396 251.5224 251.5052
252.1911 252.1673 252.1471 252.1234 252.1029 252.0786 252.0548 252.031 252.0054 251.9803 251.9539 251.9266 251.9035 251.8805 251.8567 251.8333 251.8083 251.7825 251.7575 251.0037 250.9049 250.8871 250.9111 250.8893 250.8812 250.8682 250.8608 250.8336 250.8451 250.8591 251.5246 251.6973 251.7074 251.7168 251.7255 251.7338 251.7401 251.7464 251.7527 251.7555 251.7582 251.7608 251.7599 251.7581 251.7562 251.7532 251.7499 251.7464 251.7293 251.7121 251.6949 251.6777 251.6606 251.6434 251.6262 251.609 251.5918 251.5746 251.5574 251.5402 251.523 251.5058 251.4886
252.2022 252.1826 252.1585 252.1345 252.1151 252.0913 252.0666 252.0433 252.0185 251.9936 251.9671 251.9393 251.9118 251.8887 251.8654 251.8412 251.8162 251.7916 251.7689 251.7449 250.9881 250.9615 250.8983 250.8459 250.8447 250.8235 250.818 250.8461 250.8335 250.8155 250.8845 251.6802 251.6908 251.7006 251.71 251.7168 251.7237 251.7311 251.7346 251.7379 251.7406 251.7425 251.744 251.7457 251.7432 251.7401 251.7368 251.7299 251.7127 251.6955 251.6783 251.6611 251.6439 251.6267 251.6095 251.5923 251.5751 251.5579 251.5407 251.5235 251.5063 251.4891 251.4719
252.2133 252.194 252.1707 252.1516 252.1272 252.1036 252.0815 252.0562 252.0323 252.0063 251.9798 251.9523 251.9258 251.8974 251.8744 251.8503 251.826 251.8028 251.779 251.7575 251.7373 251.0526 250.9053 250.8587 250.8788 250.8546 250.8747 250.8001 250.8099 250.8029 250.8071 250.8098 251.6757 251.686 251.6942 251.7017 251.7092 251.7139 251.717 251.72 251.7227 251.7246 251.7267 251.7279 251.7283 251.7269 251.7236 251.7132 251.696 251.6788 251.6616 251.6444 251.6272 251.61 251.5928 251.5756 251.5584 251.5412 251.524 251.5068 251.4896 251.4724 251.4552
252.2282 252.2055 252.1818 252.1637 252.1404 252.116 252.0938 252.0691 252.0455 252.0203 251.9925 251.967 251.9398 251.9112 251.8844 251.8603 251.8367 251.8131 251.7908 251.7694 251.7494 251.7273 251.0516 250.9089 250.8371 250.8541 250.7804 250.8308 250.8129 250.7592 250.8082 250.7825 251.3348 251.6716 251.6797 251.6873 251.6927 251.6959 251.6995 251.7028 251.705 251.7078 251.7091 251.7103 251.711 251.7113 251.7096 251.7028 251.6857 251.6687 251.6516 251.6346 251.6175 251.6004 251.5833 251.5663 251.5492 251.5322 251.5151 251.498 251.481 251.4639 251.4468
252.241 252.218 252.1996 252.1759 252.1523 252.132 252.1071 252.0843 252.0587 252.033 252.0062 251.9809 251.9543 251.9249 251.8961 251.8705 251.8466 251.8242 251.8015 251.7808 251.7585 251.7378 251.7171 250.9485 250.8755 250.8643 250.8163 250.8018 250.8107 250.7451 250.7643 250.782 250.7599 251.6577 251.6654 251.6713 251.675 251.6792 251.6826 251.685 251.6885 251.6902 251.6923 251.6939 251.6952 251.6946 251.6934 251.6909 251.6882 251.6783 251.6609 251.6435 251.6262 251.6088 251.5914 251.5737 251.555 251.5362 251.5175 251.4988 251.4801 251.4613 251.4427
252.2525 252.2291 252.2124 252.1894 252.1654 252.1443 252.1196 252.0972 252.0735 252.0457 252.0222 251.9959 251.968 251.9386 251.9106 251.8802 251.8568 251.8336 251.812 251.7894 251.7688 251.7476 251.727 251.707 250.929 250.8393 250.8052 250.7822 250.7941 250.7655 250.7426 250.7386 250.7552 250.7658 251.6499 251.6542 251.6583 251.662 251.6652 251.6686 251.6713 251.6743 251.6768 251.6794 251.6795 251.6781 251.6772 251.6748 251.6714 251.6673 251.662 251.6526 251.6335 251.6143 251.5952 251.5761 251.557 251.5378 251.5187 251.4996 251.4795 251.4589 251.4383
252.2654 252.2463 252.2246 252.2013 252.1813 252.1579 252.1363 252.1111 252.0862 252.06 252.0361 252.0111 251.9817 251.9556 251.9252 251.8963 251.8653 251.8433 251.8205 251.7993 251.778 251.7569 251.7367 251.7169 251.6981 251.2715 250.8658 250.7735 250.7559 250.7633 250.7626 250.6958 250.6953 250.7646 250.7767 251.6372 251.6414 251.6448 251.6488 251.6524 251.6563 251.6596 251.6628 251.6642 251.6632 251.6627 251.6608 251.658 251.6547 251.6502 251.6452 251.6392 251.6316 251.6214 251.604 251.5827 251.5614 251.5402 251.5181 251.4962 251.4746 251.4522 251.4281
252.2764 252.2611 252.2385 252.2148 252.1948 252.1702 252.1491 252.1267 252.0989 252.0773 252.0519 252.0248 251.9954 251.9701 251.9397 251.9125 251.8806 251.8516 251.8295 251.8083 251.7867 251.7662 251.746 251.7264 251.7077 251.6903 251.6748 250.7838 250.7751 250.7204 250.7552 250.6867 250.7246 250.7063 250.6593 250.7128 251.6247 251.6289 251.6334 251.6383 251.6426 251.6457 251.6478 251.648 251.6479 251.647 251.6447 251.6421 251.6382 251.634 251.6283 251.6235 251.6154 251.6051 251.5928 251.5782 251.5599 251.5382 251.5133 251.4874 251.4639 251.4422 251.4219
252.2931 252.2733 252.2504 252.2304 252.2088 252.1883 252.1635 252.1394 252.1138 252.0912 252.068 252.0386 252.015 251.9846 251.9581 251.9278 251.897 251.8651 251.8383 251.8166 251.7952 251.7751 251.7547 251.7354 251.7176 251.7001 251.6843 251.6711 251.4732 250.7929 250.7275 250.7278 250.6427 250.6659 250.6782 250.6552 250.6783 251.6145 251.6199 251.6249 251.6286 251.6312 251.6326 251.6321 251.632 251.6307 251.628 251.6252 251.6208 251.617 251.6133 251.6078 251.599 251.5891 251.5769 251.5625 251.5441 251.5264 251.5019 251.4772 251.4578 251.4357 251.4159
252.3098 252.2875 252.2643 252.2453 252.2209 252.2011 252.1799 252.1521 252.1325 252.108 252.0817 252.0533 252.0296 251.9992 251.975 251.943 251.9143 251.882 251.8495 251.8245 251.8042 251.7831 251.7633 251.7449 251.7265 251.71 251.6949 251.6811 251.6676 251.6535 250.7644 250.6924 250.7019 250.6783 250.607 250.6381 250.6807 250.666 251.6071 251.6115 251.6149 251.6169 251.6168 251.6175 251.6167 251.6146 251.6127 251.6091 251.606 251.6019 251.5984 251.5915 251.5834 251.5728 251.5605 251.5463 251.5302 251.5144 251.4905 251.467 251.4485 251.4297 251.4094
252.3219 252.2994 252.2795 252.2596 252.2403 252.216 252.1926 252.1676 252.1464 252.1246 252.0954 252.0745 252.0441 252.0199 251.9902 251.9609 251.9304 251.8991 251.867 251.8336 251.8117 251.7912 251.7721 251.7532 251.7358 251.7188 251.7038 251.6902 251.6761 251.661 251.6461 250.714 250.6709 250.6673 250.6028 250.6121 250.6001 250.6604 251.5946 251.5983 251.6004 251.6014 251.602 251.6019 251.6006 251.5984 251.596 251.5932 251.5892 251.5874 251.5828 251.5762 251.567 251.5571 251.5458 251.53 251.5171 251.5022 251.479 251.4568 251.4392 251.423 251.4038
252.3356 252.3137 252.2958 252.2718 252.2531 252.2322 252.2054 252.1875 252.164 252.1385 252.1112 252.0891 252.0594 252.0368 252.0055 251.9796 251.9489 251.9185 251.8858 251.8521 251.819 251.7993 251.7799 251.7617 251.7429 251.7277 251.7125 251.6986 251.683 251.668 251.6521 251.6362 250.6645 250.6733 250.6334 250.6244 250.5848 250.6033 250.5703 251.584 251.5858 251.5862 251.587 251.5865 251.5845 251.5834 251.5798 251.5779 251.5756 251.5725 251.5676 251.5598 251.5512 251.5411 251.53 251.5164 251.5032 251.4895 251.4676 251.4465 251.4299 251.416 251.397
252.3485 252.3286 252.3094 252.2915 252.2684 252.2458 252.2215 252.2016 252.1804 252.1522 252.134 252.1036 252.0817 252.0527 252.0247 251.9957 251.9659 251.9361 251.9046 251.8702 251.8358 251.8065 251.7875 251.7685 251.752 251.7356 251.7212 251.705 251.6898 251.6738 251.6578 251.642 251.6262 251.174 250.6363 250.617 250.5786 250.5519 250.5404 250.5606 251.1889 251.5718 251.5717 251.5705 251.5689 251.5672 251.5657 251.5629 251.5615 251.5579 251.5517 251.5446 251.5359 251.5262 251.5145 251.5028 251.4889 251.4768 251.4561 251.4363 251.4207 251.4077 251.3895
252.3631 252.3463 252.3226 252.3051 252.2843 252.2589 252.2416 252.2201 252.1953 252.1691 252.1485 252.1199 252.0983 252.068 252.0448 252.0152 251.9876 251.9556 251.924 251.8918 251.8553 251.8197 251.7941 251.7764 251.7591 251.7437 251.7271 251.7115 251.6954 251.6794 251.6635 251.6477 251.6324 251.6201 251.608 251.3302 250.6122 250.5861 250.5329 250.497 250.5234 250.5383 251.5562 251.5544 251.554 251.5519 251.5502 251.5492 251.5466 251.5424 251.5365 251.529 251.5205 251.5103 251.5 251.487 251.4749 251.4641 251.4447 251.4261 251.4112 251.3984 251.3831
252.3777 252.3593 252.3421 252.3208 252.299 252.2753 252.2568 252.2361 252.2091 252.193 252.1631 252.1435 252.1152 252.0885 252.0609 252.0327 252.0051 251.9755 251.9421 251.9113 251.8777 251.8404 251.804 251.7823 251.7662 251.7491 251.7333 251.7171 251.701 251.6851 251.6691 251.6537 251.6403 251.6273 251.6157 251.604 251.5917 250.6167 250.5461 250.4934 250.4985 250.4652 250.5091 250.7284 251.5385 251.5381 251.5366 251.5356 251.532 251.5273 251.5206 251.5133 251.505 251.4959 251.4841 251.4741 251.4623 251.4514 251.4333 251.416 251.4017 251.3891 251.3746
252.3968 252.3735 252.3571 252.3364 252.3123 252.2957 252.2761 252.2522 252.227 252.208 252.1804 252.1599 252.1313 252.1101 252.0814 252.0566 252.0254 251.9959 251.9672 251.9307 251.8984 251.8647 251.8262 251.7879 251.7711 251.755 251.7388 251.7227 251.7066 251.6904 251.6748 251.6608 251.6474 251.6349 251.6225 251.6102 251.5976 251.5844 251.5707 250.5373 250.4549 250.4865 250.4362 250.4888 250.4758 251.5239 251.5229 251.5207 251.5172 251.5118 251.5052 251.4982 251.4899 251.4817 251.4708 251.4612 251.4497 251.4387 251.4218 251.4058 251.3923 251.3799 251.3669
252.4092 252.3926 252.3732 252.3522 252.3291 252.312 252.2919 252.2659 252.2509 252.2226 252.2053 252.1776 252.1524 252.1262 252.0997 252.0741 252.0464 252.014 251.9867 251.9564 251.9191 251.8869 251.8515 251.8114 251.7767 251.7604 251.7443 251.7282 251.7118 251.696 251.6809 251.667 251.6538 251.6414 251.6287 251.6163 251.6032 251.5895 251.5758 251.5619 250.5128 250.4781 250.4318 250.4284 250.411 250.4413 251.5092 251.506 251.502 251.4966 251.4901 251.4831 251.4754 251.4664 251.4576 251.4482 251.4371 251.426 251.4104 251.3957 251.3828 251.3706 251.3576
