backup/site316_ft/site316_5x_roughbed_V1/site316_5x_roughbed_V1/sfe316_5x_roughbed_v1.asc
ncols         167
nrows         75
xllcorner     92.867680228234
yllcorner     59.583521293327
cellsize      1
NODATA_value  -9999
[rows 28 to 55 of 75, columns 0 to 62 of 167]
252.6549 252.6333 252.618 252.602 252.5855 252.5696 252.5536 252.5372 252.5205 252.5048 252.4883 252.3839 252.2429 252.2757 252.362 252.4606 252.4666 252.4738 252.4825 252.4917 252.5015 252.5124 252.5233 252.5337 252.5426 252.5414 252.5405 252.5346 252.5214 252.5082 252.495 252.4818 252.4686 252.4555 252.4423 252.4291 252.4159 252.4027 252.3896 252.3764 252.3632 252.35 252.3368 252.3237 252.3105 252.2973 252.2841 252.2709 252.2578 252.2446 252.2314 252.2182 252.205 252.1918 252.1787 252.1655 252.1523 252.1391 252.1259 252.1127 252.0996 252.0864 252.0732
252.6753 252.6384 252.6109 252.5948 252.5783 252.5612 252.5452 252.529 252.5124 252.4958 252.3788 252.2618 252.2727 252.4352 252.475 252.4815 252.4882 252.4948 252.503 252.5126 252.5223 252.5326 252.5438 252.554 252.5523 252.5514 252.5505 252.5492 252.536 252.5228 252.5096 252.4964 252.4833 252.4701 252.4569 252.4437 252.4305 252.4173 252.4042 252.391 252.3778 252.3646 252.3514 252.3383 252.3251 252.3119 252.2987 252.2855 252.2724 252.2592 252.246 252.2328 252.2196 252.2065 252.1933 252.1801 252.1669 252.1537 252.1405 252.1274 252.1142 252.101 252.0878
252.6958 252.6588 252.6219 252.5887 252.5716 252.5547 252.537 252.5208 252.5045 252.3625 252.3118 252.2578 252.3868 252.4855 252.4935 252.5009 252.5081 252.5158 252.523 252.5327 252.5427 252.553 252.5638 252.5637 252.5623 252.5614 252.5605 252.5595 252.5506 252.5374 252.5242 252.511 252.4979 252.4847 252.4715 252.4583 252.4451 252.432 252.4188 252.4056 252.3924 252.3792 252.366 252.3529 252.3397 252.3265 252.3133 252.3001 252.287 252.2738 252.2606 252.2474 252.2342 252.2211 252.2079 252.1947 252.1815 252.1683 252.1552 252.142 252.1288 252.1156 252.1024
-9999 252.6793 252.6424 252.6054 252.5664 252.5487 252.531 252.5129 252.4299 252.3663 252.3366 252.3647 252.4928 252.5021 252.5112 252.5194 252.5269 252.5347 252.5434 252.5517 252.5623 252.5727 252.5737 252.5737 252.5734 252.5714 252.5704 252.5695 252.5652 252.552 252.5388 252.5257 252.5125 252.4993 252.4861 252.4729 252.4597 252.4466 252.4334 252.4202 252.407 252.3938 252.3807 252.3675 252.3543 252.3411 252.3279 252.3147 252.3016 252.2884 252.2752 252.262 252.2488 252.2357 252.2225 252.2093 252.1961 252.1829 252.1698 252.1566 252.1434 252.1302 252.117
-9999 252.6998 252.6628 252.6259 252.5889 252.5439 252.5259 252.4612 252.3331 252.3539 252.3768 252.4999 252.5089 252.518 252.5272 252.5365 252.5453 252.5528 252.5612 252.571 252.5806 252.5834 252.5839 252.5837 252.5837 252.5814 252.5804 252.5795 252.5786 252.5666 252.5534 252.5403 252.5271 252.5139 252.5007 252.4875 252.4743 252.4612 252.448 252.4348 252.4216 252.4084 252.3953 252.3821 252.3689 252.3557 252.3425 252.3294 252.3162 252.303 252.2898 252.2766 252.2634 252.2503 252.2371 252.2239 252.2107 252.1975 252.1844 252.1712 252.158 252.1448 252.1303
-9999 252.7203 252.6833 252.6464 252.6094 252.5725 252.5205 252.3848 252.3634 252.3846 252.5069 252.5159 252.525 252.5341 252.5432 252.5524 252.5616 252.5709 252.5792 252.5886 252.5933 252.5934 252.5939 252.5937 252.5937 252.5923 252.5904 252.5895 252.5886 252.5812 252.5681 252.5549 252.5417 252.5285 252.5153 252.5021 252.489 252.4758 252.4626 252.4494 252.4362 252.423 252.4099 252.3967 252.3835 252.3703 252.3571 252.344 252.3308 252.3176 252.3044 252.2912 252.2781 252.2649 252.2517 252.2385 252.2253 252.2121 252.199 252.1858 252.1726 252.1594 252.1413
-9999 252.7407 252.7038 252.6668 252.6299 252.5929 252.506 252.4051 252.4712 252.5167 252.5236 252.5318 252.5407 252.5501 252.5592 252.5683 252.5775 252.5867 252.5961 252.6024 252.6037 252.6042 252.6039 252.6044 252.6037 252.6037 252.6004 252.5995 252.5985 252.5958 252.5827 252.5695 252.5563 252.5431 252.5299 252.5168 252.5036 252.4904 252.4772 252.464 252.4508 252.4377 252.4245 252.4113 252.3981 252.3849 252.3717 252.3586 252.3454 252.3322 252.319 252.3058 252.2927 252.2795 252.2663 252.2531 252.2399 252.2268 252.2136 252.2004 252.1872 252.174 252.1532
-9999 252.7612 252.7242 252.6873 252.6504 252.6134 252.5322 252.4594 252.5291 252.5346 252.5408 252.5483 252.5566 252.5656 252.5749 252.5843 252.5933 252.6026 252.6109 252.6125 252.6138 252.6147 252.6139 252.6144 252.6137 252.6137 252.6105 252.6095 252.6085 252.6076 252.5973 252.5841 252.5709 252.5577 252.5445 252.5314 252.5182 252.505 252.4918 252.4786 252.4655 252.4523 252.4391 252.4259 252.4127 252.3995 252.3864 252.3732 252.36 252.3468 252.3336 252.3204 252.3073 252.2941 252.2809 252.2677 252.2545 252.2414 252.2282 252.215 252.2018 252.1853 252.1652
-9999 252.7817 252.7447 252.7078 252.6708 252.6339 252.5582 252.4828 252.5499 252.5519 252.558 252.565 252.5731 252.5814 252.5904 252.5997 252.6093 252.6185 252.6212 252.6227 252.6243 252.6251 252.6256 252.6244 252.6249 252.6237 252.6237 252.6194 252.6185 252.6176 252.6119 252.5987 252.5855 252.5723 252.5591 252.546 252.5328 252.5196 252.5064 252.4932 252.4801 252.4669 252.4537 252.4405 252.4273 252.4142 252.401 252.3878 252.3746 252.3614 252.3482 252.3351 252.3219 252.3087 252.2955 252.2823 252.2691 252.256 252.2428 252.2296 252.2164 252.1968 252.1772
-9999 252.8021 252.7652 252.7282 252.6913 252.6543 252.5838 252.5063 252.571 252.5727 252.5746 252.5814 252.5892 252.5973 252.6061 252.615 252.6244 252.6294 252.6315 252.6331 252.6344 252.6352 252.6361 252.6344 252.6349 252.6337 252.6337 252.6294 252.6285 252.6275 252.6262 252.6133 252.6001 252.5869 252.5737 252.5606 252.5474 252.5342 252.521 252.5078 252.4947 252.4815 252.4683 252.4551 252.4419 252.4288 252.4156 252.4024 252.3892 252.376 252.3629 252.3497 252.3365 252.3233 252.3101 252.2969 252.2838 252.2706 252.2574 252.2442 252.2294 252.209 252.1887
-9999 -9999 252.7857 252.7487 252.7118 252.6748 252.6095 252.5297 252.5922 252.5938 252.5954 252.5973 252.6048 252.6132 252.6216 252.6306 252.6373 252.6401 252.6417 252.6438 252.6445 252.6462 252.6465 252.646 252.6449 252.6444 252.6437 252.6429 252.6385 252.6375 252.6366 252.6279 252.6147 252.6015 252.5884 252.5752 252.562 252.5488 252.5356 252.5224 252.5093 252.4961 252.4829 252.4697 252.4565 252.4434 252.4302 252.417 252.4038 252.3906 252.3775 252.3643 252.3511 252.3379 252.3247 252.3116 252.2984 252.2852 252.272 252.2588 252.241 252.2212 252.1997
-9999 -9999 252.8061 252.7692 252.7322 252.6953 252.635 252.5531 252.6133 252.6149 252.6166 252.6182 252.62 252.6282 252.6367 252.6458 252.6483 252.6506 252.6531 252.6543 252.6554 252.6563 252.6567 252.6574 252.6549 252.6554 252.6537 252.6537 252.6485 252.6475 252.6466 252.6425 252.6293 252.6161 252.603 252.5898 252.5766 252.5634 252.5502 252.5371 252.5239 252.5107 252.4975 252.4843 252.4711 252.458 252.4448 252.4316 252.4184 252.4052 252.3921 252.3789 252.3657 252.3525 252.3393 252.3262 252.313 252.2998 252.2866 252.2734 252.2534 252.2339 252.2107
-9999 -9999 252.8266 252.7896 252.7527 252.7158 252.6555 252.5765 252.6344 252.6361 252.6377 252.6394 252.641 252.6428 252.6511 252.6561 252.6592 252.6615 252.6639 252.6645 252.6664 252.6664 252.668 252.6679 252.6662 252.6654 252.6637 252.6637 252.6611 252.6575 252.6566 252.6556 252.6439 252.6308 252.6176 252.6044 252.5912 252.578 252.5648 252.5517 252.5385 252.5253 252.5121 252.4989 252.4858 252.4726 252.4594 252.4462 252.433 252.4198 252.4067 252.3935 252.3803 252.3671 252.3539 252.3408 252.3276 252.3144 252.3012 252.2844 252.2656 252.2449 252.2217
-9999 -9999 252.8471 252.8101 252.7732 252.7362 252.676 252.6 252.6556 252.6572 252.6589 252.6605 252.6622 252.6638 252.6639 252.667 252.6704 252.6732 252.6745 252.6767 252.677 252.6776 252.6782 252.6782 252.6788 252.6754 252.6759 252.6737 252.6737 252.6675 252.6665 252.6656 252.6585 252.6454 252.6322 252.619 252.6058 252.5926 252.5795 252.5663 252.5531 252.5399 252.5267 252.5135 252.5004 252.4872 252.474 252.4608 252.4476 252.4345 252.4213 252.4081 252.3949 252.3817 252.3685 252.3554 252.3422 252.329 252.3158 252.2974 252.2784 252.2558 252.236
-9999 -9999 252.8675 252.8306 252.7936 252.7567 252.6998 252.6234 252.6767 252.6784 252.68 252.6817 252.6833 252.685 252.6815 252.6779 252.6817 252.684 252.6861 252.6878 252.6873 252.689 252.6883 252.6899 252.6893 252.6865 252.6859 252.6837 252.6837 252.6793 252.6765 252.6756 252.6731 252.66 252.6468 252.6336 252.6204 252.6072 252.5941 252.5809 252.5677 252.5545 252.5413 252.5282 252.515 252.5018 252.4886 252.4754 252.4622 252.4491 252.4359 252.4227 252.4095 252.3963 252.3832 252.37 252.3568 252.3436 252.3285 252.3095 252.29 252.2668 252.2482
-9999 -9999 252.888 252.8511 252.8141 252.7772 252.7304 252.6468 252.6979 252.6995 252.7012 252.7028 252.7045 252.7061 252.7001 252.6922 252.6925 252.6956 252.698 252.6983 252.7004 252.6998 252.6998 252.7 252.6996 252.7002 252.6959 252.6964 252.6937 252.6931 252.6865 252.6856 252.6847 252.6746 252.6614 252.6482 252.635 252.6219 252.6087 252.5955 252.5823 252.5691 252.5559 252.5428 252.5296 252.5164 252.5032 252.49 252.4769 252.4637 252.4505 252.4373 252.4241 252.4109 252.3978 252.3846 252.3714 252.3582 252.3411 252.3226 252.301 252.2802 252.2594
-9999 -9999 -9999 252.8715 252.8346 252.7976 252.7607 252.6702 252.719 252.7207 252.7223 252.724 252.7256 252.7272 252.7188 252.7088 252.7034 252.7072 252.7088 252.7107 252.7116 252.71 252.7116 252.7102 252.7116 252.7106 252.7067 252.7064 252.7037 252.7037 252.6975 252.6956 252.6946 252.6892 252.676 252.6628 252.6496 252.6365 252.6233 252.6101 252.5969 252.5837 252.5706 252.5574 252.5442 252.531 252.5178 252.5046 252.4915 252.4783 252.4651 252.4519 252.4387 252.4256 252.4124 252.3992 252.386 252.3725 252.3536 252.3351 252.312 252.2943 252.2732
-9999 -9999 -9999 252.892 252.855 252.8181 252.7812 252.6936 252.7402 252.7418 252.7435 252.7451 252.7467 252.7469 252.7374 252.7274 252.7194 252.718 252.7208 252.7228 252.7221 252.7241 252.7226 252.7221 252.7219 252.7211 252.7216 252.7164 252.7167 252.7137 252.7117 252.7056 252.7046 252.7033 252.6906 252.6774 252.6642 252.6511 252.6379 252.6247 252.6115 252.5983 252.5852 252.572 252.5588 252.5456 252.5324 252.5193 252.5061 252.4929 252.4797 252.4665 252.4533 252.4402 252.427 252.4138 252.4006 252.3836 252.3666 252.3461 252.3243 252.3054 252.288
-9999 -9999 -9999 252.9125 252.8755 252.8386 252.8016 252.7171 252.7613 252.763 252.7646 252.7662 252.7679 252.7656 252.7561 252.7461 252.7362 252.7289 252.7327 252.7336 252.7353 252.7354 252.7328 252.7342 252.7321 252.7328 252.732 252.727 252.7269 252.7237 252.7237 252.7158 252.7146 252.7137 252.7052 252.692 252.6788 252.6657 252.6525 252.6393 252.6261 252.6129 252.5998 252.5866 252.5734 252.5602 252.547 252.5339 252.5207 252.5075 252.4943 252.4811 252.468 252.4548 252.4416 252.4284 252.4152 252.3979 252.3796 252.3571 252.3403 252.3183 252.2994
-9999 -9999 -9999 252.9329 252.896 252.859 252.8221 252.7405 252.7825 252.7841 252.7857 252.7874 252.789 252.7843 252.7748 252.7648 252.7548 252.7466 252.7436 252.746 252.7476 252.746 252.7478 252.7453 252.7443 252.7438 252.7425 252.7421 252.7369 252.7359 252.7337 252.7299 252.7246 252.7237 252.7198 252.7066 252.6935 252.6803 252.6671 252.6539 252.6407 252.6275 252.6144 252.6012 252.588 252.5748 252.5616 252.5485 252.5353 252.5221 252.5089 252.4957 252.4826 252.4694 252.4562 252.443 252.4276 252.4108 252.3913 252.3685 252.3514 252.335 252.3126
-9999 -9999 -9999 252.9534 252.9165 252.8795 252.8426 252.7639 252.8036 252.8052 252.8069 252.8085 252.8102 252.8029 252.7934 252.7834 252.7734 252.7652 252.7552 252.7582 252.759 252.7598 252.7593 252.7555 252.7568 252.7539 252.7541 252.7534 252.7472 252.7474 252.7437 252.7433 252.7346 252.7336 252.7327 252.7213 252.7081 252.6949 252.6817 252.6685 252.6553 252.6422 252.629 252.6158 252.6026 252.5894 252.5762 252.5631 252.5499 252.5367 252.5235 252.5103 252.4972 252.484 252.4708 252.4576 252.4405 252.4244 252.4022 252.3855 252.3634 252.3464 252.3237
-9999 -9999 -9999 252.9739 252.9369 252.9 252.863 252.7873 252.8247 252.8264 252.828 252.8297 252.8313 252.8216 252.8121 252.8021 252.7921 252.7821 252.7738 252.7691 252.7717 252.7724 252.7698 252.7714 252.7681 252.7666 252.7657 252.764 252.7623 252.7574 252.7552 252.7537 252.7481 252.7436 252.7427 252.7359 252.7227 252.7095 252.6963 252.6831 252.67 252.6568 252.6436 252.6304 252.6172 252.604 252.5909 252.5777 252.5645 252.5513 252.5381 252.5249 252.5118 252.4986 252.4854 252.4716 252.4538 252.4364 252.4132 252.3974 252.3809 252.3586 252.3398
-9999 -9999 -9999 252.9943 252.9574 252.9204 252.8835 252.8108 252.8459 252.8475 252.8492 252.8508 252.8503 252.8403 252.8307 252.8208 252.8107 252.8008 252.7924 252.7824 252.7838 252.7844 252.7844 252.7831 252.7783 252.7794 252.7758 252.7753 252.7748 252.7675 252.7679 252.7637 252.7622 252.7536 252.7527 252.7502 252.7373 252.7241 252.7109 252.6977 252.6846 252.6714 252.6582 252.645 252.6318 252.6187 252.6055 252.5923 252.5791 252.5659 252.5527 252.5396 252.5264 252.5132 252.5 252.484 252.4675 252.4474 252.4297 252.4085 252.3934 252.3711 252.3581
-9999 -9999 -9999 -9999 252.9779 252.9409 252.904 252.8354 252.867 252.8687 252.8703 252.8719 252.869 252.859 252.8494 252.8394 252.8294 252.8194 252.8094 252.801 252.7946 252.7975 252.7972 252.7936 252.7949 252.7908 252.7888 252.7876 252.7854 252.7826 252.7779 252.7744 252.7737 252.7663 252.7627 252.7617 252.7519 252.7387 252.7255 252.7123 252.6992 252.686 252.6728 252.6596 252.6464 252.6333 252.6201 252.6069 252.5937 252.5805 252.5674 252.5542 252.541 252.5278 252.5146 252.4981 252.4815 252.4584 252.4434 252.426 252.4048 252.3865 252.3706
-9999 -9999 -9999 -9999 252.9983 252.9614 252.9244 252.8612 252.8882 252.8898 252.8914 252.8931 252.8877 252.8777 252.8681 252.8581 252.8481 252.8381 252.8281 252.8196 252.8096 252.8093 252.8098 252.809 252.8069 252.8016 252.802 252.7977 252.7965 252.7961 252.7879 252.7884 252.7837 252.7804 252.7726 252.7717 252.7665 252.7533 252.7401 252.727 252.7138 252.7006 252.6874 252.6742 252.661 252.6479 252.6347 252.6215 252.6083 252.5951 252.582 252.5688 252.5556 252.5424 252.5266 252.5117 252.4925 252.4738 252.4545 252.4404 252.4184 252.4049 252.3833
-9999 -9999 -9999 -9999 253.0188 252.9819 252.9449 252.887 252.9093 252.9109 252.9126 252.9142 252.9063 252.8963 252.8867 252.8767 252.8667 252.8567 252.8467 252.838 252.8282 252.8201 252.8233 252.822 252.8175 252.8184 252.8136 252.811 252.8094 252.8068 252.8028 252.7984 252.7937 252.7937 252.7845 252.7817 252.7803 252.7679 252.7547 252.7416 252.7284 252.7152 252.702 252.6888 252.6757 252.6625 252.6493 252.6361 252.6229 252.6097 252.5966 252.5834 252.5702 252.557 252.5411 252.5256 252.5035 252.4894 252.471 252.4518 252.4332 252.4193 252.3975
-9999 -9999 -9999 -9999 253.0393 253.0023 252.9654 252.9128 252.9305 252.9321 252.9337 252.935 252.925 252.915 252.9054 252.8954 252.8854 252.8754 252.8654 252.8554 252.8468 252.8368 252.8348 252.8352 252.8336 252.8307 252.8251 252.8246 252.8196 252.8178 252.8175 252.8084 252.8083 252.8037 252.7987 252.7917 252.7908 252.7825 252.7693 252.7562 252.743 252.7298 252.7166 252.7034 252.6903 252.6771 252.6639 252.6507 252.6375 252.6244 252.6112 252.598 252.5848 252.5707 252.5546 252.5376 252.518 252.5005 252.4874 252.4657 252.4516 252.4314 252.4125
-9999 -9999 -9999 -9999 253.0597 253.0228 252.9858 252.9386 252.9516 252.9532 252.9549 252.9537 252.9437 252.9337 252.9241 252.914 252.9041 252.8941 252.884 252.8741 252.8654 252.8554 252.8457 252.849 252.8468 252.8413 252.8418 252.8363 252.8333 252.8313 252.828 252.8231 252.8189 252.8137 252.8127 252.8028 252.8007 252.7971 252.784 252.7708 252.7576 252.7444 252.7312 252.718 252.7049 252.6917 252.6785 252.6653 252.6521 252.639 252.6258 252.6126 252.5994 252.5844 252.5689 252.5486 252.535 252.5161 252.4988 252.4799 252.4679 252.4466 252.4268
