backup/site316_ft/site316_5x_roughbed_V1/site316_5x_roughbed_V1/sfe316_5x_roughbed_v1.asc
ncols         167
nrows         75
xllcorner     92.867680228234
yllcorner     59.583521293327
cellsize      1
NODATA_value  -9999
[rows 0 to 27 of 75, columns 63 to 125 of 167]
252.7467 252.7405 252.7343 252.7282 252.7202 252.7126 252.7053 252.6963 252.6893 252.6802 252.6719 252.6636 252.6544 252.6461 252.6369 252.6278 252.6186 252.6095 252.5999 252.5908 252.582 252.5721 252.563 252.553 252.5437 252.5344 252.5245 252.5151 252.5058 252.4958 252.4865 252.4765 252.4671 252.4571 252.4477 252.4379 252.4283 252.4183 252.4087 252.3989 252.3891 252.3794 252.3696 252.3597 252.35 252.3402 252.3302 252.3205 252.3107 252.3008 252.291 252.2811 252.2711 252.2614 252.2514 252.2416 252.2317 252.2218 252.2101 252.1998 252.1897 252.1796 252.1693
252.6284 252.6304 252.633 252.6335 252.6345 252.6322 252.6306 252.625 252.6227 252.6176 252.6129 252.6057 252.6009 252.594 252.5868 252.5798 252.5748 252.5669 252.5598 252.5512 252.5441 252.5341 252.5275 252.5199 252.5111 252.502 252.4945 252.4845 252.477 252.4672 252.4592 252.4496 252.4412 252.433 252.4239 252.4139 252.4053 252.3953 252.3873 252.3773 252.3681 252.3589 252.3496 252.3407 252.3314 252.3217 252.3117 252.3028 252.2933 252.2838 252.2744 252.2647 252.2552 252.2457 252.2357 252.2264 252.2167 252.207 252.1914 252.1806 252.1703 252.1596 252.1495
252.5184 252.531 252.5375 252.5498 252.5488 252.5592 252.5549 252.5584 252.5581 252.5577 252.5529 252.5523 252.5466 252.5441 252.5418 252.5364 252.5303 252.5239 252.5189 252.5134 252.5062 252.4998 252.492 252.486 252.4796 252.4696 252.4639 252.456 252.4481 252.4419 252.4319 252.4253 252.4153 252.4084 252.3999 252.3901 252.3822 252.3746 252.3657 252.357 252.347 252.3396 252.3306 252.3214 252.3127 252.3032 252.295 252.285 252.2759 252.2673 252.2583 252.2483 252.2393 252.2301 252.2212 252.2112 252.2023 252.1913 252.1741 252.1617 252.1511 252.1397 252.1297
252.41 252.4318 252.4449 252.4605 252.4702 252.4816 252.4838 252.4907 252.4921 252.4956 252.4998 252.4987 252.4998 252.4966 252.4938 252.4904 252.4898 252.4815 252.478 252.4779 252.4683 252.4664 252.4603 252.4521 252.4472 252.4433 252.4333 252.4292 252.4193 252.4146 252.4049 252.3994 252.3908 252.3859 252.3759 252.3692 252.3592 252.3538 252.3441 252.336 252.3281 252.3196 252.311 252.3032 252.2947 252.2847 252.2773 252.2686 252.2597 252.2512 252.2419 252.232 252.2244 252.2144 252.206 252.1962 252.1875 252.1746 252.1574 252.1435 252.1319 252.12 252.1097
252.3014 252.3316 252.3592 252.3768 252.3977 252.4072 252.4175 252.4284 252.4367 252.443 252.4434 252.448 252.4477 252.4465 252.4486 252.4513 252.4479 252.4471 252.4443 252.4404 252.4318 252.4309 252.4283 252.4246 252.4149 252.4126 252.4034 252.4004 252.3929 252.3873 252.3826 252.3735 252.3691 252.3619 252.3519 252.3462 252.3385 252.3324 252.3245 252.315 252.3076 252.2997 252.293 252.2853 252.2763 252.2677 252.2595 252.2512 252.2428 252.2346 252.2255 252.2172 252.2087 252.1987 252.1908 252.1819 252.1727 252.1579 252.1407 252.1246 252.1129 252.1017 252.0898
252.2078 252.2436 252.2743 252.2976 252.3227 252.338 252.3562 252.37 252.3814 252.3837 252.3942 252.394 252.4025 252.4075 252.4082 252.4068 252.4049 252.4061 252.4062 252.4025 252.4035 252.3953 252.3944 252.3925 252.3856 252.382 252.3801 252.3715 252.37 252.36 252.3576 252.348 252.3445 252.3379 252.332 252.3232 252.3185 252.3108 252.3039 252.2963 252.2897 252.2818 252.2737 252.267 252.2578 252.2518 252.2421 252.2338 252.2263 252.2192 252.2092 252.2012 252.1931 252.1846 252.1756 252.1669 252.158 252.1413 252.1241 252.1069 252.0942 252.0829 252.0698
252.1326 252.1584 252.1953 252.2268 252.2545 252.2714 252.2921 252.306 252.3193 252.336 252.3431 252.3528 252.3564 252.3598 252.3642 252.3701 252.3687 252.3675 252.3737 252.3646 252.3698 252.3693 252.3628 252.3601 252.3614 252.3514 252.3526 252.3437 252.3427 252.3354 252.3317 252.3279 252.3239 252.3139 252.3102 252.3002 252.2992 252.2892 252.2829 252.2768 252.2697 252.2623 252.2564 252.2493 252.2393 252.2341 252.2265 252.2182 252.2114 252.2028 252.1928 252.1873 252.1774 252.1704 252.1604 252.1531 252.1418 252.1246 252.1074 252.0902 252.0761 252.0635 252.0501
252.1071 252.114 252.1202 252.1547 252.1826 252.21 252.235 252.2545 252.2705 252.2823 252.2952 252.3013 252.3105 252.3197 252.3278 252.3288 252.3343 252.3373 252.3367 252.3345 252.3343 252.3366 252.3377 252.3294 252.3308 252.3262 252.3238 252.3219 252.3154 252.3158 252.3058 252.3053 252.2999 252.2913 252.2871 252.2833 252.2776 252.2718 252.2618 252.2564 252.2511 252.2453 252.2392 252.2308 252.2233 252.2163 252.2091 252.2018 252.1948 252.1864 252.1792 252.1718 252.1618 252.1552 252.1466 252.1385 252.1251 252.1079 252.0907 252.0735 252.0581 252.0451 252.0327
252.0821 252.0888 252.0964 252.104 252.119 252.151 252.1782 252.2008 252.2167 252.236 252.2462 252.261 252.2728 252.2799 252.2843 252.2874 252.2934 252.2993 252.2987 252.3073 252.304 252.3028 252.3054 252.3045 252.3002 252.3043 252.2949 252.2981 252.2893 252.2899 252.2834 252.2816 252.2758 252.2739 252.2641 252.2623 252.256 252.2508 252.2459 252.2397 252.2331 252.226 252.2212 252.2123 252.2086 252.1994 252.1918 252.1854 252.1796 252.17 252.1632 252.1561 252.1472 252.14 252.132 252.1237 252.1085 252.0913 252.0741 252.0569 252.0403 252.0267 252.0136
252.0564 252.064 252.0717 252.0797 252.0872 252.0945 252.1216 252.1458 252.1699 252.1875 252.2049 252.2161 252.2269 252.2398 252.2504 252.2559 252.2605 252.2695 252.2662 252.2732 252.2783 252.2763 252.273 252.2796 252.2729 252.276 252.2715 252.2708 252.2686 252.264 252.265 252.2618 252.2518 252.2511 252.2446 252.2444 252.2356 252.2298 252.2254 252.2197 252.2142 252.2099 252.2038 252.1939 252.1908 252.1844 252.1766 252.1713 252.1636 252.1537 252.1487 252.1404 252.1341 252.1248 252.1171 252.109 252.0918 252.0746 252.0574 252.0402 252.023 252.0077 251.9954
252.0315 252.0393 252.0473 252.0551 252.0636 252.0719 252.08 252.0973 252.1212 252.1423 252.1591 252.1757 252.1908 252.2043 252.2098 252.2215 252.2304 252.2329 252.2382 252.2388 252.245 252.2506 252.2467 252.249 252.2503 252.2472 252.2508 252.2435 252.2481 252.2395 252.2414 252.2378 252.2332 252.2281 252.2281 252.2228 252.2187 252.211 252.2071 252.2029 252.1976 252.1931 252.1854 252.1788 252.1731 252.167 252.1608 252.155 252.1472 252.1402 252.1348 252.1248 252.1196 252.1102 252.1039 252.0923 252.0751 252.0579 252.0407 252.0235 252.0063 251.9915 251.9769
252.007 252.015 252.0233 252.0317 252.04 252.0475 252.0553 252.0643 252.0759 252.0984 252.1195 252.1381 252.1517 252.1646 252.1746 252.1837 252.1951 252.1975 252.211 252.2131 252.2146 252.2182 252.2234 252.2201 252.2283 252.2216 252.2262 252.2213 252.2222 252.2205 252.2202 252.2138 252.2151 252.2059 252.207 252.2012 252.1977 252.1946 252.1898 252.1844 252.179 252.1755 252.1669 252.1648 252.1568 252.1497 252.1444 252.1393 252.1309 252.1252 252.1191 252.1098 252.1044 252.097 252.0895 252.0757 252.0585 252.0413 252.0241 252.0069 251.9897 251.9726 251.9581
251.9826 251.9913 251.9998 252.0084 252.0156 252.0225 252.0302 252.0398 252.05 252.0594 252.0786 252.098 252.1155 252.1307 252.1431 252.1536 252.1653 252.1692 252.1766 252.1873 252.1898 252.1889 252.1977 252.1964 252.1994 252.2004 252.1989 252.2019 252.1964 252.202 252.1998 252.1924 252.192 252.1894 252.1896 252.1833 252.1766 252.1741 252.1698 252.1669 252.1634 252.1584 252.1499 252.1476 252.1423 252.1351 252.1303 252.1245 252.1146 252.1102 252.1034 252.0967 252.0893 252.0822 252.0747 252.059 252.0418 252.0246 252.0074 251.9902 251.973 251.9558 251.9403
251.3977 251.9678 251.9764 251.984 251.9906 251.9971 252.0057 252.0161 252.0262 252.0362 252.0462 252.0619 252.0804 252.0932 252.1087 252.1235 252.1292 252.1419 252.1478 252.1534 252.1635 252.1656 252.1671 252.1744 252.1721 252.1797 252.1745 252.1805 252.176 252.1776 252.1758 252.1751 252.169 252.1721 252.168 252.1656 252.1606 252.1578 252.1546 252.1499 252.147 252.1399 252.135 252.1299 252.1249 252.1198 252.1152 252.1081 252.1016 252.0968 252.0878 252.0836 252.0741 252.0679 252.0595 252.0423 252.0251 252.0079 251.9907 251.9735 251.9563 251.9391 251.9238
251.2598 251.3175 251.797 251.9586 251.9648 251.9716 251.9818 251.9924 252.0026 252.0137 252.0242 252.0336 252.0448 252.0618 252.0768 252.0909 252.1002 252.1147 252.1221 252.128 252.1312 252.1423 252.1424 252.1517 252.1501 252.1543 252.1546 252.1546 252.1575 252.1587 252.1518 252.156 252.1507 252.1525 252.1468 252.1446 252.1433 252.1398 252.1356 252.1325 252.1297 252.1214 252.121 252.1141 252.1076 252.1035 252.099 252.0917 252.0872 252.0821 252.0724 252.0689 252.0607 252.0547 252.0428 252.0257 252.0085 251.9913 251.9741 251.9569 251.9397 251.9225 251.9061
251.2041 251.2462 251.2668 251.3192 251.9384 251.9473 251.9587 251.9692 251.9819 251.9929 252.0037 252.0123 252.0204 252.0303 252.0467 252.0611 252.0729 252.0825 252.0957 252.1033 252.1078 252.1159 252.1205 252.1228 252.1294 252.1278 252.1352 252.1315 252.1383 252.1378 252.1343 252.133 252.1343 252.1347 252.131 252.1256 252.1237 252.1214 252.1196 252.117 252.1129 252.106 252.1044 252.1002 252.0936 252.0898 252.0853 252.0755 252.0716 252.0665 252.0593 252.0537 252.0473 252.0405 252.0262 252.009 251.9918 251.9746 251.9574 251.9402 251.923 251.9058 251.8889
251.2326 251.2036 251.1972 251.2255 251.2346 251.653 251.9367 251.9503 251.9624 251.9739 251.9825 251.99 251.9988 252.0076 252.0165 252.0309 252.0456 252.0568 252.0663 252.0763 252.0845 252.0882 252.0985 252.0997 252.1087 252.1073 252.1128 252.113 252.1155 252.1138 252.117 252.112 252.116 252.1131 252.1125 252.1102 252.1085 252.1064 252.1022 252.1008 252.0945 252.0911 252.0866 252.0829 252.0788 252.0755 252.069 252.0625 252.0582 252.0508 252.0462 252.0385 252.0324 252.0257 252.0095 251.9923 251.9751 251.9579 251.9407 251.9235 251.9063 251.8891 251.8719
251.3058 251.2096 251.144 251.1336 251.2007 251.2575 251.9187 251.932 251.9436 251.9528 251.9605 251.9682 251.9762 251.9861 251.9961 252.0054 252.0184 252.0311 252.0415 252.05 252.0612 252.0665 252.0751 252.079 252.0823 252.0879 252.0875 252.0946 252.0973 252.0935 252.0969 252.0956 252.098 252.0944 252.0914 252.092 252.0899 252.087 252.0859 252.084 252.0761 252.0771 252.0715 252.0656 252.0625 252.0589 252.0526 252.0489 252.0449 252.0351 252.0331 252.0243 252.0187 252.01 251.9928 251.9756 251.9585 251.9413 251.9241 251.9069 251.8897 251.8725 251.8553
251.3522 251.2766 251.1452 251.1444 251.0741 251.1433 251.2694 251.9132 251.9231 251.9311 251.9382 251.9454 251.9546 251.9647 251.9743 251.9844 251.9942 252.0045 252.0168 252.0267 252.0342 252.0446 252.0491 252.0583 252.0602 252.0685 252.0685 252.0744 252.0758 252.0762 252.0739 252.0791 252.0799 252.0786 252.0753 252.0745 252.0732 252.0723 252.0706 252.0675 252.062 252.0611 252.0576 252.052 252.0488 252.045 252.0364 252.0331 252.0295 252.0219 252.0181 252.0111 252.0056 251.9934 251.9762 251.959 251.9418 251.9246 251.9074 251.8902 251.873 251.8558 251.8386
251.9539 251.3309 251.212 251.1478 251.0766 251.0673 251.1159 251.2235 251.9016 251.9081 251.9146 251.9232 251.933 251.9434 251.954 251.9641 251.9741 251.9824 251.9919 252.0034 252.0126 252.0227 252.0286 252.0376 252.0406 252.0451 252.0501 252.0541 252.0528 252.0589 252.0568 252.0602 252.0583 252.0593 252.0598 252.0592 252.0577 252.0545 252.0547 252.049 252.0473 252.0434 252.0408 252.0378 252.0349 252.0298 252.0233 252.0196 252.0138 252.0088 252.0029 251.9975 251.9914 251.9767 251.9595 251.9423 251.9251 251.9079 251.8907 251.8735 251.8563 251.8391 251.8219
251.9662 251.9425 251.5216 251.2479 251.1457 251.0495 251.0241 251.0908 251.1607 251.7207 251.8917 251.9013 251.9124 251.9238 251.9348 251.9455 251.9539 251.9632 251.9716 251.9801 251.9907 251.9985 252.0079 252.0131 252.0212 252.024 252.0316 252.0359 252.0354 252.0379 252.0404 252.0435 252.0421 252.0403 252.0406 252.04 252.0397 252.0394 252.0382 252.0321 252.0333 252.0288 252.024 252.0216 252.0191 252.0134 252.0099 252.0063 251.9982 251.9957 251.9879 251.9826 251.9767 251.96 251.9428 251.9256 251.9084 251.8913 251.8741 251.8569 251.8397 251.8225 251.8053
251.979 251.9573 251.9392 251.9226 251.5674 251.1572 251.0477 251.0181 251.0733 251.0802 251.1895 251.8814 251.8936 251.9056 251.9171 251.9258 251.9358 251.9451 251.9531 251.9607 251.9687 251.9783 251.9872 251.9933 252.0017 252.0056 252.0108 252.0138 252.0181 252.0181 252.0239 252.0251 252.0263 252.0249 252.0252 252.025 252.0249 252.0241 252.022 252.018 252.0179 252.015 252.0105 252.0079 252.0047 251.9973 251.9951 251.9925 251.9844 251.9825 251.9747 251.9695 251.9606 251.9434 251.9262 251.909 251.8918 251.8746 251.8574 251.8402 251.823 251.8058 251.7886
251.9928 251.9722 251.9539 251.9377 251.9192 251.8989 251.1283 251.0223 251.0088 251.0075 251.0969 251.5707 251.8763 251.8886 251.8986 251.9084 251.9185 251.9267 251.9339 251.9411 251.9493 251.9576 251.9658 251.9739 251.9797 251.9871 251.9926 251.9947 252.0008 252.0017 252.0057 252.0056 252.0062 252.0095 252.01 252.009 252.0074 252.0086 252.0036 252.0034 252.0002 251.9987 251.9968 251.994 251.9907 251.9842 251.981 251.9768 251.9713 251.9673 251.9615 251.9564 251.9439 251.9267 251.9095 251.8923 251.8751 251.8579 251.8407 251.8235 251.8063 251.7891 251.7719
252.0069 251.9861 251.9685 251.9501 251.9298 251.9078 251.5363 251.0923 251.0198 250.9785 251.0165 251.0761 251.8602 251.8714 251.8818 251.8918 251.9002 251.9072 251.9138 251.921 251.9291 251.938 251.946 251.9545 251.9611 251.9687 251.9744 251.9773 251.9794 251.9852 251.989 251.9898 251.9899 251.9911 251.9917 251.9924 251.9928 251.9924 251.9881 251.9894 251.9862 251.9825 251.9806 251.9793 251.9743 251.9709 251.9677 251.9612 251.9583 251.9521 251.9477 251.9424 251.9272 251.91 251.8928 251.8756 251.8584 251.8412 251.8241 251.8069 251.7897 251.7725 251.7553
252.0205 251.9999 251.9811 251.9608 251.939 251.9157 251.8934 251.2195 251.0833 251.001 250.9454 250.9854 251.1087 251.8553 251.8651 251.8738 251.8811 251.8876 251.893 251.9001 251.9082 251.9172 251.9268 251.935 251.9426 251.9494 251.9539 251.96 251.963 251.9688 251.9702 251.974 251.9745 251.9759 251.9768 251.9776 251.9777 251.9766 251.974 251.9747 251.9723 251.9689 251.9669 251.9643 251.9581 251.9571 251.9543 251.947 251.9452 251.9383 251.9334 251.9277 251.9106 251.8934 251.8762 251.859 251.8418 251.8246 251.8074 251.7902 251.773 251.7558 251.7386
252.0328 252.0122 251.9918 251.9698 251.9474 251.9253 251.9026 251.8825 251.6624 251.1159 251.0177 250.9699 250.9964 251.3384 251.8474 251.8548 251.8613 251.866 251.8714 251.8788 251.8869 251.8962 251.9063 251.9161 251.9242 251.9312 251.9366 251.9427 251.9465 251.9512 251.9532 251.955 251.9585 251.9601 251.9602 251.9609 251.9625 251.9582 251.9596 251.9574 251.9566 251.9554 251.953 251.9506 251.9451 251.9425 251.9398 251.9339 251.9317 251.9251 251.9203 251.9111 251.8939 251.8767 251.8595 251.8423 251.8251 251.8079 251.7907 251.7735 251.7563 251.7391 251.7219
252.0423 252.0228 252.0011 251.9792 251.9572 251.9348 251.914 251.8946 251.8779 251.8619 251.142 250.9825 250.9056 250.9931 251.3397 251.8346 251.8394 251.8437 251.8495 251.857 251.8657 251.8758 251.8857 251.895 251.9046 251.9142 251.9192 251.9242 251.9301 251.9345 251.9374 251.9395 251.9418 251.9435 251.945 251.9462 251.9467 251.9442 251.9456 251.9435 251.941 251.9397 251.9395 251.9351 251.9321 251.9291 251.9242 251.9208 251.9165 251.912 251.9072 251.8944 251.8772 251.86 251.8428 251.8256 251.8084 251.7912 251.774 251.7569 251.7397 251.7225 251.7053
252.0454 252.0313 252.0112 251.989 251.9669 251.9455 251.9258 251.9073 251.8897 251.8735 251.8573 251.8412 251.0098 250.9245 250.988 251.0705 251.8169 251.8212 251.8273 251.8354 251.845 251.8553 251.8644 251.8735 251.8829 251.8916 251.9023 251.9078 251.9134 251.9167 251.921 251.9241 251.9266 251.9286 251.9303 251.9313 251.9311 251.9301 251.9315 251.9296 251.9274 251.9259 251.924 251.919 251.9186 251.9158 251.9096 251.9078 251.9019 251.8979 251.8934 251.8777 251.8605 251.8434 251.8262 251.809 251.7918 251.7746 251.7574 251.7402 251.723 251.7058 251.6886
