samples/sfe_4523/sfe_4523_v0/sfe_4523_v0/sfe_4523_v0.asc
ncols         234
nrows         189
xllcorner     97.39999999851
yllcorner     75.199999999255
cellsize      0.2
NODATA_value  -9999
[rows 112 to 139 of 189, columns 0 to 63 of 234]
-9999 -9999 -9999 -9999 602.6498 602.6342 602.6191 602.6035 602.5885 602.573 602.5597 602.5482 602.5366 602.525 602.5134 602.5006 602.4877 602.4747 602.4617 602.4487 602.4358 602.4229 602.4099 602.3968 602.3817 602.3668 602.3548 602.3428 602.3307 602.3187 602.3067 602.2947 602.2827 602.2706 602.2604 602.2487 602.2371 602.2255 602.2138 602.2021 602.1921 602.189 602.186 602.0388 601.891 601.7661 601.6717 601.5923 601.5102 601.4019 601.2935 601.2332 601.1646 601.0378 600.9111 600.8031 600.7197 600.6541 600.5884 600.5228 600.396 600.3502 600.3045 600.2921
-9999 -9999 -9999 -9999 602.6608 602.6451 602.6302 602.6144 602.5995 602.584 602.5706 602.559 602.5474 602.5358 602.5243 602.5114 602.4985 602.4855 602.4725 602.4596 602.4466 602.4337 602.4207 602.4073 602.3923 602.3779 602.3658 602.3538 602.3418 602.3298 602.3177 602.3057 602.2937 602.2817 602.272 602.2603 602.2487 602.2371 602.2254 602.2137 602.2021 602.1905 602.184 602.1815 602.0414 601.947 601.8525 601.7745 601.6662 601.5579 601.4655 601.4052 601.2867 601.16 601.0645 600.9752 600.9037 600.838 600.7723 600.6456 600.5188 600.392 600.3574 600.3326
-9999 -9999 -9999 -9999 602.6718 602.6561 602.6411 602.6254 602.6105 602.595 602.5814 602.5698 602.5583 602.5467 602.5352 602.5223 602.5093 602.4963 602.4833 602.4704 602.4575 602.4445 602.4315 602.4178 602.4028 602.3889 602.3769 602.3649 602.3528 602.3408 602.3288 602.3168 602.3047 602.2928 602.2836 602.2719 602.2603 602.2486 602.237 602.2253 602.2137 602.202 602.1904 602.1804 602.177 602.1278 602.0389 601.9305 601.8222 601.7139 601.6375 601.5357 601.4152 601.3259 601.2366 601.1533 601.0876 601.0219 600.8951 600.7684 600.6603 600.5242 600.3875 600.3731
-9999 -9999 -9999 -9999 602.6827 602.6671 602.6521 602.6364 602.6215 602.606 602.5923 602.5807 602.5692 602.5576 602.546 602.5331 602.5201 602.5071 602.4942 602.4812 602.4683 602.4553 602.4423 602.4284 602.4134 602.4 602.3879 602.3759 602.3639 602.3518 602.3398 602.3278 602.3157 602.306 602.2952 602.2835 602.2719 602.2602 602.2486 602.2369 602.2253 602.2136 602.202 602.1904 602.1787 602.173 602.1688 602.0865 601.9782 601.8699 601.7846 601.6766 601.5873 601.498 601.4087 601.3372 601.2715 601.1447 601.0179 600.9286 600.7925 600.6559 600.5213 600.4443
-9999 -9999 -9999 -9999 602.6937 602.6781 602.6631 602.6474 602.6324 602.6171 602.6031 602.5916 602.58 602.5684 602.5568 602.5439 602.5309 602.5179 602.505 602.4921 602.4791 602.4661 602.4532 602.4389 602.4239 602.4109 602.3989 602.3869 602.3749 602.3629 602.3508 602.3388 602.3268 602.3184 602.3067 602.2951 602.2834 602.2718 602.2601 602.2485 602.2369 602.2252 602.2136 602.202 602.1903 602.1786 602.169 602.1642 602.1342 602.0336 601.938 601.8487 601.7594 601.6701 601.5867 601.5211 601.3943 601.2675 601.1813 601.0608 600.9243 600.7939 600.694 600.6287
-9999 -9999 -9999 -9999 602.7047 602.6891 602.6741 602.6584 602.6434 602.6281 602.614 602.6024 602.5908 602.5793 602.5677 602.5547 602.5417 602.5288 602.5158 602.5029 602.4899 602.4769 602.464 602.4495 602.4344 602.422 602.41 602.3979 602.3859 602.3739 602.3619 602.3499 602.3378 602.33 602.3183 602.3066 602.295 602.2834 602.2717 602.2601 602.2485 602.2368 602.2252 602.2136 602.2019 602.1902 602.1786 602.168 602.1605 602.156 602.1101 602.0208 601.9315 601.8422 601.7707 601.6439 601.5171 601.4309 601.3291 601.1927 601.0664 600.9548 600.8785 600.813
-9999 -9999 -9999 -9999 -9999 602.7003 602.685 602.6694 602.6544 602.639 602.6248 602.6133 602.6017 602.5901 602.5785 602.5656 602.5526 602.5396 602.5267 602.5137 602.5007 602.4878 602.4748 602.46 602.4451 602.433 602.421 602.409 602.397 602.3849 602.3729 602.3609 602.3497 602.3416 602.3299 602.3182 602.3066 602.295 602.2833 602.2717 602.2601 602.2484 602.2368 602.2251 602.2135 602.2018 602.191 602.1812 602.1701 602.159 602.1515 602.1495 602.1036 602.0203 601.8934 601.7667 601.6805 601.5943 601.4611 601.339 601.2274 601.1275 601.063 600.9974
-9999 -9999 -9999 -9999 -9999 602.7114 602.696 602.6805 602.6653 602.6501 602.6357 602.6241 602.6125 602.601 602.5894 602.5764 602.5634 602.5504 602.5375 602.5245 602.5115 602.4986 602.4856 602.4706 602.4561 602.4441 602.432 602.42 602.408 602.3959 602.3839 602.3719 602.3629 602.3531 602.3415 602.3298 602.3182 602.3066 602.2949 602.2833 602.2717 602.26 602.2484 602.2367 602.2251 602.2134 602.2054 602.1943 602.1832 602.1722 602.1611 602.1494 602.145 602.143 602.0162 601.9301 601.8439 601.7294 601.6116 601.4999 601.3883 601.312 601.2475 601.1817
-9999 -9999 -9999 -9999 -9999 602.7224 602.707 602.6916 602.6763 602.6611 602.6465 602.6349 602.6234 602.6118 602.6002 602.5872 602.5742 602.5613 602.5483 602.5353 602.5224 602.5094 602.4962 602.4811 602.4671 602.4551 602.4431 602.431 602.419 602.407 602.395 602.3829 602.376 602.3647 602.3531 602.3414 602.3298 602.3182 602.3065 602.2949 602.2832 602.2716 602.2599 602.2483 602.2366 602.225 602.2185 602.2075 602.1964 602.1853 602.1743 602.1624 602.1502 602.1405 602.1385 602.0934 601.9978 601.8841 601.7725 601.6609 601.561 601.4965 601.4318 601.3661
-9999 -9999 -9999 -9999 -9999 602.7335 602.7179 602.7026 602.6873 602.6721 602.6574 602.6458 602.6342 602.6227 602.611 602.598 602.5851 602.5721 602.5591 602.5461 602.5332 602.5203 602.5067 602.4916 602.4781 602.4661 602.4541 602.4421 602.4301 602.418 602.406 602.394 602.3879 602.3763 602.3647 602.353 602.3414 602.3297 602.3181 602.3065 602.2948 602.2831 602.2715 602.2599 602.2482 602.239 602.2316 602.2206 602.2095 602.1984 602.1874 602.1754 602.1632 602.1511 602.1389 602.134 602.1298 602.045 601.9334 601.8218 601.7455 601.681 601.6162 601.53
-9999 -9999 -9999 -9999 -9999 602.7444 602.7289 602.7137 602.6983 602.6831 602.6682 602.6567 602.6451 602.6335 602.6218 602.6088 602.5959 602.5829 602.5699 602.557 602.544 602.5311 602.5172 602.5022 602.4892 602.4772 602.4651 602.4531 602.4411 602.4291 602.417 602.4067 602.3995 602.3879 602.3763 602.3646 602.353 602.3413 602.3297 602.3181 602.3064 602.2947 602.2831 602.2715 602.2598 602.2534 602.2448 602.2337 602.2227 602.2115 602.2004 602.1883 602.1761 602.164 602.1519 602.1397 602.13 602.1252 602.0944 601.9945 601.93 601.8655 601.8005 601.6735
-9999 -9999 -9999 -9999 -9999 602.7554 602.7399 602.7247 602.7093 602.6941 602.6791 602.6675 602.6559 602.6444 602.6326 602.6197 602.6067 602.5938 602.5807 602.5678 602.5549 602.5419 602.5278 602.5128 602.5002 602.4882 602.4761 602.4641 602.4521 602.4401 602.428 602.4197 602.4111 602.3995 602.3878 602.3762 602.3646 602.3529 602.3412 602.3297 602.318 602.3063 602.2947 602.2831 602.2723 602.2679 602.2579 602.2468 602.2358 602.2247 602.2134 602.2012 602.1891 602.1769 602.1649 602.1527 602.1406 602.1297 602.1215 602.117 602.1145 602.05 601.9645 601.817
-9999 -9999 -9999 -9999 -9999 602.7664 602.7508 602.7358 602.7203 602.7051 602.6899 602.6783 602.6668 602.6552 602.6434 602.6305 602.6176 602.6046 602.5916 602.5786 602.5657 602.5527 602.5383 602.5233 602.5112 602.4992 602.4872 602.4752 602.4631 602.4511 602.4391 602.433 602.4227 602.4111 602.3994 602.3878 602.3762 602.3645 602.3528 602.3412 602.3296 602.3179 602.3063 602.2947 602.2869 602.2821 602.2711 602.26 602.2489 602.2379 602.2264 602.2142 602.2021 602.1899 602.1778 602.1656 602.1539 602.1443 602.1332 602.1219 602.1138 602.1105 602.108 601.981
-9999 -9999 -9999 -9999 -9999 602.7773 602.7618 602.7468 602.7313 602.7161 602.7008 602.6892 602.6777 602.6661 602.6543 602.6413 602.6284 602.6154 602.6024 602.5895 602.5765 602.5635 602.5488 602.5343 602.5223 602.5103 602.4982 602.4862 602.4742 602.4622 602.4504 602.4459 602.4343 602.4227 602.411 602.3994 602.3878 602.3761 602.3644 602.3528 602.3412 602.3295 602.3179 602.3062 602.3015 602.2953 602.2842 602.2731 602.2621 602.2515 602.2393 602.2272 602.215 602.2029 602.1907 602.1786 602.1697 602.159 602.1478 602.1366 602.1254 602.1142 602.106 602.104
-9999 -9999 -9999 -9999 -9999 -9999 602.7728 602.7578 602.7422 602.7272 602.7117 602.7001 602.6885 602.6769 602.6651 602.6522 602.6392 602.6262 602.6132 602.6003 602.5873 602.5743 602.5594 602.5453 602.5333 602.5213 602.5093 602.4973 602.4852 602.4731 602.4636 602.4575 602.4459 602.4343 602.4226 602.4109 602.3994 602.3877 602.376 602.3644 602.3528 602.3411 602.3295 602.3203 602.3159 602.3084 602.2974 602.2863 602.2752 602.2644 602.2523 602.2402 602.228 602.2159 602.2037 602.1916 602.1849 602.1736 602.1625 602.1512 602.1401 602.1288 602.1177 602.1064
-9999 -9999 -9999 -9999 -9999 -9999 602.7839 602.7687 602.7532 602.7382 602.7227 602.7109 602.6993 602.6878 602.6759 602.663 602.65 602.637 602.6241 602.6111 602.5981 602.585 602.5699 602.5563 602.5443 602.5323 602.5203 602.5082 602.4962 602.4842 602.4767 602.4691 602.4575 602.4459 602.4342 602.4225 602.4109 602.3993 602.3876 602.376 602.3643 602.3527 602.3411 602.3348 602.3304 602.3215 602.3105 602.2994 602.2883 602.2774 602.2653 602.2531 602.241 602.2288 602.2167 602.2056 602.1995 602.1883 602.1771 602.1659 602.1547 602.1435 602.1323 602.1211
-9999 -9999 -9999 -9999 -9999 -9999 602.795 602.7797 602.7642 602.7491 602.7336 602.7218 602.7102 602.6987 602.6868 602.6738 602.6608 602.6479 602.6349 602.6219 602.6089 602.5955 602.5804 602.5674 602.5554 602.5433 602.5313 602.5193 602.5073 602.4952 602.4899 602.4807 602.4691 602.4575 602.4458 602.4341 602.4225 602.4109 602.3992 602.3876 602.3759 602.3643 602.3536 602.3494 602.345 602.3347 602.3236 602.3126 602.3021 602.2903 602.2782 602.2661 602.2539 602.2418 602.2297 602.2214 602.2142 602.2029 602.1918 602.1805 602.1694 602.1581 602.147 602.1357
-9999 -9999 -9999 -9999 -9999 -9999 602.8061 602.7907 602.7751 602.7602 602.7447 602.7327 602.7211 602.7095 602.6976 602.6846 602.6716 602.6587 602.6457 602.6328 602.6198 602.606 602.591 602.5784 602.5664 602.5544 602.5424 602.5303 602.5183 602.5074 602.503 602.4923 602.4807 602.469 602.4574 602.4457 602.4341 602.4224 602.4108 602.3992 602.3875 602.3759 602.3682 602.3638 602.3589 602.3478 602.3367 602.3257 602.3155 602.3033 602.2912 602.2791 602.2669 602.2548 602.2426 602.2372 602.2288 602.2176 602.2064 602.1952 602.184 602.1728 602.1616 602.1504
-9999 -9999 -9999 -9999 -9999 -9999 602.8172 602.8017 602.7861 602.7712 602.7557 602.7435 602.7319 602.7203 602.7084 602.6954 602.6825 602.6695 602.6566 602.6436 602.6306 602.6166 602.6016 602.5895 602.5775 602.5654 602.5533 602.5413 602.5293 602.5204 602.5155 602.5039 602.4922 602.4806 602.469 602.4573 602.4457 602.434 602.4224 602.4108 602.3991 602.3875 602.3828 602.3784 602.372 602.361 602.3499 602.3388 602.3284 602.3163 602.3041 602.292 602.2798 602.2677 602.2573 602.253 602.2435 602.2322 602.2211 602.2098 602.1987 602.1874 602.1763 602.165
-9999 -9999 -9999 -9999 -9999 -9999 602.8281 602.8126 602.7972 602.7821 602.7667 602.7543 602.7428 602.7312 602.7192 602.7062 602.6933 602.6804 602.6674 602.6544 602.6414 602.6271 602.6125 602.6005 602.5884 602.5764 602.5644 602.5524 602.5403 602.5336 602.5271 602.5155 602.5038 602.4922 602.4805 602.4689 602.4573 602.4456 602.434 602.4224 602.4107 602.4017 602.3973 602.3929 602.3852 602.3741 602.363 602.352 602.3414 602.3292 602.3171 602.305 602.2928 602.2807 602.2731 602.2688 602.2581 602.2469 602.2357 602.2245 602.2133 602.2021 602.1909 602.1797
-9999 -9999 -9999 -9999 -9999 -9999 602.8391 602.8236 602.8082 602.7931 602.7777 602.7652 602.7536 602.7421 602.73 602.7171 602.7041 602.6912 602.6782 602.6652 602.6523 602.6376 602.6235 602.6115 602.5995 602.5875 602.5754 602.5634 602.5514 602.5468 602.5387 602.527 602.5154 602.5038 602.4921 602.4805 602.4689 602.4572 602.4456 602.434 602.4223 602.4161 602.4119 602.4075 602.3983 602.3873 602.3762 602.3663 602.3544 602.3422 602.3301 602.3179 602.3058 602.2936 602.2889 602.2839 602.2728 602.2615 602.2504 602.2391 602.228 602.2167 602.2056 602.1957
-9999 -9999 -9999 -9999 -9999 -9999 602.85 602.8346 602.8193 602.8041 602.7887 602.7761 602.7645 602.7529 602.7408 602.7279 602.715 602.702 602.689 602.676 602.6631 602.6482 602.6346 602.6226 602.6105 602.5985 602.5865 602.5745 602.5643 602.56 602.5503 602.5386 602.527 602.5154 602.5037 602.4921 602.4805 602.4688 602.4572 602.4455 602.435 602.4308 602.4263 602.4221 602.4114 602.4004 602.3893 602.3795 602.3673 602.3552 602.343 602.3309 602.3187 602.309 602.3047 602.2986 602.2874 602.2762 602.265 602.2538 602.2426 602.2314 602.2202 602.2125
-9999 -9999 -9999 -9999 -9999 -9999 602.861 602.8455 602.8304 602.8151 602.7997 602.7869 602.7753 602.7637 602.7517 602.7387 602.7258 602.7128 602.6998 602.6869 602.6738 602.6588 602.6456 602.6336 602.6215 602.6095 602.5975 602.5854 602.5773 602.573 602.5619 602.5502 602.5386 602.527 602.5153 602.5037 602.492 602.4804 602.4688 602.4571 602.4496 602.4452 602.4409 602.4357 602.4246 602.4135 602.4025 602.3925 602.3803 602.3682 602.356 602.3439 602.3317 602.3248 602.3205 602.3132 602.3021 602.2908 602.2797 602.2684 602.2573 602.246 602.2349 602.2291
-9999 -9999 -9999 -9999 -9999 -9999 -9999 602.8565 602.8414 602.826 602.8107 602.7977 602.7862 602.7746 602.7625 602.7496 602.7366 602.7236 602.7106 602.6977 602.6843 602.6693 602.6566 602.6446 602.6326 602.6205 602.6085 602.5965 602.5905 602.5851 602.5735 602.5618 602.5502 602.5386 602.5269 602.5153 602.5036 602.492 602.4803 602.4687 602.4641 602.4598 602.4554 602.4488 602.4377 602.4266 602.4156 602.4054 602.3932 602.3811 602.369 602.3568 602.345 602.3407 602.3363 602.3279 602.3167 602.3055 602.2943 602.2831 602.2719 602.2607 602.2502 602.246
-9999 -9999 -9999 -9999 -9999 -9999 -9999 602.8676 602.8525 602.837 602.8217 602.8086 602.7971 602.7855 602.7733 602.7604 602.7474 602.7344 602.7215 602.7085 602.6949 602.6798 602.6677 602.6556 602.6436 602.6316 602.6196 602.608 602.6037 602.5967 602.5851 602.5734 602.5618 602.5501 602.5385 602.5269 602.5152 602.5035 602.4919 602.483 602.4787 602.4742 602.4699 602.4619 602.4509 602.4398 602.4305 602.4183 602.4062 602.394 602.382 602.3698 602.3608 602.3564 602.3522 602.3425 602.3314 602.3201 602.309 602.2977 602.2866 602.2753 602.267 602.2626
-9999 -9999 -9999 -9999 -9999 -9999 -9999 602.8787 602.8635 602.848 602.8328 602.8195 602.8079 602.7963 602.7842 602.7712 602.7582 602.7453 602.7323 602.7194 602.7054 602.6907 602.6787 602.6667 602.6547 602.6426 602.6306 602.6213 602.6169 602.6083 602.5967 602.585 602.5734 602.5617 602.5501 602.5385 602.5268 602.5151 602.5035 602.4975 602.4931 602.4888 602.4845 602.4751 602.464 602.4529 602.4435 602.4313 602.4192 602.407 602.3949 602.3828 602.3766 602.3723 602.3679 602.3572 602.346 602.3348 602.3236 602.3124 602.3012 602.29 602.2838 602.2795
-9999 -9999 -9999 -9999 -9999 -9999 -9999 602.8898 602.8745 602.859 602.8438 602.8303 602.8187 602.8072 602.795 602.782 602.769 602.7561 602.7432 602.7302 602.7159 602.7017 602.6897 602.6777 602.6656 602.6536 602.6416 602.6343 602.63 602.6199 602.6082 602.5966 602.585 602.5733 602.5616 602.55 602.5384 602.5267 602.5164 602.512 602.5078 602.5034 602.4991 602.4882 602.4771 602.4661 602.4564 602.4443 602.4321 602.42 602.4078 602.3967 602.3923 602.3881 602.3831 602.3718 602.3607 602.3494 602.3383 602.327 602.3159 602.3048 602.3005 602.2963
-9999 -9999 -9999 -9999 -9999 -9999 -9999 602.9008 602.8854 602.87 602.8548 602.8412 602.8296 602.8181 602.8058 602.7928 602.7799 602.7669 602.754 602.741 602.7265 602.7128 602.7007 602.6887 602.6767 602.6647 602.6526 602.6473 602.643 602.6315 602.6198 602.6082 602.5966 602.5849 602.5732 602.5616 602.55 602.5383 602.531 602.5267 602.5223 602.5179 602.5124 602.5013 602.4903 602.4797 602.4694 602.4573 602.4451 602.433 602.4208 602.4125 602.4083 602.4037 602.3977 602.3865 602.3753 602.3641 602.3529 602.3417 602.3305 602.3217 602.3173 602.3124
