samples/sfe_4523/sfe_4523_v0/sfe_4523_v0/sfe_4523_v0.asc
ncols         234
nrows         189
xllcorner     97.39999999851
yllcorner     75.199999999255
cellsize      0.2
NODATA_value  -9999
[rows 56 to 83 of 189, columns 64 to 127 of 234]
602.412 602.4152 602.4183 602.4214 602.4246 602.4277 602.4308 602.43 602.4257 602.4263 602.4279 602.4296 602.4313 602.4329 602.4297 602.4254 602.424 602.4251 602.4263 602.4274 602.4285 602.4297 602.4291 602.4267 602.4246 602.4224 602.4225 602.4191 602.4185 602.4178 602.4171 602.4165 602.4138 602.4094 602.4061 602.4047 602.4034 602.402 602.3984 602.3957 602.3929 602.3902 602.3871 602.3826 602.3786 602.3745 602.3703 602.3661 602.3621 602.3579 602.3538 602.3497 602.3436 602.3388 602.334 602.3265 602.3195 602.3124 602.3054 602.2984 602.2914 602.2844 602.2773 602.2714
602.402 602.4052 602.4083 602.4114 602.4146 602.4177 602.4208 602.4181 602.4147 602.4163 602.418 602.4196 602.4213 602.4226 602.4182 602.4138 602.4144 602.4155 602.4166 602.4178 602.4189 602.42 602.4183 602.4165 602.4137 602.4127 602.4119 602.4094 602.4087 602.408 602.4073 602.4067 602.4034 602.399 602.3964 602.395 602.3937 602.3917 602.3885 602.3857 602.3831 602.3803 602.377 602.3726 602.3685 602.3644 602.3602 602.3561 602.352 602.3478 602.3437 602.3396 602.3335 602.3287 602.3239 602.3163 602.3093 602.3023 602.2953 602.2883 602.2813 602.2742 602.2672 602.2608
602.392 602.3951 602.3983 602.4014 602.4045 602.4077 602.4104 602.4059 602.4047 602.4064 602.408 602.4097 602.4113 602.4109 602.4067 602.4036 602.4047 602.4059 602.407 602.4081 602.4093 602.4105 602.4078 602.4064 602.403 602.4031 602.4011 602.3995 602.3989 602.3983 602.3976 602.3969 602.3931 602.3887 602.3867 602.3853 602.384 602.3814 602.3786 602.3759 602.3731 602.3704 602.367 602.3626 602.3585 602.3543 602.3502 602.3461 602.3419 602.3378 602.3337 602.3295 602.3234 602.3186 602.3137 602.3062 602.2992 602.2922 602.2852 602.2781 602.2711 602.2641 602.2571 602.2502
602.382 602.3851 602.3882 602.3914 602.3945 602.3976 602.3983 602.394 602.3947 602.3964 602.3981 602.3997 602.4014 602.3996 602.3953 602.394 602.3951 602.3962 602.3974 602.3985 602.3997 602.4007 602.3976 602.3962 602.3931 602.3934 602.3904 602.3898 602.3891 602.3884 602.3878 602.3868 602.3828 602.3784 602.377 602.3756 602.3743 602.3714 602.3687 602.3659 602.3632 602.3605 602.3569 602.3525 602.3484 602.3442 602.3401 602.336 602.3318 602.3277 602.3236 602.3195 602.3134 602.3085 602.3036 602.2961 602.2891 602.282 602.275 602.268 602.261 602.254 602.2469 602.2399
602.3719 602.3751 602.3782 602.3813 602.3845 602.3876 602.3864 602.3831 602.3848 602.3864 602.3881 602.3897 602.3914 602.3882 602.3837 602.3843 602.3855 602.3866 602.3878 602.3889 602.39 602.3899 602.3875 602.3857 602.3835 602.3838 602.3807 602.38 602.3793 602.3787 602.378 602.3765 602.3723 602.3685 602.3672 602.3659 602.3646 602.3615 602.3588 602.356 602.3533 602.3505 602.3469 602.3425 602.3383 602.3342 602.3301 602.3259 602.3218 602.3177 602.3135 602.3094 602.3033 602.2984 602.2935 602.2859 602.2789 602.2719 602.2649 602.2579 602.2509 602.2438 602.2368 602.2298
602.3619 602.365 602.3682 602.3713 602.3745 602.3776 602.3743 602.3732 602.3748 602.3765 602.3781 602.3798 602.381 602.3765 602.3735 602.3747 602.3759 602.377 602.3781 602.3793 602.3804 602.3791 602.3774 602.3748 602.3738 602.3734 602.3708 602.3702 602.3696 602.3689 602.3682 602.3661 602.3618 602.3588 602.3575 602.3562 602.3549 602.3516 602.3488 602.3461 602.3433 602.3406 602.3367 602.3324 602.3282 602.3242 602.32 602.3159 602.3118 602.3076 602.3035 602.2993 602.2933 602.2883 602.2833 602.2758 602.2688 602.2618 602.2547 602.2477 602.2407 602.2336 602.2266 602.2196
602.3519 602.355 602.3582 602.3613 602.3644 602.3666 602.3623 602.3632 602.3649 602.3665 602.3682 602.3698 602.3694 602.3652 602.364 602.3651 602.3662 602.3674 602.3685 602.3696 602.3708 602.3687 602.3672 602.3641 602.3641 602.3627 602.3611 602.3604 602.3597 602.3591 602.3585 602.3558 602.3515 602.3491 602.3478 602.3465 602.3451 602.3416 602.3389 602.3362 602.3334 602.3307 602.3265 602.3223 602.3182 602.3141 602.3099 602.3058 602.3017 602.2975 602.2934 602.2892 602.2832 602.2782 602.2731 602.2656 602.2586 602.2516 602.2446 602.2375 602.2305 602.2235 602.2165 602.2095
602.3418 602.345 602.3481 602.3513 602.3544 602.3546 602.3516 602.3532 602.3549 602.3565 602.3582 602.3598 602.358 602.3536 602.3543 602.3555 602.3566 602.3577 602.3589 602.36 602.3611 602.3585 602.3571 602.3542 602.3545 602.352 602.3513 602.3506 602.35 602.3493 602.3486 602.3455 602.3412 602.3394 602.3381 602.3368 602.3348 602.3317 602.329 602.3262 602.3235 602.3207 602.3163 602.3123 602.3082 602.304 602.2999 602.2958 602.2916 602.2875 602.2833 602.2792 602.2731 602.2681 602.263 602.2555 602.2485 602.2415 602.2344 602.2274 602.2204 602.2134 602.2064 602.1993
602.3318 602.335 602.3381 602.3412 602.3444 602.3426 602.3416 602.3433 602.3449 602.3466 602.3482 602.3499 602.3465 602.3436 602.3447 602.3458 602.347 602.3481 602.3492 602.3504 602.3507 602.3483 602.3469 602.3445 602.3448 602.3422 602.3415 602.3409 602.3402 602.3395 602.3389 602.3352 602.3311 602.3297 602.3284 602.3271 602.3245 602.3218 602.319 602.3163 602.3136 602.3107 602.3063 602.3022 602.2981 602.2939 602.2898 602.2857 602.2816 602.2774 602.2733 602.2692 602.2631 602.258 602.2529 602.2454 602.2383 602.2313 602.2243 602.2173 602.2103 602.2032 602.1962 602.1892
602.3218 602.3249 602.3281 602.3312 602.3344 602.3306 602.3316 602.3333 602.335 602.3366 602.3383 602.3394 602.335 602.3339 602.335 602.3362 602.3373 602.3385 602.3396 602.3408 602.3399 602.3382 602.3359 602.3349 602.335 602.3324 602.3317 602.3311 602.3304 602.3298 602.3289 602.3247 602.3214 602.32 602.3187 602.3174 602.3146 602.3119 602.3091 602.3064 602.3036 602.3006 602.2963 602.2922 602.288 602.2839 602.2798 602.2756 602.2715 602.2673 602.2632 602.2591 602.2531 602.2479 602.2427 602.2352 602.2282 602.2212 602.2142 602.2072 602.2001 602.1931 602.1861 602.1791
602.3118 602.3149 602.3181 602.3212 602.3229 602.32 602.3217 602.3233 602.325 602.3266 602.3282 602.3279 602.3235 602.3243 602.3254 602.3265 602.3277 602.3289 602.33 602.3311 602.3295 602.328 602.3252 602.3253 602.3243 602.3226 602.322 602.3213 602.3206 602.3199 602.3185 602.3143 602.3116 602.3103 602.309 602.3077 602.3047 602.3019 602.2992 602.2965 602.2938 602.2906 602.2863 602.2821 602.278 602.2739 602.2697 602.2656 602.2614 602.2573 602.2532 602.249 602.243 602.2378 602.2326 602.2251 602.2181 602.2111 602.204 602.197 602.19 602.183 602.176 602.1689
602.3017 602.3049 602.308 602.3112 602.311 602.3101 602.3117 602.3134 602.315 602.3167 602.3183 602.3165 602.3135 602.3146 602.3158 602.317 602.3181 602.3192 602.3204 602.3215 602.3193 602.3179 602.3152 602.3156 602.3135 602.3128 602.3122 602.3115 602.3109 602.3102 602.3082 602.304 602.3019 602.3006 602.2993 602.298 602.2948 602.2921 602.2893 602.2866 602.2838 602.2805 602.2762 602.272 602.2679 602.2638 602.2596 602.2555 602.2513 602.2473 602.2431 602.239 602.2329 602.2277 602.2225 602.215 602.2079 602.2009 602.1939 602.1868 602.1798 602.1728 602.1658 602.1588
602.2917 602.2949 602.298 602.3011 602.299 602.3 602.3018 602.3034 602.3051 602.3067 602.3083 602.3049 602.3039 602.3051 602.3062 602.3073 602.3085 602.3096 602.3107 602.3115 602.3091 602.3077 602.3056 602.3059 602.3037 602.303 602.3024 602.3017 602.301 602.3004 602.2979 602.2936 602.2922 602.2909 602.2896 602.2881 602.2849 602.2821 602.2794 602.2766 602.2739 602.2704 602.2661 602.262 602.2579 602.2537 602.2496 602.2454 602.2413 602.2372 602.233 602.2289 602.2228 602.2176 602.2123 602.2048 602.1978 602.1907 602.1837 602.1767 602.1697 602.1627 602.1556 602.1486
602.2817 602.2848 602.288 602.2911 602.2885 602.2901 602.2917 602.2934 602.295 602.2967 602.2978 602.2935 602.2943 602.2954 602.2966 602.2977 602.2988 602.3 602.3011 602.3007 602.299 602.2971 602.296 602.2963 602.2939 602.2933 602.2926 602.2919 602.2913 602.2906 602.2876 602.2838 602.2825 602.2812 602.2799 602.2778 602.2749 602.2722 602.2695 602.2667 602.264 602.2603 602.256 602.2519 602.2478 602.2437 602.2395 602.2354 602.2313 602.2271 602.223 602.2189 602.2128 602.2075 602.2021 602.1946 602.1876 602.1806 602.1736 602.1666 602.1595 602.1525 602.1455 602.1385
602.2717 602.2748 602.2779 602.2792 602.2785 602.2802 602.2818 602.2834 602.2851 602.2867 602.2863 602.2835 602.2846 602.2858 602.2869 602.2881 602.2892 602.2903 602.2915 602.2903 602.2888 602.2863 602.2863 602.2859 602.2841 602.2834 602.2828 602.2822 602.2815 602.2808 602.2771 602.2741 602.2728 602.2715 602.2702 602.2678 602.265 602.2623 602.2595 602.2568 602.254 602.2501 602.246 602.2419 602.2377 602.2336 602.2294 602.2253 602.2212 602.217 602.213 602.2088 602.2027 602.1974 602.192 602.1845 602.1775 602.1705 602.1635 602.1564 602.1494 602.1424 602.1354 602.1284
602.2616 602.2648 602.2679 602.2672 602.2686 602.2702 602.2719 602.2735 602.2751 602.2768 602.2748 602.2739 602.275 602.2761 602.2773 602.2784 602.2796 602.2807 602.2819 602.2801 602.2787 602.2764 602.2767 602.2751 602.2744 602.2737 602.273 602.2723 602.2717 602.2709 602.2667 602.2644 602.2631 602.2618 602.2605 602.2578 602.2551 602.2523 602.2496 602.2469 602.2441 602.2401 602.236 602.2318 602.2277 602.2235 602.2194 602.2153 602.2111 602.207 602.2029 602.1987 602.1927 602.1873 602.1819 602.1744 602.1674 602.1603 602.1533 602.1463 602.1393 602.1323 602.1252 602.1182
602.2516 602.2547 602.2579 602.2569 602.2585 602.2602 602.2618 602.2635 602.2651 602.2668 602.2634 602.2642 602.2654 602.2665 602.2676 602.2688 602.27 602.2711 602.2722 602.27 602.2686 602.2667 602.267 602.2653 602.2646 602.2639 602.2632 602.2626 602.2619 602.2606 602.2564 602.2547 602.2534 602.2521 602.2508 602.2479 602.2452 602.2424 602.2397 602.2369 602.2342 602.23 602.2259 602.2217 602.2176 602.2135 602.2094 602.2052 602.201 602.197 602.1928 602.1887 602.1826 602.1772 602.1718 602.1642 602.1572 602.1502 602.1432 602.1362 602.1292 602.1221 602.1151 602.1081
602.2416 602.2447 602.2476 602.2469 602.2486 602.2502 602.2519 602.2535 602.2552 602.2562 602.2535 602.2546 602.2557 602.2569 602.2581 602.2592 602.2603 602.2615 602.2615 602.2598 602.2583 602.257 602.2573 602.2554 602.2548 602.2542 602.2535 602.2528 602.2521 602.2503 602.2463 602.245 602.2437 602.2424 602.241 602.238 602.2352 602.2325 602.2298 602.2271 602.2242 602.22 602.2158 602.2117 602.2075 602.2034 602.1993 602.1951 602.191 602.1869 602.1827 602.1786 602.1725 602.1671 602.1616 602.1541 602.1471 602.1401 602.1331 602.126 602.119 602.1119 602.1049 602.0979
602.2315 602.2347 602.2355 602.237 602.2386 602.2403 602.2419 602.2436 602.2452 602.2448 602.2438 602.245 602.2462 602.2473 602.2484 602.2496 602.2507 602.2518 602.2511 602.2496 602.2474 602.2474 602.2474 602.2457 602.245 602.2443 602.2437 602.243 602.2424 602.2399 602.2366 602.2353 602.234 602.2327 602.2312 602.228 602.2253 602.2226 602.2198 602.2171 602.2142 602.2099 602.2057 602.2016 602.1975 602.1934 602.1892 602.1851 602.181 602.1768 602.1727 602.1685 602.1625 602.157 602.1514 602.1439 602.1369 602.1299 602.1229 602.1158 602.1088 602.1018 602.0948 602.0878
602.2215 602.2247 602.2253 602.227 602.2286 602.2303 602.2319 602.2336 602.2352 602.2333 602.2342 602.2354 602.2365 602.2377 602.2388 602.2399 602.2411 602.2422 602.2409 602.2395 602.2374 602.2377 602.2368 602.2359 602.2352 602.2346 602.2339 602.2332 602.2325 602.2295 602.2269 602.2256 602.2243 602.223 602.2209 602.2181 602.2154 602.2126 602.2099 602.2072 602.2041 602.1998 602.1957 602.1915 602.1874 602.1833 602.1791 602.175 602.1709 602.1667 602.1626 602.1585 602.1524 602.1469 602.1413 602.1338 602.1268 602.1198 602.1127 602.1057 602.0987 602.0917 602.0847 602.0776
602.2115 602.2146 602.2154 602.217 602.2187 602.2203 602.222 602.2236 602.2253 602.2234 602.2246 602.2257 602.2269 602.228 602.2292 602.2303 602.2314 602.2326 602.2308 602.2294 602.2278 602.2281 602.2267 602.2261 602.2254 602.2248 602.2241 602.2234 602.2228 602.2191 602.2172 602.2159 602.2146 602.2133 602.2109 602.2082 602.2055 602.2028 602.2 602.1973 602.194 602.1898 602.1856 602.1815 602.1774 602.1732 602.1691 602.165 602.1608 602.1567 602.1525 602.1484 602.1423 602.1368 602.1312 602.1237 602.1166 602.1096 602.1026 602.0956 602.0886 602.0815 602.0745 602.0675
602.2015 602.2039 602.2054 602.2071 602.2087 602.2104 602.212 602.2137 602.2147 602.2138 602.215 602.2161 602.2172 602.2184 602.2195 602.2206 602.2218 602.2224 602.2206 602.2192 602.2181 602.2184 602.217 602.2163 602.2156 602.215 602.2143 602.2137 602.213 602.2088 602.2075 602.2062 602.2049 602.2036 602.201 602.1983 602.1956 602.1928 602.1901 602.1873 602.1839 602.1797 602.1756 602.1714 602.1673 602.1631 602.1591 602.1549 602.1508 602.1466 602.1425 602.1384 602.1323 602.1266 602.121 602.1135 602.1065 602.0995 602.0925 602.0854 602.0784 602.0714 602.0644 602.0574
602.1914 602.1938 602.1954 602.1971 602.1987 602.2004 602.202 602.2037 602.2032 602.2042 602.2053 602.2065 602.2076 602.2087 602.2099 602.2111 602.2122 602.2119 602.2104 602.2086 602.2084 602.2088 602.2072 602.2065 602.2059 602.2052 602.2045 602.2039 602.2026 602.1991 602.1978 602.1965 602.1952 602.1938 602.1911 602.1884 602.1856 602.1829 602.1802 602.1774 602.1738 602.1696 602.1655 602.1614 602.1572 602.1531 602.149 602.1448 602.1407 602.1366 602.1324 602.1283 602.1223 602.1166 602.1109 602.1034 602.0964 602.0894 602.0823 602.0753 602.0683 602.0613 602.0543 602.0472
602.1855 602.1835 602.1855 602.1871 602.1888 602.1904 602.1921 602.1937 602.1934 602.1946 602.1957 602.1968 602.198 602.1992 602.2003 602.2014 602.2026 602.2017 602.2003 602.1985 602.1988 602.1984 602.1974 602.1967 602.1961 602.1954 602.1948 602.1941 602.1923 602.1894 602.1881 602.1868 602.1855 602.1841 602.1812 602.1785 602.1757 602.173 602.1702 602.1675 602.1637 602.1596 602.1555 602.1513 602.1472 602.1431 602.1389 602.1348 602.1306 602.1265 602.1224 602.1182 602.1122 602.1064 602.1008 602.0933 602.0862 602.0792 602.0722 602.0652 602.0582 602.0511 602.0441 602.037
601.983 602.0462 602.177 602.1772 602.1788 602.1805 602.1821 602.1838 602.1838 602.1849 602.1861 602.1872 602.1884 602.1895 602.1907 602.1918 602.1929 602.1916 602.1902 602.1888 602.1891 602.1883 602.1876 602.187 602.1863 602.1856 602.1849 602.1843 602.1819 602.1797 602.1784 602.1771 602.1757 602.1742 602.1713 602.1685 602.1658 602.1631 602.1603 602.1576 602.1536 602.1495 602.1454 602.1412 602.1371 602.133 602.1288 602.1247 602.1206 602.1165 602.1123 602.1082 602.1021 602.0964 602.0906 602.0831 602.076 602.069 602.062 602.055 602.048 602.041 602.0339 602.0269
601.7806 601.8889 602.0309 602.173 602.17 602.1705 602.1721 602.1731 602.1742 602.1753 602.1765 602.1776 602.1787 602.1799 602.181 602.1822 602.1832 602.1815 602.18 602.1792 602.1795 602.1785 602.1779 602.1772 602.1765 602.1758 602.1752 602.1745 602.1716 602.17 602.1687 602.1674 602.166 602.1641 602.1613 602.1586 602.1559 602.1531 602.1504 602.1476 602.1436 602.1395 602.1353 602.1312 602.1271 602.1229 602.1188 602.1146 602.1105 602.1064 602.1022 602.0981 602.092 602.0862 602.0804 602.0729 602.0659 602.0589 602.0519 602.0449 602.0378 602.0308 602.0238 602.0168
601.6006 601.7427 601.8848 602.0267 602.1224 602.1645 602.1622 602.1634 602.1646 602.1657 602.1668 602.168 602.1691 602.1702 602.1714 602.1725 602.1727 602.1713 602.1697 602.1696 602.1699 602.1687 602.168 602.1674 602.1667 602.1661 602.1654 602.1647 602.1616 602.1603 602.159 602.1577 602.1563 602.1542 602.1514 602.1487 602.1459 602.1432 602.1405 602.1378 602.1335 602.1294 602.1252 602.1212 602.117 602.1129 602.1087 602.1046 602.1005 602.0963 602.0922 602.0881 602.082 602.0762 602.0703 602.0628 602.0558 602.0488 602.0417 602.0347 602.0277 602.0207 602.0137 602.0067
601.4546 601.5967 601.7382 601.8489 601.9371 602.0288 602.1181 602.156 602.1549 602.1561 602.1572 602.1583 602.1595 602.1606 602.1617 602.1629 602.1625 602.1611 602.1595 602.1599 602.16 602.1589 602.1583 602.1576 602.1569 602.1563 602.1556 602.155 602.1519 602.1506 602.1493 602.1479 602.1466 602.1442 602.1415 602.1388 602.136 602.1333 602.1306 602.1277 602.1235 602.1193 602.1152 602.1111 602.1069 602.1028 602.0987 602.0945 602.0904 602.0862 602.0822 602.078 602.0719 602.066 602.0602 602.0527 602.0457 602.0386 602.0316 602.0246 602.0176 602.0106 602.0035 601.9965
