samples/sfe_4523/sfe_4523_v0/sfe_4523_v0/sfe_4523_v0.asc
ncols         234
nrows         189
xllcorner     97.39999999851
yllcorner     75.199999999255
cellsize      0.2
NODATA_value  -9999
[rows 84 to 111 of 189, columns 128 to 191 of 234]
601.9794 601.9724 601.9653 601.9583 601.9492 601.9401 601.9309 601.9218 601.9127 601.9064 601.8976 601.8884 601.8792 601.87 601.8608 601.8517 601.8425 601.8333 601.8242 601.8156 601.8073 601.7972 601.7872 601.7771 601.767 601.757 601.7469 601.7369 601.7269 601.7151 601.7032 601.6914 601.6796 601.6747 601.6708 601.5737 601.4456 601.3248 601.2213 601.0735 600.981 600.9107 600.8222 600.7226 600.6228 600.4907 600.3668 600.2047 600.0427 599.882 599.7945 599.7485 599.7025 599.56 599.4165 599.3685 599.3475 599.3265 599.3085 599.289 599.2555 599.2555 599.227 599.2035
601.9692 601.9622 601.9551 601.9484 601.9393 601.9302 601.921 601.9119 601.9028 601.8955 601.8874 601.8782 601.869 601.8599 601.8506 601.8415 601.8323 601.8231 601.814 601.8047 601.7969 601.7869 601.7768 601.7668 601.7567 601.7466 601.7366 601.7266 601.7165 601.7051 601.6932 601.6837 601.6805 601.6257 601.5182 601.3901 601.262 601.1339 601.0564 600.9307 600.783 600.7126 600.6314 600.532 600.4323 600.3325 600.2112 600.0493 599.8872 599.8412 599.7527 599.707 599.5645 599.3975 599.376 599.331 599.313 599.298 599.28 599.266 599.2375 599.2234 599.221 599.1995
601.959 601.952 601.945 601.938 601.9294 601.9203 601.9111 601.902 601.8929 601.8847 601.8772 601.868 601.8588 601.8497 601.8405 601.8313 601.8221 601.8129 601.8038 601.7946 601.7866 601.7765 601.7665 601.7564 601.7463 601.7363 601.7263 601.7162 601.7062 601.6951 601.6895 601.685 601.5289 601.4232 601.3176 601.2065 601.0784 600.9503 600.8583 600.788 600.6403 600.5146 600.4406 600.3412 600.2417 600.1419 600.0421 599.8937 599.8757 599.8157 599.7557 599.5685 599.401 599.3795 599.355 599.3335 599.3 599.282 599.2545 599.244 599.231 599.2195 599.2045 599.202
601.9489 601.9419 601.9349 601.9279 601.9195 601.9104 601.9012 601.8922 601.883 601.8739 601.867 601.8578 601.8486 601.8395 601.8303 601.8211 601.812 601.8027 601.7936 601.7844 601.7762 601.7662 601.7561 601.7461 601.736 601.726 601.7159 601.7059 601.698 601.6935 601.611 601.5128 601.3366 601.2208 601.1152 601.0097 600.8948 600.7667 600.6603 600.59 600.4975 600.3497 600.2462 600.1505 600.0511 599.9514 599.899 599.8532 599.8353 599.7755 599.7155 599.5475 599.383 599.3365 599.303 599.2845 599.272 599.257 599.2465 599.2235 599.2155 599.207 599.201 599.1906
601.9388 601.9318 601.9247 601.9177 601.9096 601.9005 601.8914 601.8823 601.8731 601.864 601.8568 601.8477 601.8384 601.8293 601.8201 601.8109 601.8018 601.7925 601.7834 601.7742 601.7657 601.7558 601.7458 601.7357 601.7257 601.7156 601.709 601.7045 601.5414 601.4589 601.3763 601.2938 601.1644 601.0184 600.9127 600.8073 600.7018 600.5831 600.4623 600.3919 600.3216 600.207 600.0593 599.9597 599.908 599.8866 599.8155 599.7697 599.7657 599.72 599.5515 599.4085 599.3435 599.3055 599.3055 599.272 599.249 599.2365 599.23 599.2145 599.2145 599.2005 599.198 599.1963
601.9286 601.9216 601.9146 601.9076 601.8997 601.8906 601.8815 601.8724 601.8632 601.8541 601.8466 601.8375 601.8282 601.8191 601.8099 601.8007 601.7916 601.7824 601.7732 601.764 601.7549 601.7455 601.7354 601.7254 601.7188 601.7155 601.711 601.5343 601.3551 601.2242 601.1417 601.0591 600.9766 600.816 600.7103 600.6048 600.4993 600.3939 600.2714 600.1939 600.1235 600.0532 599.9165 599.8842 599.8662 599.82 599.7822 599.728 599.5825 599.436 599.3895 599.347 599.347 599.2905 599.261 599.248 599.2375 599.2205 599.2165 599.21 599.203 599.2005 599.1998 599.1988
601.9185 601.9115 601.9045 601.8975 601.8898 601.8807 601.8716 601.8625 601.8533 601.8442 601.8364 601.8273 601.8181 601.8089 601.7997 601.7905 601.7814 601.7722 601.763 601.7538 601.7447 601.7351 601.7285 601.724 601.6464 601.557 601.4952 601.2755 601.1849 601.0057 600.907 600.8245 600.7419 600.6438 600.5079 600.4023 600.2969 600.1914 600.0859 599.9958 599.9255 599.921 599.875 599.8285 599.7967 599.7787 599.7325 599.586 599.4445 599.3895 599.3485 599.328 599.2935 599.28 599.253 599.229 599.2215 599.217 599.21 599.2045 599.2044 599.2025 599.2028 599.2055
601.9083 601.9013 601.8943 601.8873 601.8799 601.8708 601.8617 601.8525 601.8434 601.8343 601.8262 601.8171 601.8079 601.7987 601.7896 601.7804 601.7712 601.762 601.7528 601.7437 601.739 601.6604 601.57 601.5051 601.3547 601.241 601.2202 601.0598 600.9261 600.8354 600.6724 600.5898 600.5073 600.4247 600.3054 600.1999 600.0944 599.989 599.934 599.9293 599.8832 599.8708 599.833 599.787 599.741 599.6205 599.588 599.4415 599.3915 599.352 599.311 599.311 599.2665 599.253 599.232 599.219 599.2115 599.207 599.205 599.2047 599.204 599.2045 599.205 599.2105
601.8982 601.8912 601.8842 601.8771 601.8701 601.8609 601.8518 601.8427 601.8336 601.8244 601.8153 601.8069 601.7977 601.7885 601.7794 601.7702 601.761 601.753 601.7495 601.745 601.5212 601.3691 601.254 601.2134 601.0631 600.925 600.9154 600.844 600.6673 600.5767 600.4861 600.3552 600.2726 600.1901 600.1075 599.9974 599.9427 599.938 599.9337 599.8889 599.844 599.7958 599.7664 599.7475 599.59 599.445 599.3905 599.374 599.349 599.314 599.284 599.284 599.2455 599.238 599.2275 599.2141 599.207 599.207 599.2046 599.2049 599.209 599.21 599.216 599.2184
601.8881 601.881 601.874 601.867 601.86 601.851 601.8419 601.8328 601.8237 601.8145 601.8054 601.7967 601.7875 601.7783 601.7692 601.7635 601.7605 601.6921 601.5917 601.5074 601.2657 601.0778 600.938 600.9218 600.7715 600.6212 600.605 600.5392 600.4084 600.3179 600.2273 600.1367 600.038 599.9555 599.951 599.9331 599.9155 599.911 599.8932 599.8485 599.8036 599.7565 599.5891 599.559 599.4016 599.385 599.3365 599.3195 599.29 599.28 599.266 599.246 599.239 599.2215 599.2155 599.2155 599.2085 599.2067 599.207 599.2075 599.217 599.2205 599.2295 599.246
601.8779 601.8709 601.8639 601.8569 601.8499 601.8411 601.832 601.8229 601.8138 601.8046 601.7955 601.7865 601.7785 601.7755 601.771 601.7037 601.5723 601.4395 601.3074 601.271 601.0281 600.7865 600.6343 600.618 600.4799 600.3296 600.289 600.2344 600.1631 600.0591 599.9685 599.964 599.9182 599.9279 599.9092 599.8774 599.8615 599.857 599.8255 599.8077 599.763 599.5905 599.3905 599.3665 599.3195 599.3195 599.292 599.267 599.267 599.249 599.2355 599.2355 599.2245 599.2165 599.2125 599.2103 599.2096 599.2085 599.212 599.219 599.2215 599.2365 599.2475 599.2565
601.8678 601.8608 601.8538 601.8467 601.8397 601.8312 601.8221 601.813 601.8039 601.7947 601.7905 601.7865 601.709 601.6174 601.5809 601.4502 601.3193 601.1869 601.0544 600.9553 600.7905 600.5489 600.343 600.302 600.1883 600.038 599.973 599.9297 599.8915 599.8875 599.883 599.8805 599.8486 599.8725 599.87 599.8218 599.8058 599.803 599.7715 599.588 599.5485 599.348 599.348 599.2965 599.26 599.243 599.2465 599.2355 599.224 599.2225 599.2175 599.2135 599.2135 599.2112 599.2106 599.2153 599.2165 599.2215 599.221 599.2325 599.2505 599.2495 599.2574 599.282
601.8577 601.8506 601.8436 601.8366 601.8296 601.8214 601.8123 601.808 601.8035 601.7407 601.6484 601.5709 601.4933 601.3765 601.296 601.1967 601.0659 600.9343 600.8015 600.671 600.5547 600.3113 600.0696 599.986 599.8967 599.819 599.659 599.656 599.653 599.6525 599.6485 599.6479 599.793 599.8168 599.8146 599.7825 599.5865 599.5865 599.5435 599.36 599.334 599.2964 599.247 599.234 599.208 599.1955 599.194 599.1974 599.1995 599.2005 599.199 599.204 599.2052 599.2115 599.216 599.218 599.2275 599.227 599.2415 599.254 599.261 599.2855 599.3015 599.3005
601.8475 601.8405 601.8348 601.8295 601.8255 601.821 601.743 601.6864 601.632 601.5103 601.4222 601.3552 601.2777 601.1609 601.0048 600.9432 600.8125 600.6813 600.5489 600.4181 600.319 600.0742 599.832 599.75 599.664 599.5835 599.5015 599.424 599.4235 599.4255 599.4265 599.429 599.5745 599.577 599.58 599.5865 599.3905 599.3435 599.3025 599.2725 599.2465 599.2205 599.1825 599.1605 599.1535 599.1515 599.15 599.153 599.1625 599.167 599.1841 599.191 599.2037 599.216 599.22 599.229 599.245 599.244 599.2645 599.2905 599.289 599.3015 599.335 599.3335
601.847 601.8425 601.7728 601.7081 601.6829 601.6049 601.5269 601.4496 601.4213 601.28 601.1751 601.1396 601.0621 600.9453 600.7892 600.6583 600.559 600.4279 600.2963 600.1652 600.0347 599.8385 599.6765 599.5135 599.4301 599.4275 599.4255 599.315 599.2835 599.284 599.2915 599.2925 599.3025 599.3125 599.3185 599.284 599.287 599.24 599.2175 599.168 599.168 599.142 599.1255 599.1165 599.113 599.1145 599.1225 599.1255 599.144 599.155 599.1784 599.1905 599.213 599.2315 599.2355 599.2545 599.268 599.2825 599.2935 599.324 599.323 599.3395 599.3565 599.354
601.7201 601.6504 601.5807 601.5108 601.4562 601.3888 601.3107 601.2335 601.1881 601.0496 600.928 600.924 600.8464 600.7297 600.5736 600.4175 600.3055 600.1745 600.0433 599.9122 599.845 599.605 599.443 599.439 599.3206 599.3185 599.28 599.2805 599.215 599.16 599.166 599.174 599.1795 599.194 599.2025 599.176 599.1425 599.15 599.132 599.099 599.0795 599.074 599.074 599.0705 599.0795 599.0795 599.091 599.1139 599.1293 599.1502 599.174 599.205 599.216 599.244 599.266 599.28 599.2965 599.313 599.3475 599.364 599.3625 599.38 599.401 599.457
601.5279 601.4583 601.3885 601.3187 601.2084 601.1727 601.0946 601.0174 600.941 600.8389 600.6976 600.6768 600.6308 600.514 600.358 600.2019 600.0458 599.9211 599.8535 599.696 599.616 599.459 599.2985 599.2985 599.2905 599.2165 599.1505 599.1515 599.1535 599.0515 599.0515 599.06 599.0745 599.087 599.1045 599.052 599.052 599.0385 599.034 599.0265 599.023 599.023 599.031 599.0325 599.0395 599.0595 599.0729 599.1061 599.1235 599.144 599.1885 599.1995 599.2385 599.271 599.2765 599.309 599.3515 599.3515 599.3665 599.4085 599.4075 599.429 599.4515 599.5645
601.3352 601.2662 601.1965 601.1266 601.0394 600.9565 600.8785 600.8013 600.7249 600.6478 600.4673 600.4297 600.4152 600.2984 600.1423 599.9863 599.8632 599.86 599.558 599.4775 599.3965 599.3185 599.3125 599.1655 599.1655 599.0955 599.0375 599.0375 599.0395 599.0435 598.966 598.973 598.9775 598.9895 598.9905 599 598.987 598.9825 598.973 598.9855 598.978 598.983 598.983 599.0035 599.0228 599.043 599.066 599.0975 599.141 599.163 599.188 599.2355 599.254 599.2815 599.3265 599.3475 599.3955 599.4155 599.442 599.436 599.458 599.5695 599.592 599.707
601.1426 601.074 601.0043 600.9344 600.8644 600.7199 600.6624 600.5851 600.5087 600.4427 600.2566 600.1826 600.1786 600.0828 600.0022 599.8698 599.8665 599.647 599.418 599.3415 599.335 599.226 599.1865 599.175 599.0485 599.045 599.0415 598.9415 598.9415 598.946 598.9535 598.923 598.897 598.9115 598.928 598.9085 598.9085 598.912 598.9235 598.929 598.9415 598.9525 598.9692 598.984 599.0204 599.037 599.0795 599.1145 599.129 599.166 599.2255 599.237 599.292 599.3375 599.3705 599.4171 599.4445 599.4685 599.5805 599.6035 599.601 599.7135 599.7527 599.7945
600.9499 600.8817 600.8123 600.7424 600.6723 600.5622 600.4462 600.369 600.2926 600.2162 600.0655 600.0511 600.0272 600.0228 599.9605 599.871 599.6575 599.438 599.3605 599.284 599.2465 599.174 599.1345 599.064 599.007 598.9515 598.948 598.899 598.897 598.8655 598.8705 598.8625 598.8365 598.8465 598.864 598.854 598.854 598.8725 598.884 598.8895 598.9156 598.9281 598.9619 598.9805 599.019 599.0325 599.0835 599.129 599.1415 599.2005 599.26 599.2645 599.327 599.3855 599.442 599.471 599.4985 599.5545 599.724 599.7637 599.7618 599.7742 599.8271 599.882
600.7572 600.689 600.6201 600.5502 600.4802 600.4044 600.2427 600.1529 600.0765 600.072 600.0394 600.0146 599.9882 599.9675 599.9052 599.7335 599.458 599.386 599.279 599.2355 599.1385 599.098 599.09 598.9745 598.968 598.8915 598.867 598.8635 598.833 598.798 598.802 598.812 598.791 598.791 598.8085 598.812 598.812 598.841 598.857 598.8706 598.8999 598.9245 598.9555 599.0045 599.023 599.0485 599.1085 599.161 599.2105 599.242 599.3065 599.3465 599.379 599.4449 599.516 599.588 599.6745 599.728 599.7823 599.8367 599.8483 599.8463 599.8865 600.0367
600.5646 600.4963 600.428 600.3582 600.2881 600.2181 600.085 600.074 600.0599 600.0437 600.0107 599.978 599.9532 599.9174 599.8795 599.611 599.3355 599.2735 599.205 599.132 599.1225 599.0055 598.9975 598.989 598.888 598.8815 598.823 598.7985 598.77 598.759 598.754 598.758 598.77 598.7605 598.7725 598.785 598.7975 598.8113 598.8398 598.8799 598.9135 598.9425 598.9835 598.9975 599.061 599.0895 599.1355 599.204 599.247 599.3235 599.359 599.399 599.472 599.5065 599.6665 599.737 599.7765 599.8155 599.8552 599.895 599.893 599.9576 600.0463 600.2013
600.3719 600.3036 600.2354 600.166 600.0959 600.0915 600.064 600.046 600.028 600.0163 599.9832 599.9497 599.9166 599.884 599.6345 599.44 599.2939 599.175 599.175 599.0435 599.0435 598.9795 598.9285 598.9195 598.8675 598.817 598.8115 598.75 598.75 598.747 598.731 598.726 598.7335 598.7455 598.7455 598.7617 598.7809 598.8199 598.8375 598.87 598.9235 598.9455 598.9865 599.056 599.097 599.168 599.185 599.2655 599.3405 599.348 599.4305 599.509 599.59 599.7455 599.7588 599.7953 599.8497 599.9035 599.9432 600.0303 600.095 600.1597 600.228 600.3611
600.1792 600.111 600.107 600.0939 600.0813 600.073 600.0455 600.018 600 599.9885 599.9562 599.9227 599.8892 599.7005 599.4025 599.285 599.285 599.1475 599.0905 599.0325 598.9695 598.9585 598.886 598.8575 598.8485 598.769 598.769 598.7575 598.716 598.716 598.716 598.71 598.71 598.7222 598.7315 598.7477 598.795 598.812 598.868 598.9045 598.919 598.989 599.0544 599.1115 599.1485 599.238 599.3195 599.3265 599.3725 599.588 599.631 599.674 599.75 599.7984 599.829 599.8596 599.908 600.0358 600.1193 600.207 600.2971 600.3618 600.4265 600.5208
600.0941 600.0901 600.0818 600.0607 600.0479 600.0439 600.027 599.9995 599.972 599.9553 599.9288 599.8958 599.8925 599.6055 599.311 599.2025 599.147 599.1315 599.0205 599.0065 598.91 598.91 598.8875 598.83 598.8015 598.773 598.737 598.731 598.721 598.698 598.698 598.6996 598.7015 598.7109 598.725 598.7605 598.7725 598.8405 598.8775 598.9085 598.987 599.0325 599.121 599.1645 599.258 599.3055 599.3585 599.586 599.5891 599.7585 599.7853 599.7833 599.8025 599.8627 599.8992 599.912 600.0545 600.197 600.2952 600.3787 600.4865 600.5639 600.6286 600.7112
600.0566 600.0483 600.0444 600.0275 600.0145 600.0105 599.9993 599.981 599.9535 599.926 599.901 599.733 599.448 599.336 599.2815 599.1776 599.1275 599.066 599.0205 598.95 598.9115 598.897 598.842 598.8025 598.792 598.7415 598.7415 598.721 598.705 598.701 598.6958 598.6974 598.708 598.7095 598.7335 598.762 598.803 598.834 598.9075 598.9195 599.0045 599.0975 599.1455 599.1955 599.296 599.3935 599.453 599.767 599.7642 599.8037 599.844 599.842 599.8375 599.9035 599.9163 600.0585 600.201 600.3435 600.4713 600.5547 600.6568 600.766 600.8307 600.9062
600.0234 600.0067 600.0026 599.9944 599.9813 599.9771 599.9717 599.9533 599.935 599.9075 599.705 599.4905 599.3805 599.2835 599.2835 599.166 599.075 599.029 598.9725 598.9215 598.9065 598.8785 598.812 598.812 598.7905 598.7685 598.7455 598.7238 598.712 598.7076 598.701 598.7036 598.7155 598.7295 598.7645 598.7715 598.8365 598.873 598.927 598.978 599.0305 599.13 599.237 599.339 599.3985 599.583 599.7715 599.7708 599.8096 599.8485 599.8892 599.9003 599.8958 599.9207 600.0763 600.2319 600.3475 600.49 600.6325 600.7308 600.8271 600.9363 601.0328 601.1011
599.9902 599.9692 599.9609 599.9569 599.9481 599.9437 599.9397 599.9257 599.914 599.7315 599.5291 599.4255 599.3275 599.238 599.15 599.15 599.045 598.9895 598.9385 598.8935 598.8935 598.8635 598.827 598.7971 598.7857 598.7628 598.7454 598.7361 598.7271 598.725 598.7215 598.7295 598.7495 598.7495 598.7805 598.8185 598.861 598.94 598.9895 599.056 599.1045 599.163 599.276 599.383 599.582 599.776 599.776 599.8244 599.855 599.8939 599.934 599.9295 599.9954 600.0807 600.2363 600.3919 600.5095 600.6365 600.779 600.9067 600.9974 601.1066 601.2158 601.2996
