samples/sfe_4523/sfe_4523_v0/sfe_4523_v0/sfe_4523_v0.asc
ncols         234
nrows         189
xllcorner     97.39999999851
yllcorner     75.199999999255
cellsize      0.2
NODATA_value  -9999
[rows 0 to 27 of 189, columns 0 to 63 of 234]
-9999 -9999 -9999 -9999 -9999 -9999 -9999 -9999 -9999 -9999 -9999 -9999 -9999 603.3495 603.3452 603.3405 603.3365 603.3321 603.3275 603.3235 603.3191 603.3146 603.3105 603.3061 603.3016 603.2975 603.293 603.2886 603.2845 603.28 603.2756 603.2716 603.2676 603.2631 603.2586 603.2546 603.25 603.2456 603.2416 603.237 603.2328 603.2288 603.2242 603.2198 603.2158 603.2112 603.2068 603.2028 603.1981 603.1938 603.1898 603.1851 603.1812 603.1772 603.1735 603.1691 603.165 603.1611 603.1564 603.152 603.1481 603.1434 603.1391 603.1351
-9999 -9999 -9999 -9999 -9999 -9999 -9999 -9999 -9999 -9999 -9999 -9999 -9999 603.3306 603.3264 603.3216 603.3176 603.3134 603.3086 603.3046 603.3003 603.2957 603.2917 603.2872 603.2827 603.2787 603.2742 603.2697 603.2657 603.2612 603.2568 603.2527 603.2488 603.2441 603.2397 603.2358 603.231 603.2268 603.2228 603.218 603.2144 603.2104 603.2055 603.2014 603.1974 603.1924 603.1884 603.1844 603.1794 603.1754 603.1713 603.1675 603.1635 603.161 603.1573 603.1531 603.1492 603.1451 603.1401 603.1362 603.1321 603.1272 603.1232 603.1191
-9999 -9999 -9999 -9999 -9999 -9999 -9999 -9999 -9999 -9999 -9999 -9999 -9999 603.272 603.3076 603.3027 603.2986 603.2946 603.2897 603.2857 603.2815 603.2767 603.2728 603.2684 603.2638 603.2598 603.2553 603.2509 603.2468 603.2422 603.2379 603.2339 603.2299 603.2251 603.2209 603.217 603.212 603.208 603.2039 603.2 603.1959 603.1918 603.187 603.183 603.1787 603.174 603.17 603.1656 603.1611 603.1571 603.1525 603.1498 603.1458 603.1461 603.1412 603.1373 603.1332 603.129 603.1243 603.1203 603.1158 603.1113 603.1074 603.1028
-9999 -9999 -9999 -9999 -9999 -9999 -9999 -9999 -9999 -9999 -9999 -9999 603.2806 603.187 603.2886 603.284 603.2797 603.2757 603.2708 603.2668 603.2627 603.2579 603.2538 603.2496 603.2449 603.2409 603.2364 603.232 603.228 603.2233 603.2191 603.215 603.2111 603.2062 603.2021 603.198 603.1932 603.1892 603.1849 603.1815 603.1775 603.1731 603.1686 603.1646 603.16 603.1556 603.1517 603.1469 603.1427 603.1387 603.1348 603.1321 603.1284 603.1299 603.1254 603.1213 603.1174 603.1127 603.1084 603.1044 603.0996 603.0955 603.0915 603.0865
-9999 -9999 -9999 -9999 -9999 -9999 -9999 -9999 -9999 -9999 -9999 -9999 603.1953 603.1404 603.2697 603.2653 603.2608 603.2568 603.2521 603.2479 603.2438 603.239 603.235 603.2307 603.226 603.222 603.2175 603.2131 603.2091 603.2045 603.2003 603.1962 603.1922 603.1873 603.1833 603.179 603.1744 603.1704 603.1658 603.1631 603.1591 603.1544 603.1501 603.1462 603.1412 603.1372 603.1331 603.1284 603.1243 603.1199 603.1185 603.1144 603.1149 603.1138 603.1094 603.1055 603.1014 603.0965 603.0925 603.0883 603.0836 603.0796 603.0752 603.0707
-9999 -9999 -9999 -9999 -9999 -9999 -9999 -9999 -9999 -9999 -9999 -9999 603.1464 603.0938 603.2507 603.2465 603.2418 603.2379 603.2333 603.2289 603.2249 603.2201 603.2161 603.2119 603.2072 603.2032 603.1987 603.1943 603.1902 603.1855 603.1814 603.1774 603.1732 603.1685 603.1645 603.16 603.1556 603.1516 603.1468 603.1447 603.1406 603.1357 603.1317 603.1275 603.1229 603.1188 603.1143 603.1099 603.106 603.1011 603.1008 603.0968 603.1015 603.0976 603.0936 603.0896 603.0853 603.0806 603.0767 603.0721 603.0677 603.0637 603.0589 603.0551
-9999 -9999 -9999 -9999 -9999 -9999 -9999 -9999 -9999 -9999 -9999 -9999 603.0975 603.0471 603.2202 603.2278 603.2229 603.2189 603.2145 603.21 603.2061 603.2013 603.1971 603.1931 603.1883 603.1843 603.1797 603.1754 603.1714 603.1666 603.1625 603.1585 603.1543 603.1497 603.1457 603.141 603.1368 603.1328 603.1295 603.1262 603.1221 603.1173 603.1133 603.1088 603.1044 603.1005 603.0956 603.0916 603.0873 603.0871 603.0831 603.0823 603.0864 603.0817 603.0776 603.0737 603.069 603.0648 603.0608 603.0558 603.0519 603.0476 603.043 603.044
-9999 -9999 -9999 -9999 -9999 -9999 -9999 -9999 -9999 -9999 -9999 -9999 603.0486 603.0005 603.094 603.2088 603.2041 603.2 603.1958 603.1911 603.1871 603.1825 603.1783 603.1742 603.1694 603.1654 603.1609 603.1566 603.1525 603.1478 603.1437 603.1397 603.1353 603.1309 603.1269 603.122 603.118 603.1137 603.1118 603.1078 603.1034 603.0989 603.0949 603.0901 603.0861 603.0818 603.0772 603.0732 603.0685 603.0694 603.0654 603.0688 603.0703 603.0657 603.0618 603.0577 603.0529 603.0489 603.0446 603.04 603.036 603.0313 603.0272 603.0305
-9999 -9999 -9999 -9999 -9999 -9999 -9999 -9999 -9999 -9999 -9999 -9999 602.9996 602.9539 602.9678 603.1899 603.1854 603.181 603.177 603.1722 603.1682 603.1637 603.1594 603.1553 603.1505 603.1465 603.142 603.1377 603.1337 603.1288 603.1249 603.1208 603.1163 603.112 603.108 603.1032 603.0992 603.0947 603.0933 603.0894 603.0847 603.0805 603.0764 603.0717 603.0677 603.063 603.0588 603.0547 603.0541 603.0517 603.0496 603.0554 603.0541 603.0499 603.0459 603.0416 603.037 603.033 603.0283 603.0242 603.02 603.0153 603.0154 603.0156
-9999 -9999 -9999 -9999 -9999 -9999 -9999 -9999 -9999 -9999 -9999 603.2189 602.9507 602.9073 602.8829 603.1709 603.1667 603.1621 603.1581 603.1533 603.1493 603.1449 603.1404 603.1365 603.1317 603.1276 603.1231 603.1188 603.1148 603.11 603.106 603.1021 603.0974 603.0932 603.089 603.0844 603.0804 603.0756 603.0749 603.0709 603.0661 603.0621 603.0576 603.0533 603.0493 603.0445 603.0405 603.0359 603.038 603.0341 603.0362 603.042 603.038 603.0339 603.03 603.0254 603.0211 603.0171 603.0123 603.0083 603.0037 602.9995 603.0044 603.0005
-9999 -9999 -9999 -9999 -9999 -9999 -9999 -9999 -9999 -9999 -9999 603.1197 602.9018 602.859 602.8389 603.1547 603.1479 603.1431 603.1392 603.1345 603.1304 603.1261 603.1216 603.1176 603.1127 603.1088 603.1042 603.1 603.0959 603.0912 603.0872 603.0832 603.0784 603.0744 603.07 603.0656 603.0616 603.0587 603.0565 603.0523 603.0477 603.0437 603.0389 603.0349 603.0305 603.0261 603.0221 603.0202 603.0204 603.017 603.0228 603.0267 603.0221 603.0181 603.014 603.0092 603.0052 603.0008 602.9965 602.9924 602.9876 602.9868 602.9899 602.9854
-9999 -9999 -9999 -9999 -9999 -9999 -9999 -9999 -9999 -9999 -9999 603.0204 602.8528 602.8074 602.7923 603.0422 603.129 603.1242 603.1202 603.1158 603.1115 603.1073 603.1027 603.0986 603.0939 603.0899 603.0854 603.0811 603.0771 603.0723 603.0684 603.0643 603.0596 603.0556 603.051 603.0468 603.0425 603.0419 603.038 603.0336 603.0292 603.0252 603.0205 603.0165 603.0117 603.0077 603.0033 603.0067 603.0027 603.0035 603.0093 603.0106 603.0062 603.0022 602.998 602.9933 602.9894 602.9846 602.9806 602.9762 602.9717 602.9758 602.975 602.9702
-9999 -9999 -9999 -9999 -9999 -9999 -9999 -9999 -9999 -9999 -9999 602.9212 602.804 602.7559 602.7457 602.916 603.11 603.1055 603.1013 603.097 603.0925 603.0885 603.0837 603.0798 603.075 603.071 603.0665 603.0623 603.0582 603.0535 603.0495 603.0455 603.0408 603.0367 603.032 603.028 603.0235 603.0236 603.0196 603.015 603.0109 603.0065 603.0021 602.998 602.9933 602.9894 602.9863 602.989 602.985 602.9901 602.9959 602.9944 602.9902 602.9863 602.9818 602.9775 602.9733 602.9687 602.9647 602.9599 602.9583 602.9641 602.9598 602.9553
-9999 -9999 -9999 -9999 -9999 -9999 -9999 -9999 -9999 -9999 -9999 602.8639 602.755 602.7043 602.699 602.7898 603.0912 603.0868 603.0823 603.0782 603.0736 603.0696 603.0649 603.0609 603.0562 603.0521 603.0476 603.0434 603.0394 603.0347 603.0306 603.0266 603.0219 603.0179 603.0132 603.0092 603.0046 603.0052 603.0012 602.9965 602.9924 602.9877 602.9837 602.9792 602.975 602.9706 602.9735 602.9713 602.9709 602.9767 602.9825 602.9784 602.9744 602.9704 602.9656 602.9616 602.957 602.9528 602.9486 602.9441 602.9472 602.9492 602.9446 602.941
-9999 -9999 -9999 -9999 -9999 -9999 -9999 -9999 -9999 -9999 -9999 602.815 602.7061 602.6528 602.6524 602.6636 603.0753 603.0681 603.0634 603.0594 603.0547 603.0507 603.046 603.042 603.0373 603.0333 603.0287 603.0245 603.0204 603.0158 603.0118 603.0076 603.0031 602.999 602.9944 602.9904 602.9879 602.9868 602.9825 602.978 602.974 602.9693 602.9653 602.9606 602.9566 602.9524 602.9576 602.9537 602.9575 602.9633 602.967 602.9625 602.9585 602.9543 602.9497 602.9457 602.941 602.937 602.9323 602.9296 602.9362 602.9343 602.9296 602.9294
-9999 -9999 -9999 -9999 -9999 -9999 -9999 -9999 -9999 -9999 603.1573 602.7661 602.6572 602.6013 602.6058 602.5787 602.9905 603.0491 603.0444 603.0405 603.0358 603.0317 603.0271 603.0231 603.0185 603.0144 603.0099 603.0057 603.0015 602.997 602.993 602.9886 602.9843 602.98 602.9756 602.9714 602.9711 602.9683 602.9639 602.9596 602.9553 602.9509 602.9467 602.9422 602.938 602.9396 602.9399 602.9382 602.944 602.9498 602.9509 602.9466 602.9426 602.938 602.9338 602.9296 602.9251 602.921 602.9164 602.9186 602.9235 602.9191 602.9147 602.9178
-9999 -9999 -9999 -9999 -9999 -9999 -9999 -9999 -9999 -9999 603.058 602.7172 602.6083 602.5526 602.5592 602.5353 602.8643 603.0302 603.0256 603.0215 603.017 603.0128 603.0083 603.0042 602.9996 602.9955 602.991 602.9868 602.9827 602.9781 602.9741 602.9697 602.9655 602.961 602.9568 602.9523 602.9539 602.9499 602.9453 602.9412 602.9365 602.9326 602.9279 602.9239 602.9193 602.9263 602.9223 602.9248 602.9306 602.9364 602.9347 602.9307 602.9267 602.9219 602.918 602.9133 602.9092 602.9047 602.9011 602.9076 602.9086 602.9039 602.9023 602.9063
-9999 -9999 -9999 -9999 -9999 -9999 -9999 -9999 -9999 -9999 602.9588 602.6682 602.5602 602.5038 602.5126 602.4908 602.738 603.0118 603.0069 603.0026 602.9982 602.9939 602.9895 602.9853 602.9808 602.9766 602.9721 602.968 602.9637 602.9593 602.9553 602.9507 602.9467 602.942 602.938 602.9338 602.9355 602.9315 602.9268 602.9228 602.9182 602.9141 602.9095 602.9055 602.9056 602.9086 602.9056 602.9114 602.9172 602.923 602.9188 602.9148 602.9106 602.9061 602.902 602.8974 602.8934 602.8887 602.89 602.8965 602.8936 602.889 602.8907 602.8947
-9999 -9999 -9999 -9999 -9999 -9999 -9999 -9999 -9999 -9999 602.8596 602.6193 602.5125 602.4551 602.4659 602.4442 602.6118 602.996 602.9882 602.9836 602.9794 602.975 602.9707 602.9664 602.962 602.9578 602.9532 602.9491 602.9448 602.9405 602.9365 602.9318 602.9279 602.9232 602.9192 602.917 602.9171 602.9128 602.9084 602.9041 602.8997 602.8954 602.8911 602.8867 602.8929 602.8909 602.8922 602.8979 602.9037 602.9073 602.9029 602.8989 602.8944 602.8902 602.8858 602.8815 602.8771 602.8728 602.879 602.8829 602.8783 602.8752 602.8792 602.8831
-9999 -9999 -9999 -9999 -9999 -9999 -9999 -9999 -9999 -9999 602.7603 602.5704 602.4647 602.4064 602.4193 602.3976 602.4856 602.9387 602.9693 602.9647 602.9607 602.9561 602.9519 602.9474 602.9431 602.9388 602.9343 602.9302 602.926 602.9216 602.9176 602.913 602.909 602.9044 602.9002 602.9003 602.8986 602.8942 602.89 602.8854 602.8813 602.8768 602.8727 602.8718 602.8773 602.8733 602.8787 602.8845 602.8903 602.8912 602.887 602.883 602.8783 602.8743 602.8696 602.8657 602.861 602.8615 602.868 602.868 602.8633 602.8636 602.8676 602.8715
-9999 -9999 -9999 -9999 -9999 -9999 -9999 -9999 -9999 -9999 602.6611 602.5215 602.4169 602.3577 602.3727 602.351 602.3593 602.8124 602.9503 602.9457 602.9417 602.9371 602.9331 602.9286 602.9243 602.92 602.9155 602.9114 602.907 602.9028 602.8988 602.8942 602.89 602.8856 602.8812 602.8835 602.8802 602.8755 602.8716 602.8669 602.8629 602.8583 602.8541 602.8589 602.8596 602.8595 602.8653 602.8711 602.8769 602.8751 602.8711 602.867 602.8624 602.8583 602.8538 602.8496 602.8452 602.8504 602.8569 602.8528 602.8484 602.8521 602.856 602.8599
-9999 -9999 -9999 -9999 -9999 -9999 -9999 -9999 -9999 -9999 602.5814 602.4725 602.3692 602.3091 602.3261 602.3043 602.2745 602.6862 602.9324 602.927 602.9228 602.9182 602.9142 602.9097 602.9055 602.9011 602.8966 602.8925 602.8881 602.884 602.8799 602.8754 602.871 602.8668 602.863 602.8657 602.8618 602.8572 602.8529 602.8486 602.8441 602.84 602.8378 602.8459 602.8419 602.8461 602.8519 602.8577 602.8635 602.8592 602.8552 602.8508 602.8466 602.842 602.8379 602.8333 602.8329 602.8394 602.8422 602.8376 602.8365 602.8405 602.8444 602.8475
-9999 -9999 -9999 -9999 -9999 -9999 -9999 -9999 -9999 602.9964 602.5325 602.4236 602.3215 602.2604 602.2795 602.2578 602.231 602.56 602.9166 602.9083 602.9039 602.8994 602.8953 602.8907 602.8866 602.8822 602.8777 602.8737 602.8693 602.8651 602.8609 602.8566 602.852 602.848 602.8462 602.8473 602.8431 602.8387 602.8342 602.8302 602.8256 602.8214 602.825 602.8282 602.8268 602.8326 602.8384 602.8442 602.8477 602.8433 602.8393 602.8347 602.8307 602.826 602.822 602.8174 602.8218 602.8284 602.8273 602.8227 602.825 602.8289 602.8328 602.8339
-9999 -9999 -9999 -9999 -9999 -9999 -9999 -9999 -9999 602.8972 602.4836 602.3747 602.2737 602.2117 602.2328 602.2111 602.1876 602.4338 602.8869 602.8895 602.8849 602.8807 602.8764 602.8719 602.8677 602.8633 602.8588 602.8548 602.8503 602.8463 602.8419 602.8377 602.8332 602.829 602.8295 602.8289 602.8244 602.8203 602.8158 602.8115 602.8073 602.804 602.8122 602.8105 602.8134 602.8192 602.825 602.8309 602.8315 602.8274 602.8233 602.8188 602.8145 602.8102 602.8057 602.8043 602.8108 602.8165 602.812 602.8094 602.8134 602.8173 602.8213 602.8202
-9999 -9999 -9999 -9999 -9999 -9999 -9999 -9999 -9999 602.7979 602.4347 602.3257 602.226 602.163 602.1862 602.1645 602.1428 602.3076 602.7607 602.8705 602.866 602.8619 602.8575 602.853 602.8489 602.8445 602.84 602.8359 602.8314 602.8274 602.823 602.8189 602.8144 602.81 602.8127 602.8104 602.8059 602.8018 602.7974 602.7929 602.7888 602.7911 602.7969 602.7942 602.8 602.8058 602.8116 602.8174 602.8155 602.8115 602.8071 602.8029 602.7983 602.7943 602.7897 602.7932 602.7997 602.8016 602.797 602.7979 602.8018 602.8057 602.8097 602.8063
-9999 -9999 -9999 -9999 -9999 -9999 -9999 -9999 -9999 602.6987 602.3857 602.2769 602.1782 602.1143 602.1396 602.1179 602.0961 602.1813 602.6345 602.8531 602.8472 602.843 602.8386 602.8341 602.8301 602.8256 602.821 602.8171 602.8126 602.8086 602.8041 602.8 602.7956 602.7921 602.796 602.792 602.7875 602.783 602.779 602.7745 602.77 602.7783 602.7792 602.7808 602.7866 602.7924 602.7982 602.804 602.7996 602.7956 602.791 602.787 602.7825 602.7781 602.7757 602.7822 602.7888 602.7865 602.7823 602.7863 602.7902 602.7941 602.7969 602.7924
-9999 -9999 -9999 -9999 -9999 -9999 -9999 -9999 -9999 602.5994 602.3368 602.2279 602.1304 602.0656 602.093 602.0712 602.0495 602.0551 602.5082 602.8372 602.8284 602.8241 602.8196 602.8153 602.8112 602.8067 602.8022 602.7982 602.7938 602.7897 602.7853 602.781 602.7768 602.7754 602.7776 602.7733 602.7691 602.7646 602.7603 602.7562 602.7572 602.7655 602.7615 602.7673 602.7731 602.7789 602.7848 602.788 602.7837 602.7797 602.7751 602.7708 602.7666 602.762 602.7646 602.7712 602.7759 602.7713 602.7708 602.7747 602.7786 602.7826 602.7832 602.7786
-9999 -9999 -9999 -9999 -9999 -9999 -9999 -9999 -9999 602.5002 602.2879 602.179 602.0827 602.0168 602.0464 602.0247 602.0029 601.9703 602.382 602.8214 602.8096 602.8052 602.8007 602.7965 602.7922 602.7878 602.7833 602.7794 602.7749 602.7709 602.7664 602.762 602.7579 602.7587 602.7592 602.7547 602.7505 602.7462 602.7418 602.7374 602.7444 602.7478 602.7481 602.7539 602.7597 602.7655 602.7714 602.7719 602.7678 602.7634 602.7593 602.7547 602.7505 602.7471 602.7536 602.7601 602.761 602.7564 602.7592 602.7631 602.767 602.771 602.7695 602.765
