samples/sfe_82/sfe_82_c3/sfe_82_c3/sfe_82_c3.asc
ncols         243
nrows         113
xllcorner     94.199999999255
yllcorner     60.60000000149
cellsize      0.7
NODATA_value  -9999
[rows 84 to 111 of 113, columns 126 to 188 of 243]
604.3731 604.3664 604.3574 604.349 604.3392 604.3306 604.3232 604.3144 604.304 604.2941 604.2847 604.2765 604.2661 604.2543 604.244 604.235 604.225 604.2141 604.2016 604.1909 604.1808 604.1702 604.1568 604.145 604.1331 604.1215 604.1091 604.094 604.082 604.0678 604.0552 604.0398 604.0256 604.0119 603.997 603.9818 603.9644 603.9531 603.9384 603.9229 603.9065 603.8901 603.8807 603.7399 603.5604 603.3815 603.202 603.0865 602.9452 602.7662 602.5865 602.4374 602.3132 602.1502 601.9713 601.8493 601.7141 601.5886 601.4567 601.2778 600.999 600.6315 599.9688
604.3938 604.386 604.3781 604.3714 604.3616 604.3511 604.3439 604.3355 604.3275 604.3163 604.3062 604.2983 604.2891 604.2793 604.267 604.2577 604.2483 604.2393 604.2269 604.2147 604.2051 604.1948 604.1844 604.1699 604.1583 604.1474 604.1357 604.1223 604.1086 604.0961 604.0827 604.0694 604.0538 604.0405 604.0259 604.0113 603.9958 603.9849 603.9698 603.9543 603.938 603.923 603.9077 603.8917 603.877 603.7357 603.5739 603.475 603.2994 603.1198 602.9407 602.8223 602.6838 602.5044 602.3603 602.2375 602.0775 601.9688 601.8215 601.6391 601.5221 601.4166 601.2966
604.4158 604.4062 604.3992 604.3917 604.3842 604.3742 604.3646 604.3566 604.3498 604.3403 604.3289 604.3202 604.3114 604.3025 604.2922 604.2805 604.2715 604.2628 604.2529 604.2401 604.2294 604.2195 604.2098 604.1979 604.1835 604.1733 604.1618 604.1505 604.1368 604.1234 604.1117 604.0975 604.0853 604.0692 604.0549 604.0408 604.0292 604.0167 604.0012 603.9861 603.9695 603.956 603.9415 603.9255 603.9091 603.8901 603.8725 603.8324 603.6536 603.4738 603.3325 603.1909 603.0375 602.8585 602.737 602.6016 602.4537 602.3445 602.1829 602.0207 601.9147 601.7971 601.6509
604.4377 604.4283 604.4189 604.4121 604.4045 604.397 604.3868 604.3777 604.371 604.3626 604.3532 604.3423 604.3337 604.3249 604.3172 604.3058 604.2947 604.2861 604.2766 604.267 604.2548 604.2441 604.2346 604.2241 604.2121 604.1992 604.1879 604.1772 604.1646 604.1512 604.1392 604.1256 604.1139 604.1006 604.0838 604.0704 604.0612 604.0481 604.0326 604.0173 604.0038 603.989 603.9753 603.9593 603.9421 603.9244 603.9086 603.8927 603.8769 603.8304 603.7294 603.5713 603.3916 603.2552 603.1138 602.9573 602.8301 602.7025 602.5442 602.4081 602.2916 602.1775 602.0052
604.4574 604.4492 604.4412 604.4324 604.4249 604.4189 604.4103 604.4007 604.3923 604.3841 604.3774 604.3668 604.3564 604.3472 604.3399 604.3313 604.3204 604.3095 604.3004 604.2919 604.2819 604.2697 604.2595 604.2493 604.2397 604.2274 604.2139 604.2039 604.1912 604.1808 604.1666 604.1537 604.1425 604.1298 604.1157 604.0999 604.093 604.0795 604.064 604.0497 604.0379 604.0219 604.0091 603.9931 603.9756 603.9586 603.9449 603.9291 603.9127 603.8925 603.8771 603.8619 603.7533 603.6523 603.4891 603.3334 603.2065 603.0787 602.9258 602.8007 602.6649 602.5385 602.3755
604.4771 604.4696 604.4634 604.4547 604.4454 604.4396 604.4322 604.4243 604.4144 604.4056 604.3992 604.3911 604.3815 604.3705 604.3627 604.3546 604.3465 604.335 604.3242 604.3162 604.3074 604.2974 604.2845 604.2745 604.2655 604.2557 604.2424 604.2307 604.2203 604.2084 604.1971 604.1823 604.1712 604.1587 604.1468 604.1314 604.1247 604.1109 604.0955 604.0815 604.0709 604.0549 604.0429 604.0269 604.0103 603.9928 603.9813 603.9655 603.9484 603.9318 603.9156 603.8994 603.8804 603.8635 603.8426 603.7096 603.5859 603.4493 603.313 603.1897 603.0383 602.8927 602.7639
604.4972 604.4915 604.485 604.4777 604.4686 604.4603 604.4533 604.4479 604.4383 604.4283 604.4211 604.4134 604.4058 604.3958 604.3854 604.3778 604.3707 604.3613 604.3498 604.3405 604.3321 604.3243 604.3126 604.3 604.2914 604.2817 604.2719 604.259 604.2477 604.237 604.2257 604.2139 604.1998 604.1876 604.1763 604.1647 604.1564 604.1423 604.1284 604.113 604.1038 604.0908 604.0767 604.0611 604.0442 604.0306 604.0176 604.0018 603.9852 603.9704 603.9542 603.938 603.9208 603.9039 603.887 603.8715 603.8523 603.8309 603.7001 603.563 603.4156 603.2512 603.1523
604.519 604.5112 604.5054 604.4988 604.4914 604.4825 604.4744 604.4692 604.4619 604.4528 604.4431 604.4357 604.4282 604.4213 604.411 604.4011 604.3941 604.3861 604.3768 604.366 604.3568 604.3492 604.3403 604.3285 604.3173 604.3078 604.2992 604.288 604.2754 604.2661 604.2538 604.2446 604.2313 604.2165 604.2059 604.1981 604.1891 604.1738 604.1596 604.1472 604.1368 604.1265 604.1105 604.0941 604.0797 604.0689 604.054 604.0382 604.0209 604.0089 603.9927 603.9762 603.9612 603.9443 603.9279 603.9137 603.8939 603.874 603.8577 603.8452 603.7801 603.6397 603.5228
604.5409 604.5333 604.5257 604.5192 604.5146 604.5059 604.4974 604.4904 604.4834 604.4769 604.4675 604.4585 604.4505 604.4449 604.4366 604.4268 604.4175 604.4099 604.4031 604.3931 604.3826 604.374 604.3655 604.357 604.3457 604.3339 604.3259 604.3147 604.3059 604.2935 604.2819 604.2732 604.2625 604.2489 604.2354 604.2315 604.2206 604.2051 604.1917 604.1825 604.1698 604.1603 604.1443 604.1278 604.1142 604.1062 604.0904 604.0751 604.0565 604.0475 604.0313 604.0135 604.0016 603.9847 603.9713 603.9553 603.9354 603.9187 603.9021 603.886 603.8691 603.8522 603.8393
604.5611 604.5555 604.5479 604.5398 604.5353 604.5289 604.5211 604.5125 604.5049 604.5001 604.4923 604.4837 604.4741 604.4676 604.4608 604.4531 604.4431 604.4336 604.4274 604.4201 604.4103 604.3991 604.3907 604.3837 604.3746 604.3626 604.3527 604.3436 604.3341 604.3235 604.3109 604.3018 604.2914 604.2816 604.267 604.2645 604.2521 604.2366 604.225 604.2177 604.2028 604.194 604.178 604.1644 604.1483 604.1426 604.1267 604.1108 604.0959 604.0861 604.0698 604.0519 604.0421 604.0251 604.0131 603.9968 603.9771 603.9636 603.9464 603.9316 603.9147 603.8989 603.881
604.5831 604.5782 604.5709 604.5629 604.556 604.55 604.5446 604.5362 604.5276 604.522 604.5154 604.5084 604.4993 604.4904 604.4841 604.4786 604.4693 604.4595 604.4517 604.4448 604.4378 604.4273 604.4166 604.4095 604.4017 604.3923 604.3812 604.3721 604.3621 604.3539 604.3425 604.3304 604.3203 604.3119 604.3005 604.2963 604.2834 604.2698 604.2565 604.2517 604.237 604.2278 604.2127 604.1983 604.186 604.179 604.1631 604.1476 604.1364 604.1246 604.1084 604.0944 604.0825 604.0656 604.0549 604.0385 604.0186 604.0079 603.9908 603.9772 603.9603 603.9456 603.928
604.6035 604.5986 604.5931 604.5858 604.5781 604.5711 604.5674 604.5604 604.5522 604.5439 604.5377 604.5314 604.5248 604.5161 604.5076 604.502 604.4955 604.4866 604.4772 604.4694 604.4637 604.4554 604.4449 604.4354 604.4278 604.4212 604.4109 604.3996 604.3929 604.382 604.374 604.362 604.3493 604.3414 604.3337 604.3279 604.3149 604.3019 604.2905 604.2847 604.2731 604.2617 604.2462 604.2336 604.2243 604.2153 604.1995 604.1849 604.1769 604.1631 604.1479 604.1366 604.1229 604.106 604.0967 604.08 604.0602 604.0523 604.0352 604.0228 604.0067 603.9922 603.978
604.6255 604.619 604.6135 604.6088 604.6013 604.5941 604.5886 604.5828 604.5762 604.5683 604.5606 604.5538 604.5498 604.5416 604.5333 604.5255 604.5193 604.5132 604.5045 604.4955 604.4885 604.4818 604.4736 604.4641 604.4539 604.4479 604.4381 604.4302 604.4203 604.4101 604.4038 604.3943 604.3821 604.3709 604.3671 604.3597 604.3463 604.3336 604.3257 604.3176 604.3091 604.2954 604.28 604.2697 604.2625 604.2516 604.2371 604.2205 604.2173 604.2017 604.1852 604.179 604.1633 604.1494 604.1384 604.1216 604.1055 604.0967 604.0805 604.0684 604.0552 604.0389 604.028
604.6477 604.6411 604.6342 604.631 604.6249 604.618 604.6106 604.6042 604.6008 604.5931 604.5857 604.5777 604.5726 604.5671 604.5597 604.5513 604.5431 604.5385 604.5317 604.5231 604.5138 604.507 604.5018 604.4927 604.4828 604.4746 604.4668 604.4598 604.4498 604.4393 604.4325 604.4241 604.4146 604.4026 604.4003 604.3932 604.3777 604.3685 604.3612 604.3506 604.3452 604.3292 604.3175 604.3039 604.3009 604.288 604.2733 604.2601 604.2565 604.2403 604.2236 604.2206 604.2037 604.1933 604.1826 604.1631 604.1516 604.141 604.1277 604.1139 604.1034 604.0855 604.0779
604.6701 604.6638 604.6572 604.6517 604.6467 604.6413 604.6343 604.6271 604.6229 604.6174 604.6105 604.603 604.5953 604.5904 604.5855 604.5775 604.5692 604.5628 604.5574 604.5508 604.5421 604.5331 604.5277 604.5217 604.5126 604.5033 604.4964 604.4873 604.4811 604.4711 604.4611 604.453 604.4474 604.4361 604.4338 604.4246 604.4106 604.4 604.3962 604.3836 604.379 604.3633 604.3524 604.3414 604.339 604.3244 604.3099 604.3005 604.295 604.2789 604.2661 604.261 604.2441 604.2371 604.2245 604.2047 604.1976 604.1854 604.1751 604.1595 604.1501 604.1322 604.1272
604.6918 604.6867 604.6803 604.6738 604.6678 604.6653 604.6586 604.6517 604.6448 604.6398 604.6347 604.6281 604.6213 604.6141 604.61 604.604 604.5962 604.5885 604.582 604.5782 604.5699 604.5613 604.5536 604.5477 604.5419 604.5331 604.5238 604.5183 604.5102 604.5024 604.4927 604.4824 604.4769 604.4693 604.4669 604.456 604.4442 604.4337 604.4316 604.4193 604.4128 604.3981 604.3873 604.3796 604.3766 604.3608 604.3489 604.3409 604.3336 604.3179 604.3083 604.3015 604.2845 604.2801 604.2662 604.2463 604.2438 604.2297 604.222 604.2051 604.1967 604.1802 604.1761
604.7122 604.7078 604.703 604.6968 604.6908 604.6868 604.6821 604.6758 604.6691 604.6627 604.657 604.6537 604.6467 604.6399 604.6334 604.6288 604.623 604.6158 604.6084 604.6031 604.598 604.5902 604.5824 604.5739 604.5699 604.5615 604.5546 604.5471 604.5383 604.5343 604.525 604.5152 604.5065 604.5026 604.4995 604.4874 604.4755 604.4692 604.4655 604.4554 604.4466 604.4323 604.4252 604.4179 604.413 604.3973 604.3846 604.3814 604.3721 604.3569 604.3507 604.3419 604.3273 604.3219 604.3077 604.2921 604.2898 604.2741 604.2676 604.2519 604.2433 604.23 604.2251
604.7344 604.7285 604.7264 604.7206 604.7148 604.7087 604.7036 604.7 604.6937 604.6877 604.6813 604.6776 604.6725 604.6661 604.6593 604.6525 604.6496 604.6428 604.6359 604.6284 604.6232 604.6185 604.6111 604.6031 604.5966 604.5899 604.5848 604.5762 604.5679 604.5631 604.5568 604.5478 604.5383 604.5361 604.5313 604.5189 604.5107 604.5042 604.4985 604.4913 604.4804 604.4698 604.4595 604.4562 604.4493 604.4357 604.4243 604.4219 604.4107 604.3953 604.3928 604.3823 604.3708 604.3637 604.3493 604.3383 604.3356 604.3195 604.3131 604.3004 604.29 604.2802 604.274
604.7568 604.7515 604.7474 604.7435 604.7382 604.7324 604.7265 604.7238 604.7185 604.7127 604.7065 604.7003 604.6967 604.6921 604.6855 604.679 604.674 604.67 604.6638 604.6568 604.6496 604.6458 604.6402 604.6328 604.6254 604.6202 604.613 604.6076 604.5997 604.5917 604.5858 604.5804 604.5715 604.5692 604.5636 604.5514 604.5435 604.5399 604.5314 604.5276 604.5142 604.5065 604.4966 604.4943 604.4857 604.4721 604.4645 604.4621 604.4493 604.4378 604.4355 604.4227 604.4149 604.4068 604.3909 604.3843 604.3799 604.3668 604.3587 604.349 604.3367 604.33 604.323
604.78 604.7747 604.7694 604.7645 604.7618 604.7565 604.7511 604.7456 604.7418 604.7374 604.7315 604.7264 604.7206 604.7178 604.7119 604.7057 604.6998 604.6947 604.6912 604.6846 604.6779 604.6717 604.6677 604.6622 604.6553 604.648 604.6437 604.6384 604.631 604.6235 604.6155 604.6124 604.6051 604.6026 604.5972 604.5857 604.5771 604.5749 604.5657 604.5635 604.5502 604.541 604.5352 604.5328 604.522 604.5118 604.5052 604.5027 604.4879 604.48 604.4777 604.4631 604.4587 604.4514 604.433 604.4306 604.4243 604.414 604.4042 604.3977 604.3834 604.3798 604.3719
604.8021 604.7975 604.7924 604.7875 604.785 604.7805 604.7753 604.77 604.7648 604.7603 604.7573 604.7518 604.7464 604.7413 604.7382 604.7328 604.7271 604.7213 604.7176 604.7128 604.7067 604.7007 604.6942 604.6914 604.685 604.679 604.6739 604.6664 604.6625 604.6556 604.6483 604.642 604.6382 604.6361 604.6286 604.6176 604.6127 604.61 604.6014 604.5978 604.5845 604.5791 604.5732 604.571 604.5584 604.5486 604.5455 604.5426 604.5286 604.5223 604.5198 604.5048 604.5023 604.4938 604.4788 604.4765 604.4687 604.4616 604.4498 604.4461 604.4324 604.4301 604.4209
604.8229 604.8206 604.816 604.8116 604.8069 604.8029 604.7993 604.7943 604.7897 604.7849 604.7824 604.7774 604.7725 604.7673 604.7621 604.7594 604.754 604.7487 604.743 604.7394 604.7352 604.7294 604.7233 604.7186 604.7131 604.7092 604.7027 604.6964 604.6938 604.6879 604.681 604.674 604.6716 604.6693 604.66 604.6528 604.6478 604.6456 604.6376 604.6315 604.6222 604.6151 604.6115 604.6091 604.5976 604.5884 604.5857 604.5812 604.567 604.5648 604.5608 604.5488 604.5464 604.5355 604.5252 604.5226 604.5131 604.5089 604.4971 604.4945 604.4822 604.48 604.4698
604.8458 604.8431 604.8394 604.835 604.8305 604.8259 604.8239 604.8194 604.8149 604.8101 604.8053 604.8029 604.7987 604.7937 604.7886 604.7851 604.7816 604.7768 604.7715 604.7661 604.7634 604.7582 604.7528 604.7476 604.7435 604.7387 604.7339 604.7282 604.7225 604.7184 604.7134 604.707 604.7051 604.7024 604.6922 604.687 604.6827 604.6793 604.6737 604.6653 604.6594 604.6519 604.6499 604.647 604.6343 604.6287 604.6265 604.6197 604.6093 604.6069 604.6013 604.5923 604.5889 604.577 604.5712 604.569 604.5584 604.5561 604.5458 604.5412 604.5319 604.5298 604.5188
604.8692 604.8651 604.8613 604.8584 604.8544 604.8504 604.8465 604.8438 604.8395 604.8351 604.8315 604.8271 604.8245 604.8199 604.8153 604.811 604.8073 604.8042 604.7993 604.7944 604.7899 604.7876 604.7826 604.7775 604.7723 604.7689 604.765 604.7597 604.7543 604.7486 604.7464 604.7408 604.7382 604.7345 604.7265 604.7205 604.7184 604.7123 604.7097 604.7014 604.6946 604.6906 604.688 604.6833 604.674 604.6689 604.6669 604.6583 604.6518 604.6491 604.6417 604.6364 604.6312 604.6198 604.617 604.615 604.606 604.6033 604.5942 604.5878 604.5822 604.5797 604.5677
604.8919 604.8881 604.8843 604.8824 604.8787 604.8748 604.8708 604.8668 604.8636 604.8607 604.8569 604.8529 604.8493 604.8467 604.8427 604.8384 604.8342 604.8315 604.8273 604.8231 604.819 604.8144 604.8118 604.8072 604.8033 604.7996 604.7946 604.791 604.7861 604.7813 604.7775 604.774 604.7713 604.7678 604.7599 604.7559 604.7536 604.7479 604.7461 604.7368 604.733 604.7287 604.7261 604.7197 604.7126 604.7098 604.7071 604.6988 604.6939 604.6918 604.6823 604.6804 604.6754 604.6655 604.6635 604.6609 604.6531 604.649 604.6427 604.6345 604.6322 604.6295 604.6177
604.9147 604.9115 604.9084 604.905 604.9023 604.8987 604.8951 604.8918 604.8884 604.8861 604.8823 604.8789 604.8754 604.8718 604.8693 604.8654 604.8616 604.8577 604.8557 604.8517 604.8478 604.8436 604.8406 604.8362 604.8335 604.8292 604.8249 604.8228 604.8188 604.8143 604.8096 604.807 604.8049 604.8011 604.7948 604.7913 604.7886 604.7836 604.7819 604.7745 604.7706 604.7667 604.7648 604.7578 604.7525 604.75 604.7474 604.7386 604.7362 604.7341 604.7267 604.724 604.7202 604.7118 604.7096 604.7069 604.7003 604.6946 604.6917 604.6845 604.6819 604.6795 604.6697
604.9382 604.9351 604.9319 604.9286 604.9253 604.923 604.9201 604.9171 604.9137 604.9103 604.9084 604.9053 604.9019 604.8984 604.8958 604.8926 604.8895 604.8862 604.8826 604.8801 604.8765 604.8729 604.8697 604.8668 604.8637 604.8601 604.8567 604.8532 604.8506 604.8467 604.8427 604.8405 604.8384 604.8329 604.8297 604.8262 604.8239 604.8199 604.8165 604.8117 604.8073 604.8052 604.803 604.7966 604.7928 604.7902 604.7881 604.7808 604.7789 604.7763 604.7703 604.7676 604.7632 604.7581 604.7555 604.752 604.7477 604.7424 604.7402 604.7344 604.7318 604.7297 604.7216
604.9607 604.9579 604.9553 604.9523 604.9498 604.9474 604.9447 604.9417 604.9387 604.9366 604.9337 604.9311 604.928 604.9249 604.9222 604.92 604.9172 604.914 604.9109 604.908 604.9058 604.903 604.8997 604.8967 604.894 604.8916 604.8883 604.8851 604.8817 604.8792 604.8762 604.8741 604.8715 604.8672 604.8638 604.8614 604.8596 604.8561 604.8521 604.8486 604.8458 604.8437 604.8411 604.8362 604.833 604.8307 604.8287 604.8236 604.821 604.8185 604.8138 604.8117 604.8065 604.804 604.8014 604.7974 604.7955 604.7912 604.7886 604.7841 604.7817 604.7798 604.7742
