samples/sfe_82/sfe_82_c3/sfe_82_c3/sfe_82_c3.asc
ncols         243
nrows         113
xllcorner     94.199999999255
yllcorner     60.60000000149
cellsize      0.7
NODATA_value  -9999
[rows 56 to 83 of 113, columns 0 to 62 of 243]
-9999 -9999 603.6957 602.4489 601.5362 601.8528 601.8718 601.6305 599.785 599.8037 599.827 599.855 599.907 599.942 599.9901 600.0242 600.0742 600.1337 600.171 600.2495 600.312 600.3612 600.4365 600.494 600.583 600.6907 600.7938 600.8698 600.9412 601.0755 601.168 601.2622 601.3633 601.4218 601.5082 601.5955 601.6931 601.8464 601.9866 602.1423 602.2932 602.4685 602.6048 602.7399 602.9186 603.0599 603.1708 603.3173 603.4694 603.6124 603.736 603.8588 603.9825 604.1057 604.1752 604.1772 604.1803 604.1823 604.1841 604.1856 604.187 604.1885 604.1898
-9999 -9999 603.8513 602.6044 601.6744 601.8762 601.9356 601.7285 599.7912 599.8185 599.8632 599.9016 599.9557 600.0178 600.0627 600.1275 600.1838 600.2598 600.3047 600.3855 600.4573 600.5123 600.5955 600.669 600.7555 600.8777 600.94 601.0625 601.14 601.2275 601.3597 601.43 601.5493 601.6225 601.7061 601.873 602.0485 602.2244 602.3584 602.5114 602.6638 602.8243 602.9826 603.1063 603.2814 603.4252 603.5488 603.6727 603.8382 603.9829 604.1139 604.1827 604.1853 604.1885 604.1912 604.1937 604.1968 604.1989 604.2007 604.2022 604.2035 604.205 604.2061
-9999 -9999 604.0068 602.7599 601.8126 601.8995 601.9995 601.8265 599.8892 599.8588 599.9158 599.9595 600.0233 600.1013 600.152 600.2473 600.3212 600.3775 600.4537 600.509 600.5912 600.692 600.7567 600.8455 600.9453 601.0345 601.1405 601.2365 601.3615 601.4532 601.5313 601.6168 601.777 601.956 602.0842 602.2289 602.4042 602.5799 602.7379 602.8807 603.0362 603.1798 603.3552 603.4841 603.6443 603.803 603.9266 604.0497 604.191 604.1905 604.1944 604.1982 604.2021 604.2052 604.208 604.2103 604.2132 604.2156 604.2173 604.2189 604.22 604.2215 604.2227
-9999 -9999 604.1624 602.9155 601.9507 601.9228 602.0634 601.9244 599.9872 599.9066 599.9725 600.0483 600.1255 600.1892 600.2698 600.3702 600.455 600.5175 600.6047 600.666 600.7845 600.872 600.9418 601.0627 601.1675 601.241 601.3557 601.4427 601.5563 601.6467 601.8092 601.9436 602.1191 602.3288 602.4612 602.5858 602.7601 602.9353 603.111 603.2552 603.4053 603.5431 603.7108 603.8619 604.0071 604.1808 604.1967 604.2007 604.2043 604.2077 604.2111 604.2149 604.2188 604.222 604.2247 604.2267 604.2296 604.2322 604.2339 604.2355 604.2365 604.238 604.2395
-9999 -9999 604.3179 603.071 602.0889 601.9462 602.1273 602.0086 600.0851 600.0052 600.0422 600.144 600.221 600.3107 600.4055 600.4818 600.577 600.684 600.7595 600.9058 600.9645 601.0805 601.1387 601.2635 601.3565 601.4598 601.5828 601.651 601.8137 601.9896 602.1648 602.3164 602.4792 602.6815 602.83 602.9638 603.1158 603.2911 603.4667 603.6298 603.7775 603.9209 604.0664 604.2037 604.2053 604.2097 604.2138 604.2179 604.2215 604.2249 604.2277 604.2316 604.2355 604.2388 604.2417 604.2436 604.2461 604.2488 604.2505 604.2521 604.253 604.2545 604.256
-9999 -9999 604.4734 603.2265 602.2271 601.9695 602.1911 602.0725 600.1832 600.1038 600.1442 600.249 600.3687 600.45 600.5557 600.6425 600.7405 600.867 600.94 601.0652 601.1565 601.2507 601.36 601.4423 601.5685 601.656 601.8189 601.9942 602.1695 602.3453 602.5209 602.6891 602.8249 603.0235 603.1987 603.3418 603.4717 603.6471 603.8221 603.9976 604.1521 604.209 604.2123 604.2175 604.2227 604.2269 604.231 604.2351 604.2387 604.2421 604.2444 604.2483 604.2522 604.2556 604.2584 604.2604 604.2629 604.2654 604.2672 604.2687 604.27 604.271 604.2725
-9999 -9999 -9999 603.382 602.3652 601.9928 602.255 602.1364 600.2811 600.2023 600.2465 600.3832 600.4925 600.6155 600.701 600.8112 600.9252 601.055 601.1357 601.2667 601.3622 601.4565 601.559 601.6605 601.8236 601.9993 602.1746 602.3501 602.5254 602.7009 602.8764 603.0519 603.1935 603.3727 603.569 603.7127 603.8434 604.0026 604.1781 604.215 604.2198 604.2245 604.2297 604.2349 604.2401 604.2441 604.2482 604.2523 604.2559 604.2593 604.2611 604.265 604.2689 604.2723 604.2751 604.2772 604.2795 604.2821 604.2838 604.2854 604.2869 604.2875 604.289
-9999 -9999 -9999 603.5375 602.5034 602.0161 602.3189 602.2003 600.3791 600.3008 600.3488 600.4505 600.654 600.7975 600.8947 601.0327 601.1545 601.2432 601.36 601.4432 601.5697 601.6658 601.8282 602.0037 602.179 602.355 602.5303 602.7059 602.8812 603.0566 603.2324 603.4078 603.5623 603.7092 603.9279 604.0814 604.2215 604.2232 604.2281 604.233 604.2379 604.2419 604.2471 604.2523 604.2574 604.262 604.2654 604.2695 604.2733 604.2765 604.278 604.2817 604.2855 604.2891 604.2917 604.2939 604.296 604.2985 604.3004 604.3022 604.3035 604.304 604.3055
-9999 -9999 -9999 603.6931 602.6354 602.0395 602.3828 602.2642 600.4771 600.3994 600.451 600.5759 600.8547 601.0032 601.0965 601.2443 601.3522 601.4557 601.565 601.6702 601.8327 602.0086 602.1838 602.3596 602.5349 602.7104 602.8862 603.0614 603.2371 603.4123 603.588 603.7632 603.931 604.0764 604.2263 604.229 604.2348 604.2408 604.2462 604.2511 604.256 604.2593 604.2645 604.2697 604.2748 604.28 604.2825 604.2866 604.2907 604.2937 604.2961 604.2983 604.3022 604.3058 604.3084 604.3107 604.3125 604.3149 604.3171 604.3188 604.3201 604.3206 604.322
-9999 -9999 -9999 603.8486 602.6998 602.0628 602.4467 602.328 600.5751 600.498 600.5533 600.7013 601.0359 601.206 601.3375 601.4373 601.569 601.6747 601.8409 602.02 602.1888 602.3643 602.54 602.7154 602.8907 603.0663 603.2418 603.417 603.5928 603.7681 603.9436 604.1193 604.2315 604.2334 604.2402 604.2471 604.2529 604.2585 604.2642 604.2691 604.274 604.2786 604.2819 604.287 604.2922 604.2974 604.2997 604.3038 604.3079 604.3109 604.3141 604.315 604.3189 604.3228 604.3255 604.3275 604.329 604.3314 604.3337 604.3354 604.3367 604.337 604.3386
-9999 -9999 -9999 604.0042 602.7641 602.0861 602.5105 602.3919 600.673 600.5965 600.6555 600.8267 601.1522 601.6553 601.5632 601.6795 601.8459 602.0245 602.2041 602.3826 602.5621 602.7198 602.8954 603.0709 603.2463 603.4219 603.5972 603.7731 603.9482 604.1241 604.2359 604.2414 604.2471 604.2528 604.2584 604.2653 604.2711 604.2766 604.2823 604.2872 604.2921 604.297 604.2993 604.3044 604.3096 604.3148 604.3169 604.321 604.3251 604.3281 604.3315 604.3317 604.3356 604.3395 604.3426 604.3449 604.3459 604.3478 604.3503 604.3521 604.3533 604.3536 604.355
-9999 -9999 -9999 604.1597 602.9128 602.1095 602.5744 602.4557 600.7711 600.6951 600.7578 600.9184 601.2282 601.6056 601.8505 602.0291 602.2086 602.3874 602.5667 602.7457 602.9248 603.0757 603.2513 603.4268 603.6025 603.7777 603.9536 604.1286 604.2413 604.2491 604.255 604.2607 604.2664 604.2721 604.2766 604.2834 604.2896 604.2947 604.3004 604.3052 604.3101 604.3151 604.3166 604.3218 604.327 604.3322 604.3341 604.3382 604.3422 604.3453 604.3487 604.3484 604.3523 604.3561 604.3593 604.3616 604.363 604.3651 604.3669 604.3687 604.3699 604.3701 604.3716
-9999 -9999 -9999 604.3152 603.0683 602.1328 602.6382 602.5197 600.869 600.7961 600.86 601.0037 601.3042 601.7439 602.2064 602.3924 602.5712 602.7505 602.9293 603.1088 603.2875 603.4542 603.607 603.7822 603.9581 604.1333 604.246 604.2538 604.2606 604.2681 604.2743 604.28 604.2857 604.2914 604.2947 604.3016 604.3085 604.3128 604.3184 604.3233 604.3282 604.3331 604.334 604.3392 604.3444 604.3495 604.3526 604.3553 604.3594 604.3625 604.3659 604.366 604.369 604.3729 604.3761 604.3784 604.3798 604.3817 604.3839 604.3853 604.3866 604.3871 604.3881
-9999 -9999 -9999 604.4708 603.2238 602.2563 602.7021 602.5835 600.967 600.8984 600.9623 601.089 601.3802 601.8865 602.4788 602.7552 602.934 603.1133 603.2921 603.4714 603.6506 603.8295 603.9629 604.1382 604.251 604.2585 604.2659 604.2732 604.2803 604.287 604.2938 604.2993 604.305 604.3107 604.3132 604.3197 604.3266 604.3309 604.3359 604.3414 604.3463 604.3511 604.3532 604.3566 604.3618 604.3669 604.3712 604.3726 604.3766 604.3802 604.3831 604.384 604.3856 604.3895 604.3928 604.395 604.3966 604.3983 604.4003 604.4019 604.4032 604.404 604.4046
-9999 -9999 -9999 604.6263 603.3794 602.3945 602.7661 602.6474 601.065 601.0007 601.0646 601.1743 601.5161 602.0353 602.6276 603.0955 603.2971 603.476 603.655 603.834 604.0135 604.1924 604.2559 604.2632 604.2714 604.2784 604.2859 604.2928 604.2999 604.3065 604.313 604.3185 604.3242 604.33 604.3337 604.3378 604.3447 604.3491 604.3538 604.3594 604.3643 604.3692 604.3724 604.3739 604.3791 604.3843 604.3895 604.3897 604.3938 604.3979 604.4003 604.402 604.4023 604.4062 604.4097 604.4117 604.4133 604.4147 604.4167 604.4186 604.42 604.4212 604.4211
-9999 -9999 -9999 -9999 603.5349 602.5327 602.8299 602.7113 601.163 601.1029 601.1668 601.2993 601.6544 602.184 602.7764 603.3687 603.6532 603.839 604.0179 604.1968 604.2602 604.2681 604.2765 604.2835 604.2916 604.2984 604.3062 604.3123 604.3199 604.3256 604.3325 604.3378 604.3435 604.3492 604.3543 604.356 604.3629 604.3676 604.3727 604.3774 604.3824 604.3873 604.3917 604.3913 604.3965 604.4017 604.4069 604.4069 604.411 604.415 604.4175 604.4201 604.419 604.4229 604.4268 604.4289 604.4302 604.4313 604.4332 604.4352 604.437 604.438 604.4376
-9999 -9999 -9999 -9999 603.6904 602.6708 602.8938 602.7751 601.2616 601.2051 601.2691 601.4354 601.7927 602.3328 602.9251 603.5175 603.9891 604.202 604.2649 604.2735 604.2815 604.2893 604.2971 604.3045 604.3117 604.3188 604.326 604.3325 604.3392 604.3448 604.3518 604.3571 604.3628 604.3685 604.3742 604.3741 604.381 604.3877 604.3908 604.3959 604.4004 604.4053 604.4102 604.4087 604.4139 604.4191 604.4243 604.4247 604.4282 604.4323 604.4348 604.4381 604.4358 604.4396 604.4434 604.4464 604.4476 604.4483 604.4496 604.4518 604.4536 604.4546 604.4541
-9999 -9999 -9999 -9999 603.8459 602.809 602.9576 602.8391 601.3601 601.3074 601.3713 601.5715 601.931 602.4815 603.0739 603.6662 604.2585 604.2781 604.2864 604.2949 604.303 604.3104 604.3177 604.3253 604.3324 604.3392 604.3459 604.3524 604.3586 604.3652 604.3708 604.377 604.3821 604.3878 604.3935 604.3932 604.3992 604.406 604.4089 604.4135 604.4185 604.4234 604.4283 604.4277 604.4313 604.4365 604.4417 604.4433 604.4454 604.4494 604.4519 604.4553 604.4539 604.4562 604.4601 604.4631 604.4649 604.4658 604.4669 604.4684 604.4702 604.4712 604.4706
-9999 -9999 -9999 -9999 604.0015 602.9471 603.0215 602.9029 601.4587 601.4097 601.4736 601.7103 602.0694 602.6303 603.2227 603.815 604.2991 604.3001 604.3078 604.3168 604.3244 604.3315 604.3384 604.3466 604.3527 604.3596 604.3663 604.3724 604.3788 604.3849 604.3908 604.3962 604.4014 604.4071 604.4128 604.4137 604.4173 604.4241 604.427 604.4312 604.4365 604.4414 604.4464 604.447 604.4486 604.4538 604.459 604.462 604.4625 604.4666 604.4691 604.4725 604.4719 604.473 604.4768 604.4799 604.4816 604.4825 604.4839 604.4854 604.4868 604.4879 604.4871
-9999 -9999 -9999 -9999 604.157 603.0853 603.0492 602.9668 601.5573 601.512 601.5759 601.8557 602.2077 602.7791 603.3714 603.9637 604.3238 604.3221 604.3305 604.3383 604.3458 604.3527 604.3597 604.3676 604.3729 604.3804 604.3862 604.3936 604.3983 604.4048 604.41 604.4155 604.4207 604.4263 604.4321 604.4343 604.4354 604.4423 604.4456 604.4507 604.4546 604.4595 604.4644 604.4662 604.466 604.4712 604.4764 604.4805 604.4797 604.4838 604.4872 604.4897 604.4899 604.4896 604.4935 604.4966 604.4982 604.4993 604.5005 604.502 604.5034 604.5045 604.504
-9999 -9999 -9999 -9999 604.3126 603.2235 603.0726 603.0306 601.6558 601.6142 601.6781 602.001 602.346 602.9278 603.5201 604.1125 604.3484 604.3459 604.3525 604.3597 604.3672 604.3739 604.3817 604.3882 604.3947 604.4005 604.407 604.4133 604.4183 604.4247 604.4291 604.4355 604.4399 604.4456 604.4514 604.4549 604.4536 604.4604 604.4656 604.4688 604.473 604.4775 604.4824 604.4855 604.4834 604.4886 604.4938 604.499 604.4969 604.501 604.5051 604.507 604.5079 604.5063 604.5102 604.5136 604.515 604.5161 604.517 604.5185 604.5201 604.5211 604.5212
-9999 -9999 -9999 -9999 604.4681 603.3432 603.0959 603.0945 601.7544 601.7164 601.7804 602.1265 602.4844 603.0766 603.6689 604.2612 604.3732 604.3706 604.3746 604.3812 604.3885 604.3966 604.4028 604.4089 604.4155 604.4217 604.4274 604.4331 604.4389 604.4442 604.4502 604.4546 604.4599 604.4649 604.4706 604.4755 604.4732 604.4786 604.4855 604.4869 604.491 604.4956 604.5005 604.5048 604.5024 604.506 604.5112 604.5164 604.5153 604.5182 604.5222 604.5242 604.526 604.5236 604.5269 604.5308 604.5322 604.533 604.5335 604.5349 604.5367 604.5377 604.5381
-9999 -9999 -9999 -9999 604.6236 603.4075 603.1192 603.1584 601.8529 601.8187 601.8995 602.2025 602.633 603.2253 603.8177 604.4002 604.3979 604.3953 604.3965 604.4026 604.4116 604.418 604.424 604.4295 604.4365 604.4421 604.4478 604.4541 604.4589 604.4648 604.4698 604.4746 604.4795 604.4842 604.4899 604.4956 604.4938 604.4967 604.5036 604.505 604.5085 604.5137 604.5186 604.5234 604.5217 604.5233 604.5285 604.5337 604.5341 604.5353 604.5394 604.5413 604.5439 604.5417 604.5436 604.5474 604.5496 604.5505 604.5506 604.5515 604.5533 604.5547 604.5552
-9999 -9999 -9999 -9999 604.7791 603.5322 603.1425 603.2223 601.9515 601.921 602.0248 602.2785 602.7817 603.3741 603.9664 604.4249 604.4226 604.42 604.4186 604.4269 604.4331 604.4394 604.4451 604.4507 604.4587 604.4623 604.4692 604.4741 604.4801 604.4843 604.4896 604.4943 604.4988 604.5035 604.5092 604.5149 604.5143 604.5148 604.5217 604.5236 604.5282 604.5317 604.5366 604.5415 604.5408 604.5407 604.5459 604.5511 604.5526 604.5526 604.5566 604.5585 604.562 604.5598 604.5602 604.5641 604.5668 604.5679 604.5683 604.5687 604.5699 604.5717 604.5724
-9999 -9999 -9999 -9999 -9999 603.6877 603.1659 603.2862 602.05 602.0232 602.1502 602.3949 602.9305 603.5229 604.1152 604.4495 604.4473 604.4447 604.4424 604.449 604.4545 604.4608 604.4662 604.4741 604.4793 604.4847 604.4893 604.4948 604.5007 604.504 604.5103 604.5134 604.5193 604.5228 604.5284 604.5342 604.5349 604.533 604.5399 604.5438 604.5468 604.5497 604.5547 604.5596 604.5599 604.5581 604.5633 604.5685 604.5711 604.5697 604.5738 604.5763 604.5792 604.5777 604.5769 604.5808 604.5836 604.5848 604.5852 604.5862 604.5866 604.5883 604.5891
-9999 -9999 -9999 -9999 -9999 603.8433 603.1892 603.35 602.1486 602.1255 602.2587 602.5332 603.0793 603.6716 604.264 604.4742 604.4719 604.4693 604.467 604.4709 604.476 604.4822 604.49 604.4953 604.4999 604.5056 604.5103 604.5157 604.5204 604.5254 604.5297 604.5345 604.5383 604.5424 604.5477 604.5535 604.5554 604.5532 604.558 604.5639 604.5649 604.5684 604.5727 604.5776 604.5794 604.5771 604.5806 604.5858 604.5899 604.5876 604.5909 604.5943 604.5964 604.5958 604.5936 604.5975 604.6003 604.6015 604.602 604.6027 604.6038 604.6049 604.6057
-9999 -9999 -9999 -9999 -9999 603.9988 603.2125 603.4139 602.2471 602.2277 602.3439 602.6715 603.228 603.8204 604.4127 604.499 604.4966 604.4941 604.4917 604.493 604.4975 604.5061 604.5117 604.5164 604.5206 604.5264 604.5316 604.536 604.5419 604.5453 604.5503 604.5547 604.558 604.5627 604.567 604.5728 604.576 604.5737 604.5762 604.5831 604.583 604.5861 604.5908 604.5957 604.5984 604.5962 604.598 604.6032 604.6083 604.606 604.6082 604.6122 604.6136 604.6138 604.6115 604.6141 604.6175 604.6182 604.6187 604.6193 604.6202 604.6216 604.6223
-9999 -9999 -9999 -9999 -9999 604.1544 603.2359 603.4778 602.3457 602.33 602.4293 602.8099 603.3768 603.9692 604.526 604.5236 604.5213 604.5187 604.5165 604.515 604.5219 604.5279 604.533 604.5375 604.5418 604.5493 604.5518 604.5579 604.5619 604.5663 604.5703 604.5744 604.5786 604.582 604.5863 604.592 604.5966 604.5942 604.5943 604.6012 604.6016 604.6053 604.6088 604.6137 604.6179 604.6154 604.6154 604.6206 604.6258 604.6248 604.6253 604.6294 604.6307 604.6319 604.6296 604.6309 604.6347 604.6356 604.6357 604.6358 604.6367 604.6382 604.6389
