samples/sfe_82/sfe_82_c3/sfe_82_c3/sfe_82_c3.asc
ncols         243
nrows         113
xllcorner     94.199999999255
yllcorner     60.60000000149
cellsize      0.7
NODATA_value  -9999
[rows 56 to 83 of 113, columns 63 to 125 of 243]
604.1909 604.1915 604.192 604.1927 604.1935 604.194 604.1938 604.1931 604.192 604.191 604.1897 604.1881 604.1866 604.1849 604.1832 604.1815 604.1797 604.178 604.1745 604.1707 604.1667 604.1629 604.1594 604.1552 604.151 604.1467 604.142 604.1366 604.1317 604.1263 604.1204 604.1147 604.1086 604.1025 604.0964 604.0896 604.0832 604.0766 604.0697 604.0629 604.056 604.049 604.0412 604.0333 604.0258 603.9516 603.8434 603.6924 603.5369 603.4374 603.2756 603.1481 603.007 602.8269 602.711 602.5693 602.3894 602.2377 602.1005 601.9426 601.7729 601.5934 601.414
604.2076 604.2079 604.2085 604.209 604.2101 604.2103 604.2101 604.2095 604.2084 604.2074 604.2061 604.2045 604.2029 604.2014 604.1995 604.1978 604.1961 604.1944 604.1909 604.187 604.1831 604.1793 604.1759 604.1716 604.1674 604.1632 604.1584 604.153 604.1481 604.1428 604.1369 604.1313 604.1252 604.1191 604.113 604.1063 604.1003 604.0934 604.0866 604.0798 604.0729 604.0659 604.0581 604.0503 604.0418 604.0334 604.0247 604.0182 603.9252 603.7976 603.6517 603.5246 603.3607 603.2054 603.0925 602.9229 602.7436 602.6138 602.4656 602.3068 602.1265 601.9474 601.7679
604.224 604.2244 604.2249 604.2253 604.2264 604.2266 604.2266 604.2259 604.2248 604.2238 604.2224 604.2209 604.2193 604.2177 604.2159 604.2142 604.2125 604.2108 604.2072 604.2034 604.1995 604.1956 604.1923 604.1881 604.1839 604.1797 604.1748 604.1694 604.1647 604.1593 604.1533 604.1479 604.1418 604.1357 604.1296 604.1229 604.1172 604.1104 604.1035 604.0966 604.0898 604.0829 604.075 604.0672 604.0587 604.0505 604.0417 604.0328 604.0244 604.0162 604.01 603.8946 603.7144 603.5939 603.4568 603.2766 603.1176 602.969 602.8127 602.6604 602.4806 602.3013 602.1355
604.2404 604.2408 604.2413 604.2416 604.2427 604.2429 604.2429 604.2422 604.2411 604.2401 604.2388 604.2372 604.2357 604.2341 604.2322 604.2305 604.2288 604.2271 604.2236 604.2197 604.2158 604.2119 604.2088 604.2046 604.2003 604.1961 604.1912 604.1859 604.1812 604.1758 604.1698 604.1646 604.1584 604.1523 604.1462 604.1395 604.1341 604.1272 604.1204 604.1135 604.1067 604.0998 604.092 604.0842 604.0755 604.0678 604.0588 604.0498 604.0419 604.0338 604.0247 604.0152 604.0058 603.9823 603.8104 603.6308 603.4937 603.3359 603.1778 603.0139 602.8347 602.6554 602.5193
604.2568 604.2573 604.2578 604.2579 604.2591 604.2592 604.2593 604.2587 604.2575 604.2565 604.2552 604.2536 604.2521 604.2505 604.2486 604.2469 604.2452 604.2435 604.2399 604.2361 604.2322 604.2283 604.2252 604.221 604.2168 604.2126 604.2076 604.2024 604.1978 604.1924 604.1863 604.1812 604.175 604.1689 604.1628 604.1561 604.1509 604.1441 604.1373 604.1304 604.1237 604.1167 604.1089 604.1014 604.0929 604.0849 604.0759 604.0669 604.0594 604.0514 604.0421 604.0327 604.0232 604.0136 604.0038 603.9975 603.8562 603.6827 603.5478 603.3678 603.1887 603.0154 602.9017
604.2732 604.2737 604.2742 604.2745 604.2754 604.2755 604.2757 604.275 604.2739 604.2729 604.2715 604.27 604.2684 604.2668 604.265 604.2632 604.2615 604.2598 604.2563 604.2524 604.2485 604.2446 604.2417 604.2375 604.2333 604.229 604.2241 604.2191 604.2142 604.2089 604.2027 604.1978 604.1917 604.1856 604.1794 604.1727 604.1678 604.161 604.1541 604.1473 604.1413 604.1337 604.126 604.1183 604.11 604.1019 604.093 604.0845 604.077 604.069 604.0595 604.0501 604.0412 604.0313 604.0217 604.0118 604.0016 603.9922 603.9014 603.722 603.5428 603.3915 603.2573
604.2896 604.2902 604.2907 604.2912 604.2917 604.2917 604.2921 604.2914 604.2902 604.2892 604.288 604.2864 604.2848 604.2833 604.2813 604.2796 604.2779 604.2762 604.2726 604.2688 604.2649 604.261 604.2582 604.254 604.2497 604.2455 604.2405 604.2357 604.2308 604.2253 604.2192 604.2144 604.2083 604.2026 604.196 604.1893 604.1847 604.1779 604.171 604.1642 604.1584 604.1506 604.1429 604.1351 604.1272 604.119 604.11 604.1027 604.0945 604.0864 604.077 604.0675 604.0588 604.049 604.0396 604.0298 604.0197 604.0097 603.9988 603.988 603.8964 603.7699 603.621
604.306 604.3066 604.3071 604.3077 604.308 604.308 604.3085 604.3078 604.3066 604.3056 604.3044 604.3027 604.3011 604.2997 604.2977 604.296 604.2943 604.2925 604.289 604.2852 604.2813 604.2773 604.2746 604.2704 604.2662 604.2622 604.2569 604.2525 604.2473 604.2418 604.236 604.231 604.2248 604.2194 604.2126 604.2063 604.2016 604.1948 604.1879 604.181 604.1754 604.1675 604.1599 604.152 604.1443 604.136 604.1271 604.1202 604.1121 604.1038 604.0944 604.085 604.0765 604.067 604.0574 604.0478 604.0376 604.0279 604.0171 604.0063 603.9955 603.9839 603.9796
604.3224 604.3231 604.3235 604.3241 604.3243 604.3243 604.3248 604.3242 604.3231 604.322 604.3209 604.3191 604.3176 604.316 604.314 604.3123 604.3106 604.3089 604.3054 604.3015 604.2976 604.2937 604.2911 604.2869 604.2827 604.2787 604.2733 604.2691 604.2638 604.2582 604.2527 604.2476 604.2414 604.236 604.2292 604.2235 604.2184 604.2116 604.2048 604.1979 604.1923 604.1844 604.1768 604.1688 604.1615 604.1531 604.1441 604.1378 604.1296 604.1213 604.1118 604.1024 604.0942 604.0852 604.0753 604.0658 604.0556 604.0461 604.0353 604.0245 604.0139 604.0022 603.9922
604.3388 604.3398 604.34 604.3406 604.3406 604.3406 604.3411 604.3406 604.3396 604.3384 604.3373 604.3354 604.3339 604.3324 604.3304 604.3287 604.327 604.3253 604.3217 604.3178 604.314 604.3101 604.3076 604.3033 604.2991 604.2951 604.2897 604.2857 604.2803 604.2747 604.2697 604.2642 604.258 604.2527 604.2459 604.2408 604.2354 604.2285 604.2217 604.2148 604.2092 604.2014 604.1938 604.1858 604.1791 604.1702 604.1612 604.1553 604.1472 604.1387 604.1293 604.1204 604.1119 604.1031 604.0931 604.0837 604.0735 604.0643 604.0535 604.0429 604.0322 604.0215 604.0116
604.3555 604.3566 604.3564 604.357 604.3569 604.3573 604.3574 604.357 604.356 604.3547 604.3538 604.3519 604.3503 604.3488 604.3467 604.345 604.3433 604.3416 604.3381 604.3342 604.3303 604.3267 604.324 604.3198 604.3156 604.3115 604.3062 604.3022 604.2969 604.2911 604.2865 604.2807 604.2746 604.2693 604.2625 604.2581 604.2523 604.2454 604.2385 604.2317 604.2261 604.2183 604.2111 604.2038 604.1962 604.1873 604.1788 604.1729 604.1653 604.1561 604.1467 604.1394 604.1295 604.121 604.1119 604.1017 604.092 604.0826 604.0717 604.0613 604.0504 604.0413 604.0309
604.3724 604.373 604.3729 604.3735 604.3732 604.3738 604.3737 604.3734 604.3725 604.3711 604.3701 604.3682 604.3666 604.3651 604.3631 604.3614 604.3597 604.358 604.3544 604.3505 604.3467 604.3431 604.3405 604.3362 604.332 604.3279 604.3226 604.3187 604.3134 604.3076 604.3035 604.2973 604.2912 604.2859 604.2791 604.2753 604.2691 604.2623 604.2554 604.2493 604.243 604.2355 604.2285 604.2209 604.2133 604.2043 604.1973 604.1905 604.183 604.1735 604.1641 604.157 604.1472 604.1388 604.1299 604.1197 604.1116 604.1008 604.09 604.0796 604.0687 604.0605 604.0502
604.3893 604.3895 604.3893 604.3899 604.3896 604.3905 604.39 604.3898 604.389 604.3875 604.3865 604.3846 604.3831 604.3815 604.3795 604.3777 604.376 604.3743 604.3708 604.3669 604.363 604.3595 604.3569 604.3527 604.3484 604.3444 604.339 604.3353 604.3299 604.324 604.3201 604.3139 604.3078 604.3025 604.2957 604.2925 604.286 604.2791 604.2723 604.2668 604.2599 604.2526 604.2454 604.2381 604.2303 604.2214 604.2157 604.208 604.2004 604.191 604.1816 604.1747 604.1655 604.1567 604.1479 604.1377 604.1298 604.119 604.1082 604.0987 604.087 604.0798 604.0695
604.4061 604.4059 604.4058 604.4063 604.4059 604.407 604.4063 604.4062 604.4055 604.4038 604.4028 604.4009 604.3994 604.3978 604.3958 604.3941 604.3924 604.3907 604.3871 604.3832 604.3794 604.3761 604.3734 604.3691 604.3649 604.3608 604.3554 604.3518 604.3464 604.3405 604.3366 604.3305 604.3245 604.3191 604.3123 604.3098 604.3029 604.296 604.2892 604.2845 604.2769 604.2695 604.2622 604.2552 604.2474 604.2384 604.2337 604.2256 604.2178 604.2084 604.199 604.1924 604.1844 604.1746 604.1659 604.1556 604.1481 604.1372 604.1264 604.117 604.1063 604.0991 604.0887
604.4226 604.4223 604.4222 604.4228 604.4223 604.4233 604.4225 604.4225 604.4219 604.4202 604.4192 604.4173 604.4158 604.4142 604.412 604.4105 604.4088 604.407 604.4035 604.3996 604.3958 604.3926 604.3898 604.3856 604.3813 604.3772 604.3718 604.3683 604.363 604.357 604.3532 604.3471 604.3414 604.3357 604.3293 604.3266 604.3198 604.3129 604.306 604.3016 604.2938 604.2865 604.2791 604.2724 604.2645 604.2555 604.2513 604.2431 604.2353 604.2258 604.2177 604.2101 604.2023 604.1924 604.1838 604.1736 604.1663 604.1555 604.1454 604.1353 604.1269 604.1185 604.1081
604.4391 604.4387 604.4387 604.4392 604.4391 604.4396 604.4388 604.439 604.4383 604.4366 604.4355 604.4337 604.4321 604.4306 604.4285 604.4268 604.4251 604.4234 604.4199 604.416 604.4121 604.409 604.4063 604.402 604.3978 604.3936 604.3884 604.3848 604.3795 604.3734 604.3698 604.3637 604.3586 604.3523 604.3466 604.3435 604.3366 604.3298 604.3229 604.3186 604.3107 604.3034 604.2962 604.29 604.2816 604.2731 604.2688 604.2607 604.2527 604.2433 604.2368 604.2277 604.2202 604.2115 604.2018 604.1932 604.1845 604.1736 604.1637 604.1535 604.1475 604.1378 604.1274
604.4556 604.4551 604.4553 604.4557 604.4558 604.456 604.4551 604.4553 604.4547 604.4529 604.452 604.4501 604.4485 604.447 604.4449 604.4432 604.4415 604.4398 604.4362 604.4323 604.4285 604.4254 604.4227 604.4185 604.4143 604.41 604.405 604.4014 604.396 604.3901 604.3864 604.3803 604.3756 604.369 604.3639 604.3604 604.3535 604.3467 604.3398 604.3355 604.3277 604.3209 604.3143 604.3076 604.2986 604.2916 604.2864 604.2792 604.2701 604.2607 604.2552 604.2454 604.2381 604.23 604.2198 604.213 604.2027 604.1919 604.1825 604.1718 604.1674 604.157 604.1467
604.4721 604.4715 604.472 604.4721 604.4724 604.4723 604.4714 604.4717 604.4711 604.4693 604.4683 604.4664 604.4649 604.4633 604.4614 604.4595 604.4578 604.4561 604.4526 604.4487 604.4448 604.4418 604.4392 604.435 604.4307 604.4265 604.4216 604.4179 604.4125 604.4071 604.403 604.3969 604.3923 604.3856 604.3811 604.3773 604.3704 604.3635 604.3572 604.3524 604.3447 604.3387 604.3319 604.3246 604.3157 604.3101 604.3039 604.297 604.2876 604.2781 604.2729 604.2639 604.2559 604.248 604.2378 604.2318 604.2209 604.2101 604.2018 604.1909 604.1867 604.1763 604.166
604.4886 604.4883 604.4889 604.4886 604.4891 604.4886 604.4877 604.4881 604.4874 604.4857 604.4847 604.4828 604.4813 604.4797 604.4777 604.4759 604.4742 604.4724 604.4689 604.465 604.4612 604.4583 604.4556 604.4514 604.4472 604.4429 604.4385 604.4344 604.4289 604.4238 604.4196 604.4135 604.4089 604.4022 604.3984 604.3941 604.3873 604.3804 604.375 604.3694 604.3622 604.3556 604.3491 604.3417 604.3327 604.3284 604.3215 604.3145 604.3051 604.2961 604.2906 604.2832 604.2738 604.2659 604.2557 604.2499 604.2391 604.2296 604.22 604.2116 604.206 604.1957 604.1853
604.5051 604.5053 604.5057 604.505 604.5056 604.5049 604.5044 604.5045 604.5038 604.5021 604.501 604.4992 604.4976 604.4961 604.494 604.4922 604.4905 604.4888 604.4853 604.4814 604.4775 604.4749 604.4721 604.4679 604.4637 604.4593 604.4551 604.4509 604.4454 604.4408 604.4362 604.4301 604.4255 604.4188 604.4156 604.411 604.4042 604.3973 604.3925 604.3863 604.3792 604.3724 604.3662 604.3588 604.3498 604.3468 604.3391 604.3319 604.3224 604.3151 604.3083 604.3016 604.2917 604.2839 604.2747 604.2682 604.2573 604.2479 604.2383 604.2322 604.2253 604.215 604.2046
604.5217 604.522 604.5222 604.5214 604.522 604.5212 604.5211 604.5208 604.5202 604.5184 604.5174 604.5157 604.514 604.5125 604.5104 604.5086 604.5068 604.5051 604.5016 604.4977 604.4938 604.4915 604.4886 604.4843 604.4802 604.4757 604.4717 604.4675 604.4619 604.4578 604.4528 604.4467 604.4421 604.4354 604.4329 604.4279 604.421 604.4142 604.4103 604.4032 604.3961 604.3893 604.3833 604.3759 604.3675 604.3647 604.3566 604.3493 604.3399 604.334 604.3259 604.3195 604.3112 604.3019 604.2945 604.2864 604.2756 604.2664 604.2565 604.2528 604.2446 604.2343 604.2239
604.5381 604.539 604.5386 604.5379 604.5385 604.5375 604.5376 604.5371 604.5366 604.535 604.5338 604.5322 604.5304 604.5288 604.5269 604.525 604.5232 604.5215 604.518 604.5141 604.5102 604.5079 604.505 604.5008 604.4967 604.4921 604.4883 604.484 604.4783 604.4745 604.4694 604.4634 604.4587 604.4523 604.4502 604.4448 604.4379 604.4311 604.4277 604.4202 604.4131 604.4066 604.4009 604.3929 604.386 604.3823 604.3745 604.3668 604.3573 604.3531 604.3436 604.3373 604.3301 604.3199 604.3141 604.3046 604.2938 604.2866 604.2757 604.2733 604.2639 604.2535 604.2436
604.5547 604.556 604.555 604.5543 604.5549 604.5538 604.5541 604.5534 604.553 604.5515 604.5502 604.5487 604.5468 604.5452 604.5433 604.5413 604.5396 604.5378 604.5344 604.5305 604.5266 604.5244 604.5215 604.5173 604.5132 604.5086 604.5051 604.5005 604.4948 604.4913 604.486 604.4803 604.4753 604.4697 604.4673 604.4617 604.4548 604.4479 604.4449 604.4371 604.4307 604.4246 604.4189 604.41 604.4042 604.3998 604.393 604.3842 604.3748 604.3712 604.3624 604.3552 604.3481 604.3378 604.3337 604.3228 604.313 604.3048 604.2963 604.2936 604.2832 604.2728 604.2627
604.5712 604.5727 604.5714 604.5708 604.5714 604.5703 604.5709 604.5697 604.5694 604.5681 604.5665 604.5651 604.5631 604.5616 604.5598 604.5576 604.5559 604.5542 604.5507 604.5468 604.5429 604.5408 604.538 604.5337 604.5298 604.525 604.522 604.517 604.5112 604.5083 604.5026 604.4974 604.492 604.4871 604.4845 604.4785 604.4717 604.4653 604.4618 604.454 604.4487 604.4427 604.436 604.427 604.4228 604.4174 604.4111 604.4016 604.3935 604.3888 604.3815 604.3731 604.366 604.356 604.3519 604.3411 604.332 604.3231 604.317 604.3129 604.3026 604.2922 604.283
604.5877 604.5892 604.5878 604.5876 604.5878 604.5869 604.5876 604.586 604.5858 604.5845 604.5829 604.5814 604.5795 604.5779 604.5762 604.574 604.5723 604.5706 604.5671 604.5632 604.5596 604.5572 604.5544 604.5502 604.5465 604.5414 604.5386 604.5336 604.5276 604.5253 604.5192 604.5146 604.5086 604.5043 604.5019 604.4954 604.4886 604.483 604.4788 604.4719 604.4658 604.46 604.4531 604.4441 604.441 604.4349 604.4285 604.4191 604.4124 604.4065 604.4008 604.3912 604.384 604.3758 604.3701 604.3593 604.3503 604.3414 604.3375 604.3322 604.3218 604.3115 604.3032
604.6042 604.6057 604.6042 604.6042 604.6042 604.6037 604.6039 604.6023 604.6022 604.6008 604.5992 604.5977 604.5959 604.5943 604.5925 604.5903 604.5886 604.5869 604.5834 604.5795 604.5762 604.5737 604.5709 604.5667 604.5632 604.5579 604.5552 604.5501 604.5443 604.5419 604.5358 604.5316 604.5252 604.5214 604.5192 604.5123 604.5054 604.5006 604.4957 604.4888 604.4827 604.4771 604.4702 604.4619 604.4597 604.4525 604.4459 604.4365 604.4314 604.4241 604.4188 604.4108 604.402 604.3957 604.3883 604.3775 604.3703 604.3604 604.358 604.3515 604.3411 604.3314 604.3221
604.6209 604.6222 604.6211 604.6211 604.6207 604.6205 604.6202 604.6185 604.6186 604.6173 604.6157 604.6143 604.6122 604.6107 604.6088 604.6067 604.605 604.6033 604.5997 604.5959 604.5926 604.5901 604.5873 604.5831 604.5797 604.5743 604.5718 604.5666 604.5615 604.5585 604.5524 604.5485 604.5418 604.5387 604.536 604.5292 604.5223 604.5181 604.5126 604.5057 604.4995 604.4943 604.4872 604.4803 604.4778 604.47 604.4634 604.4539 604.4504 604.4418 604.4366 604.43 604.42 604.4152 604.4066 604.3963 604.3896 604.3811 604.3788 604.3708 604.3604 604.3505 604.3426
604.6382 604.6387 604.6381 604.638 604.6371 604.637 604.6365 604.6348 604.6349 604.6339 604.632 604.6307 604.6286 604.6271 604.6251 604.623 604.6213 604.6196 604.6161 604.6122 604.609 604.6065 604.6038 604.5995 604.5961 604.5909 604.5884 604.5831 604.5782 604.5751 604.569 604.5652 604.5584 604.5561 604.5529 604.546 604.5392 604.5359 604.5295 604.5227 604.517 604.5118 604.5043 604.4987 604.4957 604.4885 604.4808 604.4717 604.4694 604.4609 604.4545 604.4481 604.4379 604.4352 604.4247 604.4161 604.4079 604.4016 604.3992 604.3901 604.3797 604.3705 604.3626
