samples/sfe_82/sfe_82_c3/sfe_82_c3/sfe_82_c3.asc
ncols         243
nrows         113
xllcorner     94.199999999255
yllcorner     60.60000000149
cellsize      0.7
NODATA_value  -9999
[rows 28 to 55 of 113, columns 63 to 125 of 243]
600.159 600.1625 600.1583 600.1575 600.1595 600.1553 600.1628 600.1553 600.1487 600.1595 600.1533 600.1455 600.1467 600.1472 600.1437 600.139 600.1335 600.1285 600.1257 600.124 600.124 600.1265 600.1205 600.126 600.1265 600.1365 600.144 600.1393 600.1515 600.1508 600.1572 600.161 600.1567 600.1533 600.1503 600.1349 600.1307 600.1143 600.0992 600.081 600.0585 600.0468 600.031 600.0122 599.9943 599.9722 599.957 599.947 599.9418 599.9418 599.9622 599.9945 600.033 600.0765 600.4315 600.9373 601.105 601.4463 601.5934 601.717 601.8405 601.9643 602.1348
600.228 600.2263 600.2335 600.222 600.2308 600.2209 600.2292 600.2227 600.2165 600.2285 600.2215 600.2197 600.2275 600.2213 600.2153 600.2092 600.2037 600.1992 600.196 600.1948 600.195 600.1968 600.201 600.1975 600.1982 600.2053 600.2158 600.2067 600.2165 600.2264 600.2202 600.225 600.218 600.215 600.2085 600.192 600.1898 600.1722 600.1517 600.1337 600.1178 600.099 600.0748 600.056 600.0327 600.0073 599.9783 599.956 599.936 599.923 599.9203 599.9208 599.9252 599.9408 599.9988 600.0712 600.1795 600.5308 600.8625 601.2355 601.4628 601.5929 601.7724
600.3022 600.2935 600.302 600.2983 600.2993 600.3015 600.3025 600.294 600.3068 600.2997 600.2945 600.307 600.3008 600.2945 600.2888 600.2827 600.2858 600.2815 600.278 600.277 600.2682 600.27 600.2737 600.2798 600.269 600.2765 600.285 600.2963 600.2867 600.2972 600.2872 600.2943 600.2865 600.275 600.2708 600.266 600.252 600.2315 600.2135 600.19 600.173 600.1535 600.1297 600.1105 600.0815 600.046 600.0135 599.9832 599.9548 599.935 599.9175 599.902 599.8882 599.888 599.8958 599.9197 599.957 600.0073 600.0725 600.2698 600.615 600.9993 601.4227
600.3723 600.3658 600.371 600.3762 600.371 600.3748 600.3743 600.3853 600.3795 600.3725 600.3873 600.3818 600.376 600.3693 600.3685 600.3622 600.3735 600.369 600.3663 600.3532 600.3483 600.3505 600.349 600.3542 600.36 600.3537 600.3565 600.3663 600.37 600.3663 600.367 600.3615 600.3522 600.352 600.3353 600.3355 600.3152 600.2927 600.272 600.248 600.2383 600.2133 600.189 600.1627 600.1357 600.098 600.0643 600.0208 599.989 599.9653 599.9365 599.9105 599.8875 599.8715 599.8625 599.8593 599.8672 599.8798 599.9037 599.9713 600.0593 600.117 600.3328
600.4435 600.4532 600.445 600.4537 600.452 600.4567 600.4487 600.4603 600.455 600.4579 600.4637 600.457 600.4528 600.4468 600.461 600.455 600.45 600.4457 600.4425 600.4407 600.4405 600.4282 600.4258 600.429 600.4357 600.4438 600.431 600.4405 600.4445 600.4373 600.443 600.4323 600.4188 600.4195 600.4017 600.398 600.3795 600.3655 600.3335 600.3262 600.303 600.2817 600.2555 600.2252 600.2032 600.1613 600.109 600.0677 600.0322 600.0118 599.9713 599.9338 599.906 599.8743 599.8565 599.835 599.8282 599.824 599.8195 599.837 599.8845 599.9092 600.035
600.5143 600.523 600.5153 600.5262 600.5278 600.5313 600.5347 600.5372 600.5303 600.5432 600.539 600.5372 600.5325 600.5393 600.5355 600.5309 600.5267 600.5227 600.5202 600.5182 600.5166 600.5174 600.5179 600.5098 600.5148 600.518 600.5237 600.5132 600.5197 600.511 600.5153 600.5007 600.505 600.488 600.4868 600.4683 600.4465 600.431 600.4138 600.3937 600.368 600.3447 600.3168 600.2898 600.2605 600.215 600.162 600.1258 600.0915 600.046 600.0082 599.9748 599.9357 599.8937 599.8597 599.8445 599.8198 599.7975 599.784 599.7855 599.7925 599.8057 599.8488
600.5912 600.599 600.6045 600.6013 600.6147 600.606 600.6085 600.612 600.6218 600.621 600.615 600.6195 600.6252 600.6198 600.6143 600.6093 600.6042 600.6007 600.5975 600.596 600.5955 600.5963 600.5988 600.6022 600.586 600.5928 600.5997 600.5892 600.5935 600.589 600.5865 600.5728 600.5743 600.5612 600.557 600.5363 600.519 600.496 600.4855 600.4603 600.4343 600.4095 600.3798 600.365 600.3215 600.2733 600.2177 600.1893 600.142 600.0938 600.0522 600.0215 599.9772 599.9243 599.895 599.8568 599.8225 599.7983 599.7738 599.7575 599.7473 599.75 599.766
600.6617 600.6732 600.686 600.6772 600.69 600.6868 600.695 600.688 600.704 600.698 600.692 600.707 600.7022 600.697 600.692 600.6868 600.6823 600.6788 600.6753 600.6738 600.6733 600.6735 600.6758 600.6793 600.6832 600.669 600.675 600.6727 600.6663 600.6725 600.6583 600.6483 600.645 600.6292 600.626 600.6042 600.5845 600.5759 600.5543 600.5275 600.5098 600.4797 600.4525 600.4352 600.3885 600.3307 600.2947 600.2565 600.1987 600.1497 600.105 600.071 600.025 599.9808 599.9325 599.8865 599.8412 599.8157 599.7808 599.7523 599.731 599.7225 599.7188
600.7422 600.746 600.7588 600.7598 600.764 600.7587 600.7708 600.7735 600.78 600.7747 600.7858 600.786 600.7803 600.7758 600.7692 600.7867 600.7825 600.779 600.7762 600.7745 600.7735 600.7515 600.7537 600.7562 600.7607 600.7605 600.7498 600.7557 600.745 600.7455 600.7292 600.7327 600.715 600.7104 600.695 600.6815 600.6505 600.6455 600.6205 600.5988 600.5732 600.5485 600.5315 600.4929 600.4525 600.3925 600.3583 600.315 600.2563 600.209 600.1633 600.1195 600.0755 600.0308 599.979 599.9252 599.881 599.8409 599.802 599.7635 599.737 599.7127 599.696
600.8262 600.829 600.8333 600.845 600.84 600.8538 600.846 600.8565 600.8568 600.8637 600.8675 600.8627 600.858 600.8688 600.8682 600.8647 600.861 600.8575 600.8545 600.8525 600.8515 600.8495 600.8307 600.8333 600.8367 600.836 600.8328 600.8293 600.819 600.8175 600.8068 600.8038 600.7982 600.785 600.7642 600.7517 600.7335 600.7135 600.689 600.665 600.6405 600.615 600.605 600.5583 600.516 600.4747 600.4305 600.3785 600.3203 600.2713 600.2375 600.179 600.1215 600.0787 600.0365 599.9758 599.9263 599.8757 599.8225 599.7852 599.7573 599.722 599.6968
600.9 600.9022 600.908 600.9189 600.9188 600.929 600.9247 600.9387 600.9332 600.946 600.945 600.9395 600.952 600.947 600.9482 600.9437 600.9393 600.9357 600.9325 600.931 600.9295 600.9293 600.9245 600.913 600.9125 600.9163 600.9083 600.903 600.9033 600.8898 600.8923 600.874 600.8698 600.8542 600.8337 600.8173 600.8075 600.7835 600.768 600.7405 600.7075 600.7005 600.6722 600.6305 600.5828 600.5427 600.498 600.4417 600.4015 600.354 600.2982 600.242 600.1905 600.1398 600.0875 600.0253 599.9792 599.9183 599.8607 599.827 599.7868 599.7418 599.7153
600.9735 600.9847 600.9838 600.996 601.008 601.005 601.0027 601.014 601.0145 601.026 601.0212 601.0272 601.0342 601.0297 601.0253 601.0217 601.017 601.0137 601.0113 601.0087 601.007 601.0065 601.0075 600.9987 600.9885 600.9915 600.9897 600.9765 600.979 600.9667 600.9637 600.9482 600.9432 600.924 600.9058 600.8992 600.8762 600.8557 600.8355 600.811 600.7905 600.7705 600.7365 600.6978 600.6548 600.6118 600.565 600.5228 600.4688 600.428 600.365 600.307 600.2621 600.199 600.1312 600.0777 600.0317 599.9825 599.9183 599.876 599.8248 599.7767 599.742
601.0465 601.0557 601.0637 601.0705 601.082 601.0795 601.095 601.0905 601.0927 601.1017 601.1015 601.1025 601.1113 601.1068 601.1025 601.0992 601.1113 601.1085 601.1053 601.1035 601.0845 601.0842 601.0835 601.0845 601.0732 601.066 601.0682 601.0518 601.0515 601.0482 601.034 601.0182 601.014 600.9948 600.9725 600.9683 600.9455 600.9263 600.9045 600.8768 600.8603 600.8403 600.8055 600.7655 600.7234 600.6815 600.6385 600.5938 600.5403 600.4935 600.4318 600.3782 600.3287 600.2762 600.1957 600.1528 600.091 600.0185 599.969 599.9225 599.8733 599.8195 599.7792
601.1183 601.134 601.139 601.144 601.1592 601.1542 601.171 601.1655 601.1825 601.1788 601.1795 601.1918 601.1882 601.1838 601.1925 601.1892 601.195 601.1918 601.1882 601.1788 601.1747 601.1738 601.1605 601.1605 601.1608 601.1458 601.142 601.143 601.1232 601.123 601.104 601.0963 601.084 601.0674 601.06 601.0372 601.0137 601.0015 600.9805 600.9612 600.933 600.9095 600.8738 600.8343 600.7938 600.7532 600.7103 600.666 600.6187 600.5632 600.5037 600.4517 600.4015 600.3463 600.2938 600.2242 600.1642 600.0946 600.05 599.9835 599.9088 599.874 599.8265
601.1907 601.2067 601.2228 601.2238 601.2338 601.2443 601.245 601.2512 601.258 601.2555 601.2723 601.2678 601.2642 601.2705 601.2785 601.2758 601.2723 601.2687 601.2662 601.2637 601.2612 601.2507 601.246 601.2357 601.2355 601.2213 601.2153 601.2153 601.1953 601.195 601.1848 601.174 601.1528 601.1378 601.1288 601.106 601.0922 601.0695 601.0512 601.0305 601.0048 600.978 600.9417 600.9042 600.8657 600.8292 600.7825 600.7368 600.6923 600.6317 600.5677 600.53 600.4728 600.397 600.3577 600.293 600.2368 600.1758 600.1163 600.0557 599.9958 599.9362 599.8655
601.281 601.2792 601.2945 601.2962 601.3065 601.3203 601.3228 601.335 601.3333 601.3505 601.3475 601.344 601.3465 601.3588 601.3555 601.3527 601.3492 601.3458 601.3433 601.3408 601.3383 601.3365 601.329 601.3167 601.3102 601.309 601.2878 601.287 601.2852 601.265 601.2557 601.2432 601.2247 601.2045 601.1968 601.1775 601.163 601.135 601.1238 601.1002 601.0748 601.0463 601.0115 600.9803 600.952 600.9017 600.8542 600.8125 600.7665 600.7062 600.6548 600.6072 600.553 600.4835 600.437 600.3705 600.3025 600.253 600.1777 600.128 600.0753 600.0087 599.9551
601.3495 601.3608 601.367 601.3795 601.3832 601.3975 601.409 601.4115 601.408 601.4277 601.425 601.424 601.4482 601.4453 601.4423 601.4395 601.4365 601.4335 601.4305 601.428 601.4255 601.4227 601.4205 601.3978 601.3863 601.3845 601.3832 601.3585 601.357 601.3385 601.332 601.312 601.2905 601.288 601.2648 601.246 601.238 601.2158 601.1927 601.1693 601.1437 601.1165 601.082 601.0525 601.0212 600.9708 600.9315 600.8917 600.847 600.7855 600.7532 600.6905 600.6373 600.5853 600.5178 600.453 600.3878 600.335 600.261 600.197 600.1483 600.081 600.0266
601.4258 601.4402 601.4395 601.4622 601.4587 601.484 601.503 601.507 601.5045 601.5305 601.5283 601.5435 601.6143 601.6116 601.6091 601.6065 601.6041 601.6014 601.5991 601.5955 601.5933 601.5905 601.588 601.5655 601.4977 601.488 601.4855 601.4612 601.4517 601.4373 601.4185 601.3895 601.384 601.3555 601.348 601.322 601.3077 601.2845 601.2618 601.2432 601.2135 601.1857 601.1508 601.1407 601.0837 601.05 601.0113 600.9725 600.9245 600.8885 600.8425 600.7742 600.7233 600.6735 600.6027 600.5392 600.4838 600.4045 600.3488 600.2917 600.2267 600.1653 600.106
601.5135 601.5313 601.5358 601.554 601.5812 601.6389 601.7133 601.7886 601.7938 601.8527 601.9012 601.9238 601.9971 602.0051 602.0026 601.9999 601.9974 601.9949 601.9924 601.9889 601.9866 601.9837 601.9811 601.9455 601.8667 601.8604 601.827 601.7463 601.7306 601.6505 601.5943 601.5135 601.4775 601.4532 601.422 601.4067 601.388 601.3547 601.3305 601.3105 601.2877 601.256 601.2415 601.213 601.167 601.128 601.0917 601.059 601.015 600.9715 600.9222 600.858 600.8 600.751 600.6843 600.628 600.5755 600.496 600.428 600.3845 600.3022 600.253 600.1917
601.6951 601.7706 601.8466 601.9219 601.9792 602.0327 602.1037 602.179 602.1875 602.2464 602.2947 602.3041 602.3774 602.3986 602.3961 602.3934 602.3908 602.3883 602.3858 602.3823 602.38 602.377 602.3741 602.3255 602.2561 602.2535 602.2167 602.136 602.1168 602.0368 601.9839 601.9031 601.8224 601.7439 601.6685 601.6022 601.5151 601.457 601.4255 601.3953 601.3635 601.3307 601.3193 601.2758 601.2418 601.2135 601.1905 601.1382 601.092 601.06 601.0025 600.948 600.903 600.8472 600.7792 600.725 600.6713 600.5972 600.5372 600.4715 600.4058 600.3475 600.28
602.0859 602.1612 602.2371 602.3123 602.3729 602.4265 602.4941 602.5694 602.5812 602.6401 602.6884 602.6852 602.7577 602.7921 602.7897 602.7869 602.7841 602.7817 602.7791 602.7756 602.7734 602.7701 602.7672 602.7054 602.6493 602.6466 602.6064 602.5291 602.5031 602.423 602.3734 602.2927 602.212 602.1367 602.0616 601.9883 601.8996 601.7972 601.7045 601.6049 601.5051 601.4543 601.4203 601.362 601.3205 601.3143 601.2578 601.224 601.1815 601.1448 601.0957 601.043 601.001 600.9532 600.8743 600.8245 600.7678 600.698 600.6385 600.5608 600.5005 600.4432 600.3777
602.4766 602.5519 602.6276 602.7027 602.7665 602.8203 602.8845 602.9598 602.9749 603.0338 603.0821 603.0788 603.138 603.1857 603.1832 603.1804 603.1775 603.175 603.1725 603.169 603.1667 603.1634 603.1602 603.0854 603.0425 603.0397 602.9962 602.9221 602.8893 602.8093 602.763 602.6823 602.6016 602.5294 602.4544 602.3744 602.2841 602.1776 602.093 601.9933 601.8936 601.7938 601.6666 601.5393 601.4465 601.4042 601.3618 601.324 601.2785 601.2468 601.2017 601.1392 601.0938 601.0383 600.9757 600.9315 600.8558 600.8076 600.742 600.6705 600.611 600.5518 600.4752
602.8627 602.9426 603.0181 603.0933 603.1602 603.2247 603.2749 603.3502 603.3685 603.4274 603.4757 603.4725 603.5183 603.5792 603.5767 603.5739 603.5709 603.5684 603.5658 603.5624 603.5601 603.5566 603.5442 603.4654 603.4357 603.4327 603.3859 603.3152 603.2756 603.1972 603.1525 603.0718 602.9911 602.9222 602.8405 602.7605 602.6682 602.5579 602.4814 602.3817 602.282 602.1708 602.043 601.9276 601.813 601.6723 601.5699 601.4731 601.4027 601.3492 601.281 601.25 601.2012 601.1403 601.1122 601.0488 600.9863 600.9227 600.8555 600.7838 600.7283 600.66 600.5892
603.2482 603.3333 603.4086 603.4838 603.5539 603.6299 603.6653 603.7406 603.7622 603.8211 603.8694 603.8662 603.8987 603.9719 603.9702 603.9674 603.9642 603.9618 603.959 603.9557 603.9533 603.9498 603.9242 603.8453 603.8289 603.8258 603.7756 603.7083 603.6619 603.5901 603.5421 603.4614 603.3807 603.3133 603.2266 603.1466 603.0444 602.9423 602.8699 602.7701 602.6704 602.5472 602.4194 602.3159 602.1728 602.0607 601.9502 601.8309 601.6553 601.5516 601.421 601.388 601.3315 601.2603 601.2003 601.158 601.0837 601.0403 600.9535 600.8953 600.8483 600.769 600.7083
603.6337 603.724 603.7993 603.8744 603.9476 604.0235 604.0557 604.131 604.128 604.1255 604.1242 604.1226 604.1211 604.1195 604.1178 604.116 604.1143 604.1126 604.1091 604.1052 604.1013 604.0975 604.0936 604.0894 604.0851 604.0809 604.0763 604.0732 604.0482 603.9831 603.9316 603.8509 603.7702 603.7021 603.6127 603.5327 603.4207 603.3282 603.2583 603.1586 603.0514 602.9236 602.8041 602.7008 602.5544 602.4469 602.3304 602.1846 602.0391 601.9269 601.7847 601.6692 601.5157 601.4238 601.369 601.291 601.2265 601.1615 601.0988 601.0233 600.972 600.8862 600.8372
604.0191 604.1137 604.145 604.1437 604.1447 604.1451 604.1446 604.1439 604.1429 604.1419 604.1406 604.139 604.1375 604.1359 604.1342 604.1324 604.1307 604.129 604.1255 604.1216 604.1177 604.1138 604.11 604.1058 604.1016 604.0974 604.0927 604.0873 604.082 604.0767 604.071 604.0649 604.0588 604.056 603.9988 603.9188 603.7969 603.7142 603.6467 603.5469 603.4278 603.3 603.1922 603.0656 602.9373 602.8233 602.7108 602.5509 602.4277 602.2806 602.1731 602.0228 601.8918 601.7642 601.5856 601.437 601.3928 601.3043 601.1995 601.1655 601.099 601.0185 600.9603
604.158 604.1586 604.1591 604.16 604.1609 604.1614 604.1609 604.1603 604.1593 604.1583 604.1569 604.1554 604.1538 604.1522 604.1505 604.1487 604.147 604.1453 604.1418 604.1379 604.134 604.1302 604.1265 604.1223 604.118 604.1138 604.1091 604.1038 604.0986 604.0932 604.0875 604.0815 604.0754 604.0693 604.0632 604.0564 604.0496 604.0445 604.0352 603.9319 603.8042 603.6808 603.5804 603.4473 603.3257 603.1994 603.0723 602.9478 602.8146 602.6607 602.5566 602.3956 602.2682 602.1193 601.9411 601.8185 601.6819 601.5022 601.4117 601.332 601.2083 601.1592 601.086
604.1745 604.175 604.1756 604.1763 604.1772 604.1777 604.1774 604.1767 604.1757 604.1747 604.1733 604.1718 604.1702 604.1685 604.1668 604.1651 604.1634 604.1617 604.1581 604.1543 604.1504 604.1465 604.1429 604.1387 604.1345 604.1303 604.1255 604.1202 604.1151 604.1097 604.1039 604.0981 604.092 604.0859 604.0798 604.073 604.0662 604.0597 604.0529 604.046 604.0391 604.0342 603.9585 603.8289 603.7039 603.5755 603.4465 603.3206 603.1684 603.049 602.9102 602.7717 602.6445 602.4733 602.3295 602.2 602.0355 601.8616 601.7295 601.5953 601.4194 601.3367 601.265
