SIN0=(0.8223895987502752,1.0,-2.0,MASK0)
SIN1=(0.7958780171014599,1.5,2.82,MASK0)
SIN2=(0.4862032483422871,3.0,-1.74,MASK0)
SIN3=(0.20784648333976222,4.0,2.76,MASK0)
SIN4=(0.17935046077578815,5.0,-1.27,MASK0)
SIN5=(0.3890925330196958,6.0,2.55,MASK0)
SIN6=(0.17265839481115547,7.0,-0.46,MASK0)
SIN7=(0.054076783482303534,10.0,2.31,MASK0)
SIN8=(0.1580985462240444,8.0,2.51,MASK0)
SIN9=(0.1793504607757881,5.0,-1.27,MASK0)
SIN10=(0.48620324834228706,3.0,-1.74,MASK0)
SIN11=(0.7958780171014599,1.5,2.82,MASK0)
SIN12=(0.8223895987502752,1.0,-2.0,MASK0)

