SIN0=(4.79014881735899,1.0,-0.0,MASK0)
SIN1=(1.9594525228228528,2.0,0.15,MASK0)
SIN2=(1.7990436557024025,3.0,-1.07,MASK0)
SIN3=(0.06738800963711361,3.5,0.22,MASK0)
SIN4=(1.032343788063322,10.0,0.21,MASK0)
SIN5=(0.9240162339882828,11.0,-0.55,MASK0)
SIN6=(0.49527139550427923,11.5,0.21,MASK0)
SIN7=(0.9513683189129016,8.5,2.65,MASK0)
SIN8=(0.28540152153714493,8.0,2.41,MASK0)
SIN9=(1.9594525228228528,2.0,0.15,MASK0)
SIN10=(4.7901488173589915,1.0,-0.0,MASK0)

