samples/sfe_316/sfe_316_v10/sfe_316_v10/sfe_316_v10.asc
ncols         184
nrows         75
xllcorner     96.199999999255
yllcorner     62.60000000149
cellsize      1
NODATA_value  -9999
[rows 0 to 27 of 75, columns 64 to 127 of 184]
608.9905 608.9667 608.9426 608.9188 608.8948 608.8709 608.8469 608.8231 608.7991 608.775 608.7518 608.7278 608.7039 608.6799 608.6566 608.6326 608.6086 608.5853 608.5613 608.5379 608.5139 608.4899 608.4666 608.4425 608.4191 608.3951 608.3715 608.3475 608.3241 608.3007 608.2766 608.2531 608.2296 608.2056 608.1819 608.1584 608.1344 608.1107 608.0871 608.0635 608.0395 608.0158 607.9921 607.9686 607.9445 607.9208 607.8971 607.8734 607.8497 607.8259 607.8022 607.7784 607.7547 607.7307 607.707 607.6832 607.6594 607.6357 607.6118 607.5881 607.564 607.5405 607.5164 607.4928
608.8905 608.8672 608.8431 608.8196 608.7957 608.7723 608.7484 608.725 608.701 608.6783 608.6561 608.6321 608.6087 608.5846 608.5638 608.5397 608.5155 608.4945 608.4705 608.4493 608.4254 608.4023 608.38 608.3569 608.3345 608.3112 608.2884 608.2655 608.2428 608.2212 608.197 608.1749 608.1531 608.129 608.1066 608.0847 608.0607 608.0381 608.0156 607.9935 607.9701 607.9468 607.9242 607.9019 607.8778 607.8558 607.8323 607.8094 607.787 607.7641 607.7412 607.7183 607.6954 607.6713 607.6486 607.6255 607.6025 607.5794 607.5566 607.5332 607.5101 607.4869 607.4629 607.4405
608.7905 608.7677 608.7437 608.7206 608.6965 608.6737 608.6497 608.6268 608.6028 608.5826 608.5604 608.5364 608.5135 608.4893 608.4709 608.4467 608.4226 608.4037 608.3798 608.3607 608.3367 608.3157 608.2935 608.2724 608.2498 608.2281 608.2052 608.1843 608.1615 608.1417 608.1175 608.0967 608.0766 608.0524 608.0313 608.0111 607.9869 607.9656 607.9442 607.9235 607.9015 607.8777 607.8563 607.8353 607.8112 607.7916 607.7675 607.7455 607.7244 607.7023 607.6802 607.658 607.636 607.6119 607.5901 607.5679 607.5455 607.5232 607.5021 607.4784 607.4559 607.4334 607.41 607.3882
608.6905 608.6682 608.6441 608.6215 608.5975 608.5751 608.5511 608.5287 608.5048 608.4869 608.4647 608.4407 608.4183 608.394 608.378 608.3537 608.332 608.313 608.289 608.2721 608.2481 608.2292 608.2069 608.1878 608.1652 608.1451 608.1221 608.103 608.0802 608.0622 608.0379 608.0186 608.0001 607.9759 607.9559 607.9374 607.9132 607.893 607.8727 607.8535 607.8329 607.8087 607.7883 607.7687 607.7445 607.7269 607.7027 607.6832 607.6617 607.6404 607.6192 607.5978 607.5767 607.5546 607.5333 607.5117 607.49 607.4669 607.4476 607.4236 607.4017 607.3799 607.3579 607.3359
608.5905 608.5687 608.5446 608.5224 608.4984 608.4765 608.4525 608.4307 608.4067 608.3912 608.3691 608.345 608.3231 608.3003 608.2851 608.2607 608.2413 608.2222 608.1982 608.1835 608.1595 608.1427 608.1204 608.1033 608.0806 608.062 608.0389 608.0219 607.999 607.9827 607.9594 607.9404 607.9236 607.8993 607.8806 607.8638 607.8397 607.8208 607.8012 607.7835 607.764 607.7407 607.7205 607.7021 607.6785 607.6622 607.6393 607.6209 607.5991 607.5786 607.5582 607.5377 607.5173 607.4973 607.4765 607.4556 607.4346 607.4117 607.393 607.3688 607.3477 607.3264 607.305 607.2836
608.4905 608.4692 608.4451 608.4233 608.3993 608.3779 608.3539 608.3326 608.3085 608.2955 608.2734 608.2493 608.228 608.2074 608.1922 608.1677 608.1506 608.1315 608.108 608.0948 608.0709 608.0562 608.0338 608.0187 607.9959 607.9789 607.9557 607.9406 607.9186 607.9032 607.8815 607.8624 607.8472 607.8233 607.8058 607.7902 607.7672 607.7496 607.7298 607.7135 607.695 607.6733 607.6539 607.6356 607.6143 607.5975 607.5765 607.5587 607.5367 607.5172 607.4975 607.4777 607.4579 607.4393 607.4193 607.399 607.3788 607.3571 607.3383 607.3143 607.2947 607.2731 607.2532 607.2316
608.3905 608.3697 608.3456 608.3243 608.3003 608.2793 608.2553 608.2345 608.2104 608.1999 608.1777 608.1537 608.1328 608.1145 608.0992 608.0747 608.06 608.0408 608.0194 608.0062 607.9822 607.9696 607.9473 607.9341 607.9113 607.8959 607.8729 607.8594 607.8391 607.8237 607.8036 607.7845 607.7707 607.7471 607.732 607.7165 607.6956 607.6784 607.6587 607.6435 607.626 607.6061 607.5874 607.569 607.5503 607.5328 607.5136 607.4965 607.4742 607.4556 607.4368 607.4183 607.3986 607.381 607.3616 607.3422 607.3226 607.3025 607.2835 607.2598 607.2416 607.2199 607.2014 607.1796
608.2905 608.2702 608.2462 608.2253 608.2013 608.1807 608.1567 608.1364 608.1126 608.1042 608.082 608.058 608.0375 608.0217 608.0062 607.9818 607.9693 607.95 607.9308 607.9176 607.8939 607.8831 607.8608 607.8496 607.8267 607.8128 607.7898 607.7782 607.7596 607.7442 607.7258 607.7073 607.6942 607.6729 607.6583 607.6428 607.624 607.6072 607.5873 607.5737 607.5571 607.5388 607.5209 607.5025 607.4858 607.4681 607.4507 607.4342 607.4128 607.3948 607.3766 607.3592 607.3395 607.323 607.3043 607.2855 607.2667 607.2476 607.2288 607.2049 607.1887 607.1663 607.1496 607.1273
608.1905 608.1707 608.1466 608.1263 608.1023 608.0821 608.0581 608.0383 608.0156 608.0085 607.9863 607.9623 607.9423 607.9288 607.9133 607.8887 607.8787 607.8593 607.8422 607.829 607.8052 607.7965 607.7744 607.7651 607.7422 607.7297 607.7075 607.697 607.6801 607.6647 607.6479 607.6308 607.6178 607.5986 607.5847 607.5692 607.5524 607.5359 607.5178 607.5038 607.4882 607.4715 607.4543 607.4362 607.42 607.4037 607.3872 607.3719 607.3519 607.3347 607.3173 607.3001 607.2803 607.2648 607.2469 607.2289 607.2108 607.1924 607.174 607.1514 607.1356 607.1127 607.0978 607.075
608.0905 608.0712 608.0471 608.0273 608.0033 607.9835 607.9595 607.9402 607.9199 607.9128 607.8906 607.8666 607.8472 607.8359 607.8203 607.7959 607.788 607.7685 607.7535 607.7404 607.7183 607.71 607.6891 607.6805 607.6583 607.6466 607.6263 607.6158 607.6006 607.5852 607.57 607.5543 607.5413 607.5242 607.511 607.4955 607.4807 607.4647 607.4482 607.4341 607.4195 607.4042 607.3878 607.3694 607.3555 607.339 607.3234 607.3097 607.291 607.2745 607.2579 607.241 607.2209 607.2064 607.1893 607.172 607.1545 607.1369 607.1193 607.0986 607.0826 607.0609 607.046 607.0238
607.7789 607.7598 607.7404 607.7209 607.7012 607.6816 607.6618 607.6954 607.7712 607.7511 607.7296 607.7361 607.761 607.743 607.7273 607.7043 607.6973 607.6777 607.6649 607.6518 607.6318 607.6234 607.6046 607.5959 607.5753 607.5635 607.5451 607.5346 607.5211 607.5059 607.4921 607.4778 607.4648 607.45 607.4374 607.4219 607.4091 607.3936 607.3787 607.3655 607.3505 607.3369 607.3213 607.3028 607.2912 607.2742 607.2595 607.2475 607.23 607.2144 607.1986 607.1819 607.1621 607.1483 607.1317 607.1151 607.0983 607.0816 607.0645 607.0458 607.0296 607.0095 606.9941 606.9735
606.9736 606.9539 606.9503 606.9305 606.9253 606.9052 606.8995 606.9376 607.009 607.0024 606.9804 607.0067 607.0766 607.0865 607.1211 607.1893 607.1964 607.2596 607.2823 607.3273 607.3801 607.4208 607.4738 607.5104 607.497 607.4805 607.4639 607.4534 607.4417 607.4267 607.4142 607.4014 607.3884 607.3757 607.3638 607.3483 607.3374 607.3223 607.3093 607.2969 607.2817 607.2696 607.2548 607.2381 607.227 607.2106 607.197 607.1851 607.1691 607.1543 607.1393 607.1228 607.1049 607.0914 607.0756 607.0594 607.0425 607.0271 607.0099 606.9931 606.9764 606.958 606.9423 606.9232
606.1683 606.148 606.16 606.14 606.1494 606.1292 606.1373 606.1798 606.2467 606.2538 606.2312 606.2773 606.3525 606.3631 606.4082 606.4849 606.5008 606.564 606.5949 606.6483 606.7101 606.7584 606.8066 606.8556 606.9126 606.9695 607.0297 607.0884 607.1364 607.1925 607.2576 607.302 607.3195 607.3014 607.2901 607.2755 607.2652 607.2511 607.2397 607.2283 607.2144 607.2018 607.1882 607.1741 607.1628 607.1478 607.1348 607.1226 607.1082 607.0941 607.0799 607.0637 607.0476 607.0346 607.0194 607.004 606.9879 606.9725 606.9552 606.9393 606.9231 606.9066 606.8902 606.8729
605.363 605.3422 605.3699 605.3493 605.3735 605.3531 605.375 605.422 605.4844 605.5051 605.482 605.5479 605.6257 605.6397 605.6953 605.7734 605.8052 605.8684 605.9089 605.9692 606.0472 606.0959 606.1395 606.2007 606.2744 606.33 606.3957 606.4628 606.5168 606.5797 606.6439 606.6999 606.7539 606.8457 606.8961 606.9504 607.0427 607.1044 607.1724 607.161 607.1471 607.1347 607.1217 607.1101 607.0985 607.0849 607.0726 607.06 607.0472 607.034 607.0206 607.0046 606.9903 606.9778 606.9633 606.9486 606.9332 606.918 606.9004 606.8859 606.8696 606.8542 606.8379 606.822
604.5577 604.5363 604.5797 604.5587 604.5975 604.5767 604.6127 604.6641 604.7225 604.7565 604.7454 604.8185 604.8951 604.9189 604.9824 605.0618 605.1096 605.1937 605.229 605.2901 605.3838 605.4335 605.4847 605.5459 605.6349 605.6905 605.7616 605.8488 605.8973 605.966 606.0346 606.0977 606.1599 606.257 606.3043 606.3701 606.4637 606.5226 606.5972 606.6757 606.7491 606.8212 606.8724 606.9462 607.0366 607.022 607.0103 606.9981 606.9858 606.9733 606.9607 606.9456 606.933 606.921 606.9072 606.8932 606.8786 606.8635 606.8457 606.8329 606.8161 606.8024 606.7856 606.7713
603.7525 603.732 603.7895 603.768 603.8216 603.8002 603.8505 603.9063 603.9604 604.0078 604.0171 604.0891 604.1761 604.2042 604.2734 604.3503 604.4141 604.5148 604.5499 604.6251 604.7172 604.7711 604.8298 604.9036 604.9954 605.0593 605.1276 605.2325 605.2778 605.3523 605.4374 605.4956 605.5684 605.671 605.7125 605.7896 605.8818 605.9413 606.022 606.1047 606.1805 606.2563 606.3058 606.3966 606.4803 606.5591 606.6364 606.6952 606.7803 606.8653 606.9065 606.8864 606.8757 606.8642 606.8511 606.8378 606.824 606.809 606.7925 606.7798 606.7632 606.7507 606.7335 606.7206
602.9472 602.9419 602.9994 602.9774 603.0457 603.0364 603.0886 603.1503 603.2063 603.2589 603.2889 603.3597 603.4572 603.4913 603.5679 603.6473 603.7184 603.8331 603.8709 603.9659 604.0506 604.109 604.175 604.2689 604.356 604.4349 604.4935 604.6046 604.6583 604.7385 604.8403 604.8935 604.9769 605.0698 605.1207 605.2092 605.3 605.371 605.4504 605.5338 605.6119 605.6898 605.7394 605.8469 605.9239 606.0084 606.0848 606.1516 606.2382 606.3243 606.408 606.4623 606.5359 606.6236 606.7088 606.792 606.7694 606.7544 606.7397 606.7269 606.7117 606.6989 606.6829 606.67
602.1419 602.1518 602.2093 602.1938 602.2698 602.2742 602.3267 602.395 602.4576 602.5098 602.5606 602.6392 602.7382 602.7784 602.8624 602.9516 603.0228 603.1513 603.1918 603.3069 603.384 603.4599 603.5202 603.6343 603.7165 603.8008 603.8767 603.9827 604.0462 604.1248 604.2433 604.2914 604.3854 604.4762 604.5295 604.6293 604.7181 604.7958 604.8864 604.9628 605.0433 605.1233 605.1838 605.2972 605.3676 605.4577 605.5333 605.6076 605.6957 605.7831 605.8629 605.9172 605.9975 606.0888 606.1729 606.256 606.3392 606.4034 606.4696 606.5621 606.6319 606.648 606.6327 606.6193
601.3366 601.3617 601.4192 601.4179 601.4938 601.5119 601.5649 601.6396 601.709 601.7607 601.8324 601.9205 602.0192 602.0656 602.1623 602.2559 602.3273 602.4695 602.5128 602.6478 602.7216 602.8108 602.8654 602.9884 603.077 603.1667 603.2625 603.3632 603.4428 603.5211 603.6416 603.6893 603.7951 603.8844 603.954 604.056 604.1363 604.2206 604.32 604.4019 604.4794 604.5568 604.6342 604.7426 604.8204 604.9125 604.9818 605.0637 605.1531 605.242 605.3178 605.3754 605.4652 605.5557 605.6368 605.72 605.8032 605.8619 605.9434 606.0274 606.1024 606.1923 606.2662 606.3586
600.5313 600.5716 600.6291 600.642 600.7179 600.7496 600.8031 600.8843 600.9603 601.0116 601.1041 601.2018 601.3002 601.358 601.4656 601.5602 601.6432 601.7878 601.8477 601.9825 602.0591 602.1617 602.2302 602.3527 602.4375 602.5327 602.6483 602.7437 602.8333 602.9241 603.0331 603.1024 603.2102 603.2926 603.3757 603.4827 603.5544 603.6454 603.749 603.8356 603.9229 603.9903 604.0846 604.1863 604.27 604.3682 604.4303 604.5197 604.6105 604.7008 604.7727 604.837 604.9313 605.0196 605.1008 605.1868 605.2672 605.3204 605.4171 605.4927 605.5728 605.6565 605.7366 605.8228
599.726 599.7815 599.839 599.8661 599.942 599.9874 600.0413 600.129 600.2117 600.2626 600.3722 600.483 600.5813 600.6525 600.7689 600.8646 600.9732 601.106 601.1887 601.3163 601.3967 601.4945 601.5955 601.7205 601.8135 601.905 602.0342 602.1241 602.2195 602.327 602.431 602.5155 602.6254 602.7008 602.7952 602.9094 602.9859 603.0774 603.178 603.267 603.3663 603.4238 603.5349 603.6299 603.7193 603.8207 603.8872 603.9806 604.0734 604.1597 604.2276 604.2985 604.3965 604.4816 604.5649 604.6488 604.7258 604.7831 604.8898 604.958 605.0433 605.1207 605.2071 605.287
599.1705 599.159 599.143 599.139 599.2455 599.3645 599.3775 599.434 599.463 599.5259 599.6446 599.7625 599.8623 599.947 600.0723 600.1689 600.3031 600.422 600.5295 600.6534 600.7343 600.8397 600.9609 601.0883 601.1907 601.2906 601.4201 601.5056 601.6058 601.7297 601.8288 601.9252 602.0405 602.109 602.2165 602.3319 602.4185 602.5134 602.6071 602.6984 602.8077 602.8718 602.985 603.0735 603.1686 603.2692 603.3469 603.4409 603.5343 603.6185 603.6825 603.7635 603.8617 603.9457 604.0289 604.1121 604.1842 604.2568 604.3578 604.4225 604.5137 604.5848 604.6776 604.7512
599.0735 599.058 599.076 598.9395 598.876 598.98 599.124 599.104 599.1135 599.159 599.191 599.2525 599.247 599.2605 599.3756 599.4731 599.6301 599.7355 599.8705 599.9905 600.077 600.1914 600.3263 600.4561 600.568 600.6762 600.806 600.9022 601.0077 601.1324 601.2267 601.3337 601.4556 601.5331 601.6432 601.7501 601.844 601.9492 602.0443 602.1377 602.2412 602.3222 602.4352 602.5233 602.623 602.7177 602.803 602.8984 602.9932 603.0774 603.138 603.2326 603.3288 603.4097 603.4929 603.576 603.6427 603.7304 603.8237 603.8851 603.9839 604.0491 604.1478 604.2154
598.7675 598.775 598.7755 598.8295 598.911 598.8225 598.7575 598.744 598.7275 598.738 598.7355 598.7305 598.724 598.6485 598.7955 598.8505 598.9835 599.1215 599.2275 599.3275 599.4279 599.5568 599.6917 599.8239 599.9379 600.0621 600.1919 600.2988 600.4107 600.5354 600.6318 600.7484 600.8708 600.9576 601.0699 601.1682 601.2688 601.385 601.4839 601.5811 601.6747 601.7726 601.8856 601.9773 602.0787 602.1661 602.259 602.3558 602.452 602.5363 602.5995 602.7017 602.799 602.8737 602.9629 603.04 603.1011 603.2042 603.289 603.3476 603.4481 603.5135 603.6144 603.6797
598.54 598.4975 598.639 598.7575 598.6545 598.535 598.6225 598.645 598.4821 598.5945 598.712 598.5545 598.5745 598.6075 598.5031 598.5075 598.517 598.5025 598.5135 598.712 598.934 598.909 598.9815 599.1905 599.3189 599.4479 599.5778 599.6954 599.8137 599.9384 600.0449 600.1635 600.2809 600.3812 600.4966 600.598 600.7043 600.8208 600.9221 601.0245 601.1094 601.2228 601.3359 601.4302 601.5344 601.6188 601.7192 601.8193 601.9108 601.993 602.0618 602.1694 602.2634 602.3377 602.4306 602.5041 602.5704 602.6779 602.7543 602.8165 602.9122 602.9803 603.0786 603.1441
598.717 598.544 598.5895 598.7625 598.682 598.521 598.5811 598.7225 598.6605 598.552 598.4485 598.377 598.5 598.64 598.5605 598.549 598.5555 598.5295 598.528 598.4635 598.3735 598.477 598.5854 598.6865 598.6335 598.718 599.0095 599.0912 599.2164 599.3412 599.4579 599.5786 599.6891 599.8037 599.9233 600.0305 600.1403 600.2513 600.3536 600.468 600.5598 600.6729 600.7795 600.8795 600.9902 601.0792 601.1816 601.2834 601.3697 601.4479 601.5309 601.6346 601.7255 601.8017 601.8926 601.965 602.0441 602.1476 602.2194 602.2869 602.3764 602.4507 602.5427 602.6146
598.718 598.544 598.401 598.6055 598.5825 598.5115 598.501 598.496 598.662 598.412 598.3565 598.5375 598.3925 598.428 598.425 598.3521 598.5035 598.337 598.3459 598.2925 598.0605 598.293 598.3355 598.297 598.4115 598.438 598.514 598.495 598.5565 598.739 598.902 598.9937 599.1123 599.2304 599.35 599.463 599.5763 599.6866 599.796 599.9114 600.0101 600.123 600.2263 600.3336 600.4459 600.5396 600.6437 600.7443 600.8286 600.9028 601 601.1019 601.1875 601.2659 601.3547 601.4235 601.5176 601.6157 601.682 601.7573 601.8406 601.9212 602.0069 602.085
598.3825 598.454 598.5585 598.625 598.449 598.421 598.4255 598.2445 598.292 598.206 598.365 598.5735 598.3245 598.2705 598.247 598.0585 598.1075 598.023 598.1585 598.289 598.1956 598.246 598.0675 597.893 597.9745 597.9771 597.9725 597.9975 598.044 598.0875 598.124 598.1385 598.163 598.307 598.733 598.8951 599.0121 599.1263 599.2394 599.3548 599.4606 599.5733 599.6802 599.7892 599.9016 599.9984 600.1013 600.2031 600.2874 600.3621 600.4691 600.5721 600.6495 600.7361 600.8167 600.8841 600.9913 601.0837 601.1445 601.2275 601.3049 601.3914 601.4712 601.553
