samples/sfe_316/sfe_316_v10/sfe_316_v10/sfe_316_v10.asc
ncols         184
nrows         75
xllcorner     96.199999999255
yllcorner     62.60000000149
cellsize      1
NODATA_value  -9999
[rows 28 to 55 of 75, columns 0 to 63 of 184]
-9999 605.4244 602.9725 602.767 602.5438 602.305 602.0774 601.8565 601.606 601.3454 601.1146 600.8832 600.774 600.576 600.508 600.429 600.255 600.2785 600.178 600.2805 600.026 599.95 600.1425 600.127 599.914 599.6795 599.6625 599.7475 599.628 599.3025 599.4085 599.555 599.312 599.23 599.2585 599.2166 599.131 598.9635 599.1075 599.1075 599.0025 598.908 598.8925 598.7865 598.5515 598.5685 598.71 598.5665 598.3905 598.565 598.476 598.2385 598.2985 598.5035 598.49 598.2415 598.207 598.425 598.4755 598.272 598.462 598.572 598.4745 598.51
-9999 605.795 602.3978 602.1864 601.9761 601.7369 601.4837 601.2601 601.0096 600.801 600.665 600.6185 600.469 600.432 600.299 600.2485 600.1545 600.1185 600.0155 600.2245 599.9554 599.7195 599.7555 599.8655 599.7635 599.6045 599.7255 599.7435 599.562 599.2555 599.414 599.5925 599.314 599.2255 599.185 599.1195 599.0715 598.8415 598.872 598.799 598.7375 598.682 598.6145 598.6515 598.713 598.583 598.4605 598.499 598.5455 598.594 598.439 598.33 598.4815 598.5565 598.3875 598.2775 598.4545 598.545 598.384 598.1425 598.3725 598.464 598.304 598.455
-9999 606.1656 601.8474 601.6143 601.4027 601.1572 601.0455 600.9554 600.862 600.7095 600.481 600.29 600.407 600.3755 600.1605 599.8925 599.9995 600.032 599.813 599.956 599.867 599.5545 599.6725 599.8925 599.6825 599.608 599.647 599.52 599.596 599.4985 599.4915 599.3355 599.2335 599.211 599.1255 599.2745 599.0395 598.8595 598.9665 598.759 598.7205 598.733 598.5115 598.6665 598.6785 598.3765 598.456 598.5309 598.399 598.3295 598.4139 598.3994 598.4023 598.5025 598.3805 598.175 598.418 598.6195 598.3795 598.3185 598.385 598.3655 598.33 598.3715
-9999 606.5362 601.3987 601.0805 600.9945 600.7715 600.512 600.451 600.33 600.3715 600.223 600.0075 600.053 600.1245 600.026 599.733 599.924 600.0565 599.9495 599.9821 599.8045 599.5045 599.6675 599.894 599.6495 599.558 599.5186 599.2975 599.3255 599.276 599.219 599.094 599.1885 599.1605 599.0815 599.272 599.0195 598.8075 598.805 598.7785 598.7985 598.9135 598.804 598.813 598.5955 598.3265 598.5205 598.655 598.561 598.369 598.394 598.4165 598.4125 598.6235 598.375 598.1485 598.3965 598.619 598.3765 598.3815 598.425 598.4035 598.411 598.4
-9999 606.9068 601.6108 600.511 600.5955 600.479 600.2665 600.3695 600.2445 600.1245 599.9495 599.9395 600.035 600.0725 599.9085 599.7595 599.9495 599.974 599.9545 599.92 599.837 599.6115 599.631 599.82 599.7035 599.552 599.379 599.2834 599.2295 599.1845 599.14 599.0975 599.2213 599.051 598.9975 598.951 599.014 599.118 598.866 598.606 598.7985 598.971 598.8985 598.7445 598.512 598.581 598.567 598.578 598.576 598.3365 598.34 598.442 598.561 598.4855 598.305 598.372 598.552 598.4785 598.31 598.429 598.562 598.411 598.436 598.4905
-9999 607.2774 601.9814 600.313 600.271 600.214 600.1125 600.158 599.9155 599.9685 600.036 599.9175 599.752 599.8625 599.8095 599.6105 599.672 599.6595 599.6345 599.6125 599.564 599.4835 599.61 599.6665 599.4745 599.5254 599.5358 599.5325 599.513 599.4885 599.4335 599.3785 599.3395 599.275 599.2365 599.0575 599.058 599.2345 598.9561 598.672 598.833 598.8885 598.648 598.688 598.7735 598.8255 598.632 598.5635 598.5495 598.4635 598.6405 598.5515 598.44 598.5125 598.61 598.511 598.405 598.499 598.5905 598.4905 598.3955 598.3275 598.5015 598.6655
-9999 607.6481 602.352 600.175 600.0835 599.8235 599.926 599.9325 599.8125 600.0165 600.0215 599.84 599.617 599.647 599.646 599.539 599.658 599.6801 599.632 599.6824 599.6176 599.6255 599.6465 599.4005 599.504 599.6005 599.4585 599.3815 599.49 599.6695 599.4375 599.3695 599.357 599.0945 599.234 599.321 599.2155 599.0681 599.0015 598.929 598.9085 598.924 598.655 598.6175 598.8125 598.9795 598.716 598.508 598.534 598.619 598.7965 598.7365 598.6605 598.7165 598.765 598.556 598.5165 598.7835 598.663 598.428 598.4084 598.3755 598.5854 598.6955
-9999 608.0187 602.7226 600.6215 599.96 599.6555 599.7995 599.83 599.788 599.858 599.6625 599.7415 599.857 599.847 599.7641 599.69 599.7195 599.7255 599.696 599.8615 599.7605 599.8285 599.6775 599.405 599.6165 599.7725 599.678 599.4995 599.508 599.7095 599.465 599.3774 599.3345 599.067 599.2665 599.3165 599.103 598.9666 599.0675 599.074 599.016 599.146 599.043 598.858 598.8475 599.0645 598.839 598.717 598.827 598.726 598.64 598.6285 598.6225 598.6315 598.635 598.5635 598.716 598.954 598.7105 598.6025 598.8005 598.6655 598.7205 598.858
-9999 608.3893 603.0932 600.0385 599.95 599.7815 599.6645 599.8035 599.792 599.7539 599.59 599.7845 599.8425 599.8075 599.842 599.7605 599.7785 599.5585 599.734 599.8459 599.6675 599.796 599.7295 599.5885 599.7885 599.8185 599.7965 599.7295 599.6825 599.6955 599.621 599.4755 599.305 599.3304 599.4615 599.4285 599.327 599.151 599.168 599.3165 599.232 599.2485 599.226 599.195 598.999 598.9485 599.0685 598.93 598.822 598.7271 598.8085 598.8185 598.785 598.955 598.91 598.925 598.961 599.034 598.86 598.6435 598.88 599.0075 598.9595 598.888
-9999 608.7599 603.4638 600.2819 599.7567 599.7465 599.881 599.9495 599.813 599.715 599.8895 599.9705 599.8305 599.8005 599.81 599.7855 599.832 599.611 599.801 599.973 599.9015 599.9345 599.776 599.5955 599.6785 599.662 599.632 599.5955 599.549 599.531 599.491 599.5439 599.618 599.5195 599.3665 599.303 599.294 599.1965 599.3295 599.3605 599.13 599.11 599.0955 599.1895 599.121 598.9165 598.9995 599.0765 599.19 598.9926 599.035 599.049 599.038 599.092 598.902 598.891 598.9075 599.0865 599.035 598.7635 598.964 599.059 598.887 598.952
-9999 609.1305 603.8345 600.5693 599.657 599.6685 599.8785 599.9245 599.843 599.888 599.9175 599.962 599.8745 599.964 599.783 599.7515 599.894 600.08 599.927 599.9325 599.977 599.7695 599.7625 599.8025 599.916 599.894 599.878 599.695 599.697 599.6895 599.646 599.6855 599.682 599.822 599.536 599.296 599.45 599.6095 599.5765 599.4405 599.2225 599.353 599.3005 599.1605 599.1845 599.086 599.2015 599.404 599.414 599.2061 599.214 599.385 599.3265 599.2185 599.0305 598.983 599.1365 599.339 599.3185 599.158 599.0515 599.1995 599.1265 598.986
-9999 609.5011 604.2051 600.8566 600.0405 599.9265 599.942 599.999 599.9975 600.037 600.0015 600.004 599.9855 600.1635 600.139 599.988 599.999 600.2485 600.061 599.9995 600.039 599.952 600.13 600.022 599.883 599.8315 599.844 599.7705 599.909 599.912 599.8545 599.846 599.7695 599.9855 599.75 599.495 599.677 599.7335 599.526 599.585 599.7065 599.748 599.562 599.4195 599.5645 599.409 599.451 599.566 599.384 599.309 599.4415 599.5145 599.357 599.4395 599.519 599.388 599.4265 599.5405 599.375 599.494 599.6115 599.7135 599.591 599.585
-9999 609.8717 604.5757 601.1439 600.1515 600.356 600.146 600.1005 600.281 600.3465 600.1974 600.0375 600.055 600.08 600.226 600.2795 600.081 600.2615 600.2125 599.972 600.1525 600.3325 600.3175 600.314 600.089 599.837 600.032 600.18 600.1495 600.1575 600.116 599.9431 599.948 599.978 599.889 600.0555 599.879 599.823 599.777 599.7465 599.948 599.968 599.768 599.5635 599.6855 599.563 599.7695 599.91 599.8855 599.9065 599.87 599.77 599.9185 599.96 599.897 599.9561 600.0147 600.074 600.1022 600.1808 600.1568 600.2254 600.2575 600.2787
-9999 -9999 604.9463 601.4312 600.6132 600.5915 600.424 600.235 600.337 600.4615 600.387 600.323 600.479 600.349 600.4045 600.548 600.49 600.5225 600.3715 600.1105 600.301 600.394 600.22 600.3645 600.3175 600.049 600.245 600.3225 600.119 600.1155 600.137 600.0495 600.1609 600.216 600.132 600.373 600.2105 600.1505 600.1965 599.991 599.994 600.2105 600.154 600.1735 600.199 600.213 600.2974 600.335 600.3962 600.4617 600.5134 600.5834 600.6323 600.694 600.743 600.8118 600.8532 600.9125 600.9238 601.0023 600.9783 601.0312 601.0633 601.0688
-9999 -9999 605.3169 601.7186 600.9144 600.794 600.7355 600.588 600.7985 600.7155 600.569 600.548 600.627 600.726 600.6705 600.4625 600.696 600.7475 600.5395 600.4745 600.5115 600.4415 600.519 600.6225 600.605 600.5515 600.557 600.567 600.6204 600.5979 600.5754 600.6088 600.6892 600.67 600.6508 600.7074 600.7708 600.7508 600.8081 600.8742 600.8625 600.9156 600.9891 600.9691 601.0688 601.0879 601.1698 601.2099 601.2653 601.3361 601.3724 601.4574 601.4883 601.5502 601.5891 601.6675 601.6917 601.751 601.7454 601.8239 601.7999 601.837 601.8691 601.8589
-9999 -9999 605.6875 602.0059 601.2156 601.1511 601.128 601.1572 601.204 601.1828 601.1617 601.1451 601.1242 601.1749 601.2131 601.1946 601.176 601.1578 601.1938 601.2502 601.2432 601.2192 601.2041 601.2734 601.3155 601.3038 601.2797 601.3403 601.4 601.3923 601.3846 601.4133 601.4982 601.4949 601.4918 601.5383 601.6113 601.61 601.6583 601.7317 601.7381 601.7778 601.864 601.8394 601.9386 601.9628 602.0422 602.0848 602.1345 602.2104 602.2314 602.327 602.3444 602.4063 602.4351 602.5232 602.5302 602.5895 602.5669 602.6455 602.6215 602.6428 602.6748 602.649
-9999 -9999 606.0581 602.2932 601.5168 601.7622 601.7388 601.772 601.8242 601.8122 601.8006 601.7939 601.7831 601.835 601.8825 601.8748 601.867 601.8603 601.8934 601.9526 601.9699 601.9458 601.9435 602.0104 602.0677 602.0698 602.0456 602.1137 602.1795 602.1866 602.1937 602.218 602.3073 602.3198 602.3303 602.3693 602.4518 602.4706 602.5085 602.5892 602.6021 602.6398 602.7387 602.7122 602.8083 602.8376 602.9147 602.9597 603.0036 603.0848 603.0904 603.186 603.2004 603.2624 603.2811 603.3748 603.3687 603.428 603.4023 603.467 603.4431 603.4485 603.4806 603.454
-9999 -9999 606.4288 602.5806 601.818 602.3738 602.3497 602.3869 602.4393 602.442 602.4399 602.4427 602.442 602.495 602.5519 602.5524 602.558 602.5582 602.5928 602.655 602.6757 602.6724 602.6829 602.7474 602.8133 602.8356 602.8114 602.8871 602.959 602.981 603.0028 603.0225 603.1132 603.1447 603.1552 603.2003 603.2922 603.3282 603.3587 603.4468 603.4597 603.5028 603.6008 603.5876 603.6782 603.7126 603.7872 603.8345 603.8732 603.9592 603.9494 604.0449 604.0564 604.1185 604.1271 604.2208 604.2106 604.2664 604.2404 604.2886 604.2646 604.2543 604.2864 604.2592
-9999 -9999 606.7994 602.8679 602.1192 602.8682 602.9612 603.0017 603.0541 603.0717 603.0792 603.0914 603.1009 603.1551 603.2138 603.2181 603.2468 603.2423 603.2923 603.3553 603.3775 603.399 603.4222 603.4844 603.5521 603.5915 603.5772 603.6576 603.7386 603.7706 603.812 603.8271 603.9178 603.9695 603.9801 604.0319 604.1255 604.1687 604.2095 604.3045 604.3172 604.3658 604.4629 604.4631 604.548 604.5875 604.6597 604.7095 604.7432 604.8336 604.8083 604.9039 604.9286 604.9746 604.9731 605.0669 605.0661 605.1044 605.0785 605.1102 605.0862 605.0601 605.0922 605.0646
-9999 -9999 607.17 603.1552 602.4205 603.2169 603.5728 603.6122 603.669 603.7015 603.7186 603.7402 603.7557 603.8042 603.8739 603.8839 603.9184 603.9265 603.9886 604.0549 604.0918 604.1257 604.1616 604.2214 604.291 604.3356 604.343 604.4159 604.5181 604.55 604.6082 604.6317 604.7224 604.7945 604.805 604.8635 604.9565 605.0091 605.0602 605.1561 605.1747 605.2288 605.325 605.3385 605.4178 605.4623 605.532 605.5844 605.6132 605.7079 605.6809 605.7629 605.8027 605.8307 605.8192 605.9129 605.9213 605.9424 605.9162 605.9318 605.9078 605.8804 605.8979 605.8699
-9999 -9999 607.5406 603.4425 602.7217 603.5656 604.1843 604.2184 604.2838 604.3313 604.3578 604.3872 604.4011 604.4468 604.5339 604.5496 604.59 604.6105 604.6794 604.7543 604.8062 604.8524 604.901 604.9584 605.0298 605.0797 605.1088 605.1743 605.2933 605.3295 605.3937 605.4363 605.527 605.6191 605.6299 605.6951 605.7875 605.8495 605.9109 606.0063 606.0323 606.0917 606.1871 606.2139 606.2881 606.3372 606.4044 606.4592 606.4831 606.5807 606.555 606.6219 606.6768 606.6868 606.6652 606.7589 606.777 606.7804 606.7539 606.7533 606.7293 606.7015 606.7037 606.6754
-9999 -9999 607.9112 603.7299 603.0229 603.9143 604.7958 604.8267 604.8986 604.9611 604.9972 605.0352 605.0464 605.0972 605.194 605.2153 605.2616 605.2974 605.3702 605.4538 605.5192 605.579 605.6351 605.6933 605.7687 605.8239 605.8747 605.945 606.0667 606.1089 606.1793 606.2409 606.3316 606.4302 606.4548 606.5266 606.6184 606.6899 606.7617 606.8565 606.8898 606.967 607.0501 607.0893 607.1584 607.2122 607.2767 607.3341 607.353 607.4499 607.429 607.4809 607.5508 607.543 607.5143 607.6049 607.6326 607.6184 607.5919 607.5749 607.5509 607.5226 607.5095 607.4807
-9999 -9999 608.2818 604.0172 603.3241 604.263 605.4068 605.447 605.5134 605.5809 605.6245 605.6702 605.6918 605.7476 605.8541 605.881 605.9332 605.9883 606.061 606.1533 606.2199 606.3053 606.3575 606.4252 606.5076 606.5679 606.6405 606.7114 606.84 606.8884 606.9649 607.0455 607.1362 607.2366 607.2797 607.3582 607.4498 607.5303 607.6124 607.7068 607.7474 607.8425 607.9131 607.9647 608.0288 608.087 608.149 608.209 608.223 608.3194 608.3027 608.3399 608.337 608.311 608.2885 608.2645 608.2397 608.2152 608.1904 608.162 608.138 608.1095 608.0855 608.0566
-9999 -9999 608.6524 604.3045 603.6253 604.6117 605.982 606.0535 606.1282 606.194 606.2468 606.3018 606.3372 606.3979 606.5057 606.5468 606.6112 606.6792 606.753 606.8528 606.9207 607.0232 607.08 607.1571 607.2464 607.3121 607.4063 607.4772 607.6134 607.6678 607.7505 607.8501 607.9408 608.0431 608.1046 608.1946 608.2814 608.3707 608.4632 608.5576 608.6049 608.63 608.6039 608.5817 608.5593 608.537 608.515 608.4925 608.4698 608.4465 608.4242 608.4019 608.373 608.3507 608.3281 608.3041 608.2795 608.2549 608.2302 608.202 608.178 608.1497 608.1257 608.0969
-9999 -9999 609.0231 604.5919 603.9252 604.9604 606.3307 606.6519 606.7401 606.8073 606.869 606.9333 606.9825 607.0483 607.147 607.2127 607.291 607.3699 607.4553 607.5522 607.6214 607.7226 607.8025 607.889 607.9853 608.0607 608.172 608.243 608.3734 608.4473 608.536 608.6547 608.7454 608.836 608.81 608.7882 608.7698 608.7493 608.7285 608.71 608.6882 608.6659 608.644 608.6218 608.5993 608.5768 608.5548 608.5323 608.5095 608.4861 608.4638 608.4415 608.4127 608.3904 608.3678 608.3438 608.3192 608.2946 608.27 608.2419 608.2179 608.1898 608.1658 608.1372
-9999 -9999 609.3937 604.8792 604.1915 605.3091 606.6794 607.2503 607.3463 607.4204 607.4911 607.5648 607.6279 607.6987 607.7882 607.882 607.965 608.0544 608.144 608.2477 608.3221 608.422 608.5249 608.6209 608.7241 608.8062 608.9251 608.9875 608.9653 608.9461 608.9277 608.9105 608.8893 608.8712 608.8508 608.829 608.8104 608.7899 608.7687 608.7502 608.7285 608.7062 608.6841 608.6618 608.6393 608.6166 608.5947 608.572 608.5493 608.5259 608.5034 608.4811 608.4523 608.4301 608.4075 608.3835 608.3589 608.3344 608.3098 608.2819 608.2579 608.2299 608.2059 608.1776
-9999 -9999 609.7643 605.1665 604.4578 605.6578 607.0281 607.8487 607.9524 608.0336 608.1134 608.1964 608.2733 608.349 608.4333 608.5511 608.6308 608.726 608.8281 608.9385 609.0228 609.1214 609.1158 609.0997 609.0813 609.0598 609.0441 609.0266 609.0075 608.9883 608.9691 608.9522 608.931 608.9122 608.892 608.8703 608.8511 608.8306 608.8089 608.7904 608.7687 608.7465 608.7242 608.7018 608.6793 608.6565 608.6345 608.6118 608.5891 608.5656 608.543 608.5206 608.4921 608.4697 608.4471 608.4232 608.3986 608.3741 608.3495 608.3218 608.2979 608.27 608.246 608.2179
-9999 -9999 610.1349 605.4539 604.7241 606.0066 607.3768 608.4471 608.5585 608.6467 608.7356 608.8278 608.9186 609.002 609.0836 609.2072 609.2635 609.243 609.2281 609.2087 609.191 609.1752 609.1598 609.1429 609.1249 609.1032 609.087 609.0693 609.0497 609.0305 609.0104 608.9939 608.9727 608.9532 608.9332 608.9116 608.8918 608.8713 608.8495 608.8306 608.809 608.7867 608.7643 608.7418 608.7194 608.6964 608.6743 608.6515 608.6288 608.6053 608.5826 608.5602 608.5319 608.5094 608.4868 608.4628 608.4384 608.4138 608.3892 608.3618 608.3378 608.3101 608.2861 608.2582
