samples/sfe_316/sfe_316_v10/sfe_316_v10/sfe_316_v10.asc
ncols         184
nrows         75
xllcorner     96.199999999255
yllcorner     62.60000000149
cellsize      1
NODATA_value  -9999
[rows 0 to 27 of 75, columns 0 to 63 of 184]
-9999 -9999 -9999 -9999 610.4408 610.4164 610.3923 610.3678 610.3438 610.3196 610.2953 610.2711 610.2468 610.2225 610.1982 610.1741 610.15 610.1257 610.1013 610.077 610.0528 610.0284 610.0044 609.98 609.9557 609.9314 609.9073 609.883 609.8587 609.8343 609.8102 609.7859 609.762 609.7375 609.7132 609.6891 609.6647 609.6407 609.6163 609.5923 609.5679 609.5439 609.5195 609.4955 609.4711 609.4471 609.4231 609.3987 609.3746 609.3506 609.3263 609.3022 609.2784 609.2544 609.2299 609.2059 609.1821 609.158 609.1342 609.1102 609.0862 609.0624 609.0383 609.0145
-9999 -9999 -9999 -9999 610.3751 610.3491 610.325 610.2989 610.2748 610.2497 610.2249 610.1997 610.1744 610.1492 610.1246 610.0998 610.0749 610.0496 610.0241 609.9987 609.9741 609.9482 609.9241 609.8986 609.8734 609.8485 609.8236 609.798 609.7728 609.7479 609.7228 609.6976 609.6735 609.6475 609.6221 609.598 609.572 609.5479 609.5224 609.4983 609.4727 609.4487 609.423 609.3989 609.3732 609.3491 609.3251 609.2994 609.2752 609.2512 609.2255 609.2014 609.178 609.154 609.1281 609.1041 609.0806 609.0565 609.0332 609.0092 608.9852 608.9619 608.9378 608.9145
-9999 -9999 -9999 610.3398 610.3095 610.2818 610.2578 610.2299 610.2058 610.1798 610.1544 610.1283 610.1021 610.0759 610.0517 610.0254 609.9998 609.9734 609.9469 609.9203 609.8958 609.8681 609.8438 609.817 609.791 609.7665 609.7399 609.713 609.6868 609.6622 609.6353 609.6091 609.585 609.5575 609.5313 609.5069 609.4792 609.4551 609.4285 609.4042 609.3774 609.3534 609.3264 609.3024 609.2753 609.251 609.2271 609.2001 609.1758 609.1518 609.1247 609.1005 609.0776 609.0536 609.0261 609.0021 608.9791 608.955 608.9322 608.9082 608.8842 608.8614 608.8373 608.8145
-9999 -9999 -9999 610.2756 610.2438 610.2139 610.1904 610.1603 610.1368 610.1099 610.0837 610.0579 610.0295 610.0037 609.9784 609.951 609.9247 609.8972 609.8696 609.8418 609.8174 609.7899 609.7635 609.7355 609.7094 609.6844 609.6561 609.628 609.6017 609.5765 609.5479 609.5203 609.4965 609.4675 609.4412 609.4158 609.3863 609.3622 609.3345 609.3102 609.2821 609.2581 609.2298 609.2058 609.177 609.153 609.129 609.1006 609.0764 609.0524 609.0239 608.9996 608.9772 608.9532 608.9241 608.9002 608.8776 608.8535 608.8312 608.8072 608.7832 608.7609 608.7368 608.7145
-9999 -9999 -9999 610.2115 610.1781 610.1487 610.123 610.0938 610.0677 610.0396 610.0128 609.9878 609.9568 609.9318 609.905 609.8766 609.8494 609.8205 609.7918 609.763 609.7391 609.7116 609.6832 609.6535 609.6279 609.6019 609.5724 609.5428 609.5166 609.4905 609.4604 609.4321 609.408 609.3772 609.3511 609.3246 609.2932 609.2694 609.2402 609.2162 609.1868 609.1628 609.1328 609.1092 609.0795 609.055 609.031 609.0009 608.977 608.953 608.9229 608.8987 608.8768 608.8528 608.8217 608.7983 608.7761 608.7521 608.7302 608.7062 608.6822 608.6604 608.6364 608.6145
-9999 -9999 -9999 610.147 610.1121 610.0836 610.0554 610.0268 609.9984 609.9695 609.9432 609.9177 609.8845 609.8598 609.8316 609.8019 609.774 609.7444 609.7147 609.6847 609.6608 609.6331 609.6028 609.5719 609.5464 609.5195 609.4885 609.4574 609.4315 609.4044 609.3727 609.3447 609.3195 609.2869 609.261 609.2335 609.201 609.1766 609.1462 609.1222 609.0911 609.0676 609.0361 609.0126 608.9829 608.957 608.933 608.9017 608.8776 608.8536 608.8218 608.7979 608.7764 608.7524 608.7204 608.6964 608.6746 608.6506 608.6292 608.6052 608.5814 608.5599 608.5358 608.5145
-9999 -9999 610.1205 610.0825 610.0462 610.0172 609.988 609.9587 609.9293 609.9 609.8736 609.8476 609.8126 609.7878 609.7581 609.7274 609.699 609.6695 609.639 609.6082 609.5825 609.5537 609.5222 609.4911 609.465 609.437 609.4044 609.3725 609.3464 609.3184 609.285 609.2572 609.231 609.197 609.1709 609.1423 609.1099 609.084 609.0533 609.0282 608.9958 608.9723 608.9407 608.9161 608.8864 608.8591 608.8351 608.8038 608.7781 608.7546 608.7211 608.697 608.676 608.652 608.62 608.5945 608.5732 608.5492 608.5282 608.5042 608.4808 608.4594 608.4353 608.4145
-9999 -9999 610.0544 610.0179 609.9807 609.9507 609.9208 609.8907 609.8604 609.8314 609.804 609.7775 609.7427 609.7159 609.6844 609.653 609.6241 609.5948 609.5637 609.5318 609.5042 609.4745 609.4418 609.4109 609.3835 609.3544 609.3207 609.2879 609.2614 609.2321 609.1977 609.1697 609.1425 609.108 609.0808 609.051 609.0187 608.9917 608.961 608.9341 608.9009 608.877 608.8455 608.8195 608.7897 608.7612 608.7372 608.7059 608.6787 608.6557 608.6218 608.5961 608.5756 608.5516 608.5196 608.4926 608.4718 608.4478 608.4272 608.4032 608.3804 608.3589 608.3348 608.3145
-9999 -9999 609.9899 609.9534 609.9165 609.8855 609.8536 609.824 609.7914 609.7628 609.7344 609.707 609.6728 609.6434 609.611 609.5787 609.55 609.5203 609.4883 609.4554 609.4257 609.3954 609.3616 609.3308 609.302 609.2717 609.2371 609.2045 609.1763 609.146 609.1103 609.0823 609.054 609.0195 608.9907 608.9599 608.9276 608.8994 608.8686 608.8401 608.8069 608.7817 608.7502 608.723 608.6932 608.6632 608.6392 608.6079 608.5793 608.5568 608.5228 608.4952 608.4752 608.4512 608.4192 608.3907 608.3704 608.3464 608.3262 608.3022 608.2798 608.2584 608.2343 608.2145
-9999 -9999 609.9255 609.8889 609.8523 609.8203 609.7863 609.7572 609.7225 609.6943 609.6647 609.6364 609.6029 609.5708 609.5377 609.5049 609.4759 609.4457 609.413 609.379 609.3474 609.3164 609.2814 609.2507 609.2205 609.1893 609.1542 609.1212 609.0912 609.06 609.0245 608.9949 608.9654 608.931 608.9006 608.8688 608.8365 608.8069 608.7762 608.7462 608.7129 608.6865 608.6549 608.6263 608.5966 608.5653 608.5413 608.51 608.4799 608.4578 608.4239 608.3943 608.3748 608.3508 608.3188 608.2888 608.269 608.245 608.2252 608.2012 608.1794 608.1579 608.1339 608.1145
-9999 -9999 609.8613 609.8243 609.7881 609.7551 609.7191 609.6904 609.6542 609.6257 609.5952 609.5658 609.5322 609.4985 609.4644 609.432 609.4019 609.3711 609.3377 609.3026 609.2689 609.238 609.2024 609.1706 609.139 609.1069 609.0721 609.0378 609.0061 608.9742 608.9389 608.9074 608.8768 608.8425 608.8105 608.7786 608.7454 608.7146 608.6838 608.6521 608.6189 608.5912 608.5597 608.5298 608.5 608.4673 608.4434 608.412 608.3804 608.3589 608.328 608.306 608.2008 608.1752 608.1561 608.0728 607.947 607.9279 607.9083 607.8843 607.8629 607.8412 607.8173 607.7981
-9999 609.8358 609.7971 609.7598 609.7239 609.6899 609.6542 609.6237 609.5877 609.5571 609.5255 609.4954 609.4613 609.4261 609.3919 609.3591 609.3278 609.2965 609.2623 609.2262 609.1904 609.1597 609.1241 609.0905 609.0576 609.0252 608.9901 608.9545 608.921 608.8892 608.8533 608.8199 608.7884 608.754 608.7205 608.6886 608.6543 608.6222 608.5915 608.57 608.4615 608.3516 608.2444 608.1598 608.0223 607.9709 607.8245 607.7849 607.7131 607.5816 607.5597 607.4694 607.3643 607.3221 607.3025 607.2216 607.1198 607.1072 607.0877 607.0637 607.0422 607.0201 606.9966 606.986
-9999 609.769 609.7329 609.6953 609.6598 609.6248 609.5892 609.5569 609.5212 609.4885 609.4559 609.4249 609.3912 609.3538 609.3199 609.2861 609.2537 609.2219 609.187 609.1498 609.112 609.0814 609.0459 609.0103 608.9761 608.9437 608.908 608.8711 608.8359 608.8041 608.769 608.7475 608.6295 608.4856 608.3651 608.2327 608.0978 607.9771 607.83 607.7318 607.5916 607.4868 607.374 607.2945 607.1519 607.1107 606.9642 606.9139 606.8604 606.7289 606.7065 606.6328 606.5276 606.4691 606.4488 606.3704 606.2991 606.2867 606.2672 606.2432 606.2217 606.199 606.1759 606.1807
-9999 609.7046 609.6688 609.6308 609.5956 609.5596 609.5243 609.4901 609.4547 609.4199 609.3862 609.3547 609.3211 609.2822 609.248 609.2133 609.1796 609.1473 609.111 609.0726 609.0341 609.0031 608.9677 608.9302 608.9035 608.8167 608.6611 608.501 608.3476 608.2111 608.0673 607.9124 607.7888 607.6437 607.5182 607.381 607.2437 607.1194 606.9704 606.8694 606.7255 606.6219 606.5035 606.4291 606.282 606.2505 606.1039 606.043 606.0078 605.8763 605.8533 605.7962 605.691 605.6159 605.5951 605.5192 605.4785 605.4661 605.4465 605.4225 605.4011 605.378 605.356 605.3754
-9999 609.6401 609.6046 609.5664 609.5314 609.4944 609.4594 609.4233 609.3881 609.3513 609.3163 609.285 609.251 609.2123 609.1761 609.1403 609.1055 609.0728 609.0425 608.9297 608.7574 608.6287 608.4647 608.3086 608.1629 608.0298 607.8647 607.697 607.5315 607.3949 607.2414 607.0773 606.9373 606.8017 606.6713 606.5297 606.3895 606.2644 606.1108 606.0069 605.863 605.7571 605.6331 605.5639 605.4166 605.3904 605.2436 605.1721 605.1494 605.0236 605.0002 604.9596 604.8544 604.7623 604.7415 604.668 604.6578 604.6455 604.626 604.602 604.5805 604.5569 604.5363 604.5701
-9999 609.5756 609.5404 609.502 609.4671 609.4293 609.3944 609.3566 609.3213 609.2828 609.2471 609.2155 609.1819 609.107 608.9594 608.8137 608.6702 608.5173 608.371 608.1918 608.0167 607.8727 607.7045 607.535 607.3941 607.2429 607.0682 606.8928 606.7346 606.5787 606.4155 606.2493 606.1022 605.9598 605.8267 605.6828 605.5366 605.3951 605.2512 605.1444 605.0005 604.8923 604.7627 604.6987 604.5513 604.5211 604.3833 604.3011 604.2776 604.171 604.147 604.123 604.0178 603.9127 603.8878 603.8168 603.837 603.825 603.8054 603.7814 603.7598 603.7358 603.7162 603.7648
609.5511 609.5112 609.4762 609.4376 609.4027 609.3641 609.329 609.297 609.1926 609.0154 608.8838 608.7413 608.5944 608.4219 608.2601 608.1024 607.9539 607.8088 607.6385 607.4535 607.2758 607.1168 606.9443 606.7614 606.6274 606.456 606.2718 606.092 605.9305 605.7626 605.6058 605.4278 605.2671 605.1179 604.9834 604.8359 604.6877 604.5355 604.3916 604.282 604.1381 604.0275 603.892 603.8335 603.686 603.6508 603.523 603.4302 603.4067 603.3178 603.2938 603.2701 603.1813 603.0762 603.0341 602.9657 603.0164 603.0048 602.9848 602.9608 602.9387 602.9147 602.8951 602.9595
609.4836 609.4469 609.4175 609.2993 609.168 608.9902 608.8594 608.6779 608.546 608.3576 608.2136 608.0609 607.9028 607.7368 607.5607 607.3911 607.2424 607.0981 606.9059 606.7153 606.535 606.3608 606.2068 606.0054 605.8538 605.6691 605.5052 605.3152 605.1265 604.9465 604.8 604.6019 604.432 604.2791 604.1401 603.9891 603.8388 603.6813 603.5326 603.4195 603.2756 603.1627 603.0211 602.9683 602.8207 602.7805 602.6628 602.5594 602.5359 602.4647 602.4407 602.4171 602.3447 602.2397 602.1804 602.1145 602.1957 602.1846 602.1642 602.1402 602.1176 602.0936 602.0742 602.1542
609.1323 608.9813 608.8558 608.6804 608.5465 608.3563 608.2145 608.0383 607.8943 607.7117 607.5435 607.3804 607.2112 607.0664 606.8613 606.6998 606.537 606.3818 606.1733 605.9906 605.7988 605.6141 605.4716 605.2478 605.0801 604.8859 604.7308 604.5219 604.3223 604.1459 603.9941 603.776 603.5979 603.4478 603.2967 603.1422 602.99 602.8271 602.6776 602.5571 602.4131 602.2979 602.1508 602.1031 601.9553 601.9101 601.8027 601.6886 601.6651 601.6115 601.5875 601.5636 601.5081 601.4032 601.3267 601.282 601.375 601.3644 601.3436 601.3196 601.2966 601.2726 601.2575 601.3489
608.5479 608.3959 608.2429 608.0782 607.9213 607.7289 607.5695 607.4012 607.2426 607.0646 606.8734 606.7048 606.5542 606.3802 606.1716 606.0176 605.8257 605.6656 605.4608 605.2809 605.0671 604.8804 604.7203 604.4876 604.3066 604.1215 603.9554 603.7255 603.5182 603.3557 603.1807 602.9624 602.7769 602.6165 602.4534 602.2953 602.1412 601.9763 601.8226 601.6946 601.5507 601.433 601.2859 601.238 601.0901 601.0396 600.9426 600.8177 600.794 600.7583 600.7343 600.7103 600.6714 600.5667 600.4731 600.4614 600.5543 600.5442 600.523 600.499 600.4755 600.4515 600.4522 600.5436
607.951 607.8021 607.6299 607.4739 607.2961 607.1284 606.9246 606.7732 606.5909 606.4205 606.212 606.058 605.8828 605.6886 605.4866 605.3218 605.1144 604.9493 604.763 604.562 604.3289 604.1403 603.9644 603.7321 603.533 603.357 603.1753 602.9396 602.7142 602.556 602.3615 602.1563 601.9558 601.7853 601.6089 601.4495 601.2925 601.1274 600.9675 600.8254 600.6882 600.5682 600.4211 600.3727 600.2249 600.1691 600.0825 599.9655 599.998 599.9785 599.9425 599.923 599.923 599.828 599.5295 599.728 599.705 599.6655 599.7315 599.7925 599.78 599.7715 599.693 599.7384
608.1261 607.2084 607.0207 606.8771 606.6772 606.5321 606.2923 606.1487 605.9427 605.7872 605.5753 605.4014 605.2023 604.997 604.8171 604.6224 604.403 604.2335 604.0641 603.8294 603.6008 603.4009 603.2084 602.9972 602.777 602.5925 602.3884 602.1769 601.9257 601.7519 601.554 601.3503 601.1348 600.9516 600.7643 600.6061 600.4437 600.2785 600.219 599.93 599.96 599.801 599.825 599.8145 599.6985 599.8285 599.6725 599.559 599.436 599.406 599.3435 599.3205 599.311 599.365 599.4185 599.4045 599.3735 599.209 599.252 599.316 599.1745 599.3181 599.236 599.0495
608.4967 606.6193 606.4529 606.2785 606.0836 605.9182 605.679 605.5038 605.3056 605.1539 604.9366 604.7313 604.5248 604.34 604.1495 603.9231 603.7195 603.5311 603.3554 603.1106 602.8914 602.6703 602.472 602.2622 602.0229 601.8281 601.6132 601.4105 601.1489 600.9478 600.7637 600.5445 600.3795 600.3405 600.109 600.0465 599.959 599.894 599.826 599.499 599.6105 599.6025 599.4385 599.3445 599.4565 599.465 599.441 599.392 599.113 599.0555 599.0315 598.968 599.098 599.166 599.202 599.383 599.189 599.093 599.0835 598.8615 598.961 599.1915 599.157 599.101
608.8674 606.0471 605.8765 605.6656 605.4849 605.293 605.0888 604.8588 604.68 604.504 604.2895 604.0664 603.8781 603.6829 603.4744 603.2363 603.0373 602.8287 602.6467 602.4131 602.1816 601.9398 601.7383 601.527 601.2689 601.0636 600.8488 600.6352 600.449 600.3165 600.228 599.9575 599.946 600.027 599.9105 599.8035 599.751 599.6685 599.64 599.33 599.4835 599.5915 599.451 599.2476 599.277 599.2335 599.1915 599.31 599.1815 599.1555 599.125 598.954 598.9745 598.964 598.9275 599.169 598.936 598.9065 598.9115 598.645 598.856 598.96 598.8 598.7865
609.238 605.4678 605.2845 605.0662 604.8806 604.6741 604.4924 604.2283 604.0593 603.8524 603.6519 603.4297 603.2314 603.0241 602.7828 602.5677 602.3552 602.1263 601.938 601.7153 601.4718 601.2111 601.0046 600.7917 600.5715 600.48 600.3155 600.264 600.011 599.9035 599.9709 599.9935 599.903 599.894 599.828 599.595 599.5715 599.66 599.576 599.4945 599.3265 599.3165 599.279 599.1675 599.0965 599.023 599.139 599.193 599.017 598.9765 598.949 598.861 598.8365 598.645 598.6625 598.8555 598.7795 598.7545 598.7635 598.5335 598.612 598.5665 598.651 598.7025
609.6086 604.8992 604.6909 604.4984 604.3081 604.0804 603.8961 603.6456 603.4381 603.2101 603.0186 602.793 602.5847 602.3449 602.1257 601.9001 601.673 601.4214 601.2283 601.0173 600.7605 600.504 600.4135 600.4125 600.1595 599.9975 600.0515 600.1765 600.045 599.824 599.8165 599.858 599.6245 599.5465 599.4755 599.3375 599.4025 599.4455 599.2175 599.3095 599.185 599.092 599.068 599.004 598.9675 598.757 598.7875 598.9025 598.8115 598.7645 598.754 598.69 598.701 598.585 598.723 598.8065 598.671 598.636 598.6255 598.529 598.69 598.553 598.6365 598.7975
-9999 604.6831 604.1168 603.9281 603.7012 603.4868 603.2899 603.0492 602.7932 602.5869 602.3852 602.1564 601.9208 601.6982 601.4688 601.2326 600.986 600.7393 600.6455 600.445 600.5175 600.2765 600.098 600.0345 599.894 599.839 599.831 599.9745 599.9165 599.7255 599.8235 599.754 599.621 599.3985 599.34 599.501 599.305 599.039 599.1 599.279 599.0655 598.795 598.9406 599.0745 598.856 598.5395 598.672 598.71 598.6765 598.837 598.635 598.3995 598.5785 598.6195 598.4855 598.5895 598.661 598.5385 598.4015 598.408 598.4675 598.529 598.6545 598.712
-9999 605.0538 603.5447 603.3511 603.1116 602.8917 602.6711 602.4528 602.1891 601.9661 601.7519 601.5165 601.2841 601.0515 600.8117 600.7685 600.445 600.5125 600.3775 600.151 600.139 600.1335 600.192 600.132 600.032 599.9525 599.8855 599.9115 599.718 599.468 599.4865 599.4399 599.367 599.2264 599.307 599.4905 599.217 598.903 599.076 599.259 598.9815 598.682 598.846 599.0275 598.7355 598.4625 598.666 598.6355 598.5595 598.7865 598.545 598.2685 598.458 598.6275 598.5525 598.458 598.3575 598.442 598.5425 598.5305 598.5425 598.486 598.4 598.3975
