samples/sfe_316/sfe_316_v10/sfe_316_v10/sfe_316_v10.asc
ncols         184
nrows         75
xllcorner     96.199999999255
yllcorner     62.60000000149
cellsize      1
NODATA_value  -9999
[rows 28 to 55 of 75, columns 64 to 127 of 184]
598.357 598.372 598.601 598.621 598.407 598.1915 598.3635 598.336 598.148 598.2535 598.4165 598.4385 598.361 598.1725 598.1645 598.0825 598.035 598.174 598.169 598.0235 598.0365 598.2095 597.933 597.645 597.8185 597.8485 597.678 597.804 597.933 597.9385 597.958 597.829 597.893 598.1445 598.059 597.884 597.9315 598.3405 598.6485 598.7974 598.9107 599.0237 599.1342 599.2449 599.3505 599.4579 599.5653 599.662 599.7462 599.8292 599.9382 600.0423 600.1116 600.2062 600.2787 600.3577 600.4649 600.5507 600.6071 600.6978 600.7693 600.8616 600.9355 601.0184
598.399 598.2175 598.2815 598.428 598.358 598.108 598.319 598.4655 598.3915 598.304 598.1865 598.142 598.083 597.994 598.139 598.0945 598.041 598.0985 597.88 597.7725 597.906 598.1035 597.8265 597.5446 597.754 597.9025 597.803 597.708 597.61 597.589 597.597 597.512 597.6935 597.9425 597.697 597.6625 597.8465 597.825 597.7925 597.919 598.0675 598.1105 598.4765 598.7007 598.8109 598.9202 599.0294 599.1208 599.2051 599.2983 599.4072 599.5073 599.5745 599.6745 599.7409 599.8313 599.9374 600.016 600.0696 600.168 600.2336 600.3318 600.3999 600.4838
598.3955 598.17 598.1955 598.2445 598.243 598.185 598.2165 598.2166 598.3545 598.435 598.2731 598.2072 598.1108 598.0795 598.223 598.022 598.0095 598.158 597.866 597.785 597.9645 597.998 597.758 597.4735 597.675 597.9 597.683 597.581 597.488 597.271 597.4585 597.4406 597.4955 597.545 597.4955 597.4955 597.5545 597.676 597.6105 597.55 597.688 597.875 597.726 597.7405 597.92 598.21 598.392 598.5797 598.6639 598.7673 598.8751 598.9694 599.0391 599.1365 599.2042 599.3049 599.4054 599.4789 599.5322 599.6321 599.698 599.7985 599.8643 599.9491
598.392 598.322 598.492 598.487 598.498 598.4695 598.446 598.291 598.33 598.3665 598.147 598.1985 598.2695 598.15 597.9945 597.8945 598.0145 598.1875 597.9255 597.7345 597.762 597.853 597.7409 597.6299 597.6395 597.831 597.5575 597.5175 597.4795 597.2355 597.423 597.377 597.344 597.3255 597.316 597.286 597.2845 597.3605 597.2235 597.172 597.3355 597.5715 597.339 597.2265 597.375 597.6235 597.5615 597.674 597.723 597.709 598.288 598.44 598.5092 598.5985 598.6713 598.7786 598.8734 598.9415 599.001 599.0964 599.1648 599.2627 599.3287 599.4145
598.321 598.49 598.513 598.4545 598.612 598.442 598.452 598.5495 598.4755 598.311 598.1025 598.0945 598.2745 598.219 597.95 598.0755 598.0495 597.832 597.9405 598.011 597.9045 597.755 597.7475 597.6595 597.655 597.653 597.5595 597.5195 597.4695 597.583 597.3943 597.2805 597.1885 597.1485 597.1225 597.086 597.066 596.9969 597.089 597.268 597.1115 596.953 597.112 597.231 597.1975 597.273 597.3035 597.3805 597.255 597.2305 597.49 597.548 597.6245 597.567 597.6735 598.1695 598.3415 598.404 598.4712 598.5608 598.6351 598.7271 598.797 598.8772
598.5735 598.645 598.5025 598.3485 598.414 598.336 598.474 598.534 598.3445 598.397 598.4456 598.228 598.2685 598.4125 598.311 598.338 598.1145 597.836 598.022 598.0175 597.824 597.7054 597.787 597.76 597.742 597.6605 597.5916 597.5345 597.4835 597.69 597.4305 597.306 597.4165 597.3885 597.325 597.287 597.2445 597.1115 597.0545 597.246 596.983 596.728 596.9315 596.9919 596.8245 596.799 596.811 596.976 596.8925 596.782 596.8995 596.934 596.9775 597.1145 597.24 597.3585 597.27 597.1445 597.469 597.8416 598.102 598.2 598.2623 598.3376
598.532 598.478 598.5735 598.6844 598.62 598.6115 598.663 598.6331 598.5585 598.6295 598.501 598.2085 598.3665 598.5475 598.4765 598.4665 598.2025 598.104 598.112 597.852 597.96 597.9715 597.7896 597.8675 597.951 597.7715 597.599 597.5565 597.4955 597.622 597.637 597.44 597.4715 597.6225 597.3555 597.316 597.251 596.9915 596.9775 596.964 596.881 596.7915 596.7895 596.8757 596.7685 596.528 596.7045 596.7715 596.5985 596.6675 596.7735 596.777 596.791 596.915 596.8295 596.6555 596.855 597.0285 597.088 597.196 597.27 597.3405 597.416 597.482
598.7725 598.6105 598.661 598.7255 598.5415 598.5446 598.565 598.536 598.503 598.633 598.541 598.2915 598.4705 598.488 598.2805 598.4185 598.3185 598.2975 598.2895 598.0015 598.16 598.29 598.188 598.037 597.8715 597.9365 597.976 597.927 597.8915 597.709 597.561 597.465 597.556 597.7275 597.41 597.377 597.3145 597.229 597.3165 597.2565 597.1575 597.086 597.0725 597.0765 596.8455 596.5835 596.7625 596.8615 596.7079 596.643 596.4969 596.4535 596.435 596.6115 596.537 596.3025 596.549 596.631 596.5055 596.563 596.6125 596.646 596.719 596.959
598.757 598.6945 598.7 598.6745 598.608 598.705 598.811 598.654 598.6585 598.687 598.652 598.8025 598.632 598.4175 598.379 598.3975 598.367 598.4535 598.5335 598.2965 598.337 598.517 598.444 598.2265 598.0165 598.2025 598.1815 598.094 598.0625 597.7885 597.7465 597.8505 597.788 597.6255 597.5325 597.455 597.568 597.6605 597.6145 597.403 597.238 597.114 597.185 597.1255 597.0065 597.0909 596.848 596.7835 596.896 596.825 596.5525 596.3415 596.3425 596.4968 596.4376 596.2275 596.3035 596.2865 596.2495 596.4305 596.394 596.2265 596.4745 596.756
599.0505 599.052 599.048 599.05 599.0305 598.9015 598.7925 598.7321 598.856 598.8345 598.7795 599.028 598.785 598.6935 598.852 598.8345 598.8015 598.683 598.522 598.449 598.609 598.627 598.423 598.5035 598.572 598.6085 598.413 598.358 598.2815 598.187 598.2985 598.354 598.097 597.9814 598.113 597.8855 597.9135 597.877 597.6105 597.6555 597.65 597.41 597.4645 597.323 597.23 597.3895 597.078 596.8485 596.822 596.9335 596.7695 596.653 596.7225 596.708 596.4975 596.4135 596.517 596.49 596.491 596.4158 596.3665 596.1255 596.345 596.6005
599.0725 599.2345 599.18 599.1445 599.2035 598.91 599.033 599.138 599.1465 599.191 599.098 599.266 599.2524 599.259 599.3345 599.271 599.2894 599.2898 599.2627 599.2905 599.3385 599.3146 599.2875 599.2636 599.2367 599.2098 599.1859 599.1591 599.1325 599.1086 599.0587 598.9622 598.9167 598.8918 598.8229 598.786 598.6665 598.549 598.0905 598.0665 598.03 597.914 597.979 597.736 597.4985 597.4595 597.457 597.454 597.326 597.0505 597.075 597.1905 596.9235 596.619 596.7005 596.844 596.607 596.5145 596.6215 596.573 596.4951 596.307 596.2155 596.4155
599.6345 599.663 599.6161 599.646 599.6534 599.7377 599.7197 599.7496 599.8169 599.7888 599.8551 599.871 599.8572 599.9207 599.9208 599.9057 599.9666 599.9629 599.9248 599.9334 599.9803 599.9565 599.9193 599.8909 599.8591 599.8225 599.7988 599.7628 599.7274 599.6993 599.6407 599.5442 599.4993 599.47 599.39 599.3022 599.2612 599.1749 599.1074 599.0229 598.9346 598.8495 598.7628 598.6785 598.5852 598.3105 598.3475 597.9815 597.557 597.4095 597.525 597.615 597.2545 596.9355 597.0385 597.1295 596.795 596.556 596.538 596.4955 596.464 596.4845 596.507 596.543
600.3566 600.3322 600.3912 600.421 600.4139 600.4983 600.4802 600.5081 600.5543 600.5191 600.5754 600.5919 600.5546 600.618 600.6171 600.5828 600.6437 600.6365 600.5869 600.5764 600.6221 600.598 600.551 600.5131 600.4811 600.4352 600.4113 600.3661 600.3224 600.2842 600.2227 600.1255 600.0732 600.0479 599.9571 599.8687 599.8232 599.7369 599.664 599.5779 599.4847 599.3997 599.3062 599.2219 599.1237 599.0237 598.9326 598.827 598.7173 598.6177 598.4896 598.402 598.1965 597.9505 597.4975 597.2475 597.1295 596.9655 596.8475 596.874 596.8915 596.7395 596.602 596.4845
601.1467 601.1218 601.1663 601.196 601.1744 601.2588 601.2408 601.2665 601.2877 601.252 601.2958 601.3128 601.2537 601.3154 601.3134 601.2599 601.3209 601.301 601.2489 601.2193 601.2638 601.231 601.1825 601.1351 601.1031 601.048 601.016 600.9695 600.9171 600.8691 600.8047 600.7057 600.6498 600.6172 600.5242 600.4383 600.3853 600.2989 600.2189 600.1329 600.0349 599.9498 599.8495 599.7653 599.662 599.5624 599.4713 599.3607 599.2496 599.1458 599.0173 598.9172 598.7984 598.6786 598.5511 598.42 598.3081 598.11 597.776 597.3945 597.1805 597.146 597.128 596.886
601.9368 601.9114 601.9413 601.971 601.9459 602.0193 602.0013 602.025 602.0212 601.9849 602.0161 602.0338 601.9629 602.0128 602.0093 601.9388 601.998 601.963 601.9109 601.8622 601.9055 601.8626 601.814 601.7572 601.7252 601.6606 601.6181 601.5728 601.5118 601.4539 601.3868 601.2859 601.2277 601.1829 601.0913 601.0079 600.9473 600.8502 600.7739 600.6878 600.585 600.4999 600.3929 600.3069 600.2005 600.1011 600.0076 599.8944 599.7819 599.6727 599.5475 599.4475 599.3239 599.2053 599.0717 598.9466 598.8347 598.7132 598.5593 598.4302 598.303 598.1707 597.968 597.6915
602.7269 602.701 602.7164 602.746 602.7205 602.7799 602.7618 602.7834 602.7546 602.7179 602.7365 602.7547 602.6711 602.7102 602.7051 602.623 602.6751 602.625 602.5731 602.5052 602.5471 602.4942 602.4456 602.3793 602.3472 602.2731 602.2202 602.1761 602.1065 602.0388 601.9688 601.871 601.8055 601.7485 601.6584 601.5775 601.5093 601.4041 601.3289 601.2358 601.1351 601.0444 600.9363 600.8422 600.7389 600.6398 600.5412 600.4243 600.3142 600.1995 600.0778 599.9764 599.8486 599.7319 599.5923 599.4732 599.3613 599.2338 599.0798 598.959 598.8236 598.6996 598.5674 598.44
603.517 603.4907 603.4915 603.521 603.4951 603.5405 603.5224 603.5419 603.488 603.4509 603.4568 603.4754 603.3793 603.4076 603.3936 603.3072 603.3523 603.287 603.2351 603.1481 603.1887 603.1258 603.077 603.0014 602.9651 602.8857 602.8224 602.777 602.7012 602.6236 602.5508 602.457 602.3834 602.3142 602.2256 602.1471 602.0714 601.9591 601.8838 601.78 601.6852 601.5852 601.4797 601.3785 601.2764 601.1785 601.0749 600.9511 600.8465 600.7263 600.6081 600.504 600.3704 600.2585 600.113 599.9998 599.8879 599.7544 599.6038 599.4879 599.345 599.2284 599.088 598.9688
604.3071 604.2803 604.2666 604.296 604.2698 604.301 604.283 604.3004 604.2214 604.1843 604.1771 604.1961 604.0873 604.105 604.0781 603.9913 604.0257 603.949 603.8974 603.7972 603.8303 603.7574 603.7086 603.6235 603.5778 603.4983 603.4245 603.3705 603.296 603.2087 603.1329 603.043 602.9612 602.8799 602.7917 602.7167 602.6334 602.5142 602.4388 602.3287 602.2354 602.1259 602.0231 601.917 601.8126 601.7172 601.6086 601.4819 601.3788 601.2531 601.1383 601.0295 600.897 600.785 600.6384 600.5264 600.4145 600.275 600.1306 600.0167 599.8719 599.7572 599.6131 599.4976
605.0972 605.0699 605.043 605.071 605.0444 605.0615 605.0435 605.0589 604.9548 604.9177 604.8975 604.908 604.7953 604.8024 604.7626 604.6755 604.6987 604.611 604.5598 604.454 604.4719 604.389 604.3401 604.2456 604.1904 604.1108 604.0266 603.9641 603.8906 603.7947 603.7139 603.629 603.5391 603.4467 603.3559 603.2817 603.1846 603.0692 602.9937 602.8776 602.7855 602.6667 602.5665 602.4554 602.3487 602.2554 602.1423 602.0126 601.9093 601.78 601.6686 601.5551 601.4236 601.3081 601.165 601.053 600.9411 600.7956 600.6578 600.5394 600.3987 600.2831 600.1399 600.0265
605.8873 605.8596 605.8323 605.8459 605.819 605.8221 605.804 605.8162 605.6883 605.6511 605.6259 605.6192 605.5033 605.4998 605.4471 605.3597 605.3716 605.2729 605.2222 605.1138 605.1135 605.0206 604.9698 604.8677 604.803 604.7234 604.6287 604.5577 604.4855 604.3808 604.2941 604.2103 604.1169 604.0138 603.92 603.8438 603.7347 603.6246 603.545 603.4266 603.3356 603.2074 603.1099 602.9938 602.8856 602.7891 602.676 602.5433 602.4362 602.3068 602.1989 602.0806 601.9502 601.8287 601.6916 601.5797 601.4677 601.3162 601.1866 601.06 600.9272 600.8037 600.6676 600.5475
606.6774 606.6492 606.6211 606.621 606.5934 606.5826 606.5646 606.5536 606.4217 606.3845 606.3587 606.3304 606.2141 606.1971 606.1316 606.0439 606.0446 605.9349 605.8828 605.7735 605.7554 605.6522 605.5919 605.4897 605.4157 605.3361 605.2309 605.1513 605.0737 604.9669 604.8743 604.7842 604.6951 604.5809 604.4841 604.4058 604.2856 604.1863 604.0891 603.9755 603.8828 603.7482 603.6497 603.5322 603.4243 603.3228 603.2003 603.0754 602.963 602.8336 602.7271 602.6056 602.4768 602.3493 602.2182 602.1063 601.9907 601.8404 601.7155 601.5817 601.456 601.3243 601.1964 601.0681
607.4675 607.4388 607.41 607.396 607.3679 607.3441 607.3251 607.287 607.1551 607.1179 607.0917 607.0417 606.9253 606.8945 606.8161 606.7281 606.7065 606.5969 606.5425 606.4332 606.3895 606.2838 606.214 606.1118 606.0283 605.9462 605.833 605.7449 605.6586 605.5529 605.4545 605.358 605.2644 605.148 605.0482 604.9678 604.8406 604.7446 604.6331 604.5245 604.4235 604.2889 604.1849 604.0698 603.963 603.8565 603.7245 603.6077 603.4898 603.3605 603.2548 603.1262 603.0034 602.8699 602.7448 602.6329 602.5114 602.3672 602.2443 602.1085 601.9848 601.8498 601.7252 601.5911
608.0326 608.0037 607.9747 607.9507 607.9223 607.8964 607.8668 607.8376 607.8087 607.7813 607.7515 607.7255 607.6365 607.5993 607.5006 607.4122 607.3685 607.2589 607.2023 607.0929 607.0211 606.9153 606.8361 606.7339 606.641 606.5483 606.4351 606.3385 606.2434 606.139 606.0347 605.9319 605.8301 605.7151 605.6124 605.5191 605.3957 605.2996 605.1772 605.0734 604.9643 604.8297 604.7202 604.6059 604.5017 604.3902 604.2524 604.14 604.0166 603.8896 603.7825 603.6468 603.53 603.3906 603.2714 603.1595 603.032 602.894 602.7731 602.6354 602.5136 602.3766 602.2541 602.1179
608.0729 608.0442 608.0154 607.9914 607.9632 607.9373 607.9077 607.8791 607.8503 607.8229 607.7932 607.7606 607.7313 607.7016 607.6741 607.6443 607.6147 607.5844 607.5541 607.5228 607.4913 607.461 607.435 607.356 607.2536 607.1504 607.0373 606.9321 606.8283 606.7216 606.6149 606.5059 606.3958 606.2814 606.1765 606.0692 605.9507 605.8541 605.725 605.6224 605.5051 605.3704 605.2555 605.142 605.037 604.9239 604.7831 604.6722 604.5435 604.4199 604.3102 604.1686 604.0566 603.9111 603.798 603.6861 603.5526 603.4209 603.2963 603.1622 603.0401 602.9034 602.7829 602.6447
608.1132 608.0847 608.0562 608.0322 608.0042 607.9783 607.9486 607.9205 607.8919 607.8646 607.8348 607.803 607.7737 607.744 607.717 607.6873 607.6581 607.6279 607.5977 607.5667 607.5358 607.5042 607.4727 607.4402 607.4099 607.3795 607.3459 607.3143 607.2825 607.2525 607.1951 607.0798 606.9614 606.8455 606.7406 606.6193 606.5057 606.3981 606.274 606.1713 606.0458 605.9111 605.7908 605.6782 605.5707 605.452 605.3138 605.1996 605.0703 604.9501 604.8372 604.6952 604.5833 604.4366 604.3246 604.2127 604.0771 603.9477 603.8184 603.689 603.5607 603.4302 603.3044 603.1716
608.1536 608.1252 608.0969 608.0729 608.045 608.0192 607.9896 607.9619 607.9335 607.9062 607.8765 607.8454 607.8161 607.7864 607.76 607.7302 607.7016 607.6713 607.6417 607.6107 607.5802 607.5486 607.5177 607.4852 607.4555 607.4253 607.3917 607.3608 607.3295 607.2956 607.2648 607.2316 607.1976 607.1656 607.1343 607.1015 607.0607 606.9422 606.8229 606.7212 606.5865 606.4545 606.326 606.2143 606.1044 605.9763 605.8446 605.7264 605.5971 605.4778 605.3625 605.2218 605.1063 604.9632 604.8513 604.7393 604.6039 604.4745 604.3452 604.2158 604.0865 603.9571 603.8277 603.6984
608.1939 608.1658 608.1376 608.1136 608.086 608.0601 608.0305 608.0033 607.9752 607.9478 607.9181 607.8878 607.8585 607.8289 607.8029 607.7731 607.7451 607.7148 607.6857 607.6545 607.6247 607.5931 607.5627 607.5302 607.5012 607.4711 607.4374 607.4073 607.3763 607.3433 607.3124 607.2793 607.246 607.2147 607.1834 607.1473 607.1152 607.0829 607.0485 607.0118 606.9769 606.95 606.8631 606.7504 606.6381 606.5005 606.3754 606.2533 606.124 606.0055 605.8832 605.7484 605.6269 605.4898 605.3779 605.2659 605.1307 605.0014 604.872 604.7427 604.6133 604.4839 604.3546 604.2252
608.2342 608.2063 608.1783 608.1543 608.1269 608.101 608.0714 608.0447 608.0168 607.9894 607.9597 607.9301 607.9009 607.8719 607.8459 607.816 607.7885 607.7582 607.7297 607.6985 607.6691 607.6376 607.6077 607.5756 607.5468 607.5169 607.4836 607.4538 607.4233 607.3911 607.36 607.327 607.2945 607.2639 607.2325 607.1962 607.1654 607.1332 607.0994 607.0627 607.0294 606.9984 606.9641 606.9316 606.8958 606.8585 606.825 606.7802 606.6508 606.5332 606.4037 606.275 606.1475 606.0164 605.9045 605.7889 605.6576 605.5295 605.3989 605.27 605.1401 605.0107 604.8814 604.752
