samples/sfe_4523/sfe_4523_c1/sfe_4523_c1/sfe_4523_c1.asc
ncols         234
nrows         189
xllcorner     97.39999999851
yllcorner     75.199999999255
cellsize      0.2
NODATA_value  -9999
[rows 56 to 83 of 189, columns 128 to 191 of 234]
601.9016 601.8925 601.8834 601.8751 601.8708 601.8665 601.8585 601.8493 601.8401 601.8309 601.8218 601.8126 601.8046 601.8002 601.7958 601.7861 601.7761 601.766 601.756 601.7459 601.7375 601.7287 601.7169 601.705 601.6932 601.6814 601.6754 601.671 601.6666 601.6606 601.6486 601.6366 601.6246 601.6126 601.6006 601.5887 601.5767 601.5647 601.5527 601.5408 601.5355 601.5313 601.5254 601.5131 601.5007 601.4884 601.4761 601.4637 601.4563 601.4483 601.4344 601.4204 601.4065 601.3926 601.3787 601.3647 601.3508 601.3372 601.3329 601.3211 601.3066 601.2921 601.2775 601.2629
601.8917 601.8826 601.8735 601.8643 601.8599 601.8555 601.8483 601.8391 601.83 601.8208 601.8116 601.8024 601.7933 601.7887 601.7844 601.7758 601.7657 601.7557 601.7456 601.7356 601.7255 601.7187 601.7068 601.6951 601.6832 601.6714 601.6628 601.6584 601.6541 601.6496 601.6376 601.6256 601.6136 601.6017 601.5897 601.5777 601.5657 601.5537 601.5417 601.5298 601.5215 601.5173 601.5129 601.5011 601.4888 601.4764 601.4641 601.4518 601.4415 601.436 601.4221 601.4082 601.3942 601.3803 601.3664 601.3525 601.3386 601.3246 601.3167 601.3076 601.293 601.2784 601.2639 601.2494
601.8818 601.8727 601.8636 601.8544 601.8491 601.8447 601.8381 601.8289 601.8198 601.8106 601.8014 601.7922 601.7831 601.7772 601.7729 601.7654 601.7554 601.7454 601.7353 601.7252 601.7152 601.7087 601.6969 601.6851 601.6732 601.6614 601.65 601.6458 601.6414 601.6371 601.6266 601.6147 601.6027 601.5907 601.5787 601.5667 601.5547 601.5428 601.5308 601.5188 601.5075 601.5032 601.499 601.4891 601.4767 601.4644 601.4521 601.4398 601.4274 601.4224 601.4099 601.3959 601.382 601.3681 601.3541 601.3402 601.3263 601.3124 601.3004 601.294 601.2795 601.2649 601.2504 601.2358
601.8719 601.8629 601.8537 601.8445 601.8381 601.8337 601.8279 601.8187 601.8096 601.8004 601.7912 601.782 601.7729 601.766 601.7617 601.7551 601.7451 601.735 601.7249 601.7149 601.7048 601.6971 601.6869 601.675 601.6632 601.6514 601.6395 601.6331 601.6287 601.6245 601.6157 601.6037 601.5917 601.5797 601.5677 601.5558 601.5438 601.5318 601.5198 601.5078 601.4958 601.4892 601.4849 601.4771 601.4648 601.4525 601.4401 601.4278 601.4154 601.4075 601.3976 601.3837 601.3698 601.3558 601.3419 601.328 601.314 601.3001 601.2862 601.2798 601.2659 601.2513 601.2368 601.2222
601.8621 601.853 601.8438 601.8347 601.8272 601.8229 601.8177 601.8085 601.7994 601.7902 601.7811 601.7719 601.7627 601.7546 601.7502 601.7448 601.7347 601.7247 601.7146 601.7045 601.6945 601.6852 601.6769 601.665 601.6532 601.6414 601.6295 601.6205 601.6163 601.6118 601.6047 601.5927 601.5807 601.5688 601.5568 601.5448 601.5328 601.5208 601.5089 601.4969 601.4849 601.4751 601.4709 601.4651 601.4528 601.4404 601.4281 601.4158 601.4034 601.3928 601.3854 601.3715 601.3575 601.3436 601.3297 601.3157 601.3018 601.2879 601.2739 601.2636 601.2523 601.2378 601.2232 601.2087
601.8522 601.8431 601.8339 601.8248 601.8165 601.8122 601.8076 601.7983 601.7892 601.78 601.7709 601.7617 601.7525 601.7433 601.7388 601.7344 601.7244 601.7143 601.7043 601.6942 601.6841 601.6741 601.6669 601.655 601.6432 601.6314 601.6196 601.6078 601.6036 601.5993 601.5938 601.5817 601.5698 601.5578 601.5458 601.5338 601.5219 601.5099 601.4979 601.4859 601.4739 601.462 601.4568 601.4525 601.4408 601.4284 601.4161 601.4037 601.3914 601.3791 601.3731 601.3592 601.3453 601.3314 601.3174 601.3035 601.2896 601.2756 601.2617 601.2477 601.2388 601.2242 601.2097 601.1951
601.8423 601.8332 601.824 601.8149 601.8058 601.8014 601.7971 601.7882 601.779 601.7698 601.7607 601.7515 601.7423 601.7332 601.7273 601.723 601.714 601.704 601.6939 601.6838 601.6738 601.6638 601.6567 601.645 601.6332 601.6214 601.6096 601.5977 601.5909 601.5866 601.5823 601.5708 601.5588 601.5468 601.5349 601.5229 601.5109 601.4989 601.4869 601.4749 601.463 601.451 601.4428 601.4385 601.4288 601.4164 601.4041 601.3918 601.3795 601.3671 601.3588 601.347 601.333 601.3191 601.3052 601.2913 601.2773 601.2634 601.2495 601.2355 601.2252 601.2106 601.1961 601.1816
601.8323 601.8233 601.8141 601.805 601.7959 601.7905 601.7862 601.778 601.7688 601.7596 601.7505 601.7413 601.7321 601.723 601.7159 601.7115 601.7037 601.6936 601.6836 601.6735 601.6635 601.6534 601.6449 601.6351 601.6232 601.6114 601.5995 601.5877 601.5784 601.574 601.5696 601.5598 601.5479 601.5358 601.5239 601.5119 601.4999 601.4879 601.476 601.464 601.452 601.44 601.4287 601.4245 601.4167 601.4044 601.3921 601.3798 601.3674 601.3551 601.3439 601.3347 601.3208 601.3069 601.2929 601.279 601.2651 601.2512 601.2372 601.2233 601.2106 601.1971 601.1826 601.175
601.8218 601.8134 601.8043 601.7951 601.786 601.7796 601.7753 601.7678 601.7586 601.7495 601.7403 601.7311 601.7219 601.7128 601.7047 601.7003 601.6933 601.6833 601.6732 601.6632 601.6531 601.6431 601.6331 601.6251 601.6132 601.6014 601.5895 601.5777 601.5659 601.5614 601.557 601.5488 601.5369 601.5249 601.5129 601.5009 601.489 601.477 601.465 601.453 601.441 601.429 601.4171 601.4104 601.4048 601.3925 601.3801 601.3678 601.3555 601.3431 601.3308 601.3224 601.3085 601.2946 601.2807 601.2667 601.2528 601.2389 601.225 601.2111 601.1971 601.1835 601.1795 601.177
601.8112 601.8035 601.7944 601.7852 601.7761 601.7687 601.7644 601.7576 601.7485 601.7393 601.7301 601.7209 601.7117 601.7026 601.6934 601.6888 601.683 601.6729 601.6629 601.6528 601.6428 601.6328 601.6227 601.6151 601.6032 601.5914 601.5795 601.5677 601.5559 601.5487 601.5444 601.5379 601.5259 601.5139 601.502 601.49 601.478 601.466 601.454 601.442 601.4301 601.4181 601.4061 601.3964 601.3921 601.3804 601.3681 601.3558 601.3434 601.3311 601.3188 601.31 601.2963 601.2823 601.2684 601.2545 601.2406 601.2266 601.2127 601.1988 601.187 601.186 601.1561 601.0429
601.8009 601.7936 601.7845 601.7753 601.7662 601.7579 601.7535 601.7474 601.7383 601.7291 601.7199 601.7108 601.7016 601.6924 601.6832 601.6774 601.6726 601.6626 601.6525 601.6425 601.6324 601.6224 601.6124 601.6045 601.5932 601.5814 601.5696 601.5577 601.5459 601.5361 601.5317 601.5269 601.515 601.5029 601.491 601.479 601.467 601.455 601.4431 601.4311 601.4191 601.4071 601.3951 601.3831 601.378 601.3685 601.3561 601.3438 601.3315 601.3192 601.3068 601.2952 601.2841 601.2701 601.2562 601.2422 601.2283 601.2144 601.2005 601.193 601.19 601.1102 601.0054 600.9007
601.7908 601.7838 601.7746 601.7654 601.7563 601.7472 601.7427 601.7372 601.7281 601.7189 601.7097 601.7006 601.6914 601.6822 601.673 601.666 601.6616 601.6522 601.6422 601.6321 601.6221 601.6121 601.602 601.5926 601.5833 601.5714 601.5596 601.5477 601.5359 601.524 601.5192 601.5148 601.504 601.492 601.48 601.468 601.4561 601.4441 601.4321 601.4201 601.4081 601.3961 601.3842 601.3722 601.364 601.3564 601.3441 601.3318 601.3195 601.3071 601.2948 601.2825 601.2718 601.2579 601.244 601.23 601.2161 601.2021 601.1985 601.1561 601.0664 600.9596 600.8548 600.7501
601.7806 601.7739 601.7647 601.7556 601.7464 601.7373 601.732 601.7271 601.7179 601.7087 601.6995 601.6904 601.6812 601.672 601.6628 601.6547 601.6502 601.6419 601.6318 601.6218 601.6118 601.6017 601.5917 601.5816 601.5732 601.5614 601.5496 601.5377 601.5259 601.514 601.5065 601.5021 601.493 601.481 601.4691 601.457 601.4451 601.4331 601.4211 601.4091 601.3972 601.3852 601.3732 601.3612 601.3499 601.3445 601.3322 601.3198 601.3075 601.2951 601.2828 601.2704 601.2596 601.2456 601.2317 601.2178 601.206 601.203 601.0843 601.0035 600.9227 600.8152 600.7042 600.5994
601.7705 601.7639 601.7548 601.7457 601.7365 601.7274 601.7211 601.7168 601.7077 601.6985 601.6893 601.6802 601.671 601.6619 601.6526 601.6435 601.6389 601.6315 601.6215 601.6115 601.6014 601.5914 601.5813 601.5713 601.5632 601.5514 601.5396 601.5277 601.5159 601.5041 601.494 601.4896 601.4821 601.47 601.4581 601.4461 601.4341 601.4221 601.4102 601.3982 601.3862 601.3742 601.3622 601.3502 601.3383 601.3317 601.3201 601.3078 601.2955 601.2831 601.2708 601.2585 601.2464 601.2334 601.2195 601.2115 601.207 601.0689 600.9308 600.8508 600.7701 600.6893 600.5639 600.4488
601.7604 601.754 601.7449 601.7358 601.7266 601.7175 601.7101 601.7059 601.6975 601.6884 601.6791 601.67 601.6608 601.6517 601.6425 601.6333 601.6274 601.6212 601.6111 601.6011 601.5911 601.5811 601.571 601.5609 601.5523 601.5414 601.5295 601.5178 601.5059 601.4941 601.4822 601.4769 601.4711 601.4591 601.4471 601.4351 601.4232 601.4111 601.3992 601.3872 601.3752 601.3632 601.3513 601.3393 601.3273 601.3176 601.3081 601.2958 601.2834 601.2711 601.2588 601.2465 601.2341 601.2211 601.2155 601.2115 601.0729 600.9348 600.7968 600.6974 600.6174 600.5366 600.4412 600.3127
601.7502 601.7437 601.735 601.7259 601.7167 601.7076 601.6993 601.695 601.6873 601.6782 601.669 601.6598 601.6506 601.6415 601.6323 601.6231 601.616 601.6109 601.6008 601.5908 601.5807 601.5707 601.5607 601.5506 601.5405 601.5314 601.5196 601.5078 601.4959 601.4841 601.4722 601.4644 601.46 601.4481 601.4362 601.4241 601.4122 601.4002 601.3882 601.3762 601.3643 601.3523 601.3403 601.3283 601.3163 601.3043 601.2961 601.2838 601.2715 601.2592 601.2468 601.2345 601.2242 601.2203 601.1911 601.0778 600.9391 600.8007 600.6627 600.5439 600.464 600.384 600.3032 600.1903
601.7401 601.7332 601.7252 601.716 601.7068 601.6978 601.6886 601.6841 601.6771 601.668 601.6588 601.6496 601.6404 601.6313 601.6221 601.6129 601.6047 601.6003 601.5905 601.5804 601.5704 601.5604 601.5503 601.5402 601.5302 601.5214 601.5096 601.4977 601.4859 601.4741 601.4622 601.4517 601.4473 601.4371 601.4252 601.4132 601.4012 601.3892 601.3773 601.3652 601.3533 601.3413 601.3293 601.3173 601.3054 601.2934 601.2841 601.2718 601.2595 601.2471 601.2348 601.2288 601.2247 601.1453 601.0408 600.9362 600.8055 600.6668 600.5286 600.3905 600.3105 600.2305 600.1506 600.0668
601.7299 601.7229 601.7153 601.7061 601.697 601.6879 601.6787 601.6733 601.6669 601.6578 601.6486 601.6394 601.6302 601.6211 601.6119 601.6027 601.5936 601.5888 601.5801 601.5701 601.5601 601.55 601.54 601.5299 601.5198 601.5114 601.4996 601.4877 601.4759 601.4641 601.4523 601.4404 601.4348 601.4262 601.4142 601.4022 601.3903 601.3782 601.3663 601.3543 601.3423 601.3303 601.3184 601.3064 601.2944 601.2824 601.2712 601.2598 601.2475 601.2372 601.233 601.1908 601.1015 600.995 600.8904 600.7858 600.6726 600.5331 600.3945 600.2564 600.1571 600.0771 599.9971 599.9172
601.7198 601.7128 601.7054 601.6962 601.6871 601.678 601.6688 601.6625 601.6567 601.6476 601.6384 601.6293 601.6201 601.6109 601.6017 601.5925 601.5834 601.5775 601.5698 601.5598 601.5497 601.5397 601.5296 601.5196 601.5095 601.5 601.4896 601.4777 601.4659 601.4541 601.4423 601.4304 601.4222 601.4152 601.4033 601.3912 601.3793 601.3673 601.3553 601.3433 601.3314 601.3193 601.3074 601.2954 601.2834 601.2714 601.2595 601.2478 601.2415 601.2375 601.1183 601.0379 600.9575 600.8505 600.7401 600.6355 600.5309 600.4003 600.2609 600.1223 600.0036 599.9236 599.8437 599.7637
601.7097 601.7026 601.6955 601.6863 601.6772 601.6681 601.6589 601.6516 601.6465 601.6374 601.6282 601.6191 601.6099 601.6007 601.5916 601.5824 601.5732 601.566 601.5594 601.5494 601.5394 601.5293 601.5193 601.5092 601.4991 601.4891 601.4796 601.4678 601.4559 601.4441 601.4323 601.4204 601.4095 601.4042 601.3923 601.3803 601.3683 601.3563 601.3444 601.3323 601.3204 601.3084 601.2964 601.2844 601.2725 601.2605 601.2502 601.2473 601.2178 601.1233 601.0042 600.8851 600.8046 600.7242 600.5995 600.4852 600.3806 600.2673 600.1279 599.9885 599.8502 599.7702 599.6902 599.6102
601.6995 601.6925 601.6856 601.6765 601.6673 601.6582 601.649 601.6407 601.6364 601.6272 601.618 601.6089 601.5997 601.5905 601.5814 601.5722 601.563 601.5547 601.5491 601.5391 601.529 601.519 601.5089 601.4989 601.4888 601.4788 601.4696 601.4578 601.4459 601.4341 601.4222 601.4104 601.3986 601.3926 601.3813 601.3693 601.3574 601.3453 601.3334 601.3214 601.3094 601.2974 601.2855 601.2734 601.2615 601.2548 601.2538 601.1736 601.068 600.9625 600.8898 600.7709 600.6518 600.5714 600.4763 600.3485 600.2303 600.1257 599.995 599.8556 599.7162 599.6168 599.576 599.574
601.6894 601.6824 601.6757 601.6666 601.6574 601.6483 601.6392 601.63 601.6257 601.617 601.6078 601.5987 601.5895 601.5803 601.5712 601.562 601.5528 601.5436 601.5388 601.5287 601.5187 601.5086 601.4986 601.4885 601.4785 601.4684 601.4596 601.4478 601.4359 601.4241 601.4122 601.4004 601.3886 601.3799 601.3703 601.3583 601.3464 601.3344 601.3224 601.3104 601.2985 601.2864 601.2745 601.2648 601.2603 601.2593 601.1312 601.0237 600.9182 600.8126 600.718 600.6564 600.5377 600.4185 600.3381 600.2253 600.0975 599.9753 599.8621 599.7227 599.5833 599.5825 599.428 599.275
601.6792 601.6722 601.6657 601.6567 601.6475 601.6384 601.6293 601.6201 601.6147 601.6068 601.5977 601.5885 601.5793 601.5701 601.561 601.5518 601.5427 601.5334 601.5275 601.5184 601.5084 601.4983 601.4882 601.4782 601.4681 601.4581 601.4481 601.4377 601.4259 601.4141 601.4023 601.3904 601.3786 601.3673 601.3594 601.3474 601.3354 601.3234 601.3115 601.2994 601.2875 601.2755 601.2698 601.2668 601.2637 601.1357 601.0076 600.8795 600.7684 600.6628 600.5572 600.4846 600.423 600.3043 600.1852 600.1018 599.9744 599.8465 599.7205 599.5898 599.587 599.4345 599.283 599.252
601.6691 601.662 601.6551 601.6468 601.6376 601.6285 601.6194 601.6102 601.6039 601.5967 601.5875 601.5783 601.5692 601.5599 601.5508 601.5416 601.5325 601.5233 601.5161 601.5081 601.498 601.4879 601.4779 601.4678 601.4578 601.4478 601.4377 601.4277 601.4159 601.4041 601.3923 601.3804 601.3686 601.3568 601.3484 601.3364 601.3244 601.3124 601.3005 601.2885 601.2787 601.2753 601.272 601.2256 601.1401 601.0121 600.884 600.756 600.6279 600.5129 600.4073 600.3128 600.2512 600.1896 600.0709 599.9519 599.8509 599.7235 599.5955 599.444 599.414 599.2896 599.2385 599.2105
601.6589 601.6519 601.6449 601.6369 601.6277 601.6187 601.6095 601.6003 601.5931 601.5865 601.5773 601.5681 601.559 601.5498 601.5406 601.5314 601.5223 601.5131 601.5047 601.4977 601.4877 601.4776 601.4675 601.4575 601.4474 601.4374 601.4274 601.4178 601.4059 601.3941 601.3823 601.3704 601.3586 601.3467 601.3374 601.3254 601.3135 601.3015 601.2895 601.2842 601.2805 601.2765 601.145 601.0563 600.9676 600.8884 600.7604 600.6324 600.5043 600.3762 600.2575 600.152 600.0793 600.0178 599.9562 599.8374 599.7186 599.6 599.449 599.2975 599.2425 599.2425 599.1945 599.1945
601.6488 601.6418 601.6348 601.627 601.6179 601.6088 601.5996 601.5905 601.5822 601.5763 601.5671 601.5579 601.5488 601.5396 601.5304 601.5212 601.5121 601.5029 601.4937 601.4874 601.4773 601.4673 601.4572 601.4471 601.4371 601.4271 601.4171 601.4075 601.3959 601.3841 601.3723 601.3604 601.3486 601.3368 601.3251 601.3145 601.3025 601.2928 601.2895 601.2855 601.2257 601.1428 601.0042 600.8869 600.7982 600.7235 600.6368 600.5088 600.3807 600.2526 600.1246 600.0021 599.9075 599.8459 599.7844 599.7227 599.604 599.4535 599.305 599.2755 599.2485 599.2245 599.178 599.16
601.6387 601.6317 601.6246 601.6171 601.608 601.5988 601.5897 601.5806 601.5714 601.5661 601.5569 601.5477 601.5386 601.5294 601.5202 601.511 601.5019 601.4927 601.4835 601.477 601.467 601.4569 601.4468 601.4368 601.4268 601.4167 601.4067 601.3966 601.3859 601.3741 601.3622 601.3504 601.3386 601.3268 601.3149 601.3035 601.298 601.294 601.179 601.1192 601.0594 600.9955 600.8705 600.7318 600.6288 600.5449 600.481 600.3851 600.2571 600.129 600.001 599.8729 599.7467 599.6741 599.6125 599.6085 599.461 599.3105 599.2595 599.2325 599.2085 599.169 599.169 599.1295
601.6285 601.6215 601.6145 601.6072 601.5981 601.5889 601.5798 601.5707 601.5615 601.5559 601.5468 601.5375 601.5284 601.5192 601.5101 601.5009 601.4917 601.4825 601.4733 601.4661 601.4566 601.4466 601.4365 601.4265 601.4164 601.4064 601.3964 601.3863 601.3759 601.3641 601.3523 601.3405 601.3286 601.3168 601.3073 601.3032 601.2738 601.1702 601.0425 600.9529 600.8932 600.8334 600.7367 600.5981 600.4595 600.3708 600.3023 600.2384 600.1334 600.0055 599.8774 599.7493 599.6213 599.617 599.4955 599.4645 599.2915 599.2675 599.2405 599.1955 599.1745 599.156 599.122 599.1095
