samples/sfe_4523/sfe_4523_c1/sfe_4523_c1/sfe_4523_c1.asc
ncols         234
nrows         189
xllcorner     97.39999999851
yllcorner     75.199999999255
cellsize      0.2
NODATA_value  -9999
[rows 0 to 27 of 189, columns 64 to 127 of 234]
602.7694 602.7651 602.7616 602.7569 602.7526 602.7492 602.7446 602.7402 602.7362 602.7316 602.7272 602.7236 602.7195 602.7149 602.7106 602.7065 602.7019 602.6976 602.6935 602.6889 602.6846 602.6806 602.6764 602.6721 602.668 602.6634 602.6591 602.655 602.6507 602.6463 602.6423 602.6376 602.6333 602.6293 602.6246 602.6206 602.6166 602.6127 602.608 602.6037 602.5997 602.5953 602.5908 602.5869 602.5823 602.5778 602.5739 602.5693 602.565 602.561 602.5565 602.552 602.548 602.5435 602.5389 602.5347 602.5302 602.5256 602.5215 602.5172 602.5126 602.5085 602.5043 602.4999
602.7532 602.7507 602.7466 602.7418 602.7386 602.7355 602.7307 602.7266 602.7226 602.7176 602.7137 602.7107 602.7067 602.7017 602.6977 602.6937 602.6887 602.6847 602.6807 602.6757 602.6718 602.6684 602.6642 602.6602 602.6561 602.6512 602.6472 602.6432 602.639 602.6349 602.6309 602.626 602.6219 602.6179 602.613 602.6098 602.6058 602.6019 602.597 602.5931 602.5891 602.5848 602.5805 602.5765 602.5718 602.5675 602.5635 602.559 602.5549 602.551 602.5463 602.5419 602.5379 602.5334 602.5289 602.5241 602.5195 602.5146 602.5106 602.5064 602.5016 602.4977 602.4928 602.4886
602.7374 602.7358 602.7314 602.7269 602.7259 602.7217 602.7169 602.7129 602.7086 602.704 602.7017 602.6978 602.6935 602.6888 602.6848 602.6805 602.6758 602.6718 602.6674 602.6628 602.6589 602.657 602.6522 602.6483 602.644 602.6393 602.6353 602.6324 602.6276 602.6235 602.6193 602.6146 602.6106 602.6063 602.603 602.5991 602.5952 602.5911 602.5865 602.5825 602.5789 602.5743 602.5702 602.5662 602.5612 602.5572 602.5534 602.5487 602.5449 602.5409 602.5361 602.5319 602.5278 602.5233 602.5187 602.5135 602.5087 602.5038 602.4998 602.4957 602.4908 602.4868 602.482 602.4772
602.7226 602.721 602.7162 602.712 602.7122 602.7078 602.7032 602.6993 602.6947 602.6903 602.6888 602.6849 602.6804 602.6759 602.6719 602.6673 602.663 602.6589 602.6542 602.65 602.646 602.6448 602.6403 602.6363 602.6317 602.6274 602.6234 602.6207 602.6161 602.6122 602.6076 602.6032 602.5992 602.5945 602.5922 602.5883 602.5845 602.5801 602.5759 602.5718 602.5688 602.5639 602.5599 602.5557 602.5509 602.5469 602.5434 602.5386 602.5348 602.5308 602.5259 602.5219 602.5178 602.5132 602.5087 602.503 602.4988 602.493 602.4888 602.4849 602.4799 602.4758 602.4718 602.4658
602.7101 602.7059 602.7012 602.7 602.6986 602.6938 602.6896 602.6857 602.6807 602.6771 602.676 602.6719 602.6672 602.663 602.659 602.6541 602.6501 602.6459 602.6411 602.6371 602.6352 602.6326 602.6284 602.6244 602.6195 602.6155 602.6117 602.6091 602.6048 602.6008 602.5959 602.5919 602.5878 602.5829 602.5814 602.5775 602.5737 602.5692 602.5652 602.5613 602.5583 602.5536 602.5496 602.5452 602.5406 602.5366 602.5331 602.5287 602.5248 602.5208 602.5158 602.5118 602.5078 602.5031 602.4985 602.4929 602.4884 602.4823 602.4779 602.4739 602.4692 602.465 602.461 602.4543
602.6953 602.6907 602.6864 602.6884 602.6849 602.68 602.676 602.6718 602.6671 602.666 602.663 602.659 602.6541 602.6501 602.6459 602.6412 602.6372 602.6327 602.6282 602.6243 602.6251 602.6205 602.6165 602.6123 602.6075 602.6036 602.6017 602.5974 602.5934 602.5893 602.5845 602.5804 602.5762 602.5733 602.5706 602.5667 602.563 602.5582 602.5546 602.5507 602.5478 602.5432 602.5392 602.5347 602.5303 602.5263 602.5227 602.5187 602.5147 602.5106 602.5058 602.5017 602.4977 602.493 602.4885 602.4827 602.4778 602.4716 602.467 602.463 602.4585 602.4541 602.4501 602.4428
602.6805 602.6755 602.673 602.6753 602.671 602.6664 602.6624 602.6578 602.6534 602.6541 602.6501 602.6458 602.6412 602.6372 602.6327 602.6283 602.6243 602.6195 602.6154 602.612 602.6133 602.6086 602.6046 602.6001 602.5956 602.5917 602.5908 602.586 602.582 602.5776 602.5731 602.5691 602.5645 602.5637 602.5599 602.5562 602.5522 602.5478 602.544 602.5403 602.5373 602.5329 602.5289 602.5242 602.52 602.516 602.5124 602.5087 602.5046 602.5004 602.4957 602.4916 602.4876 602.4828 602.4783 602.4726 602.4673 602.4609 602.4561 602.4521 602.4478 602.4432 602.4392 602.4321
602.6652 602.6607 602.6614 602.6616 602.657 602.6527 602.6487 602.6439 602.6406 602.6412 602.6372 602.6327 602.6284 602.6243 602.6194 602.6154 602.6113 602.6065 602.6025 602.6019 602.6011 602.5967 602.5927 602.5879 602.5838 602.5801 602.5791 602.5746 602.5706 602.5659 602.5617 602.5577 602.5529 602.553 602.5491 602.5455 602.5413 602.5374 602.5334 602.5306 602.5268 602.5226 602.5186 602.5137 602.5096 602.5062 602.5021 602.4987 602.4946 602.4902 602.4857 602.4816 602.4775 602.4728 602.4683 602.4624 602.4567 602.4501 602.4453 602.4412 602.437 602.4323 602.4283 602.4219
602.65 602.6459 602.6497 602.6479 602.6431 602.6391 602.6349 602.6302 602.6295 602.6284 602.6243 602.6195 602.6155 602.6113 602.6066 602.6025 602.598 602.5937 602.5897 602.5919 602.5889 602.5848 602.5807 602.5759 602.5719 602.5701 602.5674 602.5632 602.5592 602.5543 602.5504 602.5461 602.5433 602.5422 602.5383 602.5348 602.5303 602.5268 602.5228 602.5208 602.5163 602.5123 602.5081 602.5034 602.4993 602.4965 602.4918 602.4886 602.4846 602.48 602.4756 602.4716 602.4675 602.4626 602.4581 602.4523 602.4461 602.4402 602.4344 602.4303 602.4263 602.4214 602.4174 602.4117
602.635 602.6343 602.6381 602.6342 602.6295 602.6254 602.6209 602.6166 602.6183 602.6154 602.6113 602.6066 602.6025 602.598 602.5937 602.5897 602.5848 602.5808 602.5787 602.5817 602.5768 602.5729 602.5685 602.564 602.56 602.5602 602.5558 602.5519 602.5476 602.543 602.5389 602.5344 602.5337 602.5314 602.5275 602.524 602.5193 602.5162 602.5122 602.5108 602.506 602.502 602.4976 602.493 602.4891 602.4865 602.4819 602.4785 602.4745 602.4698 602.4656 602.4615 602.4575 602.4526 602.4481 602.4421 602.4355 602.4304 602.4237 602.4194 602.4154 602.4105 602.4065 602.4015
602.6202 602.6227 602.6246 602.6203 602.6158 602.6118 602.607 602.604 602.6065 602.6025 602.5981 602.5937 602.5897 602.5848 602.5808 602.5765 602.572 602.5679 602.5687 602.5695 602.5649 602.5609 602.5562 602.5521 602.5486 602.5492 602.5444 602.5405 602.5359 602.5316 602.5276 602.5229 602.524 602.5207 602.517 602.5134 602.5089 602.5056 602.5018 602.5003 602.4956 602.4916 602.4871 602.4827 602.4788 602.4761 602.4719 602.4684 602.4645 602.4597 602.4556 602.4514 602.4474 602.4424 602.4379 602.432 602.425 602.4205 602.413 602.4085 602.4045 602.3998 602.3956 602.3913
602.6072 602.6111 602.611 602.6064 602.6022 602.598 602.5933 602.5929 602.5936 602.5896 602.585 602.5808 602.5767 602.5719 602.5679 602.5633 602.5591 602.5555 602.5587 602.5573 602.553 602.549 602.5442 602.5402 602.5386 602.5375 602.5331 602.5291 602.5242 602.5202 602.5159 602.5133 602.5139 602.5099 602.5066 602.5024 602.499 602.495 602.4921 602.4898 602.4853 602.4813 602.4766 602.4724 602.4687 602.4658 602.462 602.4584 602.4544 602.4495 602.4455 602.4413 602.4373 602.4324 602.4279 602.4219 602.4149 602.4104 602.4023 602.3976 602.3936 602.389 602.3847 602.3807
602.5956 602.5995 602.5974 602.5925 602.5886 602.584 602.5797 602.5817 602.5807 602.5767 602.5718 602.5679 602.5634 602.5591 602.5551 602.5502 602.5462 602.5455 602.5487 602.5451 602.5411 602.5368 602.5323 602.5283 602.5286 602.5259 602.5217 602.5176 602.5128 602.5089 602.5043 602.5037 602.5031 602.4991 602.4958 602.4915 602.4884 602.4844 602.4822 602.4794 602.475 602.471 602.4661 602.4621 602.459 602.4554 602.4521 602.4484 602.4443 602.4395 602.4354 602.4313 602.4272 602.4222 602.4177 602.4117 602.4047 602.3998 602.3916 602.3867 602.3827 602.3783 602.3738 602.3698
602.584 602.5877 602.5835 602.5789 602.5749 602.5701 602.5674 602.5706 602.5678 602.5636 602.559 602.555 602.5502 602.5462 602.5419 602.5374 602.5333 602.5355 602.538 602.5332 602.5292 602.5246 602.5204 602.517 602.5187 602.5143 602.5103 602.5059 602.5015 602.4974 602.4929 602.494 602.4922 602.4883 602.4852 602.4805 602.4778 602.4738 602.4725 602.4689 602.4647 602.4606 602.4558 602.4518 602.4493 602.4451 602.4422 602.4383 602.4341 602.4294 602.4254 602.4213 602.4172 602.4122 602.4077 602.4016 602.3945 602.3892 602.3817 602.3759 602.3718 602.3676 602.3629 602.3589
602.5724 602.574 602.5696 602.5652 602.5612 602.5565 602.5563 602.5589 602.5549 602.5504 602.5461 602.542 602.5373 602.5333 602.5286 602.5245 602.5223 602.5255 602.5258 602.5213 602.5173 602.5125 602.5085 602.507 602.5076 602.5029 602.4989 602.4942 602.4901 602.4858 602.4833 602.4844 602.4815 602.4778 602.4744 602.47 602.4672 602.4633 602.4626 602.4584 602.4543 602.45 602.4455 602.4415 602.4396 602.435 602.4323 602.4283 602.424 602.4194 602.4153 602.4112 602.4071 602.402 602.3975 602.3914 602.3844 602.3787 602.3718 602.3651 602.3608 602.3568 602.3521 602.348
602.5608 602.5604 602.5557 602.5516 602.5472 602.5428 602.5452 602.546 602.542 602.5372 602.5332 602.5288 602.5244 602.5204 602.5156 602.5117 602.5123 602.5154 602.5135 602.5094 602.5052 602.5006 602.4966 602.4971 602.4959 602.4915 602.4875 602.4827 602.4787 602.4742 602.4736 602.4747 602.4707 602.4677 602.4636 602.4603 602.4565 602.4535 602.4529 602.448 602.444 602.4395 602.4352 602.4312 602.4294 602.4251 602.4222 602.4182 602.4138 602.4094 602.4053 602.4011 602.3971 602.392 602.3875 602.3813 602.3743 602.368 602.3619 602.3544 602.35 602.346 602.3411 602.3372
602.5492 602.5467 602.542 602.538 602.5333 602.5309 602.534 602.5331 602.5291 602.5243 602.5203 602.5156 602.5115 602.5071 602.5027 602.4991 602.5023 602.5054 602.5015 602.4975 602.4929 602.4887 602.4855 602.4871 602.4843 602.4802 602.4759 602.4714 602.4673 602.4629 602.464 602.4639 602.4599 602.457 602.4526 602.45 602.4459 602.4437 602.4424 602.4377 602.4337 602.429 602.4249 602.4215 602.4191 602.4152 602.4122 602.4081 602.4036 602.3993 602.3952 602.3911 602.387 602.3818 602.3773 602.3712 602.3641 602.3575 602.352 602.3437 602.3391 602.3351 602.3304 602.3262
602.5371 602.5328 602.5283 602.5243 602.5196 602.5198 602.5229 602.5202 602.5159 602.5114 602.5074 602.5027 602.4987 602.4939 602.4899 602.4891 602.4922 602.4942 602.4896 602.4855 602.4808 602.4768 602.4755 602.4771 602.4728 602.4688 602.4642 602.46 602.4557 602.4532 602.4544 602.4531 602.4491 602.4462 602.4416 602.4393 602.4353 602.434 602.4319 602.4274 602.4234 602.4186 602.4146 602.4118 602.4088 602.4052 602.4021 602.3981 602.3934 602.3893 602.3851 602.381 602.377 602.3718 602.3672 602.361 602.354 602.347 602.3421 602.333 602.3282 602.3242 602.3196 602.3153
602.5234 602.5189 602.5147 602.5103 602.506 602.5086 602.5113 602.5073 602.5027 602.4985 602.4942 602.4898 602.4857 602.481 602.4771 602.4791 602.4822 602.482 602.4777 602.4735 602.4689 602.4649 602.4655 602.4659 602.4614 602.4574 602.4526 602.4486 602.4441 602.4436 602.4448 602.4423 602.4386 602.4355 602.431 602.4287 602.4248 602.4241 602.4214 602.4171 602.413 602.4083 602.4042 602.4021 602.3985 602.3953 602.392 602.3881 602.3833 602.3792 602.3751 602.371 602.3669 602.3616 602.3571 602.3509 602.3439 602.3369 602.3322 602.3231 602.3173 602.3132 602.3089 602.3044
602.5098 602.5051 602.5011 602.4963 602.4943 602.4974 602.4984 602.4944 602.4896 602.4857 602.481 602.4769 602.4725 602.4682 602.4659 602.4691 602.4722 602.4698 602.4658 602.4613 602.457 602.4539 602.4556 602.4543 602.45 602.4459 602.4412 602.4372 602.4329 602.434 602.4351 602.4315 602.4285 602.4247 602.4214 602.4181 602.415 602.4144 602.4109 602.4067 602.4025 602.3979 602.3939 602.3924 602.3882 602.3854 602.382 602.378 602.3732 602.3691 602.365 602.3609 602.3568 602.3516 602.347 602.3408 602.3337 602.3267 602.3218 602.3132 602.3066 602.3024 602.2982 602.2936
602.496 602.4915 602.4874 602.4827 602.4832 602.4863 602.4855 602.4813 602.4767 602.4727 602.468 602.4641 602.4593 602.4553 602.4559 602.459 602.4622 602.4578 602.4539 602.4491 602.4451 602.4439 602.4456 602.4426 602.4386 602.4341 602.4299 602.4257 602.4232 602.4244 602.4247 602.4207 602.418 602.4137 602.4115 602.4075 602.4052 602.4045 602.4004 602.3964 602.392 602.3876 602.384 602.3827 602.3782 602.3755 602.3719 602.3679 602.3632 602.3591 602.355 602.3508 602.3468 602.3414 602.3369 602.3306 602.3235 602.3165 602.3112 602.3033 602.2958 602.2914 602.2874 602.2827
602.4821 602.4778 602.4734 602.4691 602.472 602.4752 602.4726 602.4681 602.4639 602.4596 602.4551 602.451 602.4465 602.4427 602.4459 602.449 602.4504 602.4459 602.4419 602.4372 602.4332 602.434 602.4356 602.4312 602.4272 602.4225 602.4185 602.4139 602.4136 602.4147 602.4139 602.4099 602.4073 602.4028 602.4009 602.3969 602.3954 602.3948 602.3901 602.3861 602.3814 602.3773 602.3743 602.3725 602.3683 602.3655 602.3619 602.3577 602.3531 602.3491 602.3449 602.3408 602.3367 602.3314 602.3268 602.3204 602.3134 602.3064 602.3006 602.2935 602.2852 602.2805 602.2766 602.2718
602.4681 602.4642 602.4595 602.4578 602.4609 602.4637 602.4597 602.455 602.451 602.4464 602.4423 602.4377 602.4336 602.4327 602.4359 602.439 602.4382 602.434 602.4297 602.4253 602.4224 602.424 602.4244 602.4199 602.4158 602.4111 602.4071 602.4028 602.404 602.4051 602.4031 602.3994 602.3966 602.3921 602.3903 602.3863 602.3856 602.3844 602.3798 602.3758 602.371 602.367 602.3646 602.3622 602.3584 602.3557 602.3519 602.3476 602.3431 602.339 602.3348 602.3307 602.3267 602.3212 602.3167 602.3103 602.3033 602.2963 602.29 602.2836 602.2744 602.2697 602.2656 602.2609
602.4545 602.4506 602.4459 602.4467 602.4498 602.4507 602.4468 602.4421 602.438 602.4334 602.4294 602.4247 602.4207 602.4227 602.4258 602.429 602.4261 602.4221 602.4174 602.4134 602.4124 602.414 602.4127 602.4084 602.4041 602.3997 602.3956 602.3932 602.3943 602.3955 602.3923 602.3893 602.3858 602.3824 602.3796 602.3765 602.3758 602.3739 602.3694 602.3654 602.3607 602.3567 602.3549 602.3519 602.3484 602.3457 602.3418 602.3374 602.333 602.3289 602.3248 602.3206 602.3166 602.3112 602.3066 602.3002 602.2932 602.2861 602.2794 602.2737 602.2645 602.2587 602.2547 602.2502
602.4409 602.4366 602.4324 602.4355 602.4386 602.4379 602.4337 602.4292 602.425 602.4205 602.4163 602.4119 602.4095 602.4127 602.4158 602.4189 602.4142 602.4102 602.4055 602.4015 602.4024 602.4041 602.4011 602.397 602.3925 602.3884 602.3839 602.3835 602.3847 602.3855 602.3815 602.3791 602.3748 602.3728 602.369 602.3667 602.366 602.3634 602.3591 602.3549 602.3503 602.3465 602.3452 602.3416 602.3385 602.3358 602.3317 602.3272 602.323 602.3188 602.3147 602.3106 602.3065 602.301 602.2965 602.29 602.283 602.276 602.269 602.2638 602.2546 602.248 602.2438 602.2394
602.4272 602.4226 602.4212 602.4243 602.4274 602.425 602.4205 602.4163 602.4117 602.4077 602.4031 602.399 602.3995 602.4026 602.4058 602.4067 602.4023 602.398 602.3936 602.3908 602.3925 602.3941 602.3896 602.3857 602.381 602.377 602.3728 602.374 602.3751 602.3747 602.3707 602.3684 602.3639 602.3624 602.3585 602.3569 602.3563 602.3529 602.3488 602.3444 602.34 602.3368 602.3354 602.3314 602.3286 602.3257 602.3217 602.3171 602.3129 602.3088 602.3046 602.3005 602.2964 602.291 602.2864 602.2799 602.2729 602.2659 602.2589 602.2539 602.2448 602.2372 602.2329 602.2287
602.4136 602.409 602.4101 602.4132 602.416 602.412 602.4074 602.4034 602.3987 602.3948 602.3901 602.3864 602.3895 602.3926 602.3958 602.3945 602.3904 602.3858 602.3817 602.3809 602.3824 602.3828 602.3783 602.3741 602.3696 602.3655 602.3632 602.3643 602.3655 602.364 602.3602 602.3577 602.3531 602.3518 602.3478 602.3471 602.3464 602.3425 602.3384 602.3339 602.3298 602.3271 602.3257 602.3214 602.3187 602.3157 602.3116 602.3069 602.3029 602.2987 602.2946 602.2905 602.2864 602.2808 602.2763 602.2697 602.2627 602.2557 602.2487 602.2437 602.2349 602.2266 602.222 602.218
602.3997 602.3958 602.3989 602.402 602.4031 602.3991 602.3945 602.3903 602.3859 602.3816 602.3773 602.3763 602.3795 602.3826 602.3857 602.3824 602.3784 602.3738 602.3698 602.3708 602.3725 602.3711 602.3669 602.3624 602.3582 602.3538 602.3536 602.3547 602.3558 602.3531 602.3501 602.3469 602.3435 602.3412 602.338 602.3373 602.3367 602.3322 602.3281 602.3234 602.3195 602.3174 602.3156 602.3115 602.3088 602.3056 602.3016 602.2969 602.2928 602.2887 602.2845 602.2804 602.2764 602.2708 602.2662 602.2596 602.2526 602.2455 602.2385 602.2332 602.225 602.2158 602.2111 602.2071
