samples/sfe_4523/sfe_4523_c1/sfe_4523_c1/sfe_4523_c1.asc
ncols         234
nrows         189
xllcorner     97.39999999851
yllcorner     75.199999999255
cellsize      0.2
NODATA_value  -9999
[rows 28 to 55 of 189, columns 128 to 191 of 234]
602.1915 602.1875 602.1804 602.1713 602.162 602.1544 602.1498 602.1458 602.1412 602.136 602.126 602.1159 602.1077 602.1031 602.0915 602.0797 602.0721 602.0678 602.0634 602.0591 602.0547 602.0505 602.0461 602.0396 602.0275 602.0156 602.0036 601.9916 601.9803 601.9758 601.9716 601.9672 601.9632 601.9586 601.9546 601.9476 601.9353 601.923 601.9145 601.9102 601.9059 601.9014 601.8887 601.8747 601.8608 601.8469 601.8395 601.835 601.8309 601.8264 601.8222 601.8173 601.8027 601.7882 601.7737 601.7591 601.749 601.736 601.7289 601.718 601.7073 601.6906 601.6862 601.6817
602.1808 602.1766 602.1702 602.1611 602.1519 602.1429 602.1385 602.1343 602.1299 602.1256 602.1156 602.1055 602.0956 602.0912 602.0815 602.0696 602.0593 602.0553 602.0507 602.0467 602.0421 602.038 602.0334 602.0286 602.0166 602.0046 601.9926 601.9807 601.9687 601.9617 601.9576 601.9531 601.949 601.9446 601.9404 601.9356 601.9233 601.9109 601.8996 601.8956 601.891 601.8868 601.8764 601.8625 601.8485 601.8346 601.8231 601.819 601.8146 601.8101 601.806 601.8015 601.7892 601.7747 601.7601 601.7455 601.731 601.7206 601.7133 601.6993 601.6938 601.6763 601.6669 601.6626
602.17 602.1657 602.16 602.1509 602.1417 602.1325 602.1273 602.1227 602.1187 602.1141 602.1053 602.0952 602.0851 602.0795 602.0715 602.0596 602.0478 602.0426 602.038 602.0339 602.0293 602.0253 602.0207 602.0167 602.0056 601.9937 601.9816 601.9697 601.9577 601.9478 601.9435 601.939 601.9349 601.9308 601.9263 601.922 601.9113 601.899 601.8867 601.8806 601.8761 601.8721 601.8641 601.8502 601.8363 601.8224 601.8084 601.8027 601.7982 601.7941 601.7897 601.7852 601.7756 601.7611 601.7465 601.732 601.7174 601.7078 601.6951 601.6854 601.6767 601.6628 601.6478 601.6436
602.1593 602.1548 602.1498 602.1407 602.1315 602.1223 602.1159 602.1113 602.1073 602.1026 602.0949 602.0849 602.0748 602.0675 602.0615 602.0496 602.0378 602.0298 602.0256 602.0212 602.0168 602.0126 602.0081 602.004 601.9946 601.9827 601.9707 601.9587 601.9467 601.9348 601.9294 601.9252 601.9208 601.9168 601.9122 601.9081 601.8993 601.887 601.8746 601.8657 601.8615 601.8572 601.8519 601.838 601.824 601.8101 601.7962 601.7864 601.782 601.7779 601.7734 601.769 601.7621 601.7475 601.733 601.7184 601.7039 601.6909 601.6782 601.6725 601.658 601.6494 601.632 601.6242
602.1486 602.1439 602.1396 602.1305 602.1213 602.1121 602.1044 602.0998 602.0958 602.0911 602.0846 602.0745 602.0645 602.0554 602.0508 602.0397 602.0278 602.0171 602.0131 602.0085 602.0044 601.9999 601.9956 601.9913 601.9837 601.9717 601.9597 601.9478 601.9358 601.9238 601.9153 601.9113 601.9067 601.9026 601.8981 601.8941 601.8873 601.875 601.8627 601.8508 601.8468 601.8422 601.8379 601.8257 601.8118 601.7979 601.7839 601.77 601.766 601.7615 601.757 601.753 601.7485 601.7339 601.7194 601.7048 601.6903 601.6757 601.6653 601.6544 601.6419 601.6353 601.6185 601.605
602.1377 602.1331 602.129 602.1203 602.1111 602.1019 602.093 602.0886 602.0844 602.0798 602.0742 602.0642 602.0541 602.0441 602.0391 602.0297 602.0178 602.006 602.0004 601.9958 601.9918 601.9872 601.9832 601.9786 601.9727 601.9608 601.9487 601.9368 601.9248 601.9128 601.9016 601.8971 601.8926 601.8885 601.8843 601.8799 601.8753 601.863 601.8506 601.8383 601.8318 601.8273 601.8232 601.8135 601.7996 601.7856 601.7717 601.7578 601.7496 601.7452 601.741 601.7367 601.7322 601.7204 601.7058 601.6913 601.6768 601.6622 601.6509 601.6364 601.629 601.6167 601.605 601.5875
602.1268 602.1221 602.1182 602.1101 602.101 602.0918 602.0826 602.0773 602.0728 602.0685 602.0639 602.0538 602.0438 602.0338 602.0272 602.0197 602.0078 601.996 601.9877 601.9834 601.9791 601.9745 601.9705 601.9659 601.9617 601.9498 601.9378 601.9258 601.9138 601.9019 601.8899 601.8829 601.8788 601.8744 601.8704 601.8658 601.8616 601.851 601.8387 601.8264 601.8169 601.8126 601.8084 601.8013 601.7873 601.7734 601.7595 601.7455 601.7333 601.7291 601.7248 601.7203 601.7159 601.7068 601.6923 601.6777 601.6631 601.6486 601.6341 601.6229 601.6137 601.5984 601.5916 601.574
602.1158 602.1113 602.1072 602.0999 602.0908 602.0816 602.0724 602.066 602.0613 602.0573 602.0527 602.0435 602.0334 602.0234 602.0151 602.0096 601.9978 601.986 601.9749 601.9709 601.9664 601.9621 601.9578 601.9532 601.9492 601.9388 601.9268 601.9149 601.9028 601.8909 601.8789 601.869 601.8648 601.8602 601.8563 601.8517 601.8477 601.839 601.8267 601.8143 601.802 601.798 601.7935 601.789 601.7751 601.7612 601.7472 601.7333 601.7194 601.7129 601.7084 601.704 601.6999 601.6932 601.6787 601.6642 601.6496 601.6351 601.6205 601.61 601.5956 601.5855 601.5753 601.5606
602.1049 602.1006 602.0963 602.0897 602.0806 602.0714 602.0622 602.0544 602.0499 602.0458 602.0413 602.0331 602.0231 602.0131 602.0031 601.9987 601.9879 601.976 601.9642 601.9582 601.9536 601.9496 601.9451 601.9408 601.9365 601.9279 601.9158 601.9039 601.8919 601.8799 601.8679 601.856 601.8506 601.8463 601.8421 601.8378 601.8336 601.827 601.8147 601.8023 601.79 601.7831 601.7786 601.7744 601.7628 601.7489 601.735 601.7211 601.7071 601.6965 601.6921 601.688 601.6837 601.6792 601.6652 601.6506 601.636 601.6215 601.6069 601.5928 601.5804 601.5727 601.5567 601.5471
602.0941 602.0899 602.0854 602.0795 602.0704 602.0612 602.0521 602.043 602.0385 602.0344 602.0298 602.0228 602.0128 602.0027 601.9927 601.9868 601.9778 601.966 601.9542 601.9454 601.9412 601.9369 601.9324 601.9283 601.9238 601.9169 601.9049 601.8929 601.8809 601.869 601.8569 601.845 601.8365 601.8325 601.828 601.824 601.8195 601.815 601.8027 601.7903 601.778 601.7681 601.7638 601.7596 601.7506 601.7366 601.7227 601.7088 601.6949 601.6809 601.6761 601.6718 601.6673 601.6629 601.6516 601.637 601.6225 601.6079 601.5934 601.5789 601.5676 601.5547 601.542 601.5336
602.0831 602.0792 602.0745 602.0693 602.0602 602.051 602.0419 602.0327 602.0273 602.0229 602.0184 602.0125 602.0024 601.9924 601.9824 601.9749 601.9678 601.956 601.9442 601.9327 601.9287 601.9242 601.9198 601.9156 601.9111 601.9059 601.8939 601.882 601.8699 601.858 601.846 601.834 601.8228 601.8184 601.8138 601.8099 601.8054 601.8011 601.7906 601.7783 601.766 601.7537 601.7492 601.7448 601.7383 601.7244 601.7105 601.6965 601.6826 601.6687 601.6598 601.6554 601.651 601.6467 601.638 601.6235 601.6089 601.5944 601.5798 601.5652 601.5527 601.538 601.5292 601.5153
602.0723 602.0682 602.0637 602.0592 602.05 602.0408 602.0317 602.0225 602.016 602.0114 602.0071 602.0021 601.9921 601.9821 601.972 601.9628 601.9578 601.946 601.9341 601.9223 601.916 601.9114 601.9073 601.903 601.8984 601.8944 601.8829 601.871 601.859 601.847 601.835 601.8231 601.811 601.8042 601.7999 601.7957 601.7913 601.7873 601.7787 601.7664 601.754 601.7417 601.7343 601.7299 601.7255 601.7122 601.6982 601.6843 601.6703 601.6564 601.6434 601.6391 601.6349 601.6307 601.6245 601.6099 601.5953 601.5808 601.5663 601.5517 601.5372 601.5251 601.5141 601.4985
602.0615 602.0573 602.0528 602.0488 602.0398 602.0306 602.0215 602.0123 602.0045 601.9999 601.9959 601.9914 601.9818 601.9717 601.9617 601.9516 601.9464 601.936 601.9242 601.9124 601.9033 601.8989 601.8947 601.8902 601.886 601.8817 601.872 601.86 601.848 601.8361 601.824 601.8121 601.8001 601.7902 601.7861 601.7816 601.7775 601.7731 601.7667 601.7543 601.742 601.7297 601.7194 601.715 601.7108 601.6999 601.686 601.6721 601.6581 601.6442 601.6302 601.623 601.6187 601.6143 601.6099 601.5964 601.5818 601.5673 601.5527 601.5381 601.5236 601.5123 601.496 601.4857
602.0508 602.0464 602.0419 602.0378 602.0296 602.0204 602.0113 602.0021 601.993 601.9885 601.9844 601.9799 601.9714 601.9614 601.9513 601.9413 601.9346 601.926 601.9142 601.9023 601.8905 601.8865 601.882 601.8775 601.8735 601.869 601.861 601.8491 601.837 601.8251 601.8131 601.8011 601.7891 601.7772 601.7719 601.7675 601.7635 601.759 601.7546 601.7424 601.73 601.7177 601.7054 601.7004 601.696 601.6877 601.6738 601.6598 601.6459 601.632 601.618 601.6067 601.6024 601.598 601.5936 601.5828 601.5682 601.5537 601.5391 601.5246 601.51 601.4955 601.4827 601.4728
602.0401 602.0355 602.0312 602.027 602.0195 602.0103 602.0011 601.9919 601.9827 601.9773 601.973 601.9684 601.9611 601.951 601.941 601.9309 601.9226 601.916 601.9042 601.8923 601.8805 601.8738 601.8693 601.8651 601.8608 601.8563 601.85 601.8381 601.8261 601.8141 601.8021 601.7902 601.7781 601.7662 601.7578 601.7535 601.7493 601.7449 601.7407 601.7303 601.718 601.7057 601.6934 601.6855 601.6811 601.6754 601.6615 601.6476 601.6337 601.6197 601.6058 601.5919 601.5862 601.5818 601.5776 601.5692 601.5547 601.5401 601.5256 601.511 601.4965 601.4819 601.4698 601.4552
602.0302 602.0246 602.0204 602.0161 602.0093 602.0001 601.9909 601.9818 601.9726 601.966 601.9615 601.957 601.9507 601.9407 601.9306 601.9206 601.9105 601.906 601.8942 601.8823 601.8705 601.861 601.8567 601.8525 601.8481 601.8436 601.8391 601.8271 601.8151 601.8032 601.7911 601.7792 601.7672 601.7552 601.744 601.7396 601.7352 601.731 601.7268 601.7184 601.7061 601.6937 601.6814 601.6705 601.6662 601.6619 601.6492 601.6353 601.6214 601.6075 601.5936 601.5796 601.5699 601.5656 601.5613 601.5557 601.5411 601.5266 601.512 601.4974 601.4829 601.4683 601.4545 601.4402
602.0203 602.0137 602.0097 602.0052 601.9991 601.9899 601.9807 601.9716 601.9624 601.9545 601.95 601.9458 601.9404 601.9303 601.9203 601.9102 601.9002 601.8942 601.8842 601.8723 601.8605 601.8487 601.8443 601.8398 601.8354 601.8311 601.8269 601.8161 601.8041 601.7922 601.7802 601.7682 601.7562 601.7443 601.7322 601.7255 601.7211 601.717 601.7126 601.7064 601.694 601.6817 601.6694 601.657 601.6516 601.6473 601.637 601.6231 601.6091 601.5952 601.5813 601.5674 601.5536 601.5493 601.545 601.5406 601.5275 601.513 601.4984 601.4839 601.4694 601.4548 601.4402 601.4274
602.0104 602.0029 601.9988 601.9943 601.9889 601.9797 601.9705 601.9614 601.9522 601.9431 601.9385 601.9345 601.93 601.92 601.9099 601.8999 601.8898 601.8823 601.8742 601.8624 601.8505 601.8387 601.8316 601.8271 601.8228 601.8187 601.8142 601.8052 601.7932 601.7812 601.7692 601.7573 601.7452 601.7333 601.7213 601.7114 601.7072 601.7029 601.6985 601.6942 601.682 601.6697 601.6573 601.645 601.6367 601.6323 601.6248 601.6108 601.5969 601.583 601.569 601.5551 601.5412 601.5332 601.5288 601.5244 601.514 601.4995 601.4849 601.4703 601.4557 601.4412 601.4267 601.4144
602.0005 601.9922 601.9879 601.9834 601.9787 601.9695 601.9603 601.9512 601.942 601.9329 601.9272 601.923 601.9185 601.9096 601.8996 601.8895 601.8795 601.8703 601.8642 601.8524 601.8405 601.8287 601.8188 601.8145 601.8104 601.806 601.8015 601.7942 601.7822 601.7702 601.7582 601.7463 601.7343 601.7223 601.7103 601.6984 601.6932 601.6888 601.6846 601.6803 601.67 601.6577 601.6454 601.6331 601.6218 601.6174 601.6125 601.5986 601.5847 601.5707 601.5568 601.5428 601.5289 601.5168 601.5126 601.5083 601.5004 601.4858 601.4713 601.4568 601.4422 601.4277 601.4131 601.3986
601.9907 601.9815 601.977 601.9725 601.9685 601.9594 601.9501 601.941 601.9318 601.9227 601.916 601.9116 601.907 601.8993 601.8892 601.8792 601.8691 601.8591 601.8538 601.8423 601.8305 601.8187 601.8068 601.8021 601.7977 601.7933 601.7888 601.7832 601.7712 601.7593 601.7473 601.7353 601.7233 601.7114 601.6993 601.6874 601.679 601.6747 601.6707 601.6663 601.658 601.6457 601.6334 601.621 601.6087 601.6027 601.5984 601.5864 601.5724 601.5585 601.5446 601.5306 601.5167 601.5027 601.4963 601.4919 601.4869 601.4723 601.4578 601.4432 601.4286 601.4141 601.3995 601.385
601.9808 601.9716 601.9661 601.9618 601.9576 601.9492 601.94 601.9308 601.9216 601.9125 601.9045 601.9001 601.8957 601.889 601.8789 601.8688 601.8588 601.8488 601.842 601.8323 601.8205 601.8087 601.7969 601.7894 601.785 601.7805 601.7763 601.7721 601.7603 601.7483 601.7363 601.7244 601.7123 601.7004 601.6884 601.6764 601.6651 601.6608 601.6565 601.6522 601.6461 601.6337 601.6214 601.6091 601.5967 601.5879 601.5836 601.5741 601.5602 601.5463 601.5323 601.5184 601.5045 601.4905 601.4801 601.4758 601.4714 601.4587 601.4442 601.4296 601.4151 601.4005 601.386 601.3715
601.9709 601.9617 601.9552 601.951 601.9467 601.939 601.9298 601.9206 601.9114 601.9023 601.8931 601.8885 601.8844 601.8786 601.8685 601.8585 601.8484 601.8384 601.83 601.8223 601.8105 601.7987 601.7869 601.7766 601.7722 601.7681 601.7638 601.7594 601.7493 601.7373 601.7253 601.7134 601.7014 601.6894 601.6774 601.6655 601.6534 601.6467 601.6424 601.6381 601.6337 601.6217 601.6094 601.597 601.5847 601.573 601.5687 601.5618 601.5479 601.534 601.5201 601.5062 601.4922 601.4783 601.4644 601.4595 601.4553 601.4452 601.4306 601.4161 601.4016 601.387 601.3724 601.3578
601.961 601.9518 601.9443 601.9403 601.9358 601.9288 601.9196 601.9104 601.9012 601.8921 601.8829 601.8773 601.8731 601.8683 601.8582 601.8481 601.8381 601.8281 601.8181 601.8124 601.8005 601.7887 601.7769 601.765 601.7598 601.7555 601.7511 601.7467 601.7383 601.7264 601.7144 601.7024 601.6904 601.6785 601.6664 601.6545 601.6425 601.6326 601.6282 601.6243 601.6199 601.6097 601.5974 601.5851 601.5728 601.5604 601.5539 601.5495 601.5357 601.5217 601.5078 601.4939 601.48 601.4661 601.4521 601.4433 601.4389 601.4316 601.4171 601.4025 601.3879 601.3734 601.3589 601.3443
601.9511 601.942 601.9337 601.9294 601.9249 601.9186 601.9094 601.9003 601.8911 601.8819 601.8727 601.866 601.8616 601.8572 601.8479 601.8378 601.8278 601.8177 601.8077 601.8016 601.7905 601.7787 601.7668 601.755 601.7472 601.7428 601.7384 601.734 601.7274 601.7154 601.7034 601.6914 601.6794 601.6675 601.6555 601.6435 601.6315 601.6196 601.6144 601.6101 601.6058 601.5977 601.5854 601.5731 601.5607 601.5484 601.5391 601.5349 601.5234 601.5095 601.4956 601.4816 601.4677 601.4538 601.4399 601.427 601.4227 601.418 601.4035 601.389 601.3744 601.3599 601.3453 601.3307
601.9412 601.9321 601.9229 601.9185 601.914 601.9084 601.8992 601.8901 601.8809 601.8717 601.8625 601.8546 601.8502 601.8457 601.8375 601.8275 601.8174 601.8074 601.7974 601.7898 601.7805 601.7687 601.7568 601.7451 601.7344 601.73 601.7257 601.7215 601.7164 601.7044 601.6924 601.6805 601.6685 601.6565 601.6445 601.6326 601.6205 601.6086 601.6003 601.596 601.5917 601.5858 601.5734 601.5611 601.5487 601.5364 601.5242 601.5199 601.5112 601.4973 601.4833 601.4694 601.4555 601.4415 601.4276 601.4137 601.4064 601.4021 601.39 601.3754 601.3608 601.3463 601.3317 601.3172
601.9313 601.9222 601.913 601.9075 601.9031 601.8982 601.889 601.8799 601.8707 601.8615 601.8524 601.8432 601.8386 601.8343 601.8272 601.8171 601.8071 601.7971 601.787 601.7777 601.7705 601.7587 601.7469 601.735 601.7232 601.7176 601.7133 601.709 601.7047 601.6935 601.6815 601.6695 601.6575 601.6455 601.6335 601.6216 601.6096 601.5976 601.5863 601.5819 601.5778 601.5734 601.5614 601.5491 601.5367 601.5244 601.5121 601.5051 601.499 601.485 601.4711 601.4572 601.4432 601.4293 601.4154 601.4014 601.3903 601.3859 601.3764 601.3618 601.3473 601.3327 601.3182 601.3036
601.9214 601.9123 601.9031 601.8967 601.8923 601.888 601.8788 601.8697 601.8605 601.8513 601.8422 601.833 601.8272 601.8231 601.8168 601.8068 601.7968 601.7867 601.7767 601.7666 601.7606 601.7487 601.7369 601.725 601.7132 601.705 601.7006 601.6963 601.692 601.6825 601.6705 601.6585 601.6465 601.6346 601.6226 601.6106 601.5986 601.5867 601.5746 601.568 601.5637 601.5594 601.5494 601.537 601.5247 601.5124 601.5001 601.4904 601.486 601.4728 601.4589 601.4449 601.431 601.4171 601.4031 601.3892 601.3752 601.3697 601.3628 601.3483 601.3337 601.3192 601.3046 601.29
601.9115 601.9024 601.8932 601.8858 601.8816 601.8773 601.8687 601.8595 601.8503 601.8411 601.832 601.8228 601.816 601.8117 601.8065 601.7964 601.7864 601.7764 601.7663 601.7563 601.7493 601.7387 601.7269 601.715 601.7032 601.6922 601.6879 601.6835 601.6792 601.6715 601.6595 601.6476 601.6356 601.6236 601.6116 601.5996 601.5876 601.5757 601.5637 601.5538 601.5496 601.5453 601.5374 601.5251 601.5128 601.5004 601.4881 601.4758 601.4712 601.4605 601.4466 601.4327 601.4188 601.4048 601.3909 601.377 601.363 601.3534 601.3491 601.3347 601.3201 601.3056 601.291 601.2765
