samples/sfe_4523/sfe_4523_c1/sfe_4523_c1/sfe_4523_c1.asc
ncols         234
nrows         189
xllcorner     97.39999999851
yllcorner     75.199999999255
cellsize      0.2
NODATA_value  -9999
[rows 140 to 167 of 189, columns 128 to 191 of 234]
601.5397 601.5352 601.5328 601.5316 601.5313 601.531 601.5307 601.5304 601.5301 601.5286 601.528 601.5275 601.527 601.5264 601.5259 601.5237 601.5242 601.5258 601.5273 601.5281 601.5309 601.5336 601.5334 601.5348 601.5361 601.5359 601.5387 601.5415 601.5403 601.5414 601.5432 601.5448 601.5465 601.5482 601.5468 601.5424 601.5446 601.5477 601.5507 601.5522 601.5538 601.5587 601.5574 601.5598 601.5593 601.5616 601.5623 601.5635 601.5656 601.5665 601.5705 601.5695 601.5721 601.5692 601.5695 601.5714 601.5732 601.572 601.5677 601.5651 601.5699 601.5746 601.5735 601.5722
601.5596 601.5551 601.5526 601.5508 601.5505 601.5502 601.5499 601.5496 601.5493 601.5473 601.5468 601.5463 601.5457 601.5452 601.5446 601.5425 601.5419 601.5435 601.545 601.5453 601.548 601.5507 601.5505 601.5518 601.5531 601.5523 601.5551 601.5579 601.5576 601.5575 601.5591 601.5609 601.5625 601.5642 601.5634 601.559 601.5593 601.5623 601.5654 601.5684 601.5676 601.5724 601.5716 601.5738 601.5746 601.5754 601.5775 601.577 601.5798 601.5795 601.5834 601.5826 601.5851 601.5836 601.5823 601.5842 601.5861 601.5861 601.5817 601.5776 601.581 601.5858 601.5871 601.5835
601.5794 601.5749 601.5724 601.57 601.5697 601.5694 601.5691 601.5688 601.5685 601.5665 601.5656 601.565 601.5645 601.5639 601.5634 601.5613 601.5596 601.5612 601.5627 601.5624 601.5651 601.5678 601.5674 601.5688 601.5701 601.5691 601.5715 601.5743 601.575 601.5735 601.5752 601.5769 601.5786 601.5803 601.58 601.5756 601.5739 601.5769 601.58 601.583 601.5814 601.5862 601.5873 601.5878 601.5903 601.5892 601.5916 601.5905 601.5932 601.5924 601.5964 601.5959 601.5981 601.5982 601.595 601.597 601.5989 601.6003 601.5959 601.5917 601.5922 601.5969 601.6006 601.5963
601.5992 601.5947 601.5923 601.5897 601.5889 601.5886 601.5883 601.588 601.5876 601.5858 601.5843 601.5837 601.5832 601.5826 601.5821 601.5801 601.5773 601.5789 601.5804 601.5796 601.5823 601.585 601.5849 601.5858 601.5871 601.5869 601.588 601.5908 601.5923 601.5895 601.5912 601.5929 601.5946 601.5963 601.5966 601.5923 601.5885 601.5916 601.5946 601.5977 601.5963 601.6 601.603 601.6017 601.6042 601.603 601.6053 601.6039 601.6067 601.6064 601.6093 601.6106 601.6112 601.6127 601.6084 601.6097 601.6116 601.6136 601.61 601.6057 601.6033 601.608 601.6128 601.61
601.619 601.6145 601.6121 601.6094 601.608 601.6077 601.6074 601.6071 601.6068 601.605 601.603 601.6025 601.6019 601.6014 601.6008 601.5989 601.595 601.5966 601.5981 601.5975 601.5994 601.6021 601.603 601.6028 601.6041 601.6046 601.6044 601.6072 601.6096 601.6056 601.6072 601.6089 601.6106 601.6123 601.6133 601.6089 601.6047 601.6061 601.6092 601.6123 601.6122 601.6138 601.6187 601.6157 601.6182 601.6168 601.6191 601.619 601.6201 601.6213 601.6223 601.6255 601.6242 601.6268 601.6228 601.6226 601.6245 601.6263 601.624 601.6197 601.6154 601.6192 601.624 601.6237
601.6389 601.6343 601.632 601.6292 601.6272 601.627 601.6266 601.6263 601.626 601.6243 601.6218 601.6212 601.6207 601.6201 601.6196 601.6177 601.6135 601.6142 601.6158 601.616 601.6165 601.6192 601.621 601.6198 601.6211 601.6223 601.6208 601.6236 601.6264 601.6226 601.6233 601.625 601.6266 601.6284 601.63 601.6255 601.6213 601.6208 601.6238 601.6269 601.6284 601.6276 601.6325 601.6302 601.6321 601.6323 601.6329 601.6342 601.6336 601.6362 601.6352 601.6392 601.6373 601.6398 601.6372 601.6354 601.6373 601.6392 601.638 601.6337 601.6296 601.6303 601.6351 601.6371
601.6587 601.6542 601.6518 601.6489 601.6464 601.6461 601.6458 601.6455 601.6452 601.6435 601.6405 601.64 601.6394 601.6389 601.6383 601.6365 601.6323 601.6319 601.6334 601.6344 601.6337 601.6364 601.639 601.6368 601.6381 601.6394 601.6372 601.64 601.6428 601.6399 601.6393 601.641 601.6427 601.6443 601.6461 601.6423 601.6378 601.6354 601.6385 601.6415 601.6446 601.6414 601.6463 601.6459 601.6461 601.6479 601.6467 601.649 601.6471 601.6498 601.6482 601.6522 601.6506 601.6528 601.6518 601.6481 601.6501 601.652 601.6522 601.6479 601.6436 601.6415 601.6462 601.6506
601.6785 601.674 601.6716 601.6686 601.6656 601.6653 601.665 601.6647 601.6644 601.6628 601.6592 601.6587 601.6581 601.6576 601.657 601.6554 601.6511 601.6496 601.6511 601.6527 601.6508 601.6535 601.6562 601.6537 601.6551 601.6564 601.6536 601.6564 601.6592 601.6572 601.6553 601.657 601.6587 601.6604 601.6621 601.659 601.6546 601.6504 601.6531 601.6561 601.6592 601.6563 601.6601 601.6616 601.6601 601.6626 601.6605 601.6628 601.6605 601.6633 601.6621 601.6651 601.6652 601.6659 601.6664 601.662 601.6628 601.6647 601.6664 601.662 601.6577 601.6533 601.6573 601.6621
601.6983 601.6938 601.6915 601.6884 601.6848 601.6844 601.6841 601.6839 601.6836 601.6821 601.678 601.6774 601.6769 601.6763 601.6758 601.6743 601.6699 601.6672 601.6688 601.6703 601.6679 601.6706 601.6733 601.6707 601.6721 601.6734 601.6711 601.6729 601.6757 601.6746 601.6714 601.6731 601.6747 601.6765 601.6781 601.6756 601.6713 601.667 601.6677 601.6708 601.6738 601.6723 601.6739 601.6775 601.6741 601.6766 601.6745 601.6766 601.6757 601.6767 601.6771 601.678 601.68 601.6789 601.6808 601.6765 601.6757 601.6776 601.6794 601.676 601.6716 601.6676 601.6685 601.6732
601.7181 601.7136 601.7113 601.7082 601.704 601.7037 601.7034 601.7031 601.7028 601.7014 601.697 601.6962 601.6956 601.6951 601.6946 601.6931 601.6887 601.6849 601.6865 601.688 601.6854 601.6877 601.6904 601.6889 601.6891 601.6904 601.6889 601.6893 601.6921 601.6919 601.6876 601.6891 601.6908 601.6924 601.6942 601.6922 601.6879 601.6835 601.6823 601.6854 601.6884 601.6884 601.6877 601.6926 601.689 601.6906 601.6899 601.6904 601.691 601.6902 601.692 601.691 601.6949 601.692 601.6945 601.6909 601.6885 601.6904 601.6923 601.69 601.6856 601.6816 601.6796 601.6844
601.738 601.7335 601.7311 601.728 601.7236 601.7228 601.7225 601.7222 601.7219 601.7206 601.7162 601.7149 601.7144 601.7138 601.7133 601.7119 601.7075 601.7032 601.7042 601.7057 601.704 601.7049 601.7076 601.707 601.7061 601.7074 601.7066 601.7057 601.7085 601.7092 601.7049 601.7051 601.7068 601.7085 601.7102 601.7088 601.7045 601.7001 601.697 601.7 601.7031 601.7045 601.7015 601.7064 601.7047 601.7045 601.7055 601.7042 601.7062 601.7037 601.7064 601.7039 601.7079 601.7051 601.7075 601.7054 601.7012 601.7032 601.7051 601.704 601.6999 601.6956 601.6912 601.6955
601.7578 601.7532 601.751 601.7477 601.7432 601.742 601.7417 601.7414 601.7411 601.7399 601.7355 601.7336 601.7331 601.7326 601.7321 601.7307 601.7263 601.7222 601.7219 601.7234 601.7225 601.722 601.7247 601.725 601.7231 601.7244 601.7242 601.7221 601.7249 601.7264 601.7221 601.7212 601.7228 601.7245 601.7262 601.7254 601.7211 601.7168 601.7127 601.7147 601.7177 601.7208 601.7164 601.7202 601.7203 601.7185 601.7209 601.7179 601.7203 601.7171 601.7198 601.7178 601.7208 601.7198 601.7206 601.7201 601.7157 601.7159 601.7178 601.7183 601.714 601.7096 601.7055 601.7067
601.7776 601.7731 601.7708 601.7675 601.7631 601.7612 601.7609 601.7606 601.7603 601.7592 601.7548 601.7524 601.7518 601.7513 601.7508 601.7495 601.7452 601.741 601.7396 601.7411 601.7408 601.7391 601.7418 601.743 601.7401 601.7414 601.7419 601.7385 601.7413 601.7437 601.7394 601.7372 601.7389 601.7405 601.7422 601.7421 601.7379 601.7336 601.7292 601.7292 601.7323 601.7354 601.7324 601.7339 601.7361 601.7325 601.7349 601.7322 601.7341 601.7324 601.7333 601.7328 601.7338 601.7345 601.7336 601.7346 601.7301 601.7288 601.7307 601.7325 601.728 601.7236 601.7195 601.7178
601.7974 601.7929 601.7906 601.7872 601.7829 601.7804 601.7801 601.7798 601.7795 601.7784 601.7742 601.7711 601.7706 601.7701 601.7695 601.7684 601.764 601.7597 601.7572 601.7588 601.7593 601.7563 601.759 601.761 601.7571 601.7584 601.7596 601.7553 601.7578 601.7606 601.7568 601.7532 601.7549 601.7566 601.7583 601.7588 601.7546 601.7502 601.7458 601.7439 601.7469 601.75 601.7484 601.7477 601.752 601.7477 601.7489 601.7476 601.7479 601.7477 601.7468 601.7477 601.7467 601.7494 601.7466 601.749 601.7445 601.7416 601.7435 601.7454 601.742 601.7376 601.7335 601.7291
601.8172 601.8127 601.8105 601.8069 601.8027 601.7996 601.7993 601.799 601.7986 601.7977 601.7934 601.7899 601.7894 601.7888 601.7883 601.7872 601.7828 601.7785 601.7749 601.7764 601.7777 601.7734 601.7761 601.7788 601.7748 601.7754 601.7767 601.7731 601.7742 601.777 601.7742 601.7699 601.7709 601.7726 601.7743 601.7755 601.7712 601.7668 601.7624 601.7585 601.7615 601.7646 601.7645 601.7615 601.7664 601.7633 601.7629 601.7632 601.7616 601.7629 601.7603 601.7626 601.7596 601.7636 601.7597 601.7622 601.759 601.7549 601.7562 601.7582 601.756 601.7519 601.7475 601.7433
601.837 601.8325 601.8303 601.8267 601.8224 601.8187 601.8185 601.8182 601.8179 601.817 601.8126 601.8086 601.8081 601.8076 601.807 601.806 601.8016 601.7972 601.793 601.7941 601.7957 601.7919 601.7933 601.796 601.7929 601.7924 601.7937 601.791 601.7906 601.7934 601.7915 601.7871 601.787 601.7887 601.7903 601.7921 601.7878 601.7834 601.7789 601.775 601.7762 601.7792 601.7807 601.7764 601.7802 601.779 601.7769 601.7788 601.7754 601.7778 601.7737 601.7764 601.7736 601.7766 601.7744 601.7753 601.7737 601.7693 601.769 601.7709 601.7701 601.766 601.7615 601.7575
601.8569 601.8524 601.8502 601.8464 601.8421 601.838 601.8376 601.8373 601.837 601.8362 601.8318 601.8275 601.8268 601.8263 601.8257 601.8248 601.8204 601.816 601.8119 601.8118 601.8134 601.8105 601.8104 601.813 601.811 601.8094 601.8107 601.8087 601.807 601.8098 601.8088 601.8044 601.803 601.8047 601.8064 601.808 601.8044 601.8 601.7957 601.7915 601.7908 601.7939 601.7969 601.7925 601.794 601.7947 601.7908 601.7933 601.7899 601.7916 601.7891 601.7899 601.7886 601.7895 601.789 601.7883 601.7882 601.7837 601.7819 601.7838 601.7844 601.78 601.7755 601.7715
601.8767 601.8722 601.8701 601.8662 601.8618 601.8574 601.8568 601.8565 601.8562 601.8555 601.8511 601.8467 601.8456 601.845 601.8445 601.8436 601.8392 601.8348 601.8308 601.8295 601.8311 601.8289 601.8275 601.8302 601.829 601.8264 601.8277 601.8263 601.8234 601.8262 601.826 601.8216 601.819 601.8207 601.8224 601.8241 601.821 601.8167 601.8126 601.8081 601.8054 601.8085 601.8115 601.8085 601.8078 601.8106 601.8063 601.8073 601.8053 601.8053 601.8045 601.8033 601.8035 601.8025 601.8039 601.8013 601.8027 601.7981 601.7947 601.7966 601.7985 601.794 601.7896 601.7855
601.8965 601.892 601.8899 601.8859 601.8815 601.8771 601.876 601.8757 601.8754 601.8748 601.8703 601.8659 601.8643 601.8638 601.8632 601.8624 601.858 601.8536 601.8495 601.8472 601.8488 601.8474 601.8447 601.8474 601.847 601.8434 601.8447 601.844 601.8398 601.8427 601.8433 601.8389 601.8351 601.8368 601.8384 601.8401 601.8376 601.8334 601.8292 601.8246 601.8207 601.8231 601.8262 601.8245 601.8216 601.8265 601.822 601.8212 601.8208 601.8191 601.8197 601.8168 601.8184 601.8154 601.8188 601.8143 601.8169 601.8126 601.8085 601.8093 601.8113 601.808 601.8039 601.7994
601.9163 601.9118 601.9097 601.9057 601.9012 601.8969 601.8952 601.8949 601.8946 601.894 601.8896 601.8851 601.8831 601.8825 601.882 601.8812 601.8768 601.8724 601.8683 601.8649 601.8664 601.8658 601.8618 601.8645 601.865 601.8606 601.8617 601.8616 601.8573 601.8591 601.8606 601.8564 601.8521 601.8528 601.8545 601.8561 601.8542 601.8502 601.8457 601.8412 601.8372 601.8377 601.8408 601.8406 601.8365 601.8403 601.8377 601.8352 601.8365 601.8329 601.8349 601.8304 601.833 601.8293 601.8323 601.8289 601.8299 601.8273 601.8229 601.8221 601.824 601.822 601.818 601.8134
601.9362 601.9316 601.9296 601.9254 601.921 601.9166 601.9144 601.9141 601.9138 601.9133 601.9088 601.9045 601.9018 601.9012 601.9007 601.9 601.8956 601.8913 601.8871 601.8827 601.8841 601.8842 601.8798 601.8816 601.883 601.8788 601.8787 601.8793 601.8752 601.8755 601.8779 601.8738 601.8694 601.8688 601.8705 601.8722 601.8709 601.8668 601.8623 601.8579 601.8538 601.8524 601.8554 601.8568 601.8525 601.8541 601.8533 601.8494 601.8517 601.8475 601.849 601.8458 601.8465 601.8443 601.8453 601.8436 601.843 601.8419 601.8373 601.835 601.8369 601.8362 601.832 601.8274
601.956 601.9515 601.9494 601.9451 601.9407 601.9365 601.9335 601.9332 601.9329 601.9325 601.928 601.9238 601.9205 601.92 601.9194 601.9188 601.9143 601.9102 601.9059 601.9016 601.9018 601.9026 601.8984 601.8987 601.901 601.8969 601.8957 601.897 601.893 601.8919 601.8947 601.8911 601.8866 601.8849 601.8865 601.8882 601.8876 601.8834 601.8789 601.8747 601.8704 601.8669 601.87 601.873 601.8685 601.8679 601.8692 601.8651 601.8657 601.863 601.8628 601.8612 601.86 601.8593 601.8582 601.8584 601.856 601.8563 601.8517 601.8478 601.8497 601.8505 601.846 601.8416
601.9758 601.9713 601.9692 601.9649 601.9604 601.9562 601.9528 601.9525 601.9521 601.9518 601.9473 601.9432 601.9393 601.9387 601.9382 601.9376 601.9331 601.9291 601.9246 601.9205 601.9194 601.921 601.917 601.9159 601.9186 601.915 601.9127 601.914 601.9106 601.9083 601.9111 601.9084 601.9039 601.9009 601.9026 601.9042 601.9044 601.9 601.8955 601.8915 601.8869 601.8829 601.8846 601.8877 601.8846 601.8817 601.8851 601.8807 601.8796 601.8785 601.8766 601.8765 601.8734 601.8741 601.8712 601.8733 601.869 601.8708 601.8662 601.8622 601.8624 601.8644 601.86 601.8559
601.9956 601.9911 601.9891 601.9846 601.9801 601.9761 601.9719 601.9716 601.9713 601.971 601.9665 601.9625 601.958 601.9575 601.9569 601.9564 601.9519 601.9479 601.9434 601.9394 601.9371 601.9387 601.9354 601.933 601.9357 601.933 601.9297 601.931 601.9283 601.9247 601.9276 601.9257 601.9211 601.9171 601.9186 601.9203 601.9211 601.9166 601.9122 601.9081 601.9035 601.8995 601.8993 601.9023 601.9006 601.8965 601.9004 601.8964 601.8936 601.8941 601.8903 601.8917 601.8871 601.8891 601.8851 601.8881 601.8835 601.8846 601.8809 601.8766 601.8752 601.8771 601.874 601.87
602.0154 602.0109 602.0089 602.0044 601.9999 601.9958 601.9913 601.9908 601.9905 601.9902 601.9858 601.9818 601.9772 601.9762 601.9756 601.9752 601.9708 601.9667 601.9622 601.9582 601.9548 601.9564 601.9539 601.9501 601.9528 601.951 601.9467 601.948 601.946 601.9415 601.944 601.9429 601.9385 601.9344 601.9346 601.9363 601.9378 601.9332 601.929 601.9246 601.9201 601.9161 601.9139 601.9169 601.9167 601.9126 601.9141 601.912 601.908 601.9098 601.9052 601.9065 601.9025 601.9031 601.9 601.901 601.8982 601.8976 601.8956 601.891 601.8881 601.89 601.8881 601.884
602.0353 602.0308 602.0286 602.0241 602.0197 602.0156 602.011 602.0099 602.0097 602.0094 602.0051 602.001 601.9965 601.9949 601.9944 601.9939 601.9896 601.9855 601.981 601.9769 601.9725 601.9741 601.9722 601.9678 601.97 601.969 601.9646 601.965 601.9637 601.9594 601.9604 601.9602 601.9559 601.9516 601.9507 601.9523 601.954 601.9498 601.9457 601.9412 601.9369 601.9326 601.9286 601.9316 601.933 601.9286 601.9279 601.9278 601.9237 601.924 601.9207 601.9203 601.9179 601.9166 601.915 601.9139 601.9129 601.9107 601.91 601.9054 601.9014 601.9028 601.9023 601.898
602.0551 602.0506 602.0483 602.0439 602.0394 602.0353 602.0308 602.0292 602.0289 602.0286 602.0244 602.0202 602.0156 602.0137 602.0132 602.0126 602.0085 602.0043 601.9997 601.9957 601.9913 601.9918 601.9907 601.9864 601.9871 601.987 601.9828 601.982 601.9814 601.9772 601.9768 601.9775 601.9734 601.9689 601.9667 601.9684 601.9701 601.9664 601.9625 601.9578 601.9537 601.9492 601.9452 601.9462 601.9492 601.9446 601.9417 601.9437 601.9394 601.938 601.9361 601.934 601.9332 601.93 601.9299 601.9269 601.9278 601.9237 601.9244 601.9199 601.9158 601.9155 601.9166 601.912
602.0749 602.0704 602.0681 602.0636 602.0592 602.055 602.0504 602.0483 602.048 602.0477 602.0436 602.0394 602.0349 602.0324 602.0319 602.0314 602.0273 602.0231 602.0185 602.0145 602.0103 602.0094 602.0091 602.0049 602.0042 602.005 602.0009 601.999 601.999 601.9951 601.9932 601.9948 601.9907 601.9861 601.9827 601.9844 601.9861 601.983 601.9791 601.9744 601.9704 601.9658 601.9618 601.9608 601.9639 601.9606 601.9567 601.9596 601.9551 601.952 601.9518 601.9478 601.9484 601.9438 601.9448 601.9409 601.9426 601.9381 601.9389 601.9345 601.9302 601.9283 601.9302 601.926
