samples/sfe_316/sfe_316_r2/sfe_316_r2/sfe_316_r2.asc
ncols         184
nrows         75
xllcorner     96.199999999255
yllcorner     62.60000000149
cellsize      1
NODATA_value  -9999
[rows 0 to 27 of 75, columns 0 to 63 of 184]
-9999 -9999 -9999 -9999 610.1108 610.0863 610.0623 610.0378 610.0138 609.9896 609.9654 609.9411 609.9167 609.8925 609.8682 609.8442 609.8199 609.7957 609.7713 609.747 609.7228 609.6984 609.6744 609.65 609.6258 609.6014 609.5773 609.553 609.5287 609.5043 609.4803 609.4559 609.4319 609.4075 609.3832 609.3591 609.3347 609.3107 609.2863 609.2623 609.2379 609.2139 609.1895 609.1655 609.1411 609.1171 609.0931 609.0687 609.0447 609.0206 608.9962 608.9722 608.9484 608.9244 608.8999 608.8759 608.8521 608.8281 608.8042 608.7802 608.7562 608.7324 608.7084 608.6844
-9999 -9999 -9999 -9999 610.045 610.0187 609.995 609.9685 609.9447 609.9197 609.8948 609.8696 609.8444 609.819 609.7946 609.7698 609.7449 609.7195 609.694 609.6686 609.644 609.6178 609.594 609.5685 609.5432 609.5186 609.4936 609.4679 609.4425 609.4178 609.3928 609.3673 609.3433 609.3175 609.2917 609.2679 609.2419 609.2178 609.1924 609.1683 609.1426 609.1187 609.093 609.0688 609.0431 609.019 608.9951 608.9694 608.9453 608.9212 608.8953 608.8713 608.848 608.824 608.798 608.7739 608.7505 608.7266 608.7032 608.6792 608.6552 608.6318 608.6078 608.5845
-9999 -9999 -9999 610.0097 609.9791 609.9509 609.9274 609.899 609.8754 609.8494 609.8239 609.7976 609.7715 609.7452 609.7217 609.6953 609.6696 609.6429 609.6165 609.5898 609.5657 609.5371 609.5136 609.4866 609.4603 609.4365 609.4099 609.3826 609.356 609.3323 609.3052 609.2783 609.2548 609.2272 609.2003 609.1767 609.1487 609.1251 609.0981 609.0743 609.0472 609.0234 608.996 608.9722 608.9447 608.921 608.897 608.8696 608.8458 608.8218 608.7943 608.7704 608.7476 608.7236 608.6957 608.6719 608.649 608.6251 608.6022 608.5782 608.5542 608.5314 608.5074 608.4845
-9999 -9999 -9999 609.9456 609.9131 609.8837 609.8597 609.8301 609.8061 609.7792 609.7532 609.7272 609.699 609.6729 609.6482 609.6206 609.5941 609.5665 609.5389 609.5112 609.4874 609.4589 609.433 609.4048 609.3787 609.3544 609.3259 609.2972 609.2708 609.2465 609.2176 609.1898 609.1662 609.1368 609.1102 609.0854 609.0558 609.0322 609.0038 608.9803 608.9517 608.9281 608.8991 608.8755 608.8467 608.823 608.799 608.77 608.7464 608.7224 608.6931 608.6696 608.6472 608.6232 608.5936 608.5699 608.5475 608.5236 608.5012 608.4772 608.4532 608.4308 608.4069 608.3845
-9999 -9999 -9999 609.8815 609.8472 609.8187 609.7922 609.7637 609.7369 609.7094 609.6829 609.6571 609.6268 609.6011 609.5746 609.546 609.519 609.4905 609.4618 609.433 609.4091 609.3806 609.3524 609.3233 609.2972 609.2718 609.2419 609.212 609.1858 609.1603 609.1299 609.1019 609.0776 609.0469 609.0203 608.9941 608.9632 608.9395 608.91 608.8862 608.8562 608.8328 608.8026 608.7789 608.7495 608.725 608.701 608.6708 608.647 608.623 608.5922 608.5687 608.5468 608.5228 608.4918 608.4679 608.446 608.4221 608.4002 608.3762 608.3522 608.3304 608.3064 608.2845
-9999 -9999 -9999 609.8169 609.7815 609.7535 609.7249 609.6968 609.6679 609.6395 609.6132 609.5871 609.5545 609.5292 609.501 609.4716 609.444 609.4144 609.3846 609.3547 609.3308 609.3022 609.2719 609.2419 609.2158 609.1891 609.158 609.127 609.1007 609.0741 609.0424 609.0144 608.989 608.9569 608.9302 608.9027 608.871 608.8466 608.8162 608.7922 608.761 608.7375 608.7062 608.6822 608.6529 608.627 608.603 608.5717 608.5476 608.5236 608.4913 608.4678 608.4464 608.4224 608.3904 608.3659 608.3445 608.3206 608.2992 608.2752 608.2513 608.2299 608.2059 608.1844
-9999 -9999 609.7904 609.7523 609.7158 609.6871 609.6576 609.6287 609.5989 609.5699 609.5436 609.517 609.4826 609.4573 609.4276 609.3973 609.369 609.3395 609.309 609.2782 609.2525 609.2231 609.1917 609.1611 609.1345 609.1065 609.0744 609.042 609.0156 608.9879 608.955 608.9269 608.9004 608.867 608.8402 608.8115 608.7798 608.7541 608.7233 608.6982 608.6658 608.6423 608.6108 608.5856 608.5563 608.529 608.505 608.4738 608.4482 608.4246 608.3906 608.3669 608.346 608.322 608.29 608.264 608.243 608.2191 608.1982 608.1742 608.1508 608.1293 608.1053 608.0845
-9999 -9999 609.724 609.6876 609.6502 609.6208 609.5903 609.5608 609.5299 609.5013 609.474 609.447 609.4127 609.3854 609.3543 609.323 609.2941 609.2649 609.2337 609.2018 609.1741 609.1439 609.1113 609.0808 609.053 609.0241 608.9907 608.9573 608.9305 608.9019 608.8677 608.8395 608.8118 608.778 608.7502 608.7203 608.6886 608.6617 608.631 608.6042 608.5709 608.547 608.5155 608.489 608.4597 608.431 608.407 608.3759 608.3488 608.3257 608.2911 608.2661 608.2456 608.2216 608.1896 608.1621 608.1415 608.1176 608.0972 608.0732 608.0504 608.0289 608.0049 607.9845
-9999 -9999 609.6595 609.623 609.5861 609.5554 609.5231 609.4939 609.4609 609.4326 609.4044 609.3767 609.3428 609.3131 609.281 609.2487 609.22 609.1903 609.1584 609.1254 609.0956 609.0648 609.031 609.0006 608.9716 608.9417 608.907 608.874 608.8455 608.816 608.7803 608.752 608.7231 608.6894 608.6602 608.6292 608.5974 608.5693 608.5386 608.5101 608.4769 608.4517 608.4202 608.3925 608.3632 608.3329 608.309 608.278 608.2493 608.2267 608.1922 608.1652 608.1453 608.1212 608.0892 608.0602 608.04 608.0161 607.9962 607.9722 607.9498 607.9283 607.9044 607.8845
-9999 -9999 609.595 609.5584 609.522 609.4901 609.4555 609.427 609.3915 609.364 609.3348 609.3063 609.2729 609.2408 609.2077 609.1749 609.1459 609.1157 609.0831 609.049 609.0172 608.9857 608.9507 608.9204 608.8903 608.8593 608.8242 608.7906 608.7604 608.73 608.6945 608.6646 608.6345 608.6008 608.5703 608.538 608.5062 608.477 608.4462 608.4161 608.3829 608.3565 608.325 608.2958 608.2666 608.2349 608.2109 608.18 608.1499 608.1278 608.0933 608.0643 608.0449 608.0208 607.9888 607.9583 607.9385 607.9146 607.8952 607.8712 607.8494 607.8279 607.8039 607.7845
-9999 -9999 609.5308 609.4938 609.4579 609.4249 609.3885 609.3601 609.3237 609.2953 609.2651 609.2358 609.2023 609.1685 609.1343 609.102 609.0718 609.0411 609.0077 608.9726 608.9387 608.9073 608.8714 608.8401 608.8088 608.7769 608.7421 608.7073 608.6753 608.644 608.6089 608.5771 608.546 608.5123 608.4802 608.4478 608.415 608.3846 608.3539 608.3221 608.2889 608.2612 608.2297 608.1993 608.17 608.1369 608.1129 608.0821 608.0505 608.0289 607.9969 607.9755 607.8746 607.8489 607.8295 607.7492 607.6275 607.6082 607.5892 607.5652 607.5437 607.5221 607.4982 607.479
-9999 609.5055 609.4667 609.4292 609.3937 609.3596 609.3237 609.2933 609.2573 609.2266 609.1955 609.1654 609.131 609.0961 609.0617 609.0291 608.9978 608.9666 608.9324 608.8962 608.8604 608.829 608.7932 608.7599 608.7274 608.6951 608.66 608.624 608.5902 608.559 608.5233 608.4896 608.4575 608.4236 608.3903 608.3577 608.3237 608.2922 608.2615 608.2395 608.1354 608.0287 607.9255 607.8438 607.7111 607.6615 607.5198 607.4819 607.4123 607.2856 607.2637 607.1761 607.0751 607.0338 607.0137 606.9358 606.8367 606.824 606.8051 606.781 606.7595 606.7374 606.7139 606.7028
-9999 609.4384 609.4026 609.3646 609.3297 609.2943 609.2589 609.2264 609.1909 609.1579 609.1259 609.0948 609.061 609.0236 608.9898 608.9561 608.9237 608.892 608.8571 608.8198 608.782 608.7507 608.7149 608.6797 608.646 608.6137 608.5779 608.5406 608.5051 608.4739 608.439 608.4175 608.3037 608.1652 608.0491 607.9216 607.7917 607.6755 607.5339 607.4384 607.3041 607.2025 607.0937 607.017 606.8792 606.8396 606.6979 606.6496 606.5975 606.4709 606.4484 606.3767 606.2756 606.2182 606.198 606.1223 606.0526 606.0398 606.0208 605.9968 605.9753 605.9527 605.9296 605.9332
-9999 609.3738 609.3384 609.3 609.2655 609.229 609.1941 609.1595 609.1245 609.0892 609.0562 609.0247 608.991 608.9521 608.9179 608.8832 608.8496 608.8174 608.7809 608.7426 608.7041 608.6724 608.6367 608.5995 608.5735 608.4896 608.34 608.186 608.0381 607.9061 607.7685 607.6195 607.5005 607.3607 607.2398 607.1078 606.9755 606.856 606.7125 606.6141 606.4764 606.3762 606.2619 606.1902 606.0479 606.0176 605.8759 605.8173 605.7827 605.6561 605.6331 605.5773 605.4761 605.4027 605.3823 605.3089 605.2683 605.2556 605.2366 605.2126 605.1911 605.168 605.146 605.1636
-9999 609.3093 609.2744 609.2356 609.2014 609.1638 609.1293 609.0926 609.058 609.0206 608.9863 608.9551 608.921 608.8823 608.846 608.8103 608.7755 608.7428 608.7125 608.6036 608.4379 608.314 608.1564 608.0062 607.8658 607.7377 607.579 607.4177 607.2585 607.1264 606.9793 606.8215 606.6868 606.5562 606.4306 606.2943 606.1592 606.0389 605.8911 605.79 605.6522 605.55 605.4302 605.3635 605.2211 605.1957 605.054 604.985 604.9623 604.8413 604.8178 604.7779 604.6766 604.5876 604.5666 604.4955 604.4841 604.4714 604.4524 604.4283 604.4069 604.3832 604.3627 604.394
-9999 609.2448 609.2102 609.1711 609.1371 609.0984 609.0645 609.0258 608.9913 608.9519 608.9171 608.8854 608.852 608.7784 608.6369 608.4969 608.3588 608.2118 608.071 607.8986 607.7302 607.5917 607.43 607.267 607.1313 606.9858 606.8179 606.6494 606.4971 606.3467 606.1902 606.0302 605.8888 605.7516 605.6235 605.485 605.3443 605.2081 605.0696 604.966 604.828 604.7236 604.5984 604.5367 604.3943 604.365 604.2321 604.1528 604.1292 604.0265 604.0025 603.9785 603.8771 603.7756 603.7509 603.6821 603.6999 603.6873 603.6682 603.6442 603.6226 603.5986 603.579 603.6244
609.2206 609.1802 609.1461 609.1067 609.0726 609.0332 608.999 608.967 608.8653 608.6959 608.5692 608.4313 608.2902 608.1243 607.9686 607.8173 607.6744 607.5349 607.3711 607.1932 607.0224 606.8694 606.7036 606.5279 606.3987 606.2339 606.0569 605.8841 605.7288 605.567 605.4165 605.2453 605.0908 604.9471 604.8176 604.6758 604.5331 604.3867 604.2482 604.1419 604.0038 603.8973 603.7664 603.7099 603.5675 603.5333 603.4101 603.3206 603.297 603.2112 603.1872 603.1634 603.0775 602.9763 602.935 602.8687 602.9157 602.9035 602.884 602.8599 602.8379 602.8138 602.7943 602.8548
609.1527 609.116 609.087 608.9732 608.8461 608.676 608.5491 608.3755 608.2476 608.0674 607.9289 607.7814 607.6292 607.4701 607.3003 607.1377 606.9946 606.8559 606.6711 606.4879 606.3145 606.1472 605.999 605.8055 605.6595 605.4821 605.3245 605.1418 604.9605 604.7874 604.6465 604.4562 604.2928 604.1457 604.0118 603.8666 603.722 603.5704 603.4274 603.3179 603.1796 603.0709 602.9342 602.8831 602.7407 602.7017 602.5882 602.4883 602.4648 602.3959 602.3719 602.3483 602.278 602.1768 602.1192 602.0552 602.1315 602.1198 602.0997 602.0757 602.0532 602.0291 602.0095 602.0851
608.8172 608.6718 608.55 608.3821 608.2525 608.0702 607.9332 607.7641 607.6252 607.45 607.2886 607.1315 606.9683 606.8297 606.632 606.4772 606.3206 606.1714 605.9712 605.7955 605.6112 605.4337 605.2965 605.0817 604.9204 604.7337 604.5845 604.3839 604.1922 604.0225 603.8765 603.667 603.4957 603.3514 603.2059 603.0574 602.9109 602.7542 602.6104 602.4938 602.3554 602.2445 602.1026 602.0563 601.9139 601.8699 601.7662 601.6562 601.6327 601.5806 601.5566 601.5327 601.4785 601.3774 601.3034 601.2595 601.3472 601.3361 601.3155 601.2915 601.2684 601.2444 601.2292 601.3156
608.2589 608.1125 607.9647 607.8066 607.6555 607.4704 607.3173 607.1552 607.0028 606.8315 606.6483 606.4862 606.3406 606.1739 605.9733 605.8254 605.641 605.4871 605.2904 605.1174 604.9121 604.7326 604.5787 604.3553 604.1813 604.0033 603.8437 603.6229 603.4239 603.2675 603.0991 602.8896 602.7112 602.557 602.4001 602.2481 602.0999 601.9412 601.7933 601.6697 601.5313 601.4181 601.2764 601.2296 601.0872 601.038 600.9443 600.824 600.8002 600.7653 600.7413 600.7172 600.679 600.578 600.4875 600.4753 600.563 600.5524 600.5313 600.5073 600.4838 600.4597 600.4596 600.546
607.6887 607.5453 607.3794 607.2291 607.0585 606.8966 606.7014 606.5551 606.3804 606.216 606.0164 605.8683 605.6993 605.5129 605.3191 605.1606 604.9614 604.8027 604.6237 604.4305 604.2068 604.0255 603.8563 603.6334 603.4421 603.2729 603.0983 602.872 602.6556 602.5034 602.3163 602.1194 601.9267 601.7626 601.5931 601.4399 601.2888 601.13 600.9763 600.8393 600.7073 600.5917 600.4501 600.4028 600.2604 600.2062 600.1224 600.032 600.008 599.9885 599.953 599.9285 599.9045 599.8845 599.781 599.8355 599.811 599.789 599.767 599.7426 599.73 599.706 599.734 599.7763
607.8773 606.9781 606.7976 606.6587 606.4674 606.327 606.0971 605.9586 605.7612 605.611 605.4081 605.241 605.0494 604.852 604.6795 604.4923 604.2818 604.1188 603.956 603.7306 603.5111 603.319 603.134 602.9313 602.7198 602.5425 602.3464 602.1432 601.9022 601.735 601.5448 601.3492 601.1422 600.9661 600.7861 600.634 600.4778 600.3188 600.2425 600.1405 600.087 600.012 599.914 599.88 599.782 599.746 599.675 599.629 599.6055 599.5765 599.5165 599.4895 599.464 599.4395 599.411 599.3825 599.355 599.334 599.3055 599.2765 599.2791 599.2545 599.2315 599.207
608.2275 606.4152 606.2552 606.087 605.9002 605.7407 605.5109 605.3427 605.1522 605.006 604.7978 604.6007 604.4024 604.2244 604.0417 603.824 603.6287 603.4477 603.2789 603.0439 602.8333 602.621 602.4305 602.229 601.9993 601.8121 601.6057 601.411 601.1599 600.9667 600.7897 600.5792 600.4205 600.323 600.2065 600.115 599.992 599.958 599.87 599.8145 599.7655 599.7095 599.6616 599.6015 599.572 599.5095 599.4885 599.4555 599.427 599.3735 599.3465 599.3125 599.2815 599.255 599.2271 599.2 599.175 599.149 599.12 599.0915 599.063 599.052 599.026 599.0255
608.5779 605.8687 605.7045 605.5017 605.3282 605.1437 604.9471 604.7267 604.5544 604.3853 604.1793 603.9655 603.7845 603.5967 603.3966 603.1681 602.977 602.7766 602.6017 602.3774 602.1552 601.923 601.7294 601.5265 601.2788 601.0817 600.8753 600.6702 600.482 600.378 600.244 600.1285 600.0375 599.978 599.9165 599.854 599.791 599.7305 599.683 599.6325 599.5885 599.541 599.4865 599.44 599.417 599.361 599.3285 599.2865 599.2485 599.2225 599.1875 599.1584 599.112 599.0854 599.0595 599.034 599.005 598.9785 598.95 598.921 598.8945 598.887 598.8605 598.832
608.9282 605.3151 605.139 604.9293 604.7506 604.5526 604.3775 604.124 603.9615 603.7629 603.5701 603.3572 603.1666 602.9673 602.7357 602.5294 602.3252 602.1055 601.9245 601.7107 601.477 601.2267 601.0284 600.824 600.6125 600.4605 600.3505 600.2365 600.148 600.076 599.995 599.9065 599.862 599.8005 599.732 599.664 599.6335 599.577 599.5245 599.4795 599.432 599.389 599.3365 599.305 599.251 599.2245 599.184 599.144 599.1115 599.083 599.039 599.01 598.9825 598.943 598.9165 598.8875 598.8585 598.8315 598.8025 598.7745 598.7505 598.7225 598.6955 598.6815
609.2786 604.772 604.5718 604.3868 604.2036 603.9855 603.8079 603.5674 603.368 603.1492 602.9651 602.7488 602.5488 602.3187 602.108 601.8915 601.6735 601.432 601.2465 601.0439 600.7974 600.6445 600.47 600.3495 600.2585 600.165 600.072 600.0095 599.9465 599.871 599.804 599.746 599.691 599.6365 599.586 599.5275 599.4735 599.4425 599.39 599.343 599.2955 599.254 599.212 599.171 599.133 599.108 599.0615 599.0295 598.996 598.956 598.9295 598.889 598.861 598.8275 598.7985 598.7695 598.741 598.7135 598.6845 598.66 598.6325 598.6045 598.58 598.5555
-9999 604.6371 604.0234 603.842 603.624 603.4183 603.2289 602.9977 602.7521 602.5538 602.3601 602.1406 601.9145 601.7007 601.4804 601.2538 601.0171 600.7803 600.6805 600.512 600.395 600.303 600.209 600.14 600.0535 599.9885 599.918 599.8575 599.794 599.725 599.6695 599.613 599.554 599.4945 599.448 599.4105 599.358 599.312 599.2755 599.22 599.1865 599.145 599.1135 599.067 599.036 598.9935 598.959 598.932 598.8935 598.8575 598.8285 598.794 598.7655 598.7375 598.6935 598.665 598.6365 598.6085 598.584 598.5565 598.5275 598.499 598.471 598.442
-9999 604.9874 603.4767 603.2907 603.0609 602.8497 602.6379 602.4281 602.1749 601.9608 601.7551 601.5292 601.3062 601.0829 600.8527 600.707 600.544 600.46 600.352 600.276 600.188 600.104 600.037 599.9725 599.8785 599.8115 599.751 599.693 599.6375 599.5804 599.5275 599.4795 599.432 599.3865 599.34 599.299 599.2605 599.2155 599.174 599.132 599.094 599.058 599.021 598.986 598.95 598.917 598.8845 598.851 598.817 598.7855 598.752 598.7235 598.683 598.6545 598.6245 598.5955 598.5705 598.5435 598.5155 598.4865 598.458 598.429 598.4005 598.3719
