samples/sfe_316/sfe_316_r2/sfe_316_r2/sfe_316_r2.asc
ncols         184
nrows         75
xllcorner     96.199999999255
yllcorner     62.60000000149
cellsize      1
NODATA_value  -9999
[rows 28 to 55 of 75, columns 0 to 63 of 184]
-9999 605.3378 602.9302 602.7327 602.5184 602.2891 602.0707 601.8585 601.6179 601.3679 601.1463 600.9243 600.833 600.6455 600.5445 600.418 600.323 600.2495 600.15 600.088 600.006 599.927 599.867 599.8094 599.736 599.6785 599.6305 599.581 599.5284 599.4805 599.4315 599.3825 599.334 599.294 599.2585 599.213 599.1735 599.14 599.0935 599.0615 599.022 598.9965 598.9575 598.9275 598.8905 598.8585 598.8235 598.7895 598.7605 598.7285 598.692 598.663 598.6325 598.6095 598.581 598.545 598.516 598.488 598.459 598.4295 598.4005 598.3719 598.3435 598.3145
-9999 605.6881 602.381 602.178 601.976 601.7463 601.5035 601.2888 601.0483 600.877 600.7185 600.631 600.483 600.402 600.3055 600.2205 600.1335 600.045 599.9825 599.9195 599.8365 599.784 599.7321 599.679 599.627 599.5755 599.5265 599.4765 599.4275 599.38 599.34 599.301 599.264 599.2225 599.182 599.152 599.1145 599.0795 599.044 599.009 598.9771 598.9425 598.9135 598.8805 598.85 598.8185 598.7895 598.758 598.7275 598.6955 598.666 598.637 598.6085 598.576 598.548 598.518 598.49 598.461 598.4325 598.402 598.373 598.344 598.316 598.287
-9999 606.0384 601.8553 601.6315 601.4283 601.1925 601.0095 600.8145 600.7185 600.5745 600.4945 600.358 600.2905 600.201 600.1145 600.0405 599.957 599.9 599.847 599.785 599.73 599.6775 599.621 599.5715 599.525 599.4815 599.4385 599.392 599.359 599.321 599.286 599.247 599.205 599.1785 599.1415 599.1085 599.078 599.041 599.0115 598.9775 598.9485 598.9215 598.893 598.862 598.833 598.803 598.773 598.7435 598.7105 598.684 598.6599 598.6257 598.5976 598.5685 598.54 598.5125 598.4845 598.4555 598.428 598.399 598.37 598.3409 598.313 598.2841
-9999 606.3887 601.4509 601.1215 600.9645 600.8105 600.6645 600.5825 600.448 600.355 600.252 600.184 600.116 600.027 599.963 599.9 599.8455 599.781 599.7275 599.6765 599.6295 599.5825 599.5385 599.497 599.4575 599.418 599.3831 599.3445 599.3155 599.2795 599.2415 599.2085 599.1785 599.1465 599.1175 599.0885 599.0585 599.0295 598.9975 598.9716 598.9471 598.9135 598.887 598.859 598.8315 598.802 598.776 598.7469 598.72 598.6915 598.6635 598.638 598.6095 598.5804 598.557 598.5285 598.5015 598.4725 598.4475 598.419 598.39 598.3625 598.3365 598.3075
-9999 606.7391 601.7473 600.755 600.6455 600.5425 600.429 600.343 600.2395 600.162 600.098 600.0155 599.961 599.889 599.8315 599.7845 599.738 599.691 599.647 599.6055 599.564 599.5225 599.4915 599.4535 599.416 599.382 599.3525 599.3195 599.288 599.259 599.2315 599.2015 599.1726 599.1455 599.119 599.0935 599.067 599.039 599.013 598.9845 598.96 598.932 598.9035 598.8815 598.8525 598.829 598.8025 598.7795 598.7515 598.7225 598.702 598.674 598.6495 598.621 598.595 598.5675 598.5455 598.5135 598.491 598.4625 598.4335 598.4075 598.38 598.3515
-9999 607.0894 602.0976 600.493 600.408 600.322 600.236 600.157 600.0735 600.021 599.952 599.9015 599.852 599.7985 599.757 599.7115 599.6685 599.636 599.599 599.562 599.5255 599.4925 599.461 599.4315 599.402 599.3744 599.3467 599.3205 599.2945 599.268 599.243 599.2135 599.1906 599.1665 599.14 599.116 599.0915 599.0675 599.0395 599.019 598.991 598.972 598.9445 598.9215 598.8985 598.8735 598.85 598.8255 598.798 598.7791 598.7515 598.7295 598.7061 598.6825 598.659 598.6335 598.6105 598.582 598.5545 598.5265 598.506 598.48 598.452 598.423
-9999 607.4398 602.4479 600.296 600.21 600.151 600.068 600.018 599.9675 599.917 599.871 599.8255 599.785 599.7465 599.7085 599.6695 599.6365 599.6065 599.5775 599.5475 599.5194 599.495 599.4675 599.441 599.416 599.3925 599.3705 599.344 599.3195 599.298 599.2695 599.2495 599.23 599.2055 599.183 599.162 599.1385 599.1175 599.0975 599.073 599.0555 599.0295 599.009 598.983 598.965 598.9365 598.921 598.8935 598.875 598.848 598.827 598.8055 598.7835 598.765 598.737 598.7185 598.694 598.6675 598.6541 598.6225 598.5935 598.5645 598.545 598.527
-9999 607.79 602.7983 600.6315 600.077 600.0195 599.975 599.931 599.8905 599.8525 599.8145 599.7795 599.7485 599.7195 599.6912 599.665 599.6395 599.6135 599.589 599.5656 599.5435 599.5215 599.4995 599.4715 599.452 599.436 599.415 599.3915 599.3755 599.348 599.332 599.311 599.2925 599.2695 599.249 599.2285 599.208 599.1845 599.1675 599.15 599.1275 599.106 599.0854 599.067 599.0446 599.0305 599.0045 598.9945 598.966 598.9395 598.93 598.905 598.89 598.8625 598.8435 598.8225 598.7995 598.783 598.758 598.729 598.718 598.691 598.6645 598.636
-9999 608.1404 603.1486 600.046 600.0025 599.961 599.925 599.895 599.8625 599.8358 599.811 599.7865 599.762 599.7395 599.717 599.6945 599.6725 599.6535 599.6375 599.6135 599.593 599.577 599.5635 599.5345 599.5235 599.5095 599.483 599.4715 599.449 599.433 599.413 599.396 599.378 599.357 599.335 599.3225 599.296 599.286 599.26 599.2485 599.2275 599.2125 599.1945 599.1735 599.1615 599.1375 599.125 599.099 599.0735 599.065 599.047 599.0335 599.0045 598.9895 598.9715 598.96 598.931 598.905 598.905 598.876 598.8505 598.8304 598.814 598.7965
-9999 608.4907 603.499 600.3509 599.9811 599.9585 599.9345 599.908 599.8895 599.865 599.8445 599.8285 599.812 599.795 599.7765 599.7655 599.7395 599.727 599.7135 599.7025 599.6795 599.664 599.6555 599.629 599.6185 599.6075 599.5815 599.5735 599.5475 599.5396 599.5165 599.5015 599.4855 599.4645 599.4545 599.429 599.424 599.3925 599.386 599.365 599.3535 599.3315 599.319 599.297 599.285 599.2565 599.2555 599.2295 599.226 599.1965 599.1955 599.164 599.1525 599.1345 599.1325 599.1065 599.084 599.074 599.052 599.023 599.022 599 598.974 598.965
-9999 608.8411 603.8492 600.6284 600.0175 600.0025 599.9905 599.9795 599.956 599.9405 599.9325 599.9225 599.8965 599.8935 599.869 599.8675 599.849 599.8375 599.8195 599.807 599.805 599.776 599.774 599.752 599.743 599.7245 599.7145 599.6855 599.6875 599.6585 599.659 599.631 599.616 599.601 599.575 599.5735 599.5495 599.5455 599.5229 599.5035 599.485 599.4765 599.456 599.4525 599.4275 599.4235 599.3975 599.3849 599.371 599.3539 599.348 599.3365 599.316 599.315 599.2935 599.278 599.2695 599.24 599.2455 599.2285 599.2015 599.192 599.1865 599.1575
-9999 609.1914 604.1996 600.9058 600.123 600.107 600.0955 600.0965 600.0805 600.0675 600.07 600.042 600.047 600.0291 600.0265 600.0025 600.0025 599.9785 599.9755 599.961 599.9495 599.929 599.9235 599.8945 599.898 599.869 599.875 599.846 599.84 599.823 599.801 599.799 599.77 599.7565 599.747 599.7225 599.7225 599.704 599.6765 599.664 599.656 599.642 599.6365 599.612 599.596 599.5875 599.567 599.5685 599.5495 599.5405 599.538 599.5225 599.5035 599.4975 599.4845 599.504 599.487 599.5375 599.5445 599.553 599.55 599.5835 599.59 599.6495
-9999 609.5417 604.5499 601.1833 600.278 600.2745 600.254 600.263 600.255 600.245 600.236 600.23 600.2015 600.216 600.188 600.189 600.1805 600.169 600.1545 600.14 600.1165 600.1255 600.0965 600.0875 600.0795 600.0505 600.062 600.033 600.0045 600.016 599.987 599.9625 599.9675 599.943 599.914 599.9125 599.8995 599.884 599.865 599.8585 599.8395 599.8255 599.82 599.791 599.8215 599.788 599.8475 599.8185 599.8765 599.847 599.91 599.8815 599.9335 599.9195 599.938 599.9933 600.0483 600.1039 600.1297 600.2036 600.1796 600.244 600.2735 600.2927
-9999 -9999 604.9003 601.4608 600.6739 600.494 600.5 600.483 600.4839 600.4785 600.448 600.4715 600.4425 600.4235 600.44 600.413 600.3905 600.362 600.3755 600.3535 600.3405 600.3345 600.3055 600.3065 600.2925 600.2635 600.2635 600.2515 600.2225 600.198 600.222 600.198 600.1695 600.206 600.1785 600.1805 600.2025 600.1735 600.195 600.1985 600.1714 600.2165 600.2025 600.2145 600.2378 600.2501 600.3295 600.3644 600.4218 600.4833 600.5316 600.5972 600.643 600.7008 600.7465 600.811 600.8497 600.9053 600.9149 600.9888 600.9648 601.014 601.0435 601.0478
-9999 -9999 605.2506 601.7383 600.9632 600.813 600.7845 600.7565 600.7895 600.761 600.728 600.7065 600.734 600.7175 600.689 600.661 600.693 600.6665 600.6785 600.6525 600.663 600.6375 600.6115 600.6645 600.6395 600.615 600.5905 600.608 600.658 600.6354 600.6129 600.6437 600.7195 600.7001 600.6807 600.7337 600.7932 600.7729 600.8266 600.8887 600.8764 600.9262 600.9954 600.9749 601.069 601.0864 601.1635 601.2006 601.2525 601.3191 601.3525 601.4326 601.4612 601.519 601.555 601.6288 601.6511 601.7067 601.7001 601.774 601.75 601.7842 601.8135 601.8029
-9999 -9999 605.6009 602.0157 601.2524 601.1894 601.1663 601.1931 601.2369 601.2155 601.1942 601.1776 601.1565 601.2039 601.2394 601.2206 601.2018 601.1832 601.2167 601.2695 601.2618 601.2378 601.2223 601.2875 601.3266 601.3144 601.2903 601.3473 601.4032 601.3947 601.3864 601.4128 601.4929 601.4886 601.4846 601.528 601.5966 601.5943 601.6392 601.7083 601.7132 601.7502 601.8316 601.8068 601.9003 601.9226 601.9974 602.0369 602.0833 602.1548 602.1734 602.2635 602.2794 602.3372 602.3635 602.4465 602.4525 602.5081 602.4853 602.5592 602.5352 602.5543 602.5835 602.558
-9999 -9999 605.9512 602.2933 601.5417 601.7737 601.7502 601.7809 601.8297 601.8172 601.8051 601.7978 601.7864 601.835 601.8794 601.8708 601.8622 601.8547 601.8854 601.9409 601.9566 601.9324 601.9291 601.9921 602.0457 602.0465 602.0223 602.0865 602.1484 602.1539 602.1598 602.1819 602.2662 602.2771 602.2861 602.3222 602.4 602.417 602.4519 602.528 602.539 602.5743 602.6677 602.6411 602.7316 602.7589 602.8314 602.8731 602.914 602.9905 602.9945 603.0845 603.0975 603.1553 603.1721 603.2604 603.2539 603.3095 603.2838 603.3444 603.3204 603.3243 603.3535 603.3271
-9999 -9999 606.3016 602.5707 601.8309 602.3584 602.3342 602.3687 602.4178 602.4193 602.4163 602.418 602.4163 602.466 602.5193 602.5187 602.5228 602.5219 602.554 602.6123 602.6313 602.6271 602.636 602.6966 602.7583 602.7786 602.7543 602.8259 602.8936 602.9132 602.9332 602.951 603.0366 603.0657 603.0745 603.1166 603.2034 603.2368 603.2646 603.3478 603.3587 603.3991 603.4917 603.4779 603.5629 603.5952 603.6653 603.7094 603.7452 603.8263 603.8156 603.9053 603.9157 603.9735 603.9808 604.0688 604.0585 604.1108 604.0847 604.1296 604.1055 604.0945 604.1235 604.0969
-9999 -9999 606.6519 602.8482 602.1202 602.8314 602.9189 602.9565 603.0056 603.0214 603.0275 603.0383 603.0462 603.097 603.1521 603.1552 603.1812 603.1758 603.2226 603.2818 603.3022 603.3217 603.3428 603.4011 603.4646 603.501 603.4863 603.5624 603.6388 603.668 603.7067 603.7202 603.8057 603.8542 603.8629 603.9115 603.9999 604.0401 604.0778 604.1675 604.1784 604.224 604.3157 604.3146 604.3941 604.4314 604.4992 604.5457 604.5767 604.662 604.6367 604.7263 604.7494 604.7917 604.7895 604.8774 604.8758 604.9117 604.8852 604.9147 604.8906 604.8646 604.8936 604.8665
-9999 -9999 607.0023 603.1257 602.4095 603.1659 603.5035 603.5402 603.5934 603.6235 603.6387 603.6585 603.6722 603.7176 603.7831 603.7916 603.8233 603.8297 603.8881 603.9504 603.985 604.0164 604.0497 604.1057 604.171 604.2123 604.2183 604.2873 604.384 604.4131 604.4677 604.4893 604.5748 604.6427 604.6514 604.7064 604.7943 604.8434 604.8911 604.9816 604.9981 605.049 605.1398 605.1513 605.2255 605.2676 605.333 605.3819 605.4083 605.4977 605.4707 605.5472 605.5848 605.61 605.5981 605.6859 605.6935 605.7126 605.6861 605.6998 605.6757 605.6485 605.6638 605.6362
-9999 -9999 607.3525 603.4032 602.6987 603.5003 604.0881 604.1197 604.1812 604.2256 604.2499 604.277 604.2892 604.3318 604.4141 604.428 604.4655 604.4836 604.5485 604.619 604.6679 604.711 604.7565 604.8102 604.8773 604.9235 604.9503 605.0122 605.125 605.1581 605.2185 605.2584 605.344 605.431 605.4398 605.5013 605.5885 605.6467 605.7043 605.7943 605.8178 605.8738 605.9638 605.988 606.0574 606.1039 606.1669 606.2181 606.2398 606.332 606.3057 606.3683 606.4202 606.4283 606.4068 606.4944 606.5113 606.5135 606.487 606.4849 606.4608 606.4333 606.4338 606.4059
-9999 -9999 607.7029 603.6807 602.988 603.8347 604.6728 604.7012 604.769 604.8277 604.8611 604.8964 604.9062 604.9536 605.0452 605.0645 605.1076 605.1401 605.2088 605.2876 605.3495 605.4057 605.4583 605.5128 605.5836 605.6348 605.6823 605.749 605.8643 605.9033 605.9694 606.0275 606.1131 606.2063 606.2282 606.2961 606.3828 606.45 606.5175 606.6069 606.6375 606.71 606.7887 606.8246 606.8894 606.9401 607.0007 607.0544 607.0713 607.1627 607.1407 607.1895 607.2555 607.2466 607.2184 607.3031 607.329 607.3144 607.2879 607.27 607.2459 607.218 607.2039 607.1757
-9999 -9999 608.0532 603.9581 603.2772 604.1692 605.2569 605.2943 605.3568 605.4202 605.4609 605.5035 605.5231 605.5754 605.6762 605.7009 605.7497 605.8005 605.8691 605.9562 606.0193 606.1 606.1489 606.2125 606.2899 606.3461 606.4143 606.4815 606.6036 606.6484 606.7202 606.7966 606.8822 606.9772 607.0167 607.0911 607.1775 607.2533 607.3307 607.4197 607.4572 607.5464 607.6136 607.6613 607.7213 607.7764 607.8345 607.8906 607.9028 607.9938 607.976 608.0106 608.007 607.981 607.9585 607.9344 607.9098 607.8852 607.8604 607.8315 607.8075 607.7791 607.7551 607.7266
-9999 -9999 608.4036 604.2356 603.5665 604.5036 605.807 605.8741 605.9445 606.0065 606.0558 606.1072 606.1401 606.1971 606.2992 606.3374 606.3979 606.4609 606.5305 606.6248 606.6891 606.7863 606.8396 606.9121 606.9962 607.0573 607.1463 607.2135 607.3428 607.3934 607.471 607.5657 607.6513 607.748 607.8051 607.8906 607.9724 608.0566 608.144 608.233 608.2769 608.2995 608.2739 608.2517 608.2292 608.2067 608.1842 608.1617 608.1394 608.1165 608.0937 608.071 608.043 608.0207 607.9982 607.9741 607.9495 607.9249 607.9002 607.8715 607.8475 607.8192 607.7952 607.7669
-9999 -9999 608.7539 604.5131 603.8544 604.838 606.1414 606.4462 606.5295 606.5927 606.6506 606.711 606.7571 606.8189 606.9122 606.974 607.0478 607.1212 607.2017 607.2935 607.3589 607.455 607.5302 607.6118 607.7025 607.7729 607.8782 607.9455 608.0693 608.1385 608.2218 608.3348 608.4204 608.506 608.48 608.4582 608.4398 608.4193 608.3985 608.3799 608.3582 608.3359 608.314 608.2917 608.2692 608.2465 608.2241 608.2014 608.1791 608.1561 608.1334 608.1106 608.0826 608.0604 608.0378 608.0138 607.9892 607.9647 607.9399 607.9114 607.8874 607.8594 607.8354 607.8072
-9999 -9999 609.1042 604.7906 604.1102 605.1725 606.4758 607.0183 607.109 607.1788 607.2455 607.3148 607.374 607.4407 607.5252 607.6138 607.6922 607.7755 607.86 607.9581 608.0287 608.1235 608.2209 608.3115 608.4088 608.4855 608.5981 608.6575 608.6354 608.6161 608.5977 608.5805 608.5593 608.5412 608.5209 608.499 608.4804 608.4598 608.4387 608.4202 608.3984 608.3762 608.3541 608.3317 608.3092 608.2864 608.2639 608.2411 608.2188 608.1959 608.173 608.1502 608.1223 608.1 608.0775 608.0535 608.0289 608.0043 607.9797 607.9514 607.9274 607.8995 607.8755 607.8475
-9999 -9999 609.4545 605.0681 604.366 605.5069 606.8103 607.5904 607.6885 607.7651 607.8403 607.9185 607.991 608.0624 608.1418 608.2536 608.3287 608.4177 608.514 608.6185 608.6985 608.7922 608.7854 608.7697 608.7513 608.7298 608.7141 608.6967 608.6776 608.6584 608.6391 608.6222 608.601 608.5822 608.5621 608.5403 608.5211 608.5005 608.4789 608.4604 608.4387 608.4164 608.3942 608.3716 608.3492 608.3262 608.3038 608.2808 608.2585 608.2356 608.2126 608.1899 608.162 608.1397 608.1172 608.0931 608.0686 608.0441 608.0195 607.9913 607.9673 607.9397 607.9157 607.8879
-9999 -9999 609.8049 605.3456 604.6218 605.8413 607.1447 608.1625 608.2679 608.3513 608.4352 608.5223 608.608 608.6866 608.7636 608.8807 608.9335 608.913 608.8981 608.8787 608.861 608.8447 608.8293 608.8129 608.7949 608.7733 608.757 608.7393 608.7198 608.7006 608.6805 608.6639 608.6428 608.6233 608.6033 608.5815 608.5618 608.5411 608.5193 608.5005 608.4789 608.4567 608.4343 608.4116 608.3892 608.3661 608.3436 608.3206 608.2983 608.2753 608.2523 608.2295 608.2019 608.1794 608.1569 608.1328 608.1083 608.0838 608.0592 608.0313 608.0073 607.9799 607.9559 607.9282
