samples/sfe_316/sfe_316_r2/sfe_316_r2/sfe_316_r2.asc
ncols         184
nrows         75
xllcorner     96.199999999255
yllcorner     62.60000000149
cellsize      1
NODATA_value  -9999
[rows 28 to 55 of 75, columns 64 to 127 of 184]
598.2855 598.257 598.229 598.2 598.18 598.152 598.123 598.095 598.0795 598.051 598.028 598.0065 597.987 597.9635 597.9465 597.923 597.9085 597.888 597.8815 597.8555 597.8505 597.852 597.8445 597.8265 597.8304 597.8365 597.843 597.854 597.8685 597.883 597.912 597.954 597.9895 598.0396 598.0965 598.102 598.1675 598.386 598.6305 598.8353 598.9426 599.0496 599.1542 599.259 599.3589 599.4604 599.5621 599.6536 599.733 599.8113 599.9144 600.0127 600.0779 600.1674 600.2357 600.3103 600.4117 600.4927 600.5455 600.6312 600.6985 600.7858 600.8553 600.9335
598.258 598.229 598.2025 598.1735 598.1445 598.116 598.0875 598.0585 598.0345 598.0055 597.9771 597.9555 597.9265 597.9045 597.88 597.858 597.831 597.8125 597.786 597.773 597.746 597.7315 597.722 597.7045 597.687 597.6805 597.6785 597.6805 597.6825 597.6865 597.6925 597.6905 597.719 597.7435 597.739 597.78 597.811 597.859 597.912 597.971 598.0365 598.2215 598.5295 598.7387 598.843 598.9464 599.0497 599.1362 599.2156 599.3037 599.4069 599.5013 599.5646 599.659 599.7215 599.807 599.9073 599.9814 600.0317 600.1246 600.1865 600.2792 600.3433 600.4224
598.255 598.226 598.198 598.1689 598.14 598.111 598.0825 598.054 598.0229 597.994 597.9648 597.9353 597.9071 597.878 597.8505 597.8235 597.796 597.7686 597.7415 597.7135 597.6915 597.663 597.6455 597.6265 597.5995 597.5845 597.5715 597.5551 597.53 597.526 597.5295 597.5075 597.5175 597.5305 597.5395 597.531 597.5465 597.5765 597.613 597.653 597.696 597.744 597.797 597.856 597.921 598.111 598.429 598.6188 598.6983 598.7961 598.8981 598.987 599.0527 599.1447 599.2084 599.3038 599.3987 599.468 599.5178 599.6124 599.6743 599.7692 599.8311 599.9112
598.2784 598.25 598.2216 598.1925 598.1635 598.135 598.1064 598.0775 598.0415 598.0125 597.9845 597.9554 597.92 597.891 597.8615 597.8325 597.8 597.7705 597.7415 597.7095 597.6805 597.649 597.6202 597.5907 597.5625 597.537 597.5105 597.4825 597.461 597.444 597.424 597.409 597.387 597.382 597.3775 597.3605 597.3625 597.3735 597.386 597.403 597.4195 597.4475 597.4435 597.469 597.542 597.6245 597.6405 597.7365 597.8044 598.0005 598.328 598.481 598.5461 598.6305 598.699 598.8005 598.8901 598.9541 599.0099 599.1002 599.1646 599.257 599.319 599.4001
598.3225 598.302 598.2735 598.245 598.2159 598.187 598.1585 598.13 598.0945 598.057 598.028 597.9995 597.971 597.94 597.905 597.8765 597.842 597.801 597.774 597.7455 597.703 597.676 597.6475 597.611 597.582 597.5455 597.517 597.4825 597.452 597.418 597.3892 597.3599 597.3354 597.309 597.288 597.2655 597.251 597.2415 597.231 597.209 597.2105 597.2185 597.229 597.2435 597.2625 597.2865 597.317 597.3535 597.393 597.4365 597.4845 597.537 597.5965 597.6615 597.8625 598.202 598.3815 598.4402 598.5034 598.5881 598.6581 598.7449 598.8107 598.8864
598.3945 598.3675 598.3395 598.3105 598.2855 598.2675 598.2365 598.2075 598.1785 598.15 598.1215 598.0735 598.0455 598.0165 597.988 597.959 597.927 597.899 597.87 597.8195 597.7905 597.762 597.719 597.682 597.653 597.605 597.576 597.531 597.4915 597.458 597.414 597.3865 597.3514 597.3175 597.278 597.2515 597.2175 597.1865 597.1605 597.1365 597.1185 597.101 597.081 597.0699 597.065 597.065 597.07 597.081 597.098 597.1185 597.1425 597.173 597.209 597.249 597.292 597.34 597.393 597.452 597.5175 597.724 598.076 598.241 598.2996 598.3705
598.501 598.472 598.444 598.4155 598.381 598.352 598.3495 598.322 598.293 598.264 598.236 598.207 598.179 598.1485 598.1195 598.0905 598.0415 598.0075 597.9785 597.951 597.9225 597.8935 597.8335 597.805 597.7765 597.734 597.6915 597.663 597.6075 597.5785 597.525 597.489 597.442 597.398 597.343 597.313 597.2585 597.227 597.1845 597.1435 597.1155 597.0785 597.0445 597.017 596.9895 596.9635 596.9455 596.9335 596.9255 596.921 596.921 596.9255 596.9365 596.954 596.9745 596.9985 597.0285 597.0649 597.105 597.148 597.196 597.249 597.308 597.37
598.6285 598.602 598.5815 598.5485 598.5185 598.4895 598.4765 598.4645 598.436 598.4075 598.377 598.346 598.319 598.2885 598.2595 598.2565 598.2275 598.199 598.1705 598.1425 598.0885 598.0475 598.0155 597.9865 597.9575 597.926 597.8676 597.8285 597.8 597.7335 597.696 597.6585 597.584 597.557 597.4845 597.4515 597.3835 597.3505 597.283 597.2555 597.196 597.1355 597.111 597.058 597.0115 596.97 596.9425 596.9005 596.8706 596.8425 596.8185 596.801 596.7895 596.781 596.7765 596.7765 596.781 596.795 596.811 596.8305 596.8545 596.8845 596.921 596.958
598.7675 598.7385 598.742 598.7135 598.6845 598.6555 598.6295 598.6365 598.6075 598.574 598.544 598.5315 598.5275 598.4985 598.47 598.447 598.418 598.389 598.358 598.33 598.301 598.272 598.243 598.2145 598.186 598.157 598.1281 598.048 598.019 597.9771 597.95 597.885 597.82 597.791 597.7035 597.6675 597.629 597.5505 597.512 597.4365 597.399 597.3265 597.2495 597.2135 597.153 597.087 597.0245 596.964 596.923 596.885 596.8385 596.7985 596.761 596.7273 596.6981 596.6745 596.657 596.645 596.637 596.632 596.6335 596.641 596.6525 596.6665
598.9565 598.928 598.905 598.908 598.879 598.85 598.8245 598.838 598.8045 598.7755 598.754 598.7635 598.7375 598.729 598.7 598.6915 598.6625 598.6685 598.643 598.6175 598.589 598.56 598.5315 598.5025 598.469 598.4406 598.4115 598.3824 598.339 598.31 598.2375 598.2085 598.1355 598.107 598.063 597.978 597.9355 597.8655 597.796 597.7535 597.6615 597.5695 597.532 597.437 597.3755 597.32 597.235 597.153 597.0735 597.049 596.98 596.914 596.8514 596.794 596.741 596.6945 596.6541 596.617 596.5835 596.5538 596.5305 596.5125 596.501 596.493
599.1425 599.145 599.1145 599.09 599.1425 599.1145 599.089 599.1855 599.158 599.1535 599.2371 599.208 599.295 599.292 599.267 599.312 599.3286 599.3278 599.3007 599.3262 599.371 599.347 599.3201 599.2961 599.2694 599.2426 599.2188 599.1921 599.1655 599.1416 599.0928 598.9996 598.955 598.9302 598.8633 598.827 598.64 598.615 598.312 598.232 598.149 597.9645 597.921 597.818 597.7045 597.6755 597.5655 597.4595 597.395 597.26 597.2355 597.1465 597.0615 596.98 596.905 596.8355 596.7695 596.7055 596.6495 596.597 596.55 596.51 596.4725 596.439
599.625 599.613 599.6561 599.6835 599.6896 599.7691 599.7505 599.7781 599.8413 599.8134 599.8757 599.8896 599.8753 599.9349 599.934 599.9185 599.9756 599.971 599.9333 599.9405 599.9842 599.9604 599.9238 599.8956 599.8641 599.8281 599.8043 599.7689 599.7339 599.7061 599.6489 599.5557 599.5117 599.4827 599.4052 599.3202 599.2799 599.1964 599.1309 599.0491 598.9636 598.8813 598.7973 598.7157 598.6255 598.413 598.388 598.0115 597.763 597.687 597.6165 597.5025 597.392 597.2865 597.186 597.091 597.0024 596.9175 596.836 596.7585 596.6865 596.621 596.5615 596.505
600.3661 600.3416 600.3968 600.4242 600.4163 600.4958 600.4772 600.5029 600.546 600.5113 600.5639 600.5783 600.5416 600.6012 600.5991 600.5655 600.6226 600.6146 600.566 600.5548 600.5974 600.5734 600.5273 600.49 600.4584 600.4135 600.3895 600.3453 600.3024 600.2649 600.205 600.1111 600.06 600.0347 599.947 599.8615 599.8169 599.7333 599.6626 599.5793 599.4891 599.4069 599.3164 599.2348 599.1399 599.0433 598.9553 598.8533 598.7474 598.6512 598.5278 598.443 598.237 597.8455 597.5895 597.4725 597.358 597.248 597.142 597.041 596.9465 596.8585 596.7735 596.6915
601.1212 601.0963 601.1376 601.1649 601.143 601.2225 601.204 601.2277 601.2469 601.2116 601.2522 601.2672 601.2097 601.2675 601.2645 601.2125 601.2697 601.2497 601.1986 601.1692 601.2106 601.1781 601.1307 601.0844 601.0528 600.999 600.9673 600.9218 600.8706 600.8237 600.7611 600.6655 600.611 600.5786 600.4888 600.4056 600.3538 600.2703 600.1928 600.1094 600.0147 599.9324 599.8355 599.754 599.6543 599.5579 599.4698 599.3632 599.2559 599.1558 599.0319 598.9352 598.8206 598.7051 598.5823 598.4559 598.3479 598.1105 597.7075 597.4455 597.328 597.214 597.104 596.998
601.8763 601.8509 601.8783 601.9055 601.8804 601.9493 601.9307 601.9526 601.9478 601.912 601.9405 601.9562 601.8876 601.9338 601.9293 601.8612 601.9167 601.8822 601.8312 601.7835 601.8237 601.7816 601.7342 601.6788 601.6471 601.5842 601.5426 601.4982 601.4388 601.3824 601.3172 601.2198 601.163 601.1191 601.0306 600.9498 600.8908 600.797 600.723 600.6396 600.5403 600.458 600.3547 600.2714 600.1687 600.0724 599.9821 599.873 599.7645 599.6591 599.5385 599.4418 599.3226 599.2082 599.0796 598.959 598.851 598.7338 598.5857 598.4614 598.3388 598.2114 597.9855 597.569
602.6314 602.6055 602.619 602.6462 602.6207 602.676 602.6574 602.6774 602.6487 602.6125 602.6287 602.645 602.5643 602.6002 602.5942 602.515 602.5638 602.5148 602.4639 602.3979 602.4368 602.3849 602.3376 602.2732 602.2415 602.1696 602.1179 602.0747 602.007 601.9412 601.8733 601.7788 601.7151 601.6595 601.5724 601.494 601.4277 601.3262 601.2532 601.1632 601.0659 600.9782 600.8738 600.7828 600.683 600.587 600.4921 600.3791 600.2729 600.1624 600.045 599.9471 599.8239 599.7113 599.577 599.4621 599.3541 599.2311 599.0831 598.9666 598.8361 598.7166 598.5892 598.4664
603.3865 603.3601 603.3597 603.3868 603.3609 603.4027 603.3842 603.4022 603.3495 603.3129 603.317 603.3336 603.2407 603.2665 603.252 603.1688 603.2108 603.1473 603.0965 603.0122 603.0499 602.9883 602.941 602.8676 602.8318 602.7548 602.6932 602.6487 602.5753 602.5 602.4293 602.3386 602.2672 602.2 602.1142 602.0381 601.9647 601.8564 601.7833 601.683 601.5914 601.4948 601.3929 601.2952 601.1965 601.1016 601.002 600.8823 600.7815 600.6656 600.5516 600.4511 600.3224 600.2144 600.0743 599.9651 599.8572 599.7285 599.5836 599.4718 599.3342 599.2217 599.0865 598.9716
604.1415 604.1147 604.1005 604.1274 604.101 604.1294 604.111 604.1271 604.0504 604.0137 604.0053 604.0223 603.9174 603.9328 603.9061 603.8225 603.8542 603.7798 603.7294 603.6321 603.663 603.5917 603.5444 603.462 603.4172 603.3401 603.2685 603.2158 603.1434 603.059 602.9854 602.8985 602.8193 602.7404 602.6552 602.5823 602.5016 602.3866 602.3135 602.2072 602.1171 602.0114 601.912 601.8096 601.7086 601.6161 601.5118 601.3894 601.29 601.1689 601.0582 600.9531 600.8254 600.7175 600.5762 600.4683 600.3602 600.2258 600.0869 599.977 599.8375 599.7269 599.5882 599.4768
604.8967 604.8694 604.8423 604.8681 604.841 604.8561 604.8378 604.8519 604.7513 604.7146 604.6936 604.7025 604.5941 604.5991 604.5602 604.4763 604.4973 604.4124 604.3623 604.2595 604.276 604.1951 604.1478 604.0564 604.0026 603.9254 603.8438 603.783 603.7117 603.6189 603.5406 603.4584 603.3714 603.2819 603.1942 603.1222 603.0284 602.9169 602.8437 602.7317 602.6426 602.528 602.4312 602.324 602.2206 602.1304 602.0217 601.8965 601.7968 601.6722 601.5647 601.4551 601.3286 601.2171 601.0793 600.9713 600.8633 600.7232 600.5905 600.4763 600.3408 600.2293 600.0915 599.9821
605.6517 605.624 605.5961 605.6088 605.581 605.5829 605.5646 605.5756 605.4521 605.4155 605.39 605.3821 605.2708 605.2654 605.2143 605.13 605.1404 605.0449 604.9952 604.8898 604.8891 604.7986 604.7495 604.6508 604.588 604.5107 604.4191 604.3501 604.28 604.1788 604.095 604.0137 603.9235 603.8237 603.7331 603.6591 603.554 603.4475 603.3703 603.2561 603.1682 603.0446 602.9503 602.8384 602.7333 602.6403 602.5315 602.4036 602.3001 602.1755 602.0713 601.9572 601.8316 601.7144 601.5824 601.4744 601.3664 601.2206 601.0957 600.9736 600.8456 600.7267 600.5956 600.4797
606.4069 606.3787 606.3503 606.3494 606.3212 606.3096 606.2914 606.2803 606.1531 606.1163 606.0905 606.0618 605.95 605.9318 605.8684 605.7837 605.7834 605.6774 605.6265 605.5202 605.5024 605.402 605.3439 605.2452 605.1733 605.0961 604.9944 604.9172 604.842 604.7388 604.6493 604.562 604.4758 604.3656 604.272 604.1961 604.0803 603.9841 603.8901 603.7806 603.691 603.5612 603.4659 603.3527 603.2479 603.1503 603.032 602.9118 602.8034 602.6788 602.5759 602.4587 602.3347 602.2118 602.0854 601.9775 601.866 601.7214 601.6009 601.472 601.3508 601.224 601.1008 600.9771
607.1619 607.1332 607.1046 607.0901 607.0614 607.0373 607.0182 606.9812 606.8539 606.8172 606.791 606.7414 606.6296 606.5981 606.5225 606.4373 606.416 606.31 606.2568 606.1506 606.1083 606.0054 605.9383 605.8396 605.7587 605.679 605.5697 605.4844 605.4008 605.2987 605.2036 605.1104 605.0198 604.9074 604.811 604.733 604.6105 604.5176 604.4099 604.3051 604.2076 604.0778 603.9774 603.8662 603.7625 603.6603 603.5327 603.4203 603.3067 603.1821 603.0801 602.9561 602.8378 602.7092 602.5886 602.4805 602.3633 602.2247 602.1061 601.9753 601.856 601.726 601.606 601.4767
607.7026 607.6736 607.6447 607.6207 607.5918 607.5662 607.5361 607.5071 607.4786 607.4513 607.4215 607.395 607.3093 607.2719 607.1766 607.0909 607.0485 606.9425 606.8872 606.7809 606.7117 606.6088 606.5327 606.434 606.3441 606.2543 606.145 606.0515 605.9596 605.8586 605.7579 605.6586 605.5602 605.4492 605.3499 605.2598 605.1407 605.0477 604.9297 604.8295 604.7241 604.5944 604.4887 604.3782 604.277 604.1702 604.0369 603.9288 603.81 603.6876 603.5842 603.4534 603.3408 603.2065 603.0916 602.9836 602.8607 602.7279 602.6113 602.4786 602.3612 602.2293 602.1111 601.98
607.7429 607.7142 607.6854 607.6614 607.6327 607.6071 607.577 607.5486 607.5203 607.4929 607.4633 607.4307 607.4014 607.3716 607.3439 607.3137 607.2838 607.2539 607.2241 607.1927 607.1613 607.131 607.105 607.0284 606.9294 606.8296 606.7203 606.6187 606.5184 606.4152 606.3123 606.207 606.1006 605.9902 605.8889 605.7853 605.671 605.5775 605.4531 605.3539 605.2407 605.1109 605.0001 604.8903 604.7886 604.6801 604.5439 604.4374 604.3132 604.1942 604.0883 603.952 603.8439 603.7039 603.5947 603.4867 603.358 603.2312 603.1111 602.9819 602.8641 602.7326 602.6163 602.4833
607.7832 607.7547 607.7262 607.7022 607.6736 607.648 607.6179 607.5901 607.5619 607.5345 607.5049 607.473 607.4437 607.414 607.3868 607.3566 607.3273 607.2974 607.2676 607.2366 607.2057 607.1741 607.1427 607.1102 607.0799 607.0496 607.0159 606.9843 606.9525 606.9225 606.8666 606.7552 606.6411 606.5291 606.4279 606.3109 606.2012 606.0972 605.9776 605.8784 605.7573 605.6275 605.5115 605.4023 605.2985 605.1845 605.051 604.9412 604.8165 604.7006 604.5917 604.455 604.347 604.2057 604.0978 603.9897 603.8592 603.7345 603.6099 603.4852 603.3615 603.2359 603.1146 602.9866
607.8235 607.7952 607.7669 607.7429 607.7145 607.6889 607.6588 607.6315 607.6035 607.5762 607.5465 607.5154 607.4861 607.4564 607.4297 607.3995 607.3708 607.3409 607.3117 607.2805 607.2502 607.2186 607.1877 607.1552 607.1255 607.0953 607.0616 607.0308 606.9995 606.9656 606.9348 606.9017 606.8676 606.8356 606.8043 606.771 606.7314 606.617 606.5021 606.4037 606.2739 606.1466 606.0229 605.9143 605.8085 605.6851 605.5581 605.4445 605.3198 605.2048 605.0936 604.9581 604.8466 604.7089 604.6008 604.4929 604.3624 604.2378 604.1131 603.9885 603.8638 603.7392 603.6145 603.4899
607.8639 607.8358 607.8076 607.7836 607.7555 607.7298 607.6997 607.673 607.6451 607.6178 607.5881 607.5578 607.5285 607.4989 607.4727 607.4424 607.4143 607.3844 607.3557 607.3244 607.2947 607.2631 607.2327 607.2002 607.1711 607.1412 607.1074 607.0773 607.0463 607.0133 606.9824 606.9493 606.916 606.8847 606.8534 606.8165 606.7847 606.753 606.7184 606.6818 606.6467 606.6195 606.5359 606.4263 606.3185 606.1856 606.0652 605.9478 605.8231 605.7089 605.5909 605.4612 605.344 605.2119 605.1039 604.9959 604.8657 604.741 604.6164 604.4918 604.3671 604.2424 604.1178 603.9931
607.9042 607.8763 607.8483 607.8243 607.7964 607.7707 607.7406 607.7145 607.6868 607.6594 607.6298 607.6002 607.5709 607.5417 607.5155 607.4853 607.4578 607.4279 607.3997 607.3683 607.3391 607.3076 607.2776 607.2455 607.2167 607.187 607.1536 607.1238 607.0933 607.0611 607.03 606.997 606.9645 606.9338 606.9025 606.8652 606.835 606.8032 606.7693 606.7326 606.6992 606.6674 606.6332 606.6014 606.5657 606.5286 606.495 606.451 606.3264 606.213 606.0883 605.9642 605.8413 605.715 605.607 605.4955 605.369 605.2456 605.1197 604.9955 604.8704 604.7457 604.6211 604.4964
