SIN0=(0.29487301397784293,1.0,0.17,MASK0)
SIN1=(0.3219804736950435,2.0,-2.45,MASK0)
SIN2=(0.2853856420629691,3.0,2.41,MASK0)
SIN3=(0.23942636016253074,4.0,-0.49,MASK0)
SIN4=(0.1574582951139434,5.0,-2.72,MASK0)
SIN5=(0.1519410336541316,6.0,2.86,MASK0)
SIN6=(0.12773777022897526,7.0,-2.16,MASK0)
SIN7=(0.027754445409697966,7.5,-2.77,MASK0)
SIN8=(0.07951167177128135,12.0,-0.64,MASK0)
SIN9=(0.04407483253749024,13.0,-2.36,MASK0)
SIN10=(0.010934818770017249,17.0,3.09,MASK0)
SIN11=(0.07247296959268117,19.0,-2.6,MASK0)
SIN12=(0.05790282952916005,21.5,-0.76,MASK0)
SIN13=(0.01659139862178277,20.0,0.16,MASK0)
SIN14=(0.010934818770017236,17.0,3.09,MASK0)
SIN15=(0.02375890991098477,15.0,0.43,MASK0)
SIN16=(0.09192326147469021,11.0,2.32,MASK0)
SIN17=(0.05077373111311604,10.0,-2.22,MASK0)
SIN18=(0.15194103365413159,6.0,2.86,MASK0)
SIN19=(0.15745829511394338,5.0,-2.72,MASK0)
SIN20=(0.23942636016253077,4.0,-0.49,MASK0)
SIN21=(0.2853856420629692,3.0,2.41,MASK0)
SIN22=(0.32198047369504346,2.0,-2.45,MASK0)
SIN23=(0.29487301397784293,1.0,0.17,MASK0)

