SIN0=(0.4332082754946561,1.0,-2.04,MASK0)
SIN1=(0.6849859919293791,2.0,3.09,MASK0)
SIN2=(0.6317035040852612,3.0,1.33,MASK0)
SIN3=(0.8997838235984819,4.0,-2.56,MASK0)
SIN4=(0.35659160711108684,5.0,-1.84,MASK0)
SIN5=(0.29714383060989663,6.0,-0.1,MASK0)
SIN6=(0.1808221880178644,7.0,0.1,MASK0)
SIN7=(0.311235743392044,8.0,-3.05,MASK0)
SIN8=(0.6534536694668907,9.0,-1.01,MASK0)
SIN9=(0.21785696649503322,10.0,0.43,MASK0)
SIN10=(0.37674277529745126,11.0,3.07,MASK0)
SIN11=(0.399432800446145,12.0,-0.98,MASK0)
SIN12=(0.19387213935513536,13.0,-0.59,MASK0)
SIN13=(0.1353303399457634,13.5,-2.84,MASK0)
SIN14=(0.1677211587778727,18.0,-2.35,MASK0)
SIN15=(0.14787441868331494,18.5,0.23,MASK0)
SIN16=(0.13022245659192452,22.5,0.93,MASK0)
SIN17=(0.10528930537873785,20.5,-0.44,MASK0)
SIN18=(0.1423729568648796,16.0,-0.35,MASK0)
SIN19=(0.39943280044614504,12.0,-0.98,MASK0)
SIN20=(0.37674277529745126,11.0,3.07,MASK0)
SIN21=(0.21785696649503317,10.0,0.43,MASK0)
SIN22=(0.6534536694668907,9.0,-1.01,MASK0)
SIN23=(0.3112357433920441,8.0,-3.05,MASK0)
SIN24=(0.18082218801786443,7.0,0.1,MASK0)
SIN25=(0.2971438306098967,6.0,-0.1,MASK0)
SIN26=(0.35659160711108684,5.0,-1.84,MASK0)
SIN27=(0.8997838235984817,4.0,-2.56,MASK0)
SIN28=(0.6317035040852612,3.0,1.33,MASK0)
SIN29=(0.684985991929379,2.0,3.09,MASK0)
SIN30=(0.43320827549465624,1.0,-2.04,MASK0)

