SIN0=(0.29487301397784293,1.0,0.17,MASK0)
SIN1=(0.3219804736950435,2.0,-2.45,MASK0)
SIN2=(0.2853856420629692,3.0,2.41,MASK0)
SIN3=(0.23942636016253072,4.0,-0.49,MASK0)
SIN4=(0.1574582951139434,5.0,-2.72,MASK0)
SIN5=(0.1519410336541316,6.0,2.86,MASK0)
SIN6=(0.12773777022897526,7.0,-2.16,MASK0)
SIN7=(0.02775444540969798,7.5,-2.77,MASK0)
SIN8=(0.009226790619678658,8.5,0.25,MASK0)
SIN9=(0.050773731113116026,10.0,-2.22,MASK0)
SIN10=(0.09192326147469021,11.0,2.32,MASK0)
SIN11=(0.07951167177128135,12.0,-0.64,MASK0)
SIN12=(0.04407483253749028,13.0,-2.36,MASK0)
SIN13=(0.07338823655041093,14.0,2.85,MASK0)
SIN14=(0.023758909910984734,15.0,0.43,MASK0)
SIN15=(0.11199076896218013,16.0,-2.64,MASK0)
SIN16=(0.010934818770017226,17.0,3.09,MASK0)
SIN17=(0.07371216589198407,17.5,-0.66,MASK0)
SIN18=(0.023758909910984727,15.0,0.43,MASK0)
SIN19=(0.07338823655041095,14.0,2.85,MASK0)
SIN20=(0.04407483253749028,13.0,-2.36,MASK0)
SIN21=(0.07951167177128132,12.0,-0.64,MASK0)
SIN22=(0.09192326147469021,11.0,2.32,MASK0)
SIN23=(0.05077373111311603,10.0,-2.22,MASK0)
SIN24=(0.009226790619678647,8.5,0.25,MASK0)
SIN25=(0.027754445409697986,7.5,-2.77,MASK0)
SIN26=(0.12773777022897526,7.0,-2.16,MASK0)
SIN27=(0.15194103365413159,6.0,2.86,MASK0)
SIN28=(0.15745829511394338,5.0,-2.72,MASK0)
SIN29=(0.23942636016253077,4.0,-0.49,MASK0)
SIN30=(0.2853856420629692,3.0,2.41,MASK0)
SIN31=(0.32198047369504346,2.0,-2.45,MASK0)
SIN32=(0.29487301397784293,1.0,0.17,MASK0)

