SIN0=(0.43320827549465624,1.0,-2.04,MASK0)
SIN1=(0.684985991929379,2.0,3.09,MASK0)
SIN2=(0.6317035040852612,3.0,1.33,MASK0)
SIN3=(0.8997838235984819,4.0,-2.56,MASK0)
SIN4=(0.35659160711108695,5.0,-1.84,MASK0)
SIN5=(0.29714383060989663,6.0,-0.1,MASK0)
SIN6=(0.18082218801786448,7.0,0.1,MASK0)
SIN7=(0.31123574339204413,8.0,-3.05,MASK0)
SIN8=(0.6534536694668907,9.0,-1.01,MASK0)
SIN9=(0.2178569664950334,10.0,0.43,MASK0)
SIN10=(0.37674277529745137,11.0,3.07,MASK0)
SIN11=(0.39943280044614526,12.0,-0.98,MASK0)
SIN12=(0.19387213935513528,13.0,-0.59,MASK0)
SIN13=(0.13533033994576335,13.5,-2.84,MASK0)
SIN14=(0.12391682771575882,14.5,-0.19,MASK0)
SIN15=(0.14237295686487955,16.0,-0.35,MASK0)
SIN16=(0.1867454394334115,16.5,-2.39,MASK0)
SIN17=(0.16772115877787266,18.0,-2.35,MASK0)
SIN18=(0.1478744186833148,18.5,0.23,MASK0)
SIN19=(0.14237295686487955,16.0,-0.35,MASK0)
SIN20=(0.12391682771575878,14.5,-0.19,MASK0)
SIN21=(0.13533033994576338,13.5,-2.84,MASK0)
SIN22=(0.1938721393551354,13.0,-0.59,MASK0)
SIN23=(0.39943280044614526,12.0,-0.98,MASK0)
SIN24=(0.37674277529745137,11.0,3.07,MASK0)
SIN25=(0.21785696649503333,10.0,0.43,MASK0)
SIN26=(0.6534536694668907,9.0,-1.01,MASK0)
SIN27=(0.3112357433920442,8.0,-3.05,MASK0)
SIN28=(0.18082218801786445,7.0,0.1,MASK0)
SIN29=(0.2971438306098967,6.0,-0.1,MASK0)
SIN30=(0.35659160711108684,5.0,-1.84,MASK0)
SIN31=(0.8997838235984817,4.0,-2.56,MASK0)
SIN32=(0.6317035040852611,3.0,1.33,MASK0)
SIN33=(0.684985991929379,2.0,3.09,MASK0)
SIN34=(0.43320827549465624,1.0,-2.04,MASK0)

