SIN0=(0.12409031219429897,2.0,2.88,MASK0)
SIN1=(0.08005727553601633,3.0,0.13,MASK0)
SIN2=(0.07976629256726664,4.0,-1.92,MASK0)
SIN3=(0.10234082075328987,5.0,-2.5,MASK0)
SIN4=(0.04440636641728894,5.5,-2.95,MASK0)
SIN5=(0.021944940284625382,7.0,-0.9,MASK0)
SIN6=(0.025319915651990467,9.0,-2.45,MASK0)
SIN7=(0.02456463717205857,11.5,0.04,MASK0)
SIN8=(0.017073150871729007,9.5,-2.94,MASK0)
SIN9=(0.021944940284625396,7.0,-0.9,MASK0)
SIN10=(0.10234082075328986,5.0,-2.5,MASK0)
SIN11=(0.07976629256726667,4.0,-1.92,MASK0)
SIN12=(0.08005727553601635,3.0,0.13,MASK0)
SIN13=(0.12409031219429897,2.0,2.88,MASK0)
SIN14=(0.06222152759574949,1.0,-0.82,MASK0)

