SIN0=(0.27492024221091765,1.0,2.93,MASK0)
SIN1=(0.14360506251530575,2.0,-2.35,MASK0)
SIN2=(0.24103458799332886,3.0,-1.22,MASK0)
SIN3=(0.4083497350801514,4.0,1.25,MASK0)
SIN4=(0.18577133977206245,5.0,-2.85,MASK0)
SIN5=(0.03796860929436187,6.0,2.65,MASK0)
SIN6=(0.13858958784430186,7.0,0.43,MASK0)
SIN7=(0.11376460457288423,8.0,-2.83,MASK0)
SIN8=(0.09330108396262662,9.0,3.11,MASK0)
SIN9=(0.10507735215804338,10.0,-2.1,MASK0)
SIN10=(0.058143719866115426,11.0,2.94,MASK0)
SIN11=(0.12271823106602828,12.0,2.96,MASK0)
SIN12=(0.05280362938399557,13.0,-2.25,MASK0)
SIN13=(0.10507735215804281,10.0,-2.1,MASK0)
SIN14=(0.09330108396262685,9.0,3.11,MASK0)
SIN15=(0.11376460457288408,8.0,-2.83,MASK0)
SIN16=(0.13858958784430203,7.0,0.43,MASK0)
SIN17=(0.03796860929436156,6.0,2.65,MASK0)
SIN18=(0.18577133977206284,5.0,-2.85,MASK0)
SIN19=(0.40834973508015115,4.0,1.25,MASK0)
SIN20=(0.24103458799332883,3.0,-1.22,MASK0)
SIN21=(0.14360506251530572,2.0,-2.35,MASK0)
SIN22=(0.2749202422109178,1.0,2.93,MASK0)

