SIN0=(0.12024308906956072,1.0,-1.18,MASK0)
SIN1=(0.06751096748272345,2.0,-2.7,MASK0)
SIN2=(0.04145872015154613,3.0,-2.15,MASK0)
SIN3=(0.016848854394379005,4.0,2.7,MASK0)
SIN4=(0.07288842352692088,5.0,-2.67,MASK0)
SIN5=(0.05419850308410899,5.5,0.18,MASK0)
SIN6=(0.0803591780593601,6.5,2.86,MASK0)
SIN7=(0.021750711634294283,7.5,-2.8,MASK0)
SIN8=(0.04643972330991926,9.0,0.09,MASK0)
SIN9=(0.04293563888213223,10.0,0.17,MASK0)
SIN10=(0.03375352984840703,11.0,-0.47,MASK0)
SIN11=(0.02788015048120032,12.0,-0.77,MASK0)
SIN12=(0.046439723309919245,9.0,0.09,MASK0)
SIN13=(0.02175071163429427,7.5,-2.8,MASK0)
SIN14=(0.08035917805936013,6.5,2.86,MASK0)
SIN15=(0.05419850308410898,5.5,0.18,MASK0)
SIN16=(0.07288842352692088,5.0,-2.67,MASK0)
SIN17=(0.016848854394378998,4.0,2.7,MASK0)
SIN18=(0.04145872015154612,3.0,-2.15,MASK0)
SIN19=(0.06751096748272346,2.0,-2.7,MASK0)
SIN20=(0.1202430890695607,1.0,-1.18,MASK0)

