samples/sfe_221/sfe_221_r2/sfe_221_r2/sfe_221_r2.asc
ncols         392
nrows         245
xllcorner     90
yllcorner     51
cellsize      0.4
NODATA_value  -9999
[rows 112 to 139 of 245, columns 128 to 191 of 392]
603.2026 603.1907 603.1788 603.1669 603.155 603.1431 603.1312 603.1193 603.1074 603.0954 603.0835 603.0716 603.0597 603.0478 603.0359 603.024 602.9717 602.8792 602.7889 602.6974 602.611 602.5239 602.4251 602.3263 602.2275 602.1366 602.053 601.9742 601.8873 601.8002 601.713 601.6259 601.5389 601.4488 601.3531 601.2579 601.1724 601.0855 600.988 600.8905 600.793 600.6954 600.5984 600.5104 600.4106 600.3063 600.202 600.0977 599.9933 599.8809 599.7675 599.443 599.25 599.083 598.984 598.826 598.763 598.714 598.683 598.662 598.656 598.665 598.69 598.731
603.2055 603.1936 603.1817 603.1698 603.1579 603.146 603.134 603.1221 603.1102 603.0983 603.0864 603.0745 603.0626 603.0507 603.0388 603.0269 603.015 602.9658 602.874 602.7852 602.6949 602.5961 602.4973 602.3986 602.306 602.2199 602.1414 602.0544 601.9673 601.8801 601.7931 601.706 601.6141 601.5185 601.4229 601.3373 601.2509 601.1534 601.0559 600.9584 600.8608 600.7676 600.6794 600.5789 600.4745 600.3702 600.2659 600.1589 600.0455 599.9321 599.8187 599.433 599.346 599.183 599.071 598.889 598.814 598.768 598.708 598.673 598.653 598.648 598.658 598.676
603.2084 603.1965 603.1846 603.1727 603.1608 603.1489 603.137 603.1251 603.1132 603.1013 603.0894 603.0775 603.0656 603.0536 603.0417 603.0298 603.0179 603.006 602.9594 602.866 602.7672 602.6684 602.5696 602.4755 602.3873 602.3085 602.2215 602.1344 602.0472 601.9602 601.8732 601.7795 601.6838 601.5882 601.5021 601.4162 601.3188 601.2213 601.1238 601.0262 600.9366 600.8486 600.7471 600.6428 600.5384 600.4341 600.3234 600.2101 600.0967 599.9835 599.8712 599.759 599.428 599.294 599.065 598.964 598.856 598.79 598.746 598.697 598.663 598.644 598.646 598.653
603.2076 603.1961 603.1847 603.1733 603.1618 603.1505 603.1392 603.1279 603.1161 603.1042 603.0923 603.0804 603.0685 603.0566 603.0447 603.0328 603.0209 603.009 602.9995 602.9383 602.8395 602.7407 602.645 602.5568 602.4756 602.3886 602.3015 602.2144 602.1273 602.0403 601.9449 601.8492 601.7536 601.6669 601.5811 601.4843 601.3867 601.2892 601.1937 601.1057 601.0177 600.9153 600.8109 600.7066 600.6014 600.488 600.3746 600.2612 600.1489 600.0366 599.9293 599.8111 599.586 599.288 599.165 599.054 598.871 598.795 598.734 598.704 598.678 598.639 598.636 598.639
603.2055 603.1941 603.1827 603.1712 603.1598 603.1484 603.1369 603.1255 603.1141 603.1026 603.0912 603.0798 603.0684 603.0569 603.0455 603.0341 603.0226 603.0112 602.9998 602.991 602.9117 602.8145 602.7263 602.6428 602.5557 602.4686 602.3815 602.2945 602.2059 602.1102 602.0146 601.9189 601.8318 601.7459 601.6497 601.5521 601.4546 601.363 601.2749 601.1868 601.0834 600.9791 600.8748 600.766 600.6526 600.5392 600.4265 600.3142 600.2094 600.0997 599.9814 599.8672 599.749 599.413 599.28 599.121 598.946 598.858 598.81 598.728 598.68 598.648 598.63 598.628
603.2061 603.1946 603.1833 603.1719 603.1605 603.1491 603.1378 603.1263 603.1149 603.1036 603.0922 603.0808 603.0694 603.058 603.0466 603.0353 603.0239 603.0125 603.0011 602.9897 602.984 602.8958 602.8099 602.7228 602.6357 602.5486 602.4616 602.3713 602.2756 602.1799 602.0843 601.9966 601.9108 601.8151 601.7175 601.6201 601.532 601.444 601.356 601.2516 601.1473 601.043 600.9305 600.8172 600.7041 600.5919 600.4858 600.3882 600.27 600.1597 600.0415 599.9224 599.8021 599.575 599.34 599.149 599.035 598.961 598.852 598.777 598.716 598.669 598.638 598.621
603.2081 603.1968 603.1855 603.1743 603.163 603.1517 603.1404 603.1292 603.1179 603.1066 603.0953 603.0841 603.0728 603.0615 603.0502 603.039 603.0277 603.0164 603.0052 602.9939 602.9826 602.977 602.89 602.8029 602.7158 602.6287 602.5366 602.441 602.3453 602.2497 602.1615 602.0756 601.9805 601.883 601.7891 601.7009 601.613 601.5242 601.4199 601.3156 601.2085 601.0952 600.9818 600.8694 600.7621 600.6599 600.5585 600.4403 600.3339 600.2158 600.0958 599.9756 599.8568 599.738 599.401 599.263 599.104 599.003 598.928 598.84 598.765 598.684 598.651 598.633
603.21 603.1989 603.1877 603.1765 603.1653 603.1542 603.143 603.1318 603.1207 603.1096 603.0984 603.0872 603.076 603.0649 603.0537 603.0425 603.0314 603.0202 603.009 602.9979 602.9867 602.9755 602.97 602.8829 602.7959 602.702 602.6063 602.5107 602.415 602.3264 602.2404 602.1459 602.0484 601.9583 601.8701 601.782 601.6924 601.5881 601.4838 601.3731 601.2597 601.1471 601.0385 600.9362 600.8386 600.7289 600.6192 600.5082 600.3895 600.2692 600.1498 600.031 599.9125 599.7942 599.564 599.35 599.132 599.018 598.952 598.859 598.806 598.699 598.653 598.638
603.2119 603.2009 603.1898 603.1787 603.1677 603.1566 603.1455 603.1345 603.1234 603.1124 603.1013 603.0902 603.0792 603.0681 603.057 603.046 603.0349 603.0239 603.0128 603.0017 602.9907 602.9796 602.9686 602.963 602.8674 602.7717 602.676 602.5804 602.4911 602.4053 602.3113 602.2152 602.1274 602.0392 601.9511 601.8606 601.7563 601.6511 601.5377 601.4247 601.3149 601.2126 601.1103 601.0174 600.8992 600.8007 600.6825 600.5628 600.4429 600.324 600.2054 600.0871 599.9717 599.8534 599.7295 599.389 599.249 599.165 599.011 598.909 598.821 598.747 598.687 598.642
603.2137 603.2027 603.1917 603.1808 603.1698 603.1588 603.1479 603.1369 603.1259 603.115 603.104 603.093 603.0821 603.0711 603.0602 603.0492 603.0382 603.0273 603.0163 603.0053 602.9944 602.9834 602.9724 602.9615 602.9371 602.8414 602.7458 602.656 602.5701 602.4767 602.3845 602.2963 602.2084 602.1201 602.0288 601.9245 601.8157 601.7023 601.5913 601.489 601.3867 601.2891 601.1877 601.0764 600.975 600.8565 600.7362 600.6171 600.4984 600.38 600.2643 600.1567 600.0338 599.9099 599.7859 599.61 599.335 599.243 599.114 599 598.897 598.809 598.734 598.697
603.2167 603.2058 603.1948 603.1839 603.1729 603.1619 603.151 603.14 603.129 603.1181 603.1071 603.0961 603.0852 603.0742 603.0633 603.0523 603.0413 603.0304 603.0194 603.0084 602.9975 602.9865 602.9755 602.9646 602.9536 602.9111 602.8209 602.735 602.6422 602.5537 602.4653 602.3776 602.2892 602.197 602.0927 601.9802 601.8677 601.7653 601.663 601.5607 601.4678 601.3581 601.2578 601.1492 601.0298 600.9102 600.7913 600.673 600.5569 600.4451 600.338 600.2141 600.0902 599.9663 599.8595 599.7513 599.374 599.234 599.169 599.104 598.988 598.859 598.776 598.729
603.2198 603.2089 603.1979 603.187 603.176 603.165 603.1541 603.1431 603.1321 603.1212 603.1102 603.0992 603.0883 603.0773 603.0664 603.0554 603.0444 603.0335 603.0225 603.0115 603.0006 602.9896 602.9786 602.9677 602.9567 602.9457 602.8998 602.8106 602.7228 602.6344 602.5467 602.4584 602.3652 602.2582 602.1453 602.0417 601.9394 601.8371 601.7395 601.6466 601.5336 601.4393 601.3235 601.2032 601.0844 600.9659 600.8496 600.7377 600.627 600.5184 600.3945 600.2706 600.1547 600.0491 599.9409 599.8326 599.7244 599.483 599.273 599.161 599.057 598.879 598.79 598.788
603.223 603.212 603.201 603.1901 603.1791 603.1682 603.1572 603.1462 603.1353 603.1243 603.1133 603.1024 603.0914 603.0804 603.0695 603.0585 603.0475 603.0366 603.0256 603.0146 603.0037 602.9927 602.9818 602.9708 602.9598 602.9489 602.9379 602.8917 602.8036 602.7157 602.6275 602.5334 602.4229 602.3181 602.2158 602.1135 602.0111 601.9183 601.817 601.715 601.616 601.4969 601.3774 601.2588 601.1422 601.0303 600.9185 600.8136 600.6987 600.5748 600.4509 600.3431 600.2388 600.1306 600.0223 599.9141 599.8051 599.707 599.362 599.217 599.088 598.97 598.867 598.836
603.2261 603.2151 603.2042 603.1932 603.1823 603.1713 603.1603 603.1494 603.1384 603.1274 603.1165 603.1055 603.0945 603.0836 603.0726 603.0616 603.0507 603.0397 603.0287 603.0178 603.0068 602.9958 602.9849 602.9739 602.963 602.952 602.941 602.931 602.8848 602.7966 602.7007 602.5945 602.4921 602.3898 602.2875 602.1899 602.097 601.9907 601.8965 601.7903 601.6705 601.5518 601.4349 601.323 601.2111 601.0992 601.0003 600.8791 600.7552 600.6393 600.5317 600.4284 600.3202 600.2119 600.1037 599.9932 599.876 599.7587 599.7 599.354 599.208 599.078 598.957 598.853
603.2274 603.2169 603.2064 603.1958 603.1853 603.1744 603.1635 603.1525 603.1415 603.1306 603.1196 603.1086 603.0977 603.0867 603.0757 603.0648 603.0538 603.0428 603.0319 603.0209 603.0099 602.999 602.988 602.9771 602.9661 602.9551 602.9442 602.9332 602.924 602.8708 602.7685 602.6662 602.5639 602.4615 602.3687 602.2758 602.1722 602.0779 601.9639 601.8447 601.7275 601.6156 601.5037 601.3919 601.2838 601.1833 601.0594 600.9355 600.8278 600.7214 600.618 600.5098 600.4016 600.2933 600.1814 600.0641 599.9468 599.8427 599.7429 599.521 599.347 599.157 599.098 598.951
603.2246 603.2141 603.2036 603.1931 603.1826 603.1721 603.1616 603.1511 603.1406 603.1301 603.1196 603.1091 603.0986 603.0881 603.0775 603.067 603.0565 603.046 603.035 603.024 603.0131 603.0021 602.9911 602.9802 602.9692 602.9582 602.9473 602.9363 602.9253 602.919 602.8403 602.7379 602.6403 602.5475 602.4479 602.3536 602.257 602.1377 602.0201 601.9083 601.7964 601.6845 601.5726 601.4705 601.3637 601.2398 601.124 601.0162 600.9111 600.8077 600.6995 600.5912 600.4841 600.3696 600.2523 600.1372 600.0353 599.9355 599.8379 599.7396 599.573 599.191 599.155 599.055
603.2219 603.2114 603.2009 603.1904 603.1799 603.1694 603.1589 603.1484 603.1378 603.1273 603.1168 603.1063 603.0958 603.0853 603.0748 603.0643 603.0538 603.0433 603.0328 603.0223 603.0118 603.0013 602.9908 602.9803 602.9698 602.9593 602.9487 602.9382 602.9277 602.9172 602.912 602.8191 602.7263 602.6293 602.5351 602.431 602.3127 602.2009 602.089 601.9772 601.8653 601.754 601.6572 601.5441 601.4202 601.3124 601.2046 601.1008 600.9973 600.8891 600.7809 600.675 600.5577 600.4405 600.3278 600.228 600.1282 600.0311 599.9321 599.8307 599.7324 599.328 599.252 599.176
603.2191 603.2086 603.1981 603.1876 603.1771 603.1666 603.1561 603.1456 603.1351 603.1245 603.1141 603.1039 603.0936 603.0834 603.0732 603.0629 603.0527 603.0425 603.0322 603.022 603.0118 603.0015 602.9913 602.9811 602.9708 602.9606 602.9504 602.9401 602.9299 602.9197 602.9094 602.905 602.8108 602.7166 602.6054 602.4935 602.3817 602.2698 602.1579 602.046 601.9406 601.8438 601.7244 601.6086 601.5008 601.393 601.2905 601.187 601.0787 600.9705 600.8632 600.7459 600.6304 600.5204 600.4206 600.3208 600.2239 600.1234 600.0204 599.922 599.8237 599.7173 599.315 599.238
603.2191 603.2088 603.1985 603.1884 603.1781 603.1678 603.1577 603.1474 603.1371 603.127 603.1167 603.1064 603.0963 603.086 603.0757 603.0656 603.0553 603.045 603.0349 603.0246 603.0143 603.0042 602.9939 602.9836 602.9734 602.9632 602.9529 602.9427 602.9325 602.9222 602.912 602.9018 602.898 602.7861 602.6743 602.5624 602.4506 602.3387 602.2268 602.1273 602.0287 601.9048 601.797 601.6892 601.5814 601.4802 601.3766 601.2684 601.1609 601.0514 600.9341 600.821 600.7131 600.6132 600.514 600.4164 600.313 600.21 600.1116 600.0134 599.905 599.7921 599.6791 599.487
603.2216 603.2114 603.2012 603.1909 603.1807 603.1705 603.1602 603.15 603.1398 603.1295 603.1193 603.1091 603.0988 603.0886 603.0784 603.0681 603.0579 603.0477 603.0374 603.0272 603.017 603.0067 602.9965 602.9863 602.976 602.9658 602.9556 602.9453 602.9351 602.9249 602.9146 602.9044 602.8945 602.855 602.7432 602.6313 602.5195 602.4108 602.314 602.209 602.0932 601.9854 601.8776 601.7698 601.6698 601.5663 601.458 601.3535 601.2396 601.1237 601.0116 600.9057 600.8058 600.7072 600.6089 600.5027 600.3997 600.3011 600.203 600.0927 599.9797 599.8668 599.7538 599.666
603.2242 603.214 603.2037 603.1935 603.1833 603.173 603.1628 603.1526 603.1423 603.1321 603.1219 603.1116 603.1014 603.0912 603.0809 603.0707 603.0605 603.0502 603.04 603.0298 603.0195 603.0093 602.9991 602.9888 602.9786 602.9684 602.9581 602.9479 602.9377 602.9274 602.9172 602.907 602.8967 602.888 602.8121 602.7002 602.5975 602.5007 602.3894 602.2816 602.1738 602.066 601.9583 601.8594 601.7559 601.6476 601.545 601.4277 601.3143 601.2022 601.0983 600.9985 600.9003 600.8005 600.6923 600.5893 600.4907 600.3926 600.2804 600.1674 600.0544 599.9415 599.8285 599.7155
603.2268 603.2166 603.2063 603.1961 603.1859 603.1756 603.1654 603.1552 603.1449 603.1347 603.1245 603.1142 603.104 603.0938 603.0835 603.0733 603.063 603.0528 603.0426 603.0323 603.0221 603.0119 603.0016 602.9914 602.9812 602.9709 602.9607 602.9505 602.9402 602.93 602.9198 602.9095 602.8993 602.8891 602.881 602.7842 602.6873 602.5778 602.47 602.3622 602.2545 602.1471 602.0491 601.9456 601.8378 601.7332 601.6169 601.5049 601.3928 601.291 601.1911 601.0933 600.9902 600.882 600.7789 600.6803 600.5811 600.4681 600.3551 600.2421 600.1292 600.0162 599.9035 599.7998
603.2358 603.2255 603.2153 603.2051 603.1948 603.1846 603.1744 603.1641 603.1539 603.1437 603.1334 603.1232 603.113 603.1027 603.0925 603.0823 603.072 603.0618 603.0516 603.0413 603.0311 603.0209 603.0106 603.0004 602.9902 602.9799 602.9697 602.9595 602.9492 602.939 602.9288 602.9185 602.9083 602.8981 602.8831 602.874 602.7662 602.6584 602.5507 602.4429 602.3368 602.2387 602.1352 602.0303 601.9214 601.8075 601.6954 601.5834 601.4836 601.3837 601.2858 601.1798 601.0716 600.9686 600.8699 600.7687 600.6558 600.5428 600.4298 600.3168 600.2039 600.0942 599.9896 599.8917
603.2448 603.2345 603.2242 603.2141 603.2038 603.1935 603.1833 603.1731 603.1628 603.1526 603.1424 603.1321 603.1219 603.1117 603.1014 603.0912 603.081 603.0707 603.0605 603.0503 603.04 603.0298 603.0196 603.0093 602.9991 602.9889 602.9786 602.9684 602.9582 602.9479 602.9377 602.9275 602.9172 602.9056 602.89 602.8745 602.8469 602.7391 602.6313 602.5265 602.4283 602.3248 602.2228 602.1101 601.9981 601.886 601.776 601.6762 601.5764 601.4777 601.3694 601.2612 601.1582 601.0594 600.9564 600.8434 600.7305 600.6175 600.5045 600.3926 600.2868 600.1793 600.0815 599.9836
603.2537 603.2435 603.2332 603.223 603.2128 603.2025 603.1923 603.1821 603.1718 603.1616 603.1514 603.1411 603.1309 603.1207 603.1104 603.1002 603.09 603.0797 603.0695 603.0593 603.049 603.0388 603.0286 603.0183 603.0081 602.9979 602.9876 602.9774 602.9672 602.9569 602.9467 602.9365 602.9262 602.9125 602.8969 602.8813 602.8658 602.8197 602.7162 602.618 602.5146 602.415 602.3007 602.1887 602.0766 601.9686 601.8688 601.7695 601.6673 601.5591 601.4508 601.3478 601.249 601.1441 601.0311 600.9182 600.8052 600.6925 600.5816 600.4778 600.3691 600.2712 600.1733 600.0754
603.2626 603.2524 603.2422 603.2319 603.2217 603.2115 603.2012 603.191 603.1808 603.1705 603.1603 603.1501 603.1398 603.1296 603.1194 603.1091 603.0989 603.0887 603.0785 603.0682 603.058 603.0478 603.0375 603.0273 603.0171 603.0068 602.9966 602.9864 602.9761 602.9659 602.9557 602.9454 602.9349 602.9194 602.9038 602.8882 602.8727 602.858 602.8076 602.7071 602.6033 602.4913 602.3793 602.2672 602.1613 602.0615 601.9626 601.8569 601.7487 601.6404 601.5374 601.4387 601.3318 601.2188 601.1058 600.9929 600.8816 600.7719 600.6689 600.5596 600.461 600.3631 600.2652 600.1674
603.2716 603.2614 603.2512 603.2409 603.2307 603.2205 603.2102 603.2 603.1898 603.1795 603.1693 603.1591 603.1488 603.1386 603.1284 603.1181 603.1079 603.0977 603.0874 603.0772 603.067 603.0567 603.0465 603.0363 603.0261 603.0158 603.0056 602.9954 602.9851 602.9749 602.9647 602.9544 602.9418 602.9263 602.9107 602.8951 602.8796 602.8641 602.851 602.7939 602.6819 602.5699 602.4578 602.3539 602.2541 602.1548 602.0466 601.9384 601.8301 601.7269 601.6283 601.5195 601.4065 601.2935 601.1816 601.0707 600.9645 600.86 600.7507 600.6508 600.5529 600.455 600.3571 600.2592
603.2806 603.2704 603.2601 603.2499 603.2397 603.2294 603.2192 603.209 603.1987 603.1885 603.1783 603.168 603.1578 603.1476 603.1373 603.1271 603.1169 603.1066 603.0964 603.0862 603.0759 603.0657 603.0555 603.0452 603.035 603.0248 603.0145 603.0043 602.9941 602.9838 602.9736 602.9643 602.9487 602.9332 602.9176 602.9021 602.8865 602.871 602.8554 602.846 602.7604 602.6484 602.5465 602.4467 602.3445 602.2362 602.128 602.0197 601.9165 601.8179 601.7072 601.5942 601.4815 601.3706 601.2597 601.1571 601.051 600.9418 600.8405 600.7426 600.6447 600.5469 600.449 600.3511
