samples/sfe_221/sfe_221_r2/sfe_221_r2/sfe_221_r2.asc
ncols         392
nrows         245
xllcorner     90
yllcorner     51
cellsize      0.4
NODATA_value  -9999
[rows 112 to 139 of 245, columns 256 to 319 of 392]
602.4916 602.4814 602.4711 602.4609 602.4507 602.4404 602.4302 602.42 602.4097 602.3995 602.3893 602.379 602.3688 602.3586 602.3483 602.3381 602.3279 602.3176 602.3074 602.2972 602.2869 602.2767 602.2665 602.2562 602.246 602.2358 602.2255 602.2153 602.2051 602.1948 602.1846 602.1744 602.1641 602.1539 602.1437 602.1334 602.1232 602.113 602.1027 602.0925 602.0823 602.072 602.0618 602.0516 602.0413 602.0311 602.0209 602.0107 602.0004 601.9902 601.98 601.9697 601.9595 601.9493 601.939 601.9288 601.9186 601.9083 601.8977 601.8872 601.8767 601.8661 601.8557 601.8452
602.4944 602.4841 602.4739 602.4637 602.4534 602.4432 602.433 602.4227 602.4125 602.4023 602.392 602.3818 602.3716 602.3613 602.3511 602.3409 602.3306 602.3204 602.3102 602.3 602.2897 602.2795 602.2693 602.259 602.2488 602.2386 602.2283 602.2181 602.2079 602.1976 602.1874 602.1772 602.1669 602.1567 602.1465 602.1362 602.126 602.1157 602.1052 602.0947 602.0842 602.0737 602.0632 602.0526 602.0421 602.0316 602.0211 602.0106 602.0001 601.9896 601.979 601.9685 601.958 601.9475 601.937 601.9265 601.916 601.9054 601.8949 601.8844 601.8739 601.8633 601.8528 601.8423
602.4972 602.4869 602.4767 602.4665 602.4562 602.446 602.4358 602.4255 602.4153 602.4051 602.3948 602.3846 602.3744 602.3641 602.3539 602.3437 602.3334 602.3232 602.3127 602.3022 602.2917 602.2812 602.2706 602.2601 602.2496 602.2391 602.2286 602.2181 602.2076 602.197 602.1865 602.176 602.1655 602.155 602.1445 602.134 602.1234 602.1129 602.1024 602.0919 602.0814 602.0709 602.0604 602.0498 602.0393 602.0288 602.0183 602.0078 601.9973 601.9868 601.9762 601.9657 601.9552 601.9447 601.9341 601.9236 601.9131 601.9026 601.8921 601.8816 601.8711 601.8605 601.85 601.8395
602.4992 602.4886 602.4781 602.4677 602.4571 602.4466 602.4361 602.4256 602.415 602.4045 602.394 602.3835 602.373 602.3625 602.352 602.3414 602.3309 602.3204 602.3099 602.2994 602.2889 602.2784 602.2678 602.2573 602.2468 602.2363 602.2258 602.2153 602.2048 602.1942 602.1837 602.1732 602.1627 602.1522 602.1417 602.1312 602.1206 602.1101 602.0996 602.0891 602.0786 602.0681 602.0576 602.047 602.0365 602.026 602.0155 602.0049 601.9944 601.9839 601.9734 601.9629 601.9524 601.9419 601.9313 601.9208 601.9103 601.8998 601.8893 601.8788 601.8683 601.8577 601.8472 601.8367
602.4964 602.4858 602.4753 602.4648 602.4543 602.4438 602.4333 602.4228 602.4122 602.4017 602.3912 602.3807 602.3702 602.3597 602.3492 602.3386 602.3281 602.3176 602.3071 602.2966 602.2861 602.2756 602.265 602.2545 602.244 602.2335 602.223 602.2125 602.202 602.1914 602.1809 602.1704 602.1599 602.1494 602.1389 602.1284 602.1178 602.1073 602.0968 602.0863 602.0757 602.0652 602.0547 602.0442 602.0337 602.0232 602.0127 602.0021 601.9916 601.9811 601.9706 601.9601 601.9496 601.9391 601.9285 601.918 601.9075 601.897 601.8865 601.876 601.8655 601.8549 601.8444 601.8339
602.4938 602.4833 602.4728 602.4622 602.4517 602.4412 602.4307 602.4202 602.4097 602.3992 602.3886 602.3781 602.3676 602.3571 602.3466 602.3361 602.3256 602.315 602.3045 602.294 602.2835 602.2729 602.2625 602.252 602.2414 602.2309 602.2204 602.2099 602.1993 602.1888 602.1783 602.1678 602.1573 602.1468 602.1363 602.1257 602.1152 602.1047 602.0942 602.0837 602.0732 602.0627 602.0521 602.0416 602.0311 602.0206 602.0101 601.9996 601.9891 601.9785 601.968 601.9575 601.947 601.9365 601.926 601.9155 601.9049 601.8944 601.8839 601.8734 601.8629 601.8524 601.8419 601.8313
602.4925 602.4815 602.4706 602.4597 602.4492 602.4386 602.4281 602.4176 602.4071 602.3965 602.386 602.3755 602.365 602.3545 602.344 602.3335 602.3229 602.3124 602.3019 602.2914 602.2809 602.2704 602.2599 602.2493 602.2388 602.2283 602.2178 602.2073 602.1968 602.1863 602.1757 602.1652 602.1547 602.1442 602.1337 602.1232 602.1127 602.1021 602.0916 602.0811 602.0706 602.0601 602.0496 602.0391 602.0285 602.018 602.0075 601.9969 601.9865 601.976 601.9655 601.9549 601.9444 601.9339 601.9233 601.9128 601.9023 601.8918 601.8813 601.8708 601.8603 601.8497 601.8392 601.8287
602.4954 602.4845 602.4735 602.4626 602.4517 602.4407 602.4297 602.4188 602.4078 602.3969 602.3859 602.375 602.364 602.3531 602.3421 602.3312 602.3204 602.3099 602.2993 602.2888 602.2783 602.2678 602.2573 602.2468 602.2363 602.2257 602.2152 602.2047 602.1942 602.1837 602.1732 602.1627 602.1521 602.1416 602.1311 602.1205 602.11 602.0995 602.0891 602.0785 602.068 602.0575 602.047 602.0364 602.0259 602.0154 602.0049 601.9944 601.9839 601.9734 601.9628 601.9523 601.9418 601.9313 601.9208 601.9103 601.8998 601.8892 601.8787 601.8682 601.8577 601.8472 601.8367 601.8262
602.4984 602.4874 602.4765 602.4655 602.4546 602.4437 602.4327 602.4218 602.4108 602.3998 602.3889 602.3779 602.367 602.356 602.3451 602.3341 602.3232 602.3122 602.3013 602.2903 602.2794 602.2684 602.2574 602.2465 602.2355 602.2246 602.2137 602.2027 602.1918 602.1811 602.1706 602.16 602.1495 602.139 602.1285 602.118 602.1075 602.097 602.0864 602.0759 602.0654 602.0549 602.0444 602.0339 602.0234 602.0128 602.0023 601.9918 601.9813 601.9708 601.9603 601.9498 601.9392 601.9287 601.9182 601.9077 601.8972 601.8867 601.8762 601.8656 601.8551 601.8446 601.834 601.8235
602.5013 602.4904 602.4794 602.4685 602.4576 602.4466 602.4357 602.4247 602.4138 602.4028 602.3918 602.3809 602.3699 602.359 602.348 602.3371 602.3261 602.3152 602.3043 602.2933 602.2823 602.2714 602.2604 602.2495 602.2385 602.2275 602.2166 602.2057 602.1947 602.1838 602.1728 602.1619 602.1509 602.14 602.129 602.118 602.1071 602.0961 602.0852 602.0742 602.0633 602.0524 602.0418 602.0313 602.0208 602.0103 601.9998 601.9892 601.9787 601.9682 601.9576 601.9471 601.9366 601.9261 601.9156 601.9051 601.8946 601.884 601.8735 601.863 601.8525 601.842 601.8315 601.821
602.5043 602.4933 602.4824 602.4715 602.4605 602.4496 602.4386 602.4277 602.4167 602.4058 602.3948 602.3839 602.3729 602.3619 602.351 602.34 602.3291 602.3181 602.3072 602.2963 602.2853 602.2744 602.2634 602.2524 602.2415 602.2305 602.2196 602.2086 602.1977 602.1867 602.1758 602.1648 602.1539 602.1429 602.132 602.121 602.11 602.0991 602.0881 602.0772 602.0662 602.0553 602.0444 602.0334 602.0225 602.0115 602.0005 601.9896 601.9786 601.9677 601.9567 601.9458 601.9348 601.9239 601.913 601.9025 601.892 601.8815 601.871 601.8605 601.8499 601.8394 601.8289 601.8184
602.5073 602.4963 602.4854 602.4744 602.4635 602.4525 602.4416 602.4306 602.4197 602.4087 602.3978 602.3868 602.3759 602.3649 602.3539 602.343 602.332 602.3211 602.3102 602.2992 602.2883 602.2773 602.2664 602.2554 602.2444 602.2335 602.2225 602.2116 602.2006 602.1897 602.1787 602.1678 602.1568 602.1459 602.1349 602.124 602.113 602.1021 602.0911 602.0801 602.0692 602.0583 602.0473 602.0364 602.0254 602.0145 602.0035 601.9926 601.9816 601.9706 601.9597 601.9487 601.9378 601.9268 601.9159 601.9049 601.894 601.8831 601.8721 601.8611 601.8502 601.8392 601.8282 601.8173
602.5098 602.4987 602.4877 602.4766 602.4656 602.4545 602.4435 602.4324 602.4214 602.4103 602.3993 602.3882 602.3771 602.3661 602.355 602.344 602.3329 602.3219 602.3109 602.2998 602.2888 602.2777 602.2667 602.2556 602.2446 602.2335 602.2225 602.2114 602.2004 602.1893 602.1783 602.1672 602.1562 602.1451 602.1341 602.123 602.112 602.101 602.0899 602.0788 602.0677 602.0567 602.0457 602.0346 602.0236 602.0125 602.0015 601.9904 601.9794 601.9683 601.9573 601.9462 601.9352 601.9241 601.9131 601.902 601.891 601.8799 601.8689 601.8578 601.8468 601.8358 601.8247 601.8137
602.5121 602.501 602.4898 602.4786 602.4675 602.4563 602.4451 602.434 602.4228 602.4116 602.4005 602.3893 602.3782 602.367 602.3558 602.3447 602.3335 602.3223 602.3112 602.3 602.2888 602.2776 602.2665 602.2553 602.2441 602.233 602.2219 602.2107 602.1995 602.1884 602.1772 602.166 602.1548 602.1437 602.1325 602.1213 602.1102 602.099 602.0878 602.0767 602.0656 602.0544 602.0432 602.032 602.0209 602.0097 601.9985 601.9874 601.9762 601.965 601.9539 601.9427 601.9316 601.9204 601.9092 601.8981 601.8869 601.8757 601.8646 601.8534 601.8422 601.8311 601.8199 601.8087
602.5148 602.5035 602.4922 602.481 602.4697 602.4584 602.4472 602.4359 602.4246 602.4134 602.4021 602.3908 602.3795 602.3683 602.357 602.3457 602.3345 602.3232 602.3119 602.3007 602.2894 602.2781 602.2668 602.2556 602.2443 602.233 602.2217 602.2104 602.1992 602.1879 602.1766 602.1653 602.1541 602.1428 602.1315 602.1203 602.109 602.0977 602.0865 602.0752 602.0639 602.0526 602.0414 602.0301 602.0188 602.0076 601.9963 601.985 601.9738 601.9625 601.9512 601.9399 601.9286 601.9174 601.9061 601.8948 601.8835 601.8723 601.861 601.8497 601.8384 601.8272 601.8159 601.8046
602.5176 602.5063 602.4949 602.4835 602.4721 602.4607 602.4493 602.4379 602.4266 602.4152 602.4038 602.3924 602.381 602.3696 602.3583 602.3469 602.3354 602.3241 602.3127 602.3013 602.2899 602.2786 602.2672 602.2558 602.2444 602.233 602.2216 602.2102 602.1989 602.1874 602.1761 602.1647 602.1533 602.1419 602.1306 602.1191 602.1077 602.0964 602.085 602.0736 602.0622 602.0508 602.0394 602.0281 602.0167 602.0053 601.9939 601.9825 601.9711 601.9597 601.9484 601.937 601.9256 601.9142 601.9028 601.8914 601.8801 601.8687 601.8572 601.8459 601.8345 601.8231 601.8117 601.806
602.5194 602.508 602.4966 602.4852 602.4737 602.4623 602.4509 602.4395 602.428 602.4166 602.4052 602.3938 602.3823 602.3709 602.3595 602.3481 602.3367 602.3253 602.3138 602.3024 602.291 602.2795 602.2681 602.2567 602.2453 602.2339 602.2225 602.2111 602.1996 602.1882 602.1768 602.1653 602.1539 602.1425 602.1311 602.1197 602.1083 602.0968 602.0854 602.074 602.0626 602.0511 602.0397 602.0283 602.0169 602.0054 601.994 601.9826 601.9712 601.9598 601.9484 601.937 601.9255 601.9141 601.9026 601.8912 601.8798 601.8684 601.857 601.8456 601.8342 601.8228 601.813 601.6862
602.5216 602.5102 602.4988 602.4873 602.4759 602.4645 602.4531 602.4417 602.4302 602.4188 602.4074 602.396 602.3845 602.3731 602.3617 602.3503 602.3389 602.3275 602.316 602.3046 602.2932 602.2817 602.2703 602.2589 602.2475 602.2361 602.2247 602.2133 602.2018 602.1904 602.179 602.1675 602.1561 602.1447 602.1333 602.1219 602.1105 602.099 602.0876 602.0762 602.0648 602.0533 602.0419 602.0305 602.0191 602.0076 601.9962 601.9848 601.9734 601.9621 601.9509 601.9391 601.9272 601.9152 601.9033 601.8914 601.8795 601.8676 601.8557 601.8437 601.8318 601.822 601.7247 601.5664
602.5238 602.5124 602.501 602.4895 602.4781 602.4667 602.4553 602.4438 602.4324 602.421 602.4096 602.3981 602.3867 602.3753 602.3639 602.3525 602.3411 602.3297 602.3182 602.3068 602.2953 602.2839 602.2725 602.2611 602.2497 602.2383 602.2269 602.2155 602.204 602.1926 602.1812 602.1697 602.1583 602.1469 602.1355 602.1241 602.1128 602.1015 602.0903 602.079 602.0671 602.0552 602.0433 602.0314 602.0194 602.0075 601.9956 601.9836 601.9717 601.9598 601.9479 601.936 601.9241 601.9121 601.9002 601.8883 601.8763 601.8644 601.8525 601.8406 601.829 601.752 601.6049 601.4466
602.526 602.5146 602.5031 602.4917 602.4803 602.4689 602.4575 602.446 602.4346 602.4232 602.4118 602.4003 602.3889 602.3775 602.3661 602.3547 602.3433 602.3318 602.3204 602.309 602.2975 602.2862 602.2749 602.2635 602.2522 602.241 602.2298 602.2186 602.207 602.1951 602.1832 602.1713 602.1594 602.1475 602.1355 602.1236 602.1117 602.0997 602.0878 602.0759 602.064 602.0521 602.0402 602.0283 602.0163 602.0044 601.9925 601.9805 601.9686 601.9567 601.9448 601.9329 601.921 601.909 601.8971 601.8852 601.8732 601.8613 601.8494 601.8375 601.759 601.6099 601.4791 601.3268
602.5282 602.5168 602.5053 602.4939 602.4825 602.4711 602.4597 602.4483 602.437 602.4256 602.4142 602.4029 602.3916 602.3804 602.3693 602.3581 602.3469 602.3351 602.3232 602.3112 602.2993 602.2874 602.2755 602.2635 602.2516 602.2397 602.2278 602.2159 602.2039 602.192 602.1801 602.1682 602.1563 602.1443 602.1324 602.1205 602.1086 602.0967 602.0847 602.0728 602.0609 602.049 602.037 602.0251 602.0132 602.0013 601.9894 601.9774 601.9655 601.9536 601.9417 601.9297 601.9178 601.9059 601.894 601.8821 601.8702 601.8582 601.8463 601.7624 601.6061 601.467 601.3179 601.207
602.5311 602.5199 602.5087 602.4975 602.4863 602.475 602.4631 602.4512 602.4393 602.4274 602.4154 602.4035 602.3916 602.3796 602.3677 602.3558 602.3439 602.332 602.3201 602.3081 602.2962 602.2843 602.2723 602.2604 602.2485 602.2366 602.2247 602.2128 602.2008 602.1889 602.177 602.1651 602.1531 602.1412 602.1293 602.1174 602.1055 602.0936 602.0816 602.0697 602.0578 602.0458 602.0339 602.022 602.0101 601.9982 601.9863 601.9743 601.9624 601.9505 601.9385 601.9266 601.9147 601.9028 601.8909 601.879 601.8671 601.8551 601.7644 601.613 601.4561 601.325 601.1755 601.038
602.5315 602.5196 602.5077 602.4957 602.4838 602.4719 602.46 602.4481 602.4362 602.4243 602.4123 602.4004 602.3885 602.3765 602.3646 602.3527 602.3408 602.3289 602.317 602.305 602.2931 602.2812 602.2692 602.2573 602.2454 602.2335 602.2216 602.2097 602.1978 602.1858 602.1739 602.162 602.15 602.1381 602.1262 602.1143 602.1024 602.0905 602.0785 602.0666 602.0547 602.0427 602.0308 602.0189 602.007 601.9951 601.9832 601.9713 601.9593 601.9474 601.9355 601.9235 601.9116 601.8997 601.8878 601.8759 601.864 601.7733 601.6049 601.4537 601.3069 601.1502 601.033 600.8837
602.5355 602.5234 602.5114 602.4993 602.4872 602.4752 602.4631 602.451 602.4389 602.4268 602.4147 602.4026 602.3906 602.3785 602.3664 602.3543 602.3422 602.3301 602.3181 602.306 602.2939 602.2818 602.2697 602.2576 602.2455 602.2335 602.2214 602.2094 602.1973 602.1852 602.1731 602.161 602.1489 602.1368 602.1248 602.1127 602.1006 602.0885 602.0764 602.0643 602.0522 602.0402 602.0281 602.016 602.0039 601.9918 601.9798 601.9677 601.9556 601.9435 601.9315 601.9194 601.9073 601.8952 601.8831 601.871 601.7782 601.6118 601.4427 601.2729 601.157 601.0005 600.8608 600.7411
602.5358 602.5226 602.5096 602.4966 602.4837 602.4707 602.4581 602.446 602.434 602.4219 602.4099 602.3978 602.3857 602.3736 602.3615 602.3494 602.3373 602.3253 602.3132 602.3011 602.289 602.2769 602.2648 602.2527 602.2407 602.2286 602.2165 602.2044 602.1924 602.1803 602.1682 602.1561 602.144 602.132 602.1199 602.1078 602.0957 602.0836 602.0715 602.0594 602.0474 602.0353 602.0232 602.0111 601.999 601.9869 601.9749 601.9628 601.9507 601.9387 601.9266 601.9145 601.9024 601.8903 601.8782 601.7827 601.605 601.4388 601.2814 601.1125 600.9583 600.851 600.6943 600.591
602.5422 602.5291 602.5161 602.503 602.4899 602.4768 602.4637 602.4506 602.4376 602.4245 602.4113 602.3982 602.385 602.3719 602.3589 602.3459 602.3329 602.3204 602.3083 602.2962 602.2841 602.272 602.2599 602.2479 602.2358 602.2237 602.2116 602.1995 602.1874 602.1754 602.1633 602.1512 602.1392 602.1271 602.115 602.1029 602.0908 602.0787 602.0667 602.0546 602.0425 602.0304 602.0183 602.0062 601.9941 601.9821 601.97 601.9579 601.9458 601.9337 601.9216 601.9095 601.8975 601.8854 601.7927 601.6129 601.4337 601.2716 601.118 600.9507 600.7815 600.6732 600.545 600.3918
602.5483 602.5352 602.5222 602.5091 602.496 602.4829 602.4698 602.4567 602.4437 602.4306 602.4175 602.4044 602.3914 602.3782 602.3652 602.3521 602.3391 602.3259 602.3129 602.2998 602.2867 602.2736 602.2606 602.2474 602.2343 602.2211 602.2081 602.1951 602.1826 602.1705 602.1584 602.1463 602.1342 602.1221 602.1101 602.098 602.0859 602.0739 602.0618 602.0497 602.0376 602.0255 602.0134 602.0013 601.9893 601.9772 601.9651 601.953 601.9409 601.9288 601.9167 601.9047 601.8925 601.7998 601.6216 601.4435 601.2635 601.085 600.9338 600.789 600.6202 600.463 600.3788 600.2387
602.5544 602.5413 602.5283 602.5152 602.5021 602.489 602.476 602.4628 602.4498 602.4367 602.4236 602.4105 602.3975 602.3843 602.3713 602.3582 602.3452 602.332 602.319 602.3059 602.2928 602.2797 602.2667 602.2535 602.2405 602.2274 602.2143 602.2012 602.1882 602.175 602.162 602.1489 602.1359 602.1227 602.1097 602.0966 602.0835 602.0704 602.0573 602.0448 602.0327 602.0206 602.0085 601.9965 601.9844 601.9723 601.9602 601.9481 601.936 601.924 601.9119 601.901 601.8102 601.6309 601.451 601.2724 601.0942 600.9142 600.7363 600.5945 600.4587 600.29 600.1779 600.0844
