samples/sfe_221/sfe_221_r2/sfe_221_r2/sfe_221_r2.asc
ncols         392
nrows         245
xllcorner     90
yllcorner     51
cellsize      0.4
NODATA_value  -9999
[rows 28 to 55 of 245, columns 0 to 63 of 392]
-9999 -9999 -9999 -9999 -9999 -9999 -9999 -9999 -9999 -9999 -9999 -9999 -9999 -9999 -9999 -9999 -9999 -9999 604.7015 604.675 604.6512 604.6257 604.6012 604.576 604.5531 604.5305 604.5089 604.486 604.4644 604.4418 604.4205 604.3976 604.3765 604.3538 604.331 604.3161 604.309 604.2928 604.2729 604.2532 604.2357 604.229 604.222 604.2091 604.1884 604.1677 604.147 604.1346 604.1277 604.1182 604.0965 604.0748 604.0532 604.0455 604.0385 604.0258 604.0076 603.9864 603.9652 603.944 603.9282 603.9214 603.9053 603.8925
-9999 -9999 -9999 -9999 -9999 -9999 -9999 -9999 -9999 -9999 -9999 -9999 -9999 -9999 -9999 -9999 -9999 -9999 604.6849 604.6602 604.6349 604.6095 604.5851 604.5598 604.5371 604.5144 604.4929 604.4699 604.4485 604.4257 604.4046 604.3815 604.3602 604.3378 604.3149 604.2946 604.2877 604.275 604.2552 604.2355 604.2157 604.2059 604.1991 604.1899 604.1693 604.1486 604.1278 604.1097 604.1027 604.0959 604.0756 604.054 604.0323 604.0189 604.012 604.0013 603.9841 603.963 603.9417 603.9205 603.8994 603.8925 603.8792 603.8653
-9999 -9999 -9999 -9999 -9999 -9999 -9999 -9999 -9999 -9999 -9999 -9999 -9999 -9999 -9999 -9999 -9999 604.699 604.6683 604.6441 604.6187 604.5934 604.5689 604.5435 604.5211 604.4984 604.4768 604.4538 604.4326 604.4098 604.3885 604.3657 604.3437 604.322 604.299 604.2775 604.2664 604.2573 604.2375 604.2177 604.1979 604.1829 604.176 604.1692 604.1501 604.1294 604.1086 604.088 604.0778 604.0709 604.0547 604.0331 604.0115 603.9923 603.9854 603.9767 603.9607 603.9395 603.9183 603.8971 603.8759 603.8634 603.853 603.8379
-9999 -9999 -9999 -9999 -9999 -9999 -9999 -9999 -9999 -9999 -9999 -9999 -9999 -9999 -9999 -9999 -9999 604.6801 604.6517 604.6279 604.6024 604.5772 604.5527 604.5273 604.5051 604.4823 604.4608 604.4379 604.4166 604.394 604.3727 604.3499 604.3273 604.3062 604.2833 604.2606 604.2449 604.2379 604.2198 604.2 604.1802 604.1605 604.153 604.146 604.1309 604.1102 604.0895 604.0688 604.0529 604.046 604.0339 604.0123 603.9906 603.9689 603.9589 603.9519 603.9373 603.916 603.8948 603.8736 603.8524 603.8344 603.8269 603.8084
-9999 -9999 -9999 -9999 -9999 -9999 -9999 -9999 -9999 -9999 -9999 -9999 -9999 -9999 -9999 -9999 -9999 604.662 604.6351 604.6116 604.5861 604.5611 604.5365 604.5111 604.4891 604.4662 604.4446 604.4219 604.4005 604.3779 604.3569 604.3338 604.3112 604.2902 604.2675 604.2444 604.2239 604.2165 604.2021 604.1823 604.1625 604.1427 604.13 604.123 604.1118 604.0911 604.0704 604.0496 604.0289 604.021 604.0131 603.9914 603.9697 603.9481 603.9322 603.9252 603.9114 603.8926 603.8714 603.8502 603.829 603.8077 603.7985 603.7807
-9999 -9999 -9999 -9999 -9999 -9999 -9999 -9999 -9999 -9999 -9999 -9999 -9999 -9999 -9999 -9999 -9999 604.6454 604.6187 604.5953 604.5699 604.545 604.5203 604.4949 604.473 604.4501 604.4286 604.406 604.3846 604.3619 604.34 604.3179 604.295 604.2737 604.2514 604.2286 604.207 604.1951 604.1843 604.1646 604.1448 604.125 604.1067 604.1 604.0927 604.0719 604.0512 604.0305 604.0098 603.9961 603.9893 603.9705 603.9489 603.9272 603.9056 603.8986 603.887 603.8691 603.848 603.8267 603.8055 603.7843 603.7695 603.7546
-9999 -9999 -9999 -9999 -9999 -9999 -9999 -9999 -9999 -9999 -9999 -9999 -9999 -9999 -9999 -9999 -9999 604.6288 604.6038 604.579 604.5536 604.5288 604.5041 604.4787 604.457 604.4341 604.4125 604.39 604.3687 604.3458 604.3231 604.3022 604.279 604.2573 604.2358 604.2128 604.1902 604.1736 604.1666 604.1469 604.1271 604.1072 604.0875 604.0769 604.07 604.0528 604.032 604.0114 603.9906 603.9713 603.9643 603.9496 603.928 603.9064 603.8847 603.8721 603.8625 603.8457 603.8245 603.8033 603.782 603.7609 603.7404 603.7285
-9999 -9999 -9999 -9999 -9999 -9999 -9999 -9999 -9999 -9999 -9999 -9999 -9999 -9999 -9999 -9999 604.6412 604.6122 604.5883 604.5628 604.5374 604.5127 604.4879 604.4625 604.441 604.418 604.3965 604.3738 604.3528 604.3297 604.3071 604.2861 604.2632 604.2408 604.2199 604.1971 604.174 604.1534 604.1452 604.1291 604.1093 604.0895 604.0698 604.0538 604.0469 604.0336 604.0129 603.9922 603.9715 603.9507 603.9393 603.9288 603.9072 603.8855 603.8638 603.8455 603.838 603.8223 603.801 603.7798 603.7586 603.7374 603.7162 603.7024
-9999 -9999 -9999 -9999 -9999 -9999 -9999 -9999 -9999 -9999 -9999 -9999 -9999 -9999 -9999 -9999 604.6225 604.5956 604.572 604.5466 604.5211 604.4965 604.4716 604.4463 604.425 604.4019 604.3806 604.3578 604.3363 604.3137 604.291 604.2701 604.2474 604.2247 604.2038 604.1811 604.1581 604.1366 604.1238 604.1114 604.0916 604.0718 604.052 604.0322 604.0239 604.0145 603.9938 603.973 603.9523 603.9316 603.9145 603.9075 603.8863 603.8646 603.843 603.8214 603.812 603.7972 603.7776 603.7563 603.7352 603.7139 603.6927 603.6755
-9999 -9999 -9999 -9999 -9999 -9999 -9999 -9999 -9999 -9999 -9999 -9999 -9999 -9999 -9999 -9999 604.6059 604.579 604.5557 604.5303 604.5049 604.4804 604.4554 604.4301 604.4089 604.3859 604.3646 604.3417 604.3197 604.2978 604.2751 604.2543 604.2313 604.2086 604.1873 604.1652 604.1423 604.1198 604.1024 604.0936 604.0739 604.0541 604.0343 604.0145 604.0007 603.994 603.9746 603.9539 603.9332 603.9125 603.8917 603.8827 603.8654 603.8438 603.8221 603.8005 603.7854 603.7727 603.7542 603.7329 603.7117 603.6905 603.6693 603.6481
-9999 -9999 -9999 -9999 -9999 -9999 -9999 -9999 -9999 -9999 -9999 -9999 -9999 -9999 -9999 -9999 604.5893 604.5624 604.5395 604.514 604.4887 604.4643 604.4392 604.4139 604.3928 604.3698 604.3486 604.3257 604.3031 604.2819 604.2593 604.2384 604.2155 604.1924 604.1708 604.1496 604.1266 604.1035 604.083 604.0739 604.0562 604.0364 604.0166 603.9968 603.9777 603.9708 603.9554 603.9348 603.914 603.8933 603.8726 603.8577 603.8445 603.8229 603.8013 603.7796 603.7588 603.7482 603.7307 603.7095 603.6882 603.6671 603.6458 603.6246
-9999 -9999 -9999 -9999 -9999 -9999 -9999 -9999 -9999 -9999 -9999 -9999 -9999 -9999 -9999 604.6024 604.5727 604.5474 604.5233 604.4978 604.4726 604.4481 604.423 604.3978 604.3768 604.3537 604.3326 604.3098 604.2869 604.2659 604.2433 604.2215 604.1996 604.1766 604.1544 604.1335 604.1108 604.0877 604.0662 604.0524 604.0384 604.0186 603.9988 603.9791 603.9593 603.9478 603.9363 603.9156 603.8949 603.8741 603.8535 603.8328 603.8237 603.8021 603.7804 603.7587 603.7371 603.7237 603.7072 603.686 603.6648 603.6436 603.6224 603.618
-9999 -9999 -9999 -9999 -9999 -9999 -9999 -9999 -9999 -9999 -9999 -9999 -9999 -9999 -9999 604.5834 604.5561 604.5324 604.507 604.4815 604.4564 604.432 604.4068 604.3817 604.3607 604.3376 604.3166 604.2938 604.2708 604.2499 604.2272 604.2046 604.1837 604.1608 604.1382 604.1174 604.0947 604.0718 604.0493 604.0311 604.0207 604.0009 603.9811 603.9614 603.9415 603.9247 603.9172 603.8964 603.8757 603.855 603.8343 603.8135 603.801 603.7812 603.7595 603.7379 603.7162 603.6987 603.6829 603.6626 603.6414 603.6265 603.5916 603.4926
-9999 -9999 -9999 -9999 -9999 -9999 -9999 -9999 -9999 -9999 -9999 -9999 -9999 -9999 -9999 604.5664 604.5394 604.5162 604.4907 604.4653 604.4403 604.4158 604.3906 604.3655 604.3446 604.3215 604.3006 604.2778 604.2546 604.2338 604.2111 604.1884 604.1676 604.1448 604.1221 604.1009 604.079 604.0561 604.0331 604.0126 604.0026 603.9832 603.9634 603.9436 603.9238 603.9041 603.8947 603.8773 603.8566 603.8359 603.8151 603.7944 603.7761 603.7603 603.7386 603.717 603.6954 603.6737 603.6584 603.6391 603.631 603.5582 603.4662 603.3671
-9999 -9999 -9999 -9999 -9999 -9999 -9999 -9999 -9999 -9999 -9999 -9999 -9999 -9999 -9999 604.5497 604.5228 604.4999 604.4744 604.449 604.4241 604.3997 604.3744 604.3494 604.3285 604.3054 604.2845 604.2618 604.2385 604.2178 604.1951 604.1722 604.1517 604.1288 604.106 604.0844 604.0633 604.0405 604.0172 603.9957 603.9811 603.9655 603.9457 603.9259 603.9061 603.8863 603.8716 603.8582 603.8374 603.8167 603.796 603.7753 603.7545 603.7394 603.7178 603.6962 603.6745 603.6528 603.642 603.5955 603.5065 603.4185 603.3456 603.2417
-9999 -9999 -9999 -9999 -9999 -9999 -9999 -9999 -9999 -9999 -9999 -9999 -9999 -9999 604.5635 604.5331 604.5062 604.4836 604.4582 604.4327 604.408 604.3835 604.3582 604.3333 604.3124 604.2894 604.2682 604.2458 604.2226 604.202 604.179 604.1563 604.136 604.1129 604.0899 604.0679 604.0472 604.0244 604.0014 603.9789 603.9598 603.9478 603.9279 603.9081 603.8884 603.8686 603.8488 603.839 603.8182 603.7975 603.7769 603.7561 603.7354 603.7186 603.6969 603.6753 603.6536 603.649 603.56 603.4711 603.3821 603.2931 603.206 603.1219
-9999 -9999 -9999 -9999 -9999 -9999 -9999 -9999 -9999 -9999 -9999 -9999 -9999 -9999 604.5446 604.5165 604.491 604.4674 604.442 604.4165 604.3919 604.3673 604.3419 604.3171 604.2963 604.2733 604.252 604.2297 604.2067 604.1861 604.1629 604.1404 604.1199 604.0972 604.0742 604.0517 604.0309 604.0084 603.9856 603.9626 603.9422 603.93 603.9102 603.8904 603.8707 603.8509 603.8311 603.8187 603.7991 603.7784 603.7577 603.7369 603.7162 603.6955 603.6761 603.6575 603.6246 603.5316 603.4355 603.3466 603.2576 603.1686 603.0797 602.9935
-9999 -9999 -9999 -9999 -9999 -9999 -9999 -9999 -9999 -9999 -9999 -9999 -9999 -9999 604.5269 604.4999 604.4762 604.4511 604.4257 604.4003 604.3757 604.3511 604.3257 604.301 604.2803 604.2572 604.2357 604.2137 604.1907 604.1702 604.147 604.1246 604.103 604.0812 604.0584 604.0356 604.0145 603.9928 603.97 603.9468 603.9254 603.9099 603.8925 603.8727 603.8529 603.8331 603.8134 603.7956 603.78 603.7592 603.7385 603.7178 603.6971 603.6764 603.662 603.6015 603.5073 603.4142 603.3212 603.2221 603.1332 603.0442 602.9552 602.8589
-9999 -9999 -9999 -9999 -9999 -9999 -9999 -9999 -9999 -9999 -9999 -9999 -9999 -9999 604.5103 604.4833 604.4603 604.4349 604.4094 604.384 604.3596 604.3349 604.3095 604.2849 604.2642 604.2411 604.2194 604.1976 604.1747 604.1537 604.1312 604.1086 604.0861 604.0652 604.0424 604.0195 603.998 603.9769 603.954 603.9309 603.9085 603.8886 603.8748 603.855 603.8352 603.8154 603.7957 603.7758 603.7608 603.7401 603.7194 603.6987 603.6779 603.669 603.5778 603.4865 603.3952 603.2969 603.2039 603.1108 603.0087 602.9197 602.8307 602.7418
-9999 -9999 -9999 -9999 -9999 -9999 -9999 -9999 -9999 -9999 -9999 -9999 -9999 604.5247 604.4937 604.4667 604.444 604.4186 604.3932 604.3679 604.3435 604.3187 604.2933 604.2688 604.2481 604.225 604.2031 604.1816 604.1588 604.1371 604.1153 604.0925 604.0697 604.0491 604.0263 604.0034 603.9815 603.9609 603.9379 603.9151 603.8922 603.8718 603.8571 603.8373 603.8174 603.7977 603.7779 603.7581 603.7416 603.7209 603.7002 603.6795 603.6462 603.5559 603.4627 603.3715 603.2802 603.1873 603.0865 602.9935 602.9004 602.7953 602.7063 602.6173
-9999 -9999 -9999 -9999 -9999 -9999 -9999 -9999 -9999 -9999 -9999 -9999 -9999 604.5057 604.477 604.4501 604.4278 604.4023 604.3769 604.3518 604.3273 604.3025 604.2771 604.2526 604.232 604.2089 604.1869 604.1655 604.1427 604.1205 604.0992 604.0765 604.0536 604.0334 604.0104 603.9875 603.9652 603.9446 603.9222 603.8995 603.8763 603.8549 603.8386 603.8195 603.7997 603.78 603.7602 603.7404 603.7206 603.7018 603.6845 603.6306 603.5331 603.4428 603.3525 603.2564 603.1652 603.0739 602.9769 602.8761 602.783 602.6889 602.5818 602.4929
-9999 -9999 -9999 -9999 -9999 -9999 -9999 -9999 -9999 -9999 -9999 -9999 -9999 604.4873 604.4604 604.4347 604.4116 604.3861 604.3607 604.3356 604.3112 604.2863 604.2609 604.2365 604.2159 604.1929 604.1706 604.1494 604.1266 604.1039 604.0832 604.0604 604.0375 604.0176 603.9946 603.9717 603.9491 603.9281 603.9066 603.8837 603.8605 603.8381 603.8182 603.8018 603.782 603.7622 603.7424 603.7227 603.7029 603.69 603.6309 603.5324 603.4272 603.3297 603.2394 603.149 603.0501 602.9589 602.8676 602.7665 602.6656 602.5726 602.4747 602.3684
-9999 -9999 -9999 -9999 -9999 -9999 -9999 -9999 -9999 -9999 -9999 -9999 -9999 604.4707 604.4438 604.4199 604.3953 604.3699 604.3444 604.3195 604.295 604.27 604.2446 604.2204 604.1999 604.1768 604.1544 604.1334 604.1105 604.0877 604.0671 604.0443 604.0216 604.0015 603.9789 603.9559 603.933 603.9116 603.8906 603.8676 603.8446 603.8217 603.8013 603.7841 603.7643 603.7445 603.7247 603.705 603.697 603.6079 603.5188 603.431 603.329 603.2238 603.1263 603.0359 602.9456 602.8438 602.7526 602.6613 602.556 602.4553 602.3622 602.2606
-9999 -9999 -9999 -9999 -9999 -9999 -9999 -9999 -9999 -9999 -9999 -9999 604.4858 604.4541 604.4272 604.4045 604.379 604.3536 604.3281 604.3033 604.2789 604.2538 604.2285 604.2043 604.1838 604.1607 604.1381 604.1173 604.0945 604.0716 604.0511 604.0282 604.0058 603.9846 603.9628 603.9399 603.9169 603.8951 603.8745 603.8516 603.829 603.8059 603.7845 603.7664 603.7466 603.7268 603.707 603.674 603.5849 603.4958 603.4067 603.3176 603.2311 603.1256 603.0204 602.9229 602.8325 602.7417 602.6375 602.5463 602.4545 602.3456 602.2449 602.1519
-9999 -9999 -9999 -9999 -9999 -9999 -9999 -9999 -9999 -9999 -9999 -9999 604.4669 604.4375 604.4106 604.3882 604.3628 604.3373 604.3119 604.2872 604.2628 604.2376 604.2122 604.1882 604.1677 604.1446 604.1218 604.1012 604.0784 604.0555 604.0352 604.0121 603.9899 603.9677 603.9467 603.9238 603.9008 603.8787 603.8582 603.836 603.8133 603.79 603.7676 603.7478 603.7288 603.7125 603.6582 603.5618 603.4727 603.3837 603.2946 603.2054 603.1171 603.0276 602.9222 602.817 602.7194 602.6292 602.5348 602.4312 602.34 602.2439 602.1351 602.0345
-9999 -9999 -9999 -9999 -9999 -9999 -9999 -9999 -9999 -9999 -9999 -9999 604.4479 604.4209 604.3939 604.3719 604.3465 604.321 604.2957 604.2711 604.2466 604.2214 604.196 604.172 604.1516 604.1285 604.1057 604.0851 604.0624 604.0394 604.0193 603.9963 603.974 603.951 603.9308 603.9079 603.885 603.8627 603.8417 603.8203 603.7973 603.7742 603.7513 603.731 603.718 603.6575 603.5601 603.455 603.3606 603.2715 603.1824 603.0933 603.0043 602.9188 602.8242 602.7188 602.6135 602.516 602.4257 602.3279 602.2249 602.1337 602.0334 601.9247
-9999 -9999 -9999 -9999 -9999 -9999 -9999 -9999 -9999 -9999 -9999 -9999 604.4312 604.4042 604.3783 604.3557 604.3303 604.3048 604.2794 604.2549 604.2305 604.2052 604.1798 604.1559 604.1356 604.1124 604.0896 604.0691 604.0464 604.0233 604.0035 603.9804 603.9579 603.9349 603.915 603.8922 603.8693 603.8466 603.8252 603.8043 603.7812 603.7584 603.7354 603.724 603.6342 603.5444 603.455 603.3569 603.2517 603.1594 603.0703 602.9812 602.8921 602.8033 602.7205 602.6208 602.5154 602.4102 602.3126 602.2223 602.1211 602.0186 601.9274 601.8231
-9999 -9999 -9999 -9999 -9999 -9999 -9999 -9999 -9999 -9999 -9999 604.4469 604.4146 604.3876 604.3635 604.3394 604.314 604.2886 604.2632 604.2388 604.2144 604.189 604.1636 604.1398 604.1194 604.0964 604.0735 604.053 604.0305 604.0073 603.9875 603.9645 603.9418 603.9188 603.8992 603.8764 603.8535 603.8304 603.8087 603.7881 603.7654 603.7428 603.731 603.6243 603.5211 603.4313 603.3414 603.2544 603.1538 603.0485 602.9582 602.8691 602.78 602.6909 602.605 602.5223 602.4174 602.312 602.2067 602.1092 602.0189 601.9143 601.8123 601.7211
