samples/sfe_221/sfe_221_r2/sfe_221_r2/sfe_221_r2.asc
ncols         392
nrows         245
xllcorner     90
yllcorner     51
cellsize      0.4
NODATA_value  -9999
[rows 84 to 111 of 245, columns 128 to 191 of 392]
601.6691 601.5907 601.5432 601.4957 601.4484 601.389 601.3133 601.2376 601.1567 601.0667 600.9711 600.8756 600.78 600.6937 600.597 600.5002 600.4034 600.3067 600.2099 600.1146 600.0156 599.966 599.724 599.626 599.531 599.439 599.433 599.346 599.262 599.184 599.105 599.04 598.984 598.937 598.9 598.875 598.862 598.865 598.884 598.923 598.985 599.075 599.138 599.382 599.881 599.9644 600.0652 600.166 600.2658 600.3509 600.4361 600.5216 600.611 600.709 600.807 600.905 601.003 601.0955 601.1868 601.2843 601.3862 601.4853 601.5835 601.6677
601.7784 601.7123 601.6648 601.6175 601.5678 601.4921 601.4164 601.3362 601.2497 601.1542 601.0587 600.9631 600.8783 600.7825 600.6857 600.589 600.4922 600.3954 600.3028 600.2037 600.1072 600.0084 599.9578 599.714 599.615 599.519 599.515 599.421 599.332 599.248 599.17 599.09 599.027 598.97 598.924 598.888 598.865 598.854 598.858 598.88 598.92 598.984 599.045 599.202 599.632 599.8915 599.9923 600.0887 600.1738 600.259 600.345 600.443 600.541 600.639 600.737 600.8344 600.9257 601.019 601.1227 601.2222 601.3212 601.4157 601.5021 601.5909
601.8878 601.834 601.7866 601.7393 601.6708 601.5952 601.5157 601.4328 601.3373 601.2417 601.1462 601.0618 600.968 600.8713 600.7745 600.6777 600.5808 600.4909 600.3918 600.2979 600.1991 600.1002 600.0014 599.9494 599.704 599.606 599.601 599.502 599.408 599.318 599.233 599.149 599.076 599.013 598.957 598.912 598.877 598.855 598.846 598.852 598.875 598.918 598.984 599.204 599.382 599.709 599.9116 599.9966 600.0818 600.177 600.275 600.373 600.471 600.569 600.6645 600.7558 600.8574 600.9592 601.0582 601.1572 601.248 601.3365 601.4254 601.5096
602.0032 601.9557 601.9084 601.8497 601.7739 601.6953 601.6127 601.5203 601.4248 601.3293 601.2454 601.1536 601.0568 600.96 600.8633 600.766 600.6784 600.58 600.4866 600.3898 600.2909 600.1921 600.0933 599.9944 599.941 599.698 599.641 599.589 599.49 599.394 599.304 599.212 599.134 599.062 598.999 598.944 598.9 598.866 598.845 598.838 598.845 598.87 598.916 599.075 599.204 599.382 599.866 599.911 600.009 600.107 600.205 600.303 600.401 600.4946 600.5921 600.6958 600.7952 600.8942 600.9932 601.082 601.1709 601.2598 601.3441 601.4229
602.1249 602.0775 602.0284 601.9527 601.8748 601.7922 601.7034 601.6078 601.5123 601.429 601.3391 601.2423 601.1456 601.0488 600.9526 600.865 600.7681 600.6743 600.5804 600.4816 600.3828 600.2839 600.1851 600.0862 599.9874 599.935 599.683 599.68 599.578 599.477 599.375 599.285 599.198 599.12 599.049 598.985 598.931 598.888 598.855 598.836 598.83 598.834 598.868 598.981 599.028 599.204 599.383 599.8585 599.939 600.037 600.135 600.233 600.3268 600.4305 600.5321 600.6311 600.7302 600.8292 600.9164 601.0053 601.0942 601.1785 601.2573 601.3376
602.2465 602.1992 602.1315 602.0544 601.9717 601.8865 601.791 601.6954 601.6125 601.5247 601.4279 601.3311 601.2343 601.1391 601.0515 600.9563 600.8621 600.7711 600.6722 600.5734 600.4746 600.3757 600.2769 600.1781 600.0829 600.0052 599.9275 599.841 599.673 599.569 599.461 599.361 599.271 599.185 599.106 599.035 598.972 598.919 598.876 598.845 598.826 598.822 598.836 598.911 598.945 599.076 599.205 599.698 599.869 599.967 600.0635 600.1652 600.2689 600.3681 600.4671 600.5661 600.6638 600.7509 600.8398 600.9286 601.0129 601.0918 601.172 601.2522
602.3683 602.3102 602.2339 602.1512 602.0686 601.974 601.8785 601.7961 601.7101 601.6134 601.5167 601.4199 601.3257 601.2381 601.1444 601.0498 600.9617 600.8629 600.7641 600.6652 600.5664 600.4676 600.3687 600.2692 600.189 600.1113 600.0336 599.9559 599.917 599.663 599.55 599.449 599.35 599.257 599.171 599.092 599.021 598.958 598.906 598.864 598.834 598.817 598.818 598.83 598.908 598.98 599.076 599.383 599.848 599.8999 600.0036 600.105 600.204 600.3031 600.4021 600.4964 600.5853 600.6742 600.7631 600.8474 600.9263 601.0064 601.0864 601.1659
602.4891 602.4133 602.3307 602.2481 602.1571 602.0615 601.9796 601.8957 601.799 601.7021 601.6053 601.5122 601.4246 601.3326 601.2375 601.1522 601.0536 600.9548 600.8559 600.7571 600.6583 600.5591 600.4595 600.3729 600.2951 600.2174 600.1396 600.0573 599.9792 599.9085 599.651 599.541 599.436 599.337 599.244 599.157 599.078 599.006 598.945 598.893 598.853 598.824 598.813 598.811 598.855 598.907 598.979 599.077 599.381 599.842 599.941 600.04 600.139 600.238 600.3308 600.4197 600.5086 600.5975 600.6818 600.7607 600.8408 600.9207 601.0002 601.0816
602.5921 602.5103 602.4276 602.3401 602.2446 602.1631 602.0812 601.9844 601.8877 601.7905 601.6988 601.6112 601.5208 601.4253 601.34 601.2443 601.1454 601.0466 600.9478 600.8489 600.7495 600.6504 600.5566 600.4789 600.4012 600.3235 600.2385 600.1586 600.0806 600.0025 599.9244 599.641 599.53 599.424 599.418 599.317 599.142 599.064 598.993 598.932 598.881 598.841 598.814 598.804 598.803 598.853 598.904 598.977 599.206 599.611 599.876 599.975 600.074 600.1653 600.2542 600.343 600.4319 600.5162 600.5952 600.6752 600.7549 600.8346 600.916 600.9955
602.6898 602.6072 602.5232 602.4277 602.3467 602.2667 602.17 602.0732 601.9756 601.8853 601.7977 601.7089 601.613 601.5277 601.4349 601.3361 601.2372 601.1384 601.0396 600.9398 600.841 600.7413 600.6628 600.585 600.5073 600.4231 600.338 600.2599 600.1818 600.1038 600.0257 599.9398 599.89 599.626 599.513 599.408 599.307 599.212 599.049 598.979 598.919 598.869 598.83 598.809 598.795 598.804 598.849 598.901 599.076 599.38 599.831 599.91 599.9997 600.0886 600.1774 600.2663 600.3506 600.4297 600.5096 600.5891 600.6689 600.7503 600.8299 600.9137
602.7867 602.704 602.6108 602.5303 602.4513 602.3555 602.2588 602.1608 602.0718 601.9843 601.8967 601.8008 601.7155 601.6256 601.5267 601.4279 601.3291 601.2301 601.1302 601.0314 600.9316 600.8466 600.7689 600.6911 600.6077 600.5174 600.4393 600.3612 600.2831 600.2051 600.1192 600.0305 599.9567 599.883 599.613 599.502 599.391 599.29 599.195 599.108 598.966 598.906 598.857 598.827 598.799 598.786 598.81 598.845 598.975 599.076 599.379 599.8341 599.923 600.0118 600.1008 600.1851 600.2642 600.344 600.4233 600.5033 600.5846 600.6643 600.7482 600.837
602.8835 602.7938 602.7139 602.6348 602.5411 602.4443 602.346 602.2584 602.1708 602.0833 601.9885 601.9032 601.8163 601.7174 601.6186 601.5198 601.4205 601.3206 601.2219 601.1218 601.0304 600.9526 600.8749 600.7925 600.6968 600.6187 600.5406 600.4625 600.3845 600.2986 600.2049 600.1312 600.0574 599.9767 599.8961 599.603 599.488 599.379 599.277 599.181 599.094 599.022 598.893 598.844 598.813 598.789 598.778 598.804 598.898 598.974 599.205 599.601 599.8463 599.9352 600.0195 600.0986 600.1782 600.2576 600.3376 600.4189 600.4987 600.5826 600.6693 600.746
602.9769 602.8974 602.8184 602.7266 602.6298 602.5325 602.4449 602.3574 602.2698 602.1763 602.0909 602.0057 601.9081 601.8093 601.7104 601.6108 601.511 601.4123 601.3121 601.2142 601.1365 601.0587 600.9776 600.8813 600.798 600.72 600.6419 600.5638 600.478 600.384 600.3055 600.2318 600.1509 600.0704 599.9898 599.9093 599.866 599.477 599.367 599.264 599.168 599.08 599.009 598.88 598.833 598.802 598.779 598.778 598.799 598.895 599.076 599.205 599.597 599.8539 599.9331 600.0125 600.0919 600.172 600.2533 600.3331 600.417 600.5015 600.5765 600.6487
603.0809 603.002 602.9121 602.8149 602.7191 602.6315 602.5439 602.4564 602.364 602.2787 602.1934 602.0988 601.9999 601.9011 601.8013 601.7014 601.6027 601.5025 601.4038 601.3203 601.2426 601.1627 601.0662 600.9774 600.8994 600.8213 600.7432 600.6573 600.5632 600.4799 600.4062 600.3251 600.2446 600.1641 600.0835 600.0056 599.9323 599.859 599.581 599.355 599.251 599.153 599.066 598.994 598.868 598.827 598.792 598.765 598.772 598.835 598.893 599.075 599.207 599.592 599.8467 599.9261 600.0063 600.0876 600.1675 600.2514 600.3337 600.407 600.4792 600.5515
603.149 603.0977 603.0001 602.9056 602.8181 602.7305 602.6429 602.5518 602.4664 602.3812 602.2894 602.1906 602.0915 601.9916 601.8918 601.7932 601.6934 601.5941 601.5041 601.4264 601.3477 601.2508 601.1568 601.0787 601.0007 600.9225 600.8367 600.7426 600.6543 600.5806 600.4993 600.4188 600.3383 600.2578 600.1789 600.1056 600.0301 599.9486 599.8713 599.568 599.447 599.236 599.14 599.053 598.981 598.855 598.815 598.781 598.757 598.765 598.832 598.971 599.022 599.205 599.804 599.8406 599.922 600.002 600.0851 600.1652 600.2374 600.3097 600.3819 600.4523
603.1552 603.1405 603.0922 603.0046 602.9171 602.8295 602.7395 602.6542 602.5689 602.4801 602.3813 602.2819 602.182 602.0823 601.9836 601.8843 601.7842 601.6879 601.6102 601.5325 601.4354 601.3396 601.2581 601.18 601.1019 601.0161 600.9222 600.8287 600.7549 600.6749 600.593 600.5125 600.4319 600.3521 600.2788 600.2012 600.1155 600.0382 599.9609 599.8836 599.555 599.435 599.322 599.127 599.039 598.968 598.899 598.804 598.755 598.749 598.786 598.889 598.969 599.072 599.203 599.797 599.8364 599.9174 599.9957 600.0679 600.1401 600.2124 600.2833 600.3469
603.1622 603.1476 603.1329 603.1036 603.016 602.9272 602.8419 602.7567 602.6708 602.572 602.4722 602.3724 602.2727 602.174 602.0752 601.9744 601.8759 601.794 601.7163 601.6199 601.5242 601.4374 601.3594 601.2813 601.1954 601.1018 601.0078 600.9293 600.8516 600.7673 600.6867 600.6062 600.5254 600.4521 600.3723 600.2823 600.2051 600.1278 600.0505 599.9688 599.8818 599.545 599.424 599.318 599.211 599.032 598.955 598.837 598.792 598.746 598.741 598.781 598.825 598.886 599.072 599.203 599.58 599.8261 599.8983 599.9706 600.0428 600.1142 600.1778 600.2422
603.1686 603.1542 603.1397 603.1252 603.115 603.0297 602.9444 602.8591 602.7625 602.6627 602.5627 602.4631 602.3644 602.2661 602.1648 602.0663 601.9778 601.9001 601.8046 601.709 601.6168 601.5388 601.4607 601.3748 601.2814 601.1869 601.1038 601.0285 600.9415 600.861 600.7804 600.6987 600.6254 600.5433 600.4492 600.3719 600.2947 600.2173 600.1359 600.049 599.9619 599.8748 599.831 599.411 599.302 599.198 599.018 598.942 598.825 598.755 598.737 598.748 598.762 598.822 598.884 599.072 599.202 599.576 599.801 599.8733 599.9451 600.0087 600.0723 600.1516
603.1688 603.1552 603.1417 603.1282 603.1147 603.105 603.0468 602.9529 602.853 602.7532 602.6536 602.5549 602.4566 602.3552 602.2565 602.1616 602.0839 601.9891 601.8939 601.7979 601.7181 601.6401 601.5542 601.461 601.366 601.2781 601.2043 601.1157 601.0352 600.9546 600.8719 600.7986 600.7144 600.6182 600.5388 600.4615 600.3842 600.303 600.2161 600.129 600.0419 599.9546 599.8675 599.824 599.4 599.29 599.186 599.005 598.868 598.812 598.745 598.736 598.73 598.773 598.818 598.882 599.071 599.202 599.364 599.776 599.8397 599.9033 599.9757 600.0433
603.1725 603.1593 603.146 603.1327 603.1194 603.1061 603.0967 603.0434 602.9435 602.844 602.7453 602.647 602.5455 602.4466 602.3479 602.2677 602.1737 602.0784 601.9825 601.8975 601.8195 601.7336 601.6404 601.5451 601.4525 601.3788 601.2902 601.2094 601.1288 601.0452 600.9719 600.8854 600.7877 600.7057 600.6284 600.5511 600.4702 600.3832 600.2961 600.209 600.1217 600.0347 599.9476 599.8605 599.817 599.516 599.278 599.08 598.991 598.855 598.764 598.735 598.724 598.722 598.768 598.815 598.965 599.071 599.201 599.362 599.769 599.7998 599.8674 599.9349
603.1759 603.1628 603.1498 603.1367 603.1237 603.1106 603.0975 603.087 603.0344 602.9357 602.8375 602.7364 602.6367 602.5383 602.4515 602.3585 602.263 602.1671 602.0769 601.9988 601.913 601.8198 601.7244 601.6316 601.5532 601.4669 601.3836 601.303 601.2184 601.1451 601.0565 600.9577 600.8726 600.7953 600.718 600.6373 600.5504 600.4632 600.376 600.2889 600.2018 600.1147 600.0276 599.9391 599.8537 599.811 599.383 599.264 599.066 598.908 598.794 598.753 598.733 598.715 598.714 598.763 598.811 598.964 599.07 599.202 599.202 599.563 599.759 599.8266
603.1744 603.1624 603.1503 603.1382 603.1261 603.114 603.1019 603.0898 603.079 603.0279 602.9273 602.827 602.7288 602.6354 602.5436 602.4476 602.3519 602.2563 602.1782 602.0923 601.9991 601.9036 601.8107 601.7275 601.6435 601.5578 601.4773 601.3917 601.3184 601.2276 601.1288 601.0394 600.9622 600.8849 600.8044 600.7175 600.6303 600.5432 600.456 600.3689 600.2819 600.1948 600.104 600.0186 599.9276 599.8301 599.804 599.369 599.151 599.053 598.895 598.783 598.742 598.72 598.706 598.728 598.76 598.809 598.876 598.964 599.071 599.201 599.359 599.752
603.1793 603.1672 603.1552 603.1431 603.131 603.119 603.1069 603.0948 603.0827 603.07 603.0174 602.9189 602.82 602.7286 602.6322 602.5367 602.4408 602.3575 602.2717 602.1785 602.0829 601.9897 601.9019 601.8203 601.7321 601.6515 601.5657 601.4916 601.3987 601.2999 601.2079 601.129 601.0518 600.9716 600.8846 600.7974 600.7102 600.6231 600.5361 600.449 600.361 600.2688 600.1833 600.093 599.9955 599.898 599.8005 599.485 599.358 599.138 598.959 598.891 598.771 598.737 598.71 598.697 598.721 598.754 598.807 598.875 598.963 599.07 599.2 599.357
603.1843 603.1722 603.1601 603.148 603.1359 603.1238 603.1118 603.0997 603.0876 603.0755 603.0634 603.0104 602.9137 602.8168 602.7215 602.6253 602.5369 602.451 602.3578 602.2622 602.1688 602.0763 601.9971 601.9063 601.8257 601.7399 601.6649 601.5697 601.4709 601.3774 601.2959 601.2186 601.1387 601.0518 600.9645 600.8773 600.7903 600.7032 600.6161 600.5263 600.4337 600.3482 600.2585 600.1609 600.0634 599.9659 599.8683 599.795 599.475 599.234 599.034 598.99 598.876 598.765 598.726 598.7 598.696 598.715 598.732 598.804 598.873 598.961 599.07 599.199
603.1891 603.1771 603.165 603.1529 603.1408 603.1287 603.1166 603.1046 603.0925 603.0804 603.0684 603.0563 603.0013 602.9061 602.81 602.7163 602.6304 602.5372 602.4418 602.348 602.2554 602.174 602.0821 601.9999 601.9141 601.8381 601.7408 601.642 601.5469 601.4628 601.3855 601.3058 601.2189 601.1317 601.0444 600.9574 600.8703 600.7833 600.6917 600.5985 600.5131 600.4239 600.3264 600.2288 600.1313 600.0338 599.9363 599.8387 599.683 599.342 599.119 599.07 598.939 598.805 598.753 598.715 598.684 598.689 598.709 598.748 598.801 598.871 598.96 599.07
603.194 603.1819 603.1699 603.1578 603.1458 603.1337 603.1216 603.1095 603.0974 603.0853 603.0732 603.0612 603.0491 602.9948 602.8991 602.8098 602.7166 602.6214 602.527 602.4345 602.3508 602.2587 602.1742 602.0883 602.0107 601.9119 601.813 601.7164 601.6297 601.5524 601.4729 601.386 601.2988 601.2116 601.1245 601.0375 600.9504 600.8571 600.7634 600.6779 600.5893 600.4918 600.3942 600.2967 600.1992 600.1017 600.0042 599.906 599.8017 599.46 599.216 599.162 599.014 598.857 598.793 598.742 598.686 598.676 598.682 598.706 598.743 598.798 598.87 598.96
603.1967 603.1848 603.1729 603.161 603.1491 603.1372 603.1253 603.1134 603.1015 603.0896 603.0777 603.0658 603.0539 603.042 602.9891 602.8959 602.801 602.7063 602.6136 602.5258 602.4354 602.3484 602.2626 602.1818 602.0829 601.9841 601.8859 601.7976 601.7192 601.64 601.5531 601.4659 601.3787 601.2917 601.2046 601.1176 601.0224 600.9282 600.8428 600.7547 600.6572 600.5596 600.4622 600.3646 600.2671 600.1722 600.0742 599.9699 599.8656 599.778 599.325 599.265 599.101 598.921 598.845 598.781 598.699 598.676 598.672 598.678 598.7 598.74 598.795 598.868
603.1996 603.1877 603.1758 603.1639 603.152 603.1401 603.1282 603.1163 603.1044 603.0925 603.0806 603.0687 603.0568 603.0449 603.033 602.9806 602.8856 602.7927 602.7001 602.6121 602.5226 602.4368 602.3528 602.254 602.1552 602.0564 601.9671 601.8861 601.8071 601.7202 601.6331 601.5458 601.4588 601.3717 601.2834 601.1877 601.093 601.0076 600.9201 600.8226 600.7251 600.6276 600.53 600.4325 600.3413 600.2424 600.1381 600.0338 599.9295 599.8252 599.445 599.361 599.09 598.996 598.908 598.815 598.725 598.689 598.675 598.664 598.671 598.695 598.735 598.792
