SIN0=(0.18930499292518504,1.0,-1.33,MASK0)
SIN1=(0.08532756478587646,2.0,1.4,MASK0)
SIN2=(0.296773409158143,3.0,-0.82,MASK0)
SIN3=(0.10061715641091726,4.0,-0.03,MASK0)
SIN4=(0.1886539939867839,5.0,-0.45,MASK0)
SIN5=(0.1921029835868746,6.0,-2.91,MASK0)
SIN6=(0.0502247559780634,7.0,-0.74,MASK0)
SIN7=(0.09897176724522486,9.0,-0.35,MASK0)
SIN8=(0.038784876423858486,10.0,0.2,MASK0)
SIN9=(0.021938768436712802,13.0,-2.52,MASK0)
SIN10=(0.04526524338759144,15.0,3.04,MASK0)
SIN11=(0.040887944718103655,17.5,2.16,MASK0)
SIN12=(0.053340431478438685,20.5,1.36,MASK0)
SIN13=(0.05906406189791441,21.5,-0.42,MASK0)
SIN14=(0.08052396876214933,22.5,1.34,MASK0)
SIN15=(0.04441839419309948,23.5,2.55,MASK0)
SIN16=(0.01839864313828419,28.5,-0.24,MASK0)
SIN17=(0.04557873685165062,31.0,-0.32,MASK0)
SIN18=(0.00968638141185788,37.5,0.44,MASK0)
SIN19=(0.017006083764781563,41.0,2.79,MASK0)
SIN20=(0.03726893392987974,39.5,0.0,MASK0)
SIN21=(0.029167635097297508,35.0,3.01,MASK0)
SIN22=(0.04072020027516293,29.5,-0.13,MASK0)
SIN23=(0.021511340193698186,26.5,-0.65,MASK0)
SIN24=(0.0590640618979144,21.5,-0.42,MASK0)
SIN25=(0.053340431478438685,20.5,1.36,MASK0)
SIN26=(0.0529759479316535,19.5,-0.47,MASK0)
SIN27=(0.043680331993550835,15.5,0.25,MASK0)
SIN28=(0.021938768436712802,13.0,-2.52,MASK0)
SIN29=(0.05052207982134657,10.5,0.68,MASK0)
SIN30=(0.06816492584464431,7.5,-3.02,MASK0)
SIN31=(0.0502247559780634,7.0,-0.74,MASK0)
SIN32=(0.1886539939867839,5.0,-0.45,MASK0)
SIN33=(0.10061715641091727,4.0,-0.03,MASK0)
SIN34=(0.296773409158143,3.0,-0.82,MASK0)
SIN35=(0.08532756478587644,2.0,1.4,MASK0)
SIN36=(0.18930499292518502,1.0,-1.33,MASK0)

