samples/sfe_316/sfe_316_v7/sfe_316_v7/sfe_316_v7.asc
ncols         184
nrows         75
xllcorner     96.199999999255
yllcorner     62.60000000149
cellsize      1
NODATA_value  -9999
[rows 28 to 55 of 75, columns 0 to 62 of 184]
-9999 605.4051 602.7878 602.572 602.3718 602.1545 601.94 601.7268 601.4908 601.3344 601.2451 601.1586 601.0748 601.0026 600.9324 600.8593 600.7866 600.7206 600.6625 600.5872 600.5167 600.4433 600.3941 600.3425 600.3495 600.3207 600.2759 600.2494 600.2274 600.2052 600.1796 600.1395 600.1161 600.0963 600.0792 600.0503 600.0151 599.9759 599.936 599.896 599.8609 599.8445 599.8265 599.7938 599.752 599.5615 599.2215 599.403 599.54 599.4221 599.182 599.2515 599.238 599.059 599.048 599.0295 598.9785 599.149 599.2715 599.215 599.08 598.998 598.949
-9999 605.7773 602.2054 601.9744 601.764 601.5479 601.4115 601.3273 601.2372 601.1299 601.0245 600.9399 600.858 600.7938 600.7345 600.6609 600.5886 600.5339 600.4772 600.4066 600.334 600.2581 600.2092 600.1677 600.1811 600.1614 600.1223 600.0959 600.078 600.0602 600.0421 600.0042 599.981 599.9644 599.9507 599.9252 599.8912 599.8514 599.7735 599.7365 599.579 599.5235 599.543 599.512 599.4185 599.134 598.8915 599.1465 599.08 598.872 598.8785 599.088 599.19 599.074 599.041 599.032 598.9125 599.0575 598.9915 598.85 599.06 599.1365 598.971
-9999 606.1495 601.623 601.4565 601.3672 601.2979 601.207 601.1195 601.0254 600.9241 600.8091 600.7173 600.6422 600.5833 600.5278 600.4626 600.3951 600.3398 600.2875 600.226 600.151 600.0755 600.0845 599.9405 599.8705 600.017 599.9565 599.715 599.672 599.8425 599.9185 599.8365 599.6225 599.674 599.781 599.728 599.667 599.5605 599.492 599.4465 599.279 599.1345 599.279 599.131 598.9405 598.9335 598.8145 599.011 598.963 598.7955 598.9097 598.9253 598.9656 598.8922 598.7955 598.856 598.963 599.057 598.927 598.845 599.083 599.0045 598.9985
-9999 606.5217 601.3696 601.2328 601.1482 601.0803 600.996 600.9202 600.8165 600.7172 600.6005 600.4914 600.4182 600.3686 600.321 600.2612 600.1954 600.1434 600.2135 600.0595 599.818 599.826 600.0045 599.8485 599.6714 599.9145 600.002 599.8815 599.6365 599.734 599.721 599.4895 599.438 599.612 599.485 599.269 599.268 599.2025 599.11 599.173 599.2004 599.26 599.231 599.0085 599.008 599.1085 598.946 599.025 599.1335 599.1115 598.935 598.8515 599.096 599.0205 599.038 599.1675 599.0625 598.987 599.0915 599.218 599.256 599.081 598.943
-9999 606.894 601.6734 601.0163 600.9254 600.8494 600.7883 600.7209 600.6198 600.508 600.3948 600.2778 600.2104 600.119 600.195 600.0325 599.9975 600.1235 600.0845 600.027 599.801 599.882 600.0685 599.8045 599.751 599.888 599.9475 599.7225 599.477 599.69 599.8286 599.515 599.5341 599.596 599.427 599.2975 599.4335 599.296 599.1315 599.185 599.363 599.2825 599.1194 599.1725 599.222 599.205 599.2985 599.1915 599.04 599.2759 599.2765 599.1295 599.271 599.336 599.3375 599.35 599.3775 599.337 599.275 599.4465 599.4995 599.4845 599.312
-9999 607.2662 601.9772 600.7939 600.697 600.6186 600.5783 600.5101 600.4193 600.3058 600.228 600.1225 600.0725 600.0595 600.0685 599.876 599.711 599.7355 599.778 599.7535 599.7215 599.9255 600.0855 599.8385 599.61 599.7148 599.7584 599.695 599.4805 599.6975 599.887 599.6345 599.425 599.469 599.5895 599.654 599.7095 599.4995 599.5355 599.7025 599.6865 599.5215 599.674 599.7575 599.7554 599.7404 599.7257 599.7107 599.696 599.683 599.6901 599.6792 599.6862 599.6642 599.6347 599.6212 599.6291 599.6347 599.6259 599.6307 599.6259 599.6108 599.593
-9999 607.6384 602.3182 600.568 600.4701 600.3878 600.3567 600.2971 600.3465 600.0475 599.84 599.859 599.841 599.827 599.8185 599.783 599.7575 599.7495 599.923 599.8374 599.8366 599.943 599.9465 599.9135 599.7625 599.6605 599.6075 599.7815 599.694 599.7525 599.9045 599.8135 599.619 599.7755 599.894 599.9108 599.9178 599.9124 599.8973 599.884 599.8875 599.8799 599.8751 599.8812 599.8844 599.8694 599.8577 599.8427 599.8307 599.8157 599.8228 599.8122 599.818 599.8002 599.7755 599.7604 599.767 599.7724 599.7635 599.7675 599.7618 599.7512 599.7334
-9999 608.0106 602.6904 600.3589 600.0345 599.978 599.895 600.055 600.1775 599.8755 599.8505 599.973 599.9975 600.0365 599.8887 599.995 599.9885 600.0024 600.0285 599.856 599.7025 599.751 599.788 599.782 599.8695 599.964 599.772 599.866 599.8395 599.849 599.9084 599.9632 599.9799 599.9991 600.0141 600.0357 600.0471 600.042 600.027 600.016 600.0168 600.0092 600.0032 600.0085 600.0117 599.9984 599.9896 599.9746 599.9655 599.9505 599.9554 599.9474 599.9498 599.9362 599.9153 599.9012 599.9049 599.9101 599.9012 599.9043 599.8977 599.8916 599.8738
-9999 608.3828 603.0627 600.151 599.95 599.809 599.772 599.923 599.999 599.8267 599.8719 599.8545 599.845 599.991 599.827 599.9505 599.9145 599.9645 599.9165 599.949 599.8825 599.9275 600.0446 599.9705 599.823 599.975 600.017 600.0051 600.0285 600.0499 600.0801 600.1051 600.1157 600.1376 600.143 600.1618 600.1763 600.1716 600.1566 600.1483 600.1461 600.1385 600.1313 600.1364 600.139 600.1273 600.1216 600.1066 600.1003 600.0853 600.0881 600.0822 600.0815 600.0723 600.053 600.042 600.0428 600.0478 600.0389 600.041 600.035 600.032 600.0142
-9999 608.7551 603.4349 600.1618 599.8422 599.8525 599.655 599.6835 599.9455 599.94 599.972 599.8995 599.7155 599.761 599.824 600.0699 600.034 600.086 599.9805 599.9785 600.0375 600.0695 600.0455 599.954 600.0485 600.0888 600.1443 600.1682 600.1848 600.2082 600.224 600.2477 600.2565 600.2761 600.2719 600.2927 600.3056 600.3013 600.2863 600.2795 600.2754 600.2678 600.2621 600.2642 600.2664 600.2563 600.2536 600.2386 600.2333 600.22 600.2207 600.217 600.2133 600.2083 600.1907 600.1827 600.1807 600.1855 600.1764 600.1778 600.1724 600.1714 600.1545
-9999 609.1273 603.8071 600.4501 599.9655 600.0204 599.939 599.921 600.098 600.233 600.275 600.048 599.8815 599.947 600.0805 600.1935 600.1685 600.1779 600.1995 600.2098 600.2324 600.2452 600.2492 600.2342 600.2281 600.2721 600.3109 600.3311 600.3411 600.3652 600.3718 600.3894 600.3974 600.4146 600.409 600.4237 600.4348 600.431 600.416 600.4092 600.4047 600.3972 600.3945 600.392 600.3937 600.3853 600.3832 600.3705 600.3654 600.3548 600.3534 600.3517 600.3452 600.3443 600.3284 600.3235 600.3185 600.3232 600.3137 600.3146 600.3097 600.3063 600.2949
-9999 609.4995 604.1793 600.7383 600.266 600.202 600.3155 600.3512 600.3885 600.3813 600.372 600.3253 600.2994 600.2846 600.3055 600.3406 600.3793 600.3853 600.4027 600.4061 600.4259 600.4349 600.4389 600.4239 600.4153 600.4528 600.4689 600.4941 600.5 600.5215 600.526 600.5297 600.5388 600.553 600.5478 600.5546 600.5621 600.5606 600.5456 600.5388 600.5341 600.5265 600.5268 600.5204 600.521 600.5143 600.5121 600.5026 600.4973 600.4896 600.486 600.4865 600.4769 600.4803 600.4661 600.4642 600.4564 600.4624 600.451 600.4513 600.447 600.4412 600.4353
-9999 609.8717 604.5516 601.0266 600.5887 600.5737 600.5443 600.5765 600.6052 600.5999 600.599 600.5522 600.5359 600.5217 600.5309 600.5574 600.59 600.5961 600.6059 600.6022 600.6194 600.6246 600.6285 600.6135 600.6025 600.6324 600.627 600.6572 600.66 600.6777 600.6797 600.6761 600.6814 600.6893 600.6865 600.6841 600.6893 600.6903 600.6753 600.6685 600.6634 600.6558 600.6591 600.6498 600.6489 600.6432 600.6411 600.6345 600.6293 600.6243 600.6187 600.6213 600.6087 600.6155 600.6038 600.605 600.5943 600.6022 600.5883 600.5881 600.5844 600.576 600.5781
-9999 -9999 604.9238 601.3149 600.8141 600.8439 600.7855 600.8019 600.822 600.8185 600.826 600.7874 600.7723 600.7588 600.7562 600.7745 600.8032 600.8068 600.8091 600.7985 600.813 600.8195 600.8182 600.8032 600.7897 600.8121 600.8077 600.8201 600.8199 600.834 600.8286 600.8263 600.824 600.8285 600.8253 600.813 600.8202 600.8199 600.8049 600.7982 600.7949 600.7851 600.7886 600.7791 600.7767 600.7722 600.7701 600.7665 600.7613 600.7591 600.7513 600.756 600.7405 600.7365 600.7725 600.833 600.943 600.9469 601.0541 601.0757 601.1364 601.2065 601.2119
-9999 -9999 605.296 601.6031 601.1024 601.1053 601.033 601.0355 601.0388 601.037 601.0512 601.0238 601.0093 600.9958 600.9816 600.9951 601.022 601.0175 601.0123 600.9973 601.0065 601.0157 601.0079 600.9929 600.9778 600.9949 600.9913 600.9863 600.9799 600.9915 600.9855 600.976 600.9667 600.9694 600.9641 600.9492 600.9511 600.9496 600.9346 600.9278 600.9273 600.9144 600.9105 600.9216 600.9738 601.0202 601.1271 601.1718 601.2829 601.3198 601.4219 601.4453 601.5582 601.5557 601.665 601.723 601.833 601.8301 601.9248 601.946 601.9879 602.058 602.0456
-9999 -9999 605.6682 601.8914 601.3907 601.3557 601.2803 601.2725 601.2642 601.2556 601.2764 601.2603 601.2465 601.233 601.218 601.2156 601.2382 601.2283 601.2156 601.2006 601.2001 601.2119 601.1976 601.1826 601.1675 601.1714 601.2016 601.2234 601.2084 601.1951 601.2864 601.3376 601.3226 601.3132 601.3818 601.4547 601.4492 601.4978 601.6099 601.5964 601.6201 601.7332 601.7497 601.8355 601.9058 601.9401 602.0565 602.0854 602.2008 602.2304 602.3325 602.3558 602.4688 602.4664 602.5575 602.6172 602.723 602.7197 602.7955 602.8163 602.8394 602.9095 602.8915
-9999 -9999 606.0405 602.1797 601.679 601.5382 601.6006 601.627 601.6149 601.603 601.5986 601.6656 601.6992 601.6921 601.6829 601.674 601.69 601.7759 601.7878 601.7728 601.777 601.8099 601.8986 601.8965 601.8951 601.8943 601.9908 602.0426 602.0276 602.0314 602.1174 602.1802 602.1763 602.1854 602.2488 602.327 602.3405 602.3892 602.5013 602.5076 602.5316 602.6447 602.6821 602.7493 602.8379 602.86 602.9763 602.9993 603.1144 603.141 603.243 603.2842 603.3793 603.3771 603.45 603.5272 603.613 603.6094 603.6661 603.6866 603.6909 603.761 603.7432
-9999 -9999 606.4127 602.468 601.9672 602.1594 602.2203 602.2551 602.253 602.2514 602.2502 602.322 602.3685 602.3732 602.3758 602.379 602.3944 602.4825 602.5181 602.5031 602.535 602.5598 602.6519 602.6687 602.6824 602.6974 602.7801 602.8533 602.8468 602.8676 602.9484 603.0161 603.03 603.0577 603.1158 603.1992 603.2318 603.2805 603.3926 603.4189 603.4429 603.5563 603.6146 603.6632 603.77 603.7805 603.8962 603.9135 604.028 604.0606 604.1536 604.2026 604.2899 604.2877 604.3427 604.437 604.503 604.4991 604.5367 604.5569 604.5424 604.6125 604.5959
-9999 -9999 606.7849 602.7656 602.2555 602.6531 602.84 602.8832 602.8911 602.8998 602.9092 602.9783 603.0385 603.0499 603.0686 603.0781 603.092 603.189 603.2354 603.2335 603.2641 603.3084 603.4017 603.4409 603.459 603.4839 603.5694 603.6404 603.666 603.7039 603.7794 603.8521 603.8838 603.9301 603.9828 604.0715 604.1232 604.1718 604.2839 604.3301 604.3542 604.4679 604.5471 604.5778 604.6927 604.7009 604.8161 604.8405 604.9415 604.9939 605.0642 605.1131 605.2005 605.1982 605.2358 605.3469 605.393 605.389 605.4074 605.4273 605.4123 605.464 605.4478
-9999 -9999 607.1571 603.0695 602.5438 603.0123 603.4596 603.5113 603.5292 603.5482 603.5682 603.6346 603.7085 603.716 603.7615 603.767 603.7898 603.8955 603.9451 603.9639 603.9989 604.0546 604.1516 604.2131 604.2312 604.2651 604.3586 604.433 604.4852 604.5287 604.6104 604.688 604.7375 604.8023 604.8497 604.9438 605.0145 605.0632 605.1753 605.2414 605.2654 605.3795 605.467 605.4922 605.6066 605.6213 605.736 605.7726 605.8553 605.926 605.9747 606.0237 606.1111 606.1088 606.1289 606.24 606.283 606.279 606.2781 606.2976 606.2826 606.3155 606.2996
-9999 -9999 607.5294 603.3733 602.832 603.3715 604.0793 604.1395 604.1673 604.1966 604.2273 604.291 604.3676 604.382 604.4543 604.4559 604.4876 604.602 604.6548 604.6942 604.7428 604.8008 604.9014 604.9853 605.0034 605.0464 605.1483 605.2358 605.3043 605.3478 605.4381 605.5239 605.5912 605.6746 605.7167 605.816 605.9058 605.9545 606.0666 606.1526 606.1766 606.2911 606.3785 606.4067 606.5204 606.5504 606.656 606.7047 606.7695 606.8581 606.8853 606.9343 607.0216 607.0194 607.022 607.1325 607.173 607.169 607.1531 607.1679 607.153 607.167 607.1514
-9999 -9999 607.9016 603.6772 603.1203 603.7307 604.6906 604.7614 604.8054 604.845 604.8863 604.9473 605.023 605.0481 605.1216 605.1448 605.1854 605.3085 605.3652 605.4246 605.4826 605.5517 605.6512 605.7564 605.7756 605.8276 605.9382 606.035 606.1235 606.1671 606.2609 606.3598 606.4449 606.5385 606.5837 606.6884 606.7836 606.8458 606.9579 607.0639 607.0879 607.2026 607.2902 607.3293 607.4348 607.4828 607.5764 607.6368 607.6837 607.7902 607.7959 607.8448 607.9322 607.93 607.9151 608.0256 608.063 608.059 608.0427 608.0383 608.0233 608.0184 608.0032
-9999 -9999 608.2738 603.981 603.4086 604.0898 605.2928 605.381 605.4435 605.4915 605.5415 605.6036 605.6785 605.7142 605.7885 605.8337 605.889 606.0059 606.0826 606.155 606.213 606.3096 606.4011 606.506 606.5479 606.6088 606.728 606.8242 606.9427 606.9862 607.0837 607.1957 607.2986 607.3892 607.4507 607.5574 607.6558 607.7372 607.8493 607.9595 607.9991 608.1143 608.2017 608.2618 608.3493 608.4153 608.4968 608.5688 608.5978 608.7112 608.7065 608.7554 608.7645 608.7484 608.7355 608.7205 608.7061 608.692 608.6775 608.6595 608.6445 608.6266 608.6116
-9999 -9999 608.646 604.2849 603.6968 604.449 605.8683 606.0007 606.0639 606.1216 606.1816 606.2544 606.3339 606.3802 606.4555 606.5226 606.594 606.7033 606.7999 606.8853 606.9434 607.0662 607.1487 607.2556 607.3201 607.3916 607.5178 607.6135 607.7575 607.8054 607.9064 608.0317 608.1361 608.2399 608.3177 608.4244 608.5281 608.6285 608.7406 608.8508 608.9104 608.9474 608.9319 608.9199 608.9074 608.8949 608.8825 608.8698 608.8571 608.8438 608.8311 608.8184 608.8012 608.7885 608.7755 608.7606 608.7461 608.732 608.7175 608.6996 608.6846 608.6667 608.6518
-9999 -9999 609.0182 604.5887 603.9851 604.8082 606.2275 606.6204 606.6843 606.7517 606.8218 606.9028 606.9893 607.0463 607.1259 607.2115 607.299 607.4007 607.514 607.6157 607.6737 607.7932 607.8949 608.0052 608.0923 608.179 608.3076 608.4033 608.5446 608.6246 608.7292 608.8676 608.972 609.0765 609.06 609.0483 609.0392 609.0286 609.0178 609.0087 608.9969 608.9846 608.9728 608.9606 608.9482 608.9354 608.923 608.9102 608.8975 608.8841 608.8712 608.8585 608.8412 608.8285 608.8156 608.8006 608.786 608.7719 608.7574 608.7397 608.7247 608.707 608.692
-9999 -9999 609.3904 604.8926 604.2734 605.1674 606.5867 607.2351 607.3046 607.3818 607.4619 607.5511 607.6448 607.7142 607.807 607.9035 608.0002 608.0982 608.2205 608.3303 608.4041 608.5203 608.6411 608.7548 608.8645 608.9598 609.0938 609.171 609.1574 609.1484 609.1399 609.1321 609.1212 609.1124 609.102 609.0901 609.081 609.0703 609.059 609.0499 609.038 609.0258 609.0137 609.0013 608.9889 608.976 608.9635 608.9505 608.9378 608.9244 608.9114 608.8986 608.8813 608.8685 608.8556 608.8406 608.826 608.8119 608.7974 608.7798 608.7648 608.7471 608.7322
-9999 -9999 609.7626 605.1965 604.5616 605.5266 606.9459 607.8374 607.925 608.0119 608.1021 608.1995 608.3002 608.3839 608.4744 608.5964 608.689 608.796 608.92 609.04 609.1345 609.2473 609.2512 609.2444 609.2361 609.2254 609.2191 609.2103 609.2009 609.1919 609.1826 609.175 609.164 609.1547 609.1443 609.1325 609.1227 609.1119 609.1002 609.0911 609.0792 609.067 609.0546 609.0421 609.0296 609.0165 609.004 608.9908 608.9781 608.9647 608.9515 608.9388 608.9214 608.9086 608.8956 608.8807 608.866 608.8519 608.8373 608.8198 608.8048 608.7874 608.7724
-9999 -9999 610.1349 605.5003 604.8499 605.8857 607.3051 608.4396 608.5453 608.642 608.7421 608.8479 608.9556 609.0499 609.1404 609.2751 609.3435 609.3323 609.3267 609.3183 609.3098 609.3029 609.2968 609.2892 609.2812 609.2703 609.2634 609.2545 609.2444 609.2354 609.2252 609.2179 609.2069 609.197 609.1866 609.1749 609.1645 609.1535 609.1417 609.1323 609.1204 609.1082 609.0955 609.0828 609.0704 609.057 609.0446 609.0311 609.0184 609.0051 608.9916 608.9789 608.9617 608.9487 608.9357 608.9207 608.9059 608.8918 608.8773 608.8599 608.8449 608.8276 608.8126
