samples/sfe_316/sfe_316_v7/sfe_316_v7/sfe_316_v7.asc
ncols         184
nrows         75
xllcorner     96.199999999255
yllcorner     62.60000000149
cellsize      1
NODATA_value  -9999
[rows 0 to 27 of 75, columns 0 to 62 of 184]
-9999 -9999 -9999 -9999 610.4474 610.4319 610.4169 610.4014 610.3865 610.3712 610.356 610.3407 610.3254 610.3101 610.2949 610.2798 610.2646 610.2493 610.234 610.2186 610.2034 610.188 610.173 610.1577 610.1424 610.127 610.112 610.0966 610.0812 610.0659 610.0509 610.0355 610.0205 610.0051 609.9897 609.9747 609.9592 609.9442 609.9288 609.9138 609.8984 609.8834 609.868 609.853 609.8375 609.8225 609.8076 609.7921 609.777 609.762 609.7466 609.7316 609.7166 609.7016 609.6862 609.6711 609.6563 609.6412 609.6263 609.6113 609.5963 609.5814 609.5664
-9999 -9999 -9999 -9999 610.3837 610.3667 610.3517 610.3345 610.3196 610.3034 610.2875 610.2714 610.2552 610.239 610.2233 610.2076 610.1917 610.1753 610.1589 610.1425 610.1268 610.1099 610.0948 610.0782 610.062 610.0462 610.0304 610.0137 609.9973 609.9814 609.9655 609.9489 609.9339 609.9171 609.9004 609.8854 609.8683 609.8533 609.8366 609.8216 609.8047 609.7898 609.7729 609.7579 609.7409 609.7259 609.7109 609.6938 609.6789 609.6639 609.6468 609.6318 609.6171 609.6021 609.585 609.5699 609.5553 609.5403 609.5258 609.5107 609.4957 609.4811 609.4661
-9999 -9999 -9999 610.3416 610.3201 610.3015 610.2864 610.2676 610.2526 610.2357 610.2191 610.202 610.1849 610.1677 610.1526 610.1354 610.1187 610.1013 610.0839 610.0663 610.0508 610.0317 610.0166 609.9989 609.9816 609.9662 609.9487 609.9307 609.9133 609.8979 609.8801 609.8624 609.8474 609.829 609.8112 609.7961 609.7775 609.7625 609.7444 609.7294 609.7111 609.6961 609.6778 609.6628 609.6443 609.6293 609.6143 609.5957 609.5807 609.5657 609.5469 609.532 609.5176 609.5026 609.4838 609.4688 609.4544 609.4394 609.4251 609.4102 609.3951 609.3808 609.3658
-9999 -9999 -9999 610.2794 610.2564 610.2362 610.2212 610.2007 610.1857 610.1679 610.1506 610.1337 610.1146 610.0977 610.0815 610.0633 610.0457 610.0272 610.0088 609.9902 609.9747 609.9556 609.9384 609.9195 609.9022 609.8862 609.8671 609.8478 609.8303 609.8142 609.7946 609.7758 609.7607 609.741 609.7232 609.7068 609.6866 609.6716 609.6522 609.6371 609.6175 609.6025 609.5827 609.5677 609.5477 609.5327 609.5177 609.4975 609.4825 609.4675 609.4471 609.4321 609.4181 609.4031 609.3825 609.3676 609.3535 609.3385 609.3245 609.3095 609.2945 609.2805 609.2655
-9999 -9999 -9999 610.2172 610.1927 610.1731 610.1559 610.1363 610.1188 610.1002 610.0822 610.0657 610.0444 610.0279 610.0103 609.9911 609.9727 609.9532 609.9337 609.9141 609.8987 609.8795 609.8602 609.8401 609.8229 609.8058 609.7855 609.7648 609.7473 609.7302 609.7092 609.6898 609.6742 609.6529 609.6351 609.6174 609.5958 609.5807 609.5599 609.5449 609.5239 609.5089 609.4876 609.4726 609.4519 609.4361 609.4211 609.3994 609.3843 609.3693 609.3474 609.3323 609.3186 609.3036 609.2813 609.2664 609.2526 609.2376 609.2239 609.2089 609.1939 609.1802 609.1652
-9999 -9999 -9999 610.1547 610.129 610.1099 610.0907 610.0714 610.0519 610.0323 610.0148 609.9977 609.9741 609.9581 609.939 609.9189 609.8997 609.8792 609.8586 609.8379 609.8227 609.8031 609.782 609.7607 609.7437 609.7255 609.7038 609.6819 609.6644 609.6461 609.6238 609.6044 609.5876 609.5648 609.5471 609.5281 609.5054 609.4899 609.4677 609.4526 609.4302 609.4152 609.3925 609.3775 609.3568 609.3395 609.3245 609.3013 609.2862 609.2712 609.2475 609.2325 609.2191 609.2041 609.1806 609.1652 609.1517 609.1367 609.1234 609.1083 609.0934 609.0799 609.0649
-9999 -9999 610.1209 610.0922 610.0654 610.0454 610.0255 610.0053 609.985 609.9649 609.9474 609.9297 609.9042 609.8882 609.8679 609.8467 609.8267 609.8064 609.7852 609.7635 609.7466 609.726 609.7038 609.682 609.6644 609.6451 609.6221 609.599 609.5815 609.5621 609.5384 609.519 609.501 609.4767 609.459 609.4388 609.416 609.3991 609.3766 609.3604 609.3366 609.3216 609.2987 609.2824 609.2617 609.2429 609.2279 609.2047 609.188 609.1733 609.1477 609.1328 609.1196 609.1046 609.0811 609.0639 609.0508 609.0358 609.0227 609.0078 608.9931 608.9796 608.9646
-9999 -9999 610.0567 610.0296 610.0017 609.981 609.9602 609.9394 609.9182 609.8984 609.8799 609.8617 609.8364 609.8185 609.7966 609.7745 609.7538 609.7339 609.712 609.6893 609.6705 609.649 609.6255 609.604 609.5852 609.5647 609.5405 609.5164 609.4985 609.478 609.453 609.4336 609.4144 609.3897 609.371 609.3495 609.3267 609.3085 609.2859 609.2682 609.2433 609.228 609.2051 609.1873 609.1666 609.1463 609.1313 609.1081 609.0898 609.0754 609.0493 609.033 609.0201 609.0051 608.9816 608.9627 608.95 608.9349 608.9221 608.9071 608.8928 608.8793 608.8643
-9999 -9999 609.9942 609.9671 609.9396 609.9177 609.895 609.8747 609.8513 609.832 609.8125 609.7935 609.7687 609.7483 609.7254 609.7023 609.682 609.6614 609.6388 609.6151 609.5944 609.5719 609.5474 609.5259 609.5059 609.4843 609.4589 609.4352 609.4156 609.394 609.3676 609.3481 609.3278 609.3031 609.283 609.2603 609.2374 609.2179 609.1954 609.176 609.151 609.1343 609.1115 609.0922 609.0715 609.0497 609.0347 609.0115 608.9916 608.9775 608.9515 608.9331 608.9205 608.9056 608.8821 608.8615 608.8491 608.834 608.8215 608.8065 608.7925 608.779 608.764
-9999 -9999 609.9318 609.9045 609.8774 609.8546 609.8297 609.8099 609.7844 609.7655 609.7451 609.725 609.7009 609.678 609.6542 609.6307 609.6102 609.5889 609.5656 609.5408 609.5182 609.4949 609.4692 609.4479 609.4267 609.4039 609.3781 609.354 609.3326 609.31 609.2838 609.2628 609.2413 609.2166 609.1949 609.1709 609.1481 609.1273 609.1047 609.0837 609.0588 609.0406 609.0178 608.9971 608.9764 608.9531 608.9381 608.9149 608.8935 608.8796 608.8536 608.8333 608.821 608.8061 608.7826 608.7603 608.7482 608.7332 608.7209 608.7059 608.6922 608.6787 608.6637
-9999 -9999 609.8696 609.842 609.8152 609.7914 609.7649 609.7452 609.7185 609.699 609.6777 609.6566 609.6323 609.6077 609.583 609.5599 609.5384 609.5165 609.4924 609.4666 609.4421 609.4188 609.3922 609.3699 609.3474 609.3235 609.2981 609.2728 609.2497 609.2262 609.2003 609.1774 609.1547 609.1299 609.1068 609.0827 609.0588 609.0367 609.0142 608.9915 608.9666 608.947 608.9242 608.902 608.8813 608.8564 608.8415 608.8183 608.7953 608.7817 608.7585 608.7451 608.6426 608.6277 608.6157 608.5415 608.4166 608.4016 608.3896 608.3746 608.3611 608.3475 608.3381
-9999 609.8367 609.8074 609.7795 609.7531 609.7282 609.702 609.6805 609.6541 609.6325 609.6103 609.5881 609.5634 609.5375 609.5126 609.4892 609.4666 609.444 609.4192 609.3924 609.3659 609.3428 609.316 609.2918 609.2682 609.244 609.2181 609.1915 609.1667 609.1432 609.1167 609.0919 609.0682 609.0433 609.0188 608.9946 608.9695 608.946 608.9235 608.91 608.8036 608.6993 608.5907 608.515 608.3749 608.3343 608.1895 608.1516 608.0847 607.9543 607.9406 607.8564 607.754 607.739 607.727 607.6718 607.5469 607.5319 607.5199 607.5049 607.4915 607.4775 607.4869
-9999 609.7719 609.7452 609.7169 609.6909 609.665 609.639 609.6158 609.5896 609.566 609.5428 609.5197 609.4954 609.4672 609.4428 609.4185 609.3948 609.3715 609.346 609.3182 609.2897 609.2667 609.2399 609.2137 609.1889 609.1647 609.1381 609.1104 609.0838 609.0603 609.0345 609.0211 608.9058 608.7635 608.6435 608.5115 608.3817 608.2641 608.1194 608.0214 607.8779 607.7886 607.6606 607.6008 607.4553 607.4258 607.2809 607.243 607.1761 607.0458 607.0317 606.9677 606.8653 606.8503 606.8383 606.8021 606.6772 606.6623 606.6503 606.6353 606.6218 606.6075 606.6358
-9999 609.7094 609.683 609.6544 609.6287 609.6019 609.5761 609.5511 609.5251 609.4996 609.4753 609.4517 609.4274 609.3978 609.373 609.3477 609.323 609.299 609.2721 609.2432 609.2141 609.1907 609.1638 609.1357 609.1185 609.035 608.8829 608.7239 608.5725 608.4336 608.2996 608.1447 608.0256 607.8734 607.7414 607.6037 607.4768 607.3563 607.2115 607.1071 606.9635 606.8777 606.7326 606.6867 606.5411 606.5034 606.3724 606.3345 606.2676 606.1373 606.1228 606.079 605.9766 605.9617 605.9496 605.9325 605.8076 605.7926 605.7806 605.7656 605.7521 605.7378 605.7846
-9999 609.6469 609.6208 609.592 609.5665 609.5388 609.5132 609.4864 609.4607 609.4331 609.4076 609.3843 609.3594 609.33 609.3032 609.277 609.2512 609.2265 609.2054 609.097 608.9255 608.799 608.6378 608.4802 608.3348 608.2031 608.0484 607.8776 607.7149 607.5796 607.435 607.2682 607.1441 606.9833 606.8394 606.6976 606.5719 606.4481 606.3037 606.1933 606.0491 605.9664 605.8218 605.7726 605.627 605.5737 605.4639 605.426 605.3458 605.2288 605.2139 605.1904 605.088 605.073 605.061 605.046 604.9379 604.9229 604.9109 604.8959 604.8824 604.8866 604.9335
-9999 609.5844 609.5587 609.5296 609.5042 609.4756 609.4503 609.4217 609.3959 609.3666 609.3405 609.3168 609.2925 609.2244 609.0801 608.9379 608.796 608.647 608.5046 608.3314 608.1472 608.0029 607.8398 607.6635 607.5265 607.3712 607.2139 607.0314 606.8672 606.722 606.5704 606.3941 606.2568 606.0931 605.9551 605.7955 605.667 605.5399 605.3959 605.2795 605.1348 605.055 604.911 604.8585 604.7129 604.644 604.5554 604.5175 604.4161 604.3201 604.3052 604.2917 604.1993 604.1843 604.1723 604.1573 604.0682 604.0532 604.0412 604.0262 604.0125 604.0354 604.0823
609.5526 609.522 609.4965 609.4672 609.4418 609.4124 609.3868 609.3645 609.2658 609.0938 608.9661 608.8281 608.6855 608.5156 608.3508 608.195 608.0454 607.8991 607.7401 607.5644 607.3682 607.2068 607.0512 606.8535 606.7151 606.5394 606.3795 606.2018 606.0291 605.8644 605.7054 605.5403 605.3774 605.2057 605.0728 604.8934 604.7621 604.6318 604.488 604.3566 604.2204 604.1421 604.0002 603.9292 603.7988 603.7144 603.6469 603.6089 603.4865 603.4112 603.3967 603.3832 603.3106 603.2957 603.2836 603.2687 603.1985 603.1836 603.1716 603.1566 603.1425 603.1843 603.2311
609.487 609.4597 609.4395 609.3284 609.2032 609.0271 608.9008 608.7228 608.5952 608.4135 608.2764 608.1266 607.9714 607.8068 607.6215 607.4545 607.311 607.1573 606.9755 606.7974 606.5892 606.4108 606.2734 606.0692 605.8985 605.7075 605.5503 605.3745 605.1828 605.0068 604.8401 604.6822 604.501 604.3217 604.1707 603.9914 603.8572 603.7236 603.5802 603.4355 603.3064 603.2128 603.0891 602.9999 602.8846 602.7847 602.7383 602.7004 602.5568 602.5023 602.4882 602.4747 602.4219 602.407 602.395 602.38 602.3289 602.3139 602.3019 602.2869 602.2725 602.3331 602.3799
609.1273 608.9864 608.8674 608.6927 608.5657 608.3945 608.2328 608.0688 607.9197 607.7437 607.5865 607.425 607.2574 607.1111 606.8981 606.7468 606.5704 606.4068 606.2109 606.0337 605.8351 605.6345 605.4881 605.2712 605.0818 604.8918 604.7316 604.5473 604.3365 604.1492 603.9748 603.8176 603.6246 603.4377 603.2805 603.0893 602.9523 602.8154 602.6724 602.5276 602.3926 602.2834 602.1776 602.0706 601.9705 601.8551 601.8298 601.7919 601.6471 601.5934 601.5797 601.5662 601.5333 601.5183 601.5063 601.4913 601.4592 601.4442 601.4322 601.4172 601.4025 601.4819 601.5288
608.5259 608.3788 608.2432 608.0706 607.9249 607.7596 607.5649 607.4128 607.2442 607.0738 606.8967 606.7238 606.5741 606.4092 606.197 606.0263 605.8275 605.6563 605.4464 605.2776 605.0873 604.8604 604.692 604.4785 604.2651 604.0858 603.912 603.72 603.4982 603.2996 603.1087 602.9528 602.7504 602.5557 602.3912 602.1898 602.0474 601.9072 601.7645 601.6198 601.4789 601.3541 601.2662 601.1413 601.0564 600.9255 600.9105 600.8834 600.7905 600.769 600.7491 600.7352 600.7198 600.7048 600.6929 600.6779 600.6628 600.6479 600.6359 600.6208 600.6195 600.6307 600.6776
607.9133 607.768 607.6191 607.4481 607.284 607.1248 606.9108 606.7643 606.5687 606.4162 606.21 606.0555 605.8901 605.6952 605.4882 605.297 605.0845 604.9058 604.7031 604.5215 604.3279 604.0814 603.896 603.7112 603.4703 603.2797 603.0801 602.8876 602.671 602.4636 602.2592 602.0875 601.8966 601.6829 601.5072 601.3074 601.1425 600.999 600.9344 600.9122 600.8793 600.8476 600.817 600.7933 600.7601 600.736 600.6995 600.6862 600.6711 600.6395 600.6195 600.6022 600.5836 600.5687 600.5563 600.5413 600.5266 600.5117 600.4993 600.4843 600.4913 600.4793 600.4662
608.1197 607.157 606.995 606.8359 606.6451 606.5046 606.3022 606.1026 605.9211 605.7628 605.5517 605.3873 605.1886 604.9811 604.7915 604.5676 604.3726 604.1737 603.9691 603.7654 603.5613 603.3273 603.1146 602.9333 602.6931 602.4736 602.2571 602.0555 601.8438 601.6277 601.4095 601.2222 601.0428 600.997 600.9602 600.9185 600.8831 600.8496 600.8186 600.7842 600.7534 600.7236 600.6929 600.667 600.6326 600.6073 600.5708 600.5535 600.5385 600.5099 600.49 600.4692 600.4476 600.4324 600.4197 600.4047 600.3904 600.3754 600.3627 600.3489 600.3564 600.3427 600.3258
608.4919 606.546 606.3718 606.2292 606.0325 605.8805 605.6812 605.4346 605.2656 605.0901 604.8818 604.6996 604.4871 604.2938 604.1002 603.8697 603.6649 603.4532 603.235 603.0093 602.8052 602.5795 602.3439 602.151 601.9058 601.6676 601.451 601.2368 601.0785 601.04 600.9916 600.9519 600.9146 600.8704 600.8351 600.7964 600.7583 600.7226 600.6917 600.6562 600.6275 600.5999 600.5687 600.5428 600.5051 600.4786 600.4421 600.4209 600.4059 600.3804 600.3605 600.3363 600.3146 600.2962 600.2831 600.2681 600.2542 600.2392 600.2261 600.2139 600.2214 600.2061 600.1854
608.8641 605.9481 605.7742 605.6225 605.41 605.2396 605.0463 604.8139 604.618 604.4146 604.2233 604.0098 603.8132 603.6141 603.4088 603.1696 602.9571 602.717 602.5009 602.2457 602.0491 601.8317 601.5731 601.3687 601.1385 601.0966 601.0442 600.994 600.9476 600.9053 600.8577 600.8168 600.785 600.7438 600.71 600.6743 600.6335 600.5981 600.5646 600.5282 600.5016 600.474 600.4446 600.4187 600.3776 600.3499 600.3135 600.2883 600.2733 600.2509 600.2309 600.2033 600.1816 600.16 600.1465 600.1315 600.118 600.103 600.0895 600.079 600.0865 600.0696 600.045
609.2363 605.3657 605.1766 605.0036 604.7986 604.5988 604.4253 604.2026 603.9724 603.7634 603.5699 603.3481 603.145 602.9346 602.7048 602.4719 602.2431 601.9985 601.7661 601.5071 601.293 601.1835 601.1108 601.0516 601.0026 600.9432 600.8928 600.8467 600.804 600.766 600.7237 600.6817 600.6554 600.6171 600.585 600.5504 600.5088 600.4736 600.4377 600.4003 600.3757 600.3481 600.3205 600.2944 600.2501 600.2213 600.1848 600.1557 600.1407 600.1213 600.1011 600.0709 600.0486 600.0238 600.0099 599.9949 599.9818 599.9668 599.9529 599.944 599.9503 599.933 599.9047
609.6086 604.7832 604.5756 604.3795 604.1919 603.9877 603.806 603.5904 603.3118 603.1185 602.9166 602.6899 602.4767 602.2505 602.0134 601.7805 601.5367 601.2907 601.2052 601.1404 601.0646 601.0048 600.9302 600.8743 600.8458 600.792 600.7415 600.6994 600.6614 600.6243 600.5898 600.5466 600.5215 600.4905 600.4598 600.4258 600.3846 600.3492 600.3107 600.2723 600.2474 600.2222 600.197 600.1682 600.1245 600.0925 600.0561 600.023 600.0081 599.9918 599.9713 599.941 599.9157 599.8876 599.8734 599.8583 599.8455 599.8306 599.8163 599.8091 599.8137 599.7964 599.7643
-9999 604.6606 603.9645 603.7672 603.5851 603.3718 603.1868 602.9679 602.7153 602.4718 602.2604 602.0304 601.8085 601.5708 601.3338 601.2477 601.1714 601.0989 601.0237 600.9575 600.882 600.8191 600.7515 600.697 600.6852 600.6396 600.5876 600.5521 600.5189 600.4832 600.4547 600.4114 600.3864 600.3602 600.3348 600.3006 600.2625 600.2248 600.1849 600.1464 600.1186 600.0963 600.0735 600.0419 600.0003 599.9639 599.9274 599.891 599.8754 599.8604 599.8414 599.8112 599.7827 599.7513 599.7368 599.7217 599.7094 599.6943 599.6797 599.6742 599.6771 599.6598 599.6239
-9999 605.0328 603.3703 603.1696 602.9785 602.7612 602.5544 602.3461 602.103 601.8324 601.6057 601.3771 601.2908 601.2078 601.1321 601.0545 600.9835 600.9073 600.8431 600.7712 600.6993 600.6295 600.5728 600.5197 600.5173 600.4802 600.4297 600.4029 600.3763 600.3442 600.3172 600.2738 600.2513 600.2283 600.2078 600.1755 600.1389 600.1003 600.0604 600.0212 599.9897 599.9704 599.95 599.9175 599.8762 599.8352 599.7988 599.7623 599.7428 599.7278 599.7115 599.6813 599.6497 599.6151 599.6002 599.5851 599.5731 599.5582 599.5432 599.5392 599.5405 599.5232 599.4855
