samples/sfe_316/sfe_316_v7/sfe_316_v7/sfe_316_v7.asc
ncols         184
nrows         75
xllcorner     96.199999999255
yllcorner     62.60000000149
cellsize      1
NODATA_value  -9999
[rows 28 to 55 of 75, columns 63 to 125 of 184]
599.1125 599.0945 599.2035 599.294 599.243 599.312 599.1255 599.1325 599.23 599.082 598.9845 599.069 599.134 599.1345 599.0885 598.8995 599.007 598.8725 598.9265 599.0786 598.7795 598.8295 598.7185 598.525 598.7755 598.769 598.6325 598.794 598.6655 598.6875 598.8725 598.9215 599.0696 599.1648 599.2589 599.3364 599.4127 599.4921 599.5691 599.6571 599.7701 599.8341 599.9008 599.9475 600.0018 600.1227 600.2444 600.3646 600.4839 600.6012 600.678 600.7856 600.8998 601.0081 601.0872 601.2024 601.3098 601.3984 601.4854 601.5653 601.645 601.7491 601.8329
599.1165 599.0075 599.05 599.051 598.977 599.1844 599.0305 598.8635 598.906 599.1035 599.1845 598.957 598.8355 598.8605 598.826 598.772 598.922 598.841 598.868 598.975 598.74 598.815 598.7075 598.4605 598.653 598.802 598.715 598.692 598.4845 598.3715 598.464 598.6485 598.7155 598.7665 598.963 598.9662 599.0364 599.1094 599.2192 599.335 599.4689 599.5322 599.592 599.6229 599.6684 599.7332 599.7867 599.8875 599.9404 600.0503 600.1266 600.2458 600.3623 600.4619 600.5469 600.666 600.769 600.8592 600.943 601.0243 601.1001 601.2122 601.288
599.1385 599.0145 598.9495 598.892 599.0755 599.277 599.0225 598.8745 598.9155 599.078 599.161 598.9998 598.9689 598.9683 598.861 598.9115 598.837 598.8715 598.761 598.582 598.778 598.856 598.7695 598.581 598.516 598.6985 598.5415 598.392 598.3875 598.2935 598.4865 598.685 598.453 598.4901 598.6151 598.69 598.492 598.4325 598.8905 599.0642 599.1741 599.2304 599.2633 599.2754 599.2911 599.3383 599.3525 599.4171 599.5432 599.65 599.7178 599.7949 599.8259 599.9158 600.0104 600.1296 600.2283 600.3199 600.4006 600.4794 600.5613 600.6674 600.744
598.9835 599.1125 599.163 599.0575 599.199 599.3555 599.113 599.074 599.1915 598.9925 598.8745 599.0065 599.0645 599.0735 598.8625 598.957 598.892 598.9175 598.811 598.551 598.72 598.721 598.595 598.6555 598.6128 598.7104 598.4771 598.493 598.565 598.3815 598.506 598.622 598.323 598.15 598.194 598.389 598.3115 598.378 598.5035 598.4195 598.8682 598.9285 598.9304 598.9216 598.9137 598.9188 598.9147 598.9467 599.1133 599.2531 599.3394 599.3607 599.4048 599.4427 599.5567 599.6734 599.7525 599.7806 599.8582 599.9346 600.0266 600.1225 600.2032
599.239 599.236 599.2795 599.3275 599.351 599.3455 599.3075 599.21 599.1805 599.1015 598.9235 598.9435 598.9475 598.9175 598.8675 598.964 598.999 598.9595 598.9185 598.7296 598.651 598.7275 598.7465 598.7995 598.588 598.6235 598.486 598.5345 598.4455 598.4075 598.5015 598.4308 598.3065 598.1295 598.1495 598.1065 598.2935 598.448 598.214 598.238 598.3815 598.4846 598.2645 598.3475 598.218 598.2184 598.3525 598.2705 598.742 598.8694 598.9288 598.9265 598.9344 598.9588 599.0729 599.203 599.3291 599.4125 599.4653 599.5154 599.5967 599.6467 599.6625
599.5553 599.5429 599.5279 599.5369 599.5272 599.5121 599.5004 599.4734 599.4189 599.3556 599.319 599.3045 599.2896 599.2745 599.2415 599.063 598.7875 598.8105 598.801 598.9205 598.955 598.6935 598.553 598.77 598.6575 598.6105 598.4725 598.515 598.4545 598.262 598.258 598.4735 598.307 598.2945 598.412 598.215 598.263 598.3985 598.1666 597.926 597.9565 598.205 598.112 598.0855 597.971 597.834 597.87 598.0569 598.168 598.323 598.4115 598.337 598.3285 598.1555 598.484 598.7471 598.9042 598.9933 599.0536 599.1112 599.1706 599.235 599.2966
599.6993 599.6907 599.675 599.6811 599.6745 599.6595 599.6513 599.6245 599.5715 599.5292 599.494 599.4847 599.4697 599.4547 599.4145 599.3759 599.2982 599.195 598.989 598.9895 598.9805 598.781 598.6535 598.7715 598.8005 598.631 598.519 598.423 598.592 598.5204 598.3835 598.5665 598.3785 598.197 598.446 598.531 598.2495 598.3095 598.1825 597.999 598.0295 598.1335 598.1495 597.9875 597.9606 597.832 597.809 597.8285 597.8435 597.994 598.035 597.864 597.9805 597.8825 598.021 598.195 598.276 598.5395 598.634 598.7061 598.7433 598.8234 598.878
599.8432 599.8384 599.8224 599.8253 599.8218 599.8068 599.8022 599.7754 599.717 599.7029 599.669 599.6617 599.6498 599.6348 599.5952 599.5726 599.4907 599.4116 599.3477 599.2699 599.2323 599.1684 599.0975 599.006 598.7435 598.844 598.892 598.6395 598.6855 598.8015 598.75 598.7885 598.575 598.387 598.54 598.6075 598.331 598.493 598.43 598.379 598.4375 598.1745 598.0545 598.1745 598.1385 598.0699 598.0735 598.0595 597.9715 597.8019 597.626 597.605 597.8215 597.7835 597.8715 597.841 597.76 597.727 597.754 597.8335 598.1205 598.0965 598.281
599.9872 599.9862 599.9698 599.9695 599.9692 599.9542 599.9532 599.9263 599.875 599.8765 599.844 599.8363 599.83 599.815 599.7814 599.7692 599.6833 599.6357 599.6016 599.5358 599.5115 599.4568 599.3978 599.3905 599.3237 599.2479 599.1337 599.0834 599.0684 599.0504 599.1072 599.0922 599.0772 599.0622 599.0368 598.9578 598.9442 598.9509 598.9945 599.0182 598.9748 598.874 598.647 598.525 598.1825 597.944 598.131 598.26 597.97 597.7585 597.7345 597.6395 597.815 597.8845 597.7495 597.7355 597.751 597.629 597.5775 597.734 597.837 597.86 597.8995
600.1312 600.133 600.1175 600.1137 600.1166 600.1016 600.1021 600.0773 600.0397 600.0436 600.019 600.0108 600.0102 599.9952 599.9675 599.9659 599.9041 599.8683 599.8555 599.8058 599.7908 599.7508 599.708 599.7007 599.6728 599.6212 599.5294 599.5131 599.498 599.4493 599.4796 599.4645 599.4495 599.4345 599.3957 599.3301 599.3165 599.2785 599.3044 599.3276 599.2719 599.1939 599.0859 598.9229 598.6445 598.152 598.352 598.488 598.2165 598.176 598.189 597.8795 597.934 597.784 597.6245 597.5835 597.608 597.7165 597.725 597.5585 597.6091 597.5895 597.597
600.2751 600.277 600.2653 600.2579 600.264 600.249 600.2494 600.2282 600.2044 600.2108 600.194 600.1854 600.1904 600.1754 600.1547 600.1616 600.1274 600.0992 600.1093 600.085 600.07 600.0447 600.0183 600.011 600.0219 599.9945 599.9601 599.9427 599.9131 599.8483 599.8519 599.8369 599.8218 599.8068 599.7552 599.7024 599.6883 599.6331 599.6321 599.6371 599.5689 599.519 599.4073 599.3207 599.1486 599.0645 598.9882 599.0117 598.9923 598.8826 598.7155 598.2155 598.1965 598.09 597.9445 597.823 597.9785 597.8975 597.7255 597.5815 597.7325 597.8055 597.739
600.4191 600.4209 600.413 600.4021 600.4111 600.3963 600.3968 600.3865 600.3691 600.378 600.369 600.3599 600.3705 600.3555 600.3434 600.3435 600.3857 600.3806 600.3889 600.4589 600.4685 600.4501 600.4351 600.4167 600.4374 600.5024 600.4871 600.4131 600.3295 600.3116 600.2966 600.2787 600.261 600.1782 600.112 600.0961 600.0225 599.9984 599.9598 599.9465 599.8696 599.843 599.759 599.706 599.5849 599.5054 599.4536 599.4095 599.3832 599.2805 599.1251 598.9598 598.8626 598.8028 598.7751 598.752 598.6782 598.5935 598.3365 597.98 598.08 597.8715 597.7155
600.5631 600.5625 600.546 600.6111 600.6059 600.7051 600.7215 600.7802 600.8436 600.8286 600.8937 600.9315 600.9282 601.017 601.0121 601.0036 601.0865 601.0814 601.0686 601.1385 601.1453 601.1154 601.1003 601.0708 601.0771 601.1405 601.1103 601.033 600.9526 600.9252 600.9049 600.8828 600.8561 600.7689 600.7071 600.6813 600.5939 600.5273 600.4836 600.3974 600.3489 600.2637 600.1916 600.1066 600.0131 599.9355 599.8725 599.8226 599.7741 599.6989 599.5762 599.4421 599.3554 599.2711 599.2369 599.1705 599.0798 598.9791 598.8784 598.7761 598.6614 598.5752 598.5185
601.316 601.3129 601.3627 601.4276 601.4122 601.5049 601.5216 601.5643 601.6277 601.6008 601.6479 601.6857 601.6548 601.7436 601.7384 601.7044 601.7874 601.7822 601.7483 601.8182 601.8221 601.7806 601.765 601.7249 601.7167 601.7738 601.7335 601.6528 601.5759 601.5388 601.5077 601.4869 601.4484 601.3596 601.3021 601.2599 601.1726 601.1049 601.0529 600.9656 600.9111 600.8258 600.7517 600.6659 600.5663 600.4849 600.4012 600.3104 600.2151 600.1225 600.0062 599.9059 599.8039 599.7365 599.6666 599.5684 599.4896 599.3793 599.2975 599.1804 599.0829 599.001 598.9064
602.1497 602.1466 602.1794 602.244 602.229 602.3047 602.3217 602.3484 602.4118 602.3696 602.4022 602.4399 602.3865 602.4701 602.4647 602.4115 602.4882 602.483 602.4297 602.4979 602.4988 602.4459 602.4191 602.379 602.3564 602.4072 602.3566 602.2726 602.1991 602.1524 602.1104 602.091 602.0391 601.9503 601.8856 601.8386 601.7513 601.6826 601.6223 601.5306 601.4732 601.3875 601.3119 601.2158 601.1194 601.0342 600.9505 600.8571 600.7585 600.6653 600.5441 600.4481 600.339 600.2258 600.1096 599.9802 599.868 599.7344 599.6925 599.5861 599.5045 599.3989 599.3242
602.9835 602.9803 602.9962 603.0604 603.0454 603.1046 603.1218 603.1325 603.1959 603.1383 603.1564 603.1942 603.1387 603.1967 603.191 603.1254 603.1889 603.1838 603.1181 603.1776 603.1686 603.1111 603.0732 603.0331 602.9961 603.0405 602.9793 602.8924 602.8223 602.7661 602.7132 602.6933 602.6298 602.5399 602.4673 602.4172 602.3282 602.2602 602.1917 602.0933 602.0353 601.9475 601.872 601.7665 601.6725 601.5835 601.4998 601.4036 601.3019 601.2047 601.0827 600.9902 600.874 600.765 600.6387 600.5193 600.397 600.2736 600.1585 600.0287 599.9146 599.7826 599.6723
603.8172 603.8141 603.8129 603.8768 603.8618 603.9044 603.9219 603.9166 603.98 603.907 603.9106 603.9484 603.8909 603.9232 603.9172 603.8439 603.8897 603.8845 603.8066 603.8572 603.8339 603.7763 603.7273 603.6873 603.6358 603.6738 603.6021 603.5118 603.4455 603.3796 603.3159 603.2871 603.2204 603.1262 603.0491 602.9959 602.9046 602.8378 602.761 602.656 602.5974 602.5087 602.4321 602.3196 602.222 602.1328 602.0456 601.9503 601.8454 601.7427 601.6248 601.5311 601.4091 601.3042 601.1677 601.0585 600.926 600.8128 600.6911 600.5692 600.4454 600.323 600.2031
604.6509 604.6479 604.6313 604.6933 604.6783 604.7042 604.722 604.7054 604.7642 604.6758 604.6649 604.7027 604.643 604.6498 604.6435 604.5645 604.5905 604.5853 604.4964 604.5369 604.4991 604.4415 604.3814 604.34 604.2755 604.2972 604.2245 604.1294 604.061 603.9933 603.9187 603.8809 603.8111 603.7125 603.6308 603.5746 603.481 603.4154 603.3299 603.2216 603.1595 603.0773 602.9921 602.8728 602.769 602.6821 602.5911 602.4969 602.3888 602.2806 602.167 602.0662 601.9482 601.8434 601.7026 601.5977 601.4568 601.352 601.2236 601.1096 600.9762 600.8634 600.7339
605.4847 605.4816 605.4648 605.5097 605.4947 605.504 605.5222 605.5052 605.5482 605.4446 605.4191 605.457 605.3952 605.3763 605.3698 605.2852 605.2913 605.2861 605.1894 605.2166 605.1644 605.1068 605.0355 604.9875 604.9152 604.9203 604.8443 604.7469 604.6733 604.6069 604.5224 604.4747 604.4017 604.2988 604.2138 604.1532 604.0651 603.9859 603.8964 603.7908 603.7217 603.6375 603.542 603.4259 603.3174 603.2314 603.1367 603.0355 602.9323 602.8186 602.7092 602.6013 602.4874 602.373 602.2418 602.1314 601.996 601.8912 601.7583 601.65 601.5131 601.4038 601.2679
606.3185 606.3154 606.2982 606.3261 606.3112 606.3038 606.3222 606.3051 606.3323 606.2133 606.1849 606.2112 606.1474 606.1028 606.0961 606.0058 605.9921 605.986 605.8824 605.8962 605.8296 605.772 605.6896 605.6349 605.5548 605.5436 605.4641 605.3645 605.2856 605.2205 605.1265 605.0685 604.9924 604.8876 604.7999 604.7312 604.6361 604.5552 604.463 604.3599 604.2825 604.1976 604.0919 603.979 603.8667 603.7808 603.6832 603.5718 603.4732 603.3566 603.2513 603.1364 603.0266 602.902 602.7809 602.6604 602.5352 602.4304 602.2963 602.1855 602.0511 601.9432 601.8059
607.1522 607.1491 607.1317 607.1426 607.1276 607.11 607.1223 607.1049 607.109 606.9821 606.9534 606.9655 606.8995 606.8294 606.8223 606.7265 606.6929 606.679 606.5754 606.5746 606.4949 606.4373 606.3437 606.2824 606.1945 606.1667 606.0839 605.9821 605.8978 605.8302 605.7305 605.6624 605.5831 605.4827 605.386 605.3076 605.2071 605.1246 605.0295 604.929 604.8425 604.7577 604.6418 604.5322 604.416 604.3301 604.2299 604.1117 604.0132 603.8946 603.7935 603.6714 603.5658 603.4311 603.3201 603.1895 603.0744 602.9695 602.8359 602.7163 602.5897 602.474 602.3439
607.986 607.9828 607.9651 607.959 607.944 607.9262 607.9224 607.9047 607.8777 607.7508 607.7221 607.7197 607.6517 607.5559 607.5486 607.4471 607.3937 607.372 607.2685 607.2513 607.1601 607.0964 606.9978 606.9299 606.8342 606.79 606.7037 606.5996 606.5101 606.4329 606.3347 606.2562 606.1705 606.0721 605.9722 605.884 605.7781 605.694 605.5961 605.4933 605.4025 605.3179 605.1917 605.0816 604.9653 604.8793 604.7764 604.6552 604.5533 604.4326 604.3286 604.2098 604.105 603.9642 603.8593 603.7184 603.6136 603.5021 603.3763 603.2496 603.1301 603.0048 602.884
608.5936 608.5786 608.5606 608.5427 608.5276 608.5097 608.4932 608.4731 608.4536 608.4356 608.4181 608.3985 608.382 608.2915 608.2749 608.1678 608.1006 608.0651 607.9615 607.9254 607.8254 607.7505 607.6519 607.5773 607.4814 607.4132 607.3226 607.2172 607.1224 607.0357 606.9387 606.85 606.7568 606.6538 606.5552 606.4604 606.3491 606.2607 606.1599 606.0554 605.9625 605.8682 605.7416 605.6287 605.5146 605.4248 605.3231 605.1985 605.0931 604.9705 604.8636 604.749 604.6364 604.5034 604.3948 604.2577 604.1528 604.0347 603.9167 603.7876 603.6705 603.5424 603.4244
608.6339 608.6189 608.6011 608.5832 608.5682 608.5504 608.5339 608.5138 608.4948 608.4769 608.4594 608.4392 608.4182 608.3986 608.3784 608.3605 608.3403 608.3204 608.3001 608.2799 608.2586 608.2372 608.217 608.2005 608.1288 608.0364 607.9401 607.8348 607.7346 607.6384 607.5428 607.4438 607.3431 607.2355 607.1339 607.0369 606.92 606.8273 606.7225 606.6175 606.5225 606.4181 606.2916 606.1757 606.064 605.9704 605.8664 605.741 605.6311 605.5124 605.3987 605.2882 605.1655 605.0425 604.9238 604.7969 604.692 604.5708 604.4564 604.3256 604.2109 604.0804 603.9648
608.6743 608.6592 608.6415 608.6238 608.6088 608.5911 608.5745 608.5545 608.5359 608.5181 608.5006 608.4805 608.46 608.4404 608.4202 608.4028 608.3827 608.3632 608.343 608.3228 608.3018 608.2809 608.2593 608.238 608.2156 608.1948 608.174 608.1505 608.1286 608.1065 608.0865 608.0376 607.9295 607.8173 607.7106 607.6133 607.491 607.3939 607.2853 607.1775 607.0825 606.968 606.8415 606.7227 606.6133 606.5159 606.4027 606.2811 606.1691 606.0546 605.9338 605.8275 605.6945 605.5817 605.4529 605.3361 605.2312 605.1088 604.9872 604.8635 604.7449 604.6184 604.5026
608.7146 608.6996 608.6819 608.6644 608.6494 608.6318 608.6152 608.5952 608.577 608.5594 608.5419 608.5217 608.5019 608.4822 608.462 608.4452 608.425 608.406 608.3857 608.366 608.345 608.3245 608.303 608.282 608.2596 608.2394 608.2189 608.1953 608.174 608.1523 608.1286 608.1074 608.084 608.0598 608.0372 608.0154 607.992 607.9604 607.848 607.7375 607.6434 607.5179 607.3918 607.2698 607.1626 607.0615 606.9391 606.8211 606.707 606.5909 606.4714 606.3666 606.2258 606.1209 605.9819 605.8752 605.7704 605.6467 605.5241 605.4015 605.2789 605.1564 605.0338
608.7549 608.7399 608.7224 608.7049 608.6899 608.6724 608.6559 608.6359 608.6182 608.6006 608.5831 608.563 608.5437 608.524 608.5041 608.4875 608.4673 608.4488 608.4285 608.4093 608.3881 608.3682 608.3467 608.3261 608.3037 608.2841 608.2637 608.2401 608.2194 608.1981 608.1752 608.1537 608.1305 608.107 608.085 608.0632 608.0371 608.0146 607.9918 607.9669 607.9404 607.9154 607.8975 607.8184 607.7119 607.6071 607.4755 607.3612 607.245 607.126 607.0106 606.8998 606.765 606.6582 606.5193 606.4144 606.3096 606.1847 606.0621 605.9395 605.8169 605.6943 605.5717
608.7952 608.7802 608.7628 608.7455 608.7305 608.7131 608.6966 608.6765 608.6593 608.6419 608.6244 608.6042 608.5856 608.5659 608.5464 608.5298 608.5096 608.4916 608.4713 608.4526 608.4313 608.4119 608.3903 608.3702 608.3482 608.3287 608.3085 608.2853 608.2648 608.2439 608.2218 608.2001 608.177 608.1542 608.1328 608.111 608.0847 608.0635 608.0406 608.0164 607.9899 607.9663 607.944 607.9191 607.8959 607.8707 607.8436 607.8195 607.783 607.6611 607.5499 607.4289 607.3041 607.1873 607.0585 606.9536 606.8457 606.7238 606.6001 606.4776 606.3549 606.2323 606.1097
