samples/sfe_316/sfe_316_v7/sfe_316_v7/sfe_316_v7.asc
ncols         184
nrows         75
xllcorner     96.199999999255
yllcorner     62.60000000149
cellsize      1
NODATA_value  -9999
[rows 0 to 27 of 75, columns 63 to 125 of 184]
609.5515 609.5365 609.5215 609.5066 609.4917 609.4767 609.4617 609.4468 609.4319 609.4169 609.4019 609.3875 609.3726 609.3576 609.3426 609.3282 609.3133 609.2983 609.2839 609.2689 609.2545 609.2395 609.2245 609.21 609.195 609.1806 609.1656 609.1511 609.136 609.1216 609.1071 609.092 609.0775 609.063 609.048 609.0333 609.0187 609.0038 608.9891 608.9744 608.9598 608.9449 608.9302 608.9155 608.9009 608.8859 608.8712 608.8564 608.8417 608.827 608.8123 608.7976 608.7828 608.7681 608.7531 608.7383 608.7236 608.7088 608.694 608.6793 608.6644 608.6495 608.6349
609.4515 609.4365 609.4219 609.4069 609.3923 609.3773 609.3627 609.3477 609.3331 609.3181 609.3044 609.291 609.276 609.2614 609.2463 609.2341 609.2192 609.2042 609.1918 609.1768 609.1644 609.1494 609.1354 609.1218 609.1078 609.0943 609.08 609.0662 609.0522 609.0385 609.0256 609.0106 608.9974 608.9844 608.9694 608.9561 608.943 608.928 608.9145 608.901 608.8877 608.8734 608.8591 608.8455 608.8321 608.8171 608.8041 608.7896 608.7758 608.7623 608.7484 608.7345 608.7206 608.7066 608.6917 608.6779 608.6639 608.6498 608.6359 608.6221 608.6077 608.5935 608.5794
609.3515 609.3365 609.3222 609.3072 609.2929 609.2779 609.2635 609.2485 609.2343 609.2192 609.2078 609.1944 609.1794 609.1651 609.1501 609.14 609.125 609.1102 609.0997 609.0847 609.0743 609.0593 609.0472 609.0337 609.0214 609.0079 608.9952 608.9814 608.9691 608.9554 608.9442 608.9292 608.9173 608.9059 608.8909 608.8788 608.8672 608.8522 608.8399 608.8275 608.8156 608.8027 608.7881 608.7755 608.7633 608.7483 608.7378 608.7228 608.7099 608.6974 608.6845 608.6714 608.6583 608.6452 608.6302 608.6175 608.6042 608.5909 608.5776 608.5655 608.5508 608.5374 608.5239
609.2515 609.2365 609.2225 609.2075 609.1935 609.1785 609.1645 609.1495 609.1354 609.1205 609.1112 609.0978 609.0828 609.0688 609.0538 609.0458 609.0309 609.0181 609.0076 608.9926 608.9842 608.9692 608.959 608.9455 608.9351 608.9216 608.9104 608.8965 608.886 608.8723 608.8627 608.8478 608.8372 608.8274 608.8124 608.8016 608.7914 608.7764 608.7653 608.7541 608.7435 608.7321 608.717 608.7055 608.6946 608.6796 608.671 608.6559 608.6453 608.6327 608.6206 608.6084 608.5961 608.5838 608.5707 608.5585 608.5459 608.5333 608.5194 608.5089 608.494 608.4813 608.4684
609.1515 609.1365 609.1228 609.1078 609.0941 609.0791 609.0654 609.0504 609.0367 609.0217 609.0146 609.0012 608.9863 608.9725 608.9589 608.9517 608.9368 608.926 608.9156 608.9006 608.8941 608.8791 608.8708 608.8573 608.8488 608.8353 608.8256 608.8118 608.8029 608.7891 608.7813 608.7673 608.7571 608.7488 608.7339 608.7243 608.7156 608.7006 608.6911 608.6806 608.6714 608.661 608.6469 608.6356 608.6258 608.6108 608.6041 608.5905 608.5808 608.5679 608.5566 608.5453 608.5339 608.5223 608.5112 608.4995 608.4877 608.4758 608.4622 608.4522 608.4373 608.4252 608.413
609.0515 609.0365 609.0231 609.0081 608.9947 608.9797 608.9662 608.9512 608.9379 608.9229 608.9181 608.9047 608.8897 608.8763 608.8648 608.8575 608.8426 608.8339 608.8235 608.8085 608.804 608.789 608.7827 608.7691 608.7625 608.7489 608.7407 608.7269 608.7198 608.7064 608.6999 608.6874 608.6771 608.6703 608.6553 608.647 608.6398 608.6256 608.6178 608.6072 608.5992 608.59 608.5774 608.5668 608.557 608.5444 608.5373 608.5255 608.5163 608.5031 608.4927 608.4823 608.4717 608.4609 608.4511 608.4402 608.4291 608.418 608.4055 608.3954 608.3804 608.3702 608.3575
608.9515 608.9365 608.9234 608.9084 608.8953 608.8802 608.8672 608.8522 608.8391 608.8241 608.8215 608.8081 608.7932 608.78 608.7707 608.7634 608.7485 608.7418 608.7314 608.7184 608.7139 608.6989 608.6945 608.681 608.6761 608.6626 608.6559 608.6421 608.6367 608.625 608.6184 608.6075 608.597 608.5918 608.5773 608.571 608.564 608.5519 608.5445 608.5337 608.5271 608.5189 608.5079 608.498 608.4883 608.4783 608.4705 608.4605 608.4518 608.4383 608.4288 608.4192 608.4099 608.3995 608.3907 608.3805 608.3702 608.3598 608.3488 608.3386 608.3236 608.3152 608.3021
608.8515 608.8365 608.8237 608.8087 608.7959 608.7809 608.7681 608.7531 608.7402 608.7253 608.725 608.7115 608.6966 608.6837 608.6765 608.6693 608.6543 608.6498 608.6393 608.6283 608.6238 608.6088 608.6063 608.5928 608.5898 608.5762 608.5711 608.5573 608.5536 608.5435 608.537 608.5276 608.5178 608.5133 608.501 608.4953 608.4882 608.4783 608.4712 608.4602 608.455 608.4479 608.4384 608.4293 608.4195 608.4117 608.4036 608.3954 608.3873 608.3748 608.366 608.357 608.3486 608.3381 608.3302 608.3208 608.3113 608.3016 608.2917 608.2818 608.2668 608.2601 608.2466
608.7515 608.7365 608.724 608.709 608.6965 608.6815 608.669 608.654 608.6414 608.6274 608.6284 608.615 608.6 608.5874 608.5824 608.5752 608.5602 608.5577 608.5472 608.5382 608.5338 608.5187 608.5181 608.5046 608.5034 608.4899 608.4863 608.4732 608.4705 608.4621 608.4556 608.4477 608.4392 608.4348 608.4247 608.4195 608.4124 608.4045 608.3979 608.3885 608.3829 608.3768 608.3689 608.3605 608.3507 608.3439 608.3368 608.3295 608.3229 608.3117 608.3037 608.2956 608.2874 608.2767 608.2698 608.2611 608.2523 608.2433 608.2343 608.225 608.2114 608.2051 608.1911
608.6515 608.6365 608.6243 608.6093 608.5971 608.5821 608.5699 608.5549 608.5427 608.5309 608.5318 608.5184 608.5034 608.4911 608.4883 608.481 608.4661 608.4656 608.4552 608.4481 608.4437 608.4302 608.4299 608.4176 608.4171 608.4043 608.4014 608.3901 608.3874 608.3807 608.3741 608.3678 608.3607 608.3563 608.3484 608.3437 608.3366 608.3309 608.3246 608.3168 608.3111 608.3058 608.2994 608.2917 608.282 608.2772 608.27 608.2636 608.2584 608.2486 608.2415 608.2341 608.2262 608.2152 608.2094 608.2014 608.1934 608.1852 608.1768 608.1682 608.1566 608.1501 608.1373
608.326 608.311 608.299 608.2894 608.2773 608.2674 608.2553 608.2453 608.2912 608.3784 608.3666 608.3544 608.3518 608.4045 608.3941 608.3869 608.3732 608.3735 608.3631 608.358 608.3536 608.342 608.3418 608.3313 608.3307 608.3195 608.3166 608.307 608.3043 608.2992 608.2927 608.2879 608.2822 608.2777 608.2722 608.2679 608.2609 608.2572 608.2513 608.2452 608.2404 608.2347 608.2299 608.223 608.2132 608.2108 608.2031 608.1977 608.1939 608.1855 608.1793 608.1727 608.165 608.1544 608.1491 608.1418 608.1345 608.127 608.1195 608.1114 608.1017 608.095 608.0839
607.4745 607.4596 607.4583 607.4556 607.4432 607.4503 607.4478 607.4446 607.502 607.5774 607.5822 607.584 607.5941 607.6895 607.7092 607.743 607.8387 607.8338 607.9222 607.9626 608.0202 608.0825 608.1345 608.1985 608.2444 608.2395 608.2318 608.2239 608.2212 608.2178 608.2116 608.208 608.2037 608.1992 608.1959 608.1921 608.1851 608.1834 608.178 608.1735 608.1697 608.1639 608.1605 608.1542 608.1461 608.1445 608.1375 608.1331 608.1293 608.1225 608.117 608.1113 608.1038 608.0948 608.0901 608.0836 608.0768 608.0691 608.0629 608.0546 608.0469 608.0397 608.0304
606.6231 606.6081 606.6242 606.6219 606.6133 606.6333 606.6468 606.6439 606.7128 606.7764 606.7968 606.8135 606.8363 606.9395 606.9532 607.0027 607.1007 607.1105 607.1988 607.2482 607.3214 607.379 607.4507 607.5187 607.5719 607.6376 607.7043 607.7797 607.8478 607.9044 607.9709 608.048 608.1024 608.1285 608.1196 608.1163 608.1101 608.1092 608.1047 608.1018 608.099 608.0944 608.0905 608.0854 608.08 608.0781 608.0725 608.0686 608.0645 608.0594 608.0548 608.0499 608.0426 608.0353 608.0313 608.0254 608.0193 608.0125 608.0063 607.9977 607.9911 607.9843 607.977
605.7716 605.7566 605.7902 605.7881 605.7963 605.8163 605.8458 605.8432 605.9236 605.9904 606.0112 606.043 606.0786 606.1859 606.1977 606.2625 606.3585 606.3871 606.5002 606.5415 606.6226 606.6863 606.767 606.8389 606.8994 606.9763 607.0439 607.1301 607.2043 607.2664 607.3462 607.4208 607.4839 607.5481 607.6525 607.7125 607.7775 607.8813 607.9544 608.033 608.0295 608.0249 608.0212 608.0166 608.0139 608.0117 608.0075 608.0041 607.9997 607.9963 607.9926 607.9885 607.9814 607.9759 607.9723 607.9672 607.9618 607.9557 607.9496 607.941 607.9357 607.9288 607.9227
604.9201 604.9051 604.9561 604.9544 604.9792 604.9992 605.0448 605.0425 605.1342 605.2051 605.2256 605.2725 605.3208 605.4319 605.4432 605.5222 605.6163 605.6637 605.7945 605.8454 605.9238 606.0096 606.0832 606.1591 606.2268 606.3158 606.3834 606.4805 606.572 606.6284 606.719 606.7936 606.8654 606.9396 607.0497 607.1055 607.1833 607.2885 607.3586 607.4469 607.5356 607.6175 607.7013 607.7618 607.8464 607.948 607.9425 607.9396 607.9357 607.9329 607.9297 607.9265 607.9202 607.9164 607.9133 607.9089 607.9043 607.8991 607.8931 607.8842 607.8807 607.8733 607.869
604.0686 604.0542 604.1221 604.1206 604.1622 604.1822 604.2438 604.2452 604.3444 604.4199 604.4399 604.502 604.563 604.678 604.6912 604.8008 604.874 604.9404 605.0891 605.1493 605.2249 605.3271 605.4022 605.4833 605.5543 605.6553 605.7455 605.8308 605.9324 605.9904 606.0918 606.1791 606.2468 606.3331 606.4456 606.4985 606.5891 606.6928 606.7659 606.8608 606.9547 607.0365 607.1237 607.1829 607.2862 607.3778 607.4709 607.5585 607.6266 607.7227 607.8192 607.8705 607.859 607.8569 607.8544 607.8508 607.8468 607.8424 607.8364 607.8289 607.8256 607.8184 607.8152
603.2171 603.2031 603.288 603.2869 603.3452 603.3654 603.4427 603.4561 603.5547 603.6345 603.6695 603.7316 603.8139 603.9241 603.9509 604.0771 604.1332 604.2499 604.3836 604.4532 604.5378 604.6433 604.7365 604.8107 604.9072 604.9948 605.1022 605.1812 605.2858 605.3525 605.4647 605.5663 605.6283 605.7265 605.8287 605.8915 605.9948 606.097 606.1858 606.2747 606.3737 606.4555 606.5447 606.6039 606.7259 606.8076 606.9094 606.996 607.0712 607.1713 607.2685 607.3655 607.4297 607.5127 607.6098 607.7048 607.7985 607.7858 607.7798 607.774 607.7706 607.765 607.7614
602.3656 602.3513 602.4539 602.4532 602.5281 602.5489 602.6418 602.6668 602.765 602.8492 602.899 602.9611 603.0668 603.1702 603.2107 603.3462 603.4053 603.5504 603.6782 603.7549 603.8554 603.9596 604.0683 604.1382 604.2552 604.3344 604.4571 604.5316 604.6479 604.7294 604.8375 604.9535 605.0098 605.1199 605.2217 605.2911 605.4036 605.5013 605.6035 605.6968 605.7927 605.8745 605.9658 606.0405 606.1573 606.2466 606.3484 606.4335 606.5157 606.6189 606.7176 606.8139 606.8777 606.9662 607.0667 607.1611 607.2549 607.3486 607.4268 607.5004 607.6028 607.6834 607.7085
601.5141 601.5157 601.6199 601.6198 601.7111 601.7413 601.8408 601.8774 601.9753 602.064 602.1285 602.1944 602.3198 602.4163 602.4794 602.6152 602.6819 602.8445 602.9677 603.0562 603.1729 603.2758 603.3942 603.4656 603.5974 603.6738 603.812 603.9088 604.0099 604.1095 604.2103 604.3297 604.3987 604.5175 604.6147 604.7025 604.8172 604.9056 605.0173 605.1207 605.2117 605.3024 605.3868 605.4802 605.5871 605.6893 605.7939 605.871 605.9603 606.0665 606.1667 606.2619 606.3257 606.4235 606.5237 606.6201 606.7112 606.8049 606.8831 606.9675 607.0604 607.1488 607.2454
600.6627 600.6816 600.7858 600.7923 600.894 600.9404 601.0398 601.0877 601.1844 601.2786 601.358 601.4366 601.5697 601.6624 601.7604 601.8843 601.9868 602.1386 602.2519 602.3573 602.4719 602.592 602.72 602.7931 602.9396 603.0295 603.1643 603.2841 603.3719 603.4896 603.5897 603.7086 603.7971 603.9182 604.0077 604.1083 604.2308 604.3156 604.4312 604.5445 604.6307 604.7344 604.8079 604.92 605.0169 605.1278 605.2394 605.3088 605.4123 605.5148 605.6166 605.71 605.7792 605.8837 605.9801 606.0751 606.1675 606.2682 606.3395 606.4347 606.518 606.6142 606.7005
600.4535 600.459 600.4478 600.4596 600.4553 600.4611 600.4597 600.4655 600.4635 600.4933 600.5876 600.6883 600.8158 600.9085 601.0415 601.1533 601.3033 601.4329 601.5446 601.6585 601.7952 601.9222 602.0459 602.1328 602.2818 602.3993 602.5146 602.6495 602.734 602.8697 602.9768 603.09 603.1938 603.3189 603.4007 603.514 603.644 603.7355 603.8452 603.9679 604.0497 604.1664 604.2346 604.3597 604.4532 604.5663 604.6785 604.7533 604.8652 604.9695 605.0732 605.158 605.2328 605.341 605.4365 605.5302 605.6239 605.7288 605.7958 605.8984 605.9756 606.0796 606.1556
600.3077 600.3113 600.3014 600.3127 600.3103 600.3129 600.3115 600.3107 600.321 600.3148 600.3226 600.3349 600.3519 600.3625 600.3765 600.4224 600.6006 600.7274 600.8485 600.9699 601.1185 601.2565 601.3718 601.489 601.624 601.7627 601.8651 602.0148 602.1097 602.2498 602.364 602.4715 602.5873 602.7195 602.8046 602.9263 603.0482 603.1554 603.2632 603.3869 603.4714 603.5908 603.6743 603.7964 603.8969 604.0068 604.116 604.1978 604.3138 604.4189 604.5297 604.606 604.6864 604.798 604.8928 604.9865 605.0803 605.188 605.2522 605.3578 605.4332 605.5349 605.6107
600.1618 600.1635 600.155 600.1651 600.1653 600.1647 600.1633 600.1581 600.1654 600.1442 600.152 600.1602 600.1698 600.1816 600.2072 600.2222 600.2498 600.2665 600.3007 600.3045 600.4418 600.5907 600.6977 600.8453 600.9651 601.1176 601.234 601.3802 601.4898 601.6269 601.7512 601.8571 601.9854 602.1202 602.2161 602.3399 602.4525 602.5753 602.6871 602.8059 602.9034 603.0118 603.1141 603.2262 603.3405 603.4523 603.5535 603.6491 603.7614 603.868 603.9834 604.054 604.1444 604.2549 604.3553 604.4429 604.5399 604.6459 604.718 604.8154 604.8917 604.9901 605.0755
600.016 600.0157 600.0087 600.017 600.0203 600.0166 600.0151 600.0055 600.007 599.9736 599.9814 599.9854 599.9877 600.0017 600.019 600.0389 600.0482 600.0442 600.0655 600.0748 600.1215 600.1713 600.196 600.2445 600.3135 600.4725 600.6133 600.7456 600.8699 601.0001 601.1384 601.2554 601.386 601.5184 601.6275 601.7535 601.8652 601.9952 602.111 602.2249 602.3354 602.4329 602.5538 602.66 602.7841 602.8978 602.991 603.102 603.2124 603.322 603.4325 603.5021 603.6046 603.7118 603.8146 603.8992 604.0035 604.1022 604.1851 604.2729 604.3571 604.4452 604.5409
599.8721 599.868 599.8624 599.8688 599.8754 599.8684 599.867 599.853 599.8486 599.803 599.8108 599.8107 599.8056 599.8225 599.834 599.8535 599.8465 599.8271 599.8303 599.8207 599.8527 599.8959 599.9138 599.9622 599.9971 600.0568 600.1318 600.1845 600.25 600.3873 600.5255 600.6539 600.7867 600.9099 601.0355 601.1671 601.2852 601.4152 601.5349 601.6439 601.7675 601.8685 601.9935 602.1035 602.2232 602.3434 602.4354 602.5548 602.6671 602.7786 602.8816 602.9529 603.0648 603.1682 603.2685 603.3556 603.4671 603.5585 603.6484 603.7305 603.8224 603.9003 604.0063
599.7283 599.7202 599.7158 599.7212 599.7303 599.7203 599.7154 599.7004 599.6902 599.6437 599.6402 599.6359 599.6235 599.6412 599.6507 599.6696 599.6449 599.61 599.5951 599.5687 599.5839 599.6205 599.6315 599.6486 599.665 599.7247 599.7913 599.8059 599.8685 599.9512 600.0296 600.1275 600.1874 600.3182 600.449 600.5806 600.7051 600.8297 600.9587 601.0724 601.1995 601.3082 601.4332 601.5471 601.6652 601.7889 601.8859 602.0077 602.1201 602.2351 602.3307 602.4065 602.525 602.627 602.7224 602.8119 602.9307 603.0149 603.1091 603.188 603.2796 603.3554 603.4675
599.5879 599.5724 599.5689 599.5762 599.5854 599.5721 599.5629 599.5479 599.5318 599.485 599.4659 599.4564 599.4414 599.4592 599.4674 599.4855 599.4433 599.3928 599.3599 599.3167 599.3016 599.3431 599.3385 599.335 599.3393 599.3926 599.4439 599.4177 599.4343 599.517 599.6169 599.7413 599.8351 599.9157 599.9992 600.0675 600.125 600.2535 600.3826 600.5045 600.6315 600.7479 600.8666 600.9907 601.1108 601.2344 601.3387 601.4564 601.5707 601.6917 601.7798 601.8652 601.9852 602.0906 602.1763 602.2751 602.3912 602.4713 602.5699 602.6456 602.7347 602.8184 602.9227
599.4545 599.4105 599.4245 599.4313 599.439 599.424 599.4103 599.3953 599.3734 599.3265 599.2285 599.156 599.283 599.277 599.2842 599.2889 599.2349 599.095 599.0495 599.1405 598.849 598.981 598.872 598.6745 599.005 599.0765 599.0966 599.05 599.053 599.0756 599.2277 599.3451 599.4523 599.533 599.629 599.7066 599.7891 599.8657 599.9378 600.0075 600.0626 600.1876 600.3102 600.4343 600.5563 600.6735 600.7916 600.9099 601.0273 601.1482 601.2289 601.3254 601.4431 601.5541 601.6309 601.7388 601.8505 601.9355 602.0278 602.1032 602.1899 602.2838 602.3778
