samples/sfe_316/sfe_316/sfe_316/sfe_316.asc
ncols         188
nrows         75
xllcorner     96.199999999255
yllcorner     62.60000000149
cellsize      1
NODATA_value  -9999
[rows 0 to 27 of 75, columns 63 to 125 of 188]
609.1159 609.0934 609.0715 609.0491 609.0266 609.0048 608.9822 608.9603 608.9379 608.9154 608.8936 608.871 608.8497 608.8272 608.8047 608.7829 608.7604 608.7391 608.7166 608.6947 608.6727 608.6501 608.6288 608.6064 608.5844 608.5624 608.54 608.5186 608.4959 608.474 608.4525 608.43 608.4085 608.3861 608.3639 608.3423 608.3199 608.2983 608.2762 608.2538 608.2322 608.2099 608.1882 608.1659 608.1436 608.122 608.0999 608.0779 608.0556 608.0336 608.0118 607.9894 607.9674 607.9454 607.923 607.9012 607.8792 607.8572 607.835 607.8128 607.791 607.7687 607.7469
609.0155 608.9935 608.9715 608.9495 608.9271 608.9056 608.8832 608.8611 608.8392 608.8168 608.7953 608.7726 608.7538 608.7313 608.7089 608.6874 608.6663 608.6459 608.6232 608.6038 608.5818 608.559 608.54 608.5176 608.4976 608.4755 608.4541 608.4337 608.4116 608.3908 608.3708 608.3482 608.3286 608.3063 608.2852 608.265 608.2427 608.2228 608.2017 608.1802 608.1594 608.138 608.1174 608.0959 608.0742 608.0535 608.0327 608.0106 607.9895 607.9686 607.9477 607.926 607.9041 607.8832 607.8621 607.8406 607.8195 607.7985 607.7766 607.7554 607.7344 607.7128 607.6916
608.9151 608.8935 608.8715 608.8499 608.8275 608.8066 608.7841 608.762 608.7405 608.7182 608.6971 608.6746 608.658 608.6354 608.613 608.5919 608.5727 608.5527 608.5302 608.5128 608.4908 608.4683 608.451 608.4286 608.4108 608.3886 608.3688 608.3489 608.3282 608.3073 608.2892 608.2668 608.2487 608.2261 608.2068 608.1877 608.1652 608.1472 608.1271 608.1074 608.0863 608.0663 608.0466 608.0266 608.0051 607.9854 607.9655 607.943 607.9236 607.9034 607.8832 607.8627 607.8412 607.8209 607.8021 607.7804 607.7595 607.7393 607.7186 607.6977 607.6773 607.6571 607.6365
608.8147 608.7935 608.7715 608.7503 608.7278 608.7075 608.685 608.663 608.6418 608.6196 608.5989 608.5764 608.5621 608.5396 608.5171 608.4965 608.4791 608.4595 608.4371 608.4219 608.3999 608.3774 608.3622 608.3395 608.324 608.3018 608.2834 608.264 608.2448 608.2236 608.2076 608.1852 608.1688 608.1464 608.1285 608.1105 608.0896 608.0714 608.0529 608.0345 608.0132 607.9947 607.976 607.9573 607.936 607.9173 607.8981 607.8776 607.8575 607.8382 607.8189 607.7996 607.7802 607.7604 607.7417 607.7208 607.6997 607.681 607.6605 607.6401 607.6204 607.6015 607.5815
608.7143 608.6935 608.6715 608.6507 608.6282 608.6084 608.5859 608.5638 608.5431 608.521 608.5007 608.478 608.4662 608.4437 608.4212 608.4012 608.3856 608.3663 608.344 608.3309 608.309 608.2863 608.2733 608.2505 608.2372 608.2151 608.1981 608.179 608.1614 608.1404 608.126 608.1035 608.0889 608.0676 608.0502 608.0333 608.014 607.9958 607.9786 607.9616 607.9406 607.9229 607.9054 607.8879 607.8668 607.8488 607.8307 607.8121 607.7919 607.7734 607.755 607.7365 607.7191 607.7 607.6813 607.6614 607.6402 607.6232 607.6021 607.5828 607.5638 607.5455 607.5264
608.6138 608.5934 608.5715 608.5511 608.5286 608.5091 608.4868 608.4647 608.4444 608.4224 608.4025 608.3806 608.3703 608.3478 608.3254 608.3058 608.2921 608.2732 608.2507 608.24 608.218 608.1955 608.1844 608.1619 608.1503 608.1284 608.1127 608.094 608.0779 608.0573 608.0443 608.0224 608.009 607.9892 607.9717 607.9562 607.9385 607.9203 607.9041 607.8887 607.8675 607.8509 607.8347 607.8186 607.7975 607.7805 607.7634 607.7467 607.7274 607.7086 607.6906 607.673 607.6569 607.639 607.6209 607.6021 607.5801 607.5654 607.5441 607.5256 607.5069 607.4896 607.4711
608.5133 608.4935 608.4715 608.4517 608.4291 608.4095 608.3877 608.3655 608.3458 608.3237 608.3042 608.2844 608.2744 608.252 608.23 608.2103 608.1985 608.18 608.1577 608.149 608.127 608.1066 608.0955 608.0728 608.0635 608.0414 608.0273 608.0092 607.9945 607.9738 607.9627 607.9421 607.9291 607.9109 607.893 607.879 607.8629 607.8445 607.8295 607.8158 607.7956 607.7793 607.7638 607.7493 607.7281 607.7128 607.6963 607.6813 607.6628 607.6434 607.6271 607.6096 607.5946 607.5778 607.5605 607.5427 607.5207 607.5075 607.4869 607.4691 607.451 607.4341 607.4159
608.4128 608.3935 608.3715 608.3522 608.3297 608.3099 608.2886 608.2663 608.2472 608.225 608.2059 608.1881 608.1786 608.1563 608.1346 608.115 608.1049 608.0869 608.0658 608.0581 608.0359 608.0177 608.0066 607.9848 607.9767 607.9546 607.942 607.9243 607.9111 607.892 607.8812 607.8619 607.8492 607.8325 607.8154 607.8016 607.7874 607.7695 607.7553 607.7429 607.7242 607.7078 607.6931 607.68 607.66 607.6457 607.629 607.6157 607.5983 607.5798 607.5641 607.5464 607.5327 607.5163 607.5001 607.4833 607.4617 607.4497 607.4301 607.413 607.3959 607.3785 607.3609
608.3123 608.2935 608.2715 608.2526 608.2302 608.2103 608.1895 608.1671 608.1486 608.1263 608.1076 608.0918 608.0827 608.0605 608.0392 608.0201 608.0114 607.9937 607.9749 607.9672 607.9449 607.9288 607.9177 607.8979 607.8899 607.8677 607.8566 607.8394 607.8277 607.8104 607.7996 607.7816 607.7694 607.7542 607.7383 607.7245 607.7118 607.6955 607.6807 607.67 607.6528 607.6373 607.6223 607.6107 607.5925 607.5786 607.5616 607.5498 607.5338 607.5164 607.501 607.4833 607.4703 607.4551 607.4395 607.4236 607.4044 607.3917 607.3733 607.3569 607.3407 607.3237 607.3055
608.2119 608.1935 608.1715 608.1531 608.1307 608.1107 608.0904 608.0679 608.05 608.0276 608.0093 607.9955 607.9868 607.9647 607.9438 607.9266 607.9178 607.9005 607.8839 607.8762 607.8538 607.84 607.8289 607.8112 607.8031 607.7819 607.7712 607.7552 607.7443 607.7289 607.7181 607.7014 607.6895 607.6758 607.6613 607.6472 607.6362 607.6215 607.6074 607.5972 607.5814 607.567 607.552 607.5413 607.525 607.5114 607.4946 607.4837 607.4692 607.4531 607.438 607.42 607.4082 607.3938 607.379 607.3637 607.347 607.3336 607.3164 607.3008 607.2856 607.2689 607.2505
607.8862 607.868 607.8461 607.8278 607.8109 607.7913 607.7759 607.7533 607.7406 607.7181 607.804 607.84 607.8219 607.8013 607.8358 607.838 607.8243 607.8073 607.793 607.7853 607.7628 607.7511 607.7399 607.7244 607.7163 607.6965 607.6859 607.6718 607.6608 607.6473 607.6365 607.6211 607.6096 607.5975 607.5842 607.5706 607.5607 607.5474 607.5345 607.5242 607.5099 607.4966 607.4827 607.472 607.4576 607.4443 607.4279 607.4177 607.4047 607.3897 607.3749 607.3585 607.3471 607.3337 607.3184 607.304 607.2896 607.2755 607.2596 607.2448 607.2305 607.2142 607.1959
607.0351 607.0165 606.9946 606.976 606.9771 606.9587 606.9587 606.9361 606.9393 606.9207 607.0148 607.0543 607.0422 607.0303 607.082 607.1573 607.1354 607.2035 607.2554 607.2476 607.3269 607.355 607.421 607.4655 607.507 607.5649 607.604 607.593 607.5775 607.5657 607.555 607.5409 607.5301 607.5191 607.5071 607.495 607.4851 607.4733 607.4616 607.4514 607.4386 607.4261 607.4133 607.4026 607.3901 607.3771 607.3624 607.3516 607.3401 607.3264 607.312 607.2974 607.2867 607.2736 607.2583 607.2442 607.2313 607.2172 607.2026 607.1887 607.1753 607.1595 607.1423
606.184 606.165 606.1431 606.1293 606.1434 606.1246 606.1415 606.1208 606.138 606.1315 606.2256 606.2686 606.2737 606.2596 606.3282 606.401 606.3786 606.4636 606.5129 606.5327 606.612 606.6493 606.7178 606.7737 606.8228 606.8846 606.9338 607.007 607.067 607.1201 607.1817 607.2311 607.2884 607.3591 607.4281 607.4255 607.4095 607.3993 607.3887 607.3785 607.3672 607.3558 607.3441 607.3333 607.3226 607.31 607.297 607.2864 607.2753 607.263 607.2489 607.2364 607.2262 607.2136 607.1989 607.1845 607.1734 607.1589 607.1451 607.1318 607.1202 607.1047 607.0886
605.3329 605.3136 605.2916 605.295 605.3096 605.2903 605.3244 605.3047 605.3367 605.3423 605.4355 605.483 605.5052 605.5018 605.5744 605.6447 605.6371 605.7292 605.7705 605.8177 605.9111 605.946 606.0145 606.0815 606.1384 606.2037 606.2635 606.347 606.407 606.4724 606.5414 606.5981 606.6613 606.7316 606.8042 606.8765 606.9335 607.0103 607.0839 607.1391 607.2121 607.2889 607.278 607.264 607.2551 607.2429 607.2316 607.2219 607.2103 607.1993 607.1859 607.1753 607.1657 607.1534 607.1395 607.1248 607.1156 607.1008 607.0876 607.075 607.0651 607.05 607.035
604.4819 604.4621 604.4401 604.4608 604.4759 604.456 604.5073 604.4874 604.5354 604.5531 604.6455 604.6975 604.7368 604.7458 604.8206 604.8881 604.8972 605.006 605.0486 605.1028 605.2057 605.2428 605.3316 605.3894 605.4542 605.5289 605.5933 605.687 605.7615 605.8248 605.9097 605.965 606.0339 606.1042 606.1803 606.2595 606.3166 606.4055 606.4827 606.5379 606.619 606.7014 606.7735 606.8271 606.9146 606.9839 607.0505 607.1265 607.1515 607.136 607.1228 607.1143 607.1053 607.0933 607.0801 607.067 607.0577 607.0438 607.0311 607.019 607.0099 606.9952 606.9813
603.6309 603.6106 603.5887 603.6265 603.6422 603.6304 603.6901 603.6765 603.7342 603.7639 603.8544 603.912 603.9684 603.9899 604.0668 604.1316 604.1572 604.2746 604.3355 604.3879 604.5004 604.5396 604.6445 604.7037 604.7744 604.8587 604.9313 605.027 605.1212 605.1771 605.262 605.332 605.4065 605.4889 605.5565 605.6425 605.7156 605.8008 605.8815 605.9487 606.0281 606.1139 606.1895 606.2485 606.3425 606.4099 606.4827 606.559 606.6336 606.7264 606.7848 606.8618 606.9535 607.0349 607.022 607.0096 606.9999 606.9869 606.975 606.9639 606.9542 606.9405 606.9276
602.78 602.7591 602.7372 602.7922 602.8084 602.8131 602.8729 602.8752 602.9333 602.9747 603.0529 603.1262 603.1978 603.2339 603.313 603.3753 603.4172 603.5432 603.6191 603.675 603.795 603.8363 603.9573 604.0194 604.1199 604.1884 604.2806 604.367 604.4747 604.5295 604.6319 604.699 604.7791 604.8655 604.9431 605.0256 605.1169 605.2018 605.2803 605.3555 605.4469 605.5263 605.6054 605.6755 605.7755 605.8359 605.9149 605.9915 606.071 606.1624 606.2208 606.3052 606.4009 606.4816 606.554 606.6333 606.7304 606.8022 606.8892 606.9105 606.8992 606.8857 606.874
601.929 601.9077 601.8858 601.9579 601.9746 601.9959 602.0556 602.0739 602.1324 602.1847 602.264 602.3407 602.4269 602.478 602.5587 602.6191 602.694 602.8118 602.8903 602.9801 603.0801 603.1435 603.2599 603.3351 603.4525 603.5182 603.63 603.707 603.8202 603.8942 604.0018 604.066 604.1516 604.2416 604.3362 604.4086 604.5121 604.6082 604.6791 604.7624 604.8633 604.9474 605.0214 605.1018 605.202 605.2635 605.347 605.4241 605.5085 605.5983 605.6602 605.7549 605.85 605.9282 606.0029 606.0903 606.1819 606.2576 606.3445 606.4285 606.4969 606.5696 606.6532
601.0781 601.0562 601.0349 601.1237 601.1409 601.1786 601.2384 601.2726 601.3315 601.3947 601.4809 601.5574 601.6559 601.722 601.8043 601.8626 601.9749 602.0787 602.1639 602.2852 602.3638 602.4633 602.5728 602.6508 602.7833 602.848 602.9794 603.0628 603.1725 603.2663 603.3716 603.439 603.5242 603.6177 603.7294 603.7943 603.9074 604.0145 604.0779 604.1693 604.2758 604.3704 604.4373 604.5281 604.6281 604.7023 604.781 604.8566 604.9459 605.0344 605.1036 605.2032 605.3034 605.3751 605.452 605.5474 605.6335 605.713 605.7999 605.8824 605.9516 606.0265 606.1119
600.2271 600.2047 600.1931 600.2894 600.3071 600.3614 600.4211 600.4713 600.5306 600.6047 600.6978 600.7889 600.885 600.9661 601.05 601.1109 601.2495 601.3361 601.449 601.5798 601.658 601.7805 601.8879 601.9665 602.1141 602.1886 602.327 602.4225 602.5249 602.6382 602.7415 602.8157 602.903 602.9939 603.1176 603.1962 603.3027 603.4208 603.4873 603.5805 603.6882 603.7933 603.8533 603.9548 604.054 604.1351 604.2169 604.2928 604.387 604.4703 604.5469 604.6507 604.7509 604.8317 604.901 605.0045 605.085 605.1683 605.2552 605.3365 605.4063 605.4865 605.5684
600.0154 599.9904 599.9922 599.9716 599.9698 599.9609 599.9566 599.9455 599.9493 599.9471 599.928 600.0205 600.1207 600.2101 600.2956 600.378 600.518 600.6142 600.744 600.8745 600.9552 601.0933 601.203 601.3051 601.4449 601.5379 601.667 601.7822 601.8773 602.0101 602.1096 602.1924 602.2892 602.3865 602.5005 602.5981 602.7007 602.8204 602.902 602.9993 603.1006 603.2156 603.2827 603.3877 603.48 603.5672 603.6496 603.7302 603.8313 603.9063 603.9959 604.0981 604.1976 604.2807 604.35 604.4615 604.5367 604.6237 604.7106 604.7905 604.8608 604.9456 605.0263
599.8752 599.8459 599.8458 599.8238 599.8236 599.8125 599.8114 599.7972 599.801 599.7914 599.7887 599.7885 599.7945 599.796 599.792 599.8073 599.7985 599.9011 600.0491 600.1691 600.275 600.4062 600.5181 600.6505 600.7758 600.8873 601.007 601.142 601.2469 601.382 601.4766 601.5691 601.6755 601.7797 601.8836 601.9999 602.1072 602.2192 602.3127 602.4182 602.5175 602.6316 602.7137 602.8206 602.906 602.9994 603.0822 603.1676 603.2756 603.3453 603.4478 603.5494 603.6442 603.7297 603.8054 603.9186 603.992 604.079 604.1694 604.2445 604.3155 604.4048 604.4843
599.7336 599.7021 599.6984 599.676 599.6772 599.6646 599.6663 599.6489 599.6514 599.6356 599.6254 599.6168 599.6189 599.6198 599.6107 599.6276 599.637 599.6406 599.6691 599.6765 599.7078 599.7191 599.8333 599.9948 600.1026 600.2366 600.3641 600.5016 600.619 600.7482 600.8436 600.9442 601.0552 601.1729 601.2748 601.4019 601.5137 601.618 601.7196 601.837 601.9405 602.0475 602.1417 602.2535 602.3396 602.4333 602.5146 602.605 602.7198 602.7887 602.8996 603.0028 603.0908 603.1788 603.2625 603.3707 603.4474 603.5343 603.63 603.6985 603.7708 603.8633 603.9421
599.5942 599.561 599.5507 599.5283 599.53 599.5194 599.5211 599.5006 599.4984 599.4798 599.462 599.445 599.4427 599.4435 599.4294 599.4479 599.4531 599.447 599.4686 599.4429 599.4745 599.4819 599.5008 599.5586 599.5889 599.6025 599.7238 599.8614 599.9911 600.118 600.2149 600.3171 600.4368 600.566 600.6768 600.8038 600.9202 601.0221 601.1329 601.2558 601.3635 601.4635 601.5679 601.6863 601.7784 601.8691 601.9519 602.0477 602.1559 602.2369 602.3479 602.4562 602.5471 602.6278 602.7195 602.8222 602.9027 602.9897 603.084 603.1525 603.2347 603.3182 603.4001
599.4577 599.4213 599.403 599.3804 599.3829 599.3742 599.3745 599.3524 599.3453 599.324 599.3005 599.2742 599.2667 599.2629 599.2481 599.2659 599.2693 599.2558 599.2682 599.213 599.2413 599.2199 599.2313 599.2793 599.2966 599.327 599.3721 599.431 599.491 599.513 599.5916 599.7034 599.83 599.9592 600.0786 600.1999 600.3265 600.4368 600.5518 600.6746 600.7864 600.8859 600.9999 601.1193 601.2172 601.305 601.3893 601.492 601.5919 601.6887 601.7955 601.9096 602.0043 602.0768 602.1766 602.2737 602.358 602.445 602.538 602.6068 602.6973 602.7731 602.858
599.3212 599.2815 599.2552 599.2325 599.2358 599.229 599.2262 599.204 599.1923 599.1697 599.1418 599.1046 599.0906 599.0803 599.0668 599.0834 599.0854 599.0646 599.0624 598.9952 599 598.9579 598.9617 598.9961 598.9989 599.0128 599.0392 599.093 599.1208 599.1508 599.1868 599.2632 599.3374 599.4285 599.4805 599.6062 599.7328 599.8514 599.9706 600.0877 600.2094 600.3169 600.4329 600.5502 600.6517 600.7402 600.8268 600.9363 601.0305 601.1406 601.2488 601.3602 601.4565 601.5259 601.6337 601.7264 601.8134 601.9004 601.992 602.0615 602.1564 602.2296 602.316
599.1848 599.1417 599.1075 599.0862 599.0886 599.0839 599.0776 599.0558 599.0392 599.0167 598.9832 598.9351 598.9145 598.898 598.8865 598.8964 598.9016 598.8734 598.8469 598.7793 598.7537 598.6944 598.6942 598.7131 598.701 598.6987 598.6956 598.7441 598.7443 598.748 598.7563 598.8293 598.9235 599.0413 599.1279 599.2014 599.2778 599.339 599.3894 599.5107 599.6324 599.748 599.8657 599.9769 600.0857 600.1736 600.2642 600.3806 600.4778 600.5924 600.7023 600.8068 600.9056 600.9775 601.0908 601.1818 601.2687 601.3605 601.446 601.5161 601.6147 601.6876 601.774
599.0483 599.002 598.817 598.952 598.9415 598.9387 598.9294 598.9075 598.8862 598.8636 598.8245 598.778 598.5965 598.619 598.711 598.7078 598.7178 598.6823 598.6308 598.352 598.1805 598.0365 598.0355 598.0605 598.239 598.3055 598.308 598.302 598.4048 598.234 598.363 598.3881 598.5333 598.644 598.744 598.8175 598.9068 598.9814 599.0474 599.1147 599.1859 599.25 599.2986 599.4157 599.5215 599.6111 599.7084 599.8248 599.9297 600.0443 600.1556 600.2618 600.3546 600.4346 600.5478 600.6371 600.7241 600.8213 600.9 600.979 601.0696 601.1455 601.2319
