samples/sfe_316/sfe_316/sfe_316/sfe_316.asc
ncols         188
nrows         75
xllcorner     96.199999999255
yllcorner     62.60000000149
cellsize      1
NODATA_value  -9999
[rows 28 to 55 of 75, columns 0 to 62 of 188]
-9999 605.8924 602.7962 602.5617 602.3497 602.1287 601.9093 601.6893 601.4612 601.315 601.2181 601.0932 601.0217 600.9351 600.8504 600.7721 600.7003 600.6281 600.567 600.4891 600.4117 600.3287 600.2672 600.2095 600.1787 600.1643 600.1249 600.079 600.0421 600.0165 599.9849 599.9453 599.9078 599.8779 599.8546 599.8301 599.7904 599.7469 599.7009 599.6475 599.6036 599.5692 599.545 599.5165 599.4767 599.4344 599.3935 599.048 598.9905 598.972 598.824 598.8615 598.8425 598.714 598.5415 598.722 598.672 598.557 598.6655 598.7065 598.6075 598.55 598.629
-9999 606.224 602.2345 601.9655 601.7472 601.5242 601.382 601.3022 601.1916 601.0963 600.9938 600.8838 600.8069 600.7234 600.6485 600.5856 600.5065 600.4344 600.3783 600.3097 600.2278 600.1473 600.0825 600.0258 600.0085 600.0031 599.9683 599.9228 599.8941 599.8718 599.8445 599.8082 599.7699 599.7463 599.7219 599.7029 599.6662 599.6239 599.577 599.446 599.3585 599.1975 599.2205 599.213 598.952 598.8065 598.6425 598.713 598.644 598.696 598.606 598.609 598.747 598.6925 598.4235 598.5355 598.6955 598.6349 598.4285 598.325 598.474 598.558 598.459
-9999 606.5556 601.8447 601.4485 601.353 601.2765 601.1859 601.0946 600.9918 600.8787 600.7697 600.6732 600.5786 600.5165 600.451 600.3835 600.3115 600.2408 600.186 600.1299 600.048 599.9659 599.891 599.8655 599.783 599.78 599.823 599.7015 599.4345 599.647 599.532 599.559 599.674 599.5165 599.3391 599.244 599.153 599.289 599.3465 599.01 598.829 598.8465 598.8985 598.9305 598.6675 598.685 598.6515 598.4915 598.403 598.566 598.716 598.4818 598.4689 598.4846 598.3953 598.483 598.628 598.578 598.416 598.314 598.3595 598.396 598.5415
-9999 606.8873 602.1763 601.2264 601.1354 601.0603 600.9742 600.8946 600.7955 600.6628 600.5523 600.4489 600.3495 600.304 600.2407 600.1814 600.1166 600.0472 599.9195 599.894 599.71 599.6735 599.667 599.635 599.738 599.759 599.7665 599.5405 599.287 599.512 599.452 599.4265 599.3225 599.182 599.2885 599.2865 599.006 599.089 599.234 598.9035 598.8584 598.8769 598.7375 598.5865 598.554 598.711 598.833 598.776 598.571 598.6675 598.7655 598.526 598.3945 598.438 598.3775 598.5675 598.566 598.425 598.551 598.671 598.6415 598.6475 598.693
-9999 607.2189 602.5079 601.0142 600.9141 600.8311 600.7625 600.6935 600.5998 600.4764 600.3437 600.2246 600.143 600.116 600.2085 599.9505 599.9155 599.8125 599.7525 599.8625 599.648 599.717 599.8135 599.7335 599.7975 599.6005 599.61 599.4825 599.244 599.4705 599.612 599.3055 599.1846 599.2641 599.4215 599.1505 598.8995 599.1115 599.269 598.9705 598.763 598.9875 598.954 598.7565 598.959 598.899 598.8755 598.945 598.921 598.908 598.7205 598.8455 598.759 598.7955 598.72 598.7965 598.94 598.719 598.5655 598.8385 598.942 599.0635 599.0413
-9999 607.5505 602.8395 600.7921 600.687 600.6015 600.5539 600.4804 600.3979 600.2804 600.088 599.9605 599.8995 599.739 599.8855 599.831 599.822 599.763 599.5805 599.566 599.509 599.6605 599.6305 599.4725 599.6915 599.6115 599.5542 599.5375 599.27 599.472 599.6065 599.3585 599.129 599.344 599.5255 599.243 599.08 599.3135 599.4605 599.178 599.0125 599.2515 599.344 599.389 599.447 599.4375 599.4155 599.3932 599.3713 599.3491 599.3265 599.3242 599.3091 599.3063 599.2851 599.2442 599.2218 599.2163 599.2154 599.2047 599.1977 599.1874 599.1677
-9999 607.8821 603.1711 600.5709 600.4619 600.3723 600.3339 600.267 600.1445 600.1405 599.892 599.766 599.722 599.6865 599.6275 599.7975 599.7415 599.771 599.7455 599.5935 599.7009 599.5905 599.5615 599.52 599.637 599.693 599.6725 599.6425 599.4175 599.526 599.474 599.494 599.4255 599.516 599.6845 599.6633 599.6667 599.6624 599.6463 599.6253 599.607 599.6035 599.585 599.5779 599.5751 599.5671 599.5452 599.5257 599.504 599.4845 599.4619 599.4579 599.4443 599.4394 599.4203 599.3832 599.3628 599.3554 599.3535 599.3427 599.3346 599.3249 599.3081
-9999 608.2137 603.5027 600.3583 600.1125 600.052 600.2095 599.9155 599.726 599.7205 599.845 599.904 599.8485 599.835 599.7413 599.8136 599.7215 599.7165 599.8675 599.8595 599.8975 599.884 599.813 599.799 599.6801 599.576 599.5635 599.5485 599.509 599.6765 599.6559 599.7415 599.7556 599.7687 599.7794 599.7938 599.7958 599.7928 599.7769 599.7563 599.7371 599.7336 599.7177 599.7068 599.7031 599.6967 599.6748 599.6586 599.6366 599.6195 599.5972 599.5916 599.5795 599.5724 599.5556 599.5212 599.5038 599.4945 599.4915 599.4807 599.4715 599.4624 599.4485
-9999 608.5453 603.8343 600.417 599.8585 599.7515 599.9115 599.7665 599.777 599.7748 599.805 599.78 599.647 599.7185 599.8095 599.8865 599.7686 599.699 599.6541 599.835 599.9604 599.887 599.685 599.781 599.863 599.7765 599.816 599.8305 599.8338 599.8433 599.8519 599.8779 599.892 599.9084 599.9118 599.9233 599.9247 599.9231 599.9074 599.887 599.8693 599.8636 599.8483 599.8358 599.8312 599.8262 599.8044 599.7912 599.7693 599.7517 599.7326 599.7253 599.7148 599.7055 599.6908 599.6592 599.6448 599.6334 599.6295 599.6188 599.6085 599.6 599.5889
-9999 608.8769 604.1659 600.5251 599.7886 599.8635 599.916 599.794 599.842 599.836 599.9135 599.8845 599.8929 600.03 599.8995 599.8145 599.884 599.9465 599.767 599.9035 599.857 599.832 599.814 599.903 599.8895 599.9153 599.9607 599.9844 599.9928 600.0023 600.0029 600.0267 600.0284 600.0473 600.0515 600.0528 600.0535 600.0534 600.038 600.0176 600.0023 599.9938 599.9786 599.9647 599.96 599.9546 599.9341 599.9239 599.902 599.8839 599.868 599.8589 599.85 599.8386 599.826 599.7973 599.7858 599.7714 599.7676 599.7568 599.7454 599.7374 599.7247
-9999 609.2085 604.4975 600.8176 599.777 599.8505 599.8156 600.0229 600.026 600.118 600.223 600.0955 600.072 600.086 600.0775 600.085 600.0805 600.0792 600.0847 600.0845 600.1004 600.1071 600.1182 600.0959 600.0737 600.0942 600.1199 600.1487 600.1531 600.1611 600.1626 600.174 600.1666 600.1862 600.1912 600.184 600.1836 600.1837 600.1686 600.1484 600.1356 600.1239 600.1088 600.0951 600.0887 600.0826 600.0638 600.0542 600.0345 600.0161 600.0032 599.9927 599.9854 599.9719 599.9613 599.9354 599.9266 599.9094 599.9088 599.8949 599.8823 599.8749 599.8598
-9999 609.5401 604.8291 601.1102 600.269 600.303 600.299 600.3278 600.3515 600.3423 600.3241 600.2924 600.2408 600.2183 600.2257 600.2435 600.2787 600.2914 600.2891 600.2819 600.2951 600.3044 600.3091 600.2869 600.2646 600.2733 600.2823 600.313 600.3174 600.3198 600.3225 600.3212 600.3129 600.324 600.3293 600.3202 600.3146 600.314 600.2993 600.2791 600.2687 600.254 600.239 600.2284 600.2174 600.2106 600.1934 600.1839 600.1671 600.1483 600.1385 600.1264 600.1207 600.1051 600.0965 600.0734 600.0676 600.0473 600.0482 600.0329 600.0192 600.0123 599.995
-9999 609.8717 605.1608 601.4027 600.5576 600.5443 600.5295 600.5546 600.5717 600.5625 600.5524 600.5204 600.4785 600.456 600.455 600.4637 600.4908 600.5037 600.4936 600.4839 600.4898 600.502 600.4999 600.4779 600.4554 600.4525 600.467 600.4774 600.4816 600.4787 600.4821 600.4686 600.4605 600.4604 600.4665 600.4567 600.4457 600.4438 600.4299 600.4097 600.4019 600.3841 600.3693 600.3615 600.3462 600.3388 600.3231 600.3135 600.2996 600.2806 600.2737 600.2601 600.2561 600.2383 600.2318 600.2115 600.2086 600.1856 600.1866 600.171 600.1561 600.1498 600.1301
-9999 -9999 605.4924 601.6952 600.8413 600.7923 600.7723 600.7815 600.7919 600.7827 600.7778 600.7484 600.7162 600.6937 600.6841 600.6839 600.7028 600.7158 600.6981 600.6884 600.6845 600.6996 600.6909 600.6688 600.6462 600.6383 600.6517 600.6507 600.6461 600.639 600.6417 600.6194 600.6116 600.6039 600.605 600.5881 600.5768 600.5734 600.5606 600.5404 600.5333 600.5142 600.4995 600.4944 600.4752 600.4676 600.4528 600.4432 600.4322 600.4128 600.4089 600.3939 600.3915 600.3716 600.356 600.4096 600.4086 600.5136 600.5296 600.6101 600.6485 600.6775 600.7646
-9999 -9999 605.824 601.9877 600.9393 601.0405 601.0212 601.0162 601.0121 601.0029 601.0032 600.9764 600.9539 600.9315 600.9133 600.9041 600.9261 600.9279 600.9052 600.8932 600.8796 600.8961 600.8819 600.8596 600.8371 600.8241 600.8361 600.8144 600.8103 600.7993 600.8016 600.7793 600.7633 600.7502 600.7485 600.7274 600.7083 600.7044 600.6913 600.6711 600.6641 600.6457 600.6297 600.6145 600.6449 600.6588 600.727 600.8008 600.8358 600.9379 600.9439 601.0519 601.0811 601.1855 601.1956 601.2999 601.3084 601.4039 601.4198 601.4811 601.5195 601.529 601.616
-9999 -9999 606.1556 602.2802 601.2319 601.2886 601.2699 601.2551 601.239 601.2231 601.2286 601.2139 601.1917 601.1691 601.1509 601.1336 601.1464 601.1399 601.1174 601.0977 601.0772 601.0908 601.0729 601.0504 601.0279 601.0099 601.0025 601.0483 601.04 601.0197 601.0322 601.1289 601.1254 601.1085 601.121 601.2192 601.2211 601.1992 601.2659 601.3472 601.3245 601.4118 601.4578 601.4543 601.5594 601.5923 601.6445 601.7335 601.7473 601.8518 601.8549 601.963 601.9921 602.0965 602.0862 602.1902 602.221 602.2943 602.31 602.3521 602.3904 602.3805 602.4675
-9999 -9999 606.4872 602.5728 601.5244 601.5395 601.5978 601.6168 601.5942 601.5725 601.5531 601.6052 601.6464 601.6291 601.6168 601.6009 601.585 601.648 601.6839 601.6711 601.6583 601.6501 601.7352 601.7659 601.7431 601.7347 601.7518 601.8433 601.8603 601.8496 601.8642 601.9609 601.9802 601.9814 601.9892 602.0875 602.1135 602.0915 602.1582 602.2589 602.2365 602.3181 602.3699 602.3878 602.4739 602.5256 602.5619 602.6664 602.6589 602.7634 602.7799 602.874 602.9208 603.0075 602.9968 603.0806 603.1326 603.1846 603.2003 603.2231 603.2614 603.2367 603.319
-9999 -9999 606.8188 602.8652 601.8169 602.1926 602.2447 602.2662 602.2435 602.2224 602.2134 602.2657 602.3177 602.3117 602.3107 602.3071 602.3035 602.3558 602.4025 602.4026 602.4035 602.4041 602.4859 602.539 602.5166 602.5233 602.5467 602.6381 602.681 602.67 602.6943 602.7929 602.8303 602.8459 602.8569 602.9557 603.006 602.9838 603.0505 603.1548 603.1485 603.2244 603.2819 603.3209 603.3884 603.4587 603.4794 603.5883 603.5751 603.675 603.7123 603.785 603.8394 603.9185 603.9073 603.9709 604.0426 604.075 604.0905 604.0941 604.1324 604.108 604.1705
-9999 -9999 607.1504 603.1566 602.1094 602.8508 602.8915 602.9157 602.8932 602.8719 602.8742 602.9262 602.9863 602.9894 603.0048 603.0075 603.0139 603.0635 603.1213 603.1342 603.1485 603.1632 603.2366 603.3126 603.29 603.3121 603.3416 603.433 603.5013 603.4904 603.5227 603.6249 603.6672 603.6938 603.7244 603.824 603.8927 603.8762 603.9429 604.0472 604.0605 604.1307 604.194 604.2543 604.3029 604.3939 604.3968 604.5057 604.5075 604.5866 604.6445 604.696 604.7505 604.8296 604.8185 604.8613 604.9388 604.9653 604.9804 604.965 605.0029 604.9787 605.022
-9999 -9999 607.482 603.4471 602.4019 603.3384 603.5383 603.5651 603.5425 603.5102 603.5345 603.5867 603.6467 603.6544 603.6984 603.6973 603.7127 603.7714 603.84 603.8659 603.8937 603.9221 603.9874 604.0712 604.0635 604.1009 604.1379 604.2279 604.3079 604.3109 604.3511 604.457 604.5042 604.5416 604.5919 604.6922 604.7662 604.7685 604.8352 604.9395 604.9727 605.037 605.106 605.1748 605.2175 605.3259 605.3143 605.4232 605.4395 605.4982 605.5769 605.6071 605.6617 605.7406 605.7305 605.7516 605.8291 605.8556 605.8703 605.8459 605.8734 605.8491 605.8735
-9999 -9999 607.8136 603.7376 602.6945 603.6927 604.1852 604.2145 604.1884 604.1482 604.195 604.2346 604.3073 604.3195 604.3895 604.3871 604.4115 604.4791 604.5581 604.5978 604.6391 604.681 604.7382 604.8215 604.837 604.8893 604.9421 605.0228 605.1055 605.1312 605.1821 605.2889 605.3412 605.3895 605.4595 605.5604 605.6396 605.6607 605.7275 605.8318 605.8848 605.9433 606.0181 606.087 606.132 606.2405 606.2329 606.3406 606.3736 606.4098 606.5091 606.5181 606.5729 606.6516 606.6423 606.6419 606.7194 606.7496 606.7602 606.7358 606.7438 606.7195 606.725
-9999 -9999 608.1452 604.0281 602.9869 604.0472 604.832 604.864 604.8299 604.7863 604.8554 604.8837 604.9677 604.9845 605.0581 605.0769 605.1102 605.1869 605.2659 605.3294 605.3842 605.4399 605.489 605.5718 605.6105 605.6782 605.7458 605.8177 605.9031 605.9517 606.0193 606.121 606.1782 606.2374 606.327 606.4286 606.5132 606.5529 606.6199 606.7242 606.7969 606.8496 606.9301 606.9991 607.0465 607.155 607.166 607.2581 607.3077 607.3214 607.4259 607.4291 607.484 607.5626 607.5535 607.5323 607.6097 607.6599 607.6501 607.6254 607.6142 607.5901 607.5764
-9999 -9999 608.4768 604.3186 603.2795 604.4016 605.4788 605.5134 605.4714 605.4243 605.4948 605.5353 605.6282 605.6526 605.7264 605.7667 605.815 605.8947 605.9737 606.0507 606.1161 606.1827 606.2399 606.3221 606.384 606.4614 606.54 606.6125 606.7007 606.772 606.8563 606.9518 607.0152 607.087 607.1967 607.2963 607.3867 607.4452 607.5122 607.6165 607.709 607.7559 607.8422 607.9113 607.9613 608.0695 608.1 608.1755 608.2407 608.233 608.3375 608.3513 608.3951 608.3955 608.3714 608.3505 608.3285 608.3026 608.2816 608.2604 608.2355 608.2115 608.1845
-9999 -9999 608.8085 604.6091 603.572 604.7559 606.1307 606.1628 606.1129 606.0623 606.1293 606.1868 606.2849 606.324 606.3948 606.4565 606.5211 606.6025 606.6815 606.7617 606.84 606.92 606.9907 607.0724 607.1576 607.2349 607.3226 607.4074 607.4983 607.5925 607.684 607.7803 607.8522 607.9419 608.0696 608.1639 608.2601 608.3374 608.4045 608.5088 608.6106 608.6622 608.6635 608.6429 608.6238 608.6032 608.5827 608.5622 608.5414 608.5206 608.4994 608.4783 608.4579 608.4316 608.4111 608.3903 608.3682 608.3423 608.3214 608.3002 608.2753 608.2515 608.2247
-9999 -9999 609.1401 604.8997 603.8645 605.1103 606.6439 606.8121 606.7544 606.7004 606.7638 606.8384 606.9326 606.9956 607.0666 607.1463 607.2272 607.3114 607.3892 607.4727 607.5638 607.6572 607.7416 607.8232 607.931 608.0083 608.1053 608.2023 608.2959 608.4129 608.5044 608.6087 608.6891 608.7866 608.855 608.835 608.8162 608.7969 608.7793 608.7607 608.7414 608.7209 608.7009 608.6831 608.6639 608.6434 608.6227 608.6022 608.5813 608.5604 608.5392 608.518 608.4976 608.4714 608.4509 608.43 608.408 608.3821 608.3612 608.3399 608.3151 608.2914 608.2648
-9999 -9999 609.4717 605.1901 604.157 605.4647 606.9982 607.4615 607.3959 607.3384 607.3983 607.4899 607.5802 607.6671 607.7491 607.8392 607.9294 608.0221 608.097 608.1836 608.2876 608.3945 608.4926 608.577 608.701 608.7818 608.8879 608.9972 608.9976 608.9814 608.9653 608.9467 608.9288 608.9112 608.8925 608.8763 608.8574 608.8378 608.8201 608.8014 608.7821 608.7615 608.7411 608.7233 608.704 608.6835 608.6627 608.6422 608.6211 608.6002 608.579 608.5577 608.5372 608.5111 608.4907 608.4697 608.4478 608.4219 608.401 608.3797 608.3549 608.3314 608.3049
-9999 -9999 609.8033 605.4807 604.4495 605.8191 607.3526 608.111 608.0374 607.9764 608.0454 608.1415 608.2278 608.3303 608.4156 608.533 608.6192 608.7208 608.8048 608.8946 609.0114 609.1317 609.1385 609.1191 609.1055 609.0889 609.0741 609.0566 609.0381 609.0238 609.0077 608.989 608.9708 608.9532 608.9341 608.9175 608.8987 608.8787 608.861 608.842 608.8229 608.8021 608.7813 608.7635 608.7441 608.7236 608.7027 608.6823 608.6609 608.6401 608.6189 608.5974 608.5768 608.5508 608.5304 608.5095 608.4875 608.4617 608.4408 608.4194 608.3947 608.3713 608.345
-9999 -9999 610.1349 605.7712 604.742 606.1735 607.707 608.7604 608.6788 608.6144 608.6835 608.7958 608.8791 608.9829 609.0807 609.2127 609.2745 609.2559 609.2407 609.2256 609.2119 609.1985 609.1826 609.1631 609.1495 609.1327 609.117 609.0999 609.0804 609.0662 609.05 609.0311 609.0127 608.9952 608.9757 608.9589 608.9399 608.9197 608.9019 608.8827 608.8635 608.8427 608.8218 608.8038 608.7843 608.7637 608.7427 608.7222 608.7008 608.6799 608.6587 608.637 608.6165 608.5908 608.5702 608.5493 608.5273 608.5015 608.4806 608.4592 608.4344 608.4113 608.3851
