samples/sfe_316/sfe_316/sfe_316/sfe_316.asc
ncols         188
nrows         75
xllcorner     96.199999999255
yllcorner     62.60000000149
cellsize      1
NODATA_value  -9999
[rows 28 to 55 of 75, columns 63 to 125 of 188]
598.6695 598.6955 598.6545 598.5245 598.484 598.469 598.4555 598.5405 598.5645 598.359 598.45 598.5685 598.4945 598.4805 598.4465 598.2965 598.2185 598.1305 598.262 598.3515 598.0575 597.863 598.0695 597.975 598.052 598.0285 597.8825 597.954 597.9655 597.9455 597.965 597.8105 597.835 598.1855 598.3601 598.4486 598.5411 598.615 598.6735 598.7357 598.8086 598.9088 598.9952 599.0579 599.0959 599.1357 599.1526 599.2691 599.3815 599.4949 599.609 599.7191 599.8036 599.8917 600.0049 600.0925 600.1794 600.282 600.354 600.443 600.5245 600.6035 600.6899
598.361 598.388 598.418 598.5519 598.59 598.616 598.631 598.4115 598.292 598.237 598.4085 598.4205 598.298 598.2705 598.242 598.301 598.3095 598.099 598.2245 598.382 598.0985 597.883 598.0425 597.9535 597.9734 598.091 598.023 597.8441 597.733 597.6355 597.6 597.7505 597.8475 597.672 597.6045 597.7729 598.1305 598.2426 598.2962 598.3567 598.4633 598.5797 598.6752 598.7465 598.7804 598.8016 598.8602 598.898 598.9634 599.0243 599.0624 599.1764 599.2527 599.3487 599.4619 599.5478 599.6348 599.7396 599.808 599.9069 599.9795 600.0614 600.1478
598.399 598.416 598.55 598.644 598.4725 598.4846 598.6025 598.42 598.306 598.299 598.3065 598.405 598.395 598.3546 598.3036 598.2522 598.156 598.034 598.193 598.2865 598.1715 598.1595 597.946 597.9709 597.86 597.87 597.9611 597.881 597.8165 597.6415 597.5375 597.506 597.7105 597.6305 597.4725 597.506 597.533 597.5045 597.5205 597.711 598.136 598.2515 598.3597 598.4351 598.4648 598.4675 598.4946 598.507 598.528 598.5527 598.6617 598.7728 598.8405 598.9305 598.96 599.0032 599.0911 599.1935 599.262 599.366 599.4344 599.5193 599.6057
598.5385 598.4065 598.4115 598.6195 598.5385 598.3515 598.3485 598.535 598.586 598.5705 598.532 598.3806 598.2995 598.2061 598.147 598.263 598.304 598.139 598.2405 598.166 597.999 598.097 597.95 597.958 597.8535 597.7816 597.7707 597.671 597.5965 597.7255 597.7405 597.5 597.6225 597.6865 597.5895 597.5645 597.5446 597.5445 597.5655 597.426 597.366 597.665 598.0915 598.1237 598.1469 598.1312 598.1156 598.1013 598.0926 598.0927 598.2313 598.3712 598.4553 598.5027 598.5356 598.5771 598.6566 598.7281 598.8116 598.8485 598.8909 598.9773 599.0637
599.019 598.9115 598.5725 598.602 598.825 598.699 598.6505 598.7595 598.6795 598.704 598.4515 598.3925 598.46 598.3015 598.201 598.2085 598.1915 598.2535 598.2735 598.2185 598.144 597.948 598.0265 597.909 597.927 597.7885 597.823 597.944 597.652 597.7165 597.616 597.388 597.6005 597.5458 597.4541 597.376 597.338 597.256 597.437 597.529 597.2426 597.304 597.448 597.4725 597.434 597.457 597.4315 597.205 597.3225 597.304 597.3905 597.985 598.07 598.0673 598.0638 598.063 598.1437 598.2565 598.3764 598.4551 598.5201 598.5856 598.6469
599.1451 599.0975 599.0781 599.0554 599.0425 599.0401 599.0175 598.9973 598.976 598.9257 598.8571 598.791 598.7645 598.7425 598.72 598.6942 598.533 598.266 598.1015 598.063 597.999 597.935 598.059 597.959 597.97 597.8676 597.8865 597.9485 597.6675 597.756 597.6695 597.4165 597.629 597.6985 597.625 597.5555 597.482 597.2625 597.3955 597.521 597.2547 597.0285 597.0845 597.101 597.076 596.9835 596.9265 596.956 597.153 597.267 597.266 597.3435 597.243 597.2465 597.2895 597.2225 597.389 597.7848 597.9391 598.0325 598.1056 598.1528 598.213
599.2856 599.241 599.2255 599.2032 599.1866 599.187 599.1647 599.1445 599.1265 599.0762 599.0054 598.9644 598.9393 598.9223 598.8998 598.8738 598.8304 598.7651 598.6796 598.4965 598.12 598.1495 598.067 598.0895 597.968 597.9855 597.877 597.732 597.7184 597.795 597.8135 597.586 597.7055 597.616 597.6505 597.5775 597.425 597.283 597.453 597.58 597.268 597.035 597.2485 597.292 597.1825 597.0005 597.0128 597.004 597.056 597.0455 597.036 597.0135 596.998 597.0635 596.8555 596.741 596.824 596.799 597.039 597.371 597.6999 597.7396 597.7816
599.426 599.3851 599.3702 599.351 599.3306 599.3321 599.312 599.2917 599.2771 599.2267 599.17 599.1378 599.1142 599.1017 599.0797 599.0535 599.0192 598.9594 598.8812 598.7816 598.7111 598.6481 598.603 598.5263 598.3485 598.2645 598.0875 598.0045 598.025 597.842 597.759 597.6429 597.8375 597.7255 597.7565 597.832 597.7485 597.5015 597.58 597.6845 597.4065 597.3135 597.5425 597.3265 597.0655 597.169 597.2145 597.023 596.903 596.8385 596.7475 596.677 596.7683 596.8305 596.702 596.7234 596.833 596.6135 596.719 596.694 596.8555 596.78 596.9345
599.5665 599.5292 599.5142 599.4987 599.4746 599.4761 599.4592 599.439 599.4276 599.3773 599.3345 599.3112 599.289 599.2816 599.2595 599.2332 599.2073 599.1536 599.0793 599.0075 598.9673 598.9133 598.8815 598.8195 598.7535 598.739 598.6737 598.5897 598.459 598.402 598.3795 598.3538 598.4034 598.3809 598.3589 598.3384 598.318 598.2246 598.1995 598.177 598.2338 598.2497 598.2143 598.0919 597.68 597.244 597.323 597.2985 597.156 597.1646 596.9205 596.6765 596.8575 596.749 596.7865 596.673 596.7345 596.6369 596.5145 596.441 596.645 596.5656 596.682
599.7069 599.6732 599.6581 599.6465 599.6218 599.6201 599.6063 599.5862 599.578 599.5327 599.5012 599.4857 599.4631 599.4583 599.4391 599.4129 599.3956 599.3574 599.2841 599.2401 599.227 599.1823 599.16 599.1127 599.0629 599.0484 599.0218 598.9625 598.8541 598.8324 598.8098 598.7521 598.7747 598.7523 598.7302 598.7097 598.6876 598.5888 598.5691 598.547 598.5423 598.558 598.5101 598.4102 598.2982 598.1912 598.0004 597.3665 597.16 597.339 597.2365 597.0934 597.1075 596.8965 596.911 596.761 596.747 596.894 596.8345 596.529 596.631 596.505 596.5446
599.8474 599.8171 599.8021 599.7943 599.7687 599.7641 599.7534 599.7335 599.7285 599.6855 599.6682 599.6604 599.6372 599.6323 599.6188 599.5926 599.5838 599.564 599.5173 599.4896 599.4922 599.4609 599.4385 599.4058 599.3724 599.3578 599.3699 599.3273 599.2845 599.2625 599.2246 599.15 599.1461 599.1235 599.1016 599.08 599.0425 598.9603 598.939 598.9133 598.8685 598.8663 598.7957 598.7365 598.6347 598.5439 598.3895 598.2671 598.1671 598.1421 598.1725 598.1078 597.9432 597.433 597.212 597.059 596.9285 597.039 597.001 596.741 596.8149 596.645 596.6745
599.9878 599.9611 599.9461 599.942 599.9157 599.9081 599.9005 599.8807 599.8786 599.8496 599.8351 599.8351 599.8113 599.8063 599.7985 599.7754 599.772 599.7495 599.7945 599.7705 599.7886 599.8517 599.8362 599.8104 599.7884 599.7625 599.7756 599.8336 599.8105 599.7296 599.6372 599.6122 599.5898 599.5645 599.5397 599.4643 599.3764 599.353 599.2936 599.25 599.1948 599.1747 599.0997 599.0627 598.9761 598.9176 598.8102 598.7313 598.6312 598.5743 598.5688 598.4842 598.3431 598.1637 598.0547 597.9309 597.8958 597.8655 597.8444 597.7368 597.364 596.8745 596.8385
600.1268 600.1051 600.0901 600.075 600.1186 600.1076 600.141 600.2214 600.2011 600.291 600.302 600.2957 600.3784 600.3662 600.3973 600.4474 600.4249 600.4496 600.4947 600.4705 600.4689 600.5321 600.5057 600.4749 600.4469 600.4159 600.4143 600.4707 600.4326 600.3455 600.2596 600.2247 600.1981 600.1676 600.1335 600.0527 599.9705 599.938 599.8691 599.7748 599.7329 599.6392 599.5698 599.4776 599.4112 599.3188 599.226 599.1339 599.0561 599.027 598.9649 598.8638 598.7601 598.6279 598.5552 598.4372 598.36 598.294 598.2415 598.1401 598.0248 597.9114 597.8194
600.7378 600.8343 600.8478 600.8443 600.9353 600.9238 600.9405 601.0209 600.9941 601.0748 601.0859 601.0494 601.1321 601.1201 601.1233 601.1734 601.1509 601.1497 601.1948 601.1705 601.1493 601.2109 601.1705 601.1393 601.1003 601.0695 601.053 601.1028 601.0549 600.9614 600.8823 600.8372 600.8014 600.7712 600.7274 600.6411 600.5641 600.5236 600.4445 600.3471 600.3021 600.2084 600.1328 600.0405 599.97 599.8776 599.7829 599.6832 599.6041 599.5098 599.4097 599.3084 599.1962 599.0768 598.9772 598.893 598.8245 598.7205 598.6379 598.5366 598.4282 598.3301 598.2228
601.5901 601.668 601.6816 601.6611 601.7521 601.7401 601.74 601.8204 601.7936 601.8586 601.8696 601.8072 601.8859 601.874 601.8493 601.8994 601.8769 601.8498 601.895 601.8708 601.8296 601.8868 601.8352 601.8035 601.7538 601.7231 601.6918 601.7352 601.6772 601.5774 601.505 601.4499 601.4047 601.3748 601.3215 601.2296 601.1582 601.1041 601.02 600.9218 600.8713 600.7737 600.6956 600.6034 600.5289 600.435 600.3398 600.2312 600.1521 600.0551 599.9548 599.8516 599.733 599.619 599.5134 599.3867 599.2874 599.1686 599.0395 598.9108 598.7907 598.7489 598.6263
602.4421 602.5018 602.5154 602.4918 602.5688 602.5563 602.5395 602.6199 602.593 602.6425 602.6534 602.5766 602.6397 602.6278 602.5753 602.6254 602.6031 602.5499 602.5952 602.571 602.5099 602.5626 602.4999 602.4678 602.4072 602.3766 602.3305 602.3678 602.2953 602.1934 602.1276 602.0626 602.0081 601.9783 601.9141 601.818 601.7465 601.6806 601.5955 601.498 601.4405 601.335 601.2585 601.1626 601.0877 600.9888 600.8966 600.782 600.7001 600.6005 600.4946 600.3948 600.2698 600.1612 600.0475 599.9263 599.8271 599.7022 599.5732 599.4445 599.3273 599.1946 599.0684
603.2941 603.3355 603.3491 603.3249 603.3855 603.3726 603.3486 603.4194 603.3924 603.4263 603.4374 603.345 603.3935 603.3817 603.3013 603.3514 603.3293 603.2499 603.2953 603.2711 603.1902 603.2388 603.1647 603.1323 603.0607 603.0281 602.9692 602.9998 602.9113 602.8098 602.7499 602.6752 602.6114 602.5815 602.5025 602.4054 602.325 602.257 602.1709 602.0744 602.0097 601.8994 601.8215 601.7211 601.6465 601.5457 601.4517 601.334 601.2481 601.1458 601.0378 600.9369 600.8065 600.7034 600.5815 600.4661 600.3583 600.2358 600.107 599.9783 599.8638 599.7222 599.6062
604.146 604.1693 604.1829 604.1583 604.2023 604.1888 604.1646 604.2189 604.192 604.2101 604.2148 604.1135 604.1472 604.1355 604.0356 604.0774 604.0531 603.9539 603.9955 603.968 603.8729 603.9148 603.8295 603.7969 603.7141 603.6735 603.608 603.6189 603.5272 603.4262 603.3727 603.2875 603.2147 603.1782 603.0909 602.9919 602.9034 602.8335 602.7463 602.6509 602.5789 602.4637 602.3844 602.2842 602.2054 602.1025 601.9909 601.8859 601.7961 601.6912 601.5811 601.4736 601.3472 601.2456 601.1157 601.0057 600.8947 600.7695 600.6407 600.5123 600.3998 600.2561 600.144
604.998 605.0031 605.0166 604.9915 605.019 605.0051 604.9802 605.0184 604.9919 604.9939 604.9832 604.8817 604.901 604.8893 604.7895 604.8034 604.7734 604.6666 604.6957 604.6603 604.5608 604.5908 604.4942 604.4613 604.3676 604.3188 604.2467 604.2377 604.1431 604.0426 603.9942 603.9002 603.8181 603.7691 603.6793 603.5784 603.4818 603.4099 603.3218 603.2275 603.1481 603.028 602.9473 602.8519 602.7631 602.6594 602.5381 602.4351 602.3419 602.2365 602.1243 602.0104 601.8878 601.7851 601.6506 601.5454 601.4312 601.3032 601.1745 601.0488 600.932 600.7939 600.6761
605.85 605.8368 605.8503 605.8246 605.8357 605.8214 605.7979 605.8179 605.7917 605.7777 605.7516 605.65 605.6548 605.6431 605.5434 605.5294 605.4937 605.3791 605.3959 605.3526 605.2485 605.2646 605.1589 605.1251 605.021 604.9642 604.8854 604.8566 604.7591 604.6591 604.6035 604.5127 604.4214 604.36 604.2678 604.1649 604.0602 603.9864 603.8972 603.8037 603.7092 603.5923 603.5102 603.4154 603.3163 603.2163 603.0856 602.9831 602.8862 602.7819 602.6675 602.5471 602.4296 602.3148 602.1877 602.0851 601.9663 601.837 601.7083 601.5854 601.4597 601.3317 601.204
606.7021 606.676 606.6841 606.6578 606.6525 606.6378 606.6155 606.6174 606.5917 606.5684 606.52 606.4184 606.4086 606.3969 606.2972 606.2554 606.2139 606.0919 606.0961 606.0449 605.936 605.9293 605.8237 605.7786 605.6744 605.6096 605.5242 605.4755 605.3751 605.2755 605.2128 605.122 605.0247 604.9509 604.8562 604.7513 604.6427 604.5628 604.4708 604.3801 604.2695 604.1566 604.0707 603.9742 603.8697 603.7648 603.633 603.5311 603.4304 603.3239 603.2107 603.0839 602.9718 602.8467 602.7249 602.6142 602.4999 602.3707 602.242 602.1219 601.9874 601.8695 601.7319
607.5541 607.5272 607.5179 607.4912 607.4692 607.4541 607.4317 607.4169 607.3916 607.3676 607.2883 607.1869 607.1624 607.1506 607.0511 606.9814 606.9341 606.8055 606.7963 606.7372 606.6257 606.5941 606.4885 606.432 606.3279 606.2549 606.1629 606.0943 605.9915 605.892 605.822 605.7253 605.6281 605.5417 605.4437 605.3382 605.228 605.1393 605.0431 604.9493 604.8298 604.7209 604.6293 604.5331 604.423 604.3041 604.1807 604.0791 603.9747 603.8638 603.751 603.6216 603.514 603.3808 603.2638 603.1403 603.0334 602.9045 602.7758 602.6577 602.5195 602.4073 602.2599
608.1625 608.1356 608.1136 608.0867 608.0641 608.0377 608.0152 607.9888 607.9625 607.9342 607.9047 607.8826 607.8563 607.829 607.805 607.7074 607.6544 607.5258 607.4965 607.4295 607.318 607.2588 607.1532 607.0855 606.9813 606.9002 606.8055 606.7132 606.6079 606.5084 606.4313 606.3287 606.2314 606.1327 606.0302 605.9322 605.8128 605.7157 605.6154 605.5185 605.3915 605.2852 605.1877 605.0911 604.9791 604.8458 604.7288 604.6271 604.5189 604.4036 604.2878 604.1624 604.0562 603.9153 603.8035 603.6767 603.5671 603.4382 603.3095 603.1901 603.0573 602.9412 602.7976
608.2027 608.1759 608.1539 608.1272 608.1047 608.0784 608.0559 608.0296 608.0033 607.975 607.9462 607.9242 607.8979 607.8696 607.8428 607.8126 607.7834 607.758 607.73 607.702 607.6732 607.6445 607.6156 607.5865 607.5595 607.537 607.4482 607.332 607.2244 607.1297 607.0406 606.932 606.8347 606.7236 606.6167 606.5117 606.3892 606.2922 606.1876 606.0844 605.9558 605.8496 605.7463 605.6444 605.5359 605.3932 605.2769 605.1751 605.0633 604.9435 604.8245 604.703 604.5887 604.4524 604.3432 604.2131 604.1007 603.972 603.8436 603.7224 603.595 603.4691 603.3353
608.2428 608.2162 608.1942 608.1677 608.1452 608.1191 608.0966 608.0704 608.0441 608.0159 607.9877 607.9657 607.9394 607.9111 607.8849 607.8547 607.8262 607.8008 607.7728 607.7452 607.7164 607.6884 607.6594 607.6308 607.6009 607.5728 607.5456 607.514 607.4844 607.4573 607.427 607.3951 607.37 607.3145 607.2032 607.0901 606.9657 606.8686 606.7599 606.6447 606.5201 606.417 606.3048 606.1978 606.078 605.9407 605.825 605.7206 605.6086 605.4833 605.3613 605.2437 605.1184 604.9895 604.8715 604.7496 604.6345 604.5057 604.3801 604.2525 604.1329 603.9968 603.873
608.2829 608.2565 608.2346 608.2083 608.1857 608.1598 608.1373 608.1113 608.085 608.0568 608.0293 608.0073 607.981 607.9526 607.9269 607.8967 607.8691 607.8436 607.8156 607.7885 607.7597 607.7322 607.7032 607.6751 607.6452 607.6177 607.5905 607.5588 607.5303 607.5032 607.4728 607.442 607.4136 607.3816 607.351 607.3211 607.2858 607.2572 607.228 607.205 607.0844 606.9789 606.8633 606.7511 606.6172 606.4882 606.373 606.2649 606.1532 606.0266 605.898 605.7844 605.6481 605.5266 605.3976 605.2861 605.1682 605.0395 604.9156 604.7828 604.6707 604.5244 604.4108
608.3231 608.2969 608.2749 608.2488 608.2263 608.2004 608.1779 608.1522 608.1259 608.0976 608.0709 608.0488 608.0225 607.9942 607.9689 607.9387 607.9119 607.8864 607.8585 607.8318 607.8029 607.776 607.7471 607.7194 607.6895 607.6627 607.6354 607.6035 607.5763 607.5492 607.5187 607.4889 607.4605 607.4284 607.3988 607.3685 607.3348 607.3062 607.2772 607.245 607.2115 607.1821 607.1515 607.1206 607.087 607.0356 606.9211 606.8091 606.6931 606.5651 606.4368 606.3251 606.1801 606.0637 605.9238 605.8226 605.702 605.5732 605.4479 605.3206 605.2062 605.0607 604.9485
608.3632 608.3372 608.3152 608.2893 608.2668 608.2411 608.2186 608.193 608.1667 608.1384 608.1124 608.0904 608.064 608.0357 608.011 607.9808 607.9547 607.9292 607.9012 607.8751 607.8462 607.8198 607.791 607.7637 607.7338 607.7076 607.6807 607.6483 607.6222 607.5952 607.5645 607.5357 607.5074 607.4752 607.4467 607.416 607.3838 607.3552 607.3263 607.294 607.262 607.233 607.2022 607.1718 607.1353 607.1034 607.0724 607.0414 607.0099 606.9771 606.9505 606.8625 606.717 606.6012 606.4586 606.3591 606.2357 606.107 605.9803 605.8584 605.734 605.5984 605.4779
