samples/sfe_316/sfe_316/sfe_316/sfe_316.asc
ncols         188
nrows         75
xllcorner     96.199999999255
yllcorner     62.60000000149
cellsize      1
NODATA_value  -9999
[rows 0 to 27 of 75, columns 0 to 62 of 188]
-9999 -9999 -9999 -9999 610.442 610.4197 610.3969 610.3741 610.3521 610.3289 610.3069 610.2842 610.2613 610.2393 610.2168 610.1945 610.1711 610.1489 610.1265 610.1039 610.0817 610.059 610.0359 610.0137 609.9913 609.9689 609.946 609.9233 609.9012 609.8782 609.8559 609.8335 609.8105 609.7881 609.7657 609.7433 609.7207 609.698 609.6759 609.6529 609.6304 609.608 609.5856 609.563 609.5406 609.5182 609.4957 609.4732 609.4508 609.4283 609.4064 609.3834 609.3608 609.3389 609.3165 609.2941 609.2715 609.2491 609.2271 609.2046 609.1827 609.1602 609.1379
-9999 -9999 -9999 -9999 610.3768 610.3538 610.3298 610.3069 610.2838 610.2598 610.2366 610.2139 610.1893 610.1672 610.1442 610.1209 610.0967 610.0732 610.0503 610.027 610.0038 609.9803 609.9559 609.9332 609.9106 609.887 609.8625 609.8397 609.8171 609.7925 609.7689 609.7469 609.7222 609.6993 609.6766 609.6525 609.6299 609.6061 609.5839 609.5591 609.5362 609.5131 609.4907 609.4666 609.4443 609.4207 609.3979 609.3754 609.3519 609.3292 609.3076 609.2828 609.2603 609.2387 609.2162 609.1923 609.1697 609.1478 609.1258 609.1033 609.0818 609.0593 609.0375
-9999 -9999 -9999 610.3401 610.3114 610.2874 610.263 610.2392 610.2152 610.1909 610.1663 610.144 610.1177 610.0952 610.0714 610.0471 610.0223 609.9973 609.9747 609.9501 609.926 609.9014 609.8762 609.8532 609.8299 609.8049 609.7795 609.7565 609.7328 609.7071 609.682 609.6602 609.6343 609.6112 609.5873 609.5614 609.539 609.514 609.4918 609.4655 609.4429 609.4182 609.3958 609.3704 609.348 609.3228 609.3002 609.2777 609.2526 609.23 609.2089 609.1819 609.1597 609.1385 609.116 609.0901 609.0679 609.0465 609.0245 609.002 608.981 608.9584 608.9371
-9999 -9999 -9999 610.2761 610.2459 610.2211 610.1962 610.1718 610.1468 610.1226 610.0961 610.0742 610.0475 610.0233 609.9985 609.9731 609.9475 609.9213 609.899 609.8734 609.8482 609.8224 609.7965 609.7733 609.749 609.7227 609.6962 609.6733 609.6483 609.6216 609.5966 609.5735 609.5462 609.523 609.498 609.4703 609.4482 609.4218 609.3998 609.372 609.3495 609.3232 609.3008 609.2743 609.2517 609.2249 609.2025 609.18 609.1533 609.1309 609.1101 609.0812 609.059 609.0383 609.0159 608.9881 608.9661 608.9452 608.9232 608.9007 608.88 608.8575 608.8367
-9999 -9999 -9999 610.212 610.1805 610.1547 610.1289 610.1047 610.0787 610.0546 610.0263 610.0042 609.9774 609.9515 609.926 609.8992 609.873 609.8459 609.8234 609.7966 609.7708 609.7438 609.7164 609.6934 609.6681 609.6404 609.613 609.5902 609.5639 609.5357 609.511 609.4868 609.4578 609.4349 609.4086 609.3805 609.3573 609.33 609.3078 609.2785 609.2563 609.2281 609.2059 609.1777 609.1555 609.1269 609.1047 609.0822 609.0544 609.0317 609.0114 608.9808 608.9584 608.9382 608.9156 608.8878 608.8643 608.8439 608.8219 608.7994 608.7791 608.7567 608.7363
-9999 -9999 -9999 610.1478 610.1154 610.0885 610.0621 610.0381 610.0101 609.9867 609.9559 609.934 609.9064 609.8793 609.8533 609.8257 609.7999 609.7699 609.7477 609.7198 609.6932 609.6651 609.6365 609.6135 609.5873 609.5582 609.5312 609.507 609.4796 609.4503 609.4256 609.4 609.3701 609.3467 609.3195 609.2912 609.2664 609.2379 609.2158 609.1846 609.163 609.1331 609.111 609.0812 609.0591 609.0295 609.007 608.9845 608.9552 608.9326 608.9127 608.8802 608.8578 608.838 608.8155 608.788 608.7625 608.7426 608.7206 608.6982 608.6782 608.6558 608.6359
-9999 -9999 610.1205 610.0837 610.0501 610.0226 609.9962 609.9715 609.9414 609.9187 609.8862 609.8638 609.8351 609.8071 609.7809 609.752 609.7267 609.6943 609.672 609.6429 609.6155 609.5862 609.5566 609.5335 609.5067 609.4764 609.4493 609.4238 609.3955 609.366 609.3401 609.3132 609.2833 609.2585 609.2302 609.202 609.1756 609.146 609.1238 609.0911 609.0696 609.0381 609.016 608.9861 608.9628 608.9332 608.9094 608.8868 608.8575 608.8334 608.8139 608.7815 608.7571 608.7377 608.7153 608.6883 608.6606 608.6413 608.6192 608.5973 608.5773 608.5548 608.5353
-9999 -9999 610.0546 610.0195 609.9846 609.9562 609.9305 609.9048 609.8734 609.8508 609.8163 609.7936 609.7643 609.7349 609.7091 609.6797 609.6536 609.6189 609.5963 609.566 609.5388 609.5086 609.4778 609.4536 609.4258 609.3942 609.3675 609.3405 609.311 609.2819 609.2547 609.2266 609.1966 609.1703 609.1409 609.1127 609.0848 609.0551 609.0317 608.9975 608.9764 608.9432 608.921 608.8912 608.8665 608.8369 608.8117 608.7892 608.7598 608.7343 608.7151 608.6827 608.6565 608.6373 608.6151 608.5886 608.5588 608.54 608.5178 608.4964 608.4764 608.4539 608.4349
-9999 -9999 609.9906 609.9554 609.9208 609.8914 609.8649 609.8382 609.8076 609.7826 609.7487 609.7235 609.6931 609.6631 609.6373 609.6079 609.5804 609.546 609.5204 609.4893 609.4621 609.4318 609.3999 609.3737 609.3451 609.3138 609.2856 609.2571 609.2266 609.1978 609.1693 609.1398 609.1099 609.0822 609.0518 609.0235 608.9941 608.9642 608.9398 608.9055 608.8831 608.8483 608.826 608.7963 608.7702 608.7406 608.7141 608.6916 608.662 608.6352 608.6164 608.584 608.5558 608.537 608.5149 608.4889 608.457 608.4387 608.4164 608.3955 608.3755 608.353 608.3344
-9999 -9999 609.9265 609.8913 609.8571 609.8266 609.7993 609.7716 609.7417 609.7141 609.6811 609.6535 609.6222 609.591 609.5655 609.5362 609.5073 609.4731 609.4446 609.4124 609.3854 609.355 609.3221 609.2938 609.2644 609.2335 609.2037 609.1738 609.1431 609.1136 609.0838 609.0532 609.0231 608.994 608.9636 608.9343 608.9032 608.8734 608.8477 608.8135 608.7897 608.7543 608.731 608.7014 608.674 608.6443 608.6165 608.5939 608.5643 608.5361 608.5176 608.4852 608.4551 608.4368 608.4147 608.3892 608.3553 608.3374 608.3149 608.2946 608.2747 608.2521 608.2339
-9999 -9999 609.8625 609.8271 609.7933 609.7618 609.7336 609.7049 609.6758 609.6458 609.6135 609.5833 609.5523 609.5201 609.4937 609.4645 609.4341 609.4001 609.3688 609.3364 609.3087 609.2781 609.2442 609.2138 609.1844 609.1531 609.1219 609.0905 609.0599 609.0295 608.9984 608.9668 608.9364 608.9058 608.8755 608.845 608.8124 608.7825 608.7557 608.7214 608.6965 608.6609 608.636 608.6064 608.5776 608.548 608.5188 608.4963 608.4666 608.4369 608.4189 608.3865 608.367 608.2577 608.2357 608.2177 608.161 608.0175 607.9832 607.9633 607.9432 607.9207 607.9025
-9999 609.8358 609.7985 609.763 609.7296 609.697 609.668 609.6378 609.6094 609.5775 609.5452 609.5132 609.4824 609.45 609.4218 609.3927 609.361 609.3273 609.293 609.2607 609.232 609.2013 609.1663 609.1339 609.1046 609.0727 609.04 609.0072 608.9767 608.9453 608.9129 608.8813 608.8497 608.8176 608.7873 608.7558 608.7222 608.6916 608.6637 608.632 608.612 608.4991 608.3644 608.2734 608.1907 608.047 607.9703 607.8318 607.8002 607.7275 607.5913 607.5692 607.5034 607.3693 607.3472 607.3293 607.2916 607.1481 607.1137 607.0943 607.0737 607.0511 607.0323
-9999 609.7692 609.7344 609.6989 609.6658 609.6322 609.6024 609.5709 609.5422 609.5091 609.4772 609.443 609.4126 609.3798 609.35 609.321 609.2877 609.2531 609.2172 609.1851 609.1553 609.1245 609.0885 609.054 609.0246 608.9924 608.9582 608.9243 608.8936 608.8612 608.8274 608.7995 608.7541 608.631 608.4846 608.3561 608.2316 608.0835 607.9543 607.8025 607.6981 607.5703 607.4536 607.3445 607.2734 607.123 607.0629 606.9243 606.8923 606.819 606.6828 606.6611 606.6151 606.481 606.4588 606.441 606.4188 606.2786 606.2443 606.2253 606.2043 606.1815 606.1625
-9999 609.7051 609.6703 609.6348 609.602 609.5674 609.5368 609.5039 609.4756 609.4407 609.4092 609.3729 609.3427 609.3096 609.2782 609.2493 609.2141 609.1799 609.1414 609.1094 609.0786 609.0477 609.0106 608.9741 608.9465 608.9125 608.759 608.6144 608.4734 608.3276 608.1719 608.0279 607.8788 607.7416 607.5945 607.455 607.3302 607.1821 607.0474 606.8956 606.7841 606.6419 606.5427 606.4156 606.3564 606.2057 606.1553 606.0167 605.9843 605.9105 605.7743 605.7531 605.7267 605.5927 605.5703 605.5527 605.5304 605.4091 605.3748 605.3562 605.3348 605.312 605.2927
-9999 609.6411 609.6063 609.5707 609.5383 609.5027 609.4712 609.4377 609.409 609.3735 609.3412 609.3048 609.2729 609.2394 609.2064 609.1769 609.1412 609.1068 609.0735 609.0078 608.8729 608.7279 608.5429 608.3609 608.225 608.0848 607.9134 607.7704 607.6218 607.4712 607.3139 607.1551 607.0036 606.861 606.7043 606.5538 606.4272 606.2808 606.1404 605.9886 605.8706 605.7211 605.6318 605.4872 605.44 605.2885 605.2372 605.1093 605.0764 604.9891 604.8658 604.845 604.8234 604.7043 604.6819 604.6644 604.6419 604.5397 604.5054 604.4872 604.4653 604.4424 604.4226
-9999 609.577 609.5422 609.5067 609.4743 609.4379 609.405 609.3721 609.3423 609.3076 609.2733 609.2372 609.203 609.1805 609.0346 608.9048 608.734 608.5844 608.3821 608.2398 608.08 607.9424 607.7589 607.5639 607.4088 607.2573 607.0919 606.9249 606.7703 606.6147 606.4647 606.2823 606.1283 605.9891 605.8141 605.6528 605.5203 605.3795 605.2356 605.0817 604.9576 604.8071 604.7209 604.5714 604.5236 604.3712 604.3081 604.2017 604.1684 604.0599 603.9572 603.937 603.9153 603.816 603.7935 603.776 603.7535 603.6702 603.6358 603.6178 603.5958 603.5729 603.5659
609.5511 609.5129 609.4781 609.4426 609.4103 609.3731 609.3398 609.31 609.2575 609.0837 608.9363 608.7602 608.6082 608.4597 608.3046 608.1816 607.9971 607.8353 607.6343 607.4719 607.2871 607.1545 606.9736 606.7672 606.5925 606.4448 606.2682 606.0793 605.9186 605.7655 605.6138 605.4095 605.2546 605.1172 604.924 604.7698 604.6133 604.4781 604.332 604.1748 604.0447 603.8932 603.81 603.6605 603.6072 603.4539 603.3788 603.2943 603.2605 603.131 603.0487 603.0291 603.0073 602.9277 602.9052 602.8877 602.8654 602.8008 602.7662 602.7482 602.7263 602.7034 602.7148
609.4838 609.4489 609.4215 609.3033 609.1709 608.9958 608.8647 608.7276 608.5734 608.406 608.2442 608.0711 607.8901 607.7463 607.5746 607.4518 607.2599 607.0862 606.8866 606.704 606.5405 606.3616 606.1862 605.9705 605.7762 605.6398 605.4417 605.2337 605.074 604.9204 604.7573 604.5367 604.3844 604.2366 604.0395 603.8878 603.7062 603.5768 603.4285 603.2679 603.1317 602.9792 602.8991 602.7496 602.6793 602.537 602.4495 602.3867 602.3525 602.2019 602.1402 602.1211 602.0994 602.0393 602.0168 601.9993 601.9771 601.9313 601.8967 601.8787 601.8567 601.834 601.8639
609.1248 608.9742 608.8212 608.6691 608.5349 608.3566 608.2131 608.0639 607.8893 607.7303 607.5521 607.3821 607.1721 607.0474 606.851 606.7218 606.5227 606.3372 606.1424 605.9361 605.7867 605.5688 605.3987 605.1869 604.96 604.8262 604.6141 604.4171 604.2368 604.0745 603.9008 603.687 603.5143 603.3554 603.1564 603.0023 602.7992 602.6755 602.5248 602.361 602.2085 602.0662 601.9764 601.8387 601.7505 601.6207 601.5203 601.4792 601.4446 601.2927 601.2317 601.2131 601.1913 601.151 601.1285 601.111 601.0886 601.0619 601.0271 601.0091 600.9871 600.9645 601.0129
608.5198 608.3701 608.2114 608.0491 607.8956 607.7232 607.5615 607.4003 607.225 607.0687 606.8599 606.7072 606.4896 606.3294 606.1302 605.9918 605.8 605.5936 605.4095 605.1816 605.0283 604.7759 604.6162 604.4164 604.1838 604.0126 603.7864 603.6105 603.3994 603.2228 603.0444 602.8389 602.6441 602.4802 602.2733 602.1072 601.8975 601.7741 601.6213 601.454 601.3016 601.1533 601.0477 600.9279 600.8221 600.7043 600.5914 600.5717 600.5366 600.4365 600.4073 600.3831 600.3607 600.338 600.3154 600.2979 600.2753 600.2534 600.2309 600.2128 600.1909 600.182 600.162
607.9505 607.7608 607.5941 607.424 607.2562 607.0898 606.9099 606.7437 606.5936 606.3846 606.1822 606.03 605.8092 605.6114 605.4102 605.2618 605.0889 604.8739 604.6767 604.4339 604.2684 604.0295 603.8386 603.6352 603.3981 603.196 602.9905 602.7868 602.554 602.3717 602.1942 601.9904 601.7739 601.6064 601.3901 601.2205 600.9998 600.8728 600.7177 600.6505 600.6173 600.5775 600.5394 600.5029 600.4709 600.4308 600.3984 600.3648 600.3398 600.3172 600.2783 600.2535 600.2278 600.2037 600.1796 600.1614 600.1389 600.1176 600.0951 600.0764 600.0543 600.0496 600.0367
608.2821 607.1512 606.9768 606.7988 606.6187 606.471 606.2678 606.1125 605.944 605.7004 605.5093 605.3378 605.1202 604.8934 604.716 604.5319 604.3781 604.1406 603.9437 603.6862 603.5005 603.2828 603.0575 602.8541 602.6104 602.3754 602.1988 601.9631 601.7374 601.5344 601.3491 601.1413 600.9083 600.7795 600.7433 600.7001 600.6492 600.6121 600.5737 600.5309 600.4906 600.4523 600.4158 600.3789 600.3449 600.3047 600.2704 600.2358 600.2077 600.1852 600.1494 600.124 600.095 600.071 600.0437 600.025 600.0024 599.9817 599.9592 599.9399 599.9177 599.9147 599.9002
608.6138 606.5417 606.3602 606.1866 606.0101 605.8484 605.642 605.4755 605.2803 605.0432 604.8498 604.6457 604.4366 604.2062 604.0219 603.8019 603.6542 603.4075 603.1946 602.9443 602.7325 602.5361 602.2646 602.0695 601.8444 601.5745 601.3872 601.1395 600.9399 600.859 600.8126 600.7601 600.7079 600.6636 600.6176 600.5759 600.5281 600.4877 600.4472 600.4041 600.3639 600.3272 600.2928 600.2553 600.2222 600.1787 600.1423 600.1067 600.0754 600.0532 600.0204 599.9944 599.9625 599.9384 599.9078 599.8885 599.866 599.8459 599.8234 599.8035 599.7814 599.78 599.7637
608.9454 605.9514 605.764 605.5844 605.4015 605.209 605.0086 604.8238 604.6183 604.4164 604.1902 603.9583 603.7619 603.5279 603.3278 603.08 602.9275 602.6962 602.4532 602.2114 601.9813 601.7823 601.5182 601.29 601.0739 600.9435 600.8883 600.8267 600.7758 600.7191 600.6755 600.6251 600.5744 600.5326 600.4914 600.4518 600.4071 600.3634 600.3222 600.2774 600.2372 600.2021 600.17 600.1317 600.0981 600.0527 600.0155 599.9776 599.9435 599.9211 599.8915 599.8649 599.8318 599.8058 599.772 599.752 599.7296 599.71 599.6875 599.667 599.645 599.6453 599.6273
609.277 605.3562 605.1678 604.9793 604.7764 604.5696 604.389 604.1749 603.9872 603.7839 603.5116 603.2884 603.0873 602.8497 602.6146 602.3799 602.2008 601.985 601.7336 601.4786 601.2335 601.0425 600.985 600.9152 600.8591 600.7957 600.7352 600.6794 600.6345 600.5793 600.5386 600.4901 600.4426 600.4017 600.366 600.3277 600.2853 600.2391 600.199 600.1507 600.1105 600.077 600.046 600.0081 599.9739 599.9266 599.8892 599.8486 599.8113 599.789 599.7625 599.7354 599.7023 599.6732 599.6363 599.6157 599.5932 599.574 599.5516 599.5306 599.5101 599.5106 599.4909
609.6086 604.8976 604.5682 604.362 604.1566 603.9597 603.7712 603.554 603.3561 603.1516 602.8615 602.6288 602.4126 602.1692 601.9227 601.6857 601.4741 601.2742 601.1096 601.0364 600.9559 600.881 600.8074 600.7405 600.6893 600.6432 600.5821 600.5286 600.4864 600.4394 600.4016 600.355 600.3108 600.2707 600.2406 600.2036 600.1624 600.1147 600.0724 600.0241 599.9837 599.9519 599.9207 599.8848 599.8499 599.8032 599.7628 599.7195 599.681 599.6569 599.6335 599.6058 599.5728 599.5406 599.5005 599.4793 599.4568 599.438 599.4158 599.3943 599.3752 599.3759 599.3546
-9999 605.2292 603.9586 603.7541 603.5543 603.3511 603.1534 602.9275 602.725 602.4967 602.2391 601.9693 601.738 601.4914 601.2444 601.1617 601.0853 601.007 600.9299 600.8514 600.7745 600.6958 600.63 600.5657 600.5191 600.4863 600.429 600.3807 600.3385 600.2995 600.2645 600.2192 600.179 600.1398 600.1152 600.0794 600.0388 599.9912 599.9486 599.8976 599.857 599.825 599.7953 599.762 599.7257 599.6812 599.6365 599.5904 599.5519 599.5247 599.5026 599.4763 599.4432 599.408 599.3647 599.343 599.3205 599.3021 599.2799 599.258 599.2404 599.241 599.2183
-9999 605.5608 603.3736 603.1579 602.952 602.7424 602.5225 602.3071 602.0862 601.8618 601.6067 601.3098 601.2175 601.1373 601.0524 600.9669 600.8928 600.8192 600.7507 600.6686 600.5931 600.5106 600.452 600.3909 600.3489 600.3232 600.2795 600.2339 600.1902 600.1574 600.1254 600.0822 600.0453 600.0088 599.9871 599.9553 599.9146 599.8698 599.8248 599.7711 599.7303 599.697 599.67 599.6392 599.6014 599.5585 599.5089 599.4614 599.4229 599.3926 599.3704 599.3468 599.3137 599.2753 599.2307 599.2066 599.1841 599.1661 599.1441 599.1216 599.1057 599.1044 599.0819
