samples/sfe_24/sfe_24_r3/sfe_24_r3/sfe_24_r3.asc
ncols         275
nrows         75
xllcorner     98.60000000149
yllcorner     70.60000000149
cellsize      0.7
NODATA_value  -9999
[rows 28 to 55 of 75, columns 128 to 191 of 275]
602.3927 602.3914 602.39 602.389 602.388 602.387 602.3857 602.3847 602.3837 602.3827 602.381 602.38 602.379 602.3777 602.377 602.3757 602.3747 602.3737 602.3723 602.3707 602.3699 602.2792 602.2691 602.2679 602.2664 602.2654 602.2644 602.2634 602.2621 602.2611 602.2601 602.2405 602.2191 602.129 602.1123 602.1113 602.1103 602.1093 602.1083 602.1073 602.1058 602.0157 601.9604 601.9595 601.9585 601.9574 601.9557 601.9258 601.8283 601.8096 601.8087 601.8076 601.8066 601.7572 601.6609 601.6598 601.6588 601.6578 601.6232 601.5258 601.512 601.5099 601.509 601.4142
601.9128 601.9115 601.91 601.9089 601.908 601.9069 601.9058 601.9048 601.9037 601.9027 601.901 601.9 601.8989 601.8978 601.897 601.8958 601.8948 601.8937 601.8922 601.8907 601.89 601.7993 601.7692 601.7679 601.7665 601.7654 601.7643 601.7634 601.7622 601.7612 601.7603 601.7585 601.739 601.649 601.6124 601.6113 601.6104 601.6094 601.6083 601.6072 601.6055 601.5319 601.4605 601.4595 601.4586 601.4573 601.4557 601.4419 601.3444 601.3097 601.3087 601.3077 601.3067 601.2695 601.2267 601.2045 601.203 601.1948 601.1793 601.164 601.1132 601.111 601.066 601.0568
601.4329 601.4316 601.4301 601.4288 601.4279 601.4268 601.4258 601.4249 601.4238 601.4226 601.4211 601.4199 601.4188 601.4178 601.4169 601.4158 601.4149 601.4136 601.4121 601.4108 601.4099 601.3194 601.2883 601.287 601.2853 601.2838 601.2825 601.2813 601.28 601.2787 601.2778 601.27 601.2682 601.267 601.197 601.196 601.194 601.193 601.1918 601.19 601.1567 601.1553 601.109 601.1068 601.1046 601.1022 601.053 601.0372 601.0345 601.0115 601.0085 601.0052 600.9612 600.9213 600.9188 600.916 600.908 600.9057 600.8423 600.84 600.8375 600.8062 600.8027 600.7598
601.1165 601.1143 601.112 601.1098 601.1077 601.1058 601.158 601.156 601.1542 601.1523 601.1505 601.149 601.1473 601.0892 601.087 601.0848 601.0828 601.0798 601.0773 601.074 601.0699 601.0655 601.056 601.0515 601.0473 601.0421 601.0378 601.0333 601.0283 601.024 601.0205 600.9545 600.951 600.9475 600.945 600.9427 600.9405 600.924 600.9222 600.92 600.8723 600.8702 600.8675 600.864 600.8607 600.821 600.8162 600.7845 600.78 600.7747 600.7695 600.7055 600.701 600.6913 600.687 600.6835 600.619 600.616 600.6133 600.61 600.5923 600.5428 600.5385 600.5338
600.9468 600.9443 600.9415 600.938 600.935 600.936 600.9405 600.9377 600.9352 600.932 600.93 600.927 600.925 600.9097 600.907 600.9045 600.9015 600.8983 600.8937 600.889 600.8837 600.8775 600.8695 600.8622 600.855 600.847 600.8395 600.7885 600.7698 600.7625 600.7555 600.7495 600.7443 600.7403 600.7368 600.729 600.727 600.7112 600.6733 600.6713 600.6688 600.666 600.6625 600.6355 600.631 600.5935 600.5867 600.5805 600.5735 600.523 600.5175 600.4957 600.489 600.4838 600.4335 600.4167 600.4125 600.4088 600.4005 600.3972 600.3447 600.3403 600.3348 600.3068
600.7985 600.7952 600.7917 600.7883 600.7838 600.7803 600.776 600.7725 600.769 600.7655 600.763 600.7595 600.757 600.7537 600.7502 600.7468 600.7432 600.7385 600.7335 600.7267 600.72 600.7122 600.7032 600.648 600.6377 600.6265 600.6155 600.605 600.5905 600.5812 600.5725 600.5648 600.5587 600.5532 600.5487 600.4965 600.4933 600.491 600.489 600.486 600.4713 600.4688 600.4642 600.4235 600.4175 600.4108 600.4037 600.3655 600.3582 600.3458 600.3203 600.3123 600.3043 600.2507 600.2445 600.2347 600.2295 600.2255 600.1725 600.1688 600.1637 600.155 600.1417 600.1002
600.638 600.6335 600.657 600.6525 600.648 600.6432 600.6387 600.6342 600.6308 600.6262 600.6227 600.6193 600.6157 600.6122 600.6088 600.605 600.6005 600.5655 600.5593 600.5513 600.5425 600.5328 600.522 600.499 600.4865 600.4703 600.457 600.444 600.4315 600.4197 600.41 600.4008 600.3475 600.3412 600.336 600.3315 600.3285 600.3255 600.32 600.317 600.3145 600.2723 600.268 600.262 600.2557 600.2295 600.2215 600.2085 600.1775 600.1675 600.1578 600.114 600.1065 600.0873 600.0803 600.0743 600.0688 600.02 600.0155 600.011 600.0025 599.9968 599.9548 599.9475
600.5143 600.5098 600.518 600.5132 600.508 600.5025 600.4975 600.4925 600.4872 600.4835 600.4792 600.475 600.4713 600.4677 600.4635 600.4587 600.4537 600.433 600.426 600.417 600.4065 600.3953 600.3828 600.369 600.3542 600.338 600.3225 600.3068 600.2613 600.2413 600.2283 600.2178 600.2057 600.198 600.1925 600.188 600.1845 600.1813 600.1508 600.1395 600.136 600.1315 600.127 600.1115 600.1042 600.0895 600.0588 600.0482 600.037 600.023 599.9935 599.9767 599.958 599.949 599.9413 599.898 599.8935 599.8853 599.88 599.8753 599.844 599.8295 599.8225 599.8063
600.4148 600.4097 600.4045 600.3987 600.3928 600.387 600.3815 600.376 600.3705 600.3657 600.3613 600.3568 600.3533 600.3488 600.3442 600.3387 600.3333 600.3262 600.3182 600.308 600.2965 600.2845 600.2705 600.2545 600.2385 600.1983 600.1805 600.1628 600.1455 600.1225 600.1088 600.0938 600.084 600.0757 600.0695 600.0552 600.0273 600.024 600.021 600.0185 600.015 600.0082 600.0027 599.9885 599.9605 599.951 599.9406 599.929 599.9048 599.8923 599.8633 599.8515 599.841 599.826 599.8 599.7903 599.7785 599.7725 599.7675 599.7318 599.7263 599.7192 599.7103 599.6955
600.3297 600.324 600.318 600.312 600.306 600.3 600.294 600.288 600.2823 600.2772 600.2723 600.2675 600.263 600.2585 600.254 600.2482 600.2422 600.2345 600.2257 600.2 600.189 600.175 600.1595 600.143 600.1248 600.0953 600.076 600.0575 600.04 600.023 600.008 599.9938 599.9825 599.9485 599.9407 599.9352 599.9283 599.924 599.9213 599.918 599.9145 599.886 599.88 599.873 599.8642 599.8538 599.8372 599.824 599.7938 599.7808 599.7678 599.7562 599.7307 599.7208 599.7015 599.6937 599.6875 599.6575 599.6527 599.6455 599.6395 599.6328 599.6058 599.5965
600.252 600.246 600.2397 600.2338 600.2267 600.2208 600.2137 600.2078 600.2017 600.1968 600.1913 600.1868 600.1815 600.1768 600.1715 600.1665 600.1595 600.1512 600.1417 600.1293 600.1065 600.092 600.0755 600.0568 600.0378 600.0175 599.9975 599.9783 599.959 599.9415 599.9092 599.8948 599.8828 599.8678 599.86 599.854 599.849 599.8453 599.8428 599.8188 599.8152 599.8105 599.8045 599.7975 599.7872 599.7768 599.7545 599.7352 599.7217 599.708 599.688 599.6755 599.6537 599.6432 599.6338 599.6252 599.6058 599.599 599.5892 599.5833 599.5773 599.5547 599.5468 599.5378
600.1915 600.1848 600.1785 600.1718 600.1647 600.1585 600.1515 600.1448 600.1388 600.133 600.1275 600.1227 600.1175 600.1127 600.1075 600.1015 600.0948 600.0858 600.076 600.0643 600.0505 600.0353 600.0178 599.999 599.9788 599.958 599.9283 599.9075 599.8872 599.8688 599.8458 599.8307 599.8185 599.8082 599.7995 599.7938 599.7765 599.771 599.7675 599.7628 599.7593 599.7548 599.7485 599.7412 599.7203 599.7098 599.6982 599.6845 599.6675 599.6542 599.6405 599.6195 599.6075 599.596 599.5798 599.5717 599.56 599.553 599.547 599.5305 599.525 599.5173 599.5092 599.5002
600.1548 600.1487 600.1418 600.1348 600.1277 600.1207 600.1138 600.1075 600.1007 600.0947 600.0892 600.0845 600.0792 600.0737 600.0687 600.0625 600.0555 600.0465 600.0367 600.0242 600.0103 599.991 599.9727 599.9537 599.9327 599.9115 599.8843 599.8632 599.8422 599.8233 599.806 599.7908 599.7778 599.767 599.7518 599.7455 599.7405 599.7345 599.731 599.7283 599.7242 599.7192 599.7057 599.6978 599.6885 599.6775 599.6652 599.6517 599.6378 599.62 599.606 599.5922 599.5778 599.567 599.5555 599.5465 599.5388 599.5317 599.5233 599.5175 599.5103 599.5032 599.4947 599.4833
600.1322 600.1262 600.1193 600.1122 600.1052 600.0975 600.0905 600.0842 600.0775 600.0712 600.066 600.0605 600.0555 600.0502 600.045 600.0385 600.0315 600.0225 600.0125 599.9998 599.9858 599.9673 599.949 599.9293 599.908 599.886 599.8643 599.8423 599.8212 599.8015 599.784 599.767 599.754 599.7435 599.7335 599.7272 599.7223 599.7185 599.715 599.7125 599.7055 599.7005 599.6943 599.6865 599.6771 599.6653 599.653 599.6412 599.6276 599.6132 599.5992 599.5862 599.5737 599.5652 599.555 599.5464 599.5403 599.5342 599.5295 599.5237 599.5175 599.5135 599.5055 599.4967
600.128 600.1212 600.115 600.108 600.101 600.0933 600.0862 600.0792 600.0732 600.0673 600.0612 600.0563 600.051 600.0463 600.0402 600.0342 600.027 600.018 600.0074 599.9955 599.9807 599.9645 599.9462 599.9263 599.9053 599.8832 599.8613 599.8385 599.8195 599.7997 599.7822 599.7687 599.7557 599.7452 599.7368 599.7305 599.7252 599.7238 599.7213 599.7177 599.715 599.7103 599.7042 599.6962 599.6868 599.6807 599.6685 599.6555 599.6415 599.6275 599.6135 599.6095 599.5972 599.5858 599.576 599.5717 599.5685 599.5632 599.558 599.5535 599.5538 599.5493 599.5415 599.533
600.1398 600.1337 600.1267 600.1205 600.1128 600.1057 600.0988 600.092 600.0858 600.0795 600.0742 600.0687 600.0637 600.0587 600.0532 600.0468 600.0398 600.0313 600.0208 600.0082 599.994 599.9778 599.9603 599.9417 599.9215 599.8995 599.8778 599.8588 599.8423 599.8232 599.806 599.7907 599.7778 599.767 599.759 599.7582 599.753 599.7512 599.7507 599.7473 599.7437 599.739 599.733 599.7339 599.7245 599.7148 599.7028 599.6895 599.6755 599.6777 599.6646 599.6508 599.6385 599.6317 599.6225 599.627 599.62 599.6132 599.6145 599.6125 599.614 599.6077 599.6 599.607
600.1677 600.1615 600.1555 600.1475 600.1405 600.1335 600.1265 600.1198 600.1135 600.1077 600.1022 600.097 600.0917 600.087 600.0815 600.0757 600.0698 600.0607 600.051 600.0385 600.0247 600.0092 599.9913 599.985 599.964 599.9432 599.9222 599.9012 599.8812 599.8625 599.8458 599.8328 599.8247 599.8145 599.8068 599.8095 599.8052 599.8007 599.7982 599.7947 599.8 599.7988 599.7927 599.7895 599.7808 599.7703 599.7588 599.752 599.7548 599.7413 599.728 599.7167 599.705 599.6982 599.7067 599.6985 599.6907 599.6948 599.6887 599.698 599.6923 599.6857 599.6978 599.6898
600.2252 600.2192 600.2133 600.1905 600.1835 600.1765 600.1702 600.1635 600.1575 600.1515 600.1465 600.1415 600.137 600.1315 600.1265 600.1205 600.1307 600.1227 600.113 600.1015 600.0883 600.073 600.0562 600.0377 600.0182 599.9975 599.9775 599.9575 599.943 599.9255 599.9092 599.8948 599.8992 599.8897 599.882 599.876 599.8715 599.8683 599.8785 599.8752 599.8718 599.877 599.8718 599.8647 599.8568 599.8508 599.8577 599.8465 599.8362 599.8232 599.8107 599.8035 599.816 599.8058 599.7968 599.7963 599.79 599.8075 599.8018 599.7968 599.8037 599.804 599.8105 599.8035
600.286 600.28 600.274 600.268 600.2617 600.2552 600.249 600.243 600.2372 600.2315 600.2267 600.2215 600.2172 600.2125 600.2075 600.2023 600.1955 600.1875 600.1787 600.1672 600.155 600.141 600.1245 600.107 600.0908 600.0713 600.0522 600.0335 600.0333 600.0228 600.008 599.9955 599.984 599.9747 599.9678 599.9665 599.9692 599.9662 599.9753 599.977 599.974 599.97 599.9647 599.9655 599.973 599.964 599.9612 599.9504 599.9393 599.9268 599.9473 599.9365 599.9258 599.919 599.911 599.9097 599.9323 599.9262 599.9213 599.9325 599.9275 599.9453 599.9393 599.9415
600.3627 600.357 600.3517 600.346 600.3395 600.3337 600.3275 600.322 600.3165 600.311 600.3065 600.302 600.2975 600.293 600.2888 600.2838 600.2775 600.2697 600.2615 600.2512 600.239 600.226 600.211 600.1945 600.1998 600.1897 600.1722 600.1547 600.1395 600.1235 600.1095 600.099 600.0892 600.0887 600.081 600.076 600.0975 600.094 600.0915 600.0883 600.0855 600.1012 600.0975 600.0917 600.0997 600.0915 600.0825 600.0722 600.0955 600.085 600.0775 600.067 600.0575 600.0577 600.0842 600.0772 600.0717 600.0775 600.0732 600.104 600.0995 600.095 600.1077 600.11
600.4547 600.4502 600.445 600.4393 600.4333 600.4282 600.4222 600.4172 600.4122 600.4078 600.4033 600.3987 600.3953 600.3907 600.3865 600.3815 600.3757 600.3692 600.3812 600.3823 600.3718 600.36 600.347 600.333 600.3173 600.3022 600.286 600.2712 600.2598 600.245 600.2352 600.2238 600.214 600.2427 600.2365 600.231 600.2275 600.224 600.2215 600.2365 600.233 600.2368 600.2498 600.245 600.2388 600.231 600.2542 600.2465 600.2475 600.2382 600.2287 600.2203 600.2575 600.2505 600.2437 600.2377 600.237 600.2458 600.2765 600.274 600.2695 600.2875 600.283 600.3088
600.5908 600.5862 600.5817 600.577 600.5717 600.567 600.5625 600.5577 600.5533 600.549 600.5453 600.5417 600.538 600.5345 600.5303 600.5262 600.521 600.5153 600.5082 600.503 600.494 600.4835 600.472 600.4592 600.4457 600.4357 600.4222 600.4083 600.3953 600.3825 600.4153 600.4058 600.397 600.39 600.3845 600.38 600.3875 600.3853 600.3825 600.4162 600.4132 600.4107 600.4066 600.4022 600.4252 600.4193 600.424 600.425 600.4173 600.409 600.4472 600.4405 600.4393 600.4327 600.4272 600.4218 600.4745 600.471 600.4672 600.4688 600.4752 600.5167 600.5132 600.5087
600.7195 600.716 600.7117 600.7079 600.7035 600.699 600.695 600.691 600.6868 600.6832 600.6797 600.6768 600.6738 600.6702 600.667 600.6632 600.659 600.6535 600.648 600.6412 600.6335 600.6243 600.6147 600.6065 600.5955 600.5848 600.618 600.6068 600.5965 600.5862 600.5775 600.5695 600.5617 600.556 600.556 600.5518 600.5483 600.5952 600.5935 600.5912 600.5887 600.5862 600.6055 600.602 600.629 600.6243 600.6185 600.6138 600.6075 600.6437 600.6473 600.6463 600.641 600.6362 600.6745 600.688 600.684 600.6812 600.6835 600.681 600.7397 600.7368 600.7332 600.7582
600.8607 600.8575 600.854 600.8505 600.8467 600.8433 600.8397 600.837 600.8335 600.83 600.8275 600.8248 600.8215 600.819 600.8163 600.8127 600.8093 600.8052 600.8002 600.7945 600.8213 600.8243 600.8187 600.811 600.8027 600.795 600.7902 600.782 600.774 600.7665 600.7595 600.7527 600.7473 600.7425 600.7965 600.7938 600.7913 600.789 600.787 600.79 600.798 600.7957 600.839 600.8365 600.833 600.8292 600.8248 600.858 600.8535 600.8757 600.8713 600.8675 600.863 600.9193 600.9163 600.9193 600.9165 600.914 600.9913 600.9895 600.988 600.9927 601.0048 601.0668
601.0507 601.0482 601.0458 601.0435 601.041 601.0385 601.0358 601.0328 601.031 601.0287 601.0262 601.024 601.0215 601.02 601.0175 601.0153 601.0128 601.0092 601.006 601.0025 600.9982 601.0078 601.0032 600.998 600.9927 600.9872 600.9815 600.9765 600.9708 600.966 600.9608 601.019 601.0157 601.0125 601.01 601.0078 601.0057 601.0103 601.0087 601.0073 601.075 601.074 601.0715 601.0703 601.0682 601.0985 601.096 601.1395 601.1373 601.135 601.133 601.1917 601.1902 601.2092 601.2078 601.2057 601.205 601.2662 601.301 601.2997 601.2987 601.3034 601.3988 601.4385
601.2568 601.2555 601.2542 601.2523 601.2512 601.249 601.248 601.2465 601.245 601.2435 601.242 601.2407 601.2395 601.2377 601.2365 601.2352 601.2335 601.232 601.2302 601.2288 601.227 601.2255 601.2228 601.221 601.2185 601.2165 601.2141 601.2762 601.2745 601.2737 601.272 601.2765 601.2755 601.2743 601.2733 601.272 601.271 601.2888 601.3561 601.3931 601.3922 601.3912 601.3902 601.3892 601.3882 601.446 601.5289 601.5278 601.5263 601.525 601.524 601.55 601.6453 601.6638 601.6629 601.6616 601.6602 601.7402 601.8012 601.7997 601.7988 601.7978 601.8828 601.9385
601.6514 601.6501 601.6486 601.6475 601.6465 601.6454 601.6445 601.6434 601.6423 601.6411 601.6396 601.6385 601.6375 601.6365 601.6355 601.6343 601.6335 601.6321 601.6307 601.6295 601.6286 601.6275 601.6266 601.6255 601.6245 601.6235 601.6225 601.6424 601.737 601.7433 601.7609 601.7593 601.7584 601.7574 601.7563 601.7551 601.7542 601.7532 601.8361 601.8935 601.8922 601.8912 601.8903 601.8892 601.8882 601.9301 602.0255 602.0278 602.0264 602.0251 602.0241 602.0339 602.1292 602.1637 602.163 602.1617 602.1603 602.228 602.3014 602.2998 602.2988 602.2979 602.3668 602.4384
602.1513 602.15 602.1486 602.1475 602.1465 602.1455 602.1445 602.1433 602.1423 602.1411 602.1395 602.1385 602.1375 602.1365 602.1356 602.1343 602.1335 602.132 602.1308 602.1295 602.1285 602.1276 602.1265 602.1255 602.1245 602.1235 602.1226 602.1224 602.217 602.2233 602.2609 602.2594 602.2584 602.2574 602.2564 602.2551 602.2541 602.2531 602.3162 602.3837 602.3923 602.3913 602.3903 602.3893 602.3883 602.4139 602.5095 602.5279 602.5264 602.5251 602.5242 602.5234 602.6131 602.6636 602.663 602.6618 602.6605 602.7159 602.8015 602.7999 602.7989 602.7979 602.8508 602.9383
