samples/sfe_24/sfe_24_r3/sfe_24_r3/sfe_24_r3.asc
ncols         275
nrows         75
xllcorner     98.60000000149
yllcorner     70.60000000149
cellsize      0.7
NODATA_value  -9999
[rows 0 to 27 of 75, columns 192 to 255 of 275]
605.6696 605.6683 605.6674 605.6663 605.665 605.6641 605.6631 605.6619 605.6602 605.6589 605.6578 605.6569 605.6555 605.6546 605.6536 605.6523 605.6507 605.6494 605.6486 605.647 605.6461 605.6451 605.6441 605.6426 605.6411 605.6406 605.6389 605.6376 605.6366 605.6353 605.6343 605.6331 605.632 605.6308 605.6293 605.6277 605.6267 605.6257 605.6244 605.6234 605.6224 605.621 605.6194 605.6181 605.6168 605.6158 605.6148 605.6134 605.6124 605.611 605.6094 605.6082 605.6068 605.6058 605.6047 605.6033 605.6024 605.6011 605.5994 605.598 605.597 605.5956 605.5946 605.5932
605.6232 605.6215 605.6206 605.6196 605.6176 605.6166 605.6157 605.6145 605.6124 605.6108 605.6099 605.6089 605.6068 605.6058 605.6049 605.6036 605.6015 605.6 605.5992 605.5975 605.5959 605.595 605.594 605.5919 605.5903 605.5898 605.5875 605.586 605.585 605.5828 605.5819 605.5807 605.5787 605.5778 605.5761 605.5739 605.5727 605.5718 605.5695 605.5685 605.5677 605.5653 605.5638 605.5624 605.5601 605.5591 605.5582 605.5558 605.5549 605.5533 605.5511 605.5497 605.5472 605.5463 605.5453 605.5427 605.5418 605.5407 605.5381 605.5364 605.5355 605.533 605.5319 605.5303
605.5766 605.575 605.5739 605.5729 605.5706 605.5692 605.5683 605.5671 605.5645 605.563 605.5619 605.5609 605.5581 605.5571 605.5562 605.5549 605.5523 605.5505 605.5498 605.5482 605.5458 605.5449 605.5439 605.541 605.5396 605.5389 605.5362 605.5344 605.5334 605.5304 605.5295 605.5284 605.5259 605.5245 605.523 605.5202 605.5187 605.5178 605.5152 605.5137 605.5129 605.5095 605.5083 605.5068 605.5036 605.5025 605.5016 605.4982 605.4974 605.4958 605.4929 605.4913 605.4885 605.4868 605.4859 605.4821 605.4812 605.4802 605.4766 605.475 605.474 605.4706 605.4692 605.4677
605.5297 605.5284 605.5272 605.5262 605.5238 605.5218 605.5209 605.5198 605.5164 605.5151 605.5139 605.5129 605.5097 605.5083 605.5075 605.5062 605.5029 605.5012 605.5004 605.4988 605.4957 605.4948 605.4938 605.4901 605.4888 605.4881 605.4846 605.483 605.4819 605.4779 605.4771 605.476 605.4736 605.4713 605.4698 605.4668 605.4647 605.4639 605.4612 605.4589 605.4581 605.4537 605.4528 605.4511 605.4473 605.4459 605.4451 605.4406 605.4398 605.4382 605.4344 605.4328 605.43 605.4272 605.4265 605.4223 605.4206 605.4197 605.4149 605.4136 605.4125 605.4081 605.4066 605.405
605.483 605.4818 605.4805 605.4794 605.4771 605.4743 605.4735 605.4725 605.4684 605.4673 605.4659 605.4649 605.4614 605.4595 605.4588 605.4575 605.4534 605.452 605.451 605.4495 605.4458 605.4447 605.4437 605.4391 605.438 605.4373 605.4329 605.4315 605.4303 605.4258 605.4247 605.4237 605.4213 605.418 605.4167 605.4136 605.4109 605.4099 605.4073 605.404 605.4033 605.3979 605.3972 605.3954 605.3913 605.3893 605.3885 605.3832 605.3823 605.3807 605.3758 605.3743 605.3716 605.3678 605.367 605.3629 605.36 605.3593 605.3541 605.3522 605.351 605.3453 605.3439 605.3424
605.4369 605.4352 605.4338 605.4327 605.4304 605.4271 605.4261 605.4251 605.4211 605.4194 605.4179 605.4169 605.4134 605.4108 605.4101 605.4088 605.4039 605.4026 605.4017 605.4001 605.3959 605.3947 605.3936 605.3882 605.3872 605.3865 605.3812 605.38 605.3787 605.3738 605.3723 605.3713 605.3689 605.3648 605.3636 605.3605 605.3571 605.356 605.3533 605.3492 605.3484 605.3425 605.3415 605.3398 605.3356 605.3326 605.332 605.326 605.3247 605.3231 605.3173 605.316 605.3131 605.3086 605.3076 605.3035 605.2994 605.2988 605.2936 605.2907 605.2894 605.2828 605.2812 605.2798
605.3908 605.3884 605.387 605.386 605.3837 605.38 605.3787 605.3777 605.3737 605.3713 605.3699 605.3689 605.3654 605.3623 605.3614 605.3601 605.3544 605.3534 605.3523 605.3508 605.3459 605.3445 605.3435 605.3373 605.3364 605.3356 605.3295 605.3286 605.3271 605.3222 605.3199 605.319 605.3166 605.3115 605.3104 605.3074 605.3033 605.302 605.2994 605.2943 605.2937 605.2877 605.2858 605.2841 605.28 605.2762 605.2754 605.2684 605.2672 605.2656 605.2587 605.2576 605.2546 605.2494 605.2481 605.244 605.239 605.2382 605.2332 605.2291 605.2279 605.2213 605.2186 605.2172
605.3447 605.3416 605.3403 605.3393 605.337 605.3326 605.3313 605.3303 605.3263 605.3232 605.3219 605.3209 605.3173 605.3138 605.3127 605.3114 605.3052 605.3041 605.303 605.3014 605.2957 605.2944 605.2934 605.2867 605.2856 605.2848 605.2784 605.277 605.2756 605.2706 605.2675 605.2667 605.2642 605.2584 605.2573 605.2542 605.2493 605.248 605.2454 605.2396 605.2389 605.2329 605.23 605.2285 605.2243 605.2198 605.2189 605.2111 605.2096 605.2081 605.2004 605.1992 605.1962 605.1898 605.1887 605.1846 605.1787 605.1777 605.1727 605.1674 605.1664 605.1597 605.1559 605.1545
605.2986 605.2948 605.2936 605.2926 605.2903 605.2852 605.2839 605.283 605.2789 605.2751 605.2739 605.2729 605.2693 605.2651 605.264 605.2627 605.2565 605.2548 605.2536 605.2521 605.2455 605.2443 605.2433 605.2363 605.2348 605.234 605.2275 605.2255 605.224 605.2191 605.2151 605.2143 605.2119 605.2054 605.2042 605.2011 605.1952 605.1941 605.1915 605.1851 605.1841 605.1781 605.1743 605.1728 605.1686 605.1633 605.1623 605.1545 605.152 605.1505 605.1424 605.1408 605.1378 605.1302 605.1293 605.1251 605.1182 605.1172 605.1122 605.1058 605.1048 605.0982 605.0934 605.0919
605.2525 605.248 605.2469 605.2459 605.2435 605.2377 605.2365 605.2355 605.2315 605.2271 605.2259 605.2249 605.2213 605.2163 605.2153 605.214 605.2079 605.2054 605.2043 605.2027 605.1953 605.1942 605.1932 605.1862 605.1839 605.1832 605.1768 605.174 605.1724 605.1675 605.163 605.162 605.1595 605.1523 605.1511 605.1479 605.1411 605.1401 605.1375 605.1302 605.1293 605.1233 605.1186 605.1171 605.113 605.1067 605.1057 605.098 605.0945 605.093 605.0849 605.0824 605.0793 605.0712 605.0698 605.0657 605.0575 605.0566 605.0518 605.0443 605.0433 605.0367 605.0308 605.0293
605.2064 605.2014 605.2002 605.1992 605.1968 605.1904 605.1891 605.1882 605.1841 605.1791 605.1779 605.1769 605.1732 605.1675 605.1665 605.1653 605.1592 605.1559 605.1549 605.1534 605.1459 605.1441 605.1431 605.136 605.1331 605.1323 605.1259 605.1223 605.1208 605.1159 605.1108 605.1096 605.1072 605.0993 605.0979 605.0948 605.0872 605.0862 605.0836 605.0759 605.0745 605.0685 605.063 605.0615 605.0573 605.05 605.0491 605.0414 605.037 605.0354 605.0273 605.024 605.0209 605.0127 605.0104 605.0062 604.9975 604.9961 604.9913 604.9828 604.9818 604.9752 604.9681 604.9667
605.1603 605.1548 605.1534 605.1525 605.1501 605.1437 605.1417 605.1407 605.1367 605.1313 605.1299 605.1289 605.1251 605.1189 605.1178 605.1166 605.1105 605.1064 605.1056 605.1041 605.0966 605.094 605.093 605.0859 605.0822 605.0815 605.0751 605.0707 605.0693 605.0643 605.0583 605.0573 605.0548 605.047 605.0447 605.0417 605.0338 605.0322 605.0296 605.022 605.0197 605.0137 605.0075 605.0058 605.0016 604.9935 604.9926 604.9848 604.9796 604.9778 604.9698 604.9655 604.9624 604.9542 604.9509 604.9468 604.938 604.9356 604.9308 604.922 604.9202 604.9136 604.9053 604.9041
605.1142 605.108 605.1068 605.1058 605.1034 605.097 605.0944 605.0934 605.0894 605.0833 605.082 605.0809 605.0771 605.0706 605.0691 605.0679 605.0619 605.057 605.0562 605.0547 605.0472 605.0439 605.0429 605.0358 605.0313 605.0307 605.0243 605.019 605.0177 605.0128 605.0059 605.0049 605.0025 604.9946 604.9916 604.9885 604.9806 604.9783 604.9756 604.968 604.9649 604.9589 604.9518 604.9501 604.946 604.9377 604.936 604.9282 604.9221 604.9203 604.9122 604.907 604.9039 604.8958 604.8915 604.8873 604.8786 604.8751 604.8704 604.8615 604.8587 604.8521 604.8427 604.8414
605.0681 605.0618 605.0601 605.059 605.0567 605.0503 605.0471 605.046 605.042 605.0359 605.0339 605.033 605.0291 605.0226 605.0204 605.0192 605.0132 605.0076 605.0069 605.0054 604.9979 604.9939 604.9928 604.9858 604.9804 604.9799 604.9734 604.9677 604.9661 604.9612 604.9536 604.9526 604.9501 604.9423 604.9385 604.9354 604.9275 604.9243 604.9217 604.9141 604.9101 604.9041 604.8964 604.8945 604.8903 604.882 604.8795 604.8717 604.8646 604.8627 604.8547 604.8485 604.8455 604.8373 604.8321 604.8279 604.8192 604.8145 604.8099 604.801 604.7972 604.7906 604.7803 604.7788
605.022 605.0157 605.0133 605.0123 605.01 605.0036 604.9999 604.9986 604.9946 604.9885 604.986 604.9849 604.981 604.9745 604.9717 604.9705 604.9646 604.9584 604.9575 604.956 604.9485 604.9439 604.9427 604.9357 604.9297 604.929 604.9226 604.9161 604.9146 604.9096 604.9019 604.9003 604.8978 604.89 604.8854 604.8823 604.8743 604.8704 604.8677 604.8601 604.8553 604.8493 604.8416 604.8387 604.8347 604.8264 604.8229 604.8151 604.8071 604.8052 604.7971 604.7901 604.787 604.7789 604.7727 604.7685 604.7597 604.754 604.7495 604.7406 604.7357 604.7291 604.7188 604.7161
604.9759 604.9696 604.9666 604.9656 604.9633 604.9569 604.9525 604.9512 604.9472 604.9412 604.938 604.937 604.933 604.9265 604.923 604.9218 604.9159 604.9089 604.9082 604.9067 604.8992 604.8939 604.8926 604.8856 604.8789 604.8782 604.8718 604.8646 604.863 604.858 604.8503 604.848 604.8455 604.8376 604.8322 604.8292 604.8212 604.8164 604.8138 604.8062 604.8005 604.7945 604.7868 604.7831 604.779 604.7707 604.7664 604.7585 604.7502 604.7477 604.7396 604.7316 604.7286 604.7205 604.7133 604.709 604.7003 604.6935 604.689 604.6801 604.6741 604.6675 604.6572 604.6535
604.9298 604.9235 604.9199 604.9189 604.9166 604.9102 604.905 604.9038 604.8998 604.8937 604.89 604.8889 604.8849 604.8784 604.8743 604.8731 604.8672 604.8599 604.8588 604.8573 604.8499 604.8437 604.8425 604.8354 604.828 604.8274 604.821 604.8137 604.8114 604.8065 604.7987 604.7957 604.7931 604.7853 604.779 604.776 604.7681 604.7625 604.7599 604.7523 604.7457 604.7397 604.732 604.7274 604.7233 604.715 604.7098 604.702 604.6936 604.6901 604.682 604.674 604.6702 604.662 604.6538 604.6496 604.6409 604.6329 604.6285 604.6196 604.6172 604.5803 604.5793 604.4862
604.8837 604.8774 604.8732 604.8722 604.8699 604.8635 604.8577 604.8564 604.8524 604.8464 604.842 604.8409 604.8369 604.8304 604.8256 604.8245 604.8186 604.8112 604.8095 604.808 604.8005 604.7936 604.7924 604.7853 604.7778 604.7766 604.7701 604.7629 604.7598 604.7549 604.7471 604.7434 604.7408 604.7329 604.7258 604.7228 604.7149 604.7085 604.7059 604.6983 604.6909 604.6849 604.6772 604.6718 604.6677 604.6594 604.6532 604.6454 604.637 604.6326 604.6283 604.627 604.5554 604.5179 604.4952 604.3939 604.3713 604.3372 604.2367 604.2253 604.1745 604.0804 604.0793 603.9905
604.8376 604.8313 604.8266 604.8255 604.8231 604.8168 604.8104 604.809 604.805 604.799 604.7941 604.7928 604.7889 604.7823 604.7769 604.7758 604.77 604.7625 604.7601 604.7586 604.7512 604.7437 604.7423 604.7352 604.7277 604.7257 604.7193 604.712 604.7083 604.7033 604.6956 604.6911 604.6884 604.6806 604.6727 604.6697 604.6618 604.6545 604.652 604.6443 604.64 604.624 604.6016 604.5362 604.4565 604.4554 604.4067 604.3107 604.3096 604.2224 604.1639 604.1595 604.0597 604.0179 603.9954 603.8941 603.8716 603.8415 603.741 603.7255 603.6746 603.5804 603.5795 603.4948
604.7915 604.7852 604.7798 604.7787 604.7764 604.77 604.7637 604.7617 604.7576 604.7516 604.7461 604.7448 604.7408 604.7343 604.7282 604.7271 604.7213 604.7139 604.7108 604.7093 604.7018 604.6943 604.6922 604.6852 604.6776 604.6749 604.6685 604.6613 604.6567 604.652 604.6508 604.6215 604.5419 604.5406 604.5181 604.4167 604.3941 604.3571 604.2564 604.2482 604.2255 604.1241 604.1016 604.0364 603.9567 603.9555 603.9109 603.8107 603.8097 603.7308 603.6641 603.6629 603.5639 603.5181 603.4955 603.3943 603.3718 603.3458 603.2452 603.2258 603.1747 603.0806 603.0795 602.999
604.7454 604.7391 604.7332 604.7321 604.7297 604.7233 604.717 604.7142 604.7103 604.7042 604.6981 604.6968 604.6927 604.6863 604.6797 604.6785 604.6726 604.6655 604.6647 604.6281 604.6265 604.6184 604.5179 604.4805 604.4795 604.3853 604.3339 604.3326 604.2563 604.1877 604.1868 604.1216 604.0419 604.0407 604.0182 603.9169 603.8943 603.8572 603.7565 603.7483 603.7256 603.6242 603.6018 603.5366 603.4569 603.4556 603.4151 603.3147 603.3098 603.2391 603.1644 603.1631 603.0682 603.0181 602.9955 602.8945 602.872 602.85 602.7495 602.726 602.6747 602.5806 602.5797 602.5033
604.6993 604.693 604.6867 604.6854 604.683 604.6795 604.678 604.6205 604.5689 604.5679 604.5473 604.4476 604.4213 604.42 604.3997 604.2999 604.2742 604.2732 604.2012 604.1281 604.1266 604.1227 604.0223 603.9805 603.9796 603.8854 603.834 603.8327 603.7606 603.6879 603.6869 603.6217 603.5421 603.5408 603.5183 603.4169 603.3945 603.3574 603.2566 603.2484 603.2256 603.1243 603.102 603.0368 602.957 602.9557 602.9193 602.819 602.8099 602.7474 602.6646 602.6634 602.5724 602.5182 602.4956 602.3948 602.3723 602.3543 602.2538 602.2262 602.1749 602.0807 602.0797 602.0076
604.3636 604.3627 604.3456 604.2465 604.2167 604.2148 604.2137 604.1289 604.069 604.0679 604.0556 603.956 603.9214 603.9201 603.904 603.8041 603.7743 603.7733 603.7095 603.6282 603.6267 603.6255 603.5267 603.4807 603.4796 603.3855 603.334 603.3328 603.2648 603.1879 603.187 603.1218 603.0421 603.0408 603.0184 602.917 602.8945 602.8576 602.7567 602.7485 602.7257 602.6244 602.6022 602.5369 602.457 602.4557 602.4233 602.3232 602.3099 602.2556 602.1649 602.1636 602.0767 602.0183 601.9957 601.895 601.8724 601.8586 601.758 601.7264 601.6749 601.5808 601.5798 601.5118
603.8637 603.8627 603.8538 603.7548 603.7166 603.7149 603.7139 603.6373 603.569 603.5681 603.5638 603.4644 603.4214 603.4202 603.4082 603.3083 603.2744 603.2734 603.2178 603.1281 603.1268 603.1257 603.0311 602.9807 602.9797 602.8856 602.8341 602.8329 602.7691 602.688 602.6871 602.6219 602.5422 602.541 602.5185 602.4171 602.3946 602.3578 602.2567 602.2485 602.2258 602.1245 602.1025 602.037 601.9571 601.9559 601.9274 601.8275 601.8101 601.7638 601.6652 601.6638 601.5809 601.5184 601.4958 601.3951 601.3725 601.3629 601.2623 601.2264 601.1895 601.125 601.124 601.102
603.3638 603.3628 603.3615 603.2629 603.2166 603.215 603.2139 603.1457 603.0692 603.0681 603.0668 602.9728 602.9216 602.9203 602.9125 602.8126 602.7745 602.7734 602.726 602.6281 602.6269 602.626 602.5356 602.4808 602.4798 602.3857 602.3342 602.3329 602.2734 602.1881 602.1871 602.1219 602.0423 602.041 602.0186 601.9172 601.8947 601.8581 601.7568 601.7487 601.7259 601.6245 601.6027 601.537 601.4572 601.4559 601.4316 601.3317 601.3101 601.272 601.201 601.1785 601.1697 601.0908 601.0898 601.0385 601.002 600.9803 600.9368 600.9147 600.851 600.8342 600.8342 600.7703
602.8639 602.8629 602.8616 602.7711 602.7165 602.715 602.7141 602.6541 602.5692 602.5682 602.5671 602.4811 602.4216 602.4203 602.4167 602.3168 602.2745 602.2736 602.2343 602.1345 602.127 602.1262 602.0398 601.9809 601.9799 601.8857 601.8343 601.8331 601.7777 601.6882 601.6873 601.6221 601.5424 601.5411 601.5186 601.4172 601.3948 601.3583 601.257 601.2487 601.226 601.2108 601.1478 601.1255 601.0618 601.0598 601.0098 600.9937 600.971 600.8912 600.8823 600.8802 600.809 600.8073 600.7905 600.741 600.7405 600.7025 600.676 600.6655 600.6127 600.6127 600.597 600.5543
602.364 602.363 602.3619 602.2793 602.2164 602.2151 602.2141 602.1625 602.0693 602.0683 602.0673 601.9893 601.9217 601.9205 601.9196 601.8211 601.7747 601.7736 601.7425 601.6428 601.627 601.6264 601.5441 601.481 601.4799 601.3858 601.3344 601.3331 601.282 601.2025 601.2018 601.2007 601.1147 601.1138 601.1127 601.07 601.0272 601.013 600.9432 600.9427 600.88 600.8633 600.8622 600.8395 600.7955 600.7825 600.738 600.725 600.69 600.6553 600.6523 600.6013 600.5855 600.5788 600.5342 600.5245 600.5 600.4667 600.4675 600.4252 600.4118 600.3985 600.3585 600.3542
601.8641 601.863 601.8621 601.7875 601.7165 601.7152 601.7142 601.6709 601.5712 601.5684 601.5673 601.4975 601.4218 601.4205 601.4197 601.3253 601.2747 601.2737 601.2507 601.2358 601.1689 601.1608 601.1453 601.0798 601.0787 601.0275 600.9905 600.9895 600.9243 600.9025 600.9015 600.9015 600.8305 600.8257 600.8155 600.7672 600.768 600.7318 600.706 600.7067 600.649 600.6428 600.642 600.5828 600.5802 600.5635 600.5175 600.5043 600.4772 600.45 600.4022 600.3903 600.3835 600.3542 600.3278 600.315 600.2895 600.2778 600.2497 600.23 600.2315 600.1868 600.1835 600.161
