samples/sfe_24/sfe_24_r3/sfe_24_r3/sfe_24_r3.asc
ncols         275
nrows         75
xllcorner     98.60000000149
yllcorner     70.60000000149
cellsize      0.7
NODATA_value  -9999
[rows 0 to 27 of 75, columns 64 to 127 of 275]
605.8124 605.8112 605.8096 605.8094 605.8079 605.8066 605.8057 605.8049 605.8039 605.8026 605.8019 605.8009 605.7994 605.7982 605.7972 605.7963 605.7953 605.7943 605.7934 605.7924 605.7908 605.7896 605.7886 605.7878 605.7867 605.7858 605.7849 605.7834 605.7822 605.781 605.78 605.779 605.778 605.7772 605.7762 605.775 605.7734 605.7722 605.7712 605.7704 605.7693 605.7684 605.7674 605.7661 605.7646 605.7634 605.7628 605.7615 605.7606 605.7596 605.7585 605.7573 605.7558 605.7552 605.7537 605.7527 605.7518 605.7507 605.7498 605.7485 605.7477 605.7465 605.745 605.7437
605.7632 605.7618 605.7604 605.7609 605.7593 605.7582 605.7573 605.757 605.756 605.7546 605.7539 605.7537 605.7521 605.751 605.7501 605.7497 605.7487 605.7477 605.7466 605.7464 605.7448 605.7437 605.7427 605.7424 605.7413 605.7404 605.7394 605.7378 605.7375 605.7361 605.7352 605.7342 605.7333 605.733 605.7319 605.7307 605.7292 605.728 605.7271 605.7267 605.7256 605.7247 605.7237 605.7224 605.7208 605.7198 605.7196 605.7184 605.7174 605.7164 605.7153 605.7141 605.7126 605.7119 605.7105 605.7101 605.7091 605.7081 605.7071 605.7058 605.7051 605.7039 605.7024 605.701
605.7139 605.7125 605.7113 605.7123 605.7108 605.7097 605.7089 605.7091 605.7082 605.7066 605.7057 605.7065 605.7048 605.7039 605.703 605.7031 605.7021 605.7012 605.6997 605.7004 605.6988 605.6978 605.6969 605.697 605.6959 605.6949 605.6939 605.6923 605.6927 605.6913 605.6904 605.6895 605.6885 605.6887 605.6877 605.6865 605.6849 605.6838 605.6829 605.683 605.6819 605.681 605.68 605.6786 605.6772 605.6765 605.6764 605.6752 605.6743 605.6733 605.6721 605.6709 605.6694 605.6686 605.6674 605.6675 605.6664 605.6654 605.6644 605.6631 605.6624 605.6611 605.6597 605.6584
605.6647 605.6633 605.6622 605.6638 605.6622 605.6613 605.6604 605.6612 605.6603 605.6586 605.6581 605.6593 605.6576 605.6567 605.6561 605.6565 605.6555 605.6546 605.6532 605.6545 605.6528 605.6519 605.651 605.6516 605.6505 605.6495 605.6484 605.647 605.6479 605.6465 605.6455 605.6447 605.6438 605.6445 605.6434 605.6422 605.6407 605.6396 605.6387 605.6393 605.6382 605.6373 605.6363 605.6349 605.6336 605.6333 605.6332 605.6321 605.6311 605.6301 605.6289 605.6277 605.6262 605.6252 605.6244 605.6249 605.6237 605.6227 605.6217 605.6204 605.6197 605.6185 605.6171 605.6157
605.6154 605.614 605.6131 605.6152 605.6136 605.6128 605.6116 605.6133 605.6125 605.6109 605.6108 605.6121 605.6104 605.6096 605.6094 605.6099 605.6089 605.6078 605.6072 605.6085 605.6068 605.606 605.6048 605.6061 605.6051 605.6041 605.6028 605.6018 605.6031 605.6017 605.6007 605.5999 605.5988 605.6002 605.5992 605.5979 605.5964 605.5953 605.5945 605.5956 605.5945 605.5936 605.5926 605.5911 605.59 605.5901 605.59 605.5889 605.5879 605.5869 605.5857 605.5845 605.5829 605.5821 605.5818 605.5822 605.5811 605.58 605.579 605.5778 605.577 605.5758 605.5745 605.573
605.5662 605.5647 605.564 605.5666 605.5651 605.5643 605.563 605.5654 605.5646 605.5632 605.5637 605.5649 605.5631 605.5624 605.5628 605.5632 605.5623 605.561 605.5612 605.5626 605.5608 605.5601 605.5586 605.5607 605.5598 605.5587 605.5573 605.5569 605.5583 605.5568 605.5558 605.5551 605.5537 605.5559 605.5549 605.5536 605.5521 605.5511 605.5504 605.5519 605.5508 605.5499 605.5489 605.5474 605.5463 605.547 605.5468 605.5457 605.5447 605.5438 605.5425 605.5413 605.5397 605.539 605.5391 605.5396 605.5384 605.5374 605.5364 605.5351 605.5344 605.5331 605.5318 605.5303
605.517 605.5156 605.5153 605.5181 605.5166 605.5159 605.5152 605.5176 605.5167 605.5154 605.5165 605.5176 605.5159 605.5152 605.5162 605.5166 605.5156 605.5142 605.5153 605.5165 605.5148 605.5142 605.5131 605.5153 605.5143 605.5133 605.5119 605.5121 605.5135 605.5121 605.511 605.5103 605.5092 605.5117 605.5106 605.5094 605.5079 605.507 605.5062 605.5082 605.5071 605.5062 605.5052 605.5036 605.5027 605.5038 605.5036 605.5026 605.5016 605.5006 605.4993 605.498 605.4966 605.4958 605.4965 605.4969 605.4957 605.4946 605.4937 605.4924 605.4916 605.4904 605.4892 605.4877
605.4677 605.4664 605.4667 605.4695 605.4681 605.4674 605.4673 605.4697 605.4689 605.4677 605.4692 605.4703 605.4687 605.4677 605.4696 605.47 605.4689 605.4677 605.4693 605.4705 605.4689 605.4682 605.4678 605.4699 605.4689 605.4679 605.4666 605.4673 605.4688 605.4673 605.4662 605.4655 605.465 605.4674 605.4664 605.4651 605.4636 605.4627 605.4617 605.4645 605.4634 605.4625 605.4615 605.4599 605.4591 605.4606 605.4604 605.4594 605.4584 605.4575 605.4561 605.4548 605.4534 605.4528 605.4539 605.4543 605.453 605.452 605.451 605.4497 605.449 605.4478 605.4465 605.445
605.4185 605.4172 605.4181 605.4209 605.4196 605.4187 605.4195 605.4219 605.421 605.4199 605.4221 605.4231 605.4215 605.4203 605.423 605.4234 605.4222 605.4211 605.4233 605.4245 605.4229 605.4221 605.4224 605.4245 605.4235 605.4225 605.4213 605.4225 605.424 605.4225 605.4214 605.4206 605.4207 605.4232 605.4221 605.4209 605.4194 605.4185 605.4173 605.4207 605.4197 605.4187 605.4177 605.4161 605.4152 605.4175 605.4172 605.4163 605.4152 605.4142 605.4129 605.4116 605.4102 605.4096 605.4112 605.4116 605.4103 605.4093 605.4083 605.407 605.4063 605.405 605.4039 605.4024
605.3692 605.3681 605.3696 605.3724 605.3711 605.37 605.3716 605.374 605.373 605.3721 605.3749 605.3759 605.3743 605.3732 605.3763 605.3768 605.3755 605.3746 605.3774 605.3785 605.377 605.376 605.3771 605.3791 605.3781 605.3771 605.3759 605.3776 605.3792 605.3777 605.3766 605.3756 605.3765 605.3789 605.3779 605.3766 605.3751 605.3743 605.3736 605.377 605.376 605.375 605.374 605.3724 605.3713 605.3743 605.3741 605.373 605.3721 605.3711 605.3697 605.3684 605.3671 605.3664 605.3686 605.369 605.3676 605.3666 605.3656 605.3643 605.3636 605.3624 605.3613 605.3597
605.3199 605.319 605.321 605.3238 605.3226 605.3215 605.3238 605.3262 605.3252 605.3242 605.3276 605.3286 605.3271 605.3261 605.3297 605.3301 605.3289 605.328 605.3314 605.3325 605.331 605.33 605.3317 605.3337 605.3327 605.3317 605.3306 605.3328 605.3344 605.3329 605.3317 605.3306 605.3322 605.3346 605.3336 605.3323 605.3309 605.33 605.3299 605.3333 605.3323 605.3313 605.3303 605.3288 605.3277 605.3312 605.3309 605.3299 605.3289 605.3279 605.3265 605.3252 605.3239 605.3229 605.3259 605.3264 605.325 605.3239 605.3229 605.3217 605.3209 605.3197 605.3186 605.3171
605.2707 605.2698 605.2724 605.2752 605.274 605.2731 605.2759 605.2783 605.2773 605.2764 605.2805 605.2814 605.2799 605.2791 605.2831 605.2835 605.2822 605.2811 605.2855 605.2865 605.285 605.2841 605.2863 605.2883 605.2873 605.2863 605.285 605.288 605.2897 605.2881 605.2869 605.2859 605.288 605.2903 605.2894 605.2881 605.2866 605.2856 605.2862 605.2896 605.2886 605.2876 605.2866 605.2852 605.2844 605.288 605.2878 605.2867 605.2858 605.2848 605.2833 605.282 605.2808 605.2797 605.2833 605.2838 605.2823 605.2813 605.2803 605.279 605.2783 605.277 605.276 605.2745
605.2214 605.2204 605.2239 605.2267 605.2255 605.2247 605.2281 605.2305 605.2294 605.2292 605.2333 605.2341 605.2327 605.2325 605.2365 605.2369 605.2356 605.2352 605.2395 605.2405 605.2391 605.2382 605.241 605.2429 605.2419 605.2408 605.2396 605.2432 605.2449 605.2433 605.2421 605.2411 605.2437 605.2461 605.2451 605.2438 605.2423 605.2411 605.2425 605.2459 605.2449 605.2439 605.2429 605.2415 605.2412 605.2448 605.2446 605.2436 605.2426 605.2416 605.2401 605.2388 605.2375 605.2367 605.2407 605.2411 605.2396 605.2385 605.2375 605.2363 605.2355 605.2343 605.2333 605.2318
605.1722 605.1712 605.1753 605.1781 605.177 605.1761 605.1802 605.1826 605.1815 605.1819 605.186 605.1868 605.1855 605.1859 605.1899 605.1903 605.1889 605.1892 605.1935 605.1945 605.1931 605.1922 605.1956 605.1974 605.1965 605.1954 605.1945 605.1983 605.2001 605.1986 605.1973 605.1964 605.1994 605.2018 605.2008 605.1996 605.1981 605.197 605.1988 605.2022 605.2012 605.2002 605.1992 605.1978 605.198 605.2017 605.2014 605.2004 605.1994 605.1984 605.1968 605.1956 605.1944 605.194 605.1981 605.1984 605.1969 605.1959 605.1949 605.1936 605.1929 605.1917 605.1907 605.1892
605.123 605.1221 605.1267 605.1295 605.1285 605.1282 605.1324 605.1348 605.1337 605.1348 605.1389 605.1396 605.1383 605.1392 605.1432 605.1437 605.1423 605.1432 605.1476 605.1485 605.1472 605.1464 605.1503 605.152 605.1511 605.15 605.1497 605.1535 605.1553 605.1538 605.1524 605.1514 605.1552 605.1576 605.1566 605.1553 605.1538 605.1528 605.1551 605.1585 605.1575 605.1565 605.1555 605.1542 605.1548 605.1585 605.1583 605.1572 605.1563 605.1553 605.1536 605.1524 605.1512 605.1514 605.1554 605.1558 605.1542 605.1532 605.1522 605.1509 605.1502 605.149 605.1481 605.1465
605.0737 605.0734 605.0782 605.081 605.08 605.0804 605.0845 605.0869 605.0859 605.0876 605.0917 605.0923 605.0911 605.0926 605.0966 605.097 605.0958 605.0973 605.1016 605.1025 605.1012 605.101 605.1049 605.1066 605.1057 605.1046 605.1049 605.1086 605.1105 605.109 605.1076 605.1071 605.1109 605.1133 605.1123 605.1111 605.1096 605.1086 605.1114 605.1148 605.1138 605.1128 605.1118 605.1105 605.1117 605.1153 605.1151 605.1141 605.1131 605.1121 605.1104 605.1092 605.1081 605.1088 605.1127 605.1132 605.1115 605.1105 605.1095 605.1082 605.1075 605.1063 605.1054 605.1039
605.0245 605.0248 605.0296 605.0325 605.0315 605.0325 605.0367 605.0391 605.0381 605.0403 605.0444 605.0451 605.0438 605.046 605.05 605.0505 605.0492 605.0513 605.0557 605.0565 605.0552 605.0557 605.0595 605.0612 605.0602 605.0592 605.06 605.0638 605.0657 605.0643 605.0627 605.0629 605.0667 605.069 605.0681 605.0668 605.0653 605.0645 605.0676 605.0711 605.0701 605.0691 605.0681 605.0667 605.0685 605.0721 605.0719 605.0709 605.0699 605.0689 605.0672 605.066 605.0649 605.0662 605.0701 605.0705 605.0688 605.0678 605.0668 605.0656 605.0648 605.0636 605.0627 605.0613
604.9753 604.9763 604.981 604.9839 604.983 604.9847 604.9888 604.9912 604.9902 604.9932 604.9973 604.9979 604.9965 604.9994 605.0034 605.0038 605.0026 605.0054 605.0097 605.0104 605.0093 605.0103 605.0142 605.0158 605.0148 605.0138 605.0152 605.019 605.0209 605.0195 605.0179 605.0186 605.0224 605.0248 605.0238 605.0225 605.021 605.0203 605.0239 605.0274 605.0264 605.0254 605.0244 605.0229 605.0253 605.029 605.0287 605.0278 605.0267 605.0258 605.024 605.0228 605.0217 605.0235 605.0275 605.0279 605.0262 605.0251 605.0242 605.0229 605.0222 605.0209 605.0201 605.0186
604.9261 604.9277 604.9325 604.9354 604.9344 604.9368 604.941 604.9434 604.9424 604.946 604.95 604.9506 604.9493 604.9528 604.9568 604.9572 604.956 604.9594 604.9637 604.9645 604.9633 604.9649 604.9688 604.9704 604.9694 604.9683 604.9704 604.9742 604.9761 604.9747 604.9731 604.9744 604.9781 604.9805 604.9796 604.9783 604.9767 604.9766 604.9802 604.9836 604.9827 604.9816 604.9807 604.9793 604.9822 604.9858 604.9856 604.9846 604.9836 604.9825 604.9808 604.9796 604.9786 604.9808 604.9849 604.9852 604.9835 604.9825 604.9815 604.9802 604.9795 604.9783 604.9775 604.976
604.877 604.8792 604.8839 604.8869 604.8859 604.889 604.8931 604.8955 604.8947 604.8987 604.9028 604.9033 604.9021 604.9061 604.9102 604.9106 604.9094 604.9135 604.9178 604.9185 604.9174 604.9196 604.9234 604.925 604.924 604.9229 604.9255 604.9294 604.9313 604.9299 604.9283 604.9301 604.9338 604.9363 604.9353 604.934 604.9325 604.9329 604.9365 604.9399 604.939 604.9379 604.937 604.9355 604.939 604.9427 604.9424 604.9414 604.9404 604.9393 604.9377 604.9364 604.9353 604.9382 604.9422 604.9425 604.9409 604.9398 604.9388 604.9376 604.9368 604.9356 604.9348 604.9333
604.8317 604.8306 604.8353 604.8384 604.8374 604.8411 604.8453 604.8477 604.8475 604.8516 604.8557 604.8561 604.8555 604.8595 604.8635 604.864 604.8632 604.8675 604.8718 604.8724 604.8714 604.8742 604.8781 604.8796 604.8786 604.8775 604.8807 604.8845 604.8864 604.8851 604.8834 604.8859 604.8896 604.892 604.8911 604.8898 604.8882 604.8892 604.8928 604.8962 604.8953 604.8942 604.8932 604.8922 604.8959 604.8995 604.8992 604.8983 604.8972 604.8961 604.8945 604.8932 604.8921 604.8956 604.8995 604.8998 604.8983 604.8971 604.8961 604.895 604.8941 604.893 604.8921 604.8907
604.3743 604.4371 604.4361 604.4454 604.5439 604.5759 604.575 604.6092 604.7078 604.7138 604.7128 604.7485 604.818 604.8167 604.8169 604.8174 604.8172 604.8215 604.8259 604.8264 604.8254 604.8288 604.8327 604.8342 604.8332 604.8321 604.8359 604.8397 604.8416 604.8403 604.8386 604.8416 604.8453 604.8478 604.8468 604.8455 604.844 604.8454 604.8491 604.8525 604.8516 604.8505 604.8495 604.8491 604.8527 604.8563 604.8561 604.8551 604.8541 604.8529 604.8513 604.8501 604.8489 604.853 604.8569 604.8572 604.8556 604.8544 604.8535 604.8523 604.8514 604.8503 604.8494 604.8481
603.8742 603.9371 603.936 603.9494 604.0479 604.0759 604.0749 604.1091 604.2078 604.2137 604.2128 604.2567 604.3536 604.3525 604.3509 604.3859 604.4845 604.4905 604.4895 604.4981 604.5959 604.6292 604.6277 604.6264 604.6493 604.7469 604.7663 604.7653 604.7643 604.771 604.797 604.7973 604.8011 604.8035 604.8025 604.8012 604.7997 604.8017 604.8054 604.8088 604.8079 604.8068 604.8058 604.8059 604.8095 604.8132 604.8129 604.812 604.8109 604.8097 604.8082 604.8069 604.8063 604.8103 604.8143 604.8145 604.813 604.8117 604.8107 604.8097 604.8087 604.8077 604.8067 604.8054
603.3741 603.437 603.436 603.4534 603.5519 603.5758 603.5748 603.6091 603.7077 603.7137 603.7127 603.765 603.8536 603.8524 603.8508 603.8858 603.9844 603.9905 603.9894 604.0021 604.0999 604.1291 604.1276 604.1263 604.1575 604.2551 604.2662 604.2653 604.2642 604.283 604.3792 604.4031 604.4021 604.4011 604.4001 604.3986 604.4864 604.5391 604.5381 604.5369 604.5359 604.535 604.5897 604.6749 604.6738 604.6729 604.6718 604.6708 604.6698 604.6685 604.6714 604.7049 604.772 604.7712 604.7717 604.7718 604.7703 604.769 604.7681 604.767 604.7661 604.7651 604.764 604.7628
602.8741 602.9369 602.9359 602.9575 603.056 603.0757 603.0745 603.109 603.2076 603.2137 603.2126 603.2731 603.3535 603.3523 603.3508 603.3857 603.4844 603.4904 603.4894 603.5062 603.6041 603.629 603.6276 603.6263 603.6657 603.7631 603.7662 603.7652 603.7641 603.7949 603.8913 603.9031 603.902 603.9011 603.9001 603.9066 604.0026 604.0391 604.0381 604.0369 604.0359 604.0351 604.1058 604.1749 604.1738 604.1728 604.1718 604.1708 604.1697 604.1682 604.1913 604.2249 604.3077 604.3066 604.3057 604.3044 604.303 604.3018 604.3008 604.2997 604.2988 604.2978 604.3085 604.3141
602.374 602.4368 602.4359 602.4615 602.56 602.5757 602.5743 602.6089 602.7076 602.7136 602.7126 602.7813 602.8535 602.8522 602.8507 602.8857 602.9843 602.9904 602.9893 603.0101 603.1083 603.129 603.1275 603.1262 603.174 603.2671 603.2661 603.2651 603.2639 603.3069 603.4035 603.403 603.402 603.4009 603.4 603.4228 603.5186 603.5392 603.5381 603.5368 603.5358 603.5349 603.622 603.675 603.6737 603.6727 603.6717 603.6707 603.6697 603.668 603.7113 603.7448 603.8078 603.8066 603.8056 603.8043 603.8032 603.8019 603.8009 603.7999 603.7988 603.7979 603.8284 603.8342
601.874 601.9368 601.9358 601.9656 602.0641 602.0756 602.0741 602.1089 602.2075 602.2136 602.2125 602.2893 602.3534 602.3522 602.3506 602.3856 602.4842 602.4903 602.4893 602.5142 602.6125 602.6289 602.6274 602.6262 602.6821 602.767 602.7661 602.7651 602.7637 602.8188 602.9045 602.9029 602.9019 602.9009 602.8999 602.939 603.0346 603.0393 603.038 603.0367 603.0358 603.0427 603.1381 603.1751 603.1736 603.1727 603.1716 603.1707 603.1697 603.1682 603.2314 603.2647 603.3077 603.3065 603.3055 603.3043 603.3032 603.3019 603.301 603.2999 603.2988 603.2979 603.3483 603.3541
601.4022 601.4367 601.4357 601.4696 601.5681 601.5754 601.5739 601.6088 601.7075 601.7135 601.7125 601.7973 601.8533 601.8521 601.8506 601.8856 601.9841 601.9902 601.9893 602.0182 602.1167 602.1288 602.1274 602.1261 602.1902 602.267 602.2659 602.265 602.2635 602.3311 602.4044 602.4028 602.4019 602.4008 602.3998 602.4552 602.5403 602.5394 602.538 602.5367 602.5357 602.5588 602.6542 602.6752 602.6736 602.6726 602.6716 602.6706 602.6696 602.677 602.7515 602.7847 602.8077 602.8065 602.8055 602.8043 602.8033 602.8021 602.801 602.8 602.7987 602.7976 602.8683 602.874
