samples/sfe_24/sfe_24_r3/sfe_24_r3/sfe_24_r3.asc
ncols         275
nrows         75
xllcorner     98.60000000149
yllcorner     70.60000000149
cellsize      0.7
NODATA_value  -9999
[rows 28 to 55 of 75, columns 64 to 127 of 275]
601.1127 601.1682 601.17 601.189 601.231 601.243 601.244 601.2838 601.3115 601.3108 601.311 601.369 601.3732 601.3725 601.3713 601.3855 601.4841 601.4902 601.4892 601.5224 601.6208 601.6288 601.6273 601.626 601.6982 601.7669 601.7659 601.7648 601.7632 601.8432 601.9042 601.9028 601.9018 601.9008 601.8998 601.9712 602.0405 602.0394 602.0379 602.0366 602.0356 602.075 602.1703 602.1753 602.1735 602.1725 602.1715 602.1705 602.1696 602.197 602.2715 602.3046 602.3077 602.3064 602.3054 602.3042 602.3033 602.3021 602.3011 602.3001 602.2986 602.2979 602.3882 602.394
600.8775 600.8878 600.949 600.9532 600.9828 600.9965 601.025 601.0292 601.0745 601.0917 601.0942 601.0975 601.1553 601.1573 601.159 601.1663 601.2228 601.2235 601.2242 601.249 601.2773 601.2817 601.2817 601.2815 601.321 601.3335 601.3325 601.332 601.3312 601.3693 601.404 601.4027 601.4017 601.4007 601.3997 601.4872 601.5405 601.5394 601.5378 601.5366 601.5356 601.5911 601.6763 601.6752 601.6736 601.6725 601.6714 601.6705 601.6695 601.7169 601.7916 601.809 601.8076 601.8063 601.8054 601.8043 601.8033 601.8022 601.8012 601.8001 601.7986 601.8135 601.9081 601.9139
600.6815 600.689 600.7105 600.7582 600.7655 600.804 600.8223 600.8387 600.845 600.8968 600.9063 600.9122 600.9177 600.9735 600.9788 600.9837 601.0005 601.0413 601.0447 601.0485 601.0785 601.081 601.1017 601.103 601.104 601.1452 601.1453 601.148 601.148 601.147 601.1968 601.1957 601.1948 601.1937 601.1927 601.2045 601.2345 601.2427 601.2413 601.2408 601.24 601.2687 601.2675 601.2888 601.2867 601.2858 601.284 601.2828 601.281 601.329 601.328 601.3267 601.3295 601.3282 601.3273 601.326 601.325 601.3238 601.3228 601.3215 601.32 601.3335 601.4281 601.4338
600.5045 600.514 600.537 600.5545 600.592 600.6013 600.646 600.658 600.6745 600.6833 600.7363 600.7445 600.753 600.765 600.8073 600.8228 600.8295 600.855 600.861 600.892 600.897 600.9085 600.9362 600.9493 600.9518 600.9532 600.984 600.995 600.995 600.995 600.9983 600.9975 601.0367 601.0358 601.0347 601.0345 601.0512 601.0513 601.0755 601.0748 601.0737 601.0732 601.0717 601.102 601.1005 601.099 601.1068 601.1052 601.1027 601.0997 601.097 601.1052 601.138 601.1355 601.1332 601.1307 601.129 601.1268 601.1242 601.1223 601.1205 601.1233 601.1212 601.119
600.3148 600.3585 600.3705 600.3865 600.419 600.448 600.4595 600.5087 600.5182 600.5323 600.5438 600.575 600.6058 600.6165 600.6373 600.6572 600.6865 600.696 600.7243 600.735 600.7573 600.7643 600.7698 600.8065 600.8102 600.8165 600.818 600.8195 600.8582 600.8582 600.8575 600.8572 600.8663 600.8758 600.8945 600.8945 600.8945 600.8945 600.9163 600.9163 600.9315 600.9313 600.9305 600.9285 600.9268 600.9592 600.9567 600.954 600.9537 600.9503 600.9468 600.943 600.9395 600.9357 600.9323 600.9388 600.969 600.9665 600.9635 600.9605 600.9585 600.9553 600.9528 600.9503
600.1758 600.2037 600.2385 600.2525 600.2662 600.305 600.3273 600.341 600.381 600.4005 600.4135 600.43 600.443 600.488 600.5007 600.5308 600.5413 600.5717 600.5823 600.5928 600.6258 600.6412 600.6483 600.654 600.6825 600.695 600.6975 600.699 600.7025 600.7035 600.7345 600.7345 600.7345 600.7482 600.7482 600.754 600.7685 600.7685 600.7692 600.7692 600.7943 600.794 600.8015 600.8005 600.7985 600.796 600.7927 600.7892 600.82 600.816 600.812 600.807 600.8022 600.7978 600.7933 600.792 600.7885 600.785 600.7817 600.7783 600.8115 600.809 600.8055 600.802
600.0652 600.0807 600.1135 600.141 600.157 600.1785 600.2137 600.2313 600.2463 600.2615 600.3055 600.3206 600.3408 600.3573 600.393 600.4088 600.436 600.4525 600.4763 600.4878 600.4985 600.532 600.5397 600.549 600.5545 600.559 600.5912 600.5935 600.5945 600.598 600.6032 600.6082 600.6255 600.6255 600.6257 600.6432 600.644 600.6492 600.6577 600.6577 600.6588 600.6585 600.6843 600.6832 600.6807 600.6805 600.677 600.6733 600.6683 600.6633 600.658 600.6852 600.6797 600.6747 600.6695 600.6648 600.6603 600.656 600.6512 600.6478 600.6533 600.6495 600.6453 600.6418
599.9603 599.99 600.0073 600.0415 600.0623 600.0815 600.098 600.137 600.1542 600.1708 600.1893 600.2285 600.245 600.2661 600.287 600.317 600.3318 600.3468 600.3774 600.3923 600.4078 600.419 600.44 600.458 600.4647 600.4698 600.4752 600.4827 600.5032 600.5043 600.5043 600.5153 600.5155 600.5303 600.5313 600.5313 600.5323 600.5522 600.5532 600.554 600.5602 600.561 600.56 600.559 600.5685 600.5798 600.5755 600.571 600.566 600.5608 600.5547 600.5505 600.5445 600.5385 600.5522 600.5543 600.5482 600.5435 600.539 600.5355 600.531 600.5275 600.5233 600.5187
599.8848 599.9128 599.9375 599.9555 599.9893 600.0063 600.026 600.0435 600.0805 600.0983 600.1158 600.1385 600.17 600.1875 600.205 600.2327 600.2533 600.2725 600.2875 600.3208 600.3305 600.3435 600.3542 600.3628 600.3903 600.3953 600.3995 600.408 600.41 600.4268 600.427 600.4277 600.428 600.4402 600.4413 600.4503 600.4517 600.453 600.454 600.4735 600.4742 600.4745 600.476 600.4747 600.4722 600.4697 600.4652 600.4843 600.4783 600.4722 600.4653 600.459 600.45 600.444 600.4438 600.4377 600.4318 600.4268 600.4418 600.4373 600.4328 600.4288 600.4246 600.4197
599.8417 599.8625 599.8852 599.9063 599.9255 599.9527 599.9733 599.992 600.0118 600.0325 600.0623 600.08 600.1042 600.125 600.149 600.1693 600.1967 600.213 600.231 600.246 600.2598 600.285 600.2955 600.305 600.314 600.324 600.3397 600.3433 600.345 600.3535 600.3542 600.364 600.3647 600.3651 600.366 600.3788 600.3802 600.3857 600.3867 600.3882 600.3895 600.39 600.406 600.405 600.403 600.3998 600.3942 600.3903 600.3843 600.3773 600.3887 600.3818 600.3737 600.3668 600.3597 600.3538 600.3477 600.342 600.3455 600.341 600.3365 600.332 600.3275 600.3237
599.8182 599.8375 599.8627 599.8793 599.899 599.9185 599.9425 599.9635 599.9825 600.0045 600.0267 600.0468 600.066 600.0912 600.1097 600.1323 600.1508 600.1785 600.1913 600.2073 600.2213 600.234 600.2555 600.2648 600.2725 600.2815 600.286 600.2975 600.2997 600.3013 600.3022 600.3093 600.314 600.3152 600.3162 600.3173 600.327 600.3313 600.333 600.3353 600.3362 600.3362 600.3362 600.3375 600.3465 600.3428 600.3383 600.3325 600.3257 600.3185 600.315 600.307 600.2993 600.3035 600.2965 600.2902 600.2835 600.2783 600.273 600.2675 600.263 600.2582 600.253 600.2573
599.814 599.8312 599.8504 599.8693 599.8875 599.9077 599.9275 599.9473 599.9692 599.9883 600.0095 600.0285 600.0493 600.0682 600.0908 600.108 600.1273 600.145 600.1623 600.1818 600.1957 600.2087 600.2208 600.232 600.2442 600.251 600.2555 600.2615 600.264 600.2698 600.2705 600.2708 600.2773 600.2775 600.2805 600.2818 600.2835 600.285 600.2928 600.2963 600.2975 600.2977 600.2977 600.2958 600.294 600.2905 600.2943 600.2903 600.2833 600.2755 600.2675 600.2595 600.2512 600.2482 600.2405 600.2335 600.2272 600.2285 600.2225 600.2175 600.2125 600.2075 600.2023 600.1967
599.8365 599.8495 599.8635 599.883 599.9025 599.917 599.9363 599.9553 599.9742 599.991 600.0105 600.0305 600.0472 600.0652 600.0845 600.1042 600.1198 600.1378 600.1542 600.17 600.1856 600.1991 600.2107 600.2215 600.2288 600.2368 600.2418 600.2448 600.2488 600.2502 600.252 600.2525 600.2535 600.2545 600.2573 600.2593 600.261 600.2628 600.2645 600.2665 600.2675 600.2733 600.2733 600.2712 600.2687 600.265 600.262 600.2555 600.2485 600.2457 600.2378 600.2297 600.2213 600.2135 600.2057 600.1987 600.1918 600.19 600.1842 600.1783 600.1738 600.1683 600.1663 600.1608
599.8787 599.8973 599.9045 599.9205 599.9398 599.9578 599.9672 599.9857 600.005 600.0192 600.0325 600.0517 600.0705 600.0822 600.0985 600.1165 600.1348 600.1465 600.1633 600.1793 600.1932 600.2062 600.2155 600.225 600.233 600.2385 600.243 600.2448 600.2475 600.2485 600.2482 600.2493 600.249 600.2495 600.2508 600.2521 600.2527 600.2543 600.2563 600.2585 600.2595 600.2607 600.2597 600.2603 600.2578 600.2543 600.249 600.243 600.236 600.229 600.2205 600.2123 600.205 600.197 600.189 600.182 600.175 600.1693 600.163 600.158 600.1527 600.1475 600.144 600.1382
599.9395 599.955 599.9733 599.9855 599.9922 600.0103 600.0247 600.032 600.0502 600.0673 600.0782 600.0908 600.109 600.1255 600.1317 600.1458 600.1633 600.1808 600.1898 600.2037 600.2177 600.2305 600.2397 600.2443 600.2512 600.258 600.26 600.2615 600.2607 600.2628 600.2637 600.2637 600.2582 600.2595 600.2598 600.2615 600.2632 600.2648 600.2635 600.2647 600.2665 600.2665 600.2665 600.2645 600.262 600.2573 600.251 600.245 600.238 600.23 600.222 600.2137 600.2037 600.1953 600.1882 600.18 600.173 600.1665 600.1607 600.1553 600.1502 600.1453 600.1397 600.1342
600.0447 600.0338 600.0503 600.0663 600.0825 600.08 600.0975 600.1055 600.1143 600.1282 600.1458 600.1487 600.1627 600.1785 600.196 600.1957 600.2133 600.2295 600.2435 600.2563 600.259 600.2715 600.2815 600.2852 600.2865 600.2905 600.2947 600.2983 600.2913 600.2932 600.291 600.2913 600.2922 600.2902 600.284 600.2852 600.287 600.2885 600.2897 600.2913 600.2863 600.2865 600.2865 600.285 600.2825 600.2755 600.271 600.2643 600.2538 600.246 600.2377 600.2297 600.2213 600.2135 600.2057 600.1923 600.1862 600.1802 600.175 600.169 600.1625 600.157 600.1517 600.1458
600.149 600.164 600.1487 600.1642 600.1765 600.1882 600.1837 600.1998 600.2012 600.2122 600.222 600.2377 600.232 600.248 600.2625 600.278 600.2892 600.2905 600.3045 600.3152 600.3265 600.325 600.3345 600.3425 600.3395 600.3447 600.3417 600.3442 600.3459 600.3325 600.3333 600.3329 600.3329 600.334 600.335 600.3237 600.3248 600.3267 600.3285 600.3298 600.3277 600.3285 600.3215 600.3177 600.3157 600.3115 600.307 600.3013 600.2875 600.2802 600.2723 600.2593 600.2512 600.2435 600.2355 600.2285 600.2225 600.2165 600.2104 600.2055 600.1895 600.1845 600.1793 600.1737
600.2772 600.2908 600.301 600.2822 600.2963 600.3055 600.3098 600.3047 600.3187 600.3115 600.3235 600.3302 600.3452 600.334 600.346 600.3602 600.3735 600.3872 600.3795 600.3922 600.4035 600.4045 600.4045 600.4083 600.4142 600.414 600.4067 600.4092 600.4055 600.4067 600.407 600.388 600.3887 600.3892 600.39 600.39 600.3915 600.3782 600.3799 600.3812 600.382 600.382 600.3748 600.3735 600.3702 600.358 600.3538 600.3477 600.3415 600.3345 600.3268 600.307 600.2993 600.292 600.2842 600.2735 600.2673 600.2615 600.256 600.2505 600.246 600.2412 600.236 600.2305
600.4343 600.435 600.4465 600.4475 600.4297 600.4418 600.4392 600.4435 600.4402 600.4523 600.443 600.4448 600.4548 600.4675 600.4772 600.46 600.4725 600.4847 600.4895 600.4805 600.4907 600.4993 600.4925 600.499 600.4932 600.4976 600.5005 600.4795 600.4805 600.4792 600.4802 600.4802 600.4802 600.4592 600.46 600.4612 600.4622 600.4587 600.4597 600.446 600.446 600.446 600.4453 600.4438 600.4325 600.4255 600.4218 600.4085 600.4015 600.3953 600.3875 600.3807 600.3737 600.3668 600.3445 600.3338 600.3282 600.3228 600.3173 600.311 600.306 600.301 600.2965 600.2913
600.633 600.6337 600.6068 600.6163 600.6068 600.5895 600.6 600.5995 600.5867 600.5862 600.5967 600.6075 600.5785 600.59 600.6005 600.6083 600.5877 600.5983 600.608 600.6038 600.5988 600.6007 600.6075 600.6127 600.5938 600.5972 600.5925 600.5945 600.5953 600.5667 600.5677 600.5677 600.5677 600.5657 600.5668 600.5447 600.5455 600.546 600.5475 600.538 600.538 600.536 600.523 600.5217 600.5187 600.5154 600.511 600.4872 600.4813 600.475 600.4617 600.4554 600.4492 600.4432 600.4362 600.431 600.4257 600.4202 600.4017 600.3863 600.3812 600.3773 600.3723 600.3672
600.8295 600.8223 600.8015 600.7947 600.8015 600.7778 600.7675 600.771 600.7787 600.7417 600.7495 600.7543 600.762 600.7288 600.7375 600.7463 600.7452 600.725 600.7327 600.7397 600.7257 600.7315 600.7215 600.726 600.7285 600.6995 600.7015 600.6995 600.7005 600.7005 600.7005 600.6695 600.6695 600.6695 600.6703 600.6628 600.6638 600.6423 600.6432 600.6435 600.6443 600.6265 600.6258 600.6243 600.6095 600.606 600.6025 600.5977 600.5925 600.5867 600.5535 600.5468 600.5405 600.5323 600.526 600.5222 600.517 600.5125 600.508 600.5043 600.5 600.4957 600.492 600.4875
601.0395 601.043 601.0212 601.015 600.995 600.999 600.96 600.9503 600.955 600.96 600.9247 600.9185 600.924 600.926 600.8979 600.8965 600.9028 600.8907 600.8965 600.8773 600.8823 600.8795 600.8593 600.8522 600.855 600.8563 600.8572 600.8203 600.8205 600.8205 600.8195 600.8168 600.8165 600.7855 600.7855 600.7855 600.7773 600.7717 600.772 600.7527 600.7527 600.7523 600.751 600.744 600.7222 600.7195 600.707 600.7032 600.698 600.6932 600.6877 600.6823 600.6768 600.6382 600.6328 600.6282 600.6237 600.6195 600.6165 600.613 600.6093 600.605 600.6015 600.5977
601.3298 601.2765 601.2765 601.2378 601.2383 601.2108 601.2125 601.154 601.1555 601.1522 601.1542 601.1015 601.1045 601.107 601.0972 601.0998 601.066 601.0693 601.0493 601.0477 601.0315 601.0335 601.036 600.9968 600.9977 600.995 600.995 600.995 600.9548 600.9548 600.9537 600.9535 600.9462 600.9427 600.9135 600.9135 600.9135 600.9135 600.9135 600.8907 600.8905 600.8742 600.8732 600.8712 600.8692 600.8663 600.8287 600.8255 600.821 600.8135 600.809 600.8045 600.7993 600.7952 600.791 600.7867 600.7833 600.7427 600.7393 600.7368 600.7332 600.7308 600.7272 600.7238
601.7374 601.6489 601.6479 601.6357 601.536 601.5019 601.5011 601.4912 601.3915 601.3743 601.3735 601.3675 601.3668 601.311 601.3102 601.3055 601.2858 601.2527 601.2538 601.254 601.2128 601.1993 601.1995 601.1998 601.1998 601.1487 601.1483 601.1478 601.1435 601.1425 601.1022 601.1013 601.1003 601.0992 601.0807 601.0797 601.0545 601.0543 601.0535 601.053 601.0525 601.02 601.019 601.0065 601.0045 601.0023 600.9998 600.997 600.9935 600.9482 600.9447 600.941 600.9375 600.9337 600.9302 600.9268 600.924 600.9172 600.9147 600.912 600.9095 600.9072 600.8738 600.8643
602.229 602.1489 602.1479 602.1275 602.0278 602.0018 602.001 601.9828 601.8831 601.8542 601.8532 601.8375 601.7377 601.7073 601.7064 601.6955 601.595 601.5596 601.5585 601.5576 601.5048 601.4127 601.4117 601.4107 601.4097 601.3725 601.3447 601.3307 601.3295 601.3282 601.3145 601.3045 601.2725 601.2712 601.2705 601.2692 601.2377 601.2372 601.214 601.213 601.2122 601.2112 601.21 601.1605 601.1595 601.153 601.1512 601.149 601.1467 601.1442 601.1417 601.1395 601.0902 601.0872 601.0845 601.082 601.0795 601.0772 601.0753 601.0732 601.0707 601.0692 601.0555 601.0535
602.7206 602.6488 602.6478 602.6193 602.5195 602.5017 602.5009 602.4744 602.3747 602.3541 602.3531 602.3292 602.2295 602.2073 602.2063 602.1912 602.0907 602.0596 602.0585 602.0575 601.9963 601.9127 601.9116 601.9106 601.9097 601.8602 601.7639 601.7629 601.762 601.7608 601.7322 601.6332 601.6149 601.6137 601.6122 601.6117 601.61 601.5388 601.4651 601.4641 601.4631 601.4619 601.4611 601.4602 601.407 601.3378 601.336 601.3348 601.3337 601.3325 601.3315 601.3303 601.3245 601.3235 601.3218 601.3203 601.268 601.2667 601.265 601.2637 601.2628 601.2607 601.2598 601.2585
603.2123 603.1487 603.1477 603.111 603.0112 603.0016 603.0007 602.966 602.8663 602.8541 602.853 602.821 602.7213 602.7072 602.7062 602.687 602.5866 602.5597 602.5583 602.5574 602.4879 602.4125 602.4116 602.4105 602.4095 602.3479 602.2639 602.2629 602.262 602.2607 602.224 602.1249 602.1149 602.1136 602.1121 602.1116 602.1101 602.0225 601.9652 601.9641 601.9631 601.9618 601.9611 601.9603 601.8909 601.8151 601.8135 601.8124 601.8113 601.8102 601.8092 601.8082 601.8072 601.7874 601.786 601.696 601.6595 601.6584 601.6575 601.6564 601.6555 601.6541 601.6526 601.6515
603.7041 603.6486 603.6476 603.6027 603.503 603.5015 603.5004 603.4576 603.3579 603.3539 603.353 603.3127 603.213 603.2072 603.2061 603.1827 603.0825 603.0598 603.0583 603.0573 602.9796 602.9125 602.9114 602.9105 602.9092 602.8356 602.7639 602.7631 602.7619 602.7606 602.7158 602.6168 602.6148 602.6135 602.6122 602.6115 602.6043 602.5062 602.4652 602.4639 602.463 602.4617 602.4609 602.4601 602.3749 602.3151 602.3134 602.3124 602.3113 602.3101 602.3091 602.3081 602.3068 602.2673 602.2661 602.176 602.1595 602.1585 602.1575 602.1563 602.1555 602.1541 602.1525 602.1516
