samples/sfe_81/sfe_81_c1/sfe_81_c1/sfe_81_c1.asc
ncols         249
nrows         120
xllcorner     84.60000000149
yllcorner     40
cellsize      1
NODATA_value  -9999
[rows 28 to 55 of 120, columns 0 to 63 of 249]
-9999 -9999 -9999 -9999 -9999 -9999 -9999 -9999 -9999 606.0426 605.5311 605.0196 604.5081 603.999 603.5367 603.4213 603.3482 603.5465 603.9764 604.2947 604.613 604.9313 605.2496 605.5679 605.8862 605.8854 605.8719 605.8585 605.8447 605.8313 605.8179 605.806 605.7925 605.7791 605.7656 605.7518 605.7384 605.725 605.7116 605.6982 605.6865 605.6854 605.6843 605.6611 605.6374 605.6138 605.5901 605.5665 605.5428 605.5192 605.4956 605.472 605.4483 605.4247 605.4011 605.3774 605.3538 605.3301 605.3065 605.2829 605.2592 605.2356 605.212 605.1884
-9999 -9999 -9999 -9999 -9999 -9999 -9999 -9999 -9999 605.9207 605.4092 604.8977 604.3862 603.8757 603.4271 603.3135 603.2339 603.4209 603.8533 604.1716 604.4899 604.8082 605.1265 605.4448 605.7631 605.8687 605.8551 605.8416 605.8281 605.8146 605.8011 605.7894 605.7756 605.7623 605.7489 605.7351 605.7217 605.7081 605.6946 605.6813 605.676 605.6749 605.6646 605.641 605.6173 605.5937 605.5701 605.5464 605.5228 605.4991 605.4755 605.4519 605.4282 605.4046 605.381 605.3574 605.3337 605.3101 605.2864 605.2628 605.2391 605.2155 605.1919 605.1683
-9999 -9999 -9999 -9999 -9999 -9999 -9999 -9999 -9999 605.7988 605.2872 604.7758 604.2642 603.7524 603.3175 603.2056 603.1196 603.2953 603.7301 604.0484 604.3667 604.685 605.0033 605.3216 605.6399 605.8519 605.8383 605.8248 605.8113 605.7979 605.7844 605.7727 605.7592 605.7455 605.7319 605.7186 605.705 605.6916 605.678 605.6665 605.6654 605.6644 605.6445 605.6209 605.5972 605.5736 605.55 605.5264 605.5027 605.4791 605.4554 605.4318 605.4081 605.3845 605.3609 605.3373 605.3136 605.29 605.2664 605.2427 605.2191 605.1954 605.1718 605.1482
-9999 -9999 -9999 -9999 -9999 -9999 -9999 -9999 -9999 605.6768 605.1653 604.6538 604.1423 603.6292 603.2079 603.0978 603.0053 603.1697 603.6069 603.9252 604.2435 604.5618 604.8801 605.1984 605.5167 605.835 605.8217 605.808 605.7946 605.7809 605.7676 605.7559 605.7422 605.7289 605.7153 605.7018 605.6882 605.6749 605.6613 605.656 605.6549 605.6481 605.6245 605.6008 605.5771 605.5535 605.5299 605.5063 605.4826 605.459 605.4354 605.4117 605.3881 605.3644 605.3408 605.3172 605.2935 605.2699 605.2463 605.2227 605.199 605.1754 605.1517 605.1281
-9999 -9999 -9999 -9999 -9999 -9999 -9999 -9999 -9999 605.5549 605.0433 604.5319 604.0204 603.5059 603.0983 602.9899 602.8947 603.0442 603.4838 603.8021 604.1204 604.4387 604.757 605.0753 605.3936 605.7119 605.8046 605.7912 605.7778 605.7643 605.7509 605.7391 605.7257 605.712 605.6985 605.6851 605.6716 605.6582 605.6465 605.6454 605.6444 605.628 605.6044 605.5807 605.5571 605.5334 605.5098 605.4862 605.4625 605.4389 605.4153 605.3917 605.368 605.3444 605.3207 605.2971 605.2734 605.2498 605.2262 605.2026 605.1789 605.1553 605.1317 605.108
-9999 -9999 -9999 -9999 -9999 -9999 -9999 -9999 605.9444 605.4329 604.9214 604.4099 603.8984 603.3826 602.9886 602.882 602.7878 602.9186 603.3519 603.6789 603.9972 604.3155 604.6338 604.9521 605.2704 605.5887 605.788 605.7744 605.7609 605.7474 605.7341 605.7224 605.7088 605.6953 605.6818 605.6683 605.6549 605.6414 605.636 605.6349 605.6315 605.6079 605.5843 605.5607 605.537 605.5134 605.4897 605.4661 605.4424 605.4188 605.3952 605.3716 605.3479 605.3243 605.3007 605.277 605.2534 605.2297 605.2061 605.1825 605.1588 605.1352 605.1116 605.0879
-9999 -9999 -9999 -9999 -9999 -9999 -9999 -9999 605.8225 605.311 604.7995 604.288 603.7765 603.2593 602.879 602.7742 602.6809 602.793 603.2041 603.5557 603.874 604.1923 604.5106 604.8289 605.1472 605.4655 605.7715 605.7578 605.7442 605.7307 605.7172 605.7056 605.6922 605.6787 605.6652 605.6517 605.6381 605.6266 605.6255 605.6245 605.6115 605.5878 605.5642 605.5405 605.5169 605.4933 605.4697 605.446 605.4224 605.3987 605.3751 605.3514 605.3278 605.3042 605.2806 605.2569 605.2333 605.2097 605.186 605.1624 605.1387 605.1151 605.0915 605.0678
-9999 -9999 -9999 -9999 -9999 -9999 -9999 -9999 605.7006 605.189 604.6776 604.1661 603.6545 603.136 602.7694 602.6663 602.5741 602.6674 603.0563 603.4326 603.7509 604.0692 604.3875 604.7057 605.024 605.3423 605.6606 605.7408 605.7274 605.7139 605.7003 605.6888 605.6754 605.6619 605.6484 605.6349 605.6215 605.6161 605.615 605.614 605.5914 605.5677 605.5441 605.5204 605.4968 605.4732 605.4496 605.4259 605.4023 605.3787 605.355 605.3314 605.3077 605.2841 605.2605 605.2368 605.2132 605.1896 605.166 605.1423 605.1187 605.095 605.0714 605.0477
-9999 -9999 -9999 -9999 -9999 -9999 -9999 -9999 605.5786 605.0671 604.5556 604.0441 603.5829 603.0128 602.6598 602.5584 602.4672 602.5419 602.9085 603.3094 603.6277 603.946 604.2643 604.5826 604.9009 605.2192 605.5375 605.7241 605.7106 605.6971 605.6836 605.6722 605.6586 605.6452 605.6316 605.6182 605.6066 605.6055 605.6045 605.5949 605.5713 605.5477 605.524 605.5004 605.4767 605.4531 605.4295 605.4058 605.3822 605.3586 605.335 605.3113 605.2877 605.264 605.2404 605.2167 605.1931 605.1695 605.1459 605.1222 605.0986 605.075 605.0513 605.0276
-9999 -9999 -9999 -9999 -9999 -9999 -9999 605.9681 605.4567 604.9452 604.4337 603.9222 603.4987 602.8915 602.5502 602.4506 602.3604 602.4163 602.7607 603.1862 603.5045 603.8228 604.1411 604.4594 604.7777 605.096 605.4143 605.7076 605.6938 605.6804 605.6669 605.6555 605.642 605.6285 605.615 605.6014 605.5961 605.595 605.594 605.5748 605.5512 605.5276 605.504 605.4803 605.4567 605.433 605.4094 605.3857 605.3621 605.3385 605.3149 605.2912 605.2676 605.244 605.2203 605.1967 605.173 605.1494 605.1258 605.1021 605.0785 605.0549 605.0313 605.0076
-9999 -9999 -9999 -9999 -9999 -9999 -9999 605.8463 605.3347 604.8232 604.3118 603.8002 603.2795 602.7741 602.4405 602.3427 602.2535 602.3016 602.6129 603.063 603.3813 603.6996 604.0179 604.3362 604.6545 604.9728 605.2911 605.6094 605.6771 605.6636 605.6501 605.6388 605.6252 605.6118 605.5983 605.5867 605.5856 605.5845 605.5784 605.5547 605.5311 605.5075 605.4839 605.4602 605.4366 605.413 605.3893 605.3657 605.342 605.3184 605.2948 605.2711 605.2475 605.2239 605.2003 605.1766 605.153 605.1293 605.1057 605.082 605.0584 605.0348 605.0112 604.9875
-9999 -9999 -9999 -9999 -9999 -9999 -9999 605.7243 605.2128 604.7013 604.1898 603.6783 603.1468 602.6568 602.3309 602.2349 602.1467 602.1873 602.4651 602.9399 603.2582 603.5765 603.8948 604.2131 604.5314 604.8497 605.168 605.4863 605.6603 605.6467 605.6332 605.622 605.6085 605.595 605.5816 605.5762 605.5751 605.574 605.5583 605.5347 605.511 605.4874 605.4638 605.4401 605.4165 605.3929 605.3693 605.3456 605.322 605.2983 605.2747 605.251 605.2274 605.2038 605.1802 605.1565 605.1329 605.1093 605.0856 605.062 605.0383 605.0147 604.9911 604.9674
-9999 -9999 -9999 -9999 -9999 -9999 -9999 605.6024 605.0909 604.5793 604.0679 603.5564 603.033 602.5394 602.2213 602.127 602.0399 602.0729 602.3374 602.8167 603.135 603.4533 603.7716 604.0899 604.4082 604.7265 605.0448 605.3631 605.6438 605.6299 605.6165 605.6053 605.5918 605.5783 605.5667 605.5656 605.5646 605.5619 605.5383 605.5146 605.491 605.4673 605.4437 605.42 605.3964 605.3728 605.3492 605.3255 605.3019 605.2783 605.2546 605.231 605.2073 605.1837 605.1601 605.1364 605.1128 605.0892 605.0656 605.0419 605.0182 604.9946 604.971 604.9473
-9999 -9999 -9999 -9999 -9999 -9999 -9999 605.4804 604.9689 604.4574 603.9459 603.4344 602.9235 602.4221 602.1116 602.0191 601.933 601.9586 602.2118 602.6935 603.0118 603.3301 603.6484 603.9667 604.285 604.6033 604.9216 605.2399 605.5583 605.6132 605.5997 605.5886 605.5751 605.5616 605.5562 605.5551 605.5541 605.5418 605.5182 605.4945 605.4709 605.4473 605.4236 605.4 605.3763 605.3527 605.3291 605.3054 605.2818 605.2582 605.2346 605.2109 605.1873 605.1636 605.14 605.1163 605.0927 605.0691 605.0455 605.0218 604.9982 604.9745 604.9509 604.9272
-9999 -9999 -9999 -9999 -9999 -9999 605.87 605.3585 604.847 604.3355 603.824 603.3125 602.8059 602.3047 602.002 601.9113 601.8262 601.8443 602.0862 602.5704 602.8887 603.207 603.5253 603.8436 604.1619 604.4802 604.7985 605.1168 605.4351 605.5964 605.5829 605.5718 605.5583 605.5468 605.5457 605.5446 605.5436 605.5217 605.4981 605.4744 605.4508 605.4272 605.4036 605.3799 605.3563 605.3326 605.309 605.2853 605.2617 605.2381 605.2145 605.1908 605.1672 605.1436 605.1199 605.0963 605.0726 605.049 605.0254 605.0017 604.9781 604.9545 604.9308 604.9072
-9999 -9999 -9999 -9999 -9999 -9999 605.748 605.2366 604.725 604.2136 603.702 603.1906 602.6827 602.1874 601.8924 601.8034 601.7193 601.73 601.9606 602.4472 602.7655 603.0838 603.4021 603.7204 604.0387 604.357 604.6753 604.9937 605.312 605.5799 605.5661 605.5551 605.5416 605.5363 605.5352 605.5341 605.5253 605.5016 605.478 605.4543 605.4307 605.4071 605.3835 605.3598 605.3362 605.3126 605.2889 605.2653 605.2416 605.218 605.1944 605.1707 605.1471 605.1235 605.0999 605.0762 605.0526 605.0289 605.0053 604.9816 604.958 604.9344 604.9108 604.8871
-9999 -9999 -9999 -9999 -9999 -9999 605.6261 605.1146 604.6031 604.0916 603.5801 603.0686 602.5594 602.07 601.7828 601.6956 601.6124 601.6157 601.8351 602.3077 602.6423 602.9606 603.2789 603.5972 603.9155 604.2338 604.5521 604.8705 605.1888 605.5071 605.5494 605.5384 605.5268 605.5257 605.5247 605.5236 605.5052 605.4816 605.4579 605.4343 605.4106 605.387 605.3634 605.3397 605.3161 605.2925 605.2689 605.2452 605.2216 605.1979 605.1743 605.1506 605.127 605.1034 605.0798 605.0561 605.0325 605.0089 604.9852 604.9615 604.9379 604.9143 604.8907 604.867
-9999 -9999 -9999 -9999 -9999 -9999 605.5042 604.9927 604.4812 603.9697 603.4582 602.9467 602.4361 601.9526 601.6732 601.5876 601.5056 601.5013 601.7095 602.16 602.5192 602.8375 603.1558 603.4741 603.7924 604.1107 604.429 604.7473 605.0656 605.3839 605.5326 605.5217 605.5163 605.5152 605.5142 605.5087 605.4851 605.4615 605.4379 605.4142 605.3906 605.3669 605.3433 605.3196 605.296 605.2724 605.2488 605.2251 605.2015 605.1779 605.1542 605.1306 605.1069 605.0833 605.0597 605.036 605.0124 604.9888 604.9651 604.9415 604.9178 604.8942 604.8706 604.8469
-9999 -9999 -9999 -9999 -9999 -9999 605.3822 604.8707 604.3593 603.8477 603.3362 602.8248 602.3129 601.8353 601.5635 601.4798 601.3987 601.3871 601.5839 602.0121 602.396 602.7143 603.0326 603.3509 603.6692 603.9875 604.3058 604.6241 604.9424 605.2607 605.516 605.5068 605.5057 605.5047 605.5037 605.4886 605.465 605.4414 605.4178 605.3941 605.3705 605.3469 605.3232 605.2996 605.2759 605.2523 605.2287 605.205 605.1814 605.1578 605.1342 605.1105 605.0869 605.0632 605.0396 605.0159 604.9923 604.9687 604.9451 604.9214 604.8978 604.8741 604.8505 604.8268
-9999 -9999 -9999 -9999 -9999 605.7718 605.2603 604.7488 604.2373 603.7258 603.2143 602.7028 602.1896 601.718 601.4539 601.3719 601.2919 601.2728 601.4583 601.8644 602.2728 602.5911 602.9094 603.2277 603.546 603.8643 604.1827 604.501 604.8193 605.1376 605.4538 605.4963 605.4952 605.4942 605.4922 605.4686 605.4449 605.4213 605.3977 605.374 605.3504 605.3268 605.3032 605.2795 605.2559 605.2322 605.2086 605.1849 605.1613 605.1377 605.1141 605.0904 605.0668 605.0432 605.0195 604.9958 604.9722 604.9486 604.925 604.9013 604.8777 604.8541 604.8304 604.8068
-9999 -9999 -9999 -9999 -9999 605.6498 605.1384 604.6268 604.1154 603.6039 603.0923 602.5981 602.0663 601.6006 601.3443 601.2641 601.1851 601.1584 601.3328 601.7166 602.1497 602.468 602.7863 603.1046 603.4229 603.7411 604.0595 604.3778 604.6961 604.992 605.1922 605.3961 605.4847 605.4837 605.4722 605.4485 605.4249 605.4012 605.3776 605.3539 605.3303 605.3067 605.2831 605.2594 605.2358 605.2122 605.1885 605.1649 605.1412 605.1176 605.094 605.0703 605.0467 605.0231 604.9995 604.9758 604.9521 604.9285 604.9049 604.8812 604.8576 604.834 604.8104 604.7867
-9999 -9999 -9999 -9999 -9999 605.5279 605.0164 604.5049 603.9934 603.4819 602.9704 602.5622 601.943 601.4833 601.2347 601.1562 601.0782 601.0441 601.2072 601.5687 602.0265 602.3448 602.6631 602.9814 603.2997 603.618 603.9363 604.2546 604.5302 604.732 604.9391 605.1756 605.4203 605.4731 605.4521 605.4284 605.4048 605.3812 605.3575 605.3339 605.3102 605.2866 605.263 605.2393 605.2157 605.1921 605.1685 605.1448 605.1212 605.0975 605.0739 605.0502 605.0266 605.003 604.9794 604.9557 604.9321 604.9084 604.8848 604.8611 604.8375 604.8141 604.7908 604.7674
-9999 -9999 -9999 -9999 -9999 605.4059 604.8945 604.383 603.8715 603.36 602.8485 602.4485 601.8198 601.3659 601.1251 601.0483 600.9714 600.9298 601.0816 601.421 601.9033 602.2216 602.5399 602.8582 603.1765 603.4948 603.8132 604.0684 604.2718 604.4824 604.7242 604.9692 605.2099 605.4512 605.4449 605.4211 605.3974 605.3737 605.35 605.3262 605.3025 605.2787 605.255 605.2313 605.2076 605.1838 605.1601 605.1364 605.1127 605.0889 605.0652 605.0417 605.0184 604.995 604.9716 604.9482 604.9249 604.9015 604.8781 604.8547 604.8314 604.8079 604.7845 604.7612
-9999 -9999 -9999 -9999 -9999 605.2841 604.7725 604.261 603.7496 603.238 602.7266 602.2294 601.6965 601.2485 601.0154 600.9405 600.8645 600.8155 600.9561 601.2731 601.7802 602.0984 602.4167 602.735 603.0533 603.3716 603.6066 603.8115 604.0281 604.2728 604.5206 604.7567 604.998 605.244 605.4502 605.427 605.4033 605.3796 605.3558 605.3321 605.3084 605.2847 605.2609 605.2372 605.2135 605.1896 605.1658 605.1418 605.118 605.0941 605.0703 605.0464 605.0225 604.9986 604.9747 604.9509 604.927 604.9031 604.8792 604.8553 604.8315 604.8076 604.7838 604.7598
-9999 -9999 -9999 -9999 605.6736 605.1621 604.6506 604.1391 603.6276 603.1161 602.6046 602.0621 601.5732 601.1312 600.9058 600.8326 600.7577 600.7012 600.8304 601.1283 601.657 601.9753 602.2936 602.6119 602.9189 603.1448 603.3513 603.5767 603.822 604.072 604.3035 604.5448 604.7925 605.0441 605.2955 605.4345 605.4092 605.384 605.3587 605.3335 605.3082 605.283 605.2577 605.2324 605.2072 605.1819 605.1567 605.1327 605.1089 605.0851 605.0612 605.0374 605.0135 604.9896 604.9657 604.9418 604.918 604.8941 604.8702 604.8463 604.8224 604.7986 604.7747 604.7509
-9999 -9999 -9999 -9999 605.5516 605.0402 604.5287 604.0172 603.5057 602.9942 602.4827 601.9467 601.45 601.0139 600.7962 600.7248 600.6508 600.5869 600.7049 601.0027 601.5338 601.8521 602.1704 602.4567 602.6829 602.8911 603.1252 603.3734 603.622 603.8503 604.0916 604.3409 604.5944 604.8451 605.0712 605.293 605.4184 605.3931 605.3679 605.3427 605.3174 605.2921 605.2668 605.2416 605.2164 605.1911 605.1658 605.1406 605.1154 605.0901 605.0648 605.0396 605.0143 604.9891 604.9638 604.9385 604.9133 604.8881 604.8628 604.8375 604.8129 604.7891 604.7654 604.7416
-9999 -9999 -9999 -9999 605.4297 604.9182 604.4067 603.8952 603.3837 602.8723 602.3607 601.8337 601.3267 600.8965 600.6866 600.6169 600.5439 600.4726 600.5793 600.8771 601.4106 601.7289 601.9948 602.2211 602.4327 602.6748 602.9247 603.1698 603.3971 603.6393 603.8908 604.1445 604.3928 604.6146 604.8364 605.0742 605.3211 605.4023 605.3768 605.3513 605.3258 605.3004 605.2748 605.2493 605.2238 605.1984 605.173 605.1478 605.1226 605.0973 605.072 605.0468 605.0215 604.9963 604.971 604.9457 604.9205 604.8953 604.87 604.8447 604.8195 604.7943 604.769 604.7437
-9999 -9999 -9999 -9999 605.3078 604.7963 604.2848 603.7733 603.2618 602.7503 602.2388 601.7242 601.2034 600.7791 600.577 600.509 600.4371 600.3583 600.4547 600.7515 601.2636 601.533 601.7593 601.9777 602.2262 602.4761 602.7176 602.9439 603.1878 603.4431 603.6946 603.9357 604.158 604.3798 604.6187 604.8651 605.107 605.3489 605.3865 605.361 605.3354 605.3099 605.2845 605.259 605.2335 605.208 605.1825 605.157 605.1315 605.106 605.0805 605.055 605.0295 605.004 604.9785 604.9531 604.9276 604.902 604.8766 604.8511 604.8256 604.8 604.7746 604.7485
