samples/sfe_81/sfe_81_c1/sfe_81_c1/sfe_81_c1.asc
ncols         249
nrows         120
xllcorner     84.60000000149
yllcorner     40
cellsize      1
NODATA_value  -9999
[rows 56 to 83 of 120, columns 64 to 127 of 249]
604.7124 604.6854 604.6584 604.6315 604.6045 604.5775 604.5535 604.3616 604.1086 603.8452 603.5818 603.3444 603.0867 602.8499 602.5985 602.3565 602.1068 601.8434 601.5801 601.3292 601.0869 600.8574 600.609 600.3546 599.73 599.646 599.433 599.0655 598.8645 598.686 598.8415 598.6765 598.592 598.632 598.7015 598.939 598.889 599.1035 599.371 599.5495 599.496 599.7855 600.2761 600.5298 600.7787 600.9998 601.2363 601.4867 601.7371 601.9568 602.1902 602.4196 602.6407 602.861 603.0817 603.3032 603.5223 603.7435 603.9617 604.1815 604.2037 604.1703 604.1369 604.1036
604.709 604.681 604.6528 604.6248 604.5966 604.5685 604.3908 604.1387 603.902 603.6595 603.3961 603.1326 602.8953 602.6318 602.3903 602.1448 601.9016 601.6578 601.3944 601.131 600.8748 600.6372 600.4078 600.022 599.7025 599.244 599.028 599.042 598.9265 598.738 598.859 598.8795 598.807 598.8076 598.892 599.014 598.992 599.068 599.2705 599.682 599.8805 600.2571 600.4787 600.7313 600.9849 601.2354 601.4565 601.688 601.9361 602.1865 602.4085 602.6422 602.8758 603.097 603.3172 603.5378 603.7593 603.978 604.1994 604.2202 604.1869 604.1537 604.1216 604.0895
604.6994 604.6713 604.6432 604.6151 604.587 604.4374 604.1926 603.9387 603.6815 603.4424 603.2054 602.9469 602.6835 602.4461 602.1826 601.9307 601.691 601.4467 601.2087 600.9454 600.6821 600.4203 600.0945 599.7995 599.3845 599.0885 598.956 598.8415 598.768 598.7985 598.8315 598.8725 598.6805 598.7045 598.8165 598.884 599.2785 599.481 599.4515 599.838 600.2683 600.4904 600.7139 600.9355 601.1865 601.4401 601.692 601.9133 602.1405 602.3855 602.6359 602.8602 603.0942 603.3323 603.5533 603.7734 603.9938 604.2154 604.2378 604.2068 604.1758 604.1448 604.1139 604.0829
604.6897 604.6616 604.6335 604.6054 604.4618 604.2163 603.9822 603.7407 603.4866 603.2322 602.9828 602.7457 602.4977 602.2343 601.9969 601.7335 601.4708 601.2343 600.9918 600.7589 600.4964 600.2905 599.853 599.6645 599.297 599.1525 599.114 598.9705 598.909 598.687 598.602 598.795 598.748 598.9205 599.121 599.098 599.4035 599.736 599.741 600.2225 600.4735 600.7235 600.9472 601.1707 601.3922 601.6417 601.8953 602.1487 602.37 602.593 602.8366 603.0853 603.3118 603.5462 603.7855 604.0095 604.2297 604.2576 604.2266 604.1957 604.1647 604.1338 604.1028 604.0719
604.6749 604.6468 604.6187 604.5107 604.2672 604.0076 603.7611 603.5271 603.2898 603.0344 602.7806 602.5231 602.2859 602.0486 601.7851 601.5478 601.2843 601.0208 600.7745 600.5369 600.3042 599.9445 599.5285 599.351 599.2245 598.9415 598.9865 598.7755 598.8781 598.8925 598.6265 598.6255 598.9285 598.952 599.245 599.466 599.465 599.727 600.2035 600.428 600.6738 600.9248 601.1749 601.4041 601.6275 601.8489 602.097 602.3505 602.6041 602.8268 603.0483 603.2891 603.5347 603.7634 603.9982 604.2375 604.2756 604.2485 604.2196 604.1907 604.1619 604.1329 604.1041 604.0752
604.6665 604.636 604.5274 604.2885 604.0505 603.8127 603.5535 603.3058 603.072 602.8374 602.5823 602.3284 602.0633 601.8263 601.5897 601.3359 601.0986 600.8351 600.5717 600.3147 599.7795 599.7679 599.364 599.0555 598.976 598.8416 598.893 598.7685 598.8054 598.97 598.752 598.661 598.9705 599.079 599.3505 599.6805 599.649 600.215 600.4341 600.6553 600.8901 601.125 601.3761 601.6263 601.8611 602.0843 602.3057 602.5522 602.8057 603.0593 603.2835 603.5052 603.7417 603.9853 604.215 604.2891 604.2623 604.2355 604.2087 604.1819 604.1552 604.1284 604.1015 604.0746
604.6528 604.5446 604.3083 604.072 603.8282 603.5902 603.3525 603.0994 602.8506 602.6168 602.3822 602.1315 601.8763 601.6099 601.3666 601.1302 600.8868 600.6494 600.386 600.029 599.765 599.5495 599.342 598.9975 599.0735 599.043 598.7355 598.779 598.859 598.8925 598.9295 598.886 599.0115 599.3255 599.3615 599.7075 600.149 600.4046 600.647 600.8865 601.1071 601.3513 601.5763 601.8274 602.0778 602.3182 602.541 602.7625 603.0076 603.2609 603.5145 603.7402 603.9618 604.1942 604.3058 604.2789 604.252 604.225 604.198 604.1711 604.1441 604.1171 604.0902 604.0633
604.5595 604.3269 604.0938 603.8531 603.6165 603.3695 603.13 602.8922 602.6452 602.3954 602.1616 601.927 601.6805 601.4241 601.1606 600.907 600.6703 600.4334 600.14 599.6375 599.3265 599.1785 599.0335 598.892 599.035 598.9575 598.657 598.5595 598.6125 598.7475 598.866 599.0955 599.2935 599.564 599.55 599.9005 600.3677 600.5941 600.8531 601.0942 601.3365 601.5588 601.8025 602.0377 602.2787 602.5292 602.7739 602.9976 603.2192 603.4628 603.7162 603.9697 604.197 604.3223 604.2953 604.2684 604.2415 604.2145 604.1875 604.1606 604.1336 604.1066 604.0797 604.0527
604.3403 604.1036 603.876 603.643 603.3995 603.1611 602.9149 602.6697 602.4318 602.1911 601.9403 601.7064 601.4717 601.2297 600.9731 600.7114 600.4474 599.98 599.8605 599.5365 599.2759 599.059 599.1125 598.8745 598.9485 598.814 598.6915 598.6815 598.739 598.9325 599.0955 599.148 599.305 599.713 599.7925 600.3502 600.5937 600.8199 601.0487 601.2986 601.5414 601.7838 602.0106 602.2537 602.4997 602.7299 602.9806 603.2253 603.4542 603.6759 603.9182 604.1715 604.3387 604.3118 604.2849 604.2579 604.2309 604.204 604.177 604.1503 604.125 604.0995 604.074 604.0486
604.1217 603.8842 603.6522 603.4251 603.1923 602.9481 602.7057 602.4601 602.2095 601.9715 601.7345 601.4851 601.2513 601.0167 600.7788 600.5222 600.2355 599.769 599.734 599.588 599.3945 599.0215 599.061 598.842 598.936 598.9915 598.908 598.901 598.959 598.891 599.0551 599.372 599.6595 599.9935 600.3032 600.5453 600.7996 601.0431 601.272 601.5019 601.7443 601.9887 602.231 602.4624 602.7048 602.9558 603.1858 603.432 603.6767 603.9109 604.1326 604.3535 604.3306 604.306 604.2814 604.2568 604.2321 604.2075 604.1829 604.1583 604.1337 604.109 604.0839 604.0584
603.8823 603.6656 603.428 603.2007 602.9742 602.7416 602.4968 602.2502 602.0055 601.7534 601.5112 601.2743 601.03 600.7961 600.5615 600.281 599.821 599.7025 599.55 599.2335 599.2435 598.9814 598.9965 598.799 598.8949 599.015 598.775 598.7925 598.897 598.966 599.351 599.549 599.6965 600.2949 600.5349 600.7553 600.9905 601.2477 601.4924 601.7242 601.9551 602.1898 602.4359 602.6783 602.9144 603.156 603.407 603.6475 603.8834 604.1281 604.3675 604.3471 604.3224 604.2979 604.2733 604.2486 604.224 604.1994 604.1747 604.1501 604.1255 604.1009 604.0763 604.0517
603.639 603.4254 603.2079 602.972 602.7493 602.5234 602.2908 602.0454 601.7948 601.5508 601.2986 601.051 600.8141 600.5748 600.3875 599.9395 599.7675 599.45 599.208 599.0075 599.078 598.8815 598.96 598.8191 598.934 599.027 598.8155 599.0675 599.241 599.166 599.5731 599.8255 600.2825 600.498 600.7442 600.9871 601.2074 601.4418 601.6917 601.9418 602.1765 602.4083 602.6434 602.8831 603.1255 603.3667 603.6072 603.8582 604.1092 604.3348 604.3636 604.339 604.3143 604.2897 604.2651 604.2405 604.2159 604.1913 604.1667 604.1421 604.1175 604.0929 604.0683 604.0437
603.418 603.1821 602.9684 602.7501 602.5159 602.2979 602.0725 601.8401 601.5941 601.3394 601.0961 600.844 600.5919 600.401 599.9935 599.7505 599.5215 599.482 599.1245 598.9771 598.9125 598.7896 598.9345 598.7775 598.951 599.084 598.882 599.103 599.312 599.3215 599.7661 600.173 600.4683 600.6906 600.942 601.1936 601.4371 601.6595 601.8974 602.1377 602.3912 602.6287 602.8615 603.1005 603.3336 603.5728 603.8151 604.0583 604.3093 604.3809 604.3563 604.3317 604.3071 604.2825 604.2579 604.2333 604.2087 604.1841 604.1595 604.1349 604.1108 604.0871 604.0634 604.0397
603.1965 602.9613 602.7251 602.5109 602.2922 602.0598 601.8464 601.6216 601.3895 601.1428 600.8848 600.6414 600.4149 599.889 599.9715 599.8465 599.6365 599.486 599.1545 599.1235 599.04 598.7805 598.9326 598.8385 598.9575 599.1475 599.026 599.0365 599.2435 599.5005 600.121 600.446 600.6906 600.9202 601.1424 601.3861 601.6429 601.8865 602.1116 602.3506 602.5891 602.8382 603.0809 603.3147 603.556 603.7855 604.02 604.2623 604.3979 604.3752 604.3525 604.3297 604.307 604.2842 604.261 604.2374 604.2137 604.1901 604.1664 604.1428 604.1191 604.0954 604.0717 604.0481
602.9565 602.7411 602.5047 602.2681 602.053 601.8344 601.6037 601.3949 601.1708 600.9388 600.6914 600.4335 599.971 599.8275 599.7485 599.5775 599.441 599.2865 599.178 599.141 598.8425 598.6965 598.971 599.057 598.8715 599.0656 599.2315 599.2305 599.625 599.869 600.4037 600.6416 600.8973 601.1419 601.372 601.5941 601.8374 602.0885 602.3359 602.5637 602.8038 603.0403 603.285 603.5331 603.7679 604.0092 604.2357 604.413 604.3903 604.3676 604.3448 604.322 604.2993 604.2766 604.2538 604.2311 604.2083 604.1855 604.1628 604.1401 604.1174 604.0946 604.0718 604.0491
602.7152 602.5013 602.2846 602.048 601.8112 601.5952 601.3765 601.1513 600.9434 600.72 600.488 600.311 599.8395 599.517 599.41 599.197 599.0585 599.024 598.972 599.02 598.828 598.7581 598.9565 599.061 598.9605 599.047 599.238 599.3855 599.942 600.3903 600.6349 600.8602 601.093 601.3511 601.5932 601.824 602.0459 602.2888 602.5334 602.7853 603.0158 603.257 603.4917 603.7363 603.9828 604.2211 604.4245 604.4053 604.3826 604.3598 604.3371 604.3143 604.2916 604.2689 604.2461 604.2234 604.2006 604.1779 604.1552 604.1324 604.1096 604.0869 604.0641 604.0414
602.4678 602.2606 602.046 601.8277 601.5914 601.3542 601.1373 600.9186 600.6998 600.492 600.155 600.0505 599.782 599.4295 599.4625 599.2245 599.0575 599.087 599.0265 598.8175 598.994 599.072 598.838 598.826 599.2105 599.405 599.5565 599.7355 600.3362 600.5901 600.8416 601.0862 601.317 601.5484 601.8066 602.0445 602.276 602.4977 602.7401 602.9847 603.2346 603.4689 603.7102 603.9473 604.1876 604.4322 604.4346 604.4122 604.3896 604.3672 604.3447 604.3222 604.2997 604.2772 604.2547 604.2322 604.2097 604.1872 604.1647 604.1422 604.1198 604.0972 604.0748 604.0522
602.2231 602.0123 601.8057 601.5906 601.3707 601.1348 600.8973 600.6794 600.4715 599.9885 599.9485 599.76 599.5375 599.376 599.448 599.3835 599.1915 598.896 598.8279 598.7765 599.006 599.0865 598.932 598.938 599.327 599.369 599.5966 600.35 600.5714 600.793 601.037 601.2929 601.5375 601.7741 602.0039 602.2577 602.4958 602.728 602.9495 603.1913 603.436 603.6806 603.9221 604.1634 604.4043 604.4476 604.4471 604.4329 604.4104 604.3879 604.3654 604.343 604.3204 604.298 604.2755 604.253 604.2305 604.2079 604.1855 604.163 604.1405 604.118 604.0955 604.073
601.9714 601.7676 601.5586 601.3509 601.1353 600.9138 600.6782 600.4875 600.046 599.9875 599.705 599.6335 599.537 599.4185 599.316 599.291 598.9555 598.783 598.9765 598.8515 599.012 598.952 599.135 599.193 599.5365 599.6815 600.1905 600.5307 600.7851 601.028 601.2496 601.4843 601.7443 601.9888 602.2311 602.4594 602.7089 602.9471 603.1801 603.4012 603.6426 603.8873 604.1319 604.3753 604.4589 604.4584 604.4579 604.4537 604.4312 604.4087 604.3862 604.3637 604.3412 604.3187 604.2962 604.2737 604.2512 604.2288 604.2062 604.1837 604.1613 604.1387 604.1163 604.0938
601.7181 601.516 601.3123 601.1049 600.8955 600.6799 600.5035 600.111 599.842 599.8995 599.637 599.3085 599.1795 599.0955 599.083 599.1805 598.9308 598.7595 599.011 598.966 599.11 599.021 599.291 599.3915 599.7365 600.3745 600.5044 600.7321 600.9858 601.2402 601.4846 601.7063 601.9379 602.1937 602.4402 602.6848 602.9149 603.1617 603.4005 603.6321 603.8531 604.094 604.3386 604.4692 604.4704 604.4692 604.4687 604.4682 604.452 604.4294 604.4069 604.3845 604.3619 604.3395 604.317 604.2945 604.272 604.2495 604.227 604.2045 604.182 604.1595 604.137 604.1145
601.4572 601.2643 601.0605 600.8568 600.6511 600.3705 600.196 599.9839 599.7475 599.725 599.603 599.3415 599.18 599.041 599.189 599.1067 598.8695 598.7605 599.0455 599.1175 599.1285 599.093 599.4925 599.825 600.1995 600.5181 600.7394 600.9607 601.1899 601.441 601.6954 601.9412 602.163 602.3915 602.6405 602.8915 603.1361 603.3703 603.6172 603.8572 604.0842 604.3052 604.4791 604.4802 604.4813 604.48 604.4795 604.479 604.4727 604.4502 604.4277 604.4052 604.3827 604.3602 604.3377 604.3152 604.2927 604.2703 604.2477 604.2253 604.2028 604.1803 604.1578 604.1353
601.196 601.006 600.8089 600.6052 600.4084 600.0725 600.032 600.0115 599.812 599.5185 599.3145 599.35 599.2755 598.9835 599.0668 599.0855 598.8205 598.776 599.0805 599.062 599.0315 599.2405 599.6665 600.277 600.5275 600.7527 600.9744 601.1957 601.417 601.6477 601.8961 602.1505 602.3978 602.6197 602.8451 603.0909 603.3428 603.5874 603.8257 604.0727 604.314 604.4915 604.4908 604.4911 604.4923 604.4935 604.4903 604.4898 604.4893 604.4709 604.4485 604.426 604.4035 604.381 604.3585 604.336 604.3135 604.291 604.2685 604.246 604.2235 604.201 604.1785 604.156
600.9357 600.7448 600.563 600.4615 600.0655 600.058 599.8025 599.809 599.544 599.5375 599.2729 599.132 599.0945 599.0499 598.944 598.9165 598.8775 598.8555 599.1835 599.3365 599.25 599.678 599.9901 600.5404 600.7595 600.9791 601.2067 601.4307 601.652 601.8733 602.1055 602.3537 602.6057 602.8545 603.0764 603.2998 603.5446 603.7941 604.0387 604.2813 604.5025 604.5038 604.5044 604.5021 604.5032 604.5044 604.5011 604.5006 604.5001 604.4917 604.4692 604.4467 604.4243 604.4017 604.3793 604.3568 604.3342 604.3118 604.2892 604.2668 604.2443 604.2218 604.1993 604.1768
600.6738 600.2725 600.264 600.329 600.027 599.979 599.691 599.6945 599.4255 599.3855 599.163 599.1715 599.171 599.1275 599.1555 599.1895 599.187 599.058 599.303 599.4915 599.552 600.1495 600.5125 600.7556 600.9918 601.2107 601.4306 601.6594 601.8871 602.1083 602.3296 602.5633 602.8115 603.0608 603.3111 603.5332 603.7565 603.9982 604.244 604.4901 604.5151 604.5162 604.5173 604.5139 604.5142 604.5153 604.5152 604.5114 604.5109 604.5098 604.49 604.4675 604.445 604.4225 604.4 604.3775 604.355 604.3325 604.31 604.2875 604.265 604.2426 604.22 604.1976
600.417 600.1705 600.0345 600.0725 599.9845 599.913 599.5805 599.589 599.3315 599.192 599.1315 599.057 598.9885 598.9055 599.111 599.1625 599.1735 599.2425 599.378 599.613 600.146 600.4828 600.7045 600.9651 601.204 601.4431 601.6619 601.8822 602.1121 602.3436 602.5646 602.7861 603.0211 603.2693 603.5175 603.7678 603.9899 604.2133 604.4517 604.5266 604.5275 604.5286 604.5297 604.5298 604.5251 604.5263 604.5274 604.5222 604.5217 604.5212 604.5107 604.4882 604.4658 604.4432 604.4208 604.3983 604.3758 604.3533 604.3307 604.3083 604.2858 604.2633 604.2408 604.2183
600.0829 600.152 600.1525 599.862 599.6445 599.6714 599.4195 599.413 599.2015 599.2515 599.303 599.207 599.169 598.9035 599.028 599.0685 599.088 599.1665 599.403 600.007 600.5156 600.7273 600.9389 601.1595 601.4211 601.6526 601.8945 602.1132 602.3337 602.5648 602.7999 603.0209 603.2429 603.4789 603.7271 603.9753 604.2244 604.4467 604.5353 604.5389 604.5399 604.541 604.5421 604.5432 604.5372 604.5372 604.5384 604.5363 604.5325 604.532 604.5292 604.509 604.4865 604.464 604.4415 604.419 604.3965 604.374 604.3516 604.329 604.3065 604.2841 604.2615 604.2391
599.99 599.84 600.027 599.9645 599.59 599.46 599.3845 599.2875 599.2173 599.06 599.191 599.03 599.136 599.0421 599.0065 599.1875 599.335 599.4505 600.054 600.5373 600.7601 600.9718 601.1834 601.3926 601.6167 601.8771 602.1011 602.3442 602.5646 602.7853 603.0174 603.2562 603.4772 603.7001 603.9366 604.1849 604.4331 604.5455 604.5489 604.5513 604.5546 604.5534 604.5545 604.5557 604.5552 604.5482 604.5493 604.5505 604.5433 604.5428 604.5423 604.5297 604.5073 604.4847 604.4623 604.4398 604.4173 604.3948 604.3723 604.3498 604.3273 604.3048 604.2823 604.2598
599.986 599.716 599.8225 599.783 599.47 599.4605 599.4595 599.3731 599.308 599.026 599.164 599.0505 599.115 599.262 599.269 599.2175 599.4055 600.067 600.5258 600.7391 600.9911 601.2163 601.4279 601.6396 601.8422 602.074 602.3331 602.5553 602.7927 603.0159 603.2369 603.4701 603.7111 603.9335 604.1574 604.3945 604.5561 604.5591 604.5624 604.5637 604.5673 604.5658 604.567 604.5681 604.5687 604.5603 604.5603 604.5614 604.5575 604.5536 604.5531 604.5486 604.528 604.5055 604.483 604.4605 604.438 604.4155 604.3931 604.3705 604.3481 604.3256 604.303 604.2806
