samples/sfe_81/sfe_81_c1/sfe_81_c1/sfe_81_c1.asc
ncols         249
nrows         120
xllcorner     84.60000000149
yllcorner     40
cellsize      1
NODATA_value  -9999
[rows 84 to 111 of 120, columns 128 to 191 of 249]
604.2788 604.2563 604.2338 604.2114 604.1888 604.1664 604.1439 604.1214 604.0989 604.0764 604.0539 604.0314 604.0089 603.9864 603.9639 603.9414 603.9189 603.8964 603.874 603.8514 603.8289 603.8065 603.7842 603.7501 603.7159 603.6918 603.6571 603.6316 603.6101 603.5747 603.5393 603.5039 603.4738 603.4368 603.4093 603.3749 603.3399 603.3032 603.2663 603.1548 602.899 602.6525 602.4219 602.1874 601.9233 601.666 601.4338 601.1996 600.9648 600.7313 600.497 600.2639 600.0306 599.7958 599.5815 599.383 599.1783 598.9485 597.588 597.325 597.3865 597.304 597.2155 597.178
604.2996 604.2771 604.2546 604.2321 604.2096 604.1871 604.1646 604.1422 604.1196 604.0972 604.0746 604.0521 604.0297 604.0071 603.9847 603.9622 603.9397 603.9172 603.8947 603.8722 603.8497 603.8289 603.8002 603.7661 603.7413 603.7086 603.6738 603.6591 603.6286 603.5933 603.5579 603.5298 603.4928 603.4559 603.4323 603.3978 603.3621 603.3253 603.2888 603.2495 603.1027 602.8722 602.6393 602.3777 602.1215 601.8893 601.655 601.4202 601.1871 600.9528 600.7198 600.4863 600.2516 600.0263 599.8297 599.6251 599.4002 599.1678 598.935 597.589 597.495 597.158 597.034 596.9595
604.3204 604.2979 604.2754 604.2529 604.2303 604.2079 604.1854 604.1629 604.1404 604.1179 604.0954 604.0729 604.0504 604.0279 604.0054 603.9829 603.9604 603.9379 603.9155 603.8929 603.8705 603.8503 603.8162 603.782 603.7599 603.7253 603.7001 603.6813 603.6472 603.6118 603.5764 603.5488 603.5119 603.485 603.4552 603.421 603.3842 603.3506 603.3113 603.2742 603.2385 603.0914 602.8322 602.5769 602.3447 602.1105 601.876 601.643 601.4085 601.1757 600.942 600.7074 600.4736 600.2764 600.0718 599.8519 599.6193 599.3866 599.1565 598.9222 597.7285 597.3375 597.2665 597.0535
604.3411 604.3186 604.2961 604.2736 604.2511 604.2286 604.2061 604.1837 604.1611 604.1387 604.1161 604.0937 604.0712 604.0487 604.0262 604.0037 603.9812 603.9587 603.9362 603.9137 603.8922 603.8663 603.8322 603.8074 603.7767 603.742 603.7277 603.7011 603.6657 603.6303 603.6048 603.5679 603.5309 603.5126 603.4781 603.4431 603.4064 603.3732 603.3339 603.3007 603.2639 603.2276 603.0323 602.8001 602.5659 602.3318 602.0989 601.8643 601.6314 601.3977 601.1631 600.9296 600.7231 600.5185 600.3035 600.0709 599.8382 599.6136 599.379 599.1458 598.9304 598.019 597.441 597.167
604.3619 604.3394 604.3169 604.2944 604.2719 604.2494 604.2269 604.2044 604.1819 604.1594 604.1369 604.1144 604.0919 604.0695 604.0469 604.0244 604.002 603.9794 603.957 603.9344 603.9165 603.8823 603.8481 603.8281 603.7934 603.7687 603.7523 603.7197 603.6843 603.6489 603.6238 603.5869 603.5607 603.5355 603.502 603.4653 603.435 603.3957 603.3589 603.3278 603.2911 603.2534 603.2131 603.0214 602.7877 602.5547 602.32 602.0872 601.8535 601.6189 601.3858 601.1726 600.9651 600.7506 600.5225 600.2899 600.0707 599.8358 599.6025 599.3848 599.1833 598.9818 598.263 597.5095
604.3826 604.3601 604.3376 604.3151 604.2927 604.2701 604.2477 604.2252 604.2026 604.1802 604.1577 604.1352 604.1127 604.0902 604.0677 604.0452 604.0227 604.0002 603.9777 603.9557 603.9325 603.8983 603.8734 603.8448 603.8101 603.7961 603.7736 603.7382 603.7028 603.6784 603.6429 603.606 603.592 603.5584 603.5242 603.4874 603.4575 603.4182 603.388 603.353 603.319 603.2793 603.2389 603.1985 603.0106 602.7758 602.543 602.3091 602.0746 601.842 601.6197 601.4119 601.1972 600.974 600.7415 600.5278 600.2926 600.0592 599.8364 599.6376 599.4362 599.2407 599.0407 598.8755
604.4034 604.3809 604.3584 604.3359 604.3134 604.2909 604.2684 604.2459 604.2234 604.2009 604.1784 604.1559 604.1334 604.111 604.0884 604.066 604.0435 604.021 603.9985 603.9807 603.9484 603.9143 603.8962 603.8616 603.8373 603.8233 603.7922 603.7568 603.7215 603.6989 603.662 603.6366 603.6158 603.5819 603.5463 603.5153 603.48 603.4423 603.4153 603.3809 603.345 603.3052 603.2648 603.226 603.1897 602.9987 602.7648 602.5304 602.2979 602.0645 601.8586 601.6438 601.4256 601.1931 600.9798 600.7494 600.5159 600.2904 600.092 599.8905 599.6909 599.4982 599.2888 599.0955
604.4241 604.4016 604.3792 604.3566 604.3342 604.3116 604.2892 604.2667 604.2442 604.2217 604.1992 604.1767 604.1542 604.1317 604.1092 604.0867 604.0642 604.0417 604.0192 603.9986 603.9644 603.9396 603.913 603.8783 603.8649 603.8461 603.8107 603.7753 603.7512 603.718 603.6812 603.6675 603.6387 603.6052 603.5685 603.5418 603.5026 603.4753 603.4424 603.4085 603.3714 603.331 603.2941 603.2587 603.2212 603.1823 602.9862 602.7537 602.5191 602.3052 602.0904 601.8771 601.6447 601.4308 601.2062 600.9726 600.745 600.5464 600.3449 600.1403 599.9533 599.7463 599.5483 599.3592
604.4449 604.4224 604.3999 604.3774 604.3549 604.3324 604.3099 604.2874 604.265 604.2424 604.22 604.1974 604.1749 604.1525 604.1299 604.1075 604.085 604.0625 604.044 604.0146 603.9804 603.9644 603.9297 603.9059 603.8921 603.8647 603.8293 603.7943 603.7739 603.737 603.7122 603.6962 603.6616 603.6274 603.5956 603.5643 603.5258 603.5029 603.4697 603.4366 603.3972 603.3569 603.3234 603.2901 603.2526 603.2126 603.1714 602.975 602.752 602.537 602.3285 602.0963 601.8817 601.6631 601.4293 601.1996 600.998 600.7993 600.5947 600.4033 600.2037 600.0002 599.812 599.6203
604.4656 604.4432 604.4207 604.3981 604.3757 604.3531 604.3307 604.3082 604.2857 604.2632 604.2407 604.2182 604.1957 604.1732 604.1507 604.1282 604.1057 604.0833 604.0648 604.0306 604.0059 603.9811 603.9467 603.9332 603.9163 603.8832 603.8478 603.8239 603.793 603.757 603.7433 603.7191 603.6863 603.6495 603.6262 603.5869 603.5607 603.5311 603.4984 603.4635 603.4231 603.3857 603.3579 603.3215 603.2838 603.2422 603.2028 603.1611 602.9836 602.779 602.5479 602.3326 602.1201 601.886 601.6543 601.4467 601.2537 601.0497 600.8535 600.6613 600.4543 600.2649 600.075 599.8838
604.4864 604.4639 604.4414 604.4189 604.3964 604.3739 604.3514 604.3289 604.3065 604.2839 604.2615 604.239 604.2165 604.194 604.1715 604.149 604.1265 604.1074 604.0807 604.0466 604.0319 603.9978 603.9742 603.9609 603.9372 603.9018 603.867 603.849 603.8121 603.788 603.7746 603.7419 603.7084 603.6758 603.6487 603.6094 603.5892 603.5574 603.5273 603.4893 603.449 603.4189 603.3905 603.353 603.314 603.2759 603.2335 603.1932 603.1479 602.9995 602.7836 602.577 602.3427 602.1091 601.9008 601.7081 601.5046 601.3028 601.1164 600.9103 600.717 600.5286 600.3345 600.1476
604.5071 604.4847 604.4622 604.4397 604.4172 604.3947 604.3722 604.3497 604.3272 604.3047 604.2822 604.2597 604.2372 604.2147 604.1923 604.1697 604.1472 604.1309 604.0967 604.072 604.0493 604.0153 604.0019 603.9873 603.9557 603.9203 603.8965 603.868 603.8326 603.8192 603.7994 603.7673 603.7306 603.7092 603.6712 603.6441 603.6176 603.5882 603.5546 603.5152 603.4772 603.4504 603.4219 603.3844 603.3455 603.3077 603.2669 603.2256 603.1829 603.1379 603.0297 602.7993 602.5654 602.3554 602.1597 601.9596 601.7519 601.566 601.3668 601.1685 600.9814 600.7866 600.598 600.4155
604.5279 604.5054 604.4829 604.4604 604.4379 604.4155 604.3929 604.3705 604.348 604.3254 604.303 604.2805 604.258 604.2355 604.213 604.1905 604.171 604.1469 604.1127 604.0982 604.066 604.0428 604.0292 604.0096 603.9742 603.9398 603.924 603.8871 603.8638 603.8504 603.8223 603.7895 603.7562 603.733 603.6937 603.6765 603.6467 603.616 603.5814 603.5411 603.5155 603.4901 603.4534 603.4153 603.3784 603.34 603.3016 603.2592 603.2189 603.1746 603.1331 603.0217 602.8101 602.6084 602.4146 602.2062 602.0159 601.8243 601.6212 601.4338 601.2432 601.0488 600.863 600.6868
604.5486 604.5262 604.5037 604.4812 604.4587 604.4362 604.4137 604.3912 604.3687 604.3462 604.3237 604.3012 604.2787 604.2562 604.2338 604.2112 604.1958 604.1628 604.138 604.1174 604.0839 604.0704 604.057 604.0282 603.9928 603.9693 603.9431 603.9084 603.8947 603.8796 603.8468 603.8116 603.7896 603.7556 603.7277 603.7055 603.6756 603.6458 603.6073 603.5687 603.5457 603.5223 603.4848 603.4475 603.4117 603.3729 603.3348 603.2939 603.2526 603.2155 603.1729 603.1302 603.0571 602.8695 602.6612 602.4653 602.2795 602.0771 601.8853 601.698 601.4995 601.3132 601.133 600.9504
604.5695 604.5469 604.5244 604.502 604.4794 604.457 604.4344 604.412 604.3895 604.367 604.3445 604.322 604.2995 604.277 604.2545 604.2342 604.213 604.1788 604.1644 604.1341 604.1114 604.0979 604.0806 604.0468 604.0125 603.9991 603.9622 603.9396 603.926 603.9025 603.8705 603.8365 603.8174 603.7781 603.7625 603.7345 603.7056 603.6735 603.6332 603.6078 603.5825 603.5538 603.5157 603.4796 603.4448 603.4092 603.3692 603.3315 603.2863 603.2552 603.2126 603.17 603.1287 603.0905 602.9144 602.7291 602.5332 602.3367 602.1507 601.9549 601.7634 601.5783 601.3989 601.2196
604.5902 604.5677 604.5452 604.5227 604.5002 604.4777 604.4552 604.4327 604.4102 604.3878 604.3652 604.3428 604.3203 604.2977 604.2753 604.2594 604.2289 604.204 604.1855 604.1524 604.1387 604.1253 604.1007 604.0653 604.0421 604.0181 603.9841 603.9705 603.9572 603.9254 603.8927 603.8701 603.8399 603.8109 603.7906 603.764 603.7357 603.6994 603.6603 603.6412 603.6222 603.5852 603.5482 603.5147 603.4781 603.4427 603.4042 603.3674 603.3333 603.295 603.2524 603.2109 603.1727 603.1297 603.0903 602.9892 602.7882 602.6021 602.4115 602.2137 602.0286 601.8477 601.6631 601.5023
604.611 604.5884 604.566 604.5435 604.5209 604.4985 604.476 604.4535 604.431 604.4085 604.386 604.3635 604.341 604.3185 604.2975 604.2791 604.2449 604.2307 604.2023 604.1799 604.1666 604.1513 604.1193 604.0853 604.0716 604.0372 604.0152 604.0018 603.9828 603.9516 603.9169 603.9017 603.8624 603.8461 603.8223 603.7954 603.7656 603.7253 603.6994 603.6752 603.6541 603.6166 603.5814 603.5489 603.514 603.4782 603.4402 603.401 603.3774 603.3348 603.2923 603.2596 603.2166 603.1789 603.1364 603.0938 603.0536 602.8674 602.6666 602.4788 602.2958 602.1113 601.9389 601.7875
604.6317 604.6092 604.5867 604.5642 604.5417 604.5192 604.4967 604.4742 604.4517 604.4293 604.4067 604.3843 604.3618 604.3393 604.3226 604.2951 604.2701 604.2537 604.221 604.2073 604.1941 604.1732 604.1378 604.1149 604.0932 604.0598 604.0464 604.033 604.0057 603.9738 603.9501 603.9242 603.8945 603.8776 603.8508 603.8256 603.7915 603.752 603.7359 603.7148 603.6856 603.6487 603.6169 603.5833 603.55 603.5138 603.4821 603.4435 603.4172 603.3747 603.3316 603.3036 603.2606 603.2265 603.1824 603.1439 603.1027 603.0566 602.929 602.7439 602.5598 602.377 602.2242 602.0724
604.6525 604.6299 604.6075 604.585 604.5625 604.54 604.5175 604.495 604.4725 604.45 604.4275 604.405 604.3825 604.361 604.3452 604.3111 604.2968 604.2704 604.2485 604.2349 604.2216 604.1918 604.158 604.1443 604.1122 604.0908 604.0774 604.0632 604.0327 603.997 603.9835 603.9467 603.9292 603.9077 603.882 603.855 603.8174 603.7907 603.7681 603.7543 603.717 603.6825 603.6537 603.6185 603.5859 603.5512 603.5157 603.4919 603.4571 603.4145 603.3817 603.3475 603.3073 603.2734 603.23 603.194 603.1543 603.1083 603.066 603.0087 602.8237 602.6608 602.5094 602.3394
604.6732 604.6507 604.6282 604.6057 604.5833 604.5607 604.5383 604.5157 604.4933 604.4708 604.4482 604.4258 604.4033 604.3859 604.3612 604.3363 604.3218 604.2896 604.276 604.2623 604.2457 604.2103 604.1876 604.1682 604.1356 604.1223 604.1085 604.0861 604.0548 604.0306 604.0085 603.978 603.9645 603.9385 603.9128 603.8836 603.8436 603.83 603.8074 603.7859 603.7476 603.7189 603.6868 603.6586 603.6224 603.5927 603.5537 603.5395 603.4969 603.4553 603.434 603.3915 603.3617 603.3194 603.2867 603.2441 603.2059 603.1637 603.1211 603.0767 603.0298 602.946 602.7885 602.6172
604.694 604.6714 604.649 604.6265 604.604 604.5815 604.559 604.5365 604.514 604.4915 604.469 604.4465 604.4245 604.4109 604.3772 604.3627 604.3386 604.3171 604.3035 604.2899 604.2643 604.2307 604.2172 604.1873 604.1665 604.1533 604.1398 604.1116 604.0772 604.0638 604.0311 604.0128 603.994 603.9708 603.9449 603.9095 603.8823 603.8648 603.8469 603.8174 603.7844 603.7534 603.7249 603.6923 603.6622 603.6305 603.6022 603.5793 603.5367 603.4998 603.4785 603.4355 603.4093 603.3655 603.3368 603.2991 603.2575 603.2176 603.1782 603.134 603.0876 603.0448 603.0068 602.9006
604.7147 604.6923 604.6697 604.6472 604.6248 604.6022 604.5798 604.5573 604.5348 604.5123 604.4898 604.4673 604.4495 604.4274 604.4025 604.3889 604.3582 604.3446 604.331 604.3153 604.2828 604.2601 604.2433 604.2112 604.198 604.1844 604.1664 604.1359 604.111 604.0929 604.0613 604.0477 604.0267 604.0026 603.9757 603.9354 603.9214 603.9001 603.8864 603.8488 603.8174 603.7919 603.761 603.7327 603.7001 603.6642 603.6506 603.6191 603.5765 603.5523 603.5224 603.486 603.4564 603.4173 603.3869 603.3552 603.3096 603.2762 603.2338 603.1925 603.1488 603.1108 603.0691 603.0303
604.7355 604.713 604.6905 604.668 604.6455 604.623 604.6005 604.578 604.5555 604.533 604.5106 604.488 604.4745 604.4434 604.4288 604.4067 604.3857 604.3721 604.3585 604.3367 604.3035 604.2901 604.2623 604.2423 604.2288 604.2156 604.1895 604.158 604.1443 604.1154 604.0964 604.0787 604.056 604.035 604.0016 603.974 603.9567 603.9393 603.9178 603.882 603.8568 603.8265 603.8007 603.7686 603.7452 603.7124 603.6992 603.6589 603.618 603.6046 603.5664 603.5411 603.5024 603.4752 603.437 603.4068 603.3697 603.3312 603.2928 603.2519 603.2085 603.1768 603.1351 603.0995
604.7562 604.7338 604.7112 604.6888 604.6663 604.6437 604.6213 604.5988 604.5763 604.5538 604.5313 604.513 604.4935 604.4687 604.4551 604.4268 604.4133 604.3997 604.3861 604.3553 604.3328 604.3183 604.287 604.2736 604.2601 604.2467 604.2169 604.1911 604.1772 604.1445 604.1313 604.1111 604.0896 604.0657 604.0274 604.0129 603.9927 603.9791 603.9492 603.9194 603.8949 603.8663 603.8375 603.8085 603.7789 603.7607 603.7413 603.6987 603.6706 603.6533 603.6104 603.592 603.5485 603.5297 603.493 603.4584 603.4236 603.3903 603.3522 603.3098 603.2765 603.2429 603.2063 603.1688
604.777 604.7545 604.732 604.7095 604.687 604.6646 604.642 604.6195 604.597 604.5745 604.5521 604.5381 604.5095 604.495 604.4749 604.4543 604.4408 604.4272 604.4092 604.3762 604.3626 604.3373 604.3181 604.3044 604.2914 604.2696 604.2391 604.2248 604.1998 604.1798 604.166 604.144 604.1215 604.0937 604.0655 604.0519 604.0323 604.0182 603.982 603.9578 603.9316 603.907 603.8787 603.8539 603.8229 603.8092 603.7811 603.741 603.7229 603.6973 603.6649 603.6394 603.6047 603.5798 603.5531 603.5109 603.4835 603.4474 603.4096 603.376 603.3473 603.3088 603.2747 603.2382
604.7977 604.7753 604.7527 604.7303 604.7078 604.6853 604.6628 604.6403 604.6178 604.5953 604.5762 604.5596 604.5349 604.5214 604.4954 604.4819 604.4684 604.4547 604.4278 604.4053 604.3924 604.3627 604.3492 604.3356 604.3224 604.298 604.2712 604.2577 604.228 604.2144 604.1974 604.177 604.1554 604.1195 604.1047 604.0879 604.0719 604.0496 604.0202 603.9952 603.9709 603.9453 603.9196 603.8936 603.8713 603.8576 603.8209 603.7888 603.7753 603.7413 603.72 603.6855 603.6627 603.6299 603.6077 603.5733 603.5414 603.5056 603.474 603.4356 603.4166 603.3749 603.3495 603.3074
604.8167 604.796 604.7735 604.751 604.7285 604.7061 604.6835 604.6611 604.6385 604.616 604.6011 604.5756 604.5612 604.543 604.5229 604.5092 604.4953 604.4804 604.449 604.4351 604.4124 604.3938 604.3804 604.3669 604.3499 604.3201 604.3047 604.2841 604.2629 604.2493 604.2306 604.2098 604.1857 604.1568 604.1437 604.1249 604.1115 604.081 604.0567 604.0347 604.0106 603.9862 603.9613 603.9329 603.9195 603.9033 603.8607 603.8411 603.8278 603.7885 603.7748 603.7342 603.7208 603.6866 603.6592 603.6296 603.5988 603.5705 603.5319 603.5027 603.4826 603.4449 603.4205 603.3846
604.8338 604.8168 604.7943 604.7718 604.7493 604.7268 604.7043 604.6818 604.6593 604.6393 604.6257 604.601 604.5876 604.564 604.5505 604.5367 604.5229 604.5003 604.4781 604.4648 604.4384 604.425 604.4116 604.3981 604.3765 604.3516 604.3381 604.3114 604.2979 604.2817 604.2625 604.2438 604.2116 604.196 604.1799 604.1642 604.15 604.118 604.0967 604.0732 604.051 604.0267 604.0082 603.9813 603.9678 603.9431 603.9067 603.8936 603.8722 603.8436 603.8224 603.7922 603.7726 603.7467 603.7121 603.6882 603.6611 603.6277 603.6003 603.5737 603.5486 603.519 603.4898 603.456
