samples/sfe_81/sfe_81_c1/sfe_81_c1/sfe_81_c1.asc
ncols         249
nrows         120
xllcorner     84.60000000149
yllcorner     40
cellsize      1
NODATA_value  -9999
[rows 0 to 27 of 120, columns 0 to 63 of 249]
-9999 -9999 -9999 -9999 -9999 -9999 -9999 -9999 -9999 -9999 -9999 -9999 -9999 -9999 -9999 606.4703 606.4771 606.4633 606.4501 606.4363 606.4232 606.4092 606.3962 606.3823 606.3692 606.3552 606.3414 606.3282 606.3145 606.3011 606.2876 606.2741 606.2611 606.2471 606.2341 606.22 606.207 606.1931 606.1801 606.166 606.153 606.139 606.126 606.1121 606.0989 606.0852 606.0719 606.0582 606.0449 606.0314 606.0178 606.0044 605.9908 605.9775 605.9633 605.9459 605.9322 605.9189 605.9042 605.8912 605.8773 605.8642 605.8502 605.8362
-9999 -9999 -9999 -9999 -9999 -9999 -9999 -9999 -9999 -9999 -9999 -9999 -9999 -9999 -9999 606.3414 606.46 606.4464 606.4329 606.4195 606.4058 606.3928 606.3789 606.3657 606.3521 606.3386 606.3246 606.3115 606.2975 606.2844 606.2708 606.2574 606.2443 606.2303 606.2173 606.2034 606.1901 606.1766 606.1631 606.1499 606.1359 606.1229 606.1089 606.0958 606.0817 606.0687 606.0547 606.0416 606.028 606.0145 606.0012 605.9874 605.9744 605.9605 605.9432 605.9216 605.9066 605.8927 605.8796 605.8637 605.8506 605.8366 605.8235 605.8066
-9999 -9999 -9999 -9999 -9999 -9999 -9999 -9999 -9999 -9999 -9999 -9999 -9999 -9999 -9999 606.2239 606.4432 606.4297 606.4166 606.4025 606.3894 606.3754 606.3622 606.3486 606.3351 606.322 606.3079 606.2948 606.2808 606.2676 606.254 606.2407 606.2275 606.2137 606.2004 606.187 606.1732 606.1602 606.1461 606.133 606.1191 606.1058 606.0925 606.0787 606.0656 606.0515 606.0384 606.0245 606.0112 605.9982 605.9841 605.9709 605.9574 605.9459 605.9232 605.8995 605.8807 605.8671 605.8535 605.8362 605.8231 605.8091 605.796 605.7817
-9999 -9999 -9999 -9999 -9999 -9999 -9999 -9999 -9999 -9999 -9999 -9999 -9999 -9999 -9999 606.114 606.4191 606.4133 606.3992 606.3861 606.3724 606.3589 606.3458 606.3317 606.3185 606.3047 606.2913 606.2781 606.264 606.2509 606.2372 606.2239 606.2108 606.1972 606.1835 606.1704 606.1563 606.1432 606.1296 606.116 606.1028 606.0887 606.0756 606.062 606.0483 606.0352 606.0218 606.008 605.9949 605.9808 605.9676 605.9542 605.9405 605.9267 605.9031 605.8795 605.8587 605.8415 605.8274 605.8142 605.7957 605.7825 605.7684 605.7552
-9999 -9999 -9999 -9999 -9999 -9999 -9999 -9999 -9999 -9999 -9999 -9999 -9999 -9999 606.4116 606.0071 606.2959 606.3961 606.3829 606.3693 606.3556 606.3424 606.3284 606.3151 606.3019 606.2878 606.2747 606.2612 606.2474 606.2342 606.2204 606.2072 606.194 606.1807 606.1667 606.1535 606.1398 606.1262 606.113 606.0999 606.0858 606.0726 606.059 606.0453 606.0321 606.0181 606.0048 605.9916 605.9782 605.9643 605.9511 605.9373 605.926 605.9066 605.883 605.8594 605.8358 605.8154 605.8021 605.7881 605.7682 605.755 605.7412 605.7277
-9999 -9999 -9999 -9999 -9999 -9999 -9999 -9999 -9999 -9999 -9999 -9999 -9999 -9999 606.2897 605.9003 606.1727 606.3795 606.3657 606.3524 606.3389 606.3254 606.3118 606.2986 606.2848 606.2712 606.258 606.2442 606.2307 606.2175 606.2036 606.1904 606.1772 606.164 606.1498 606.1366 606.1234 606.11 606.0961 606.0828 606.0693 606.0555 606.0422 606.0288 606.0149 606.0016 605.9882 605.9747 605.9611 605.9478 605.934 605.9205 605.9102 605.8865 605.8629 605.8393 605.8157 605.7963 605.7762 605.762 605.7488 605.7276 605.7144 605.7006
-9999 -9999 -9999 -9999 -9999 -9999 -9999 -9999 -9999 -9999 -9999 -9999 -9999 -9999 606.1677 605.7934 606.0496 606.3626 606.3493 606.3356 606.3219 606.3087 606.2952 606.2818 606.2679 606.2546 606.2414 606.2273 606.214 606.2007 606.1868 606.1737 606.1605 606.1472 606.1332 606.1198 606.1064 606.0932 606.0795 606.0658 606.0525 606.0391 606.0251 606.0118 605.9985 605.9852 605.9711 605.9579 605.9446 605.9313 605.9172 605.906 605.8901 605.8665 605.8428 605.8192 605.7956 605.7719 605.7502 605.7369 605.7227 605.7002 605.6869 605.6735
-9999 -9999 -9999 -9999 -9999 -9999 -9999 -9999 -9999 -9999 -9999 -9999 -9999 -9999 606.0458 605.6865 605.9264 606.2447 606.3322 606.3188 606.3055 606.2919 606.278 606.2647 606.2514 606.2381 606.2243 606.2106 606.1973 606.184 606.17 606.157 606.1437 606.1304 606.1168 606.1035 606.0895 606.0762 606.0629 606.0492 606.0355 606.0221 606.0088 605.9955 605.9815 605.968 605.9547 605.9414 605.928 605.9139 605.9006 605.8937 605.8701 605.8464 605.8228 605.7991 605.7755 605.7518 605.7331 605.7109 605.6969 605.6828 605.6595 605.6462
-9999 -9999 -9999 -9999 -9999 -9999 -9999 -9999 -9999 -9999 -9999 -9999 -9999 -9999 605.9239 605.5786 605.8032 606.1215 606.3158 606.3018 606.2885 606.2749 606.2616 606.2482 606.2345 606.2213 606.2073 606.194 606.1806 606.1672 606.1532 606.1403 606.1269 606.1135 606.1002 606.0868 606.0731 606.0593 606.0459 606.0325 606.0191 606.0058 605.9917 605.9783 605.9649 605.9515 605.9382 605.9245 605.9112 605.8973 605.886 605.8736 605.85 605.8263 605.8027 605.7791 605.7554 605.7318 605.709 605.6849 605.6716 605.6578 605.6321 605.6188
-9999 -9999 -9999 -9999 -9999 -9999 -9999 -9999 -9999 -9999 -9999 -9999 -9999 606.3134 605.8019 605.4708 605.6801 605.9984 606.2987 606.2853 606.2719 606.2583 606.2451 606.2311 606.2175 606.2041 606.1907 606.1773 606.1639 606.1504 606.1364 606.1236 606.1101 606.0967 606.0833 606.0699 606.0565 606.0428 606.0297 606.0156 606.0021 605.9887 605.9752 605.9619 605.9485 605.9349 605.9217 605.9077 605.894 605.8807 605.8755 605.8535 605.8299 605.8062 605.7826 605.759 605.7354 605.7117 605.688 605.6678 605.6456 605.632 605.615 605.5914
-9999 -9999 -9999 -9999 -9999 -9999 -9999 -9999 -9999 -9999 -9999 -9999 -9999 606.1915 605.68 605.3629 605.5569 605.8752 606.1935 606.2685 606.2548 606.2413 606.2278 606.2144 606.201 606.1875 606.1741 606.1605 606.1472 606.1335 606.1196 606.1069 606.0933 606.0799 606.0664 606.053 606.0396 606.0261 606.0126 605.9992 605.9858 605.9719 605.9589 605.9449 605.9312 605.918 605.9043 605.8909 605.8774 605.8661 605.8571 605.8334 605.8098 605.7861 605.7625 605.7389 605.7153 605.6916 605.668 605.6461 605.6197 605.6062 605.5927 605.5641
-9999 -9999 -9999 -9999 -9999 -9999 -9999 -9999 -9999 -9999 -9999 -9999 -9999 606.0696 605.5885 605.255 605.4337 605.752 606.0703 606.2519 606.2383 606.2249 606.2114 606.1978 606.1844 606.171 606.1572 606.1434 606.1304 606.1166 606.1028 606.0903 606.0765 606.0634 606.0497 606.0361 606.0229 606.0091 605.9956 605.9821 605.9686 605.9551 605.9417 605.9282 605.9147 605.9012 605.8877 605.8742 605.8607 605.8555 605.837 605.8134 605.7897 605.7661 605.7424 605.7188 605.6952 605.6715 605.6479 605.6243 605.6026 605.5803 605.5668 605.5471
-9999 -9999 -9999 -9999 -9999 -9999 -9999 -9999 -9999 -9999 -9999 -9999 -9999 605.9476 605.4316 605.1472 605.2924 605.6288 605.9471 606.2349 606.2213 606.2078 606.1943 606.1807 606.1673 606.1536 606.1401 606.1266 606.1133 606.0997 606.086 606.0736 606.0599 606.047 606.0333 606.0196 606.0063 605.9929 605.9793 605.9656 605.9523 605.9387 605.9252 605.9117 605.8981 605.8846 605.8711 605.8575 605.8461 605.8405 605.8169 605.7933 605.7697 605.746 605.7224 605.6987 605.6751 605.6514 605.6278 605.6042 605.5833 605.5544 605.5408 605.5273
-9999 -9999 -9999 -9999 -9999 -9999 -9999 -9999 -9999 -9999 -9999 -9999 -9999 605.8257 605.3153 605.0393 605.1445 605.5057 605.824 606.1423 606.2049 606.1913 606.1777 606.1642 606.1507 606.1371 606.1235 606.11 606.0964 606.0828 606.0693 606.0569 606.0433 606.0302 606.0165 606.003 605.9894 605.9758 605.9623 605.9487 605.9351 605.9219 605.9083 605.8948 605.8815 605.868 605.8544 605.8408 605.8356 605.8204 605.7968 605.7732 605.7496 605.7259 605.7023 605.6786 605.655 605.6313 605.6077 605.5841 605.5605 605.5374 605.515 605.5014
-9999 -9999 -9999 -9999 -9999 -9999 -9999 -9999 -9999 -9999 -9999 -9999 606.2153 605.7037 605.192 604.9314 605.0067 605.3825 605.7008 606.0191 606.1879 606.1744 606.1607 606.1473 606.1339 606.1204 606.1069 606.0933 606.0797 606.0661 606.0525 606.0402 606.0268 606.0133 605.9996 605.986 605.9725 605.9595 605.9459 605.9323 605.9187 605.905 605.8914 605.878 605.8649 605.8513 605.8376 605.8262 605.824 605.8004 605.7767 605.7531 605.7295 605.7058 605.6822 605.6586 605.6349 605.6113 605.5876 605.564 605.5404 605.521 605.4891 605.4755
-9999 -9999 -9999 -9999 -9999 -9999 -9999 -9999 -9999 -9999 -9999 -9999 606.0933 605.5818 605.0688 604.8235 604.8812 605.2593 605.5776 605.8959 606.171 606.1573 606.1443 606.1307 606.117 606.1033 606.0904 606.0767 606.063 606.0494 606.0358 606.0236 606.0101 605.9964 605.9828 605.9695 605.9561 605.9424 605.9288 605.9153 605.902 605.8885 605.8749 605.8613 605.8479 605.8345 605.8209 605.8156 605.804 605.7803 605.7567 605.733 605.7094 605.6857 605.6621 605.6385 605.6149 605.5912 605.5676 605.5439 605.5203 605.4966 605.4721 605.4497
-9999 -9999 -9999 -9999 -9999 -9999 -9999 -9999 -9999 -9999 -9999 -9999 605.9714 605.4599 604.9455 604.7157 604.7556 605.1362 605.4545 605.7728 606.0911 606.141 606.1273 606.1136 606.1003 606.0869 606.0731 606.0598 606.0464 606.0327 606.019 606.0069 605.9933 605.9796 605.9665 605.9528 605.9391 605.9254 605.9122 605.8987 605.885 605.8718 605.8583 605.8446 605.8314 605.8178 605.8062 605.8051 605.7838 605.7602 605.7366 605.713 605.6893 605.6656 605.642 605.6184 605.5947 605.5711 605.5475 605.5239 605.5002 605.4766 605.4559 605.4239
-9999 -9999 -9999 -9999 -9999 -9999 -9999 -9999 -9999 -9999 -9999 -9999 605.8494 605.338 604.8222 604.6078 604.63 605.013 605.3313 605.6496 605.9679 606.124 606.1103 606.0972 606.0834 606.0703 606.0566 606.0428 606.0295 606.0159 606.0022 605.9902 605.9765 605.9627 605.9496 605.9359 605.9226 605.909 605.8953 605.8819 605.8684 605.855 605.8416 605.8278 605.8147 605.801 605.7957 605.7874 605.7637 605.7401 605.7165 605.6929 605.6692 605.6456 605.6219 605.5983 605.5746 605.551 605.5274 605.5038 605.4801 605.4565 605.4335 605.4068
-9999 -9999 -9999 -9999 -9999 -9999 -9999 -9999 -9999 -9999 -9999 606.239 605.7275 605.216 604.7042 604.5 604.5045 604.8898 605.2081 605.5264 605.8447 606.1071 606.0938 606.0801 606.067 606.0532 606.0398 606.0262 606.0125 605.9993 605.9855 605.9734 605.9597 605.9462 605.9327 605.9196 605.9058 605.8923 605.8788 605.865 605.8518 605.8381 605.8249 605.8111 605.7979 605.7863 605.7852 605.7673 605.7437 605.72 605.6964 605.6728 605.6491 605.6255 605.6019 605.5782 605.5546 605.5309 605.5073 605.4837 605.46 605.4364 605.4128 605.3906
-9999 -9999 -9999 -9999 -9999 -9999 -9999 -9999 -9999 -9999 -9999 606.1171 605.6055 605.0941 604.5869 604.3921 604.3788 604.7667 605.085 605.4033 605.7216 606.0399 606.077 606.0636 606.0499 606.0366 606.0228 606.0095 605.9958 605.9825 605.9687 605.9567 605.9429 605.9296 605.9158 605.9026 605.8893 605.8755 605.8622 605.8484 605.8351 605.8214 605.8082 605.7946 605.7811 605.7758 605.7709 605.7473 605.7236 605.7 605.6763 605.6527 605.629 605.6054 605.5818 605.5582 605.5345 605.5109 605.4872 605.4636 605.4399 605.4163 605.3927 605.3706
-9999 -9999 -9999 -9999 -9999 -9999 -9999 -9999 -9999 -9999 -9999 605.9951 605.4836 604.9721 604.4695 604.2842 604.2627 604.6435 604.9618 605.2801 605.5984 605.9167 606.0601 606.0468 606.0331 606.0196 606.0063 605.9924 605.9791 605.9655 605.952 605.9399 605.9263 605.9128 605.8994 605.8856 605.8723 605.8587 605.8452 605.8318 605.8185 605.8047 605.7914 605.7778 605.7663 605.7652 605.7508 605.7272 605.7035 605.6799 605.6563 605.6326 605.6089 605.5853 605.5617 605.5381 605.5144 605.4908 605.4672 605.4435 605.4199 605.3962 605.3726 605.349
-9999 -9999 -9999 -9999 -9999 -9999 -9999 -9999 -9999 -9999 -9999 605.8732 605.3617 604.8502 604.3522 604.1764 604.1484 604.5203 604.8386 605.1569 605.4752 605.7935 606.0432 606.0298 606.0165 606.0027 605.9892 605.9758 605.9624 605.9486 605.9352 605.9232 605.9097 605.8959 605.8826 605.8692 605.8555 605.8419 605.8286 605.8152 605.8014 605.7881 605.7745 605.7612 605.7558 605.7543 605.7307 605.7071 605.6834 605.6598 605.6362 605.6125 605.5889 605.5652 605.5416 605.518 605.4943 605.4707 605.4471 605.4235 605.3998 605.3762 605.3525 605.3289
-9999 -9999 -9999 -9999 -9999 -9999 -9999 -9999 -9999 -9999 -9999 605.7512 605.2397 604.7283 604.2348 604.0685 604.0341 604.396 604.7155 605.0338 605.3521 605.6703 605.9886 606.013 605.9995 605.9861 605.9727 605.9592 605.9453 605.9319 605.9185 605.9064 605.893 605.8795 605.8658 605.8522 605.8387 605.8253 605.8119 605.7985 605.7849 605.7712 605.7576 605.7463 605.7452 605.7343 605.7106 605.687 605.6633 605.6397 605.6161 605.5925 605.5688 605.5452 605.5215 605.4979 605.4742 605.4506 605.427 605.4034 605.3797 605.3561 605.3325 605.3088
-9999 -9999 -9999 -9999 -9999 -9999 -9999 -9999 -9999 -9999 606.1408 605.6293 605.1178 604.6063 604.1175 603.9606 603.9198 604.2482 604.5923 604.9106 605.2289 605.5472 605.8655 605.9963 605.9828 605.9692 605.9557 605.9422 605.9286 605.9152 605.9017 605.8896 605.8762 605.8627 605.8492 605.8357 605.8222 605.8087 605.7952 605.7817 605.7682 605.7547 605.7413 605.7358 605.7347 605.7142 605.6906 605.6669 605.6432 605.6196 605.596 605.5724 605.5487 605.5251 605.5015 605.4778 605.4542 605.4305 605.4069 605.3833 605.3596 605.336 605.3124 605.2888
-9999 -9999 -9999 -9999 -9999 -9999 -9999 -9999 -9999 -9999 606.0189 605.5074 604.9958 604.5487 604.0001 603.8528 603.8055 604.1004 604.4691 604.7874 605.1057 605.424 605.7423 605.9794 605.966 605.9526 605.9391 605.9256 605.912 605.8985 605.8849 605.8729 605.8594 605.8458 605.8325 605.8191 605.8052 605.7919 605.7785 605.765 605.7514 605.7379 605.7264 605.7253 605.7177 605.6941 605.6705 605.6469 605.6232 605.5995 605.5759 605.5523 605.5286 605.505 605.4814 605.4578 605.4341 605.4105 605.3868 605.3632 605.3395 605.3159 605.2923 605.2687
-9999 -9999 -9999 -9999 -9999 -9999 -9999 -9999 -9999 -9999 605.8969 605.3854 604.874 604.3469 603.8828 603.7449 603.6912 603.9526 604.3459 604.6642 604.9825 605.3008 605.6191 605.9374 605.9492 605.9358 605.9222 605.9086 605.8954 605.8818 605.8682 605.8561 605.8427 605.8293 605.8157 605.8021 605.7885 605.7752 605.7617 605.7481 605.7346 605.7213 605.7159 605.7148 605.6976 605.674 605.6504 605.6268 605.6031 605.5795 605.5558 605.5322 605.5085 605.4849 605.4613 605.4377 605.414 605.3904 605.3668 605.3431 605.3195 605.2958 605.2722 605.2486
-9999 -9999 -9999 -9999 -9999 -9999 -9999 -9999 -9999 -9999 605.775 605.2635 604.752 604.2323 603.7654 603.6371 603.5768 603.8048 604.2228 604.5411 604.8594 605.1777 605.496 605.8143 605.9326 605.9189 605.9053 605.892 605.8784 605.8651 605.8514 605.8394 605.8262 605.8124 605.7988 605.7855 605.7719 605.7586 605.7449 605.7316 605.718 605.7064 605.7053 605.7012 605.6776 605.6539 605.6303 605.6067 605.583 605.5594 605.5358 605.5121 605.4885 605.4648 605.4412 605.4176 605.3939 605.3703 605.3467 605.3231 605.2994 605.2758 605.2521 605.2285
-9999 -9999 -9999 -9999 -9999 -9999 -9999 -9999 -9999 -9999 605.6531 605.1415 604.6301 604.1223 603.6481 603.5292 603.4625 603.6721 604.0996 604.4179 604.7362 605.0545 605.3728 605.6911 605.9157 605.9021 605.8888 605.8751 605.8617 605.8481 605.8347 605.8226 605.8093 605.7956 605.7822 605.7689 605.7552 605.7418 605.7281 605.7147 605.7014 605.6959 605.6948 605.6812 605.6575 605.6339 605.6102 605.5866 605.5629 605.5393 605.5157 605.4921 605.4684 605.4448 605.4211 605.3975 605.3738 605.3502 605.3266 605.303 605.2793 605.2557 605.2321 605.2084
