samples/sfe_316/sfe_316_c2/sfe_316_c2/sfe_316_c2.asc
ncols         184
nrows         75
xllcorner     96.199999999255
yllcorner     62.60000000149
cellsize      1
NODATA_value  -9999
[rows 28 to 55 of 75, columns 64 to 127 of 184]
598.3585 598.126 598.286 598.2405 597.989 597.9335 598.1165 598.249 598.142 598.179 598.22 597.983 597.983 598.2085 597.951 597.9285 597.978 597.857 598.009 598.031 597.9765 598.023 597.913 597.787 597.8915 597.78 597.718 597.716 597.6765 597.8885 598.1045 598.1795 598.0565 597.932 597.9675 597.917 597.9755 598.3345 598.688 598.8353 598.9426 599.0496 599.1542 599.259 599.3589 599.4604 599.5621 599.6536 599.733 599.8113 599.9144 600.0127 600.0779 600.1674 600.2357 600.3103 600.4117 600.4927 600.5455 600.6312 600.6985 600.7858 600.8553 600.9335
598.2445 597.9935 598.216 598.3485 598.2314 598.0334 598.062 598.1315 597.9505 597.9195 597.893 597.7815 597.922 598.135 597.863 597.853 597.8535 597.661 597.6985 597.7 597.6615 597.8015 597.7235 597.55 597.6219 597.6935 597.7645 597.768 597.788 597.6925 597.587 597.7575 597.7185 597.656 597.8235 597.8665 597.8965 597.859 597.806 597.964 598.1225 598.2105 598.4755 598.7387 598.843 598.9464 599.0497 599.1362 599.2156 599.3037 599.4069 599.5013 599.5646 599.659 599.7215 599.807 599.9073 599.9814 600.0317 600.1246 600.1865 600.2792 600.3433 600.4224
598.129 598.1745 598.323 598.3845 598.2105 597.956 597.957 598.0765 597.966 597.9255 597.9574 597.8984 597.913 597.9645 597.7245 597.8225 597.9205 597.6795 597.675 597.849 597.633 597.6535 597.647 597.533 597.662 597.748 597.637 597.581 597.718 597.5205 597.341 597.5396 597.5165 597.3425 597.601 597.594 597.609 597.6065 597.425 597.697 597.758 597.54 597.735 597.967 598.049 598.0585 598.398 598.6188 598.6983 598.7961 598.8981 598.987 599.0527 599.1447 599.2084 599.3038 599.3987 599.468 599.5178 599.6124 599.6743 599.7692 599.8311 599.9112
598.365 598.275 598.156 598.264 598.168 598.058 598.1925 598.253 598.0475 598.008 597.989 597.7235 597.9175 598.0505 597.9715 597.845 597.7105 597.6095 597.739 597.955 597.684 597.631 597.6152 597.5547 597.474 597.604 597.488 597.3225 597.395 597.4456 597.511 597.5685 597.363 597.1485 597.401 597.361 597.343 597.5285 597.497 597.587 597.4375 597.2385 597.4695 597.558 597.454 597.4445 597.624 597.949 597.7985 598.006 598.3355 598.481 598.5461 598.6305 598.699 598.8005 598.8901 598.9541 599.0099 599.1002 599.1646 599.257 599.319 599.4001
598.375 598.465 598.338 598.2045 598.208 598.202 598.213 598.3831 598.101 598.0525 598.033 597.95 597.977 597.9515 598.0895 597.8395 597.7765 597.753 597.772 597.991 597.706 597.5135 597.521 597.3965 597.519 597.579 597.3915 597.431 597.516 597.3835 597.3967 597.387 597.2095 597.268 597.4145 597.26 597.1285 597.299 597.4165 597.3845 597.3325 597.299 597.3565 597.3925 597.2 597.071 597.1945 597.237 597.3929 597.4365 597.4845 597.4905 597.6025 597.6815 597.677 598.1265 598.3815 598.4402 598.5034 598.5881 598.6581 598.7449 598.8107 598.8864
598.365 598.42 598.2255 598.1245 598.256 598.265 598.2335 598.4195 598.16 598.123 598.101 598.067 598.072 597.8615 597.873 597.776 597.9235 597.9155 597.8695 598.032 597.7686 597.686 597.8325 597.6205 597.652 597.764 597.6655 597.55 597.402 597.2765 597.3915 597.5385 597.4435 597.3015 597.164 597.243 597.309 597.1865 597.093 597.051 597.027 597.0115 596.99 597.138 597.036 596.991 597.16 597.0085 597.104 597.1165 597.172 597.191 597.24 597.4265 597.3835 597.43 597.4835 597.454 597.4505 597.635 598.002 598.241 598.2996 598.3705
598.3775 598.3405 598.2625 598.242 598.258 598.3865 598.3565 598.2005 598.1689 598.1415 598.1115 598.205 598.301 598.0995 597.938 597.879 598.0375 598.2095 597.9845 597.8285 597.798 597.9035 598.015 597.772 597.7745 597.7875 597.748 597.8625 597.551 597.364 597.403 597.581 597.501 597.229 597.1615 597.3585 597.317 597.185 597.249 597.0425 597.0575 597.019 596.988 597.0178 596.8645 597.019 597.0015 596.9399 596.9255 596.883 597.0465 597.0465 597.063 597.1665 597.029 597.06 597.0825 597.025 597.1695 597.084 597.0145 597.1255 597.243 597.3765
598.722 598.697 598.7 598.667 598.637 598.675 598.4835 598.39 598.53 598.4845 598.4685 598.351 598.201 598.26 598.351 598.1935 598.2245 598.4294 598.1715 598.068 598.1555 598.0495 597.9475 597.826 597.9315 597.9045 597.867 598.0745 597.801 597.663 597.79 597.8055 597.5815 597.5045 597.578 597.5985 597.3795 597.208 597.1906 597.076 597.1985 597.1285 597.0905 597.215 597.1305 597.135 596.912 596.903 596.8886 596.706 596.7265 596.7075 596.6975 596.832 596.744 596.7575 596.7475 596.6315 596.7185 596.8315 596.9475 596.961 597.013 596.9715
598.8315 598.748 598.919 598.8915 598.8625 598.866 598.636 598.6395 598.6695 598.425 598.5935 598.5755 598.35 598.338 598.5205 598.4575 598.4145 598.433 598.353 598.3825 598.235 598.2695 598.3085 598.1665 598.065 597.994 598.1275 598.2935 598.02 597.986 598.0065 597.7265 597.8175 598.007 597.76 597.5095 597.627 597.706 597.455 597.185 597.402 597.363 597.1305 597.2685 597.3305 597.127 596.9005 596.973 597.0425 596.9965 596.7795 596.745 596.7015 596.6393 596.63 596.555 596.5325 596.6435 596.5765 596.639 596.68 596.493 596.718 596.8705
598.9635 598.7665 598.8105 598.7915 598.7565 598.903 598.8311 598.8365 598.8345 598.575 598.777 598.9265 598.806 598.64 598.67 598.666 598.633 598.647 598.64 598.7945 598.6855 598.5475 598.435 598.5155 598.5656 598.359 598.411 598.6315 598.366 598.3175 598.2345 598.002 598.1646 598.3409 598.0595 597.7675 597.939 598.0925 597.793 597.5291 597.6925 597.7355 597.6265 597.4344 597.2535 597.318 597.357 597.176 596.9795 597.1005 596.9735 596.9415 596.8715 596.7585 596.8635 596.7955 596.749 596.7985 596.576 596.5596 596.4935 596.258 596.4835 596.693
599.1505 599.092 599.068 598.8715 598.968 599.1455 599.095 599.1385 599.2775 599.2355 599.3585 599.257 599.2645 599.2265 599.203 599.312 599.3286 599.3278 599.3007 599.3262 599.371 599.347 599.3201 599.2961 599.2694 599.2426 599.2188 599.1921 599.1655 599.1416 599.0928 598.9996 598.955 598.9302 598.8633 598.827 598.633 598.651 598.3095 598.1535 598.271 597.9655 597.9755 597.8535 597.531 597.687 597.7395 597.6155 597.338 597.0485 597.236 597.315 597.1795 597.1125 597.078 596.84 596.829 596.956 596.642 596.434 596.4295 596.351 596.352 596.3565
599.61 599.621 599.6561 599.6835 599.6896 599.7691 599.7505 599.7781 599.8413 599.8134 599.8757 599.8896 599.8753 599.9349 599.934 599.9185 599.9756 599.971 599.9333 599.9405 599.9842 599.9604 599.9238 599.8956 599.8641 599.8281 599.8043 599.7689 599.7339 599.7061 599.6489 599.5557 599.5117 599.4827 599.4052 599.3202 599.2799 599.1964 599.1309 599.0491 598.9636 598.8813 598.7973 598.7157 598.6255 598.406 598.356 598.107 597.785 597.4615 597.594 597.5395 597.2945 597.2125 597.1165 596.9325 597.0105 597.144 596.827 596.723 596.813 596.7195 596.63 596.5975
600.3661 600.3416 600.3968 600.4242 600.4163 600.4958 600.4772 600.5029 600.546 600.5113 600.5639 600.5783 600.5416 600.6012 600.5991 600.5655 600.6226 600.6146 600.566 600.5548 600.5974 600.5734 600.5273 600.49 600.4584 600.4135 600.3895 600.3453 600.3024 600.2649 600.205 600.1111 600.06 600.0347 599.947 599.8615 599.8169 599.7333 599.6626 599.5793 599.4891 599.4069 599.3164 599.2348 599.1399 599.0433 598.9553 598.8533 598.7474 598.6512 598.5278 598.443 598.2145 597.9565 597.6565 597.3785 597.3655 597.2775 597.151 597.22 597.117 596.9 596.7065 596.796
601.1212 601.0963 601.1376 601.1649 601.143 601.2225 601.204 601.2277 601.2469 601.2116 601.2522 601.2672 601.2097 601.2675 601.2645 601.2125 601.2697 601.2497 601.1986 601.1692 601.2106 601.1781 601.1307 601.0844 601.0528 600.999 600.9673 600.9218 600.8706 600.8237 600.7611 600.6655 600.611 600.5786 600.4888 600.4056 600.3538 600.2703 600.1928 600.1094 600.0147 599.9324 599.8355 599.754 599.6543 599.5579 599.4698 599.3632 599.2559 599.1558 599.0319 598.9352 598.8206 598.7051 598.5823 598.4559 598.3479 598.104 597.744 597.531 597.2595 597.219 597.1735 597.156
601.8763 601.8509 601.8783 601.9055 601.8804 601.9493 601.9307 601.9526 601.9478 601.912 601.9405 601.9562 601.8876 601.9338 601.9293 601.8612 601.9167 601.8822 601.8312 601.7835 601.8237 601.7816 601.7342 601.6788 601.6471 601.5842 601.5426 601.4982 601.4388 601.3824 601.3172 601.2198 601.163 601.1191 601.0306 600.9498 600.8908 600.797 600.723 600.6396 600.5403 600.458 600.3547 600.2714 600.1687 600.0724 599.9821 599.873 599.7645 599.6591 599.5385 599.4418 599.3226 599.2082 599.0796 598.959 598.851 598.7338 598.5857 598.4614 598.3388 598.2114 597.9535 597.6635
602.6314 602.6055 602.619 602.6462 602.6207 602.676 602.6574 602.6774 602.6487 602.6125 602.6287 602.645 602.5643 602.6002 602.5942 602.515 602.5638 602.5148 602.4639 602.3979 602.4368 602.3849 602.3376 602.2732 602.2415 602.1696 602.1179 602.0747 602.007 601.9412 601.8733 601.7788 601.7151 601.6595 601.5724 601.494 601.4277 601.3262 601.2532 601.1632 601.0659 600.9782 600.8738 600.7828 600.683 600.587 600.4921 600.3791 600.2729 600.1624 600.045 599.9471 599.8239 599.7113 599.577 599.4621 599.3541 599.2311 599.0831 598.9666 598.8361 598.7166 598.5892 598.4664
603.3865 603.3601 603.3597 603.3868 603.3609 603.4027 603.3842 603.4022 603.3495 603.3129 603.317 603.3336 603.2407 603.2665 603.252 603.1688 603.2108 603.1473 603.0965 603.0122 603.0499 602.9883 602.941 602.8676 602.8318 602.7548 602.6932 602.6487 602.5753 602.5 602.4293 602.3386 602.2672 602.2 602.1142 602.0381 601.9647 601.8564 601.7833 601.683 601.5914 601.4948 601.3929 601.2952 601.1965 601.1016 601.002 600.8823 600.7815 600.6656 600.5516 600.4511 600.3224 600.2144 600.0743 599.9651 599.8572 599.7285 599.5836 599.4718 599.3342 599.2217 599.0865 598.9716
604.1415 604.1147 604.1005 604.1274 604.101 604.1294 604.111 604.1271 604.0504 604.0137 604.0053 604.0223 603.9174 603.9328 603.9061 603.8225 603.8542 603.7798 603.7294 603.6321 603.663 603.5917 603.5444 603.462 603.4172 603.3401 603.2685 603.2158 603.1434 603.059 602.9854 602.8985 602.8193 602.7404 602.6552 602.5823 602.5016 602.3866 602.3135 602.2072 602.1171 602.0114 601.912 601.8096 601.7086 601.6161 601.5118 601.3894 601.29 601.1689 601.0582 600.9531 600.8254 600.7175 600.5762 600.4683 600.3602 600.2258 600.0869 599.977 599.8375 599.7269 599.5882 599.4768
604.8967 604.8694 604.8423 604.8681 604.841 604.8561 604.8378 604.8519 604.7513 604.7146 604.6936 604.7025 604.5941 604.5991 604.5602 604.4763 604.4973 604.4124 604.3623 604.2595 604.276 604.1951 604.1478 604.0564 604.0026 603.9254 603.8438 603.783 603.7117 603.6189 603.5406 603.4584 603.3714 603.2819 603.1942 603.1222 603.0284 602.9169 602.8437 602.7317 602.6426 602.528 602.4312 602.324 602.2206 602.1304 602.0217 601.8965 601.7968 601.6722 601.5647 601.4551 601.3286 601.2171 601.0793 600.9713 600.8633 600.7232 600.5905 600.4763 600.3408 600.2293 600.0915 599.9821
605.6517 605.624 605.5961 605.6088 605.581 605.5829 605.5646 605.5756 605.4521 605.4155 605.39 605.3821 605.2708 605.2654 605.2143 605.13 605.1404 605.0449 604.9952 604.8898 604.8891 604.7986 604.7495 604.6508 604.588 604.5107 604.4191 604.3501 604.28 604.1788 604.095 604.0137 603.9235 603.8237 603.7331 603.6591 603.554 603.4475 603.3703 603.2561 603.1682 603.0446 602.9503 602.8384 602.7333 602.6403 602.5315 602.4036 602.3001 602.1755 602.0713 601.9572 601.8316 601.7144 601.5824 601.4744 601.3664 601.2206 601.0957 600.9736 600.8456 600.7267 600.5956 600.4797
606.4069 606.3787 606.3503 606.3494 606.3212 606.3096 606.2914 606.2803 606.1531 606.1163 606.0905 606.0618 605.95 605.9318 605.8684 605.7837 605.7834 605.6774 605.6265 605.5202 605.5024 605.402 605.3439 605.2452 605.1733 605.0961 604.9944 604.9172 604.842 604.7388 604.6493 604.562 604.4758 604.3656 604.272 604.1961 604.0803 603.9841 603.8901 603.7806 603.691 603.5612 603.4659 603.3527 603.2479 603.1503 603.032 602.9118 602.8034 602.6788 602.5759 602.4587 602.3347 602.2118 602.0854 601.9775 601.866 601.7214 601.6009 601.472 601.3508 601.224 601.1008 600.9771
607.1619 607.1332 607.1046 607.0901 607.0614 607.0373 607.0182 606.9812 606.8539 606.8172 606.791 606.7414 606.6296 606.5981 606.5225 606.4373 606.416 606.31 606.2568 606.1506 606.1083 606.0054 605.9383 605.8396 605.7587 605.679 605.5697 605.4844 605.4008 605.2987 605.2036 605.1104 605.0198 604.9074 604.811 604.733 604.6105 604.5176 604.4099 604.3051 604.2076 604.0778 603.9774 603.8662 603.7625 603.6603 603.5327 603.4203 603.3067 603.1821 603.0801 602.9561 602.8378 602.7092 602.5886 602.4805 602.3633 602.2247 602.1061 601.9753 601.856 601.726 601.606 601.4767
607.7026 607.6736 607.6447 607.6207 607.5918 607.5662 607.5361 607.5071 607.4786 607.4513 607.4215 607.395 607.3093 607.2719 607.1766 607.0909 607.0485 606.9425 606.8872 606.7809 606.7117 606.6088 606.5327 606.434 606.3441 606.2543 606.145 606.0515 605.9596 605.8586 605.7579 605.6586 605.5602 605.4492 605.3499 605.2598 605.1407 605.0477 604.9297 604.8295 604.7241 604.5944 604.4887 604.3782 604.277 604.1702 604.0369 603.9288 603.81 603.6876 603.5842 603.4534 603.3408 603.2065 603.0916 602.9836 602.8607 602.7279 602.6113 602.4786 602.3612 602.2293 602.1111 601.98
607.7429 607.7142 607.6854 607.6614 607.6327 607.6071 607.577 607.5486 607.5203 607.4929 607.4633 607.4307 607.4014 607.3716 607.3439 607.3137 607.2838 607.2539 607.2241 607.1927 607.1613 607.131 607.105 607.0284 606.9294 606.8296 606.7203 606.6187 606.5184 606.4152 606.3123 606.207 606.1006 605.9902 605.8889 605.7853 605.671 605.5775 605.4531 605.3539 605.2407 605.1109 605.0001 604.8903 604.7886 604.6801 604.5439 604.4374 604.3132 604.1942 604.0883 603.952 603.8439 603.7039 603.5947 603.4867 603.358 603.2312 603.1111 602.9819 602.8641 602.7326 602.6163 602.4833
607.7832 607.7547 607.7262 607.7022 607.6736 607.648 607.6179 607.5901 607.5619 607.5345 607.5049 607.473 607.4437 607.414 607.3868 607.3566 607.3273 607.2974 607.2676 607.2366 607.2057 607.1741 607.1427 607.1102 607.0799 607.0496 607.0159 606.9843 606.9525 606.9225 606.8666 606.7552 606.6411 606.5291 606.4279 606.3109 606.2012 606.0972 605.9776 605.8784 605.7573 605.6275 605.5115 605.4023 605.2985 605.1845 605.051 604.9412 604.8165 604.7006 604.5917 604.455 604.347 604.2057 604.0978 603.9897 603.8592 603.7345 603.6099 603.4852 603.3615 603.2359 603.1146 602.9866
607.8235 607.7952 607.7669 607.7429 607.7145 607.6889 607.6588 607.6315 607.6035 607.5762 607.5465 607.5154 607.4861 607.4564 607.4297 607.3995 607.3708 607.3409 607.3117 607.2805 607.2502 607.2186 607.1877 607.1552 607.1255 607.0953 607.0616 607.0308 606.9995 606.9656 606.9348 606.9017 606.8676 606.8356 606.8043 606.771 606.7314 606.617 606.5021 606.4037 606.2739 606.1466 606.0229 605.9143 605.8085 605.6851 605.5581 605.4445 605.3198 605.2048 605.0936 604.9581 604.8466 604.7089 604.6008 604.4929 604.3624 604.2378 604.1131 603.9885 603.8638 603.7392 603.6145 603.4899
607.8639 607.8358 607.8076 607.7836 607.7555 607.7298 607.6997 607.673 607.6451 607.6178 607.5881 607.5578 607.5285 607.4989 607.4727 607.4424 607.4143 607.3844 607.3557 607.3244 607.2947 607.2631 607.2327 607.2002 607.1711 607.1412 607.1074 607.0773 607.0463 607.0133 606.9824 606.9493 606.916 606.8847 606.8534 606.8165 606.7847 606.753 606.7184 606.6818 606.6467 606.6195 606.5359 606.4263 606.3185 606.1856 606.0652 605.9478 605.8231 605.7089 605.5909 605.4612 605.344 605.2119 605.1039 604.9959 604.8657 604.741 604.6164 604.4918 604.3671 604.2424 604.1178 603.9931
607.9042 607.8763 607.8483 607.8243 607.7964 607.7707 607.7406 607.7145 607.6868 607.6594 607.6298 607.6002 607.5709 607.5417 607.5155 607.4853 607.4578 607.4279 607.3997 607.3683 607.3391 607.3076 607.2776 607.2455 607.2167 607.187 607.1536 607.1238 607.0933 607.0611 607.03 606.997 606.9645 606.9338 606.9025 606.8652 606.835 606.8032 606.7693 606.7326 606.6992 606.6674 606.6332 606.6014 606.5657 606.5286 606.495 606.451 606.3264 606.213 606.0883 605.9642 605.8413 605.715 605.607 605.4955 605.369 605.2456 605.1197 604.9955 604.8704 604.7457 604.6211 604.4964
