samples/sfe_316/sfe_316_c2/sfe_316_c2/sfe_316_c2.asc
ncols         184
nrows         75
xllcorner     96.199999999255
yllcorner     62.60000000149
cellsize      1
NODATA_value  -9999
[rows 0 to 27 of 75, columns 64 to 127 of 184]
608.6605 608.6366 608.6126 608.5887 608.5648 608.5409 608.5169 608.4931 608.4691 608.445 608.4218 608.3978 608.374 608.3499 608.3266 608.3026 608.2786 608.2552 608.2312 608.2079 608.1839 608.1599 608.1365 608.1125 608.0891 608.0651 608.0416 608.0175 607.9941 607.9706 607.9467 607.923 607.8995 607.8755 607.8519 607.8284 607.8044 607.7807 607.7571 607.7335 607.7095 607.6858 607.6621 607.6385 607.6145 607.5908 607.5671 607.5433 607.5197 607.496 607.4722 607.4484 607.4247 607.4007 607.377 607.3532 607.3294 607.3057 607.2819 607.2581 607.234 607.2104 607.1865 607.1628
608.5605 608.537 608.5131 608.4897 608.4656 608.4423 608.4183 608.395 608.371 608.3483 608.3261 608.3021 608.2787 608.2546 608.2336 608.2097 608.1855 608.1645 608.1404 608.1193 608.0953 608.0723 608.0499 608.0269 608.0045 607.9812 607.9584 607.9354 607.9127 607.8912 607.8671 607.8447 607.8231 607.799 607.7766 607.7548 607.7307 607.7081 607.6856 607.6635 607.6401 607.6168 607.5941 607.572 607.5479 607.5258 607.5023 607.4794 607.457 607.4341 607.4112 607.3882 607.3652 607.3412 607.3186 607.2955 607.2725 607.2494 607.2267 607.2032 607.18 607.1569 607.1329 607.1105
608.4605 608.4374 608.4135 608.3906 608.3666 608.3437 608.3197 608.2969 608.2728 608.2526 608.2304 608.2064 608.1836 608.1593 608.1406 608.1166 608.0926 608.0737 608.0495 608.0307 608.0067 607.9858 607.9632 607.9423 607.9198 607.8981 607.8752 607.8541 607.8313 607.8117 607.7875 607.7665 607.7466 607.7224 607.7013 607.6811 607.6569 607.6356 607.6141 607.5935 607.5715 607.5477 607.5261 607.5053 607.4812 607.4616 607.4374 607.4155 607.3943 607.3723 607.3502 607.328 607.3058 607.2817 607.2602 607.2379 607.2155 607.1932 607.1722 607.1484 607.1258 607.1034 607.0799 607.0582
608.3605 608.3378 608.3138 608.2915 608.2675 608.2451 608.2211 608.1988 608.1747 608.1569 608.1347 608.1107 608.0884 608.064 608.0477 608.0237 608.0018 607.983 607.9587 607.9421 607.9181 607.8992 607.8766 607.8578 607.8352 607.8151 607.7921 607.7728 607.7499 607.7322 607.7079 607.6883 607.6701 607.6459 607.6259 607.6075 607.5832 607.563 607.5427 607.5235 607.5029 607.4787 607.458 607.4387 607.4145 607.3969 607.3727 607.3531 607.3317 607.3105 607.2892 607.2678 607.2464 607.2245 607.2033 607.1816 607.16 607.1369 607.1176 607.0936 607.0715 607.0499 607.0277 607.0059
608.2605 608.2382 608.2142 608.1924 608.1684 608.1465 608.1225 608.1007 608.0767 608.0612 608.0391 608.0151 607.9932 607.9703 607.9547 607.9307 607.9111 607.8922 607.8678 607.8535 607.8295 607.8127 607.79 607.7732 607.7505 607.732 607.7089 607.6915 607.6686 607.6527 607.6293 607.61 607.5936 607.5693 607.5506 607.5338 607.5095 607.4908 607.4712 607.4535 607.434 607.4106 607.3901 607.3721 607.3478 607.3322 607.3093 607.2909 607.269 607.2487 607.2282 607.2076 607.187 607.1672 607.1465 607.1255 607.1046 607.0817 607.063 607.0388 607.0175 606.9963 606.9747 606.9536
608.1605 608.1386 608.1146 608.0933 608.0693 608.0479 608.0239 608.0026 607.9786 607.9656 607.9434 607.9194 607.8979 607.8774 607.8617 607.8377 607.8203 607.8015 607.777 607.7649 607.7408 607.7261 607.7033 607.6887 607.6659 607.6489 607.6258 607.6102 607.5876 607.5732 607.5513 607.5318 607.5172 607.4927 607.4753 607.4601 607.4366 607.4196 607.3998 607.3835 607.3651 607.3432 607.3235 607.3055 607.2837 607.2675 607.2465 607.2286 607.2064 607.1868 607.1672 607.1475 607.1276 607.1093 607.0893 607.069 607.0488 607.0271 607.0083 606.9839 606.9645 606.9428 606.923 606.9013
608.0605 608.0391 608.0151 607.9942 607.9702 607.9493 607.9253 607.9045 607.8805 607.8699 607.8477 607.8237 607.8027 607.7845 607.7687 607.7448 607.7296 607.7108 607.6885 607.6763 607.6522 607.6396 607.6167 607.6041 607.5812 607.5659 607.5426 607.5289 607.5082 607.4937 607.4734 607.4537 607.4407 607.4172 607.4014 607.3865 607.3651 607.3484 607.3283 607.3135 607.2961 607.2758 607.2571 607.239 607.2197 607.2028 607.1836 607.1664 607.144 607.1254 607.1065 607.0876 607.0682 607.051 607.0317 607.0122 606.9926 606.9725 606.9535 606.9294 606.9115 606.8895 606.8712 606.8491
607.9605 607.9396 607.9156 607.8951 607.8711 607.8507 607.8267 607.8064 607.7825 607.7742 607.752 607.728 607.7073 607.6917 607.6757 607.6517 607.6388 607.62 607.6 607.5876 607.5636 607.553 607.53 607.5195 607.4966 607.4828 607.4598 607.4476 607.4288 607.4142 607.3954 607.3767 607.3642 607.3428 607.3278 607.3129 607.2935 607.2772 607.2573 607.2435 607.2272 607.2084 607.1906 607.1724 607.1555 607.1381 607.1206 607.1042 607.0828 607.0648 607.0467 607.0286 607.0087 606.9927 606.9741 606.9553 606.9364 606.9174 606.8987 606.8749 606.8585 606.8363 606.8195 606.7973
607.8605 607.8401 607.8162 607.796 607.772 607.7521 607.7281 607.7083 607.6855 607.6785 607.6563 607.6323 607.6121 607.5988 607.5828 607.5588 607.548 607.5292 607.5114 607.499 607.4753 607.4665 607.4437 607.435 607.4122 607.3997 607.3774 607.3663 607.3494 607.3347 607.3174 607.3002 607.2878 607.2686 607.2542 607.2392 607.222 607.2059 607.1877 607.1738 607.1582 607.1409 607.124 607.1059 607.09 607.0734 607.0568 607.0419 607.0219 607.0047 606.9873 606.9694 606.9496 606.9346 606.9166 606.8986 606.8803 606.862 606.844 606.8213 606.8055 606.7827 606.7677 606.7449
607.7605 607.7407 607.7167 607.6969 607.6729 607.6535 607.6295 607.6102 607.5899 607.5828 607.5606 607.5366 607.5168 607.5059 607.4898 607.4659 607.4573 607.4385 607.4229 607.4105 607.3883 607.3799 607.3583 607.3505 607.3283 607.3166 607.2961 607.2851 607.27 607.2552 607.2395 607.2238 607.2113 607.1943 607.1805 607.1655 607.1505 607.1347 607.1183 607.1041 607.0892 607.0735 607.0575 607.0395 607.0255 607.009 606.9933 606.9797 606.961 606.9446 606.928 606.9103 606.8903 606.8764 606.8593 606.842 606.8245 606.8069 606.7892 606.7684 606.7526 606.7307 606.7159 606.6937
607.4596 607.4401 607.4205 607.4008 607.381 607.3619 607.3419 607.3731 607.4446 607.4244 607.4029 607.4072 607.431 607.413 607.3968 607.3743 607.3665 607.3477 607.3344 607.3218 607.3018 607.2934 607.2738 607.2659 607.2452 607.2335 607.2148 607.2038 607.1906 607.1758 607.1615 607.1473 607.1348 607.1199 607.1068 607.0919 607.0789 607.0635 607.0488 607.0356 607.0205 607.0061 606.991 606.9728 606.9612 606.9442 606.9294 606.9175 606.9 606.8845 606.8686 606.8512 606.8315 606.8183 606.8017 606.785 606.7682 606.7516 606.7345 606.7154 606.6996 606.6791 606.6642 606.6432
606.69 606.6702 606.6654 606.6453 606.6395 606.6198 606.6134 606.6489 606.7161 606.7089 606.6868 606.7102 606.7767 606.7852 606.8171 606.8807 606.8875 606.9469 606.9675 607.0096 607.0591 607.097 607.1467 607.1803 607.167 607.1505 607.1335 607.1225 607.1112 607.0967 607.0836 607.0708 607.0583 607.0457 607.0332 607.0183 607.0073 606.9923 606.9792 606.967 606.9517 606.9387 606.9244 606.9079 606.897 606.8806 606.867 606.8551 606.8391 606.8243 606.8093 606.7921 606.7743 606.7615 606.7455 606.7295 606.7125 606.6971 606.6797 606.6624 606.6463 606.6274 606.6122 606.5928
605.9204 605.9001 605.9103 605.8898 605.8979 605.8778 605.8848 605.9246 605.9875 605.9933 605.9708 606.0132 606.0848 606.0939 606.1357 606.2078 606.2227 606.282 606.3105 606.3605 606.4187 606.4639 606.509 606.5543 606.6083 606.6617 606.7183 606.7734 606.8183 606.8711 606.9322 606.9736 606.9895 606.9714 606.9595 606.9455 606.9352 606.9211 606.9098 606.8984 606.8843 606.8709 606.8579 606.844 606.8328 606.8177 606.8048 606.7925 606.7782 606.7642 606.7499 606.733 606.717 606.7047 606.6895 606.6741 606.6578 606.6426 606.6251 606.6085 606.5929 606.5759 606.56 606.5423
605.1508 605.1299 605.1552 605.1345 605.1563 605.1358 605.1563 605.2003 605.259 605.2778 605.2546 605.3162 605.3901 605.4025 605.4542 605.5281 605.5578 605.6172 605.6548 605.7115 605.785 605.8307 605.8713 605.9283 605.9984 606.0504 606.1122 606.1755 606.2261 606.2853 606.3455 606.3981 606.4488 606.5355 606.5822 606.6337 606.7208 606.7788 606.8428 606.831 606.8169 606.8037 606.7914 606.7801 606.7685 606.7549 606.7426 606.73 606.7172 606.704 606.6906 606.6739 606.6599 606.6478 606.6334 606.6186 606.6032 606.588 606.5704 606.5552 606.5396 606.5236 606.5079 606.4912
604.3812 604.3597 604.4001 604.3792 604.4147 604.3942 604.4277 604.4761 604.5305 604.5623 604.5506 604.6193 604.6918 604.7137 604.7728 604.8482 604.8929 604.9722 605.0051 605.0624 605.1509 605.1975 605.2454 605.3024 605.3871 605.4391 605.5062 605.5885 605.634 605.6986 605.7631 605.8225 605.8809 605.9727 606.0166 606.0789 606.1674 606.2225 606.293 606.3667 606.4354 606.504 606.552 606.6216 606.707 606.692 606.6803 606.6681 606.6559 606.6434 606.6307 606.6147 606.6027 606.591 606.5772 606.5632 606.5486 606.5334 606.5157 606.5022 606.486 606.4717 606.4556 606.4406
603.6116 603.591 603.645 603.6235 603.6732 603.6522 603.6992 603.7518 603.8022 603.8467 603.8546 603.9222 604.0046 604.0305 604.095 604.1681 604.2281 604.3234 604.356 604.4267 604.5137 604.5643 604.6194 604.6884 604.7758 604.8358 604.9001 604.9995 605.0418 605.1119 605.1923 605.2469 605.3155 605.4124 605.451 605.524 605.6111 605.6669 605.7432 605.8207 605.892 605.964 606.0104 606.0963 606.1752 606.2495 606.3223 606.3776 606.458 606.5381 606.5765 606.5557 606.5454 606.5342 606.5211 606.5078 606.494 606.4789 606.4623 606.4492 606.4331 606.42 606.4034 606.39
602.8419 602.8359 602.8899 602.8679 602.9316 602.9223 602.971 603.0292 603.0817 603.131 603.1585 603.2253 603.3174 603.349 603.4208 603.4962 603.5632 603.6718 603.7069 603.7968 603.8766 603.9315 603.9934 604.0818 604.1646 604.239 604.2941 604.3992 604.4496 604.5253 604.6215 604.6713 604.7501 604.8372 604.8854 604.9691 605.0549 605.1216 605.1968 605.2747 605.3487 605.4224 605.4689 605.5707 605.6432 605.723 605.795 605.8579 605.9397 606.0209 606.0999 606.1508 606.2202 606.3024 606.3826 606.461 606.4394 606.4244 606.4094 606.3962 606.3815 606.3682 606.3528 606.3394
602.0723 602.0808 602.1348 602.119 602.1902 602.1938 602.2429 602.3073 602.3661 602.415 602.4625 602.5366 602.6302 602.6675 602.7465 602.8312 602.8983 603.0201 603.0578 603.1667 603.2394 603.3111 603.3674 603.4753 603.5533 603.6329 603.7045 603.8047 603.8645 603.9386 604.0507 604.0958 604.1846 604.2698 604.3204 604.4147 604.4987 604.5718 604.6575 604.7288 604.8054 604.8809 604.9378 605.0452 605.1113 605.1965 605.2678 605.3378 605.421 605.5036 605.5787 605.6296 605.7054 605.791 605.8702 605.9486 606.0271 606.0879 606.1506 606.2379 606.3036 606.317 606.3024 606.2888
601.3027 601.3257 601.3797 601.3774 601.4487 601.4652 601.5148 601.5854 601.6506 601.699 601.7665 601.8497 601.9431 601.9861 602.0775 602.1663 602.2335 602.3684 602.4088 602.5368 602.6063 602.6906 602.7414 602.8583 602.942 603.0269 603.1173 603.2125 603.2877 603.3615 603.4756 603.5203 603.6203 603.7043 603.7703 603.8667 603.9424 604.022 604.116 604.1926 604.2664 604.3393 604.4124 604.515 604.5883 604.6752 604.7405 604.8178 604.9023 604.9862 605.0576 605.1116 605.1965 605.2812 605.3578 605.4362 605.5147 605.5703 605.6475 605.7267 605.7974 605.8823 605.9519 606.0392
600.5331 600.5706 600.6246 600.6359 600.7072 600.7367 600.7867 600.8635 600.9351 600.9831 601.0704 601.1627 601.2559 601.3098 601.4117 601.5013 601.5797 601.7167 601.773 601.9009 601.9731 602.0701 602.1343 602.2508 602.3307 602.4208 602.5303 602.6203 602.705 602.7908 602.8939 602.9592 603.0612 603.1387 603.2173 603.3186 603.3862 603.4722 603.57 603.6514 603.7343 603.7977 603.887 603.9831 604.0621 604.1549 604.2133 604.2977 604.3835 604.4688 604.5365 604.5969 604.6859 604.7687 604.8454 604.9264 605.0023 605.0528 605.1443 605.2155 605.2911 605.37 605.4456 605.5269
599.7635 599.8156 599.8695 599.8943 599.9658 600.0081 600.0587 600.1416 600.2195 600.2672 600.3707 600.4758 600.5687 600.6356 600.7459 600.8364 600.9392 601.0651 601.1431 601.264 601.34 601.4324 601.5277 601.6464 601.7343 601.8208 601.9432 602.0281 602.1183 602.2199 602.3183 602.3981 602.5021 602.5731 602.6624 602.7706 602.8427 602.9291 603.024 603.1081 603.2021 603.2562 603.3614 603.4512 603.5356 603.6314 603.6941 603.7823 603.87 603.9515 604.0154 604.0822 604.1745 604.2545 604.333 604.4122 604.4848 604.5393 604.6402 604.7043 604.7848 604.8577 604.9393 605.0146
599.2225 599.298 599.121 599.369 599.272 599.2195 599.318 599.3845 599.504 599.5631 599.6754 599.787 599.8815 599.9614 600.0801 600.1714 600.2987 600.4113 600.5131 600.6304 600.7068 600.8065 600.9212 601.0421 601.139 601.2335 601.3562 601.4369 601.5316 601.649 601.7427 601.8338 601.943 602.0076 602.1093 602.2185 602.3002 602.39 602.478 602.5647 602.6682 602.7285 602.8356 602.9193 603.009 603.1042 603.1776 603.2664 603.3546 603.4341 603.4942 603.5706 603.663 603.7421 603.8206 603.899 603.9673 604.036 604.1316 604.1923 604.2784 604.3455 604.433 604.5023
598.8676 598.834 598.788 598.8235 598.842 598.9105 598.9 598.8455 599.0925 598.9875 598.9825 599.1785 599.153 599.347 599.4143 599.5065 599.6555 599.7551 599.8831 599.9968 600.0786 600.1868 600.3146 600.4378 600.5437 600.6462 600.7691 600.8601 600.9599 601.0781 601.1672 601.2684 601.3839 601.457 601.5612 601.6623 601.751 601.8506 601.94 602.0287 602.1266 602.2031 602.3101 602.3932 602.4875 602.5769 602.6575 602.7477 602.8373 602.9167 602.9736 603.063 603.1535 603.2297 603.3082 603.3867 603.4497 603.5328 603.6209 603.6785 603.7719 603.8333 603.9265 603.9901
598.891 598.897 598.8635 598.828 598.846 598.911 598.774 598.586 598.647 598.5835 598.723 598.892 598.8365 598.9355 598.7865 598.703 598.941 599.0715 599.2685 599.3632 599.4581 599.5802 599.7081 599.8335 599.9414 600.0591 600.1821 600.2833 600.3892 600.5073 600.5984 600.7088 600.8248 600.9069 601.0131 601.106 601.2011 601.3112 601.4044 601.4966 601.585 601.6776 601.7846 601.8712 601.9672 602.0497 602.1375 602.2289 602.3199 602.3994 602.4589 602.5555 602.647 602.7173 602.8016 602.8743 602.9321 603.0296 603.1097 603.1646 603.2596 603.3212 603.4165 603.478
598.7305 598.9015 598.691 598.4855 598.654 598.7855 598.696 598.4835 598.349 598.505 598.536 598.408 598.613 598.6385 598.4245 598.546 598.538 598.535 598.6295 598.6345 598.6805 598.7475 599.14 599.228 599.3497 599.472 599.595 599.7065 599.8185 599.9366 600.0374 600.1497 600.2608 600.3558 600.4651 600.5609 600.6615 600.7718 600.8674 600.9645 601.0446 601.152 601.2591 601.3481 601.4468 601.5265 601.6214 601.7161 601.8025 601.8799 601.9448 602.0465 602.135 602.205 602.2927 602.3619 602.4248 602.5264 602.5985 602.6568 602.7473 602.8113 602.9042 602.9658
598.503 598.7145 598.4725 598.2315 598.455 598.5145 598.3325 598.3915 598.484 598.524 598.346 598.115 598.3455 598.508 598.434 598.5 598.3465 598.345 598.3865 598.423 598.444 598.2255 598.485 598.6905 598.7355 598.741 598.9695 599.129 599.2476 599.3658 599.4763 599.5906 599.6953 599.8037 599.917 600.0184 600.1224 600.2274 600.3241 600.4324 600.5192 600.6263 600.7272 600.8217 600.9265 601.0106 601.1074 601.2037 601.2852 601.3588 601.4371 601.5351 601.6207 601.6926 601.7784 601.8466 601.9215 602.0195 602.0871 602.1506 602.235 602.3051 602.3919 602.4595
598.286 598.322 598.25 598.293 598.45 598.2784 598.2155 598.4245 598.45 598.2885 598.092 597.9855 598.186 598.445 598.2575 598.059 598.039 598.0205 598.1745 598.365 598.186 597.9915 598.099 598.309 598.4695 598.274 598.3295 598.554 598.657 598.754 598.825 599.0315 599.1438 599.2557 599.369 599.4759 599.5832 599.6874 599.7911 599.9003 599.9938 600.1005 600.1982 600.2997 600.4061 600.4947 600.5931 600.6883 600.7678 600.8377 600.9296 601.0258 601.1065 601.1804 601.2642 601.3291 601.4183 601.5109 601.5732 601.6442 601.7228 601.7988 601.8796 601.9533
598.428 598.387 598.3695 598.2655 598.1331 598.0415 598.185 598.2585 598.091 598.1375 598.2125 598.0205 598.0715 598.296 598.0495 597.945 598.105 597.949 598.0195 598.2605 598.035 597.925 598.08 598.0165 597.9585 597.8815 598.044 598.1405 598.017 598.165 598.3165 598.348 598.3665 598.641 598.7795 598.933 599.0438 599.1519 599.259 599.3682 599.4683 599.575 599.6762 599.7794 599.8857 599.9772 600.0745 600.1709 600.2504 600.3208 600.422 600.5192 600.5922 600.6739 600.7499 600.8135 600.915 601.0023 601.0594 601.1377 601.2107 601.2923 601.3675 601.4446
