samples/sfe_316/sfe_316_c2/sfe_316_c2/sfe_316_c2.asc
ncols         184
nrows         75
xllcorner     96.199999999255
yllcorner     62.60000000149
cellsize      1
NODATA_value  -9999
[rows 28 to 55 of 75, columns 0 to 63 of 184]
-9999 605.3464 602.9302 602.7327 602.5184 602.2891 602.0707 601.8585 601.6179 601.3679 601.1463 600.9243 600.774 600.4295 600.46 600.368 600.2405 600.3781 600.104 599.8815 599.9885 599.928 599.7395 599.6845 599.6075 599.6925 599.582 599.4735 599.6515 599.5085 599.4185 599.5825 599.4155 599.2925 599.2705 599.165 599.2345 599.058 599.0785 599.273 599.2145 599.1775 598.963 598.973 598.964 598.861 598.767 598.528 598.6865 598.72 598.689 598.8115 598.6365 598.4965 598.4535 598.418 598.3895 598.4655 598.468 598.2675 598.2735 598.237 598.1515 598.342
-9999 605.696 602.381 602.178 601.976 601.7463 601.5035 601.2888 601.0483 600.6475 600.676 600.78 600.572 600.333 600.266 600.218 600.1135 600.2875 600.004 599.6745 599.797 599.9335 599.8206 599.7635 599.714 599.735 599.5635 599.3245 599.3205 599.2005 599.3035 599.5115 599.2595 599.2055 599.216 599.002 599.027 598.9355 599.051 599.1145 598.9135 599.0215 598.9275 598.8555 598.8405 598.802 598.8015 598.5115 598.6955 598.697 598.658 598.856 598.617 598.4925 598.6115 598.597 598.577 598.606 598.42 598.3025 598.4565 598.4455 598.422 598.451
-9999 606.0457 601.8553 601.6315 601.4283 601.1925 601.007 600.606 600.699 600.581 600.368 600.427 600.3725 600.0545 599.9855 599.8805 599.935 600.142 599.8695 599.5785 599.601 599.7495 599.701 599.62 599.604 599.4875 599.5645 599.354 599.1705 599.139 599.1585 599.168 599.081 599.164 599.268 599.0345 599.0045 599.1415 599.1325 599.1015 599.0115 599.071 598.907 598.6995 598.7105 598.8245 598.7855 598.5385 598.58 598.714 598.6672 598.6147 598.6008 598.5934 598.478 598.6035 598.5575 598.3485 598.3015 598.2455 598.4235 598.567 598.502 598.345
-9999 606.3953 601.4543 601.1215 600.9885 600.7775 600.662 600.3465 600.428 600.499 600.339 600.345 600.134 599.9555 600.0715 599.855 599.8255 600.0095 599.7255 599.5845 599.738 599.7469 599.535 599.4604 599.451 599.2405 599.292 599.345 599.425 599.3895 599.3515 599.3045 599.265 599.1605 599.0081 598.923 599.067 599.118 598.8885 598.9384 598.9188 598.9655 598.9005 598.778 598.9406 598.967 598.7655 598.646 598.8055 598.8535 598.6725 598.424 598.6215 598.758 598.6475 598.688 598.5115 598.3945 598.557 598.375 598.384 598.4285 598.247 598.2995
-9999 606.7449 601.764 600.9041 600.67 600.3805 600.306 600.3165 600.257 600.015 600.1365 600.087 599.945 600.0535 600.0175 599.777 599.7175 599.7885 599.526 599.5935 599.7485 599.593 599.37 599.3275 599.293 599.1695 599.2745 599.476 599.4745 599.444 599.4165 599.2385 599.1742 599.1995 598.9355 599.0215 599.186 599.053 598.8285 598.799 598.7745 598.9435 598.917 598.8345 599.0365 598.8985 598.6825 598.616 598.803 598.7845 598.6985 598.7905 598.7704 598.835 598.6665 598.612 598.5544 598.476 598.6755 598.6325 598.443 598.199 598.31 598.3585
-9999 607.0945 602.1136 600.5505 600.4275 600.2495 600.3275 600.302 600.092 599.796 599.928 599.935 599.8575 599.9055 599.671 599.5345 599.625 599.785 599.6925 599.5795 599.4585 599.484 599.549 599.5395 599.516 599.3561 599.3502 599.406 599.203 599.1765 599.129 599.047 599.1995 599.3304 599.208 599.109 598.9995 599.071 599.1535 599.114 599.058 599.109 598.9335 598.7419 598.8055 598.86 598.9165 598.743 598.764 598.783 598.7655 598.817 598.6145 598.757 598.669 598.608 598.595 598.4165 598.4655 598.5865 598.515 598.249 598.4455 598.411
-9999 607.4441 602.4632 600.265 600.1905 600.3535 600.1485 599.8715 599.9475 599.8925 599.8495 599.988 599.9075 599.9045 599.67 599.4561 599.51 599.677 599.654 599.53 599.5456 599.467 599.5085 599.6605 599.5985 599.3795 599.353 599.352 599.2465 599.292 599.089 599.1845 599.3514 599.267 599.1185 599.0065 599.069 599.267 599.2795 599.147 598.9915 598.959 598.8895 598.77 598.897 598.978 598.856 598.7845 598.748 598.8385 598.9465 598.773 598.718 598.9585 598.748 598.555 598.57 598.6495 598.605 598.6065 598.6015 598.515 598.5535 598.363
-9999 607.7937 602.8128 600.564 600.08 600.268 600.0005 599.7054 599.894 599.877 599.771 599.841 599.655 599.768 599.6983 599.575 599.7555 599.7995 599.6325 599.413 599.4245 599.335 599.4565 599.5475 599.386 599.2805 599.373 599.396 599.363 599.4875 599.4005 599.3205 599.2255 599.2605 599.316 599.168 599.22 599.2725 599.0735 599.1375 599.218 599.218 599.204 599.0165 599.008 599.181 599.1 599.086 599.0605 598.9355 598.835 598.7445 598.8785 599.089 598.8275 598.7415 598.917 598.968 598.768 598.721 598.7265 598.684 598.6725 598.559
-9999 608.1433 603.1624 600.0865 600.123 600.1635 599.9495 599.797 599.9795 599.8356 599.6875 599.62 599.686 599.7855 599.598 599.682 599.85 599.8255 599.7615 599.583 599.4155 599.405 599.44 599.5145 599.5885 599.4745 599.3605 599.499 599.4635 599.3175 599.346 599.3865 599.443 599.366 599.2695 599.321 599.413 599.256 599.1935 599.248 599.2735 599.4285 599.373 599.202 599.0365 599.213 599.19 599.148 599.1375 598.869 598.9825 598.9895 598.994 599.079 598.8505 598.96 599.1085 599.116 598.915 598.8685 598.8595 598.823 598.8225 598.797
-9999 608.4929 603.512 600.4622 599.954 599.9845 599.928 599.725 599.7905 599.862 599.942 599.7825 599.8195 599.978 599.8755 599.782 599.647 599.6324 599.6455 599.6915 599.747 599.75 599.7531 599.6295 599.521 599.593 599.674 599.7531 599.5655 599.4605 599.6375 599.5225 599.3635 599.4255 599.547 599.461 599.331 599.2285 599.375 599.3555 599.3145 599.4034 599.2515 599.311 599.407 599.4435 599.269 599.2005 599.2085 598.945 599.183 599.189 599.146 599.2925 599.23 599.097 598.9615 599.104 599.0325 598.9895 599.002 598.967 598.953 598.952
-9999 608.8425 603.8616 600.7349 599.988 599.829 599.8705 599.773 599.8805 600.138 600.0085 599.8745 600.0135 600.1 599.943 599.8565 599.814 599.726 599.8845 599.8185 599.7385 599.8564 599.8455 599.552 599.6705 599.735 599.7515 599.9375 599.7065 599.6085 599.832 599.647 599.4425 599.4355 599.6135 599.7895 599.5085 599.4875 599.529 599.347 599.361 599.459 599.5225 599.564 599.6015 599.6385 599.4105 599.2209 599.253 599.15 599.3355 599.546 599.3215 599.3515 599.357 599.1145 599.095 599.1115 599.125 599.108 599.0804 599.0715 599.0656 599.195
-9999 609.1921 604.2112 601.0076 600.1485 600.025 600.22 600.063 600.0575 600.29 600.063 599.857 599.9449 600.0955 600.074 599.994 599.9905 599.7935 599.875 599.945 600.044 600.11 599.943 599.671 599.9095 599.909 599.863 600.0496 599.8275 599.6535 599.705 599.7845 599.8955 599.7355 599.762 599.954 599.708 599.684 599.6905 599.5695 599.75 599.6775 599.5685 599.54 599.5005 599.619 599.5485 599.4685 599.644 599.5055 599.53 599.73 599.5115 599.491 599.4905 599.432 599.582 599.637 599.6405 599.673 599.6765 599.6855 599.6585 599.7235
-9999 609.5417 604.5608 601.2803 600.302 600.211 600.4215 600.2545 600.233 600.343 600.1245 600.0245 600.132 600.3595 600.312 600.2055 600.067 599.9625 600.0865 600.1415 600.1535 600.3795 600.117 599.9925 600.192 600.22 600.0724 599.9091 599.8895 600.0055 599.948 599.894 600.136 600.076 600.029 599.961 599.782 599.9165 599.8795 599.657 599.8755 599.991 599.8885 599.9025 599.7834 599.615 599.728 599.663 599.9155 600.0635 599.922 599.71 599.9225 599.916 599.938 599.9933 600.0483 600.1039 600.1297 600.2036 600.1796 600.244 600.2735 600.2927
-9999 -9999 604.9104 601.553 600.7235 600.3005 600.3675 600.318 600.4615 600.6215 600.549 600.4225 600.391 600.473 600.341 600.401 600.4895 600.335 600.357 600.345 600.292 600.526 600.295 600.1165 600.191 600.3375 600.312 600.1785 600.29 600.351 600.2394 600.0335 600.069 600.0804 600.0475 600.171 600.3325 600.3335 600.1794 599.949 600.1555 600.252 600.1615 600.2145 600.2378 600.2501 600.3295 600.3644 600.4218 600.4833 600.5316 600.5972 600.643 600.7008 600.7465 600.811 600.8497 600.9053 600.9149 600.9888 600.9648 601.014 601.0435 601.0478
-9999 -9999 605.26 601.8257 601.0082 600.6585 600.6175 600.737 600.803 600.5905 600.758 600.786 600.614 600.5505 600.6225 600.664 600.726 600.8904 600.692 600.4965 600.541 600.5535 600.4985 600.552 600.6085 600.695 600.655 600.608 600.658 600.6354 600.6129 600.6437 600.7195 600.7001 600.6807 600.7337 600.7932 600.7729 600.8266 600.8887 600.8764 600.9262 600.9954 600.9749 601.069 601.0864 601.1635 601.2006 601.2525 601.3191 601.3525 601.4326 601.4612 601.519 601.555 601.6288 601.6511 601.7067 601.7001 601.774 601.75 601.7842 601.8135 601.8029
-9999 -9999 605.6096 602.0985 601.293 601.1894 601.1663 601.1931 601.2369 601.2155 601.1942 601.1776 601.1565 601.2039 601.2394 601.2206 601.2018 601.1832 601.2167 601.2695 601.2618 601.2378 601.2223 601.2875 601.3266 601.3144 601.2903 601.3473 601.4032 601.3947 601.3864 601.4128 601.4929 601.4886 601.4846 601.528 601.5966 601.5943 601.6392 601.7083 601.7132 601.7502 601.8316 601.8068 601.9003 601.9226 601.9974 602.0369 602.0833 602.1548 602.1734 602.2635 602.2794 602.3372 602.3635 602.4465 602.4525 602.5081 602.4853 602.5592 602.5352 602.5543 602.5835 602.558
-9999 -9999 605.9592 602.3712 601.5777 601.7737 601.7502 601.7809 601.8297 601.8172 601.8051 601.7978 601.7864 601.835 601.8794 601.8708 601.8622 601.8547 601.8854 601.9409 601.9566 601.9324 601.9291 601.9921 602.0457 602.0465 602.0223 602.0865 602.1484 602.1539 602.1598 602.1819 602.2662 602.2771 602.2861 602.3222 602.4 602.417 602.4519 602.528 602.539 602.5743 602.6677 602.6411 602.7316 602.7589 602.8314 602.8731 602.914 602.9905 602.9945 603.0845 603.0975 603.1553 603.1721 603.2604 603.2539 603.3095 603.2838 603.3444 603.3204 603.3243 603.3535 603.3271
-9999 -9999 606.3088 602.6439 601.8624 602.3584 602.3342 602.3687 602.4178 602.4193 602.4163 602.418 602.4163 602.466 602.5193 602.5187 602.5228 602.5219 602.554 602.6123 602.6313 602.6271 602.636 602.6966 602.7583 602.7786 602.7543 602.8259 602.8936 602.9132 602.9332 602.951 603.0366 603.0657 603.0745 603.1166 603.2034 603.2368 603.2646 603.3478 603.3587 603.3991 603.4917 603.4779 603.5629 603.5952 603.6653 603.7094 603.7452 603.8263 603.8156 603.9053 603.9157 603.9735 603.9808 604.0688 604.0585 604.1108 604.0847 604.1296 604.1055 604.0945 604.1235 604.0969
-9999 -9999 606.6584 602.9167 602.1472 602.8314 602.9189 602.9565 603.0056 603.0214 603.0275 603.0383 603.0462 603.097 603.1521 603.1552 603.1812 603.1758 603.2226 603.2818 603.3022 603.3217 603.3428 603.4011 603.4646 603.501 603.4863 603.5624 603.6388 603.668 603.7067 603.7202 603.8057 603.8542 603.8629 603.9115 603.9999 604.0401 604.0778 604.1675 604.1784 604.224 604.3157 604.3146 604.3941 604.4314 604.4992 604.5457 604.5767 604.662 604.6367 604.7263 604.7494 604.7917 604.7895 604.8774 604.8758 604.9117 604.8852 604.9147 604.8906 604.8646 604.8936 604.8665
-9999 -9999 607.0081 603.1894 602.4319 603.1659 603.5035 603.5402 603.5934 603.6235 603.6387 603.6585 603.6722 603.7176 603.7831 603.7916 603.8233 603.8297 603.8881 603.9504 603.985 604.0164 604.0497 604.1057 604.171 604.2123 604.2183 604.2873 604.384 604.4131 604.4677 604.4893 604.5748 604.6427 604.6514 604.7064 604.7943 604.8434 604.8911 604.9816 604.9981 605.049 605.1398 605.1513 605.2255 605.2676 605.333 605.3819 605.4083 605.4977 605.4707 605.5472 605.5848 605.61 605.5981 605.6859 605.6935 605.7126 605.6861 605.6998 605.6757 605.6485 605.6638 605.6362
-9999 -9999 607.3577 603.4621 602.7166 603.5003 604.0881 604.1197 604.1812 604.2256 604.2499 604.277 604.2892 604.3318 604.4141 604.428 604.4655 604.4836 604.5485 604.619 604.6679 604.711 604.7565 604.8102 604.8773 604.9235 604.9503 605.0122 605.125 605.1581 605.2185 605.2584 605.344 605.431 605.4398 605.5013 605.5885 605.6467 605.7043 605.7943 605.8178 605.8738 605.9638 605.988 606.0574 606.1039 606.1669 606.2181 606.2398 606.332 606.3057 606.3683 606.4202 606.4283 606.4068 606.4944 606.5113 606.5135 606.487 606.4849 606.4608 606.4333 606.4338 606.4059
-9999 -9999 607.7073 603.7348 603.0014 603.8347 604.6728 604.7012 604.769 604.8277 604.8611 604.8964 604.9062 604.9536 605.0452 605.0645 605.1076 605.1401 605.2088 605.2876 605.3495 605.4057 605.4583 605.5128 605.5836 605.6348 605.6823 605.749 605.8643 605.9033 605.9694 606.0275 606.1131 606.2063 606.2282 606.2961 606.3828 606.45 606.5175 606.6069 606.6375 606.71 606.7887 606.8246 606.8894 606.9401 607.0007 607.0544 607.0713 607.1627 607.1407 607.1895 607.2555 607.2466 607.2184 607.3031 607.329 607.3144 607.2879 607.27 607.2459 607.218 607.2039 607.1757
-9999 -9999 608.0568 604.0076 603.2861 604.1692 605.2569 605.2943 605.3568 605.4202 605.4609 605.5035 605.5231 605.5754 605.6762 605.7009 605.7497 605.8005 605.8691 605.9562 606.0193 606.1 606.1489 606.2125 606.2899 606.3461 606.4143 606.4815 606.6036 606.6484 606.7202 606.7966 606.8822 606.9772 607.0167 607.0911 607.1775 607.2533 607.3307 607.4197 607.4572 607.5464 607.6136 607.6613 607.7213 607.7764 607.8345 607.8906 607.9028 607.9938 607.976 608.0106 608.007 607.981 607.9585 607.9344 607.9098 607.8852 607.8604 607.8315 607.8075 607.7791 607.7551 607.7266
-9999 -9999 608.4064 604.2803 603.5709 604.5036 605.807 605.8741 605.9445 606.0065 606.0558 606.1072 606.1401 606.1971 606.2992 606.3374 606.3979 606.4609 606.5305 606.6248 606.6891 606.7863 606.8396 606.9121 606.9962 607.0573 607.1463 607.2135 607.3428 607.3934 607.471 607.5657 607.6513 607.748 607.8051 607.8906 607.9724 608.0566 608.144 608.233 608.2769 608.2995 608.2739 608.2517 608.2292 608.2067 608.1842 608.1617 608.1394 608.1165 608.0937 608.071 608.043 608.0207 607.9982 607.9741 607.9495 607.9249 607.9002 607.8715 607.8475 607.8192 607.7952 607.7669
-9999 -9999 608.756 604.553 603.8544 604.838 606.1414 606.4462 606.5295 606.5927 606.6506 606.711 606.7571 606.8189 606.9122 606.974 607.0478 607.1212 607.2017 607.2935 607.3589 607.455 607.5302 607.6118 607.7025 607.7729 607.8782 607.9455 608.0693 608.1385 608.2218 608.3348 608.4204 608.506 608.48 608.4582 608.4398 608.4193 608.3985 608.3799 608.3582 608.3359 608.314 608.2917 608.2692 608.2465 608.2241 608.2014 608.1791 608.1561 608.1334 608.1106 608.0826 608.0604 608.0378 608.0138 607.9892 607.9647 607.9399 607.9114 607.8874 607.8594 607.8354 607.8072
-9999 -9999 609.1057 604.8257 604.1102 605.1725 606.4758 607.0183 607.109 607.1788 607.2455 607.3148 607.374 607.4407 607.5252 607.6138 607.6922 607.7755 607.86 607.9581 608.0287 608.1235 608.2209 608.3115 608.4088 608.4855 608.5981 608.6575 608.6354 608.6161 608.5977 608.5805 608.5593 608.5412 608.5209 608.499 608.4804 608.4598 608.4387 608.4202 608.3984 608.3762 608.3541 608.3317 608.3092 608.2864 608.2639 608.2411 608.2188 608.1959 608.173 608.1502 608.1223 608.1 608.0775 608.0535 608.0289 608.0043 607.9797 607.9514 607.9274 607.8995 607.8755 607.8475
-9999 -9999 609.4553 605.0984 604.366 605.5069 606.8103 607.5904 607.6885 607.7651 607.8403 607.9185 607.991 608.0624 608.1418 608.2536 608.3287 608.4177 608.514 608.6185 608.6985 608.7922 608.7854 608.7697 608.7513 608.7298 608.7141 608.6967 608.6776 608.6584 608.6391 608.6222 608.601 608.5822 608.5621 608.5403 608.5211 608.5005 608.4789 608.4604 608.4387 608.4164 608.3942 608.3716 608.3492 608.3262 608.3038 608.2808 608.2585 608.2356 608.2126 608.1899 608.162 608.1397 608.1172 608.0931 608.0686 608.0441 608.0195 607.9913 607.9673 607.9397 607.9157 607.8879
-9999 -9999 609.8049 605.3712 604.6218 605.8413 607.1447 608.1625 608.2679 608.3513 608.4352 608.5223 608.608 608.6866 608.7636 608.8807 608.9335 608.913 608.8981 608.8787 608.861 608.8447 608.8293 608.8129 608.7949 608.7733 608.757 608.7393 608.7198 608.7006 608.6805 608.6639 608.6428 608.6233 608.6033 608.5815 608.5618 608.5411 608.5193 608.5005 608.4789 608.4567 608.4343 608.4116 608.3892 608.3661 608.3436 608.3206 608.2983 608.2753 608.2523 608.2295 608.2019 608.1794 608.1569 608.1328 608.1083 608.0838 608.0592 608.0313 608.0073 607.9799 607.9559 607.9282
