COS0=(1.8930499293046812, 1.0, 200.0, MASK0)
COS1=(0.8532756478062995, 2.0, -130.0, MASK0)
COS2=(1.0061715641019315, 4.0, 120.0, MASK0)
COS3=(1.921029835868746, 6.0, 70.0, MASK0)
COS4=(0.5022475598252667, 7.0, 20.0, MASK0)
COS5=(0.9897176724872239, 9.0, 10.0, MASK0)
COS6=(0.3878487642458265, 10.0, -40.0, MASK0)
COS7=(0.747767316795129, 12.0, 10.0, MASK0)
COS8=(0.21938768437616432, 13.0, 30.0, MASK0)
COS9=(0.4526524338452406, 15.0, 30.0, MASK0)
COS10=(0.43680331998706357, 15.5, 10.0, MASK0)
COS11=(0.4088794471810375, 17.5, -20.0, MASK0)
COS12=(0.28090472634712327, 19.0, -20.0, MASK0)
COS13=(0.5334043148268466, 20.5, -20.0, MASK0)
COS14=(0.8052396876661262, 22.5, -20.0, MASK0)
COS15=(0.44418394192018607, 23.5, -10.0, MASK0)
COS16=(0.11350604266871256, 24.5, 10.0, MASK0)
COS17=(0.21511340193698225, 26.5, 10.0, MASK0)
COS18=(0.18398643140065735, 28.5, 10.0, MASK0)
COS19=(0.473331676129032, 30.5, 10.0, MASK0)
COS20=(0.45578736846281964, 31.0, 20.0, MASK0)
COS21=(0.23425752881759573, 32.0, 10.0, MASK0)
COS22=(0.2576709743281767, 34.5, -10.0, MASK0)
COS23=(0.6965506244985338, 36.0, -10.0, MASK0)
COS24=(0.09686381415495149, 37.5, -20.0, MASK0)
COS25=(0.3726893393096187, 39.5, 10.0, MASK0)
COS26=(0.6173409601414692, 40.0, 10.0, MASK0)
COS27=(0.17006083770089053, 41.0, -10.0, MASK0)
COS28=(0.15178964552015584, 43.0, -10.0, MASK0)
COS29=(0.14819860099646867, 44.0, 10.0, MASK0)
COS30=(0.14819860099646864, 44.0, 10.0, MASK0)
