COS0=(15.890504099294363, 1.0, 470.0, MASK0)
COS1=(7.0469018211607, 2.0, 130.0, MASK0)
COS2=(1.9177310875381348, 3.0, 150.0, MASK0)
COS3=(2.7017155137051203, 5.0, 60.0, MASK0)
COS4=(0.38377738802642103, 6.0, 80.0, MASK0)
COS5=(0.41843672261826315, 8.0, -10.0, MASK0)
COS6=(1.246628140898757, 10.0, 40.0, MASK0)
COS7=(1.1423328847571543, 11.0, 40.0, MASK0)
COS8=(0.8583591372614652, 12.0, 40.0, MASK0)
COS9=(0.8346448155189607, 14.0, 30.0, MASK0)
COS10=(0.8982080967589122, 15.0, 30.0, MASK0)
COS11=(0.7478040872743937, 17.0, 30.0, MASK0)
COS12=(1.3590795226131118, 18.0, 20.0, MASK0)
COS13=(0.6259352562966891, 18.5, 20.0, MASK0)
COS14=(0.6672084220901559, 21.0, 20.0, MASK0)
COS15=(0.580824220691637, 21.5, 20.0, MASK0)
COS16=(0.13048699682424375, 23.5, 10.0, MASK0)
COS17=(0.6391971387974764, 25.5, 20.0, MASK0)
COS18=(0.46149930010916784, 26.5, 20.0, MASK0)
COS19=(0.7522668853967193, 28.0, 20.0, MASK0)
COS20=(1.0613953106248695, 29.5, 10.0, MASK0)
COS21=(0.3561526440322574, 30.5, 10.0, MASK0)
COS22=(0.31522438218331794, 31.0, 10.0, MASK0)
COS23=(0.28769122690045523, 33.5, -10.0, MASK0)
COS24=(0.4605834348104093, 35.0, 10.0, MASK0)
COS25=(0.6485126660494824, 36.0, 10.0, MASK0)
COS26=(0.3229414109912886, 37.0, 10.0, MASK0)
COS27=(0.46721244163604575, 39.0, 10.0, MASK0)
COS28=(0.5122910685974948, 41.0, 10.0, MASK0)
COS29=(0.6427908553129604, 42.0, 10.0, MASK0)
COS30=(0.15982781319709483, 43.0, 10.0, MASK0)
COS31=(0.6328500343536068, 45.0, 10.0, MASK0)
