COS0=(0.10944973420523463, 1.0, 380.0, MASK0)
COS1=(0.5424002805906033, 3.0, 150.0, MASK0)
COS2=(0.16663753852208313, 4.0, -90.0, MASK0)
COS3=(0.10590953635824166, 5.5, -40.0, MASK0)
COS4=(0.07353165649177783, 8.0, -10.0, MASK0)
COS5=(0.03688714419829481, 9.5, -20.0, MASK0)
COS6=(0.05265214175506428, 13.0, -40.0, MASK0)
COS7=(0.03624919357000577, 14.0, -30.0, MASK0)
COS8=(0.026484732931510928, 15.5, 20.0, MASK0)
COS9=(0.03086164608426277, 17.5, 10.0, MASK0)
COS10=(0.027008985562645586, 19.5, -10.0, MASK0)
COS11=(0.01642317334254139, 21.5, -10.0, MASK0)
COS12=(0.006134960791814625, 23.5, 20.0, MASK0)
COS13=(0.00833184591050209, 26.5, -10.0, MASK0)
COS14=(0.006075373333826097, 28.5, 10.0, MASK0)
COS15=(0.015322580645161296, 30.5, -20.0, MASK0)
COS16=(0.018569375051502288, 31.0, -10.0, MASK0)
COS17=(0.004610417909469552, 33.5, 10.0, MASK0)
COS18=(0.015629986784534398, 35.0, 20.0, MASK0)
COS19=(0.00697294192550478, 36.0, 20.0, MASK0)
COS20=(0.015296827495453247, 39.0, -10.0, MASK0)
COS21=(0.012320484836468148, 40.5, -10.0, MASK0)
COS22=(0.010716287664887903, 42.0, 10.0, MASK0)
COS23=(0.004978431336034798, 44.0, -10.0, MASK0)
