COS0=(0.5424002805906033, 3.0, 150.0, MASK0)
COS1=(0.16663753852208313, 4.0, -90.0, MASK0)
COS2=(0.1647237893367713, 4.5, 40.0, MASK0)
COS3=(0.10590953635824166, 5.5, -40.0, MASK0)
COS4=(0.16663753852208313, 4.0, -90.0, MASK0)
COS5=(0.5424002805906033, 3.0, 150.0, MASK0)
COS6=(0.4928840777798655, 2.0, 30.0, MASK0)
COS7=(0.10944973420523466, 1.0, 380.0, MASK0)
