samples/boulder/Boulder/boulder.asc
ncols         419
nrows         80
xllcorner     100
yllcorner     60
cellsize      1
NODATA_value  -9999
[rows 0 to 27 of 80, columns 126 to 188 of 419]
1123.61 1123.61 1123.61 1123.61 1123.61 1123.61 1123.61 1123.61 1123.61 1123.61 1123.61 1123.61 1123.61 1123.61 1123.61 1123.61 1123.61 1123.61 1123.61 1123.61 1123.61 1123.61 1123.61 1123.61 1123.61 1123.701 1123.701 1123.701 1123.701 1123.701 1123.701 1123.701 1123.701 1123.701 1123.701 1123.701 1123.701 1123.701 1123.701 1123.701 1123.701 1123.701 1123.701 1123.701 1123.701 1123.701 1123.701 1123.701 1123.701 1123.701 1123.701 1123.701 1123.701 1123.701 1123.701 1123.701 1123.701 1123.701 1123.701 1123.777 1123.777 1123.777 1123.777
1121.61 1121.61 1121.61 1121.61 1121.61 1121.61 1121.61 1121.61 1121.61 1121.61 1121.61 1121.61 1121.61 1121.61 1121.61 1121.61 1121.61 1121.61 1121.61 1121.61 1121.61 1121.61 1121.61 1121.61 1121.61 1121.883 1121.883 1121.883 1121.883 1121.883 1121.883 1121.883 1121.883 1121.883 1121.883 1121.883 1121.883 1121.883 1121.883 1121.883 1121.883 1121.883 1121.883 1121.883 1121.883 1121.883 1121.883 1121.883 1121.883 1121.883 1121.883 1121.883 1121.883 1121.883 1121.883 1121.883 1121.883 1121.883 1121.883 1122.11 1122.11 1122.11 1122.11
1119.61 1119.61 1119.61 1119.61 1119.61 1119.61 1119.61 1119.61 1119.61 1119.61 1119.61 1119.61 1119.61 1119.61 1119.61 1119.61 1119.61 1119.61 1119.61 1119.61 1119.61 1119.61 1119.61 1119.61 1119.761 1120.065 1120.065 1120.065 1120.065 1120.065 1120.065 1120.065 1120.065 1120.065 1120.065 1120.065 1120.065 1120.065 1120.065 1120.065 1120.065 1120.065 1120.065 1120.065 1120.065 1120.065 1120.065 1120.065 1120.065 1120.065 1120.065 1120.065 1120.065 1120.065 1120.065 1120.065 1120.065 1120.065 1120.166 1120.443 1120.443 1120.443 1120.443
1117.61 1117.61 1117.61 1117.61 1117.61 1117.61 1117.61 1117.61 1117.61 1117.61 1117.61 1117.61 1117.61 1117.61 1117.61 1117.61 1117.61 1117.61 1117.61 1117.61 1117.61 1117.61 1117.61 1117.61 1117.943 1118.246 1118.246 1118.246 1118.246 1118.246 1118.246 1118.246 1118.246 1118.246 1118.246 1118.246 1118.246 1118.246 1118.246 1118.246 1118.246 1118.246 1118.246 1118.246 1118.246 1118.246 1118.246 1118.246 1118.246 1118.246 1118.246 1118.246 1118.246 1118.246 1118.246 1118.246 1118.246 1118.246 1118.499 1118.777 1118.777 1118.777 1118.777
1115.61 1115.61 1115.61 1115.61 1115.61 1115.61 1115.61 1115.61 1115.61 1115.61 1115.61 1115.61 1115.61 1115.61 1115.61 1115.61 1115.61 1115.61 1115.61 1115.61 1115.61 1115.61 1115.61 1115.61 1116.125 1116.428 1116.428 1116.428 1116.428 1116.428 1116.428 1116.428 1116.428 1116.428 1116.428 1116.428 1116.428 1116.428 1116.428 1116.428 1116.428 1116.428 1116.428 1116.428 1116.428 1116.428 1116.428 1116.428 1116.428 1116.428 1116.428 1116.428 1116.428 1116.428 1116.428 1116.428 1116.428 1116.428 1116.832 1117.11 1117.11 1117.11 1117.11
1113.61 1113.61 1113.61 1113.61 1113.61 1113.61 1113.61 1113.61 1113.61 1113.61 1113.61 1113.61 1113.61 1113.61 1113.61 1113.61 1113.61 1113.61 1113.61 1113.61 1113.61 1113.61 1113.61 1113.701 1114.307 1114.61 1114.61 1114.61 1114.61 1114.61 1114.61 1114.61 1114.61 1114.61 1114.61 1114.61 1114.61 1114.61 1114.61 1114.61 1114.61 1114.61 1114.61 1114.61 1114.61 1114.61 1114.61 1114.61 1114.61 1114.61 1114.61 1114.61 1114.61 1114.61 1114.61 1114.61 1114.61 1114.61 1115.166 1115.443 1115.443 1115.443 1115.443
1111.61 1111.61 1111.61 1111.61 1111.61 1111.61 1111.61 1111.61 1111.61 1111.61 1111.61 1111.61 1111.61 1111.61 1111.61 1111.61 1111.61 1111.61 1111.61 1111.61 1111.61 1111.61 1111.61 1111.883 1112.489 1112.792 1112.792 1112.792 1112.792 1112.792 1112.792 1112.792 1112.792 1112.792 1112.792 1112.792 1112.792 1112.792 1112.792 1112.792 1112.792 1112.792 1112.792 1112.792 1112.792 1112.792 1112.792 1112.792 1112.792 1112.792 1112.792 1112.792 1112.792 1112.792 1112.792 1112.792 1112.792 1112.943 1113.499 1113.777 1113.777 1113.777 1113.777
1109.61 1109.61 1109.61 1109.61 1109.61 1109.61 1109.61 1109.61 1109.61 1109.61 1109.61 1109.61 1109.61 1109.61 1109.61 1109.61 1109.61 1109.61 1109.61 1109.61 1109.61 1109.61 1109.61 1110.065 1110.671 1110.974 1110.974 1110.974 1110.974 1110.974 1110.974 1110.974 1110.974 1110.974 1110.974 1110.974 1110.974 1110.974 1110.974 1110.974 1110.974 1110.974 1110.974 1110.974 1110.974 1110.974 1110.974 1110.974 1110.974 1110.974 1110.974 1110.974 1110.974 1110.974 1110.974 1110.974 1110.974 1111.277 1111.832 1112.11 1112.11 1112.11 1112.11
1107.61 1107.61 1107.61 1107.61 1107.61 1107.61 1107.61 1107.61 1107.61 1107.61 1107.61 1107.61 1107.61 1107.61 1107.61 1107.61 1107.61 1107.61 1107.61 1107.61 1107.61 1107.61 1107.64 1108.246 1108.852 1109.155 1109.155 1109.155 1109.155 1109.155 1109.155 1109.155 1109.155 1109.155 1109.155 1109.155 1109.155 1109.155 1109.155 1109.155 1109.155 1109.155 1109.155 1109.155 1109.155 1109.155 1109.155 1109.155 1109.155 1109.155 1109.155 1109.155 1109.155 1109.155 1109.155 1109.155 1109.155 1109.61 1110.166 1110.443 1110.443 1110.443 1110.443
1105.61 1105.61 1105.61 1105.61 1105.61 1105.61 1105.61 1105.61 1105.61 1105.61 1105.61 1105.61 1105.61 1105.61 1105.61 1105.61 1105.61 1105.61 1105.61 1105.61 1105.61 1105.61 1105.822 1106.428 1107.034 1107.337 1107.337 1107.337 1107.337 1107.337 1107.337 1107.337 1107.337 1107.337 1107.337 1107.337 1107.337 1107.337 1107.337 1107.337 1107.337 1107.337 1107.337 1107.337 1107.337 1107.337 1107.337 1107.337 1107.337 1107.337 1107.337 1107.337 1107.337 1107.337 1107.337 1107.337 1107.388 1107.943 1108.499 1108.777 1108.777 1108.777 1108.777
1104.238 1104.234 1104.234 1104.229 1104.229 1104.227 1104.221 1104.221 1104.216 1104.216 1104.214 1104.208 1104.208 1104.201 1104.201 1104.198 1104.191 1104.191 1104.185 1104.185 1104.181 1104.174 1104.61 1104.61 1105.216 1105.519 1105.519 1105.519 1105.519 1105.519 1105.519 1105.519 1105.519 1105.519 1105.519 1105.519 1105.519 1105.519 1105.519 1105.519 1105.519 1105.519 1105.519 1105.519 1105.519 1105.519 1105.519 1105.519 1105.519 1105.519 1105.519 1105.519 1105.519 1105.519 1105.519 1105.519 1105.721 1106.277 1106.832 1107.11 1107.11 1107.11 1107.11
1103.488 1103.484 1103.476 1103.471 1103.464 1103.455 1103.449 1103.439 1103.434 1103.426 1103.415 1103.408 1103.396 1103.391 1103.381 1103.368 1103.361 1103.348 1103.341 1103.331 1103.316 1103.309 1103.738 1103.944 1103.944 1103.932 1103.932 1103.926 1103.914 1103.914 1103.901 1103.901 1103.894 1103.88 1103.88 1104.114 1104.114 1104.109 1104.099 1104.099 1104.089 1104.089 1104.084 1104.074 1104.074 1104.069 1104.058 1104.058 1104.047 1104.047 1104.042 1104.031 1104.031 1104.02 1104.02 1104.014 1104.61 1104.61 1105.166 1105.443 1105.443 1105.443 1105.443
1102.74 1102.733 1102.72 1102.708 1102.699 1102.685 1102.675 1102.659 1102.646 1102.635 1102.619 1102.604 1102.592 1102.573 1102.561 1102.542 1102.525 1102.511 1102.49 1102.477 1102.455 1102.436 1102.641 1102.618 1102.606 1102.582 1102.564 1102.552 1102.526 1102.513 1102.488 1102.468 1102.454 1102.427 1102.406 1102.64 1103.113 1103.103 1103.083 1103.068 1103.058 1103.039 1103.029 1103.008 1102.992 1102.982 1102.961 1102.95 1102.928 1102.912 1102.901 1102.88 1102.868 1102.845 1102.829 1102.817 1103.098 1103.69 1103.69 1103.673 1103.673 1103.656 1103.646
1102.368 1102.356 1102.344 1102.33 1102.316 1102.302 1102.286 1102.271 1102.255 1102.239 1102.221 1102.205 1102.187 1102.168 1102.15 1102.13 1102.11 1102.089 1102.068 1102.047 1102.026 1102.003 1101.981 1101.958 1101.934 1101.91 1101.886 1101.862 1101.836 1101.81 1101.784 1101.758 1101.73 1101.703 1101.676 1101.648 1102.121 1102.092 1102.072 1102.047 1102.018 1101.998 1101.968 1101.947 1101.921 1101.89 1101.869 1101.837 1101.815 1101.787 1101.755 1101.733 1101.699 1101.677 1101.648 1101.615 1101.896 1101.87 1101.834 1101.817 1101.782 1101.765 1101.738
1102.368 1102.356 1102.344 1102.33 1102.316 1102.302 1102.286 1102.271 1102.255 1102.239 1102.221 1102.205 1102.187 1102.168 1102.15 1102.13 1102.11 1102.089 1102.068 1102.047 1102.026 1102.003 1101.981 1101.958 1101.934 1101.91 1101.886 1101.862 1101.836 1101.81 1101.784 1101.758 1101.73 1101.703 1101.662 1101.634 1101.62 1101.591 1101.562 1101.532 1101.503 1101.473 1101.442 1101.411 1101.38 1101.349 1101.317 1101.285 1101.252 1101.22 1101.188 1101.154 1101.12 1101.087 1101.053 1101.019 1100.985 1100.95 1100.916 1100.88 1100.845 1100.81 1100.774
1102.368 1102.356 1102.344 1102.33 1102.316 1102.302 1102.286 1102.271 1102.255 1102.239 1102.221 1102.205 1102.187 1102.168 1102.15 1102.13 1102.11 1102.089 1102.068 1102.047 1102.026 1102.003 1101.981 1101.958 1101.934 1101.91 1101.886 1101.862 1101.836 1101.81 1101.784 1101.758 1101.73 1101.703 1101.676 1101.641 1101.62 1101.591 1101.562 1101.532 1101.503 1101.473 1101.442 1101.411 1101.38 1101.349 1101.317 1101.285 1101.252 1101.22 1101.188 1101.154 1101.12 1101.087 1101.053 1101.019 1100.985 1100.95 1100.916 1100.88 1100.845 1100.81 1100.774
1102.739 1102.908 1103.157 1103.084 1103.72 1103.563 1103.638 1103.765 1104.27 1104.097 1104.361 1104.224 1104.273 1104.268 1104.046 1104.115 1104.224 1103.929 1103.624 1103.734 1103.609 1103.378 1103.024 1102.509 1102.309 1102.175 1102.229 1102.023 1101.922 1101.997 1101.784 1101.758 1101.73 1101.703 1101.676 1101.648 1101.62 1101.591 1101.562 1101.532 1101.503 1101.473 1101.442 1101.411 1101.38 1101.349 1101.317 1101.285 1101.252 1101.276 1101.276 1101.719 1101.949 1102.048 1101.95 1101.739 1101.422 1101.117 1100.916 1100.88 1100.845 1100.81 1100.774
1103.583 1104.015 1104.385 1104.314 1104.807 1105.285 1105.502 1105.808 1106.67 1106.779 1107.078 1106.738 1106.801 1106.627 1106.495 1106.311 1106.279 1105.7 1105.696 1105.702 1105.073 1104.404 1103.557 1103.458 1103.147 1102.604 1102.284 1102.003 1102.207 1102.094 1101.784 1101.758 1101.73 1101.703 1101.676 1101.648 1101.62 1101.591 1101.562 1101.532 1101.503 1101.473 1101.442 1101.411 1101.38 1101.349 1101.317 1101.285 1101.319 1101.625 1102.102 1102.884 1103.246 1103.216 1103.007 1102.513 1101.796 1101.117 1100.916 1100.88 1100.845 1100.81 1100.774
1103.788 1104.354 1104.725 1105.133 1105.743 1106.22 1106.476 1106.781 1107.251 1107.266 1107.565 1107.743 1107.417 1107.243 1107.662 1107.479 1107.58 1107.239 1107.234 1106.734 1106.105 1105.352 1104.281 1104.181 1103.579 1103.036 1102.198 1102.159 1102.363 1102.094 1101.784 1101.758 1101.73 1101.703 1101.676 1101.648 1101.62 1101.591 1101.562 1101.532 1101.503 1101.473 1101.442 1101.411 1101.38 1101.349 1101.317 1101.285 1101.319 1101.593 1102.43 1103.212 1103.66 1103.629 1103.597 1103.078 1102.36 1101.469 1100.916 1100.88 1100.845 1100.81 1100.774
1104.354 1104.921 1105.108 1105.863 1106.418 1106.814 1107.07 1107.884 1108.218 1108.332 1108.246 1108.449 1108.424 1108.475 1108.498 1109.413 1109.687 1109.522 1109.252 1108.635 1107.29 1106.398 1105.132 1104.421 1103.819 1103.407 1102.762 1102.397 1102.35 1102.082 1101.784 1101.758 1101.73 1101.703 1101.676 1101.648 1101.62 1101.591 1101.562 1101.532 1101.503 1101.473 1101.442 1101.411 1101.38 1101.349 1101.317 1101.285 1101.288 1101.76 1102.675 1103.223 1103.671 1103.917 1103.666 1103.146 1102.548 1101.512 1100.916 1100.88 1100.845 1100.81 1100.774
1104.531 1105.36 1106.323 1106.187 1107.212 1107.271 1107.661 1108.233 1108.945 1109.045 1109.18 1109.129 1108.909 1109.364 1110.083 1109.862 1110.821 1110.535 1110.202 1109.525 1108.428 1107.268 1106.02 1104.884 1104.177 1103.686 1103.023 1102.221 1102.335 1102.082 1101.784 1101.758 1101.73 1101.703 1101.676 1101.648 1101.62 1101.591 1101.562 1101.532 1101.503 1101.473 1101.442 1101.411 1101.38 1101.349 1101.317 1101.285 1101.313 1101.663 1102.598 1103.274 1103.476 1103.845 1103.617 1103.039 1102.317 1101.512 1100.916 1100.88 1100.845 1100.81 1100.774
1105.215 1105.775 1106.46 1106.928 1107.81 1107.938 1108.289 1108.715 1109.407 1109.77 1109.838 1109.734 1109.594 1109.557 1110.361 1110.886 1111.387 1111.338 1110.794 1110.215 1109.321 1108.313 1106.301 1105.544 1104.653 1104.145 1103.073 1102.841 1102.203 1102.022 1101.784 1101.758 1101.73 1101.703 1101.676 1101.648 1101.62 1101.591 1101.547 1101.532 1101.503 1101.473 1101.442 1101.411 1101.38 1101.349 1101.317 1101.285 1101.313 1101.723 1102.139 1102.742 1103.125 1103.375 1103.105 1102.547 1101.79 1101.083 1100.916 1100.88 1100.845 1100.81 1100.774
1105.619 1105.895 1106.715 1107.298 1107.778 1108.726 1109.121 1109.248 1109.721 1110.031 1110.09 1110.11 1109.673 1109.936 1110.79 1111.287 1111.685 1111.547 1111.17 1110.853 1109.998 1108.409 1106.758 1105.854 1105.31 1104.825 1103.451 1102.904 1102.557 1102.203 1101.784 1101.758 1101.73 1101.703 1101.676 1101.648 1101.62 1101.576 1101.547 1101.532 1101.503 1101.473 1101.442 1101.411 1101.38 1101.349 1101.317 1101.285 1101.383 1101.448 1101.771 1101.936 1102.454 1102.597 1102.345 1101.811 1101.565 1101.083 1100.916 1100.88 1100.845 1100.81 1100.774
1105.802 1106.383 1107.203 1107.447 1108.188 1109.135 1109.587 1109.715 1109.824 1110.307 1110.367 1110.188 1110.267 1110.53 1110.751 1111.249 1111.685 1111.66 1111.284 1110.917 1110.063 1108.558 1107.051 1106.147 1105.343 1104.858 1104.138 1103.367 1103.021 1102.203 1101.784 1101.758 1101.73 1101.703 1101.676 1101.648 1101.62 1101.591 1101.562 1101.532 1101.503 1101.473 1101.442 1101.411 1101.38 1101.349 1101.317 1101.285 1101.383 1101.353 1101.321 1101.484 1101.451 1101.594 1101.402 1101.368 1101.123 1100.95 1100.916 1100.88 1100.845 1100.81 1100.774
1106.167 1106.747 1107.768 1108.333 1108.683 1109.222 1109.674 1110.01 1110.297 1110.69 1110.995 1111.05 1110.613 1110.605 1110.758 1110.985 1111.09 1110.978 1110.88 1110.58 1109.959 1108.365 1107.255 1106.396 1105.592 1105.173 1104.781 1103.976 1102.849 1102.032 1101.784 1101.758 1101.73 1101.703 1101.676 1101.648 1101.62 1101.591 1101.562 1101.532 1101.503 1101.473 1101.442 1101.411 1101.38 1101.349 1101.795 1101.763 1101.286 1101.253 1101.635 1101.664 1101.63 1102.01 1101.976 1102.448 1102.65 1102.616 1102.974 1102.938 1102.983 1102.777 1102.741
1106.552 1107.232 1107.745 1108.598 1108.997 1109.462 1110.043 1110.182 1110.515 1110.943 1111.395 1111.333 1111.256 1110.936 1111.057 1110.763 1110.636 1110.808 1110.038 1110.158 1109.616 1108.896 1107.666 1106.752 1106.092 1105.188 1104.778 1103.849 1103.293 1102.032 1101.784 1101.758 1101.73 1101.703 1101.676 1101.648 1101.62 1101.591 1101.562 1101.532 1101.503 1101.473 1101.442 1101.411 1101.38 1101.349 1101.74 1101.789 1101.995 1101.263 1101.974 1102.304 1102.587 1103.149 1103.688 1104.033 1104.389 1105.041 1105.466 1105.403 1105.513 1105.492 1105.417
1106.667 1107.65 1108.304 1108.677 1109.197 1109.671 1110.185 1110.39 1110.77 1111.388 1111.359 1111.586 1111.415 1111.793 1111.29 1111.029 1110.519 1110.783 1109.873 1109.835 1109.519 1108.926 1107.554 1106.876 1106.491 1105.508 1104.73 1104.231 1103.555 1102.505 1101.784 1101.758 1101.73 1101.703 1101.676 1101.648 1101.62 1101.591 1101.562 1101.532 1101.503 1101.473 1101.442 1101.411 1101.38 1101.349 1101.74 1101.449 1101.773 1101.373 1101.844 1102.784 1103.342 1103.905 1104.526 1104.805 1105.284 1105.756 1106.353 1106.356 1106.175 1106.514 1106.577
1107.51 1108.4 1108.267 1108.65 1109.634 1109.969 1110.438 1110.79 1111.14 1111.308 1111.266 1111.434 1111.474 1111.629 1111.457 1111.426 1111.318 1110.571 1109.925 1110.177 1109.567 1108.62 1107.694 1107.313 1106.742 1105.565 1104.943 1104.323 1103.443 1102.25 1101.784 1101.758 1101.73 1101.703 1101.676 1101.648 1101.62 1101.591 1101.562 1101.532 1101.503 1101.473 1101.442 1101.411 1101.38 1101.349 1101.515 1101.739 1101.515 1101.354 1102.909 1103.682 1103.994 1104.519 1105.361 1105.882 1106.173 1106.611 1107.114 1107.062 1107.495 1107.394 1107.165
