samples/boulder/Boulder/boulder.asc
ncols         419
nrows         80
xllcorner     100
yllcorner     60
cellsize      1
NODATA_value  -9999
[rows 28 to 55 of 80, columns 252 to 314 of 419]
1098.497 1098.468 1098.438 1098.409 1098.38 1098.352 1098.324 1098.297 1098.27 1098.242 1098.216 1098.19 1098.164 1098.138 1098.114 1098.09 1098.066 1098.042 1098.019 1097.997 1097.974 1097.953 1097.932 1097.911 1097.89 1097.87 1097.85 1097.832 1097.805 1097.787 1097.779 1097.761 1097.745 1097.729 1097.714 1097.698 1097.684 1097.67 1097.656 1097.927 1097.916 1097.909 1097.897 1097.979 1097.727 1097.718 1098.16 1098.152 1098.338 1098.253 1098.246 1098.015 1098.01 1097.695 1097.945 1097.941 1097.812 1097.927 1097.924 1097.502 1097.5 1097.5 1097.5
1098.497 1098.468 1098.438 1098.409 1098.38 1098.352 1098.324 1098.297 1098.27 1098.242 1098.216 1098.19 1098.164 1098.138 1098.114 1098.09 1098.066 1098.042 1098.019 1097.997 1097.974 1097.953 1097.932 1097.911 1097.89 1097.87 1097.85 1097.832 1097.805 1097.787 1097.779 1097.761 1097.745 1097.729 1097.714 1097.698 1097.684 1097.67 1097.656 1097.798 1098.406 1098.399 1098.719 1098.801 1099.604 1099.598 1100.041 1099.656 1099.843 1099.362 1099.398 1099.167 1099.028 1098.714 1098.49 1098.187 1098.058 1098.105 1097.924 1097.502 1097.5 1097.5 1097.5
1098.497 1098.468 1098.438 1098.409 1098.38 1098.352 1098.324 1098.297 1098.27 1098.242 1098.216 1098.19 1098.164 1098.138 1098.114 1098.09 1098.066 1098.042 1098.019 1097.997 1097.974 1097.953 1097.932 1097.911 1097.89 1097.87 1097.85 1097.832 1097.813 1097.792 1097.779 1097.761 1097.745 1097.729 1097.714 1097.698 1097.684 1097.67 1097.656 1097.711 1098.494 1099.227 1099.521 1100.411 1101.337 1101.913 1102.089 1101.839 1101.023 1100.362 1100.202 1099.878 1100.137 1099.69 1099.113 1099.088 1098.255 1098.17 1097.801 1097.502 1097.5 1097.5 1097.5
1098.497 1098.468 1098.438 1098.409 1098.38 1098.352 1098.324 1098.297 1098.27 1098.242 1098.216 1098.19 1098.164 1098.138 1098.114 1098.09 1098.066 1098.042 1098.019 1097.997 1097.974 1097.953 1097.932 1097.911 1097.89 1097.87 1097.85 1097.832 1097.813 1097.795 1097.779 1097.761 1097.745 1097.729 1097.714 1097.698 1097.684 1097.67 1097.656 1097.711 1099.021 1099.523 1100.884 1101.547 1102.48 1103.539 1103.29 1102.833 1102.458 1101.646 1101.066 1100.856 1100.842 1100.264 1100.264 1099.893 1099.141 1098.82 1098.227 1097.502 1097.5 1097.5 1097.5
1098.497 1098.468 1098.438 1098.409 1098.38 1098.352 1098.324 1098.297 1098.27 1098.242 1098.216 1098.19 1098.164 1098.138 1098.114 1098.09 1098.066 1098.042 1098.019 1097.997 1097.974 1097.953 1097.932 1097.911 1097.89 1097.87 1097.85 1097.832 1097.813 1097.795 1097.779 1097.761 1097.745 1097.729 1097.714 1097.698 1097.684 1097.67 1097.656 1098.325 1099.651 1100.514 1101.815 1102.839 1103.727 1104.376 1104.111 1103.814 1103.243 1102.599 1101.637 1101.521 1101.407 1101.315 1101.203 1100.816 1100.264 1099.719 1098.227 1097.502 1097.5 1097.5 1097.5
1098.497 1098.468 1098.438 1098.409 1098.38 1098.352 1098.324 1098.297 1098.27 1098.242 1098.216 1098.19 1098.164 1098.138 1098.114 1098.09 1098.066 1098.042 1098.019 1097.997 1097.974 1097.953 1097.932 1097.911 1097.89 1097.87 1097.85 1097.832 1097.813 1097.795 1097.779 1097.761 1097.745 1097.729 1097.714 1097.698 1097.684 1097.67 1097.656 1098.882 1100.208 1100.923 1102.224 1103.609 1103.939 1104.588 1104.975 1104.677 1104.177 1103.531 1102.569 1102.521 1102.407 1102.014 1101.593 1101.206 1100.798 1100.3 1098.809 1097.502 1097.5 1097.72 1098.019
1098.497 1098.468 1098.438 1098.409 1098.38 1098.352 1098.324 1098.297 1098.27 1098.242 1098.216 1098.19 1098.164 1098.138 1098.114 1098.09 1098.066 1098.042 1098.019 1097.997 1097.974 1097.953 1097.932 1097.911 1097.89 1097.87 1097.85 1097.832 1097.813 1097.795 1097.779 1097.761 1097.745 1097.729 1097.714 1097.698 1097.684 1097.67 1097.656 1098.9 1100.946 1101.66 1102.223 1103.608 1104.521 1104.988 1105.375 1105.158 1104.657 1104.384 1103.528 1103.479 1103.258 1102.865 1102.607 1101.842 1101.435 1100.754 1098.809 1097.502 1097.73 1097.95 1098.691
1098.497 1098.468 1098.438 1098.409 1098.38 1098.352 1098.324 1098.297 1098.27 1098.242 1098.216 1098.19 1098.164 1098.138 1098.114 1098.09 1098.066 1098.042 1098.019 1097.997 1097.974 1097.953 1097.932 1097.911 1097.89 1097.87 1097.85 1097.832 1097.813 1097.795 1097.779 1097.761 1097.745 1097.729 1097.714 1097.698 1097.684 1097.67 1097.656 1099.365 1100.947 1102.27 1102.306 1103.358 1104.099 1104.762 1105.705 1105.601 1104.814 1104.693 1104.406 1104.418 1103.928 1103.586 1103.12 1102.659 1102.376 1101.48 1099.161 1097.502 1098.005 1098.687 1099.287
1098.497 1098.468 1098.438 1098.409 1098.38 1098.352 1098.324 1098.297 1098.27 1098.242 1098.216 1098.19 1098.164 1098.138 1098.114 1098.09 1098.066 1098.042 1098.019 1097.997 1097.974 1097.953 1097.932 1097.911 1097.89 1097.87 1097.85 1097.832 1097.813 1097.795 1097.779 1097.761 1097.745 1097.729 1097.714 1097.698 1097.684 1097.67 1097.656 1099.365 1101.418 1102.387 1102.856 1103.612 1104.516 1104.593 1105.527 1105.379 1105.137 1104.935 1105.021 1105.265 1104.548 1104.53 1103.92 1103.028 1103.049 1102.531 1099.716 1097.502 1098.005 1099.099 1099.803
1098.497 1098.468 1098.438 1098.409 1098.38 1098.352 1098.324 1098.297 1098.27 1098.242 1098.216 1098.19 1098.164 1098.138 1098.114 1098.09 1098.066 1098.042 1098.019 1097.997 1097.974 1097.953 1097.932 1097.911 1097.89 1097.87 1097.85 1097.832 1097.813 1097.795 1097.779 1097.761 1097.745 1097.729 1097.714 1097.698 1097.684 1097.67 1097.656 1099.372 1101.76 1102.755 1103.533 1104.304 1104.547 1105.041 1105.465 1105.339 1105.305 1105.793 1105.742 1105.393 1105.348 1105.266 1104.054 1104.041 1103.842 1102.537 1099.716 1097.502 1098.06 1099.185 1099.82
1098.497 1098.468 1098.438 1098.409 1098.38 1098.352 1098.324 1098.297 1098.27 1098.242 1098.216 1098.19 1098.164 1098.138 1098.114 1098.09 1098.066 1098.042 1098.019 1097.997 1097.974 1097.953 1097.932 1097.911 1097.89 1097.87 1097.85 1097.832 1097.813 1097.795 1097.779 1097.761 1097.745 1097.729 1097.714 1097.698 1097.684 1097.67 1097.656 1099.964 1102.766 1103.577 1104.055 1104.547 1105.021 1105.144 1105.901 1105.775 1105.97 1105.978 1105.786 1105.849 1105.805 1105.475 1105.093 1104.591 1104.255 1103.507 1100.223 1097.502 1097.746 1098.768 1099.473
1098.497 1098.468 1098.438 1098.409 1098.38 1098.352 1098.621 1098.594 1098.613 1098.585 1098.49 1098.401 1098.375 1098.83 1098.806 1098.877 1099.198 1099.175 1099.507 1099.484 1099.186 1098.887 1098.866 1098.949 1098.304 1098.284 1098.012 1097.993 1097.994 1097.89 1097.873 1097.761 1097.745 1097.729 1097.714 1097.698 1097.684 1097.67 1097.656 1100.202 1103.004 1103.899 1104.377 1104.873 1105.613 1105.736 1105.867 1106.082 1106.276 1106.52 1106.328 1106.174 1105.668 1105.339 1105.456 1104.954 1104.492 1103.958 1100.674 1097.502 1097.746 1098.221 1098.635
1098.497 1098.468 1098.438 1098.409 1098.38 1098.626 1098.895 1098.631 1098.65 1098.729 1098.776 1098.687 1099.239 1100.12 1100.38 1100.416 1100.737 1100.888 1100.925 1100.985 1100.983 1100.685 1100.431 1100.051 1099.406 1098.689 1098.417 1098.443 1098.255 1098.151 1097.873 1097.761 1097.745 1097.729 1097.714 1097.698 1097.684 1097.67 1097.656 1100.202 1103.351 1103.824 1104.527 1105.113 1105.852 1105.667 1106.078 1106.293 1106.406 1106.649 1106.834 1106.683 1106.177 1105.417 1105.535 1105.299 1104.754 1104.219 1100.434 1097.502 1097.513 1097.657 1098.071
1098.497 1098.468 1098.438 1098.409 1098.38 1098.626 1098.49 1098.529 1098.875 1098.724 1099.229 1099.538 1100.297 1101.139 1101.342 1101.568 1102.179 1102.473 1102.073 1102.073 1102.3 1101.603 1101.362 1101.005 1100.099 1099.28 1099.268 1098.448 1098.372 1098.596 1097.876 1097.761 1097.745 1097.729 1097.714 1097.698 1097.684 1097.67 1097.656 1100.561 1103.625 1104.406 1104.883 1105.398 1105.538 1105.892 1106.365 1106.525 1106.997 1107.263 1106.72 1106.908 1106.723 1105.972 1106.011 1105.429 1104.638 1103.833 1100.695 1097.502 1097.543 1097.645 1097.585
1098.497 1098.468 1098.438 1098.409 1098.38 1098.442 1098.579 1098.855 1098.566 1099.506 1100.03 1100.521 1101.135 1101.8 1102.677 1103.188 1103.172 1103.321 1103.162 1103.026 1102.842 1102.501 1102.31 1101.906 1101.079 1100.508 1099.653 1098.98 1098.985 1098.638 1098.126 1097.761 1097.745 1097.729 1097.714 1097.698 1097.684 1097.67 1097.656 1100.397 1103.797 1104.801 1105.258 1105.364 1105.705 1106.146 1106.354 1106.742 1107.169 1107.349 1106.984 1106.978 1106.6 1106.238 1105.616 1105.188 1104.541 1104.477 1100.695 1097.502 1097.5 1097.5 1097.5
1098.497 1098.468 1098.438 1098.409 1098.38 1098.495 1098.632 1098.591 1098.936 1100.171 1100.979 1101.75 1102.551 1102.745 1103.239 1103.841 1103.707 1103.921 1104.415 1104.642 1104.044 1103.667 1102.941 1102.616 1101.79 1101.325 1100.397 1099.388 1099.008 1098.661 1098.126 1097.761 1097.745 1097.729 1097.714 1097.698 1097.684 1097.67 1097.656 1100.581 1104.072 1104.866 1105.431 1105.596 1105.836 1106.257 1106.78 1107.168 1107.601 1108.05 1107.874 1107.029 1106.652 1105.915 1105.487 1105.245 1104.656 1104.479 1100.965 1097.502 1097.5 1097.5 1097.5
1098.497 1098.468 1098.438 1098.409 1098.38 1098.495 1098.646 1098.604 1099.571 1100.807 1101.355 1102.416 1103.217 1103.672 1104.167 1104.776 1104.727 1104.94 1105.168 1105.396 1104.982 1104.681 1103.955 1103.39 1102.678 1102.215 1101.342 1100.333 1099.637 1098.598 1098.063 1097.761 1097.745 1097.729 1097.714 1097.698 1097.684 1097.67 1097.656 1100.602 1104.093 1104.97 1105.534 1105.457 1105.939 1106.359 1106.803 1107.368 1107.801 1107.558 1107.382 1107.164 1106.849 1106.113 1105.82 1105.578 1104.638 1104.232 1100.719 1097.502 1097.5 1097.5 1097.5
1098.497 1098.468 1098.438 1098.409 1098.38 1098.614 1099.048 1099.543 1100.321 1101.181 1101.709 1102.641 1103.961 1104.115 1104.582 1105.422 1105.544 1105.714 1106.022 1105.597 1105.479 1105.244 1104.818 1104.364 1103.169 1102.655 1101.284 1100.75 1099.91 1099.05 1098.063 1097.761 1097.745 1097.729 1097.714 1097.698 1097.684 1097.67 1097.656 1100.348 1103.883 1104.521 1105.349 1105.269 1105.636 1106.26 1106.306 1106.862 1107.49 1107.692 1107.417 1107.489 1106.902 1106.275 1105.518 1105.25 1104.792 1103.95 1100.719 1097.502 1097.5 1097.5 1097.5
1098.497 1098.468 1098.438 1098.409 1098.38 1098.614 1099.073 1099.753 1100.486 1101.462 1102.511 1103.329 1104.449 1104.886 1105.167 1105.924 1106.116 1106.37 1106.349 1106.072 1106.334 1105.928 1105.459 1104.835 1104.166 1103.223 1102.072 1100.965 1099.936 1099.148 1098.354 1097.761 1097.745 1097.729 1097.714 1097.698 1097.684 1097.67 1097.656 1100.348 1103.721 1104.481 1104.705 1105.426 1105.412 1106.177 1106.302 1107.032 1107.525 1108.294 1108.29 1107.999 1107.423 1106.371 1105.644 1104.823 1104.82 1103.964 1100.358 1097.502 1097.5 1097.5 1097.5
1098.497 1098.468 1098.438 1098.409 1098.38 1098.758 1099.226 1099.601 1100.745 1101.737 1102.893 1103.766 1104.967 1105.52 1105.797 1106.256 1106.584 1107.058 1107.105 1107.026 1106.763 1106.16 1105.988 1105.516 1104.802 1103.769 1102.546 1101.456 1100.375 1099.4 1098.543 1097.761 1097.745 1097.729 1097.714 1097.698 1097.684 1097.67 1097.656 1100.44 1103.016 1103.411 1104.206 1104.782 1105.26 1105.726 1106.297 1107.289 1107.911 1108.772 1108.619 1108.368 1107.764 1106.689 1105.374 1105.061 1104.658 1103.642 1100.358 1097.502 1097.5 1097.5 1097.5
1098.497 1098.468 1098.438 1098.409 1098.38 1098.836 1099.304 1100.263 1101.175 1101.88 1103.271 1104.508 1105.187 1105.965 1106.294 1106.707 1106.935 1107.299 1107.586 1107.235 1106.898 1106.391 1106.323 1105.638 1104.925 1104.146 1103.031 1102.15 1101.013 1100.039 1099.367 1098.586 1098.656 1098.437 1098.422 1097.84 1097.825 1097.67 1097.656 1099.831 1102.294 1103.439 1104.079 1104.388 1104.897 1105.237 1106.193 1107.184 1108.06 1108.343 1108.329 1108.228 1107.624 1106.066 1104.758 1104.129 1104.359 1103.359 1100.267 1097.502 1097.5 1097.5 1097.5
1098.497 1098.468 1098.438 1098.409 1098.38 1098.836 1099.57 1100.53 1101.751 1102.458 1103.401 1104.636 1105.316 1105.877 1106.207 1107.073 1107.328 1107.693 1108.103 1107.752 1106.851 1106.326 1106.259 1105.835 1104.801 1104.021 1103.135 1102.255 1101.241 1100.87 1100.198 1099.77 1099.84 1099.726 1099.267 1098.686 1097.825 1097.67 1097.656 1099.859 1102.322 1102.521 1103.16 1104.186 1104.345 1104.685 1105.833 1106.934 1107.81 1108.156 1108.142 1108.005 1107.102 1105.544 1104.415 1103.785 1103.333 1103.053 1099.961 1097.502 1097.5 1097.5 1097.5
1098.497 1098.468 1098.438 1098.409 1098.38 1098.626 1099.294 1100.398 1101.764 1102.472 1103.464 1104.433 1105.488 1106.05 1106.526 1107.245 1107.606 1107.87 1108.281 1108.251 1107.393 1106.534 1106.042 1105.846 1105.41 1104.406 1103.241 1102.037 1101.245 1100.891 1100.38 1100.361 1100.353 1100.243 1099.792 1099.033 1098.173 1097.67 1097.656 1099.554 1102.04 1102.238 1102.927 1103.851 1103.999 1104.186 1105.251 1106.448 1106.864 1107.181 1107.497 1107.667 1107.036 1105.328 1104.19 1103.186 1102.487 1102.149 1099.961 1097.502 1097.5 1097.5 1097.5
1098.497 1098.468 1098.438 1098.409 1098.38 1098.634 1099.302 1100.444 1101.81 1102.293 1103.147 1104.117 1105.224 1106.206 1106.683 1107.109 1107.47 1107.763 1107.753 1107.724 1107.359 1106.501 1106.242 1105.524 1105.089 1104.276 1103.111 1101.831 1101.302 1100.948 1100.427 1100.407 1100.579 1100.38 1099.929 1099.176 1098.173 1097.67 1097.656 1099.554 1101.423 1101.77 1102.459 1102.944 1103.092 1103.555 1103.869 1105.066 1106.063 1106.38 1106.854 1106.436 1105.805 1104.596 1103.459 1102.667 1101.814 1101.477 1099.494 1097.502 1097.5 1097.5 1097.5
1098.497 1098.468 1098.438 1098.409 1098.38 1098.634 1099.361 1100.503 1101.239 1102.333 1103.187 1104.088 1105.152 1106.134 1106.154 1106.581 1106.865 1107.158 1107.148 1107.192 1106.828 1106.689 1105.912 1105.194 1104.718 1103.906 1102.727 1101.751 1101.222 1100.848 1100.327 1100.219 1100.348 1100.149 1099.879 1099.06 1098.057 1097.67 1097.656 1099.242 1100.532 1100.879 1101.394 1101.879 1102.306 1102.71 1103.023 1103.539 1104.536 1105.22 1105.137 1104.719 1104.434 1103.225 1102.468 1102.29 1101.437 1101.001 1099.494 1097.502 1097.5 1097.5 1097.5
1098.497 1098.468 1098.438 1098.409 1098.38 1098.642 1099.369 1100.176 1101.245 1102.073 1103.191 1104.068 1104.518 1105.266 1105.745 1106.284 1106.646 1106.795 1107.31 1107.147 1106.525 1106.302 1105.991 1105.229 1104.752 1103.649 1102.828 1101.701 1100.941 1100.567 1099.907 1099.814 1099.974 1099.667 1099.281 1098.717 1097.88 1097.67 1097.656 1098.998 1100.068 1100.388 1100.721 1101.203 1101.634 1101.989 1102.419 1102.935 1102.886 1103.309 1103.276 1103.015 1102.731 1102.449 1101.595 1101.294 1100.979 1100.526 1099.096 1097.502 1097.5 1097.5 1097.5
1098.497 1098.46 1098.431 1098.409 1098.38 1098.642 1098.785 1099.591 1100.947 1101.775 1102.887 1103.51 1103.959 1104.781 1105.259 1106.211 1106.131 1106.281 1106.6 1106.438 1105.987 1105.807 1105.495 1105.017 1104.173 1103.07 1102.359 1101.232 1100.373 1099.538 1098.878 1098.966 1099.125 1099.052 1098.632 1098.068 1097.88 1097.67 1097.656 1098.185 1099.255 1099.758 1100.091 1100.561 1100.839 1101.194 1101.659 1101.706 1101.657 1102.098 1102.064 1101.812 1101.492 1101.21 1101.178 1100.877 1100.321 1099.477 1098.047 1097.502 1097.5 1097.5 1097.5
1098.497 1098.453 1098.424 1098.409 1098.38 1098.621 1098.985 1099.313 1099.784 1101.118 1101.833 1102.914 1103.722 1104.542 1105.031 1105.506 1105.984 1105.616 1105.936 1105.563 1105.135 1105.186 1104.771 1104.012 1103.22 1102.208 1101.519 1101.018 1100.091 1098.97 1098.293 1098.221 1098.207 1098.125 1098.173 1097.998 1097.81 1097.67 1097.656 1097.913 1098.605 1099.107 1099.661 1100.27 1100.227 1100.409 1101.029 1101.032 1100.781 1100.966 1101.397 1100.932 1100.695 1100.846 1100.164 1100.011 1099.216 1098.926 1098.047 1097.502 1097.5 1097.5 1097.5
