samples/boulder/Boulder/boulder.asc
ncols         419
nrows         80
xllcorner     100
yllcorner     60
cellsize      1
NODATA_value  -9999
[rows 28 to 55 of 80, columns 0 to 62 of 419]
1102.323 1100.056 1100.094 1100.131 1100.168 1100.206 1100.243 1100.281 1100.318 1100.465 1100.876 1100.914 1101.461 1101.498 1101.363 1101.12 1101.156 1100.648 1100.685 1100.885 1101.188 1101.223 1101.704 1101.739 1101.616 1101.444 1101.479 1101.002 1101.036 1101.07 1101.104 1101.137 1101.171 1101.203 1101.237 1101.269 1101.301 1101.349 1101.372 1101.396 1101.427 1101.457 1101.488 1101.558 1102.375 1103.779 1104.888 1105.622 1106.796 1107.928 1108.417 1109.052 1109.66 1110.526 1110.763 1111.144 1111.538 1112.151 1111.863 1111.138 1110.748 1110.437 1110.089
1102.323 1100.056 1100.094 1100.131 1100.168 1100.206 1100.243 1100.281 1100.363 1100.51 1101.242 1101.95 1102.498 1102.761 1102.626 1102.13 1101.545 1101.037 1100.804 1101.004 1101.746 1102.343 1102.824 1103.013 1102.891 1102.422 1101.826 1101.35 1101.036 1101.07 1101.104 1101.137 1101.171 1101.203 1101.237 1101.269 1101.301 1101.349 1101.38 1101.396 1101.427 1101.457 1101.488 1102.016 1102.174 1103.577 1104.736 1105.469 1106.66 1107.963 1108.452 1108.987 1109.595 1110.266 1110.934 1111.314 1111.568 1111.794 1111.505 1110.938 1110.548 1110.554 1109.815
1102.323 1100.056 1100.094 1100.131 1100.168 1100.206 1100.243 1100.281 1100.395 1100.908 1101.708 1102.32 1102.863 1103.146 1103.041 1102.621 1101.832 1101.037 1100.693 1101.323 1102.175 1102.824 1103.42 1103.485 1103.346 1103.007 1102.214 1101.35 1101.036 1101.07 1101.104 1101.137 1101.171 1101.203 1101.237 1101.269 1101.301 1101.333 1101.365 1101.396 1101.427 1101.457 1101.488 1101.938 1102.661 1103.386 1104.461 1105.57 1106.479 1107.404 1108.518 1109.18 1110.121 1110.664 1111.249 1111.452 1111.077 1111.474 1111.575 1111.049 1110.239 1110.599 1110.368
1102.323 1100.056 1100.094 1100.131 1100.168 1100.206 1100.243 1100.281 1100.395 1101.009 1101.783 1102.469 1103.091 1103.323 1103.271 1102.822 1101.977 1101.131 1100.693 1101.334 1102.304 1102.942 1103.497 1103.66 1103.419 1103.132 1102.416 1101.442 1101.036 1101.07 1101.104 1101.137 1101.171 1101.203 1101.237 1101.269 1101.301 1101.333 1101.365 1101.396 1101.427 1101.457 1101.488 1101.938 1102.409 1103.519 1103.991 1105.135 1106.396 1106.864 1108.223 1109.032 1110.868 1111.399 1111.745 1112.145 1111.491 1111.151 1111.183 1110.839 1109.924 1110.031 1109.668
1102.323 1100.056 1100.094 1100.131 1100.168 1100.206 1100.243 1100.281 1100.396 1100.92 1101.736 1102.475 1102.988 1103.023 1102.933 1102.592 1101.798 1100.959 1100.83 1101.405 1102.015 1102.817 1103.347 1103.501 1103.312 1103.038 1102.276 1101.338 1101.036 1101.07 1101.104 1101.137 1101.171 1101.203 1101.237 1101.269 1101.301 1101.333 1101.365 1101.396 1101.427 1101.457 1101.488 1101.765 1102.191 1102.786 1103.542 1104.842 1105.667 1106.658 1107.751 1109.644 1110.936 1111.85 1112.007 1111.983 1111.253 1110.431 1110.26 1110.115 1109.74 1109.325 1109.172
1102.323 1100.056 1100.094 1100.131 1100.168 1100.206 1100.243 1100.281 1100.396 1100.65 1101.34 1102.079 1102.551 1102.585 1102.467 1102.188 1101.395 1100.959 1100.83 1101.026 1101.529 1102.331 1102.878 1103.031 1102.841 1102.614 1101.851 1101.338 1101.036 1101.07 1101.104 1101.137 1101.171 1101.203 1101.237 1101.269 1101.301 1101.333 1101.365 1101.396 1101.427 1101.457 1101.488 1101.936 1102.362 1102.53 1103.286 1104.171 1105.039 1106.031 1107.504 1109.396 1111.04 1112.339 1112.495 1111.838 1110.647 1109.825 1109.567 1109.421 1110.073 1109.992 1109.839
1102.323 1100.056 1100.094 1100.131 1100.168 1100.206 1100.243 1100.281 1100.394 1100.647 1100.813 1101.319 1101.791 1102.007 1101.888 1101.469 1101.139 1100.703 1100.688 1100.884 1101.016 1101.692 1102.239 1102.377 1102.187 1101.785 1101.574 1101.062 1101.036 1101.07 1101.104 1101.137 1101.171 1101.203 1101.237 1101.269 1101.415 1101.447 1102.116 1102.502 1102.533 1102.675 1102.705 1102.504 1102.78 1102.948 1103.109 1103.994 1104.792 1105.335 1106.809 1108.376 1110.02 1111.074 1111.864 1111.206 1110.254 1109.527 1109.269 1109.54 1110.191 1110.271 1110.332
1102.323 1100.056 1100.094 1100.131 1100.168 1100.206 1100.243 1100.281 1100.318 1100.431 1100.536 1100.634 1100.864 1100.973 1101.117 1101.023 1100.733 1100.703 1100.761 1100.859 1100.859 1100.938 1101.287 1101.461 1101.513 1101.461 1101.116 1101.062 1101.036 1101.07 1101.104 1101.137 1101.171 1101.203 1101.237 1101.269 1101.45 1101.981 1102.689 1103.351 1104.009 1104.1 1103.963 1103.765 1103.401 1102.809 1102.244 1103.576 1104.241 1105.38 1106.085 1107.415 1108.61 1109.704 1110.096 1110.074 1109.247 1108.67 1108.971 1109.2 1109.641 1109.968 1109.783
1102.323 1100.056 1100.094 1100.131 1100.168 1100.206 1100.243 1100.281 1100.318 1100.354 1100.392 1100.429 1100.466 1100.502 1100.54 1100.576 1100.612 1100.648 1100.761 1100.857 1100.762 1100.839 1100.844 1100.921 1100.967 1101.075 1101.006 1101.002 1101.036 1101.07 1101.104 1101.137 1101.171 1101.203 1101.237 1101.269 1101.45 1101.967 1102.828 1103.513 1104.083 1104.367 1104.174 1103.96 1103.444 1102.58 1102.423 1102.906 1103.991 1104.491 1105.48 1106.333 1107.406 1108.308 1108.716 1108.412 1107.559 1107.845 1108.006 1107.856 1108.763 1109.533 1108.929
1102.323 1100.056 1100.094 1100.131 1100.168 1100.206 1100.243 1100.281 1100.318 1100.354 1100.392 1100.429 1100.466 1100.502 1100.54 1100.576 1100.612 1100.648 1100.685 1100.721 1100.757 1100.792 1100.828 1100.863 1100.897 1100.932 1100.968 1101.002 1101.036 1101.07 1101.104 1101.185 1101.218 1101.572 1101.491 1101.523 1101.698 1102.21 1102.865 1103.711 1104.307 1104.831 1104.625 1104.504 1103.477 1102.906 1102.677 1103.118 1103.185 1102.994 1103.876 1103.981 1105.02 1105.268 1105.138 1104.759 1105.018 1104.674 1104.342 1104.709 1105.856 1105.845 1106.351
1100.019 1100.056 1100.094 1100.131 1100.168 1100.206 1100.243 1100.281 1100.318 1100.354 1100.392 1100.429 1100.466 1100.502 1100.54 1100.576 1100.612 1100.648 1100.685 1100.721 1100.757 1100.792 1100.828 1100.863 1100.897 1100.932 1100.968 1101.002 1101.036 1101.07 1101.104 1101.369 1101.432 1101.576 1101.526 1101.757 1101.934 1102.343 1103.07 1103.933 1104.558 1105.007 1105.032 1104.428 1104.065 1103.728 1103.5 1103.203 1103.176 1103.187 1102.5 1102.605 1102.505 1102.418 1102.641 1102.322 1102.154 1101.898 1101.959 1102.2 1102.801 1103.648 1104.063
1100.019 1100.056 1100.094 1100.131 1100.168 1100.206 1100.243 1100.281 1100.318 1100.354 1100.392 1100.429 1100.466 1100.502 1100.54 1100.576 1100.612 1100.648 1100.685 1100.721 1100.757 1100.792 1100.828 1100.863 1100.897 1100.932 1100.968 1101.002 1101.036 1101.07 1101.104 1101.369 1101.417 1101.715 1101.666 1101.865 1102.042 1102.777 1103.217 1104.08 1104.807 1105.256 1104.945 1104.939 1104.576 1104.317 1104.207 1103.909 1104.013 1104.023 1103.383 1102.567 1102.467 1102.394 1102.616 1102.215 1102.154 1101.898 1101.984 1102.225 1102.567 1102.869 1103.283
1100.019 1100.056 1100.094 1100.131 1100.168 1100.206 1100.243 1100.281 1100.318 1100.354 1100.392 1100.429 1100.466 1100.502 1100.54 1100.576 1100.612 1100.648 1100.685 1100.721 1100.757 1100.792 1100.828 1100.863 1100.897 1100.932 1100.968 1101.002 1101.036 1101.07 1101.104 1101.168 1101.494 1101.793 1101.904 1101.977 1102.626 1103.279 1103.719 1104.221 1104.472 1104.856 1105.348 1105.342 1105.193 1105.099 1104.988 1104.787 1104.891 1104.533 1104.398 1103.583 1103.313 1103.24 1102.688 1102.049 1101.988 1101.898 1101.963 1102.096 1102.138 1102.44 1102.602
1100.019 1100.056 1100.094 1100.131 1100.168 1100.206 1100.243 1100.281 1100.318 1100.354 1100.392 1100.429 1100.466 1100.502 1100.54 1100.576 1100.612 1100.648 1100.685 1100.721 1100.757 1100.792 1100.828 1100.863 1100.897 1100.932 1100.968 1101.002 1101.036 1101.07 1101.104 1101.466 1101.836 1101.903 1102.143 1102.15 1102.952 1103.864 1104.46 1105.076 1104.894 1105.198 1105.628 1105.943 1106.325 1106.018 1105.944 1105.718 1105.283 1105.249 1104.784 1104.623 1104.285 1103.768 1102.839 1102.489 1102.023 1101.898 1101.963 1102.06 1102.029 1102.021 1102.057
1102.323 1100.056 1100.094 1100.131 1100.168 1100.206 1100.243 1100.281 1100.318 1100.354 1100.392 1100.429 1100.466 1100.502 1100.54 1100.576 1100.612 1100.648 1100.685 1100.721 1100.757 1100.792 1100.828 1100.863 1100.897 1100.932 1100.968 1101.002 1101.036 1101.07 1101.104 1101.306 1101.584 1101.803 1102.709 1103.086 1103.475 1104.48 1105.322 1105.507 1105.625 1106.387 1106.707 1106.954 1107.26 1106.965 1106.826 1106.743 1106.634 1106.089 1105.591 1105.334 1105.005 1104.115 1103.462 1102.693 1102.311 1101.898 1101.922 1101.946 1101.969 1101.992 1102.015
1102.323 1100.056 1100.094 1100.131 1100.168 1100.206 1100.243 1100.281 1100.318 1100.354 1100.392 1100.429 1100.466 1100.502 1100.54 1100.576 1100.612 1100.648 1100.685 1100.721 1100.757 1100.792 1100.828 1100.863 1100.897 1100.932 1100.968 1101.002 1101.036 1101.07 1101.104 1101.336 1101.992 1102.375 1102.917 1103.575 1104.495 1105.159 1105.95 1106.331 1106.553 1106.989 1107.707 1107.808 1108.094 1108.238 1108.099 1107.85 1107.595 1106.95 1106.694 1106.438 1105.918 1105.28 1104.202 1103.613 1102.943 1101.898 1101.922 1101.946 1101.969 1101.992 1102.015
1102.323 1100.056 1100.094 1100.131 1100.168 1100.206 1100.243 1100.281 1100.318 1100.354 1100.392 1100.429 1100.466 1100.502 1100.54 1100.576 1100.612 1100.648 1100.685 1100.721 1100.757 1100.792 1100.828 1100.863 1100.897 1100.932 1100.968 1101.002 1101.036 1101.07 1101.104 1101.336 1102.135 1102.796 1103.338 1104.036 1104.957 1105.936 1106.398 1106.778 1107.425 1107.861 1108.146 1108.708 1108.995 1108.75 1108.85 1108.602 1108.155 1107.51 1107.393 1106.869 1106.349 1105.542 1104.464 1104.403 1102.943 1101.898 1101.922 1101.946 1101.969 1101.992 1102.015
1102.323 1100.056 1100.094 1100.131 1100.168 1100.206 1100.243 1100.281 1100.318 1100.354 1100.392 1100.429 1100.466 1100.502 1100.54 1100.576 1100.612 1100.648 1100.685 1100.721 1100.757 1100.792 1100.828 1100.863 1100.897 1100.932 1100.968 1101.002 1101.036 1101.07 1101.104 1101.891 1102.457 1103.204 1104.068 1104.62 1105.47 1106.598 1106.82 1107.563 1108.367 1108.245 1108.848 1108.724 1109.198 1109.372 1109.005 1108.964 1108.802 1108.544 1107.965 1107.227 1106.594 1106.318 1105.314 1104.896 1103.109 1101.898 1101.922 1101.946 1101.969 1101.992 1102.015
1102.323 1100.056 1100.094 1100.131 1100.168 1100.206 1100.243 1100.281 1100.318 1100.354 1100.392 1100.429 1100.466 1100.502 1100.54 1100.576 1100.612 1100.648 1100.685 1100.721 1100.757 1100.792 1100.828 1100.863 1100.897 1100.932 1100.968 1101.002 1101.036 1101.07 1101.104 1101.891 1103.021 1103.888 1104.531 1105.145 1106.447 1107.076 1107.5 1108.322 1108.653 1109.068 1109.535 1109.125 1109.616 1109.63 1109.302 1109.157 1109.188 1108.948 1108.427 1107.611 1107.219 1106.626 1105.81 1105.115 1103.613 1101.898 1101.922 1101.946 1101.969 1101.992 1102.015
1102.323 1100.056 1100.094 1100.131 1100.168 1100.206 1100.243 1100.281 1100.318 1100.354 1100.392 1100.429 1100.466 1100.502 1100.54 1100.576 1100.612 1100.648 1100.685 1100.721 1100.757 1100.792 1100.828 1100.863 1100.897 1100.932 1100.968 1101.002 1101.036 1101.07 1101.104 1101.977 1103.286 1103.667 1104.771 1105.982 1106.623 1107.071 1108.299 1108.625 1109.336 1109.936 1109.757 1110.872 1110.676 1110.25 1109.897 1109.903 1109.321 1109.145 1108.77 1108.3 1107.654 1106.83 1106.095 1105.724 1103.634 1101.898 1101.922 1101.946 1101.969 1101.992 1102.015
1102.323 1100.056 1100.094 1100.131 1100.168 1100.206 1100.243 1100.281 1100.318 1100.354 1100.392 1100.429 1100.466 1100.502 1100.54 1100.576 1100.612 1100.648 1100.685 1100.721 1100.757 1100.792 1100.828 1100.863 1100.897 1100.932 1100.968 1101.002 1101.036 1101.07 1101.104 1102.042 1103.372 1104.224 1105.263 1106.061 1106.706 1107.782 1108.566 1108.805 1109.738 1111.007 1111.271 1111.496 1111.637 1111.644 1111.291 1110.208 1109.806 1109.823 1109.482 1109.012 1108.041 1107.101 1106.365 1105.614 1103.502 1101.898 1101.922 1101.946 1101.969 1101.992 1102.015
1102.323 1100.056 1100.094 1100.131 1100.168 1100.206 1100.243 1100.281 1100.318 1100.354 1100.392 1100.429 1100.466 1100.502 1100.54 1100.576 1100.612 1100.648 1100.685 1100.721 1100.757 1100.792 1100.828 1100.863 1100.897 1100.932 1100.968 1101.002 1101.036 1101.07 1101.104 1102.042 1103.723 1104.565 1105.604 1106.258 1106.902 1108.051 1108.875 1109.114 1110.607 1111.875 1112.527 1113.054 1113.196 1112.706 1112.044 1110.961 1109.845 1109.861 1109.566 1109.396 1108.424 1107.801 1107.065 1106.016 1103.502 1101.898 1101.922 1101.946 1101.969 1101.992 1102.015
1102.323 1100.056 1100.094 1100.131 1100.168 1100.206 1100.243 1100.281 1100.318 1100.354 1100.392 1100.429 1100.466 1100.502 1100.54 1100.576 1100.612 1100.648 1100.788 1100.824 1101.323 1101.507 1101.542 1101.803 1101.838 1101.439 1101.125 1101.16 1101.036 1101.07 1101.104 1102.455 1104.225 1104.731 1105.722 1106.376 1107.45 1108.679 1109.212 1109.833 1111.325 1112.66 1113.147 1113.741 1113.983 1113.202 1112.047 1111.386 1110.755 1109.844 1109.54 1109.141 1108.807 1108.13 1107.312 1106.026 1103.603 1101.898 1101.922 1101.946 1101.969 1101.992 1102.015
1102.323 1100.056 1100.094 1100.131 1100.168 1100.206 1100.243 1100.281 1100.318 1100.354 1100.392 1100.429 1100.466 1100.502 1100.54 1100.576 1100.612 1100.648 1100.788 1101.253 1101.751 1102.216 1102.805 1103.066 1102.979 1102.581 1101.973 1101.16 1101.036 1101.07 1101.104 1102.455 1104.278 1104.783 1105.819 1106.913 1107.987 1108.484 1109.018 1109.938 1111.594 1112.929 1113.86 1114.453 1114.428 1113.648 1112.493 1111.262 1110.63 1109.957 1109.567 1109.168 1108.845 1108.168 1107.276 1106.481 1104.057 1101.898 1101.922 1101.946 1101.969 1101.992 1102.015
1102.323 1100.056 1100.094 1100.131 1100.168 1100.206 1100.243 1100.281 1100.318 1100.354 1100.392 1100.429 1100.466 1100.502 1100.54 1100.576 1100.612 1100.648 1100.765 1101.23 1101.989 1102.784 1103.374 1103.559 1103.472 1103.073 1102.349 1101.536 1101.036 1101.07 1101.104 1102.424 1104.247 1104.87 1105.741 1106.835 1107.667 1108.165 1108.807 1109.767 1111.423 1112.554 1113.485 1113.896 1114.146 1113.366 1112.603 1111.373 1110.266 1110.02 1109.63 1109.025 1108.702 1108.12 1107.044 1106.249 1103.758 1101.898 1101.922 1101.946 1101.969 1101.992 1102.015
1102.323 1100.056 1100.094 1100.131 1100.168 1100.206 1100.243 1100.281 1100.318 1100.354 1100.392 1100.429 1100.466 1100.502 1100.54 1100.576 1100.612 1100.648 1100.695 1101.328 1102.277 1103.019 1103.483 1103.669 1103.534 1103.011 1102.333 1101.536 1101.036 1101.07 1101.104 1102.395 1103.979 1104.971 1106.038 1106.921 1107.636 1108.222 1108.938 1109.227 1110.449 1111.659 1112.748 1113.5 1113.226 1112.804 1112.041 1111.219 1110.386 1110.272 1109.605 1109 1108.463 1107.615 1106.854 1105.914 1103.721 1101.898 1101.922 1101.946 1101.969 1101.992 1102.015
1102.323 1100.056 1100.094 1100.131 1100.168 1100.206 1100.243 1100.281 1100.318 1100.354 1100.392 1100.429 1100.466 1100.502 1100.54 1100.576 1100.612 1100.648 1100.695 1101.384 1102.038 1102.78 1103.258 1103.427 1103.292 1102.947 1102.269 1101.38 1101.036 1101.07 1101.104 1102.395 1103.497 1104.349 1105.416 1106.375 1107.089 1108.158 1108.954 1109.242 1109.405 1110.615 1111.904 1112.293 1112.019 1111.688 1111.174 1110.353 1110.026 1109.912 1109.493 1108.873 1108.335 1107.535 1106.774 1105.738 1103.721 1101.898 1101.922 1101.946 1101.969 1101.992 1102.015
1102.323 1100.056 1100.094 1100.131 1100.168 1100.206 1100.243 1100.281 1100.318 1100.354 1100.392 1100.429 1100.466 1100.502 1100.54 1100.576 1100.612 1100.648 1100.781 1101.235 1101.727 1102.295 1102.759 1103.016 1102.99 1102.539 1101.934 1101.158 1101.036 1101.07 1101.104 1102.004 1103.344 1104.377 1104.787 1105.746 1106.729 1107.875 1108.834 1109.069 1109.231 1109.881 1110.553 1110.339 1111.153 1110.948 1110.629 1109.896 1109.876 1109.475 1109.457 1109.077 1108.52 1107.675 1106.383 1105.811 1103.891 1101.898 1101.922 1101.946 1101.969 1101.992 1102.015
