samples/boulder/Boulder/boulder.asc
ncols         419
nrows         80
xllcorner     100
yllcorner     60
cellsize      1
NODATA_value  -9999
[rows 28 to 55 of 80, columns 63 to 125 of 419]
1110.296 1110.251 1109.984 1109.226 1108.656 1107.688 1105.969 1104.153 1102.751 1102.214 1102.23 1102.247 1102.263 1102.279 1102.294 1102.309 1102.323 1102.336 1102.349 1102.362 1102.374 1102.385 1102.396 1102.407 1102.417 1102.427 1102.435 1102.443 1102.45 1102.458 1102.74 1103.298 1104.311 1105.438 1106.236 1106.974 1108.213 1109.096 1110.017 1110.387 1110.456 1110.839 1111.406 1111.6 1111.342 1111.192 1110.644 1110.345 1110.123 1109.255 1108.272 1107.034 1105.859 1105.043 1103.995 1102.862 1102.49 1102.696 1104.061 1105.792 1106.901 1107.731 1108.067
1110.022 1109.991 1109.724 1109.256 1108.148 1107.18 1106.082 1104.266 1102.717 1102.214 1102.23 1102.247 1102.263 1102.279 1102.294 1102.309 1102.323 1102.336 1102.349 1102.362 1102.374 1102.385 1102.396 1102.407 1102.417 1102.427 1102.435 1102.443 1102.45 1102.458 1102.74 1103.042 1103.822 1104.949 1105.738 1106.476 1107.744 1108.595 1109.517 1110.174 1110.3 1110.683 1110.657 1110.851 1111.101 1110.582 1110.033 1109.639 1109.417 1108.618 1107.824 1106.586 1105.828 1105.012 1104.075 1102.862 1102.49 1103.069 1104.434 1106.056 1107.276 1108.106 1108.531
1109.365 1109.456 1109.208 1108.885 1107.676 1106.879 1105.443 1103.917 1102.63 1102.214 1102.23 1102.247 1102.263 1102.279 1102.294 1102.309 1102.323 1102.336 1102.349 1102.362 1102.374 1102.385 1102.396 1102.407 1102.417 1102.427 1102.435 1102.443 1102.45 1102.458 1102.585 1103.155 1103.348 1104.156 1105.251 1105.803 1107.043 1107.936 1108.624 1109.633 1109.975 1110.336 1110.473 1110.021 1109.918 1110.151 1109.875 1109.321 1108.608 1108.014 1106.9 1106.042 1105.027 1104.345 1103.74 1102.978 1102.581 1103.542 1104.807 1106.206 1107.5 1108.363 1109.066
1109.405 1109 1108.565 1108.093 1106.657 1106.176 1104.294 1102.999 1102.291 1102.214 1102.23 1102.247 1102.263 1102.279 1102.294 1102.309 1102.323 1102.336 1102.349 1102.362 1102.374 1102.385 1102.396 1102.407 1102.417 1102.427 1102.435 1102.443 1102.45 1102.458 1102.585 1102.969 1103.359 1103.79 1104.739 1105.51 1106.174 1107.275 1108.12 1108.58 1109.406 1109.482 1109.725 1109.49 1109.321 1109.315 1109.313 1108.747 1107.859 1107.346 1106.551 1105.521 1104.712 1103.572 1103.262 1102.922 1102.581 1103.412 1104.729 1106.019 1107.424 1108.179 1108.591
1109.106 1107.951 1107.273 1106.248 1105.823 1104.668 1103.339 1102.404 1102.196 1102.214 1102.23 1102.247 1102.263 1102.279 1102.294 1102.309 1102.323 1102.336 1102.349 1102.362 1102.374 1102.385 1102.396 1102.407 1102.417 1102.427 1102.435 1102.443 1102.45 1102.458 1102.559 1103.226 1103.133 1103.417 1104.161 1105.036 1106.021 1106.808 1107.354 1107.839 1108.279 1108.474 1108.748 1108.641 1108.734 1108.552 1108.348 1108.002 1107.263 1106.679 1105.85 1105 1104.111 1103.071 1103.21 1102.922 1102.457 1102.744 1104.097 1105.454 1106.736 1107.354 1108.142
1109.393 1108.238 1106.659 1105.684 1105.259 1104.024 1102.695 1102.31 1102.196 1102.214 1102.23 1102.247 1102.263 1102.279 1102.294 1102.309 1102.323 1102.336 1102.349 1102.362 1102.374 1102.385 1102.396 1102.407 1102.417 1102.427 1102.435 1102.443 1102.45 1102.458 1102.613 1103.196 1103.103 1103.305 1104.049 1104.392 1105.181 1105.969 1106.581 1106.738 1107.178 1107.37 1107.644 1107.88 1107.61 1107.427 1107.185 1106.839 1106.64 1105.614 1104.785 1104.127 1103.239 1102.776 1103.143 1102.854 1102.565 1102.853 1103.173 1104.218 1105.5 1106.498 1107.508
1109.886 1108.99 1107.411 1105.847 1104.605 1103.371 1102.929 1102.544 1102.196 1102.214 1102.23 1102.247 1102.263 1102.279 1102.294 1102.309 1102.323 1102.336 1102.349 1102.362 1102.374 1102.385 1102.396 1102.407 1102.417 1102.427 1102.435 1102.443 1102.45 1102.458 1102.613 1102.651 1102.81 1103.012 1103.033 1103.376 1104.225 1104.766 1105.378 1105.959 1106.502 1106.694 1106.689 1106.925 1106.883 1106.134 1105.891 1105.97 1105.772 1105.093 1104.296 1103.638 1103.404 1102.94 1102.745 1102.854 1102.565 1103.117 1103.438 1103.588 1104.094 1105.092 1106.145
1109.557 1108.656 1107.698 1105.627 1104.124 1103.262 1102.683 1102.544 1102.196 1102.214 1102.23 1102.247 1102.263 1102.279 1102.294 1102.309 1102.323 1102.336 1102.349 1102.362 1102.374 1102.385 1102.396 1102.407 1102.417 1102.427 1102.435 1102.443 1102.45 1102.458 1102.465 1102.922 1102.509 1102.538 1102.897 1102.563 1102.962 1103.414 1103.442 1103.769 1104.023 1104.424 1104.039 1104.418 1104.214 1104.375 1103.958 1103.927 1104.033 1103.326 1103.349 1103.094 1102.807 1102.854 1102.699 1102.651 1102.439 1102.893 1103.072 1103.439 1104.09 1104.557 1105.209
1108.921 1108.084 1107.136 1105.557 1103.554 1102.639 1102.602 1102.615 1102.196 1102.214 1102.23 1102.247 1102.263 1102.279 1102.294 1102.309 1102.323 1102.336 1102.349 1102.362 1102.374 1102.385 1102.396 1102.407 1102.417 1102.427 1102.435 1102.443 1102.45 1102.458 1102.465 1102.47 1102.476 1102.481 1102.485 1102.489 1102.492 1102.495 1102.497 1102.499 1102.5 1102.5 1102.5 1102.5 1102.498 1102.496 1102.493 1102.49 1102.487 1102.483 1102.479 1102.473 1102.468 1102.461 1102.455 1102.447 1102.439 1102.78 1102.614 1103.271 1103.567 1104.714 1104.799
1106.4 1106.268 1105.252 1103.816 1103.087 1102.477 1102.496 1102.177 1102.196 1102.214 1102.23 1102.247 1102.263 1102.279 1102.294 1102.309 1102.323 1102.336 1102.349 1102.362 1102.374 1102.385 1102.396 1102.407 1102.417 1102.427 1102.435 1102.443 1102.45 1102.458 1102.465 1102.47 1102.476 1102.481 1102.485 1102.489 1102.492 1102.495 1102.497 1102.499 1102.5 1102.5 1102.5 1102.5 1102.498 1102.496 1102.493 1102.49 1102.487 1102.483 1102.479 1102.473 1102.468 1102.461 1102.455 1102.447 1102.439 1102.455 1102.901 1102.846 1102.899 1103.558 1104.362
1104.076 1104.007 1103.703 1102.991 1102.442 1102.14 1102.158 1102.177 1102.196 1102.214 1102.23 1102.247 1102.263 1102.279 1102.294 1102.309 1102.323 1102.336 1102.349 1102.362 1102.374 1102.385 1102.396 1102.407 1102.417 1102.427 1102.435 1102.443 1102.45 1102.458 1102.465 1102.47 1102.476 1102.481 1102.485 1102.489 1102.492 1102.495 1102.497 1102.499 1102.5 1102.5 1102.5 1102.5 1102.498 1102.496 1102.493 1102.49 1102.487 1102.483 1102.479 1102.473 1102.468 1102.461 1102.455 1102.447 1102.439 1102.455 1102.909 1103.273 1103.136 1103.101 1103.732
1103.385 1103.315 1103.012 1102.702 1102.152 1102.14 1102.158 1102.177 1102.196 1102.214 1102.23 1102.247 1102.263 1102.279 1102.294 1102.309 1102.323 1102.336 1102.349 1102.362 1102.374 1102.385 1102.396 1102.407 1102.417 1102.427 1102.435 1102.443 1102.45 1102.458 1102.465 1102.47 1102.476 1102.481 1102.485 1102.489 1102.492 1102.495 1102.497 1102.499 1102.5 1102.5 1102.5 1102.5 1102.498 1102.496 1102.493 1102.49 1102.487 1102.483 1102.479 1102.473 1102.468 1102.461 1102.455 1102.447 1102.439 1102.831 1103.285 1103.156 1103.019 1102.899 1103.383
1102.73 1102.556 1102.531 1102.22 1102.149 1102.14 1102.158 1102.177 1102.196 1102.214 1102.23 1102.247 1102.263 1102.279 1102.294 1102.309 1102.323 1102.336 1102.349 1102.362 1102.374 1102.385 1102.396 1102.407 1102.417 1102.427 1102.435 1102.443 1102.45 1102.458 1102.465 1102.47 1102.476 1102.481 1102.485 1102.489 1102.492 1102.495 1102.497 1102.499 1102.5 1102.5 1102.5 1102.5 1102.498 1102.496 1102.493 1102.49 1102.487 1102.483 1102.479 1102.473 1102.468 1102.461 1102.455 1102.447 1102.439 1102.831 1103.217 1103.089 1102.639 1102.518 1103.001
1102.171 1102.174 1102.168 1102.129 1102.12 1102.14 1102.158 1102.177 1102.196 1102.214 1102.23 1102.247 1102.263 1102.279 1102.294 1102.309 1102.323 1102.336 1102.349 1102.362 1102.374 1102.385 1102.396 1102.407 1102.417 1102.427 1102.435 1102.443 1102.45 1102.458 1102.465 1102.47 1102.476 1102.481 1102.485 1102.489 1102.492 1102.495 1102.497 1102.499 1102.5 1102.5 1102.5 1102.5 1102.498 1102.496 1102.493 1102.49 1102.487 1102.483 1102.479 1102.473 1102.468 1102.461 1102.485 1102.594 1103.01 1103.709 1104.148 1103.866 1103.684 1103.089 1103.422
1102.037 1102.058 1102.079 1102.1 1102.12 1102.14 1102.158 1102.177 1102.196 1102.214 1102.23 1102.247 1102.263 1102.279 1102.294 1102.309 1102.323 1102.336 1102.349 1102.362 1102.374 1102.385 1102.396 1102.407 1102.417 1102.427 1102.435 1102.443 1102.45 1102.458 1102.465 1102.47 1102.476 1102.481 1102.485 1102.489 1102.492 1102.495 1102.497 1102.499 1102.5 1102.5 1102.5 1102.5 1102.498 1102.496 1102.493 1102.49 1102.487 1102.483 1102.479 1102.473 1102.468 1102.492 1102.7 1103.425 1104.109 1104.603 1105.07 1105.14 1104.38 1104.054 1103.277
1102.037 1102.058 1102.079 1102.1 1102.12 1102.14 1102.158 1102.177 1102.196 1102.214 1102.23 1102.247 1102.263 1102.279 1102.294 1102.309 1102.323 1102.336 1102.349 1102.362 1102.374 1102.385 1102.396 1102.407 1102.417 1102.427 1102.435 1102.443 1102.45 1102.458 1102.465 1102.47 1102.476 1102.481 1102.485 1102.489 1102.492 1102.495 1102.497 1102.499 1102.5 1102.5 1102.5 1102.5 1102.498 1102.496 1102.493 1102.49 1102.487 1102.483 1102.479 1102.473 1102.468 1102.489 1102.844 1103.797 1104.514 1105.007 1105.113 1105.037 1104.587 1103.849 1103.15
1102.037 1102.058 1102.079 1102.1 1102.12 1102.14 1102.158 1102.177 1102.196 1102.214 1102.23 1102.247 1102.263 1102.279 1102.294 1102.309 1102.323 1102.336 1102.349 1102.362 1102.374 1102.385 1102.396 1102.407 1102.417 1102.427 1102.435 1102.443 1102.45 1102.458 1102.465 1102.47 1102.476 1102.481 1102.485 1102.489 1102.492 1102.495 1102.497 1102.499 1102.5 1102.5 1102.5 1102.5 1102.498 1102.496 1102.493 1102.49 1102.487 1102.483 1102.479 1102.473 1102.468 1102.489 1102.926 1103.878 1104.623 1105.099 1105.205 1104.982 1104.532 1103.771 1102.849
1102.037 1102.058 1102.079 1102.1 1102.12 1102.14 1102.158 1102.177 1102.196 1102.214 1102.23 1102.247 1102.263 1102.279 1102.294 1102.309 1102.323 1102.336 1102.349 1102.362 1102.374 1102.385 1102.396 1102.407 1102.417 1102.427 1102.435 1102.443 1102.45 1102.458 1102.465 1102.47 1102.476 1102.481 1102.485 1102.489 1102.492 1102.495 1102.497 1102.499 1102.841 1102.708 1102.543 1102.511 1102.65 1102.675 1103.074 1103.351 1103.35 1103.445 1103.37 1103.316 1102.936 1102.833 1103.234 1104.074 1104.857 1105.007 1105.385 1104.844 1104.325 1103.688 1102.848
1102.037 1102.058 1102.079 1102.1 1102.12 1102.14 1102.158 1102.177 1102.196 1102.214 1102.23 1102.247 1102.263 1102.279 1102.294 1102.309 1102.323 1102.336 1102.349 1102.362 1102.374 1102.385 1102.396 1102.407 1102.417 1102.427 1102.435 1102.443 1102.45 1102.458 1102.465 1102.47 1102.476 1102.481 1102.485 1102.489 1102.492 1102.495 1102.497 1102.499 1102.841 1103.189 1102.561 1102.554 1102.995 1103.17 1104.063 1104.516 1104.462 1104.849 1104.488 1104.51 1104.413 1103.987 1104.031 1104.803 1105.01 1105.165 1105.057 1104.741 1103.849 1103.243 1102.607
1102.037 1102.058 1102.079 1102.1 1102.12 1102.14 1102.158 1102.177 1102.196 1102.214 1102.23 1102.247 1102.263 1102.279 1102.294 1102.309 1102.323 1102.336 1102.349 1102.362 1102.374 1102.385 1102.396 1102.407 1102.417 1102.427 1102.435 1102.443 1102.45 1102.458 1102.465 1102.47 1102.476 1102.481 1102.485 1102.489 1102.492 1102.495 1102.497 1102.499 1103.033 1103.051 1103.382 1103.709 1104.486 1104.63 1105.297 1105.293 1105.529 1105.297 1105.648 1106.002 1105.863 1105.298 1105.182 1104.685 1104.886 1104.925 1104.777 1103.78 1103.348 1102.828 1102.388
1102.037 1102.058 1102.079 1102.1 1102.12 1102.14 1102.158 1102.177 1102.196 1102.214 1102.23 1102.247 1102.263 1102.279 1102.294 1102.309 1102.323 1102.336 1102.349 1102.362 1102.374 1102.385 1102.396 1102.407 1102.417 1102.427 1102.435 1102.443 1102.45 1102.458 1102.465 1102.47 1102.476 1102.481 1102.485 1102.489 1102.492 1102.495 1102.497 1102.559 1102.953 1103.435 1104.841 1105.477 1105.943 1106.362 1106.669 1106.661 1106.275 1106.272 1106.264 1106.938 1106.798 1106.698 1105.941 1104.987 1104.926 1104.965 1104.202 1103.514 1102.981 1102.684 1102.462
1102.037 1102.058 1102.079 1102.1 1102.12 1102.14 1102.158 1102.177 1102.196 1102.214 1102.23 1102.247 1102.263 1102.458 1102.474 1102.834 1103.339 1103.352 1103.109 1103.122 1102.924 1102.385 1102.396 1102.407 1102.417 1102.427 1102.435 1102.443 1102.45 1102.458 1102.465 1102.47 1102.476 1102.481 1102.485 1102.489 1102.492 1102.495 1102.497 1102.56 1102.954 1104.458 1105.865 1107.089 1107.495 1107.914 1108.384 1108.375 1107.616 1107.48 1107.471 1107.626 1107.335 1107.235 1107.03 1106.075 1105.777 1104.927 1104.165 1103.081 1102.547 1102.474 1102.462
1102.037 1102.058 1102.079 1102.1 1102.12 1102.14 1102.158 1102.177 1102.196 1102.214 1102.23 1102.247 1102.267 1102.601 1103.318 1103.927 1104.281 1104.611 1104.368 1103.839 1103.254 1102.549 1102.396 1102.407 1102.417 1102.427 1102.435 1102.443 1102.45 1102.458 1102.465 1102.47 1102.476 1102.481 1102.485 1102.489 1102.492 1102.495 1102.497 1102.627 1103.616 1105.121 1106.807 1107.979 1108.791 1109.188 1109.657 1109.443 1108.762 1108.501 1108.532 1108.419 1108.341 1107.967 1107.709 1107.095 1106.334 1105.783 1105.001 1103.143 1102.402 1102.391 1102.38
1102.037 1102.058 1102.079 1102.1 1102.12 1102.14 1102.158 1102.177 1102.196 1102.214 1102.23 1102.247 1102.387 1102.721 1103.715 1104.358 1104.712 1104.983 1104.777 1104.248 1103.604 1102.898 1102.396 1102.407 1102.417 1102.427 1102.435 1102.443 1102.45 1102.458 1102.465 1102.47 1102.476 1102.481 1102.485 1102.489 1102.492 1102.495 1102.497 1102.627 1103.625 1106.151 1107.837 1109.108 1109.919 1110.386 1110.521 1110.307 1109.766 1109.504 1109.441 1109.245 1109.166 1109.283 1109.026 1108.177 1107.047 1106.497 1105.807 1103.948 1102.402 1102.391 1102.38
1102.037 1102.058 1102.079 1102.1 1102.12 1102.14 1102.158 1102.177 1102.196 1102.214 1102.23 1102.247 1102.387 1102.86 1103.748 1104.391 1104.955 1105.11 1104.905 1104.414 1103.77 1102.864 1102.396 1102.407 1102.417 1102.427 1102.435 1102.443 1102.45 1102.458 1102.465 1102.47 1102.476 1102.481 1102.485 1102.489 1102.492 1102.495 1102.497 1102.569 1104.224 1106.749 1108.45 1109.721 1110.437 1110.979 1111.114 1110.82 1110.279 1110.39 1110.299 1110.103 1110.099 1110.217 1109.474 1108.724 1107.595 1107.037 1106.347 1104.261 1102.402 1102.391 1102.38
1102.037 1102.058 1102.079 1102.1 1102.12 1102.14 1102.158 1102.187 1102.205 1102.214 1102.23 1102.247 1102.365 1102.902 1103.537 1104.347 1104.908 1105.057 1104.861 1104.339 1103.629 1102.758 1102.396 1102.407 1102.417 1102.427 1102.435 1102.443 1102.45 1102.458 1102.465 1102.47 1102.476 1102.481 1102.485 1102.489 1102.492 1102.495 1102.497 1102.508 1104.021 1106.449 1108.197 1109.717 1110.916 1111.309 1111.345 1111.141 1110.928 1110.812 1110.762 1110.883 1110.879 1110.212 1109.54 1109.198 1108.243 1107.685 1106.718 1104.319 1102.402 1102.391 1102.38
1102.037 1102.058 1102.079 1102.1 1102.12 1102.14 1102.158 1102.187 1102.205 1102.214 1102.23 1102.247 1102.365 1102.478 1103.113 1103.913 1104.48 1104.629 1104.406 1103.884 1103.291 1102.758 1102.396 1102.407 1102.417 1102.427 1102.435 1102.443 1102.45 1102.458 1102.465 1102.47 1102.476 1102.481 1102.485 1102.489 1102.492 1102.495 1102.497 1102.563 1104.075 1106.6 1108.347 1109.589 1110.412 1110.805 1111.074 1110.87 1111.394 1111.533 1111.484 1111.333 1111.274 1110.607 1110.235 1109.895 1108.7 1107.753 1106.786 1104.319 1102.402 1102.391 1102.38
1102.037 1102.058 1102.079 1102.1 1102.12 1102.14 1102.158 1102.182 1102.2 1102.214 1102.23 1102.247 1102.407 1102.484 1102.549 1103.194 1103.606 1103.867 1103.644 1103.225 1102.651 1102.559 1102.396 1102.407 1102.417 1102.427 1102.435 1102.443 1102.45 1102.458 1102.465 1102.47 1102.476 1102.481 1102.485 1102.489 1102.492 1102.495 1102.497 1102.548 1104.674 1107.199 1108.013 1109.042 1109.859 1110.664 1110.933 1111.484 1111.52 1111.614 1111.915 1111.475 1111.281 1111.182 1110.666 1110.441 1109.783 1108.652 1107.181 1104.398 1102.402 1102.391 1102.38
