sfe82_gcs_analysis/sfe_82.asc
ncols         436
nrows         156
xllcorner     2820.9408055826
yllcorner     1902.6165220236
cellsize      0.7
NODATA_value  -9999
[rows 30 to 59 of 156, columns 138 to 206 of 436]
1001.514 1001.514 1001.514 1001.515 1001.515 1001.515 1001.515 1001.516 1001.516 1001.516 1001.517 1001.517 1001.517 1001.517 1001.518 1001.518 1001.518 1001.519 1001.519 1001.519 1001.519 1001.52 1001.52 1001.52 1001.521 1001.521 1001.521 1001.522 1001.522 1001.522 1001.522 1001.523 1001.523 1001.523 1001.524 1001.524 1001.524 1001.524 1001.525 1001.525 1001.525 1001.526 1001.526 1001.526 1001.526 1001.527 1001.527 1001.527 1001.528 1001.528 1001.528 1001.528 1001.529 1001.529 1001.529 1001.53 1001.53 1001.53 1001.531 1001.531 1001.531 1001.531 1001.532 1001.532 1001.532 1001.533 1001.533 1001.533 1001.533
1001.754 1001.754 1001.754 1001.755 1001.755 1001.755 1001.755 1001.756 1001.756 1001.756 1001.757 1001.757 1001.757 1001.758 1001.758 1001.758 1001.758 1001.759 1001.759 1001.759 1001.76 1001.76 1001.76 1001.76 1001.761 1001.761 1001.761 1001.762 1001.762 1001.762 1001.762 1001.763 1001.763 1001.763 1001.764 1001.764 1001.764 1001.764 1001.765 1001.765 1001.765 1001.766 1001.766 1001.766 1001.766 1001.767 1001.767 1001.767 1001.768 1001.768 1001.768 1001.768 1001.769 1001.769 1001.769 1001.77 1001.77 1001.77 1001.771 1001.771 1001.771 1001.771 1001.772 1001.772 1001.772 1001.773 1001.773 1001.773 1001.773
1001.982 1001.982 1001.983 1001.983 1001.983 1001.983 1001.984 1001.984 1001.984 1001.984 1001.985 1001.985 1001.985 1001.985 1001.986 1001.986 1001.986 1001.986 1001.987 1001.987 1001.987 1001.987 1001.988 1001.988 1001.988 1001.988 1001.989 1001.989 1001.989 1001.989 1001.99 1001.99 1001.99 1001.99 1001.991 1001.991 1001.991 1001.991 1001.992 1001.992 1001.992 1001.992 1001.993 1001.993 1001.993 1001.993 1001.994 1001.994 1001.994 1001.994 1001.995 1001.995 1001.995 1001.995 1001.996 1001.996 1001.996 1001.996 1001.997 1001.997 1001.997 1001.997 1001.998 1001.998 1001.998 1001.998 1001.999 1001.999 1001.999
1002.192 1002.192 1002.193 1002.193 1002.193 1002.193 1002.194 1002.194 1002.194 1002.194 1002.195 1002.195 1002.195 1002.195 1002.196 1002.196 1002.196 1002.196 1002.197 1002.197 1002.197 1002.197 1002.198 1002.198 1002.198 1002.198 1002.199 1002.199 1002.199 1002.199 1002.2 1002.2 1002.2 1002.2 1002.201 1002.201 1002.201 1002.201 1002.202 1002.202 1002.202 1002.202 1002.203 1002.203 1002.203 1002.203 1002.204 1002.204 1002.204 1002.204 1002.205 1002.205 1002.205 1002.205 1002.206 1002.206 1002.206 1002.206 1002.207 1002.207 1002.207 1002.207 1002.208 1002.208 1002.208 1002.208 1002.209 1002.209 1002.209
1002.394 1002.394 1002.395 1002.395 1002.395 1002.395 1002.396 1002.396 1002.396 1002.396 1002.396 1002.397 1002.397 1002.397 1002.397 1002.398 1002.398 1002.398 1002.398 1002.399 1002.399 1002.399 1002.399 1002.399 1002.4 1002.4 1002.4 1002.4 1002.401 1002.401 1002.401 1002.401 1002.402 1002.402 1002.402 1002.402 1002.402 1002.403 1002.403 1002.403 1002.403 1002.404 1002.404 1002.404 1002.404 1002.405 1002.405 1002.405 1002.405 1002.405 1002.406 1002.406 1002.406 1002.406 1002.407 1002.407 1002.407 1002.407 1002.407 1002.408 1002.408 1002.408 1002.408 1002.409 1002.409 1002.409 1002.409 1002.41 1002.41
1002.588 1002.588 1002.589 1002.589 1002.589 1002.589 1002.59 1002.59 1002.59 1002.59 1002.591 1002.591 1002.591 1002.591 1002.591 1002.592 1002.592 1002.592 1002.592 1002.593 1002.593 1002.593 1002.593 1002.594 1002.594 1002.594 1002.594 1002.595 1002.595 1002.595 1002.595 1002.596 1002.596 1002.596 1002.596 1002.597 1002.597 1002.597 1002.597 1002.598 1002.598 1002.598 1002.598 1002.599 1002.599 1002.599 1002.599 1002.599 1002.6 1002.6 1002.6 1002.6 1002.601 1002.601 1002.601 1002.601 1002.602 1002.602 1002.602 1002.602 1002.603 1002.603 1002.603 1002.603 1002.604 1002.604 1002.604 1002.604 1002.604
1002.711 1002.711 1002.711 1002.711 1002.711 1002.711 1002.711 1002.711 1002.711 1002.711 1002.711 1002.711 1002.711 1002.711 1002.711 1002.711 1002.711 1002.711 1002.711 1002.711 1002.711 1002.711 1002.711 1002.711 1002.711 1002.711 1002.711 1002.711 1002.711 1002.711 1002.711 1002.711 1002.711 1002.711 1002.711 1002.711 1002.711 1002.711 1002.711 1002.711 1002.711 1002.711 1002.711 1002.711 1002.711 1002.711 1002.711 1002.711 1002.711 1002.711 1002.711 1002.711 1002.711 1002.711 1002.711 1002.711 1002.711 1002.711 1002.711 1002.711 1002.711 1002.711 1002.711 1002.711 1002.711 1002.711 1002.711 1002.711 1002.711
1002.713 1002.713 1002.713 1002.713 1002.713 1002.713 1002.713 1002.713 1002.713 1002.713 1002.713 1002.713 1002.713 1002.713 1002.713 1002.713 1002.713 1002.713 1002.713 1002.713 1002.713 1002.713 1002.713 1002.713 1002.713 1002.713 1002.713 1002.713 1002.713 1002.713 1002.713 1002.713 1002.713 1002.713 1002.713 1002.713 1002.713 1002.713 1002.713 1002.713 1002.713 1002.713 1002.713 1002.713 1002.713 1002.713 1002.713 1002.713 1002.713 1002.713 1002.713 1002.713 1002.713 1002.713 1002.713 1002.713 1002.713 1002.713 1002.713 1002.713 1002.713 1002.713 1002.713 1002.713 1002.713 1002.713 1002.713 1002.713 1002.713
1002.716 1002.716 1002.716 1002.716 1002.716 1002.716 1002.716 1002.716 1002.716 1002.716 1002.716 1002.716 1002.716 1002.716 1002.716 1002.716 1002.716 1002.716 1002.716 1002.716 1002.716 1002.716 1002.716 1002.716 1002.716 1002.716 1002.716 1002.716 1002.716 1002.716 1002.716 1002.716 1002.716 1002.716 1002.716 1002.716 1002.716 1002.716 1002.716 1002.716 1002.716 1002.716 1002.716 1002.716 1002.716 1002.716 1002.716 1002.716 1002.716 1002.716 1002.716 1002.716 1002.716 1002.716 1002.716 1002.716 1002.716 1002.716 1002.716 1002.716 1002.716 1002.716 1002.716 1002.716 1002.716 1002.716 1002.716 1002.716 1002.716
1002.718 1002.718 1002.718 1002.718 1002.718 1002.718 1002.718 1002.718 1002.718 1002.718 1002.718 1002.718 1002.718 1002.718 1002.718 1002.718 1002.718 1002.718 1002.718 1002.718 1002.718 1002.718 1002.718 1002.718 1002.718 1002.718 1002.718 1002.718 1002.718 1002.718 1002.718 1002.718 1002.718 1002.718 1002.718 1002.718 1002.718 1002.718 1002.718 1002.718 1002.718 1002.718 1002.718 1002.718 1002.718 1002.718 1002.718 1002.718 1002.718 1002.718 1002.718 1002.718 1002.718 1002.718 1002.718 1002.718 1002.718 1002.718 1002.718 1002.718 1002.718 1002.718 1002.718 1002.718 1002.718 1002.718 1002.718 1002.718 1002.718
1002.72 1002.72 1002.72 1002.72 1002.72 1002.72 1002.72 1002.72 1002.72 1002.72 1002.72 1002.72 1002.72 1002.72 1002.72 1002.72 1002.72 1002.72 1002.72 1002.72 1002.72 1002.72 1002.72 1002.72 1002.72 1002.72 1002.72 1002.72 1002.72 1002.72 1002.72 1002.72 1002.72 1002.72 1002.72 1002.72 1002.72 1002.72 1002.72 1002.72 1002.72 1002.72 1002.72 1002.72 1002.72 1002.72 1002.72 1002.72 1002.72 1002.72 1002.72 1002.72 1002.72 1002.72 1002.72 1002.72 1002.72 1002.72 1002.72 1002.72 1002.72 1002.72 1002.72 1002.72 1002.72 1002.72 1002.72 1002.72 1002.72
1002.722 1002.722 1002.722 1002.722 1002.722 1002.722 1002.722 1002.722 1002.722 1002.722 1002.722 1002.722 1002.722 1002.722 1002.722 1002.722 1002.722 1002.722 1002.722 1002.722 1002.722 1002.722 1002.722 1002.722 1002.722 1002.723 1002.723 1002.723 1002.723 1002.723 1002.723 1002.723 1002.723 1002.723 1002.723 1002.723 1002.723 1002.723 1002.723 1002.723 1002.723 1002.723 1002.723 1002.723 1002.723 1002.723 1002.723 1002.723 1002.723 1002.723 1002.723 1002.723 1002.723 1002.723 1002.723 1002.723 1002.723 1002.723 1002.723 1002.723 1002.723 1002.723 1002.723 1002.723 1002.723 1002.723 1002.723 1002.723 1002.723
1002.725 1002.725 1002.725 1002.725 1002.725 1002.725 1002.725 1002.725 1002.725 1002.725 1002.725 1002.725 1002.725 1002.725 1002.725 1002.725 1002.725 1002.725 1002.725 1002.725 1002.725 1002.725 1002.725 1002.725 1002.725 1002.725 1002.725 1002.725 1002.725 1002.725 1002.725 1002.725 1002.725 1002.725 1002.725 1002.725 1002.725 1002.725 1002.725 1002.725 1002.725 1002.725 1002.725 1002.725 1002.725 1002.725 1002.725 1002.725 1002.725 1002.725 1002.725 1002.725 1002.725 1002.725 1002.725 1002.725 1002.725 1002.725 1002.725 1002.725 1002.725 1002.725 1002.725 1002.725 1002.725 1002.725 1002.725 1002.725 1002.725
1002.727 1002.727 1002.727 1002.727 1002.727 1002.727 1002.727 1002.727 1002.727 1002.727 1002.727 1002.727 1002.727 1002.727 1002.727 1002.727 1002.727 1002.727 1002.727 1002.727 1002.727 1002.727 1002.727 1002.727 1002.727 1002.727 1002.727 1002.727 1002.727 1002.727 1002.727 1002.727 1002.727 1002.727 1002.727 1002.727 1002.727 1002.727 1002.727 1002.727 1002.727 1002.727 1002.727 1002.727 1002.727 1002.727 1002.727 1002.727 1002.727 1002.727 1002.727 1002.727 1002.727 1002.727 1002.727 1002.727 1002.727 1002.727 1002.727 1002.727 1002.727 1002.727 1002.727 1002.727 1002.727 1002.727 1002.727 1002.727 1002.727
1002.729 1002.729 1002.729 1002.729 1002.729 1002.729 1002.729 1002.729 1002.729 1002.729 1002.729 1002.729 1002.729 1002.729 1002.729 1002.729 1002.729 1002.729 1002.729 1002.729 1002.729 1002.729 1002.729 1002.729 1002.729 1002.729 1002.729 1002.729 1002.729 1002.729 1002.729 1002.729 1002.729 1002.729 1002.729 1002.729 1002.729 1002.729 1002.729 1002.729 1002.729 1002.729 1002.729 1002.729 1002.729 1002.729 1002.729 1002.729 1002.729 1002.729 1002.729 1002.729 1002.729 1002.729 1002.729 1002.729 1002.729 1002.729 1002.729 1002.729 1002.729 1002.729 1002.729 1002.729 1002.729 1002.73 1002.73 1002.73 1002.73
1002.732 1002.732 1002.732 1002.732 1002.732 1002.732 1002.732 1002.732 1002.732 1002.732 1002.732 1002.732 1002.732 1002.732 1002.732 1002.732 1002.732 1002.732 1002.732 1002.732 1002.732 1002.732 1002.732 1002.732 1002.732 1002.732 1002.732 1002.732 1002.732 1002.732 1002.732 1002.732 1002.732 1002.732 1002.732 1002.732 1002.732 1002.732 1002.732 1002.732 1002.732 1002.732 1002.732 1002.732 1002.732 1002.732 1002.732 1002.732 1002.732 1002.732 1002.732 1002.732 1002.732 1002.732 1002.732 1002.732 1002.732 1002.732 1002.732 1002.732 1002.732 1002.732 1002.732 1002.732 1002.732 1002.732 1002.732 1002.732 1002.732
1002.734 1002.734 1002.734 1002.734 1002.734 1002.734 1002.734 1002.734 1002.734 1002.734 1002.734 1002.734 1002.734 1002.734 1002.734 1002.734 1002.734 1002.734 1002.734 1002.734 1002.734 1002.734 1002.734 1002.734 1002.734 1002.734 1002.734 1002.734 1002.734 1002.734 1002.734 1002.734 1002.734 1002.734 1002.734 1002.734 1002.734 1002.734 1002.734 1002.734 1002.734 1002.734 1002.734 1002.734 1002.734 1002.734 1002.734 1002.734 1002.734 1002.734 1002.734 1002.734 1002.734 1002.734 1002.734 1002.734 1002.734 1002.734 1002.734 1002.734 1002.734 1002.734 1002.734 1002.734 1002.734 1002.734 1002.734 1002.734 1002.734
1002.736 1002.736 1002.736 1002.736 1002.736 1002.736 1002.736 1002.736 1002.736 1002.736 1002.736 1002.736 1002.736 1002.736 1002.736 1002.736 1002.736 1002.736 1002.736 1002.736 1002.736 1002.736 1002.736 1002.736 1002.736 1002.736 1002.736 1002.736 1002.736 1002.736 1002.736 1002.736 1002.736 1002.736 1002.736 1002.736 1002.736 1002.736 1002.736 1002.736 1002.736 1002.736 1002.736 1002.736 1002.736 1002.736 1002.736 1002.736 1002.736 1002.736 1002.736 1002.736 1002.736 1002.736 1002.736 1002.736 1002.736 1002.736 1002.736 1002.736 1002.736 1002.736 1002.736 1002.736 1002.736 1002.736 1002.736 1002.736 1002.736
1002.739 1002.739 1002.739 1002.739 1002.739 1002.739 1002.739 1002.739 1002.739 1002.739 1002.739 1002.739 1002.739 1002.739 1002.739 1002.739 1002.739 1002.739 1002.739 1002.739 1002.739 1002.739 1002.739 1002.739 1002.739 1002.739 1002.739 1002.739 1002.739 1002.739 1002.739 1002.739 1002.739 1002.739 1002.739 1002.739 1002.739 1002.739 1002.739 1002.739 1002.739 1002.739 1002.739 1002.739 1002.739 1002.739 1002.739 1002.739 1002.739 1002.739 1002.739 1002.739 1002.739 1002.739 1002.739 1002.739 1002.739 1002.739 1002.739 1002.739 1002.739 1002.739 1002.739 1002.739 1002.739 1002.739 1002.739 1002.739 1002.739
1002.741 1002.741 1002.741 1002.741 1002.741 1002.741 1002.741 1002.741 1002.741 1002.741 1002.741 1002.741 1002.741 1002.741 1002.741 1002.741 1002.741 1002.741 1002.741 1002.741 1002.741 1002.741 1002.741 1002.741 1002.741 1002.741 1002.741 1002.741 1002.741 1002.741 1002.741 1002.741 1002.741 1002.741 1002.741 1002.741 1002.741 1002.741 1002.741 1002.741 1002.741 1002.741 1002.741 1002.741 1002.741 1002.741 1002.741 1002.741 1002.741 1002.741 1002.741 1002.741 1002.741 1002.741 1002.741 1002.741 1002.741 1002.741 1002.741 1002.741 1002.741 1002.741 1002.741 1002.741 1002.741 1002.741 1002.741 1002.741 1002.741
1002.743 1002.743 1002.743 1002.743 1002.743 1002.743 1002.743 1002.743 1002.743 1002.743 1002.743 1002.743 1002.743 1002.743 1002.743 1002.743 1002.743 1002.743 1002.743 1002.743 1002.743 1002.743 1002.743 1002.743 1002.743 1002.743 1002.743 1002.743 1002.743 1002.743 1002.743 1002.743 1002.743 1002.743 1002.743 1002.743 1002.743 1002.743 1002.743 1002.743 1002.743 1002.743 1002.743 1002.743 1002.743 1002.743 1002.743 1002.743 1002.743 1002.743 1002.743 1002.743 1002.743 1002.743 1002.743 1002.743 1002.743 1002.743 1002.743 1002.743 1002.743 1002.743 1002.743 1002.743 1002.743 1002.743 1002.743 1002.743 1002.743
1002.745 1002.745 1002.745 1002.745 1002.745 1002.745 1002.745 1002.745 1002.745 1002.745 1002.745 1002.745 1002.745 1002.745 1002.745 1002.745 1002.745 1002.745 1002.745 1002.746 1002.746 1002.746 1002.746 1002.746 1002.746 1002.746 1002.746 1002.746 1002.746 1002.746 1002.746 1002.746 1002.746 1002.746 1002.746 1002.746 1002.746 1002.746 1002.746 1002.746 1002.746 1002.746 1002.746 1002.746 1002.746 1002.746 1002.746 1002.746 1002.746 1002.746 1002.746 1002.746 1002.746 1002.746 1002.746 1002.746 1002.746 1002.746 1002.746 1002.746 1002.746 1002.746 1002.746 1002.746 1002.746 1002.746 1002.746 1002.746 1002.746
1002.748 1002.748 1002.748 1002.748 1002.748 1002.748 1002.748 1002.748 1002.748 1002.748 1002.748 1002.748 1002.748 1002.748 1002.748 1002.748 1002.748 1002.748 1002.748 1002.748 1002.748 1002.748 1002.748 1002.748 1002.748 1002.748 1002.748 1002.748 1002.748 1002.748 1002.748 1002.748 1002.748 1002.748 1002.748 1002.748 1002.748 1002.748 1002.748 1002.748 1002.748 1002.748 1002.748 1002.748 1002.748 1002.748 1002.748 1002.748 1002.748 1002.748 1002.748 1002.748 1002.748 1002.748 1002.748 1002.748 1002.748 1002.748 1002.748 1002.748 1002.748 1002.748 1002.748 1002.748 1002.748 1002.748 1002.748 1002.748 1002.748
1002.75 1002.75 1002.75 1002.75 1002.75 1002.75 1002.75 1002.75 1002.75 1002.75 1002.75 1002.75 1002.75 1002.75 1002.75 1002.75 1002.75 1002.75 1002.75 1002.75 1002.75 1002.75 1002.75 1002.75 1002.75 1002.75 1002.75 1002.75 1002.75 1002.75 1002.75 1002.75 1002.75 1002.75 1002.75 1002.75 1002.75 1002.75 1002.75 1002.75 1002.75 1002.75 1002.75 1002.75 1002.75 1002.75 1002.75 1002.75 1002.75 1002.75 1002.75 1002.75 1002.75 1002.75 1002.75 1002.75 1002.75 1002.75 1002.75 1002.75 1002.75 1002.75 1002.75 1002.75 1002.75 1002.75 1002.75 1002.75 1002.75
1002.752 1002.752 1002.752 1002.752 1002.752 1002.752 1002.752 1002.752 1002.752 1002.752 1002.752 1002.752 1002.752 1002.752 1002.752 1002.752 1002.752 1002.752 1002.752 1002.752 1002.752 1002.752 1002.752 1002.752 1002.752 1002.752 1002.752 1002.752 1002.752 1002.752 1002.752 1002.752 1002.752 1002.752 1002.752 1002.752 1002.752 1002.753 1002.753 1002.753 1002.753 1002.753 1002.753 1002.753 1002.753 1002.753 1002.753 1002.753 1002.753 1002.753 1002.753 1002.753 1002.753 1002.753 1002.753 1002.753 1002.753 1002.753 1002.753 1002.753 1002.753 1002.753 1002.753 1002.753 1002.753 1002.753 1002.753 1002.753 1002.753
1002.755 1002.755 1002.755 1002.755 1002.755 1002.755 1002.755 1002.755 1002.755 1002.755 1002.755 1002.755 1002.755 1002.755 1002.755 1002.755 1002.755 1002.755 1002.755 1002.755 1002.755 1002.755 1002.755 1002.755 1002.755 1002.755 1002.755 1002.755 1002.755 1002.755 1002.755 1002.755 1002.755 1002.755 1002.755 1002.755 1002.755 1002.755 1002.755 1002.755 1002.755 1002.755 1002.755 1002.755 1002.755 1002.755 1002.755 1002.755 1002.755 1002.755 1002.755 1002.755 1002.755 1002.755 1002.755 1002.755 1002.755 1002.755 1002.755 1002.755 1002.755 1002.755 1002.755 1002.755 1002.755 1002.755 1002.755 1002.755 1002.755
1002.757 1002.757 1002.757 1002.757 1002.757 1002.757 1002.757 1002.757 1002.757 1002.757 1002.757 1002.757 1002.757 1002.757 1002.757 1002.757 1002.757 1002.757 1002.757 1002.757 1002.757 1002.757 1002.757 1002.757 1002.757 1002.757 1002.757 1002.757 1002.757 1002.757 1002.757 1002.757 1002.757 1002.757 1002.757 1002.757 1002.757 1002.757 1002.757 1002.757 1002.757 1002.757 1002.757 1002.757 1002.757 1002.757 1002.757 1002.757 1002.757 1002.757 1002.757 1002.757 1002.757 1002.757 1002.757 1002.757 1002.757 1002.757 1002.757 1002.757 1002.757 1002.757 1002.757 1002.757 1002.757 1002.757 1002.757 1002.757 1002.757
1002.759 1002.759 1002.759 1002.759 1002.759 1002.759 1002.759 1002.759 1002.759 1002.759 1002.759 1002.759 1002.759 1002.759 1002.759 1002.759 1002.759 1002.759 1002.759 1002.759 1002.759 1002.759 1002.759 1002.759 1002.759 1002.759 1002.759 1002.759 1002.759 1002.759 1002.759 1002.759 1002.759 1002.759 1002.759 1002.759 1002.759 1002.759 1002.759 1002.759 1002.759 1002.759 1002.759 1002.759 1002.759 1002.759 1002.759 1002.759 1002.759 1002.759 1002.759 1002.759 1002.759 1002.759 1002.759 1002.759 1002.759 1002.759 1002.759 1002.759 1002.759 1002.759 1002.759 1002.759 1002.759 1002.759 1002.759 1002.759 1002.759
1002.762 1002.762 1002.762 1002.762 1002.762 1002.762 1002.762 1002.762 1002.762 1002.762 1002.762 1002.762 1002.762 1002.762 1002.762 1002.762 1002.762 1002.762 1002.762 1002.762 1002.762 1002.762 1002.762 1002.762 1002.762 1002.762 1002.762 1002.762 1002.762 1002.762 1002.762 1002.762 1002.762 1002.762 1002.762 1002.762 1002.762 1002.762 1002.762 1002.762 1002.762 1002.762 1002.762 1002.762 1002.762 1002.762 1002.762 1002.762 1002.762 1002.762 1002.762 1002.762 1002.762 1002.762 1002.762 1002.762 1002.762 1002.762 1002.762 1002.762 1002.762 1002.762 1002.762 1002.762 1002.762 1002.762 1002.762 1002.762 1002.762
1002.764 1002.764 1002.764 1002.764 1002.764 1002.764 1002.764 1002.764 1002.764 1002.764 1002.764 1002.764 1002.764 1002.764 1002.764 1002.764 1002.764 1002.764 1002.764 1002.764 1002.764 1002.764 1002.764 1002.764 1002.764 1002.764 1002.764 1002.764 1002.764 1002.764 1002.764 1002.764 1002.764 1002.764 1002.764 1002.764 1002.764 1002.764 1002.764 1002.764 1002.764 1002.764 1002.764 1002.764 1002.764 1002.764 1002.764 1002.764 1002.764 1002.764 1002.764 1002.764 1002.764 1002.764 1002.764 1002.764 1002.764 1002.764 1002.764 1002.764 1002.764 1002.764 1002.764 1002.764 1002.764 1002.764 1002.764 1002.764 1002.764
