sfe82_gcs_analysis/sfe_82.asc
ncols         436
nrows         156
xllcorner     2820.9408055826
yllcorner     1902.6165220236
cellsize      0.7
NODATA_value  -9999
[rows 30 to 59 of 156, columns 69 to 137 of 436]
1001.494 1001.494 1001.494 1001.495 1001.495 1001.495 1001.495 1001.496 1001.496 1001.496 1001.497 1001.497 1001.497 1001.497 1001.498 1001.498 1001.498 1001.499 1001.499 1001.499 1001.5 1001.5 1001.5 1001.5 1001.501 1001.501 1001.501 1001.502 1001.502 1001.502 1001.502 1001.503 1001.503 1001.503 1001.504 1001.504 1001.504 1001.504 1001.505 1001.505 1001.505 1001.506 1001.506 1001.506 1001.506 1001.507 1001.507 1001.507 1001.508 1001.508 1001.508 1001.508 1001.509 1001.509 1001.509 1001.51 1001.51 1001.51 1001.51 1001.511 1001.511 1001.511 1001.512 1001.512 1001.512 1001.513 1001.513 1001.513 1001.513
1001.734 1001.734 1001.734 1001.735 1001.735 1001.735 1001.735 1001.736 1001.736 1001.736 1001.737 1001.737 1001.737 1001.737 1001.738 1001.738 1001.738 1001.739 1001.739 1001.739 1001.74 1001.74 1001.74 1001.74 1001.741 1001.741 1001.741 1001.742 1001.742 1001.742 1001.742 1001.743 1001.743 1001.743 1001.744 1001.744 1001.744 1001.744 1001.745 1001.745 1001.745 1001.746 1001.746 1001.746 1001.746 1001.747 1001.747 1001.747 1001.748 1001.748 1001.748 1001.749 1001.749 1001.749 1001.749 1001.75 1001.75 1001.75 1001.751 1001.751 1001.751 1001.751 1001.752 1001.752 1001.752 1001.753 1001.753 1001.753 1001.753
1001.965 1001.965 1001.965 1001.965 1001.966 1001.966 1001.966 1001.966 1001.967 1001.967 1001.967 1001.967 1001.968 1001.968 1001.968 1001.968 1001.969 1001.969 1001.969 1001.969 1001.97 1001.97 1001.97 1001.97 1001.971 1001.971 1001.971 1001.971 1001.972 1001.972 1001.972 1001.972 1001.973 1001.973 1001.973 1001.973 1001.974 1001.974 1001.974 1001.974 1001.975 1001.975 1001.975 1001.975 1001.976 1001.976 1001.976 1001.976 1001.977 1001.977 1001.977 1001.977 1001.978 1001.978 1001.978 1001.978 1001.979 1001.979 1001.979 1001.979 1001.98 1001.98 1001.98 1001.981 1001.981 1001.981 1001.981 1001.982 1001.982
1002.175 1002.175 1002.175 1002.175 1002.176 1002.176 1002.176 1002.176 1002.177 1002.177 1002.177 1002.177 1002.178 1002.178 1002.178 1002.178 1002.179 1002.179 1002.179 1002.179 1002.18 1002.18 1002.18 1002.18 1002.181 1002.181 1002.181 1002.181 1002.182 1002.182 1002.182 1002.182 1002.183 1002.183 1002.183 1002.183 1002.184 1002.184 1002.184 1002.184 1002.185 1002.185 1002.185 1002.185 1002.186 1002.186 1002.186 1002.186 1002.187 1002.187 1002.187 1002.187 1002.188 1002.188 1002.188 1002.188 1002.189 1002.189 1002.189 1002.189 1002.19 1002.19 1002.19 1002.19 1002.191 1002.191 1002.191 1002.192 1002.192
1002.378 1002.379 1002.379 1002.379 1002.379 1002.38 1002.38 1002.38 1002.38 1002.38 1002.381 1002.381 1002.381 1002.381 1002.382 1002.382 1002.382 1002.382 1002.383 1002.383 1002.383 1002.383 1002.383 1002.384 1002.384 1002.384 1002.384 1002.385 1002.385 1002.385 1002.385 1002.385 1002.386 1002.386 1002.386 1002.386 1002.387 1002.387 1002.387 1002.387 1002.388 1002.388 1002.388 1002.388 1002.388 1002.389 1002.389 1002.389 1002.389 1002.39 1002.39 1002.39 1002.39 1002.391 1002.391 1002.391 1002.391 1002.391 1002.392 1002.392 1002.392 1002.392 1002.393 1002.393 1002.393 1002.393 1002.393 1002.394 1002.394
1002.571 1002.572 1002.572 1002.572 1002.572 1002.573 1002.573 1002.573 1002.573 1002.574 1002.574 1002.574 1002.574 1002.575 1002.575 1002.575 1002.575 1002.576 1002.576 1002.576 1002.576 1002.577 1002.577 1002.577 1002.577 1002.578 1002.578 1002.578 1002.578 1002.578 1002.579 1002.579 1002.579 1002.579 1002.58 1002.58 1002.58 1002.58 1002.581 1002.581 1002.581 1002.581 1002.582 1002.582 1002.582 1002.582 1002.583 1002.583 1002.583 1002.583 1002.584 1002.584 1002.584 1002.584 1002.585 1002.585 1002.585 1002.585 1002.585 1002.586 1002.586 1002.586 1002.586 1002.587 1002.587 1002.587 1002.587 1002.588 1002.588
1002.711 1002.711 1002.711 1002.711 1002.711 1002.711 1002.711 1002.711 1002.711 1002.711 1002.711 1002.711 1002.711 1002.711 1002.711 1002.711 1002.711 1002.711 1002.711 1002.711 1002.711 1002.711 1002.711 1002.711 1002.711 1002.711 1002.711 1002.711 1002.711 1002.711 1002.711 1002.711 1002.711 1002.711 1002.711 1002.711 1002.711 1002.711 1002.711 1002.711 1002.711 1002.711 1002.711 1002.711 1002.711 1002.711 1002.711 1002.711 1002.711 1002.711 1002.711 1002.711 1002.711 1002.711 1002.711 1002.711 1002.711 1002.711 1002.711 1002.711 1002.711 1002.711 1002.711 1002.711 1002.711 1002.711 1002.711 1002.711 1002.711
1002.713 1002.713 1002.713 1002.713 1002.713 1002.713 1002.713 1002.713 1002.713 1002.713 1002.713 1002.713 1002.713 1002.713 1002.713 1002.713 1002.713 1002.713 1002.713 1002.713 1002.713 1002.713 1002.713 1002.713 1002.713 1002.713 1002.713 1002.713 1002.713 1002.713 1002.713 1002.713 1002.713 1002.713 1002.713 1002.713 1002.713 1002.713 1002.713 1002.713 1002.713 1002.713 1002.713 1002.713 1002.713 1002.713 1002.713 1002.713 1002.713 1002.713 1002.713 1002.713 1002.713 1002.713 1002.713 1002.713 1002.713 1002.713 1002.713 1002.713 1002.713 1002.713 1002.713 1002.713 1002.713 1002.713 1002.713 1002.713 1002.713
1002.715 1002.715 1002.715 1002.715 1002.715 1002.715 1002.715 1002.715 1002.715 1002.715 1002.715 1002.715 1002.715 1002.715 1002.715 1002.715 1002.715 1002.715 1002.715 1002.715 1002.715 1002.715 1002.715 1002.715 1002.715 1002.715 1002.715 1002.715 1002.715 1002.715 1002.715 1002.715 1002.715 1002.715 1002.715 1002.715 1002.715 1002.715 1002.715 1002.715 1002.715 1002.715 1002.715 1002.715 1002.715 1002.715 1002.715 1002.715 1002.715 1002.715 1002.715 1002.715 1002.715 1002.715 1002.716 1002.716 1002.716 1002.716 1002.716 1002.716 1002.716 1002.716 1002.716 1002.716 1002.716 1002.716 1002.716 1002.716 1002.716
1002.718 1002.718 1002.718 1002.718 1002.718 1002.718 1002.718 1002.718 1002.718 1002.718 1002.718 1002.718 1002.718 1002.718 1002.718 1002.718 1002.718 1002.718 1002.718 1002.718 1002.718 1002.718 1002.718 1002.718 1002.718 1002.718 1002.718 1002.718 1002.718 1002.718 1002.718 1002.718 1002.718 1002.718 1002.718 1002.718 1002.718 1002.718 1002.718 1002.718 1002.718 1002.718 1002.718 1002.718 1002.718 1002.718 1002.718 1002.718 1002.718 1002.718 1002.718 1002.718 1002.718 1002.718 1002.718 1002.718 1002.718 1002.718 1002.718 1002.718 1002.718 1002.718 1002.718 1002.718 1002.718 1002.718 1002.718 1002.718 1002.718
1002.72 1002.72 1002.72 1002.72 1002.72 1002.72 1002.72 1002.72 1002.72 1002.72 1002.72 1002.72 1002.72 1002.72 1002.72 1002.72 1002.72 1002.72 1002.72 1002.72 1002.72 1002.72 1002.72 1002.72 1002.72 1002.72 1002.72 1002.72 1002.72 1002.72 1002.72 1002.72 1002.72 1002.72 1002.72 1002.72 1002.72 1002.72 1002.72 1002.72 1002.72 1002.72 1002.72 1002.72 1002.72 1002.72 1002.72 1002.72 1002.72 1002.72 1002.72 1002.72 1002.72 1002.72 1002.72 1002.72 1002.72 1002.72 1002.72 1002.72 1002.72 1002.72 1002.72 1002.72 1002.72 1002.72 1002.72 1002.72 1002.72
1002.722 1002.722 1002.722 1002.722 1002.722 1002.722 1002.722 1002.722 1002.722 1002.722 1002.722 1002.722 1002.722 1002.722 1002.722 1002.722 1002.722 1002.722 1002.722 1002.722 1002.722 1002.722 1002.722 1002.722 1002.722 1002.722 1002.722 1002.722 1002.722 1002.722 1002.722 1002.722 1002.722 1002.722 1002.722 1002.722 1002.722 1002.722 1002.722 1002.722 1002.722 1002.722 1002.722 1002.722 1002.722 1002.722 1002.722 1002.722 1002.722 1002.722 1002.722 1002.722 1002.722 1002.722 1002.722 1002.722 1002.722 1002.722 1002.722 1002.722 1002.722 1002.722 1002.722 1002.722 1002.722 1002.722 1002.722 1002.722 1002.722
1002.725 1002.725 1002.725 1002.725 1002.725 1002.725 1002.725 1002.725 1002.725 1002.725 1002.725 1002.725 1002.725 1002.725 1002.725 1002.725 1002.725 1002.725 1002.725 1002.725 1002.725 1002.725 1002.725 1002.725 1002.725 1002.725 1002.725 1002.725 1002.725 1002.725 1002.725 1002.725 1002.725 1002.725 1002.725 1002.725 1002.725 1002.725 1002.725 1002.725 1002.725 1002.725 1002.725 1002.725 1002.725 1002.725 1002.725 1002.725 1002.725 1002.725 1002.725 1002.725 1002.725 1002.725 1002.725 1002.725 1002.725 1002.725 1002.725 1002.725 1002.725 1002.725 1002.725 1002.725 1002.725 1002.725 1002.725 1002.725 1002.725
1002.727 1002.727 1002.727 1002.727 1002.727 1002.727 1002.727 1002.727 1002.727 1002.727 1002.727 1002.727 1002.727 1002.727 1002.727 1002.727 1002.727 1002.727 1002.727 1002.727 1002.727 1002.727 1002.727 1002.727 1002.727 1002.727 1002.727 1002.727 1002.727 1002.727 1002.727 1002.727 1002.727 1002.727 1002.727 1002.727 1002.727 1002.727 1002.727 1002.727 1002.727 1002.727 1002.727 1002.727 1002.727 1002.727 1002.727 1002.727 1002.727 1002.727 1002.727 1002.727 1002.727 1002.727 1002.727 1002.727 1002.727 1002.727 1002.727 1002.727 1002.727 1002.727 1002.727 1002.727 1002.727 1002.727 1002.727 1002.727 1002.727
1002.729 1002.729 1002.729 1002.729 1002.729 1002.729 1002.729 1002.729 1002.729 1002.729 1002.729 1002.729 1002.729 1002.729 1002.729 1002.729 1002.729 1002.729 1002.729 1002.729 1002.729 1002.729 1002.729 1002.729 1002.729 1002.729 1002.729 1002.729 1002.729 1002.729 1002.729 1002.729 1002.729 1002.729 1002.729 1002.729 1002.729 1002.729 1002.729 1002.729 1002.729 1002.729 1002.729 1002.729 1002.729 1002.729 1002.729 1002.729 1002.729 1002.729 1002.729 1002.729 1002.729 1002.729 1002.729 1002.729 1002.729 1002.729 1002.729 1002.729 1002.729 1002.729 1002.729 1002.729 1002.729 1002.729 1002.729 1002.729 1002.729
1002.731 1002.731 1002.731 1002.731 1002.731 1002.731 1002.731 1002.731 1002.732 1002.732 1002.732 1002.732 1002.732 1002.732 1002.732 1002.732 1002.732 1002.732 1002.732 1002.732 1002.732 1002.732 1002.732 1002.732 1002.732 1002.732 1002.732 1002.732 1002.732 1002.732 1002.732 1002.732 1002.732 1002.732 1002.732 1002.732 1002.732 1002.732 1002.732 1002.732 1002.732 1002.732 1002.732 1002.732 1002.732 1002.732 1002.732 1002.732 1002.732 1002.732 1002.732 1002.732 1002.732 1002.732 1002.732 1002.732 1002.732 1002.732 1002.732 1002.732 1002.732 1002.732 1002.732 1002.732 1002.732 1002.732 1002.732 1002.732 1002.732
1002.734 1002.734 1002.734 1002.734 1002.734 1002.734 1002.734 1002.734 1002.734 1002.734 1002.734 1002.734 1002.734 1002.734 1002.734 1002.734 1002.734 1002.734 1002.734 1002.734 1002.734 1002.734 1002.734 1002.734 1002.734 1002.734 1002.734 1002.734 1002.734 1002.734 1002.734 1002.734 1002.734 1002.734 1002.734 1002.734 1002.734 1002.734 1002.734 1002.734 1002.734 1002.734 1002.734 1002.734 1002.734 1002.734 1002.734 1002.734 1002.734 1002.734 1002.734 1002.734 1002.734 1002.734 1002.734 1002.734 1002.734 1002.734 1002.734 1002.734 1002.734 1002.734 1002.734 1002.734 1002.734 1002.734 1002.734 1002.734 1002.734
1002.736 1002.736 1002.736 1002.736 1002.736 1002.736 1002.736 1002.736 1002.736 1002.736 1002.736 1002.736 1002.736 1002.736 1002.736 1002.736 1002.736 1002.736 1002.736 1002.736 1002.736 1002.736 1002.736 1002.736 1002.736 1002.736 1002.736 1002.736 1002.736 1002.736 1002.736 1002.736 1002.736 1002.736 1002.736 1002.736 1002.736 1002.736 1002.736 1002.736 1002.736 1002.736 1002.736 1002.736 1002.736 1002.736 1002.736 1002.736 1002.736 1002.736 1002.736 1002.736 1002.736 1002.736 1002.736 1002.736 1002.736 1002.736 1002.736 1002.736 1002.736 1002.736 1002.736 1002.736 1002.736 1002.736 1002.736 1002.736 1002.736
1002.738 1002.738 1002.738 1002.738 1002.738 1002.738 1002.738 1002.738 1002.738 1002.738 1002.738 1002.738 1002.738 1002.738 1002.738 1002.738 1002.738 1002.738 1002.738 1002.738 1002.738 1002.738 1002.738 1002.738 1002.738 1002.738 1002.738 1002.738 1002.738 1002.738 1002.738 1002.738 1002.738 1002.738 1002.738 1002.738 1002.738 1002.738 1002.738 1002.738 1002.738 1002.738 1002.738 1002.738 1002.738 1002.738 1002.738 1002.738 1002.739 1002.739 1002.739 1002.739 1002.739 1002.739 1002.739 1002.739 1002.739 1002.739 1002.739 1002.739 1002.739 1002.739 1002.739 1002.739 1002.739 1002.739 1002.739 1002.739 1002.739
1002.741 1002.741 1002.741 1002.741 1002.741 1002.741 1002.741 1002.741 1002.741 1002.741 1002.741 1002.741 1002.741 1002.741 1002.741 1002.741 1002.741 1002.741 1002.741 1002.741 1002.741 1002.741 1002.741 1002.741 1002.741 1002.741 1002.741 1002.741 1002.741 1002.741 1002.741 1002.741 1002.741 1002.741 1002.741 1002.741 1002.741 1002.741 1002.741 1002.741 1002.741 1002.741 1002.741 1002.741 1002.741 1002.741 1002.741 1002.741 1002.741 1002.741 1002.741 1002.741 1002.741 1002.741 1002.741 1002.741 1002.741 1002.741 1002.741 1002.741 1002.741 1002.741 1002.741 1002.741 1002.741 1002.741 1002.741 1002.741 1002.741
1002.743 1002.743 1002.743 1002.743 1002.743 1002.743 1002.743 1002.743 1002.743 1002.743 1002.743 1002.743 1002.743 1002.743 1002.743 1002.743 1002.743 1002.743 1002.743 1002.743 1002.743 1002.743 1002.743 1002.743 1002.743 1002.743 1002.743 1002.743 1002.743 1002.743 1002.743 1002.743 1002.743 1002.743 1002.743 1002.743 1002.743 1002.743 1002.743 1002.743 1002.743 1002.743 1002.743 1002.743 1002.743 1002.743 1002.743 1002.743 1002.743 1002.743 1002.743 1002.743 1002.743 1002.743 1002.743 1002.743 1002.743 1002.743 1002.743 1002.743 1002.743 1002.743 1002.743 1002.743 1002.743 1002.743 1002.743 1002.743 1002.743
1002.745 1002.745 1002.745 1002.745 1002.745 1002.745 1002.745 1002.745 1002.745 1002.745 1002.745 1002.745 1002.745 1002.745 1002.745 1002.745 1002.745 1002.745 1002.745 1002.745 1002.745 1002.745 1002.745 1002.745 1002.745 1002.745 1002.745 1002.745 1002.745 1002.745 1002.745 1002.745 1002.745 1002.745 1002.745 1002.745 1002.745 1002.745 1002.745 1002.745 1002.745 1002.745 1002.745 1002.745 1002.745 1002.745 1002.745 1002.745 1002.745 1002.745 1002.745 1002.745 1002.745 1002.745 1002.745 1002.745 1002.745 1002.745 1002.745 1002.745 1002.745 1002.745 1002.745 1002.745 1002.745 1002.745 1002.745 1002.745 1002.745
1002.745 1002.746 1002.746 1002.746 1002.747 1002.747 1002.747 1002.748 1002.748 1002.748 1002.748 1002.748 1002.748 1002.748 1002.748 1002.748 1002.748 1002.748 1002.748 1002.748 1002.748 1002.748 1002.748 1002.748 1002.748 1002.748 1002.748 1002.748 1002.748 1002.748 1002.748 1002.748 1002.748 1002.748 1002.748 1002.748 1002.748 1002.748 1002.748 1002.748 1002.748 1002.748 1002.748 1002.748 1002.748 1002.748 1002.748 1002.748 1002.748 1002.748 1002.748 1002.748 1002.748 1002.748 1002.748 1002.748 1002.748 1002.748 1002.748 1002.748 1002.748 1002.748 1002.748 1002.748 1002.748 1002.748 1002.748 1002.748 1002.748
1002.734 1002.74 1002.742 1002.744 1002.746 1002.748 1002.748 1002.748 1002.749 1002.749 1002.75 1002.75 1002.75 1002.75 1002.75 1002.75 1002.75 1002.75 1002.75 1002.75 1002.75 1002.75 1002.75 1002.75 1002.75 1002.75 1002.75 1002.75 1002.75 1002.75 1002.75 1002.75 1002.75 1002.75 1002.75 1002.75 1002.75 1002.75 1002.75 1002.75 1002.75 1002.75 1002.75 1002.75 1002.75 1002.75 1002.75 1002.75 1002.75 1002.75 1002.75 1002.75 1002.75 1002.75 1002.75 1002.75 1002.75 1002.75 1002.75 1002.75 1002.75 1002.75 1002.75 1002.75 1002.75 1002.75 1002.75 1002.75 1002.75
1002.725 1002.725 1002.727 1002.73 1002.736 1002.741 1002.744 1002.746 1002.748 1002.75 1002.75 1002.751 1002.751 1002.751 1002.752 1002.752 1002.752 1002.752 1002.752 1002.752 1002.752 1002.752 1002.752 1002.752 1002.752 1002.752 1002.752 1002.752 1002.752 1002.752 1002.752 1002.752 1002.752 1002.752 1002.752 1002.752 1002.752 1002.752 1002.752 1002.752 1002.752 1002.752 1002.752 1002.752 1002.752 1002.752 1002.752 1002.752 1002.752 1002.752 1002.752 1002.752 1002.752 1002.752 1002.752 1002.752 1002.752 1002.752 1002.752 1002.752 1002.752 1002.752 1002.752 1002.752 1002.752 1002.752 1002.752 1002.752 1002.752
1002.729 1002.728 1002.727 1002.726 1002.725 1002.726 1002.728 1002.731 1002.737 1002.743 1002.745 1002.747 1002.749 1002.751 1002.752 1002.753 1002.753 1002.753 1002.754 1002.754 1002.754 1002.755 1002.755 1002.755 1002.755 1002.755 1002.755 1002.755 1002.755 1002.755 1002.755 1002.755 1002.755 1002.755 1002.755 1002.755 1002.755 1002.755 1002.755 1002.755 1002.755 1002.755 1002.755 1002.755 1002.755 1002.755 1002.755 1002.755 1002.755 1002.755 1002.755 1002.755 1002.755 1002.755 1002.755 1002.755 1002.755 1002.755 1002.755 1002.755 1002.755 1002.755 1002.755 1002.755 1002.755 1002.755 1002.755 1002.755 1002.755
-9999 1002.738 1002.735 1002.732 1002.729 1002.729 1002.728 1002.727 1002.726 1002.727 1002.729 1002.732 1002.738 1002.745 1002.747 1002.749 1002.751 1002.753 1002.754 1002.755 1002.755 1002.755 1002.756 1002.756 1002.756 1002.757 1002.757 1002.757 1002.757 1002.757 1002.757 1002.757 1002.757 1002.757 1002.757 1002.757 1002.757 1002.757 1002.757 1002.757 1002.757 1002.757 1002.757 1002.757 1002.757 1002.757 1002.757 1002.757 1002.757 1002.757 1002.757 1002.757 1002.757 1002.757 1002.757 1002.757 1002.757 1002.757 1002.757 1002.757 1002.757 1002.757 1002.757 1002.757 1002.757 1002.757 1002.757 1002.757 1002.757
-9999 -9999 -9999 -9999 -9999 1002.738 1002.735 1002.731 1002.73 1002.729 1002.728 1002.727 1002.727 1002.728 1002.73 1002.733 1002.739 1002.746 1002.748 1002.75 1002.752 1002.754 1002.756 1002.757 1002.757 1002.758 1002.758 1002.758 1002.758 1002.759 1002.759 1002.759 1002.759 1002.759 1002.759 1002.759 1002.759 1002.759 1002.759 1002.759 1002.759 1002.759 1002.759 1002.759 1002.759 1002.759 1002.759 1002.759 1002.759 1002.759 1002.759 1002.759 1002.759 1002.759 1002.759 1002.759 1002.759 1002.759 1002.759 1002.759 1002.759 1002.759 1002.759 1002.759 1002.759 1002.759 1002.759 1002.759 1002.759
-9999 -9999 -9999 -9999 -9999 -9999 -9999 -9999 1002.741 1002.738 1002.734 1002.732 1002.731 1002.73 1002.729 1002.728 1002.728 1002.729 1002.732 1002.735 1002.74 1002.747 1002.75 1002.752 1002.754 1002.756 1002.758 1002.759 1002.759 1002.76 1002.76 1002.76 1002.761 1002.761 1002.761 1002.761 1002.761 1002.761 1002.761 1002.761 1002.761 1002.761 1002.762 1002.762 1002.762 1002.762 1002.762 1002.762 1002.762 1002.762 1002.762 1002.762 1002.762 1002.762 1002.762 1002.762 1002.762 1002.762 1002.762 1002.762 1002.762 1002.762 1002.762 1002.762 1002.762 1002.762 1002.762 1002.762 1002.762
-9999 -9999 -9999 -9999 -9999 -9999 -9999 -9999 -9999 -9999 -9999 -9999 1002.741 1002.737 1002.734 1002.732 1002.731 1002.73 1002.73 1002.729 1002.729 1002.73 1002.733 1002.736 1002.741 1002.748 1002.751 1002.753 1002.755 1002.757 1002.759 1002.761 1002.761 1002.762 1002.762 1002.762 1002.763 1002.763 1002.763 1002.764 1002.764 1002.764 1002.764 1002.764 1002.764 1002.764 1002.764 1002.764 1002.764 1002.764 1002.764 1002.764 1002.764 1002.764 1002.764 1002.764 1002.764 1002.764 1002.764 1002.764 1002.764 1002.764 1002.764 1002.764 1002.764 1002.764 1002.764 1002.764 1002.764
