sfe82_gcs_analysis/sfe_82.asc
ncols         436
nrows         156
xllcorner     2820.9408055826
yllcorner     1902.6165220236
cellsize      0.7
NODATA_value  -9999
[rows 60 to 89 of 156, columns 207 to 275 of 436]
1002.766 1002.766 1002.766 1002.766 1002.766 1002.766 1002.766 1002.766 1002.766 1002.766 1002.766 1002.766 1002.766 1002.766 1002.766 1002.766 1002.766 1002.766 1002.766 1002.766 1002.766 1002.766 1002.766 1002.766 1002.766 1002.766 1002.766 1002.766 1002.766 1002.766 1002.766 1002.766 1002.766 1002.766 1002.766 1002.766 1002.766 1002.766 1002.766 1002.766 1002.766 1002.766 1002.766 1002.766 1002.766 1002.766 1002.766 1002.767 1002.767 1002.767 1002.767 1002.767 1002.767 1002.767 1002.767 1002.767 1002.767 1002.767 1002.767 1002.767 1002.767 1002.767 1002.767 1002.767 1002.767 1002.744 1002.758 1002.763 1002.767
1002.769 1002.769 1002.769 1002.769 1002.769 1002.769 1002.769 1002.769 1002.769 1002.769 1002.769 1002.769 1002.769 1002.769 1002.769 1002.769 1002.769 1002.769 1002.769 1002.769 1002.769 1002.769 1002.769 1002.769 1002.769 1002.769 1002.769 1002.769 1002.769 1002.769 1002.769 1002.769 1002.769 1002.769 1002.769 1002.769 1002.769 1002.769 1002.769 1002.769 1002.769 1002.769 1002.769 1002.769 1002.769 1002.769 1002.769 1002.769 1002.769 1002.769 1002.769 1002.769 1002.769 1002.769 1002.769 1002.769 1002.769 1002.769 1002.769 1002.769 1002.769 1002.769 1002.769 1002.769 1002.769 1002.769 1002.766 1002.74 1002.761
1002.771 1002.771 1002.771 1002.771 1002.771 1002.771 1002.771 1002.771 1002.771 1002.771 1002.771 1002.771 1002.771 1002.771 1002.771 1002.771 1002.771 1002.771 1002.771 1002.771 1002.771 1002.771 1002.771 1002.771 1002.771 1002.771 1002.771 1002.771 1002.771 1002.771 1002.771 1002.771 1002.771 1002.771 1002.771 1002.771 1002.771 1002.771 1002.771 1002.771 1002.771 1002.771 1002.771 1002.771 1002.771 1002.771 1002.771 1002.771 1002.771 1002.771 1002.771 1002.771 1002.771 1002.771 1002.771 1002.771 1002.771 1002.771 1002.771 1002.771 1002.771 1002.771 1002.771 1002.771 1002.771 1002.771 1002.771 1002.771 1002.76
1002.773 1002.773 1002.773 1002.773 1002.773 1002.773 1002.773 1002.773 1002.773 1002.773 1002.773 1002.773 1002.773 1002.773 1002.773 1002.773 1002.773 1002.773 1002.773 1002.773 1002.773 1002.773 1002.773 1002.773 1002.773 1002.773 1002.773 1002.773 1002.773 1002.773 1002.773 1002.773 1002.773 1002.773 1002.773 1002.773 1002.773 1002.773 1002.773 1002.773 1002.773 1002.773 1002.773 1002.773 1002.773 1002.773 1002.773 1002.773 1002.773 1002.773 1002.773 1002.773 1002.773 1002.773 1002.773 1002.773 1002.773 1002.773 1002.773 1002.773 1002.773 1002.773 1002.773 1002.773 1002.773 1002.773 1002.773 1002.773 1002.773
1002.776 1002.776 1002.776 1002.776 1002.776 1002.776 1002.776 1002.776 1002.776 1002.776 1002.776 1002.776 1002.776 1002.776 1002.776 1002.776 1002.776 1002.776 1002.776 1002.776 1002.776 1002.776 1002.776 1002.776 1002.776 1002.776 1002.776 1002.776 1002.776 1002.776 1002.776 1002.776 1002.776 1002.776 1002.776 1002.776 1002.776 1002.776 1002.776 1002.776 1002.776 1002.776 1002.776 1002.776 1002.776 1002.776 1002.776 1002.776 1002.776 1002.776 1002.776 1002.776 1002.776 1002.776 1002.776 1002.776 1002.776 1002.776 1002.776 1002.776 1002.776 1002.776 1002.776 1002.776 1002.776 1002.776 1002.776 1002.776 1002.776
1002.778 1002.778 1002.778 1002.778 1002.778 1002.778 1002.778 1002.778 1002.778 1002.778 1002.778 1002.778 1002.778 1002.778 1002.778 1002.778 1002.778 1002.778 1002.778 1002.778 1002.778 1002.778 1002.778 1002.778 1002.778 1002.778 1002.778 1002.778 1002.778 1002.778 1002.778 1002.778 1002.778 1002.778 1002.778 1002.778 1002.778 1002.778 1002.778 1002.778 1002.778 1002.778 1002.778 1002.778 1002.778 1002.778 1002.778 1002.778 1002.778 1002.778 1002.778 1002.778 1002.778 1002.778 1002.778 1002.778 1002.778 1002.778 1002.778 1002.778 1002.778 1002.778 1002.778 1002.778 1002.778 1002.778 1002.778 1002.778 1002.778
1002.78 1002.78 1002.78 1002.78 1002.78 1002.78 1002.78 1002.78 1002.78 1002.78 1002.78 1002.78 1002.78 1002.78 1002.78 1002.78 1002.78 1002.78 1002.78 1002.78 1002.78 1002.78 1002.78 1002.78 1002.78 1002.78 1002.78 1002.78 1002.78 1002.78 1002.78 1002.78 1002.78 1002.78 1002.78 1002.78 1002.78 1002.78 1002.78 1002.78 1002.78 1002.78 1002.78 1002.78 1002.78 1002.78 1002.78 1002.78 1002.78 1002.78 1002.78 1002.78 1002.78 1002.78 1002.78 1002.78 1002.78 1002.78 1002.78 1002.78 1002.78 1002.78 1002.78 1002.78 1002.78 1002.78 1002.78 1002.78 1002.78
1002.782 1002.783 1002.783 1002.783 1002.783 1002.783 1002.783 1002.783 1002.783 1002.783 1002.783 1002.783 1002.783 1002.783 1002.783 1002.783 1002.783 1002.783 1002.783 1002.783 1002.783 1002.783 1002.783 1002.783 1002.783 1002.783 1002.783 1002.783 1002.783 1002.783 1002.783 1002.783 1002.783 1002.783 1002.783 1002.783 1002.783 1002.783 1002.783 1002.783 1002.783 1002.783 1002.783 1002.783 1002.783 1002.783 1002.783 1002.783 1002.783 1002.783 1002.783 1002.783 1002.783 1002.783 1002.783 1002.783 1002.783 1002.783 1002.783 1002.783 1002.783 1002.783 1002.783 1002.783 1002.783 1002.783 1002.783 1002.783 1002.783
1002.785 1002.785 1002.785 1002.785 1002.785 1002.785 1002.785 1002.785 1002.785 1002.785 1002.785 1002.785 1002.785 1002.785 1002.785 1002.785 1002.785 1002.785 1002.785 1002.785 1002.785 1002.785 1002.785 1002.785 1002.785 1002.785 1002.785 1002.785 1002.785 1002.785 1002.785 1002.785 1002.785 1002.785 1002.785 1002.785 1002.785 1002.785 1002.785 1002.785 1002.785 1002.785 1002.785 1002.785 1002.785 1002.785 1002.785 1002.785 1002.785 1002.785 1002.785 1002.785 1002.785 1002.785 1002.785 1002.785 1002.785 1002.785 1002.785 1002.785 1002.785 1002.785 1002.785 1002.785 1002.785 1002.785 1002.785 1002.785 1002.785
1002.787 1002.787 1002.787 1002.787 1002.787 1002.787 1002.787 1002.787 1002.787 1002.787 1002.787 1002.787 1002.787 1002.787 1002.787 1002.787 1002.787 1002.787 1002.787 1002.787 1002.787 1002.787 1002.787 1002.787 1002.787 1002.787 1002.787 1002.787 1002.787 1002.787 1002.787 1002.787 1002.787 1002.787 1002.787 1002.787 1002.787 1002.787 1002.787 1002.787 1002.787 1002.787 1002.787 1002.787 1002.787 1002.787 1002.787 1002.787 1002.787 1002.787 1002.787 1002.787 1002.787 1002.787 1002.787 1002.787 1002.787 1002.787 1002.787 1002.787 1002.787 1002.787 1002.787 1002.787 1002.787 1002.787 1002.787 1002.787 1002.787
1002.789 1002.789 1002.789 1002.789 1002.789 1002.789 1002.789 1002.789 1002.789 1002.789 1002.789 1002.789 1002.789 1002.789 1002.789 1002.789 1002.789 1002.789 1002.789 1002.789 1002.789 1002.789 1002.789 1002.789 1002.789 1002.789 1002.789 1002.789 1002.789 1002.789 1002.789 1002.789 1002.789 1002.789 1002.789 1002.789 1002.789 1002.789 1002.789 1002.789 1002.789 1002.79 1002.79 1002.79 1002.79 1002.79 1002.79 1002.79 1002.79 1002.79 1002.79 1002.79 1002.79 1002.79 1002.79 1002.79 1002.79 1002.79 1002.79 1002.79 1002.79 1002.79 1002.79 1002.79 1002.79 1002.79 1002.79 1002.79 1002.79
1002.792 1002.792 1002.792 1002.792 1002.792 1002.792 1002.792 1002.792 1002.792 1002.792 1002.792 1002.792 1002.792 1002.792 1002.792 1002.792 1002.792 1002.792 1002.792 1002.792 1002.792 1002.792 1002.792 1002.792 1002.792 1002.792 1002.792 1002.792 1002.792 1002.792 1002.792 1002.792 1002.792 1002.792 1002.792 1002.792 1002.792 1002.792 1002.792 1002.792 1002.792 1002.792 1002.792 1002.792 1002.792 1002.792 1002.792 1002.792 1002.792 1002.792 1002.792 1002.792 1002.792 1002.792 1002.792 1002.792 1002.792 1002.792 1002.792 1002.792 1002.792 1002.792 1002.792 1002.792 1002.792 1002.792 1002.792 1002.792 1002.792
1002.794 1002.794 1002.794 1002.794 1002.794 1002.794 1002.794 1002.794 1002.794 1002.794 1002.794 1002.794 1002.794 1002.794 1002.794 1002.794 1002.794 1002.794 1002.794 1002.794 1002.794 1002.794 1002.794 1002.794 1002.794 1002.794 1002.794 1002.794 1002.794 1002.794 1002.794 1002.794 1002.794 1002.794 1002.794 1002.794 1002.794 1002.794 1002.794 1002.794 1002.794 1002.794 1002.794 1002.794 1002.794 1002.794 1002.794 1002.794 1002.794 1002.794 1002.794 1002.794 1002.794 1002.794 1002.794 1002.794 1002.794 1002.794 1002.794 1002.794 1002.794 1002.794 1002.794 1002.794 1002.794 1002.794 1002.794 1002.794 1002.794
1002.796 1002.796 1002.796 1002.796 1002.796 1002.796 1002.796 1002.796 1002.796 1002.796 1002.796 1002.796 1002.796 1002.796 1002.796 1002.796 1002.796 1002.796 1002.796 1002.796 1002.796 1002.796 1002.796 1002.796 1002.796 1002.796 1002.796 1002.796 1002.796 1002.796 1002.796 1002.796 1002.796 1002.796 1002.796 1002.796 1002.796 1002.796 1002.796 1002.796 1002.796 1002.796 1002.796 1002.796 1002.796 1002.796 1002.796 1002.796 1002.796 1002.796 1002.796 1002.796 1002.796 1002.796 1002.796 1002.796 1002.796 1002.796 1002.796 1002.797 1002.797 1002.797 1002.797 1002.797 1002.797 1002.797 1002.797 1002.797 1002.797
1002.799 1002.799 1002.799 1002.799 1002.799 1002.799 1002.799 1002.799 1002.799 1002.799 1002.799 1002.799 1002.799 1002.799 1002.799 1002.799 1002.799 1002.799 1002.799 1002.799 1002.799 1002.799 1002.799 1002.799 1002.799 1002.799 1002.799 1002.799 1002.799 1002.799 1002.799 1002.799 1002.799 1002.799 1002.799 1002.799 1002.799 1002.799 1002.799 1002.799 1002.799 1002.799 1002.799 1002.799 1002.799 1002.799 1002.799 1002.799 1002.799 1002.799 1002.799 1002.799 1002.799 1002.799 1002.799 1002.799 1002.799 1002.799 1002.799 1002.799 1002.799 1002.799 1002.799 1002.799 1002.799 1002.799 1002.799 1002.799 1002.799
1002.801 1002.801 1002.801 1002.801 1002.801 1002.801 1002.801 1002.801 1002.801 1002.801 1002.801 1002.801 1002.801 1002.801 1002.801 1002.801 1002.801 1002.801 1002.801 1002.801 1002.801 1002.801 1002.801 1002.801 1002.801 1002.801 1002.801 1002.801 1002.801 1002.801 1002.801 1002.801 1002.801 1002.801 1002.801 1002.801 1002.801 1002.801 1002.801 1002.801 1002.801 1002.801 1002.801 1002.801 1002.801 1002.801 1002.801 1002.801 1002.801 1002.801 1002.801 1002.801 1002.801 1002.801 1002.801 1002.801 1002.801 1002.801 1002.801 1002.801 1002.801 1002.801 1002.801 1002.801 1002.801 1002.801 1002.801 1002.801 1002.801
1002.803 1002.803 1002.803 1002.803 1002.803 1002.803 1002.803 1002.803 1002.803 1002.803 1002.803 1002.803 1002.803 1002.803 1002.803 1002.803 1002.803 1002.803 1002.803 1002.803 1002.803 1002.803 1002.803 1002.803 1002.803 1002.803 1002.803 1002.803 1002.803 1002.803 1002.803 1002.803 1002.803 1002.803 1002.803 1002.803 1002.803 1002.803 1002.803 1002.803 1002.803 1002.803 1002.803 1002.803 1002.803 1002.803 1002.803 1002.803 1002.803 1002.803 1002.803 1002.803 1002.803 1002.803 1002.803 1002.803 1002.803 1002.803 1002.803 1002.803 1002.803 1002.803 1002.803 1002.803 1002.803 1002.803 1002.803 1002.803 1002.803
1002.806 1002.806 1002.806 1002.806 1002.806 1002.806 1002.806 1002.806 1002.806 1002.806 1002.806 1002.806 1002.806 1002.806 1002.806 1002.806 1002.806 1002.806 1002.806 1002.806 1002.806 1002.806 1002.806 1002.806 1002.806 1002.806 1002.806 1002.806 1002.806 1002.806 1002.806 1002.806 1002.806 1002.806 1002.806 1002.806 1002.806 1002.806 1002.806 1002.806 1002.806 1002.806 1002.806 1002.806 1002.806 1002.806 1002.806 1002.806 1002.806 1002.806 1002.806 1002.806 1002.806 1002.806 1002.806 1002.806 1002.806 1002.806 1002.806 1002.806 1002.806 1002.806 1002.806 1002.806 1002.806 1002.806 1002.806 1002.806 1002.806
1002.808 1002.808 1002.808 1002.808 1002.808 1002.808 1002.808 1002.808 1002.808 1002.808 1002.808 1002.808 1002.808 1002.808 1002.808 1002.808 1002.808 1002.808 1002.808 1002.808 1002.808 1002.808 1002.808 1002.808 1002.808 1002.808 1002.808 1002.808 1002.808 1002.808 1002.808 1002.808 1002.808 1002.808 1002.808 1002.808 1002.808 1002.808 1002.808 1002.808 1002.808 1002.808 1002.808 1002.808 1002.808 1002.808 1002.808 1002.808 1002.808 1002.808 1002.808 1002.808 1002.808 1002.808 1002.808 1002.808 1002.808 1002.808 1002.808 1002.808 1002.808 1002.808 1002.808 1002.808 1002.808 1002.808 1002.808 1002.808 1002.808
1002.81 1002.81 1002.81 1002.81 1002.81 1002.81 1002.81 1002.81 1002.81 1002.81 1002.81 1002.81 1002.81 1002.81 1002.81 1002.81 1002.81 1002.81 1002.81 1002.81 1002.81 1002.81 1002.81 1002.81 1002.81 1002.81 1002.81 1002.81 1002.81 1002.81 1002.81 1002.81 1002.81 1002.81 1002.81 1002.81 1002.81 1002.81 1002.81 1002.81 1002.81 1002.81 1002.81 1002.81 1002.81 1002.81 1002.81 1002.81 1002.81 1002.81 1002.81 1002.81 1002.81 1002.81 1002.81 1002.81 1002.81 1002.81 1002.81 1002.81 1002.81 1002.81 1002.81 1002.81 1002.81 1002.81 1002.81 1002.81 1002.81
1002.812 1002.812 1002.812 1002.812 1002.812 1002.812 1002.812 1002.812 1002.812 1002.812 1002.812 1002.812 1002.812 1002.813 1002.813 1002.813 1002.813 1002.813 1002.813 1002.813 1002.813 1002.813 1002.813 1002.813 1002.813 1002.813 1002.813 1002.813 1002.813 1002.813 1002.813 1002.813 1002.813 1002.813 1002.813 1002.813 1002.813 1002.813 1002.813 1002.813 1002.813 1002.813 1002.813 1002.813 1002.813 1002.813 1002.813 1002.813 1002.813 1002.813 1002.813 1002.813 1002.813 1002.813 1002.813 1002.813 1002.813 1002.813 1002.813 1002.813 1002.813 1002.813 1002.813 1002.813 1002.813 1002.813 1002.813 1002.813 1002.813
1002.813 1002.814 1002.814 1002.814 1002.815 1002.815 1002.815 1002.815 1002.815 1002.815 1002.815 1002.815 1002.815 1002.815 1002.815 1002.815 1002.815 1002.815 1002.815 1002.815 1002.815 1002.815 1002.815 1002.815 1002.815 1002.815 1002.815 1002.815 1002.815 1002.815 1002.815 1002.815 1002.815 1002.815 1002.815 1002.815 1002.815 1002.815 1002.815 1002.815 1002.815 1002.815 1002.815 1002.815 1002.815 1002.815 1002.815 1002.815 1002.815 1002.815 1002.815 1002.815 1002.815 1002.815 1002.815 1002.815 1002.815 1002.815 1002.815 1002.815 1002.815 1002.815 1002.815 1002.815 1002.815 1002.815 1002.815 1002.815 1002.815
1002.814 1002.814 1002.815 1002.815 1002.815 1002.816 1002.816 1002.816 1002.817 1002.817 1002.817 1002.817 1002.817 1002.817 1002.817 1002.817 1002.817 1002.817 1002.817 1002.817 1002.817 1002.817 1002.817 1002.817 1002.817 1002.817 1002.817 1002.817 1002.817 1002.817 1002.817 1002.817 1002.817 1002.817 1002.817 1002.817 1002.817 1002.817 1002.817 1002.817 1002.817 1002.817 1002.817 1002.817 1002.817 1002.817 1002.817 1002.817 1002.817 1002.817 1002.817 1002.817 1002.817 1002.817 1002.817 1002.817 1002.817 1002.817 1002.817 1002.817 1002.817 1002.817 1002.817 1002.817 1002.817 1002.817 1002.817 1002.817 1002.817
1002.815 1002.815 1002.815 1002.816 1002.816 1002.816 1002.817 1002.817 1002.817 1002.818 1002.818 1002.818 1002.819 1002.819 1002.819 1002.819 1002.819 1002.819 1002.819 1002.819 1002.819 1002.819 1002.819 1002.819 1002.819 1002.819 1002.819 1002.819 1002.819 1002.819 1002.819 1002.819 1002.819 1002.819 1002.819 1002.819 1002.819 1002.819 1002.819 1002.819 1002.819 1002.819 1002.819 1002.819 1002.819 1002.819 1002.819 1002.819 1002.819 1002.819 1002.819 1002.819 1002.819 1002.82 1002.82 1002.82 1002.82 1002.82 1002.82 1002.82 1002.82 1002.82 1002.82 1002.82 1002.82 1002.82 1002.82 1002.82 1002.82
1002.814 1002.816 1002.816 1002.816 1002.817 1002.817 1002.818 1002.818 1002.818 1002.818 1002.819 1002.819 1002.82 1002.82 1002.82 1002.82 1002.821 1002.821 1002.822 1002.822 1002.822 1002.822 1002.822 1002.822 1002.822 1002.822 1002.822 1002.822 1002.822 1002.822 1002.822 1002.822 1002.822 1002.822 1002.822 1002.822 1002.822 1002.822 1002.822 1002.822 1002.822 1002.822 1002.822 1002.822 1002.822 1002.822 1002.822 1002.822 1002.822 1002.822 1002.822 1002.822 1002.822 1002.822 1002.822 1002.822 1002.822 1002.822 1002.822 1002.822 1002.822 1002.822 1002.822 1002.822 1002.822 1002.822 1002.822 1002.822 1002.822
1002.808 1002.81 1002.812 1002.814 1002.816 1002.818 1002.818 1002.819 1002.819 1002.819 1002.82 1002.82 1002.82 1002.821 1002.821 1002.821 1002.822 1002.822 1002.822 1002.823 1002.823 1002.823 1002.824 1002.824 1002.824 1002.824 1002.824 1002.824 1002.824 1002.824 1002.824 1002.824 1002.824 1002.824 1002.824 1002.824 1002.824 1002.824 1002.824 1002.824 1002.824 1002.824 1002.824 1002.824 1002.824 1002.824 1002.824 1002.824 1002.824 1002.824 1002.824 1002.824 1002.824 1002.824 1002.824 1002.824 1002.824 1002.824 1002.824 1002.824 1002.824 1002.824 1002.824 1002.824 1002.824 1002.824 1002.824 1002.824 1002.824
1002.801 1002.803 1002.805 1002.807 1002.809 1002.811 1002.813 1002.815 1002.818 1002.82 1002.82 1002.821 1002.821 1002.821 1002.822 1002.822 1002.822 1002.823 1002.823 1002.823 1002.824 1002.824 1002.824 1002.825 1002.825 1002.825 1002.826 1002.826 1002.826 1002.826 1002.826 1002.826 1002.826 1002.826 1002.826 1002.826 1002.826 1002.826 1002.826 1002.826 1002.826 1002.826 1002.826 1002.826 1002.826 1002.826 1002.826 1002.826 1002.826 1002.826 1002.826 1002.826 1002.826 1002.826 1002.826 1002.826 1002.826 1002.826 1002.826 1002.826 1002.826 1002.826 1002.826 1002.826 1002.826 1002.826 1002.826 1002.826 1002.826
1002.788 1002.794 1002.799 1002.801 1002.803 1002.805 1002.807 1002.809 1002.811 1002.813 1002.815 1002.817 1002.819 1002.821 1002.822 1002.823 1002.823 1002.823 1002.824 1002.824 1002.824 1002.825 1002.825 1002.825 1002.826 1002.826 1002.826 1002.827 1002.827 1002.827 1002.828 1002.828 1002.828 1002.829 1002.829 1002.829 1002.829 1002.829 1002.829 1002.829 1002.829 1002.829 1002.829 1002.829 1002.829 1002.829 1002.829 1002.829 1002.829 1002.829 1002.829 1002.829 1002.829 1002.829 1002.829 1002.829 1002.829 1002.829 1002.829 1002.829 1002.829 1002.829 1002.829 1002.829 1002.829 1002.829 1002.829 1002.829 1002.829
1002.766 1002.769 1002.776 1002.782 1002.789 1002.796 1002.8 1002.802 1002.804 1002.806 1002.808 1002.81 1002.812 1002.814 1002.816 1002.819 1002.821 1002.823 1002.824 1002.825 1002.825 1002.826 1002.826 1002.826 1002.826 1002.827 1002.827 1002.828 1002.828 1002.828 1002.828 1002.829 1002.829 1002.83 1002.83 1002.83 1002.831 1002.831 1002.831 1002.831 1002.831 1002.831 1002.831 1002.831 1002.831 1002.831 1002.831 1002.831 1002.831 1002.831 1002.831 1002.831 1002.831 1002.831 1002.831 1002.831 1002.831 1002.831 1002.831 1002.831 1002.831 1002.831 1002.831 1002.831 1002.831 1002.831 1002.831 1002.831 1002.831
1002.757 1002.759 1002.762 1002.764 1002.767 1002.77 1002.777 1002.784 1002.79 1002.797 1002.802 1002.804 1002.806 1002.808 1002.81 1002.812 1002.814 1002.816 1002.818 1002.82 1002.822 1002.824 1002.826 1002.827 1002.827 1002.828 1002.828 1002.828 1002.829 1002.829 1002.829 1002.83 1002.83 1002.83 1002.831 1002.831 1002.831 1002.832 1002.832 1002.832 1002.833 1002.833 1002.833 1002.833 1002.833 1002.833 1002.833 1002.833 1002.833 1002.833 1002.833 1002.833 1002.833 1002.833 1002.833 1002.833 1002.833 1002.833 1002.833 1002.833 1002.833 1002.833 1002.833 1002.833 1002.833 1002.833 1002.833 1002.833 1002.833
