sfe82_gcs_analysis/sfe_82.asc
ncols         436
nrows         156
xllcorner     2820.9408055826
yllcorner     1902.6165220236
cellsize      0.7
NODATA_value  -9999
[rows 0 to 29 of 156, columns 276 to 344 of 436]
-9999 -9999 -9999 -9999 -9999 -9999 -9999 -9999 -9999 -9999 -9999 -9999 -9999 -9999 -9999 -9999 -9999 -9999 -9999 -9999 -9999 -9999 -9999 -9999 -9999 -9999 -9999 -9999 -9999 -9999 -9999 -9999 -9999 -9999 -9999 -9999 -9999 -9999 -9999 -9999 -9999 -9999 -9999 -9999 -9999 -9999 -9999 -9999 -9999 -9999 -9999 -9999 -9999 -9999 -9999 -9999 -9999 -9999 -9999 -9999 -9999 -9999 -9999 -9999 -9999 -9999 -9999 -9999 -9999
1002.846 1002.876 -9999 -9999 -9999 -9999 -9999 -9999 -9999 -9999 -9999 -9999 -9999 -9999 -9999 -9999 -9999 -9999 -9999 -9999 -9999 -9999 -9999 -9999 -9999 -9999 -9999 -9999 -9999 -9999 -9999 -9999 -9999 -9999 -9999 -9999 -9999 -9999 -9999 -9999 -9999 -9999 -9999 -9999 -9999 -9999 -9999 -9999 -9999 -9999 -9999 -9999 -9999 -9999 -9999 -9999 -9999 -9999 -9999 -9999 -9999 -9999 -9999 -9999 -9999 -9999 -9999 -9999 -9999
1002.631 1002.656 1002.686 1002.716 1002.746 1002.776 1002.806 1002.836 1002.864 1002.889 -9999 -9999 -9999 -9999 -9999 -9999 -9999 -9999 -9999 -9999 -9999 -9999 -9999 -9999 -9999 -9999 -9999 -9999 -9999 -9999 -9999 -9999 -9999 -9999 -9999 -9999 -9999 -9999 -9999 -9999 -9999 -9999 -9999 -9999 -9999 -9999 -9999 -9999 -9999 -9999 -9999 -9999 -9999 -9999 -9999 -9999 -9999 -9999 -9999 -9999 -9999 -9999 -9999 -9999 -9999 -9999 -9999 -9999 -9999
1002.414 1002.441 1002.471 1002.501 1002.531 1002.556 1002.586 1002.616 1002.646 1002.676 1002.706 1002.734 1002.761 1002.811 1002.859 -9999 -9999 -9999 -9999 -9999 -9999 -9999 -9999 -9999 -9999 -9999 -9999 -9999 -9999 -9999 -9999 -9999 -9999 -9999 -9999 -9999 -9999 -9999 -9999 -9999 -9999 -9999 -9999 -9999 -9999 -9999 -9999 -9999 -9999 -9999 -9999 -9999 -9999 -9999 -9999 -9999 -9999 -9999 -9999 -9999 -9999 -9999 -9999 -9999 -9999 -9999 -9999 -9999 -9999
1002.196 1002.226 1002.256 1002.286 1002.314 1002.341 1002.371 1002.401 1002.431 1002.456 1002.486 1002.526 1002.604 1002.631 1002.66 1002.719 1002.782 1002.847 -9999 -9999 -9999 -9999 -9999 -9999 -9999 -9999 -9999 -9999 -9999 -9999 -9999 -9999 -9999 -9999 -9999 -9999 -9999 -9999 -9999 -9999 -9999 -9999 -9999 -9999 -9999 -9999 -9999 -9999 -9999 -9999 -9999 -9999 -9999 -9999 -9999 -9999 -9999 -9999 -9999 -9999 -9999 -9999 -9999 -9999 -9999 -9999 -9999 -9999 -9999
1001.981 1002.011 1002.041 1002.066 1002.096 1002.126 1002.156 1002.186 1002.214 1002.241 1002.3 1002.376 1002.44 1002.434 1002.457 1002.532 1002.587 1002.649 1002.712 1002.777 1002.839 -9999 -9999 -9999 -9999 -9999 -9999 -9999 -9999 -9999 -9999 -9999 -9999 -9999 -9999 -9999 -9999 -9999 -9999 -9999 -9999 -9999 -9999 -9999 -9999 -9999 -9999 -9999 -9999 -9999 -9999 -9999 -9999 -9999 -9999 -9999 -9999 -9999 -9999 -9999 -9999 -9999 -9999 -9999 -9999 -9999 -9999 -9999 -9999
1001.766 1001.796 1001.824 1001.851 1001.881 1001.911 1001.941 1001.966 1002.001 1002.081 1002.182 1002.256 1002.246 1002.232 1002.248 1002.35 1002.397 1002.452 1002.519 1002.582 1002.642 1002.709 1002.772 1002.837 -9999 -9999 -9999 -9999 -9999 -9999 -9999 -9999 -9999 -9999 -9999 -9999 -9999 -9999 -9999 -9999 -9999 -9999 -9999 -9999 -9999 -9999 -9999 -9999 -9999 -9999 -9999 -9999 -9999 -9999 -9999 -9999 -9999 -9999 -9999 -9999 -9999 -9999 -9999 -9999 -9999 -9999 -9999 -9999 -9999
1001.551 1001.576 1001.606 1001.636 1001.666 1001.696 1001.724 1001.773 1001.862 1001.973 1002.074 1002.074 1002.051 1002.033 1002.047 1002.168 1002.21 1002.264 1002.322 1002.387 1002.449 1002.512 1002.577 1002.639 1002.702 1002.764 1002.827 -9999 -9999 -9999 -9999 -9999 -9999 -9999 -9999 -9999 -9999 -9999 -9999 -9999 -9999 -9999 -9999 -9999 -9999 -9999 -9999 -9999 -9999 -9999 -9999 -9999 -9999 -9999 -9999 -9999 -9999 -9999 -9999 -9999 -9999 -9999 -9999 -9999 -9999 -9999 -9999 -9999 -9999
1001.334 1001.361 1001.391 1001.421 1001.451 1001.476 1001.554 1001.653 1001.763 1001.872 1001.904 1001.876 1001.856 1001.836 1001.856 1001.973 1002.03 1002.075 1002.129 1002.192 1002.252 1002.319 1002.382 1002.442 1002.507 1002.569 1002.632 1002.697 1002.757 1002.822 1002.888 -9999 -9999 -9999 -9999 -9999 -9999 -9999 -9999 -9999 -9999 -9999 -9999 -9999 -9999 -9999 -9999 -9999 -9999 -9999 -9999 -9999 -9999 -9999 -9999 -9999 -9999 -9999 -9999 -9999 -9999 -9999 -9999 -9999 -9999 -9999 -9999 -9999 -9999
1001.111 1001.146 1001.176 1001.206 1001.254 1001.338 1001.448 1001.557 1001.667 1001.717 1001.704 1001.676 1001.656 1001.641 1001.657 1001.764 1001.853 1001.89 1001.942 1001.997 1002.059 1002.122 1002.182 1002.249 1002.312 1002.374 1002.439 1002.502 1002.562 1002.629 1002.692 1002.754 1002.817 1002.882 -9999 -9999 -9999 -9999 -9999 -9999 -9999 -9999 -9999 -9999 -9999 -9999 -9999 -9999 -9999 -9999 -9999 -9999 -9999 -9999 -9999 -9999 -9999 -9999 -9999 -9999 -9999 -9999 -9999 -9999 -9999 -9999 -9999 -9999 -9999
1000.888 1000.928 1000.961 1001.034 1001.133 1001.242 1001.353 1001.454 1001.536 1001.526 1001.504 1001.476 1001.458 1001.446 1001.453 1001.56 1001.676 1001.71 1001.76 1001.805 1001.862 1001.927 1001.989 1002.052 1002.117 1002.177 1002.242 1002.307 1002.369 1002.432 1002.492 1002.557 1002.622 1002.682 1002.749 1002.812 1002.877 -9999 -9999 -9999 -9999 -9999 -9999 -9999 -9999 -9999 -9999 -9999 -9999 -9999 -9999 -9999 -9999 -9999 -9999 -9999 -9999 -9999 -9999 -9999 -9999 -9999 -9999 -9999 -9999 -9999 -9999 -9999 -9999
1000.365 1000.404 1000.46 1000.718 1001.033 1001.143 1001.253 1001.334 1001.354 1001.331 1001.304 1001.281 1001.263 1001.248 1001.255 1001.356 1001.492 1001.535 1001.578 1001.62 1001.674 1001.732 1001.794 1001.859 1001.922 1001.984 1002.049 1002.112 1002.174 1002.237 1002.299 1002.364 1002.427 1002.489 1002.554 1002.617 1002.679 1002.744 1002.807 1002.867 -9999 -9999 -9999 -9999 -9999 -9999 -9999 -9999 -9999 -9999 -9999 -9999 -9999 -9999 -9999 -9999 -9999 -9999 -9999 -9999 -9999 -9999 -9999 -9999 -9999 -9999 -9999 -9999 -9999
999.6983 999.6535 999.7454 1000.074 1000.513 1000.833 1001.148 1001.184 1001.156 1001.134 1001.106 1001.086 1001.066 1001.051 1001.056 1001.143 1001.287 1001.358 1001.398 1001.438 1001.485 1001.537 1001.599 1001.662 1001.727 1001.787 1001.852 1001.912 1001.979 1002.042 1002.102 1002.167 1002.232 1002.292 1002.359 1002.422 1002.482 1002.547 1002.612 1002.672 1002.737 1002.797 1002.862 -9999 -9999 -9999 -9999 -9999 -9999 -9999 -9999 -9999 -9999 -9999 -9999 -9999 -9999 -9999 -9999 -9999 -9999 -9999 -9999 -9999 -9999 -9999 -9999 -9999 -9999
999.4209 999.3336 999.3234 999.4709 999.7374 1000.043 1000.233 1000.427 1000.591 1000.974 1000.886 1000.871 1000.873 1000.858 1000.857 1000.93 1001.078 1001.178 1001.218 1001.258 1001.3 1001.352 1001.407 1001.469 1001.532 1001.594 1001.657 1001.719 1001.782 1001.847 1001.909 1001.974 1002.037 1002.099 1002.162 1002.227 1002.289 1002.352 1002.412 1002.479 1002.542 1002.602 1002.669 1002.742 1002.819 -9999 -9999 -9999 -9999 -9999 -9999 -9999 -9999 -9999 -9999 -9999 -9999 -9999 -9999 -9999 -9999 -9999 -9999 -9999 -9999 -9999 -9999 -9999 -9999
999.4468 999.3796 999.312 999.2838 999.3041 999.3594 999.416 999.4192 999.8657 1000.042 1000.001 1000.053 1000.119 1000.279 1000.443 1000.558 1000.767 1000.988 1001.038 1001.078 1001.12 1001.17 1001.217 1001.272 1001.337 1001.397 1001.462 1001.522 1001.589 1001.652 1001.712 1001.777 1001.842 1001.902 1001.969 1002.032 1002.092 1002.157 1002.219 1002.282 1002.357 1002.429 1002.491 1002.583 1002.689 1002.813 -9999 -9999 -9999 -9999 -9999 -9999 -9999 -9999 -9999 -9999 -9999 -9999 -9999 -9999 -9999 -9999 -9999 -9999 -9999 -9999 -9999 -9999 -9999
999.5266 999.4941 999.4437 999.4064 999.3995 999.4263 999.4324 999.4022 999.3582 999.3065 999.3092 999.3694 999.4716 999.6755 999.9111 1000.051 1000.24 1000.384 1000.483 1000.578 1000.805 1000.983 1001.03 1001.084 1001.142 1001.202 1001.267 1001.329 1001.392 1001.457 1001.519 1001.582 1001.647 1001.709 1001.772 1001.832 1001.899 1001.972 1002.047 1002.123 1002.191 1002.26 1002.324 1002.418 1002.6 1002.713 1002.823 1002.86 -9999 -9999 -9999 -9999 -9999 -9999 -9999 -9999 -9999 -9999 -9999 -9999 -9999 -9999 -9999 -9999 -9999 -9999 -9999 -9999 -9999
999.6005 999.5979 999.567 999.5301 999.5107 999.5189 999.5236 999.5194 999.4948 999.4602 999.4376 999.4462 999.4843 999.5808 999.6616 999.7421 999.7975 999.8655 999.9597 1000.151 1000.423 1000.575 1000.63 1000.78 1000.947 1001.009 1001.072 1001.132 1001.199 1001.262 1001.322 1001.389 1001.452 1001.512 1001.582 1001.659 1001.746 1001.823 1001.891 1001.955 1002.019 1002.089 1002.166 1002.33 1002.503 1002.612 1002.723 1002.828 1002.846 -9999 -9999 -9999 -9999 -9999 -9999 -9999 -9999 -9999 -9999 -9999 -9999 -9999 -9999 -9999 -9999 -9999 -9999 -9999 -9999
999.6755 999.6785 999.6579 999.6322 999.6163 999.6141 999.6169 999.6116 999.5978 999.5838 999.5755 999.561 999.5602 999.6017 999.6802 999.7453 999.772 999.8082 999.8655 999.9458 1000.19 1000.157 1000.188 1000.417 1000.532 1000.572 1000.612 1000.934 1000.994 1001.057 1001.129 1001.197 1001.272 1001.356 1001.44 1001.52 1001.594 1001.655 1001.712 1001.784 1001.849 1001.921 1002.044 1002.27 1002.403 1002.513 1002.62 1002.723 1002.833 1002.856 -9999 -9999 -9999 -9999 -9999 -9999 -9999 -9999 -9999 -9999 -9999 -9999 -9999 -9999 -9999 -9999 -9999 -9999 -9999
999.7568 999.7572 999.7347 999.7148 999.7106 999.7082 999.7034 999.6874 999.666 999.6563 999.6595 999.6565 999.6519 999.6558 999.732 999.7754 999.796 999.818 999.8403 999.9291 999.9848 999.9278 999.9537 1000.07 1000.114 1000.114 1000.231 1000.416 1000.438 1000.479 1000.524 1000.578 1000.67 1001.005 1001.295 1001.347 1001.407 1001.477 1001.546 1001.612 1001.674 1001.775 1001.975 1002.185 1002.302 1002.413 1002.52 1002.622 1002.732 1002.843 1002.859 1002.854 -9999 -9999 -9999 -9999 -9999 -9999 -9999 -9999 -9999 -9999 -9999 -9999 -9999 -9999 -9999 -9999 -9999
999.8399 999.8295 999.802 999.7865 999.787 999.7862 999.7791 999.7549 999.7313 999.7213 999.7194 999.7254 999.7223 999.7278 999.7667 999.8108 999.837 999.8523 999.8707 999.8812 999.8746 999.873 999.9012 999.9697 1000 999.9942 999.9764 999.9456 999.9099 999.8834 999.9451 1000.024 1000.094 1000.444 1000.7 1001.097 1001.236 1001.314 1001.377 1001.437 1001.523 1001.675 1001.928 1002.085 1002.203 1002.313 1002.42 1002.523 1002.633 1002.742 1002.85 1002.869 1002.849 -9999 -9999 -9999 -9999 -9999 -9999 -9999 -9999 -9999 -9999 -9999 -9999 -9999 -9999 -9999 -9999
999.9783 999.9371 999.9143 999.8799 999.8567 999.8481 999.8375 999.817 999.7969 999.7834 999.7759 999.7733 999.7712 999.7634 999.777 999.8184 999.8636 999.8988 999.924 999.9385 999.9446 999.9482 999.9541 999.9753 999.9957 1000.015 999.9907 999.9343 999.8729 999.8476 999.8823 999.9162 999.8688 999.9753 1000.225 1000.501 1000.671 1001.063 1001.202 1001.278 1001.391 1001.624 1001.864 1001.982 1002.098 1002.213 1002.32 1002.422 1002.533 1002.643 1002.75 1002.853 1002.879 1002.858 -9999 -9999 -9999 -9999 -9999 -9999 -9999 -9999 -9999 -9999 -9999 -9999 -9999 -9999 -9999
1000.171 1000.092 1000.061 1000.004 999.9512 999.9249 999.8944 999.8767 999.8631 999.845 999.8328 999.8205 999.8075 999.7952 999.7864 999.8006 999.8643 999.921 999.9668 999.9966 1000.011 1000.012 999.9956 1000.01 1000.026 1000.045 1000.04 999.9933 999.9423 999.8915 999.8741 999.8593 999.847 999.8349 999.8661 999.9545 1000.175 1000.441 1000.681 1000.938 1001.308 1001.581 1001.773 1001.883 1001.995 1002.112 1002.215 1002.323 1002.432 1002.542 1002.65 1002.753 1002.862 1002.881 1002.864 1002.847 -9999 -9999 -9999 -9999 -9999 -9999 -9999 -9999 -9999 -9999 -9999 -9999 -9999
1000.325 1000.266 1000.213 1000.151 1000.087 1000.04 999.9825 999.9564 999.9348 999.9108 999.8887 999.8692 999.8503 999.8282 999.8061 999.8002 999.8222 999.8673 999.9243 1000.015 1000.045 1000.049 1000.029 1000.042 1000.059 1000.073 1000.062 1000.026 999.9858 999.9347 999.8954 999.8668 999.8301 999.7836 999.8022 999.86 999.9424 1000.02 1000.241 1000.702 1001.254 1001.534 1001.672 1001.783 1001.895 1002.01 1002.112 1002.223 1002.333 1002.443 1002.545 1002.653 1002.763 1002.87 1002.89 1002.876 1002.851 -9999 -9999 -9999 -9999 -9999 -9999 -9999 -9999 -9999 -9999 -9999 -9999
1000.424 1000.394 1000.338 1000.281 1000.22 1000.166 1000.099 1000.054 1000.024 999.9944 999.9713 999.937 999.9037 999.8736 999.8463 999.8118 999.7831 999.8048 999.8743 999.9767 1000.034 1000.049 1000.052 1000.064 1000.079 1000.079 1000.059 1000.039 1000.004 999.946 999.8909 999.8326 999.8044 999.8277 999.8392 999.8696 999.9193 999.9564 1000.123 1000.588 1001.166 1001.455 1001.573 1001.682 1001.795 1001.91 1002.013 1002.122 1002.232 1002.34 1002.443 1002.552 1002.663 1002.77 1002.879 1002.9 1002.883 1002.858 -9999 -9999 -9999 -9999 -9999 -9999 -9999 -9999 -9999 -9999 -9999
1000.479 1000.454 1000.42 1000.378 1000.33 1000.276 1000.213 1000.162 1000.129 1000.096 1000.079 1000.052 999.9973 999.9524 999.9217 999.8603 999.8227 999.8116 999.8344 999.913 999.9876 1000.024 1000.047 1000.067 1000.08 1000.066 1000.043 1000.019 999.9619 999.8768 999.832 999.8022 999.7906 999.89 999.9607 999.9482 999.9313 999.8967 1000.038 1000.487 1000.996 1001.33 1001.473 1001.583 1001.695 1001.805 1001.913 1002.023 1002.133 1002.24 1002.343 1002.453 1002.563 1002.67 1002.773 1002.88 1002.895 1002.888 1002.873 1002.844 -9999 -9999 -9999 -9999 -9999 -9999 -9999 -9999 -9999
1000.541 1000.529 1000.499 1000.467 1000.425 1000.378 1000.33 1000.282 1000.242 1000.208 1000.178 1000.168 1000.128 1000.069 1000.016 999.9407 999.8817 999.851 999.8447 999.8629 999.9341 999.9916 1000.026 1000.049 1000.046 1000.014 999.9939 999.9564 999.8629 999.7817 999.733 999.7341 999.7624 999.8922 1000.022 1000.042 1000.023 999.8895 1000.055 1000.297 1000.712 1001.065 1001.353 1001.482 1001.593 1001.703 1001.813 1001.922 1002.033 1002.14 1002.242 1002.353 1002.463 1002.57 1002.672 1002.783 1002.873 1002.889 1002.898 1002.883 1002.854 -9999 -9999 -9999 -9999 -9999 -9999 -9999 -9999
1000.615 1000.614 1000.599 1000.567 1000.527 1000.492 1000.445 1000.402 1000.362 1000.315 1000.277 1000.261 1000.235 1000.189 1000.128 1000.038 999.9592 999.899 999.861 999.8434 999.8853 999.94 999.9511 999.9545 999.9341 999.9061 999.8855 999.8342 999.7182 999.6541 999.6125 999.6127 999.6663 999.7645 999.8064 999.9357 999.9614 999.858 999.9702 1000.024 1000.307 1000.713 1001.086 1001.367 1001.492 1001.603 1001.713 1001.823 1001.932 1002.035 1002.143 1002.253 1002.362 1002.47 1002.573 1002.682 1002.792 1002.867 1002.882 1002.898 1002.885 1002.859 -9999 -9999 -9999 -9999 -9999 -9999 -9999
1000.712 1000.705 1000.699 1000.677 1000.639 1000.605 1000.562 1000.517 1000.475 1000.43 1000.384 1000.341 1000.304 1000.277 1000.215 1000.135 1000.042 999.9587 999.8885 999.8441 999.8275 999.8412 999.8323 999.8297 999.8118 999.803 999.7894 999.7106 999.6157 999.5552 999.5469 999.5437 999.5628 999.5909 999.6044 999.6635 999.7085 999.7313 999.7786 999.8151 999.9774 1000.308 1000.738 1001.109 1001.388 1001.503 1001.612 1001.723 1001.83 1001.932 1002.042 1002.153 1002.263 1002.365 1002.473 1002.583 1002.693 1002.8 1002.86 1002.876 1002.891 1002.896 1002.88 1002.847 -9999 -9999 -9999 -9999 -9999
1000.836 1000.81 1000.803 1000.782 1000.754 1000.722 1000.675 1000.632 1000.592 1000.545 1000.498 1000.44 1000.391 1000.338 1000.278 1000.212 1000.135 1000.035 999.9469 999.8802 999.8434 999.8281 999.7994 999.7945 999.766 999.756 999.7321 999.6466 999.6385 999.6245 999.6048 999.5729 999.5543 999.5681 999.5668 999.5511 999.5576 999.5658 999.5968 999.6511 999.7924 1000.003 1000.333 1000.763 1001.13 1001.403 1001.513 1001.622 1001.73 1001.833 1001.943 1002.052 1002.16 1002.263 1002.372 1002.482 1002.593 1002.695 1002.802 1002.854 1002.87 1002.885 1002.898 1002.887 1002.856 -9999 -9999 -9999 -9999
1000.952 1000.928 1000.916 1000.891 1000.864 1000.841 1000.802 1000.762 1000.715 1000.667 1000.618 1000.553 1000.491 1000.418 1000.348 1000.283 1000.218 1000.132 1000.05 999.9799 999.925 999.8821 999.831 999.8044 999.7634 999.7302 999.6889 999.702 999.7355 999.7429 999.7314 999.6742 999.6255 999.6007 999.5813 999.5466 999.5099 999.4824 999.4763 999.5327 999.6813 999.821 1000.014 1000.32 1000.673 1000.963 1001.369 1001.487 1001.595 1001.698 1001.807 1001.917 1002.023 1002.128 1002.237 1002.352 1002.475 1002.588 1002.683 1002.781 1002.848 1002.863 1002.879 1002.894 1002.893 1002.872 -9999 -9999 -9999
