samples/sfe_25/sfe_25_c1/sfe_25_c1/sfe_25_c1.asc
ncols         253
nrows         137
xllcorner     79
yllcorner     53
cellsize      1
NODATA_value  -9999
[rows 58 to 86 of 137, columns 130 to 194 of 253]
598.85 598.8365 598.822 598.8094 598.7905 598.7745 598.7575 598.739 598.723 598.7045 598.6905 598.6705 598.646 598.6345 598.615 598.597 598.5815 598.5615 598.543 598.525 598.5065 598.4865 598.467 598.45 598.434 598.418 598.4015 598.385 598.3675 598.35 598.3365 598.3235 598.3105 598.2965 598.2834 598.2695 598.2587 598.25 598.2415 598.234 598.225 598.2165 598.213 598.2104 598.207 598.203 598.1995 598.202 598.2061 598.2095 598.21 598.217 598.2225 598.2355 598.2435 598.2531 598.268 598.2825 598.3015 598.317 598.3335 598.3525 598.381 598.4045 598.428
598.9055 598.8925 598.877 598.859 598.8425 598.8275 598.8045 598.7925 598.768 598.7555 598.7355 598.716 598.6975 598.6795 598.661 598.639 598.6185 598.595 598.573 598.5555 598.5415 598.5225 598.498 598.48 598.4615 598.4406 598.4185 598.4025 598.387 598.3675 598.3515 598.3345 598.3185 598.3 598.286 598.2725 598.261 598.247 598.234 598.2227 598.2145 598.2065 598.198 598.1905 598.182 598.1795 598.177 598.174 598.1715 598.17 598.172 598.1765 598.181 598.185 598.192 598.203 598.211 598.222 598.2315 598.252 598.2705 598.2835 598.298 598.3255 598.3505
598.97 598.9585 598.936 598.9215 598.9085 598.886 598.8695 598.8505 598.8315 598.813 598.7945 598.767 598.7525 598.7305 598.7054 598.686 598.669 598.647 598.6235 598.6035 598.5815 598.56 598.533 598.5125 598.4925 598.474 598.454 598.431 598.413 598.388 598.3695 598.3525 598.3345 598.3185 598.2995 598.28 598.265 598.25 598.237 598.2245 598.211 598.1975 598.187 598.18 598.1715 598.163 598.1555 598.1505 598.1465 598.1445 598.143 598.1395 598.1435 598.147 598.1525 598.156 598.1584 598.1715 598.1815 598.1965 598.2015 598.2216 598.24 598.2585 598.2745
599.042 599.026 599.0095 598.99 598.978 598.956 598.938 598.915 598.8985 598.874 598.8525 598.8335 598.811 598.792 598.7705 598.745 598.722 598.7025 598.6785 598.6535 598.6305 598.608 598.58 598.5585 598.5355 598.515 598.489 598.462 598.443 598.4235 598.4005 598.38 598.359 598.336 598.3165 598.301 598.281 598.264 598.245 598.226 598.2145 598.201 598.188 598.1755 598.1625 598.1525 598.145 598.137 598.1285 598.1205 598.1195 598.1165 598.1155 598.114 598.112 598.116 598.122 598.1285 598.133 598.145 598.154 598.1665 598.1775 598.1925 598.211
599.116 599.1035 599.09 599.0625 599.049 599.037 599.01 598.995 598.97 598.954 598.928 598.904 598.881 598.854 598.8325 598.8125 598.7845 598.76 598.7365 598.7115 598.688 598.665 598.6305 598.606 598.582 598.559 598.536 598.5095 598.486 598.462 598.435 598.4145 598.3925 598.3685 598.3455 598.324 598.304 598.283 598.262 598.244 598.2265 598.2075 598.1905 598.1785 598.1655 598.1515 598.1385 598.1264 598.1185 598.1105 598.103 598.0955 598.0905 598.0885 598.087 598.0855 598.0845 598.088 598.094 598.0995 598.1065 598.112 598.127 598.1385 598.1495
599.212 599.1875 599.1755 599.155 599.1324 599.1205 599.0935 599.0785 599.05 599.0295 599.0055 598.9785 598.9565 598.936 598.909 598.883 598.857 598.829 598.806 598.778 598.75 598.724 598.6965 598.6715 598.643 598.6145 598.5855 598.5565 598.5315 598.51 598.4785 598.456 598.4295 598.402 598.377 598.3545 598.334 598.311 598.2855 598.262 598.2435 598.2255 598.2075 598.189 598.1725 598.155 598.1415 598.1285 598.115 598.1015 598.0925 598.085 598.077 598.0695 598.062 598.0615 598.0605 598.059 598.0595 598.06 598.0675 598.072 598.079 598.087 598.097
599.3085 599.2795 599.266 599.2505 599.22 599.2065 599.183 599.163 599.141 599.119 599.091 599.0735 599.041 599.0205 598.9905 598.963 598.9344 598.9025 598.8815 598.8535 598.821 598.795 598.7625 598.7345 598.7025 598.673 598.6475 598.6225 598.5925 598.562 598.5305 598.499 598.4709 598.4505 598.4245 598.392 598.3705 598.34 598.3215 598.294 598.272 598.247 598.223 598.2075 598.1885 598.1705 598.1515 598.132 598.119 598.1055 598.0915 598.078 598.0668 598.0595 598.0515 598.0445 598.0365 598.0355 598.034 598.033 598.0325 598.0355 598.0396 598.047 598.051
599.4055 599.3905 599.3705 599.348 599.3305 599.304 599.2825 599.266 599.2345 599.2155 599.1885 599.161 599.138 599.108 599.075 599.0545 599.024 598.999 598.966 598.935 598.9015 598.8719 598.8395 598.811 598.7835 598.744 598.718 598.685 598.6495 598.6235 598.593 598.5615 598.5275 598.499 598.469 598.433 598.4135 598.384 598.361 598.328 598.3035 598.278 598.256 598.232 598.208 598.188 598.168 598.1495 598.13 598.111 598.094 598.0825 598.068 598.0555 598.0425 598.0335 598.026 598.019 598.0125 598.0085 598.0075 598.007 598.0065 598.0074 598.0145
599.513 599.501 599.472 599.46 599.441 599.4095 599.3935 599.3595 599.345 599.3135 599.299 599.2665 599.236 599.2095 599.1765 599.148 599.112 599.0875 599.053 599.0205 598.99 598.961 598.924 598.8955 598.86 598.8206 598.7905 598.761 598.721 598.692 598.656 598.628 598.586 598.5615 598.5265 598.497 598.4625 598.4325 598.402 598.3775 598.347 598.3175 598.2875 598.263 598.2415 598.2165 598.194 598.169 598.1475 598.1265 598.108 598.09 598.073 598.0585 598.0446 598.031 598.0175 598.0085 598.001 597.9945 597.9875 597.9825 597.9825 597.981 597.9815
599.624 599.611 599.598 599.586 599.5515 599.5345 599.5045 599.4855 599.457 599.4345 599.4041 599.375 599.343 599.3085 599.27 599.2585 599.2225 599.1905 599.158 599.1255 599.0845 599.0515 599.0135 598.982 598.9485 598.9105 598.874 598.8395 598.801 598.77 598.731 598.6985 598.663 598.6265 598.591 598.5575 598.5235 598.4895 598.4595 598.426 598.3885 598.361 598.3345 598.304 598.2785 598.2465 598.224 598.197 598.175 598.146 598.1215 598.106 598.0875 598.0675 598.0495 598.035 598.0215 598.0065 597.993 597.9827 597.9765 597.9695 597.963 597.956 597.9565
599.7605 599.7485 599.7225 599.7025 599.6825 599.6585 599.6295 599.6105 599.5765 599.5465 599.523 599.4865 599.4605 599.435 599.3965 599.369 599.334 599.3 599.265 599.2195 599.1955 599.1625 599.1176 599.079 599.041 598.9965 598.9625 598.92 598.892 598.8545 598.8115 598.7785 598.733 598.693 598.661 598.6324 598.588 598.553 598.512 598.4885 598.45 598.417 598.3815 598.3475 598.3245 598.2896 598.2605 598.2255 598.1995 598.1765 598.1525 598.128 598.101 598.0835 598.0656 598.0465 598.023 598.009 597.996 597.9825 597.969 597.9583 597.952 597.9449 597.938
599.9355 599.8955 599.863 599.8475 599.8075 599.7825 599.7695 599.7345 599.717 599.678 599.646 599.623 599.5825 599.55 599.522 599.4855 599.449 599.411 599.376 599.339 599.302 599.2665 599.2215 599.1805 599.1465 599.101 599.0605 599.0245 598.98 598.9455 598.893 598.8625 598.824 598.784 598.7415 598.704 598.656 598.624 598.5885 598.549 598.5095 598.476 598.439 598.408 598.3715 598.3325 598.298 598.2735 598.2445 598.211 598.1805 598.159 598.1335 598.109 598.083 598.0615 598.0415 598.022 598.001 597.985 597.9715 597.959 597.9455 597.9337 597.9265
600.191 600.1725 600.151 600.1035 600.081 600.0565 600.0155 599.9625 599.9235 599.875 599.8205 599.775 599.736 599.683 599.646 599.618 599.5805 599.5405 599.4965 599.46 599.422 599.3705 599.3485 599.2915 599.258 599.2085 599.165 599.1195 599.085 599.0435 598.998 598.9535 598.9095 598.8665 598.826 598.7885 598.746 598.704 598.6585 598.6195 598.586 598.5465 598.506 598.465 598.4255 598.3945 598.3575 598.321 598.2845 598.2585 598.228 598.194 598.165 598.141 598.1135 598.0875 598.0615 598.0375 598.0195 597.999 597.979 597.9595 597.9475 597.9345 597.9215
600.3521 600.3381 600.3203 600.303 600.2858 600.2679 600.2489 600.236 600.199 600.135 600.113 600.0525 599.995 599.9301 599.876 599.808 599.7475 599.6755 599.6205 599.5845 599.5475 599.5035 599.4659 599.4145 599.3735 599.3215 599.2755 599.239 599.19 599.1505 599.0945 599.0585 599.016 598.9715 598.9225 598.873 598.8275 598.7885 598.7505 598.7005 598.658 598.613 598.5775 598.535 598.495 598.4535 598.413 598.384 598.3455 598.3065 598.2715 598.237 598.2085 598.179 598.1495 598.115 598.091 598.0655 598.0405 598.0175 597.997 597.9765 597.956 597.9355 597.924
600.4184 600.4042 600.3864 600.3698 600.3519 600.3341 600.3146 600.2949 600.2764 600.2574 600.2368 600.2151 600.1926 600.1702 600.154 600.0895 600.0425 599.9715 599.8865 599.806 599.752 599.6755 599.611 599.548 599.4965 599.4535 599.403 599.3605 599.298 599.262 599.214 599.164 599.118 599.069 599.0215 598.979 598.9255 598.885 598.834 598.781 598.743 598.7025 598.6595 598.604 598.5675 598.5255 598.485 598.4435 598.3945 598.364 598.329 598.2896 598.253 598.224 598.1905 598.157 598.124 598.0955 598.0699 598.0455 598.019 597.992 597.9735 597.9535 597.931
600.4847 600.4703 600.4525 600.436 600.4182 600.4 600.3802 600.3603 600.3419 600.3224 600.3018 600.2798 600.2572 600.2346 600.2119 600.1871 600.1664 600.1425 600.1151 600.0685 600.032 599.9406 599.862 599.7675 599.699 599.599 599.522 599.4845 599.44 599.386 599.3265 599.286 599.235 599.188 599.1325 599.082 599.02 598.9845 598.932 598.8795 598.833 598.7865 598.744 598.6949 598.652 598.6055 598.551 598.514 598.4705 598.4285 598.3855 598.353 598.3145 598.275 598.2335 598.1985 598.1685 598.1365 598.104 598.0699 598.049 598.022 597.9975 597.9705 597.9475
600.551 600.5364 600.5186 600.5021 600.4843 600.4655 600.4459 600.4258 600.4074 600.3874 600.3668 600.3445 600.3217 600.299 600.2756 600.2515 600.2307 600.2059 600.1779 600.1514 600.1302 600.0997 600.0713 600.05 599.9855 599.887 599.788 599.7085 599.617 599.5255 599.4575 599.411 599.347 599.3035 599.248 599.1995 599.1385 599.0915 599.0295 598.982 598.9365 598.8845 598.832 598.785 598.7295 598.689 598.6395 598.5915 598.5445 598.4965 598.463 598.415 598.373 598.3275 598.2905 598.256 598.2195 598.1805 598.1485 598.1135 598.0825 598.05 598.0255 597.999 597.9709
600.6172 600.6025 600.5847 600.5683 600.5505 600.5311 600.5116 600.4913 600.4729 600.4524 600.4317 600.4092 600.3862 600.3633 600.3395 600.3159 600.2943 600.2689 600.2407 600.2153 600.192 600.1614 600.1339 600.1068 600.08 600.0515 600.0229 599.976 599.8855 599.793 599.6825 599.6085 599.4875 599.4365 599.3735 599.3195 599.253 599.2 599.1505 599.094 599.0415 598.981 598.9215 598.8895 598.827 598.776 598.724 598.6725 598.636 598.5804 598.5355 598.4795 598.4399 598.3986 598.3525 598.3094 598.2735 598.2375 598.1956 598.1541 598.1235 598.0935 598.0601 598.031 598.004
600.6835 600.6687 600.6508 600.6345 600.6166 600.5968 600.5773 600.5568 600.5385 600.5174 600.4964 600.4733 600.4508 600.4277 600.4033 600.3802 600.3578 600.3317 600.3035 600.2791 600.2537 600.2234 600.1965 600.1691 600.1423 600.1129 600.0847 600.0556 600.0255 599.9937 599.97 599.878 599.758 599.665 599.564 599.4505 599.387 599.334 599.2655 599.2125 599.149 599.1005 599.041 598.988 598.9215 598.875 598.823 598.7705 598.72 598.657 598.62 598.565 598.519 598.464 598.428 598.387 598.3325 598.292 598.254 598.2165 598.1705 598.136 598.1035 598.072 598.039
600.7498 600.7348 600.7169 600.7006 600.6828 600.6625 600.643 600.6223 600.6039 600.5823 600.5611 600.5377 600.5148 600.492 600.467 600.4446 600.4213 600.3945 600.3662 600.343 600.3154 600.2861 600.2592 600.2314 600.2046 600.1747 600.1462 600.117 600.0861 600.0543 600.0224 599.9905 599.9597 599.936 599.8215 599.7225 599.6125 599.508 599.386 599.3375 599.2745 599.2115 599.15 599.0995 599.0405 598.9805 598.918 598.8595 598.818 598.763 598.7045 598.6541 598.604 598.5485 598.5025 598.4555 598.403 598.363 598.3156 598.2755 598.228 598.193 598.153 598.1115 598.08
600.816 600.8009 600.783 600.7668 600.749 600.7281 600.7087 600.6879 600.6688 600.6473 600.6258 600.6023 600.5788 600.5558 600.5308 600.509 600.4846 600.4573 600.4285 600.4069 600.3771 600.3487 600.3218 600.2937 600.2658 600.2366 600.2078 600.178 600.1467 600.1149 600.0829 600.0511 600.021 599.991 599.9572 599.9255 599.903 599.7815 599.6745 599.5455 599.4455 599.3375 599.275 599.2125 599.15 599.0875 599.0295 598.973 598.915 598.859 598.8025 598.752 598.6905 598.6305 598.5785 598.5365 598.4825 598.431 598.387 598.3465 598.294 598.2469 598.203 598.169 598.129
600.8823 600.867 600.8497 600.8329 600.8145 600.7938 600.7739 600.7534 600.7336 600.7123 600.6905 600.6668 600.6432 600.6194 600.5944 600.5731 600.5471 600.5201 600.4913 600.4693 600.4388 600.4113 600.3832 600.356 600.3271 600.2985 600.2695 600.2391 600.2072 600.1755 600.1436 600.1115 600.0823 600.0506 600.0173 599.9855 599.9539 599.9227 599.8864 599.838 599.7215 599.5985 599.4765 599.354 599.2755 599.213 599.151 599.089 599.0265 598.9705 598.907 598.8425 598.789 598.7345 598.675 598.6215 598.5625 598.5165 598.462 598.4135 598.362 598.3155 598.2725 598.225 598.186
600.9485 600.9331 600.9158 600.8992 600.8801 600.8595 600.8391 600.8188 600.7983 600.7773 600.7551 600.7314 600.7075 600.6832 600.6584 600.6367 600.6107 600.5829 600.5552 600.5311 600.5007 600.4739 600.4451 600.4183 600.3884 600.3601 600.3307 600.2997 600.2678 600.2361 600.2042 600.1724 600.1435 600.1102 600.0774 600.0455 600.014 599.9808 599.9445 599.9098 599.8752 599.847 599.754 599.6315 599.486 599.3825 599.2765 599.214 599.1429 599.0755 599.0255 598.9475 598.889 598.822 598.7625 598.7155 598.6615 598.5965 598.548 598.4945 598.4465 598.384 598.3355 598.2965 598.249
601.0148 600.9992 600.9825 600.9653 600.9456 600.9252 600.9042 600.8843 600.8631 600.8423 600.8192 600.7959 600.7719 600.7469 600.7228 600.7002 600.6739 600.6457 600.6191 600.5928 600.5635 600.5366 600.5074 600.4802 600.4503 600.4217 600.3915 600.3602 600.3287 600.2967 600.2647 600.2337 600.2036 600.1693 600.1375 600.1055 600.0746 600.039 600.0034 599.9688 599.9341 599.8995 599.8649 599.8304 599.7834 599.6445 599.5125 599.379 599.2645 599.2015 599.1335 599.0645 598.9885 598.9415 598.8745 598.807 598.7505 598.69 598.6355 598.5745 598.5235 598.4745 598.4155 598.3665 598.312
601.0811 601.0653 601.0486 601.0315 601.0111 600.9909 600.9694 600.9499 600.9279 600.9071 600.8832 600.8598 600.8363 600.8108 600.7872 600.7634 600.7366 600.7079 600.6829 600.6545 600.6261 600.5988 600.5698 600.5414 600.5122 600.4833 600.4526 600.4208 600.3893 600.3572 600.325 600.295 600.2632 600.2293 600.1973 600.1655 600.1334 600.0971 600.0623 600.0277 599.9929 599.9584 599.9236 599.8891 599.8546 599.8229 599.793 599.649 599.5315 599.392 599.2665 599.191 599.115 599.053 598.9755 598.919 598.8625 598.7845 598.724 598.673 598.6219 598.561 598.487 598.4515 598.397
601.1473 601.1314 601.1151 601.0977 601.0766 601.0566 601.0346 601.0154 600.9929 600.9718 600.9474 600.9236 600.8999 600.8745 600.8516 600.8254 600.7994 600.7702 600.7467 600.7162 600.6887 600.6601 600.6321 600.6027 600.5739 600.5444 600.5132 600.4813 600.45 600.4178 600.3852 600.3563 600.3228 600.2894 600.2572 600.226 600.1916 600.1558 600.1213 600.0867 600.0518 600.0173 599.9824 599.9478 599.9134 599.8806 599.8444 599.8065 599.7741 599.6755 599.5345 599.4075 599.2435 599.1785 599.103 599.0275 598.9655 598.9055 598.837 598.7695 598.711 598.659 598.5865 598.532 598.4725
601.2135 601.1975 601.1816 601.1636 601.1422 601.1223 601.0997 601.0806 601.0579 601.0365 601.0119 600.9875 600.9634 600.938 600.9155 600.8885 600.8622 600.8325 600.8084 600.7781 600.7513 600.7214 600.6945 600.6641 600.6355 600.605 600.5739 600.5424 600.5105 600.4784 600.4464 600.4162 600.3816 600.3495 600.3173 600.2859 600.2497 600.2148 600.1802 600.1452 600.1107 600.076 600.0411 600.0065 599.9736 599.9382 599.9013 599.8651 599.8316 599.7955 599.7574 599.6625 599.528 599.403 599.272 599.1541 599.0916 599.016 598.9405 598.8815 598.818 598.757 598.6755 598.6255 598.5665
601.2797 601.2636 601.2478 601.2291 601.2076 601.1877 601.1649 601.1453 601.1229 601.101 601.0765 601.0518 601.0269 601.0016 600.9791 600.952 600.925 600.8951 600.8701 600.8408 600.814 600.7836 600.7557 600.7259 600.6971 600.6661 600.6343 600.6031 600.5709 600.5385 600.5077 600.4758 600.4413 600.4091 600.3773 600.3442 600.3079 600.2738 600.2392 600.2042 600.1696 600.1343 600.0998 600.0648 600.032 599.9959 599.9577 599.9252 599.8892 599.8524 599.814 599.7748 599.739 599.6885 599.547 599.379 599.2465 599.1425 599.0665 598.991 598.9275 598.8705 598.788 598.72 598.6515
601.3459 601.3297 601.314 601.2946 601.2732 601.2529 601.2303 601.2101 601.1879 601.165 601.1409 601.1161 601.0907 601.0654 601.0421 601.0155 600.9875 600.959 600.9319 600.9034 600.8757 600.8459 600.817 600.7878 600.7581 600.7269 600.6948 600.6638 600.6315 600.5986 600.569 600.5355 600.5013 600.4689 600.4379 600.4023 600.3674 600.3328 600.2971 600.2631 600.2285 600.193 600.1585 600.1242 600.0897 600.0527 600.0153 599.9827 599.9467 599.9089 599.8706 599.8304 599.7981 599.7633 599.7264 599.6665 599.521 599.374 599.228 599.1176 599.0475 598.981 598.891 598.8325 598.7645
