samples/sfe_25/sfe_25_c1/sfe_25_c1/sfe_25_c1.asc
ncols         253
nrows         137
xllcorner     79
yllcorner     53
cellsize      1
NODATA_value  -9999
[rows 58 to 86 of 137, columns 65 to 129 of 253]
599.632 599.601 599.5765 599.545 599.517 599.49 599.464 599.4455 599.4225 599.399 599.376 599.3585 599.3405 599.3225 599.304 599.2855 599.2729 599.26 599.2465 599.234 599.222 599.209 599.2005 599.192 599.1815 599.172 599.163 599.1541 599.149 599.141 599.136 599.1305 599.1225 599.116 599.1085 599.1055 599.1 599.096 599.091 599.085 599.0805 599.073 599.0675 599.0575 599.0535 599.051 599.039 599.035 599.032 599.024 599.0155 599.0085 599 598.988 598.9825 598.972 598.9604 598.948 598.943 598.9315 598.918 598.9065 598.8945 598.881 598.8615
599.5909 599.565 599.5345 599.505 599.4845 599.4585 599.438 599.4175 599.3985 599.3785 599.36 599.3415 599.3255 599.3094 599.2965 599.283 599.2695 599.258 599.2454 599.2365 599.2285 599.219 599.211 599.202 599.192 599.187 599.182 599.1765 599.172 599.164 599.1595 599.1555 599.1515 599.1465 599.144 599.1405 599.135 599.1305 599.1265 599.1245 599.1215 599.1175 599.1125 599.108 599.1025 599.0975 599.092 599.084 599.0785 599.076 599.064 599.0575 599.0515 599.04 599.038 599.026 599.017 599.004 598.996 598.9885 598.9745 598.963 598.9515 598.9375 598.9175
599.552 599.53 599.503 599.4785 599.455 599.431 599.418 599.3995 599.381 599.362 599.344 599.333 599.3195 599.306 599.293 599.2815 599.2725 599.264 599.2555 599.2465 599.238 599.2305 599.2271 599.2215 599.216 599.211 599.2045 599.199 599.2005 599.1949 599.193 599.19 599.1875 599.1825 599.181 599.1795 599.179 599.1765 599.1745 599.1705 599.1675 599.165 599.164 599.162 599.152 599.152 599.1495 599.1415 599.136 599.134 599.1265 599.1215 599.11 599.1075 599.098 599.084 599.083 599.0705 599.059 599.047 599.0335 599.0215 599.0105 598.9965 598.984
599.524 599.4995 599.475 599.453 599.4365 599.4175 599.4015 599.383 599.3685 599.356 599.343 599.33 599.3175 599.307 599.299 599.2905 599.2825 599.274 599.2686 599.263 599.258 599.254 599.248 599.2455 599.242 599.2405 599.2395 599.237 599.235 599.2295 599.23 599.2325 599.232 599.2305 599.231 599.2295 599.226 599.2255 599.2264 599.225 599.2255 599.2255 599.223 599.222 599.2185 599.214 599.2095 599.209 599.198 599.1995 599.189 599.189 599.1795 599.178 599.1689 599.1591 599.1545 599.1425 599.129 599.1176 599.112 599.1 599.084 599.0675 599.0551
599.4969 599.4755 599.4585 599.441 599.4235 599.4065 599.393 599.379 599.3655 599.3525 599.3417 599.334 599.326 599.3175 599.3085 599.302 599.299 599.2945 599.2905 599.286 599.2825 599.2815 599.2795 599.2795 599.2785 599.2765 599.274 599.2765 599.2795 599.28 599.281 599.282 599.285 599.28 599.2865 599.2885 599.287 599.2885 599.2896 599.288 599.284 599.285 599.2875 599.2885 599.2895 599.2834 599.284 599.2815 599.279 599.272 599.27 599.261 599.261 599.2505 599.237 599.2405 599.2275 599.2165 599.203 599.1915 599.194 599.1825 599.1515 599.1415 599.1285
599.4795 599.462 599.4445 599.4295 599.416 599.4035 599.3905 599.3774 599.368 599.3605 599.3525 599.3435 599.337 599.332 599.3285 599.326 599.322 599.3195 599.316 599.3175 599.3175 599.318 599.315 599.316 599.3195 599.324 599.3245 599.326 599.3245 599.3295 599.336 599.338 599.3425 599.344 599.346 599.347 599.347 599.3515 599.355 599.3585 599.363 599.3655 599.3645 599.36 599.363 599.3645 599.3545 599.36 599.362 599.356 599.354 599.3495 599.3455 599.342 599.3305 599.3255 599.3125 599.312 599.3005 599.287 599.2795 599.2675 599.248 599.2375 599.2235
599.4665 599.453 599.4395 599.426 599.4135 599.4016 599.3945 599.3865 599.3785 599.3705 599.3665 599.362 599.359 599.355 599.3515 599.3515 599.353 599.3535 599.3535 599.351 599.3565 599.3585 599.3615 599.3655 599.368 599.3735 599.374 599.3805 599.384 599.3935 599.395 599.3955 599.4035 599.412 599.415 599.4215 599.4275 599.4325 599.4355 599.4395 599.438 599.442 599.443 599.449 599.45 599.451 599.45 599.45 599.447 599.4515 599.4395 599.4449 599.434 599.4285 599.4275 599.4175 599.4055 599.4085 599.397 599.3835 599.371 599.3585 599.3455 599.3345 599.3199
599.4635 599.45 599.4365 599.4275 599.4196 599.4115 599.4045 599.3975 599.395 599.3915 599.3885 599.385 599.3835 599.3831 599.3855 599.3865 599.3875 599.3895 599.3955 599.397 599.404 599.406 599.411 599.4205 599.4235 599.4335 599.4365 599.4445 599.4465 599.461 599.4666 599.4695 599.481 599.4845 599.4875 599.4925 599.5055 599.512 599.5205 599.5236 599.5285 599.5345 599.538 599.5365 599.5335 599.5415 599.547 599.541 599.549 599.55 599.5475 599.542 599.5435 599.5345 599.5255 599.528 599.515 599.507 599.495 599.4815 599.4695 599.457 599.443 599.4325 599.418
599.4615 599.4525 599.445 599.4375 599.4301 599.4245 599.4235 599.42 599.417 599.4146 599.4145 599.418 599.418 599.42 599.421 599.428 599.432 599.4365 599.442 599.4465 599.4535 599.4615 599.4735 599.4805 599.482 599.4905 599.5015 599.516 599.5225 599.534 599.537 599.5415 599.555 599.5695 599.576 599.588 599.5955 599.6015 599.6075 599.6155 599.6219 599.6295 599.6365 599.6385 599.6445 599.6455 599.645 599.651 599.6584 599.65 599.658 599.6465 599.6455 599.642 599.6365 599.6385 599.626 599.614 599.6115 599.598 599.5865 599.5735 599.5605 599.549 599.5355
599.4715 599.4625 599.455 599.4525 599.45 599.4475 599.4455 599.4425 599.4465 599.448 599.451 599.4555 599.4555 599.4625 599.469 599.4755 599.483 599.486 599.497 599.507 599.517 599.5245 599.5334 599.545 599.554 599.567 599.5785 599.5895 599.5955 599.6105 599.6215 599.636 599.6455 599.6535 599.6585 599.677 599.6915 599.6995 599.7055 599.7135 599.7195 599.7275 599.737 599.745 599.755 599.7495 599.757 599.761 599.7655 599.7675 599.7685 599.762 599.7635 599.753 599.7615 599.749 599.738 599.725 599.736 599.722 599.711 599.698 599.685 599.674 599.6605
599.483 599.4795 599.477 599.4755 599.4725 599.474 599.4765 599.479 599.482 599.483 599.491 599.4985 599.506 599.5095 599.52 599.532 599.541 599.549 599.5595 599.571 599.583 599.595 599.6064 599.622 599.629 599.6485 599.657 599.6715 599.687 599.7 599.709 599.726 599.7415 599.7535 599.7675 599.781 599.789 599.799 599.81 599.8215 599.8305 599.842 599.854 599.856 599.8655 599.8755 599.863 599.8745 599.8865 599.879 599.8855 599.88 599.886 599.885 599.8855 599.8715 599.874 599.8615 599.8605 599.8465 599.835 599.822 599.8094 599.797 599.784
599.504 599.503 599.5015 599.5045 599.5065 599.5105 599.5125 599.5175 599.5255 599.533 599.541 599.546 599.558 599.5685 599.58 599.5915 599.601 599.6135 599.6305 599.644 599.659 599.6655 599.6855 599.703 599.718 599.7345 599.7395 599.7645 599.7775 599.798 599.8125 599.829 599.839 599.849 599.8695 599.89 599.899 599.9095 599.9275 599.939 599.938 599.9505 599.9655 599.9765 599.9855 599.9985 599.9985 600.0125 600.011 600.0175 600.009 600.0195 600.01 600.0355 600.0255 600.012 600.047 600.0345 600.0235 600.02 600.0074 599.9945 599.9825 599.97 599.947
599.5265 599.5315 599.535 599.5385 599.5425 599.55 599.5575 599.567 599.571 599.582 599.594 599.606 599.6175 599.6305 599.6455 599.659 599.6735 599.6905 599.703 599.7225 599.74 599.756 599.7715 599.7945 599.803 599.8285 599.846 599.863 599.886 599.898 599.91 599.931 599.949 599.973 599.9875 600.0005 600.0125 600.027 600.043 600.059 600.074 600.0895 600.1035 600.1095 600.11 600.1335 600.1705 600.1875 600.207 600.2345 600.243 600.259 600.2755 600.2865 600.2925 600.296 600.3005 600.2885 600.2765 600.3055 600.2935 600.2815 600.269 600.257 600.203
599.562 599.566 599.5725 599.579 599.5885 599.5985 599.6021 599.618 599.6305 599.642 599.654 599.67 599.681 599.701 599.7145 599.7365 599.745 599.7655 599.7925 599.808 599.831 599.84 599.8655 599.8875 599.907 599.9265 599.945 599.9675 599.992 600.009 600.0265 600.048 600.063 600.0865 600.1015 600.1215 600.1415 600.1575 600.1805 600.2085 600.2215 600.282 600.3 600.329 600.358 600.383 600.42 600.452 600.471 600.484 600.498 600.4888 600.4831 600.4774 600.4717 600.4661 600.4604 600.4487 600.4366 600.4272 600.4214 600.4134 600.3979 600.3801 600.3642
599.598 599.609 599.62 599.627 599.632 599.6495 599.665 599.6785 599.686 599.708 599.722 599.7415 599.7585 599.773 599.788 599.815 599.834 599.8505 599.877 599.9015 599.9196 599.9435 599.964 599.9835 600.0065 600.0355 600.064 600.078 600.098 600.124 600.138 600.1665 600.1906 600.219 600.2335 600.2565 600.2985 600.3465 600.4035 600.4455 600.4855 600.529 600.566 600.58 600.5768 600.5765 600.576 600.5734 600.5693 600.5665 600.5626 600.557 600.5508 600.5451 600.5395 600.5336 600.5279 600.5162 600.5039 600.4935 600.4877 600.4797 600.4641 600.4463 600.4305
599.6475 599.6555 599.668 599.68 599.6945 599.7085 599.723 599.7405 599.762 599.781 599.7915 599.8125 599.8385 599.8615 599.8785 599.895 599.9225 599.947 599.974 599.999 600.009 600.0425 600.073 600.094 600.123 600.136 600.172 600.197 600.228 600.246 600.269 600.3075 600.3425 600.4135 600.464 600.5015 600.5605 600.6215 600.638 600.6381 600.6413 600.6437 600.6458 600.6454 600.6451 600.6447 600.644 600.6419 600.6379 600.6345 600.6308 600.6252 600.6187 600.6129 600.6072 600.6011 600.5955 600.5837 600.5712 600.5599 600.5541 600.546 600.5303 600.5125 600.4969
599.6975 599.7095 599.7285 599.74 599.7555 599.7725 599.7935 599.8125 599.8315 599.855 599.874 599.898 599.9285 599.9455 599.9685 599.9925 600.027 600.046 600.0685 600.0985 600.127 600.153 600.184 600.201 600.239 600.265 600.295 600.32 600.369 600.4275 600.4771 600.5495 600.5855 600.671 600.684 600.6886 600.6948 600.7008 600.7041 600.7057 600.7096 600.7116 600.7143 600.7139 600.7134 600.7128 600.7119 600.7104 600.7064 600.7025 600.699 600.6934 600.687 600.6805 600.6749 600.6686 600.663 600.6511 600.6385 600.6263 600.6205 600.6123 600.5966 600.5787 600.5632
599.758 599.765 599.788 599.8085 599.828 599.8455 599.8675 599.8885 599.914 599.9385 599.955 599.9845 600.0179 600.0385 600.0615 600.0935 600.1245 600.1565 600.186 600.2 600.2365 600.272 600.307 600.331 600.3564 600.4035 600.464 600.548 600.609 600.669 600.73 600.7302 600.7379 600.7452 600.7508 600.7565 600.7624 600.7689 600.7727 600.7742 600.7777 600.7795 600.7828 600.7825 600.7817 600.7809 600.7798 600.7788 600.7749 600.7704 600.7672 600.7616 600.7555 600.7482 600.7426 600.7362 600.7305 600.7186 600.7058 600.6927 600.687 600.6786 600.6628 600.6449 600.6296
599.8195 599.8365 599.8595 599.8775 599.8995 599.925 599.951 599.974 600.0005 600.0255 600.054 600.0875 600.108 600.1405 600.171 600.204 600.235 600.2705 600.2995 600.328 600.3665 600.394 600.4645 600.5015 600.583 600.63 600.703 600.764 600.7701 600.7809 600.7908 600.7987 600.8042 600.8134 600.8191 600.8243 600.83 600.8365 600.8409 600.8427 600.8453 600.8478 600.851 600.851 600.85 600.8491 600.8477 600.8473 600.8433 600.8383 600.8355 600.8298 600.8242 600.8159 600.8102 600.8038 600.7981 600.786 600.7731 600.7591 600.7533 600.7449 600.7289 600.7111 600.6959
599.8925 599.9105 599.9315 599.958 599.985 600.015 600.0335 600.0665 600.097 600.1245 600.155 600.186 600.2175 600.25 600.283 600.32 600.349 600.393 600.428 600.4545 600.5365 600.6185 600.7005 600.738 600.7978 600.8051 600.8158 600.8266 600.8373 600.8481 600.8584 600.8663 600.8722 600.8814 600.8872 600.8922 600.8979 600.9041 600.9091 600.9111 600.9129 600.9161 600.9189 600.9195 600.9184 600.9172 600.9164 600.9152 600.9118 600.9063 600.9036 600.8979 600.8923 600.8836 600.878 600.8713 600.8656 600.8535 600.8403 600.8255 600.8197 600.8112 600.7952 600.7776 600.7623
599.963 599.9915 600.0165 600.0415 600.072 600.1035 600.1315 600.1505 600.1895 600.229 600.264 600.2955 600.3315 600.369 600.401 600.4425 600.487 600.5415 600.619 600.6885 600.7725 600.831 600.8382 600.8492 600.8608 600.8724 600.883 600.8939 600.9047 600.9153 600.9262 600.9339 600.9408 600.949 600.9553 600.96 600.9658 600.9717 600.9772 600.9795 600.9808 600.9843 600.9868 600.988 600.9867 600.9858 600.985 600.9831 600.9803 600.9742 600.9715 600.9662 600.9606 600.9514 600.9457 600.9388 600.9332 600.921 600.9077 600.8918 600.8861 600.8776 600.8614 600.8439 600.8287
600.0435 600.075 600.102 600.134 600.174 600.194 600.2295 600.2645 600.299 600.324 600.369 600.41 600.4545 600.4915 600.5345 600.61 600.6865 600.763 600.844 600.8704 600.8832 600.895 600.9059 600.9168 600.9281 600.9397 600.9502 600.9609 600.9719 600.9825 600.9927 601.0015 601.0095 601.0153 601.0234 601.0282 601.0336 601.0393 601.0454 601.048 601.0491 601.0525 601.0546 601.0565 601.0552 601.0546 601.0532 601.051 601.0487 601.043 601.0394 601.0344 601.0287 601.0193 601.0134 601.0064 601.0007 600.9884 600.9749 600.9594 600.9525 600.9438 600.9276 600.9106 600.895
600.1305 600.1725 600.1995 600.219 600.2715 600.3035 600.3445 600.369 600.4085 600.449 600.4915 600.5275 600.6045 600.6775 600.754 600.8325 600.887 600.9042 600.9216 600.9367 600.9503 600.9625 600.9734 600.9844 600.9954 601.007 601.0182 601.0281 601.0392 601.0497 601.0601 601.069 601.077 601.0827 601.0915 601.097 601.1014 601.1069 601.1133 601.1166 601.1178 601.1201 601.1226 601.125 601.1238 601.123 601.1213 601.1189 601.1172 601.1118 601.1074 601.1025 601.0969 601.0877 601.0811 601.0739 601.0682 601.0558 601.0422 601.0265 601.0189 601.0101 600.9938 600.9768 600.9614
600.2315 600.2645 600.297 600.3365 600.3805 600.4065 600.447 600.4905 600.539 600.5755 600.651 600.7435 600.8205 600.896 600.9225 600.9369 600.9525 600.9685 600.9873 601.0029 601.0172 601.0297 601.041 601.0521 601.0627 601.0743 601.0859 601.0953 601.1064 601.1172 601.1277 601.1375 601.1445 601.1514 601.1596 601.1654 601.1693 601.1749 601.181 601.1855 601.1865 601.1877 601.1908 601.1935 601.1925 601.1913 601.1895 601.187 601.1857 601.1806 601.1754 601.1708 601.1652 601.156 601.1487 601.1415 601.1358 601.1233 601.1095 601.0939 601.0853 601.0764 601.0601 601.0433 601.0277
600.331 600.374 600.407 600.4425 600.485 600.528 600.5745 600.618 600.702 600.792 600.868 600.942 600.9589 600.9756 600.9901 601.0034 601.019 601.0345 601.0525 601.0693 601.0837 601.0964 601.1086 601.1198 601.1307 601.1417 601.1533 601.1626 601.1732 601.1844 601.1949 601.2046 601.2121 601.22 601.2263 601.2335 601.2372 601.2429 601.2486 601.2537 601.2549 601.256 601.2591 601.2619 601.2612 601.2597 601.2576 601.2557 601.2541 601.2494 601.2433 601.239 601.2333 601.2243 601.2165 601.209 601.2033 601.1907 601.1768 601.1609 601.1516 601.1428 601.1263 601.11 601.0941
600.431 600.4755 600.5165 600.564 600.602 600.667 600.7515 600.8335 600.928 600.972 600.988 601.008 601.0249 601.0416 601.0576 601.0701 601.0855 601.1011 601.1168 601.1351 601.15 601.1636 601.1761 601.187 601.1984 601.209 601.2206 601.2305 601.2404 601.2518 601.2622 601.2715 601.2797 601.2876 601.2933 601.3016 601.3058 601.3107 601.3162 601.3219 601.3234 601.3242 601.3273 601.3298 601.3298 601.328 601.3262 601.3245 601.3223 601.3182 601.3112 601.3073 601.3015 601.2927 601.2842 601.2773 601.2709 601.2582 601.2441 601.2283 601.218 601.209 601.1925 601.1764 601.1605
600.552 600.592 600.627 600.7085 600.8065 600.88 600.9545 601.001 601.0214 601.0383 601.0526 601.0735 601.0909 601.1075 601.1243 601.1376 601.152 601.1676 601.1823 601.2007 601.2166 601.2306 601.2431 601.2546 601.2661 601.2764 601.2879 601.299 601.3076 601.3188 601.3297 601.3402 601.3482 601.3552 601.3619 601.3697 601.3746 601.3785 601.384 601.3901 601.3918 601.3925 601.3949 601.3977 601.3985 601.3965 601.395 601.3932 601.3901 601.387 601.3792 601.3755 601.3698 601.361 601.3519 601.3459 601.3384 601.3257 601.3114 601.2958 601.2844 601.2752 601.2587 601.2427 601.2269
600.6815 600.7505 600.8295 600.92 601.017 601.0272 601.0441 601.0648 601.0868 601.1044 601.1204 601.1371 601.1569 601.1738 601.1902 601.2051 601.2185 601.2341 601.2497 601.2651 601.2828 601.2969 601.3094 601.3222 601.3336 601.3446 601.3552 601.3668 601.375 601.3854 601.397 601.4074 601.4164 601.4228 601.4305 601.4373 601.4435 601.4464 601.4519 601.4578 601.4606 601.4613 601.4628 601.4656 601.4672 601.4651 601.4637 601.4618 601.4581 601.4555 601.4479 601.4438 601.4379 601.4293 601.42 601.4139 601.4059 601.3931 601.3787 601.363 601.3508 601.3414 601.325 601.309 601.2934
600.8615 600.9495 601.038 601.0557 601.0752 601.0934 601.1104 601.1287 601.1507 601.1704 601.1873 601.2015 601.2227 601.2397 601.2561 601.2726 601.2852 601.3007 601.3162 601.3303 601.3486 601.3632 601.377 601.3895 601.4006 601.4123 601.4225 601.4341 601.4427 601.4526 601.4643 601.4746 601.483 601.4905 601.4985 601.5038 601.5117 601.5145 601.5199 601.5255 601.5294 601.53 601.5311 601.5339 601.5356 601.5338 601.5326 601.53 601.5263 601.524 601.5167 601.512 601.5061 601.4976 601.4883 601.4816 601.4735 601.4606 601.446 601.43 601.4172 601.4077 601.3912 601.3752 601.3598
