samples/sfe_25/sfe_25_c1/sfe_25_c1/sfe_25_c1.asc
ncols         253
nrows         137
xllcorner     79
yllcorner     53
cellsize      1
NODATA_value  -9999
[rows 87 to 115 of 137, columns 65 to 129 of 253]
601.06 601.0778 601.0996 601.121 601.1409 601.1591 601.1768 601.1937 601.2146 601.2365 601.2534 601.2687 601.2863 601.3058 601.3222 601.3389 601.3527 601.3671 601.3828 601.3969 601.4133 601.4307 601.444 601.4562 601.4682 601.48 601.4902 601.5015 601.5113 601.5198 601.5313 601.5422 601.5518 601.559 601.5659 601.5725 601.5798 601.5834 601.5878 601.5931 601.5982 601.5988 601.5994 601.6021 601.6041 601.6025 601.601 601.5981 601.5951 601.5925 601.5855 601.5803 601.5743 601.5659 601.5566 601.5493 601.541 601.528 601.5132 601.4971 601.4836 601.4739 601.4573 601.4415 601.4263
601.1219 601.1426 601.1636 601.1853 601.2053 601.2247 601.2431 601.2601 601.2784 601.3005 601.3194 601.3363 601.3505 601.3718 601.3887 601.4048 601.4202 601.4337 601.4493 601.4648 601.4782 601.4964 601.5103 601.5226 601.5358 601.5473 601.5583 601.5688 601.5798 601.5875 601.5978 601.6096 601.6198 601.6276 601.6334 601.6411 601.6478 601.6522 601.6557 601.6609 601.6665 601.6672 601.6676 601.6697 601.6726 601.6711 601.6693 601.6666 601.6638 601.6609 601.6543 601.6483 601.6426 601.6344 601.625 601.617 601.6086 601.5955 601.5806 601.5645 601.5499 601.5401 601.5233 601.5078 601.4927
601.186 601.2077 601.2274 601.2491 601.2705 601.2904 601.3086 601.3264 601.3434 601.3643 601.3855 601.4023 601.4172 601.4355 601.4547 601.4707 601.4875 601.5004 601.5158 601.5314 601.5449 601.5616 601.577 601.5904 601.603 601.6143 601.6262 601.6362 601.6478 601.6552 601.6649 601.6769 601.6871 601.6948 601.7013 601.7093 601.7147 601.7211 601.7236 601.7289 601.7347 601.7357 601.736 601.7379 601.7407 601.7398 601.7378 601.7354 601.7325 601.7293 601.7231 601.7162 601.7108 601.7036 601.6933 601.6847 601.6761 601.663 601.6478 601.632 601.6167 601.6063 601.59 601.574 601.5591
601.2502 601.2722 601.2928 601.3132 601.3348 601.3547 601.3743 601.3928 601.4097 601.4282 601.4502 601.4684 601.485 601.4998 601.5207 601.5375 601.5534 601.5677 601.5823 601.5979 601.6116 601.6262 601.6442 601.6572 601.6693 601.6818 601.6938 601.704 601.7151 601.7236 601.7322 601.7437 601.7546 601.7631 601.7698 601.7766 601.783 601.7898 601.7921 601.7969 601.8024 601.8045 601.8047 601.8062 601.8087 601.8085 601.8065 601.8042 601.8013 601.7972 601.7919 601.7842 601.7791 601.7726 601.7616 601.7524 601.7437 601.7304 601.7151 601.6994 601.6844 601.6725 601.6569 601.6403 601.6256
601.3143 601.3364 601.3579 601.3771 601.3986 601.42 601.4399 601.4581 601.4761 601.493 601.514 601.5345 601.5513 601.5665 601.5847 601.6035 601.6193 601.6353 601.6488 601.6644 601.68 601.6929 601.7099 601.7235 601.7359 601.7494 601.761 601.7722 601.7824 601.7921 601.7999 601.8102 601.8222 601.832 601.8383 601.8441 601.8517 601.8579 601.861 601.8649 601.87 601.8733 601.8735 601.8745 601.8769 601.8771 601.8751 601.873 601.8701 601.8657 601.8607 601.8528 601.8474 601.8411 601.83 601.8207 601.8112 601.7979 601.7824 601.7669 601.7517 601.7387 601.7231 601.7068 601.692
601.3788 601.4005 601.4225 601.4429 601.463 601.4843 601.5042 601.5238 601.5424 601.5594 601.5779 601.5999 601.6174 601.6333 601.649 601.6696 601.6859 601.702 601.7156 601.7309 601.7465 601.7596 601.7742 601.7913 601.8038 601.8161 601.8281 601.8401 601.8497 601.8607 601.8677 601.8772 601.8895 601.8995 601.9066 601.9121 601.9201 601.9257 601.9298 601.9328 601.938 601.9421 601.9423 601.9427 601.9448 601.9458 601.9438 601.9418 601.9385 601.9344 601.9295 601.9216 601.9156 601.9095 601.8983 601.889 601.8787 601.8654 601.8497 601.8344 601.8186 601.8049 601.7892 601.7733 601.7585
601.443 601.4648 601.4866 601.5081 601.5268 601.5482 601.5696 601.5895 601.6078 601.6257 601.6427 601.6638 601.6835 601.7003 601.7155 601.7338 601.7524 601.7679 601.7828 601.7974 601.813 601.8266 601.8409 601.8577 601.8705 601.8823 601.8954 601.9078 601.9178 601.9286 601.9359 601.9446 601.956 601.967 601.9745 601.9807 601.9874 601.9936 601.9987 602.0009 602.006 602.011 602.011 602.011 602.0131 602.0145 602.0125 602.0106 602.007 602.0031 601.9983 601.9904 601.9838 601.9779 601.9666 601.9573 601.9463 601.9328 601.917 601.9018 601.8856 601.8712 601.8555 601.8398 601.825
601.5081 601.5293 601.5508 601.5729 601.5926 601.6127 601.6339 601.6537 601.6733 601.692 601.709 601.7277 601.7495 601.7664 601.7819 601.7982 601.8184 601.8344 601.8503 601.864 601.8795 601.8951 601.9076 601.9225 601.9373 601.9492 601.9628 601.9748 601.9859 601.996 602.0044 602.0124 602.0226 602.0347 602.0433 602.0491 602.0547 602.0623 602.0674 602.0697 602.074 602.0792 602.0796 602.0795 602.0813 602.0832 602.0811 602.079 602.0759 602.0719 602.0671 602.0591 602.0521 602.0461 602.0349 602.0256 602.0151 602.0002 601.9843 601.9692 601.9532 601.9374 601.9223 601.9064 601.8914
601.5733 601.5934 601.6152 601.637 601.6583 601.6765 601.6976 601.7191 601.7391 601.7576 601.7753 601.7925 601.8135 601.8324 601.8493 601.8644 601.883 601.9012 601.9166 601.9308 601.946 601.9617 601.9742 601.9889 602.0054 602.0172 602.0291 602.0418 602.054 602.0634 602.0729 602.0801 602.0895 602.1019 602.1119 602.1176 602.1229 602.1309 602.1361 602.1385 602.1419 602.147 602.1484 602.1483 602.1496 602.1517 602.1498 602.1478 602.144 602.129 602.1167 602.1047 602.0927 602.0801 602.0665 602.0529 602.0394 602.0256 602.0118 601.997 601.9811 601.9652 601.9503 601.9344 601.9177
601.6376 601.6586 601.6797 601.7011 601.7231 601.7424 601.7623 601.7833 601.8032 601.8229 601.8417 601.8586 601.8774 601.8985 601.9153 601.9313 601.9474 601.9673 601.9827 601.9978 602.0125 602.0281 602.0417 602.0556 602.0707 602.0838 602.0953 602.1091 602.1216 602.1316 602.1414 602.1482 602.1571 602.1684 602.1794 602.1859 602.1914 602.1982 602.2042 602.2074 602.2099 602.215 602.2172 602.217 602.2052 602.1948 602.1844 602.174 602.1635 602.1517 602.1394 602.1275 602.1155 602.1031 602.0896 602.076 602.0627 602.0489 602.0351 602.0204 602.0045 601.9888 601.9741 601.9584 601.9416
601.7018 601.7239 601.744 601.7657 601.7873 601.8085 601.8262 601.8472 601.8687 601.8886 601.9074 601.925 601.9423 601.9633 601.9814 601.9979 602.0134 602.0322 602.0496 602.0652 602.0792 602.0947 602.1103 602.1223 602.1369 602.1517 602.1625 602.1759 602.1885 602.1997 602.2095 602.2167 602.2248 602.235 602.2472 602.2547 602.2599 602.2654 602.2728 602.274 602.2633 602.2542 602.2461 602.2371 602.2276 602.2173 602.2069 602.1965 602.186 602.1744 602.1622 602.1503 602.1384 602.126 602.1126 602.099 602.0859 602.0721 602.0583 602.0437 602.028 602.0124 601.9978 601.9822 601.9655
601.7668 601.7881 601.8092 601.8303 601.8514 601.8735 601.8921 601.912 601.9329 601.9528 601.9725 601.9913 602.0083 602.0272 602.0475 602.0643 602.0804 602.0967 602.1161 602.1312 602.1461 602.1611 602.1768 602.189 602.2036 602.219 602.2304 602.2421 602.2556 602.2678 602.2772 602.2852 602.2925 602.3018 602.3143 602.3236 602.3163 602.3099 602.3021 602.2947 602.2858 602.2766 602.2684 602.2595 602.25 602.2399 602.2294 602.219 602.2086 602.1972 602.1849 602.173 602.1613 602.1489 602.1356 602.122 602.1092 602.0954 602.0816 602.0671 602.0515 602.036 602.0215 602.0061 601.9894
601.8311 601.8524 601.8744 601.8946 601.9161 601.9376 601.9585 601.9759 601.9966 602.0182 602.0381 602.0572 602.0746 602.0921 602.113 602.1304 602.1466 602.1624 602.1813 602.1981 602.2129 602.2277 602.2433 602.2569 602.2703 602.2849 602.2977 602.3082 602.3227 602.3353 602.3453 602.3538 602.3605 602.3588 602.3527 602.3457 602.3388 602.3322 602.3245 602.317 602.3083 602.2989 602.2906 602.2819 602.2723 602.2624 602.252 602.2416 602.2311 602.2199 602.2076 602.1957 602.1842 602.1718 602.1586 602.145 602.1324 602.1187 602.1049 602.0904 602.0749 602.0596 602.0452 602.03 602.0134
601.8953 601.9175 601.9385 601.9598 601.9808 602.0019 602.0237 602.0418 602.0618 602.0823 602.1022 602.1221 602.1409 602.158 602.177 602.1965 602.2133 602.2294 602.2459 602.2649 602.2798 602.2944 602.3098 602.3254 602.3369 602.3516 602.366 602.3757 602.3889 602.4023 602.3972 602.3926 602.3872 602.3813 602.3751 602.3682 602.3613 602.3542 602.3469 602.3392 602.3309 602.3214 602.313 602.3044 602.2947 602.2849 602.2745 602.2641 602.2537 602.2426 602.2302 602.2185 602.2071 602.1946 602.1816 602.168 602.1557 602.1419 602.1281 602.1138 602.0983 602.0831 602.069 602.0538 602.0372
601.9596 601.9818 602.0029 602.0248 602.0452 602.0665 602.0879 602.1082 602.1256 602.1462 602.1677 602.1877 602.207 602.2242 602.2419 602.2625 602.2794 602.2961 602.3113 602.3304 602.3464 602.3613 602.3763 602.3919 602.4036 602.4183 602.4329 602.436 602.4304 602.4247 602.4197 602.4151 602.4098 602.4037 602.3978 602.3906 602.3837 602.3763 602.3693 602.3615 602.3533 602.3439 602.3353 602.3268 602.3171 602.3074 602.297 602.2867 602.2762 602.2654 602.2529 602.2412 602.2299 602.2175 602.2047 602.191 602.179 602.1652 602.1514 602.1371 602.1218 602.1068 602.0927 602.0777 602.0612
602.024 602.046 602.0682 602.0891 602.1104 602.1312 602.1523 602.174 602.1916 602.2114 602.2319 602.2518 602.2719 602.2906 602.3076 602.3268 602.3455 602.3623 602.3784 602.3951 602.4133 602.428 602.4428 602.4584 602.472 602.4651 602.4611 602.4572 602.4532 602.4477 602.4422 602.4376 602.4324 602.4262 602.4201 602.4131 602.4061 602.3985 602.3916 602.3837 602.3759 602.3664 602.3575 602.3492 602.3396 602.33 602.3195 602.3091 602.2987 602.2881 602.2756 602.264 602.2526 602.2404 602.2277 602.2141 602.202 602.1884 602.1746 602.1605 602.1452 602.1303 602.1164 602.1016 602.0851
602.0889 602.1103 602.1324 602.1535 602.1754 602.1957 602.217 602.2382 602.2579 602.2753 602.2957 602.3173 602.3372 602.3568 602.3739 602.3917 602.4115 602.4283 602.4454 602.4603 602.4797 602.4949 602.498 602.4959 602.4922 602.4885 602.4846 602.48 602.4761 602.4708 602.4647 602.4601 602.455 602.4489 602.4425 602.4355 602.4286 602.4213 602.414 602.4061 602.3983 602.3889 602.3799 602.3717 602.3621 602.3525 602.342 602.3317 602.3213 602.3109 602.2983 602.2867 602.2752 602.2633 602.2507 602.2371 602.225 602.2117 602.1979 602.1838 602.1686 602.1539 602.1401 602.1254 602.109
602.1537 602.1749 602.1967 602.2187 602.2396 602.2609 602.2816 602.3027 602.3241 602.3413 602.3611 602.3813 602.4012 602.4218 602.4402 602.4572 602.4766 602.4944 602.5114 602.5273 602.5261 602.5237 602.5212 602.5193 602.5156 602.512 602.5079 602.5027 602.4989 602.4938 602.4872 602.4826 602.4778 602.4714 602.4649 602.458 602.451 602.4441 602.4364 602.4285 602.4208 602.4114 602.4022 602.394 602.3845 602.3749 602.3645 602.3541 602.3438 602.3334 602.321 602.3094 602.2979 602.2862 602.2737 602.2601 602.248 602.2349 602.2211 602.2072 602.1921 602.1775 602.1639 602.1493 602.1329
602.2183 602.2397 602.261 602.2831 602.3041 602.3259 602.3463 602.3674 602.3885 602.4077 602.425 602.4452 602.4668 602.4868 602.5065 602.5236 602.5416 602.559 602.5536 602.5514 602.5497 602.5475 602.545 602.5421 602.539 602.5353 602.5312 602.5256 602.5217 602.5168 602.5101 602.5051 602.5005 602.4939 602.4877 602.4804 602.4735 602.4666 602.4589 602.4509 602.4434 602.4339 602.4244 602.4163 602.407 602.3973 602.387 602.3766 602.3663 602.3559 602.3438 602.3322 602.3206 602.3091 602.2968 602.2831 602.2709 602.2582 602.2444 602.2305 602.2155 602.201 602.1876 602.1732 602.1569
602.2821 602.3045 602.3257 602.3474 602.3693 602.39 602.4115 602.4321 602.4532 602.4741 602.491 602.5107 602.5309 602.5508 602.5715 602.583 602.5807 602.5798 602.5781 602.5759 602.5732 602.5713 602.5688 602.5649 602.5624 602.5587 602.5544 602.5484 602.5445 602.5398 602.5338 602.5276 602.5231 602.5166 602.5101 602.5031 602.4959 602.489 602.481 602.4733 602.4658 602.4565 602.4468 602.4386 602.4294 602.4197 602.4095 602.3991 602.3889 602.3784 602.3665 602.3549 602.3433 602.332 602.3198 602.3062 602.2939 602.2814 602.2676 602.2538 602.239 602.2247 602.2113 602.197 602.1807
602.345 602.3693 602.3905 602.4117 602.4338 602.4547 602.4763 602.4968 602.5178 602.5389 602.5574 602.5747 602.5947 602.6073 602.6069 602.6063 602.6056 602.6039 602.6026 602.6004 602.5967 602.5951 602.5926 602.5877 602.5857 602.5821 602.5778 602.572 602.5673 602.5629 602.5572 602.5501 602.5456 602.5394 602.5325 602.5261 602.5184 602.5114 602.5031 602.4957 602.488 602.479 602.4694 602.4609 602.4519 602.4421 602.4321 602.4216 602.4114 602.401 602.3892 602.3777 602.366 602.3549 602.3428 602.3292 602.317 602.3047 602.2909 602.2772 602.2624 602.2482 602.235 602.2209 602.2047
602.408 602.4325 602.4553 602.4765 602.4981 602.5198 602.5405 602.5621 602.5825 602.6036 602.6238 602.6308 602.6329 602.6329 602.6324 602.6312 602.6305 602.6281 602.6271 602.6249 602.6204 602.6189 602.6165 602.6116 602.6091 602.6054 602.6011 602.5961 602.5901 602.5862 602.5802 602.5726 602.5681 602.562 602.5551 602.5485 602.5408 602.5339 602.5253 602.5181 602.5103 602.5015 602.4919 602.4832 602.4743 602.4645 602.4546 602.4442 602.434 602.4235 602.412 602.4005 602.3886 602.3777 602.3658 602.3522 602.3399 602.3279 602.3141 602.3005 602.2859 602.2719 602.2588 602.2448 602.2286
602.4722 602.4954 602.5199 602.5413 602.5625 602.5845 602.6052 602.6268 602.6474 602.6543 602.6563 602.6574 602.6581 602.6581 602.6581 602.6559 602.6554 602.6541 602.6516 602.6494 602.6461 602.6429 602.6403 602.6367 602.6321 602.6288 602.6243 602.6203 602.6129 602.6091 602.6032 602.5952 602.5906 602.5845 602.5781 602.5709 602.5633 602.5563 602.548 602.5405 602.5325 602.524 602.5145 602.5055 602.4968 602.4869 602.4771 602.4666 602.4565 602.446 602.4347 602.4232 602.4113 602.4006 602.3888 602.3752 602.3629 602.3512 602.3374 602.3239 602.3093 602.2954 602.2825 602.2686 602.2525
602.538 602.5583 602.5828 602.6061 602.6273 602.6488 602.6704 602.6766 602.6799 602.6808 602.6829 602.6838 602.6838 602.683 602.6837 602.6808 602.6803 602.6796 602.676 602.674 602.6718 602.6664 602.6641 602.6616 602.655 602.6522 602.6485 602.6437 602.6357 602.6318 602.6262 602.6184 602.6131 602.6076 602.6006 602.5933 602.5858 602.5788 602.5709 602.5629 602.5547 602.5465 602.537 602.5278 602.5192 602.5094 602.4996 602.4891 602.4791 602.4686 602.4575 602.4459 602.434 602.4235 602.4118 602.3983 602.3859 602.3745 602.3607 602.3472 602.3328 602.319 602.3062 602.2925 602.2764
602.6022 602.6224 602.6458 602.6703 602.6921 602.6997 602.7023 602.7046 602.7068 602.708 602.7098 602.7095 602.7092 602.7095 602.7093 602.708 602.7055 602.7045 602.7002 602.6985 602.6963 602.6899 602.6879 602.6854 602.6777 602.6755 602.6719 602.6671 602.6586 602.6547 602.6492 602.642 602.6356 602.6309 602.6231 602.6163 602.6082 602.6013 602.5937 602.5853 602.5773 602.569 602.5595 602.55 602.5416 602.5319 602.5222 602.5117 602.5015 602.4911 602.4802 602.4687 602.4567 602.4464 602.4346 602.4213 602.4089 602.3977 602.3839 602.3706 602.3562 602.3426 602.33 602.3163 602.3003
602.6663 602.6883 602.7087 602.7225 602.725 602.7285 602.73 602.7325 602.7339 602.7352 602.736 602.7366 602.7356 602.7357 602.7349 602.7344 602.7303 602.7294 602.7244 602.723 602.7208 602.7135 602.7117 602.7092 602.7018 602.6989 602.6953 602.6904 602.6828 602.6775 602.6723 602.6656 602.6581 602.6536 602.646 602.6389 602.6311 602.6237 602.6165 602.6076 602.5998 602.5916 602.582 602.5723 602.5641 602.5544 602.5447 602.5342 602.524 602.5137 602.5029 602.4914 602.4795 602.4693 602.4573 602.4443 602.4319 602.421 602.4072 602.394 602.3796 602.3661 602.3537 602.3402 602.3242
602.7305 602.7435 602.7476 602.7518 602.7546 602.7574 602.759 602.7605 602.7609 602.7625 602.7633 602.7631 602.7622 602.7618 602.7603 602.7601 602.7552 602.7543 602.7504 602.7475 602.7453 602.7393 602.7355 602.733 602.7268 602.7222 602.7186 602.7136 602.707 602.7003 602.6957 602.6893 602.6806 602.676 602.6691 602.6614 602.6542 602.6461 602.6392 602.6297 602.6222 602.6141 602.6045 602.5948 602.5865 602.5768 602.5671 602.5567 602.5465 602.5363 602.5256 602.514 602.5023 602.492 602.4801 602.4673 602.4548 602.4442 602.4304 602.4173 602.4031 602.3898 602.3774 602.3641 602.3481
602.7664 602.7734 602.7787 602.7816 602.7842 602.7859 602.7878 602.7895 602.7899 602.79 602.7898 602.7896 602.7897 602.7875 602.7853 602.7857 602.78 602.7792 602.7769 602.7723 602.7698 602.765 602.7595 602.7568 602.7518 602.745 602.742 602.7369 602.7311 602.7231 602.7192 602.7126 602.7031 602.6985 602.6916 602.684 602.6769 602.6686 602.6616 602.652 602.6446 602.6367 602.6271 602.6173 602.6088 602.5993 602.5895 602.5792 602.569 602.5588 602.5483 602.5366 602.525 602.5147 602.5029 602.4903 602.4778 602.4675 602.4537 602.4407 602.4265 602.4133 602.4011 602.388 602.3721
602.7963 602.8032 602.8101 602.8112 602.8138 602.8152 602.8165 602.8173 602.8179 602.8184 602.8179 602.817 602.8155 602.8137 602.8124 602.8113 602.8073 602.8041 602.8033 602.7965 602.7943 602.7908 602.783 602.7806 602.7769 602.7678 602.7653 602.7606 602.7553 602.7459 602.742 602.7357 602.7266 602.7211 602.7142 602.7072 602.6993 602.691 602.6841 602.6749 602.667 602.6591 602.6497 602.6399 602.6311 602.6218 602.6119 602.6017 602.5915 602.5814 602.571 602.5592 602.5477 602.5374 602.5256 602.5133 602.5008 602.4907 602.4769 602.464 602.45 602.437 602.4249 602.4119 602.396
