samples/sfe_25/sfe_25_c1/sfe_25_c1/sfe_25_c1.asc
ncols         253
nrows         137
xllcorner     79
yllcorner     53
cellsize      1
NODATA_value  -9999
[rows 29 to 57 of 137, columns 65 to 129 of 253]
601.8903 601.8562 601.8261 601.795 601.7664 601.7371 601.7045 601.6753 601.6449 601.6158 601.5876 601.5594 601.5309 601.5045 601.4789 601.4507 601.4236 601.3976 601.3702 601.3456 601.3214 601.2928 601.2678 601.2434 601.2194 601.1954 601.1724 601.1512 601.127 601.1044 601.082 601.062 601.041 601.0189 600.9978 600.9757 600.9565 600.9373 600.9186 600.9008 600.8829 600.8656 600.8488 600.8322 600.8152 600.7992 600.7836 600.7678 600.7525 600.7408 600.7257 600.7134 600.7023 600.6871 600.6746 600.6652 600.6571 600.6478 600.6398 600.6318 600.6224 600.6144 600.6067 600.598 600.5891
601.8315 601.7971 601.7648 601.7343 601.7052 601.6764 601.6453 601.6143 601.5845 601.5542 601.5259 601.4978 601.4691 601.4423 601.4159 601.389 601.3613 601.335 601.3082 601.2823 601.2586 601.2308 601.2047 601.1801 601.1562 601.1318 601.1088 601.0872 601.0633 601.0402 601.0177 600.9976 600.9766 600.9547 600.9333 600.9115 600.8914 600.8723 600.8533 600.8354 600.8176 600.8 600.7832 600.7665 600.7496 600.7334 600.7173 600.7017 600.686 600.6746 600.6595 600.6466 600.6359 600.6207 600.6077 600.5986 600.5906 600.5811 600.5731 600.5651 600.5555 600.5475 600.5397 600.5309 600.522
601.7702 601.7383 601.7041 601.6743 601.644 601.6151 601.5854 601.5527 601.524 601.4927 601.4641 601.4362 601.4079 601.3801 601.3528 601.3274 601.2988 601.2728 601.2469 601.2192 601.1958 601.1689 601.1415 601.1169 601.0929 601.0684 601.0451 601.0231 601.0002 600.9762 600.9539 600.9331 600.9122 600.8906 600.8688 600.8473 600.8264 600.8072 600.788 600.7701 600.7523 600.7344 600.7177 600.7009 600.684 600.6676 600.6514 600.6357 600.6196 600.6085 600.5933 600.5798 600.5695 600.5544 600.5408 600.5321 600.524 600.5144 600.5064 600.4984 600.4886 600.4807 600.4728 600.4639 600.455
601.7095 601.6797 601.645 601.6135 601.5829 601.5543 601.5253 601.4931 601.4628 601.4321 601.4026 601.3745 601.3463 601.3179 601.2916 601.2657 601.2368 601.2105 601.1843 601.1564 601.1326 601.107 601.0782 601.0537 601.0295 601.0051 600.9814 600.959 600.9372 600.9126 600.89 600.8687 600.8478 600.8265 600.8043 600.7831 600.7614 600.7422 600.723 600.7048 600.687 600.6691 600.6521 600.6353 600.6183 600.6018 600.5856 600.5697 600.5535 600.5423 600.5272 600.5131 600.5032 600.488 600.4739 600.4656 600.4575 600.4477 600.4397 600.4316 600.4218 600.4138 600.4058 600.3969 600.3879
601.6484 601.6188 601.5862 601.5522 601.5221 601.4932 601.4642 601.4338 601.4018 601.3717 601.3409 601.3128 601.2846 601.256 601.2294 601.2034 601.1751 601.1482 601.1218 601.0941 601.0694 601.0447 601.0161 600.9905 600.9661 600.9418 600.9177 600.8949 600.8741 600.849 600.826 600.8043 600.7834 600.7623 600.7397 600.7189 600.6962 600.6771 600.658 600.6395 600.6216 600.6038 600.5865 600.5696 600.5527 600.536 600.5198 600.5037 600.4875 600.4761 600.462 600.428 600.42 600.4085 600.352 600.343 600.335 600.319 600.3075 600.2995 600.2895 600.281 600.2729 600.264 600.255
601.587 601.558 601.5277 601.493 601.462 601.432 601.4029 601.374 601.3409 601.3113 601.2798 601.251 601.2229 601.1947 601.1672 601.1404 601.1135 601.0857 601.0596 601.0329 601.0062 600.982 600.9542 600.9274 600.9028 600.8785 600.8541 600.8312 600.81 600.7853 600.7622 600.7397 600.7189 600.698 600.6754 600.6544 600.6318 600.6121 600.593 600.5742 600.5563 600.54 600.5065 600.4705 600.4365 600.3815 600.3575 600.314 600.283 600.247 600.209 600.178 600.1695 600.1255 600.101 600.091 600.0825 600.051 600.0225 600.0145 600.004 599.995 599.987 599.976 599.968
601.5264 601.4974 601.4679 601.4341 601.4009 601.3709 601.3422 601.3134 601.2817 601.2503 601.2194 601.1894 601.1613 601.1331 601.105 601.0787 601.0518 601.0233 600.9973 600.9711 600.9429 600.9193 600.8922 600.8642 600.8397 600.8153 600.7908 600.7675 600.7459 600.7222 600.6982 600.6755 600.6545 600.6336 600.6113 600.593 600.5585 600.5015 600.4445 600.386 600.3405 600.291 600.2605 600.208 600.1745 600.1335 600.0785 600.0655 600.019 600.009 599.9755 599.9666 599.953 599.9225 599.914 599.896 599.8865 599.8785 599.8505 599.842 599.831 599.822 599.814 599.8025 599.7946
601.4674 601.4362 601.4066 601.3757 601.3409 601.3098 601.2811 601.2519 601.2223 601.189 601.1589 601.1277 601.0995 601.0714 601.043 601.0164 600.9901 600.9612 600.9351 600.9087 600.8802 600.8564 600.8303 600.8013 600.7765 600.752 600.7275 600.7038 600.6818 600.6592 600.636 600.6 600.537 600.4735 600.41 600.346 600.2965 600.2575 600.2 600.142 600.0955 600.074 600.047 600.018 599.994 599.963 599.941 599.918 599.8975 599.871 599.8535 599.8435 599.815 599.8005 599.7905 599.758 599.748 599.74 599.727 599.7185 599.708 599.6985 599.69 599.6785 599.67
601.4085 601.3749 601.3459 601.317 601.2821 601.2496 601.22 601.1907 601.162 601.1295 601.0985 601.0671 601.0379 601.0097 600.9815 600.9542 600.928 600.8995 600.8727 600.8464 600.8188 600.7932 600.7681 600.7394 600.7133 600.6888 600.671 600.591 600.534 600.4675 600.392 600.3285 600.265 600.2005 600.152 600.131 600.105 600.068 600.031 600.001 599.9745 599.946 599.911 599.897 599.8635 599.829 599.8215 599.79 599.777 599.748 599.738 599.721 599.697 599.681 599.6675 599.645 599.6355 599.626 599.6155 599.5935 599.5835 599.5735 599.565 599.553 599.5575
601.3496 601.3157 601.2852 601.2552 601.2236 601.1889 601.1589 601.1301 601.1014 601.0703 601.0378 601.0066 600.9762 600.9481 600.9198 600.892 600.8657 600.8379 600.8102 600.7841 600.7576 600.73 600.707 600.6515 600.561 600.4895 600.4175 600.3521 600.2939 600.2365 600.1785 600.146 600.1 600.0725 600.039 600.0045 599.9695 599.9335 599.8975 599.889 599.8575 599.827 599.7946 599.7755 599.7535 599.7275 599.7125 599.681 599.662 599.6395 599.6285 599.5985 599.5875 599.577 599.546 599.536 599.526 599.5155 599.5055 599.477 599.4665 599.457 599.448 599.4365 599.446
601.2901 601.2568 601.2241 601.1944 601.1651 601.1301 601.0977 601.069 601.0397 601.0107 600.9774 600.9462 600.9147 600.8864 600.8582 600.8299 600.8035 600.7762 600.7477 600.7095 600.628 600.551 600.467 600.399 600.308 600.276 600.2065 600.173 600.1345 600.0995 600.0525 600.027 599.981 599.9485 599.9175 599.8865 599.8545 599.8305 599.797 599.7675 599.7495 599.719 599.687 599.6665 599.6455 599.6175 599.6035 599.5785 599.5555 599.5395 599.5195 599.5 599.478 599.468 599.4495 599.439 599.416 599.406 599.396 599.3795 599.3695 599.359 599.3495 599.338 599.3345
601.2297 601.1979 601.1641 601.1337 601.1043 601.0716 601.0371 601.0079 600.9785 600.9502 600.9181 600.8857 600.8543 600.8247 600.7965 600.7688 600.7145 600.6345 600.532 600.4755 600.377 600.3156 600.258 600.2235 600.1725 600.132 600.0885 600.055 600.021 599.9875 599.946 599.9125 599.874 599.8416 599.8115 599.7791 599.7485 599.7175 599.688 599.6595 599.643 599.6115 599.591 599.5665 599.538 599.5225 599.496 599.483 599.454 599.4435 599.4146 599.404 599.3855 599.3669 599.354 599.3425 599.3195 599.3085 599.299 599.2875 599.2785 599.2675 599.2575 599.2465 599.236
601.1706 601.139 601.1052 601.0731 601.0428 601.0131 600.978 600.9468 600.9179 600.8891 600.8589 600.8253 600.7965 600.7175 600.657 600.56 600.4655 600.4015 600.3085 600.273 600.2275 600.1865 600.1315 600.0985 600.061 600.019 599.976 599.9455 599.9015 599.868 599.833 599.7995 599.768 599.737 599.7075 599.6765 599.6475 599.6225 599.5945 599.565 599.5375 599.5065 599.4965 599.471 599.443 599.428 599.406 599.389 599.3685 599.349 599.3315 599.3095 599.2965 599.2835 599.259 599.249 599.235 599.224 599.2145 599.203 599.1935 599.1825 599.172 599.1615 599.1505
601.1111 601.0785 601.0463 601.0124 600.9822 600.9534 600.9196 600.8857 600.857 600.8275 600.769 600.6665 600.589 600.486 600.4095 600.3395 600.294 600.2445 600.1965 600.1495 600.1005 600.0699 600.0235 599.987 599.9485 599.9055 599.8705 599.8395 599.799 599.762 599.7335 599.704 599.6685 599.6385 599.6075 599.5775 599.559 599.529 599.5045 599.4795 599.453 599.429 599.4041 599.388 599.3605 599.3345 599.3235 599.2985 599.2865 599.262 599.25 599.2275 599.2166 599.2015 599.181 599.171 599.16 599.1435 599.1324 599.121 599.112 599.1 599.0895 599.0795 599.068
601.0515 601.0187 600.9873 600.9535 600.9216 600.8916 600.861 600.795 600.719 600.6165 600.539 600.436 600.3695 600.323 600.273 600.2225 600.1765 600.1195 600.078 600.0455 599.9955 599.9565 599.912 599.882 599.849 599.8115 599.7745 599.734 599.701 599.6685 599.6405 599.6125 599.5815 599.5535 599.5245 599.496 599.467 599.438 599.4165 599.3985 599.3725 599.347 599.3295 599.308 599.287 599.2675 599.244 599.2275 599.2085 599.192 599.17 599.1575 599.146 599.1215 599.111 599.0995 599.088 599.066 599.054 599.043 599.0335 599.0215 599.0105 599.0005 598.9895
600.992 600.9592 600.9273 600.8945 600.8465 600.766 600.6835 600.5665 600.49 600.3985 600.353 600.3095 600.253 600.197 600.1505 600.11 600.072 600.0195 599.9745 599.932 599.893 599.863 599.823 599.7885 599.745 599.714 599.6825 599.646 599.618 599.585 599.552 599.5255 599.4905 599.4615 599.4355 599.419 599.387 599.3685 599.349 599.32 599.297 599.2785 599.2565 599.2305 599.2175 599.196 599.1785 599.1585 599.1405 599.125 599.106 599.093 599.08 599.062 599.0515 599.033 599.023 599.007 598.9955 598.985 598.9745 598.963 598.9515 598.942 598.93
600.9325 600.8997 600.8195 600.7435 600.631 600.524 600.4655 600.3965 600.35 600.2895 600.227 600.194 600.1405 600.097 600.051 600.0065 599.9545 599.9235 599.884 599.848 599.8005 599.763 599.725 599.6955 599.661 599.6335 599.5965 599.5594 599.5345 599.505 599.4775 599.453 599.422 599.396 599.3715 599.3475 599.319 599.295 599.279 599.2555 599.236 599.214 599.1945 599.1715 599.154 599.139 599.118 599.0945 599.083 599.0605 599.049 599.038 599.0175 599.0055 598.994 598.974 598.9645 598.9525 598.939 598.9295 598.918 598.9065 598.8945 598.885 598.874
600.805 600.717 600.594 600.5175 600.45 600.3815 600.3395 600.2815 600.226 600.1835 600.1305 600.083 600.037 599.9855 599.955 599.917 599.8665 599.8325 599.7855 599.756 599.7209 599.68 599.6435 599.61 599.575 599.549 599.5225 599.49 599.4615 599.4325 599.401 599.376 599.3495 599.3265 599.3035 599.2825 599.2595 599.238 599.2185 599.1949 599.1725 599.1545 599.138 599.116 599.0965 599.085 599.0655 599.049 599.0325 599.018 599.0035 598.987 598.9725 598.9535 598.944 598.93 598.9185 598.907 598.888 598.8785 598.8665 598.855 598.8435 598.832 598.822
600.604 600.5165 600.4365 600.387 600.327 600.2665 600.225 600.173 600.12 600.0795 600.027 599.987 599.9395 599.903 599.857 599.8195 599.7695 599.743 599.7085 599.6705 599.637 599.59 599.5656 599.5396 599.5085 599.4805 599.45 599.4185 599.394 599.3695 599.3416 599.3145 599.297 599.2715 599.2485 599.2264 599.204 599.1835 599.162 599.144 599.124 599.11 599.0875 599.0685 599.054 599.0355 599.0225 599.002 598.99 598.9725 598.9605 598.943 598.9305 598.916 598.9035 598.89 598.878 598.866 598.8505 598.8405 598.8285 598.8165 598.8051 598.7935 598.7825
600.4465 600.3825 600.3215 600.278 600.2255 600.173 600.1215 600.0695 600.0179 599.9805 599.944 599.897 599.8485 599.8115 599.777 599.735 599.6965 599.658 599.6245 599.598 599.561 599.5295 599.503 599.468 599.438 599.414 599.39 599.3585 599.3385 599.312 599.283 599.2595 599.239 599.2205 599.1985 599.177 599.1575 599.1365 599.1155 599.1015 599.0815 599.0625 599.0475 599.0315 599.017 598.999 598.9845 598.9695 598.954 598.9405 598.9245 598.912 598.8945 598.883 598.8705 598.855 598.841 598.8295 598.819 598.808 598.7955 598.7845 598.7725 598.7605 598.7485
600.333 600.2775 600.2215 600.174 600.1225 600.0705 600.022 599.9835 599.933 599.883 599.854 599.8115 599.7735 599.729 599.691 599.657 599.6265 599.594 599.556 599.5265 599.4945 599.4715 599.4365 599.4146 599.3815 599.3555 599.328 599.3044 599.2845 599.2635 599.2395 599.2165 599.1965 599.177 599.153 599.138 599.1185 599.1005 599.082 599.0656 599.047 599.0315 599.015 598.998 598.9865 598.9685 598.952 598.9395 598.924 598.912 598.8975 598.8855 598.8725 598.8595 598.847 598.835 598.821 598.809 598.799 598.784 598.7725 598.761 598.7495 598.7395 598.728
600.227 600.175 600.1135 600.0735 600.0265 599.9795 599.9315 599.885 599.8505 599.8075 599.77 599.738 599.689 599.6575 599.624 599.5935 599.563 599.529 599.4975 599.469 599.4375 599.412 599.3825 599.3605 599.334 599.3095 599.284 599.261 599.2395 599.216 599.195 599.176 599.158 599.139 599.121 599.1035 599.085 599.0665 599.048 599.0325 599.02 599.005 598.9905 598.9775 598.963 598.9475 598.9335 598.919 598.9065 598.8915 598.879 598.864 598.8521 598.84 598.8275 598.816 598.804 598.7925 598.78 598.7675 598.7555 598.7435 598.7315 598.7215 598.7095
600.125 600.077 600.029 599.988 599.9365 599.89 599.854 599.8149 599.7725 599.7295 599.6975 599.6665 599.63 599.592 599.5545 599.5255 599.5015 599.468 599.441 599.412 599.3845 599.363 599.335 599.3135 599.2905 599.264 599.24 599.2209 599.205 599.1835 599.1645 599.147 599.1255 599.1045 599.088 599.0755 599.062 599.0465 599.031 599.016 599.0005 598.986 598.9735 598.9585 598.9445 598.9325 598.919 598.9065 598.8945 598.882 598.869 598.857 598.8455 598.833 598.8215 598.8094 598.796 598.785 598.7735 598.761 598.749 598.737 598.725 598.714 598.702
600.04 599.987 599.939 599.906 599.862 599.817 599.7725 599.7455 599.7075 599.67 599.6325 599.5965 599.572 599.5385 599.5055 599.472 599.441 599.4175 599.3885 599.368 599.3415 599.322 599.295 599.275 599.251 599.231 599.2095 599.193 599.173 599.1525 599.1365 599.1205 599.105 599.089 599.0735 599.058 599.0435 599.0275 599.0135 599.001 598.99 598.9775 598.964 598.951 598.939 598.9265 598.913 598.9015 598.8875 598.8765 598.864 598.8534 598.8415 598.831 598.819 598.8075 598.796 598.7845 598.7725 598.7605 598.7485 598.7375 598.7255 598.7135 598.7015
599.9455 599.912 599.8665 599.8285 599.7791 599.7465 599.709 599.679 599.6425 599.605 599.5705 599.5375 599.5105 599.4855 599.453 599.428 599.3995 599.376 599.3475 599.3235 599.302 599.2835 599.263 599.241 599.222 599.1975 599.182 599.169 599.152 599.1365 599.12 599.1025 599.086 599.073 599.06 599.0475 599.035 599.0225 599.0095 598.9969 598.9845 598.9715 598.9595 598.948 598.938 598.9275 598.916 598.9055 598.8945 598.883 598.872 598.861 598.8505 598.8385 598.8255 598.8145 598.803 598.791 598.779 598.767 598.7555 598.7435 598.7315 598.72 598.708
599.8765 599.8345 599.786 599.7615 599.7195 599.681 599.6435 599.615 599.584 599.551 599.518 599.485 599.4604 599.436 599.4105 599.3845 599.3585 599.337 599.3165 599.295 599.274 599.2515 599.234 599.2155 599.1995 599.183 599.167 599.1525 599.133 599.1205 599.107 599.0945 599.082 599.069 599.0565 599.0435 599.0309 599.0195 599.0095 598.9995 598.9885 598.9785 598.967 598.957 598.9449 598.9355 598.925 598.9135 598.9041 598.8925 598.8845 598.873 598.8645 598.8535 598.841 598.831 598.819 598.809 598.7965 598.785 598.7729 598.761 598.749 598.737 598.7255
599.8085 599.7695 599.7325 599.6925 599.6615 599.626 599.5925 599.563 599.531 599.499 599.476 599.447 599.42 599.3925 599.3705 599.3514 599.329 599.3101 599.2865 599.2695 599.25 599.232 599.2165 599.2 599.1845 599.17 599.1555 599.142 599.1285 599.1165 599.103 599.0895 599.0784 599.069 599.059 599.0485 599.0385 599.0285 599.0185 599.0085 598.9965 598.9875 598.98 598.9725 598.9615 598.9525 598.944 598.935 598.925 598.916 598.905 598.8945 598.8835 598.8745 598.864 598.8521 598.84 598.8325 598.8195 598.8075 598.796 598.784 598.772 598.7605 598.7485
599.7395 599.7 599.672 599.641 599.6085 599.5699 599.5425 599.5145 599.491 599.4625 599.433 599.405 599.388 599.366 599.343 599.3205 599.2975 599.286 599.2685 599.2505 599.234 599.2145 599.202 599.1906 599.1775 599.164 599.1515 599.1375 599.1263 599.1165 599.107 599.0975 599.088 599.078 599.068 599.058 599.0495 599.042 599.035 599.0265 599.0186 599.01 599.002 598.994 598.984 598.973 598.9665 598.961 598.9505 598.944 598.9335 598.925 598.916 598.906 598.896 598.886 598.8755 598.8645 598.8535 598.84 598.8285 598.817 598.805 598.793 598.78
599.6845 599.6525 599.62 599.589 599.557 599.53 599.502 599.475 599.448 599.4275 599.4045 599.381 599.3585 599.339 599.3195 599.302 599.285 599.2695 599.25 599.237 599.2245 599.211 599.1995 599.186 599.174 599.1635 599.154 599.1445 599.1355 599.1255 599.116 599.1085 599.101 599.094 599.086 599.08 599.073 599.0645 599.0575 599.048 599.0435 599.036 599.0305 599.024 599.0175 599.01 599.001 598.9945 598.988 598.9775 598.97 598.9585 598.95 598.943 598.9315 598.9225 598.915 598.9025 598.8925 598.879 598.8665 598.855 598.8435 598.831 598.8155
