SIN0=(3.1781008185,1.0,-0.0,MASK0)
SIN1=(1.4093803635,2.0,-1.32,MASK0)
SIN2=(0.383546218,3.0,-0.05,MASK0)
SIN3=(0.076755478,6.0,-0.02,MASK0)
SIN4=(3.1781008185,1.0,-0.0,MASK0)

