SIN0=(0.8223895987502753,1.0,-2.0,MASK0)
SIN1=(0.7958780171014599,1.5,2.82,MASK0)
SIN2=(0.48620324834228706,3.0,-1.74,MASK0)
SIN3=(0.20784648333976213,4.0,2.76,MASK0)
SIN4=(0.17935046077578812,5.0,-1.27,MASK0)
SIN5=(0.3890925330196957,6.0,2.55,MASK0)
SIN6=(0.17265839481115544,7.0,-0.46,MASK0)
SIN7=(0.15809854622404446,8.0,2.51,MASK0)
SIN8=(0.26247676556416133,9.0,-0.08,MASK0)
SIN9=(0.3890925330196956,6.0,2.55,MASK0)
SIN10=(0.17935046077578806,5.0,-1.27,MASK0)
SIN11=(0.2078464833397622,4.0,2.76,MASK0)
SIN12=(0.48620324834228706,3.0,-1.74,MASK0)
SIN13=(0.7958780171014599,1.5,2.82,MASK0)
SIN14=(0.8223895987502752,1.0,-2.0,MASK0)

