SIN0=(4.7901488173589915,1.0,-0.0,MASK0)
SIN1=(1.9594525228228528,2.0,0.15,MASK0)
SIN2=(1.7990436557024025,3.0,-1.07,MASK0)
SIN3=(0.0673880096371137,3.5,0.22,MASK0)
SIN4=(0.7934153362576536,4.5,2.76,MASK0)
SIN5=(0.8985405138700776,6.0,-0.05,MASK0)
SIN6=(0.16859988146171373,7.0,-0.87,MASK0)
SIN7=(0.2854015215371454,8.0,2.41,MASK0)
SIN8=(0.9513683189129016,8.5,2.65,MASK0)
SIN9=(1.032343788063322,10.0,0.21,MASK0)
SIN10=(0.16859988146171373,7.0,-0.87,MASK0)
SIN11=(0.8985405138700775,6.0,-0.05,MASK0)
SIN12=(0.7934153362576537,4.5,2.76,MASK0)
SIN13=(0.0673880096371137,3.5,0.22,MASK0)
SIN14=(1.7990436557024028,3.0,-1.07,MASK0)
SIN15=(1.9594525228228528,2.0,0.15,MASK0)
SIN16=(4.7901488173589915,1.0,-0.0,MASK0)

