SIN0=(0.0629174542679957,2.0,1.42,MASK0)
SIN1=(0.05393124901799386,3.0,-2.72,MASK0)
SIN2=(0.0311834188050421,4.0,1.86,MASK0)
SIN3=(0.04242718707472407,5.0,0.72,MASK0)
SIN4=(0.037329135846343106,6.0,1.11,MASK0)
SIN5=(0.03637189602393635,6.5,0.17,MASK0)
SIN6=(0.037007811954986126,8.0,-0.15,MASK0)
SIN7=(0.011618166324997055,9.0,-2.62,MASK0)
SIN8=(0.0026929375249883005,13.5,-0.03,MASK0)
SIN9=(0.010197532076708532,12.0,-0.76,MASK0)
SIN10=(0.03637189602393634,6.5,0.17,MASK0)
SIN11=(0.037329135846343106,6.0,1.11,MASK0)
SIN12=(0.04242718707472408,5.0,0.72,MASK0)
SIN13=(0.031183418805042093,4.0,1.86,MASK0)
SIN14=(0.05393124901799386,3.0,-2.72,MASK0)
SIN15=(0.06291745426799572,2.0,1.42,MASK0)
SIN16=(0.04218084299341987,1.0,-1.67,MASK0)

