SIN0=(0.042180842993419856,1.0,-1.67,MASK0)
SIN1=(0.06291745426799572,2.0,1.42,MASK0)
SIN2=(0.05393124901799384,3.0,-2.72,MASK0)
SIN3=(0.0311834188050421,4.0,1.86,MASK0)
SIN4=(0.04242718707472408,5.0,0.72,MASK0)
SIN5=(0.03732913584634309,6.0,1.11,MASK0)
SIN6=(0.03637189602393635,6.5,0.17,MASK0)
SIN7=(0.03700781195498612,8.0,-0.15,MASK0)
SIN8=(0.011618166324997056,9.0,-2.62,MASK0)
SIN9=(0.007595967718391699,9.5,-0.1,MASK0)
SIN10=(0.012714237525924457,10.5,-2.64,MASK0)
SIN11=(0.01019753207670853,12.0,-0.76,MASK0)
SIN12=(0.02353852878169376,13.0,0.78,MASK0)
SIN13=(0.007595967718391711,9.5,-0.1,MASK0)
SIN14=(0.011618166324997055,9.0,-2.62,MASK0)
SIN15=(0.037007811954986126,8.0,-0.15,MASK0)
SIN16=(0.03637189602393634,6.5,0.17,MASK0)
SIN17=(0.03732913584634309,6.0,1.11,MASK0)
SIN18=(0.04242718707472408,5.0,0.72,MASK0)
SIN19=(0.031183418805042086,4.0,1.86,MASK0)
SIN20=(0.05393124901799386,3.0,-2.72,MASK0)
SIN21=(0.06291745426799572,2.0,1.42,MASK0)
SIN22=(0.04218084299341987,1.0,-1.67,MASK0)

