samples/sfe_221/sfe_221_c1/sfe_221_c1/sfe_221_c1.asc
ncols         392
nrows         245
xllcorner     90
yllcorner     51
cellsize      0.4
NODATA_value  -9999
[rows 140 to 167 of 245, columns 256 to 319 of 392]
602.557 602.5474 602.5344 602.5213 602.5082 602.4951 602.4821 602.4689 602.4559 602.4428 602.4297 602.4166 602.4036 602.3904 602.3774 602.3643 602.3512 602.3381 602.3251 602.312 602.2989 602.2858 602.2728 602.2596 602.2466 602.2335 602.2204 602.2073 602.1943 602.1812 602.1681 602.155 602.1419 602.1288 602.1158 602.1027 602.0896 602.0765 602.0635 602.0504 602.0373 602.0242 602.0111 601.998 601.985 601.9719 601.9588 601.9457 601.9326 601.9196 601.909 601.8522 601.7439 601.6357 601.5258 601.4155 601.3073 601.199 601.0902 600.9806 600.8725 600.7643 600.6563 600.5481
602.4986 602.547 602.5403 602.527 602.5137 602.5004 602.4871 602.4738 602.4605 602.4472 602.4339 602.4206 602.4073 602.394 602.3806 602.3673 602.354 602.3407 602.3274 602.3141 602.3008 602.2875 602.2742 602.2609 602.2476 602.2343 602.2209 602.2076 602.1943 602.181 602.1677 602.1544 602.1411 602.1278 602.1145 602.1012 602.0879 602.0745 602.0612 602.0479 602.0346 602.0213 602.008 601.9947 601.9814 601.9681 601.9548 601.9415 601.9282 601.9186 601.8606 601.7511 601.6427 601.5344 601.4262 601.3163 601.206 601.0978 600.9895 600.881 600.7713 600.6632 600.5551 600.447
602.3806 602.4668 602.54 602.5319 602.5184 602.5049 602.4913 602.4778 602.4643 602.4508 602.4373 602.4237 602.4102 602.3967 602.3831 602.3696 602.3561 602.3426 602.329 602.3155 602.302 602.2885 602.2749 602.2614 602.2479 602.2344 602.2208 602.2073 602.1938 602.1802 602.1667 602.1532 602.1396 602.1262 602.1126 602.0991 602.0856 602.072 602.0585 602.045 602.0314 602.0179 602.0044 601.9908 601.9774 601.9638 601.9503 601.9368 601.927 601.8616 601.7604 601.6509 601.5414 601.4332 601.325 601.2167 601.1068 600.9965 600.8882 600.78 600.6717 600.5621 600.4539 600.3458
602.2543 602.3405 602.427 602.529 602.5236 602.5101 602.4966 602.4831 602.4695 602.456 602.4425 602.429 602.4154 602.4019 602.3884 602.3749 602.3613 602.3478 602.3343 602.3207 602.3072 602.2937 602.2802 602.2667 602.2531 602.2396 602.2261 602.2125 602.199 602.1855 602.1719 602.1584 602.1449 602.1313 602.1179 602.1043 602.0908 602.0773 602.0632 602.0488 602.0342 602.0198 602.0052 601.9907 601.9763 601.9617 601.9473 601.937 601.8409 601.7448 601.6486 601.5507 601.4412 601.3317 601.2238 601.1155 601.0073 600.8972 600.7869 600.6787 600.5704 600.4624 600.3528 600.2447
602.128 602.215 602.3168 602.4179 602.519 602.5143 602.5018 602.4883 602.4748 602.4612 602.4477 602.4342 602.4207 602.4072 602.3936 602.3801 602.3666 602.353 602.3395 602.326 602.3124 602.299 602.2854 602.2719 602.2584 602.2448 602.2313 602.2178 602.2037 602.1893 602.1747 602.1603 602.1458 602.1312 602.1166 602.1019 602.0872 602.0726 602.0579 602.0432 602.0284 602.0137 601.999 601.9843 601.9696 601.9549 601.9168 601.8223 601.7241 601.6279 601.5318 601.4365 601.341 601.2315 601.122 601.0143 600.9061 600.7978 600.6877 600.5774 600.4692 600.3609 600.2531 600.1436
602.003 602.1047 602.2057 602.3069 602.3934 602.4791 602.504 602.4935 602.48 602.4665 602.4529 602.4395 602.4259 602.4124 602.3989 602.3853 602.3718 602.3583 602.3442 602.3298 602.3152 602.3007 602.2859 602.2712 602.2565 602.2418 602.2271 602.2125 602.1978 602.183 602.1683 602.1536 602.1389 602.1242 602.1095 602.0948 602.0801 602.0654 602.0507 602.036 602.0213 602.0066 601.9919 601.9772 601.9625 601.9034 601.8021 601.7076 601.613 601.5111 601.415 601.3189 601.2253 601.1313 601.0219 600.9125 600.8048 600.6966 600.5883 600.4781 600.3679 600.2596 600.1514 600.0436
601.8925 601.9935 602.095 602.1821 602.2678 602.3535 602.4392 602.495 602.4847 602.47 602.4553 602.4406 602.4258 602.4111 602.3964 602.3817 602.367 602.3524 602.3376 602.3229 602.3082 602.2935 602.2788 602.2641 602.2494 602.2347 602.22 602.2053 602.1906 602.1759 602.1612 602.1465 602.1318 602.1171 602.1024 602.0877 602.073 602.0583 602.0436 602.0289 602.0142 601.9995 601.9847 601.971 601.914 601.8039 601.6932 601.5928 601.4983 601.4037 601.2982 601.2021 601.106 601.0142 600.9216 600.8121 600.7031 600.5953 600.4871 600.3788 600.2686 600.1584 600.0501 599.942
601.7814 601.8829 601.9728 602.0566 602.1423 602.228 602.3137 602.3993 602.485 602.4753 602.4592 602.4432 602.4271 602.411 602.395 602.3789 602.3628 602.3467 602.3309 602.3162 602.3015 602.2867 602.272 602.2573 602.2426 602.2278 602.2131 602.1984 602.1837 602.1689 602.1542 602.1395 602.1248 602.1101 602.0954 602.0807 602.0659 602.0512 602.0365 602.0218 602.0071 601.9924 601.982 601.8922 601.8023 601.7038 601.5937 601.483 601.3835 601.2891 601.1936 601.0853 600.9891 600.893 600.8031 600.712 600.6025 600.4936 600.3859 600.2776 600.1693 600.059 599.9489 599.8406
601.6709 601.7646 601.8453 601.931 602.0167 602.1024 602.188 602.2737 602.3608 602.4435 602.4655 602.4506 602.4345 602.4185 602.4024 602.3863 602.3702 602.3542 602.3381 602.322 602.306 602.2899 602.2738 602.2577 602.2416 602.2256 602.2095 602.1934 602.1774 602.1624 602.1477 602.1329 602.1182 602.1035 602.0888 602.0741 602.0594 602.0446 602.0299 602.0152 602.0005 601.9634 601.8679 601.7713 601.6815 601.5917 601.4936 601.3835 601.2728 601.1743 601.0798 600.9802 600.8723 600.7762 600.6807 600.592 600.5023 600.3928 600.2842 600.1763 600.0681 599.9597 599.8493 599.7394
601.5564 601.6347 601.7198 601.8055 601.8911 601.9768 602.0625 602.1541 602.2367 602.3193 602.3939 602.454 602.442 602.4259 602.4099 602.3937 602.3777 602.3616 602.3455 602.3295 602.3134 602.2973 602.2813 602.2651 602.2491 602.233 602.2169 602.2009 602.1848 602.1687 602.1526 602.1365 602.1205 602.1044 602.0883 602.0723 602.0562 602.0401 602.024 602.013 601.9424 601.8493 601.7537 601.6581 601.5607 601.4708 601.3815 601.2834 601.1733 601.0626 600.965 600.8705 600.7668 600.6594 600.5633 600.4695 600.3809 600.2922 600.1831 600.0747 599.9668 599.8586 599.75 599.6396
601.4265 601.5085 601.5942 601.6799 601.7656 601.8512 601.9473 602.03 602.1125 602.1935 602.2538 602.3249 602.3989 602.433 602.4163 602.3997 602.3831 602.3664 602.3498 602.3331 602.3165 602.2999 602.2832 602.2665 602.2499 602.2333 602.2166 602.2 602.1833 602.1667 602.15 602.1334 602.1168 602.1001 602.0835 602.0668 602.0502 602.0335 602.0054 601.9143 601.8231 601.7321 601.6395 601.5439 601.4483 601.35 601.2601 601.1713 601.0732 600.9631 600.8524 600.7558 600.6613 600.5533 600.4465 600.3503 600.2584 600.1697 600.0811 599.9734 599.8652 599.7573 599.649 599.5404
601.2972 601.3829 601.4686 601.5543 601.64 601.7395 601.8232 601.9058 601.9871 602.0537 602.1216 602.1957 602.2683 602.3434 602.419 602.4064 602.3886 602.3708 602.353 602.3353 602.3174 602.2997 602.2819 602.2641 602.2463 602.2285 602.2108 602.1929 602.1759 602.1593 602.1426 602.126 602.1093 602.0927 602.076 602.0594 602.047 601.9724 601.8862 601.795 601.7039 601.6127 601.5228 601.4297 601.3341 601.2375 601.1393 601.0495 600.9612 600.863 600.7529 600.6422 600.5465 600.4501 600.34 600.2335 600.1374 600.0472 599.9586 599.87 599.7637 599.6558 599.5477 599.4395
601.1717 601.2574 601.343 601.4287 601.5277 601.6165 601.699 601.7806 601.8536 601.9171 601.9926 602.0667 602.1376 602.2131 602.2795 602.3383 602.395 602.3827 602.3641 602.3454 602.3268 602.3081 602.2895 602.2708 602.2522 602.2335 602.2148 602.1962 602.1776 602.1589 602.1403 602.1216 602.103 602.0844 602.071 601.994 601.9181 601.8431 601.7661 601.6758 601.5847 601.4935 601.4023 601.3135 601.22 601.1243 601.0234 600.9286 600.8392 600.751 600.6528 600.5427 600.432 600.3373 600.2368 600.1265 600.0206 599.9248 599.8361 599.7475 599.6589 599.554 599.4463 599.3382
601.0461 601.1318 601.2175 601.3159 601.4097 601.4923 601.5741 601.6527 601.7135 601.7894 601.8634 601.9329 602.0073 602.0802 602.14 602.1968 602.2551 602.3112 602.368 602.354 602.3339 602.3138 602.2938 602.2737 602.2536 602.2335 602.2134 602.1933 602.1732 602.1531 602.1331 602.113 602.099 602.0209 601.9426 601.8659 601.7892 601.7138 601.6392 601.5558 601.4654 601.3743 601.2831 601.1921 601.1042 601.0102 600.9146 600.8093 600.718 600.629 600.5408 600.4426 600.3324 600.2225 600.128 600.0233 599.9131 599.8076 599.7137 599.625 599.5364 599.4477 599.3445 599.2368
600.9205 601.0062 601.1041 601.2029 601.2856 601.3676 601.4462 601.5134 601.5848 601.6602 601.7343 601.8014 601.877 601.9407 601.9985 602.0646 602.1151 602.1715 602.2216 602.2564 602.2888 602.319 602.302 602.2803 602.2569 602.2335 602.2101 602.1867 602.164 602.147 602.1051 602.0353 601.9655 601.8925 601.8143 601.737 601.6609 601.5848 601.5099 601.4319 601.3456 601.255 601.1639 601.0727 600.9828 600.8949 600.8004 600.7048 600.5972 600.5073 600.4188 600.3306 600.2322 600.1221 600.0133 599.9188 599.8099 599.6998 599.5947 599.5026 599.4139 599.3253 599.2366 599.1351
600.7949 600.8923 600.994 601.0788 601.1611 601.2397 601.3133 601.3802 601.457 601.5311 601.5975 601.6711 601.7414 601.8002 601.8611 601.9196 601.9751 602.0319 602.0753 602.1107 602.1422 602.1702 602.1869 602.2024 602.1812 602.1583 602.1355 602.1142 602.0685 602.0207 601.9716 601.9017 601.8319 601.7638 601.686 601.6078 601.5328 601.456 601.3806 601.3051 601.2242 601.1353 601.0446 600.9535 600.8623 600.7736 600.6856 600.5906 600.493 600.3865 600.2969 600.2086 600.1204 600.0219 599.9117 599.804 599.7067 599.5966 599.4863 599.3818 599.2914 599.2028 599.1141 599.0255
600.6805 600.7822 600.8721 600.9546 601.0332 601.1118 601.1757 601.2524 601.3279 601.3997 601.4652 601.5408 601.6019 601.6588 601.7342 601.7792 601.8354 601.8936 601.929 601.9654 601.9956 602.0214 602.0381 602.0511 602.0294 602.0088 601.9886 601.9666 601.9253 601.8774 601.8314 601.7682 601.6983 601.6288 601.5576 601.4795 601.4031 601.3278 601.2516 601.1767 601.0977 601.014 600.925 600.8342 600.7431 600.6522 600.5643 600.4763 600.3809 600.2789 600.1758 600.0867 599.9984 599.9102 599.8116 599.7014 599.5948 599.4933 599.3831 599.2729 599.1689 599.0803 598.9916 598.903
600.5704 600.6653 600.7479 600.8267 600.9053 600.9731 601.0479 601.1247 601.1988 601.2621 601.3349 601.4026 601.4604 601.5306 601.5891 601.6392 601.6958 601.7478 601.7826 601.8188 601.849 601.8727 601.8894 601.8999 601.8776 601.8594 601.8416 601.819 601.782 601.7342 601.6884 601.6346 601.5648 601.4949 601.4286 601.3511 601.2729 601.1995 601.1227 601.0474 600.9708 600.8903 600.8037 600.7148 600.6238 600.5327 600.4429 600.355 600.2667 600.171 600.0648 599.9652 599.8765 599.7882 599.7 599.6013 599.4911 599.3855 599.2799 599.1697 599.0595 598.9578 598.8691 598.7805
600.4586 600.5412 600.6202 600.6989 600.7729 600.8433 600.9202 600.9956 601.0643 601.129 601.2032 601.2622 601.3271 601.4037 601.4441 601.4994 601.5571 601.6015 601.6381 601.6722 601.705 601.7239 601.7406 601.7487 601.7258 601.7099 601.6947 601.6715 601.6387 601.5909 601.5442 601.4951 601.4312 601.3614 601.297 601.2228 601.1446 601.0691 600.9946 600.9184 600.8435 600.7634 600.6824 600.5934 600.5046 600.4135 600.3223 600.2336 600.1457 600.0569 599.9612 599.8506 599.7546 599.6663 599.578 599.4897 599.3909 599.2808 599.1763 599.0665 598.9563 598.8461 598.788 598.521
600.3344 600.4138 600.4924 600.5709 600.6388 600.7156 600.7924 600.8665 600.9268 600.9987 601.0637 601.1237 601.2003 601.2587 601.3033 601.3597 601.4191 601.4551 601.4939 601.5256 601.5571 601.5751 601.5919 601.5974 601.5742 601.5604 601.5474 601.5239 601.4955 601.4477 601.4 601.3545 601.2977 601.2278 601.1588 601.0934 601.0163 600.9387 600.8655 600.7896 600.7142 600.6366 600.5561 600.4721 600.3832 600.2942 600.2031 600.1122 600.0243 599.9364 599.8471 599.7486 599.6365 599.5444 599.4561 599.3678 599.2795 599.1806 599.0704 598.9633 598.8531 598.795 598.332 598.148
600.2073 600.2858 600.3644 600.4342 600.511 600.5878 600.6633 600.7289 600.7928 600.8644 600.9225 600.9967 601.0733 601.1136 601.1634 601.2206 601.274 601.3097 601.3489 601.3791 601.4087 601.4263 601.4428 601.4462 601.4229 601.411 601.3995 601.3763 601.3492 601.3044 601.2566 601.2142 601.159 601.0943 601.0245 600.9627 600.8879 600.8098 600.7352 600.6616 600.5851 600.5097 600.4292 600.3487 600.2618 600.173 600.0838 599.9927 599.903 599.815 599.7271 599.6373 599.5344 599.423 599.3342 599.2459 599.1576 599.0693 598.9703 598.8601 598.805 598.034 597.995 597.977
600.0793 600.158 600.2326 600.3065 600.3833 600.4601 600.5311 600.5914 600.6625 600.7242 600.7932 600.8698 600.9283 600.9686 601.0236 601.0826 601.1277 601.1655 601.2023 601.2348 601.2603 601.2776 601.2938 601.295 601.2716 601.2615 601.2516 601.2288 601.2028 601.1611 601.1133 601.0733 601.0184 600.9608 600.8909 600.8268 600.7582 600.6815 600.6048 600.5316 600.4565 600.381 600.3024 600.2219 600.1405 600.0516 599.9627 599.8734 599.7822 599.6937 599.6057 599.5178 599.4276 599.3203 599.2124 599.124 599.0357 598.9474 598.8591 598.812 598.033 597.928 597.925 597.882
599.9515 600.0301 600.1019 600.1787 600.2556 600.331 600.3936 600.4567 600.5256 600.5897 600.6663 600.7429 600.7833 600.8275 600.8841 600.9446 600.9813 601.0213 601.0557 601.0909 601.1119 601.1288 601.1447 601.1437 601.1213 601.1121 601.1029 601.0811 601.0564 601.0179 600.9701 600.9292 600.8777 600.8228 600.7573 600.6886 600.6275 600.5531 600.4749 600.4012 600.328 600.252 600.1755 600.095 600.0145 599.9302 599.8414 599.7524 599.663 599.5723 599.4844 599.3964 599.3085 599.2178 599.1062 599.0021 598.9138 598.8255 598.462 598.152 598.06 598.003 597.908 597.896
599.8236 599.8973 599.9741 600.051 600.1278 600.1957 600.256 600.3264 600.3862 600.4628 600.5394 600.5978 600.6382 600.6876 600.7461 600.8002 600.8371 600.8771 600.9091 600.9435 600.9633 600.98 600.9957 600.9922 600.9718 600.9626 600.9535 600.9334 600.91 600.8746 600.8268 600.785 600.7373 600.6822 600.6238 600.554 600.4949 600.423 600.3466 600.2708 600.1976 600.1234 600.0479 599.9681 599.8876 599.8071 599.72 599.6311 599.5422 599.4526 599.363 599.2751 599.1871 599.0992 599.0041 598.892 598.832 598.565 598.264 598.2 598.192 598.065 597.913 597.901
599.6927 599.7696 599.8464 599.9232 599.9979 600.0582 600.1205 600.1862 600.2593 600.3359 600.4125 600.4528 600.4932 600.5479 600.6082 600.6539 600.6929 600.7324 600.7646 600.7951 600.8146 600.8312 600.8467 600.8409 600.8224 600.8132 600.804 600.7857 600.7635 600.7302 600.6835 600.6409 600.597 600.5416 600.4867 600.4204 600.3567 600.2923 600.2182 600.1404 600.0673 599.9941 599.9187 599.8412 599.7607 599.6802 599.5986 599.5098 599.4208 599.332 599.2422 599.1537 599.0658 598.9779 598.89 598.843 598.234 598.287 598.273 598.264 598.222 598.081 597.943 597.852
599.565 599.6418 599.7186 599.7955 599.8604 599.9207 599.9875 600.0558 600.1324 600.209 600.2675 600.3078 600.3516 600.4097 600.4702 600.5087 600.5487 600.5858 600.6208 600.6467 600.6658 600.6821 600.6976 600.6895 600.6729 600.6638 600.6546 600.638 600.6171 600.5837 600.5403 600.4967 600.4568 600.4009 600.3461 600.2869 600.2184 600.1616 600.0878 600.0117 599.9369 599.8636 599.7903 599.7144 599.6339 599.5533 599.4728 599.3884 599.2995 599.2106 599.1217 599.0323 598.9444 598.8565 598.373 598.104 598.097 598.15 598.189 598.231 598.219 598.094 597.946 597.792
599.4373 599.5141 599.5909 599.6625 599.7228 599.7843 599.8522 599.9288 600.0054 600.082 600.1224 600.1627 600.2119 600.2717 600.3264 600.3645 600.4045 600.4391 600.4769 600.4984 600.517 600.5331 600.5486 600.5378 600.5234 600.5143 600.5051 600.491 600.4707 600.4373 600.397 600.3526 600.3141 600.2604 600.2054 600.1505 600.0834 600.0248 599.9571 599.8832 599.8065 599.7333 599.6601 599.5854 599.507 599.4265 599.346 599.2655 599.1782 599.0892 599.0004 598.9114 598.863 598.142 598.104 598.018 597.993 598.018 598.05 598.148 598.134 598.1 597.958 597.796
599.3095 599.3864 599.4631 599.525 599.5853 599.6487 599.7253 599.8019 599.8785 599.937 599.9774 600.0177 600.0732 600.1337 600.1802 600.2203 600.2603 600.2945 600.33 600.35 600.3682 600.384 600.3995 600.386 600.374 600.3649 600.3557 600.3441 600.3243 600.2909 600.2538 600.2084 600.17 600.1201 600.0648 600.0099 599.9499 599.8866 599.8264 599.7526 599.6769 599.6029 599.5297 599.4565 599.3801 599.2996 599.2191 599.1386 599.0568 598.9679 598.879 598.874 598.259 598.198 598.143 598.102 598.033 597.971 597.951 598.002 598.056 598.069 597.951 597.808
