samples/sfe_221/sfe_221_c1/sfe_221_c1/sfe_221_c1.asc
ncols         392
nrows         245
xllcorner     90
yllcorner     51
cellsize      0.4
NODATA_value  -9999
[rows 168 to 195 of 245, columns 64 to 127 of 392]
604.1246 604.1177 604.1108 604.1064 604.1049 604.1035 604.102 604.1005 604.0991 604.0976 604.0911 604.0831 604.0728 604.0626 604.0524 604.0421 604.0319 604.0217 604.0114 604.0012 603.991 603.9807 603.9705 603.9603 603.95 603.9398 603.9296 603.9193 603.9091 603.8989 603.8886 603.8784 603.8682 603.8579 603.8477 603.8375 603.8272 603.817 603.8068 603.7965 603.7863 603.7761 603.7658 603.7556 603.7454 603.7351 603.7249 603.7147 603.7044 603.6942 603.684 603.6737 603.6635 603.6533 603.643 603.6328 603.6226 603.6123 603.6021 603.5919 603.5816 603.5714 603.5612 603.5509
604.1299 604.1255 604.1187 604.1119 604.1101 604.1086 604.1072 604.1057 604.1042 604.1028 604.0984 604.0917 604.0818 604.0715 604.0613 604.0511 604.0408 604.0306 604.0204 604.0101 603.9999 603.9897 603.9794 603.9692 603.959 603.9487 603.9385 603.9283 603.918 603.9078 603.8976 603.8873 603.8771 603.8669 603.8566 603.8464 603.8362 603.826 603.8157 603.8055 603.7953 603.785 603.7748 603.7646 603.7543 603.7441 603.7339 603.7236 603.7134 603.7032 603.6929 603.6827 603.6725 603.6622 603.652 603.6418 603.6315 603.6213 603.6111 603.6008 603.5906 603.5804 603.5701 603.5599
604.1344 604.1336 604.1265 604.1196 604.1153 604.1138 604.1123 604.1108 604.1094 604.1079 604.106 604.099 604.0908 604.0805 604.0703 604.0601 604.0498 604.0396 604.0294 604.0191 604.0089 603.9987 603.9884 603.9782 603.968 603.9577 603.9475 603.9373 603.927 603.9168 603.9066 603.8963 603.8861 603.8759 603.8656 603.8554 603.8452 603.8349 603.8247 603.8145 603.8042 603.794 603.7838 603.7735 603.7633 603.7531 603.7429 603.7326 603.7224 603.7122 603.7019 603.6917 603.6815 603.6712 603.6609 603.6508 603.6405 603.6302 603.6201 603.6098 603.5995 603.5894 603.5791 603.5688
604.14 604.1403 604.1346 604.1277 604.1208 604.119 604.1175 604.116 604.1146 604.1131 604.1116 604.1065 604.0996 604.0895 604.0793 604.069 604.0588 604.0486 604.0383 604.0281 604.0179 604.0076 603.9974 603.9872 603.9769 603.9667 603.9565 603.9462 603.936 603.9258 603.9155 603.9053 603.8951 603.8848 603.8746 603.8644 603.8541 603.8439 603.8337 603.8234 603.8132 603.803 603.7927 603.7825 603.7723 603.762 603.7518 603.7416 603.7313 603.7211 603.7109 603.7006 603.6904 603.6802 603.6699 603.6597 603.6495 603.6392 603.629 603.6188 603.6085 603.5983 603.5881 603.5778
604.1476 604.1448 604.1424 604.1354 604.1285 604.1241 604.1227 604.1212 604.1198 604.1183 604.1168 604.114 604.1069 604.0984 604.0883 604.078 604.0677 604.0576 604.0473 604.037 604.0269 604.0166 604.0063 603.9962 603.9859 603.9756 603.9655 603.9552 603.9449 603.9348 603.9245 603.9142 603.9041 603.8938 603.8835 603.8734 603.8631 603.8528 603.8427 603.8324 603.8221 603.812 603.8017 603.7914 603.7813 603.771 603.7607 603.7505 603.7403 603.73 603.7198 603.7096 603.6993 603.6891 603.6789 603.6686 603.6584 603.6482 603.6379 603.6277 603.6175 603.6072 603.597 603.5868
604.1533 604.1494 604.1502 604.1433 604.1365 604.1296 604.1278 604.1263 604.1249 604.1234 604.1219 604.1205 604.1144 604.1074 604.0972 604.087 604.0767 604.0665 604.0563 604.046 604.0358 604.0256 604.0153 604.0051 603.9949 603.9846 603.9744 603.9642 603.9539 603.9437 603.9335 603.9232 603.913 603.9028 603.8925 603.8823 603.8721 603.8618 603.8516 603.8414 603.8311 603.8209 603.8107 603.8004 603.7902 603.78 603.7697 603.7595 603.7493 603.739 603.7288 603.7186 603.7083 603.6981 603.6879 603.6776 603.6674 603.6572 603.6469 603.6367 603.6265 603.6162 603.606 603.5958
604.159 604.157 604.1553 604.1514 604.1444 604.1375 604.133 604.1315 604.1301 604.1286 604.1271 604.1257 604.1219 604.1149 604.1061 604.0959 604.0857 604.0754 604.0652 604.055 604.0447 604.0345 604.0243 604.014 604.0038 603.9936 603.9833 603.9731 603.9629 603.9527 603.9424 603.9322 603.922 603.9117 603.9015 603.8913 603.881 603.8708 603.8606 603.8503 603.8401 603.8299 603.8196 603.8094 603.7992 603.7889 603.7787 603.7685 603.7582 603.748 603.7378 603.7275 603.7173 603.7071 603.6968 603.6866 603.6764 603.6661 603.6559 603.6457 603.6354 603.6252 603.615 603.6047
604.1666 604.1635 604.1598 604.1592 604.1522 604.1454 604.1385 604.1367 604.1353 604.1338 604.1323 604.1309 604.1293 604.1223 604.1151 604.1049 604.0947 604.0844 604.0742 604.064 604.0537 604.0435 604.0333 604.023 604.0128 604.0026 603.9923 603.9821 603.9719 603.9616 603.9514 603.9412 603.9309 603.9207 603.9105 603.9003 603.89 603.8798 603.8696 603.8593 603.8491 603.8389 603.8286 603.8184 603.8082 603.7979 603.7877 603.7775 603.7672 603.757 603.7468 603.7365 603.7263 603.7161 603.7058 603.6956 603.6854 603.6751 603.6649 603.6547 603.6444 603.6342 603.624 603.6137
604.1726 604.1692 604.1661 604.1657 604.1601 604.1534 604.1464 604.1418 604.1404 604.1389 604.1375 604.136 604.1345 604.1298 604.123 604.1139 604.1036 604.0934 604.0832 604.0729 604.0627 604.0525 604.0422 604.032 604.0218 604.0115 604.0013 603.9911 603.9808 603.9706 603.9604 603.9501 603.9399 603.9297 603.9194 603.9092 603.899 603.8887 603.8785 603.8683 603.858 603.8478 603.8376 603.8273 603.8171 603.8069 603.7966 603.7864 603.7762 603.7659 603.7557 603.7455 603.7352 603.725 603.7148 603.7045 603.6943 603.6841 603.6738 603.6636 603.6534 603.6431 603.6329 603.6227
604.1791 604.1758 604.1736 604.1702 604.1681 604.1611 604.1542 604.1475 604.1456 604.1441 604.1426 604.1412 604.1397 604.1373 604.1304 604.1229 604.1126 604.1024 604.0922 604.0819 604.0717 604.0615 604.0512 604.041 604.0308 604.0205 604.0103 604.0001 603.9898 603.9796 603.9694 603.9591 603.9489 603.9387 603.9284 603.9182 603.908 603.8977 603.8875 603.8773 603.867 603.8568 603.8466 603.8363 603.826 603.8159 603.8056 603.7953 603.7852 603.7749 603.7646 603.7545 603.7442 603.734 603.7238 603.7135 603.7033 603.6931 603.6828 603.6726 603.6624 603.6521 603.6419 603.6317
604.1857 604.1828 604.1793 604.1752 604.1758 604.1691 604.1622 604.1553 604.1508 604.1493 604.1478 604.1464 604.1449 604.1434 604.1378 604.131 604.1216 604.1113 604.1011 604.0909 604.0806 604.0704 604.0602 604.0499 604.0397 604.0295 604.0192 604.009 603.9988 603.9885 603.9783 603.9681 603.9578 603.9476 603.9374 603.9271 603.9169 603.9067 603.8964 603.8862 603.876 603.8657 603.8555 603.8453 603.835 603.8248 603.8146 603.8043 603.7941 603.7839 603.7736 603.7634 603.7532 603.7429 603.7327 603.7225 603.7122 603.702 603.6918 603.6815 603.6713 603.6611 603.6509 603.6406
604.1936 604.1895 604.1852 604.1833 604.1806 604.1769 604.1699 604.1631 604.1563 604.1544 604.153 604.1515 604.15 604.1486 604.1453 604.1383 604.1306 604.1203 604.1101 604.0999 604.0896 604.0794 604.0692 604.0589 604.0487 604.0385 604.0282 604.018 604.0078 603.9975 603.9873 603.9771 603.9668 603.9566 603.9464 603.9361 603.9259 603.9156 603.9054 603.8952 603.8849 603.8747 603.8645 603.8542 603.844 603.8338 603.8235 603.8133 603.8031 603.7928 603.7826 603.7724 603.7621 603.7519 603.7417 603.7314 603.7212 603.711 603.7007 603.6905 603.6803 603.67 603.6598 603.6496
604.2019 604.195 604.1929 604.1895 604.1851 604.1848 604.1779 604.1711 604.1642 604.1596 604.1581 604.1567 604.1552 604.1537 604.1523 604.1458 604.139 604.1293 604.119 604.1088 604.0986 604.0883 604.0781 604.0679 604.0576 604.0474 604.0372 604.027 604.0167 604.0065 603.9963 603.986 603.9758 603.9656 603.9553 603.9451 603.9349 603.9246 603.9144 603.9042 603.8939 603.8837 603.8735 603.8632 603.853 603.8428 603.8325 603.8223 603.8121 603.8018 603.7916 603.7814 603.7711 603.7609 603.7507 603.7404 603.7302 603.72 603.7097 603.6995 603.6893 603.679 603.6688 603.6586
604.2101 604.2031 604.1992 604.1953 604.1923 604.191 604.1859 604.1788 604.172 604.1652 604.1633 604.1619 604.1604 604.1589 604.1574 604.1533 604.1461 604.1382 604.128 604.1178 604.1075 604.0973 604.0871 604.0768 604.0666 604.0564 604.0461 604.0359 604.0257 604.0154 604.0052 603.995 603.9847 603.9745 603.9643 603.954 603.9438 603.9336 603.9233 603.9131 603.9029 603.8926 603.8824 603.8722 603.8619 603.8517 603.8415 603.8312 603.821 603.8108 603.8005 603.7903 603.7801 603.7698 603.7596 603.7494 603.7391 603.7289 603.7187 603.7084 603.6982 603.688 603.6777 603.6675
604.2183 604.2113 604.2054 604.2025 604.1997 604.1956 604.1938 604.1867 604.1799 604.1731 604.1685 604.167 604.1655 604.1641 604.1626 604.1607 604.1536 604.1469 604.137 604.1268 604.1165 604.1063 604.0961 604.0858 604.0756 604.0654 604.0551 604.0449 604.0347 604.0244 604.0142 604.004 603.9937 603.9835 603.9733 603.963 603.9528 603.9426 603.9323 603.9221 603.9119 603.9016 603.8914 603.8812 603.8709 603.8607 603.8505 603.8402 603.83 603.8198 603.8095 603.7993 603.7891 603.7788 603.7686 603.7584 603.7481 603.7379 603.7277 603.7174 603.7072 603.697 603.6867 603.6765
604.2263 604.2195 604.2127 604.2092 604.2054 604.2015 604.2014 604.1946 604.1877 604.181 604.1741 604.1722 604.1707 604.1693 604.1678 604.1663 604.1611 604.1541 604.1459 604.1357 604.1255 604.1152 604.105 604.0948 604.0845 604.0743 604.0641 604.0538 604.0436 604.0334 604.0231 604.0129 604.0027 603.9924 603.9822 603.972 603.9617 603.9515 603.9413 603.931 603.9208 603.9106 603.9003 603.8901 603.8799 603.8696 603.8594 603.8492 603.8389 603.8287 603.8185 603.8083 603.798 603.7878 603.7776 603.7673 603.7571 603.7469 603.7366 603.7264 603.7162 603.7059 603.6957 603.6855
604.2346 604.2277 604.2206 604.2159 604.2117 604.2095 604.206 604.2026 604.1957 604.1888 604.1819 604.1774 604.1759 604.1744 604.1729 604.1714 604.1685 604.1616 604.1548 604.1447 604.1345 604.1242 604.114 604.1038 604.0935 604.0833 604.0731 604.0628 604.0526 604.0424 604.0321 604.0219 604.0117 604.0014 603.9912 603.981 603.9707 603.9605 603.9503 603.94 603.9298 603.9196 603.9093 603.8991 603.8889 603.8786 603.8684 603.8582 603.8479 603.8377 603.8275 603.8172 603.807 603.7968 603.7865 603.7763 603.7661 603.7558 603.7456 603.7354 603.7252 603.7149 603.7047 603.6945
604.2427 604.236 604.2288 604.222 604.2194 604.2156 604.2104 604.2104 604.2036 604.1967 604.1899 604.183 604.181 604.1796 604.1781 604.1766 604.1752 604.1691 604.1622 604.1537 604.1434 604.1332 604.123 604.1127 604.1025 604.0923 604.082 604.0718 604.0616 604.0513 604.0411 604.0309 604.0206 604.0104 604.0002 603.9899 603.9797 603.9695 603.9592 603.949 603.9388 603.9285 603.9183 603.9081 603.8978 603.8876 603.8774 603.8671 603.8569 603.8467 603.8364 603.8262 603.816 603.8057 603.7955 603.7853 603.775 603.7648 603.7546 603.7443 603.7341 603.7239 603.7136 603.7034
604.2509 604.2438 604.237 604.2301 604.2259 604.2213 604.2185 604.2164 604.2115 604.2046 604.1978 604.1908 604.1862 604.1848 604.1833 604.1818 604.1804 604.1766 604.1697 604.1626 604.1524 604.1422 604.1319 604.1217 604.1115 604.1013 604.091 604.0807 604.0706 604.0603 604.05 604.0399 604.0296 604.0193 604.0092 603.9989 603.9886 603.9785 603.9682 603.9579 603.9478 603.9375 603.9272 603.9171 603.9068 603.8965 603.8864 603.8761 603.8658 603.8557 603.8454 603.8351 603.825 603.8147 603.8044 603.7943 603.784 603.7737 603.7635 603.7533 603.743 603.7328 603.7226 603.7123
604.2589 604.2521 604.2452 604.2383 604.2319 604.2291 604.2258 604.2209 604.2195 604.2125 604.2057 604.1988 604.1919 604.1899 604.1884 604.187 604.1855 604.184 604.1771 604.1702 604.1614 604.1511 604.1409 604.1307 604.1204 604.1102 604.1 604.0897 604.0795 604.0693 604.059 604.0488 604.0386 604.0283 604.0181 604.0079 603.9976 603.9874 603.9772 603.9669 603.9567 603.9465 603.9362 603.926 603.9158 603.9055 603.8953 603.8851 603.8748 603.8646 603.8544 603.8441 603.8339 603.8237 603.8134 603.8032 603.793 603.7827 603.7725 603.7623 603.752 603.7418 603.7316 603.7213
604.267 604.2603 604.2535 604.2466 604.2397 604.2356 604.2315 604.2278 604.2269 604.2205 604.2134 604.2067 604.1996 604.1951 604.1936 604.1921 604.1907 604.1892 604.1846 604.1776 604.1703 604.1601 604.1498 604.1396 604.1294 604.1191 604.1089 604.0987 604.0884 604.0782 604.068 604.0577 604.0475 604.0373 604.027 604.0168 604.0066 603.9963 603.9861 603.9759 603.9657 603.9554 603.9452 603.935 603.9247 603.9145 603.9043 603.894 603.8838 603.8736 603.8633 603.8531 603.8429 603.8326 603.8224 603.8122 603.8019 603.7917 603.7815 603.7712 603.761 603.7508 603.7405 603.7303
604.2751 604.2685 604.2614 604.2548 604.2476 604.2423 604.2382 604.2358 604.2313 604.2283 604.2213 604.2147 604.2076 604.2008 604.1988 604.1973 604.1959 604.1944 604.192 604.185 604.1782 604.1691 604.1588 604.1486 604.1384 604.1281 604.1179 604.1077 604.0974 604.0872 604.077 604.0667 604.0565 604.0463 604.036 604.0258 604.0156 604.0053 603.9951 603.9849 603.9746 603.9644 603.9542 603.9439 603.9337 603.9235 603.9132 603.903 603.8928 603.8826 603.8723 603.8621 603.8519 603.8416 603.8314 603.8212 603.8109 603.8007 603.7905 603.7802 603.77 603.7598 603.7495 603.7393
604.2834 604.2765 604.2696 604.2629 604.2558 604.2491 604.2457 604.2417 604.2368 604.2361 604.2292 604.2221 604.2156 604.2085 604.204 604.2025 604.201 604.1995 604.1981 604.1924 604.1854 604.178 604.1678 604.1576 604.1473 604.1371 604.1269 604.1166 604.1064 604.0962 604.0859 604.0757 604.0655 604.0552 604.045 604.0348 604.0245 604.0143 604.0041 603.9938 603.9836 603.9734 603.9631 603.9529 603.9427 603.9324 603.9222 603.912 603.9017 603.8915 603.8813 603.871 603.8608 603.8506 603.8403 603.8301 603.8199 603.8096 603.7994 603.7892 603.7789 603.7687 603.7585 603.7482
604.2916 604.2846 604.2779 604.2709 604.264 604.2571 604.2526 604.2477 604.2447 604.2418 604.2371 604.2301 604.2235 604.2164 604.2097 604.2076 604.2062 604.2047 604.2032 604.1999 604.1928 604.1863 604.1768 604.1666 604.1563 604.1461 604.1359 604.1256 604.1154 604.1052 604.0949 604.0847 604.0745 604.0642 604.054 604.0438 604.0335 604.0233 604.0131 604.0028 603.9926 603.9824 603.9721 603.9619 603.9517 603.9414 603.9312 603.921 603.9107 603.9005 603.8903 603.88 603.8698 603.8596 603.8493 603.8391 603.8289 603.8186 603.8083 603.7982 603.7879 603.7776 603.7675 603.7572
604.2997 604.2927 604.2861 604.2791 604.2723 604.2653 604.2584 604.2558 604.2518 604.2463 604.2451 604.2381 604.2311 604.2244 604.2174 604.2128 604.2114 604.2099 604.2084 604.207 604.2004 604.1934 604.1857 604.1755 604.1653 604.155 604.1448 604.1346 604.1243 604.1141 604.1039 604.0936 604.0834 604.0732 604.0629 604.0527 604.0425 604.0322 604.022 604.0118 604.0015 603.9913 603.9811 603.9708 603.9606 603.9504 603.9401 603.9299 603.9197 603.9094 603.8992 603.889 603.8787 603.8685 603.8583 603.848 603.8378 603.8276 603.8173 603.8071 603.7969 603.7866 603.7764 603.7662
604.308 604.3011 604.2941 604.2871 604.2806 604.2736 604.2667 604.2621 604.2576 604.2539 604.2522 604.2461 604.2391 604.2323 604.2253 604.2186 604.2165 604.215 604.2136 604.2121 604.2079 604.2009 604.1942 604.1844 604.1743 604.164 604.1537 604.1436 604.1333 604.123 604.1129 604.1026 604.0924 604.0822 604.0719 604.0617 604.0515 604.0412 604.031 604.0208 604.0105 604.0003 603.9901 603.9798 603.9696 603.9594 603.9491 603.9389 603.9286 603.9184 603.9082 603.8979 603.8877 603.8775 603.8672 603.857 603.8468 603.8365 603.8263 603.8161 603.8058 603.7956 603.7854 603.7751
604.316 604.3091 604.3021 604.2955 604.2885 604.2817 604.2747 604.2687 604.2649 604.262 604.2567 604.2541 604.2471 604.2401 604.2332 604.2263 604.2217 604.2202 604.2188 604.2173 604.2155 604.2084 604.2014 604.1934 604.1832 604.173 604.1627 604.1525 604.1423 604.132 604.1218 604.1116 604.1013 604.0911 604.0809 604.0706 604.0604 604.0502 604.0399 604.0297 604.0195 604.0093 603.999 603.9888 603.9786 603.9683 603.9581 603.9479 603.9376 603.9274 603.9172 603.9069 603.8967 603.8865 603.8762 603.866 603.8558 603.8455 603.8353 603.8251 603.8148 603.8046 603.7944 603.7841
604.3241 604.3174 604.3104 604.3036 604.2967 604.2898 604.2828 604.2762 604.2721 604.2678 604.2631 604.2617 604.255 604.248 604.2411 604.2341 604.2275 604.2254 604.2239 604.2225 604.221 604.2159 604.2089 604.2021 604.1922 604.1819 604.1717 604.1615 604.1512 604.141 604.1308 604.1205 604.1103 604.1001 604.0898 604.0796 604.0694 604.0591 604.0489 604.0387 604.0284 604.0182 604.008 603.9977 603.9875 603.9773 603.967 603.9568 603.9466 603.9363 603.9261 603.9159 603.9056 603.8954 603.8852 603.8749 603.8647 603.8545 603.8442 603.834 603.8238 603.8135 603.8033 603.7931
