samples/sfe322/sfe322_v0/sfe322_v0/sfe322_v0.asc
ncols         299
nrows         166
xllcorner     73.39999999851
yllcorner     65.60000000149
cellsize      1
NODATA_value  -9999
[rows 28 to 55 of 166, columns 0 to 63 of 299]
-9999 -9999 -9999 -9999 -9999 -9999 -9999 -9999 -9999 -9999 -9999 -9999 -9999 -9999 -9999 -9999 -9999 -9999 -9999 -9999 609.6468 609.6195 609.5917 609.5653 609.5378 609.5129 609.4863 609.4585 609.4332 609.4079 609.3826 609.3571 609.3341 609.3101 609.2842 609.2599 609.2366 609.2127 609.198 609.1866 609.1628 609.1389 609.1229 609.1129 609.0976 609.0729 609.0488 609.0388 609.0272 609.0012 608.9751 608.9596 608.9496 608.9312 608.9133 608.8888 608.8622 608.8511 608.829 608.8047 608.7947 608.7725 608.746 608.72
-9999 -9999 -9999 -9999 -9999 -9999 -9999 -9999 -9999 -9999 -9999 -9999 -9999 -9999 -9999 -9999 -9999 -9999 -9999 609.6577 609.6309 609.6033 609.5754 609.5491 609.5222 609.4969 609.4702 609.4424 609.4171 609.3918 609.3666 609.3406 609.3176 609.2942 609.2683 609.2434 609.22 609.1967 609.176 609.166 609.1455 609.1216 609.0997 609.0897 609.0793 609.0547 609.03 609.0145 609.0045 608.9821 608.9561 608.9338 608.9238 608.9097 608.8869 608.8679 608.8412 608.8236 608.8066 608.7807 608.7663 608.7489 608.7224 608.6959
-9999 -9999 -9999 -9999 -9999 -9999 -9999 -9999 -9999 -9999 -9999 -9999 -9999 -9999 -9999 -9999 -9999 -9999 -9999 609.6413 609.6146 609.587 609.5592 609.5329 609.5062 609.4809 609.4542 609.4264 609.4009 609.3757 609.3506 609.3245 609.301 609.278 609.2524 609.2272 609.2034 609.1801 609.1555 609.1441 609.1283 609.1044 609.0817 609.0665 609.0566 609.0364 609.0117 608.9901 608.98 608.963 608.937 608.9109 608.8981 608.8881 608.8645 608.8469 608.8203 608.7961 608.7842 608.7584 608.7379 608.7252 608.6987 608.6722
-9999 -9999 -9999 -9999 -9999 -9999 -9999 -9999 -9999 -9999 -9999 -9999 -9999 -9999 -9999 -9999 -9999 -9999 -9999 609.6249 609.5984 609.5707 609.5438 609.5167 609.4902 609.4648 609.438 609.4103 609.3848 609.3597 609.3345 609.3085 609.2845 609.2614 609.2366 609.2107 609.1867 609.1634 609.1398 609.1222 609.111 609.0872 609.0634 609.0433 609.0334 609.0182 608.9935 608.9688 608.9557 608.944 608.9179 608.8918 608.8723 608.8623 608.843 608.8242 608.7994 608.7728 608.7586 608.736 608.7101 608.6995 608.675 608.6486
-9999 -9999 -9999 -9999 -9999 -9999 -9999 -9999 -9999 -9999 -9999 -9999 -9999 -9999 -9999 -9999 -9999 -9999 -9999 609.6086 609.5822 609.5544 609.5278 609.5005 609.4741 609.4489 609.422 609.3942 609.3687 609.3436 609.3185 609.2925 609.2679 609.2449 609.2207 609.1948 609.1701 609.1468 609.1235 609.1002 609.0902 609.0699 609.0461 609.0242 609.0102 609 608.9753 608.9506 608.9313 608.9213 608.8989 608.8728 608.8467 608.8365 608.8215 608.7979 608.7784 608.7518 608.7311 608.7136 608.6877 608.671 608.6514 608.6249
-9999 -9999 -9999 -9999 -9999 -9999 -9999 -9999 -9999 -9999 -9999 -9999 -9999 -9999 -9999 -9999 -9999 -9999 609.6202 609.5933 609.5659 609.5382 609.5118 609.4843 609.4581 609.4328 609.4059 609.3782 609.3525 609.3276 609.302 609.2764 609.2514 609.2283 609.2048 609.179 609.1542 609.1301 609.1069 609.0826 609.0683 609.0527 609.0288 609.005 608.987 608.977 608.957 608.9324 608.9077 608.8969 608.8798 608.8538 608.8277 608.8107 608.8 608.7764 608.7575 608.7309 608.7043 608.6913 608.6654 608.6426 608.6277 608.6013
-9999 -9999 -9999 -9999 -9999 -9999 -9999 -9999 -9999 -9999 -9999 -9999 -9999 -9999 -9999 -9999 -9999 -9999 609.6039 609.5773 609.5497 609.5219 609.4957 609.4681 609.442 609.4167 609.3899 609.3621 609.3364 609.3115 609.2855 609.2604 609.2349 609.2119 609.1888 609.1631 609.1372 609.1135 609.0902 609.0669 609.0463 609.0355 609.0116 608.9877 608.9652 608.9538 608.9388 608.9141 608.8894 608.8725 608.8607 608.8347 608.8087 608.785 608.775 608.7549 608.7351 608.71 608.6834 608.6661 608.643 608.6171 608.6041 608.5776
-9999 -9999 -9999 -9999 -9999 -9999 -9999 -9999 -9999 -9999 -9999 -9999 -9999 -9999 -9999 -9999 -9999 -9999 609.5875 609.5611 609.5335 609.5056 609.4796 609.4518 609.4259 609.4008 609.3738 609.3461 609.3203 609.2955 609.2694 609.2444 609.2183 609.1953 609.1722 609.1472 609.1213 609.0969 609.0736 609.0503 609.0255 609.0144 608.9943 608.9705 608.9467 608.9306 608.9206 608.8959 608.8712 608.8481 608.8381 608.8156 608.7896 608.7635 608.7492 608.7334 608.7098 608.689 608.6624 608.6387 608.6207 608.5948 608.5758 608.5539
-9999 -9999 -9999 -9999 -9999 -9999 -9999 -9999 -9999 -9999 -9999 -9999 -9999 -9999 -9999 -9999 -9999 -9999 609.5712 609.5449 609.5172 609.4893 609.4633 609.4357 609.4099 609.3847 609.3578 609.33 609.3041 609.2794 609.2534 609.2283 609.2023 609.1788 609.1557 609.1313 609.1054 609.0807 609.0569 609.0336 609.0098 608.9924 608.9771 608.9532 608.9294 608.9075 608.8975 608.8777 608.853 608.8282 608.8137 608.7966 608.7705 608.7444 608.7234 608.7119 608.6883 608.6681 608.6415 608.6149 608.5983 608.5724 608.5474 608.5303
-9999 -9999 -9999 -9999 -9999 -9999 -9999 -9999 -9999 -9999 -9999 -9999 -9999 -9999 -9999 -9999 -9999 609.5828 609.5555 609.5286 609.501 609.4731 609.4471 609.4194 609.3938 609.3687 609.3417 609.314 609.288 609.2633 609.2372 609.2123 609.1863 609.1622 609.1392 609.1154 609.0895 609.0642 609.0403 609.017 608.9937 608.9705 608.9598 608.936 608.9122 608.8899 608.8743 608.8594 608.8347 608.8101 608.7894 608.7775 608.7515 608.7254 608.6993 608.6876 608.6668 608.6461 608.6205 608.594 608.5737 608.55 608.5242 608.5066
-9999 -9999 -9999 -9999 -9999 -9999 -9999 -9999 -9999 -9999 -9999 -9999 -9999 -9999 -9999 -9999 -9999 609.5665 609.5399 609.5124 609.4847 609.4575 609.4309 609.4033 609.3777 609.3527 609.3256 609.2979 609.2719 609.247 609.2212 609.1962 609.1702 609.1457 609.1226 609.0995 609.0737 609.0478 609.0237 609.0004 608.9771 608.9526 608.9385 608.9188 608.8949 608.8711 608.8511 608.8411 608.8165 608.7918 608.7671 608.7549 608.7324 608.7064 608.6803 608.6619 608.6453 608.6216 608.5996 608.5731 608.5464 608.5277 608.5018 608.4805
-9999 -9999 -9999 -9999 -9999 -9999 -9999 -9999 -9999 -9999 -9999 -9999 -9999 -9999 -9999 -9999 -9999 609.5502 609.5237 609.4962 609.4684 609.4418 609.4147 609.3871 609.3617 609.3366 609.3096 609.2819 609.2557 609.2306 609.2051 609.1802 609.1542 609.1292 609.1061 609.0831 609.0578 609.0319 609.0074 608.9838 608.9604 608.9369 608.9166 608.9015 608.8777 608.8538 608.8309 608.8179 608.7983 608.7736 608.7489 608.7306 608.7133 608.6873 608.6613 608.6361 608.6238 608.6002 608.5787 608.5521 608.5255 608.5054 608.4794 608.4536
-9999 -9999 -9999 -9999 -9999 -9999 -9999 -9999 -9999 -9999 -9999 -9999 -9999 -9999 -9999 -9999 -9999 609.5338 609.5075 609.48 609.4521 609.4258 609.3986 609.3708 609.3456 609.3206 609.2935 609.2657 609.2396 609.2142 609.1891 609.1642 609.1381 609.1126 609.0895 609.0665 609.0419 609.0161 608.9912 608.9671 608.9438 608.9205 608.8954 608.8843 608.8604 608.8365 608.8127 608.7947 608.78 608.7554 608.7307 608.7062 608.6943 608.6682 608.6422 608.6161 608.6003 608.5787 608.557 608.5312 608.5046 608.4812 608.4571 608.4312
-9999 -9999 -9999 -9999 -9999 -9999 -9999 -9999 -9999 -9999 -9999 -9999 -9999 -9999 -9999 -9999 609.5454 609.5175 609.4913 609.4637 609.4359 609.4098 609.3823 609.3547 609.3296 609.3046 609.2775 609.2497 609.2234 609.1979 609.173 609.1478 609.1221 609.0961 609.0731 609.05 609.0261 609.0002 608.9743 608.9505 608.9272 608.9039 608.8798 608.8627 608.8432 608.8193 608.7955 608.7719 608.7615 608.7371 608.7124 608.6877 608.6718 608.6492 608.6231 608.597 608.5745 608.5572 608.5336 608.5102 608.4836 608.457 608.4348 608.4088
-9999 -9999 -9999 -9999 -9999 -9999 -9999 -9999 -9999 -9999 -9999 -9999 -9999 -9999 -9999 -9999 609.5291 609.5023 609.4751 609.4474 609.4196 609.3938 609.3661 609.3391 609.3135 609.2885 609.2614 609.2336 609.2073 609.1819 609.157 609.1312 609.1061 609.08 609.0565 609.0334 609.0101 608.9843 608.9584 608.934 608.9106 608.8873 608.864 608.8408 608.8259 608.8021 608.7783 608.7556 608.7383 608.7189 608.6942 608.6695 608.6474 608.6301 608.6041 608.578 608.5519 608.5357 608.5121 608.4893 608.4627 608.4361 608.4124 608.3865
-9999 -9999 -9999 -9999 -9999 -9999 -9999 -9999 -9999 -9999 -9999 -9999 -9999 -9999 -9999 -9999 609.5128 609.4864 609.4589 609.4312 609.4033 609.3776 609.3499 609.3234 609.2975 609.2725 609.2454 609.2176 609.1912 609.1658 609.1409 609.1148 609.09 609.064 609.04 609.0169 608.9939 608.9684 608.9425 608.9181 608.8939 608.8706 608.8473 608.8226 608.8087 608.7849 608.761 608.7371 608.7151 608.7007 608.676 608.6512 608.6266 608.611 608.585 608.559 608.5329 608.513 608.4905 608.468 608.4418 608.4152 608.3887 608.3641
-9999 -9999 -9999 -9999 -9999 -9999 -9999 -9999 -9999 -9999 -9999 -9999 -9999 -9999 -9999 -9999 609.4964 609.4702 609.4426 609.4149 609.387 609.3614 609.3337 609.3075 609.2814 609.2565 609.2293 609.2015 609.175 609.1497 609.1248 609.0988 609.074 609.048 609.0234 609.0004 608.9774 608.9525 608.9266 608.9012 608.8773 608.854 608.8307 608.8068 608.7869 608.7676 608.7437 608.7199 608.6966 608.6819 608.6577 608.6331 608.6083 608.5886 608.5659 608.5399 608.5139 608.4878 608.4691 608.4454 608.4208 608.3942 608.3676 608.3441
-9999 -9999 -9999 -9999 -9999 -9999 -9999 -9999 -9999 -9999 -9999 -9999 -9999 -9999 -9999 609.508 609.48 609.454 609.4264 609.3986 609.3711 609.3452 609.3175 609.2914 609.2654 609.2404 609.2133 609.1855 609.1589 609.1335 609.1088 609.0827 609.058 609.0319 609.0069 608.9838 608.9608 608.9367 608.9108 608.8849 608.8607 608.8373 608.814 608.7908 608.7654 608.7504 608.7265 608.7026 608.6788 608.6588 608.6395 608.6148 608.5901 608.5654 608.5469 608.5208 608.4948 608.4688 608.4476 608.424 608.3999 608.3733 608.3542 608.2428
-9999 -9999 -9999 -9999 -9999 -9999 -9999 -9999 -9999 -9999 -9999 -9999 -9999 -9999 -9999 609.4917 609.4641 609.4377 609.4102 609.3823 609.3558 609.329 609.3013 609.2754 609.2493 609.2244 609.1971 609.1694 609.1427 609.1174 609.0927 609.0667 609.0419 609.0159 608.9904 608.9673 608.9443 608.9208 608.8949 608.869 608.8447 608.8207 608.7974 608.7741 608.7497 608.733 608.7092 608.6854 608.6616 608.6376 608.6213 608.5966 608.5719 608.5472 608.5278 608.5018 608.4757 608.4497 608.4257 608.4025 608.3789 608.3395 608.2256 608.1116
-9999 -9999 -9999 -9999 -9999 -9999 -9999 -9999 -9999 -9999 -9999 -9999 -9999 -9999 -9999 609.4753 609.4489 609.4215 609.394 609.3661 609.3398 609.3128 609.2851 609.2593 609.2333 609.2084 609.1811 609.1533 609.1266 609.1013 609.0767 609.0506 609.0259 608.9999 608.9738 608.9507 608.9277 608.9047 608.879 608.8531 608.8282 608.8041 608.7808 608.7575 608.7339 608.7111 608.692 608.6682 608.6443 608.6205 608.6024 608.5784 608.5536 608.5289 608.5055 608.4827 608.4567 608.4306 608.4046 608.3809 608.3299 608.2122 608.0944 607.9805
-9999 -9999 -9999 -9999 -9999 -9999 -9999 -9999 -9999 -9999 -9999 -9999 -9999 -9999 -9999 609.459 609.4329 609.4053 609.3777 609.3498 609.3238 609.2966 609.2689 609.2433 609.2173 609.1923 609.165 609.1373 609.1105 609.0851 609.0606 609.0345 609.0098 608.9838 608.9578 608.9343 608.9112 608.8882 608.8632 608.8373 608.8114 608.7875 608.7642 608.7408 608.7175 608.6925 608.6747 608.6509 608.6271 608.6032 608.5792 608.5601 608.5354 608.5107 608.486 608.4636 608.4376 608.4116 608.387 608.31 608.2007 608.0849 607.9672 607.8494
-9999 -9999 -9999 -9999 -9999 -9999 -9999 -9999 -9999 -9999 -9999 -9999 -9999 -9999 609.4706 609.4426 609.4167 609.3891 609.3614 609.3335 609.3078 609.2804 609.2527 609.2272 609.2015 609.1763 609.149 609.1212 609.0943 609.069 609.0445 609.0185 608.9937 608.9678 608.9418 608.9177 608.8947 608.8716 608.8473 608.8214 608.7955 608.7713 608.7476 608.7242 608.7009 608.6768 608.6572 608.6337 608.6098 608.5859 608.5623 608.5419 608.5172 608.4925 608.4678 608.4446 608.4185 608.397 608.2882 608.176 608.0667 607.9572 607.84 607.7223
-9999 -9999 -9999 -9999 -9999 -9999 -9999 -9999 -9999 -9999 -9999 -9999 -9999 -9999 609.4543 609.4263 609.4005 609.3729 609.3452 609.3172 609.2918 609.2642 609.2365 609.2111 609.1856 609.1603 609.1329 609.1052 609.0782 609.0529 609.0284 609.0024 608.9771 608.9518 608.9257 608.9012 608.8781 608.8551 608.8314 608.8055 608.7796 608.7553 608.7309 608.7076 608.6843 608.661 608.6353 608.6164 608.5926 608.5687 608.5449 608.5229 608.499 608.4742 608.4496 608.4249 608.405 608.2784 608.1597 608.041 607.9327 607.8234 607.7129 607.595
-9999 -9999 -9999 -9999 -9999 -9999 -9999 -9999 -9999 -9999 -9999 -9999 -9999 -9999 609.4379 609.4111 609.3842 609.3566 609.3289 609.301 609.2757 609.248 609.2203 609.1951 609.1698 609.1442 609.1169 609.0891 609.062 609.0367 609.0121 608.9863 608.9605 608.9357 608.9097 608.8846 608.8616 608.8386 608.8155 608.7896 608.7637 608.7383 608.7143 608.691 608.6677 608.6443 608.6196 608.5992 608.5753 608.5515 608.5276 608.5032 608.4808 608.4561 608.4313 608.3951 608.2756 608.1572 608.0311 607.9124 607.7987 607.6894 607.5801 607.4686
-9999 -9999 -9999 -9999 -9999 -9999 -9999 -9999 -9999 -9999 -9999 -9999 -9999 -9999 609.4216 609.3954 609.368 609.3405 609.3126 609.2847 609.2595 609.2318 609.2041 609.179 609.154 609.1282 609.1008 609.0731 609.0459 609.0206 608.9957 608.9703 608.9442 608.9197 608.8937 608.8681 608.845 608.822 608.799 608.7737 608.7479 608.722 608.6979 608.6743 608.651 608.6277 608.6039 608.5814 608.558 608.5342 608.5104 608.4865 608.4625 608.4378 608.3852 608.2656 608.1461 608.0265 607.9079 607.7839 607.6652 607.5554 607.4461 607.3369
-9999 -9999 -9999 -9999 -9999 -9999 -9999 -9999 -9999 -9999 -9999 -9999 -9999 609.4332 609.4052 609.3793 609.3517 609.3242 609.2963 609.2694 609.2433 609.2156 609.1879 609.163 609.1382 609.1122 609.0847 609.057 609.0297 609.0045 608.9793 608.9542 608.9282 608.9036 608.8776 608.8516 608.8285 608.8055 608.7824 608.7579 608.732 608.7061 608.682 608.6577 608.6344 608.6111 608.5878 608.5624 608.5408 608.517 608.4931 608.4693 608.4443 608.3829 608.2557 608.1362 608.0166 607.897 607.7775 607.6584 607.5367 607.418 607.3121 607.2028
-9999 -9999 -9999 -9999 -9999 -9999 -9999 -9999 -9999 -9999 -9999 -9999 -9999 609.4169 609.3889 609.3631 609.3356 609.3079 609.28 609.2538 609.2271 609.1994 609.1717 609.1469 609.1222 609.0961 609.0687 609.041 609.0136 608.9883 608.9629 608.9382 608.9121 608.8876 608.8616 608.8356 608.812 608.7889 608.7659 608.742 608.7161 608.6902 608.6653 608.6411 608.6178 608.5945 608.5712 608.5468 608.5236 608.4998 608.4759 608.452 608.3729 608.2527 608.132 608.0067 607.8871 607.7676 607.648 607.5291 607.4088 607.2895 607.1763 607.0688
-9999 -9999 -9999 -9999 -9999 -9999 -9999 -9999 -9999 -9999 -9999 -9999 -9999 609.4005 609.3727 609.3469 609.3193 609.2916 609.2637 609.2378 609.2109 609.1832 609.1559 609.1309 609.1062 609.0801 609.0526 609.0248 608.9975 608.9722 608.9467 608.9221 608.8961 608.8716 608.8455 608.8195 608.7955 608.7724 608.7494 608.7261 608.7003 608.6744 608.6485 608.6245 608.6011 608.5778 608.5545 608.531 608.5055 608.4825 608.459 608.3705 608.2484 608.1224 608.0022 607.8794 607.7576 607.6381 607.5186 607.399 607.2826 607.1609 607.0422 606.9348
