samples/sfe322/sfe322_v0/sfe322_v0/sfe322_v0.asc
ncols         299
nrows         166
xllcorner     73.39999999851
yllcorner     65.60000000149
cellsize      1
NODATA_value  -9999
[rows 56 to 83 of 166, columns 128 to 191 of 299]
600.224 600.087 600.0425 600.3695 600.495 600.5433 600.5845 600.6158 600.6539 600.6815 600.7093 600.7356 600.7632 600.7896 600.8079 600.8348 600.8687 600.9042 600.9376 600.9594 600.9865 601.0133 601.0473 601.0789 601.0843 601.1036 601.1279 601.128 601.1468 601.1512 601.1189 601.1398 601.1138 601.0677 601.0201 600.9763 600.9138 600.86 600.7804 600.7131 600.6364 600.55 600.4574 600.3643 600.2584 600.1537 600.055 599.768 599.4485 599.3855 599.0655 599.012 599.045 598.638 598.3405 598.3095 598.031 598.0415 598.069 597.87 597.7448 597.64 597.6055 597.5975
600.538 600.6108 600.6834 600.7241 600.7941 600.8398 600.8837 600.915 600.952 600.98 601.0078 601.0361 601.0646 601.0911 601.114 601.141 601.1789 601.2141 601.2508 601.2755 601.3058 601.3313 601.3653 601.3976 601.3971 601.4167 601.4351 601.4349 601.4497 601.4529 601.4078 601.4265 601.3923 601.3447 601.2915 601.2435 601.1785 601.1208 601.0331 600.9655 600.8829 600.7856 600.6906 600.5948 600.4869 600.3869 600.2882 600.1702 600.047 599.8985 599.335 599.2665 599.312 598.8375 598.5545 598.5385 598.228 598.174 598.0875 597.8155 597.594 597.547 597.4944 597.261
600.8376 600.9117 600.9848 601.0286 601.0931 601.1365 601.183 601.2144 601.2501 601.2785 601.3059 601.3365 601.3661 601.3926 601.4196 601.4471 601.4892 601.5208 601.5641 601.5905 601.6251 601.6479 601.6832 601.7164 601.7099 601.7294 601.7424 601.7418 601.7527 601.748 601.6966 601.7131 601.6707 601.6106 601.5629 601.4984 601.4433 601.3649 601.2858 601.2034 601.1232 601.023 600.9237 600.8233 600.7177 600.6201 600.5168 600.3954 600.2804 600.1578 600.0276 599.6945 599.61 599.1695 598.782 598.673 598.3295 598.33 598.273 598.008 597.701 597.6575 597.6845 597.4915
601.1376 601.2128 601.2784 601.3329 601.3883 601.4377 601.4822 601.5137 601.5482 601.577 601.604 601.6369 601.6654 601.694 601.7233 601.7532 601.799 601.8271 601.8774 601.9036 601.9415 601.9644 602.0012 602.0352 602.0227 602.042 602.0496 602.0487 602.0556 602.0423 601.9855 601.9997 601.9492 601.8857 601.8342 601.7573 601.7044 601.6058 601.5386 601.451 601.3513 601.2546 601.1591 601.0518 600.952 600.8533 600.7458 600.6382 600.5269 600.4139 600.2814 600.1331 599.968 599.5045 599.165 598.9145 598.573 598.451 598.2925 598.0915 597.8055 597.7865 597.89 597.5731
601.4376 601.5188 601.5757 601.6373 601.6793 601.7389 601.7788 601.8129 601.8463 601.8755 601.9021 601.9374 601.9647 601.9955 602.0271 602.0593 602.1043 602.1372 602.1899 602.2169 602.2577 602.2817 602.3192 602.3532 602.3415 602.3552 602.3568 602.3558 602.3585 602.3365 602.2744 602.2863 602.2277 602.1497 602.1056 602.022 601.96 601.8585 601.7801 601.6938 601.5887 601.4863 601.3882 601.2798 601.1851 601.0876 600.9711 600.8738 600.7667 600.6631 600.5348 600.3749 600.2358 600.0864 599.947 599.3575 599.013 598.9175 598.6975 598.454 598.08 597.9525 597.99 597.5805
601.7376 601.8265 601.88 601.9417 601.978 602.0382 602.0754 602.1122 602.1443 602.1743 602.2002 602.2355 602.2641 602.2971 602.3337 602.3655 602.4097 602.4475 602.4991 602.5323 602.5739 602.5995 602.6368 602.6711 602.66 602.6683 602.6641 602.6628 602.6614 602.6307 602.5659 602.5701 602.5061 602.4172 602.3616 602.2868 602.1981 602.1113 602.0179 601.9221 601.8209 601.7186 601.6168 601.515 601.4183 601.3146 601.2067 601.1072 601.0063 600.9123 600.7881 600.6168 600.5177 600.3724 600.2323 600.0765 599.926 599.2816 599.0935 598.9545 598.6235 598.3665 598.2355 597.9305
602.0394 602.1262 602.181 602.2438 602.2837 602.3373 602.3719 602.4115 602.4424 602.473 602.4987 602.5334 602.5645 602.5985 602.6409 602.6716 602.7139 602.7578 602.8085 602.8505 602.8901 602.9174 602.9532 602.9891 602.9783 602.9814 602.9713 602.9699 602.9644 602.925 602.8605 602.8453 602.7759 602.6922 602.6165 602.5488 602.4391 602.3592 602.2644 602.1544 602.0504 601.9532 601.842 601.7502 601.6517 601.5467 601.457 601.3593 601.2629 601.1646 601.0317 600.8832 600.7996 600.6584 600.5336 600.3946 600.181 599.9973 599.695 599.138 598.8175 598.5825 598.268 598.01
602.347 602.426 602.4832 602.5379 602.5894 602.6364 602.6725 602.7108 602.7409 602.7718 602.7972 602.8312 602.865 602.8989 602.9396 602.9757 603.0172 603.0675 603.1169 603.1638 603.205 603.2352 603.2697 603.3071 603.2967 603.2943 603.2808 603.277 603.2673 603.2192 603.1551 603.1204 603.0418 602.9636 602.8715 602.7919 602.684 602.5946 602.4958 602.3876 602.2821 602.1817 602.0772 601.9833 601.8844 601.7752 601.7007 601.6153 601.5309 601.4316 601.2736 601.1836 601.0892 600.945 600.851 600.7049 600.4996 600.3474 600.1659 599.9266 599.338 598.9385 598.8345 598.3665
602.6591 602.726 602.7919 602.8423 602.8952 602.9301 602.9737 603.0101 603.0403 603.0706 603.0958 603.1292 603.1654 603.1981 603.2383 603.2795 603.3204 603.3729 603.4233 603.475 603.5182 603.553 603.5861 603.6251 603.6156 603.6071 603.5933 603.584 603.5713 603.5135 603.4497 603.3955 603.3098 603.2247 603.1304 603.0314 602.9366 602.8325 602.7208 602.6144 602.5138 602.4073 602.3124 602.2165 602.1188 602.0255 601.934 601.8549 601.7969 601.685 601.5265 601.4927 601.3858 601.2633 601.1578 601.0122 600.8398 600.7167 600.5073 600.2867 600.0956 599.8843 599.53 598.9
602.9711 603.0291 603.1006 603.1468 603.2 603.2318 603.2749 603.3094 603.3396 603.3693 603.3943 603.4272 603.4633 603.4973 603.537 603.5833 603.6235 603.6783 603.7297 603.7842 603.8314 603.8708 603.867 603.8784 603.8889 603.8932 603.8792 603.8524 603.8145 603.772 603.7443 603.6706 603.5737 603.4797 603.389 603.2723 603.1737 603.0699 602.9543 602.8462 602.7466 602.6394 602.5477 602.4519 602.3476 602.2758 602.1918 602.1115 602.0461 601.9304 601.8245 601.7964 601.6718 601.5859 601.4915 601.3196 601.1729 601.0735 600.8486 600.6627 600.4839 600.2571 600.0039 599.6615
603.2825 603.3366 603.4094 603.4503 603.5029 603.5375 603.576 603.6074 603.6389 603.6681 603.6929 603.7253 603.7611 603.7965 603.8356 603.887 603.9268 603.936 603.9742 604.0101 604.0403 604.0635 604.0807 604.1029 604.1128 604.1171 604.1034 604.0738 604.0358 603.9806 603.9293 603.8691 603.7882 603.718 603.6238 603.5133 603.4092 603.2941 603.1785 603.0779 602.9727 602.8746 602.7816 602.6847 602.594 602.5262 602.4509 602.3794 602.3107 602.1722 602.1225 602.0783 601.9637 601.8998 601.8158 601.6606 601.5488 601.4293 601.2066 601.0765 600.8759 600.6299 600.4149 600.1243
603.5875 603.6457 603.7145 603.7563 603.8046 603.8433 603.8772 603.9074 603.9383 603.9669 603.9916 604.018 604.0098 604.0371 604.0676 604.1066 604.1355 604.1763 604.2083 604.244 604.2703 604.2928 604.3057 604.3298 604.3367 604.3411 604.3276 604.2951 604.2558 604.1988 604.1484 604.0845 604.0004 603.9154 603.8162 603.7114 603.644 603.5211 603.4102 603.3096 603.2016 603.1099 603.0161 602.9229 602.8443 602.765 602.7034 602.6473 602.5818 602.4678 602.4301 602.3807 602.2859 602.2288 602.1509 602.0154 601.9283 601.7707 601.6126 601.4648 601.2629 601.0294 600.791 600.5529
603.8928 603.9578 604.0186 604.0651 604.109 604.098 604.1201 604.1423 604.1649 604.1858 604.2031 604.2303 604.2581 604.2858 604.3099 604.352 604.3758 604.4166 604.4423 604.4778 604.5002 604.5222 604.5328 604.5548 604.5607 604.565 604.5517 604.5164 604.4744 604.4175 604.3676 604.2966 604.2153 604.1249 604.0191 603.9248 603.8268 603.7157 603.642 603.538 603.4368 603.3451 603.2519 603.1625 603.0946 603.0242 602.96 602.9153 602.829 602.7658 602.7392 602.6852 602.6082 602.5501 602.4582 602.3706 602.3179 602.1249 602.0123 601.8531 601.6357 601.4529 601.2012 600.9789
604.1591 604.1982 604.2438 604.2757 604.309 604.3403 604.3638 604.3872 604.4109 604.4341 604.4514 604.479 604.5063 604.5345 604.5609 604.5974 604.6232 604.6569 604.6765 604.7116 604.7301 604.7515 604.7631 604.7798 604.7846 604.7889 604.7749 604.7378 604.6925 604.6366 604.584 604.5087 604.4286 604.3345 604.2377 604.1385 604.0386 603.9247 603.8129 603.7165 603.623 603.5801 603.4888 603.4128 603.345 603.2834 603.228 603.1799 603.1111 603.0638 603.0483 602.9865 602.9304 602.896 602.8217 602.7502 602.689 602.5377 602.431 602.2664 602.0538 601.8354 601.628 601.405
604.3816 604.4272 604.4746 604.5114 604.5451 604.5825 604.6043 604.6321 604.6569 604.6808 604.6997 604.7276 604.7545 604.7827 604.8096 604.8385 604.8686 604.8972 604.9183 604.9454 604.96 604.9808 604.9935 605.0048 605.0085 605.0126 604.9971 604.9591 604.9106 604.8557 604.8002 604.7208 604.6419 604.5415 604.4512 604.3526 604.2474 604.1339 604.0332 603.9368 603.8458 603.7748 603.6876 603.6046 603.575 603.5425 603.4959 603.4568 603.4091 603.3674 603.3569 603.3087 603.2592 603.237 603.1925 603.1297 603.0432 602.9435 602.834 602.6434 602.4885 602.277 602.054 601.831
604.6076 604.6562 604.7036 604.747 604.7798 604.8184 604.8466 604.8771 604.903 604.9253 604.948 604.9763 605.0037 605.0308 605.0583 605.0795 605.1139 605.1443 605.162 605.1793 605.1924 605.2101 605.2238 605.2298 605.2325 605.2363 605.2184 605.1804 605.1287 605.0748 605.0164 604.9345 604.8515 604.7512 604.6646 604.5667 604.462 604.3461 604.2535 604.1587 604.0715 603.9964 603.9077 603.8306 603.7816 603.7338 603.6923 603.6572 603.6407 603.6142 603.5837 603.5615 603.5471 603.5191 603.4902 603.465 603.456 603.3622 603.2427 603.0782 602.8978 602.7031 602.4801 602.2556
604.8344 604.8851 604.9299 604.9814 605.0103 605.0527 605.0888 605.1221 605.1443 605.1713 605.1963 605.2223 605.253 605.2791 605.307 605.3223 605.3593 605.3846 605.4058 605.4178 605.4296 605.4409 605.454 605.4548 605.4564 605.46 605.4397 605.3997 605.3469 605.2939 605.2292 605.153 605.061 604.9735 604.8784 604.7739 604.671 604.5703 604.4739 604.3826 604.2992 604.218 604.1282 604.0566 604.008 603.9383 603.9078 603.8682 603.8582 603.8191 603.7886 603.7542 603.7366 603.7086 603.6711 603.6421 603.6031 603.5517 603.4994 603.4336 603.3521 603.1291 602.9061 602.6454
605.0612 605.11 605.1588 605.2122 605.246 605.2888 605.3311 605.358 605.3891 605.4174 605.4446 605.4675 605.5016 605.5273 605.5557 605.5734 605.6046 605.6249 605.6495 605.6563 605.6672 605.6746 605.6844 605.6797 605.6804 605.6837 605.6611 605.619 605.5652 605.5131 605.4413 605.3666 605.2668 605.191 605.0924 604.9943 604.881 604.7906 604.6951 604.6017 604.5267 604.4395 604.3421 604.2825 604.2344 604.1583 604.1232 604.0858 604.0544 604.0239 603.9682 603.9482 603.9261 603.8981 603.852 603.823 603.7784 603.7209 603.6653 603.5868 603.4996 603.4124 603.3287 603.0287
605.288 605.3334 605.3878 605.4411 605.4816 605.525 605.571 605.5961 605.6341 605.6634 605.6929 605.713 605.7502 605.7756 605.8044 605.8245 605.85 605.8652 605.8926 605.8904 605.9044 605.9083 605.9147 605.9047 605.9044 605.9077 605.8824 605.8383 605.7839 605.7313 605.6535 605.578 605.4833 605.4044 605.3034 605.2084 605.1024 605.0109 604.9183 604.8238 604.7482 604.6561 604.5578 604.5087 604.4523 604.3737 604.3387 604.3033 604.2593 604.2288 604.1666 604.1422 604.1156 604.0698 604.0329 603.9987 603.9423 603.89 603.8272 603.74 603.6528 603.5656 603.4711 603.384
605.5095 605.5602 605.6167 605.6627 605.7173 605.7565 605.8018 605.8374 605.879 605.9091 605.9366 605.9585 605.9988 606.0242 606.0524 606.0757 606.0914 606.1088 606.1329 606.1245 606.1414 606.1415 606.145 606.1297 606.1283 606.1318 606.1038 606.0576 606.0024 605.9475 605.8719 605.7876 605.7055 605.6182 605.5172 605.4175 605.3276 605.2316 605.1406 605.0489 604.9698 604.8767 604.7838 604.7351 604.6525 604.5892 604.5511 604.5208 604.4642 604.429 604.3649 604.3331 604.3051 604.2428 604.2138 604.174 604.1115 604.0576 603.9804 603.8932 603.806 603.7188 603.6036 603.4856
605.7245 605.787 605.8385 605.8904 605.9496 605.9857 606.0325 606.0797 606.1181 606.1497 606.1791 606.2068 606.2463 606.2736 606.3004 606.3268 606.3347 606.3589 606.3732 606.3607 606.3785 606.3715 606.3752 606.3553 606.3549 606.3558 606.3243 606.2769 606.2211 606.1618 606.0903 605.9955 605.9286 605.8322 605.7413 605.6339 605.548 605.4544 605.3576 605.2766 605.1893 605.0881 605.0098 604.9615 604.8543 604.8046 604.7482 604.7126 604.6691 604.605 604.5402 604.5226 604.4946 604.4237 604.3942 604.3365 604.2806 604.2208 604.1336 604.0464 603.9592 603.8541 603.7361 603.6181
605.9383 606.0112 606.0593 606.1193 606.1786 606.2162 606.2687 606.3219 606.3525 606.3911 606.4238 606.4551 606.4915 606.5229 606.5484 606.5769 606.5859 606.6096 606.6135 606.6045 606.6151 606.6014 606.6055 606.5856 606.5822 606.5797 606.5436 606.495 606.4397 606.374 606.3045 606.2155 606.1443 606.0436 605.9547 605.8594 605.7683 605.6779 605.5798 605.5001 605.405 605.3004 605.2357 605.1687 605.0593 605.0201 604.9658 604.9044 604.874 604.7799 604.7343 604.7122 604.66 604.6047 604.5695 604.5021 604.4498 604.374 604.2868 604.1996 604.1047 603.9866 603.8687 603.7444
606.1526 606.2277 606.2861 606.348 606.4002 606.4519 606.504 606.5543 606.5906 606.636 606.6699 606.7034 606.7365 606.7723 606.7966 606.8256 606.837 606.8573 606.8552 606.8482 606.8489 606.8313 606.8354 606.8159 606.8093 606.8035 606.7629 606.7131 606.6586 606.5909 606.5141 606.4375 606.358 606.2637 606.1671 606.085 605.9909 605.8965 605.8018 605.7216 605.6251 605.515 605.4622 605.3688 605.2693 605.2356 605.1832 605.1093 605.0675 604.97 604.9283 604.9017 604.8191 604.7856 604.7427 604.6712 604.6136 604.5272 604.44 604.3528 604.2372 604.1192 603.9974 603.8739
606.363 606.4413 606.5129 606.567 606.6219 606.6871 606.7332 606.785 606.8287 606.8787 606.9144 606.9498 606.9818 607.0215 607.0448 607.074 607.0881 607.1026 607.1024 607.0919 607.0828 607.0682 607.0648 607.0462 607.0366 607.027 606.9822 606.9317 606.8777 606.8093 606.7277 606.6606 606.57 606.4882 606.389 606.3054 606.2137 606.1135 606.0262 605.9387 605.8345 605.737 605.6854 605.5692 605.4861 605.4335 605.3817 605.3142 605.2444 605.1666 605.1191 605.0912 604.9955 604.965 604.8943 604.8404 604.7676 604.6804 604.5931 604.4877 604.3697 604.2503 604.1321 603.9968
606.5784 606.6552 606.7308 606.7859 606.8509 606.9161 606.9624 607.0158 607.0705 607.1118 607.1551 607.1924 607.2273 607.2701 607.2941 607.3221 607.3392 607.3472 607.3497 607.3356 607.3213 607.3052 607.2941 607.2765 607.2637 607.2484 607.2015 607.1503 607.0944 607.0278 606.9476 606.8837 606.787 606.7012 606.6166 606.5274 606.4354 606.3355 606.252 606.1544 606.0439 605.963 605.8851 605.7703 605.7015 605.6282 605.5636 605.5191 605.4182 605.3413 605.3087 605.2503 605.1764 605.1402 605.0618 605.0058 604.9208 604.8336 604.7383 604.6202 604.5023 604.382 604.2544 604.1088
606.7905 606.8679 606.9445 607.012 607.0765 607.1377 607.1917 607.2485 607.3068 607.3469 607.3958 607.4349 607.4728 607.5155 607.5435 607.5701 607.5904 607.5983 607.595 607.5794 607.5617 607.5424 607.5244 607.5068 607.4905 607.4683 607.4208 607.3689 607.3099 607.2399 607.1695 607.0977 607.0106 606.9216 606.8424 606.7502 606.6524 606.5579 606.4724 606.3721 606.2585 606.1893 606.0851 605.9753 605.917 605.8458 605.7545 605.7059 605.5928 605.5203 605.4982 605.4094 605.3573 605.3004 605.231 605.1612 605.074 604.9855 604.8708 604.7527 604.6309 604.5119 604.3696 604.2186
606.9974 607.0791 607.1581 607.2339 607.2955 607.3593 607.4222 607.4807 607.5376 607.585 607.6379 607.6774 607.7183 607.7606 607.7928 607.8181 607.808 607.7897 607.7701 607.7505 607.7303 607.7102 607.6901 607.6699 607.6496 607.629 607.61 607.5875 607.5283 607.4598 607.3926 607.3135 607.235 607.1461 607.064 606.9731 606.8694 606.7797 606.6882 606.5809 606.4731 606.4018 606.2855 606.1803 606.1231 606.0508 605.9594 605.8839 605.7734 605.7143 605.6815 605.5684 605.5358 605.4525 605.398 605.3144 605.2272 605.1213 605.0033 604.8807 604.7701 604.6305 604.4794 604.3284
607.2094 607.2907 607.3721 607.4476 607.5144 607.5825 607.6536 607.7099 607.7684 607.8231 607.8724 607.902 607.8837 607.8648 607.8459 607.8264 607.807 607.7875 607.7681 607.7487 607.7292 607.7098 607.6904 607.671 607.6516 607.6321 607.6127 607.5933 607.5739 607.5545 607.5351 607.516 607.4548 607.3737 607.2867 607.1913 607.0912 607.0036 606.9039 606.7885 606.6902 606.6015 606.4859 606.3853 606.3159 606.2327 606.1642 606.0576 605.968 605.9052 605.8406 605.7481 605.7066 605.6216 605.5548 605.4676 605.3718 605.2538 605.1306 605.0259 604.8914 604.7403 604.5893 604.457
