samples/sfe322/sfe322_v0/sfe322_v0/sfe322_v0.asc
ncols         299
nrows         166
xllcorner     73.39999999851
yllcorner     65.60000000149
cellsize      1
NODATA_value  -9999
[rows 84 to 111 of 166, columns 0 to 63 of 299]
-9999 -9999 -9999 -9999 -9999 -9999 609.1223 609.0943 609.0688 609.0419 609.0143 608.9867 608.959 608.9312 608.9033 608.8778 608.8517 608.824 608.7964 608.7687 608.7428 608.6732 608.5287 608.3859 608.2412 608.1054 607.9628 607.8095 607.6583 607.5166 607.3755 607.2339 607.0935 606.9518 606.8237 606.6966 606.5568 606.4176 606.2781 606.1382 605.9986 605.8625 605.7457 605.6251 605.5054 605.3856 605.256 605.126 605.0063 604.8866 604.764 604.5955 604.4113 604.2315 604.046 603.8355 603.6249 603.4258 603.2409 603.054 602.8457 602.6374 602.4291 602.2208
-9999 -9999 -9999 -9999 -9999 609.1339 609.106 609.0779 609.0529 609.0256 608.998 608.9705 608.9427 608.9149 608.887 608.8618 608.8355 608.8079 608.7802 608.7525 608.6934 608.5385 608.394 608.2496 608.1066 607.962 607.8302 607.6876 607.5361 607.3849 607.2432 607.1024 606.9608 606.8202 606.6785 606.5541 606.4271 606.2874 606.148 606.0085 605.8686 605.7289 605.5999 605.483 605.3629 605.2431 605.1234 604.9938 604.8679 604.774 604.5751 604.39 604.1844 604.0035 603.8237 603.6349 603.4243 603.2137 603.0195 602.8395 602.6474 602.4391 602.2308 602.0225
-9999 -9999 -9999 -9999 -9999 609.1176 609.0896 609.0616 609.037 609.0094 608.9819 608.9543 608.9265 608.8986 608.8707 608.8458 608.8193 608.7916 608.764 608.7198 608.5689 608.4137 608.2593 608.1149 607.9706 607.8273 607.6829 607.5549 607.4124 607.2628 607.1115 606.9698 606.8292 606.6876 606.5468 606.4052 606.2846 606.1576 606.0178 605.8784 605.7388 605.5989 605.4594 605.3372 605.2203 605.1006 604.9808 604.8611 604.7667 604.5758 604.3677 604.1687 603.9836 603.7755 603.5957 603.4159 603.2238 603.0132 602.8026 602.6152 602.4381 602.2408 602.0325 601.8242
-9999 -9999 -9999 -9999 -9999 609.1012 609.0732 609.0455 609.0208 608.9932 608.9656 608.938 608.9102 608.8823 608.8544 608.8298 608.8031 608.7755 608.7346 608.5843 608.4386 608.2892 608.134 607.98 607.8358 607.6915 607.548 607.4073 607.2797 607.1371 606.9894 606.8382 606.6965 606.5559 606.4143 606.2735 606.135 606.0151 605.8881 605.7483 605.6088 605.4692 605.3293 605.1914 605.0745 604.9577 604.8383 604.7188 604.5402 604.3616 604.1694 603.9613 603.7623 603.5727 603.3676 603.1879 603.0081 602.8126 602.6021 602.3961 602.2138 602.0367 601.8342 601.6259
-9999 -9999 -9999 -9999 -9999 609.0849 609.0569 609.0311 609.0045 608.977 608.9494 608.9218 608.8939 608.866 608.8381 608.8138 608.7869 608.767 608.6104 608.4512 608.303 608.1573 608.0095 607.8542 607.7007 607.5567 607.4125 607.2688 607.1318 607.0045 606.8618 606.7161 606.5648 606.4232 606.2826 606.1411 606.0001 605.8676 605.7456 605.6185 605.4788 605.3392 605.1995 605.0597 604.9288 604.8119 604.7048 604.5146 604.3137 604.1351 603.9565 603.7631 603.5549 603.356 603.1615 602.9598 602.7801 602.6003 602.4014 602.1909 601.9897 601.8124 601.6354 601.4276
-9999 -9999 -9999 -9999 609.0965 609.0685 609.0405 609.0153 608.9883 608.9608 608.9332 608.9055 608.8776 608.8497 608.822 608.7978 608.777 608.6303 608.4838 608.3269 608.1677 608.0218 607.8762 607.7297 607.5745 607.4214 607.2776 607.1334 606.9895 606.8564 606.7292 606.5865 606.4427 606.2914 606.1498 606.0093 605.8679 605.7267 605.6001 605.4761 605.3491 605.2093 605.0696 604.9299 604.818 604.6925 604.4901 604.3027 604.1082 603.9087 603.7301 603.5515 603.3568 603.1486 602.9496 602.7504 602.5521 602.3723 602.1925 601.9903 601.7797 601.5881 601.411 601.2293
-9999 -9999 -9999 -9999 609.0801 609.0522 609.0242 608.9995 608.9721 608.9445 608.9169 608.8893 608.8614 608.8334 608.8067 608.7855 608.6396 608.4936 608.3469 608.2005 608.0435 607.8861 607.7405 607.5949 607.4492 607.2948 607.1422 606.9985 606.8544 606.7103 606.5809 606.4539 606.3113 606.1686 606.0181 605.8764 605.736 605.5947 605.4534 605.3326 605.2066 605.0795 604.9398 604.8235 604.6482 604.4741 604.2908 604.088 603.9006 603.7018 603.5036 603.3251 603.1464 602.9504 602.7422 602.5433 602.3392 602.1442 601.9645 601.7847 601.5792 601.3686 601.1867 600.5
-9999 -9999 -9999 -9999 609.0638 609.0358 609.0078 608.9835 608.9559 608.9283 608.9008 608.873 608.8451 608.8172 608.795 608.6484 608.5021 608.3562 608.2102 608.0635 607.9172 607.76 607.6049 607.4593 607.3137 607.168 607.0151 606.8629 606.7193 606.5753 606.431 606.3054 606.1786 606.0361 605.8934 605.7448 605.6031 605.4628 605.3215 605.1801 605.0641 604.9371 604.7972 604.6079 604.4277 604.2535 604.0793 603.8891 603.6859 603.4985 603.2955 603.0986 602.92 602.7414 602.544 602.3358 602.1369 601.9281 601.7365 601.5566 601.3769 601.168 600.191 599.889
-9999 -9999 -9999 -9999 609.0475 609.0195 608.9926 608.9672 608.9396 608.912 608.8845 608.8567 608.8288 608.8043 608.6743 608.5161 608.3651 608.2186 608.0728 607.9268 607.7801 607.634 607.4766 607.3236 607.178 607.0324 606.8868 606.7354 606.5836 606.4402 606.2963 606.1554 606.0298 605.9034 605.7608 605.6182 605.4714 605.3297 605.1895 605.0482 604.9106 604.8073 604.6038 604.4001 604.2118 604.033 603.8588 603.6846 603.4874 603.2838 603.0964 602.8891 602.6935 602.515 602.3364 602.1376 601.9294 601.7275 601.517 601.3287 601.178 600.451 599.912 599.9
-9999 -9999 -9999 609.0591 609.0311 609.0031 608.9777 608.951 608.9234 608.8959 608.8683 608.8405 608.813 608.6948 608.5472 608.389 608.2308 608.0869 607.9371 607.7893 607.6434 607.4966 607.3507 607.1931 607.0424 606.8967 606.7512 606.6055 606.4556 606.3043 606.1611 606.0171 605.8799 605.7544 605.6282 605.4856 605.3429 605.198 605.0563 604.9162 604.7774 604.5942 604.4102 604.2067 604.0031 603.8157 603.6382 603.4641 603.2899 603.0858 602.8817 602.6909 602.4827 602.2885 602.1099 601.9313 601.7313 601.5231 601.3163 600.781 600.5115 600.129 599.88 599.913
-9999 -9999 -9999 609.0428 609.0148 608.9868 608.9619 608.9348 608.9072 608.8796 608.8521 608.8242 608.7175 608.5574 608.4094 608.262 608.1037 607.9454 607.8057 607.6603 607.5059 607.3599 607.2133 607.0674 606.9097 606.7611 606.6155 606.4699 606.3243 606.1759 606.0251 605.882 605.7378 605.6044 605.4789 605.3529 605.2103 605.0677 604.9247 604.7874 604.586 604.3846 604.2018 604.0131 603.8095 603.606 603.4196 603.2435 603.0693 602.8899 602.6841 602.4795 602.2845 602.0764 601.8834 601.7048 601.5262 601.3249 600.7505 600.221 600.1335 599.8075 599.94 600.274
-9999 -9999 -9999 609.0264 608.9984 608.9704 608.946 608.9185 608.891 608.8634 608.8358 608.7418 608.5924 608.4324 608.2724 608.1239 607.9766 607.8184 607.662 607.5245 607.3795 607.2224 607.0765 606.9299 606.7842 606.6262 606.4799 606.3342 606.1887 606.043 605.8962 605.7458 605.6028 605.4586 605.3289 605.2034 605.0777 604.9351 604.7609 604.5875 604.3946 604.1931 603.9917 603.8095 603.616 603.4124 603.2088 603.0234 602.8488 602.6746 602.4882 602.2824 602.0774 601.8782 601.67 601.4784 601.2998 600.6165 600.3965 600.0525 599.7345 599.7475 600.2245 600.8715
-9999 -9999 -9999 609.0101 608.9821 608.9541 608.9299 608.9023 608.8748 608.8472 608.7669 608.6057 608.4542 608.3054 608.1473 607.9873 607.8384 607.6913 607.5331 607.3787 607.2434 607.0983 606.939 606.793 606.6464 606.5009 606.3442 606.1986 606.053 605.9074 605.7618 605.6161 605.4666 605.3237 605.1793 605.0534 604.9279 604.7709 604.5758 604.3807 604.2073 604.0072 603.8003 603.5989 603.4171 603.2188 603.0153 602.8117 602.6282 602.454 602.2799 602.0865 601.8807 601.6753 601.4718 601.2637 600.492 600.303 600.23 599.9095 599.8775 600.2285 600.9165 601.2541
-9999 -9999 609.0219 608.9937 608.9657 608.9396 608.9137 608.8861 608.8585 608.7891 608.6392 608.4796 608.3183 608.1667 608.0179 607.8622 607.7022 607.553 607.4061 607.2478 607.0984 606.9622 606.8171 606.6575 606.5096 606.363 606.2177 606.063 605.9174 605.7717 605.6262 605.4805 605.3349 605.1873 605.0446 604.9034 604.7809 604.5858 604.3907 604.1956 604.0005 603.8271 603.6205 603.4074 603.206 603.0243 602.8217 602.6182 602.4146 602.2335 602.0593 601.8852 601.6848 601.479 601.2732 600.772 600.1755 599.9655 600.0034 600.0635 600.266 600.6555 601.2341 601.4346
-9999 -9999 609.0054 608.9774 608.9493 608.9243 608.8975 608.8699 608.799 608.6492 608.4993 608.3496 608.1923 608.031 607.8792 607.7304 607.5771 607.4172 607.2676 607.1207 606.9625 606.8218 606.681 606.5359 606.3806 606.2261 606.0797 605.9344 605.7817 605.6361 605.4905 605.3449 605.1993 605.0536 604.908 604.7637 604.5876 604.4008 604.2056 604.0105 603.8154 603.6203 603.4469 603.2337 603.0145 602.8132 602.627 602.4246 602.2211 602.0175 601.8388 601.6647 601.489 601.2831 600.6516 600.283 599.825 599.8895 600.0655 600.208 600.6185 601.2437 601.4418 601.645
-9999 -9999 608.989 608.961 608.933 608.9084 608.8812 608.8071 608.6572 608.5093 608.3594 608.2095 608.06 607.9049 607.7437 607.5917 607.4429 607.2921 607.1321 606.9821 606.8354 606.6772 606.545 606.3999 606.2548 606.1037 605.9427 605.7962 605.6511 605.5005 605.3549 605.2092 605.0637 604.918 604.7756 604.5705 604.3864 604.2104 604.0205 603.8254 603.6303 603.4352 603.2401 603.0643 602.8465 602.6217 602.4203 602.2296 602.0275 601.824 601.6204 601.4441 601.27 600.6145 600.2415 599.893 599.789 600.0885 600.2964 600.676 601.213 601.4344 601.65 601.8482
-9999 -9999 608.9727 608.9446 608.9166 608.8925 608.824 608.6672 608.5175 608.3676 608.2195 608.0696 607.9197 607.7704 607.6176 607.4564 607.3041 607.1554 607.0066 606.847 606.6967 606.5502 606.3923 606.2639 606.1187 605.9736 605.8268 605.6592 605.5128 605.3679 605.2192 605.0736 604.928 604.809 604.6127 604.399 604.1944 604.0092 603.8332 603.6403 603.4452 603.2501 603.055 602.8599 602.6786 602.4589 602.2288 602.0274 601.8323 601.6304 601.4269 601.151 600.632 600.342 600.1555 599.9335 599.805 600.1085 600.5015 601.0135 601.3864 601.6136 601.8408 602.0563
-9999 608.9849 608.9563 608.9283 608.9012 608.8546 608.6951 608.5303 608.3776 608.2278 608.078 607.9297 607.7798 607.6299 607.4808 607.3303 607.169 607.0167 606.8679 606.7191 606.5619 606.4112 606.2648 606.1091 605.9827 605.8375 605.6924 605.5473 605.3778 605.2294 605.0846 604.938 604.8213 604.624 604.429 604.234 604.0225 603.8183 603.632 603.4552 603.2601 603.065 602.8699 602.6747 602.4797 602.2911 602.0714 601.836 601.6346 601.4353 601.272 600.78 600.153 600.097 600.152 600.1194 600.1775 600.6945 601.041 601.3906 601.5887 601.7927 602.0199 602.2471
-9999 608.968 608.9399 608.9119 608.875 608.7126 608.5605 608.4014 608.2366 608.088 607.9382 607.7884 607.64 607.4901 607.3402 607.1912 607.0413 606.8817 606.7291 606.5803 606.4316 606.2769 606.1258 605.9796 605.8323 605.7015 605.5563 605.4113 605.2661 605.1009 604.946 604.8071 604.6388 604.449 604.244 604.049 603.854 603.646 603.4422 603.2548 603.075 602.8799 602.6848 602.4896 602.2946 602.0995 601.9035 601.6838 601.4486 601.282 600.927 600.2655 599.8155 599.906 600.0845 600.071 600.4435 601.075 601.3969 601.5947 601.7969 601.9951 602.1991 602.4263
-9999 608.9516 608.9236 608.903 608.7465 608.5822 608.4185 608.2664 608.1077 607.943 607.7984 607.6486 607.4988 607.3502 607.2003 607.0504 606.9015 606.7517 606.5944 606.4416 606.2928 606.1441 605.9918 605.8403 605.6943 605.5557 605.4203 605.2752 605.1301 604.9849 604.8173 604.6155 604.4384 604.2679 604.0767 603.8682 603.669 603.474 603.2695 603.0661 602.8776 602.6948 602.4996 602.3046 602.1094 601.9143 601.7192 601.516 601.2962 600.5865 600.395 600.0125 599.879 599.9475 600.1906 600.3255 601.1646 601.3886 601.6006 601.7943 601.9966 602.2033 602.4014 602.6054
-9999 608.9352 608.913 608.7587 608.6043 608.4536 608.2892 608.1249 607.9724 607.814 607.6493 607.5088 607.359 607.2092 607.0604 606.9105 606.7606 606.6119 606.4621 606.307 606.1541 606.0053 605.8566 605.7067 605.5549 605.4089 605.2792 605.1392 604.994 604.8516 604.6595 604.451 604.2471 604.0695 603.8956 603.7044 603.4974 603.289 603.094 602.8929 602.69 602.5004 602.3146 602.1194 601.9243 601.7292 601.5341 601.3391 600.5205 600.239 600.0825 599.911 599.9725 600.1325 600.53 600.8455 601.3423 601.5623 601.7823 601.9976 602.1916 602.3985 602.6049 602.8078
608.9479 608.923 608.7844 608.6169 608.46 608.3057 608.1606 607.9963 607.832 607.6783 607.5203 607.3571 607.2192 607.0694 606.9195 606.7706 606.6207 606.4709 606.3223 606.1725 606.0197 605.8666 605.7178 605.569 605.4203 605.2694 605.1237 605.0026 604.8616 604.6744 604.4872 604.296 604.0847 603.8788 603.7007 603.5233 603.3322 603.1227 602.909 602.714 602.5164 602.3139 602.1232 601.9343 601.7392 601.5441 601.349 600.7105 600.2775 600.0555 599.986 599.824 600.136 600.6475 600.874 601.3466 601.5386 601.7403 601.956 602.176 602.391 602.5889 602.8004 603.0049
608.931 608.8066 608.651 608.4857 608.3183 608.1613 608.007 607.8677 607.7034 607.5391 607.3842 607.2267 607.0657 606.9295 606.7797 606.6299 606.4809 606.331 606.1811 606.0327 605.8829 605.7324 605.579 605.4303 605.2815 605.1328 604.9839 604.8481 604.6835 604.4972 604.3099 604.1227 603.9315 603.7184 603.5104 603.332 603.151 602.9598 602.7486 602.5293 602.334 602.139 601.9378 601.7459 601.5541 601.359 600.744 600.3235 600.0645 599.939 600.134 600.16 600.4625 600.9315 601.3566 601.5482 601.7397 601.9323 602.1422 602.3497 602.5697 602.7845 602.9863 603.1968
608.8165 608.661 608.5055 608.3499 608.1871 608.0196 607.8627 607.7126 607.5746 607.4105 607.2462 607.0901 606.933 606.7761 606.6399 606.4901 606.3403 606.1911 606.0412 605.8913 605.743 605.5933 605.4434 605.2915 605.1428 604.994 604.8456 604.6602 604.4876 604.3195 604.1327 603.9454 603.7582 603.567 603.353 603.1442 602.9632 602.7787 602.5876 602.3763 602.1585 601.954 601.759 601.5617 601.3687 600.8355 600.3985 600.2135 599.9595 599.958 600.2705 600.3459 600.8905 601.3649 601.5522 601.7463 601.9412 602.1328 602.326 602.5441 602.7434 602.9634 603.1779 603.3836
-9999 608.5154 608.3599 608.2043 608.0488 607.8884 607.7209 607.564 607.4193 607.2806 607.1177 606.9534 606.796 606.6393 606.4865 606.3503 606.2005 606.0507 605.9013 605.7515 605.6016 605.4534 605.3036 605.1538 605.004 604.8842 604.6827 604.4847 604.2993 604.1271 603.9548 603.7682 603.5809 603.3937 603.2025 602.9918 602.7778 602.5944 602.4064 602.2153 602.004 601.7877 601.574 601.379 600.924 600.443 599.9505 599.9355 599.842 600.142 600.548 600.9135 601.3576 601.5623 601.7495 601.9369 602.1336 602.3343 602.5258 602.7197 602.9396 603.142 603.3571 603.5714
-9999 608.7445 608.2383 608.0588 607.9033 607.7477 607.5897 607.4222 607.2653 607.1251 606.9865 606.8248 606.6605 606.502 606.3456 606.1968 606.0607 605.9109 605.761 605.6116 605.4617 605.3118 605.1638 605.014 604.8802 604.7112 604.523 604.3214 604.1238 603.9384 603.7667 603.5901 603.4037 603.2164 603.0292 602.838 602.6306 602.4115 602.2253 602.0341 601.843 601.6317 601.4169 600.948 600.437 600.1035 600.0745 600.0395 600.1185 600.27 600.8265 601.3134 601.5252 601.737 601.9468 602.1342 602.3215 602.5225 602.7274 602.9189 603.1133 603.3334 603.5439 603.7508
-9999 608.9905 608.4843 607.9781 607.7577 607.6022 607.4466 607.291 607.1236 606.9666 606.8302 606.6916 606.5319 606.3676 606.2079 606.0519 605.9072 605.7711 605.6213 605.4714 605.3218 605.1719 605.022 604.8737 604.6884 604.5185 604.3479 604.1606 603.9602 603.7629 603.5775 603.4062 603.2255 603.0392 602.8519 602.6647 602.4735 602.2666 602.0465 601.853 601.6618 601.4707 600.8125 600.4145 600.2125 599.9795 600.0925 600.0445 600.4135 600.976 601.318 601.5053 601.6965 601.9046 602.1164 602.3281 602.5188 602.7061 602.9114 603.1204 603.312 603.5071 603.7271 603.9458
-9999 -9999 608.7303 608.2241 607.7179 607.4566 607.3011 607.1455 606.991 606.8249 606.668 606.5353 606.3967 606.239 606.0746 605.9138 605.7582 605.6176 605.4814 605.3317 605.1818 605.032 604.8836 604.6982 604.513 604.3276 604.1567 603.9834 603.7961 603.599 603.402 603.2166 603.0457 602.8608 602.6747 602.4875 602.3002 602.1091 601.9021 601.6852 601.4807 601.0215 600.325 600.0765 599.891 599.8719 599.9575 600.3335 600.9575 601.326 601.5142 601.7026 601.8899 602.0807 602.2844 602.4957 602.7075 602.9034 603.0908 603.2975 603.5068 603.7051 603.9008 604.1207
