samples/sfe322/sfe322_v0/sfe322_v0/sfe322_v0.asc
ncols         299
nrows         166
xllcorner     73.39999999851
yllcorner     65.60000000149
cellsize      1
NODATA_value  -9999
[rows 56 to 83 of 166, columns 64 to 127 of 299]
606.6915 606.5822 606.473 606.3605 606.2469 606.1252 606.0029 605.8887 605.7743 605.6597 605.5377 605.4156 605.2864 605.1707 605.0391 604.907 604.774 604.6447 604.5089 604.2482 603.8983 603.5485 603.1517 602.7748 602.4378 602.1482 601.8571 601.5192 601.1992 600.9011 600.4915 600.0965 599.508 599.517 599.393 599.061 599.0275 598.7581 598.469 598.4625 598.5056 598.321 598.1225 598.1855 598.3015 598.2061 598.1968 598.2625 598.397 598.3295 598.387 598.4765 598.566 598.6565 598.666 598.9155 599.0385 599.111 599.3835 599.39 599.5275 599.647 599.553 599.8824
606.5535 606.4482 606.3389 606.2296 606.1162 606.0026 605.8802 605.7576 605.6436 605.5291 605.4145 605.2916 605.1673 605.0382 604.9175 604.7858 604.6535 604.5207 604.2628 603.9086 603.559 603.2087 602.8589 602.4876 602.1107 601.7737 601.4977 601.2131 600.89 600.4975 599.9995 599.728 599.337 599.178 599.1655 598.7465 598.6415 598.6865 598.49 598.232 598.2355 598.35 598.0955 597.9315 598.1376 598.3265 598.3625 598.375 598.4315 598.564 598.508 598.486 598.72 598.991 599.1465 599.255 599.251 599.4595 599.5385 599.5875 599.7465 599.86 600.0815 600.4195
606.4193 606.312 606.2049 606.0956 605.9855 605.8719 605.7582 605.6353 605.5125 605.3983 605.2838 605.1693 605.0458 604.9191 604.7899 604.6642 604.5326 604.3354 603.9789 603.5886 603.2194 602.8698 602.5191 602.1693 601.8195 601.4467 601.1096 600.8472 600.2985 599.898 599.524 599.3936 599.1475 598.892 599.004 598.644 598.3275 598.3385 598.3911 598.2235 598.04 598.1165 598.1485 598.196 598.182 598.194 598.384 598.394 598.322 598.5135 598.684 598.851 598.964 599.087 599.353 599.4205 599.4554 599.746 599.9745 600.1685 600.411 600.572 600.6625 600.7492
606.2909 606.1721 606.0706 605.9616 605.8524 605.7411 605.6276 605.5134 605.3903 605.2674 605.1531 605.0385 604.924 604.7999 604.6708 604.5417 604.3508 603.989 603.6324 603.276 602.9144 602.5302 602.1805 601.8297 601.4797 601.1298 600.848 600.432 599.918 599.4695 599.2036 598.9395 598.8831 598.844 598.6865 598.3245 598.2645 598.151 598.0285 598.1555 598.202 598.0425 598.145 598.3075 598.1115 598.09 598.411 598.5225 598.5385 598.655 598.7695 599.1925 599.376 599.43 599.5785 599.6454 599.8979 600.219 600.6064 600.6625 600.7805 600.8766 600.9675 601.0498
606.1616 606.0435 605.9307 605.8276 605.7183 605.609 605.4968 605.3832 605.2685 605.1452 605.0223 604.9078 604.7933 604.6787 604.5516 604.341 604.0178 603.6747 603.286 602.9295 602.5731 602.2166 601.8492 601.4913 601.1403 600.86 600.218 599.824 599.3905 599.271 599.178 598.8805 598.6845 598.508 598.4075 598.3575 598.3675 598.1915 597.907 598.1461 598.3935 598.1906 598.222 598.2995 598.2535 598.487 598.722 598.7195 598.8455 599.0485 598.93 599.3655 599.664 599.7305 600.0075 600.2955 600.568 600.7197 600.8554 600.9681 601.0823 601.1887 601.2725 601.3604
606.0264 605.9151 605.7963 605.6892 605.5843 605.475 605.3657 605.2525 605.1389 605.0237 604.8987 604.7771 604.6625 604.548 604.315 603.99 603.701 603.3417 602.9987 602.6216 602.2266 601.8701 601.5136 601.1572 600.87 600.2085 599.8795 599.579 599.3425 599.185 598.9185 598.763 598.675 598.4285 598.4265 598.4675 598.2945 598.0325 597.936 598.035 598.289 598.403 598.3354 598.289 598.5315 598.772 598.897 598.966 599.0675 599.4685 599.5465 599.6835 599.84 599.949 600.606 600.7444 600.8846 601.0204 601.1526 601.2747 601.3842 601.4971 601.5771 601.6675
605.8949 605.78 605.6686 605.5493 605.4478 605.341 605.2318 605.1218 605.0082 604.8946 604.7788 604.6522 604.5318 604.3251 604.0003 603.675 603.35 603.061 602.6657 602.3227 601.9474 601.5249 601.1672 600.8806 600.369 599.9475 599.625 599.2815 599.0145 598.7755 598.5255 598.519 598.5235 598.2705 598.2025 598.1625 598.184 598.222 598.2455 598.2834 598.325 598.369 598.4925 598.666 598.8785 598.9205 599.0675 599.259 599.261 599.647 599.9675 600.1415 600.3695 600.7076 600.8868 601.0486 601.1896 601.3309 601.4572 601.5813 601.686 601.8039 601.882 601.9725
605.7654 605.6459 605.5335 605.4222 605.3079 605.2063 605.0977 604.9885 604.8774 604.7639 604.6503 604.534 604.293 604.0264 603.6855 603.3607 603.035 602.71 602.397 601.9909 601.6467 601.2732 600.892 600.147 600.023 599.692 599.306 598.9641 598.734 598.5895 598.4084 598.527 598.4586 598.2975 598.1899 597.9845 598.226 598.3685 598.273 598.351 598.4855 598.623 598.6865 598.7915 598.974 599.0515 599.226 599.477 599.733 599.941 600.216 600.7121 600.8767 601.023 601.1732 601.3525 601.4949 601.6351 601.7571 601.884 601.9979 602.1058 602.1933 602.2775
605.6347 605.5164 605.3984 605.287 605.1733 605.0664 604.9637 604.8544 604.7451 604.6331 604.544 604.2988 603.9865 603.6843 603.4073 603.0458 602.721 602.395 602.07 601.7285 601.3224 600.9706 600.459 599.9975 599.762 599.306 599.063 598.8825 598.6735 598.5505 598.286 598.313 598.2645 598.235 598.2715 598.3235 598.468 598.3885 598.3635 598.6025 598.6755 598.797 598.989 599.1855 599.3655 599.52 599.8185 600.049 600.3585 600.704 600.8383 601.008 601.1917 601.3388 601.4769 601.6389 601.7992 601.9399 602.0751 602.1935 602.3071 602.4076 602.5099 602.5823
605.5012 605.3854 605.2674 605.1519 605.0406 604.9266 604.825 604.7204 604.6111 604.5059 604.2601 603.9744 603.7158 603.3792 603.0756 602.7811 602.4062 602.0814 601.755 601.43 601.0601 600.341 600.1485 599.7585 599.315 599.0515 598.878 598.6975 598.5835 598.4615 598.302 598.274 598.364 598.3595 598.4755 598.6395 598.5535 598.544 598.685 598.886 599.078 599.156 599.4095 599.5615 599.6584 599.8625 600.2635 600.819 600.7884 600.9799 601.1632 601.3088 601.4895 601.6541 601.8002 601.9253 602.1034 602.2453 602.3856 602.4944 602.6138 602.7151 602.8232 602.8874
605.3677 605.252 605.1361 605.0184 604.9055 604.7941 604.6851 604.5835 604.4531 604.1738 603.9281 603.6824 603.3966 603.1283 602.7769 602.4669 602.1548 601.7741 601.4417 601.115 600.576 600.0695 599.8645 599.3975 598.8795 598.8885 598.7425 598.595 598.523 598.429 598.3966 598.3815 598.5055 598.391 598.442 598.5415 598.524 598.746 598.882 599.04 599.3135 599.3564 599.7525 599.8515 599.9745 600.4085 600.7486 600.9143 601.0979 601.2858 601.4781 601.6296 601.7854 601.9691 602.1157 602.249 602.3909 602.5497 602.6901 602.8099 602.9194 603.0276 603.1292 603.1945
605.2382 605.1185 605.0026 604.8868 604.7703 604.6589 604.58 604.3809 604.1627 603.9282 603.6203 603.3503 603.1046 602.8189 602.5409 602.1876 601.8581 601.5286 601.1479 600.7875 600.3005 599.8675 599.395 599.0365 598.8905 598.7825 598.5025 598.5515 598.5255 598.3315 598.453 598.6045 598.6615 598.5025 598.5594 598.812 598.9465 599.025 599.069 599.2465 599.439 599.588 599.8565 600.187 600.7104 600.8712 601.0665 601.253 601.4073 601.6021 601.7841 601.9611 602.1003 602.2669 602.4315 602.5774 602.6932 602.8539 602.9957 603.1298 603.2319 603.3395 603.432 603.5112
605.1133 604.9873 604.8691 604.7534 604.6376 604.5554 604.3362 604.0977 603.8721 603.6445 603.3909 603.0809 602.7726 602.5269 602.2411 601.9536 601.5983 601.2494 600.94 600.2035 599.9585 599.5125 599.0715 599.035 598.988 598.7325 598.3855 598.5466 598.685 598.598 598.5835 598.584 598.7925 598.805 598.783 598.9775 599.2834 599.3781 599.409 599.798 600.023 600.267 600.6195 600.8252 601.035 601.2233 601.3844 601.5863 601.7432 601.9115 602.0957 602.2823 602.4209 602.5701 602.7465 602.8927 603.0212 603.143 603.3002 603.4402 603.5447 603.6452 603.7449 603.8278
604.9776 604.8631 604.7365 604.6199 604.5021 604.2839 604.0715 603.8387 603.5875 603.3633 603.1262 602.8536 602.5414 602.2127 601.9492 601.6634 601.3661 601.009 600.165 599.8485 599.5425 599.2845 599.2065 599.007 598.8465 598.831 598.572 598.4935 598.7165 598.926 598.89 598.8745 598.897 599.075 599.261 599.355 599.6935 599.7599 599.7545 600.3425 600.7305 600.8259 601.0229 601.191 601.3672 601.5753 601.7247 601.9042 602.0897 602.2339 602.4156 602.5883 602.753 602.8917 603.0443 603.2089 603.3546 603.4645 603.6044 603.746 603.8646 603.962 604.0573 604.1445
604.8418 604.7274 604.616 604.447 604.2463 604.0419 603.8 603.5876 603.3412 603.0774 602.8546 602.608 602.3163 602.002 601.6733 601.3714 601.079 600.5755 599.771 599.6281 599.372 599.104 599.209 598.855 598.6205 598.6885 598.723 598.786 598.784 598.8365 598.9195 599.0505 599.089 599.3795 599.6695 599.6855 599.998 600.181 600.2675 600.811 600.981 601.1794 601.3965 601.557 601.7188 601.9093 602.0933 602.2294 602.424 602.5702 602.727 602.9093 603.0846 603.2122 603.3617 603.5239 603.6697 603.7935 603.9095 604.0507 604.1844 604.2164 604.2853 604.3353
604.7067 604.626 604.412 604.2123 603.9895 603.7887 603.5735 603.316 603.1037 602.8438 602.5673 602.3421 602.0898 601.779 601.4625 601.1339 600.678 599.966 599.528 599.4235 599.3755 599.024 598.952 598.9155 598.8625 598.856 598.8605 598.8995 599.0345 599.1615 599.2875 599.4146 599.6445 599.7735 599.9345 600.1115 600.426 600.83 601.0031 601.1884 601.3788 601.5385 601.757 601.9432 602.0961 602.2415 602.4454 602.578 602.7419 602.9253 603.0624 603.2293 603.3925 603.5449 603.683 603.8315 603.9862 604.1301 604.23 604.2896 604.3602 604.4308 604.5047 604.5621
604.5723 604.3904 604.1892 603.9752 603.775 603.532 603.3311 603.1033 602.8322 602.6198 602.3463 602.0571 601.8228 601.5601 601.2417 600.9095 600.355 599.8905 599.3965 599.2365 599.3325 598.991 598.857 598.875 598.9005 598.9615 599.0825 599.2165 599.2965 599.449 599.6025 599.731 600.104 600.2335 600.532 600.85 601.0317 601.2253 601.4101 601.6036 601.7764 601.9529 602.1105 602.3205 602.4622 602.6148 602.7836 602.948 603.0823 603.2617 603.3989 603.5554 603.723 603.8799 604.0035 604.1536 604.2642 604.3493 604.4195 604.4963 604.5757 604.6453 604.7189 604.787
604.3427 604.1478 603.9659 603.7524 603.5384 603.3291 603.0745 602.8735 602.6332 602.3539 602.1359 601.8488 601.5588 601.3036 601.0228 600.366 599.836 599.651 599.4785 599.138 599.1175 599.1545 599.054 599.1105 599.038 599.088 599.5375 599.6045 599.5445 599.598 599.9365 600.298 600.4975 600.868 601.0546 601.2592 601.4575 601.6605 601.8284 602.0106 602.1733 602.3633 602.4962 602.688 602.8458 603.0013 603.1333 603.3155 603.4313 603.59 603.7498 603.8911 604.0485 604.2061 604.2881 604.3781 604.4684 604.5593 604.6349 604.703 604.7898 604.8608 604.9333 605.0078
604.1345 603.9164 603.7233 603.5396 603.3156 603.1016 602.8806 602.6169 602.416 602.163 601.8838 601.6412 601.3513 601.0612 600.444 600.0235 599.406 599.3605 599.449 599.149 598.9525 599.0895 599.132 599.2275 599.2555 599.5425 599.953 599.909 600.013 600.3539 600.6305 600.887 601.079 601.2874 601.4904 601.6997 601.8953 602.0864 602.2507 602.4175 602.5967 602.7611 602.9108 603.0416 603.2368 603.3673 603.5108 603.6578 603.8013 603.9351 604.0994 604.2276 604.3105 604.4016 604.4913 604.5821 604.6712 604.7626 604.8475 604.9155 604.9962 605.0764 605.146 605.2214
603.9433 603.7084 603.4903 603.2988 603.103 602.8787 602.6647 602.432 602.1653 601.9541 601.6929 601.4136 601.1437 600.7965 600.0165 599.839 599.489 599.397 599.3184 599.204 599.1155 599.365 599.359 599.3505 599.509 599.931 600.2555 600.4655 600.7915 600.9695 601.1467 601.3107 601.5257 601.7289 601.9396 602.1349 602.326 602.5122 602.6755 602.8421 603.0179 603.1583 603.3249 603.4539 603.6181 603.7483 603.8981 604.0293 604.1713 604.2847 604.3694 604.4403 604.5144 604.6044 604.6951 604.785 604.8745 604.9673 605.0577 605.1331 605.2068 605.29 605.3615 605.4358
603.7203 603.527 603.2825 603.0641 602.8743 602.6664 602.4419 602.2279 601.9835 601.7168 601.4891 601.2227 600.8765 600.1435 599.597 599.4565 599.2965 599.2516 599.39 599.3715 599.314 599.607 599.82 600.0585 600.1475 600.5065 600.8395 601.0343 601.1918 601.3999 601.614 601.7672 601.9718 602.1857 602.381 602.5707 602.7717 602.9415 603.1309 603.2634 603.4272 603.5849 603.739 603.8687 603.9969 604.1393 604.2725 604.354 604.4127 604.4825 604.5727 604.6498 604.7155 604.8077 604.8987 604.9883 605.0787 605.1675 605.2611 605.3458 605.4133 605.4965 605.5771 605.6501
603.4929 603.3135 603.1073 602.862 602.6379 602.4498 602.2297 602.0051 601.7906 601.5349 601.2682 601.024 600.3245 599.6705 599.3255 599.304 599.2565 599.283 599.4885 599.6265 599.721 599.975 600.4105 600.6655 600.947 601.0745 601.2723 601.467 601.6249 601.8303 602.0367 602.2388 602.4178 602.6323 602.8249 603.0138 603.2151 603.3928 603.567 603.7003 603.8524 604.0128 604.1453 604.2827 604.384 604.414 604.4829 604.5579 604.6189 604.6776 604.7696 604.8588 604.9294 605.0117 605.1016 605.1921 605.2819 605.3708 605.4647 605.5562 605.6298 605.71 605.7902 605.8622
603.2828 603.0861 602.9067 602.6868 602.4415 602.2117 602.0165 601.7928 601.5682 601.3484 601.0863 600.3315 600.0965 599.6605 599.35 599.418 599.5295 599.637 599.847 600.0115 600.357 600.6255 600.9824 601.1177 601.2781 601.4642 601.6743 601.8774 602.0648 602.2477 602.4678 602.695 602.8647 603.0787 603.2857 603.4747 603.6511 603.8348 603.9928 604.1454 604.2775 604.412 604.4425 604.4968 604.5558 604.6142 604.678 604.7562 604.8251 604.8838 604.9675 605.0596 605.1393 605.2066 605.305 605.3958 605.4853 605.5753 605.6639 605.7596 605.844 605.9166 605.9968 606.0778
603.0844 602.876 602.6792 602.4913 602.2664 602.0211 601.7855 601.5799 601.3558 601.1314 600.648 599.8895 599.5145 599.5835 599.5211 599.5705 599.799 599.9215 600.3005 600.61 600.998 601.1667 601.3456 601.5234 601.6502 601.8538 602.045 602.2696 602.4948 602.6546 602.8984 603.1047 603.3309 603.5251 603.739 603.9229 604.0873 604.2947 604.439 604.4684 604.5217 604.5792 604.6348 604.6894 604.7542 604.811 604.8711 604.9544 605.0294 605.09 605.1553 605.2546 605.3482 605.4184 605.5052 605.5987 605.6891 605.7787 605.8672 605.9606 606.0546 606.1257 606.2098 606.2903
602.8803 602.6776 602.4692 602.2724 602.0751 601.8459 601.6006 601.3593 601.1433 600.4449 600.0795 599.685 599.3 599.555 599.6895 599.8645 600.3325 600.6555 601.0141 601.1669 601.337 601.5081 601.6868 601.8807 602.0558 602.2375 602.4296 602.6672 602.886 603.0952 603.3035 603.5358 603.7582 603.972 604.1855 604.3837 604.4664 604.5336 604.6006 604.653 604.7086 604.7662 604.8268 604.882 604.9398 605.0085 605.0713 605.1418 605.2276 605.2961 605.3549 605.4501 605.543 605.6287 605.6993 605.8023 605.8929 605.9822 606.0718 606.16 606.2585 606.3422 606.4199 606.4971
602.6536 602.4735 602.2708 602.0624 601.8656 601.6588 601.4254 601.1801 600.661 600.0695 599.8605 599.6153 599.399 599.8655 600.191 600.3895 601.015 601.1647 601.3364 601.488 601.6658 601.8387 602.0248 602.2172 602.4298 602.5883 602.8192 603.0179 603.2668 603.4991 603.7032 603.9598 604.1726 604.4189 604.4863 604.5592 604.6348 604.707 604.7729 604.8376 604.8906 604.9476 605.0167 605.0744 605.1289 605.2067 605.267 605.3282 605.4258 605.5009 605.561 605.6376 605.7397 605.8358 605.9074 605.9974 606.0958 606.1862 606.2754 606.3636 606.4565 606.5531 606.6272 606.7096
602.4394 602.2468 602.0667 601.864 601.6555 601.4556 601.2426 600.684 600.0675 599.6705 599.6934 599.763 599.6845 600.353 600.9115 601.1304 601.2816 601.4494 601.6407 601.8099 601.9622 602.1665 602.3633 602.5585 602.7672 602.9843 603.1791 603.3949 603.6335 603.8839 604.123 604.3594 604.4965 604.5754 604.652 604.7249 604.7978 604.8774 604.9464 605.0168 605.0751 605.1335 605.199 605.2664 605.3216 605.3881 605.4611 605.5284 605.6058 605.6991 605.7672 605.8294 605.9327 606.0268 606.1182 606.1925 606.2996 606.39 606.4792 606.5682 606.6562 606.7563 606.84 606.9236
602.226 602.0233 601.84 601.6599 601.4572 601.2487 600.8915 599.994 599.5005 599.5701 599.616 600.086 600.5145 601.0612 601.2443 601.4196 601.5764 601.7367 601.9318 602.1167 602.2833 602.4538 602.6723 602.8735 603.0786 603.3143 603.5264 603.7698 603.9909 604.264 604.5034 604.5611 604.6467 604.7312 604.8177 604.8906 604.9635 605.0429 605.1199 605.1857 605.26 605.3128 605.3737 605.4489 605.514 605.5685 605.6594 605.7229 605.7853 605.8953 605.9723 606.0321 606.1198 606.2244 606.3231 606.3965 606.4907 606.593 606.6832 606.772 606.86 606.9525 607.0516 607.1305
