SIN0=(0.09519259022152742,1.0,1.65,MASK0)
SIN1=(0.1135301750997215,2.0,0.77,MASK0)
SIN2=(0.12895603524665805,3.0,0.39,MASK0)
SIN3=(0.02506752663167612,4.0,-2.24,MASK0)
SIN4=(0.024341509884484344,6.0,-0.25,MASK0)
SIN5=(0.058984670552379916,8.0,0.08,MASK0)
SIN6=(0.05154884529379784,9.0,-0.45,MASK0)
SIN7=(0.062449264416655784,10.0,0.54,MASK0)
SIN8=(0.02529577108027007,11.0,-0.45,MASK0)
SIN9=(0.02502716356894931,12.0,-0.48,MASK0)
SIN10=(0.01823710911842969,14.0,0.1,MASK0)
SIN11=(0.03694060514151293,16.0,-0.26,MASK0)
SIN12=(0.014654286478070877,17.0,-0.28,MASK0)
SIN13=(0.03221499870163934,18.5,1.14,MASK0)
SIN14=(0.014854235424576638,20.0,-0.18,MASK0)
SIN15=(0.02639564604784551,17.5,0.89,MASK0)
SIN16=(0.01465428647807088,17.0,-0.28,MASK0)
SIN17=(0.025909721379499984,15.0,-0.38,MASK0)
SIN18=(0.01823710911842969,14.0,0.1,MASK0)
SIN19=(0.025027163568949323,12.0,-0.48,MASK0)
SIN20=(0.06244926441665577,10.0,0.54,MASK0)
SIN21=(0.05154884529379784,9.0,-0.45,MASK0)
SIN22=(0.058984670552379895,8.0,0.08,MASK0)
SIN23=(0.059343404434386335,7.0,-0.12,MASK0)
SIN24=(0.02434150988448433,6.0,-0.25,MASK0)
SIN25=(0.025067526631676117,4.0,-2.24,MASK0)
SIN26=(0.11353017509972152,2.0,0.77,MASK0)
SIN27=(0.0951925902215274,1.0,1.65,MASK0)

