site316/site316_5x_roughbed_V3/site316_5x_roughbed_V3/sfe316_5x_roughbed_v3.asc
ncols         512
nrows         121
xllcorner     93.60000000149
yllcorner     29.60000000149
cellsize      1
NODATA_value  -9999
[rows 56 to 83 of 121, columns 256 to 319 of 512]
596.078 596.112 596.2025 596.093 596.0985 596.1225 596.1005 596.0525 596.057 596.0845 596.0765 596.0675 596.106 596.052 595.925 595.974 596.0285 596.0065 595.829 595.923 596.026 595.9525 595.936 595.9245 595.897 595.8459 595.846 595.866 595.9 595.835 595.719 595.79 595.7145 595.7115 595.804 595.728 595.755 595.6905 595.5565 595.6158 595.5856 595.557 595.6541 595.571 595.6 595.531 595.4105 595.484 595.3975 595.3936 595.421 595.356 595.429 595.3075 595.2355 595.2665 595.41 595.2815 595.2125 595.238 595.0625 595.1525 595.304 595.1805
596.2505 596.2 596.2419 596.203 596.1975 596.0405 596.0205 596.105 596.046 595.9825 595.987 595.911 595.9605 595.9875 595.972 596.141 596.1455 596.0125 595.874 595.9405 595.9205 595.793 595.7745 595.8125 595.8665 595.8895 595.823 595.7531 595.8545 595.835 595.6625 595.682 595.714 595.777 595.8045 595.634 595.616 595.671 595.6245 595.691 595.625 595.5555 595.5925 595.4045 595.441 595.507 595.4055 595.4105 595.3907 595.401 595.4 595.361 595.3785 595.3485 595.304 595.271 595.299 595.198 595.1425 595.1545 595.0295 595.0795 595.17 595.135
596.224 596.2045 596.1265 596.1225 596.271 596.1535 596.0245 596.077 596.0175 596.048 596.1395 596.037 596.023 596.0135 596.014 596.036 596.075 596.016 595.95 595.9845 595.858 595.9045 595.8425 595.8725 595.961 595.856 595.7855 595.8115 595.9605 595.8395 595.6535 595.7435 595.8445 595.765 595.7955 595.729 595.5455 595.6355 595.668 595.6025 595.6281 595.5605 595.6324 595.52 595.443 595.472 595.5475 595.429 595.4735 595.4345 595.3665 595.389 595.258 595.298 595.343 595.2925 595.2259 595.207 595.1865 595.165 595.1415 595.12 595.049 595.079
596.1541 596.1185 596.1465 596.211 596.301 596.222 596.1605 596.2005 596.072 596.062 596.1665 596.09 596.118 596.1835 596.1235 595.9525 595.9365 596.0005 595.973 595.9235 595.8645 595.952 595.879 595.8805 596.022 595.968 595.829 595.8195 595.9245 595.827 595.716 595.7505 595.7935 595.659 595.715 595.662 595.5375 595.6375 595.713 595.6735 595.642 595.563 595.6515 595.6195 595.5915 595.4945 595.508 595.476 595.4645 595.372 595.314 595.324 595.3035 595.407 595.3385 595.29 595.24 595.2515 595.2735 595.328 595.263 595.215 595.1425 595.073
596.277 596.2035 596.296 596.217 596.194 596.179 596.215 596.1605 595.983 596.074 596.1675 596.0655 596.0615 596.0795 596.1185 596.0585 595.881 595.973 596.0635 595.957 595.9375 595.9225 595.8575 595.8875 596.0365 595.917 595.733 595.821 595.8575 595.7935 595.821 595.7585 595.7875 595.7209 595.801 595.6915 595.619 595.645 595.7395 595.6605 595.576 595.571 595.6005 595.532 595.6725 595.5415 595.406 595.444 595.4215 595.399 595.3745 595.3515 595.393 595.3555 595.172 595.254 595.335 595.2225 595.207 595.2155 595.129 595.124 595.1475 595.0775
596.2525 596.1865 596.202 596.1295 596.1225 596.0891 596.156 596.105 595.9839 596.09 596.2335 596.2395 596.131 595.9335 595.979 596.046 595.99 596.054 596.098 596.0045 596.025 596.093 595.9775 595.8435 595.97 595.9695 595.8485 595.8525 595.8425 595.8676 595.839 595.713 595.7205 595.7255 595.8615 595.81 595.6655 595.604 595.625 595.556 595.585 595.654 595.6655 595.5645 595.585 595.477 595.457 595.5655 595.482 595.4975 595.499 595.4055 595.4305 595.3665 595.1795 595.266 595.36 595.271 595.233 595.139 595.088 595.1545 595.15 595.1665
596.608 596.2705 596.1975 596.2115 596.2395 596.1715 596.2545 596.148 596.0805 596.108 596.211 596.138 596.1085 596.064 595.9965 596.028 596.1245 596.0475 596.0179 595.973 595.97 595.9835 595.956 595.9105 595.905 595.918 595.952 595.892 595.7729 595.8459 595.8225 595.7745 595.7045 595.7314 595.88 595.7595 595.6255 595.668 595.6035 595.6295 595.7235 595.645 595.6755 595.61 595.4795 595.5179 595.56 595.5245 595.3375 595.421 595.4975 595.383 595.422 595.3775 595.1949 595.2835 595.366 595.254 595.296 595.2555 595.1895 595.2135 595.097 595.1705
598.3802 597.7495 596.8465 596.192 596.2335 596.215 596.272 596.33 596.2095 596.1305 596.2215 596.0675 596.035 596.1685 596.113 595.9905 596.0135 595.9475 595.9995 596.0715 596.0685 595.905 595.8755 595.9536 595.8855 595.8195 595.922 595.954 595.798 595.696 595.731 595.818 595.742 595.692 595.8199 595.819 595.7615 595.7925 595.656 595.5935 595.6185 595.501 595.544 595.6125 595.615 595.702 595.645 595.4685 595.343 595.4395 595.5285 595.4915 595.541 595.403 595.2165 595.3051 595.3975 595.315 595.35 595.344 595.2545 595.1855 595.1185 595.1855
598.4007 598.3828 598.3643 597.6925 597.0455 596.444 596.1535 596.229 596.1525 596.151 596.3 596.18 595.9975 596.089 596.177 596.066 595.995 596.02 596.055 595.9925 596.1345 596.012 595.88 595.9275 595.8615 595.8865 595.985 595.9045 595.872 595.826 595.81 595.7985 595.78 595.7625 595.7585 595.7675 595.807 595.7515 595.62 595.6725 595.659 595.6435 595.574 595.602 595.6925 595.6115 595.5745 595.521 595.4415 595.4675 595.495 595.4255 595.5594 595.431 595.2455 595.335 595.42 595.318 595.313 595.326 595.3005 595.267 595.2655 595.278
598.4211 598.4026 598.3851 598.3663 598.347 598.1405 597.709 597.425 597.235 597.1595 597.1345 597.0765 596.9435 596.8325 596.7455 596.35 596.1105 596.039 596.071 595.951 596.0745 596.075 596.018 596.1 595.9815 595.9005 595.987 595.828 595.8385 595.996 595.987 595.916 595.8354 595.81 595.7425 595.6255 595.7135 595.82 595.768 595.854 596.0925 596.464 596.585 596.521 596.0105 595.851 595.516 595.5845 595.54 595.567 595.5305 595.3975 595.4725 595.445 595.3416 595.3725 595.5165 595.46 595.3335 595.2705 595.335 595.7855 596.1895 596.5275
598.4415 598.4239 598.4059 598.3867 598.3699 598.3561 598.3428 598.3309 598.3206 598.3117 598.3055 598.2974 598.2867 598.2761 598.2665 598.073 597.7315 597.3105 597.036 596.699 596.5625 596.2061 596.165 595.9915 595.9135 595.9095 596.0585 595.935 595.8145 595.887 595.928 595.8695 595.742 595.791 595.7805 595.994 596.4535 597.285 597.8015 598.0695 598.0638 598.0583 598.0514 598.0434 598.0346 598.0253 598.0155 597.689 597.0785 596.3585 595.8455 595.491 595.4215 595.442 595.478 595.4155 595.879 596.071 596.8365 597.589 597.9072 597.9019 597.8958 597.8898
598.4614 598.4447 598.426 598.4072 598.3929 598.3788 598.3659 598.3539 598.3434 598.3342 598.3274 598.319 598.3084 598.2972 598.2863 598.2753 598.2639 598.2518 598.2398 598.2278 598.2185 598.013 597.715 597.5735 597.487 597.2155 597.3715 597.3065 597.09 596.998 597.05 597.13 597.1345 597.641 597.923 598.1019 598.0973 598.093 598.089 598.084 598.0789 598.0733 598.0661 598.058 598.049 598.0396 598.0288 598.0179 598.0071 597.9952 597.9846 597.9745 597.715 597.672 597.7345 597.9443 597.9387 597.9331 597.9287 597.9247 597.9193 597.9139 597.9078 597.9019
598.4829 598.4655 598.4478 598.4292 598.4158 598.4016 598.3881 598.377 598.366 598.357 598.3493 598.3407 598.33 598.3184 598.3071 598.2963 598.2845 598.2723 598.2601 598.2484 598.2377 598.2268 598.2158 598.2068 598.1968 598.1876 598.1812 598.1734 598.1651 598.1561 598.148 598.1398 598.1318 598.127 598.1223 598.118 598.1133 598.1087 598.1047 598.0991 598.0939 598.0883 598.0807 598.0727 598.0633 598.0536 598.0427 598.0318 598.0209 598.009 597.9984 597.9884 597.9792 597.9711 597.964 597.9576 597.9518 597.9459 597.9412 597.9371 597.9313 597.9259 597.9199 597.9139
598.5043 598.486 598.4683 598.452 598.4386 598.4246 598.4111 598.3998 598.3888 598.3792 598.3718 598.3623 598.3517 598.3396 598.3281 598.3173 598.3051 598.2929 598.2803 598.2689 598.2577 598.2471 598.2361 598.2265 598.2166 598.2069 598.2004 598.1918 598.1836 598.175 598.1665 598.158 598.1501 598.1443 598.1389 598.1342 598.1291 598.1244 598.1204 598.1141 598.1088 598.1033 598.0954 598.087 598.0776 598.0676 598.0565 598.0457 598.0344 598.0229 598.0121 598.0023 597.9929 597.9846 597.9771 597.9709 597.965 597.9586 597.9536 597.9496 597.9434 597.9379 597.9319 597.9259
598.5251 598.5072 598.4893 598.4749 598.4612 598.4476 598.4341 598.4219 598.412 598.4023 598.3937 598.3839 598.3724 598.3608 598.3491 598.338 598.3253 598.3134 598.3005 598.2894 598.278 598.2673 598.2562 598.2462 598.2363 598.2258 598.2192 598.2103 598.202 598.1935 598.1847 598.176 598.1672 598.1616 598.1554 598.1503 598.1447 598.1401 598.136 598.1292 598.1238 598.1181 598.11 598.1013 598.092 598.0816 598.0704 598.0594 598.0479 598.0367 598.026 598.0162 598.0073 597.9991 597.9903 597.9842 597.9781 597.9714 597.9661 597.9618 597.9554 597.95 597.944 597.9379
598.546 598.5294 598.5118 598.4979 598.4839 598.4704 598.4572 598.4443 598.4343 598.4246 598.4161 598.4056 598.3931 598.382 598.3701 598.3587 598.3458 598.3334 598.3206 598.3099 598.2982 598.2872 598.2759 598.2659 598.2555 598.2452 598.2385 598.2287 598.2207 598.2114 598.2029 598.1937 598.184 598.1789 598.1719 598.1664 598.1602 598.1558 598.1517 598.1442 598.1389 598.1328 598.1247 598.1157 598.1063 598.0954 598.0844 598.0733 598.0615 598.0506 598.0399 598.0297 598.0208 598.0137 598.0034 597.9974 597.9913 597.9841 597.9786 597.974 597.9675 597.962 597.956 597.95
598.5665 598.5498 598.5341 598.5208 598.5063 598.4922 598.4802 598.4676 598.4561 598.4461 598.4378 598.4272 598.4141 598.4028 598.3911 598.3794 598.3664 598.3537 598.3412 598.3304 598.3185 598.3066 598.2957 598.2857 598.2742 598.2646 598.2579 598.2473 598.2396 598.2302 598.2209 598.212 598.2009 598.1962 598.1885 598.1825 598.1757 598.1715 598.1674 598.1592 598.1538 598.1474 598.1394 598.13 598.1204 598.109 598.098 598.087 598.0752 598.0645 598.0538 598.043 598.0342 598.0276 598.0167 598.0107 598.0045 597.9969 597.9911 597.9862 597.9795 597.9741 597.968 597.962
598.5889 598.5719 598.5569 598.5437 598.5294 598.5143 598.5024 598.4894 598.4778 598.4682 598.4595 598.4485 598.4353 598.4234 598.412 598.3995 598.387 598.374 598.3617 598.35 598.3388 598.3258 598.3154 598.3054 598.294 598.2838 598.2772 598.2664 598.2576 598.2482 598.2383 598.2296 598.2179 598.2134 598.2051 598.1985 598.1913 598.1872 598.1826 598.1743 598.1688 598.162 598.1541 598.1443 598.1343 598.1229 598.1118 598.1005 598.0889 598.0781 598.0677 598.0571 598.0477 598.0409 598.03 598.024 598.0176 598.0096 598.0035 597.9984 597.9916 597.9861 597.98 597.9741
598.611 598.5944 598.5799 598.5664 598.5524 598.5374 598.5245 598.5117 598.4996 598.4903 598.4811 598.469 598.4565 598.4439 598.4329 598.4194 598.4072 598.3941 598.3822 598.3697 598.3591 598.3451 598.3351 598.3251 598.3134 598.3034 598.2956 598.2849 598.2755 598.266 598.2557 598.2473 598.2349 598.2298 598.2214 598.2147 598.2069 598.2029 598.1974 598.1893 598.1838 598.1768 598.1681 598.1587 598.1483 598.1368 598.1256 598.114 598.1028 598.0916 598.0816 598.071 598.0612 598.0543 598.0433 598.0373 598.0305 598.0224 598.016 598.0106 598.0036 597.9981 597.9921 597.9858
598.6318 598.6166 598.6028 598.589 598.5747 598.5604 598.5467 598.5344 598.5218 598.5121 598.5027 598.4897 598.4777 598.4648 598.4536 598.4399 598.4272 598.4141 598.4027 598.39 598.3786 598.3645 598.3548 598.3445 598.3326 598.3237 598.3136 598.3038 598.2942 598.2834 598.2734 598.2652 598.2519 598.2462 598.2376 598.2307 598.2226 598.2186 598.2122 598.2043 598.1988 598.1914 598.1824 598.173 598.1618 598.1506 598.1395 598.1278 598.1166 598.1053 598.0954 598.0847 598.0752 598.0676 598.0566 598.0502 598.0432 598.0352 598.0285 598.0228 598.0157 598.0101 598.0042 597.9973
598.6545 598.639 598.6258 598.6113 598.5965 598.5829 598.5691 598.5573 598.5445 598.5344 598.5244 598.5104 598.4987 598.4858 598.474 598.4604 598.4473 598.4341 598.4231 598.4102 598.3981 598.3839 598.3745 598.3634 598.3514 598.3427 598.3317 598.3223 598.3126 598.3019 598.291 598.282 598.2692 598.2626 598.2538 598.2468 598.2383 598.2343 598.2269 598.2194 598.2138 598.2061 598.1968 598.1871 598.1754 598.1642 598.1531 598.1415 598.1304 598.1193 598.1088 598.0986 598.0889 598.0809 598.0698 598.0631 598.0559 598.0479 598.041 598.035 598.0277 598.0222 598.0162 598.0087
598.6769 598.6619 598.6487 598.6342 598.6179 598.6051 598.5914 598.5791 598.5673 598.5566 598.5452 598.5311 598.5192 598.5068 598.4939 598.4809 598.4676 598.4545 598.4426 598.4305 598.4174 598.4037 598.3942 598.382 598.3701 598.3619 598.3502 598.3409 598.33 598.3201 598.3093 598.2988 598.2865 598.2791 598.27 598.2629 598.254 598.2499 598.2417 598.2344 598.2288 598.2207 598.2111 598.2011 598.1893 598.1779 598.1666 598.1552 598.1443 598.1332 598.1221 598.1124 598.1032 598.0943 598.0831 598.076 598.0687 598.0607 598.0535 598.0473 598.0397 598.0342 598.0282 598.0204
598.6992 598.6849 598.6716 598.6569 598.6405 598.6272 598.6141 598.6009 598.589 598.5782 598.5656 598.5521 598.5397 598.5277 598.5137 598.5009 598.4877 598.475 598.462 598.4505 598.4366 598.424 598.4139 598.4007 598.3888 598.3811 598.3684 598.3597 598.3481 598.3378 598.327 598.3157 598.3038 598.2955 598.2861 598.279 598.2697 598.2656 598.2565 598.2493 598.2434 598.2353 598.2255 598.2149 598.2032 598.1918 598.1803 598.1688 598.1577 598.147 598.1354 598.1257 598.1176 598.1074 598.0964 598.0889 598.0814 598.0734 598.0659 598.0595 598.0518 598.0463 598.0402 598.0322
598.7215 598.7078 598.694 598.679 598.6635 598.6493 598.6359 598.6227 598.6105 598.5999 598.5864 598.5733 598.5602 598.5484 598.5339 598.521 598.5078 598.4955 598.4817 598.47 598.4559 598.4437 598.4335 598.4196 598.4075 598.3998 598.3867 598.3774 598.3663 598.3552 598.345 598.3325 598.3211 598.3118 598.3023 598.295 598.2854 598.2813 598.2712 598.2643 598.2581 598.2493 598.2398 598.2283 598.2169 598.2056 598.1941 598.1826 598.1711 598.1609 598.1487 598.139 598.1312 598.1204 598.1097 598.1019 598.0941 598.0862 598.0784 598.0717 598.0638 598.0583 598.0522 598.0439
598.744 598.7307 598.7164 598.7008 598.6856 598.6715 598.6578 598.6445 598.6319 598.6215 598.6071 598.5944 598.5807 598.5684 598.5545 598.541 598.5277 598.5157 598.502 598.4894 598.4751 598.4634 598.4525 598.4392 598.4269 598.4178 598.405 598.395 598.3839 598.3725 598.3627 598.3493 598.3384 598.3282 598.3185 598.3112 598.3011 598.297 598.286 598.2794 598.2727 598.2635 598.2538 598.2418 598.2305 598.2192 598.2078 598.1965 598.1847 598.1745 598.1624 598.1524 598.1445 598.1335 598.123 598.1151 598.1068 598.0989 598.0909 598.0839 598.0759 598.0703 598.0643 598.0556
598.7669 598.7537 598.7389 598.7222 598.7078 598.6939 598.6799 598.6663 598.6534 598.6419 598.6278 598.6149 598.6016 598.5883 598.5746 598.5612 598.5477 598.5351 598.5222 598.509 598.4944 598.4831 598.4713 598.4582 598.4462 598.4357 598.4238 598.4133 598.4012 598.3898 598.3801 598.3661 598.3557 598.3447 598.3347 598.3272 598.3168 598.3127 598.3008 598.2943 598.2874 598.2778 598.2678 598.2557 598.2441 598.2327 598.2215 598.2103 598.1986 598.1879 598.1764 598.1658 598.1579 598.1465 598.1363 598.1282 598.1196 598.1116 598.1033 598.0961 598.088 598.0823 598.0764 598.0673
598.7899 598.7766 598.7612 598.7437 598.7299 598.7162 598.7022 598.6881 598.675 598.6623 598.6485 598.6355 598.6226 598.6082 598.5947 598.5814 598.5678 598.5546 598.5419 598.5283 598.5138 598.5028 598.4899 598.4769 598.4661 598.4537 598.4426 598.4314 598.4189 598.4072 598.3969 598.3829 598.373 598.3611 598.3508 598.3433 598.3325 598.3279 598.3156 598.3093 598.3021 598.2922 598.2813 598.2695 598.2579 598.2465 598.2351 598.2239 598.2125 598.2012 598.19 598.1793 598.1712 598.1597 598.1496 598.1414 598.1323 598.1241 598.1158 598.1083 598.1 598.0944 598.0884 598.079
598.8656 598.8142 598.7833 598.7661 598.752 598.7386 598.724 598.7099 598.697 598.683 598.6693 598.656 598.6429 598.628 598.6147 598.6013 598.5883 598.574 598.5614 598.5475 598.5332 598.5225 598.5086 598.4957 598.4852 598.4717 598.4611 598.4489 598.4373 598.4246 598.4137 598.3997 598.3903 598.3775 598.3671 598.3594 598.3481 598.3427 598.3303 598.3243 598.3165 598.3065 598.2947 598.2831 598.2718 598.2604 598.2487 598.2374 598.2264 598.2145 598.204 598.1933 598.1846 598.1727 598.1628 598.1546 598.145 598.1367 598.1283 598.1205 598.1121 598.1064 598.1003 598.0908
