site316/site316_5x_roughbed_V3/site316_5x_roughbed_V3/sfe316_5x_roughbed_v3.asc
ncols         512
nrows         121
xllcorner     93.60000000149
yllcorner     29.60000000149
cellsize      1
NODATA_value  -9999
[rows 56 to 83 of 121, columns 192 to 255 of 512]
599.0457 599.0355 599.0266 599.0173 599.0078 599.0015 598.9955 598.9894 598.986 598.9801 598.9703 598.9587 598.9466 598.9327 598.916 598.9019 598.8873 598.8731 598.8603 598.848 598.837 598.826 598.8152 598.8093 598.8004 598.7947 598.7875 598.7803 598.7759 598.7703 598.7635 598.7531 598.7456 598.7381 598.7274 598.7143 598.7012 598.6882 598.6735 598.6555 598.6373 598.6199 598.6025 598.5829 598.5652 598.5486 598.5321 597.563 596.8595 596.545 596.387 596.411 596.3375 596.358 596.443 596.357 596.333 596.3045 596.331 596.2665 596.076 596.158 596.2475 596.143
599.0701 599.0593 599.0499 599.0405 599.0306 599.0236 599.0172 599.0104 599.0071 599.0012 598.9907 598.9791 598.966 598.9523 598.9349 598.9225 598.9075 598.8938 598.8814 598.869 598.8582 598.8472 598.8358 598.8299 598.8204 598.8148 598.8069 598.7989 598.7946 598.7889 598.7812 598.771 598.7635 598.756 598.7443 598.7313 598.7183 598.7053 598.6888 598.6707 598.6539 598.6354 598.6182 598.599 598.5824 598.5664 598.5502 598.5311 598.5173 598.505 597.7645 597.2595 596.6915 596.4325 596.46 596.3015 596.332 596.2575 596.2665 596.3505 596.221 596.264 596.3459 596.3295
599.0941 599.083 599.0732 599.0637 599.0534 599.0458 599.0388 599.0315 599.0281 599.0222 599.011 598.9995 598.9858 598.9713 598.9554 598.9426 598.9278 598.9149 598.9025 598.8901 598.8793 598.8687 598.8564 598.8505 598.8405 598.8348 598.8263 598.8176 598.8132 598.8074 598.799 598.7889 598.7814 598.7739 598.7613 598.7483 598.7352 598.7215 598.7041 598.686 598.6694 598.6519 598.6339 598.6169 598.6005 598.5843 598.5673 598.5506 598.5366 598.5231 598.5105 598.4974 598.4844 598.473 597.7345 596.9165 596.553 596.4165 596.279 596.3385 596.311 596.2895 596.2665 596.242
599.1177 599.1066 599.0966 599.0869 599.0762 599.068 599.0604 599.0526 599.0492 599.043 599.0314 599.0195 599.0059 598.9902 598.9763 598.9628 598.9486 598.9355 598.9235 598.9113 598.9005 598.8898 598.8771 598.8712 598.8605 598.8548 598.8456 598.8362 598.8319 598.826 598.8168 598.8068 598.7993 598.7913 598.7783 598.7653 598.7522 598.7375 598.7193 598.7024 598.6848 598.6692 598.6495 598.6341 598.6187 598.6024 598.5844 598.5702 598.5562 598.543 598.5302 598.5172 598.5039 598.4907 598.476 598.4602 598.447 597.4395 596.5375 596.23 596.19 596.165 596.133 596.155
599.1414 599.1306 599.1199 599.1101 599.099 599.0901 599.0822 599.074 599.0703 599.0634 599.0518 599.0392 599.0259 599.0091 598.9971 598.9829 598.9692 598.9561 598.9445 598.9324 598.9217 598.9103 598.8978 598.8918 598.8806 598.8744 598.8651 598.8549 598.8506 598.8445 598.8347 598.8246 598.8171 598.8083 598.7953 598.7822 598.7695 598.7527 598.7346 598.7189 598.7011 598.6848 598.6683 598.6523 598.6365 598.621 598.6028 598.5899 598.5757 598.5629 598.5499 598.5365 598.5235 598.5098 598.4952 598.4791 598.4631 598.448 598.4319 597.5885 596.551 596.3245 596.2435 596.2505
599.1651 599.1544 599.1432 599.1333 599.1218 599.1123 599.1043 599.0957 599.0914 599.0837 599.0722 599.0587 599.0454 599.0297 599.0179 599.0031 598.9903 598.9773 598.9655 598.9536 598.9428 598.9307 598.9184 598.9125 598.9006 598.8939 598.8845 598.8738 598.8692 598.8631 598.8525 598.8425 598.835 598.8253 598.8123 598.7993 598.7856 598.7679 598.7509 598.7343 598.7198 598.7005 598.6858 598.6702 598.6545 598.6381 598.6224 598.6091 598.5953 598.5826 598.5696 598.556 598.543 598.5289 598.5142 598.4981 598.4827 598.4672 598.4512 598.4331 598.4142 597.755 596.792 596.322
599.1888 599.178 599.1667 599.1564 599.1446 599.1346 599.1263 599.1174 599.1124 599.1041 599.0924 599.0788 599.0643 599.0506 599.0383 599.024 599.0114 598.9985 598.9862 598.9747 598.9637 598.9512 598.939 598.933 598.9207 598.9135 598.9038 598.8928 598.8879 598.8817 598.8704 598.8604 598.853 598.8423 598.8293 598.8163 598.8013 598.7832 598.7683 598.7503 598.7358 598.7188 598.7032 598.6887 598.6727 598.6552 598.6419 598.6285 598.6151 598.6024 598.5893 598.5756 598.5627 598.548 598.5331 598.517 598.5022 598.4863 598.4694 598.4515 598.4337 598.4155 598.3983 597.667
599.2125 599.2018 599.1902 599.1796 599.1674 599.1572 599.1484 599.1391 599.1335 599.1245 599.1121 599.0989 599.0833 599.0714 599.0584 599.0448 599.032 599.0197 599.0069 598.9958 598.9847 598.9717 598.9597 598.9532 598.9407 598.933 598.9232 598.9119 598.9065 598.9002 598.8882 598.8783 598.8708 598.8593 598.8463 598.8336 598.8166 598.7994 598.7838 598.7689 598.7515 598.7375 598.722 598.7065 598.6918 598.6744 598.6617 598.648 598.6349 598.6221 598.6086 598.5952 598.5819 598.5674 598.552 598.5361 598.5215 598.5054 598.4883 598.47 598.4531 598.4351 598.4182 598.3997
599.2361 599.2253 599.2136 599.2028 599.1902 599.1798 599.1705 599.1608 599.1545 599.1449 599.1318 599.119 599.1041 599.0922 599.0786 599.0657 599.0526 599.0409 599.0279 599.017 599.0056 598.9922 598.9805 598.9732 598.9608 598.9526 598.9426 598.9309 598.9252 598.9183 598.9061 598.8962 598.8887 598.8763 598.8632 598.8498 598.8318 598.8169 598.7996 598.7868 598.7692 598.7547 598.7404 598.7249 598.709 598.6942 598.6816 598.6676 598.6547 598.6418 598.6279 598.6147 598.601 598.587 598.5709 598.5561 598.5406 598.525 598.5076 598.4897 598.4724 598.4548 598.4376 598.4189
599.2598 599.2487 599.2371 599.226 599.213 599.2025 599.1926 599.1825 599.1757 599.1653 599.1517 599.1385 599.1249 599.1131 599.0994 599.0867 599.0731 599.062 599.049 599.0382 599.0265 599.0128 599.0012 598.9931 598.9808 598.9722 598.9619 598.95 598.9438 598.936 598.924 598.9141 598.9063 598.8932 598.8804 598.8652 598.848 598.8332 598.8181 598.8024 598.7881 598.7733 598.7587 598.743 598.7267 598.7137 598.701 598.6873 598.6746 598.6614 598.6473 598.6343 598.6202 598.606 598.5899 598.5756 598.5598 598.5434 598.526 598.5092 598.4916 598.4744 598.4572 598.4383
599.2834 599.272 599.2604 599.2492 599.2359 599.225 599.2146 599.2042 599.1967 599.1851 599.1718 599.1575 599.1458 599.1339 599.1202 599.1078 599.0943 599.0829 599.0702 599.0594 599.0478 599.0334 599.0219 599.0131 599.0009 598.9917 598.9809 598.969 598.9625 598.9537 598.9418 598.9319 598.9233 598.9102 598.8978 598.8804 598.8653 598.8488 598.8368 598.8196 598.8064 598.7917 598.7767 598.7626 598.7461 598.7334 598.7203 598.707 598.6943 598.6808 598.6669 598.654 598.6395 598.6249 598.6091 598.595 598.579 598.5627 598.5454 598.5293 598.5113 598.4952 598.4773 598.4584
599.3071 599.2953 599.2835 599.2724 599.259 599.2477 599.2366 599.2259 599.2177 599.2048 599.1919 599.1784 599.1666 599.154 599.1411 599.1284 599.1155 599.1037 599.0913 599.0805 599.0685 599.0539 599.0425 599.033 599.0209 599.0113 598.9999 598.988 598.9811 598.9714 598.9597 598.9499 598.9402 598.9272 598.9138 598.8965 598.8826 598.8672 598.8534 598.8385 598.8241 598.8105 598.7953 598.7798 598.7659 598.7533 598.7399 598.7268 598.7139 598.7001 598.6865 598.6732 598.6592 598.6438 598.6292 598.6142 598.5989 598.582 598.5652 598.5482 598.5309 598.5147 598.4966 598.4797
599.3308 599.3186 599.3067 599.2955 599.2822 599.2703 599.2587 599.2476 599.238 599.2245 599.212 599.1992 599.1874 599.1747 599.1621 599.149 599.1367 599.1244 599.1125 599.1014 599.0889 599.0745 599.0632 599.0529 599.041 599.0308 599.019 599.0071 598.9996 598.9891 598.9775 598.9678 598.9573 598.9446 598.929 598.9138 598.8981 598.8859 598.87 598.8574 598.8434 598.8287 598.8138 598.7983 598.7854 598.7732 598.7596 598.7466 598.7336 598.7193 598.706 598.6923 598.6788 598.6628 598.6491 598.6334 598.6175 598.6005 598.5847 598.5678 598.5511 598.5345 598.5162 598.5002
599.4725 599.4374 599.4005 599.3676 599.3259 599.289 599.2808 599.2693 599.258 599.2447 599.2319 599.22 599.2083 599.1956 599.1832 599.1696 599.1578 599.1451 599.1336 599.1224 599.1093 599.095 599.0839 599.0729 599.061 599.0504 599.038 599.0261 599.0182 599.0069 598.9954 598.9857 598.9742 598.9619 598.9451 598.9314 598.9164 598.9044 598.8889 598.8753 598.8618 598.847 598.8333 598.8177 598.8052 598.7928 598.7793 598.7664 598.7529 598.7386 598.7258 598.7117 598.6978 598.6823 598.6686 598.6532 598.6375 598.6212 598.6052 598.5874 598.5723 598.555 598.5372 598.5204
599.6488 599.6128 599.5761 599.5432 599.5003 599.4615 599.4244 599.3873 599.3474 599.2993 599.2619 599.2395 599.2291 599.2164 599.2042 599.1902 599.1791 599.1658 599.1548 599.1433 599.1298 599.1156 599.1046 599.0928 599.0811 599.0699 599.0571 599.0452 599.0367 599.0248 599.0132 599.0035 598.9913 598.9777 598.9622 598.9476 598.9351 598.9204 598.9078 598.8942 598.8807 598.8656 598.8507 598.8375 598.825 598.8122 598.799 598.7861 598.7723 598.7581 598.7452 598.7312 598.7167 598.7022 598.6877 598.6728 598.6565 598.6407 598.6243 598.6075 598.5918 598.5743 598.5587 598.541
599.8251 599.7881 599.7517 599.7188 599.675 599.6369 599.5998 599.5625 599.5209 599.4744 599.4377 599.4005 599.3629 599.3136 599.2697 599.2269 599.1975 599.1868 599.1759 599.1642 599.1502 599.1363 599.1253 599.1128 599.1011 599.0894 599.0762 599.0642 599.0553 599.0426 599.0311 599.0212 599.0087 598.9936 598.9798 598.9656 598.9538 598.9393 598.9268 598.9132 598.8989 598.8846 598.87 598.8572 598.8448 598.8318 598.8187 598.8057 598.7916 598.7777 598.7643 598.751 598.7357 598.7224 598.7069 598.6919 598.676 598.6609 598.6439 598.6283 598.6124 598.5945 598.5792 598.5631
600.0008 599.9635 599.9274 599.894 599.8499 599.8121 599.7751 599.7377 599.6945 599.6496 599.6136 599.5756 599.5367 599.488 599.4451 599.4014 599.3639 599.3154 599.2815 599.242 599.1937 599.1555 599.146 599.1328 599.1212 599.1089 599.0952 599.0833 599.073 599.0605 599.0489 599.0382 599.0261 599.0107 598.997 598.9843 598.971 598.9583 598.945 598.9319 598.9174 598.9041 598.8895 598.8769 598.8647 598.8516 598.8386 598.8251 598.8107 598.7974 598.7838 598.7706 598.7553 598.7421 598.7274 598.7122 598.6968 598.681 598.664 598.6493 598.6326 598.6162 598.5991 598.5847
600.1763 600.1387 600.103 600.0684 600.0252 599.9873 599.9503 599.9128 599.868 599.8248 599.7895 599.7507 599.7086 599.6624 599.6204 599.5766 599.5373 599.4905 599.4568 599.4157 599.3656 599.3163 599.2787 599.2305 599.1927 599.1434 599.1135 599.1023 599.0907 599.0783 599.0668 599.0554 599.0421 599.0283 599.0149 599.0029 598.9897 598.9772 598.9642 598.9509 598.9359 598.9223 598.9092 598.8967 598.8846 598.8713 598.8583 598.8444 598.8298 598.8171 598.8032 598.7896 598.7752 598.7613 598.7467 598.731 598.7164 598.7004 598.6842 598.6689 598.6522 598.6378 598.6212 598.6055
600.3517 600.3137 600.2786 600.2428 600.2006 600.1625 600.1255 600.088 600.0416 600.0001 599.9654 599.9258 599.8807 599.8368 599.7957 599.7517 599.7095 599.6658 599.6318 599.5892 599.5402 599.4911 599.4525 599.4052 599.3677 599.3162 599.2654 599.2193 599.179 599.1315 599.0886 599.0728 599.0593 599.0459 599.0334 599.0216 599.0087 598.996 598.9832 598.9692 598.9554 598.9417 598.929 598.9165 598.9041 598.891 598.8779 598.8637 598.8494 598.8365 598.823 598.8087 598.7954 598.781 598.7667 598.7518 598.7372 598.7204 598.7054 598.6902 598.6736 598.6581 598.6433 598.626
600.5271 600.4886 600.4542 600.4172 600.3759 600.3378 600.3007 600.2631 600.2151 600.1763 600.1412 600.101 600.0554 600.0112 599.9709 599.9269 599.8823 599.8411 599.8064 599.7611 599.7153 599.6661 599.6245 599.5801 599.5391 599.4889 599.4393 599.3943 599.3511 599.306 599.2631 599.2144 599.1624 599.1117 599.0612 599.0395 599.0276 599.0151 599.0021 598.9878 598.9749 598.9611 598.9487 598.9364 598.9238 598.9107 598.8972 598.8829 598.8691 598.8559 598.8428 598.8284 598.8155 598.8015 598.787 598.7723 598.757 598.7407 598.7264 598.7103 598.6953 598.6792 598.6651 598.6478
600.7025 600.6636 600.6298 600.5919 600.5512 600.5131 600.4758 600.4382 600.3886 600.3524 600.3163 600.2761 600.23 600.1856 600.1462 600.102 600.0568 600.0165 599.9807 599.933 599.8892 599.8411 599.7966 599.7551 599.7106 599.6616 599.6124 599.5694 599.5234 599.4805 599.4376 599.3859 599.3342 599.2834 599.2357 599.1864 599.1392 599.0963 599.0439 599.0055 598.994 598.9808 598.9684 598.9563 598.9435 598.9305 598.9165 598.9021 598.8888 598.8754 598.8624 598.8483 598.8348 598.821 598.8065 598.7927 598.7769 598.7612 598.7468 598.731 598.7167 598.7014 598.6859 598.6705
600.8777 600.8386 600.8055 600.7667 600.7264 600.6884 600.6509 600.6134 600.5629 600.5286 600.491 600.4479 600.4043 600.3613 600.3211 600.2765 600.2313 600.1918 600.1544 600.1049 600.0631 600.016 599.9709 599.93 599.884 599.8367 599.7837 599.7444 599.6979 599.655 599.6101 599.558 599.5063 599.4551 599.4102 599.3563 599.3144 599.2681 599.2154 599.1655 599.1134 599.0627 599.0117 598.9735 598.9633 598.95 598.9359 598.9213 598.9086 598.895 598.8817 598.8684 598.8552 598.8414 598.8275 598.8134 598.7971 598.7827 598.7681 598.7526 598.7372 598.7236 598.7071 598.6925
601.0527 601.014 600.9811 600.9415 600.9016 600.8636 600.8261 600.7886 600.738 600.7048 600.6655 600.6224 600.5786 600.537 600.4949 600.449 600.4055 600.3668 600.3281 600.2783 600.2369 600.1909 600.1453 600.105 600.0587 600.0119 599.9582 599.9178 599.8724 599.8295 599.7816 599.7299 599.6784 599.6276 599.5847 599.5297 599.4895 599.4395 599.3875 599.3382 599.2855 599.2354 599.1854 599.1415 599.0837 599.035 598.9778 598.9395 598.928 598.9149 598.9016 598.8886 598.8756 598.8615 598.8481 598.8333 598.8173 598.8035 598.7883 598.7743 598.7594 598.7455 598.7293 598.7144
601.1099 601.0944 601.0791 601.062 601.0446 601.036 601.0013 600.9626 600.914 600.881 600.8401 600.7971 600.7529 600.7127 600.6686 600.6235 600.5797 600.5414 600.5004 600.4536 600.4102 600.3629 600.3198 600.2777 600.2318 600.1858 600.1327 600.0898 600.0469 600.004 599.953 599.9016 599.8502 599.8021 599.7592 599.7032 599.6631 599.6108 599.5596 599.5108 599.4583 599.4096 599.3597 599.311 599.258 599.202 599.15 599.1003 599.0485 598.9971 598.9457 598.907 598.8958 598.8823 598.8688 598.8535 598.8384 598.8247 598.81 598.7958 598.7816 598.7665 598.7521 598.7371
601.1576 601.1424 601.1271 601.1098 601.093 601.0768 601.0602 601.042 601.0243 601.0087 600.9935 600.9718 600.9272 600.8884 600.8425 600.7982 600.7538 600.716 600.6723 600.629 600.5834 600.537 600.4941 600.4508 600.4058 600.3572 600.3072 600.2643 600.2214 600.1769 600.1252 600.0731 600.0219 599.9766 599.931 599.8768 599.8348 599.7822 599.7327 599.6808 599.6325 599.5839 599.5349 599.4803 599.4323 599.3746 599.3239 599.2738 599.2222 599.1705 599.1194 599.0657 599.0153 598.9643 598.9049 598.8737 598.8599 598.8459 598.8317 598.8174 598.8038 598.7883 598.7743 598.7595
601.2053 601.1906 601.1752 601.1575 601.1414 601.1254 601.1089 601.0907 601.0738 601.0582 601.0408 601.0223 601.0043 600.9861 600.9675 600.951 600.928 600.8906 600.8442 600.8043 600.7566 600.7114 600.6686 600.6254 600.5812 600.5269 600.4822 600.4388 600.3959 600.3486 600.2972 600.2451 600.194 600.1511 600.102 600.0516 600.0063 599.9542 599.9072 599.8522 599.8051 599.7578 599.7101 599.6514 599.6017 599.5473 599.4987 599.4473 599.3959 599.3442 599.2929 599.2376 599.1871 599.1358 599.0734 599.0165 598.9651 598.9025 598.849 598.8397 598.8259 598.811 598.797 598.7817
601.253 601.2386 601.2232 601.2053 601.1898 601.174 601.1576 601.1393 601.1233 601.1077 601.0901 601.0718 601.0542 601.0363 601.0177 600.9992 600.9811 600.9631 600.9449 600.926 600.9085 600.8859 600.843 600.8 600.7565 600.6991 600.6566 600.6133 600.5704 600.5201 600.4691 600.4169 600.3685 600.3256 600.2758 600.2267 600.1776 600.1263 600.0806 600.0247 599.9785 599.9314 599.8818 599.8238 599.769 599.7198 599.6724 599.6207 599.5695 599.5179 599.4664 599.4095 599.3589 599.3071 599.2418 599.1899 599.1373 599.0724 599.0249 598.9665 598.9222 598.8636 598.817 598.804
601.3007 601.2866 601.2712 601.2531 601.2381 601.2226 601.2063 601.188 601.1728 601.1572 601.1397 601.1214 601.1041 601.0864 601.0679 601.0498 601.032 601.0145 600.9962 600.9777 600.9584 600.9402 600.9219 600.9034 600.882 600.8665 600.8307 600.7878 600.7437 600.6922 600.6406 600.5886 600.543 600.5001 600.4495 600.4016 600.349 600.2991 600.252 600.1992 600.1537 600.1049 600.0518 599.998 599.9406 599.8899 599.8461 599.7941 599.743 599.6918 599.6351 599.5814 599.5304 599.4756 599.4153 599.3637 599.3073 599.2441 599.2003 599.1409 599.09 599.0364 598.9848 598.9215
