site316/site316_5x_roughbed_V3/site316_5x_roughbed_V3/sfe316_5x_roughbed_v3.asc
ncols         512
nrows         121
xllcorner     93.60000000149
yllcorner     29.60000000149
cellsize      1
NODATA_value  -9999
[rows 84 to 111 of 121, columns 320 to 383 of 512]
598.0934 598.0844 598.0753 598.0652 598.0549 598.0445 598.0348 598.0248 598.0151 598.0049 597.9949 597.9849 597.9747 597.9649 597.9559 597.9473 597.9396 597.9303 597.9218 597.912 597.9038 597.8962 597.8882 597.8801 597.872 597.8638 597.8541 597.845 597.835 597.8256 597.816 597.8063 597.7975 597.7887 597.7793 597.7694 597.7609 597.7516 597.7426 597.7336 597.7243 597.7158 597.7075 597.6989 597.6904 597.6821 597.6737 597.6655 597.6582 597.65 597.642 597.6337 597.6259 597.6181 597.6098 597.6014 597.5919 597.5825 597.5736 597.566 597.5562 597.5486 597.5407 597.5341
598.1049 598.096 598.0864 598.0765 598.0659 598.0557 598.0462 598.036 598.0263 598.0161 598.0062 597.9961 597.9859 597.9765 597.9673 597.9585 597.9509 597.9415 597.9329 597.923 597.9147 597.9071 597.899 597.8909 597.8828 597.8745 597.8647 597.8557 597.8456 597.8365 597.8267 597.8172 597.8084 597.7995 597.7901 597.7803 597.7717 597.7626 597.7536 597.7447 597.7354 597.7269 597.7186 597.71 597.7016 597.6932 597.6849 597.6768 597.6695 597.6613 597.6532 597.6449 597.6371 597.6294 597.6211 597.6126 597.6031 597.5937 597.585 597.5773 597.5676 597.5602 597.5523 597.5457
598.1165 598.1076 598.0975 598.0877 598.0769 598.067 598.0574 598.0472 598.0374 598.0272 598.0175 598.0073 597.9971 597.9879 597.9787 597.9697 597.9619 597.9528 597.9439 597.934 597.9257 597.918 597.9099 597.9017 597.8936 597.885 597.8754 597.8662 597.8563 597.8473 597.8373 597.8281 597.8193 597.8104 597.8008 597.7914 597.7825 597.7737 597.7646 597.7557 597.7463 597.738 597.7297 597.7211 597.7128 597.7046 597.6961 597.6879 597.6807 597.6725 597.6644 597.6561 597.6483 597.6406 597.6323 597.6238 597.6143 597.6049 597.5964 597.5887 597.5793 597.5718 597.5638 597.5573
598.128 598.1192 598.1089 598.0989 598.0881 598.0782 598.0686 598.0585 598.0486 598.0385 598.0287 598.0184 598.0084 597.9995 597.9898 597.9809 597.9729 597.9639 597.9549 597.9449 597.9366 597.9289 597.9207 597.9125 597.9044 597.8956 597.8862 597.8768 597.867 597.8581 597.848 597.8389 597.8302 597.8212 597.8116 597.8024 597.7933 597.7847 597.7755 597.7668 597.7574 597.7491 597.7408 597.7322 597.7239 597.7159 597.7073 597.6991 597.692 597.6837 597.6756 597.6673 597.6595 597.6519 597.6436 597.635 597.6255 597.6161 597.6078 597.6 597.5908 597.5834 597.5754 597.569
598.1395 598.1308 598.1202 598.1101 598.0993 598.0896 598.0798 598.0698 598.0598 598.0497 598.0399 598.0296 598.0197 598.0106 598.0014 597.9921 597.9839 597.9752 597.9659 597.9559 597.9476 597.9398 597.9315 597.9233 597.9152 597.9062 597.897 597.8873 597.8777 597.8688 597.8588 597.8498 597.8411 597.832 597.8223 597.8135 597.8042 597.7958 597.7865 597.7779 597.7686 597.7603 597.752 597.7434 597.7351 597.727 597.7184 597.7103 597.7032 597.6949 597.6868 597.6785 597.6707 597.6631 597.6548 597.6462 597.6368 597.6274 597.6191 597.6113 597.6022 597.595 597.587 597.5806
598.151 598.142 598.1316 598.1213 598.1105 598.101 598.0909 598.0811 598.0709 598.061 598.051 598.0408 598.0309 598.0218 598.0125 598.0033 597.995 597.9863 597.977 597.9669 597.9585 597.9507 597.9423 597.934 597.926 597.9168 597.9077 597.8979 597.8885 597.8794 597.8696 597.8607 597.852 597.8428 597.8331 597.8245 597.8152 597.8068 597.7975 597.7889 597.7797 597.7714 597.7631 597.7546 597.7463 597.738 597.7296 597.7214 597.7145 597.7062 597.698 597.6897 597.6819 597.6744 597.6661 597.6574 597.648 597.6389 597.6306 597.6227 597.6136 597.6066 597.5986 597.5922
598.1626 598.153 598.1428 598.1324 598.1218 598.1124 598.1021 598.0923 598.082 598.0722 598.0622 598.0519 598.0421 598.033 598.0237 598.0145 598.006 597.9973 597.988 597.9779 597.9695 597.9615 597.9531 597.9448 597.9368 597.9274 597.9185 597.9086 597.8994 597.8901 597.8805 597.8716 597.8629 597.8535 597.8438 597.8356 597.8263 597.8179 597.8087 597.7999 597.7909 597.7826 597.7742 597.7657 597.7574 597.7491 597.7408 597.7326 597.7256 597.7174 597.7092 597.7009 597.6931 597.6856 597.6773 597.6686 597.6592 597.6503 597.6419 597.634 597.6252 597.6181 597.6102 597.6038
598.1742 598.164 598.154 598.1434 598.1331 598.1235 598.1133 598.1034 598.0933 598.0835 598.0734 598.0631 598.0534 598.0441 598.0349 598.0257 598.017 598.0083 597.999 597.989 597.9804 597.9725 597.9639 597.9556 597.9476 597.938 597.9292 597.9193 597.9102 597.9007 597.8914 597.8825 597.8737 597.8643 597.8545 597.8466 597.8373 597.8289 597.8197 597.8109 597.8021 597.7938 597.7853 597.7769 597.7686 597.7603 597.752 597.7438 597.7369 597.7286 597.7204 597.7121 597.7042 597.6969 597.6885 597.6798 597.6704 597.6616 597.6532 597.6453 597.6369 597.6297 597.6218 597.6154
598.1858 598.1753 598.1652 598.1544 598.1443 598.1347 598.1245 598.1146 598.1045 598.0947 598.0845 598.0743 598.0646 598.0552 598.0461 598.037 598.028 598.0193 598.0101 597.9999 597.9913 597.9833 597.9747 597.9664 597.9583 597.9488 597.9398 597.93 597.921 597.9114 597.9022 597.8934 597.8846 597.8751 597.8656 597.8575 597.8484 597.8398 597.8308 597.822 597.8132 597.8049 597.7964 597.788 597.7797 597.7715 597.7632 597.755 597.748 597.7398 597.7316 597.7233 597.7155 597.7081 597.6997 597.691 597.6816 597.673 597.6646 597.6567 597.6484 597.6412 597.6334 597.627
598.1974 598.1866 598.1765 598.1653 598.1558 598.1459 598.1357 598.1257 598.1157 598.106 598.0957 598.0856 598.0759 598.0663 598.0573 598.0483 598.0391 598.0304 598.0211 598.0109 598.0022 597.9943 597.9855 597.9772 597.9689 597.9596 597.9503 597.9407 597.9318 597.9221 597.9131 597.9043 597.8954 597.8859 597.8766 597.8683 597.8594 597.8508 597.8419 597.8329 597.8243 597.816 597.8076 597.7992 597.791 597.7827 597.7744 597.7662 597.7592 597.751 597.7428 597.7346 597.7266 597.7194 597.7111 597.7022 597.6928 597.6844 597.6762 597.668 597.6598 597.6528 597.645 597.6387
598.2086 598.1979 598.1876 598.1766 598.1672 598.1571 598.147 598.1368 598.127 598.1171 598.1069 598.0969 598.0872 598.0775 598.0685 598.06 598.0501 598.0414 598.0321 598.0219 598.0131 598.0051 597.9963 597.988 597.9795 597.9703 597.9609 597.9515 597.9427 597.9329 597.924 597.9152 597.9062 597.8967 597.8877 597.8792 597.8705 597.8618 597.853 597.844 597.8354 597.8272 597.8187 597.8104 597.8022 597.7938 597.7855 597.7773 597.7704 597.7623 597.754 597.7459 597.7379 597.7307 597.7225 597.7134 597.7041 597.6958 597.688 597.6794 597.6713 597.6644 597.6566 597.6503
598.2197 598.2091 598.1989 598.1879 598.1785 598.1683 598.1583 598.148 598.1382 598.1284 598.118 598.1081 598.0986 598.0889 598.0797 598.0713 598.0613 598.0524 598.0431 598.0329 598.024 598.016 598.0071 597.9988 597.9901 597.9811 597.9716 597.9622 597.9534 597.9438 597.9348 597.9261 597.9169 597.9074 597.8987 597.89 597.8816 597.8727 597.864 597.855 597.8466 597.8384 597.8298 597.8215 597.8135 597.805 597.7967 597.7885 597.7817 597.7735 597.7652 597.7572 597.749 597.7419 597.7336 597.7247 597.7155 597.7072 597.7001 597.6907 597.683 597.6759 597.6682 597.6619
598.2307 598.2203 598.2099 598.1991 598.1897 598.1794 598.1694 598.1593 598.1495 598.1395 598.1292 598.1194 598.11 598.1 598.0909 598.0823 598.0724 598.0635 598.0541 598.0439 598.035 598.0269 598.0179 598.0096 598.0007 597.9919 597.9823 597.973 597.9641 597.9547 597.9457 597.937 597.9277 597.9181 597.9098 597.9011 597.8926 597.8837 597.8751 597.866 597.8578 597.8497 597.841 597.8327 597.8248 597.8162 597.8079 597.7997 597.793 597.7847 597.7764 597.7685 597.7603 597.7531 597.7448 597.7358 597.7269 597.7186 597.7115 597.7024 597.6947 597.6875 597.6798 597.6735
598.2417 598.2316 598.2209 598.2105 598.2009 598.1906 598.1805 598.1705 598.1608 598.1506 598.1404 598.1306 598.1212 598.1114 598.1021 598.0933 598.0836 598.0745 598.0651 598.0549 598.0458 598.0378 598.0287 598.0204 598.0114 598.0027 597.993 597.9839 597.9747 597.9655 597.9567 597.9479 597.9385 597.9288 597.9208 597.9121 597.9037 597.8948 597.8862 597.8772 597.8689 597.8607 597.8521 597.8438 597.8359 597.8274 597.8191 597.8109 597.8042 597.7959 597.7876 597.7797 597.7714 597.7643 597.7563 597.7471 597.7382 597.7299 597.7228 597.7141 597.7065 597.699 597.6915 597.6851
598.2531 598.2427 598.2319 598.2219 598.212 598.2018 598.1917 598.1818 598.172 598.1618 598.1516 598.1418 598.1323 598.1226 598.1133 598.1044 598.0948 598.0855 598.076 598.0659 598.0568 598.0487 598.0396 598.0312 598.0222 598.0133 598.0037 597.9947 597.9854 597.9764 597.9675 597.9588 597.9493 597.9398 597.9319 597.9232 597.9147 597.9058 597.8972 597.8884 597.8801 597.8718 597.8633 597.855 597.847 597.8386 597.8303 597.8221 597.8154 597.8071 597.7988 597.7909 597.7827 597.7756 597.7677 597.7583 597.7496 597.7413 597.7344 597.7255 597.7183 597.7106 597.7031 597.6967
598.2642 598.254 598.2429 598.2333 598.2232 598.213 598.2028 598.1931 598.1833 598.173 598.1628 598.1531 598.1434 598.1338 598.1246 598.1154 598.1058 598.0966 598.087 598.0768 598.0677 598.0596 598.0504 598.042 598.033 598.0239 598.0145 598.0056 597.9962 597.9872 597.9785 597.9696 597.9601 597.9508 597.9429 597.9342 597.9258 597.9169 597.9083 597.8995 597.8912 597.8829 597.8745 597.8661 597.8582 597.8497 597.8414 597.8333 597.8265 597.8183 597.81 597.8021 597.7938 597.7869 597.7791 597.7695 597.761 597.7527 597.746 597.7369 597.7302 597.7222 597.7147 597.7083
598.2755 598.2652 598.2539 598.2446 598.2344 598.2242 598.2141 598.2043 598.1945 598.1841 598.1741 598.1644 598.1546 598.145 598.1357 598.1264 598.1168 598.1076 598.098 598.0878 598.0786 598.0704 598.0612 598.0528 598.0438 598.0345 598.0251 598.0164 598.0071 597.9981 597.9893 597.9804 597.9708 597.9619 597.954 597.9453 597.9368 597.928 597.9194 597.9106 597.9023 597.894 597.8856 597.8773 597.8693 597.8609 597.8526 597.8444 597.8377 597.8295 597.8212 597.8132 597.8051 597.7981 597.7902 597.7807 597.7724 597.7641 597.7576 597.7487 597.7421 597.7337 597.7263 597.72
598.2867 598.2764 598.2653 598.2558 598.2456 598.2354 598.2253 598.2156 598.2056 598.1953 598.1854 598.1756 598.1657 598.1562 598.147 598.1375 598.1279 598.1186 598.109 598.0988 598.0895 598.0814 598.072 598.0634 598.0545 598.0453 598.0359 598.0272 598.0179 598.009 598.0002 597.9911 597.9816 597.973 597.965 597.9563 597.9479 597.9391 597.9304 597.9218 597.9135 597.9052 597.8968 597.8885 597.8804 597.8721 597.8638 597.8556 597.8489 597.8407 597.8324 597.8244 597.8162 597.8094 597.8014 597.7921 597.7838 597.7755 597.7689 597.7604 597.7537 597.7453 597.7379 597.7316
598.3895 598.3383 598.2872 598.267 598.2568 598.2465 598.2366 598.2268 598.2168 598.2065 598.1966 598.1869 598.1769 598.1674 598.1581 598.1484 598.1389 598.1296 598.12 598.1098 598.1004 598.0922 598.0828 598.074 598.0653 598.056 598.0468 598.038 598.0288 598.0198 598.0112 598.002 597.9924 597.984 597.9758 597.9673 597.9589 597.9501 597.9415 597.9329 597.9246 597.9163 597.908 597.8997 597.8916 597.8833 597.875 597.8668 597.8602 597.8519 597.8436 597.8356 597.8275 597.8206 597.8126 597.8035 597.7952 597.7869 597.7802 597.7719 597.7652 597.7568 597.7495 597.7432
598.5634 598.5123 598.4609 598.4147 598.3715 598.3249 598.2737 598.236 598.228 598.2177 598.2078 598.1981 598.188 598.1786 598.1694 598.1595 598.15 598.1407 598.131 598.1208 598.1113 598.103 598.0936 598.0848 598.0761 598.0667 598.0576 598.0488 598.0397 598.0308 598.022 598.0127 598.0032 597.9951 597.9868 597.9784 597.97 597.9612 597.9526 597.9441 597.9358 597.9274 597.9191 597.9108 597.9028 597.8945 597.8862 597.878 597.8713 597.8631 597.8548 597.8467 597.8386 597.8318 597.8238 597.8148 597.8065 597.7982 597.7916 597.7833 597.7767 597.7684 597.7611 597.7548
598.7375 598.6863 598.6347 598.5914 598.5463 598.4978 598.4479 598.4109 598.3619 598.3184 598.269 598.2324 598.198 598.1898 598.1805 598.1705 598.1609 598.1517 598.142 598.1318 598.1223 598.1138 598.1044 598.0956 598.0869 598.0774 598.0684 598.0595 598.0505 598.0417 598.033 598.0235 598.014 598.0061 597.9979 597.9894 597.981 597.9723 597.9636 597.9552 597.9469 597.9385 597.9303 597.922 597.9139 597.9056 597.8973 597.8892 597.8826 597.8743 597.866 597.858 597.8499 597.8431 597.835 597.8262 597.8179 597.8094 597.8029 597.7947 597.7882 597.78 597.7728 597.7664
598.9116 598.8602 598.8095 598.7671 598.7211 598.6724 598.6246 598.5865 598.5361 598.4933 598.4447 598.4087 598.367 598.3163 598.28 598.2425 598.1978 598.16 598.153 598.1428 598.1332 598.1246 598.1152 598.1064 598.0975 598.0881 598.0792 598.0704 598.0614 598.0526 598.0438 598.0343 598.025 598.0172 598.0089 598.0005 597.9919 597.9833 597.9747 597.9664 597.9581 597.9497 597.9414 597.9331 597.9251 597.9168 597.9085 597.9003 597.8938 597.8855 597.8772 597.8691 597.861 597.8542 597.8462 597.8376 597.8293 597.8207 597.8143 597.8061 597.7997 597.7916 597.7844 597.778
599.0856 599.0342 598.9863 598.9388 598.8956 598.847 598.8021 598.7576 598.7114 598.6667 598.621 598.5849 598.5422 598.4922 598.4561 598.418 598.3719 598.3372 598.3002 598.2593 598.2228 598.1858 598.1523 598.1194 598.1075 598.0989 598.0901 598.0812 598.0723 598.0635 598.0546 598.045 598.0361 598.0282 598.02 598.0115 598.0031 597.9944 597.9858 597.9775 597.9692 597.9609 597.9526 597.9443 597.9363 597.928 597.9197 597.9115 597.905 597.8967 597.8884 597.8803 597.8723 597.8654 597.8574 597.849 597.8407 597.8324 597.8256 597.8175 597.8112 597.8031 597.796 597.7897
599.2593 599.2081 599.163 599.1136 599.0685 599.0211 598.9796 598.9296 598.8864 598.84 598.7972 598.7612 598.7161 598.6685 598.6313 598.5936 598.5475 598.5144 598.4758 598.4354 598.3997 598.3626 598.3293 598.2967 598.2641 598.231 598.1989 598.1743 598.1424 598.11 598.0804 598.0545 598.047 598.0393 598.031 598.0226 598.0141 598.0055 597.9969 597.9886 597.9803 597.972 597.9637 597.9554 597.9474 597.9391 597.9308 597.9227 597.9162 597.9079 597.8996 597.8915 597.8834 597.8766 597.8687 597.8604 597.8521 597.8441 597.837 597.8289 597.8228 597.8146 597.8076 597.8013
599.4332 599.3819 599.3398 599.2885 599.2421 599.1961 599.1571 599.1034 599.0614 599.0148 598.9734 598.9371 598.8901 598.8447 598.8068 598.7692 598.7244 598.6916 598.6515 598.6116 598.5766 598.5396 598.5063 598.4739 598.4413 598.4081 598.3761 598.3516 598.3186 598.2874 598.2593 598.2307 598.2087 598.1762 598.1571 598.136 598.1071 598.0853 598.0566 598.0486 598.0226 597.9984 597.9896 597.9711 597.9575 597.9505 597.9421 597.9339 597.9274 597.9191 597.9108 597.9026 597.8946 597.8881 597.8801 597.8718 597.8635 597.856 597.8486 597.8406 597.8342 597.8262 597.8192 597.8129
599.6072 599.5579 599.5129 599.4633 599.4177 599.3726 599.3273 599.2782 599.2364 599.1904 599.1497 599.1128 599.0641 599.0209 598.9823 598.9447 598.9014 598.8682 598.8271 598.7878 598.7535 598.7166 598.6835 598.6511 598.6184 598.5853 598.5533 598.5278 598.4948 598.4648 598.4378 598.4067 598.386 598.3529 598.3359 598.3115 598.286 598.2613 598.2354 598.2253 598.1981 598.1775 598.165 598.1464 598.119 598.1093 598.1008 598.0812 598.0542 598.0433 598.0369 598.0288 598.0209 598.002 597.9731 597.9664 597.9568 597.9498 597.9423 597.9343 597.9278 597.9198 597.9128 597.9053
599.7811 599.7347 599.6831 599.6381 599.5933 599.5491 599.4974 599.4532 599.411 599.3661 599.3259 599.2885 599.238 599.1972 599.1578 599.1197 599.0784 599.0443 599.0028 598.9642 598.9304 598.8936 598.8607 598.8282 598.7956 598.7624 598.7306 598.704 598.6708 598.6422 598.6158 598.5829 598.5627 598.5297 598.515 598.4869 598.4647 598.4373 598.4142 598.4006 598.3736 598.3562 598.3403 598.3217 598.2979 598.2845 598.2762 598.2567 598.2331 598.2189 598.2123 598.2042 598.1965 598.1774 598.1524 598.1425 598.1324 598.1254 598.1179 598.1099 598.1034 598.0954 598.0884 598.0809
599.9551 599.9114 599.8558 599.8122 599.7684 599.7259 599.6708 599.6284 599.5849 599.5418 599.5022 599.4642 599.4134 599.3732 599.3334 599.2939 599.2556 599.2205 599.1785 599.1414 599.1074 599.0707 599.0379 599.0055 598.9727 598.9396 598.9078 598.8803 598.8469 598.8196 598.792 598.7593 598.7394 598.7065 598.6945 598.6625 598.6434 598.6133 598.593 598.576 598.5491 598.5349 598.5157 598.4969 598.4767 598.4599 598.4517 598.4322 598.412 598.3943 598.3879 598.3796 598.3721 598.3528 598.3317 598.3181 598.308 598.301 598.2935 598.2855 598.279 598.271 598.264 598.2565
