site316/site316_5x_roughbed_V3/site316_5x_roughbed_V3/sfe316_5x_roughbed_v3.asc
ncols         512
nrows         121
xllcorner     93.60000000149
yllcorner     29.60000000149
cellsize      1
NODATA_value  -9999
[rows 28 to 55 of 121, columns 256 to 319 of 512]
598.6578 598.6476 598.6398 598.6315 598.6233 598.6122 598.6033 598.5936 598.5869 598.5807 598.5728 598.5647 598.5598 598.554 598.5486 598.543 598.5361 598.5329 598.5269 598.5214 598.5157 598.5107 598.5034 598.4976 598.49 598.4847 598.4744 598.4662 598.4603 598.4552 598.449 598.4411 598.4364 598.4286 598.4235 598.4168 598.4126 598.4036 598.3964 598.3897 598.3818 598.3826 598.3749 598.3666 598.3596 598.3538 598.3534 598.35 598.3438 598.3345 598.3257 598.3187 598.3091 598.2994 598.2909 598.2845 598.2749 598.2658 598.2596 598.2505 598.241 598.2343 598.2255 598.2177
598.6344 598.624 598.6156 598.6067 598.5984 598.5873 598.578 598.5679 598.5612 598.555 598.5469 598.5393 598.5343 598.5289 598.5239 598.518 598.5126 598.5085 598.5035 598.498 598.4926 598.4874 598.48 598.4744 598.4671 598.4621 598.4518 598.4439 598.4386 598.4337 598.4276 598.4199 598.415 598.4081 598.4023 598.3963 598.3928 598.3832 598.3778 598.3699 598.3646 598.3655 598.3562 598.3494 598.3413 598.338 598.3376 598.3336 598.3275 598.3182 598.3096 598.3026 598.2931 598.2834 598.2748 598.2687 598.259 598.2504 598.2445 598.2349 598.2264 598.2191 598.2101 598.2039
598.611 598.6003 598.5914 598.5819 598.5735 598.5623 598.5527 598.5421 598.5356 598.5292 598.521 598.5139 598.5087 598.5037 598.4989 598.4933 598.489 598.4843 598.4802 598.4745 598.4694 598.4641 598.4569 598.4512 598.4442 598.4395 598.4293 598.4215 598.417 598.412 598.4061 598.3989 598.3935 598.3877 598.3817 598.3752 598.3724 598.3629 598.3582 598.3503 598.3473 598.3469 598.3375 598.3309 598.3232 598.3221 598.3215 598.3172 598.3111 598.3018 598.2934 598.2864 598.277 598.2673 598.259 598.2527 598.2431 598.2351 598.2289 598.2192 598.2116 598.2038 598.1949 598.1882
598.5875 598.5766 598.5672 598.5571 598.5487 598.5374 598.5275 598.5166 598.5099 598.5035 598.4951 598.4885 598.4832 598.4784 598.4737 598.4685 598.4655 598.4601 598.4568 598.4512 598.4462 598.4407 598.4338 598.428 598.4213 598.4166 598.4069 598.3998 598.3954 598.39 598.3843 598.3779 598.3723 598.3672 598.3604 598.3555 598.3521 598.3424 598.3385 598.3305 598.3301 598.3282 598.3187 598.3128 598.3066 598.3063 598.3053 598.3007 598.2947 598.2855 598.2773 598.2703 598.261 598.2513 598.2431 598.2368 598.2272 598.2198 598.2133 598.2036 598.196 598.1885 598.1801 598.1749
598.5641 598.553 598.543 598.5323 598.5239 598.5125 598.5022 598.491 598.4843 598.4778 598.4692 598.4631 598.4573 598.4529 598.4488 598.4435 598.4412 598.4368 598.4335 598.4278 598.4231 598.4174 598.4106 598.4048 598.3984 598.3937 598.3844 598.3782 598.3737 598.3683 598.3629 598.3569 598.351 598.3467 598.3395 598.3358 598.3317 598.3229 598.3188 598.3122 598.3129 598.3094 598.3011 598.2946 598.2908 598.2904 598.2891 598.2843 598.2784 598.2692 598.2612 598.2541 598.2449 598.2353 598.227 598.2209 598.2112 598.2042 598.1976 598.188 598.1812 598.1732 598.1657 598.1618
598.5407 598.5293 598.5186 598.5075 598.499 598.4875 598.4769 598.4655 598.459 598.4521 598.4434 598.4376 598.4322 598.4279 598.4246 598.4197 598.4175 598.4136 598.4102 598.4044 598.3998 598.394 598.3876 598.3817 598.3755 598.3708 598.3618 598.3566 598.3513 598.3462 598.341 598.336 598.3296 598.3262 598.3195 598.3162 598.3113 598.3044 598.2991 598.2949 598.2958 598.2907 598.2841 598.2765 598.2749 598.2746 598.2729 598.2679 598.2621 598.2528 598.2451 598.2379 598.2289 598.2192 598.2112 598.205 598.1953 598.1884 598.182 598.1724 598.1667 598.158 598.152 598.1478
598.5173 598.5056 598.4943 598.4831 598.4741 598.4626 598.4516 598.4402 598.4338 598.4262 598.4176 598.4122 598.4073 598.4034 598.4003 598.3961 598.3939 598.3903 598.3869 598.3813 598.3765 598.3707 598.3644 598.3586 598.3526 598.3479 598.3393 598.3348 598.3297 598.3246 598.3194 598.315 598.3087 598.3057 598.2997 598.2965 598.2909 598.2859 598.2792 598.2776 598.2786 598.272 598.2664 598.2594 598.2591 598.2587 598.2567 598.2514 598.2458 598.2365 598.2289 598.2218 598.2129 598.2032 598.1954 598.189 598.1797 598.1729 598.1664 598.1572 598.1516 598.1426 598.1368 598.1345
598.4937 598.4818 598.4698 598.4589 598.4493 598.4377 598.4263 598.4149 598.4083 598.4004 598.3917 598.3868 598.3823 598.379 598.376 598.3726 598.3702 598.3671 598.3635 598.3581 598.3531 598.3474 598.3413 598.3354 598.3297 598.325 598.3168 598.3124 598.3081 598.3033 598.2976 598.2941 598.2882 598.2848 598.2797 598.2769 598.2705 598.2674 598.2598 598.2604 598.2614 598.2532 598.248 598.2436 598.2432 598.2429 598.2403 598.235 598.2294 598.2202 598.2128 598.2056 598.1969 598.1872 598.1796 598.1731 598.1638 598.1576 598.1508 598.1427 598.1363 598.1276 598.1232 598.1212
598.47 598.4577 598.4456 598.4348 598.4244 598.4128 598.4009 598.3896 598.3827 598.3746 598.3658 598.3614 598.3574 598.3546 598.3517 598.349 598.3466 598.3438 598.3399 598.3349 598.3298 598.3241 598.3182 598.3123 598.3068 598.3021 598.2943 598.2906 598.2866 598.2819 598.2766 598.2731 598.2677 598.2639 598.259 598.2572 598.2501 598.2479 598.2425 598.2432 598.244 598.2357 598.2299 598.2278 598.2274 598.2271 598.2239 598.2186 598.2131 598.2038 598.1967 598.1895 598.1808 598.1711 598.1639 598.1572 598.1481 598.1423 598.1351 598.1281 598.121 598.1141 598.11 598.1077
598.4464 598.4343 598.4219 598.4105 598.3995 598.3878 598.3757 598.3643 598.3568 598.3488 598.3402 598.336 598.3324 598.3301 598.3275 598.3254 598.3229 598.3203 598.3164 598.3118 598.3065 598.3007 598.295 598.2892 598.2839 598.2792 598.272 598.269 598.2651 598.2606 598.2556 598.2521 598.2473 598.2429 598.2393 598.2375 598.231 598.228 598.2252 598.2261 598.2252 598.2186 598.2123 598.2119 598.2116 598.211 598.2074 598.2021 598.1968 598.1874 598.1805 598.1733 598.1649 598.1551 598.1481 598.1412 598.1328 598.1272 598.1195 598.1125 598.1057 598.0999 598.0969 598.0932
598.4228 598.4108 598.3982 598.3865 598.137 597.8845 597.72 597.5205 597.217 597.2515 597.3415 597.601 597.805 598.1495 598.3032 598.3019 598.2991 598.2969 598.2931 598.2886 598.2831 598.2773 598.272 598.2664 598.261 598.2563 598.2504 598.2474 598.2435 598.2393 598.2347 598.231 598.2267 598.2221 598.2197 598.2179 598.2125 598.2084 598.2079 598.2089 598.2065 598.2015 598.1964 598.1961 598.1957 598.1948 598.191 598.1857 598.1804 598.1711 598.1644 598.1572 598.1488 598.139 598.1323 598.1253 598.1174 598.1121 598.1039 598.098 598.0905 598.0857 598.083 598.0787
597.76 597.3085 596.8985 596.4985 596.2045 596.217 596.2535 596.3265 596.233 596.3035 596.288 596.1454 596.1015 596.629 597.025 597.601 598.0705 598.2745 598.27 598.2654 598.2598 598.254 598.2488 598.2434 598.2381 598.2335 598.2288 598.2258 598.222 598.2179 598.2137 598.2097 598.2062 598.2023 598.2 598.1982 598.194 598.1901 598.1907 598.1917 598.1877 598.1833 598.1806 598.1802 598.1799 598.1786 598.1745 598.1692 598.1639 598.155 598.1483 598.141 598.1328 598.123 598.1165 598.1094 598.1021 598.097 598.0883 598.0836 598.0751 598.0716 598.0692 598.0642
596.4785 596.35 596.2095 596.252 596.2955 596.278 596.1665 596.2585 596.1844 596.18 596.3295 596.2095 596.148 596.191 596.0265 596.125 596.3845 596.7035 596.9814 597.076 597.439 597.6105 597.6605 598.0365 598.1345 598.2106 598.2072 598.2042 598.2004 598.1966 598.1927 598.1888 598.1858 598.1825 598.1804 598.1781 598.1755 598.1729 598.1735 598.1745 598.1702 598.1652 598.1647 598.1644 598.1641 598.1624 598.1581 598.1528 598.1475 598.1387 598.1322 598.1249 598.1166 598.1071 598.1007 598.0934 598.0868 598.082 598.0735 598.0688 598.0618 598.0582 598.056 598.0497
596.4075 596.2935 596.274 596.3745 596.3495 596.1885 596.071 596.0635 596.076 596.1585 596.26 596.2325 596.152 596.112 596.0236 596.108 596.1425 596.08 596.0545 596.0699 596.0965 596.0341 596.003 596.246 596.601 596.7005 597.0015 597.313 597.531 597.971 598.1718 598.1683 598.1653 598.1627 598.1607 598.1577 598.157 598.1556 598.1563 598.1573 598.1531 598.1492 598.1489 598.1486 598.1483 598.1462 598.1417 598.1364 598.131 598.1226 598.1161 598.1087 598.1005 598.0912 598.0849 598.0775 598.0712 598.0667 598.059 598.0535 598.0478 598.0451 598.0428 598.0354
596.2185 596.209 596.3156 596.2545 596.222 596.155 596.142 596.1315 596.19 596.1815 596.0815 596.17 596.1405 596.0905 596.1465 596.1325 596.029 596.1115 596.149 596.0925 595.984 596.065 596.0555 596.0465 595.97 595.9615 596.0425 595.9335 596.072 596.3805 596.8445 597.253 597.5765 598.144 598.1411 598.1391 598.1378 598.1383 598.1392 598.1402 598.1361 598.1334 598.1331 598.1328 598.1324 598.13 598.1252 598.1199 598.1146 598.1065 598.1 598.0925 598.0843 598.0751 598.0692 598.0616 598.0557 598.0511 598.0444 598.0382 598.0345 598.0319 598.0295 598.0222
596.123 596.128 596.169 596.0995 596.186 596.2495 596.1935 596.173 596.1795 596.1021 595.9895 596.028 596.1245 596.2345 596.2065 596.1035 596.0365 595.994 596.0355 596.0725 595.946 595.946 595.924 595.9225 595.8485 595.8965 596.0265 596.081 596.0675 596.01 595.932 595.87 595.842 596.4125 596.8715 597.589 598.1205 598.121 598.122 598.1223 598.1186 598.1176 598.1172 598.1169 598.1166 598.1138 598.1088 598.1035 598.0981 598.0904 598.0838 598.0764 598.0681 598.0591 598.0533 598.0458 598.0405 598.0355 598.0293 598.0229 598.0201 598.0183 598.0155 598.0093
596.242 596.141 596.085 596.1235 596.28 596.177 596.05 596.096 596.0925 596.0815 596.025 596.0675 596.1801 596.1265 596.0505 596.0445 596.193 596.078 596.015 596.0535 595.9935 596.024 595.967 596.0015 595.875 595.919 595.932 595.967 596.0025 595.938 595.827 595.9045 595.894 595.885 595.8735 595.863 596.4326 597.4665 598.1049 598.1047 598.1021 598.1017 598.1014 598.1011 598.1005 598.0976 598.0923 598.087 598.0817 598.0743 598.0677 598.0602 598.0519 598.0432 598.0375 598.0305 598.0252 598.0198 598.0148 598.0093 598.0065 598.0043 598.001 597.9961
596.177 596.218 596.161 596.1055 596.228 596.139 596.1295 596.2415 596.201 596.125 596.0515 596.056 596.1135 595.9415 595.917 596.0255 596.1475 596.053 596.0515 596.0395 595.98 596.0155 595.9565 596.0385 595.9415 596.0105 595.998 595.8455 595.8825 595.916 595.751 595.727 595.752 595.7625 595.7365 595.785 595.727 595.765 596.4189 597.5555 598.0862 598.0859 598.0856 598.0853 598.0843 598.0812 598.0759 598.0706 598.0652 598.0582 598.0516 598.0441 598.0358 598.0273 598.0218 598.0151 598.01 598.0043 598.0004 597.9957 597.9933 597.9908 597.9865 597.9832
596.0535 596.1 596.1455 596.0905 596.136 596.081 596.1895 596.134 596.107 596.0575 596.001 596.042 596.1345 596.025 595.9665 596.0115 596.0575 595.9985 596.148 596.0325 595.9675 596.004 595.894 595.9815 595.9065 595.906 596.0515 595.928 595.8645 595.9 595.7679 595.8095 595.867 595.8435 595.7315 595.819 595.744 595.747 595.83 595.7285 596.6005 597.8345 598.0698 598.0694 598.0681 598.0648 598.0594 598.0541 598.0488 598.0421 598.0355 598.0279 598.0197 598.0115 598.006 597.9998 597.9948 597.9897 597.986 597.9824 597.9802 597.9775 597.9731 597.9703
596.084 596.0325 596.104 596.0905 596.108 596.0804 596.1115 596.013 596.006 596.142 596.126 596.0955 596.1525 596.121 596.0605 595.956 596.0205 596.0475 596.113 595.96 595.9085 595.979 595.9185 595.87 595.8325 595.9025 595.9925 595.967 595.916 595.9365 595.837 595.857 595.896 595.8815 595.7665 595.705 595.631 595.7255 595.8325 595.81 595.7485 595.6955 596.5735 597.7635 598.0519 598.0483 598.043 598.0377 598.0324 598.0259 598.0193 598.0118 598.0037 597.9957 597.9902 597.9845 597.9797 597.9752 597.9707 597.9687 597.967 597.9644 597.9604 597.9573
596.0105 596.064 596.1305 596.12 596.064 596.1085 596.055 596.095 595.9325 596.0345 596.147 596.083 596.009 596.012 596.098 595.9935 596.004 596.0305 596.0015 595.952 595.894 595.9305 596.0795 595.962 595.896 595.9315 595.828 595.907 595.896 595.882 595.845 595.7965 595.8035 595.823 595.853 595.788 595.6115 595.7065 595.7515 595.695 595.729 595.673 595.712 595.658 596.1005 596.5735 596.997 597.702 597.759 598.0105 598.0032 597.9956 597.9876 597.9799 597.9744 597.9692 597.9646 597.9606 597.9569 597.955 597.9536 597.9511 597.9474 597.9445
596.0565 596.173 596.172 596.161 596.087 596.0875 596.099 596.094 595.9235 595.975 596.0594 595.9755 595.8985 595.9495 596.083 596.101 596.0245 595.924 595.9485 596.106 596.034 595.987 596.0875 595.9565 595.851 595.8605 595.749 595.782 595.782 595.707 595.7785 595.9445 595.8795 595.711 595.746 595.8255 595.6985 595.756 595.7415 595.624 595.644 595.6485 595.686 595.629 595.7405 595.598 595.4685 595.577 595.629 595.446 595.53 595.569 595.4969 595.9045 596.2185 596.631 597.669 597.9461 597.9436 597.9416 597.9395 597.9378 597.9344 597.9315
596.065 596.1145 596.0155 596.105 596.04 596.044 596.2005 596.0935 595.967 596.0179 596.079 596.0615 595.939 595.99 596.051 596.036 595.975 596.0081 595.9035 595.994 595.9855 595.9705 596.0095 595.947 595.817 595.86 595.7985 595.833 595.916 595.8051 595.804 595.8325 595.8655 595.795 595.6835 595.765 595.752 595.738 595.7055 595.652 595.588 595.626 595.6625 595.604 595.6885 595.578 595.5095 595.5455 595.632 595.514 595.56 595.535 595.474 595.5045 595.3315 595.4255 595.5325 595.4745 596.6415 597.9284 597.9255 597.924 597.9216 597.9186
596.027 596.095 596.0485 596.006 595.9725 596.0629 596.0884 596.073 596.032 596.0675 596.0745 595.995 595.9405 596.037 596.083 596.078 596.032 596.0545 595.948 595.9355 595.926 595.864 595.9005 595.938 595.825 595.904 595.869 595.845 595.877 595.851 595.8165 595.724 595.7545 595.7865 595.619 595.6395 595.6415 595.561 595.6365 595.7495 595.6584 595.625 595.59 595.5795 595.719 595.6675 595.5725 595.582 595.6685 595.6495 595.603 595.491 595.4895 595.4685 595.289 595.3856 595.438 595.266 595.2915 595.3905 596.728 597.9114 597.9086 597.9057
595.9595 596.0575 596.2175 596.109 596.0495 596.095 595.9315 596.0265 596.1219 596.0255 596.014 596.004 596.0209 595.9905 595.9975 596.0245 596.0145 596.005 595.993 595.979 596.0145 595.957 595.8955 595.9315 595.8065 595.853 595.9055 595.8785 595.751 595.794 595.844 595.812 595.7475 595.7775 595.5975 595.6865 595.7715 595.659 595.71 595.6835 595.616 595.6415 595.468 595.5575 595.709 595.587 595.468 595.543 595.531 595.5125 595.4301 595.4215 595.567 595.4425 595.2595 595.3525 595.441 595.3315 595.388 595.3774 595.3354 595.388 596.3955 597.894
596.021 596.0165 596.1605 596.1655 596.087 596.0341 595.9585 596.0945 596.1915 596.1365 596.1115 596.121 596.096 596.1025 596.0265 595.9255 595.8985 595.905 595.8781 595.9379 595.9175 596.005 595.919 595.9085 595.8695 595.9455 595.959 595.8085 595.7865 595.9025 595.884 595.86 595.8085 595.7755 595.5945 595.684 595.783 595.751 595.756 595.656 595.6169 595.6155 595.5035 595.5435 595.65 595.5495 595.486 595.429 595.3555 595.374 595.359 595.346 595.4805 595.464 595.2955 595.326 595.4245 595.348 595.3485 595.319 595.3375 595.327 595.2865 595.3865
596.185 596.084 596.093 596.1185 596.097 596.053 596.063 596.0891 596.132 596.081 596.021 596.0615 596.0045 596.043 595.9835 596.0185 595.96 595.9955 595.938 595.974 595.869 595.95 595.874 595.8745 595.9085 595.8573 595.8812 595.82 595.8685 595.841 595.7265 595.8005 595.8345 595.772 595.589 595.679 595.7125 595.6485 595.6745 595.609 595.6365 595.5725 595.5985 595.536 595.565 595.4975 595.637 595.51 595.3225 595.411 595.489 595.381 595.3785 595.3905 595.3025 595.3 595.379 595.2745 595.2115 595.2445 595.3975 595.285 595.1825 595.2685
596.1505 596.1915 596.15 595.9685 596.044 596.222 596.1295 595.9351 596.0235 596.129 596.091 596.1115 596.0735 596.046 595.947 595.9535 595.9505 596.0015 595.9035 595.955 595.907 595.9045 595.8805 595.941 595.9215 595.7985 595.9135 595.9789 595.9765 595.8385 595.7045 595.7495 595.7576 595.7426 595.6775 595.7455 595.7585 595.6625 595.6135 595.5545 595.5635 595.563 595.629 595.595 595.6025 595.507 595.572 595.5455 595.3785 595.4025 595.496 595.461 595.4015 595.213 595.1775 595.279 595.414 595.362 595.2595 595.234 595.2705 595.2205 595.1695 595.1255
