COS0=(0.6531148480081548, 1.0, -136.0, MASK0)
COS1=(1.069795219611903, 2.0, 22.0, MASK0)
COS2=(0.33271906547758795, 3.0, -16.0, MASK0)
COS3=(0.36731655562256116, 4.0, -8.0, MASK0)
COS4=(0.5859132353129878, 5.0, 6.0, MASK0)
COS5=(0.1444487227355002, 6.0, -16.0, MASK0)
COS6=(0.3542838012771037, 7.0, 18.0, MASK0)
COS7=(0.37664511621884084, 8.0, -18.0, MASK0)
COS8=(0.35007579216062096, 8.5, -8.0, MASK0)
COS9=(0.15322304963518762, 10.0, 16.0, MASK0)
COS10=(0.13693069788006323, 11.0, -4.0, MASK0)
COS11=(0.10906189624510623, 12.0, -4.0, MASK0)
COS12=(0.01880217014660908, 13.0, -2.0, MASK0)
COS13=(0.06859949891970658, 14.0, -2.0, MASK0)
COS14=(0.02429883859409253, 15.0, -2.0, MASK0)
COS15=(0.009918641545446263, 16.0, -2.0, MASK0)
COS16=(0.09779243157359066, 17.0, 10.0, MASK0)
COS17=(0.0071846075411108766, 17.5, -6.0, MASK0)
COS18=(0.04664234358941246, 19.0, -2.0, MASK0)
COS19=(0.04006379912947408, 20.0, 8.0, MASK0)
COS20=(0.0652114178054538, 20.5, -2.0, MASK0)
COS21=(0.0071846075411108965, 17.5, -6.0, MASK0)
COS22=(0.09779243157359073, 17.0, 10.0, MASK0)
COS23=(0.009918641545446284, 16.0, -2.0, MASK0)
COS24=(0.024298838594092532, 15.0, -2.0, MASK0)
COS25=(0.06859949891970661, 14.0, -2.0, MASK0)
COS26=(0.018802170146609003, 13.0, -2.0, MASK0)
COS27=(0.10906189624510623, 12.0, -4.0, MASK0)
COS28=(0.13693069788006318, 11.0, -4.0, MASK0)
COS29=(0.15322304963518762, 10.0, 16.0, MASK0)
COS30=(0.350075792160621, 8.5, -8.0, MASK0)
COS31=(0.3766451162188409, 8.0, -18.0, MASK0)
COS32=(0.35428380127710374, 7.0, 18.0, MASK0)
COS33=(0.14444872273550013, 6.0, -16.0, MASK0)
COS34=(0.5859132353129879, 5.0, 6.0, MASK0)
COS35=(0.36731655562256116, 4.0, -8.0, MASK0)
COS36=(0.33271906547758795, 3.0, -16.0, MASK0)
COS37=(1.069795219611903, 2.0, 22.0, MASK0)
COS38=(0.6531148480081548, 1.0, -136.0, MASK0)
