samples/sfe_2248/sfe_2248_c4/sfe_2248_c4/sfe_2248_c4.asc
ncols         187
nrows         82
xllcorner     100
yllcorner     83.60000000149
cellsize      0.4
NODATA_value  -9999
[rows 29 to 57 of 82, columns 0 to 65 of 187]
602.3549 602.331 602.326 602.2714 602.1892 602.1846 602.1796 602.1746 602.1686 602.1636 602.1586 602.1536 602.1486 602.1436 602.1385 602.1336 602.1286 602.1232 602.1954 602.24 602.235 602.2294 602.289 602.3297 602.3246 602.3196 602.3151 602.3643 602.4022 602.3972 602.3922 602.3872 602.3817 602.4225 602.459 602.454 602.448 602.4431 602.438 602.433 602.3875 602.3367 602.3312 602.3262 602.3212 602.3162 602.3112 602.3062 602.3012 602.2962 602.2902 602.2852 602.2802 602.2752 602.2702 602.2653 602.2651 602.342 602.337 602.332 602.327 602.322 602.317 602.312 602.306 602.301
601.9862 601.9377 601.9327 601.878 601.7747 601.7631 601.7581 601.7531 601.7471 601.7421 601.7371 601.7321 601.7271 601.7222 601.7172 601.7122 601.7072 601.7087 601.802 601.8467 601.8417 601.8361 601.9203 601.9609 601.9559 601.9509 601.9462 602.0173 602.0552 602.0502 602.0452 602.0402 602.0348 602.0947 602.1312 602.1262 602.1202 602.1152 602.1102 602.1052 602.0598 601.9895 601.9842 601.9792 601.9742 601.9692 601.9642 601.9592 601.9542 601.9492 601.9432 601.9382 601.9332 601.9282 601.9232 601.9182 601.9373 602.0142 602.0092 602.0042 601.9992 601.9942 601.9892 601.9842 601.9782 601.9732
601.6174 601.5443 601.5393 601.4847 601.3813 601.3417 601.3367 601.3317 601.3257 601.3207 601.3157 601.3107 601.3057 601.3007 601.2957 601.2907 601.2857 601.3154 601.4087 601.4533 601.4483 601.4644 601.5515 601.5921 601.5871 601.5821 601.5884 601.6702 601.7081 601.7031 601.6981 601.6931 601.69 601.767 601.8035 601.7985 601.7925 601.7875 601.7825 601.7775 601.732 601.645 601.6371 601.6321 601.6271 601.6221 601.6171 601.6121 601.6071 601.6021 601.5961 601.5911 601.5861 601.5811 601.5761 601.5711 601.6095 601.6865 601.6815 601.6765 601.6714 601.6664 601.6614 601.6564 601.6505 601.6454
601.2487 601.151 601.146 601.141 601.136 601.015 601.008 601 600.993 600.985 600.978 600.971 600.964 600.957 600.949 600.942 600.935 601.07 601.065 601.06 601.055 601.0956 601.1828 601.2234 601.2184 601.2134 601.2414 601.3232 601.361 601.356 601.3511 601.3461 601.3622 601.4392 601.4756 601.4707 601.4647 601.4597 601.4547 601.4497 601.4042 601.3173 601.29 601.285 601.28 601.275 601.27 601.2651 601.2601 601.2551 601.249 601.244 601.2391 601.2341 601.2291 601.2241 601.2817 601.3587 601.3537 601.3487 601.3437 601.3387 601.3337 601.3286 601.3226 601.3177
600.951 600.94 600.93 600.827 600.817 600.807 600.706 600.696 600.687 600.678 600.669 600.661 600.652 600.643 600.634 600.626 600.706 600.697 600.687 600.766 600.757 600.747 600.737 600.727 600.876 600.869 601.024 601.019 601.014 601.009 601.004 600.999 601.0345 601.1115 601.1479 601.1429 601.1369 601.1319 601.1269 601.1219 601.0764 600.9894 600.943 600.938 600.933 600.928 600.923 600.918 600.913 600.908 600.902 600.897 600.892 600.887 600.882 600.877 600.954 601.0309 601.0259 601.0209 601.0159 601.0109 601.0059 601.0009 600.9949 600.9899
600.768 600.675 600.664 600.565 600.56 600.551 600.541 600.532 600.523 600.515 600.507 600.498 600.49 600.482 600.474 600.466 600.458 600.45 600.52 600.511 600.502 600.572 600.562 600.553 600.544 600.534 600.525 600.602 600.592 600.668 600.658 600.648 600.639 600.629 600.619 600.609 600.598 600.588 600.578 600.568 600.558 600.548 600.538 600.528 600.518 600.508 600.498 600.488 600.478 600.468 600.458 600.447 600.437 600.427 600.417 600.406 600.396 600.385 600.374 600.363 600.352 600.341 600.33 600.319 600.308 600.296
600.453 600.447 600.436 600.425 600.415 600.405 600.396 600.387 600.379 600.371 600.301 600.293 600.348 600.34 600.333 600.325 600.318 600.31 600.302 600.294 600.285 600.346 600.337 600.328 600.388 600.379 600.369 600.36 600.35 600.341 600.331 600.322 600.312 600.379 600.37 600.36 600.35 600.34 600.33 600.32 600.233 600.223 600.214 600.204 600.194 600.184 600.174 600.164 600.154 600.144 600.134 600.124 600.113 600.103 600.092 600.081 600.07 600.136 600.124 600.112 600.1 600.088 600.076 600.063 600.05 600.037
600.334 600.322 600.31 600.299 600.289 600.226 600.217 600.209 600.201 600.193 600.186 600.179 600.172 600.165 600.159 600.152 600.144 600.189 600.181 600.173 600.165 600.157 600.149 600.14 600.131 600.182 600.173 600.164 600.209 600.205 600.195 600.186 600.176 600.167 600.157 600.147 600.137 600.128 600.118 600.108 600.098 600.088 600.078 600.068 600.059 600.049 600.039 600.029 600.019 600.009 599.999 599.989 599.978 599.968 599.957 599.946 599.935 599.923 599.911 599.898 599.885 599.872 599.858 599.844 599.83 599.816
600.228 600.172 600.16 600.149 600.139 600.129 600.12 600.065 600.061 600.054 600.047 600.041 600.034 600.028 600.064 600.058 600.051 600.044 600.037 600.029 600.022 600.056 600.047 600.039 600.031 600.022 600.013 600.004 599.995 599.986 599.977 599.968 599.959 599.949 599.94 599.93 599.921 599.911 599.901 599.891 599.882 599.872 599.862 599.852 599.842 599.833 599.823 599.813 599.803 599.793 599.783 599.773 599.763 599.752 599.741 599.729 599.718 599.705 599.692 599.679 599.665 599.701 599.687 599.672 599.657 599.641
600.067 600.061 600.049 600.037 600.027 600.018 600.009 600.001 599.994 599.987 599.98 599.974 599.968 599.962 599.956 599.95 599.943 599.937 599.93 599.923 599.916 599.94 599.932 599.924 599.916 599.908 599.899 599.922 599.913 599.904 599.895 599.886 599.877 599.868 599.858 599.849 599.839 599.83 599.82 599.81 599.8 599.791 599.781 599.771 599.761 599.751 599.742 599.732 599.722 599.712 599.702 599.692 599.682 599.671 599.66 599.648 599.636 599.624 599.61 599.597 599.583 599.568 599.553 599.537 599.521 599.505
600.026 600.013 600 599.989 599.979 599.969 599.961 599.953 599.946 599.939 599.932 599.926 599.92 599.915 599.909 599.903 599.897 599.89 599.883 599.877 599.869 599.862 599.854 599.846 599.838 599.83 599.822 599.813 599.804 599.795 599.786 599.777 599.768 599.759 599.75 599.74 599.731 599.721 599.711 599.702 599.692 599.682 599.673 599.663 599.653 599.643 599.634 599.624 599.614 599.604 599.594 599.584 599.574 599.563 599.552 599.54 599.528 599.515 599.501 599.487 599.473 599.457 599.441 599.425 599.409 599.392
599.997 599.979 599.966 599.955 599.945 599.935 599.927 599.919 599.912 599.905 599.899 599.893 599.887 599.882 599.876 599.87 599.864 599.858 599.851 599.844 599.837 599.834 599.827 599.819 599.811 599.803 599.794 599.786 599.777 599.768 599.759 599.75 599.741 599.732 599.723 599.713 599.704 599.694 599.684 599.675 599.665 599.655 599.646 599.636 599.626 599.616 599.607 599.597 599.587 599.577 599.567 599.557 599.547 599.536 599.525 599.513 599.501 599.488 599.474 599.46 599.445 599.43 599.414 599.397 599.381 599.363
599.997 599.979 599.966 599.955 599.945 599.935 599.927 599.919 599.912 599.905 599.899 599.893 599.887 599.882 599.876 599.87 599.864 599.858 599.851 599.844 599.837 599.834 599.827 599.819 599.811 599.803 599.794 599.786 599.777 599.768 599.759 599.75 599.741 599.732 599.723 599.713 599.704 599.694 599.684 599.675 599.665 599.655 599.646 599.636 599.626 599.616 599.607 599.597 599.587 599.577 599.567 599.557 599.547 599.536 599.525 599.513 599.501 599.488 599.474 599.46 599.445 599.43 599.414 599.397 599.381 599.363
600.026 600.013 600 599.989 599.979 599.969 599.961 599.953 599.946 599.939 599.932 599.926 599.92 599.915 599.909 599.903 599.897 599.89 599.883 599.877 599.869 599.862 599.854 599.846 599.838 599.83 599.822 599.813 599.804 599.795 599.786 599.777 599.768 599.759 599.75 599.74 599.731 599.721 599.711 599.702 599.692 599.682 599.673 599.663 599.653 599.643 599.634 599.624 599.614 599.604 599.594 599.584 599.574 599.563 599.552 599.54 599.528 599.515 599.501 599.487 599.473 599.457 599.441 599.425 599.409 599.392
600.067 600.061 600.049 600.037 600.027 600.018 600.009 600.001 599.994 599.987 599.98 599.974 599.968 599.962 599.956 599.95 599.943 599.937 599.93 599.923 599.916 599.94 599.932 599.924 599.916 599.908 599.899 599.922 599.913 599.904 599.895 599.886 599.877 599.868 599.858 599.849 599.839 599.83 599.82 599.81 599.8 599.791 599.781 599.771 599.761 599.751 599.742 599.732 599.722 599.712 599.702 599.692 599.682 599.671 599.66 599.648 599.636 599.624 599.61 599.597 599.583 599.568 599.553 599.537 599.521 599.505
600.228 600.172 600.16 600.149 600.139 600.129 600.12 600.065 600.061 600.054 600.047 600.041 600.034 600.028 600.064 600.058 600.051 600.044 600.037 600.029 600.022 600.056 600.047 600.039 600.031 600.022 600.013 600.004 599.995 599.986 599.977 599.968 599.959 599.949 599.94 599.93 599.921 599.911 599.901 599.891 599.882 599.872 599.862 599.852 599.842 599.833 599.823 599.813 599.803 599.793 599.783 599.773 599.763 599.752 599.741 599.729 599.718 599.705 599.692 599.679 599.665 599.701 599.687 599.672 599.657 599.641
600.334 600.322 600.31 600.299 600.289 600.226 600.217 600.209 600.201 600.193 600.186 600.179 600.172 600.165 600.159 600.152 600.144 600.189 600.181 600.173 600.165 600.157 600.149 600.14 600.131 600.182 600.173 600.164 600.209 600.205 600.195 600.186 600.176 600.167 600.157 600.147 600.137 600.128 600.118 600.108 600.098 600.088 600.078 600.068 600.059 600.049 600.039 600.029 600.019 600.009 599.999 599.989 599.978 599.968 599.957 599.946 599.935 599.923 599.911 599.898 599.885 599.872 599.858 599.844 599.83 599.816
600.453 600.447 600.436 600.425 600.415 600.405 600.396 600.387 600.379 600.371 600.301 600.293 600.348 600.34 600.333 600.325 600.318 600.31 600.302 600.294 600.285 600.346 600.337 600.328 600.388 600.379 600.369 600.36 600.35 600.341 600.331 600.322 600.312 600.379 600.37 600.36 600.35 600.34 600.33 600.32 600.233 600.223 600.214 600.204 600.194 600.184 600.174 600.164 600.154 600.144 600.134 600.124 600.113 600.103 600.092 600.081 600.07 600.136 600.124 600.112 600.1 600.088 600.076 600.063 600.05 600.037
600.768 600.675 600.664 600.565 600.56 600.551 600.541 600.532 600.523 600.515 600.507 600.498 600.49 600.482 600.474 600.466 600.458 600.45 600.52 600.511 600.502 600.572 600.562 600.553 600.544 600.534 600.525 600.602 600.592 600.668 600.658 600.648 600.639 600.629 600.619 600.609 600.598 600.588 600.578 600.568 600.558 600.548 600.538 600.528 600.518 600.508 600.498 600.488 600.478 600.468 600.458 600.447 600.437 600.427 600.417 600.406 600.396 600.385 600.374 600.363 600.352 600.341 600.33 600.319 600.308 600.296
600.951 600.94 600.93 600.827 600.817 600.807 600.706 600.696 600.687 600.678 600.669 600.661 600.652 600.643 600.634 600.626 600.706 600.697 600.687 600.766 600.757 600.747 600.737 600.727 600.876 600.869 601.024 601.019 601.014 601.009 601.004 600.999 601.0345 601.1115 601.1479 601.1429 601.1369 601.1319 601.1269 601.1219 601.0764 600.9894 600.943 600.938 600.933 600.928 600.923 600.918 600.913 600.908 600.902 600.897 600.892 600.887 600.882 600.877 600.954 601.0309 601.0259 601.0209 601.0159 601.0109 601.0059 601.0009 600.9949 600.9899
601.2487 601.151 601.146 601.141 601.136 601.015 601.008 601 600.993 600.985 600.978 600.971 600.964 600.957 600.949 600.942 600.935 601.07 601.065 601.06 601.055 601.0956 601.1828 601.2234 601.2184 601.2134 601.2414 601.3232 601.361 601.356 601.3511 601.3461 601.3622 601.4392 601.4757 601.4706 601.4647 601.4597 601.4547 601.4496 601.4042 601.3173 601.29 601.285 601.28 601.275 601.27 601.2651 601.2601 601.2551 601.249 601.244 601.2391 601.2341 601.2291 601.2241 601.2817 601.3586 601.3536 601.3486 601.3436 601.3386 601.3336 601.3287 601.3227 601.3176
601.6174 601.5443 601.5393 601.4847 601.3813 601.3417 601.3367 601.3317 601.3257 601.3207 601.3157 601.3107 601.3057 601.3007 601.2957 601.2907 601.2857 601.3154 601.4087 601.4533 601.4483 601.4644 601.5515 601.5921 601.5871 601.5821 601.5884 601.6702 601.7081 601.7031 601.6981 601.6931 601.69 601.767 601.8035 601.7985 601.7925 601.7875 601.7825 601.7775 601.732 601.645 601.6371 601.6321 601.6271 601.6221 601.6171 601.6121 601.6071 601.6021 601.5961 601.5911 601.5861 601.5811 601.5761 601.5711 601.6095 601.6865 601.6815 601.6765 601.6714 601.6664 601.6614 601.6564 601.6505 601.6454
601.9862 601.9377 601.9327 601.878 601.7747 601.7631 601.7581 601.7531 601.7471 601.7421 601.7371 601.7321 601.7271 601.7222 601.7172 601.7122 601.7072 601.7087 601.802 601.8467 601.8417 601.8361 601.9203 601.9609 601.9559 601.9509 601.9462 602.0173 602.0552 602.0502 602.0452 602.0402 602.0348 602.0947 602.1312 602.1262 602.1202 602.1152 602.1102 602.1052 602.0598 601.9895 601.9842 601.9792 601.9742 601.9692 601.9642 601.9592 601.9542 601.9492 601.9432 601.9382 601.9332 601.9282 601.9232 601.9182 601.9373 602.0142 602.0092 602.0042 601.9992 601.9942 601.9892 601.9842 601.9782 601.9732
602.3549 602.331 602.326 602.2714 602.1892 602.1846 602.1796 602.1746 602.1686 602.1636 602.1586 602.1536 602.1486 602.1436 602.1385 602.1336 602.1286 602.1232 602.1954 602.24 602.235 602.2294 602.289 602.3297 602.3246 602.3196 602.3151 602.3643 602.4022 602.3972 602.3922 602.3872 602.3817 602.4225 602.459 602.454 602.448 602.443 602.438 602.433 602.3875 602.3367 602.3312 602.3262 602.3212 602.3162 602.3112 602.3062 602.3012 602.2962 602.2902 602.2852 602.2802 602.2752 602.2702 602.2653 602.2651 602.342 602.337 602.332 602.327 602.322 602.317 602.312 602.306 602.301
602.7298 602.7244 602.7194 602.6647 602.6105 602.606 602.601 602.5959 602.59 602.585 602.58 602.575 602.5699 602.565 602.56 602.5551 602.55 602.5445 602.5887 602.6334 602.6284 602.6229 602.6578 602.6984 602.6934 602.6884 602.6838 602.7114 602.7493 602.7443 602.7393 602.7343 602.7289 602.7503 602.7868 602.7818 602.7758 602.7708 602.7658 602.7608 602.7153 602.6837 602.6783 602.6733 602.6683 602.6633 602.6583 602.6533 602.6483 602.6433 602.6373 602.6323 602.6273 602.6223 602.6173 602.6123 602.6071 602.6698 602.6648 602.6598 602.6548 602.6498 602.6448 602.6398 602.6338 602.6288
603.123 603.1177 603.1127 603.058 603.032 603.0274 603.0224 603.0174 603.0114 603.0064 603.0014 602.9964 602.9914 602.9865 602.9814 602.9764 602.9714 602.9661 602.982 603.0267 603.0217 603.0164 603.0266 603.0671 603.0621 603.0571 603.0524 603.0585 603.0963 603.0913 603.0864 603.0814 603.076 603.0781 603.1146 603.1096 603.1035 603.0986 603.0936 603.0886 603.0431 603.0306 603.0253 603.0203 603.0153 603.0103 603.0053 603.0004 602.9954 602.9904 602.9843 602.9793 602.9744 602.9694 602.9644 602.9594 602.954 602.9976 602.9926 602.9875 602.9825 602.9775 602.9725 602.9675 602.9615 602.9565
603.5162 603.511 603.506 603.4584 603.4536 603.4489 603.4438 603.4388 603.4329 603.4279 603.4229 603.4178 603.4128 603.4078 603.4028 603.3979 603.3929 603.3876 603.3824 603.42 603.415 603.4098 603.4044 603.4359 603.4309 603.4259 603.4211 603.4163 603.4434 603.4384 603.4334 603.4284 603.4232 603.418 603.4424 603.4373 603.4313 603.4263 603.4213 603.4163 603.3828 603.3776 603.3724 603.3674 603.3624 603.3574 603.3524 603.3474 603.3424 603.3374 603.3314 603.3264 603.3214 603.3164 603.3114 603.3065 603.3012 603.3253 603.3203 603.3153 603.3103 603.3053 603.3003 603.2953 603.2894 603.2843
603.9094 603.9044 603.8994 603.8801 603.8752 603.8703 603.8653 603.8603 603.8543 603.8493 603.8443 603.8393 603.8343 603.8293 603.8243 603.8193 603.8143 603.8092 603.8041 603.8134 603.8083 603.8033 603.7975 603.8046 603.7996 603.7946 603.7897 603.7847 603.7905 603.7855 603.7805 603.7755 603.7704 603.7654 603.7701 603.7651 603.7591 603.7542 603.7491 603.7441 603.7296 603.7245 603.7195 603.7145 603.7095 603.7045 603.6995 603.6945 603.6895 603.6844 603.6785 603.6735 603.6685 603.6635 603.6584 603.6535 603.6484 603.6531 603.6481 603.6431 603.6381 603.6331 603.6281 603.6231 603.6171 603.6121
604.126 604.121 604.116 604.111 604.106 604.101 604.096 604.091 604.085 604.08 604.075 604.07 604.065 604.06 604.055 604.05 604.045 604.04 604.035 604.03 604.025 604.02 604.014 604.009 604.004 603.999 603.994 603.989 603.984 603.979 603.974 603.969 603.964 603.959 603.954 603.949 603.943 603.938 603.933 603.928 603.923 603.918 603.913 603.908 603.903 603.898 603.893 603.888 603.883 603.878 603.872 603.867 603.862 603.857 603.852 603.847 603.842 603.837 603.832 603.827 603.822 603.817 603.812 603.807 603.801 603.796
