samples/sfe_2248/sfe_2248_c4/sfe_2248_c4/sfe_2248_c4.asc
ncols         187
nrows         82
xllcorner     100
yllcorner     83.60000000149
cellsize      0.4
NODATA_value  -9999
[rows 29 to 57 of 82, columns 66 to 131 of 187]
602.296 602.291 602.286 602.281 602.276 602.271 602.2661 602.261 602.256 602.251 602.246 602.2401 602.235 602.23 602.225 602.22 602.215 602.2104 602.2435 602.2776 602.2726 602.2676 602.2626 602.2576 602.2526 602.2466 602.2416 602.2366 602.2316 602.2266 602.2216 602.2166 602.2116 602.2066 602.2016 602.1966 602.1916 602.1866 602.1423 602.0984 602.093 602.088 602.0829 602.078 602.073 602.068 602.063 602.0165 601.9658 601.9612 601.9562 601.9512 601.9462 601.9402 601.9352 601.9302 601.9252 601.9202 601.9152 601.9102 601.9052 601.9002 601.8952 601.8903 601.8853 601.8802
601.9682 601.9632 601.9582 601.9532 601.9482 601.9432 601.9382 601.9332 601.9282 601.9232 601.9182 601.9122 601.9072 601.9022 601.8972 601.8922 601.8872 601.8826 601.933 601.9671 601.9621 601.9571 601.9521 601.9471 601.9421 601.9361 601.9311 601.9261 601.9211 601.9161 601.9111 601.9061 601.9011 601.8961 601.8911 601.8861 601.8811 601.8761 601.8318 601.7708 601.7652 601.7602 601.7552 601.7502 601.7452 601.7402 601.7352 601.6888 601.6188 601.6142 601.6092 601.6042 601.5992 601.5932 601.5882 601.5832 601.5782 601.5732 601.5682 601.5632 601.5582 601.5532 601.5482 601.5432 601.5382 601.5332
601.6404 601.6354 601.6304 601.6255 601.6205 601.6155 601.6105 601.6055 601.6005 601.5955 601.5905 601.5845 601.5795 601.5745 601.5695 601.5645 601.5594 601.5547 601.6225 601.6566 601.6516 601.6466 601.6416 601.6366 601.6316 601.6255 601.6206 601.6156 601.6106 601.6056 601.6006 601.5956 601.5906 601.5856 601.5806 601.5756 601.5706 601.5656 601.5212 601.443 601.4374 601.4324 601.4274 601.4225 601.4175 601.4125 601.4075 601.361 601.274 601.2671 601.2621 601.2571 601.2521 601.2461 601.2411 601.2361 601.2311 601.2261 601.2211 601.2161 601.2111 601.2061 601.2011 601.1961 601.1911 601.1861
601.3126 601.3077 601.3027 601.2977 601.2927 601.2877 601.2827 601.2776 601.2727 601.2677 601.2627 601.2567 601.2516 601.2466 601.2416 601.2367 601.2317 601.2398 601.312 601.346 601.341 601.3361 601.3311 601.326 601.321 601.315 601.3101 601.3051 601.3 601.295 601.29 601.285 601.28 601.275 601.27 601.265 601.26 601.255 601.2107 601.1281 601.1097 601.1047 601.0996 601.0947 601.0897 601.0847 601.0797 601.0332 600.9463 600.92 600.915 600.91 600.905 600.899 600.894 600.889 600.884 600.879 600.874 600.869 600.8641 600.8591 600.8541 600.8491 600.8441 600.8391
600.9849 600.9799 600.9749 600.9699 600.9649 600.9599 600.9549 600.9499 600.9449 600.9399 600.9349 600.9289 600.9239 600.9189 600.9139 600.9089 600.9039 600.9293 601.0015 601.0355 601.0305 601.0256 601.0206 601.0156 601.0106 601.0045 600.9996 600.9946 600.9896 600.9846 600.9796 600.9745 600.9695 600.9645 600.9595 600.9545 600.9495 600.9445 600.9002 600.8176 600.7819 600.7769 600.7719 600.7669 600.7619 600.7569 600.7519 600.7054 600.6185 600.573 600.568 600.563 600.558 600.552 600.547 600.542 600.537 600.532 600.527 600.522 600.517 600.512 600.507 600.502 600.497 600.492
600.285 600.274 600.262 600.251 600.24 600.228 600.217 600.206 600.195 600.184 600.174 600.163 600.152 600.141 600.44 600.432 600.424 600.735 600.73 600.725 600.72 600.715 600.71 600.705 600.7 600.694 600.689 600.684 600.679 600.674 600.669 600.664 600.659 600.654 600.649 600.644 600.639 600.634 600.629 600.623 600.238 600.231 599.841 599.833 599.825 599.817 599.809 599.8 599.792 599.783 599.774 599.765 599.755 599.655 599.646 599.637 599.628 599.619 599.61 599.601 599.592 599.584 599.576 599.654 599.645 599.636
600.024 600.011 599.998 599.985 599.973 599.96 600.031 600.019 600.007 599.996 599.984 599.973 599.962 599.95 599.939 599.927 599.915 599.903 599.891 599.879 599.866 599.854 599.841 599.828 599.815 599.802 599.789 599.776 599.764 599.752 599.741 599.73 599.719 599.71 599.701 599.692 599.684 599.677 599.67 599.663 599.657 599.651 599.645 599.639 599.633 599.541 599.535 599.529 599.439 599.433 599.426 599.418 599.41 599.402 599.394 599.386 599.378 599.37 599.362 599.354 599.347 599.34 599.333 599.326 599.32 599.313
599.801 599.787 599.773 599.759 599.745 599.731 599.717 599.704 599.691 599.678 599.666 599.653 599.641 599.629 599.616 599.603 599.59 599.577 599.563 599.626 599.612 599.598 599.583 599.569 599.634 599.62 599.606 599.592 599.579 599.566 599.554 599.543 599.532 599.523 599.514 599.425 599.418 599.412 599.327 599.323 599.32 599.317 599.314 599.312 599.309 599.305 599.302 599.297 599.292 599.287 599.281 599.274 599.267 599.259 599.252 599.182 599.175 599.167 599.16 599.154 599.147 599.201 599.195 599.19 599.184 599.179
599.626 599.611 599.595 599.58 599.565 599.55 599.536 599.522 599.508 599.495 599.482 599.469 599.456 599.491 599.485 599.472 599.458 599.444 599.43 599.415 599.4 599.384 599.368 599.352 599.336 599.32 599.304 599.288 599.274 599.26 599.247 599.235 599.225 599.215 599.207 599.201 599.195 599.191 599.188 599.185 599.183 599.182 599.123 599.123 599.121 599.12 599.118 599.061 599.057 599.053 599.049 599.043 599.037 599.03 599.023 599.016 599.009 599.003 598.996 598.99 598.985 598.98 598.975 598.971 598.967 598.963
599.489 599.472 599.456 599.44 599.424 599.409 599.394 599.379 599.365 599.351 599.337 599.324 599.31 599.297 599.283 599.269 599.255 599.24 599.225 599.209 599.192 599.175 599.158 599.14 599.123 599.105 599.088 599.071 599.056 599.041 599.027 599.015 599.005 598.995 598.988 598.982 598.978 598.975 598.973 598.973 598.973 598.973 598.974 598.974 598.975 598.974 598.974 598.972 598.969 598.966 598.961 598.956 598.951 598.944 598.938 598.931 598.925 598.918 598.912 598.906 598.901 598.897 598.893 598.889 598.886 598.883
599.375 599.358 599.341 599.324 599.308 599.292 599.276 599.261 599.246 599.232 599.218 599.204 599.19 599.176 599.187 599.173 599.158 599.143 599.127 599.111 599.094 599.076 599.058 599.04 599.022 599.003 598.986 598.968 598.952 598.937 598.923 598.911 598.9 598.891 598.884 598.879 598.875 598.872 598.871 598.872 598.873 598.874 598.85 598.852 598.853 598.854 598.854 598.853 598.852 598.849 598.845 598.841 598.836 598.83 598.824 598.817 598.811 598.805 598.8 598.795 598.79 598.786 598.783 598.78 598.777 598.775
599.346 599.329 599.312 599.295 599.279 599.263 599.247 599.232 599.217 599.202 599.188 599.174 599.16 599.146 599.132 599.117 599.102 599.087 599.071 599.054 599.037 599.019 599 598.982 598.963 598.944 598.926 598.909 598.892 598.877 598.863 598.85 598.84 598.831 598.824 598.818 598.815 598.813 598.813 598.813 598.815 598.817 598.819 598.821 598.823 598.824 598.824 598.824 598.822 598.82 598.816 598.812 598.807 598.801 598.795 598.789 598.783 598.777 598.772 598.767 598.762 598.759 598.755 598.753 598.75 598.748
599.346 599.329 599.312 599.295 599.279 599.263 599.247 599.232 599.217 599.202 599.188 599.174 599.16 599.146 599.132 599.117 599.102 599.087 599.071 599.054 599.037 599.019 599 598.982 598.963 598.944 598.926 598.909 598.892 598.877 598.863 598.85 598.84 598.831 598.824 598.818 598.815 598.813 598.813 598.813 598.815 598.817 598.819 598.821 598.823 598.824 598.824 598.824 598.822 598.82 598.816 598.812 598.807 598.801 598.795 598.789 598.783 598.777 598.772 598.767 598.762 598.759 598.755 598.753 598.75 598.748
599.375 599.358 599.341 599.324 599.308 599.292 599.276 599.261 599.246 599.232 599.218 599.204 599.19 599.176 599.187 599.173 599.158 599.143 599.127 599.111 599.094 599.076 599.058 599.04 599.022 599.003 598.986 598.968 598.952 598.937 598.923 598.911 598.9 598.891 598.884 598.879 598.875 598.872 598.871 598.872 598.873 598.874 598.85 598.852 598.853 598.854 598.854 598.853 598.852 598.849 598.845 598.841 598.836 598.83 598.824 598.817 598.811 598.805 598.8 598.795 598.79 598.786 598.783 598.78 598.777 598.775
599.489 599.472 599.456 599.44 599.424 599.409 599.394 599.379 599.365 599.351 599.337 599.324 599.31 599.297 599.283 599.269 599.255 599.24 599.225 599.209 599.192 599.175 599.158 599.14 599.123 599.105 599.088 599.071 599.056 599.041 599.027 599.015 599.005 598.995 598.988 598.982 598.978 598.975 598.973 598.973 598.973 598.973 598.974 598.974 598.975 598.974 598.974 598.972 598.969 598.966 598.961 598.956 598.951 598.944 598.938 598.931 598.925 598.918 598.912 598.906 598.901 598.897 598.893 598.889 598.886 598.883
599.626 599.611 599.595 599.58 599.565 599.55 599.536 599.522 599.508 599.495 599.482 599.469 599.456 599.491 599.485 599.472 599.458 599.444 599.43 599.415 599.4 599.384 599.368 599.352 599.336 599.32 599.304 599.288 599.274 599.26 599.247 599.235 599.225 599.215 599.207 599.201 599.195 599.191 599.188 599.185 599.183 599.182 599.123 599.123 599.121 599.12 599.118 599.061 599.057 599.053 599.049 599.043 599.037 599.03 599.023 599.016 599.009 599.003 598.996 598.99 598.985 598.98 598.975 598.971 598.967 598.963
599.801 599.787 599.773 599.759 599.745 599.731 599.717 599.704 599.691 599.678 599.666 599.653 599.641 599.629 599.616 599.603 599.59 599.577 599.563 599.626 599.612 599.598 599.583 599.569 599.634 599.62 599.606 599.592 599.579 599.566 599.554 599.543 599.532 599.523 599.514 599.425 599.418 599.412 599.327 599.323 599.32 599.317 599.314 599.312 599.309 599.305 599.302 599.297 599.292 599.287 599.281 599.274 599.267 599.259 599.252 599.182 599.175 599.167 599.16 599.154 599.147 599.201 599.195 599.19 599.184 599.179
600.024 600.011 599.998 599.985 599.973 599.96 600.031 600.019 600.007 599.996 599.984 599.973 599.962 599.95 599.939 599.927 599.915 599.903 599.891 599.879 599.866 599.854 599.841 599.828 599.815 599.802 599.789 599.776 599.764 599.752 599.741 599.73 599.719 599.71 599.701 599.692 599.684 599.677 599.67 599.663 599.657 599.651 599.645 599.639 599.633 599.541 599.535 599.529 599.439 599.433 599.426 599.418 599.41 599.402 599.394 599.386 599.378 599.37 599.362 599.354 599.347 599.34 599.333 599.326 599.32 599.313
600.285 600.274 600.262 600.251 600.24 600.228 600.217 600.206 600.195 600.184 600.174 600.163 600.152 600.141 600.44 600.432 600.424 600.735 600.73 600.725 600.72 600.715 600.71 600.705 600.7 600.694 600.689 600.684 600.679 600.674 600.669 600.664 600.659 600.654 600.649 600.644 600.639 600.634 600.629 600.623 600.238 600.231 599.841 599.833 599.825 599.817 599.809 599.8 599.792 599.783 599.774 599.765 599.755 599.655 599.646 599.637 599.628 599.619 599.61 599.601 599.592 599.584 599.576 599.654 599.645 599.636
600.9849 600.9799 600.9749 600.9699 600.9649 600.9599 600.9549 600.9499 600.9449 600.9399 600.9349 600.9289 600.9239 600.9189 600.9139 600.9089 600.9039 600.9293 601.0015 601.0355 601.0305 601.0256 601.0206 601.0156 601.0106 601.0045 600.9996 600.9946 600.9896 600.9846 600.9796 600.9745 600.9695 600.9645 600.9595 600.9545 600.9495 600.9445 600.9002 600.8176 600.7819 600.7769 600.7719 600.7669 600.7619 600.7569 600.7519 600.7054 600.6185 600.573 600.568 600.563 600.558 600.552 600.547 600.542 600.537 600.532 600.527 600.522 600.517 600.512 600.507 600.502 600.497 600.492
601.3127 601.3076 601.3026 601.2977 601.2927 601.2877 601.2827 601.2777 601.2726 601.2676 601.2626 601.2567 601.2517 601.2467 601.2417 601.2366 601.2316 601.2398 601.312 601.346 601.341 601.3361 601.3311 601.326 601.321 601.315 601.3101 601.3051 601.3 601.295 601.29 601.285 601.28 601.275 601.27 601.265 601.26 601.255 601.2107 601.1281 601.1096 601.1046 601.0997 601.0947 601.0897 601.0847 601.0797 601.0332 600.9462 600.92 600.915 600.91 600.905 600.899 600.894 600.889 600.884 600.879 600.874 600.869 600.8641 600.8591 600.8541 600.8491 600.8441 600.8391
601.6404 601.6354 601.6304 601.6255 601.6205 601.6155 601.6105 601.6055 601.6005 601.5955 601.5905 601.5845 601.5795 601.5745 601.5695 601.5645 601.5594 601.5547 601.6225 601.6566 601.6516 601.6466 601.6416 601.6366 601.6316 601.6255 601.6206 601.6156 601.6106 601.6056 601.6006 601.5956 601.5906 601.5856 601.5806 601.5756 601.5706 601.5656 601.5212 601.443 601.4374 601.4324 601.4274 601.4225 601.4175 601.4125 601.4075 601.361 601.274 601.2671 601.2621 601.2571 601.2521 601.2461 601.2411 601.2361 601.2311 601.2261 601.2211 601.2161 601.2111 601.2061 601.2011 601.1961 601.1911 601.1861
601.9682 601.9632 601.9582 601.9532 601.9482 601.9432 601.9382 601.9332 601.9282 601.9232 601.9182 601.9122 601.9072 601.9022 601.8972 601.8922 601.8872 601.8826 601.933 601.9671 601.9621 601.9571 601.9521 601.9471 601.9421 601.9361 601.9311 601.9261 601.9211 601.9161 601.9111 601.9061 601.9011 601.8961 601.8911 601.8861 601.8811 601.8761 601.8318 601.7708 601.7652 601.7602 601.7552 601.7502 601.7452 601.7402 601.7352 601.6887 601.6188 601.6142 601.6092 601.6042 601.5992 601.5932 601.5882 601.5832 601.5782 601.5732 601.5682 601.5632 601.5582 601.5532 601.5482 601.5432 601.5382 601.5332
602.296 602.291 602.2859 602.281 602.276 602.271 602.266 602.261 602.256 602.251 602.246 602.24 602.235 602.23 602.225 602.22 602.215 602.2104 602.2435 602.2776 602.2726 602.2676 602.2626 602.2576 602.2526 602.2466 602.2416 602.2366 602.2316 602.2266 602.2216 602.2166 602.2116 602.2066 602.2016 602.1966 602.1916 602.1866 602.1423 602.0984 602.093 602.088 602.083 602.078 602.073 602.0681 602.063 602.0165 601.9658 601.9612 601.9562 601.9512 601.9462 601.9402 601.9352 601.9302 601.9252 601.9202 601.9152 601.9102 601.9052 601.9002 601.8952 601.8903 601.8853 601.8802
602.6238 602.6188 602.6138 602.6088 602.6038 602.5988 602.5938 602.5888 602.5838 602.5788 602.5738 602.5678 602.5628 602.5578 602.5528 602.5478 602.5428 602.5381 602.5541 602.5881 602.5831 602.5781 602.5731 602.5682 602.5632 602.5571 602.5521 602.5471 602.5422 602.5372 602.5322 602.5272 602.5222 602.5172 602.5121 602.5071 602.5021 602.4971 602.4528 602.4261 602.4208 602.4158 602.4108 602.4058 602.4008 602.3958 602.3908 602.3443 602.3129 602.3083 602.3033 602.2983 602.2933 602.2873 602.2823 602.2773 602.2723 602.2673 602.2623 602.2573 602.2523 602.2473 602.2423 602.2373 602.2323 602.2273
602.9515 602.9465 602.9415 602.9365 602.9315 602.9265 602.9216 602.9166 602.9116 602.9066 602.9016 602.8956 602.8906 602.8856 602.8806 602.8755 602.8705 602.8658 602.8646 602.8987 602.8937 602.8887 602.8837 602.8787 602.8737 602.8677 602.8627 602.8577 602.8527 602.8477 602.8427 602.8377 602.8327 602.8277 602.8227 602.8177 602.8127 602.8077 602.7634 602.7538 602.7485 602.7435 602.7385 602.7335 602.7285 602.7236 602.7186 602.6721 602.6601 602.6553 602.6503 602.6453 602.6403 602.6343 602.6293 602.6243 602.6193 602.6143 602.6093 602.6043 602.5994 602.5944 602.5894 602.5844 602.5793 602.5743
603.2794 603.2743 603.2693 603.2643 603.2593 603.2543 603.2493 603.2444 603.2393 603.2343 603.2293 603.2233 603.2184 603.2134 603.2084 603.2033 603.1983 603.1935 603.1882 603.2092 603.2042 603.1992 603.1942 603.1892 603.1842 603.1782 603.1732 603.1682 603.1632 603.1582 603.1532 603.1482 603.1432 603.1382 603.1332 603.1282 603.1232 603.1182 603.087 603.0815 603.0763 603.0713 603.0663 603.0613 603.0563 603.0514 603.0463 603.012 603.0073 603.0024 602.9974 602.9924 602.9874 602.9814 602.9764 602.9714 602.9664 602.9614 602.9564 602.9514 602.9464 602.9414 602.9364 602.9315 602.9265 602.9214
603.6071 603.6021 603.5971 603.5921 603.5871 603.5821 603.5771 603.5721 603.5671 603.5621 603.5571 603.5511 603.5461 603.5411 603.5361 603.5311 603.5261 603.5212 603.5161 603.5197 603.5147 603.5097 603.5047 603.4998 603.4948 603.4887 603.4837 603.4787 603.4738 603.4688 603.4637 603.4587 603.4537 603.4487 603.4437 603.4387 603.4337 603.4287 603.415 603.4092 603.4041 603.3991 603.3941 603.3891 603.3841 603.3792 603.3741 603.3594 603.3544 603.3495 603.3445 603.3395 603.3345 603.3285 603.3235 603.3185 603.3135 603.3085 603.3035 603.2985 603.2935 603.2885 603.2834 603.2785 603.2735 603.2685
603.791 603.786 603.781 603.776 603.771 603.766 603.761 603.756 603.751 603.746 603.741 603.735 603.73 603.725 603.72 603.715 603.71 603.705 603.7 603.695 603.69 603.685 603.68 603.675 603.67 603.664 603.659 603.654 603.649 603.644 603.639 603.634 603.629 603.624 603.619 603.614 603.609 603.604 603.599 603.593 603.588 603.583 603.578 603.573 603.568 603.563 603.558 603.553 603.548 603.543 603.538 603.533 603.528 603.522 603.517 603.512 603.507 603.502 603.497 603.492 603.487 603.482 603.477 603.472 603.467 603.462
