samples/sfe_24/sfe_24_c1/sfe_24_c1/sfe_24_c1.asc
ncols         275
nrows         75
xllcorner     98.60000000149
yllcorner     70.60000000149
cellsize      0.7
NODATA_value  -9999
[rows 28 to 55 of 75, columns 128 to 191 of 275]
602.1458 602.1445 602.1434 602.1422 602.1412 602.14 602.1392 602.1379 602.1364 602.1352 602.1342 602.1332 602.1321 602.1312 602.1302 602.1289 602.1274 602.1262 602.1252 602.1239 602.1232 602.0385 602.0282 602.027 602.026 602.025 602.024 602.0229 602.0217 602.0207 602.019 602.0013 601.9809 601.8962 601.8813 601.8801 601.8793 601.8779 601.8766 601.8754 601.8741 601.7902 601.7385 601.7375 601.736 601.7347 601.7337 601.7058 601.6145 601.5971 601.5959 601.5948 601.5932 601.5476 601.4575 601.4564 601.4554 601.4545 601.4219 601.33 601.3171 601.3157 601.3148 601.2255
601.6966 601.6954 601.6943 601.6932 601.6921 601.6909 601.6902 601.6889 601.6874 601.6862 601.6852 601.6841 601.6832 601.6822 601.6812 601.6799 601.6784 601.6772 601.6761 601.6749 601.6742 601.5895 601.5605 601.5593 601.5583 601.5573 601.5563 601.5552 601.5541 601.553 601.5514 601.5504 601.5319 601.4472 601.4136 601.4125 601.4117 601.4103 601.4089 601.4077 601.4067 601.3374 601.271 601.2698 601.2683 601.267 601.2661 601.2532 601.1619 601.1294 601.1284 601.1271 601.1256 601.0915 601.061 600.938 600.9425 601.0228 601.0125 600.987 601.0328 601.1085 600.9453 600.846
601.2475 601.2463 601.2452 601.2442 601.2432 601.2419 601.2412 601.2399 601.2385 601.2372 601.2362 601.2352 601.2342 601.2332 601.2322 601.231 601.2294 601.2282 601.2272 601.226 601.2252 601.1406 601.1298 601.1323 601.1318 601.1262 601.1225 601.122 601.1237 601.123 601.1227 601.1273 601.1068 601.0518 600.842 601.0255 601.2032 601.2032 601.0082 600.8188 600.8618 601.0297 601.0027 600.8415 600.7997 600.75 600.8013 600.9618 601.088 600.9275 600.8008 600.8587 600.9465 600.9623 600.9357 600.777 600.599 600.6435 600.7728 600.7888 600.7185 600.8058 600.7615 600.6295
601.0237 600.8798 600.8832 600.9863 600.862 600.898 601.0325 600.8912 600.8823 601.0095 601.047 601.1175 600.9995 600.7915 600.8503 600.9462 600.946 600.9475 600.95 600.9202 600.8572 600.8438 600.8372 600.836 600.8348 600.8333 600.8315 600.8303 600.8212 600.8152 600.853 600.9276 600.849 600.65 600.6082 600.8118 601.013 600.9838 600.7785 600.578 600.601 600.7958 600.9015 600.8267 600.7927 600.6323 600.6495 600.8088 600.9318 600.7455 600.5725 600.506 600.5852 600.645 600.7523 600.6373 600.3873 600.4067 600.6088 600.626 600.498 600.5737 600.554 600.4612
600.6693 600.6013 600.6835 600.8043 600.6688 600.6198 600.7322 600.7248 600.738 600.835 600.926 600.957 600.7695 600.5992 600.643 600.7295 600.7222 600.7642 600.846 600.856 600.7292 600.689 600.6873 600.6863 600.6843 600.6832 600.682 600.6312 600.502 600.4043 600.4287 600.576 600.6405 600.6085 600.6337 600.74 600.8085 600.6932 600.5858 600.5568 600.5605 600.584 600.6058 600.6425 600.7125 600.6392 600.6093 600.6943 600.65 600.416 600.299 600.2407 600.3337 600.4233 600.4615 600.4282 600.3945 600.4368 600.548 600.4838 600.3068 600.422 600.4023 600.2921
600.4868 600.4843 600.6063 600.6603 600.497 600.331 600.471 600.6193 600.5527 600.5285 600.706 600.7947 600.594 600.4263 600.419 600.4838 600.4348 600.43 600.581 600.7055 600.6478 600.6085 600.6068 600.564 600.5625 600.561 600.5595 600.5505 600.4587 600.3812 600.3545 600.3248 600.453 600.5978 600.607 600.522 600.446 600.3408 600.45 600.6312 600.5592 600.3755 600.2035 600.2865 600.4698 600.5472 600.475 600.4395 600.358 600.27 600.2153 600.159 600.2848 600.344 600.2435 600.286 600.4208 600.4045 600.3348 600.2232 600.1475 600.2827 600.2573 600.138
600.4895 600.491 600.5735 600.5105 600.3362 600.1655 600.301 600.4615 600.3987 600.3627 600.5353 600.6205 600.4293 600.2895 600.372 600.4827 600.4095 600.2787 600.399 600.479 600.3403 600.287 600.2853 600.2695 600.2737 600.2692 600.2657 600.2793 600.351 600.405 600.368 600.2402 600.2728 600.3962 600.3025 600.2012 600.1572 600.1705 600.3243 600.5173 600.4468 600.2087 600.023 600.145 600.3285 600.331 600.1747 600.1535 600.2128 600.285 600.247 600.069 600.1345 600.224 600.1227 600.1793 600.2878 600.1295 600.0468 599.9763 600.001 600.1635 600.1147 600.011
600.5125 600.501 600.4293 600.22 600.1075 600.0255 600.091 600.18 600.271 600.2698 600.2507 600.2305 600.146 600.0818 600.1938 600.362 600.4085 600.3385 600.3677 600.3067 600.1058 600.1313 600.126 600.071 600.1362 600.112 600.0705 600.1542 600.2028 600.1805 600.1826 600.1902 600.1795 600.1323 599.989 599.93 599.9763 600.172 600.285 600.3807 600.2888 600.0933 600.005 600.1713 600.2835 600.2527 600.0405 599.9377 599.9845 600.1743 600.2125 600.0204 599.9258 600.0038 600.102 600.1567 600.202 600.0475 599.8965 599.7787 599.8552 600.0385 600.0258 599.8533
600.26 600.2167 600.1672 600.0958 600.0803 600.0752 600.0773 600.0995 600.2363 600.194 600.0325 599.998 600.0682 600.0297 599.989 600.1258 600.272 600.239 600.1858 600.0815 600.0073 600.1463 600.1387 600.04 600.16 600.0922 600.0205 600.1625 600.1678 600.0353 600.064 600.1873 600.108 599.949 599.9405 599.994 600.002 600.0757 600.1025 600.1733 600.1585 599.9915 599.9228 600.0518 600.079 600.1537 600.0735 599.8882 599.7556 599.9398 600.0805 600.0285 599.9135 599.9272 599.9843 600.0105 600.0618 600.069 599.9102 599.6873 599.761 599.959 600.0143 599.8718
600.0247 599.9498 600.0237 600.1428 600.1462 600.1255 600.1172 600.1307 600.211 600.1325 599.9835 600.004 600.1055 600.058 599.9448 600.0248 600.11 599.9783 599.8953 599.8305 599.8613 600.0132 600.0055 599.9138 600.0248 599.978 599.9307 600.087 600.1788 600.1052 600.1097 600.15 600.0215 599.8547 599.9333 600.032 599.9822 599.8593 599.8207 599.9487 600.052 599.8882 599.7703 599.8355 599.8698 600.0098 599.9945 599.8085 599.6515 599.813 599.9763 600.0353 599.99 599.9713 599.8447 599.774 599.8575 599.957 599.832 599.6435 599.7346 599.924 600.0238 599.9612
600.0082 599.8463 599.9178 600.0935 600.024 599.922 599.924 599.9418 600.0627 600.1115 600.0395 599.944 599.921 599.942 599.981 599.9498 599.8628 599.7427 599.7102 599.7057 599.7425 599.8083 599.8063 599.7685 599.8085 599.7805 599.8442 600.026 600.1765 600.0623 599.963 600.01 599.934 599.7703 599.7885 599.8605 599.816 599.6948 599.6553 599.793 599.954 599.8253 599.7468 599.867 599.9045 599.9975 599.929 599.7435 599.6085 599.684 599.7405 599.8057 599.9085 600.0115 599.9097 599.722 599.721 599.8775 599.7832 599.6782 599.8383 599.9402 600.0258 599.9592
600.0675 599.8668 599.8676 599.971 599.84 599.7568 599.8485 599.8655 599.8983 599.9227 599.9158 599.8773 599.8572 599.907 600.0062 599.8935 599.7483 599.7865 599.8428 599.8415 599.8415 599.8415 599.8405 599.8385 599.8282 599.7327 599.7782 599.964 600.1025 599.9235 599.7817 599.8832 599.8765 599.72 599.7402 599.8115 599.7995 599.7927 599.7908 599.887 599.9307 599.7785 599.699 599.8185 599.8477 599.9415 599.8835 599.7135 599.6688 599.7593 599.7307 599.6478 599.7623 599.964 599.9902 599.7822 599.7165 599.8387 599.7515 599.6385 599.748 599.7985 599.8912 599.8578
599.9818 599.841 599.8335 599.8748 599.759 599.7985 600.0012 600.008 599.8445 599.7278 599.76 599.8765 599.9605 600.0153 600.0407 599.9053 599.787 599.8702 599.9612 599.9913 599.9797 599.9435 599.914 599.9312 599.948 599.8328 599.8085 599.9583 600.067 599.8805 599.7435 599.8466 599.8417 599.717 599.8483 599.9738 599.949 599.8825 599.8643 599.9345 599.9449 599.806 599.6395 599.6357 599.6818 599.8115 599.7913 599.6572 599.6955 599.832 599.7955 599.6423 599.6895 599.8785 599.9498 599.765 599.6793 599.7863 599.7402 599.6387 599.6777 599.7017 599.7663 599.767
599.777 599.8508 599.879 599.7555 599.6927 599.8235 600.0203 600.015 599.7845 599.7067 599.8105 599.826 599.8757 600.0082 600.0345 599.9525 599.8533 599.7933 599.9063 600.057 600.0135 599.858 599.7085 599.7863 599.929 599.9698 599.922 599.9685 600.0162 599.8589 599.7252 599.8263 599.8215 599.7023 599.8613 599.9987 599.9405 599.7808 599.7302 599.806 599.918 599.8928 599.7112 599.6588 599.7593 599.7702 599.7233 599.6851 599.6943 599.7203 599.6962 599.6243 599.6215 599.736 599.8813 599.7648 599.592 599.6388 599.7685 599.8385 599.8223 599.8069 599.7315 599.7133
599.714 599.8675 599.961 599.8577 599.8235 599.8272 599.8285 599.8107 599.6965 599.7603 599.8898 599.7878 599.7843 599.9332 599.9035 599.8175 599.7473 599.6845 599.8237 600.028 599.9697 599.7628 599.5662 599.6713 599.8647 599.9293 599.8192 599.8218 599.9288 599.8538 599.7237 599.8282 599.8232 599.671 599.7112 599.793 599.7872 599.785 599.783 599.781 599.7872 599.784 599.6788 599.6838 599.846 599.9078 599.7913 599.7752 599.774 599.7733 599.772 599.7778 599.7767 599.8285 599.9088 599.7838 599.578 599.5967 599.802 599.9167 599.8292 599.7845 599.6777 599.6882
599.6974 599.8013 599.9691 600.0042 599.95 599.7922 599.6437 599.624 599.6035 599.71 599.8262 599.8094 599.8132 599.8855 599.809 599.6998 599.6235 599.6553 599.8373 600.0415 599.983 599.7768 599.6293 599.7355 599.8503 599.855 599.7703 599.78 599.933 599.9327 599.8353 599.895 599.843 599.683 599.6608 599.6827 599.7223 599.936 600.0162 599.8945 599.6918 599.6843 599.6455 599.6667 599.7947 599.955 599.9615 599.9235 599.9423 599.9598 599.9285 599.9728 600.018 600.016 599.9373 599.822 599.714 599.7515 599.9148 599.9625 599.8199 599.769 599.7395 599.8292
599.718 599.7605 599.925 600.0065 599.8748 599.7117 599.6818 599.6832 599.692 599.7265 599.7878 599.9215 599.8855 599.8137 599.8667 599.8068 599.634 599.6602 599.8675 600.072 600.0135 599.8127 599.7838 599.8922 599.8192 599.8025 599.9063 599.925 599.9713 599.984 599.9785 600.01 599.885 599.7665 599.8348 599.8025 599.7432 599.9385 600.0338 599.8903 599.7335 599.8345 599.8643 599.744 599.7573 599.9388 599.9737 599.8598 599.9398 599.964 599.8455 599.9235 600.0433 599.983 599.837 599.8752 599.9765 599.9982 600.0087 600.018 599.9682 599.952 599.969 600.0007
599.911 599.9657 600.0557 600.0255 599.859 599.798 599.92 599.9388 599.9365 599.9345 599.9635 600.052 599.9445 599.838 599.9545 599.9148 599.723 599.7233 599.929 600.134 600.077 599.8777 599.883 599.9805 599.8455 599.7712 599.8647 599.8787 599.881 599.8795 599.9142 600.0252 599.9485 599.8465 599.9635 599.9182 599.775 599.8275 599.8928 599.8083 599.7972 599.9635 600.0618 599.9695 599.9525 600.054 600.01 599.864 599.9485 599.9782 599.8198 599.8188 599.921 599.8705 599.8082 599.948 600.0762 600.0065 599.939 599.9378 599.9468 599.9503 599.9588 599.9575
600.022 600.047 600.1325 600.165 600.055 599.9857 600.092 600.1555 600.1163 600.0378 600.0588 600.1595 600.111 600.0375 600.1163 600.0912 599.9092 599.7922 599.8967 600.09 600.1613 600.0515 600.0527 600.119 600.0275 599.9163 599.863 599.804 599.7623 599.7615 599.793 599.9568 599.9995 599.965 599.9752 599.8993 599.8255 599.8618 599.8593 599.776 599.8095 599.9327 600.0448 600.0522 600.0568 600.0682 599.9795 599.8895 600.0278 600.0618 599.9075 599.785 599.8038 599.8235 599.9593 600.129 600.168 599.9265 599.8262 599.837 599.8845 599.9613 599.9525 599.9297
600.0703 600.0205 600.0933 600.1898 600.179 600.0438 600.0468 600.187 600.1642 600.0185 600.0258 600.134 600.1855 600.1755 600.186 600.1793 600.1125 599.9833 599.9608 600.044 600.1608 600.1665 600.167 600.1755 600.1858 600.2178 600.123 599.9632 599.879 599.9293 599.9197 599.9218 600.0488 600.1663 600.0803 599.9715 600.0573 600.157 600.0443 599.9078 599.944 600.008 600.0295 600.0372 600.0485 600.0408 600.017 600.0248 600.2135 600.1915 600.018 599.9425 599.99 600.0338 600.2 600.2758 600.229 600.0755 600.025 600.0032 600.0443 600.1927 600.1902 600.1118
600.2813 600.2368 600.2012 600.1382 600.12 600.0345 600.0927 600.2605 600.3262 600.2422 600.2215 600.161 600.1248 600.119 600.1143 600.1125 600.1323 600.2017 600.244 600.2213 600.1572 600.1403 600.137 600.1373 600.1483 600.2813 600.2662 600.1045 600.1017 600.2357 600.206 600.0723 600.1508 600.3438 600.3345 600.2655 600.3199 600.3372 600.1827 600.1 600.2222 600.2762 600.286 600.2872 600.2878 600.2897 600.3127 600.326 600.4105 600.3095 600.1532 600.1975 600.345 600.3273 600.2578 600.2303 600.2537 600.3275 600.3718 600.2657 600.2175 600.3802 600.3597 600.2863
600.4035 600.3547 600.2625 600.1168 600.0908 600.083 600.1648 600.284 600.4748 600.4855 600.4058 600.3052 600.2108 600.1275 600.0743 600.078 600.1842 600.4297 600.4395 600.3552 600.2532 600.1675 600.0817 600.1285 600.2242 600.4152 600.3912 600.2358 600.3295 600.5385 600.5308 600.2935 600.3093 600.501 600.573 600.4692 600.4037 600.321 600.221 600.292 600.4922 600.4775 600.3928 600.4422 600.5533 600.6227 600.563 600.4905 600.4142 600.3165 600.3002 600.4818 600.5725 600.4517 600.2487 600.1867 600.288 600.4407 600.4853 600.3922 600.3698 600.5538 600.535 600.374
600.4763 600.4155 600.4003 600.376 600.3705 600.3718 600.3832 600.4128 600.5737 600.5483 600.42 600.4922 600.4788 600.3228 600.3018 600.3555 600.4445 600.575 600.4672 600.424 600.506 600.3947 600.208 600.3077 600.501 600.6775 600.5854 600.4083 600.432 600.585 600.5483 600.3898 600.4498 600.6528 600.7065 600.5098 600.3593 600.4033 600.4325 600.5392 600.6298 600.4915 600.3272 600.4325 600.6512 600.8095 600.6625 600.4858 600.4108 600.4965 600.5433 600.6973 600.6397 600.4783 600.4695 600.527 600.5345 600.557 600.5677 600.4948 600.5588 600.7227 600.768 600.6355
600.7435 600.7007 600.7012 600.7092 600.7173 600.7252 600.7277 600.738 600.7872 600.6845 600.564 600.6685 600.6718 600.5317 600.589 600.6818 600.7285 600.7457 600.6033 600.568 600.6985 600.5947 600.407 600.5073 600.7015 600.882 600.7588 600.577 600.486 600.5433 600.526 600.4868 600.61 600.796 600.8787 600.678 600.5698 600.691 600.7623 600.825 600.814 600.645 600.4975 600.6082 600.7963 600.963 600.8273 600.6857 600.6887 600.8405 600.8815 600.9373 600.8112 600.7183 600.7853 600.8755 600.883 600.9005 600.9668 600.8532 600.7858 600.934 601.0465 601.0287
600.881 600.837 600.8268 600.8972 600.9965 601.0858 601.089 601.0698 600.9398 600.8398 600.8658 600.9845 600.9755 600.884 600.8177 600.8192 600.8137 600.8162 600.8257 600.8347 600.77 600.685 600.5945 600.6428 600.7397 600.9323 600.988 600.8947 600.688 600.579 600.598 600.797 600.8762 600.8672 600.8317 600.7465 600.7712 600.9792 600.978 600.9697 601.0325 600.8837 600.7972 600.903 600.9238 601.0543 601.1045 601.0582 600.9812 601.0693 601.1745 601.2085 601.127 601.0737 601.036 601.042 601.0898 601.0883 601.1204 601.1194 601.1184 601.1227 601.2118 601.2488
601.0395 601.0162 600.9405 600.972 601.1367 601.2302 601.1495 601.114 600.9742 601.005 601.1642 601.1987 601.123 601.1008 601.032 601.0025 600.9453 600.919 601.0652 601.1627 601.0438 600.986 600.9803 600.9808 600.9875 601.0468 601.099 601.1155 601.0885 601.0677 601.0792 601.1233 601.1042 601.0642 601.0645 601.0724 601.0955 601.11 601.1734 601.2081 601.2072 601.2062 601.2052 601.2042 601.2032 601.2567 601.3343 601.3329 601.3319 601.3308 601.3299 601.3533 601.4432 601.4603 601.4588 601.4575 601.4565 601.5316 601.5881 601.5871 601.5862 601.5851 601.6645 601.7165
601.4518 601.4507 601.4496 601.4487 601.4476 601.4464 601.4457 601.4444 601.4429 601.4417 601.4407 601.4396 601.4387 601.4377 601.4366 601.4354 601.4339 601.4327 601.4317 601.4307 601.4297 601.4286 601.4277 601.4266 601.4257 601.4244 601.4229 601.4422 601.5306 601.5361 601.5521 601.5513 601.5503 601.549 601.5475 601.547 601.5457 601.5443 601.6224 601.6757 601.6749 601.6739 601.6729 601.6719 601.6709 601.7093 601.7991 601.8007 601.7997 601.7985 601.7977 601.8059 601.8958 601.9282 601.9266 601.9252 601.9244 601.9877 602.0558 602.0548 602.0541 602.0528 602.1172 602.184
601.9194 601.9183 601.9174 601.9163 601.9153 601.9141 601.9133 601.9121 601.9106 601.9094 601.9083 601.9073 601.9063 601.9053 601.9044 601.9031 601.9016 601.9006 601.8995 601.8983 601.8973 601.8964 601.8953 601.8943 601.8933 601.8921 601.8906 601.8912 601.9796 601.9852 602.0201 602.019 602.018 602.0167 602.0152 602.0147 602.0135 602.012 602.0714 602.134 602.1426 602.1416 602.1406 602.1396 602.1386 602.1619 602.2517 602.2686 602.2675 602.2662 602.2655 602.264 602.3483 602.3959 602.3945 602.393 602.3922 602.444 602.5236 602.5226 602.5217 602.5204 602.5699 602.6516
