samples/sfe_24/sfe_24_c1/sfe_24_c1/sfe_24_c1.asc
ncols         275
nrows         75
xllcorner     98.60000000149
yllcorner     70.60000000149
cellsize      0.7
NODATA_value  -9999
[rows 28 to 55 of 75, columns 64 to 127 of 275]
601.062 601.164 601.027 600.9165 601.0375 601.107 601.0935 601.0988 601.1122 601.0143 601.0447 601.2255 601.2565 601.203 601.16 601.2075 601.2996 601.3052 601.3042 601.335 601.4264 601.4347 601.4329 601.4319 601.4993 601.5634 601.5618 601.5606 601.5599 601.6345 601.6911 601.6901 601.6891 601.688 601.6863 601.7533 601.8184 601.8167 601.8157 601.8147 601.8137 601.8499 601.9398 601.9441 601.9426 601.9413 601.9404 601.9393 601.9379 601.9639 602.0334 602.0645 602.067 602.066 602.065 602.0637 602.063 602.0617 602.0602 602.059 602.058 602.0567 602.1418 602.1472
600.8495 600.8248 600.7507 600.6902 600.839 600.908 600.9053 600.8583 600.8815 600.8022 600.84 601.0105 601.1495 601.0223 600.9268 600.816 600.9902 601.112 600.9727 600.9513 601.1017 601.1525 601.1315 601.1802 601.26 601.2417 601.1665 601.1268 601.127 601.1912 601.2234 601.2224 601.2214 601.2202 601.2186 601.3007 601.3504 601.3491 601.3481 601.347 601.3461 601.3973 601.4775 601.4764 601.4748 601.4736 601.4727 601.4715 601.47 601.5149 601.5843 601.6005 601.5992 601.5983 601.5973 601.596 601.5953 601.594 601.5925 601.5912 601.5903 601.6038 601.6928 601.6982
600.5645 600.549 600.536 600.5627 600.5925 600.6307 600.686 600.7723 600.7792 600.6862 600.6703 600.8182 600.7792 600.7607 600.8522 600.7552 600.769 600.9455 600.8502 600.7372 600.785 600.801 600.8223 600.9177 601.02 600.9475 600.8625 600.9713 601.0045 600.9402 600.9003 600.8802 600.967 601.081 601.0862 600.9765 600.9243 600.995 601.113 601.0198 600.9105 601.0575 601.1437 601.216 601.2028 601.068 600.9633 601.0023 601.0295 601.1743 601.1732 601.1195 601.1227 601.164 601.1575 601.1168 601.1348 601.1785 601.1772 601.1613 601.1588 601.1548 601.2438 601.2492
600.538 600.539 600.5515 600.5575 600.5745 600.571 600.5632 600.51 600.5035 600.4235 600.511 600.663 600.5963 600.5403 600.7005 600.6155 600.5942 600.7713 600.7792 600.726 600.7265 600.7368 600.7615 600.8342 600.8415 600.6873 600.5965 600.6727 600.707 600.7545 600.8148 600.8135 600.8073 600.752 600.7532 600.8083 600.8723 600.9063 600.993 600.8632 600.7045 600.7258 600.7867 600.9218 600.9915 600.8488 600.78 600.9047 600.9485 601.025 600.9608 600.8047 600.7838 600.874 600.8547 600.7742 600.8795 601.0265 600.966 600.8683 600.867 600.8665 600.8632 600.9585
600.348 600.4065 600.4902 600.5205 600.4365 600.405 600.3168 600.2573 600.3075 600.3832 600.477 600.5748 600.4575 600.393 600.5305 600.4487 600.447 600.6008 600.6118 600.5262 600.5867 600.683 600.6515 600.609 600.5703 600.5553 600.452 600.3855 600.4937 600.6813 600.8282 600.829 600.7057 600.5208 600.4945 600.673 600.7755 600.7393 600.7905 600.6733 600.4955 600.4412 600.5425 600.704 600.8353 600.802 600.7872 600.914 600.9478 600.8557 600.6563 600.5495 600.5698 600.6758 600.6572 600.5535 600.6108 600.6745 600.6103 600.6068 600.6423 600.5453 600.4933 600.5748
600.115 600.1057 600.2673 600.371 600.248 600.1978 600.1305 600.1405 600.3193 600.4395 600.3928 600.373 600.2245 600.26 600.3953 600.3168 600.2957 600.461 600.4027 600.289 600.3845 600.5107 600.4015 600.203 600.2525 600.4405 600.4373 600.3268 600.4485 600.5707 600.569 600.566 600.6105 600.5095 600.377 600.4948 600.5385 600.4348 600.536 600.496 600.3177 600.2945 600.5002 600.6495 600.6357 600.5955 600.5948 600.6105 600.652 600.5755 600.4742 600.4585 600.528 600.6028 600.593 600.5055 600.4523 600.4228 600.376 600.5015 600.661 600.5513 600.466 600.4745
600.1525 600.0175 600.1407 600.3065 600.2863 600.2455 600.148 600.0883 600.231 600.276 600.1568 600.1188 600.0505 600.1273 600.277 600.1843 600.1832 600.3535 600.397 600.3362 600.3713 600.4048 600.2598 600.0715 600.1085 600.301 600.3328 600.2092 600.3238 600.3795 600.2552 600.2527 600.3998 600.3651 600.2357 600.3588 600.3732 600.2632 600.379 600.3622 600.1635 600.139 600.3613 600.4598 600.3348 600.2747 600.285 600.3027 600.3065 600.3719 600.4398 600.471 600.4005 600.3387 600.3442 600.4188 600.4722 600.4263 600.3015 600.3922 600.5473 600.5262 600.4763 600.485
600.1915 599.9808 600.0518 600.2545 600.3285 600.3105 600.2315 600.1733 600.2295 600.221 600.109 600.1118 600.1155 600.1133 600.0768 599.979 600.072 600.258 600.3973 600.3823 600.3375 600.1823 600.147 600.1635 600.215 600.2975 600.2183 600.0288 600.0803 600.173 600.1935 600.2012 600.1868 600.1113 600.0682 600.237 600.2418 600.1077 600.1202 600.2135 600.1852 600.069 600.099 600.1238 600.0298 600.005 600.0903 600.2315 600.26 600.3645 600.3995 600.3157 600.2415 600.248 600.2655 600.278 600.3645 600.425 600.3762 600.387 600.414 600.3433 600.387 600.4847
599.9827 599.8735 599.9925 600.1405 600.1203 600.0715 600.0665 600.06 600.0787 600.0748 600.0668 600.08 600.1727 600.0972 599.9105 599.7988 599.987 600.1613 600.1827 600.1268 600.054 599.9445 600.056 600.1927 600.1765 600.1332 600.0887 600.0242 600.016 600.081 600.1373 600.1368 600.0795 600.0422 600.067 600.2133 600.1487 599.9485 599.8837 600.104 600.2288 600.1382 600.0602 600.0585 600.0502 600.0475 600.0912 600.184 600.2003 600.2855 600.2335 600.0703 600.0513 600.1763 600.1603 600.0333 600.1068 600.2648 600.287 600.2168 600.1435 600.047 600.1698 600.307
599.825 599.8173 599.9465 600.04 599.92 599.8473 599.848 599.8565 599.8465 599.8513 599.8885 599.9063 600.061 600.061 599.8948 599.7723 599.9325 600.0535 599.9622 599.8428 599.817 599.8495 599.9885 600.0632 599.9355 599.8905 599.9695 600.0557 600.0668 600.0165 599.941 599.9475 600.0148 600.077 600.102 600.19 600.094 599.9122 599.849 600.0353 600.1753 600.1588 600.1418 600.143 600.131 600.1375 600.0627 599.9415 599.9407 600.0732 600.0943 599.939 599.8575 599.9297 599.935 599.9033 600.0065 600.1265 600.0595 599.9465 599.8882 599.889 600.054 600.158
599.9352 599.982 599.9215 599.91 599.9 599.8018 599.796 599.8672 599.7895 599.792 599.935 599.965 600.0518 600.085 600.0295 599.9807 599.9392 599.8732 599.7443 599.696 599.754 599.91 599.9368 599.8235 599.758 599.8568 599.9448 599.9285 599.9133 599.9407 599.971 599.9777 599.9498 599.9202 599.9393 600.0657 600.1042 600.0377 600.0105 600.0815 600.0867 600.005 600.0588 600.0878 600.0243 600.0868 600.018 599.8367 599.8987 599.9665 599.8752 599.7922 599.7205 599.8277 599.9528 600.037 599.9813 599.952 599.957 599.8725 599.7347 599.769 599.972 600.133
600.0952 600.1227 599.9196 599.8762 599.9243 599.8992 599.8668 599.9748 599.857 599.789 599.911 599.937 599.938 599.9382 599.9618 600.0473 599.95 599.7878 599.7838 599.8665 599.9305 600.021 599.896 599.6907 599.728 599.9285 600.0242 599.9135 599.873 599.904 599.9315 599.9303 599.909 599.878 599.88 599.9142 599.9367 599.9355 599.939 599.9425 599.8745 599.786 599.9155 599.9585 599.8391 599.9345 599.9467 599.84 599.964 600.023 599.8967 599.8577 599.7625 599.8423 600.035 600.142 599.9485 599.8435 599.9565 599.9212 599.7137 599.7087 599.916 600.1198
600.0795 600.137 599.9795 599.9285 600.0313 599.951 599.9008 599.9335 599.8177 599.701 599.7582 599.7953 599.7753 599.7322 599.7573 599.9238 599.9272 599.8237 599.89 599.9146 599.9744 599.9769 599.8797 599.715 599.6993 599.8585 599.991 600.0052 600.0098 599.9365 599.7917 599.7557 599.8403 599.9405 599.939 599.8517 599.7655 599.7315 599.7045 599.7017 599.6893 599.7493 599.88 599.8853 599.764 599.844 599.8502 599.759 599.8702 600.0287 600.015 599.9578 599.7825 599.8065 599.9973 600.119 599.9553 599.8613 599.9413 599.8807 599.6713 599.6423 599.8218 599.9977
599.9457 600.0615 600.0898 600.0705 600.0997 600.0753 599.978 599.8527 599.7885 599.706 599.769 599.8942 599.8682 599.7175 599.7003 599.762 599.8883 599.936 599.9035 599.9625 600.0283 599.9077 599.8943 599.9023 599.7722 599.7618 599.7847 599.873 600.0045 600.0723 599.89 599.743 599.72 599.821 599.8438 599.8917 599.8566 599.8398 599.8343 599.804 599.7192 599.881 599.8535 599.7418 599.6902 599.7345 599.7345 599.7053 599.7443 599.9338 599.992 599.853 599.6735 599.7805 599.9675 600.07 599.992 599.9765 599.9927 599.8577 599.6722 599.633 599.7108 599.738
599.8967 599.9418 600.0173 600.012 600.0008 599.9998 599.9925 599.9767 599.9675 599.86 599.8758 600.0328 600.0773 599.9622 599.9142 599.807 599.8932 600.0092 599.8885 599.9058 599.9905 599.868 599.925 600.0447 599.9642 599.9045 599.8057 599.7947 599.9585 600.1412 600.0078 599.8195 599.7617 599.8705 599.908 600.0128 599.9235 599.7657 599.781 599.867 599.929 599.9977 599.8615 599.7338 599.8075 599.8588 599.8558 599.8542 599.8607 599.9675 599.9407 599.7582 599.605 599.775 599.9488 599.952 599.8523 599.892 599.9767 599.8547 599.7108 599.7667 599.8312 599.7457
600.0043 599.8867 599.8735 599.9067 599.9603 599.9197 599.9535 600.0728 600.0877 599.9548 599.9427 600.0905 600.1718 600.1298 600.1277 599.9197 599.8777 599.9658 599.8763 599.8903 599.9722 599.9642 600.043 600.1328 600.0877 600.085 600.0143 599.9084 599.9705 600.1147 600.0287 599.8577 599.911 600.11 600.118 600.0495 599.8707 599.7612 599.853 599.9597 600.0027 600.0618 599.9628 599.8577 599.9098 599.9415 599.943 599.9822 600.0263 600.0992 600.0217 599.8732 599.756 599.8882 599.9973 599.8565 599.7232 599.7977 599.8875 599.793 599.7377 599.916 599.978 599.8287
600.2385 600.101 599.9802 600.0703 600.178 600.0712 599.96 600.0338 600.046 599.9612 600.0073 600.1663 600.1298 600.087 600.1953 600.0912 599.9387 599.9377 599.9172 599.9138 599.9709 600.082 600.1498 600.0887 599.9883 600.0942 600.2152 600.1047 599.968 600.007 600.053 599.9043 599.9498 600.1388 600.1356 599.9717 599.841 599.8157 599.8517 599.8837 599.9247 600.0485 600.058 599.984 599.884 599.8615 599.821 599.8853 600.0248 600.1283 600.0663 600.0165 599.9875 600.0145 600.0057 599.8223 599.809 599.9357 599.8867 599.776 599.826 599.994 599.9295 599.7655
600.421 600.387 600.3147 600.357 600.3868 600.2272 600.116 600.2055 600.2418 600.1055 600.1102 600.2508 600.1877 600.0995 600.2525 600.2778 600.1819 600.1757 600.1542 600.1537 600.1437 600.103 600.0762 599.9975 599.9692 600.1185 600.3062 600.22 600.0217 600.0485 600.1312 599.9642 599.9058 600.002 600.0145 600.035 600.0552 600.038 600.0377 600.0372 600.0272 599.9965 599.9742 599.9835 600.0135 600.0065 599.9005 599.8795 600.036 600.0982 599.973 599.9358 599.936 599.9357 599.9065 599.8083 599.9098 600.066 600.0527 599.9725 600.0307 600.0787 599.9327 599.8135
600.6223 600.6622 600.6405 600.6508 600.5347 600.3472 600.2332 600.3427 600.3687 600.3224 600.3365 600.4245 600.2905 600.1602 600.2668 600.318 600.298 600.318 600.418 600.4528 600.371 600.0955 599.9727 599.9525 599.988 600.1103 600.3093 600.3337 600.2155 600.1542 600.1718 600.114 599.9937 599.9648 600.0295 600.1215 600.1547 600.173 600.281 600.3175 600.2283 599.989 599.9532 600.0892 600.221 600.1877 600.0753 600.0165 600.0673 599.9963 599.8392 599.8273 599.92 600.003 599.9647 599.855 599.897 600.0472 600.1888 600.1515 600.101 600.0645 600.0075 599.971
600.714 600.7232 600.693 600.7303 600.6747 600.4775 600.3442 600.3867 600.3992 600.4485 600.544 600.561 600.4125 600.306 600.316 600.333 600.3035 600.3282 600.4505 600.5015 600.4335 600.251 600.1857 600.186 600.1765 600.1987 600.2803 600.3907 600.385 600.2142 600.1852 600.296 600.2145 600.157 600.2922 600.2575 600.149 600.1708 600.2943 600.3442 600.2527 600.077 600.1465 600.3517 600.3575 600.1852 600.1547 600.2055 600.1008 599.9767 599.9822 600.0005 600.1055 600.2 600.186 600.0762 600.0192 600.0941 600.2377 600.15 599.9605 599.936 600.101 600.1797
600.6923 600.6817 600.6575 600.7303 600.8088 600.6437 600.5378 600.662 600.7042 600.6152 600.5627 600.5525 600.593 600.5958 600.5978 600.6035 600.5977 600.555 600.4905 600.4575 600.4478 600.5052 600.5123 600.515 600.5168 600.4785 600.445 600.3775 600.36 600.2753 600.3198 600.431 600.3657 600.3143 600.4658 600.4975 600.4195 600.3765 600.314 600.2733 600.217 600.1575 600.3022 600.505 600.4503 600.2545 600.252 600.3568 600.23 600.1755 600.2745 600.294 600.2412 600.1868 600.1885 600.2422 600.2797 600.3185 600.3735 600.2385 600.032 600.0292 600.2363 600.3723
600.7625 600.8135 600.765 600.8068 600.9427 600.8397 600.769 600.988 601.0497 600.945 600.7685 600.7402 600.7515 600.7632 600.745 600.8575 600.9445 600.8975 600.747 600.6382 600.6343 600.6827 600.7477 600.8182 600.8505 600.8428 600.7565 600.5637 600.536 600.526 600.5327 600.5527 600.5458 600.4968 600.5322 600.6677 600.7343 600.701 600.5212 600.3353 600.2388 600.2318 600.341 600.4468 600.4528 600.4177 600.4855 600.565 600.4847 600.4008 600.482 600.5618 600.498 600.2673 600.195 600.2723 600.3685 600.3788 600.3527 600.2468 600.122 600.157 600.3578 600.4838
601.0983 601.1483 601.0945 601.0135 601.144 601.0278 600.953 601.0512 601.101 601.0773 601.055 600.9935 600.93 600.867 600.8597 600.9482 600.9797 600.977 600.924 600.907 600.8195 600.7233 600.839 600.9342 600.911 600.8682 600.8535 600.8285 600.7803 600.8467 600.7905 600.6502 600.701 600.7415 600.5765 600.6227 600.7563 600.7885 600.797 600.6202 600.4655 600.4543 600.513 600.4665 600.4792 600.626 600.7078 600.6668 600.6265 600.4877 600.4847 600.6535 600.7715 600.5902 600.4195 600.3887 600.4665 600.4265 600.418 600.4045 600.3472 600.3358 600.4968 600.6005
601.5377 601.4548 601.4537 601.4423 601.3489 601.3169 601.3154 601.3059 601.2133 601.186 601.1848 601.1785 601.1857 601.21 601.1938 601.0933 601.0078 600.9745 600.993 601.0015 600.907 600.8563 601.0035 601.1065 600.9692 600.8412 600.8395 600.8383 600.8398 600.974 600.9455 600.8035 600.8693 600.928 600.761 600.7148 600.7545 600.8047 600.9175 600.8192 600.6948 600.755 600.839 600.734 600.6585 600.787 600.8467 600.7115 600.6718 600.5472 600.601 600.7775 600.934 600.7722 600.6063 600.647 600.7717 600.7667 600.7708 600.7675 600.6855 600.588 600.6755 600.798
601.9976 601.9223 601.9213 601.9022 601.8088 601.7845 601.783 601.7659 601.6732 601.6461 601.6451 601.6304 601.537 601.5083 601.5068 601.4965 601.403 601.3701 601.369 601.368 601.3185 601.2324 601.2314 601.2302 601.2286 601.1945 601.0375 600.9587 600.9612 601.0333 601.0635 600.997 600.952 601.067 601.0862 601.0878 601.047 601.0468 600.9855 600.8928 600.844 600.9395 600.9968 600.951 600.954 600.9313 600.833 600.7737 600.8445 600.827 600.7797 600.8615 600.9977 600.9412 600.7993 600.9117 601.006 600.9512 601.0125 600.992 600.8878 600.895 600.984 601.0015
602.4575 602.3898 602.3889 602.3621 602.2687 602.252 602.2506 602.2259 602.1332 602.1136 602.1127 602.0903 601.997 601.9758 601.9744 601.9603 601.8668 601.8377 601.8365 601.8357 601.7784 601.6999 601.6989 601.6979 601.6962 601.6506 601.5605 601.5595 601.5585 601.5574 601.5303 601.437 601.42 601.4188 601.418 601.4168 601.4159 601.3492 601.2802 601.2789 601.2774 601.277 601.2755 601.2749 601.225 601.139 601.098 601.1275 601.1633 601.161 601.13 601.1395 601.1683 601.1492 601.1227 601.1565 601.126 601.0204 601.134 601.1008 600.969 601.056 601.135 601.1072
602.9174 602.8574 602.8564 602.822 602.7286 602.7195 602.7183 602.6859 602.5931 602.5812 602.5802 602.5502 602.4571 602.4434 602.442 602.4241 602.3306 602.3054 602.3041 602.3034 602.2383 602.1675 602.1665 602.1655 602.1638 602.1067 602.0281 602.0272 602.0261 602.0249 601.9902 601.897 601.8876 601.8865 601.8856 601.8845 601.8837 601.8017 601.7479 601.7465 601.745 601.7446 601.7432 601.7423 601.6776 601.6063 601.6053 601.6042 601.6033 601.6023 601.6013 601.5999 601.5984 601.58 601.5789 601.4949 601.4606 601.4597 601.4587 601.4574 601.4559 601.4547 601.4537 601.4526
603.3773 603.325 603.3239 603.2819 603.1885 603.1871 603.186 603.1458 603.0531 603.0488 603.0478 603.0101 602.9172 602.9109 602.9097 602.8879 602.7944 602.7731 602.7716 602.7711 602.6983 602.635 602.634 602.6331 602.6315 602.5628 602.4958 602.4949 602.4938 602.4926 602.4502 602.3572 602.3552 602.3542 602.3532 602.3522 602.3461 602.2542 602.2155 602.2141 602.2126 602.2123 602.2108 602.2099 602.1301 602.074 602.073 602.072 602.071 602.07 602.0689 602.0674 602.0662 602.0289 602.0279 601.9438 601.9283 601.9274 601.9263 601.9251 601.9236 601.9224 601.9213 601.9203
