samples/sfe_24/sfe_24_c1/sfe_24_c1/sfe_24_c1.asc
ncols         275
nrows         75
xllcorner     98.60000000149
yllcorner     70.60000000149
cellsize      0.7
NODATA_value  -9999
[rows 0 to 27 of 75, columns 0 to 63 of 275]
-9999 -9999 605.4744 605.473 605.4721 605.4711 605.4705 605.4695 605.4686 605.4678 605.4662 605.4655 605.4645 605.4635 605.4629 605.4619 605.4609 605.46 605.4586 605.4577 605.457 605.4558 605.4551 605.4542 605.4531 605.4523 605.4507 605.4501 605.4491 605.4479 605.4469 605.4462 605.4453 605.4438 605.4435 605.4422 605.4411 605.4399 605.4389 605.4382 605.4372 605.4362 605.4355 605.4342 605.4327 605.4318 605.4308 605.4298 605.4291 605.4282 605.4271 605.4261 605.4246 605.4235 605.4226 605.4216 605.4207 605.4199 605.4189 605.4176 605.4161 605.4152 605.4142 605.4133
-9999 -9999 605.4048 605.4032 605.4023 605.4014 605.402 605.4011 605.3999 605.4006 605.399 605.3996 605.3986 605.3978 605.3983 605.3973 605.3961 605.3965 605.395 605.3954 605.3946 605.3936 605.3939 605.3929 605.3918 605.392 605.3904 605.3897 605.3899 605.3887 605.3878 605.388 605.387 605.3853 605.3863 605.3847 605.3848 605.3837 605.3827 605.3828 605.3818 605.3809 605.3809 605.3795 605.3781 605.3781 605.3771 605.3762 605.3762 605.3752 605.3741 605.374 605.3724 605.3714 605.3713 605.3703 605.3694 605.3693 605.3683 605.3669 605.3655 605.3652 605.3644 605.3635
-9999 -9999 605.335 605.3334 605.3325 605.3317 605.3336 605.3326 605.3312 605.3334 605.332 605.3337 605.3328 605.332 605.3336 605.3326 605.3311 605.333 605.3316 605.3331 605.3322 605.3313 605.3327 605.3317 605.3304 605.3318 605.3303 605.3295 605.3307 605.3296 605.3287 605.3298 605.3286 605.3278 605.329 605.3273 605.3284 605.3273 605.3265 605.3273 605.3263 605.3254 605.3262 605.3247 605.3236 605.3243 605.3235 605.3226 605.3232 605.3224 605.3209 605.3218 605.3203 605.3194 605.3199 605.3189 605.3181 605.3187 605.3177 605.3162 605.3151 605.3154 605.3145 605.3139
-9999 -9999 605.265 605.2637 605.2627 605.2619 605.2651 605.2641 605.2625 605.2662 605.265 605.2678 605.267 605.2662 605.2689 605.2681 605.2671 605.2695 605.2682 605.2708 605.2698 605.269 605.2715 605.2705 605.2689 605.2716 605.2702 605.2694 605.2715 605.2704 605.2695 605.2715 605.2703 605.2706 605.2716 605.2701 605.2721 605.2711 605.2701 605.2719 605.2708 605.2697 605.2716 605.27 605.2695 605.2706 605.2698 605.2686 605.2703 605.2695 605.2681 605.2697 605.2681 605.2673 605.2686 605.2676 605.2667 605.2681 605.2671 605.2654 605.2648 605.2654 605.2646 605.2646
-9999 -9999 605.2177 605.194 605.1929 605.1921 605.1966 605.1956 605.1942 605.1991 605.1979 605.2019 605.2011 605.2004 605.2042 605.2033 605.2037 605.206 605.2048 605.2085 605.2075 605.2068 605.2102 605.2093 605.2078 605.2114 605.2101 605.21 605.2123 605.2113 605.21 605.2133 605.2119 605.2134 605.2142 605.213 605.2158 605.2148 605.2136 605.2164 605.2152 605.2145 605.217 605.2155 605.2158 605.2169 605.2161 605.2147 605.2174 605.2165 605.216 605.2176 605.2161 605.2154 605.2172 605.2162 605.2153 605.2174 605.2164 605.2148 605.2148 605.2156 605.2148 605.2154
-9999 -9999 604.9582 605.1243 605.1231 605.122 605.1281 605.1271 605.1266 605.1319 605.1309 605.136 605.1353 605.1343 605.1395 605.1385 605.1402 605.1425 605.1415 605.1462 605.1452 605.1443 605.1489 605.1481 605.1467 605.1511 605.15 605.1508 605.1531 605.1522 605.1513 605.1551 605.1537 605.1562 605.1569 605.1558 605.1594 605.1585 605.1573 605.161 605.1596 605.1599 605.1624 605.1609 605.162 605.1631 605.1624 605.161 605.1645 605.1634 605.1639 605.1655 605.164 605.1641 605.1658 605.1648 605.1637 605.1668 605.1658 605.1644 605.1649 605.1656 605.165 605.1661
-9999 -9999 604.6349 605.0544 605.0533 605.0531 605.0596 605.0585 605.0594 605.0648 605.0635 605.0702 605.0695 605.0687 605.0748 605.0737 605.0768 605.079 605.0779 605.0839 605.0829 605.0817 605.0876 605.0868 605.0856 605.0909 605.0899 605.0916 605.0939 605.093 605.0931 605.0969 605.0956 605.099 605.0995 605.099 605.1031 605.1022 605.1019 605.1055 605.1042 605.1053 605.1077 605.1064 605.1083 605.1094 605.1087 605.1074 605.1116 605.1103 605.1118 605.1133 605.1119 605.1127 605.1144 605.1135 605.1121 605.1161 605.1152 605.1138 605.1151 605.1158 605.1151 605.1169
-9999 -9999 604.3117 604.9845 604.9835 604.9846 604.9911 604.9898 604.9922 604.9976 604.9968 605.0044 605.0036 605.004 605.0101 605.009 605.0133 605.0155 605.0142 605.0215 605.0206 605.0205 605.0264 605.0255 605.0251 605.0307 605.0298 605.0324 605.0347 605.0339 605.035 605.0387 605.0375 605.0417 605.0421 605.0427 605.0468 605.046 605.0465 605.0501 605.0489 605.0507 605.053 605.0519 605.0546 605.0556 605.0551 605.0544 605.0587 605.0574 605.0596 605.0612 605.0598 605.0613 605.063 605.0621 605.0609 605.0656 605.0646 605.0633 605.0651 605.0659 605.0652 605.0677
-9999 -9999 603.9885 604.9146 604.9138 604.9161 604.9226 604.9212 604.9251 604.9304 604.931 604.9385 604.9377 604.9393 604.9454 604.9445 604.9499 604.952 604.9519 604.9592 604.9583 604.9593 604.9651 604.9641 604.9649 604.9705 604.9697 604.9732 604.9755 604.9745 604.9768 604.9805 604.9793 604.9846 604.9849 604.9863 604.9904 604.9895 604.991 604.9946 604.9936 604.9962 604.9984 604.9973 605.0008 605.0019 605.0013 605.0015 605.0057 605.0046 605.0074 605.009 605.0078 605.0099 605.0117 605.0107 605.0099 605.015 605.014 605.0128 605.0153 605.016 605.0151 605.0184
-9999 -9999 603.6652 604.8447 604.8439 604.8476 604.8541 604.8527 604.8579 604.8632 604.8651 604.8727 604.8719 604.8746 604.8807 604.8799 604.8865 604.8885 604.8896 604.8969 604.8959 604.8981 604.9038 604.9028 604.9047 604.9102 604.9095 604.914 604.9163 604.9152 604.9187 604.9222 604.9211 604.9274 604.9277 604.93 604.9341 604.933 604.9356 604.9392 604.9382 604.9415 604.9438 604.9425 604.9471 604.9482 604.9474 604.9486 604.9528 604.9518 604.9553 604.9569 604.9554 604.9586 604.9603 604.9594 604.9592 604.9643 604.9633 604.9622 604.9653 604.9661 604.965 604.9692
-9999 -9999 603.451 604.775 604.774 604.7791 604.7856 604.7843 604.7908 604.796 604.7993 604.8068 604.8061 604.81 604.816 604.8151 604.823 604.825 604.8273 604.8346 604.8336 604.8369 604.8425 604.8416 604.8445 604.85 604.8491 604.8548 604.8571 604.856 604.8605 604.864 604.8639 604.8702 604.8705 604.8737 604.8777 604.8766 604.8801 604.8838 604.8829 604.887 604.8892 604.8879 604.8933 604.8944 604.8936 604.8957 604.8998 604.8989 604.9032 604.9048 604.9031 604.9072 604.9089 604.908 604.9086 604.9137 604.9127 604.9114 604.9154 604.9162 604.9152 604.9199
-9999 -9999 603.2388 604.7235 604.7042 604.7106 604.7172 604.7158 604.7236 604.7289 604.7335 604.741 604.7402 604.7453 604.7513 604.7515 604.7596 604.7615 604.765 604.7723 604.7713 604.7756 604.7813 604.7804 604.7842 604.7898 604.7895 604.7956 604.7979 604.7969 604.8024 604.8058 604.8067 604.8129 604.8133 604.8173 604.8214 604.8204 604.8247 604.8283 604.8274 604.8324 604.8345 604.8337 604.8396 604.8407 604.8399 604.8428 604.8469 604.8458 604.8511 604.8527 604.8511 604.8558 604.8576 604.8566 604.858 604.863 604.8621 604.8608 604.8655 604.8663 604.8658 604.8707
-9999 -9999 603.0266 604.6824 604.6345 604.6422 604.6487 604.6478 604.6564 604.6618 604.6676 604.6752 604.6743 604.6806 604.6866 604.688 604.6961 604.698 604.7026 604.71 604.7089 604.7144 604.72 604.7192 604.7241 604.7296 604.7303 604.7364 604.7386 604.7378 604.7442 604.7476 604.7495 604.7557 604.7558 604.761 604.7651 604.7641 604.7693 604.7729 604.7723 604.7778 604.7799 604.78 604.7858 604.7869 604.7863 604.7899 604.794 604.7937 604.799 604.8005 604.7991 604.8044 604.8062 604.8051 604.8074 604.8124 604.8115 604.8107 604.8156 604.8163 604.8166 604.8214
-9999 605.1097 602.8143 604.6412 604.5654 604.5737 604.5802 604.5806 604.5892 604.5947 604.6018 604.6093 604.6085 604.6159 604.6219 604.6246 604.6327 604.6345 604.6403 604.6476 604.6465 604.6532 604.6587 604.658 604.6638 604.6694 604.6711 604.6772 604.6794 604.6796 604.686 604.6893 604.6923 604.6985 604.6987 604.7047 604.7087 604.7082 604.7138 604.7175 604.7178 604.7232 604.7253 604.7263 604.7321 604.7332 604.7326 604.7369 604.7411 604.7416 604.7468 604.7484 604.7476 604.7531 604.7549 604.7536 604.7568 604.7618 604.7609 604.7608 604.7657 604.7665 604.7673 604.7722
-9999 604.8292 602.6203 604.4288 604.4998 604.5052 604.5117 604.5134 604.522 604.5275 604.5359 604.5435 604.5435 604.5512 604.5573 604.5612 604.5692 604.5711 604.578 604.5852 604.5842 604.592 604.5974 604.5974 604.6036 604.6093 604.6119 604.618 604.6202 604.6215 604.6279 604.6311 604.6351 604.6414 604.6422 604.6483 604.6524 604.6528 604.6584 604.662 604.6631 604.6686 604.6707 604.6725 604.6783 604.6794 604.6788 604.684 604.6882 604.6895 604.6946 604.6963 604.6962 604.7017 604.7035 604.7023 604.7061 604.7112 604.7102 604.7109 604.7158 604.7166 604.7181 604.723
-9999 604.5487 602.4293 604.1055 604.4993 604.4692 604.347 604.2621 604.2828 604.3749 604.3928 604.4247 604.4902 604.4895 604.4926 604.4977 604.5058 604.5078 604.5157 604.5228 604.523 604.5308 604.5361 604.5372 604.5434 604.5491 604.5527 604.5588 604.561 604.5634 604.5697 604.5729 604.5779 604.5841 604.5858 604.5919 604.5961 604.5973 604.603 604.6066 604.6086 604.6141 604.6161 604.6188 604.6246 604.6257 604.6258 604.6311 604.6353 604.6373 604.6425 604.6441 604.6448 604.6503 604.6521 604.6509 604.6555 604.6606 604.6596 604.661 604.6659 604.6667 604.6688 604.6737
-9999 604.2681 602.2383 603.7822 604.0664 603.9442 603.8219 603.7943 603.819 603.9109 603.9249 603.9568 604.049 604.0546 604.1305 604.1863 604.2051 604.298 604.317 604.3499 604.4413 604.4466 604.4795 604.4785 604.4832 604.4889 604.4935 604.4996 604.5018 604.5052 604.5115 604.5146 604.5206 604.5269 604.5294 604.5356 604.5397 604.5419 604.5475 604.5511 604.554 604.5595 604.5615 604.5651 604.5709 604.572 604.5728 604.5781 604.5823 604.5852 604.5904 604.592 604.5934 604.599 604.6008 604.5995 604.6049 604.6099 604.6089 604.6111 604.616 604.6168 604.6196 604.6245
-9999 603.9876 602.0474 603.459 603.5413 603.4191 603.2968 603.3264 603.3551 603.447 603.4571 603.489 603.5812 603.5868 603.6665 603.7184 603.7373 603.8302 603.8491 603.8859 603.9775 603.9788 604.0248 604.1105 604.1094 604.1973 604.2411 604.2397 604.3147 604.3715 604.3912 604.4692 604.4683 604.4697 604.4731 604.4792 604.4834 604.4865 604.4921 604.4957 604.4995 604.5049 604.5069 604.5113 604.5172 604.5182 604.5199 604.5252 604.5294 604.533 604.5383 604.5399 604.5421 604.5476 604.5494 604.5488 604.5543 604.5593 604.5583 604.5612 604.5661 604.5669 604.5704 604.5752
-9999 603.7071 601.8564 603.0168 603.0154 602.894 602.8009 602.8586 602.8913 602.9829 602.9893 603.0212 603.1133 603.119 603.2025 603.2506 603.2695 603.3624 603.3813 603.4219 603.5122 603.5109 603.557 603.6426 603.6418 603.7332 603.7733 603.7718 603.8546 603.9037 603.9271 604.0186 604.0336 604.0928 604.1646 604.1633 604.2382 604.2949 604.2939 604.3795 604.4256 604.4312 604.4565 604.4576 604.4634 604.4645 604.467 604.4723 604.4765 604.4809 604.4861 604.4877 604.4907 604.4962 604.498 604.4982 604.5037 604.5087 604.5078 604.5113 604.5162 604.5169 604.5211 604.5259
-9999 603.5203 601.6653 602.4556 602.4543 602.3689 602.3408 602.3907 602.4274 602.5189 602.5214 602.5533 602.6455 602.6511 602.7385 602.7828 602.8016 602.8945 602.9135 602.9579 603.0444 603.0433 603.0892 603.1748 603.1778 603.2693 603.3054 603.3038 603.3945 603.4359 603.4631 603.5545 603.5658 603.625 603.6967 603.6957 603.7743 603.8273 603.8263 603.9117 603.9578 603.9633 604.0555 604.0883 604.0867 604.1508 604.2182 604.2236 604.3158 604.3485 604.3478 604.4333 604.4453 604.4449 604.4467 604.4476 604.453 604.4581 604.4571 604.4614 604.4663 604.467 604.4719 604.4767
-9999 603.394 601.4744 601.8943 601.8927 601.8438 601.8807 601.9229 601.9635 602.0546 602.0536 602.0855 602.1777 602.1833 602.2745 602.3149 602.3338 602.4267 602.4456 602.4938 602.5765 602.5756 602.6213 602.707 602.7138 602.8055 602.8376 602.8431 602.9344 602.968 602.9991 603.0905 603.098 603.1572 603.229 603.228 603.3105 603.3596 603.3585 603.4438 603.4899 603.4955 603.5877 603.6206 603.6188 603.6906 603.7505 603.7558 603.848 603.8809 603.8799 603.9655 604.011 604.0096 604.0588 604.1413 604.1403 604.1507 604.2413 604.2707 604.2909 604.3823 604.4006 604.3994
-9999 603.2679 601.2834 601.3329 601.3314 601.3293 601.4207 601.4551 601.4995 601.5868 601.5858 601.6177 601.7098 601.7184 601.8105 601.8471 601.866 601.9589 601.9778 602.03 602.1087 602.1079 602.1535 602.2391 602.2498 602.3416 602.3698 602.3831 602.4744 602.5002 602.535 602.6265 602.6301 602.6893 602.7613 602.7603 602.8464 602.8919 602.8907 602.9761 603.0221 603.0276 603.12 603.1528 603.1511 603.2305 603.2827 603.288 603.3802 603.4131 603.4121 603.4977 603.5433 603.5417 603.5948 603.6735 603.6724 603.6906 603.7811 603.8029 603.8268 603.9182 603.9328 603.9315
-9999 603.1417 601.0924 601.0365 601.0773 601.0767 601.1225 601.1405 601.2148 601.2458 601.151 601.2335 601.2813 601.281 601.3466 601.3793 601.3981 601.491 601.5099 601.5661 601.6409 601.6402 601.6857 601.7713 601.7858 601.8778 601.9019 601.923 602.0143 602.0323 602.071 602.1624 602.1623 602.2215 602.2936 602.2926 602.3824 602.4242 602.4229 602.5084 602.5543 602.5598 602.6523 602.6849 602.6835 602.7703 602.8149 602.8201 602.9125 602.9453 602.9443 603.0298 603.0756 603.0741 603.1308 603.2056 603.2046 603.2304 603.321 603.335 603.3628 603.4542 603.465 603.4637
-9999 603.0139 600.9032 601.056 601.0547 601.0833 601.069 601.0375 600.9105 600.8878 600.8285 600.8795 601.1113 601.27 601.2993 601.2952 601.2665 601.2507 601.2322 601.1765 601.1299 601.1307 601.2712 601.3035 601.3218 601.4139 601.4341 601.4629 601.5543 601.5645 601.607 601.6954 601.6945 601.7537 601.8259 601.8268 601.9184 601.9565 601.955 602.0407 602.0864 602.092 602.1846 602.2171 602.2195 602.3102 602.347 602.3523 602.4449 602.4774 602.4764 602.562 602.6079 602.6064 602.6668 602.7378 602.7368 602.7703 602.8609 602.8672 602.8988 602.9902 602.9971 602.9958
-9999 602.8218 600.7151 600.9313 600.956 600.9778 600.85 600.7898 600.797 600.7095 600.599 600.6813 600.8838 601.104 601.128 601.1458 601.0275 600.9247 600.9172 600.8323 600.905 601.0153 600.9575 600.9463 600.9935 601.0605 601.1353 601.1635 601.0992 601.2095 601.2828 601.293 601.2885 601.2858 601.3582 601.363 601.4544 601.4886 601.4872 601.5731 601.6186 601.6241 601.717 601.7493 601.7595 601.85 601.8792 601.8845 601.9772 602.0096 602.0086 602.0942 602.1402 602.1387 602.2029 602.27 602.2689 602.3101 602.4002 602.3994 602.4348 602.5262 602.5293 602.528
-9999 602.6298 600.527 600.55 600.6248 600.7213 600.6213 600.557 600.6985 600.6299 600.443 600.5205 600.726 600.8645 600.7607 600.747 600.7682 600.7635 600.7773 600.6805 600.7977 600.9565 600.9532 600.9003 600.8465 600.7883 600.9415 601.007 600.921 601.014 601.1307 601.0955 601.0493 601.0458 601.0955 601.0935 600.9985 601.076 601.2397 601.2888 601.22 601.2245 601.2493 601.2814 601.2993 601.3899 601.4114 601.4166 601.5095 601.5417 601.5408 601.6263 601.6724 601.671 601.7391 601.8021 601.8011 601.85 601.9326 601.9315 601.9708 602.0621 602.0615 602.0602
-9999 602.4377 600.339 600.2155 600.293 600.4597 600.4637 600.4733 600.5935 600.492 600.323 600.4495 600.6458 600.6775 600.5552 600.533 600.6573 600.7548 600.737 600.6215 600.6805 600.8613 600.9113 600.8433 600.7892 600.708 600.8262 600.863 600.7445 600.8367 600.9345 600.8352 600.8102 600.9113 601.0858 601.1013 600.9158 600.8375 600.9595 601.0935 601.0668 601.052 601.0225 600.9358 600.9025 600.9913 601.1138 601.1465 601.033 600.963 600.9635 601.1815 601.1962 601.2515 601.2752 601.3343 601.3333 601.3898 601.4648 601.4637 601.5067 601.5946 601.5936 601.5925
-9999 602.2457 600.1237 600.1195 600.1215 600.1912 600.3378 600.5038 600.5235 600.3705 600.2704 600.425 600.5443 600.5398 600.504 600.52 600.6218 600.603 600.4635 600.4792 600.6165 600.6765 600.758 600.6323 600.522 600.5997 600.7234 600.6605 600.529 600.6665 600.8135 600.7638 600.7607 600.8098 600.8898 600.916 600.7597 600.6483 600.6775 600.7117 600.7628 600.7928 600.883 600.841 600.7599 600.9 600.9215 600.7938 600.772 600.786 600.7455 600.8533 601.0013 601.1577 601.2127 601.1763 601.0327 600.963 601.0018 600.9515 601.1075 601.217 601.1765 601.0938
