samples/sfe_24/sfe_24_c1/sfe_24_c1/sfe_24_c1.asc
ncols         275
nrows         75
xllcorner     98.60000000149
yllcorner     70.60000000149
cellsize      0.7
NODATA_value  -9999
[rows 0 to 27 of 75, columns 64 to 127 of 275]
605.4124 605.4114 605.4104 605.4094 605.4079 605.4067 605.4058 605.4049 605.4039 605.4029 605.402 605.4009 605.3994 605.3988 605.3973 605.3964 605.3953 605.3944 605.3934 605.3923 605.3916 605.3903 605.3888 605.3878 605.3868 605.3857 605.3848 605.3839 605.383 605.3817 605.3802 605.379 605.378 605.3772 605.3762 605.3752 605.3742 605.3729 605.3714 605.3704 605.3694 605.3683 605.3674 605.3664 605.3654 605.3641 605.3628 605.3616 605.3605 605.3596 605.3586 605.3575 605.3566 605.3553 605.3538 605.3528 605.352 605.3508 605.3498 605.3488 605.3477 605.3465 605.345 605.3445
605.3632 605.3622 605.3611 605.3608 605.3593 605.3582 605.3572 605.3571 605.3561 605.3551 605.3539 605.3537 605.3521 605.3514 605.3501 605.3498 605.3488 605.3478 605.3466 605.3464 605.3456 605.3442 605.3428 605.3423 605.3414 605.3403 605.3394 605.3385 605.3381 605.3369 605.3354 605.3342 605.3333 605.3329 605.332 605.3309 605.33 605.3286 605.3271 605.3267 605.3257 605.3246 605.3237 605.3227 605.3217 605.3201 605.3196 605.3184 605.3174 605.3164 605.3154 605.3144 605.3134 605.312 605.3106 605.3101 605.3094 605.3081 605.3071 605.3061 605.3051 605.3038 605.3024 605.3019
605.314 605.313 605.3117 605.3123 605.3108 605.3098 605.3088 605.3092 605.3082 605.3073 605.3058 605.3065 605.3049 605.304 605.303 605.3032 605.3022 605.3013 605.2998 605.3004 605.2996 605.2981 605.2969 605.2969 605.2961 605.2949 605.2939 605.2931 605.2933 605.2921 605.2906 605.2894 605.2885 605.2887 605.2877 605.2867 605.2857 605.2842 605.2829 605.283 605.282 605.2809 605.28 605.279 605.2778 605.2765 605.2764 605.2753 605.2742 605.2733 605.2723 605.2712 605.2703 605.2687 605.2676 605.2675 605.2667 605.2654 605.2645 605.2634 605.2624 605.2612 605.2598 605.2592
605.2648 605.2639 605.2623 605.2637 605.2622 605.2613 605.2604 605.2614 605.2604 605.2595 605.2581 605.2593 605.2576 605.2567 605.256 605.2567 605.2556 605.2548 605.2533 605.2545 605.2535 605.252 605.251 605.2515 605.2507 605.2495 605.2484 605.2474 605.2485 605.2473 605.2457 605.2447 605.2438 605.2444 605.2435 605.2424 605.2415 605.2399 605.2387 605.2393 605.2383 605.2372 605.2363 605.2353 605.2339 605.2333 605.2332 605.2321 605.2311 605.2301 605.2291 605.2281 605.2271 605.2254 605.2246 605.2249 605.2241 605.2227 605.2219 605.2207 605.2197 605.2184 605.2171 605.2166
605.2156 605.2147 605.2131 605.2151 605.2136 605.2128 605.212 605.2135 605.2125 605.2114 605.2109 605.2121 605.2104 605.2095 605.2094 605.2101 605.209 605.208 605.2073 605.2085 605.2076 605.2059 605.2051 605.2061 605.2054 605.2041 605.2028 605.2018 605.2037 605.2025 605.2009 605.1999 605.1987 605.2001 605.1992 605.1982 605.1971 605.1955 605.1946 605.1956 605.1946 605.1935 605.1926 605.1916 605.1901 605.1902 605.19 605.1889 605.1879 605.1869 605.1859 605.1849 605.1839 605.1823 605.1819 605.1822 605.1815 605.1801 605.1792 605.178 605.177 605.1758 605.1744 605.174
605.1664 605.1654 605.164 605.1666 605.1651 605.1644 605.1637 605.1656 605.1647 605.1634 605.1637 605.1649 605.1631 605.1624 605.1628 605.1635 605.1625 605.1613 605.1614 605.1625 605.1616 605.16 605.1593 605.1608 605.16 605.1588 605.1573 605.1569 605.1589 605.1576 605.1561 605.1551 605.1537 605.1559 605.1549 605.1539 605.1529 605.1512 605.1504 605.1519 605.1509 605.1498 605.1489 605.1479 605.1463 605.147 605.1468 605.1458 605.1447 605.1437 605.1428 605.1417 605.1407 605.1392 605.1393 605.1396 605.1388 605.1374 605.1366 605.1354 605.1343 605.1331 605.1318 605.1313
605.1172 605.1161 605.1152 605.118 605.1166 605.1159 605.1158 605.1178 605.1168 605.1154 605.1165 605.1177 605.116 605.1152 605.1162 605.1169 605.1159 605.1145 605.1154 605.1165 605.1155 605.1141 605.1138 605.1154 605.1146 605.1133 605.1119 605.1121 605.114 605.1128 605.1113 605.1103 605.1092 605.1116 605.1107 605.1096 605.1086 605.1069 605.1062 605.1082 605.1072 605.1061 605.1052 605.1042 605.1027 605.1038 605.1036 605.1026 605.1016 605.1006 605.0996 605.0986 605.0975 605.0961 605.0967 605.0969 605.0962 605.0947 605.0939 605.0927 605.0916 605.0904 605.0892 605.0886
605.0681 605.0667 605.0668 605.0695 605.0681 605.0674 605.0679 605.0699 605.069 605.0677 605.0693 605.0704 605.0687 605.0681 605.0696 605.0704 605.0693 605.068 605.0695 605.0705 605.0695 605.0682 605.0684 605.07 605.0692 605.0679 605.0666 605.0673 605.0692 605.0679 605.0664 605.0656 605.0649 605.0674 605.0664 605.0654 605.0644 605.0627 605.0617 605.0645 605.0635 605.0624 605.0615 605.0605 605.0591 605.0607 605.0604 605.0594 605.0584 605.0574 605.0565 605.0554 605.0543 605.053 605.054 605.0543 605.0535 605.0521 605.0512 605.05 605.049 605.0477 605.0466 605.046
605.0189 605.0174 605.0182 605.0209 605.0195 605.019 605.02 605.0221 605.0211 605.0199 605.0221 605.0231 605.0215 605.0209 605.0229 605.0238 605.0228 605.0215 605.0235 605.0245 605.0235 605.0223 605.023 605.0247 605.0238 605.0225 605.0213 605.0225 605.0244 605.0231 605.0216 605.0206 605.0207 605.0231 605.0222 605.0211 605.0201 605.0185 605.0173 605.0208 605.0197 605.0187 605.0177 605.0167 605.0155 605.0175 605.0173 605.0162 605.0153 605.0142 605.0132 605.0123 605.0111 605.0099 605.0114 605.0117 605.0109 605.0094 605.0085 605.0073 605.0063 605.0051 605.0039 605.0033
604.9697 604.9681 604.9697 604.9724 604.9711 604.9705 604.9721 604.9742 604.9733 604.9722 604.9749 604.9759 604.9744 604.9734 604.9763 604.9772 604.9762 604.975 604.9775 604.9785 604.9775 604.9764 604.9776 604.9793 604.9784 604.9771 604.976 604.9777 604.9796 604.9783 604.9768 604.9756 604.9764 604.9789 604.9779 604.9769 604.9759 604.9743 604.9736 604.9771 604.976 604.975 604.974 604.973 604.9718 604.9743 604.9741 604.9731 604.972 604.9711 604.9701 604.9691 604.9679 604.9668 604.9688 604.969 604.9683 604.9668 604.9659 604.9646 604.9636 604.9623 604.9612 604.9606
604.9205 604.9189 604.9212 604.9238 604.9225 604.9218 604.9243 604.9264 604.9254 604.9242 604.9277 604.9286 604.9271 604.9261 604.9297 604.9307 604.9296 604.9285 604.9316 604.9325 604.9315 604.9304 604.9322 604.9339 604.933 604.9317 604.9307 604.9328 604.9348 604.9335 604.9319 604.9306 604.9322 604.9346 604.9336 604.9326 604.9316 604.9301 604.9299 604.9333 604.9323 604.9313 604.9303 604.9292 604.9279 604.9312 604.9309 604.9299 604.9289 604.9279 604.9269 604.9259 604.9247 604.9234 604.9261 604.9264 604.9256 604.9241 604.9232 604.9219 604.9209 604.9197 604.9186 604.9179
604.8713 604.8698 604.8727 604.8752 604.874 604.8731 604.8763 604.8786 604.8776 604.8764 604.8804 604.8814 604.8799 604.8791 604.8831 604.884 604.8831 604.8817 604.8856 604.8865 604.8855 604.8842 604.8868 604.8885 604.8876 604.8863 604.8853 604.888 604.8899 604.8887 604.8871 604.8859 604.8879 604.8903 604.8893 604.8884 604.8873 604.8859 604.8862 604.8896 604.8886 604.8876 604.8866 604.8854 604.8843 604.888 604.8878 604.8868 604.8857 604.8848 604.8838 604.8828 604.8815 604.8802 604.8835 604.8837 604.883 604.8815 604.8805 604.8793 604.8782 604.877 604.876 604.8752
604.8221 604.8207 604.8242 604.8267 604.8255 604.8247 604.8284 604.8307 604.8297 604.8292 604.8333 604.8342 604.8328 604.8325 604.8365 604.8375 604.8365 604.8357 604.8397 604.8405 604.8395 604.8382 604.8414 604.8432 604.8422 604.8409 604.8398 604.8431 604.8451 604.8438 604.8423 604.8411 604.8436 604.8461 604.8451 604.8441 604.8431 604.8416 604.8425 604.8459 604.8449 604.8439 604.8429 604.8416 604.8412 604.8448 604.8446 604.8436 604.8426 604.8416 604.8406 604.8396 604.8383 604.8372 604.8408 604.8411 604.8403 604.8389 604.8378 604.8365 604.8355 604.8343 604.8334 604.8325
604.7729 604.7714 604.7757 604.7781 604.777 604.7764 604.7806 604.7829 604.7818 604.782 604.7861 604.7869 604.7855 604.7858 604.7899 604.7909 604.7899 604.7897 604.7937 604.7945 604.7935 604.7924 604.796 604.7979 604.7968 604.7955 604.7945 604.7983 604.8002 604.799 604.7975 604.7964 604.7994 604.8018 604.8008 604.7998 604.7988 604.7972 604.7988 604.8022 604.8012 604.8002 604.7992 604.7978 604.798 604.8016 604.8015 604.8004 604.7994 604.7984 604.7974 604.7964 604.795 604.7946 604.7982 604.7985 604.7977 604.7962 604.7951 604.7939 604.7928 604.7916 604.7907 604.7899
604.7237 604.7221 604.7272 604.7296 604.7285 604.7285 604.7327 604.735 604.7339 604.7347 604.7388 604.7396 604.7383 604.7393 604.7432 604.7443 604.7432 604.7438 604.7477 604.7485 604.7475 604.7467 604.7505 604.7524 604.7513 604.7501 604.7497 604.7535 604.7554 604.7542 604.7526 604.7514 604.7551 604.7576 604.7566 604.7556 604.7546 604.7529 604.7551 604.7585 604.7575 604.7565 604.7555 604.7542 604.7548 604.7585 604.7582 604.7573 604.7562 604.7552 604.7543 604.7532 604.7518 604.752 604.7556 604.7558 604.7551 604.7536 604.7524 604.7512 604.7502 604.749 604.748 604.7472
604.6745 604.6735 604.6786 604.681 604.68 604.6806 604.6848 604.6872 604.6859 604.6876 604.6917 604.6924 604.6911 604.6926 604.6966 604.6978 604.6966 604.6978 604.7018 604.7025 604.7015 604.7013 604.7051 604.7071 604.7059 604.7047 604.7049 604.7087 604.7106 604.7094 604.7078 604.7071 604.7109 604.7133 604.7123 604.7113 604.7103 604.7087 604.7114 604.7148 604.7138 604.7128 604.7118 604.7104 604.7117 604.7153 604.7151 604.7141 604.7131 604.7121 604.7111 604.7101 604.7087 604.7093 604.7129 604.7132 604.7124 604.7109 604.7098 604.7085 604.7075 604.7062 604.7054 604.7045
604.6253 604.6249 604.6301 604.6324 604.6315 604.6327 604.6368 604.6393 604.6381 604.6404 604.6444 604.6451 604.6439 604.646 604.65 604.6512 604.65 604.6519 604.6558 604.6564 604.6555 604.6559 604.6597 604.6617 604.6605 604.6592 604.66 604.6639 604.6658 604.6645 604.663 604.6628 604.6666 604.669 604.668 604.6671 604.666 604.6644 604.6677 604.6711 604.6701 604.6691 604.6681 604.6668 604.6685 604.6722 604.6719 604.6709 604.6699 604.6689 604.6679 604.6669 604.6656 604.6667 604.6702 604.6705 604.6697 604.6683 604.6671 604.6658 604.6648 604.6636 604.6628 604.6618
604.5761 604.5764 604.5816 604.5839 604.5829 604.5848 604.589 604.5915 604.5903 604.5931 604.5972 604.5979 604.5967 604.5994 604.6034 604.6046 604.6035 604.6059 604.6099 604.6104 604.6094 604.6105 604.6143 604.6164 604.6151 604.6138 604.6152 604.619 604.621 604.6197 604.6182 604.6186 604.6224 604.6248 604.6238 604.6228 604.6218 604.6203 604.624 604.6274 604.6264 604.6254 604.6244 604.6231 604.6254 604.629 604.6288 604.6277 604.6268 604.6257 604.6248 604.6238 604.6225 604.624 604.6276 604.6279 604.6271 604.6257 604.6244 604.6232 604.6221 604.6209 604.6202 604.6191
604.5269 604.5279 604.5331 604.5354 604.5344 604.5369 604.5411 604.5436 604.5424 604.546 604.55 604.5507 604.5494 604.5527 604.5568 604.5579 604.5569 604.5599 604.5639 604.5645 604.5635 604.5651 604.5689 604.571 604.5697 604.5684 604.5704 604.5742 604.5761 604.5748 604.5733 604.5743 604.5781 604.5805 604.5795 604.5786 604.5775 604.5766 604.5803 604.5837 604.5826 604.5817 604.5806 604.5793 604.5822 604.5858 604.5856 604.5846 604.5836 604.5826 604.5816 604.5806 604.5793 604.5814 604.585 604.5852 604.5845 604.583 604.5817 604.5805 604.5795 604.5782 604.5775 604.5765
604.4777 604.4794 604.4846 604.4869 604.4859 604.489 604.4932 604.4958 604.4946 604.4987 604.5028 604.5034 604.5021 604.5061 604.5101 604.5113 604.5103 604.514 604.5179 604.5184 604.5175 604.5197 604.5235 604.5256 604.5243 604.5229 604.5256 604.5294 604.5313 604.53 604.5285 604.5301 604.5338 604.5363 604.5353 604.5343 604.5333 604.5329 604.5366 604.54 604.5389 604.538 604.5369 604.5356 604.539 604.5427 604.5424 604.5414 604.5404 604.5394 604.5384 604.5374 604.5361 604.5388 604.5424 604.5425 604.5417 604.5403 604.539 604.5378 604.5367 604.5356 604.5348 604.5338
604.4318 604.4309 604.4361 604.4384 604.4374 604.4411 604.4453 604.4479 604.4474 604.4515 604.4556 604.4561 604.4555 604.4595 604.4635 604.4647 604.4641 604.468 604.472 604.4724 604.4714 604.4742 604.4781 604.4803 604.4789 604.4775 604.4808 604.4846 604.4865 604.4852 604.4837 604.4858 604.4896 604.492 604.491 604.4901 604.489 604.4891 604.4929 604.4963 604.4952 604.4943 604.4932 604.4922 604.4958 604.4995 604.4993 604.4982 604.4973 604.4962 604.4952 604.4941 604.493 604.4961 604.4997 604.4999 604.4991 604.4977 604.4963 604.4951 604.4941 604.493 604.4921 604.4911
604.0038 604.0633 604.0617 604.0701 604.1622 604.1921 604.1911 604.2233 604.3161 604.3215 604.32 604.3538 604.418 604.4167 604.4169 604.4181 604.4182 604.4221 604.426 604.4264 604.4254 604.4288 604.4327 604.4349 604.4335 604.4321 604.4359 604.4398 604.4417 604.4404 604.4388 604.4415 604.4453 604.4478 604.4468 604.4458 604.4448 604.4454 604.4492 604.4526 604.4515 604.4506 604.4495 604.449 604.4527 604.4563 604.4561 604.4551 604.4541 604.4531 604.4521 604.4509 604.4499 604.4535 604.457 604.4572 604.4564 604.4551 604.4537 604.4525 604.4514 604.4503 604.4495 604.4484
603.5362 603.5956 603.5939 603.6063 603.6983 603.7243 603.7233 603.7556 603.8483 603.8538 603.8524 603.8936 603.9838 603.9826 603.9818 604.0136 604.1058 604.1113 604.1104 604.1183 604.2097 604.241 604.2399 604.2387 604.2601 604.3507 604.3686 604.3676 604.3666 604.3728 604.3975 604.3973 604.4011 604.4034 604.4025 604.4015 604.4005 604.4017 604.4055 604.4089 604.4078 604.4069 604.4058 604.4059 604.4095 604.4131 604.413 604.4119 604.4109 604.4099 604.4089 604.4077 604.4072 604.4108 604.4144 604.4145 604.4137 604.4125 604.411 604.4097 604.4087 604.4077 604.4067 604.4057
603.0685 603.1278 603.1262 603.1424 603.2343 603.2565 603.2554 603.2879 603.3805 603.3861 603.3846 603.4335 603.5161 603.5148 603.514 603.546 603.6381 603.6437 603.6426 603.6544 603.7458 603.7733 603.7721 603.7711 603.8 603.8906 603.9009 603.8998 603.8989 603.9164 604.0062 604.0285 604.0275 604.0265 604.0255 604.0245 604.1063 604.1558 604.1544 604.1532 604.1522 604.1512 604.2026 604.2825 604.281 604.2798 604.2788 604.2778 604.2768 604.2758 604.2788 604.3094 604.3723 604.3715 604.3718 604.3718 604.371 604.3698 604.3683 604.3671 604.366 604.3651 604.3641 604.363
602.6006 602.66 602.6584 602.6786 602.7703 602.7886 602.7876 602.8203 602.9127 602.9183 602.917 602.9734 603.0482 603.0469 603.0462 603.0782 603.1704 603.176 603.175 603.1906 603.2819 603.3056 603.3043 603.3033 603.3398 603.4304 603.4332 603.4319 603.4312 603.4599 603.5499 603.5609 603.5599 603.5588 603.5576 603.5643 603.6534 603.688 603.6865 603.6855 603.6844 603.6835 603.7501 603.8149 603.8134 603.8121 603.8111 603.8101 603.8091 603.8081 603.8298 603.8604 603.9379 603.9367 603.9357 603.9344 603.9337 603.9325 603.931 603.9297 603.9287 603.9277 603.9377 603.9431
602.1328 602.1921 602.1908 602.2147 602.3062 602.3208 602.3198 602.3525 602.4448 602.4504 602.4493 602.5132 602.5804 602.5791 602.5784 602.6106 602.7027 602.7083 602.7073 602.7267 602.8181 602.8379 602.8364 602.8354 602.8797 602.9666 602.9653 602.9641 602.9634 603.0035 603.0938 603.0931 603.0922 603.0911 603.0898 603.1115 603.2009 603.2202 603.2188 603.2178 603.2168 603.2154 603.2975 603.3472 603.3456 603.3444 603.3434 603.3424 603.3414 603.3401 603.3808 603.4114 603.47 603.469 603.468 603.4668 603.466 603.4648 603.4633 603.462 603.461 603.46 603.4888 603.4941
601.665 601.7243 601.7231 601.7508 601.8422 601.853 601.8519 601.8848 601.977 601.9826 601.9816 602.0531 602.1125 602.1113 602.1105 602.1429 602.235 602.2406 602.2396 602.2628 602.3542 602.3702 602.3686 602.3676 602.4196 602.4988 602.4975 602.4963 602.4955 602.547 602.6266 602.6255 602.6245 602.6235 602.6219 602.6586 602.7483 602.7523 602.7511 602.7501 602.7491 602.7551 602.8449 602.8795 602.878 602.8767 602.8757 602.8747 602.8735 602.8722 602.9316 602.9624 603.0023 603.0013 603.0004 602.9991 602.9984 602.9971 602.9956 602.9943 602.9933 602.9922 603.0398 603.0451
601.2242 601.2565 601.2554 601.2868 601.3782 601.3851 601.3841 601.417 601.5092 601.5148 601.5138 601.593 601.6447 601.6434 601.6427 601.6752 601.7673 601.7729 601.7719 601.799 601.8903 601.9025 601.9008 601.8998 601.9594 602.0311 602.0297 602.0284 602.0277 602.0908 602.1588 602.1578 602.1568 602.1558 602.1541 602.2059 602.2861 602.2845 602.2834 602.2824 602.2814 602.3025 602.3923 602.4118 602.4103 602.409 602.408 602.407 602.4057 602.4128 602.4825 602.5134 602.5347 602.5336 602.5327 602.5314 602.5306 602.5294 602.5279 602.5267 602.5256 602.5243 602.5908 602.5961
