samples/sfe_95/sfe_95_c3/sfe_95_c3/sfe_95_c3.asc
ncols         647
nrows         184
xllcorner     100
yllcorner     8
cellsize      1
NODATA_value  -9999
[rows 145 to 173 of 184, columns 448 to 511 of 647]
598.861 598.871 598.8815 598.8925 598.904 598.9155 598.912 598.9235 598.932 598.9435 598.919 598.9125 598.9235 598.9345 598.945 598.9535 598.962 598.97 598.9795 598.9895 598.9825 598.956 598.9605 598.9505 598.9595 598.9685 598.977 598.9855 598.994 599.0025 599.0115 598.9855 598.969 598.978 598.987 598.9945 599.0035 599.002 599.0115 598.9925 598.989 598.9995 599.01 599.0185 599.028 599.0275 599.014 599.0225 599.0345 599.0345 599.0465 599.059 599.072 599.0605 599.065 599.0785 599.092 599.1055 599.1195 599.129 599.1325 599.139 599.152 599.1605
598.7865 598.797 598.8075 598.8185 598.83 598.842 598.8235 598.817 598.823 598.8345 598.828 598.8395 598.8515 598.8625 598.873 598.881 598.887 598.8955 598.9055 598.915 598.9245 598.897 598.8805 598.8895 598.8985 598.907 598.916 598.9245 598.9335 598.9295 598.938 598.9345 598.918 598.927 598.9344 598.941 598.9495 598.9375 598.9315 598.9255 598.9355 598.9455 598.9565 598.966 598.977 598.9875 598.9725 598.9785 598.9905 599.0025 599.0145 599.022 599.0335 599.042 599.046 599.0595 599.073 599.0865 599.0995 599.1045 599.115 599.123 599.139 599.154
598.7115 598.7225 598.7335 598.745 598.7565 598.7679 598.75 598.735 598.741 598.753 598.764 598.7755 598.7865 598.7975 598.809 598.817 598.823 598.821 598.831 598.8385 598.848 598.8445 598.828 598.8375 598.8465 598.8555 598.8645 598.873 598.8605 598.8565 598.861 598.858 598.867 598.876 598.8835 598.889 598.896 598.884 598.889 598.8915 598.9015 598.9115 598.9225 598.932 598.943 598.9515 598.9555 598.9635 598.9755 598.9875 599 599.0075 599.0085 599.014 599.027 599.0405 599.054 599.0675 599.0815 599.0865 599.1365 599.1525 599.1685 599.187
598.647 598.658 598.669 598.667 598.679 598.691 598.7035 598.702 598.687 598.699 598.7095 598.718 598.729 598.7405 598.752 598.762 598.769 598.758 598.7525 598.76 598.77 598.7795 598.776 598.7855 598.7945 598.8035 598.8125 598.8215 598.8305 598.809 598.8135 598.823 598.832 598.8415 598.8485 598.8535 598.858 598.8676 598.87 598.8765 598.8865 598.897 598.9075 598.9165 598.921 598.9295 598.941 598.949 598.961 598.9735 598.986 599.0305 599.0305 599.0405 599.0535 599.067 599.0805 599.112 599.1255 599.157 599.2065 599.224 599.246 599.294
598.592 598.603 598.593 598.588 598.597 598.6095 598.6215 598.6345 598.6335 598.6455 598.655 598.662 598.6715 598.6835 598.695 598.7065 598.7159 598.726 598.708 598.713 598.723 598.733 598.742 598.7515 598.761 598.7685 598.775 598.784 598.792 598.7955 598.7955 598.8045 598.8135 598.8225 598.8315 598.836 598.838 598.845 598.855 598.8615 598.8715 598.882 598.8925 598.903 598.948 598.9535 598.965 598.9765 598.9885 599.0005 599.033 599.059 599.1025 599.1125 599.1255 599.1385 599.195 599.223 599.233 599.246 599.2775 599.2965 599.321 599.348
598.537 598.548 598.5595 598.542 598.548 598.5605 598.572 598.5835 598.5959 598.609 598.619 598.626 598.635 598.647 598.6575 598.666 598.6775 598.6875 598.6945 598.697 598.707 598.717 598.727 598.736 598.745 598.7515 598.7545 598.761 598.7679 598.7735 598.777 598.7865 598.7955 598.8045 598.814 598.8225 598.8665 598.8715 598.8815 598.8915 598.9015 598.9115 598.9225 598.95 598.9775 599.024 599.035 599.0465 599.058 599.0695 599.122 599.1485 599.174 599.1855 599.1975 599.2105 599.2235 600.1655 600.17 600.181 600.1915 600.2065 600.2275 600.6835
598.497 598.508 598.5195 598.5235 598.5315 598.5446 598.5555 598.5656 598.5755 598.5885 598.5985 598.608 598.619 598.631 598.6415 598.6479 598.6535 598.664 598.671 598.681 598.6915 598.7015 598.711 598.7205 598.7295 598.736 598.7405 598.7865 598.7935 598.7985 598.806 598.8155 598.8245 598.8335 598.8645 598.871 598.9185 598.947 598.9565 598.9666 598.9764 598.9865 598.997 599.0245 599.0865 599.0945 599.1055 599.1165 599.128 599.139 599.191 599.197 600.109 600.1195 600.1295 600.14 600.1505 601.047 601.9415 601.9485 601.954 601.964 601.9765 602.423
598.472 598.4835 598.495 598.5031 598.515 598.5275 598.537 598.5455 598.5555 598.568 598.5795 598.592 598.603 598.615 598.6245 598.6755 598.681 598.692 598.7025 598.7125 598.723 598.7325 598.741 598.7505 598.78 598.7896 598.815 598.861 598.868 598.8755 598.8831 598.892 598.901 598.952 598.98 598.9845 599.013 599.0225 599.032 599.0415 599.0515 599.0615 599.0715 599.1165 600.036 600.044 600.051 600.062 600.069 600.08 600.5415 600.9969 601.9045 601.9125 601.918 601.9215 601.9295 602.819 603.709 603.713 603.7145 603.713 603.721 604.589
598.5015 598.512 598.524 598.536 598.546 598.558 598.5685 598.575 598.5855 598.5985 598.611 598.646 598.655 598.6665 598.6785 598.7095 598.76 598.771 598.7815 598.791 598.801 598.8105 598.8185 598.8255 598.8755 598.9035 598.908 598.9355 598.9435 598.952 598.9595 598.9685 598.977 598.986 599.968 599.971 599.9805 599.9865 599.994 600.0035 600.0095 600.0175 600.484 601.407 601.866 601.869 601.874 601.881 601.884 602.793 603.248 603.7035 603.7045 603.703 603.704 603.7075 603.7065 604.5959 604.5955 604.6285 604.6965 604.73 604.729 604.7625
598.584 598.5945 598.606 598.6155 598.6255 598.6355 598.6455 598.656 598.6665 598.679 598.691 598.726 598.781 598.7865 598.7975 598.8285 598.8395 598.8495 598.86 598.8695 598.8795 598.8885 598.8965 598.902 598.9505 599.905 599.9095 599.9165 599.922 599.9305 599.937 599.9445 600.417 600.426 601.3625 601.833 601.835 601.841 601.8459 601.848 601.854 601.8585 602.321 603.2385 603.6975 603.698 603.699 603.698 603.701 604.6055 604.6045 604.6369 604.7037 604.739 604.7379 604.7364 604.7355 604.7695 604.8374 604.9054 604.9734 605.0069 605.0059 605.0393
598.666 598.6765 598.6875 598.696 598.703 598.713 598.725 598.736 598.7475 598.7595 598.771 598.783 599.809 599.8125 599.8215 599.8304 599.839 599.8475 599.8555 599.8635 599.8715 599.879 599.8845 599.8885 600.3676 600.8465 601.798 601.8015 601.8055 601.809 601.8125 601.8165 602.7545 603.226 603.6925 603.693 603.6935 603.6945 603.6955 603.696 603.697 603.6975 604.6145 604.613 604.6459 604.7126 604.7479 604.7469 604.7454 604.7755 604.8422 604.909 604.9758 605.0159 605.0148 605.0132 605.0124 605.0464 605.1144 605.1823 605.2503 605.2838 605.2828 605.3162
599.699 599.7075 599.7185 599.724 599.7285 599.7375 599.745 599.755 599.7645 599.7765 600.2705 600.2785 600.771 601.7485 601.7515 601.7565 601.763 601.7655 601.7705 601.775 601.781 601.783 601.7865 601.789 602.738 603.6895 603.69 603.69 603.6906 603.691 603.691 603.6915 604.6265 604.625 604.6573 604.7229 604.7595 604.7584 604.7579 604.7569 604.7559 604.7544 604.7844 604.8511 604.9179 604.9846 605.0248 605.0238 605.0223 605.0475 605.1143 605.1811 605.2479 605.2928 605.2916 605.2902 605.2893 605.3232 605.3913 605.4593 605.5272 605.5607 605.5598 605.593
601.685 601.69 601.695 601.699 601.7015 601.7045 601.71 601.715 601.7205 602.7005 603.1945 603.196 603.682 603.681 603.684 603.6844 603.6835 603.686 603.6865 603.6875 603.687 603.689 603.689 603.6875 604.6365 604.635 604.6679 604.7346 604.7699 604.7684 604.7669 604.7659 604.7935 604.8591 604.9246 604.9902 605.0365 605.0353 605.0347 605.0337 605.0327 605.0312 605.0564 605.1232 605.1899 605.2567 605.3016 605.3007 605.2991 605.3196 605.3864 605.4532 605.52 605.5698 605.5685 605.567 605.5662 605.6001 605.6682 605.7362 605.8042 605.8376 605.8367 605.8699
603.6725 603.674 603.6755 603.6755 603.675 603.676 603.677 603.678 603.6785 604.6545 604.653 604.6848 604.7491 604.7878 604.7864 604.7849 604.7839 604.7824 604.7809 604.7805 604.7799 604.7789 604.7774 604.7759 604.8063 604.8731 604.9398 605.0066 605.0467 605.0452 605.0438 605.0428 605.0608 605.1264 605.192 605.2576 605.3135 605.3121 605.3115 605.3105 605.3094 605.308 605.3283 605.3951 605.4619 605.5287 605.5785 605.5775 605.576 605.5917 605.6584 605.7252 605.792 605.8467 605.8453 605.8438 605.8431 605.877 605.9451 606.0131 606.0811 606.1146 606.1136 606.1467
604.8029 604.8024 604.8019 604.8004 604.7988 604.7979 604.7969 604.7955 604.7939 604.8186 604.883 604.9474 605.0118 605.0646 605.0633 605.0616 605.0607 605.0592 605.0578 605.0574 605.0567 605.0557 605.0542 605.0528 605.0783 605.145 605.2118 605.2785 605.3235 605.322 605.3207 605.3196 605.3282 605.3937 605.4594 605.5249 605.5905 605.589 605.5883 605.5873 605.5862 605.5847 605.6002 605.6672 605.7339 605.8007 605.8553 605.8544 605.8528 605.8638 605.9305 605.9973 606.0641 606.1236 606.1222 606.1207 606.1201 606.1538 606.222 606.29 606.358 606.3915 606.3906 606.4236
605.0797 605.0792 605.0786 605.0771 605.0756 605.0746 605.0736 605.0723 605.0708 605.0813 605.1457 605.2101 605.2745 605.339 605.3401 605.3384 605.3375 605.336 605.3347 605.3344 605.3335 605.3325 605.331 605.3297 605.3503 605.417 605.4837 605.5505 605.6002 605.5988 605.5975 605.5965 605.5955 605.6611 605.7267 605.7922 605.8578 605.8658 605.8651 605.864 605.863 605.8615 605.8722 605.9391 606.006 606.0727 606.1322 606.1312 606.1297 606.1359 606.2026 606.2694 606.3362 606.4005 606.399 606.3976 606.397 606.4307 606.4989 606.567 606.6349 606.6685 606.6674 606.7004
605.3564 605.356 605.3553 605.3538 605.3523 605.3513 605.3503 605.3491 605.3477 605.3464 605.4084 605.4728 605.5372 605.6017 605.617 605.6152 605.6143 605.6128 605.6115 605.6113 605.6102 605.6093 605.6078 605.6065 605.6222 605.6889 605.7557 605.8224 605.877 605.8755 605.8744 605.8734 605.8724 605.9284 605.994 606.0596 606.1252 606.1427 606.1418 606.1408 606.1398 606.1383 606.1441 606.2111 606.278 606.3447 606.4091 606.4081 606.4066 606.408 606.4747 606.5415 606.6083 606.675 606.676 606.6744 606.674 606.7075 606.7758 606.8439 606.9119 606.9454 606.9443 606.9773
605.6332 605.6328 605.632 605.6305 605.629 605.628 605.627 605.626 605.6245 605.6233 605.6711 605.7355 605.7999 605.8644 605.8937 605.892 605.8911 605.8895 605.8884 605.8882 605.887 605.886 605.8845 605.8834 605.8942 605.9609 606.0276 606.0944 606.1538 606.1523 606.1512 606.1502 606.1492 606.1958 606.2614 606.327 606.3925 606.4196 606.4186 606.4176 606.4166 606.4151 606.416 606.483 606.55 606.6168 606.6835 606.6849 606.6835 606.6825 606.7468 606.8136 606.8804 606.9471 606.9529 606.9514 606.9508 606.9844 607.0526 607.1208 607.1888 607.2224 607.2212 607.2542
605.91 605.9095 605.9087 605.9072 605.9057 605.9047 605.9037 605.9028 605.9014 605.9001 605.9338 605.9982 606.0626 606.1271 606.1704 606.1688 606.1678 606.1663 606.1652 606.1651 606.1638 606.1628 606.1613 606.1602 606.1661 606.2328 606.2996 606.3663 606.4306 606.4291 606.4281 606.4271 606.4261 606.4631 606.5287 606.5943 606.6599 606.6965 606.6954 606.6944 606.6934 606.692 606.6904 606.7549 606.8219 606.8887 606.9555 606.9618 606.9604 606.9594 607.0189 607.0857 607.1525 607.2192 607.2298 607.2283 607.2277 607.2612 607.3295 607.3976 607.4658 607.4993 607.498 607.531
606.1868 606.1863 606.1854 606.184 606.1824 606.1814 606.1804 606.1797 606.1782 606.1768 606.1965 606.2609 606.3253 606.3898 606.4471 606.4456 606.4446 606.4431 606.4421 606.442 606.4406 606.4396 606.4381 606.4371 606.438 606.5048 606.5715 606.6382 606.705 606.7059 606.7049 606.7039 606.7029 606.7305 606.796 606.8616 606.9272 606.9735 606.9723 606.9712 606.9702 606.9688 606.9673 607.0269 607.0939 607.1608 607.2275 607.2386 607.2373 607.2363 607.291 607.3578 607.4246 607.4913 607.5067 607.5052 607.5045 607.5381 607.6063 607.6746 607.7427 607.7762 607.7749 607.8079
606.4636 606.4631 606.4622 606.4606 606.4591 606.4581 606.4572 606.4565 606.4551 606.4536 606.4592 606.5236 606.588 606.6524 606.7169 606.7224 606.7214 606.72 606.719 606.7189 606.7174 606.7164 606.715 606.7139 606.7124 606.7767 606.8434 606.9102 606.9769 606.9828 606.9817 606.9807 606.9798 606.9978 607.0634 607.129 607.1946 607.2505 607.2491 607.248 607.2469 607.2457 607.2441 607.2988 607.3658 607.4327 607.4996 607.5155 607.5143 607.5132 607.563 607.6298 607.6966 607.7634 607.7836 607.7822 607.7814 607.815 607.8832 607.9514 608.0196 608.0531 608.0518 608.0847
606.7404 606.7399 606.7388 606.7374 606.7358 606.7349 606.7339 606.7334 606.7319 606.7304 606.729 606.7863 606.8507 606.9151 606.9796 606.9993 606.9982 606.9968 606.9959 606.9957 606.9942 606.9932 606.9918 606.9907 606.9892 607.0486 607.1154 607.1821 607.2488 607.2596 607.2585 607.2574 607.2567 607.2651 607.3307 607.3963 607.4619 607.5275 607.526 607.5248 607.5237 607.5225 607.521 607.5707 607.6377 607.7047 607.7715 607.7924 607.7912 607.7902 607.8351 607.9019 607.9687 608.0355 608.0606 608.0591 608.0582 608.0919 608.16 608.2283 608.2964 608.33 608.3286 608.3616
607.0173 607.0166 607.0156 607.014 607.0126 607.0116 607.0107 607.0102 607.0087 607.0072 607.0059 607.049 607.1134 607.1778 607.2422 607.2761 607.275 607.2736 607.2728 607.2725 607.271 607.27 607.2687 607.2675 607.266 607.3206 607.3873 607.4541 607.5208 607.5365 607.5353 607.5342 607.5335 607.5325 607.5981 607.6636 607.7292 607.7948 607.8029 607.8015 607.8005 607.7994 607.7979 607.8427 607.9097 607.9766 608.0436 608.0692 608.0681 608.0671 608.1072 608.174 608.2408 608.3076 608.3375 608.336 608.3351 608.3687 608.4369 608.47 608.4695 608.468 608.4742 608.4875
607.2941 607.2933 607.2923 607.2908 607.2892 607.2883 607.2875 607.287 607.2855 607.284 607.2828 607.3116 607.3761 607.4405 607.5049 607.553 607.5518 607.5505 607.5497 607.5493 607.5477 607.5468 607.5455 607.5443 607.5427 607.5925 607.6593 607.726 607.7927 607.8134 607.812 607.811 607.8104 607.8093 607.8654 607.931 607.9966 608.0622 608.0797 608.0783 608.0773 608.0762 608.0747 608.1146 608.1816 608.2485 608.3156 608.3461 608.345 608.344 608.3793 608.4461 608.4785 608.4775 608.476 608.4827 608.4969 608.503 608.502 608.5015 608.5058 608.5191 608.5325 608.5458
607.571 607.57 607.569 607.5675 607.566 607.565 607.5643 607.5637 607.5623 607.5608 607.5598 607.5743 607.6388 607.7032 607.7676 607.8297 607.8286 607.8274 607.8267 607.826 607.8245 607.8235 607.8224 607.821 607.8195 607.8645 607.9312 607.998 608.0647 608.0902 608.0888 608.0878 608.0872 608.0862 608.1328 608.1984 608.2639 608.3295 608.3566 608.3551 608.3541 608.3531 608.3516 608.3865 608.4535 608.4865 608.486 608.485 608.4921 608.5074 608.5141 608.5126 608.5116 608.5162 608.5304 608.5447 608.5589 608.565 608.5639 608.5634 608.5641 608.5774 608.5908 608.6041
607.8477 607.8467 607.8457 607.8442 607.8427 607.8417 607.8411 607.8405 607.8391 607.8375 607.8365 607.837 607.9015 607.9659 608.0303 608.0947 608.1053 608.1042 608.1036 608.1028 608.1013 608.1003 608.0992 608.0978 608.0963 608.1364 608.2032 608.2699 608.3367 608.3671 608.3656 608.3646 608.3641 608.363 608.4001 608.4657 608.498 608.4965 608.495 608.5027 608.5192 608.527 608.5255 608.524 608.5235 608.5229 608.5277 608.543 608.5583 608.5735 608.5803 608.5788 608.5777 608.5781 608.5924 608.6066 608.6209 608.627 608.6259 608.6253 608.6241 608.6357 608.649 608.6624
608.1198 608.1234 608.1224 608.1209 608.1194 608.1184 608.1179 608.1173 608.1158 608.1143 608.1133 608.1116 608.1642 608.2286 608.293 608.3574 608.3821 608.3811 608.3805 608.3796 608.3781 608.3771 608.3761 608.3746 608.3731 608.4084 608.4751 608.508 608.5065 608.505 608.5292 608.5412 608.5407 608.5397 608.5387 608.5372 608.5357 608.5407 608.5572 608.5737 608.5901 608.5979 608.5965 608.595 608.5945 608.5938 608.5938 608.6091 608.6244 608.6397 608.6465 608.645 608.6439 608.6427 608.6544 608.6686 608.6829 608.689 608.6878 608.6873 608.6862 608.694 608.7073 608.7207
608.3782 608.4001 608.3992 608.3976 608.3961 608.3951 608.3947 608.3941 608.3926 608.3911 608.3901 608.3885 608.4269 608.4913 608.523 608.522 608.521 608.5473 608.5605 608.5594 608.558 608.5569 608.556 608.5544 608.553 608.5519 608.551 608.5494 608.5574 608.5815 608.6057 608.6177 608.6172 608.6162 608.6151 608.6136 608.6122 608.6116 608.6281 608.6446 608.6611 608.6688 608.6675 608.666 608.6655 608.6646 608.6635 608.6752 608.6906 608.7058 608.7127 608.7112 608.71 608.709 608.7164 608.7307 608.7449 608.751 608.7497 608.7492 608.7482 608.7523 608.7656 608.779
608.54 608.539 608.5679 608.5813 608.5798 608.5789 608.5784 608.5778 608.5763 608.5748 608.5738 608.5723 608.5708 608.5698 608.5688 608.5777 608.604 608.6303 608.6435 608.6424 608.6409 608.6399 608.6389 608.6374 608.6359 608.6349 608.6339 608.6324 608.6339 608.6581 608.6823 608.6942 608.6937 608.6926 608.6915 608.6899 608.6887 608.6874 608.699 608.7155 608.732 608.7397 608.7385 608.737 608.7365 608.7355 608.7345 608.7414 608.7567 608.772 608.7789 608.7774 608.7761 608.7751 608.7784 608.7927 608.8069 608.813 608.8116 608.8112 608.8101 608.8106 608.8239 608.8373
