samples/sfe_95/sfe_95_c3/sfe_95_c3/sfe_95_c3.asc
ncols         647
nrows         184
xllcorner     100
yllcorner     8
cellsize      1
NODATA_value  -9999
[rows 29 to 57 of 184, columns 320 to 383 of 647]
609.2932 609.2942 609.2936 609.2921 609.2911 609.2896 609.2885 609.2906 609.2913 609.29 609.2891 609.2909 609.2917 609.2906 609.2913 609.2919 609.2914 609.2899 609.2889 609.2874 609.2881 609.289 609.2886 609.2876 609.286 609.285 609.2856 609.2863 609.2852 609.2842 609.283 609.2816 609.2819 609.2822 609.2825 609.2814 609.2801 609.2791 609.2775 609.2764 609.2755 609.2765 609.2768 609.2758 609.2744 609.274 609.2739 609.2739 609.2733 609.2723 609.2708 609.2697 609.2681 609.2671 609.2672 609.2674 609.2677 609.2666 609.2652 609.2639 609.2626 609.2616 609.2613 609.2612
609.2796 609.2805 609.2798 609.2784 609.2774 609.2758 609.2753 609.2773 609.2777 609.2766 609.2758 609.2778 609.2783 609.2775 609.2781 609.2788 609.2782 609.2767 609.2757 609.2744 609.2752 609.2761 609.2756 609.2746 609.273 609.2722 609.2728 609.2734 609.2724 609.2714 609.2701 609.2689 609.2692 609.2695 609.2698 609.2687 609.2674 609.2664 609.2648 609.2637 609.263 609.2641 609.2643 609.2633 609.2617 609.2616 609.2615 609.2615 609.2609 609.2599 609.2583 609.2573 609.2557 609.2547 609.2549 609.2552 609.2554 609.2543 609.253 609.2516 609.2504 609.2494 609.2491 609.2491
609.2659 609.2669 609.266 609.2646 609.2637 609.2621 609.2621 609.2642 609.2641 609.2631 609.2628 609.2648 609.2649 609.2643 609.265 609.2657 609.265 609.2635 609.2625 609.2615 609.2623 609.2631 609.2626 609.2616 609.26 609.2593 609.26 609.2606 609.2595 609.2585 609.2571 609.2562 609.2565 609.2568 609.2571 609.256 609.2547 609.2537 609.2521 609.251 609.2506 609.2517 609.2517 609.2507 609.2492 609.2491 609.2491 609.249 609.2485 609.2475 609.2459 609.2449 609.2433 609.2424 609.2426 609.2429 609.2432 609.2421 609.2407 609.2393 609.2381 609.2371 609.2371 609.2369
609.2523 609.2532 609.2523 609.251 609.2499 609.2485 609.2488 609.2509 609.2505 609.2495 609.2497 609.2517 609.2515 609.2512 609.2519 609.2526 609.2517 609.2504 609.2494 609.2485 609.2493 609.2502 609.2496 609.2485 609.247 609.2465 609.2472 609.2478 609.2466 609.2457 609.2442 609.2435 609.2438 609.2441 609.2444 609.2432 609.242 609.241 609.2394 609.2382 609.2382 609.2393 609.2392 609.2382 609.2368 609.2368 609.2367 609.2366 609.2361 609.2351 609.2335 609.2325 609.2309 609.2301 609.2304 609.2307 609.231 609.2298 609.2285 609.227 609.2259 609.225 609.2249 609.2248
609.2386 609.2396 609.2385 609.2372 609.2361 609.2347 609.2356 609.2377 609.237 609.236 609.2367 609.2386 609.2382 609.2381 609.2388 609.2394 609.2385 609.2372 609.2361 609.2356 609.2364 609.2372 609.2366 609.2354 609.234 609.2338 609.2344 609.235 609.2338 609.2328 609.2313 609.2308 609.2311 609.2314 609.2318 609.2305 609.2293 609.2282 609.2267 609.2253 609.2258 609.2269 609.2267 609.2257 609.2244 609.2244 609.2243 609.2242 609.2236 609.2227 609.2211 609.2201 609.2185 609.2179 609.2181 609.2184 609.2188 609.2175 609.2162 609.2147 609.2136 609.2129 609.2128 609.2126
609.225 609.226 609.2247 609.2236 609.2222 609.2211 609.2224 609.2244 609.2235 609.2225 609.2236 609.2256 609.2248 609.225 609.2256 609.2263 609.2252 609.224 609.2228 609.2227 609.2234 609.2243 609.2235 609.2223 609.221 609.2209 609.2216 609.2222 609.2209 609.2199 609.2184 609.2181 609.2184 609.2188 609.2191 609.2178 609.2166 609.2155 609.2141 609.2126 609.2134 609.2145 609.2141 609.2131 609.212 609.2119 609.2119 609.2118 609.2112 609.2103 609.2087 609.2076 609.2061 609.2056 609.2059 609.2062 609.2065 609.2052 609.204 609.2024 609.2014 609.2007 609.2006 609.2006
609.2114 609.2123 609.2109 609.2098 609.2084 609.2073 609.2092 609.2112 609.21 609.209 609.2106 609.2126 609.2115 609.2119 609.2125 609.2132 609.212 609.2108 609.2095 609.2097 609.2105 609.2114 609.2105 609.2092 609.208 609.2081 609.2087 609.2094 609.2081 609.2071 609.2056 609.2054 609.2057 609.2061 609.2064 609.2051 609.2039 609.2027 609.2014 609.2 609.201 609.2021 609.2016 609.2006 609.1996 609.1995 609.1995 609.1994 609.1989 609.1979 609.1963 609.1951 609.1937 609.1934 609.1937 609.194 609.1942 609.1929 609.1918 609.1902 609.1892 609.1886 609.1885 609.1884
609.1978 609.1987 609.1971 609.1962 609.1946 609.1939 609.1959 609.198 609.1965 609.1955 609.1975 609.1995 609.1982 609.1987 609.1994 609.2001 609.1987 609.1976 609.1963 609.1968 609.1976 609.1984 609.1975 609.1961 609.195 609.1953 609.196 609.1966 609.1952 609.1942 609.1927 609.1927 609.1931 609.1934 609.1937 609.1923 609.1912 609.1899 609.1887 609.1876 609.1886 609.1897 609.1891 609.1879 609.1872 609.1871 609.187 609.187 609.1864 609.1854 609.1839 609.1826 609.1813 609.1812 609.1814 609.1817 609.182 609.1807 609.1795 609.1779 609.1769 609.1765 609.1764 609.1763
609.1841 609.1849 609.1835 609.1824 609.181 609.1807 609.1827 609.1844 609.183 609.1824 609.1844 609.1863 609.1849 609.1856 609.1863 609.187 609.1855 609.1844 609.183 609.1838 609.1846 609.1855 609.1845 609.183 609.182 609.1825 609.1832 609.1838 609.1824 609.1813 609.1799 609.18 609.1804 609.1807 609.181 609.1796 609.1785 609.1771 609.176 609.1752 609.1762 609.1773 609.1766 609.1753 609.1747 609.1747 609.1746 609.1746 609.174 609.173 609.1715 609.1702 609.1689 609.1689 609.1692 609.1695 609.1697 609.1683 609.1672 609.1657 609.1647 609.1643 609.1642 609.1641
609.1705 609.1712 609.1697 609.1688 609.1673 609.1674 609.1695 609.1708 609.1695 609.1694 609.1714 609.1729 609.1718 609.1725 609.1732 609.1738 609.1723 609.1713 609.17 609.1708 609.1717 609.1725 609.1714 609.17 609.1691 609.1697 609.1703 609.171 609.1695 609.1685 609.167 609.1673 609.1677 609.168 609.1683 609.1669 609.1658 609.1644 609.1633 609.1627 609.1638 609.1649 609.164 609.1627 609.1624 609.1623 609.1622 609.1622 609.1616 609.1606 609.1591 609.1577 609.1566 609.1567 609.1569 609.1572 609.1575 609.1561 609.155 609.1534 609.1525 609.1522 609.1521 609.152
609.1568 609.1575 609.156 609.155 609.1536 609.1542 609.1563 609.1572 609.156 609.1563 609.1583 609.1594 609.1587 609.1594 609.16 609.1606 609.1591 609.1581 609.1571 609.1579 609.1588 609.1595 609.1584 609.157 609.1563 609.1569 609.1575 609.1581 609.1566 609.1555 609.1543 609.1547 609.155 609.1553 609.1556 609.1542 609.1531 609.1517 609.1506 609.1503 609.1514 609.1525 609.1515 609.15 609.1499 609.1498 609.1498 609.1497 609.1492 609.1482 609.1467 609.1452 609.1442 609.1444 609.1447 609.145 609.1453 609.1438 609.1428 609.1412 609.1403 609.1401 609.14 609.1399
609.1432 609.1437 609.1423 609.1414 609.1399 609.141 609.143 609.1436 609.1425 609.1433 609.1453 609.146 609.1456 609.1462 609.1469 609.1474 609.146 609.145 609.1442 609.145 609.1458 609.1465 609.1454 609.144 609.1434 609.1441 609.1447 609.1452 609.1438 609.1426 609.1416 609.142 609.1423 609.1426 609.1429 609.1415 609.1404 609.139 609.1378 609.1379 609.139 609.14 609.139 609.1376 609.1375 609.1375 609.1374 609.1373 609.1368 609.1357 609.1343 609.1328 609.1319 609.1321 609.1324 609.1328 609.1331 609.1315 609.1305 609.129 609.1281 609.1279 609.1278 609.1277
609.1295 609.1301 609.1286 609.1275 609.1262 609.1277 609.1298 609.1299 609.129 609.1302 609.1323 609.1326 609.1324 609.1331 609.1339 609.1342 609.1328 609.1318 609.1312 609.132 609.1329 609.1334 609.1324 609.131 609.1307 609.1313 609.132 609.1323 609.1309 609.1296 609.1289 609.1293 609.1296 609.1299 609.1302 609.1288 609.1277 609.1263 609.125 609.1255 609.1266 609.1274 609.1264 609.1252 609.1251 609.1251 609.125 609.1249 609.1243 609.1233 609.1219 609.1204 609.1196 609.1199 609.1202 609.1205 609.1208 609.1193 609.1182 609.1168 609.1159 609.1158 609.1157 609.1156
609.1159 609.1163 609.1149 609.1137 609.1125 609.1145 609.1166 609.1165 609.1155 609.1172 609.1192 609.1192 609.1193 609.12 609.1207 609.121 609.1196 609.1186 609.1183 609.1191 609.1199 609.1204 609.1194 609.118 609.1179 609.1185 609.1191 609.1194 609.1181 609.1167 609.1162 609.1166 609.1169 609.1172 609.1175 609.1161 609.1151 609.1136 609.1122 609.1132 609.1142 609.1149 609.1139 609.1127 609.1127 609.1126 609.1125 609.1125 609.1119 609.1108 609.1095 609.108 609.1074 609.1077 609.108 609.1083 609.1085 609.107 609.1059 609.1046 609.1038 609.1036 609.1036 609.1035
609.1022 609.1026 609.1012 609.0999 609.0992 609.1013 609.1033 609.103 609.1021 609.1041 609.1061 609.1059 609.1062 609.1069 609.1076 609.1078 609.1064 609.1053 609.1053 609.1061 609.107 609.1074 609.1064 609.105 609.105 609.1057 609.1063 609.1064 609.1052 609.1038 609.1036 609.1039 609.1042 609.1046 609.1048 609.1034 609.1024 609.101 609.0997 609.1008 609.1018 609.1024 609.1014 609.1003 609.1003 609.1002 609.1002 609.1001 609.0995 609.0984 609.0971 609.0956 609.0952 609.0955 609.0957 609.096 609.0963 609.0948 609.0936 609.0923 609.0916 609.0916 609.0914 609.0913
609.0886 609.0889 609.0875 609.0861 609.086 609.0881 609.0901 609.0895 609.0891 609.0911 609.0931 609.0926 609.0931 609.0938 609.0945 609.0947 609.0933 609.092 609.0924 609.0932 609.0941 609.0944 609.0934 609.092 609.0922 609.0929 609.0935 609.0936 609.0923 609.0909 609.0909 609.0912 609.0916 609.0919 609.0921 609.0907 609.0897 609.0883 609.0873 609.0883 609.0894 609.0898 609.0888 609.088 609.0879 609.0878 609.0877 609.0876 609.0871 609.0859 609.0847 609.0833 609.0829 609.0832 609.0835 609.0837 609.084 609.0825 609.0813 609.0801 609.0795 609.0794 609.0793 609.0792
609.075 609.0751 609.0738 609.0724 609.0728 609.0748 609.0769 609.0759 609.076 609.078 609.08 609.0793 609.08 609.0807 609.0814 609.0815 609.0801 609.0787 609.0795 609.0803 609.0811 609.0814 609.0803 609.079 609.0794 609.0801 609.0807 609.0806 609.0795 609.0781 609.0782 609.0785 609.0789 609.0792 609.0794 609.078 609.077 609.0756 609.0749 609.0759 609.077 609.0773 609.0762 609.0755 609.0754 609.0754 609.0753 609.0753 609.0747 609.0735 609.0723 609.0709 609.0707 609.0709 609.0712 609.0715 609.0717 609.0703 609.069 609.0678 609.0673 609.0673 609.0671 609.0671
609.0613 609.0613 609.0601 609.0587 609.0596 609.0616 609.0637 609.0624 609.0629 609.0649 609.067 609.0662 609.0668 609.0676 609.0682 609.0683 609.0669 609.0657 609.0665 609.0673 609.0682 609.0684 609.0672 609.066 609.0667 609.0673 609.0679 609.0677 609.0667 609.0652 609.0655 609.0658 609.0662 609.0665 609.0667 609.0653 609.0642 609.0629 609.0624 609.0635 609.0646 609.0648 609.0635 609.0631 609.063 609.063 609.0629 609.0629 609.0623 609.061 609.0599 609.0585 609.0584 609.0587 609.059 609.0593 609.0594 609.058 609.0566 609.0556 609.0552 609.0551 609.0551 609.0549
609.0477 609.0475 609.0464 609.045 609.0463 609.0484 609.0502 609.049 609.0499 609.0519 609.054 609.053 609.0537 609.0544 609.0551 609.0551 609.0538 609.0527 609.0536 609.0544 609.0552 609.0554 609.0541 609.0532 609.0538 609.0544 609.0551 609.0548 609.0538 609.0525 609.0528 609.0532 609.0535 609.0538 609.054 609.0526 609.0515 609.0502 609.05 609.0511 609.0522 609.0522 609.0509 609.0507 609.0506 609.0505 609.0505 609.0504 609.0499 609.0486 609.0474 609.0461 609.0462 609.0464 609.0468 609.0471 609.0472 609.0458 609.0444 609.0434 609.0431 609.043 609.0429 609.0428
609.0341 609.0338 609.0327 609.0313 609.0331 609.0352 609.0366 609.0354 609.0369 609.0389 609.0405 609.0399 609.0406 609.0413 609.042 609.0419 609.0406 609.0398 609.0406 609.0414 609.0423 609.0424 609.041 609.0403 609.041 609.0416 609.0423 609.0419 609.0409 609.0398 609.0401 609.0405 609.0408 609.0411 609.0413 609.0399 609.0387 609.0374 609.0377 609.0388 609.0398 609.0397 609.0383 609.0383 609.0382 609.0381 609.0381 609.038 609.0375 609.0361 609.0349 609.0337 609.0339 609.0342 609.0345 609.0348 609.035 609.0335 609.0322 609.0311 609.0309 609.0308 609.0308 609.0306
609.0204 609.02 609.0189 609.0178 609.0199 609.0219 609.023 609.0219 609.0238 609.0258 609.0271 609.0268 609.0275 609.0282 609.0289 609.0286 609.0274 609.0269 609.0277 609.0285 609.0294 609.0294 609.028 609.0276 609.0282 609.0289 609.0295 609.0291 609.0281 609.0271 609.0274 609.0278 609.0281 609.0284 609.0286 609.0272 609.0259 609.0247 609.0253 609.0263 609.0274 609.0272 609.0259 609.0259 609.0258 609.0258 609.0257 609.0256 609.0251 609.0237 609.0225 609.0214 609.0217 609.022 609.0223 609.0225 609.0227 609.0213 609.0199 609.0189 609.0188 609.0187 609.0186 609.0186
609.0068 609.0062 609.0051 609.0046 609.0067 609.0087 609.0094 609.0087 609.0107 609.0128 609.0137 609.0137 609.0144 609.0151 609.0157 609.0154 609.0142 609.0139 609.0148 609.0156 609.0164 609.0163 609.015 609.0148 609.0154 609.0161 609.0167 609.0162 609.0151 609.0144 609.0147 609.0151 609.0154 609.0157 609.0159 609.0145 609.0132 609.0118 609.0129 609.0139 609.015 609.0146 609.0135 609.0134 609.0134 609.0133 609.0132 609.0132 609.0126 609.0113 609.01 609.0092 609.0095 609.0097 609.01 609.0103 609.0104 609.009 609.0077 609.0068 609.0067 609.0066 609.0065 609.0064
608.9931 608.9926 608.9913 608.9914 608.9934 608.9955 608.9959 608.9957 608.9977 608.9997 609.0003 609.0006 609.0013 609.002 609.0026 609.0021 609.001 609.001 609.0018 609.0026 609.0035 609.0033 609.002 609.002 609.0026 609.0032 609.0038 609.0034 609.0022 609.0017 609.0021 609.0024 609.0027 609.0031 609.0032 609.0018 609.0005 608.9994 609.0004 609.0015 609.0026 609.0021 609.0011 609.001 609.001 609.0009 609.0009 609.0008 609.0002 608.9989 608.9975 608.9969 608.9972 608.9975 608.9978 608.998 608.9982 608.9968 608.9954 608.9946 608.9946 608.9944 608.9943 608.9943
608.9795 608.9788 608.9775 608.9781 608.9802 608.9822 608.9824 608.9826 608.9846 608.9866 608.987 608.9875 608.9882 608.9888 608.9895 608.9889 608.9878 608.988 608.9889 608.9897 608.9905 608.9903 608.989 608.9891 608.9898 608.9904 608.9911 608.9905 608.9893 608.989 608.9894 608.9897 608.9901 608.9904 608.9905 608.9891 608.9878 608.987 608.988 608.9891 608.9902 608.9896 608.9887 608.9886 608.9886 608.9885 608.9884 608.9883 608.9878 608.9865 608.9851 608.9847 608.985 608.9852 608.9855 608.9858 608.9859 608.9846 608.9832 608.9825 608.9824 608.9823 608.9822 608.9821
608.9658 608.9651 608.9639 608.9649 608.967 608.969 608.9689 608.9696 608.9716 608.9736 608.9736 608.9744 608.975 608.9757 608.9764 608.9757 608.9745 608.9751 608.9759 608.9767 608.9775 608.9773 608.976 608.9763 608.977 608.9776 608.9783 608.9777 608.9763 608.9763 608.9767 608.977 608.9774 608.9777 608.9778 608.9764 608.9752 608.9746 608.9756 608.9767 608.9778 608.9771 608.9763 608.9762 608.9761 608.9761 608.976 608.976 608.9754 608.9741 608.9728 608.9724 608.9727 608.973 608.9733 608.9736 608.9736 608.9723 608.9709 608.9704 608.9703 608.9702 608.9701 608.97
608.9522 608.9514 608.9502 608.9517 608.9537 608.9558 608.9554 608.9565 608.9586 608.9606 608.9605 608.9612 608.9619 608.9626 608.9633 608.9625 608.9613 608.9622 608.963 608.9638 608.9646 608.9642 608.963 608.9636 608.9642 608.9648 608.9655 608.9648 608.9635 608.9636 608.964 608.9643 608.9647 608.965 608.9651 608.9637 608.9625 608.9622 608.9633 608.9644 608.9654 608.9645 608.9639 608.9638 608.9637 608.9637 608.9636 608.9636 608.963 608.9617 608.9604 608.9602 608.9604 608.9608 608.9611 608.9613 608.9614 608.9601 608.9587 608.9583 608.9581 608.9581 608.9579 608.9579
608.9385 608.9377 608.9365 608.9385 608.9405 608.9426 608.9419 608.9435 608.9455 608.9475 608.9474 608.9481 608.9488 608.9495 608.9501 608.9493 608.9484 608.9492 608.95 608.9509 608.9517 608.9512 608.9501 608.9507 608.9514 608.952 608.9526 608.9519 608.9506 608.951 608.9513 608.9517 608.952 608.9523 608.9523 608.951 608.9498 608.9498 608.9509 608.9519 608.953 608.9518 608.9515 608.9514 608.9513 608.9512 608.9512 608.9511 608.9506 608.9493 608.948 608.9479 608.9482 608.9485 608.9488 608.9491 608.9492 608.9478 608.9465 608.9461 608.946 608.9459 608.9458 608.9457
608.9249 608.924 608.9232 608.9252 608.9273 608.9293 608.9284 608.9304 608.9324 608.9344 608.9343 608.935 608.9357 608.9363 608.937 608.9362 608.9354 608.9363 608.9371 608.9379 608.9387 608.9382 608.9373 608.9379 608.9385 608.9392 608.9398 608.9391 608.9379 608.9383 608.9386 608.939 608.9393 608.9396 608.9396 608.9384 608.9371 608.9374 608.9385 608.9395 608.9404 608.9392 608.939 608.939 608.9389 608.9388 608.9388 608.9387 608.9382 608.9369 608.9356 608.9357 608.936 608.9363 608.9366 608.9368 608.9369 608.9355 608.9343 608.934 608.9339 608.9338 608.9337 608.9336
608.9113 608.9103 608.91 608.912 608.9141 608.9161 608.9153 608.9174 608.9194 608.9214 608.9212 608.9219 608.9225 608.9232 608.9239 608.923 608.9225 608.9233 608.9241 608.925 608.9258 608.9252 608.9245 608.9251 608.9258 608.9264 608.9271 608.9262 608.9252 608.9256 608.9259 608.9263 608.9266 608.9269 608.9269 608.9257 608.9243 608.925 608.926 608.9271 608.9279 608.9267 608.9266 608.9266 608.9265 608.9265 608.9264 608.9263 608.9258 608.9245 608.9232 608.9235 608.9238 608.924 608.9243 608.9246 608.9246 608.9233 608.9221 608.9218 608.9218 608.9216 608.9216 608.9214
