samples/sfe_95/sfe_95_c3/sfe_95_c3/sfe_95_c3.asc
ncols         647
nrows         184
xllcorner     100
yllcorner     8
cellsize      1
NODATA_value  -9999
[rows 87 to 115 of 184, columns 128 to 191 of 647]
602.7175 602.711 602.7035 602.6645 602.593 602.552 602.542 602.4965 602.3875 602.381 602.3675 602.2825 602.205 602.1965 602.1794 602.1255 602.0795 601.9975 601.9405 601.8565 601.809 601.7865 601.6885 601.61 601.598 601.574 601.5495 601.47 601.3905 601.3655 601.273 601.193 601.1805 601.1555 601.13 600.9885 600.976 600.951 600.902 600.8535 600.781 600.697 600.6245 600.6125 600.589 600.566 600.4425 600.431 600.409 600.367 600.3255 600.239 600.18 600.1655 600.148 600.063 600.0205 600.013 599.9969 599.968 599.9295 599.9075 599.8795 599.8459
602.8485 602.8416 602.8345 602.8265 602.7505 602.678 602.6675 602.6565 602.5475 602.5065 602.493 602.443 602.3295 602.321 602.3045 602.214 602.2045 602.1225 602.103 602.0455 601.9665 601.9125 601.8525 601.7605 601.7485 601.693 601.5925 601.58 601.5005 601.4755 601.451 601.3375 601.291 601.2655 601.207 601.1265 601.08 601.0551 600.9625 600.8895 600.877 600.8525 600.7505 600.7085 600.6844 600.6315 600.5615 600.5205 600.498 600.4185 600.356 600.3455 600.3 600.2845 600.246 600.164 600.103 600.095 600.059 599.9985 599.9905 599.953 599.9375 599.9084
603.049 602.9755 602.9685 602.925 602.849 602.842 602.798 602.787 602.6385 602.632 602.6185 602.5685 602.5255 602.447 602.4305 602.34 602.2945 602.249 602.2295 602.209 602.05 602.0395 601.9795 601.963 601.876 601.8205 601.7205 601.6705 601.62 601.595 601.571 601.414 601.4015 601.376 601.3175 601.2375 601.191 601.166 601.0735 600.993 600.9805 600.9555 600.816 600.8035 600.7795 600.7265 600.6555 600.6145 600.592 600.512 600.443 600.4325 600.4115 600.39 600.324 600.242 600.227 600.17 600.134 600.0725 600.0415 600.0105 599.995 599.9785
603.183 603.1095 603.1025 603.095 603.0505 603.01 602.933 602.885 602.803 602.7965 602.747 602.659 602.581 602.5725 602.5565 602.539 602.4575 602.3755 602.3564 602.2615 602.177 602.1665 602.145 602.1225 602.0355 601.9485 601.9255 601.8695 601.7815 601.725 601.6235 601.567 601.5215 601.4969 601.472 601.3815 601.3015 601.2765 601.2175 601.1375 601.0909 600.999 600.9465 600.907 600.882 600.858 600.7791 600.7085 600.685 600.6335 600.5645 600.5245 600.503 600.4535 600.359 600.349 600.3295 600.265 600.208 600.168 600.149 600.099 600.0645 600.0055
603.282 603.2445 603.2375 603.23 603.149 603.1445 603.0675 603.0575 603.009 602.9285 602.879 602.828 602.7104 602.7025 602.6855 602.593 602.584 602.502 602.483 602.4635 602.342 602.295 602.2735 602.214 602.089 602.078 602.055 601.9545 601.943 601.8545 601.831 601.768 601.685 601.6275 601.5645 601.4675 601.4225 601.3935 601.2939 601.2815 601.2015 601.177 601.1185 601.0445 600.993 600.9344 600.822 600.8105 600.787 600.697 600.6855 600.6169 600.5945 600.5725 600.478 600.4385 600.391 600.299 600.2895 600.27 600.198 600.1885 600.134 600.116
603.4895 603.449 603.374 603.366 603.2855 603.2445 603.2035 603.1935 603.1825 603.024 603.011 602.9604 602.917 602.835 602.819 602.7265 602.68 602.6665 602.614 602.595 602.433 602.423 602.402 602.343 602.2945 602.208 602.1855 602.0855 602.0355 601.985 601.962 601.9385 601.7705 601.7585 601.6955 601.677 601.62 601.5255 601.418 601.3685 601.319 601.2945 601.27 601.115 601.103 601.045 600.999 600.9205 600.8965 600.807 600.762 600.7175 600.6945 600.6725 600.54 600.5291 600.4805 600.442 600.378 600.3575 600.2845 600.248 600.212 600.1925
603.662 603.514 603.51 603.5025 603.458 603.418 603.3405 603.3305 603.245 603.161 603.1485 603.0565 603.0495 602.968 602.953 602.9365 602.882 602.835 602.75 602.6925 602.6 602.59 602.536 602.435 602.4245 602.338 602.3165 602.2555 602.206 602.118 602.095 602.0325 601.942 601.8915 601.8675 601.764 601.674 601.6535 601.5795 601.5305 601.444 601.4195 601.3575 601.27 601.2205 601.1215 601.042 601.03 601.006 600.9825 600.9041 600.826 600.8035 600.7155 600.6715 600.6281 600.5415 600.5305 600.4655 600.444 600.397 600.333 600.2965 600.276
603.7655 603.689 603.649 603.6415 603.5585 603.482 603.477 603.4675 603.4575 603.3735 603.291 603.199 603.1535 603.1429 603.0925 603.077 603.0605 602.8945 602.886 602.8285 602.8105 602.762 602.6745 602.574 602.524 602.474 602.453 602.431 602.261 602.25 602.2275 602.2055 602.1155 602.026 602.0024 601.8995 601.808 601.788 601.7515 601.5805 601.5685 601.5445 601.52 601.433 601.3465 601.2469 601.1975 601.1479 601.124 601.1 600.9475 600.9355 600.912 600.889 600.7795 600.736 600.649 600.606 600.5625 600.541 600.4555 600.3915 600.3805 600.3595
603.9435 603.83 603.79 603.783 603.738 603.6215 603.617 603.608 603.5205 603.5155 603.433 603.422 603.37 603.36 603.2745 603.2235 603.167 603.077 603.028 603.0115 602.909 602.822 602.8125 602.7935 602.7385 602.649 602.594 602.5325 602.4395 602.3885 602.3665 602.2615 602.1715 602.1605 602.1379 602.075 601.9845 601.9285 601.8545 601.758 601.704 601.6801 601.57 601.4835 601.4715 601.4475 601.392 601.3055 601.25 601.189 601.1025 601.053 601.0295 600.932 600.855 600.8435 600.8205 600.7715 600.6955 600.647 600.5925 600.518 600.475 600.4525
604.0865 603.9345 603.931 603.9245 603.8795 603.839 603.76 603.751 603.664 603.621 603.5775 603.5665 603.5544 603.4625 603.377 603.3695 603.314 603.3 603.251 603.161 603.0595 603.0055 602.996 602.9395 602.834 602.7445 602.7345 602.674 602.6545 602.6035 602.511 602.406 602.349 602.338 602.279 602.1715 602.081 602.065 602 601.977 601.923 601.8265 601.717 601.657 601.645 601.5845 601.4745 601.388 601.376 601.315 601.2285 601.179 601.1555 601.058 600.972 600.9604 600.9375 600.84 600.764 600.7531 600.698 600.6225 600.5795 600.5565
604.195 604.1165 604.0755 604.069 603.9845 603.906 603.9025 603.894 603.8855 603.84 603.7585 603.7125 603.701 603.65 603.524 603.518 603.504 603.408 603.401 603.311 603.296 603.238 603.15 603.094 603.0335 602.933 602.8845 602.8655 602.7574 602.7475 602.6555 602.6355 602.5735 602.485 602.4265 602.363 602.224 602.213 602.1905 602.081 602.0695 601.973 601.9505 601.8845 601.7935 601.733 601.6665 601.563 601.514 601.49 601.3915 601.3051 601.2815 601.2585 601.135 601.0865 601.0635 601.0031 600.88 600.8685 600.7705 600.759 600.6835 600.66
604.38 604.337 604.2595 604.2175 604.1725 604.0895 604.0865 604.0415 604.033 603.944 603.9395 603.858 603.848 603.8375 603.7125 603.6665 603.655 603.6005 603.47 603.4635 603.449 603.3485 603.341 603.249 603.2325 603.1725 603.0815 603.019 602.955 602.816 602.806 602.787 602.6785 602.669 602.5745 602.554 602.416 602.363 602.3415 602.2765 602.1345 602.1235 602.1015 601.99 601.9785 601.8815 601.859 601.7925 601.701 601.597 601.493 601.4815 601.42 601.31 601.2985 601.212 601.189 601.1655 601.0425 600.9935 600.9325 600.8405 600.7975 600.7735
604.5551 604.4465 604.444 604.3655 604.3605 604.316 604.312 604.23 604.1855 604.136 604.011 604.007 603.998 603.906 603.901 603.816 603.8045 603.7935 603.6635 603.6165 603.6035 603.547 603.412 603.4045 603.39 603.286 603.278 603.1745 603.153 603.0145 602.9625 602.944 602.8815 602.7385 602.729 602.618 602.608 602.513 602.492 602.4715 602.331 602.2765 602.255 602.189 602.045 602.034 602.0115 601.899 601.8875 601.7905 601.724 601.7075 601.609 601.5045 601.4005 601.351 601.3275 601.2165 601.205 601.1185 601.0945 601.0334 600.953 600.897
604.7581 604.6505 604.597 604.594 604.538 604.534 604.5295 604.34 604.337 604.2885 604.2425 604.1595 604.151 604.0605 604.015 603.9685 603.9585 603.948 603.7755 603.7695 603.757 603.702 603.6541 603.562 603.5485 603.4455 603.3945 603.3345 603.314 603.1265 603.1175 603.101 603.0395 602.9865 602.8885 602.7791 602.7245 602.71 602.6495 602.6295 602.44 602.429 602.4084 602.343 602.289 602.1895 602.168 602.056 602 601.9445 601.922 601.9 601.7105 601.6555 601.639 601.578 601.4795 601.3685 601.313 601.2955 601.2335 601.2095 601.034 601.021
604.962 604.9075 604.9065 604.8525 604.7465 604.743 604.6315 604.5225 604.5205 604.5115 604.395 604.312 604.3055 604.2565 604.1715 604.1265 604.117 604.022 603.933 603.927 603.9165 603.905 603.811 603.72 603.708 603.65 603.5565 603.5 603.3895 603.3325 603.3245 603.267 603.2505 603.1465 603.049 603.032 602.973 602.9145 602.814 602.7015 602.6415 602.6315 602.5699 602.5495 602.4445 602.3455 602.3245 602.304 602.1585 602.103 602.0815 602.0145 601.912 601.8555 601.7415 601.643 601.6315 601.5645 601.5415 601.486 601.3865 601.2735 601.2105 601.1975
605.1661 605.0967 605.061 605.06 604.954 604.953 604.9515 604.8425 604.734 604.6735 604.557 604.4995 604.494 604.487 604.369 604.284 604.2765 604.225 604.1365 604.0905 604.0805 603.9815 603.8885 603.8835 603.8715 603.7685 603.7625 603.669 603.606 603.5935 603.497 603.44 603.329 603.2705 603.2185 603.2015 603.0865 603.078 602.979 602.914 602.897 602.7995 602.7385 602.6235 602.5195 602.51 602.4895 602.3725 602.362 602.262 602.241 602.2205 602.073 602.017 601.903 601.8 601.789 601.766 601.65 601.6385 601.539 601.471 601.4465 601.351
605.4376 605.3682 605.2989 605.2295 605.1603 605.0911 605.056 605.0551 604.9465 604.8875 604.8865 604.829 604.715 604.654 604.536 604.5325 604.4695 604.3445 604.256 604.252 604.244 604.2365 604.1435 604.051 604.0415 603.9385 603.888 603.837 603.826 603.8135 603.6195 603.613 603.601 603.5425 603.484 603.381 603.266 603.209 603.1975 603.136 603.119 602.916 602.9065 602.889 602.785 602.681 602.6625 602.5455 602.4875 602.429 602.409 602.3885 602.1885 602.178 602.1575 602.0545 601.9515 601.93 601.814 601.756 601.698 601.6745 601.65 601.4535
605.7092 605.6398 605.5704 605.501 605.4319 605.3627 605.2936 605.2244 605.1552 605.0861 605.051 605.05 604.937 604.877 604.8765 604.816 604.6995 604.6355 604.513 604.4515 604.4455 604.3145 604.311 604.2195 604.2115 604.2025 604.0615 604.012 604.0015 603.9435 603.796 603.7905 603.779 603.669 603.6625 603.56 603.546 603.4825 603.381 603.3206 603.254 603.141 603.086 602.9655 602.9565 602.853 602.835 602.817 602.6625 602.605 602.586 602.517 602.3585 602.3485 602.2275 602.2175 602.115 602.093 602.072 601.9205 601.863 601.8395 601.768 601.613
605.9807 605.9113 605.8419 605.7727 605.7036 605.6343 605.5652 605.496 605.4268 605.3577 605.2885 605.2194 605.1502 605.0811 605.046 605.0445 604.928 604.866 604.8655 604.803 604.6825 604.6165 604.489 604.485 604.4185 604.284 604.28 604.185 604.177 604.168 604.069 603.971 603.961 603.901 603.797 603.743 603.7305 603.616 603.511 603.5045 603.4905 603.429 603.3215 603.207 603.0915 603.0825 603.0185 602.8945 602.886 602.78 602.7625 602.7445 602.636 602.528 602.458 602.343 602.3325 602.267 602.1425 602.0385 602.0275 602.005 601.9814 601.8745
606.2523 606.1829 606.1135 606.0443 605.9752 605.906 605.8369 605.7676 605.6984 605.6292 605.5601 605.4909 605.4217 605.3525 605.2834 605.2143 605.1469 605.0763 605.0405 605.039 604.9185 604.855 604.8535 604.7895 604.6645 604.5955 604.4645 604.399 604.3925 604.2525 604.2485 604.1515 604.1425 604.134 603.9825 603.929 603.9185 603.8565 603.699 603.6935 603.681 603.563 603.5565 603.4485 603.3825 603.3719 603.2605 603.143 603.025 602.9675 602.95 602.824 602.815 602.7075 602.689 602.62 602.515 602.4495 602.3781 602.2135 602.203 602.181 602.0525 602.041
606.5238 606.4544 606.3851 606.3159 606.2468 606.1776 606.1085 606.0391 605.9699 605.9008 605.8316 605.7624 605.6932 605.624 605.5549 605.4858 605.4233 605.3527 605.2821 605.2115 605.1392 605.0701 605.0355 605.034 604.909 604.842 604.8416 604.776 604.6455 604.508 604.44 604.4355 604.364 604.357 604.12 604.115 604.1055 604.0455 603.9915 603.8855 603.8745 603.7585 603.701 603.642 603.6295 603.6169 603.398 603.337 603.3275 603.263 603.1485 603.0236 602.958 602.896 602.8785 602.861 602.642 602.632 602.5615 602.501 602.388 602.367 602.2395 602.1755
606.7953 606.726 606.6567 606.5876 606.5184 606.4493 606.3801 606.3107 606.2415 606.1723 606.1032 606.0339 605.9647 605.8956 605.8264 605.7573 605.6996 605.629 605.5584 605.4879 605.4108 605.3417 605.2725 605.2034 605.1359 605.0653 605.029 605.0285 604.9005 604.8305 604.8295 604.7615 604.627 604.5545 604.4146 604.3425 604.3365 604.1875 604.083 604.078 604.07 604.0075 603.8995 603.8416 603.8315 603.711 603.6515 603.592 603.468 603.355 603.3475 603.327 603.2085 603.095 603.078 603.0074 602.889 602.8255 602.6956 602.5835 602.574 602.5535 602.533 602.4165
607.0669 606.9975 606.9283 606.8592 606.79 606.7209 606.6516 606.5822 606.513 606.4439 606.3747 606.3053 606.2361 606.1671 606.0979 606.0288 605.976 605.9054 605.8348 605.7586 605.6824 605.6132 605.5441 605.4749 605.4124 605.3417 605.2711 605.2005 605.1282 605.0591 605.024 605.0229 604.891 604.8185 604.7505 604.6125 604.609 604.4635 604.318 604.314 604.308 604.1545 604.15 604.0415 604.033 604.0235 603.9105 603.7985 603.7315 603.5594 603.553 603.42 603.406 603.293 603.2775 603.263 603.092 603.029 602.9565 602.7795 602.7705 602.751 602.616 602.6055
607.3384 607.2691 607.2 607.1309 607.0617 606.9926 606.9232 606.8538 606.7846 606.7155 606.6462 606.5768 606.5076 606.4385 606.3694 606.3003 606.2523 606.1818 606.1111 606.0286 605.9539 605.8848 605.8156 605.7465 605.6888 605.6182 605.5475 605.4769 605.3998 605.3307 605.2615 605.1924 605.1115 605.0205 605.0195 604.8835 604.88 604.737 604.5965 604.593 604.5895 604.5115 604.2895 604.285 604.2791 604.12 604.0085 604.0045 603.995 603.8245 603.764 603.693 603.564 603.503 603.489 603.3564 603.349 603.2325 603.2175 603.042 602.978 602.9595 602.884 602.701
607.61 607.5408 607.4716 607.4025 607.3333 607.264 607.1946 607.1253 607.0562 606.987 606.9177 606.8483 606.7791 606.71 606.6409 606.5718 606.5287 606.4581 606.3875 606.2986 606.2255 606.1563 606.0872 606.0181 605.9652 605.8946 605.824 605.7478 605.6715 605.6023 605.5331 605.464 605.3816 605.2905 605.1995 605.1105 605.017 605.0155 604.875 604.8735 604.87 604.7945 604.7215 604.575 604.569 604.412 604.26 604.256 604.248 603.98 603.976 603.905 603.8985 603.833 603.7125 603.58 603.5145 603.449 603.434 603.1935 603.185 603.169 603.0935 603.0275
607.8815 607.8124 607.7432 607.6741 607.6049 607.5356 607.4662 607.3969 607.3277 607.2585 607.1891 607.1198 607.0507 606.9815 606.9124 606.8433 606.8051 606.7344 606.6599 606.5685 606.497 606.4279 606.3588 606.2896 606.2416 606.171 606.1004 606.0178 605.9431 605.874 605.8048 605.7357 605.6516 605.5606 605.4696 605.3869 605.2935 605.2 605.1628 605.1143 605.0451 605.01 605.009 604.8625 604.86 604.7075 604.5575 604.5555 604.4725 604.314 604.2345 604.2271 604.218 604.0545 603.9345 603.925 603.857 603.7335 603.603 603.4735 603.465 603.391 603.248 603.125
608.1532 608.084 608.0149 607.9457 607.8765 607.8071 607.7377 607.6684 607.5992 607.53 607.4606 607.3912 607.3221 607.253 607.1839 607.1172 607.0814 607.0108 606.9299 606.8385 606.7686 606.6995 606.6303 606.5612 606.5181 606.4474 606.3768 606.2878 606.2147 606.1456 606.0764 606.0073 605.9217 605.8307 605.7568 605.6633 605.5699 605.4764 605.4603 605.3859 605.3167 605.2476 605.1784 605.0953 605.006 605.005 604.855 604.8525 604.7725 604.771 604.6915 604.5355 604.45 604.2075 604.204 604.1965 604.0225 604.018 603.8945 603.822 603.8145 603.6855 603.5495 603.4115
608.4248 608.3557 608.2865 608.2173 608.1481 608.0787 608.0093 607.9399 607.8708 607.8014 607.7321 607.6627 607.5936 607.5245 607.4554 607.3936 607.3578 607.2872 607.1998 607.1093 607.0402 606.971 606.9019 606.8327 606.7945 606.7239 606.6493 606.5579 606.4864 606.4172 606.3481 606.2789 606.1918 606.1008 606.0332 605.9398 605.8463 605.7598 605.7338 605.6575 605.5883 605.5192 605.4484 605.3591 605.2698 605.1805 605.1417 605.1042 605.035 605 604.9985 604.8425 604.76 604.68 604.5185 604.514 604.3425 604.2575 604.1715 604.163 604.1545 603.856 603.786 603.778
608.6964 608.6273 608.5582 608.489 608.4196 608.3502 608.2808 608.2115 608.1423 608.0729 608.0035 607.9342 607.8651 607.796 607.7269 607.6699 607.6341 607.5612 607.4698 607.3809 607.3117 607.2426 607.1734 607.1067 607.0709 607.0003 606.9193 606.8279 606.758 606.6888 606.6197 606.5505 606.4619 606.3708 606.3097 606.2162 606.1227 606.0574 606.0038 605.9291 605.86 605.7908 605.7122 605.6229 605.5336 605.4459 605.418 605.3757 605.3065 605.2374 605.1683 605.0853 604.996 604.9945 604.836 604.8325 604.747 604.6645 604.4995 604.494 604.4025 604.227 604.139 603.9535
