samples/sfe_95/sfe_95_c3/sfe_95_c3/sfe_95_c3.asc
ncols         647
nrows         184
xllcorner     100
yllcorner     8
cellsize      1
NODATA_value  -9999
[rows 58 to 86 of 184, columns 448 to 511 of 647]
608.8303 608.8286 608.8271 608.825 608.8222 608.8194 608.8167 608.8138 608.811 608.8084 608.8071 608.8058 608.8045 608.8035 608.8025 608.8006 608.7978 608.795 608.7922 608.7894 608.7866 608.7838 608.7825 608.7812 608.7788 608.776 608.7732 608.7704 608.7676 608.7648 608.7633 608.7621 608.7599 608.7571 608.7543 608.7515 608.7486 608.7457 608.7429 608.7413 608.7379 608.7337 608.7296 608.7255 608.7242 608.723 608.7203 608.7175 608.7146 608.7117 608.7089 608.7061 608.7044 608.7026 608.6989 608.6953 608.6916 608.6879 608.6855 608.6838 608.6803 608.6768 608.6732 608.6697
608.8182 608.8165 608.815 608.8129 608.8101 608.8073 608.8045 608.8018 608.799 608.7961 608.7949 608.7936 608.7923 608.7913 608.7903 608.7883 608.7855 608.7827 608.7799 608.7771 608.7743 608.7715 608.77 608.7688 608.7664 608.7636 608.7608 608.758 608.7552 608.7524 608.7508 608.7496 608.7474 608.7446 608.7417 608.7389 608.736 608.7332 608.7303 608.7286 608.7253 608.7211 608.717 608.7129 608.7112 608.71 608.7074 608.7046 608.7017 608.6989 608.696 608.6931 608.6913 608.6896 608.6859 608.6823 608.6786 608.6749 608.6722 608.6706 608.6671 608.6635 608.66 608.6565
608.8062 608.8044 608.8029 608.8008 608.798 608.7952 608.7924 608.7896 608.7869 608.7841 608.7825 608.7813 608.78 608.779 608.778 608.7761 608.7733 608.7704 608.7676 608.7648 608.762 608.7592 608.7576 608.7563 608.754 608.7512 608.7484 608.7456 608.7428 608.74 608.7382 608.737 608.7348 608.732 608.7291 608.7263 608.7234 608.7206 608.7178 608.7158 608.7127 608.7086 608.7045 608.7003 608.6983 608.6971 608.6945 608.6917 608.6888 608.6859 608.6831 608.6802 608.6782 608.6766 608.6729 608.6692 608.6655 608.6619 608.6589 608.6574 608.6539 608.6503 608.6468 608.6432
608.7941 608.7923 608.7908 608.7887 608.7859 608.7831 608.7803 608.7775 608.7748 608.772 608.7703 608.769 608.7678 608.7667 608.7657 608.7639 608.761 608.7582 608.7554 608.7526 608.7498 608.747 608.7452 608.7439 608.7416 608.7388 608.736 608.7332 608.7304 608.7276 608.7256 608.7244 608.7222 608.7194 608.7166 608.7137 608.7109 608.708 608.7052 608.7031 608.7001 608.696 608.6919 608.6877 608.6854 608.6841 608.6816 608.6787 608.6759 608.673 608.6702 608.6673 608.665 608.6636 608.6599 608.6562 608.6525 608.6489 608.6456 608.6442 608.6407 608.6371 608.6336 608.6301
608.782 608.7802 608.7787 608.7766 608.7738 608.771 608.7682 608.7654 608.7626 608.7599 608.7581 608.7568 608.7555 608.7545 608.7535 608.7516 608.7488 608.746 608.7432 608.7404 608.7375 608.7347 608.7327 608.7315 608.7292 608.7264 608.7236 608.7208 608.718 608.7152 608.713 608.7118 608.7097 608.7068 608.704 608.7011 608.6983 608.6954 608.6926 608.6903 608.6876 608.6834 608.6793 608.6752 608.6724 608.6712 608.6687 608.6658 608.663 608.6601 608.6572 608.6544 608.6519 608.6506 608.6469 608.6432 608.6395 608.6359 608.6323 608.631 608.6274 608.6239 608.6204 608.6169
608.7699 608.7681 608.7667 608.7645 608.7617 608.7589 608.7562 608.7534 608.7505 608.7478 608.7458 608.7445 608.7432 608.7422 608.7412 608.7393 608.7365 608.7337 608.7309 608.7281 608.7253 608.7225 608.7203 608.7191 608.7167 608.7139 608.7112 608.7084 608.7056 608.7028 608.7004 608.6992 608.6971 608.6943 608.6914 608.6885 608.6857 608.6829 608.6801 608.6776 608.675 608.6708 608.6667 608.6626 608.6594 608.6582 608.6558 608.6529 608.65 608.6472 608.6443 608.6415 608.6388 608.6375 608.6339 608.6302 608.6265 608.6228 608.6191 608.6178 608.6143 608.6107 608.6072 608.6036
608.7578 608.756 608.7546 608.7524 608.7496 608.7468 608.744 608.7413 608.7385 608.7357 608.7336 608.7322 608.731 608.73 608.729 608.7271 608.7242 608.7214 608.7186 608.7158 608.713 608.7102 608.7078 608.7066 608.7043 608.7015 608.6987 608.696 608.6932 608.6904 608.6878 608.6866 608.6845 608.6817 608.6788 608.676 608.6732 608.6703 608.6675 608.6649 608.6624 608.6583 608.6542 608.65 608.6465 608.6453 608.6429 608.64 608.6371 608.6343 608.6314 608.6285 608.6257 608.6245 608.6208 608.6172 608.6135 608.6098 608.6061 608.6045 608.6011 608.5975 608.594 608.5905
608.7457 608.744 608.7425 608.7403 608.7375 608.7347 608.7319 608.7292 608.7264 608.7236 608.7214 608.72 608.7188 608.7177 608.7167 608.7148 608.712 608.7092 608.7064 608.7036 608.7007 608.6979 608.6954 608.6942 608.692 608.6891 608.6863 608.6835 608.6807 608.678 608.6753 608.674 608.6719 608.6691 608.6663 608.6634 608.6606 608.6577 608.6549 608.6521 608.6498 608.6457 608.6416 608.6375 608.6337 608.6323 608.6299 608.6271 608.6242 608.6214 608.6185 608.6157 608.6128 608.6114 608.6078 608.6041 608.6005 608.5968 608.5931 608.5912 608.5878 608.5844 608.5808 608.5773
608.7336 608.7319 608.7304 608.7282 608.7254 608.7227 608.7198 608.717 608.7143 608.7115 608.709 608.7077 608.7065 608.7054 608.7045 608.7025 608.6998 608.697 608.6942 608.6913 608.6885 608.6857 608.683 608.6818 608.6795 608.6768 608.674 608.6711 608.6683 608.6655 608.6628 608.6614 608.6594 608.6565 608.6537 608.6508 608.648 608.6451 608.6423 608.6395 608.6373 608.6331 608.629 608.6249 608.6208 608.6194 608.617 608.6142 608.6113 608.6085 608.6056 608.6027 608.5999 608.5983 608.5948 608.5911 608.5875 608.5838 608.5801 608.5779 608.5746 608.5711 608.5676 608.564
608.7215 608.7198 608.7183 608.7161 608.7133 608.7106 608.7078 608.705 608.7022 608.6994 608.6968 608.6954 608.6942 608.6932 608.6922 608.6903 608.6875 608.6847 608.6819 608.6791 608.6763 608.6735 608.6707 608.6693 608.6671 608.6643 608.6615 608.6588 608.6559 608.6531 608.6503 608.6489 608.6468 608.6439 608.6411 608.6382 608.6354 608.6326 608.6298 608.6269 608.6247 608.6205 608.6165 608.6123 608.6082 608.6064 608.6041 608.6013 608.5984 608.5955 608.5927 608.5898 608.587 608.5851 608.5818 608.5781 608.5745 608.5708 608.5671 608.5646 608.5615 608.5579 608.5544 608.5508
608.7094 608.7077 608.7062 608.704 608.7012 608.6984 608.6957 608.6929 608.6901 608.6873 608.6845 608.6832 608.6819 608.681 608.6799 608.678 608.6752 608.6724 608.6696 608.6668 608.664 608.6612 608.6584 608.6569 608.6547 608.6519 608.6491 608.6463 608.6435 608.6407 608.6379 608.6363 608.6342 608.6313 608.6285 608.6257 608.6229 608.62 608.6172 608.6143 608.6121 608.608 608.6039 608.5997 608.5956 608.5935 608.5912 608.5884 608.5855 608.5826 608.5798 608.5769 608.574 608.572 608.5688 608.5651 608.5615 608.5577 608.5541 608.5513 608.5482 608.5447 608.5412 608.5377
608.6973 608.6956 608.6942 608.692 608.6891 608.6863 608.6836 608.6808 608.678 608.6752 608.6724 608.6709 608.6697 608.6687 608.6677 608.6658 608.663 608.6602 608.6573 608.6545 608.6517 608.6489 608.6461 608.6445 608.6423 608.6395 608.6367 608.6339 608.6311 608.6283 608.6255 608.6237 608.6216 608.6188 608.616 608.6131 608.6103 608.6074 608.6046 608.6017 608.5995 608.5954 608.5913 608.5872 608.5831 608.5806 608.5783 608.5754 608.5726 608.5697 608.5669 608.564 608.5612 608.5589 608.5558 608.5521 608.5485 608.5447 608.5411 608.538 608.535 608.5315 608.528 608.5244
608.6852 608.6835 608.6821 608.6798 608.6771 608.6743 608.6714 608.6687 608.6659 608.6631 608.6603 608.6587 608.6575 608.6564 608.6555 608.6535 608.6507 608.6479 608.6451 608.6423 608.6395 608.6367 608.6339 608.632 608.6299 608.6271 608.6243 608.6215 608.6187 608.6159 608.6131 608.6111 608.6091 608.6062 608.6034 608.6005 608.5977 608.5948 608.592 608.5892 608.587 608.5828 608.5787 608.5746 608.5704 608.5676 608.5654 608.5625 608.5597 608.5568 608.554 608.5511 608.5482 608.5458 608.5428 608.5391 608.5354 608.5317 608.5281 608.5247 608.5219 608.5183 608.5148 608.5112
608.6731 608.6714 608.67 608.6677 608.665 608.6622 608.6594 608.6566 608.6538 608.651 608.6482 608.6465 608.6452 608.6442 608.6432 608.6412 608.6384 608.6357 608.6329 608.6301 608.6273 608.6245 608.6216 608.6196 608.6175 608.6147 608.6119 608.6091 608.6063 608.6035 608.6007 608.5985 608.5965 608.5936 608.5908 608.588 608.5851 608.5823 608.5795 608.5766 608.5743 608.5703 608.5662 608.562 608.5579 608.5547 608.5525 608.5496 608.5468 608.5439 608.541 608.5382 608.5353 608.5327 608.5298 608.5261 608.5224 608.5187 608.5151 608.5114 608.5086 608.5051 608.5016 608.498
608.661 608.6594 608.6579 608.6556 608.6528 608.6501 608.6473 608.6445 608.6417 608.6389 608.6361 608.6342 608.6329 608.632 608.6309 608.629 608.6262 608.6234 608.6206 608.6178 608.615 608.6122 608.6094 608.6072 608.605 608.6023 608.5995 608.5967 608.5939 608.5911 608.5883 608.5859 608.5839 608.5811 608.5782 608.5754 608.5726 608.5697 608.5669 608.564 608.5615 608.5577 608.5536 608.5494 608.5453 608.5417 608.5396 608.5367 608.5338 608.531 608.5281 608.5253 608.5224 608.5196 608.5167 608.5131 608.5094 608.5057 608.5021 608.4984 608.4954 608.4919 608.4883 608.4849
608.6489 608.6473 608.6458 608.6436 608.6407 608.6379 608.6352 608.6324 608.6296 608.6268 608.624 608.6219 608.6207 608.6197 608.6187 608.6168 608.614 608.6111 608.6083 608.6055 608.6027 608.5999 608.5971 608.5948 608.5927 608.5898 608.587 608.5843 608.5815 608.5787 608.5759 608.5734 608.5714 608.5685 608.5657 608.5628 608.56 608.5571 608.5543 608.5515 608.5488 608.5451 608.541 608.5369 608.5327 608.5288 608.5267 608.5238 608.5209 608.5181 608.5152 608.5123 608.5095 608.5067 608.5037 608.5001 608.4964 608.4927 608.489 608.4854 608.4822 608.4787 608.4752 608.4716
608.6368 608.6352 608.6337 608.6315 608.6287 608.6259 608.6231 608.6203 608.6175 608.6147 608.6119 608.6096 608.6085 608.6074 608.6064 608.6045 608.6017 608.5989 608.5961 608.5933 608.5905 608.5876 608.5848 608.5824 608.5803 608.5775 608.5746 608.5718 608.5691 608.5663 608.5635 608.5609 608.5588 608.5559 608.5531 608.5502 608.5474 608.5446 608.5417 608.5389 608.5361 608.5325 608.5284 608.5243 608.5201 608.5161 608.5137 608.5109 608.508 608.5052 608.5023 608.4995 608.4966 608.4937 608.4907 608.4871 608.4834 608.4797 608.476 608.4724 608.4691 608.4655 608.462 608.4584
608.6247 608.6231 608.6216 608.6194 608.6166 608.6138 608.611 608.6082 608.6054 608.6026 608.5999 608.5974 608.5962 608.5952 608.5942 608.5922 608.5894 608.5866 608.5838 608.581 608.5782 608.5754 608.5726 608.5699 608.5678 608.5651 608.5623 608.5594 608.5566 608.5538 608.5511 608.5483 608.5462 608.5433 608.5405 608.5377 608.5349 608.532 608.5291 608.5263 608.5234 608.52 608.5159 608.5117 608.5076 608.5035 608.5008 608.498 608.4951 608.4922 608.4894 608.4865 608.4837 608.4808 608.4777 608.474 608.4703 608.4667 608.463 608.4594 608.4558 608.4523 608.4487 608.4465
608.6126 608.611 608.6096 608.6072 608.6045 608.6017 608.5989 608.5961 608.5933 608.5905 608.5878 608.5851 608.5839 608.5829 608.5819 608.58 608.5771 608.5743 608.5716 608.5688 608.566 608.5632 608.5604 608.5576 608.5554 608.5526 608.5498 608.5471 608.5443 608.5414 608.5386 608.5359 608.5336 608.5308 608.528 608.5251 608.5223 608.5194 608.5165 608.5137 608.5109 608.5074 608.5033 608.4991 608.495 608.4909 608.4879 608.485 608.4822 608.4793 608.4765 608.4736 608.4708 608.4679 608.4647 608.461 608.4573 608.455 608.4535 608.452 608.4505 608.4153 608.3459 608.3083
608.6005 608.5989 608.5975 608.5952 608.5923 608.5896 608.5868 608.584 608.5812 608.5784 608.5756 608.5729 608.5717 608.5707 608.5696 608.5677 608.5649 608.5621 608.5593 608.5565 608.5537 608.5509 608.5481 608.5453 608.543 608.5402 608.5374 608.5346 608.5319 608.5291 608.5262 608.5234 608.5211 608.5182 608.5154 608.5125 608.5097 608.5068 608.504 608.5012 608.4983 608.4948 608.4907 608.4866 608.4824 608.4783 608.475 608.4722 608.4693 608.4664 608.4645 608.463 608.462 608.4605 608.459 608.4239 608.3547 608.3172 608.3157 608.2825 608.2131 608.1438 608.0744 608.0319
608.5884 608.5869 608.5854 608.5831 608.5803 608.5775 608.5747 608.5719 608.5692 608.5663 608.5635 608.5607 608.5594 608.5584 608.5574 608.5555 608.5527 608.5499 608.5471 608.5443 608.5414 608.5386 608.5358 608.533 608.5306 608.5278 608.525 608.5222 608.5194 608.5166 608.5139 608.511 608.5085 608.5056 608.5028 608.4999 608.4971 608.4943 608.4914 608.4886 608.4857 608.4822 608.4781 608.474 608.4725 608.4715 608.4705 608.4347 608.3651 608.3273 608.3262 608.3247 608.3232 608.2906 608.2214 608.1522 608.083 608.0406 608.0391 608.011 607.9416 607.8723 607.8029 607.7554
608.5764 608.5748 608.5733 608.571 608.5682 608.5654 608.5626 608.5598 608.557 608.5543 608.5515 608.5486 608.5472 608.5461 608.5452 608.5432 608.5404 608.5376 608.5348 608.532 608.5292 608.5264 608.5236 608.5208 608.5182 608.5154 608.5126 608.5098 608.507 608.5042 608.5014 608.4987 608.4959 608.493 608.4902 608.4874 608.4845 608.4825 608.481 608.48 608.4785 608.477 608.4419 608.3727 608.3352 608.3024 608.2327 608.1631 608.0934 608.0508 608.0497 608.0481 608.0468 608.0189 607.9497 607.8805 607.8113 607.7641 607.7626 607.7393 607.67 607.6007 607.5313 607.479
608.5642 608.5627 608.5612 608.5589 608.5561 608.5533 608.5505 608.5477 608.5449 608.5421 608.5394 608.5366 608.5349 608.5339 608.5329 608.5309 608.5281 608.5253 608.5225 608.5197 608.5169 608.5141 608.5113 608.5085 608.5058 608.503 608.5002 608.4974 608.4955 608.494 608.4926 608.4915 608.4895 608.4537 608.384 608.3463 608.3452 608.3442 608.3427 608.3412 608.3086 608.2394 608.1702 608.101 608.0587 608.0308 607.9611 607.8915 607.8218 607.7742 607.7733 607.7715 607.7703 607.7471 607.678 607.6088 607.5396 607.4875 607.486 607.4677 607.3985 607.3292 607.2598 607.2026
608.5521 608.5506 608.5491 608.5468 608.544 608.5412 608.5384 608.5356 608.5328 608.53 608.5273 608.5245 608.5226 608.5216 608.5206 608.5187 608.5159 608.5131 608.5103 608.5074 608.506 608.505 608.5035 608.5015 608.5 608.4655 608.3975 608.3582 608.3568 608.3552 608.3542 608.3214 608.2517 608.1821 608.1124 608.0698 608.0687 608.0676 608.0662 608.0648 608.0369 607.9677 607.8985 607.8293 607.7821 607.7591 607.6896 607.6199 607.5502 607.4977 607.4968 607.495 607.4938 607.4755 607.4063 607.3371 607.2679 607.2109 607.2094 607.1961 607.1269 607.0576 606.9882 606.9261
608.54 608.5385 608.537 608.5347 608.5319 608.5291 608.5263 608.5236 608.5225 608.521 608.52 608.5186 608.5175 608.4834 608.4163 608.3748 608.3732 608.3722 608.3712 608.3697 608.3682 608.3672 608.3652 608.3345 608.2665 608.1985 608.1305 608.0817 608.0803 608.0787 608.0778 608.0497 607.9801 607.9105 607.8408 607.7932 607.7921 607.7911 607.7897 607.7882 607.7651 607.696 607.6268 607.5576 607.5055 607.4874 607.418 607.3483 607.2786 607.2213 607.2203 607.2184 607.2172 607.2037 607.1346 607.0654 606.9962 606.9344 606.9329 606.9244 606.8553 606.7861 606.7167 606.6497
608.437 608.4034 608.3928 608.3912 608.3902 608.3887 608.3872 608.3862 608.3852 608.3837 608.3822 608.3552 608.288 608.2209 608.1537 608.0983 608.0966 608.0955 608.0945 608.093 608.0916 608.0905 608.0886 608.0675 607.9995 607.9315 607.8635 607.8051 607.8037 607.8022 607.8013 607.778 607.7086 607.6389 607.5692 607.5167 607.5155 607.5145 607.5132 607.5117 607.4935 607.4243 607.3551 607.2859 607.2289 607.2157 607.1463 607.0767 607.007 606.9448 606.9437 606.9418 606.9407 606.9321 606.8629 606.7937 606.7245 606.6578 606.6563 606.6528 606.5837 606.5145 606.4451 606.3757
608.1787 608.1452 608.1163 608.1146 608.1135 608.1121 608.1107 608.1096 608.1085 608.1071 608.1057 608.0927 608.0255 607.9584 607.8912 607.824 607.8199 607.8189 607.8179 607.8164 607.8149 607.8139 607.8119 607.8005 607.7325 607.6645 607.5965 607.5285 607.5272 607.5258 607.5248 607.5062 607.437 607.3673 607.2976 607.2402 607.239 607.2379 607.2368 607.2352 607.2217 607.1526 607.0834 607.0142 606.9524 606.944 606.8746 606.8051 606.7355 606.6683 606.6672 606.6653 606.6642 606.6603 606.5912 606.522 606.4528 606.3837 606.3798 606.3787 606.312 606.2429 606.1736 606.1042
607.9205 607.887 607.8536 607.838 607.8369 607.8356 607.8341 607.8329 607.8319 607.8306 607.8291 607.8278 607.7629 607.6958 607.6287 607.5615 607.5433 607.5422 607.5413 607.5397 607.5383 607.5372 607.5353 607.5335 607.4655 607.3975 607.3295 607.2615 607.2507 607.2493 607.2482 607.2344 607.1652 607.0957 607.026 606.9637 606.9623 606.9614 606.9603 606.9587 606.9501 606.8809 606.8117 606.7426 606.6758 606.6724 606.6029 606.5335 606.4639 606.3942 606.3907 606.3887 606.3878 606.3862 606.3195 606.2503 606.1812 606.1119 606.1033 606.1022 606.0404 605.9713 605.902 605.8326
607.6624 607.6288 607.5954 607.5615 607.5602 607.559 607.5575 607.5563 607.5552 607.554 607.5525 607.5513 607.5004 607.4333 607.3661 607.299 607.2668 607.2656 607.2646 607.2631 607.2616 607.2606 607.2586 607.257 607.1985 607.1305 607.0625 606.9945 606.9742 606.9727 606.9717 606.9626 606.8934 606.8241 606.7545 606.6873 606.6858 606.6848 606.6838 606.6823 606.6783 606.6092 606.54 606.4708 606.4017 606.3982 606.3312 606.2618 606.1923 606.1226 606.1141 606.1122 606.1113 606.1097 606.0478 605.9786 605.9094 605.8403 605.8267 605.8257 605.7687 605.6996 605.6304 605.5611
