samples/sfe_209/sfe_209_v2/sfe_209_v2/sfe_209_v2.asc
ncols         267
nrows         135
xllcorner     98.199999999255
yllcorner     82.800000000745
cellsize      0.3
NODATA_value  -9999
[rows 28 to 55 of 135, columns 64 to 127 of 267]
602.3544 602.3271 602.3 602.2709 602.2391 602.2074 602.1778 602.1486 602.1169 602.0854 602.0555 602.0283 602.0009 601.9734 601.9461 601.9194 601.8903 601.8593 601.8282 601.7972 601.7693 601.7422 601.7148 601.6873 601.6599 601.6325 601.6057 601.578 601.5466 601.5153 601.484 601.4539 601.4276 601.4007 601.3737 601.3463 601.3187 601.2911 601.2636 601.2366 601.2097 601.1826 601.1557 601.1287 601.1015 601.0742 601.0468 601.0194 600.9924 600.9654 600.9384 600.9114 600.8843 600.8574 600.8303 600.8055 600.7927 600.7659 600.7389 600.7119 600.6849 600.658 600.6309 600.6039
602.3258 602.2985 602.2714 602.2424 602.2106 602.1789 602.1486 602.1196 602.088 602.0564 602.0259 601.9987 601.9713 601.9438 601.9164 601.8896 601.8606 601.8296 601.7985 601.7675 601.739 601.712 601.6845 601.657 601.6296 601.6022 601.5754 601.5476 601.5163 601.485 601.4537 601.423 601.3967 601.3698 601.3428 601.3154 601.2878 601.2603 601.2327 601.2057 601.1786 601.1517 601.1247 601.0977 601.0705 601.0432 601.0158 600.9884 600.9613 600.9343 600.9073 600.8803 600.8533 600.8263 600.7993 600.7749 600.7621 600.7354 600.7084 600.6814 600.6544 600.6274 600.6004 600.5734
602.2972 602.27 602.2427 602.2139 602.1821 602.1504 602.1194 602.0906 602.059 602.0274 601.9962 601.9691 601.9416 601.9142 601.8867 601.8599 601.8309 601.7999 601.7688 601.7378 601.7087 601.6818 601.6543 601.6268 601.5993 601.5719 601.545 601.5173 601.486 601.4547 601.4233 601.392 601.3658 601.3389 601.312 601.2845 601.2569 601.2294 601.2018 601.1747 601.1476 601.1207 601.0937 601.0667 601.0395 601.0121 600.9848 600.9575 600.9302 600.9032 600.8762 600.8492 600.8222 600.7952 600.7682 600.7444 600.7316 600.7048 600.6779 600.6508 600.6238 600.5969 600.5699 600.5428
602.2686 602.2413 602.2141 602.1854 602.1536 602.1219 602.0903 602.0615 602.03 601.9984 601.9668 601.9395 601.912 601.8845 601.8571 601.8301 601.8011 601.7701 601.7391 601.7081 601.6785 601.6515 601.624 601.5966 601.5691 601.5416 601.5147 601.4869 601.4556 601.4243 601.3929 601.3616 601.3348 601.308 601.2811 601.2536 601.226 601.1985 601.1709 601.1437 601.1166 601.0897 601.0627 601.0357 601.0085 600.9811 600.9538 600.9265 600.8991 600.8721 600.8452 600.8181 600.7911 600.7641 600.7371 600.7139 600.701 600.6743 600.6473 600.6203 600.5933 600.5663 600.5393 600.5123
602.2401 602.2128 602.1855 602.1569 602.1251 602.0934 602.0616 602.0325 602.001 601.9694 601.9378 601.9098 601.8823 601.8549 601.8275 601.8004 601.7714 601.7404 601.7094 601.6783 601.6483 601.6212 601.5938 601.5663 601.5388 601.5114 601.4843 601.4566 601.4253 601.394 601.3626 601.3313 601.304 601.2771 601.2502 601.2227 601.1951 601.1675 601.14 601.1127 601.0856 601.0587 601.0317 601.0047 600.9775 600.9501 600.9228 600.8954 600.8681 600.8411 600.814 600.787 600.76 600.733 600.706 600.6833 600.6705 600.6437 600.6168 600.5897 600.5628 600.5358 600.5088 600.4818
602.2114 602.1841 602.1569 602.1284 602.0967 602.0649 602.0331 602.0035 601.972 601.9404 601.9088 601.8802 601.8527 601.8253 601.7978 601.7707 601.7417 601.7106 601.6796 601.6486 601.618 601.591 601.5635 601.5361 601.5086 601.4811 601.454 601.4263 601.395 601.3636 601.3323 601.301 601.273 601.2462 601.2192 601.1918 601.1642 601.1367 601.1091 601.0817 601.0546 601.0276 601.0007 600.9737 600.9465 600.9197 600.902 600.8795 600.8525 600.7827 600.7043 600.6645 600.6375 600.6105 600.5835 600.561 600.5475 600.5208 600.4937 600.4667 600.4398 600.4135 600.3865 600.3595
602.1829 602.1556 602.1283 602.0999 602.0682 602.0364 602.0047 601.9745 601.943 601.9114 601.8798 601.8505 601.8231 601.7957 601.7682 601.741 601.712 601.6809 601.6499 601.6188 601.5878 601.5607 601.5333 601.5058 601.4783 601.4509 601.4236 601.3959 601.3646 601.3333 601.3019 601.2735 601.2473 601.2114 601.1581 601.1356 601.1218 601.0948 601.0678 601.0005 600.9228 600.8535 600.8184 600.7914 600.7651 600.7429 600.7281 600.7012 600.6556 600.5773 600.4989 600.4505 600.4235 600.3965 600.3695 600.347 600.332 600.3052 600.2783 600.2512 600.2242 600.1995 600.1725 600.1455
602.1542 602.127 602.0997 602.0714 602.0397 602.0079 601.9762 601.9456 601.914 601.8824 601.8508 601.8209 601.7935 601.766 601.7385 601.7112 601.6823 601.6512 601.6202 601.5891 601.5581 601.5305 601.503 601.476 601.449 601.4355 601.3804 601.2971 601.242 601.215 601.188 601.1584 601.0787 600.999 600.9456 600.9231 600.9078 600.8809 600.8538 600.7977 600.72 600.6508 600.6059 600.5789 600.5525 600.5303 600.5142 600.4872 600.4502 600.3718 600.2935 600.2365 600.2095 600.1825 600.1555 600.133 600.1165 600.0897 600.0627 600.0357 600.0088 599.9855 599.9585 599.9343
602.1257 602.0984 602.0711 602.0429 602.0112 601.9794 601.9477 601.9166 601.885 601.8534 601.8218 601.7913 601.7638 601.7363 601.709 601.6865 601.6595 601.5927 601.5657 601.5386 601.483 601.3976 601.3121 601.2723 601.2453 601.2363 601.1554 601.0721 601.017 600.99 600.963 600.936 600.8662 600.7864 600.7331 600.7106 600.6938 600.6669 600.6398 600.595 600.5173 600.4481 600.3999 600.3665 600.3399 600.3177 600.3002 600.2731 600.2448 600.1664 600.088 600.0225 599.9955 599.9685 599.9415 599.919 599.901 599.8743 599.8472 599.8203 599.7933 599.7715 599.7445 599.7316
602.097 602.0698 602.0425 602.0144 601.9827 601.9509 601.9192 601.8876 601.8568 601.83 601.8035 601.7672 601.6843 601.6049 601.5939 601.5247 601.4407 601.3566 601.3266 601.2996 601.2476 601.1622 601.0767 601.0332 601.0062 600.9941 600.9304 600.8471 600.792 600.765 600.738 600.711 600.6537 600.5739 600.5206 600.4981 600.4799 600.4528 600.4258 600.3923 600.3146 600.2453 600.1986 600.1539 600.1274 600.1051 600.0861 600.0591 600.0322 599.9609 599.8826 599.8085 599.7815 599.7545 599.7275 599.705 599.6855 599.6588 599.6317 599.6047 599.5778 599.5575 599.5305 599.5289
602.0685 602.0412 602.014 601.9915 601.9645 601.8979 601.871 601.8 601.7175 601.6443 601.6057 601.5438 601.4609 601.3781 601.3549 601.2964 601.2123 601.1282 601.0875 601.0605 601.0122 600.9268 600.8412 600.7942 600.7672 600.7534 600.7054 600.6221 600.567 600.54 600.513 600.486 600.4412 600.3615 600.3081 600.2856 600.2659 600.2388 600.2119 600.1848 600.1118 600.0426 599.9973 599.9415 599.9148 599.8925 599.8721 599.8452 599.8182 599.7555 599.6771 599.5988 599.5675 599.5405 599.5135 599.491 599.47 599.4432 599.4163 599.3892 599.3622 599.3435 599.3165 599.3261
601.9971 601.926 601.8989 601.8333 601.7504 601.6675 601.6335 601.5765 601.494 601.4208 601.3683 601.3204 601.2375 601.1547 601.1158 601.068 600.9839 600.8998 600.8485 600.8215 600.7768 600.6913 600.6059 600.5551 600.5281 600.5126 600.4803 600.3971 600.342 600.315 600.288 600.261 600.2287 600.1489 600.0956 600.0731 600.0519 600.0248 599.9979 599.9708 599.9091 599.8398 599.796 599.7289 599.7022 599.6799 599.6581 599.6312 599.6042 599.55 599.4717 599.3934 599.3535 599.3265 599.2995 599.277 599.2545 599.2277 599.2007 599.1737 599.1467 599.1295 599.1025 599.1234
601.7581 601.6869 601.6599 601.6098 601.527 601.4442 601.3962 601.353 601.2705 601.1973 601.1425 601.097 601.0141 600.9313 600.8726 600.8397 600.7556 600.6715 600.6094 600.5824 600.5414 600.4559 600.3705 600.316 600.2891 600.2719 600.2531 600.1721 600.117 600.09 600.063 600.036 600.0093 599.9365 599.8831 599.8606 599.8378 599.8109 599.7838 599.7568 599.7064 599.6371 599.5947 599.5173 599.4896 599.4673 599.4442 599.4172 599.3902 599.3447 599.2663 599.1879 599.1395 599.1125 599.0855 599.063 599.039 599.0123 598.9852 598.9583 598.9313 598.9155 598.8969 598.9207
601.519 601.4478 601.4208 601.3864 601.3036 601.2207 601.1588 601.1295 601.047 600.9738 600.919 600.8666 600.7907 600.7078 600.6284 600.6107 600.5272 600.4431 600.3704 600.3434 600.306 600.2205 600.1351 600.077 600.05 600.0311 600.014 599.9471 599.892 599.865 599.838 599.811 599.7841 599.7239 599.6706 599.6481 599.6238 599.5969 599.5698 599.5428 599.5036 599.4344 599.3934 599.316 599.277 599.2548 599.2302 599.2032 599.1762 599.1392 599.0609 598.9825 598.9255 598.8985 598.8715 598.849 598.8235 598.7968 598.7697 598.7427 598.7158 598.7015 598.6942 598.7179
601.28 601.2088 601.1818 601.1595 601.0801 600.9973 600.9214 600.8945 600.8235 600.7502 600.6955 600.6292 600.5673 600.4844 600.4016 600.3716 600.2989 600.2148 600.1313 600.1043 600.0706 599.9851 599.8997 599.838 599.8109 599.7904 599.7718 599.7221 599.667 599.64 599.613 599.586 599.559 599.5115 599.4581 599.4355 599.4099 599.3829 599.3558 599.3289 599.3009 599.2316 599.192 599.1147 599.0645 599.0422 599.0162 598.9891 598.9622 598.9338 598.8554 598.777 598.7115 598.6845 598.6575 598.6342 598.608 598.5812 598.5543 598.5272 598.5002 598.4875 598.4915 598.5151
601.0409 600.9697 600.9427 600.9157 600.8568 600.7739 600.691 600.657 600.6 600.5267 600.472 600.3918 600.3439 600.261 600.1782 600.1326 600.0705 599.9865 599.9023 599.8652 599.8352 599.7497 599.6642 599.5989 599.5718 599.5496 599.5277 599.4971 599.442 599.415 599.388 599.361 599.334 599.299 599.2455 599.2228 599.1959 599.1688 599.1418 599.1148 599.0878 599.0294 598.9907 598.9134 598.8519 598.8284 598.8021 598.7751 598.7482 598.7212 598.65 598.5716 598.4975 598.4705 598.4435 598.4188 598.3925 598.3657 598.3387 598.3117 598.2847 598.2735 598.2887 598.3124
600.8018 600.7307 600.7036 600.6766 600.6333 600.5505 600.4677 600.4197 600.3765 600.3033 600.2485 600.166 600.1205 600.0376 599.9548 599.8935 599.8422 599.7581 599.674 599.6262 599.5992 599.5143 599.4288 599.3598 599.3328 599.3089 599.2836 599.2698 599.217 599.19 599.163 599.136 599.109 599.0827 599.0331 599.0088 598.9819 598.9548 598.9279 598.9008 598.8738 598.8281 598.7894 598.7121 598.6395 598.6144 598.5881 598.5612 598.5342 598.5072 598.4445 598.3661 598.2878 598.2565 598.2295 598.2032 598.177 598.1503 598.1232 598.0963 598.0692 598.0623 598.086 598.1097
600.5627 600.4916 600.4646 600.4376 600.4099 600.3271 600.2442 600.1823 600.153 600.0798 600.025 599.9425 599.8901 599.8142 599.7313 599.6519 599.6138 599.5297 599.4456 599.3871 599.3601 599.2789 599.1934 599.1207 599.0938 599.0681 599.0411 599.0307 598.992 598.965 598.938 598.911 598.884 598.8575 598.8206 598.7948 598.7679 598.7408 598.7139 598.6868 598.6599 598.6268 598.5881 598.5108 598.4335 598.4005 598.3741 598.3472 598.3202 598.2932 598.2391 598.2035 598.0855 598.0753 598.1143 598.1323 598.0843 597.9988 597.9117 597.8207 597.7057 597.699 597.9255 597.9069
600.3237 600.2525 600.2255 600.1985 600.183 600.1036 600.0208 599.9449 599.918 599.8563 599.8015 599.719 599.6527 599.5908 599.5079 599.425 599.3854 599.3013 599.2173 599.1481 599.121 599.0435 598.958 598.8745 598.8475 598.8365 598.808 598.7988 598.7762 598.7345 598.6907 598.6218 598.5738 598.4995 598.4733 598.4205 598.411 598.41 598.432 598.351 598.324 598.3328 598.3198 598.2885 598.1628 598.1047 598.093 598.013 597.8853 597.3743 597.3232 597.3467 597.421 597.514 597.6035 597.6368 597.591 597.4977 597.4075 597.3435 597.222 597.0432 596.8702 596.8143
600.0711 600.0135 599.9865 599.9595 599.9389 599.8802 599.7974 599.7145 599.6805 599.6328 599.578 599.4955 599.4153 599.3674 599.2845 599.2017 599.1494 599.0825 599.0555 598.705 598.5867 598.5508 598.2975 598.309 598.3998 598.4147 598.4015 598.4125 598.4393 598.4125 598.3198 598.1713 598.0075 597.828 597.6348 597.5278 597.549 597.6757 597.8138 597.778 597.868 597.9243 597.9 597.8203 597.7188 597.6553 597.5925 597.3525 597.1873 597.0427 596.9603 597.0118 597.1248 597.246 597.3465 597.3765 597.324 597.2358 597.1745 597.1432 597.057 596.9083 596.7568 596.6883
599.8179 599.7744 599.7474 599.7204 599.6948 599.6568 599.574 599.4911 599.4432 599.4092 599.3545 599.272 599.2175 599.0785 599.0415 598.9653 598.7448 598.6683 598.3962 598.1957 598.031 597.9373 597.9608 597.9215 598.0115 598.0402 598.045 598.0935 598.172 598.138 598.0722 597.9525 597.794 597.6082 597.3985 597.262 597.2773 597.416 597.565 597.6772 597.7703 597.814 597.756 597.6168 597.468 597.3278 597.258 597.081 596.8402 596.71 596.6848 596.7653 596.8947 597.0283 597.1237 597.0522 596.961 596.8605 596.8035 596.8328 596.8137 596.704 596.589 596.5563
599.5719 599.5353 599.5084 599.4813 599.4543 599.4334 599.3785 599.3515 599.165 599.2112 599.1887 598.8508 598.6902 598.4713 598.4205 598.3093 598.397 598.4147 598.2213 598.0355 597.8547 597.7343 597.6645 597.6307 597.6998 597.727 597.7427 597.8127 597.8757 597.9658 597.9455 597.847 597.6993 597.5228 597.3193 597.1843 597.1873 597.313 597.4565 597.5635 597.6425 597.6577 597.5513 597.3788 597.1935 597.018 596.8905 596.7452 596.5815 596.4838 596.488 596.5002 596.6443 596.7787 596.8583 596.842 596.716 596.5942 596.5298 596.5422 596.5063 596.4323 596.3737 596.3782
599.4615 599.2853 599.12 598.9578 598.8185 598.7563 598.496 598.539 598.646 598.73 598.6967 598.5988 598.3588 598.2105 598.1693 598.098 598.1993 598.193 598.1205 597.8828 597.7147 597.565 597.4105 597.3755 597.4167 597.4468 597.461 597.568 597.6935 597.8138 597.854 597.7945 597.6655 597.5087 597.3065 597.1535 597.1163 597.1915 597.3138 597.3965 597.461 597.4628 597.3022 597.1185 596.932 596.802 596.6975 596.548 596.3904 596.2642 596.2678 596.3342 596.4153 596.5417 596.6185 596.6033 596.4958 596.3695 596.3 596.2875 596.2638 596.2383 596.2313 596.284
599.3588 599.1113 598.872 598.6223 598.4235 598.3235 598.2327 598.248 598.3372 598.4147 598.391 598.2657 598.1235 597.9938 597.8818 597.879 597.9427 597.9478 597.8763 597.7573 597.6257 597.3925 597.2808 597.2068 597.2105 597.2527 597.297 597.3767 597.5748 597.7365 597.8065 597.7735 597.6948 597.5605 597.3737 597.1887 597.091 597.0933 597.1338 597.1243 597.1918 597.203 597.1415 597.0038 596.867 596.7502 596.6373 596.4805 596.296 596.088 596.0472 596.0858 596.1807 596.286 596.3745 596.3917 596.3347 596.2372 596.1633 596.1308 596.1085 596.119 596.1807 596.2735
599.1672 599.053 598.8032 598.5303 598.298 598.166 598.099 598.095 598.152 598.1875 598.1375 598.0555 597.947 597.802 597.7328 597.6495 597.69 597.629 597.6658 597.6523 597.5805 597.4033 597.2245 597.1248 597.1075 597.167 597.2353 597.3555 597.5427 597.6845 597.7465 597.7353 597.6882 597.61 597.4465 597.246 597.0978 597.0217 597.0025 597.006 596.9918 597.0155 597.0115 596.9622 596.8793 596.773 596.5865 596.4305 596.2263 596.0472 595.97 595.9418 595.9885 596.0728 596.1855 596.2595 596.2573 596.2062 596.1255 596.0638 596.0395 596.0927 596.1968 596.3055
599.0658 598.981 598.7928 598.5443 598.3225 598.1707 598.1143 598.1017 598.0934 598.0633 598.009 597.9333 597.8522 597.7535 597.5627 597.4987 597.4838 597.4515 597.512 597.5518 597.5465 597.4023 597.2275 597.1078 597.076 597.1398 597.2435 597.387 597.5333 597.6225 597.6342 597.6175 597.6063 597.5705 597.4727 597.3175 597.1215 597.012 596.9472 596.9138 596.8965 596.9158 596.9375 596.9313 596.8693 596.7995 596.6763 596.504 596.2963 596.0965 595.9557 595.8985 595.9042 595.97 596.101 596.2112 596.2573 596.2308 596.1455 596.0575 596.0265 596.0972 596.23 596.341
598.9448 598.9425 598.8157 598.6262 598.438 598.282 598.2327 598.1863 598.1453 598.0748 597.989 597.925 597.8552 597.6912 597.5718 597.438 597.3725 597.3515 597.4083 597.4833 597.5063 597.3675 597.2127 597.0798 597.047 597.1385 597.2438 597.395 597.5003 597.5182 597.4795 597.4373 597.4385 597.4147 597.3593 597.2803 597.1745 597.087 597.018 596.9622 596.9207 596.9017 596.8815 596.866 596.8182 596.7313 596.607 596.4548 596.2795 596.1212 595.9982 595.9293 595.898 595.9392 596.0707 596.2175 596.3018 596.2838 596.1917 596.087 596.049 596.124 596.263 596.369
598.9095 598.9233 598.8502 598.6923 598.4725 598.3965 598.3263 598.2725 598.2188 598.1488 598.0662 598.0008 597.9318 597.7855 597.6355 597.4595 597.345 597.2885 597.3295 597.408 597.3675 597.3125 597.1458 597.0132 596.9833 597.069 597.1973 597.333 597.3968 597.3723 597.2897 597.2325 597.2223 597.2393 597.246 597.2285 597.2195 597.191 597.1512 597.094 597.0265 596.9497 596.8425 596.7725 596.6705 596.56 596.4382 596.316 596.1528 596.09 596.0327 595.9962 595.9925 596.0265 596.1382 596.2607 596.3145 596.281 596.1775 596.0703 596.0325 596.1088 596.2488 596.3527
