samples/sfe_209/sfe_209_v2/sfe_209_v2/sfe_209_v2.asc
ncols         267
nrows         135
xllcorner     98.199999999255
yllcorner     82.800000000745
cellsize      0.3
NODATA_value  -9999
[rows 0 to 27 of 135, columns 0 to 63 of 267]
-9999 -9999 -9999 -9999 -9999 -9999 604.7214 604.6942 604.6672 604.6399 604.6135 604.5869 604.5596 604.5327 604.5056 604.4786 604.451 604.424 604.3971 604.3701 604.3431 604.317 604.29 604.2631 604.2358 604.2088 604.1818 604.1545 604.1275 604.1005 604.0732 604.0462 604.0198 603.9932 603.9658 603.9389 603.9119 603.8845 603.8575 603.8302 603.8032 603.7762 603.7492 603.7224 603.6962 603.6692 603.6422 603.6149 603.5878 603.5609 603.5338 603.5065 603.4794 603.4525 603.4261 603.399 603.372 603.345 603.3176 603.2906 603.2637 603.2367 603.2097 603.1826
-9999 -9999 -9999 -9999 -9999 -9999 604.6985 604.671 604.6439 604.6169 604.5898 604.5634 604.5358 604.5088 604.4818 604.4548 604.4265 604.3995 604.3726 604.3456 604.3185 604.2925 604.2655 604.2386 604.2109 604.184 604.1569 604.1299 604.1022 604.0753 604.0475 604.0206 603.9941 603.9675 603.9399 603.9129 603.8859 603.8586 603.8311 603.8041 603.7764 603.7494 603.7224 603.6955 603.6693 603.6424 603.6154 603.5881 603.5606 603.5336 603.5066 603.4788 603.4518 603.4247 603.3984 603.3709 603.3439 603.3169 603.2891 603.262 603.2351 603.2081 603.181 603.154
-9999 -9999 -9999 -9999 -9999 -9999 604.6756 604.6477 604.6207 604.5937 604.566 604.5399 604.5119 604.4849 604.4579 604.4309 604.4021 604.375 604.348 604.321 604.294 604.2679 604.241 604.2141 604.1861 604.1591 604.1321 604.1051 604.077 604.05 604.022 603.995 603.9683 603.9419 603.9139 603.8869 603.8599 603.8329 603.8047 603.7778 603.7496 603.7226 603.6956 603.6686 603.6425 603.6156 603.5886 603.5616 603.5334 603.5064 603.4794 603.4511 603.4241 603.3971 603.3706 603.3428 603.3157 603.2888 603.2604 603.2335 603.2065 603.1795 603.1524 603.1254
-9999 -9999 -9999 -9999 -9999 -9999 604.6527 604.6245 604.5975 604.5705 604.5424 604.5163 604.4885 604.4611 604.4341 604.407 604.3787 604.3505 604.3235 604.2965 604.2695 604.2432 604.2164 604.1896 604.1619 604.1343 604.1072 604.0803 604.0518 604.0248 603.9968 603.9694 603.9426 603.9163 603.888 603.8609 603.8339 603.8069 603.7784 603.7514 603.7228 603.6958 603.6688 603.6418 603.6157 603.5888 603.5618 603.5349 603.5062 603.4792 603.4521 603.4235 603.3964 603.3694 603.3428 603.3146 603.2876 603.2606 603.2319 603.2048 603.1779 603.1509 603.1238 603.0967
-9999 -9999 -9999 -9999 -9999 604.6626 604.6298 604.6013 604.5743 604.5473 604.5189 604.4928 604.4655 604.4372 604.4102 604.3832 604.3552 604.3259 604.299 604.272 604.2449 604.2186 604.1918 604.1652 604.1381 604.1094 604.0824 604.0554 604.0266 603.9996 603.9722 603.9438 603.9168 603.8907 603.8627 603.835 603.808 603.7809 603.752 603.725 603.696 603.669 603.642 603.6151 603.5889 603.562 603.535 603.5081 603.4789 603.452 603.4249 603.3958 603.3688 603.3418 603.3151 603.2864 603.2595 603.2324 603.204 603.1762 603.1493 603.1223 603.0952 603.0681
-9999 -9999 -9999 -9999 -9999 604.64 604.6075 604.5782 604.5511 604.524 604.4954 604.4692 604.4423 604.4133 604.3864 604.3593 604.3317 604.3014 604.2744 604.2474 604.2205 604.1939 604.1673 604.1406 604.1136 604.0846 604.0576 604.0306 604.0014 603.9744 603.9474 603.9183 603.8912 603.8651 603.8373 603.809 603.782 603.755 603.7256 603.6986 603.6693 603.6422 603.6152 603.5883 603.5621 603.5352 603.5082 603.4813 603.4517 603.4247 603.3977 603.3683 603.3411 603.3141 603.2873 603.2583 603.2313 603.2043 603.1761 603.1476 603.1207 603.0937 603.0666 603.0395
-9999 -9999 -9999 -9999 -9999 604.6176 604.5851 604.5558 604.5278 604.5009 604.4718 604.4457 604.4187 604.3895 604.3625 604.3354 604.3083 604.2769 604.2499 604.2229 604.1959 604.1693 604.1428 604.1161 604.0892 604.0597 604.0327 604.0057 603.9762 603.9492 603.9222 603.8926 603.8657 603.8395 603.812 603.783 603.756 603.729 603.6993 603.6722 603.6425 603.6154 603.5884 603.5615 603.5353 603.5084 603.4814 603.4545 603.4246 603.3975 603.3705 603.3414 603.3135 603.2864 603.2595 603.2306 603.2031 603.1761 603.1483 603.119 603.092 603.0651 603.038 603.0109
-9999 -9999 -9999 -9999 -9999 604.5953 604.5629 604.5334 604.5046 604.4776 604.4483 604.422 604.3952 604.3657 604.3386 604.3116 604.2846 604.2524 604.2253 604.1984 604.1714 604.1447 604.1182 604.0916 604.0646 604.0349 604.0079 603.9808 603.951 603.924 603.897 603.8671 603.8401 603.8138 603.7867 603.757 603.73 603.703 603.6729 603.6459 603.616 603.5886 603.5616 603.5347 603.5085 603.4816 603.4547 603.4277 603.3973 603.3703 603.3433 603.3145 603.2858 603.2588 603.2318 603.2031 603.175 603.148 603.1204 603.0905 603.0635 603.0364 603.0094 602.9822
-9999 -9999 -9999 -9999 -9999 604.5729 604.5405 604.511 604.4814 604.4544 604.4256 604.3983 604.3716 604.3418 604.3148 604.2878 604.2607 604.2285 604.2008 604.1739 604.1469 604.12 604.0936 604.067 604.0402 604.01 603.983 603.956 603.9266 603.8987 603.8718 603.8414 603.8145 603.7883 603.7612 603.731 603.704 603.6771 603.6468 603.6195 603.5902 603.5618 603.5349 603.5079 603.4816 603.4548 603.4279 603.4009 603.3707 603.3431 603.3161 603.2877 603.2581 603.2311 603.2041 603.1757 603.1469 603.1198 603.0925 603.0618 603.0349 603.0079 602.9808 602.9536
-9999 -9999 -9999 -9999 -9999 604.5506 604.5182 604.4882 604.4582 604.4312 604.4028 604.3746 604.3481 604.3179 604.2909 604.2639 604.2369 604.2051 604.1763 604.1494 604.1223 604.0953 604.0691 604.0424 604.0157 603.9856 603.9582 603.9312 603.9023 603.8735 603.8466 603.8159 603.7889 603.7626 603.7356 603.705 603.6781 603.6511 603.6212 603.5931 603.5645 603.535 603.5081 603.4811 603.4548 603.428 603.4011 603.3741 603.3442 603.3159 603.2889 603.2608 603.2305 603.2035 603.1765 603.1483 603.1187 603.0917 603.0646 603.0333 603.0062 602.9792 602.9522 602.925
-9999 -9999 -9999 -9999 -9999 604.5283 604.4958 604.4653 604.435 604.408 604.3801 604.3508 604.3246 604.2949 604.2671 604.2401 604.2131 604.1816 604.1518 604.1248 604.0978 604.0708 604.0446 604.0178 603.9911 603.9617 603.9333 603.9063 603.8779 603.8483 603.8214 603.791 603.7633 603.7368 603.71 603.6791 603.6521 603.6251 603.5955 603.5668 603.5387 603.5083 603.4813 603.4543 603.428 603.4012 603.3743 603.3473 603.3178 603.2886 603.2617 603.2339 603.2028 603.1758 603.1488 603.1209 603.0905 603.0635 603.0365 603.0046 602.9777 602.9507 602.9236 602.8964
-9999 -9999 -9999 -9999 -9999 604.5059 604.4735 604.4424 604.4117 604.3848 604.3574 604.3273 604.301 604.2719 604.2432 604.2162 604.1892 604.1581 604.1273 604.1003 604.0733 604.0463 604.02 603.9932 603.9667 603.9378 603.9085 603.8815 603.8536 603.8231 603.7961 603.7663 603.7377 603.7111 603.6844 603.6536 603.6261 603.5991 603.5698 603.5404 603.5129 603.4815 603.4545 603.4275 603.4011 603.3743 603.3475 603.3205 603.2914 603.2614 603.2344 603.207 603.1752 603.1481 603.1212 603.0935 603.0624 603.0354 603.0084 602.9766 602.949 602.9221 602.895 602.8677
-9999 -9999 -9999 -9999 -9999 604.4836 604.4512 604.4194 604.3888 604.3615 604.3345 604.3038 604.2775 604.2488 604.2194 604.1923 604.1653 604.1347 604.1027 604.0757 604.0488 604.0217 603.9954 603.9687 603.9422 603.9139 603.8836 603.8566 603.8293 603.7979 603.7709 603.7416 603.7121 603.6854 603.6588 603.6283 603.6001 603.5731 603.5441 603.514 603.487 603.4547 603.4277 603.4007 603.3743 603.3475 603.3207 603.2938 603.2649 603.2342 603.2072 603.1802 603.1478 603.1205 603.0934 603.066 603.0342 603.0073 602.9802 602.9487 602.9204 602.8934 602.8665 602.8392
-9999 -9999 -9999 -9999 604.496 604.4612 604.4289 604.3965 604.3664 604.3383 604.3113 604.2802 604.254 604.2259 604.1955 604.1685 604.1415 604.1113 604.0784 604.0512 604.0242 603.9972 603.9709 603.9441 603.9177 603.89 603.8588 603.8318 603.8047 603.7727 603.7457 603.717 603.6865 603.6596 603.6332 603.603 603.5742 603.5472 603.5185 603.4876 603.4606 603.4279 603.4009 603.3739 603.3474 603.3207 603.2939 603.267 603.2385 603.207 603.18 603.153 603.1209 603.0928 603.0658 603.0386 603.0062 602.9791 602.9521 602.9208 602.8918 602.8649 602.8378 602.8105
-9999 -9999 -9999 -9999 604.4717 604.439 604.4066 604.374 604.344 604.3151 604.2881 604.257 604.2305 604.2029 604.1716 604.1447 604.1176 604.0878 604.0549 604.0267 603.9997 603.9727 603.9464 603.9195 603.8931 603.8661 603.8339 603.8069 603.7799 603.7476 603.7205 603.6923 603.6609 603.6339 603.6075 603.5776 603.5482 603.5212 603.4928 603.4612 603.4343 603.4021 603.3741 603.3471 603.3205 603.2939 603.2672 603.2402 603.212 603.1798 603.1528 603.1258 603.0941 603.0651 603.0381 603.0112 602.9788 602.9509 602.924 602.8929 602.8632 602.8362 602.8093 602.782
-9999 -9999 -9999 -9999 604.4491 604.4166 604.3842 604.3516 604.3216 604.2919 604.2648 604.2342 604.2068 604.1799 604.1478 604.1208 604.0938 604.0643 604.0315 604.0021 603.9752 603.9482 603.9218 603.895 603.8686 603.8417 603.8093 603.7821 603.7551 603.7233 603.6953 603.6677 603.6353 603.6083 603.582 603.5523 603.5222 603.4952 603.4672 603.435 603.4079 603.3763 603.3474 603.3203 603.2936 603.267 603.2404 603.2134 603.1855 603.1533 603.1255 603.0986 603.0672 603.0375 603.0105 602.9838 602.9513 602.9228 602.8958 602.8651 602.8346 602.8077 602.7806 602.7534
-9999 -9999 -9999 -9999 604.4268 604.3943 604.3619 604.3293 604.2992 604.2687 604.2416 604.2115 604.183 604.1564 604.1241 604.0969 604.0699 604.0409 604.008 603.9776 603.9506 603.9236 603.8972 603.8704 603.844 603.8172 603.7853 603.7573 603.7302 603.699 603.67 603.6429 603.6098 603.5828 603.5563 603.527 603.4962 603.4692 603.4415 603.4094 603.3815 603.3505 603.3206 603.2935 603.2667 603.2402 603.2135 603.1866 603.1591 603.1268 603.0983 603.0714 603.0403 603.0098 602.9828 602.9564 602.9239 602.8947 602.8676 602.8372 602.806 602.7791 602.752 602.7248
-9999 -9999 -9999 -9999 604.4044 604.3719 604.3395 604.307 604.2768 604.2454 604.2184 604.1888 604.1593 604.1328 604.1011 604.0731 604.0461 604.0175 603.9846 603.9531 603.9261 603.8991 603.8726 603.8458 603.8194 603.7927 603.7614 603.7324 603.7054 603.6746 603.6448 603.6179 603.5851 603.5571 603.5308 603.5016 603.4702 603.4432 603.4158 603.3837 603.3551 603.3248 603.2938 603.2667 603.2399 603.2134 603.1867 603.1598 603.1326 603.1003 603.0711 603.0441 603.0134 602.9822 602.9551 602.9286 602.8965 602.8665 602.8395 602.8093 602.7774 602.7504 602.7234 602.6962
-9999 -9999 -9999 -9999 604.3821 604.3496 604.3173 604.2847 604.2544 604.2222 604.1952 604.166 604.1357 604.1093 604.0782 604.0492 604.0222 603.994 603.9611 603.9285 603.9016 603.8746 603.8479 603.8212 603.7949 603.7682 603.7375 603.7075 603.6805 603.6503 603.6196 603.5927 603.5605 603.5316 603.5051 603.4763 603.4446 603.4173 603.3901 603.358 603.3287 603.299 603.267 603.2399 603.213 603.1866 603.1599 603.1331 603.1061 603.0739 603.0439 603.0169 602.9866 602.9545 602.9275 602.9009 602.8691 602.8383 602.8113 602.7814 602.7491 602.7219 602.6948 602.6676
-9999 -9999 -9999 -9999 604.3597 604.3273 604.2949 604.2623 604.232 604.1994 604.172 604.1433 604.1122 604.0858 604.0552 604.0254 603.9984 603.9705 603.9377 603.9048 603.877 603.85 603.8232 603.7966 603.7703 603.7437 603.7136 603.6827 603.6557 603.626 603.5944 603.5674 603.5358 603.506 603.4795 603.451 603.4193 603.3913 603.3643 603.3323 603.3024 603.2732 603.2402 603.2132 603.1862 603.1598 603.1331 603.1063 603.0793 603.0475 603.0167 602.9897 602.9597 602.9274 602.8998 602.8731 602.8416 602.8102 602.7832 602.7535 602.7212 602.6932 602.6663 602.639
-9999 -9999 -9999 -9999 604.3373 604.305 604.2726 604.24 604.2091 604.177 604.1487 604.1206 604.0886 604.0623 604.0322 604.0015 603.9745 603.9471 603.9142 603.8813 603.8525 603.8255 603.7986 603.7721 603.7457 603.7192 603.6898 603.6578 603.6309 603.6017 603.5692 603.5422 603.5111 603.4804 603.4539 603.4257 603.3939 603.3653 603.3383 603.3067 603.276 603.2474 603.214 603.1864 603.1594 603.1329 603.1063 603.0795 603.0525 603.021 602.9894 602.9625 602.9328 602.9005 602.8722 602.8454 602.8142 602.782 602.755 602.7256 602.6934 602.6646 602.6376 602.6104
-9999 -9999 -9999 -9999 604.315 604.2827 604.2502 604.2177 604.1862 604.1546 604.1255 604.0978 604.0656 604.0387 604.0092 603.9777 603.9506 603.9236 603.8907 603.8579 603.8279 603.801 603.774 603.7476 603.7211 603.6948 603.6658 603.633 603.606 603.5773 603.5443 603.517 603.4865 603.4548 603.4281 603.4003 603.3686 603.3393 603.3123 603.281 603.2496 603.2216 603.1882 603.1596 603.1326 603.1061 603.0794 603.0527 603.0257 602.9946 602.9623 602.9352 602.9059 602.8736 602.8445 602.8176 602.7868 602.7543 602.7269 602.6977 602.6655 602.636 602.609 602.5818
-9999 -9999 -9999 604.3293 604.2927 604.2603 604.2279 604.1953 604.1633 604.1322 604.1023 604.0751 604.0428 604.0152 603.9862 603.9538 603.9268 603.8998 603.8673 603.8344 603.8035 603.7765 603.7495 603.723 603.6965 603.6702 603.642 603.609 603.5812 603.553 603.52 603.4918 603.4618 603.4292 603.4023 603.375 603.3433 603.3134 603.2864 603.2553 603.2233 603.1959 603.1624 603.1328 603.1058 603.0793 603.0526 603.0259 602.9989 602.9681 602.9358 602.908 602.8791 602.8467 602.8168 602.7899 602.7594 602.7269 602.6987 602.6699 602.6376 602.6074 602.5804 602.5532
-9999 -9999 -9999 604.3051 604.2703 604.238 604.2056 604.173 604.1404 604.1098 604.0791 604.0521 604.0201 603.9915 603.9632 603.9305 603.903 603.8759 603.8438 603.811 603.7789 603.752 603.7249 603.6984 603.672 603.6456 603.618 603.5851 603.5563 603.5287 603.4957 603.4666 603.4371 603.4039 603.3766 603.3497 603.3179 603.2874 603.2604 603.2297 603.1976 603.1699 603.1366 603.106 603.079 603.0525 603.0258 602.999 602.9721 602.9417 602.9094 602.8808 602.8522 602.8198 602.7892 602.7621 602.732 602.6995 602.6706 602.642 602.6097 602.5788 602.5518 602.5247
-9999 -9999 -9999 604.2809 604.248 604.2157 604.1833 604.1507 604.1181 604.0874 604.0559 604.0289 603.9974 603.9678 603.9402 603.9075 603.8791 603.8521 603.8204 603.7875 603.7546 603.7274 603.7004 603.6739 603.6474 603.621 603.5942 603.5612 603.5314 603.5044 603.4713 603.4413 603.4125 603.3793 603.351 603.3243 603.2926 603.2614 603.2344 603.204 603.1719 603.1435 603.1108 603.0792 603.0522 603.0257 602.999 602.9722 602.9453 602.9152 602.8829 602.8536 602.8253 602.793 602.7615 602.7345 602.7045 602.6721 602.6425 602.6141 602.5818 602.5502 602.5233 602.496
-9999 -9999 -9999 604.2582 604.2256 604.1934 604.1609 604.1284 604.0958 604.065 604.0327 604.0057 603.9747 603.9441 603.9172 603.8845 603.8552 603.8282 603.7969 603.7641 603.7312 603.7029 603.6759 603.6493 603.6228 603.5964 603.5698 603.5373 603.5066 603.4796 603.447 603.4161 603.3878 603.3546 603.3254 603.2988 603.2673 603.2355 603.2084 603.1783 603.1462 603.1171 603.0851 603.0524 603.0255 602.9988 602.9721 602.9454 602.9185 602.8887 602.8564 602.8264 602.7985 602.7661 602.7339 602.7068 602.6771 602.6447 602.6143 602.5862 602.5539 602.5216 602.4946 602.4675
-9999 -9999 -9999 604.2358 604.2032 604.171 604.1386 604.106 604.0734 604.0426 604.01 603.9824 603.9519 603.9206 603.894 603.8615 603.8314 603.8044 603.7735 603.7406 603.7078 603.6783 603.6514 603.6248 603.5983 603.5719 603.5453 603.5134 603.4818 603.4548 603.4227 603.3909 603.3631 603.33 603.2999 603.2732 603.2419 603.2102 603.1824 603.1526 603.1205 603.0908 603.0593 603.0258 602.9987 602.972 602.9453 602.9186 602.8917 602.8623 602.83 602.7991 602.7716 602.7393 602.7068 602.6792 602.6497 602.6172 602.5861 602.5583 602.526 602.4938 602.466 602.4388
-9999 -9999 -9999 604.2135 604.1809 604.1487 604.1163 604.0837 604.0511 604.0202 603.9876 603.9592 603.9292 603.897 603.8705 603.8385 603.8075 603.7805 603.75 603.7172 603.6843 603.6538 603.6268 603.6002 603.5737 603.5473 603.5208 603.4895 603.4569 603.4299 603.3984 603.3657 603.3384 603.3053 603.2742 603.2476 603.2166 603.1849 603.1565 603.127 603.0948 603.0643 603.0335 603.0001 602.9719 602.9452 602.9185 602.8918 602.865 602.8359 602.8036 602.7719 602.7448 602.7123 602.68 602.6516 602.6223 602.5898 602.558 602.5304 602.4981 602.4659 602.4374 602.4103
