samples/sfe_209/sfe_209_v2/sfe_209_v2/sfe_209_v2.asc
ncols         267
nrows         135
xllcorner     98.199999999255
yllcorner     82.800000000745
cellsize      0.3
NODATA_value  -9999
[rows 28 to 55 of 135, columns 128 to 191 of 267]
600.5769 600.5655 600.5385 600.5115 600.4852 600.4585 600.4315 600.4045 600.3775 600.3505 600.3235 600.3121 600.2851 600.2581 600.2311 600.2042 600.178 600.1511 600.1241 600.097 600.0811 600.0586 600.0316 600.0046 599.9777 599.9506 599.9238 599.8968 599.8741 599.8552 599.8362 599.8173 599.7943 599.7673 599.7402 599.7133 599.6863 599.6604 599.6413 599.6222 599.6031 599.5827 599.5557 599.5287 599.5016 599.4774 599.4541 599.4308 599.4076 599.3814 599.3544 599.3323 599.313 599.2937 599.2744 599.2487 599.2227 599.1993 599.1758 599.1523 599.1271 599.1001 599.0792 599.0608
600.5464 600.5355 600.5085 600.4815 600.4553 600.4285 600.4015 600.3745 600.3475 600.3205 600.2935 600.2827 600.2556 600.2286 600.2016 600.1747 600.1485 600.1216 600.0946 600.0676 600.0522 600.0297 600.0027 599.9758 599.9487 599.9218 599.8948 599.8678 599.8463 599.8273 599.8083 599.7894 599.7664 599.7394 599.7124 599.6854 599.6584 599.6337 599.6146 599.5955 599.5764 599.5559 599.5289 599.5019 599.4749 599.451 599.4278 599.4045 599.3813 599.3551 599.3281 599.3071 599.2878 599.2684 599.2491 599.2234 599.1979 599.1744 599.1509 599.1275 599.1022 599.0753 599.0555 599.0372
600.5159 600.5055 600.4785 600.4515 600.4252 600.3985 600.3715 600.3445 600.3175 600.2905 600.2635 600.2532 600.2261 600.1992 600.1721 600.1452 600.119 600.0922 600.0651 600.0381 600.0233 600.0008 599.9738 599.9468 599.9198 599.8928 599.8659 599.8389 599.8184 599.7995 599.7805 599.7616 599.7386 599.7116 599.6846 599.6576 599.6306 599.6069 599.5878 599.5687 599.5496 599.5291 599.5021 599.4751 599.4481 599.4248 599.4016 599.3783 599.355 599.3289 599.3018 599.2818 599.2625 599.2432 599.2238 599.1981 599.173 599.1495 599.1261 599.1027 599.0774 599.0504 599.032 599.0137
600.4853 600.4755 600.4485 600.4215 600.3953 600.3685 600.3415 600.3145 600.2875 600.2605 600.2335 600.2237 600.1967 600.1697 600.1427 600.1157 600.0895 600.0627 600.0357 600.0087 599.9944 599.9719 599.9449 599.9179 599.8909 599.8639 599.8369 599.8099 599.7906 599.7717 599.7527 599.7338 599.7108 599.6838 599.6567 599.6298 599.6028 599.5801 599.561 599.5419 599.5228 599.5024 599.4753 599.4484 599.4218 599.3986 599.3753 599.3521 599.3288 599.3026 599.2758 599.2565 599.2372 599.2179 599.1985 599.1729 599.1482 599.1247 599.1013 599.0778 599.0526 599.0267 599.0084 598.9901
600.4548 600.4455 600.4185 600.3915 600.3652 600.3385 600.3115 600.2845 600.2575 600.2305 600.2036 600.1943 600.1672 600.1403 600.1132 600.0862 600.06 600.0333 600.0062 599.9792 599.9655 599.9429 599.916 599.889 599.862 599.835 599.808 599.7817 599.7628 599.7438 599.7249 599.7059 599.683 599.6559 599.629 599.6019 599.575 599.5533 599.5342 599.5151 599.496 599.4756 599.4486 599.4216 599.3955 599.3723 599.349 599.3257 599.3025 599.2762 599.2505 599.2313 599.2119 599.1926 599.1733 599.1476 599.1234 599.0999 599.0764 599.053 599.0277 599.0031 598.9848 598.9665
600.3381 600.3284 600.3014 600.2744 600.2482 600.2214 600.1944 600.1725 600.1455 600.1185 600.0916 600.0818 600.0549 600.0278 600.0009 599.9738 599.9476 599.9215 599.8945 599.8675 599.854 599.8308 599.8038 599.7769 599.7499 599.7311 599.7533 599.7673 599.7403 599.7178 599.6998 599.6781 599.6552 599.6281 599.6011 599.5741 599.5472 599.5266 599.5074 599.4883 599.4692 599.4489 599.4218 599.3948 599.3693 599.346 599.3228 599.2995 599.2762 599.2499 599.2253 599.2059 599.1866 599.1674 599.148 599.1223 599.0985 599.075 599.0516 599.0281 599.0029 598.9796 598.9612 598.9429
600.1354 600.1243 600.0972 600.0703 600.044 600.0173 599.9902 599.9786 599.9515 599.9246 599.8976 599.8866 599.8596 599.8326 599.8055 599.7786 599.7524 599.7276 599.7006 599.6736 599.66 599.6356 599.6085 599.5816 599.5546 599.5358 599.558 599.5802 599.5692 599.5422 599.5299 599.505 599.4866 599.4596 599.4326 599.4466 599.4688 599.481 599.4559 599.4292 599.4164 599.3937 599.3914 599.3725 599.3455 599.3198 599.2965 599.2733 599.25 599.2237 599.2 599.1807 599.1614 599.142 599.1227 599.0971 599.0737 599.0502 599.0267 599.0032 598.978 598.9559 598.9376 598.9193
599.9327 599.9201 599.8931 599.8661 599.8398 599.8131 599.7861 599.7846 599.7576 599.7306 599.7037 599.6913 599.6642 599.6373 599.6102 599.5833 599.5572 599.5336 599.5067 599.4796 599.4661 599.4402 599.4132 599.3863 599.3593 599.3405 599.3627 599.3849 599.3636 599.3366 599.325 599.298 599.29 599.2629 599.236 599.2499 599.2721 599.274 599.2607 599.234 599.2211 599.1971 599.1972 599.2188 599.2403 599.2202 599.1932 599.1661 599.1638 599.1859 599.1835 599.17 599.1437 599.1168 599.0975 599.0723 599.0488 599.0253 599.0019 598.9784 598.9532 598.9324 598.9141 598.8958
599.7299 599.7159 599.689 599.6619 599.6357 599.6089 599.582 599.5906 599.5637 599.5367 599.5097 599.496 599.4689 599.442 599.4149 599.3879 599.3622 599.3397 599.3127 599.2856 599.2719 599.2449 599.2179 599.191 599.1639 599.1451 599.1674 599.1848 599.158 599.131 599.118 599.0958 599.0933 599.0663 599.0393 599.0533 599.0754 599.067 599.0654 599.0388 599.0258 599.0004 599.003 599.0245 599.0461 599.0235 598.9965 598.9695 598.9671 598.9893 599.011 599.0009 598.9746 598.9565 598.9816 599.0067 599.0041 598.9771 598.9501 598.9595 598.9325 598.9102 598.8904 598.8721
599.5272 599.5118 599.4848 599.4578 599.4315 599.4048 599.3833 599.3967 599.3697 599.3427 599.3157 599.3007 599.2737 599.2466 599.2197 599.1926 599.1682 599.1458 599.1187 599.0917 599.0767 599.0496 599.0226 598.9957 598.9687 598.9499 598.972 598.9792 598.9525 598.9255 598.911 598.8991 598.8967 598.8697 598.8427 598.8566 598.8788 598.8693 598.8701 598.8435 598.8305 598.8038 598.8088 598.8303 598.8519 598.8268 598.7999 598.7728 598.7704 598.7926 598.804 598.7925 598.7663 598.748 598.7732 598.7983 598.7856 598.7586 598.7316 598.7529 598.7798 598.7963 598.7828 598.8066
599.3245 599.3076 599.2806 599.2536 599.2274 599.2006 599.1894 599.2028 599.1758 599.1487 599.1218 599.1053 599.0784 599.0513 599.0244 598.9973 598.9743 598.9518 598.9248 598.8978 598.8813 598.8543 598.8273 598.8004 598.7734 598.7546 598.7768 598.7735 598.7469 598.7199 598.704 598.7025 598.7 598.673 598.646 598.66 598.68 598.674 598.6747 598.6483 598.6341 598.6072 598.6146 598.6361 598.6572 598.6302 598.6032 598.5762 598.5738 598.596 598.597 598.5842 598.5579 598.5397 598.5648 598.5899 598.5671 598.5401 598.5131 598.5375 598.5643 598.5778 598.5644 598.5897
599.1217 599.1035 599.0765 599.0494 599.0233 598.9965 598.9954 599.0088 598.9818 598.9548 598.9279 598.9101 598.8831 598.8561 598.829 598.8021 598.7803 598.7578 598.7308 598.7038 598.686 598.6591 598.632 598.6051 598.5781 598.5593 598.5815 598.568 598.5413 598.5143 598.497 598.5058 598.5034 598.4764 598.4493 598.4633 598.473 598.4787 598.4794 598.4531 598.4374 598.4105 598.4203 598.4418 598.4606 598.4336 598.4066 598.3796 598.3771 598.3994 598.3901 598.3759 598.3495 598.3312 598.3563 598.3716 598.3486 598.3216 598.2951 598.322 598.3488 598.3593 598.346 598.3728
598.919 598.8993 598.8723 598.8453 598.8191 598.7923 598.8015 598.8149 598.7878 598.7609 598.7339 598.7148 598.6877 598.6608 598.6337 598.6068 598.5864 598.5639 598.5369 598.5099 598.4907 598.4637 598.4368 598.4098 598.3828 598.364 598.3862 598.3625 598.3358 598.3087 598.29 598.3091 598.3067 598.2797 598.2527 598.2667 598.2661 598.2834 598.2842 598.2579 598.2408 598.2139 598.2261 598.2476 598.2639 598.2369 598.2099 598.1829 598.1805 598.2027 598.1832 598.1675 598.1411 598.1228 598.1479 598.1561 598.1301 598.1031 598.0796 598.1064 598.1333 598.1407 598.1284 598.1559
598.7162 598.6951 598.6682 598.6411 598.6149 598.5881 598.6075 598.6209 598.5939 598.5669 598.54 598.5195 598.4924 598.4655 598.4384 598.4114 598.3925 598.3699 598.343 598.3159 598.2954 598.2684 598.2415 598.2145 598.1874 598.1686 598.1835 598.157 598.1301 598.1031 598.0903 598.1125 598.11 598.0831 598.056 598.07 598.0595 598.0881 598.0889 598.0626 598.0442 598.0172 598.0319 598.0534 598.0673 598.0403 598.0132 597.9863 597.9839 598.003 597.9762 597.9592 597.9327 597.9144 597.9395 597.9386 597.9116 597.8846 597.8641 597.8909 597.9178 597.9222 597.9114 597.939
598.5135 598.491 598.464 598.437 598.4108 598.3921 598.4136 598.4269 598.4 598.373 598.346 598.3242 598.2972 598.2701 598.2432 598.2161 598.1985 598.176 598.149 598.1219 598.1002 598.0731 598.0461 598.0192 597.9922 597.9734 597.9778 597.9515 597.9246 597.8976 597.8937 597.9158 597.9134 597.8864 597.8594 597.8734 597.8642 597.8928 597.8936 597.8674 597.8475 597.8206 597.8376 597.8592 597.8706 597.8436 597.8166 597.7896 597.7872 597.796 597.7693 597.7508 597.7243 597.706 597.7311 597.7201 597.6931 597.6661 597.6486 597.6754 597.7023 597.7037 597.6946 597.7221
598.3108 598.2869 598.2598 598.2328 598.2066 598.1981 598.2196 598.233 598.206 598.179 598.152 598.1288 598.1019 598.0748 598.0479 598.0209 598.0045 597.9821 597.955 597.928 597.9048 597.8778 597.8508 597.8239 597.7969 597.7781 597.7722 597.746 597.719 597.6924 597.697 597.7192 597.7167 597.6898 597.6627 597.672 597.6689 597.6974 597.6982 597.6722 597.6509 597.6239 597.6434 597.665 597.674 597.647 597.6199 597.593 597.5906 597.589 597.5624 597.5425 597.5159 597.4976 597.5179 597.5016 597.4746 597.4476 597.433 597.4599 597.4868 597.4853 597.4777 597.5052
598.108 598.0827 598.0557 598.0287 598.0024 598.0042 598.0256 598.0391 598.012 597.985 597.9581 597.9336 597.9066 597.8796 597.8525 597.8256 597.8106 597.7881 597.761 597.7341 597.7095 597.6826 597.6556 597.6286 597.6016 597.5828 597.5665 597.5404 597.5134 597.4883 597.5004 597.5225 597.5201 597.4931 597.4661 597.465 597.4736 597.5022 597.5029 597.4769 597.4542 597.4277 597.4492 597.4708 597.4773 597.4503 597.4233 597.3963 597.3939 597.382 597.3555 597.3341 597.3074 597.2891 597.2979 597.2831 597.2561 597.2291 597.2175 597.2444 597.2713 597.2668 597.2608 597.2883
597.9053 597.8785 597.8515 597.8245 597.7983 597.8102 597.8317 597.8451 597.8181 597.7911 597.7642 597.7383 597.7112 597.6843 597.6572 597.6304 597.6166 597.5941 597.5671 597.5401 597.5142 597.4872 597.4603 597.4333 597.4063 597.3875 597.3609 597.3348 597.3079 597.282 597.3037 597.3259 597.3235 597.2964 597.2695 597.258 597.2783 597.3069 597.3077 597.2816 597.2576 597.2334 597.255 597.2766 597.2807 597.2537 597.2267 597.1996 597.1973 597.175 597.1485 597.1258 597.0991 597.0807 597.0786 597.0646 597.0376 597.0106 597.002 597.0289 597.0558 597.0483 597.0439 597.0713
597.0743 597.285 597.4005 597.4677 597.4377 597.545 597.4587 597.3978 597.3707 597.3495 597.3408 597.3355 597.3398 597.307 597.2648 597.2 597.1663 597.1128 597.0858 597.0465 597.0212 596.9943 596.9648 596.9363 596.9103 597.0143 596.9918 596.9698 596.9498 597.1095 597.1071 597.1292 597.1268 597.0998 597.0728 597.0544 597.083 597.1116 597.1124 597.0863 597.0609 597.0392 597.0607 597.0823 597.084 597.057 597.03 597.003 596.995 596.968 596.9416 596.9174 596.8906 596.8723 596.8631 596.8461 596.8191 596.7921 596.7865 596.8134 596.8403 596.8298 596.827 596.8543
596.74 596.8425 596.9468 597.0685 597.0275 596.8823 596.6927 596.5468 596.4828 596.4753 596.5477 596.6437 596.6918 596.6518 596.5247 596.3728 596.2235 596.115 596.053 596.0398 596.0505 596.0292 595.9943 595.9603 595.9305 595.9732 596.0895 596.073 596.0495 596.0308 596.1885 596.2915 596.5192 596.487 596.4532 596.598 596.925 596.9163 596.9171 596.8911 596.8643 596.845 596.8665 596.8881 596.8874 596.8604 596.8334 596.8063 596.788 596.761 596.7347 596.7091 596.6822 596.6639 596.6476 596.6276 596.6006 596.5736 596.571 596.5979 596.6248 596.6114 596.6101 596.6373
596.6077 596.7085 596.8463 596.9307 596.9063 596.7922 596.6315 596.5125 596.4805 596.482 596.552 596.6277 596.6418 596.5535 596.3975 596.2215 596.0675 595.9792 595.9697 596.0272 596.0765 596.0715 596.0355 596.0002 595.9665 595.933 595.8998 595.8638 595.9222 595.8925 595.859 595.8967 595.8773 595.8515 595.8515 595.8282 595.8038 596.1953 596.1757 596.1558 596.1335 596.2567 596.529 596.542 596.515 596.5132 596.4837 596.422 596.3695 596.2985 596.4055 596.3967 596.3903 596.374 596.3605 596.2883 596.245 596.222 596.3645 596.3824 596.4093 596.393 596.3931 596.4203
596.485 596.604 596.7042 596.7758 596.79 596.7087 596.594 596.5325 596.5155 596.5107 596.549 596.5922 596.5547 596.4423 596.2753 596.1023 595.961 595.8953 595.9285 596.0293 596.105 596.103 596.0655 596.0293 595.9943 595.9598 595.9238 595.9035 595.8637 595.8317 595.7953 595.834 595.8068 595.8458 595.8565 595.8375 595.8195 595.8255 595.8165 595.7972 595.844 595.8195 595.8127 595.8647 595.9203 595.924 595.8328 595.6765 595.4965 595.4048 595.5293 595.6005 595.677 595.672 595.5468 595.3802 595.2873 595.3002 595.5167 595.5605 595.9467 595.8307 596.2575 596.2305
596.4153 596.4943 596.5713 596.6443 596.6893 596.6985 596.6345 596.5695 596.5242 596.5082 596.5178 596.508 596.4407 596.308 596.1432 595.9875 595.8638 595.8304 595.8873 595.996 596.084 596.0985 596.0587 596.024 595.9882 595.953 595.9734 595.9553 595.9145 595.8745 595.8668 595.8568 595.82 595.7985 595.7703 595.7473 595.7888 595.8043 595.8075 595.8007 595.8325 595.8047 595.7867 595.7928 595.8073 595.7767 595.6635 595.5068 595.3335 595.2105 595.1882 595.2502 595.3238 595.335 595.274 595.142 595.0505 595.035 595.0867 595.1953 595.1497 595.0052 594.8765 595.2552
596.3522 596.396 596.4028 596.4395 596.502 596.5867 596.6362 596.6243 596.5925 596.5643 596.5468 596.5043 596.4105 596.2766 596.1382 596.0107 595.929 595.9122 595.978 596.077 596.1465 596.1405 596.1013 596.0757 596.049 596.013 595.9935 595.9537 595.9105 595.8715 595.8882 595.8433 595.8245 595.7872 595.7228 595.6718 595.6642 595.6715 595.7062 595.7738 595.7603 595.7155 595.6533 595.615 595.5738 595.5225 595.4065 595.278 595.1445 595.0335 595.002 595.0447 595.1143 595.1422 595.09 594.9822 594.9547 594.9398 594.8888 594.9185 594.8318 594.6948 594.6105 594.6935
596.3589 596.3275 596.2712 596.2372 596.2917 596.3875 596.4805 596.5143 596.4888 596.451 596.4108 596.3492 596.2603 596.1572 596.0555 595.9732 595.916 595.9078 595.9565 596.0087 596.044 596.025 595.99 596.0068 595.9753 595.9377 595.906 595.8748 595.8312 595.8242 595.8213 595.7833 595.7242 595.623 595.53 595.4562 595.4672 595.494 595.5903 595.656 595.6428 595.5655 595.469 595.3828 595.284 595.1982 595.1097 595.0208 594.9163 594.83 594.8307 594.8415 594.9 594.942 594.94 594.9058 594.9082 594.8672 594.7593 594.6175 594.4863 594.4613 594.4377 594.5212
596.3542 596.2593 596.1362 596.0465 596.049 596.1443 596.2615 596.3195 596.2997 596.2582 596.2095 596.1505 596.0825 596.0115 595.9548 595.9058 595.8743 595.861 595.8635 595.8735 595.8625 595.8322 595.791 595.7645 595.7285 595.6902 595.6498 595.66 595.616 595.5938 595.6022 595.6038 595.574 595.477 595.3478 595.25 595.1998 595.2448 595.3853 595.4578 595.449 595.35 595.2452 595.1342 595.0375 594.9855 594.9688 594.9326 594.8723 594.7867 594.6973 594.6473 594.651 594.7563 594.8013 594.825 594.824 594.7953 594.6843 594.4918 594.3253 594.2785 594.2993 594.3975
596.3618 596.2205 596.029 595.8783 595.8305 595.8815 595.9838 596.0395 596.021 595.9778 595.9282 595.8755 595.824 595.7805 595.7468 595.7215 595.7012 595.6915 595.6915 595.6608 595.6245 595.5815 595.5395 595.5012 595.4645 595.4263 595.3907 595.3683 595.323 595.3108 595.3492 595.399 595.3785 595.2875 595.154 595.0675 595.0105 595.075 595.2142 595.3057 595.3002 595.1895 595.0508 594.9225 594.8515 594.859 594.9003 594.9555 594.9165 594.8327 594.705 594.587 594.537 594.5933 594.651 594.7253 594.748 594.6975 594.5762 594.4583 594.291 594.2593 594.2623 594.3658
596.338 596.189 595.9825 595.808 595.7098 595.722 595.7888 595.8335 595.8125 595.7692 595.7205 595.6702 595.6245 595.587 595.56 595.5388 595.52 595.4982 595.4717 595.4325 595.3882 595.3435 595.301 595.262 595.2448 595.207 595.165 595.1193 595.0732 595.0728 595.161 595.2482 595.2678 595.2057 595.0828 594.9603 594.9032 594.984 595.1077 595.2037 595.2012 595.111 594.9735 594.8652 594.8372 594.889 594.976 595.0205 594.9875 594.893 594.7545 594.5985 594.495 594.49 594.5295 594.6487 594.688 594.656 594.55 594.4145 594.3105 594.239 594.2787 594.3757
