samples/sfe_209/sfe_209_v2/sfe_209_v2/sfe_209_v2.asc
ncols         267
nrows         135
xllcorner     98.199999999255
yllcorner     82.800000000745
cellsize      0.3
NODATA_value  -9999
[rows 56 to 83 of 135, columns 0 to 63 of 267]
603.3976 603.1053 603.0309 602.9565 602.8637 602.7877 602.7123 602.6248 602.5485 602.4507 602.3279 602.2486 602.1605 602.0715 601.9876 601.8588 601.7437 601.6606 601.5774 601.4941 601.4108 601.3275 601.2443 601.1693 601.0852 600.9971 600.9111 600.8278 600.7495 600.7234 600.6895 600.6402 600.5582 600.4761 600.3976 600.3222 600.2755 600.147 600.12 600.0785 600.0073 599.9405 599.7552 599.608 599.3898 599.249 599.1583 599.158 599.2128 599.2162 599.154 599.022 598.9283 598.85 598.8282 598.9155 598.9872 599.0858 599.0728 598.9455 598.768 598.6623 598.6722 598.7053
603.5091 602.9158 602.8414 602.767 602.6893 602.5931 602.5178 602.4315 602.3514 602.2649 602.1382 602.0391 601.9548 601.8593 601.779 601.6548 601.5265 601.4355 601.3522 601.269 601.1857 601.1024 601.0191 600.9408 600.8566 600.7725 600.686 600.6027 600.5194 600.486 600.459 600.42 600.379 600.352 600.1855 600.0693 599.854 599.6715 599.6225 599.5978 599.6713 599.7295 599.6643 599.537 599.401 599.203 599.0472 599.0137 599.0128 599.001 598.9575 598.9225 598.836 598.7653 598.78 598.8662 598.9478 599.0482 599.0363 598.8905 598.7025 598.5735 598.5513 598.5768
603.6205 602.7651 602.6518 602.5774 602.503 602.4015 602.3232 602.2411 602.1544 602.0781 601.9523 601.8296 601.7491 601.6536 601.5665 601.451 601.3225 601.2103 601.1271 601.0438 600.9606 600.8773 600.7939 600.7122 600.6281 600.5535 600.4927 600.4445 600.1617 599.9827 599.8972 599.843 599.7692 599.754 599.7723 599.714 599.5745 599.4512 599.3553 599.3608 599.4597 599.532 599.5237 599.476 599.335 599.1982 599.0703 598.947 598.883 598.9197 598.953 598.9063 598.851 598.752 598.7685 598.8212 598.9365 599.0085 599.0038 598.8362 598.6595 598.4935 598.4343 598.4578
603.7321 602.6153 602.4622 602.3878 602.3134 602.2271 602.1287 602.0507 601.9602 601.881 601.7665 601.6398 601.5407 601.4479 601.3541 601.2472 601.1185 600.9902 600.902 600.8187 600.7354 600.6615 600.6345 600.374 600.435 600.371 600.3657 600.2952 600.1355 599.8907 599.7562 599.6202 599.543 599.5267 599.5425 599.4973 599.42 599.341 599.2233 599.2108 599.2637 599.3165 599.3738 599.3545 599.3718 599.2632 599.079 598.9645 598.8892 598.9365 599.011 599.0107 598.937 598.8177 598.7678 598.8002 598.88 598.973 598.9927 598.8805 598.6825 598.501 598.4028 598.38
-9999 602.4989 602.2888 602.1982 602.1238 602.0494 601.9393 601.8588 601.7698 601.684 601.5806 601.454 601.3312 601.2422 601.1466 601.0433 600.9144 600.7861 600.609 600.549 600.166 600.0945 600.1245 600.187 600.3182 600.4362 600.4285 600.3423 600.078 599.903 599.742 599.569 599.4595 599.4238 599.4503 599.4015 599.391 599.3145 599.2365 599.1268 599.0947 599.1487 599.2548 599.348 599.3682 599.3098 599.1345 598.9953 598.9493 598.9872 599.0707 599.0965 599.0245 598.8912 598.7765 598.7715 598.8333 598.948 598.993 598.927 598.7562 598.5715 598.4565 598.3727
-9999 602.6104 602.139 602.0087 601.9343 601.8599 601.7649 601.6642 601.5795 601.489 601.3948 601.2681 601.1414 601.0365 600.9409 600.8395 600.6985 600.502 600.1127 599.9272 599.8547 599.907 600.024 600.1277 600.2767 600.4107 600.427 600.3392 600.0833 599.8738 599.7083 599.5367 599.4178 599.3975 599.4138 599.4427 599.4343 599.3655 599.2473 599.1298 599.0488 599.0753 599.182 599.2947 599.3422 599.2648 599.137 598.9952 598.9368 598.9985 599.1003 599.134 599.0545 598.904 598.7742 598.7527 598.8177 598.9375 599.0027 598.9623 598.839 598.6802 598.5693 598.48
-9999 602.7219 601.9893 601.8191 601.7447 601.6703 601.5905 601.4771 601.3891 601.2986 601.2089 601.0823 600.9556 600.9028 600.8148 600.7518 600.4323 600.231 599.9913 599.7665 599.664 599.7938 599.9655 600.0402 600.1925 600.2922 600.3495 600.2605 600.045 599.7965 599.6335 599.427 599.373 599.4145 599.4992 599.5335 599.5298 599.4175 599.3125 599.146 599.0582 599.0372 599.1062 599.22 599.2863 599.2498 599.099 598.9698 598.9023 598.9695 599.0917 599.1198 599.041 598.8698 598.7595 598.7257 598.8097 598.9175 599.0045 598.992 598.9268 598.8075 598.708 598.659
-9999 602.8334 601.8395 601.6627 601.5552 601.4808 601.4064 601.3027 601.1987 601.1083 601.0178 600.9485 600.852 600.8207 600.7378 600.4473 600.2358 600.045 599.777 599.64 599.6293 599.752 599.907 599.9948 600.074 600.2185 600.274 600.1913 599.948 599.7625 599.5693 599.4623 599.423 599.5007 599.6208 599.662 599.6115 599.5707 599.4258 599.2543 599.089 599.0743 599.12 599.2258 599.29 599.2135 599.0743 598.9312 598.8698 598.9443 599.0693 599.0985 599.0178 598.8441 598.7118 598.671 598.7257 598.85 598.964 599.0247 599.0275 598.965 598.9012 598.8497
-9999 602.9448 601.684 601.5129 601.3656 601.2912 601.2168 601.1283 601.0295 600.9735 600.955 600.7613 600.695 600.4803 600.329 600.1843 599.9948 599.819 599.6593 599.6087 599.6168 599.7715 599.887 600.0013 600.113 600.1595 600.203 600.0815 599.927 599.7797 599.659 599.541 599.5415 599.6135 599.7158 599.779 599.7598 599.6832 599.5578 599.36 599.2305 599.1772 599.2117 599.2963 599.332 599.2235 599.0582 598.902 598.85 598.9158 599.0363 599.0833 599.003 598.832 598.6683 598.598 598.6248 598.7247 598.8508 598.9788 599.0522 598.9708 598.9127 598.7814
-9999 603.0563 601.7117 601.3632 601.1865 601.1095 601.0825 601.1208 600.9943 600.858 600.5722 600.475 600.344 600.1312 600.0125 599.9145 599.7574 599.6615 599.5903 599.6095 599.6752 599.829 599.9335 599.9918 600.05 600.0697 600.0852 599.9965 599.8955 599.7895 599.7145 599.6277 599.6353 599.668 599.7525 599.7917 599.7523 599.7087 599.6103 599.4573 599.352 599.3005 599.2935 599.3427 599.3118 599.1995 599.0087 598.8563 598.8232 598.9052 599.0258 599.0898 599.0255 598.8505 598.6622 598.5522 598.5287 598.6007 598.7242 598.7442 598.874 598.9695 599.114 599.0655
-9999 603.1678 601.8231 601.2134 601.1005 601.135 601.025 600.9888 600.8465 600.5392 600.3485 600.126 599.9535 599.823 599.758 599.6553 599.6323 599.5895 599.567 599.564 599.7032 599.8232 599.892 599.9123 599.9075 599.91 599.891 599.859 599.7705 599.7175 599.6418 599.6207 599.6243 599.6458 599.6658 599.6735 599.6295 599.5925 599.5143 599.4415 599.3555 599.2963 599.3 599.3083 599.2642 599.1207 598.937 598.8043 598.8013 598.8945 599.0287 599.0558 599.0126 598.9022 598.8575 598.5823 598.549 598.562 598.6395 598.7548 598.9085 598.997 599.017 598.991
-9999 603.2793 601.9346 601.1175 600.931 600.946 600.8715 600.8132 600.534 600.3142 600.096 599.8545 599.6745 599.6077 599.624 599.5975 599.617 599.5977 599.581 599.5917 599.6747 599.7385 599.7557 599.7532 599.717 599.6992 599.6633 599.6152 599.5905 599.563 599.5187 599.512 599.5095 599.5055 599.4857 599.4373 599.4155 599.375 599.3238 599.284 599.2515 599.216 599.212 599.2025 599.14 598.9977 598.835 598.7518 598.78 598.9478 598.998 599.0715 599.118 599.0142 598.846 598.703 598.6535 598.6497 598.6685 598.7322 598.8045 598.8537 598.855 598.829
-9999 603.3908 602.0461 600.9722 600.8268 600.6912 600.5585 600.5075 600.38 600.1047 599.8465 599.6865 599.5483 599.5582 599.5858 599.6725 599.665 599.628 599.6172 599.6035 599.581 599.545 599.554 599.5425 599.5125 599.4993 599.4772 599.427 599.4045 599.3785 599.3545 599.3428 599.3173 599.3105 599.294 599.2685 599.2343 599.1973 599.1447 599.128 599.1017 599.0818 599.0797 599.0604 599.0238 598.9476 598.7578 598.719 598.7708 598.8945 599.0378 599.152 599.1855 599.1348 598.9945 598.8765 598.8143 598.802 598.7725 598.7545 598.7415 598.7248 598.7025 598.667
-9999 603.5023 602.1577 600.7493 600.5543 600.3165 600.345 600.3368 600.1603 599.9922 599.747 599.578 599.4553 599.4808 599.6287 599.7115 599.71 599.6943 599.6487 599.571 599.4843 599.4288 599.3807 599.376 599.3453 599.3302 599.2717 599.2545 599.2215 599.1932 599.1812 599.1745 599.16 599.1442 599.1245 599.0923 599.0637 599.0212 598.9865 599.0038 599.0493 598.9825 598.9515 598.926 598.8805 598.789 598.7233 598.7192 598.799 598.9323 599.0753 599.1985 599.2645 599.2492 599.1487 599.045 598.9988 598.9608 598.8873 598.8015 598.7255 598.6515 598.6003 598.5682
-9999 603.6138 602.2691 600.882 600.434 600.0495 600.0938 600.0297 599.9542 599.7842 599.4745 599.3665 599.3568 599.484 599.615 599.7343 599.7628 599.7128 599.6563 599.5378 599.4355 599.3635 599.3243 599.3077 599.2853 599.234 599.1815 599.1177 599.082 599.0595 599.0665 599.0693 599.05 599.0872 599.0797 599.1512 598.9501 598.8282 598.8273 598.8383 598.8723 598.9115 598.916 598.9205 598.8835 598.8253 598.797 598.8312 598.9225 599.0463 599.1747 599.289 599.367 599.376 599.2955 599.196 599.141 599.0858 598.9913 598.8672 598.7632 598.662 598.6062 598.5853
-9999 603.7253 602.3806 601.0147 600.8788 599.8125 599.7252 599.764 599.6918 599.4843 599.3245 599.2485 599.284 599.4615 599.6315 599.726 599.731 599.6565 599.5663 599.485 599.4213 599.3808 599.3718 599.3677 599.334 599.2525 599.1418 599.052 599.0137 599.0162 599.0613 599.2765 599.1616 599.0563 598.8698 598.7863 598.7368 598.7123 598.7495 598.815 598.9218 598.9945 599.0233 599.0315 599.008 598.983 598.9815 599.022 599.097 599.2075 599.2888 599.3857 599.469 599.4838 599.406 599.2938 599.1913 599.1213 599.0062 598.894 598.827 598.773 598.742 598.7225
-9999 603.8368 602.4921 601.1474 599.8137 599.621 599.5925 599.5423 599.4295 599.342 599.2352 599.2127 599.282 599.4567 599.6205 599.6593 599.5995 599.5168 599.4373 599.3862 599.3937 599.4302 599.4658 599.4728 599.434 599.3515 599.2841 599.2797 599.0255 599.0767 599.1553 599.2108 599.19 599.0868 598.951 598.8362 598.781 598.7632 598.8127 598.9065 599.033 599.1307 599.189 599.185 599.1677 599.1584 599.1815 599.2042 599.2572 599.316 599.3597 599.4293 599.495 599.515 599.4327 599.2983 599.184 599.0568 598.939 598.8737 598.8743 598.9008 598.9035 598.8935
-9999 603.9483 602.6036 601.2589 599.9726 600.7513 599.4777 599.4115 599.4125 599.354 599.2377 599.2135 599.3417 599.4725 599.555 599.557 599.456 599.3488 599.2745 599.2625 599.3383 599.4442 599.4158 599.4313 599.454 599.3645 599.2105 599.1065 599.1015 599.1927 599.3032 599.3903 599.396 599.2938 599.1527 599.0255 598.9637 598.9575 598.98 599.0595 599.1727 599.2535 599.2988 599.2983 599.2833 599.2828 599.2927 599.2975 599.319 599.3315 599.3385 599.3855 599.4734 599.4825 599.404 599.2608 599.1145 598.9653 598.8475 598.8138 598.903 598.983 599.0222 599.0082
-9999 -9999 602.7151 601.3704 600.0633 600.7513 599.4573 599.4655 599.413 599.4015 599.326 599.3392 599.4252 599.4985 599.5342 599.479 599.3688 599.308 599.3264 599.333 599.2543 599.384 599.4785 599.4973 599.4565 599.337 599.2147 599.148 599.1718 599.2882 599.4113 599.5187 599.5555 599.4897 599.3698 599.2505 599.1965 599.1995 599.1957 599.216 599.261 599.2853 599.3032 599.2975 599.292 599.2985 599.282 599.2733 599.2845 599.2673 599.2603 599.3322 599.4122 599.4455 599.3825 599.2532 599.105 598.945 598.8177 598.7845 598.8878 598.9865 599.0355 599.0235
-9999 -9999 602.8266 601.4819 600.1539 599.53 599.4965 599.5208 599.566 599.5623 599.4932 599.478 599.5042 599.5648 599.3566 599.3627 599.3349 599.253 599.139 599.1097 599.1733 599.274 599.348 599.3773 599.3425 599.2502 599.1782 599.1427 599.217 599.3295 599.4555 599.5817 599.6553 599.6307 599.5502 599.4535 599.4072 599.4075 599.3675 599.325 599.2783 599.2393 599.2318 599.2135 599.2255 599.218 599.198 599.1953 599.2025 599.1805 599.1705 599.25 599.3705 599.438 599.4146 599.2985 599.1593 598.9938 598.8475 598.792 598.8438 598.925 598.961 598.9423
-9999 -9999 602.938 601.5934 600.2446 599.5897 599.5665 599.6505 599.716 599.6116 599.4509 599.4325 599.604 599.6287 599.6097 599.5253 599.412 599.2972 599.1845 599.0983 599.1088 599.1453 599.194 599.2078 599.2061 599.167 599.1458 599.1683 599.2657 599.3867 599.497 599.6362 599.7203 599.7502 599.7095 599.642 599.627 599.5828 599.498 599.3932 599.273 599.2087 599.158 599.1565 599.1745 599.1802 599.1815 599.1857 599.1558 599.125 599.1087 599.1535 599.3002 599.4018 599.4138 599.3693 599.2322 599.069 598.9275 598.8505 598.8737 598.9193 598.9393 598.9475
-9999 -9999 603.0496 601.7049 600.3353 599.8051 599.6816 599.728 599.7437 599.7933 599.6918 599.629 599.6487 599.6572 599.664 599.6071 599.5305 599.4532 599.3215 599.21 599.1057 599.0627 599.0493 599.0847 599.0848 599.1268 599.1805 599.2642 599.3645 599.4745 599.5388 599.6452 599.739 599.8035 599.8422 599.816 599.7742 599.699 599.5865 599.4098 599.251 599.1807 599.143 599.1617 599.227 599.2485 599.2845 599.2637 599.1888 599.1348 599.1108 599.1325 599.205 599.2997 599.3868 599.382 599.2968 599.1915 599.087 599.0268 599.0392 599.058 599.0502 599.0352
-9999 -9999 603.1611 601.8164 600.426 599.8958 599.7083 599.8385 599.8917 599.851 599.7037 599.6385 599.5972 599.6255 599.6743 599.6935 599.6918 599.6202 599.497 599.3307 599.191 599.0772 599.0497 599.064 599.0842 599.1807 599.329 599.4507 599.5513 599.5573 599.5508 599.622 599.7098 599.8521 599.8985 599.8853 599.8365 599.7252 599.5748 599.3645 599.2065 599.1938 599.238 599.3218 599.386 599.4675 599.5358 599.4765 599.3635 599.273 599.2017 599.1323 599.135 599.188 599.2727 599.3895 599.3783 599.3545 599.3205 599.3043 599.31 599.3358 599.3043 599.27
-9999 -9999 603.2726 601.9279 600.5167 599.9865 599.8395 599.9465 599.9457 599.8295 599.6665 599.5247 599.4615 599.55 599.636 599.7338 599.7422 599.722 599.6378 599.5087 599.3675 599.2502 599.2122 599.213 599.2515 599.415 599.567 599.6848 599.7305 599.68 599.5768 599.6022 599.6625 599.8085 599.9022 599.9018 599.8238 599.6985 599.4905 599.3025 599.268 599.2872 599.418 599.5402 599.6552 599.7825 599.8643 599.7817 599.6522 599.4995 599.3645 599.2195 599.117 599.131 599.227 599.5247 599.604 599.6522 599.6978 599.6992 599.7173 599.7055 599.6765 599.6455
-9999 -9999 603.384 602.0394 600.6074 600.0771 599.9857 600.0438 599.9705 599.8265 599.6537 599.4775 599.4293 599.461 599.5658 599.6782 599.7408 599.7555 599.7358 599.6677 599.5585 599.4902 599.488 599.478 599.5172 599.6725 599.8303 599.9097 599.9187 599.789 599.6658 599.6168 599.6552 599.7885 599.9045 599.9142 599.8167 599.6475 599.4742 599.3148 599.3102 599.4185 599.5715 599.7545 599.895 600.0817 600.1973 600.1047 599.9075 599.901 599.7492 599.6085 599.4763 599.6165 599.9345 599.9174 599.9218 599.8958 599.8687 599.8445 599.8175 599.8423 599.8792 599.9125
-9999 -9999 603.4955 602.1509 600.698 600.1678 600.0978 600.1325 600.0665 599.9072 599.7025 599.5397 599.4172 599.4245 599.5612 599.655 599.7285 599.7527 599.7545 599.7548 599.7408 599.7435 599.7585 599.75 599.821 599.9413 600.0328 600.0855 600.0372 599.8955 599.7625 599.6868 599.726 599.8857 599.9713 599.995 599.8737 599.6927 599.5223 599.4188 599.41 599.5535 599.8707 600.0095 600.1605 600.2378 600.2173 600.152 600.125 600.0791 600.1099 600.1328 600.1131 600.09 600.1216 600.1537 600.1693 600.1431 600.1161 600.1085 600.0815 600.0978 600.1346 600.1716
-9999 -9999 603.6071 602.2623 600.7887 600.2585 600.1885 600.322 600.1858 599.9957 599.7813 599.626 599.4995 599.5128 599.5545 599.6362 599.667 599.7402 599.772 599.8285 599.9142 599.995 600.0033 600.0185 600.0397 600.1605 600.2087 600.2397 600.1375 599.9865 599.8632 599.7897 599.8602 599.9822 600.078 600.0582 599.9666 599.86 599.653 599.6882 599.8125 599.875 600.2575 600.2305 600.2324 600.261 600.2905 600.3189 600.2919 600.3102 600.3411 600.3673 600.3623 600.3353 600.3581 600.3902 600.4167 600.3906 600.3635 600.3725 600.3455 600.3533 600.3901 600.4271
-9999 -9999 603.7185 602.3738 600.8794 600.3492 600.2792 600.384 600.1968 600.0795 599.8875 599.7452 599.608 599.5625 599.5743 599.617 599.7133 599.7615 599.8228 599.9765 600.0842 600.1835 600.2227 600.2717 600.3365 600.3713 600.3465 600.3127 600.182 600.0123 599.9333 599.8492 599.8958 600.0195 600.088 600.199 600.1017 599.955 600.247 600.3521 600.3506 600.3747 600.402 600.4327 600.4635 600.4855 600.5151 600.5446 600.5264 600.5414 600.5721 600.6018 600.6041 600.5845 600.5945 600.6266 600.6587 600.6379 600.611 600.6358 600.6095 600.6088 600.6456 600.6825
