samples/sfe_316/sfe_316_v4/sfe_316_v4/sfe_316_v4.asc
ncols         188
nrows         75
xllcorner     96.199999999255
yllcorner     62.60000000149
cellsize      1
NODATA_value  -9999
[rows 28 to 55 of 75, columns 0 to 63 of 188]
-9999 605.8924 602.8029 602.5824 602.3843 602.1766 601.9697 601.7633 601.5493 601.4165 601.3328 601.2241 601.166 601.0928 601.0222 600.9571 600.899 600.8407 600.7927 600.7285 600.6652 600.5957 600.5478 600.5034 600.4874 600.4872 600.4597 600.4279 600.4054 600.3939 600.3762 600.3504 600.3267 600.3111 600.3016 600.2893 600.2635 600.2335 600.2013 600.1623 600.132 600.1117 600.1023 600.0875 600.0618 600.0341 600.007 599.8455 599.816 599.6275 599.7495 599.653 599.476 599.7175 599.596 599.4705 599.6295 599.7295 599.7415 599.564 599.6195 599.5305 599.417 599.698
-9999 606.224 602.2375 601.9834 601.7792 601.5695 601.4405 601.3749 601.2773 601.1954 601.1066 601.0103 600.9484 600.8784 600.8175 600.7685 600.7028 600.6444 600.6017 600.5466 600.4789 600.412 600.3608 600.3179 600.3149 600.3238 600.3007 600.2691 600.2549 600.247 600.2336 600.2111 600.1874 600.1777 600.168 600.1596 600.1375 600.1086 600.0756 599.9885 600.0475 599.759 599.769 599.67 599.496 599.5275 599.38 599.4695 599.6035 599.5685 599.5435 599.323 599.1505 599.382 599.506 599.501 599.4015 599.338 599.527 599.4 599.455 599.4495 599.276 599.4995
-9999 606.5556 601.8447 601.4645 601.3815 601.3192 601.2419 601.1643 601.0755 600.9758 600.8805 600.7968 600.717 600.6688 600.6175 600.5634 600.5054 600.4482 600.4069 600.3646 600.2966 600.2283 600.1135 600.197 600.1201 600.1725 600.193 600.169 600.121 600.1075 600.1335 600.1495 600.135 600.075 600.081 599.8715 599.8685 599.737 599.546 599.554 599.4525 599.595 599.536 599.369 599.262 599.4015 599.385 599.2415 599.2035 599.381 599.3605 599.2523 599.2855 599.2839 599.2521 599.402 599.495 599.436 599.5485 599.3655 599.22 599.4855 599.4755 599.3905
-9999 606.8873 602.1763 601.2395 601.1609 601.1001 601.0277 600.9613 600.8767 600.7576 600.6607 600.5706 600.4849 600.4536 600.4048 600.3584 600.3079 600.2519 600.3055 600.2835 600.1515 600.033 599.8995 600.0266 600.034 600.1015 600.0725 599.919 599.8775 599.8055 599.745 599.7175 599.669 599.643 599.7925 599.707 599.727 599.5995 599.5425 599.6695 599.4898 599.5018 599.663 599.5934 599.382 599.481 599.582 599.4725 599.3065 599.452 599.565 599.482 599.5229 599.509 599.2905 599.4 599.3925 599.3101 599.5165 599.4205 599.268 599.554 599.7095 599.708
-9999 607.2189 602.5079 601.0227 600.9368 600.8678 600.8135 600.7579 600.6778 600.5691 600.4499 600.3445 600.276 600.2665 600.4495 600.1315 599.918 600.1775 600.275 600.2086 600.153 600.1015 599.9725 599.907 600.0099 600.0755 600.048 600 600.039 599.8175 599.6665 599.6845 599.7141 599.7269 599.5655 599.731 599.894 599.617 599.421 599.6844 599.5745 599.606 599.7725 599.6955 599.6995 599.7495 599.7985 599.559 599.5545 599.6975 599.772 599.6345 599.711 599.6411 599.49 599.5435 599.532 599.5825 599.61 599.6235 599.7445 599.8885 599.8806 599.8725
-9999 607.5505 602.8395 600.7984 600.7072 600.6357 600.6021 600.5422 600.4728 600.3702 600.313 600.063 599.8355 600.0565 600.2075 599.9815 599.7795 599.995 600.0425 599.8875 599.842 599.828 599.9775 600.103 599.92 599.7855 599.934 599.856 599.954 599.8045 599.8115 599.9785 599.942 599.938 599.7394 599.8565 600.088 599.8875 599.6275 599.8005 599.8035 599.838 599.809 599.885 600.0265 600.0313 600.0228 600.0151 600.0071 599.9995 599.9915 600.0034 600.0023 600.0139 600.007 599.9803 599.9722 599.9829 599.9974 600.0007 600.0083 600.0117 600.0067 599.9988
-9999 607.8821 603.1711 600.5748 600.4791 600.4033 600.3792 600.3262 600.226 600.25 600.038 599.9015 599.8665 599.889 599.9025 599.882 599.8695 599.891 600.06 599.9315 599.9871 599.862 599.8279 600.038 600.013 599.8435 599.952 600.024 599.918 599.8365 599.785 600.001 599.9655 600.0465 600.0305 600.1135 600.1306 600.141 600.1384 600.132 600.1282 600.138 600.1343 600.1414 600.1532 600.1597 600.1511 600.1467 600.1384 600.134 600.1257 600.136 600.1366 600.1462 600.1416 600.1189 600.1129 600.1209 600.1348 600.1381 600.1448 600.1489 600.1471 600.1392
-9999 608.2137 603.5027 600.36 600.177 600.0515 600.035 599.9955 599.845 599.8231 599.9645 600.04 600.0135 600.0655 600.0015 600.0215 600.1005 600.099 600.168 600.0305 599.9915 600.1349 599.929 599.979 600.1925 600.1905 600.027 599.893 600.081 600.2125 600.0495 600.132 600.1597 600.1873 600.2111 600.242 600.2578 600.2693 600.2672 600.261 600.2567 600.2665 600.2659 600.2688 600.2798 600.2881 600.2794 600.2782 600.2697 600.2685 600.26 600.2687 600.2709 600.2787 600.2761 600.2562 600.2535 600.2589 600.2721 600.2756 600.2814 600.286 600.2875 600.2796
-9999 608.5453 603.8343 600.311 599.737 599.7755 599.7025 599.8781 600.0645 599.8732 599.92 599.911 599.73 600.0035 600.218 599.993 600.059 600.0265 600.014 600.137 599.9815 600.1225 600.1075 599.975 600.1135 600.201 600.267 600.164 600.1807 600.2039 600.2268 600.2663 600.2945 600.3252 600.3421 600.369 600.3848 600.3976 600.3959 600.3898 600.3873 600.395 600.395 600.3962 600.4066 600.4164 600.4077 600.4094 600.4009 600.3995 600.3943 600.4014 600.4052 600.4111 600.4106 600.3936 600.3941 600.3969 600.4094 600.413 600.418 600.4231 600.4279 600.42
-9999 608.8769 604.1659 600.412 599.8238 599.9445 599.7375 599.831 600.0425 599.867 599.9865 600.0125 599.783 599.977 600.204 600.0645 600.1005 600.103 599.9495 599.961 599.9465 600.183 600.2715 600.238 600.148 600.2169 600.2758 600.3143 600.3374 600.3604 600.3757 600.4127 600.4293 600.4622 600.48 600.4961 600.5118 600.5259 600.5247 600.5186 600.5187 600.5236 600.5234 600.5236 600.5334 600.5435 600.536 600.5406 600.5322 600.5306 600.5286 600.534 600.5394 600.5435 600.5452 600.5308 600.5347 600.5347 600.5467 600.5504 600.5546 600.5602 600.5631 600.5605
-9999 609.2085 604.4975 600.699 600.1705 599.943 599.843 599.973 600.0495 600.099 600.198 600.226 600.0965 600.0465 600.024 600.2315 600.2535 600.2664 600.2858 600.2998 600.3293 600.3497 600.3751 600.3671 600.3591 600.3936 600.4327 600.4761 600.4955 600.5168 600.5329 600.5578 600.5657 600.5992 600.6179 600.6248 600.64 600.6542 600.6534 600.6473 600.6503 600.6521 600.652 600.6524 600.6603 600.6702 600.6644 600.6696 600.6636 600.6617 600.6628 600.6666 600.6737 600.6761 600.6797 600.6682 600.6754 600.6725 600.6866 600.6877 600.6912 600.6974 600.6978 600.7009
-9999 609.5401 604.8291 600.9861 600.3865 600.273 600.3315 600.374 600.4111 600.4165 600.4131 600.3929 600.3561 600.3481 600.369 600.4006 600.4487 600.4759 600.4879 600.4948 600.5217 600.5448 600.5637 600.5557 600.5477 600.5703 600.5931 600.638 600.6572 600.6732 600.6902 600.7028 600.7093 600.7354 600.7543 600.7595 600.769 600.7824 600.7821 600.7761 600.7816 600.7806 600.7805 600.7839 600.7872 600.7968 600.7928 600.7979 600.795 600.7927 600.7971 600.7993 600.808 600.8087 600.8143 600.8055 600.8159 600.8103 600.8248 600.825 600.8278 600.8347 600.8323 600.8413
-9999 609.8717 605.1608 601.2731 600.5598 600.5609 600.559 600.5981 600.6286 600.634 600.6384 600.6188 600.5916 600.5836 600.5952 600.6181 600.6581 600.6853 600.6898 600.6939 600.7141 600.7399 600.7521 600.7441 600.7361 600.747 600.7754 600.7999 600.8192 600.8298 600.8478 600.8479 600.8541 600.8702 600.8898 600.8937 600.8982 600.9102 600.9109 600.9048 600.9131 600.9091 600.9091 600.9153 600.914 600.9235 600.9212 600.9262 600.9264 600.9238 600.9314 600.9319 600.9423 600.9413 600.9489 600.9428 600.9564 600.9484 600.9627 600.9623 600.9644 600.9719 600.9669 600.9802
-9999 -9999 605.4924 601.5602 600.8413 600.8063 600.7988 600.8223 600.8461 600.8515 600.8608 600.8445 600.827 600.819 600.8214 600.8356 600.8676 600.8948 600.8918 600.8961 600.9065 600.9351 600.9406 600.9326 600.9246 600.9305 600.9578 600.9708 600.9812 600.988 601.0052 600.9968 601.0031 601.0113 601.0266 601.0236 601.0273 601.0378 601.0396 601.0336 601.0427 601.0377 601.0376 601.0464 601.0413 601.0504 601.0496 601.0545 601.0578 601.0548 601.0657 601.0646 601.0765 601.0739 601.0725 601.1411 601.1569 601.2754 601.3059 601.4026 601.4562 601.4996 601.6011 601.5912
-9999 -9999 605.824 601.8472 601.0193 601.0516 601.0446 601.0541 601.0636 601.069 601.0833 601.0704 601.0622 601.0542 601.0475 601.0531 601.0886 601.1042 601.0963 601.0981 601.0992 601.1293 601.1292 601.1212 601.1132 601.114 601.1406 601.1323 601.143 601.1461 601.1624 601.1545 601.1525 601.1549 601.1682 601.1619 601.157 601.167 601.1684 601.1623 601.1714 601.1678 601.1661 601.165 601.2096 601.2407 601.3228 601.4108 601.4614 601.5798 601.5997 601.7219 601.7654 601.8868 601.9115 602.0307 602.056 602.1652 602.1956 602.273 602.3265 602.3511 602.4525 602.4431
-9999 -9999 606.1556 602.1343 601.3064 601.297 601.2907 601.2899 601.2884 601.2865 601.3058 601.3055 601.2974 601.2894 601.2829 601.2796 601.3061 601.3137 601.3058 601.3 601.2941 601.3217 601.3176 601.3096 601.3016 601.2975 601.3045 601.3647 601.3703 601.364 601.3912 601.5019 601.5122 601.5097 601.537 601.6515 601.6683 601.6602 601.7407 601.8365 601.8283 601.9312 601.9924 602.0035 602.1228 602.1722 602.2389 602.3421 602.3716 602.4924 602.5098 602.632 602.6754 602.7969 602.8015 602.9204 602.9665 603.0549 603.0853 603.1433 603.1968 603.2026 603.304 603.2948
-9999 -9999 606.4872 602.4213 601.5934 601.5436 601.6161 601.649 601.641 601.6332 601.6284 601.694 601.7495 601.747 601.7461 601.7441 601.7424 601.8196 601.8696 601.8707 601.8722 601.8787 601.9778 602.0221 602.0143 602.0199 602.0519 602.1573 602.1881 602.1917 602.2212 602.3318 602.3649 602.3807 602.403 602.5174 602.5585 602.5505 602.6312 602.7465 602.7388 602.8359 602.9028 602.9355 603.0361 603.1039 603.1551 603.2737 603.2819 603.4026 603.4338 603.5421 603.6038 603.7068 603.7113 603.8101 603.8764 603.9447 603.9749 604.0136 604.0671 604.0583 604.1555 604.1464
-9999 -9999 606.8188 602.7084 601.8805 602.1942 602.2603 602.2959 602.2877 602.2802 602.286 602.3517 602.4179 602.4266 602.4374 602.4477 602.4585 602.525 602.5856 602.5998 602.6147 602.6302 602.7262 602.7934 602.7853 602.8059 602.8445 602.9499 603.0063 603.0097 603.0492 603.1619 603.2126 603.2435 603.2686 603.3833 603.4487 603.4409 603.5217 603.6406 603.6492 603.7405 603.8133 603.8672 603.9493 604.0358 604.0714 604.1942 604.197 604.3129 604.3652 604.4522 604.5218 604.6169 604.6212 604.6997 604.786 604.8345 604.8646 604.884 604.9375 604.929 605.007 604.998
-9999 -9999 607.1504 603.0028 602.1675 602.8508 602.9046 602.9427 602.9344 602.9269 602.9433 603.0094 603.0835 603.1011 603.1291 603.1455 603.1668 603.2304 603.3019 603.329 603.3575 603.3868 603.4745 603.5641 603.5563 603.5922 603.6371 603.7424 603.8242 603.8278 603.8754 603.9918 604.0475 604.0891 604.1343 604.2492 604.3337 604.3312 604.4121 604.531 604.5597 604.6452 604.7238 604.7987 604.8625 604.968 604.9877 605.1104 605.128 605.2231 605.2963 605.3623 605.4319 605.5269 605.5312 605.5894 605.6818 605.7242 605.7542 605.7543 605.8077 605.7989 605.8585 605.8497
-9999 -9999 607.482 603.3021 602.4546 603.3384 603.5489 603.5896 603.5814 603.5625 603.601 603.6671 603.7412 603.7632 603.8201 603.833 603.863 603.9359 604.0179 604.0581 604.1 604.1432 604.2229 604.3201 604.3273 604.3785 604.431 604.535 604.6285 604.6458 604.7017 604.8218 604.8824 604.9347 604.9999 605.1151 605.205 605.2215 605.3026 605.4214 605.4701 605.5499 605.6342 605.7178 605.7758 605.8984 605.9041 606.0266 606.0594 606.1333 606.2277 606.2725 606.342 606.4369 606.4415 606.4791 606.5715 606.6141 606.6437 606.6346 606.6779 606.6691 606.71 606.7014
-9999 -9999 607.8136 603.6014 602.7416 603.6927 604.1932 604.2365 604.2251 604.1979 604.2585 604.3123 604.3989 604.4253 604.5106 604.5204 604.5591 604.6411 604.7335 604.787 604.8425 604.8995 604.9713 605.0681 605.0982 605.1643 605.2324 605.3276 605.4238 605.4639 605.5304 605.6518 605.7173 605.7802 605.8655 605.981 606.0762 606.1119 606.193 606.312 606.3804 606.4545 606.5447 606.6282 606.689 606.8116 606.8216 606.9427 606.9912 607.0436 607.1588 607.1826 607.2521 607.3469 607.3518 607.3687 607.4611 607.5074 607.5333 607.5244 607.5482 607.5394 607.5615 607.5531
-9999 -9999 608.1452 603.9008 603.0287 604.0472 604.8375 604.8833 604.8638 604.8333 604.9161 604.9587 605.0566 605.0874 605.1765 605.2079 605.2552 605.3463 605.4388 605.5164 605.5853 605.6562 605.7197 605.8161 605.8693 605.9506 606.0342 606.1202 606.2192 606.2819 606.3651 606.4818 606.5522 606.6258 606.7311 606.8469 606.9473 607.0024 607.0834 607.2024 607.2908 607.3592 607.4551 607.5387 607.6022 607.7249 607.7527 607.8591 607.923 607.9538 608.0745 608.0927 608.1623 608.2569 608.2619 608.2584 608.3508 608.4169 608.4228 608.4141 608.4183 608.4098 608.413 608.4048
-9999 -9999 608.4768 604.2001 603.3158 604.4016 605.4818 605.5302 605.5026 605.4686 605.553 605.6075 605.7143 605.7529 605.8422 605.8953 605.9572 606.0516 606.1442 606.235 606.3147 606.3965 606.4681 606.5641 606.6403 606.7317 606.8258 606.9127 607.0146 607.1 607.2003 607.3105 607.3871 607.4731 607.5988 607.7125 607.8185 607.8928 607.9739 608.0928 608.2013 608.2639 608.3656 608.4492 608.5157 608.6381 608.6844 608.7755 608.8546 608.864 608.9847 609.0139 609.0724 609.0895 609.0809 609.0756 609.0676 609.0595 609.0545 609.0485 609.0396 609.0311 609.0211 609.0131
-9999 -9999 608.8085 604.4995 603.6028 604.7559 606.131 606.177 606.1414 606.1039 606.1848 606.2562 606.3683 606.4216 606.5079 606.5828 606.6606 606.7568 606.8496 606.9435 607.0359 607.131 607.2164 607.3122 607.4113 607.5027 607.6059 607.7053 607.8099 607.918 608.0256 608.1368 608.222 608.3259 608.4699 608.5782 608.6898 608.7833 608.8643 608.9833 609.1012 609.1685 609.1855 609.179 609.1749 609.1707 609.1659 609.161 609.1559 609.151 609.1451 609.1395 609.1341 609.1266 609.1212 609.1158 609.1078 609.0996 609.0947 609.0887 609.0797 609.0712 609.0613 609.0533
-9999 -9999 609.1401 604.7988 603.8899 605.1103 606.6439 606.8239 606.7802 606.7393 606.8167 606.9049 607.0132 607.0901 607.177 607.2703 607.3643 607.4631 607.5549 607.6519 607.7571 607.8655 607.9648 608.0608 608.1823 608.2736 608.3859 608.4979 608.6053 608.7361 608.8437 608.963 609.0569 609.1684 609.254 609.2488 609.2461 609.2427 609.2391 609.2357 609.2329 609.2286 609.2242 609.2205 609.2162 609.212 609.207 609.2021 609.1967 609.1918 609.1859 609.1801 609.1746 609.167 609.1616 609.1562 609.1482 609.1398 609.1348 609.1288 609.1198 609.1114 609.1016 609.0936
-9999 -9999 609.4717 605.0981 604.1769 605.4647 606.9982 607.4708 607.4189 607.3746 607.4485 607.5536 607.6582 607.7589 607.8569 607.9608 608.064 608.1711 608.2601 608.3604 608.4783 608.6001 608.7132 608.8123 608.9498 609.0446 609.166 609.2905 609.3055 609.3038 609.3016 609.2996 609.2971 609.2941 609.2936 609.2919 609.2888 609.2852 609.2816 609.2777 609.275 609.2706 609.2658 609.2621 609.2575 609.2532 609.248 609.2432 609.2375 609.2326 609.2266 609.2206 609.2152 609.2073 609.2019 609.1965 609.1885 609.1799 609.1749 609.1689 609.1599 609.1516 609.1418 609.1338
-9999 -9999 609.8033 605.3974 604.464 605.8191 607.3526 608.1177 608.0576 608.01 608.0929 608.2024 608.3032 608.4192 608.5205 608.6523 608.7514 608.8673 608.9653 609.0688 609.1995 609.3346 609.3555 609.3527 609.3536 609.3517 609.3513 609.3502 609.3482 609.3483 609.3461 609.3436 609.3409 609.338 609.3367 609.3349 609.3315 609.3277 609.324 609.3198 609.3171 609.3125 609.3074 609.3036 609.2988 609.2946 609.2891 609.2842 609.2783 609.2734 609.2674 609.2611 609.2557 609.2479 609.2422 609.2368 609.2288 609.22 609.215 609.209 609.2 609.1917 609.1821 609.1741
-9999 -9999 610.1349 605.6967 604.751 606.1735 607.707 608.7646 608.6964 608.6453 608.7283 608.8539 608.9517 609.0692 609.1827 609.3295 609.4045 609.4007 609.3994 609.3991 609.4005 609.4015 609.4013 609.3991 609.4 609.3978 609.3965 609.3956 609.3926 609.3928 609.3906 609.3877 609.3848 609.3819 609.3797 609.3779 609.3743 609.3703 609.3666 609.3618 609.3591 609.3544 609.3493 609.3452 609.3401 609.3358 609.3302 609.3253 609.3191 609.3141 609.3082 609.3016 609.2963 609.2884 609.2825 609.2772 609.2692 609.2601 609.2551 609.2491 609.2401 609.2319 609.2223 609.2143
