samples/sfe_316/sfe_316_v4/sfe_316_v4/sfe_316_v4.asc
ncols         188
nrows         75
xllcorner     96.199999999255
yllcorner     62.60000000149
cellsize      1
NODATA_value  -9999
[rows 0 to 27 of 75, columns 64 to 127 of 188]
609.9615 609.9535 609.9455 609.9376 609.9296 609.9216 609.9136 609.9056 609.8976 609.8897 609.8818 609.8743 609.8663 609.8583 609.8504 609.8425 609.835 609.827 609.8196 609.8116 609.8036 609.7961 609.7881 609.7806 609.7727 609.7648 609.7573 609.7493 609.7418 609.7341 609.7262 609.7186 609.7107 609.7031 609.6954 609.6875 609.6799 609.6722 609.6644 609.6567 609.649 609.6414 609.6335 609.6257 609.618 609.6104 609.6024 609.5947 609.587 609.5793 609.5715 609.5636 609.5559 609.5482 609.5404 609.5327 609.5247 609.5172 609.5093 609.5016 609.4938 609.486 609.4781 609.4703
609.8615 609.8535 609.8456 609.8378 609.8299 609.822 609.814 609.8062 609.7982 609.7904 609.7827 609.7771 609.7691 609.7611 609.7535 609.7466 609.74 609.7321 609.7264 609.7184 609.7107 609.7049 609.6971 609.6912 609.6833 609.6763 609.6697 609.6625 609.6558 609.6495 609.6418 609.6356 609.6278 609.6216 609.6153 609.6074 609.6013 609.5948 609.5876 609.5807 609.5741 609.5676 609.5603 609.5532 609.5466 609.5399 609.5319 609.5254 609.5187 609.512 609.5051 609.497 609.4904 609.4842 609.4766 609.4698 609.4628 609.4558 609.4489 609.4418 609.4349 609.4278 609.4197 609.4127
609.7615 609.7535 609.7457 609.738 609.7302 609.7224 609.7144 609.7067 609.6987 609.6911 609.6832 609.6798 609.6718 609.6638 609.6565 609.6513 609.645 609.637 609.6334 609.6254 609.6174 609.6137 609.6058 609.6017 609.594 609.5885 609.5821 609.5763 609.5695 609.565 609.5571 609.5527 609.5446 609.54 609.5351 609.5269 609.5224 609.5173 609.5114 609.5043 609.499 609.4938 609.4875 609.4803 609.4748 609.4693 609.461 609.4556 609.4501 609.4443 609.4384 609.4304 609.4246 609.4207 609.4125 609.4066 609.4003 609.3942 609.388 609.3817 609.3757 609.3693 609.3611 609.3547
609.6615 609.6535 609.6458 609.6381 609.6305 609.6228 609.6148 609.6071 609.5991 609.5918 609.5838 609.5826 609.5746 609.5666 609.5594 609.556 609.55 609.5419 609.5402 609.5322 609.5242 609.5225 609.5144 609.5123 609.5045 609.5006 609.4944 609.4901 609.4832 609.4804 609.4726 609.4697 609.4619 609.4582 609.4549 609.4481 609.4435 609.4396 609.4351 609.4279 609.4238 609.4198 609.4147 609.4074 609.403 609.3986 609.392 609.3864 609.3815 609.3766 609.3716 609.3657 609.3608 609.3568 609.3495 609.3435 609.3388 609.3328 609.3273 609.3217 609.3164 609.3107 609.3042 609.2984
609.5615 609.5535 609.546 609.5383 609.5308 609.5232 609.5152 609.5076 609.4996 609.4925 609.4847 609.4853 609.4773 609.4693 609.4622 609.4608 609.455 609.4468 609.4471 609.4391 609.4313 609.4313 609.4231 609.4229 609.415 609.4128 609.4066 609.4039 609.3972 609.3959 609.3882 609.3867 609.3799 609.3768 609.3746 609.3693 609.3647 609.3619 609.3589 609.352 609.3487 609.3458 609.342 609.3349 609.3315 609.3279 609.3231 609.3176 609.3134 609.3094 609.3049 609.3011 609.2969 609.2927 609.2869 609.2808 609.2778 609.2716 609.2669 609.2621 609.2574 609.2523 609.2473 609.2421
609.4615 609.4535 609.446 609.4385 609.431 609.4236 609.4156 609.4081 609.4001 609.3932 609.3858 609.3881 609.3801 609.3721 609.3652 609.3655 609.36 609.3519 609.354 609.346 609.338 609.3401 609.3321 609.3334 609.3254 609.3249 609.3188 609.3176 609.3111 609.3113 609.3038 609.3038 609.2985 609.2953 609.2943 609.2905 609.2861 609.2844 609.2826 609.2756 609.2738 609.2719 609.2692 609.2622 609.2598 609.2572 609.2542 609.2496 609.2447 609.2418 609.2384 609.2358 609.2325 609.2287 609.2243 609.2175 609.2167 609.21 609.206 609.202 609.1985 609.1941 609.1898 609.1854
609.3615 609.3535 609.3463 609.3386 609.3312 609.3239 609.3159 609.3087 609.3007 609.2938 609.2883 609.2908 609.2828 609.2749 609.2682 609.2702 609.2649 609.2567 609.2609 609.2529 609.2467 609.2488 609.2407 609.2439 609.2361 609.2371 609.2313 609.2314 609.2247 609.2267 609.2206 609.2208 609.217 609.2134 609.214 609.2117 609.2071 609.207 609.2064 609.2004 609.1985 609.1981 609.1965 609.1892 609.1884 609.1868 609.1852 609.1816 609.176 609.1749 609.1719 609.1704 609.1679 609.1649 609.1617 609.1541 609.1557 609.1496 609.1463 609.1428 609.1392 609.1357 609.1321 609.1284
609.2615 609.2535 609.2465 609.2387 609.2314 609.2242 609.2162 609.2092 609.2012 609.1944 609.1909 609.1935 609.1855 609.1777 609.1711 609.1749 609.1698 609.1627 609.1678 609.1598 609.1554 609.1575 609.1499 609.1545 609.1467 609.1492 609.1437 609.1451 609.14 609.1423 609.1375 609.1378 609.1356 609.1326 609.1339 609.1329 609.1287 609.1292 609.1301 609.1257 609.1232 609.1241 609.1237 609.1175 609.118 609.1162 609.1162 609.1136 609.1092 609.1085 609.105 609.1046 609.103 609.1011 609.0991 609.092 609.0947 609.0897 609.0871 609.0843 609.0799 609.0771 609.0742 609.0712
609.1615 609.1535 609.1467 609.1388 609.1317 609.1245 609.1165 609.1096 609.1016 609.095 609.0934 609.0963 609.0883 609.0806 609.0746 609.0796 609.0747 609.0696 609.0746 609.0667 609.0641 609.0662 609.0604 609.065 609.0571 609.0613 609.0558 609.059 609.0555 609.0578 609.0544 609.0547 609.0542 609.0526 609.0536 609.0541 609.0515 609.0516 609.0538 609.051 609.0497 609.05 609.0509 609.0467 609.0475 609.0454 609.0468 609.0456 609.0426 609.0421 609.0382 609.0388 609.038 609.0372 609.0363 609.0312 609.0335 609.0297 609.0279 609.0257 609.0219 609.0185 609.0163 609.014
609.0615 609.0535 609.0469 609.0389 609.0319 609.0248 609.0168 609.0101 609.0021 608.9956 608.996 608.999 608.991 608.9835 608.9793 608.9843 608.9796 608.9765 608.9816 608.9736 608.9728 608.9749 608.971 608.9756 608.9688 608.9734 608.969 608.9727 608.971 608.9733 608.9713 608.9717 608.9728 608.9726 608.9733 608.9753 608.9744 608.975 608.9776 608.9762 608.9763 608.9766 608.9781 608.9759 608.9771 608.9748 608.9774 608.9776 608.9761 608.9757 608.9717 608.9733 608.9737 608.9731 608.9733 608.9703 608.9722 608.9698 608.9687 608.9672 608.9639 608.9603 608.9589 608.9572
608.7361 608.728 608.7214 608.7189 608.712 608.7099 608.7019 608.7003 608.6924 608.7903 608.8395 608.833 608.8265 608.8749 608.8895 608.889 608.8845 608.8834 608.8884 608.8804 608.8815 608.8836 608.8815 608.8861 608.8809 608.8856 608.8828 608.8865 608.8865 608.8889 608.8881 608.8887 608.8914 608.8925 608.8936 608.8965 608.8972 608.8987 608.9014 608.9015 608.9028 608.9038 608.9054 608.9051 608.9066 608.9047 608.9077 608.9096 608.9095 608.9093 608.9066 608.9088 608.9102 608.9092 608.9102 608.9095 608.9107 608.9099 608.9095 608.9086 608.9059 608.9025 608.9015 608.9003
607.8846 607.8765 607.8698 607.8851 607.8787 607.8929 607.8849 607.8996 607.8954 608.001 608.0544 608.0546 608.0567 608.1215 608.209 608.2009 608.2825 608.3477 608.3511 608.4445 608.4871 608.5649 608.6227 608.6776 608.7476 608.7998 608.8015 608.8002 608.8021 608.8044 608.805 608.8061 608.8099 608.8125 608.8148 608.8177 608.82 608.8224 608.8251 608.8268 608.8293 608.8311 608.8326 608.8342 608.8361 608.8358 608.8383 608.8416 608.8429 608.8429 608.842 608.8449 608.8466 608.8456 608.847 608.8478 608.8491 608.8499 608.8503 608.85 608.848 608.8456 608.8453 608.8447
607.0331 607.0251 607.0235 607.0514 607.0447 607.076 607.0687 607.0989 607.1062 607.2118 607.2693 607.287 607.2864 607.3682 607.4534 607.4459 607.543 607.6057 607.6374 607.7308 607.782 607.8623 607.9319 607.9943 608.0687 608.1308 608.2169 608.2911 608.3575 608.4308 608.4948 608.5656 608.6483 608.7303 608.7415 608.739 608.7429 608.7462 608.7488 608.7521 608.7558 608.7583 608.7599 608.7634 608.7656 608.7668 608.7698 608.7733 608.7763 608.7765 608.7774 608.781 608.7831 608.783 608.7841 608.7867 608.7877 608.7891 608.7903 608.7914 608.79 608.7887 608.789 608.7891
606.1816 606.1736 606.1895 606.2177 606.2108 606.2591 606.2521 606.2982 606.317 606.4224 606.4843 606.5195 606.5291 606.6147 606.6979 606.705 606.8092 606.8643 606.9237 607.0312 607.0794 607.1597 607.2415 607.311 607.3894 607.4617 607.5585 607.6328 607.7112 607.7921 607.8635 607.9399 608.0222 608.1083 608.1943 608.2643 608.354 608.4407 608.5087 608.5954 608.6861 608.6885 608.6871 608.6926 608.6951 608.6979 608.7018 608.7048 608.7095 608.7101 608.7128 608.7172 608.7195 608.7204 608.7209 608.7257 608.7263 608.7285 608.7305 608.7329 608.7321 608.7318 608.7328 608.7335
605.3301 605.3221 605.3556 605.3839 605.3771 605.4421 605.435 605.4975 605.5277 605.6329 605.6994 605.7518 605.7737 605.8614 605.9425 605.9655 606.0867 606.1434 606.21 606.3266 606.3768 606.4781 606.5511 606.6277 606.7159 606.7927 606.9002 606.9889 607.0648 607.1622 607.2322 607.3138 607.3961 607.4862 607.5789 607.6489 607.7511 607.8413 607.9094 608.0043 608.1006 608.1859 608.2518 608.3535 608.4368 608.5165 608.6041 608.643 608.6427 608.6437 608.6482 608.6533 608.656 608.6578 608.6599 608.6647 608.6661 608.6688 608.6712 608.6743 608.6742 608.6749 608.6765 608.6779
604.4786 604.4705 604.5216 604.5501 604.5516 604.6252 604.6248 604.6968 604.7385 604.8424 604.9145 604.9843 605.0183 605.108 605.1871 605.2261 605.3564 605.4312 605.4963 605.6221 605.6741 605.7922 605.8665 605.949 606.0469 606.132 606.2419 606.3502 606.4184 606.517 606.6008 606.6877 606.7826 606.8641 606.9636 607.0497 607.1481 607.2419 607.3223 607.4155 607.5151 607.6038 607.6752 607.7836 607.865 607.9504 608.039 608.1274 608.2336 608.306 608.3973 608.5013 608.595 608.596 608.599 608.6036 608.6062 608.6096 608.6127 608.6152 608.6162 608.618 608.6203 608.6223
603.6271 603.619 603.6877 603.7164 603.7347 603.8083 603.824 603.8962 603.9492 604.0416 604.1293 604.2144 604.2629 604.3546 604.4316 604.4866 604.626 604.7158 604.7847 604.9175 604.9715 605.1063 605.1832 605.2957 605.3779 605.4829 605.5835 605.7053 605.772 605.8887 605.9695 606.0616 606.1611 606.2525 606.3483 606.4531 606.551 606.6426 606.7313 606.8364 606.9296 607.0217 607.1045 607.2188 607.2932 607.3844 607.4739 607.5671 607.6721 607.7444 607.8433 607.9504 608.0443 608.1303 608.2236 608.3348 608.4203 608.5208 608.5565 608.5569 608.5583 608.5612 608.5641 608.5668
602.7756 602.7674 602.8537 602.8826 602.9179 602.9913 603.0233 603.0956 603.1599 603.2533 603.3441 603.4443 603.5076 603.6011 603.676 603.7639 603.8957 603.9877 604.0911 604.2036 604.2797 604.4106 604.4999 604.6297 604.7089 604.8339 604.9252 605.0524 605.1383 605.2604 605.3383 605.4355 605.539 605.6475 605.733 605.8502 605.9593 606.0432 606.1402 606.2549 606.3529 606.4395 606.5332 606.6475 606.723 606.8184 606.9089 607.0069 607.1105 607.1863 607.2954 607.4016 607.4935 607.5818 607.6832 607.7888 607.8782 607.9786 608.0763 608.1593 608.2432 608.3407 608.4401 608.518
601.9241 601.9161 602.0198 602.0489 602.1011 602.1744 602.2226 602.295 602.3704 602.4708 602.5611 602.6743 602.7522 602.8476 602.9205 603.0453 603.1638 603.2618 603.3976 603.4883 603.6009 603.7249 603.8167 603.962 604.0399 604.185 604.2827 604.406 604.5121 604.6321 604.7126 604.8094 604.9169 605.0425 605.1204 605.2472 605.3675 605.4438 605.5491 605.6694 605.778 605.8574 605.9619 606.0757 606.1641 606.2545 606.3438 606.4466 606.5489 606.6323 606.7455 606.8575 606.9428 607.0334 607.1429 607.2429 607.3359 607.4363 607.533 607.616 607.7023 607.8022 607.9006 608.0005
601.0726 601.0745 601.1858 601.2151 601.2842 601.3575 601.4219 601.4944 601.581 601.6883 601.7935 601.9042 601.9968 602.0941 602.1697 602.3207 602.4221 602.5482 602.693 602.7833 602.9195 603.0413 603.1334 603.2942 603.3818 603.5343 603.6442 603.7596 603.8857 604.0037 604.0906 604.1898 604.2949 604.4324 604.524 604.6443 604.7757 604.8553 604.9624 605.084 605.203 605.2753 605.3909 605.5039 605.5987 605.6926 605.7823 605.8901 605.9873 606.0782 606.1947 606.3075 606.4019 606.485 606.6025 606.6968 606.7937 606.8942 606.9896 607.0727 607.1651 607.2612 607.3611 607.4611
600.8578 600.8748 600.868 600.8789 600.8829 600.8936 600.8966 600.9118 600.9243 600.919 601.0259 601.1407 601.2415 601.3406 601.4373 601.5904 601.7012 601.8445 601.9884 602.0811 602.2336 602.3577 602.4731 602.6265 602.7327 602.8759 603.0055 603.1132 603.2593 603.3735 603.4684 603.578 603.6892 603.8171 603.9277 604.0441 604.1771 604.2721 604.3832 604.4985 604.6273 604.7068 604.8258 604.9321 605.0327 605.1278 605.2221 605.3368 605.4257 605.5296 605.6438 605.7567 605.8535 605.9365 606.0621 606.151 606.2515 606.3519 606.4462 606.5294 606.6271 606.7218 606.8217 606.9216
600.7139 600.7283 600.7203 600.7325 600.735 600.7487 600.7486 600.7639 600.7693 600.7802 600.7941 600.8143 600.8281 600.8376 600.8668 600.872 600.989 601.151 601.2838 601.4023 601.5477 601.674 601.8198 601.9587 602.0835 602.2176 602.3668 602.4846 602.6329 602.7422 602.8464 602.9661 603.084 603.2017 603.3317 603.4525 603.5777 603.685 603.804 603.9175 604.0452 604.14 604.2607 604.3603 604.4667 604.5627 604.6618 604.7834 604.8672 604.9838 605.0975 605.2059 605.305 605.3945 605.5217 605.6088 605.7092 605.8132 605.9028 605.9861 606.0892 606.1823 606.2822 606.3821
600.5702 600.5807 600.5726 600.586 600.588 600.604 600.6005 600.6149 600.6143 600.6172 600.6227 600.6393 600.6524 600.6573 600.6883 600.7113 600.7297 600.7716 600.7931 600.8359 600.8618 600.9904 601.1654 601.287 601.4345 601.5764 601.728 601.8584 602.0011 602.111 602.2227 602.3477 602.4789 602.5947 602.7356 602.8608 602.9783 603.0939 603.225 603.3427 603.4631 603.5702 603.6959 603.7961 603.9027 603.9977 604.1016 604.2302 604.3131 604.4379 604.5535 604.6551 604.7565 604.8542 604.9763 605.0666 605.167 605.2765 605.3593 605.4435 605.5504 605.6429 605.7427 605.8427
600.4291 600.4328 600.4248 600.4394 600.4431 600.4594 600.4525 600.4627 600.4592 600.4543 600.4513 600.4636 600.4768 600.4769 600.5097 600.5284 600.537 600.5722 600.5605 600.6039 600.6255 600.6582 600.7296 600.7747 600.802 600.9379 601.0892 601.2322 601.3727 601.4838 601.597 601.7311 601.874 601.9984 602.1395 602.2692 602.3843 602.5093 602.6459 602.7679 602.881 602.9988 603.131 603.2372 603.3409 603.4373 603.5466 603.6686 603.7637 603.8881 604.0094 604.1137 604.2081 604.3138 604.4302 604.5244 604.6248 604.7331 604.8157 604.9103 605.008 605.1034 605.2033 605.3032
600.2894 600.285 600.2769 600.2928 600.2983 600.3129 600.3046 600.3105 600.3043 600.2933 600.2808 600.2878 600.2968 600.2965 600.3285 600.3456 600.3467 600.3727 600.3311 600.3718 600.3649 600.3901 600.4519 600.4838 600.5284 600.5868 600.6603 600.7338 600.77 600.8617 600.9852 601.1259 601.2691 601.402 601.5375 601.6773 601.8011 601.9301 602.0669 602.193 602.3054 602.433 602.5662 602.6783 602.7791 602.877 602.9933 603.107 603.2179 603.3373 603.4653 603.5734 603.6597 603.7734 603.8843 603.9821 604.0826 604.1898 604.2723 604.3756 604.4655 604.564 604.6638 604.7637
600.1497 600.1373 600.129 600.1462 600.1534 600.1648 600.1567 600.1584 600.1504 600.1352 600.1116 600.112 600.1154 600.1161 600.1469 600.1627 600.1565 600.1682 600.1144 600.1319 600.1043 600.122 600.1705 600.1877 600.2156 600.2556 600.3239 600.3651 600.4084 600.4591 600.5488 600.6349 600.7395 600.8058 600.9456 601.0855 601.218 601.3508 601.4821 601.618 601.7385 601.8679 601.9993 602.1149 602.2166 602.3168 602.4399 602.548 602.6721 602.7935 602.9183 603.0281 603.1112 603.2329 603.3394 603.4399 603.5403 603.6464 603.729 603.8376 603.9246 604.0245 604.1244 604.2243
600.0099 599.9895 599.9825 599.9996 600.0087 600.0166 600.0088 600.0062 599.9982 599.9772 599.9424 599.9362 599.9336 599.9369 599.9608 599.9799 599.9663 599.9539 599.9 599.8871 599.8422 599.8557 599.889 599.8914 599.9029 599.9144 599.9769 599.9901 600.0068 600.0298 600.1161 600.2234 600.3542 600.4548 600.5421 600.6326 600.7075 600.7716 600.9073 601.043 601.1717 601.3029 601.4282 601.551 601.6525 601.7565 601.8867 601.9979 602.1263 602.2495 602.3676 602.4797 602.5654 602.6924 602.7972 602.8976 603.0031 603.1028 603.1857 603.2986 603.3851 603.485 603.5849 603.6803
599.8702 599.783 599.8485 599.853 599.8641 599.8688 599.8608 599.8541 599.846 599.8191 599.7859 599.711 599.6025 599.7625 599.7728 599.797 599.7761 599.7391 599.588 599.457 599.6325 599.4915 599.5625 599.4796 599.5395 599.679 599.564 599.6525 599.552 599.6375 599.6763 599.8349 599.9593 600.0728 600.1605 600.2633 600.3528 600.4318 600.5128 600.5979 600.6755 600.7379 600.8693 600.9891 601.0922 601.2031 601.3333 601.4521 601.5804 601.7055 601.825 601.9312 602.025 602.152 602.255 602.3554 602.4664 602.5593 602.6514 602.7562 602.8456 602.9456 603.0455 603.1359
