samples/sfe_316/sfe_316_v4/sfe_316_v4/sfe_316_v4.asc
ncols         188
nrows         75
xllcorner     96.199999999255
yllcorner     62.60000000149
cellsize      1
NODATA_value  -9999
[rows 28 to 55 of 75, columns 64 to 127 of 188]
599.6525 599.511 599.6985 599.612 599.6265 599.76 599.6225 599.517 599.5215 599.5385 599.682 599.7205 599.5525 599.5005 599.509 599.481 599.666 599.5415 599.3605 599.3655 599.567 599.418 599.2895 599.33 599.528 599.4015 599.1925 599.402 599.542 599.3055 599.3905 599.591 599.525 599.6911 599.7932 599.9003 599.9893 600.0609 600.1371 600.2231 600.3372 600.4374 600.5125 600.5651 600.6183 600.6498 600.78 600.9063 601.0333 601.1614 601.2846 601.3828 601.4846 601.6116 601.7128 601.8132 601.9297 602.0157 602.1182 602.2137 602.3062 602.4061 602.506 602.5914
599.6575 599.6645 599.7105 599.545 599.4245 599.4995 599.6435 599.735 599.77 599.766 599.564 599.494 599.654 599.68 599.6325 599.616 599.6485 599.477 599.5165 599.619 599.586 599.383 599.429 599.53 599.4915 599.247 599.1265 599.3425 599.4905 599.233 599.079 599.1355 599.1815 599.4445 599.6295 599.537 599.6185 599.6856 599.7615 599.881 600.0105 600.1196 600.2036 600.2521 600.2869 600.3593 600.4114 600.4896 600.5646 600.6172 600.7443 600.8343 600.9442 601.0711 601.1705 601.271 601.39 601.4722 601.5849 601.6713 601.7667 601.8666 601.9666 602.0469
599.3885 599.6045 599.548 599.6015 599.52 599.595 599.5775 599.6815 599.7975 599.737 599.507 599.5914 599.6579 599.564 599.5048 599.455 599.375 599.5215 599.6265 599.5665 599.3485 599.4245 599.524 599.4705 599.3 599.189 599.333 599.2145 599.285 599.1646 599.019 599.066 599.2185 599.3185 599.3425 599.3405 599.426 599.2785 599.4095 599.556 599.6849 599.8064 599.8947 599.9391 599.9554 599.9965 600.0233 600.0565 600.0955 600.2183 600.343 600.4253 600.5285 600.5715 600.6283 600.7297 600.8464 600.9287 601.0468 601.1288 601.2273 601.3271 601.4271 601.5025
599.4855 599.5725 599.5745 599.646 599.569 599.674 599.6035 599.678 599.63 599.51 599.5035 599.686 599.77 599.4915 599.5495 599.642 599.457 599.5715 599.4645 599.322 599.3005 599.4645 599.3885 599.2035 599.3104 599.3123 599.445 599.2335 599.2625 599.13 599.1295 599.2645 599.067 598.9615 599.014 599.052 599.1895 599.086 599.14 599.0905 599.052 599.5395 599.5858 599.6237 599.6219 599.6208 599.6208 599.6234 599.6375 599.7902 599.9449 600.0431 600.103 600.1494 600.2054 600.2984 600.3835 600.4805 600.5315 600.588 600.6878 600.7877 600.8876 600.9581
599.7835 599.6064 599.7895 599.746 599.6695 599.7896 599.7271 599.775 599.7025 599.666 599.768 599.725 599.603 599.502 599.6825 599.5525 599.5195 599.605 599.384 599.463 599.5535 599.5025 599.5105 599.2585 599.295 599.409 599.3785 599.3295 599.3555 599.122 598.955 599.2035 599.1302 599.0295 599.0725 599.117 598.9505 599.0715 599.0425 598.919 598.8685 599.1345 599.075 599.121 599.112 599.2265 599.254 599.177 599.0495 599.325 599.5617 599.6609 599.6697 599.6801 599.6934 599.7878 599.9144 600.0483 600.1412 600.22 600.2989 600.3745 600.4476 600.4815
599.9659 599.9597 599.952 599.9539 599.965 599.9573 599.9514 599.9447 599.9096 599.8568 599.8046 599.7925 599.7851 599.777 599.7657 599.637 599.38 599.391 599.396 599.5835 599.5205 599.3719 599.4775 599.3505 599.217 599.199 599.1795 599.139 599.3105 599.1525 598.9305 599.1455 599.2475 599.174 599.046 598.9325 598.8355 599.009 599.175 599.0089 598.8685 598.9835 598.874 598.909 598.832 598.901 598.91 598.768 598.789 599.059 599.079 599.078 599.2305 599.2825 599.0526 599.1015 599.4453 599.6144 599.7215 599.8085 599.8695 599.944 600.0227 600.0715
600.1096 600.1077 600.0997 600.0983 600.1127 600.105 600.0991 600.0961 600.061 600.0057 599.9785 599.9677 599.9659 599.9577 599.9463 599.9167 599.8654 599.7935 599.6965 599.6555 599.6095 599.5705 599.387 599.491 599.597 599.326 599.3655 599.256 599.3235 599.2195 599.0845 599.1425 599.1485 599.123 599.239 599.0655 598.9295 598.983 599.1075 599.1565 598.9105 599.023 598.9495 598.801 598.765 598.8289 598.902 598.7271 598.7515 598.89 598.8785 598.8795 598.9335 598.942 598.7166 598.8975 598.9505 598.939 599.2805 599.4057 599.4595 599.5159 599.5889 599.6615
600.2534 600.2524 600.2474 600.2427 600.2584 600.2526 600.2467 600.2474 600.2123 600.1705 600.1523 600.1428 600.1462 600.1384 600.127 600.1064 600.0607 599.9965 599.9139 599.8574 599.8077 599.7775 599.7149 599.688 599.6735 599.502 599.5235 599.377 599.3635 599.281 599.3645 599.4795 599.424 599.385 599.397 599.1815 599.2745 599.3785 599.208 599.0875 599.0855 599.2915 599.2585 599.0895 599.1035 599.08 598.9765 598.718 598.57 598.589 598.636 598.6885 598.5685 598.57 598.5315 598.748 598.8701 598.879 598.8 598.783 598.7345 599.0125 599.0195 598.963
600.3972 600.3964 600.3952 600.387 600.4028 600.4003 600.3943 600.3988 600.3636 600.3354 600.3261 600.318 600.327 600.319 600.3076 600.2955 600.256 600.1962 600.1408 600.1149 600.0743 600.0575 600.0094 599.9575 599.957 599.9065 599.8387 599.7217 599.6791 599.6711 599.66 599.7239 599.7159 599.7079 599.7009 599.6934 599.6163 599.6028 599.5948 599.666 599.6968 599.6749 599.5667 599.361 599.2495 599.1825 598.9695 598.836 598.7875 598.771 598.832 598.821 598.6005 598.7166 598.614 598.6965 598.6322 598.7055 598.771 598.708 598.5635 598.765 598.6635 598.797
600.5412 600.5404 600.543 600.5345 600.5472 600.5477 600.5419 600.5503 600.5197 600.5026 600.5013 600.493 600.505 600.4996 600.4882 600.4847 600.4608 600.4028 600.3747 600.376 600.3452 600.3375 600.304 600.2686 600.2681 600.2565 600.2125 600.118 600.1103 600.1023 600.0596 600.0969 600.0889 600.0809 600.0739 600.066 599.9823 599.9755 599.9675 599.9772 600.0073 599.9732 599.8874 599.7889 599.6962 599.5193 599.2445 599.3165 599.2665 599.22 599.1205 598.9345 598.7325 598.7995 598.775 598.8385 598.649 598.6725 598.646 598.5005 598.4855 598.6274 598.6025 598.6765
600.6851 600.6843 600.6907 600.6818 600.6915 600.6953 600.6896 600.7017 600.6731 600.6699 600.6766 600.668 600.6799 600.6803 600.6689 600.6738 600.6685 600.6366 600.6256 600.6425 600.6252 600.6172 600.5987 600.5794 600.5792 600.6061 600.5781 600.5494 600.5414 600.519 600.4595 600.4702 600.4622 600.4542 600.4467 600.4242 600.3555 600.3481 600.3364 600.306 600.3179 600.261 600.216 600.1281 600.051 599.9115 599.803 599.7171 599.7059 599.749 599.6982 599.5483 599.2645 599.026 599.0395 599.089 598.956 598.842 598.9655 598.755 598.7895 598.673 598.7235 598.6176
600.8291 600.8283 600.8385 600.8291 600.8359 600.8428 600.8372 600.8526 600.8378 600.8372 600.8519 600.843 600.8547 600.861 600.8524 600.863 600.8545 600.9161 600.9072 600.9398 601.0168 601.0162 601.0048 600.9968 600.9855 601.0131 601.0851 601.077 601.0114 600.9348 600.9239 600.916 600.9052 600.8944 600.8328 600.7592 600.7502 600.7056 600.6755 600.6346 600.6284 600.5675 600.5449 600.4723 600.4276 600.3344 600.2692 600.1835 600.1407 600.1483 600.0771 599.9517 599.7861 599.6903 599.5806 599.5599 599.5421 599.5347 599.4406 599.2355 599.0735 598.9295 598.896 598.7625
600.9731 600.9723 600.9715 601.0319 601.0356 601.0833 601.178 601.1747 601.279 601.3048 601.3138 601.4124 601.4152 601.4601 601.5254 601.5173 601.5559 601.6176 601.6085 601.6216 601.6987 601.6873 601.6708 601.6567 601.6406 601.6537 601.7242 601.701 601.6293 601.5593 601.5386 601.5262 601.5106 601.4907 601.4234 601.3555 601.3378 601.2833 601.2025 601.1746 601.0956 601.0399 600.9618 600.9089 600.8313 600.7528 600.6747 600.6102 600.5955 600.5475 600.4595 600.3708 600.2527 600.1931 600.0892 600.0262 599.9725 599.9348 599.8469 599.7451 599.6451 599.5665 599.4603 599.4006
601.702 601.7299 601.7413 601.8487 601.8523 601.8834 601.9781 601.9684 602.0634 602.0893 602.0685 602.167 602.1699 602.1873 602.2525 602.2443 602.2573 602.319 602.3098 602.3035 602.3792 602.3535 602.3369 602.3119 602.296 602.2944 602.3588 602.3254 602.2474 602.1835 602.1533 602.1314 602.1157 602.0867 602.014 601.9514 601.925 601.861 601.777 601.7461 601.6671 601.6053 601.5271 601.4704 601.3927 601.3121 601.2266 601.1608 601.0805 600.9944 600.9069 600.8089 600.7037 600.618 600.5475 600.4928 600.4025 600.3341 600.2462 600.1519 600.0671 599.9731 599.8823 599.8069
602.5358 602.5636 602.558 602.6654 602.6689 602.6835 602.7783 602.7685 602.8478 602.8735 602.8271 602.9216 602.9245 602.9143 602.9796 602.9713 602.9587 603.0203 603.0114 602.9854 603.0569 603.0198 603.0031 602.967 602.9514 602.9351 602.9932 602.9498 602.8654 602.8077 602.7677 602.7366 602.7208 602.6827 602.6046 602.5476 602.5075 602.4386 602.354 602.3176 602.2347 602.1706 602.0925 602.0319 601.9526 601.8714 601.7772 601.7114 601.6284 601.5419 601.4527 601.3483 601.2484 601.1567 601.0438 600.9584 600.8538 600.7385 600.6233 600.5168 600.4891 600.3799 600.3043 600.2062
603.3695 603.3974 603.3889 603.4821 603.4856 603.4835 603.5784 603.5685 603.6322 603.6578 603.5966 603.6763 603.6791 603.6414 603.7067 603.6983 603.6601 603.7217 603.713 603.6673 603.7346 603.686 603.6694 603.6222 603.6065 603.5757 603.6272 603.57 603.4833 603.432 603.3822 603.3419 603.3262 603.2772 603.1953 603.1381 603.0863 603.0163 602.9326 602.8892 602.7982 602.736 602.6542 602.5933 602.5087 602.4307 602.3304 602.262 602.1763 602.0843 601.9984 601.8877 601.7931 601.6931 601.5862 601.5009 601.3901 601.2749 601.1596 601.056 600.9373 600.8251 600.7092 600.5929
604.2032 604.2311 604.2226 604.2989 604.3022 604.2932 604.3784 604.3685 604.4166 604.4421 604.3657 604.4308 604.4337 604.3685 604.4337 604.4253 604.3615 604.4232 604.4142 604.3492 604.412 604.3523 604.3354 604.2774 604.2598 604.2163 604.2618 604.188 604.1017 604.0565 603.9968 603.9471 603.9315 603.8678 603.7848 603.7186 603.665 603.594 603.5112 603.4608 603.365 603.3013 603.2152 603.1547 603.0681 602.9882 602.8846 602.8126 602.7242 602.63 602.543 602.4271 602.3378 602.2296 602.1287 602.0346 601.9265 601.8112 601.696 601.5952 601.4677 601.3655 601.2396 601.1334
605.037 605.0649 605.0563 605.1156 605.1188 605.1097 605.1785 605.1686 605.201 605.2206 605.1348 605.1855 605.1884 605.1039 605.1608 605.15 605.0667 605.1246 605.1125 605.0332 605.0896 605.0186 605.0014 604.9326 604.9069 604.8569 604.8828 604.806 604.7201 604.6806 604.6116 604.5523 604.5303 604.4584 604.3734 604.2991 604.2438 604.1717 604.0901 604.0323 603.9318 603.8666 603.7808 603.7162 603.6274 603.5296 603.439 603.3632 603.2721 603.1757 603.0823 602.9702 602.8826 602.7661 602.6711 602.5738 602.4628 602.3476 602.2326 602.1338 602.0043 601.906 601.7721 601.6738
605.8707 605.8986 605.8898 605.9324 605.9354 605.9258 605.9786 605.9689 605.9854 605.9898 605.904 605.9401 605.943 605.8586 605.8878 605.8715 605.7808 605.826 605.8062 605.7222 605.7672 605.6848 605.6676 605.5877 605.554 605.4976 605.5037 605.424 605.3384 605.3034 605.226 605.1575 605.1234 605.049 604.962 604.8796 604.8226 604.7493 604.669 604.6039 604.4985 604.432 604.3509 604.2764 604.1866 604.0796 603.9907 603.9115 603.8199 603.7215 603.6218 603.5134 603.4245 603.3038 603.2136 603.113 602.9992 602.8839 602.7718 602.6686 602.5449 602.4407 602.3127 602.2125
606.7045 606.7324 606.7232 606.7491 606.7519 606.7432 606.7787 606.7692 606.7698 606.7589 606.6732 606.6948 606.6976 606.6133 606.6148 606.5929 606.4944 606.5273 606.4999 606.4114 606.4424 606.351 606.3329 606.2429 606.2011 606.1382 606.1245 606.042 605.9568 605.9148 605.8404 605.7628 605.7165 605.6396 605.5507 605.46 605.4014 605.327 605.2476 605.1672 605.0653 604.9974 604.9167 604.8321 604.746 604.6298 604.5413 604.4583 604.3679 604.2672 604.1611 604.0576 603.9565 603.8441 603.756 603.6508 603.5355 603.4203 603.311 603.199 603.0853 602.9712 602.8531 602.743
607.5439 607.5661 607.5568 607.5659 607.5684 607.5605 607.5789 607.5695 607.561 607.5281 607.4423 607.4493 607.4522 607.368 607.3418 607.3143 607.2086 607.2288 607.1937 607.1007 607.1087 607.0173 606.988 606.898 606.8482 606.7788 606.7453 606.66 606.5752 606.5262 606.4518 606.368 606.3096 606.2302 606.1393 606.0446 605.9802 605.9028 605.8259 605.7296 605.6321 605.5604 605.4781 605.3878 605.2968 605.1801 605.0919 605.0051 604.9124 604.8129 604.7006 604.6024 604.4908 604.3844 604.2877 604.1871 604.0719 603.9566 603.8502 603.7294 603.6258 603.5015 603.3936 603.2734
608.3957 608.3998 608.3904 608.3826 608.3849 608.377 608.3789 608.3698 608.3608 608.2972 608.2114 608.204 608.2068 608.1227 608.0688 608.0357 607.9233 607.9302 607.8874 607.7919 607.7749 607.6835 607.6432 607.5532 607.4953 607.4194 607.3661 607.2784 607.1935 607.1377 607.057 606.9732 606.9027 606.8199 606.7283 606.6318 606.5589 606.4774 606.3975 606.2919 606.1989 606.1214 606.0396 605.9435 605.8383 605.7305 605.6424 605.5519 605.4547 605.3558 605.2409 605.147 605.0273 604.9262 604.8163 604.7235 604.6082 604.493 604.3885 604.2642 604.1663 604.032 603.934 603.8036
609.0036 608.9956 608.9861 608.9781 608.9686 608.9606 608.9511 608.9395 608.9272 608.9156 608.9076 608.8964 608.886 608.8774 608.7958 608.7571 608.6448 608.6316 608.5811 608.4857 608.4412 608.3498 608.2984 608.2084 608.1425 608.0637 607.9869 607.8967 607.812 607.7491 607.6622 607.5784 607.4958 607.4085 607.3246 607.2188 607.1377 607.0519 606.9691 606.8559 606.7656 606.6824 606.6002 606.5019 606.3824 606.2811 606.193 606.0986 605.9971 605.8952 605.7841 605.6918 605.5643 605.4687 605.3553 605.2598 605.1446 605.0293 604.9235 604.8048 604.7027 604.5726 604.4745 604.3403
609.0439 609.0359 609.0266 609.0185 609.009 609.001 608.9916 608.98 608.9677 608.9565 608.9485 608.9374 608.925 608.9134 608.9005 608.8883 608.8781 608.8657 608.8531 608.8399 608.8268 608.8135 608.8002 608.789 608.7816 608.7081 608.6078 608.5151 608.4349 608.3605 608.2674 608.1837 608.0889 607.9971 607.9061 607.7975 607.7164 607.6265 607.5372 607.4227 607.3325 607.2435 607.1559 607.0612 606.9327 606.8317 606.7436 606.6455 606.5394 606.4346 606.3272 606.2266 606.1046 606.0111 605.8945 605.7962 605.6809 605.5659 605.4584 605.3454 605.2332 605.1132 605.0049 604.8809
609.0842 609.0762 609.0669 609.0588 609.0495 609.0415 609.0321 609.0206 609.0082 608.9976 608.9896 608.9784 608.9661 608.9548 608.942 608.9301 608.9199 608.9075 608.8954 608.8821 608.8694 608.8562 608.8432 608.8295 608.8168 608.8043 608.7889 608.7749 608.7625 608.748 608.7324 608.7215 608.6821 608.5858 608.4866 608.3763 608.2952 608.201 608.0996 607.9894 607.9022 607.8045 607.7115 607.6055 607.4829 607.3823 607.2917 607.1934 607.0817 606.974 606.8704 606.7587 606.645 606.542 606.4337 606.3325 606.2173 606.1051 605.9911 605.886 605.7632 605.6537 605.5352 605.4215
609.1246 609.1166 609.1073 609.0992 609.09 609.082 609.0726 609.0611 609.0488 609.0385 609.0305 609.0193 609.007 608.9962 608.9833 608.972 608.9618 608.9493 608.9376 608.9244 608.9121 608.8989 608.8862 608.8726 608.8604 608.8478 608.8323 608.8193 608.8068 608.7923 608.7775 608.7637 608.748 608.7325 608.7171 608.6996 608.6857 608.6707 608.662 608.5562 608.4666 608.3656 608.2673 608.147 608.0332 607.9329 607.8384 607.7405 607.6275 607.5134 607.4136 607.2907 607.1853 607.0707 606.9729 606.8689 606.7536 606.6432 606.5242 606.4265 606.2934 606.1943 606.0653 605.9621
609.1649 609.1569 609.1477 609.1396 609.1304 609.1224 609.1131 609.1016 609.0893 609.0795 609.0715 609.0604 609.048 609.0376 609.0247 609.0139 609.0037 608.9912 608.9798 608.9666 608.9548 608.9415 608.9293 608.9156 608.9039 608.8912 608.8757 608.8636 608.8511 608.8366 608.8225 608.8088 608.7932 608.7784 608.7629 608.7465 608.7325 608.7177 608.7009 608.6843 608.6696 608.6534 608.6371 608.6195 608.5834 608.4835 608.3853 608.2829 608.1686 608.0547 607.9567 607.825 607.7256 607.5993 607.5121 607.4052 607.29 607.1782 607.0648 606.9647 606.8325 606.7347 606.6003 606.5026
609.2052 609.1972 609.1881 609.1799 609.1708 609.1628 609.1536 609.1422 609.1298 609.1205 609.1125 609.1013 609.089 609.079 609.0661 609.0557 609.0455 609.0331 609.022 609.0088 608.9974 608.9842 608.9723 608.9587 608.9474 608.935 608.9191 608.9079 608.8955 608.8809 608.8676 608.8538 608.8383 608.8242 608.8087 608.7934 608.7794 608.7646 608.7481 608.7325 608.7181 608.7018 608.686 608.6662 608.65 608.634 608.6177 608.6016 608.5834 608.5705 608.4966 608.3652 608.2662 608.1369 608.0513 607.9416 607.8263 607.7131 607.6053 607.4949 607.373 607.2668 607.1408 607.043
