samples/sfe_82/sfe_82_v1/sfe_82_v1/sfe_82_v1.asc
ncols         243
nrows         113
xllcorner     94.199999999255
yllcorner     60.60000000149
cellsize      0.7
NODATA_value  -9999
[rows 0 to 27 of 113, columns 63 to 125 of 243]
605.2604 605.2603 605.2603 605.2603 605.2602 605.2602 605.2601 605.2601 605.2601 605.2593 605.259 605.259 605.259 605.259 605.259 605.259 605.259 605.259 605.259 605.259 605.259 605.259 605.259 605.259 605.259 605.2584 605.2581 605.2581 605.2581 605.2581 605.2582 605.2582 605.2583 605.2583 605.2583 605.2584 605.2584 605.2585 605.2585 605.2585 605.2586 605.2579 605.2577 605.2578 605.2578 605.2579 605.2579 605.258 605.258 605.258 605.2581 605.2581 605.2582 605.2583 605.2583 605.2584 605.2584 605.2574 605.2574 605.2576 605.2576 605.2576 605.2577
605.1956 605.1943 605.1943 605.1943 605.1929 605.1929 605.1914 605.1914 605.1914 605.1906 605.1898 605.189 605.189 605.189 605.189 605.189 605.189 605.189 605.189 605.189 605.189 605.189 605.189 605.189 605.189 605.1897 605.1895 605.1895 605.1895 605.1902 605.1909 605.1909 605.1923 605.1923 605.1923 605.1935 605.1935 605.1948 605.1948 605.196 605.1972 605.1963 605.1974 605.1985 605.1985 605.1996 605.1996 605.2015 605.2015 605.2034 605.2034 605.2034 605.2052 605.2061 605.2061 605.2068 605.2084 605.2075 605.2077 605.2097 605.2097 605.2097 605.2117
605.1307 605.1282 605.1282 605.1282 605.1256 605.1256 605.1227 605.1227 605.1227 605.1219 605.1211 605.119 605.119 605.119 605.119 605.119 605.119 605.119 605.119 605.119 605.119 605.119 605.119 605.119 605.119 605.1211 605.121 605.1208 605.1208 605.1229 605.1236 605.1236 605.1262 605.1262 605.1268 605.1287 605.1292 605.1312 605.1312 605.1335 605.1358 605.1349 605.1371 605.1393 605.14 605.1413 605.1413 605.1451 605.1451 605.1487 605.1487 605.1493 605.1522 605.1538 605.1538 605.1554 605.1584 605.1575 605.1608 605.1618 605.1618 605.1618 605.1657
605.0659 605.0622 605.0622 605.0622 605.0583 605.0583 605.0547 605.054 605.054 605.0532 605.0525 605.049 605.049 605.049 605.049 605.049 605.049 605.049 605.049 605.049 605.049 605.049 605.049 605.049 605.049 605.0525 605.0524 605.0522 605.0522 605.0556 605.0563 605.0563 605.0602 605.0602 605.062 605.0639 605.0656 605.0676 605.0676 605.071 605.0744 605.0736 605.0768 605.08 605.0823 605.083 605.0842 605.0886 605.0886 605.0941 605.0941 605.0966 605.0991 605.1016 605.1024 605.1039 605.1085 605.1075 605.1138 605.1139 605.1139 605.1151 605.1197
605.0011 604.9966 604.9962 604.9962 604.991 604.991 604.9874 604.9853 604.9853 604.9846 604.9839 604.979 604.979 604.979 604.979 604.979 604.979 604.979 604.979 604.979 604.979 604.979 604.979 604.979 604.979 604.9839 604.9839 604.9836 604.9836 604.9883 604.989 604.989 604.9941 604.9941 604.9971 604.9991 605.002 605.0039 605.0051 605.0085 605.013 605.0123 605.0166 605.0208 605.0247 605.0248 605.0286 605.0322 605.0322 605.0394 605.0394 605.0428 605.0461 605.0493 605.0525 605.0546 605.0583 605.0576 605.066 605.066 605.066 605.071 605.0737
604.9363 604.9319 604.9301 604.9301 604.9236 604.9236 604.92 604.9166 604.9166 604.916 604.9152 604.909 604.909 604.909 604.909 604.909 604.909 604.909 604.909 604.909 604.909 604.909 604.909 604.909 604.909 604.9153 604.9153 604.915 604.915 604.921 604.9216 604.9221 604.9281 604.9281 604.9323 604.9343 604.9384 604.9402 604.9432 604.946 604.9516 604.9509 604.9563 604.9615 604.9665 604.9665 604.9713 604.9757 604.9757 604.9847 604.9847 604.9907 604.9931 604.9971 605.001 605.0048 605.0079 605.0077 605.0181 605.0181 605.0181 605.027 605.0276
604.8715 604.8673 604.8641 604.8641 604.8564 604.8564 604.8527 604.8479 604.8479 604.8473 604.8466 604.839 604.839 604.839 604.839 604.839 604.839 604.839 604.839 604.839 604.839 604.839 604.839 604.839 604.8396 604.8467 604.8467 604.8463 604.8463 604.8536 604.8544 604.856 604.8621 604.8621 604.8675 604.8695 604.8747 604.8766 604.8813 604.8835 604.8902 604.89 604.8966 604.9022 604.9082 604.9082 604.9152 604.9193 604.9211 604.93 604.93 604.9389 604.9418 604.9449 604.9495 604.9545 604.9577 604.9589 604.9702 604.9702 604.9702 604.9817 604.9817
604.8067 604.8027 604.798 604.798 604.7892 604.7891 604.7855 604.7792 604.7792 604.7787 604.778 604.769 604.769 604.769 604.769 604.769 604.769 604.769 604.769 604.769 604.769 604.769 604.769 604.769 604.771 604.7782 604.7782 604.7777 604.7777 604.7864 604.787 604.79 604.796 604.796 604.8027 604.8047 604.811 604.813 604.8195 604.8218 604.8288 604.831 604.838 604.843 604.8499 604.8499 604.8594 604.8629 604.8681 604.8753 604.8753 604.887 604.8907 604.8926 604.8981 604.9058 604.9078 604.912 604.9223 604.9223 604.9224 604.9357 604.9357
604.7419 604.7381 604.732 604.732 604.7232 604.7217 604.7181 604.7105 604.7105 604.7101 604.7094 604.6995 604.699 604.699 604.699 604.699 604.699 604.699 604.699 604.699 604.699 604.699 604.699 604.699 604.7023 604.7096 604.7096 604.7091 604.7094 604.7191 604.7197 604.7239 604.73 604.73 604.7379 604.7399 604.7474 604.7494 604.7577 604.7608 604.7674 604.772 604.7793 604.7837 604.7916 604.7916 604.8036 604.8064 604.8145 604.8206 604.8233 604.834 604.8396 604.8404 604.8466 604.857 604.8578 604.8651 604.8744 604.8744 604.8783 604.8896 604.8896
604.6771 604.6735 604.666 604.666 604.6572 604.6544 604.6508 604.6418 604.6418 604.6414 604.6407 604.6309 604.629 604.629 604.629 604.629 604.629 604.629 604.629 604.629 604.629 604.629 604.629 604.629 604.6337 604.6411 604.6411 604.6404 604.6422 604.6517 604.6524 604.6579 604.6639 604.6639 604.673 604.675 604.6838 604.6857 604.6959 604.6998 604.7059 604.713 604.7206 604.7246 604.7334 604.7364 604.7478 604.7499 604.7605 604.7659 604.7719 604.7809 604.7881 604.7902 604.7966 604.8082 604.8079 604.8182 604.8265 604.8265 604.8343 604.8436 604.8453
604.613 604.6089 604.5999 604.5999 604.5912 604.5872 604.5835 604.5734 604.5731 604.5728 604.5721 604.5623 604.559 604.559 604.559 604.559 604.559 604.559 604.559 604.559 604.559 604.559 604.559 604.559 604.5651 604.5725 604.5725 604.5718 604.5748 604.5844 604.5851 604.5919 604.5979 604.599 604.6082 604.611 604.6201 604.6221 604.6335 604.6387 604.6442 604.654 604.6619 604.6669 604.6751 604.6815 604.6921 604.6935 604.7065 604.7112 604.7197 604.7279 604.7359 604.7409 604.7482 604.7584 604.7579 604.7712 604.7786 604.7786 604.7902 604.7977 604.8031
604.5494 604.5443 604.5339 604.5339 604.5251 604.5198 604.5162 604.506 604.5044 604.5042 604.5035 604.4937 604.489 604.489 604.489 604.489 604.489 604.489 604.489 604.489 604.489 604.489 604.489 604.489 604.4965 604.504 604.504 604.5032 604.5075 604.5172 604.5178 604.5258 604.5319 604.5342 604.5434 604.5474 604.5565 604.5598 604.571 604.5777 604.5829 604.5945 604.6033 604.6092 604.6168 604.6265 604.6363 604.6383 604.6525 604.6566 604.6666 604.6749 604.6837 604.6916 604.6998 604.7084 604.7102 604.7243 604.7307 604.7307 604.7462 604.7516 604.7609
604.4858 604.4796 604.4689 604.4678 604.4591 604.4525 604.4489 604.4388 604.4357 604.4355 604.4349 604.425 604.419 604.419 604.419 604.419 604.419 604.419 604.419 604.419 604.419 604.419 604.419 604.419 604.4279 604.4354 604.4354 604.4346 604.4402 604.4498 604.4505 604.4598 604.4658 604.4694 604.4786 604.4838 604.4929 604.498 604.5085 604.5167 604.5215 604.5343 604.5446 604.5515 604.5585 604.5701 604.5805 604.5853 604.5984 604.6019 604.6148 604.6224 604.6314 604.6407 604.6497 604.6583 604.6633 604.6774 604.6828 604.6856 604.7021 604.7056 604.7187
604.4222 604.415 604.4042 604.4018 604.3931 604.3852 604.3816 604.3715 604.367 604.3669 604.3662 604.3564 604.349 604.349 604.349 604.349 604.349 604.349 604.349 604.349 604.349 604.349 604.349 604.3494 604.3592 604.3668 604.3668 604.366 604.3729 604.3825 604.3843 604.3937 604.3998 604.4045 604.4138 604.4202 604.4293 604.4362 604.446 604.4556 604.4622 604.4742 604.486 604.4938 604.5002 604.5143 604.5241 604.5322 604.5444 604.5488 604.5629 604.5714 604.5792 604.5892 604.6009 604.6081 604.6163 604.6304 604.6349 604.6415 604.6581 604.6596 604.675
604.3585 604.3504 604.3396 604.3358 604.327 604.3179 604.3143 604.3041 604.2983 604.2983 604.2976 604.2878 604.279 604.279 604.279 604.279 604.279 604.279 604.279 604.279 604.279 604.279 604.279 604.2808 604.2906 604.2983 604.2983 604.2973 604.3056 604.3152 604.3182 604.3277 604.3337 604.3397 604.349 604.3565 604.3656 604.3743 604.3843 604.3945 604.4031 604.4155 604.4272 604.4361 604.4435 604.4585 604.4677 604.4792 604.4904 604.4973 604.5111 604.5203 604.5273 604.5385 604.5521 604.5582 604.5694 604.5835 604.587 604.5975 604.6136 604.6173 604.6306
604.2949 604.2858 604.275 604.2697 604.265 604.265 604.2015 604.1842 604.1399 604.083 604.083 604.083 604.0651 603.9955 603.9905 603.9905 603.9905 603.9905 603.9905 603.9905 603.9905 603.9905 604.0154 604.083 604.083 604.09 604.0975 604.1653 604.1884 604.225 604.263 604.263 604.2677 604.2749 604.2842 604.2928 604.3019 604.3125 604.3233 604.3335 604.3441 604.3569 604.3686 604.3784 604.3885 604.4027 604.4112 604.4256 604.4364 604.4459 604.4592 604.4691 604.478 604.4901 604.5033 604.5084 604.5225 604.5366 604.5391 604.5535 604.5676 604.5751 604.5883
604.1304 604.0941 604.0226 603.9684 603.915 603.9048 603.8306 603.8073 603.778 603.7211 603.7211 603.7211 603.7172 603.6476 603.6426 603.6426 603.6426 603.6426 603.6426 603.6426 603.6426 603.6426 603.6674 603.7211 603.7211 603.742 603.7547 603.8226 603.8417 603.8923 603.9454 603.9668 604.0296 604.0648 604.1251 604.1711 604.2188 604.263 604.263 604.2725 604.2852 604.2982 604.3096 604.3207 604.3336 604.3469 604.3555 604.3716 604.3824 604.3943 604.4074 604.418 604.4287 604.4418 604.4545 604.4615 604.4756 604.4896 604.4929 604.5094 604.5216 604.5329 604.546
603.7534 603.7202 603.6457 603.5976 603.538 603.534 603.4598 603.4303 603.4161 603.3593 603.3593 603.3593 603.3593 603.2996 603.2946 603.2946 603.2946 603.2946 603.2946 603.2946 603.2946 603.2946 603.3195 603.3593 603.3593 603.394 603.4119 603.4798 603.5067 603.5597 603.6282 603.6526 603.7173 603.7632 603.8235 603.8854 603.933 603.9901 604.0487 604.0948 604.1529 604.2157 604.263 604.263 604.2787 604.2911 604.3024 604.3176 604.3284 604.3428 604.3555 604.3669 604.3794 604.3934 604.4058 604.4146 604.4286 604.4427 604.4489 604.4653 604.4756 604.4907 604.5037
603.379 603.3464 603.2716 603.2267 603.161 603.161 603.0891 603.0533 603.0523 602.9974 602.9974 602.9974 602.9974 602.9516 602.9467 602.9467 602.9467 602.9467 602.9467 602.9467 602.9467 602.9467 602.9715 602.9974 602.9974 603.0461 603.0692 603.137 603.1716 603.2271 603.3079 603.3385 603.4157 603.4617 603.5482 603.5997 603.6516 603.709 603.7717 603.8179 603.8848 603.9399 603.9946 604.0463 604.1149 604.1851 604.2477 604.2635 604.2743 604.2907 604.3037 604.3159 604.3301 604.345 604.357 604.3676 604.3817 604.3954 604.4048 604.4213 604.4315 604.4484 604.4612
603.0142 602.9725 602.8977 602.856 602.784 602.784 602.7183 602.6763 602.6753 602.6354 602.6354 602.6354 602.6354 602.6036 602.5987 602.5987 602.5987 602.5987 602.5987 602.5987 602.5987 602.5987 602.6235 602.6354 602.6434 602.6981 602.7264 602.7943 602.8364 602.8945 602.9877 603.0244 603.1141 603.16 603.2667 603.314 603.3719 603.4312 603.4948 603.5477 603.6168 603.6641 603.7162 603.7653 603.8322 603.8834 603.9461 604.022 604.0866 604.1851 604.262 604.2648 604.2805 604.296 604.3082 604.3207 604.3348 604.3475 604.3607 604.3773 604.3893 604.4061 604.4172
602.6494 602.5986 602.5239 602.4852 602.411 602.407 602.3474 602.2993 602.2983 602.2736 602.2736 602.2736 602.2736 602.2557 602.2507 602.2507 602.2507 602.2507 602.2507 602.2507 602.2507 602.2507 602.2736 602.2736 602.2954 602.3501 602.3837 602.4485 602.5013 602.5652 602.6674 602.712 602.8125 602.8628 602.9839 603.0283 603.0909 603.1614 603.2178 603.2817 603.3412 603.3882 603.435 603.4843 603.5494 603.5817 603.6445 603.6989 603.7594 603.8395 603.9235 603.9997 604.1069 604.2275 604.262 604.2737 604.2878 604.3002 604.3167 604.3332 604.3471 604.3627 604.3754
602.2845 602.2248 602.15 602.1144 602.0402 602.03 601.9766 601.9224 601.9214 601.9117 601.9117 601.9117 601.9117 601.9077 601.9027 601.9027 601.9027 601.9027 601.9027 601.9027 601.9027 601.9027 601.9117 601.9117 601.9474 602.0021 602.0409 602.1005 602.1663 602.2585 602.3471 602.4104 602.5025 602.5886 602.6995 602.7468 602.8099 602.8873 602.9408 603.0135 603.0656 603.1124 603.1522 603.1998 603.2503 603.28 603.3429 603.3757 603.4312 603.4927 603.5641 603.6414 603.745 603.8406 603.9354 604.0909 604.2028 604.262 604.2726 604.2892 604.3049 604.3204 604.3337
601.9197 601.8509 601.7761 601.7435 601.68 601.6633 601.6575 601.595 601.595 601.5941 601.5825 601.5652 601.565 601.564 601.564 601.5637 601.563 601.563 601.5627 601.5627 601.563 601.5635 601.5755 601.593 601.6563 601.662 601.6981 601.7642 601.8312 601.9468 602.0242 602.1088 602.195 602.3145 602.4092 602.4684 602.5354 602.6131 602.6693 602.7441 602.7888 602.8346 602.8695 602.908 602.9484 602.9783 603.0388 603.0526 603.108 603.148 603.2021 603.2657 603.3831 603.449 603.5485 603.6918 603.7877 603.8907 604.0833 604.1936 604.2626 604.2781 604.2919
601.6147 601.5652 601.515 601.4528 601.4295 601.428 601.3643 601.3633 601.3465 601.3455 601.329 601.2972 601.2955 601.2945 601.2935 601.2925 601.2917 601.2908 601.2908 601.2908 601.2917 601.2933 601.3415 601.3433 601.3613 601.4255 601.4335 601.519 601.5642 601.678 601.7067 601.8073 601.9032 602.0403 602.1235 602.19 602.2667 602.3389 602.4058 602.4686 602.506 602.5562 602.5868 602.6161 602.6467 602.6766 602.7156 602.7295 602.7849 602.8033 602.8403 602.9006 603.0129 603.0599 603.1714 603.2853 603.3727 603.5057 603.6646 603.7678 603.9389 604.0858 604.2228
601.3898 601.3235 601.282 601.2343 601.2177 601.1555 601.1535 601.147 601.1355 601.0928 601.091 601.0891 601.087 601.0623 601.0602 601.0583 601.0573 601.0563 601.0563 601.0563 601.0575 601.0782 601.0855 601.1262 601.144 601.1533 601.221 601.2708 601.3285 601.4053 601.4755 601.562 601.657 601.7588 601.842 601.9108 601.9962 602.0638 602.1423 602.193 602.2297 602.2778 602.3041 602.3242 602.345 602.3678 602.3925 602.4064 602.4475 602.4587 602.4783 602.5387 602.6328 602.6707 602.7604 602.874 602.9623 603.1208 603.2378 603.3572 603.5174 603.6745 603.8116
601.1458 601.1288 601.0765 601.0285 601.015 600.9713 600.9642 600.9233 600.908 600.906 600.891 600.8882 600.8853 600.8588 600.844 600.8415 600.8403 600.8385 600.8385 600.839 600.8405 600.8805 600.8845 600.9005 600.9065 600.9633 600.9885 601.0522 601.1305 601.1877 601.23 601.349 601.3842 601.5118 601.6157 601.678 601.722 601.7909 601.8715 601.9175 601.9531 601.9995 602.0232 602.0415 602.0433 602.0558 602.0694 602.0832 602.0995 602.114 602.1185 602.1766 602.2527 602.2816 602.36 602.4596 602.5556 602.7149 602.811 602.9493 603.124 603.2632 603.405
600.964 600.9125 600.8882 600.8555 600.8157 600.7993 600.7582 600.744 600.7413 600.7343 600.6923 600.6887 600.6863 600.6827 600.68 600.6772 600.6573 600.6558 600.6555 600.667 600.6755 600.6793 600.6845 600.7302 600.7393 600.759 600.8075 600.848 600.895 600.9642 601.0385 601.112 601.1843 601.2603 601.3367 601.4123 601.4925 601.565 601.6575 601.6572 601.678 601.7211 601.7405 601.7426 601.7416 601.7438 601.7462 601.7488 601.7516 601.7546 601.7578 601.7964 601.8725 601.8826 601.9487 602.0473 602.1583 602.2989 602.3842 602.534 602.7149 602.852 603.0114
600.7913 600.7555 600.7085 600.6843 600.6558 600.6213 600.6065 600.5995 600.5845 600.554 600.5497 600.547 600.5338 600.5303 600.5267 600.5235 600.512 600.492 600.492 600.52 600.5223 600.5258 600.5345 600.5485 600.5947 600.6063 600.6277 600.684 600.728 600.7637 600.821 600.8895 600.954 601.0203 601.09 601.1583 601.2368 601.3015 601.3755 601.3745 601.4498 601.4498 601.4485 601.4473 601.4565 601.5032 601.5027 601.502 601.501 601.5 601.4992 601.5255 601.5625 601.5618 601.6273 601.677 601.7553 601.8721 601.9583 602.1406 602.3036 602.4407 602.6054
