samples/sfe_82/sfe_82_v1/sfe_82_v1/sfe_82_v1.asc
ncols         243
nrows         113
xllcorner     94.199999999255
yllcorner     60.60000000149
cellsize      0.7
NODATA_value  -9999
[rows 56 to 83 of 113, columns 0 to 62 of 243]
-9999 -9999 603.7791 602.6623 602.0244 601.6693 600.9246 601.6305 599.786 599.8027 599.8212 599.8435 599.8785 599.9035 599.9467 599.9735 600.0235 600.0547 600.0797 600.1212 600.1385 600.2045 600.2495 600.3212 600.3935 600.4612 600.5707 600.7135 600.8157 600.9445 601.1348 601.3522 601.476 601.649 601.822 602.0051 602.1588 602.2973 602.484 602.6413 602.7657 602.8837 602.9889 603.1078 603.2242 603.3159 603.4099 603.5228 603.6336 603.7589 603.8621 603.9677 604.0837 604.1997 604.266 604.2708 604.2763 604.2812 604.2859 604.2902 604.2939 604.2977 604.3013
-9999 -9999 603.9197 602.803 602.0609 601.996 600.8117 601.7285 599.792 599.8155 599.86 599.8922 599.9352 599.9777 600.033 600.0745 600.1435 600.183 600.2208 600.279 600.3047 600.3947 600.468 600.5165 600.6138 600.6867 600.8065 600.9708 601.0522 601.2402 601.3932 601.582 601.7476 601.9383 602.1061 602.2821 602.4554 602.6037 602.7484 602.92 603.0455 603.1733 603.2905 603.3951 603.5327 603.6354 603.7258 603.8301 603.9567 604.0859 604.2014 604.266 604.2708 604.2764 604.282 604.2875 604.2929 604.2979 604.3027 604.3069 604.3107 604.3144 604.3179
-9999 -9999 604.0605 602.9437 602.0973 602.0743 600.6989 601.8265 599.89 599.8553 599.9037 599.96 600.0322 600.0827 600.1487 600.2245 600.2755 600.3265 600.4072 600.469 600.5455 600.5992 600.6787 600.748 600.8303 600.9425 601.0198 601.195 601.337 601.4787 601.682 601.7995 602.0304 602.2424 602.394 602.576 602.7437 602.9003 603.0409 603.1925 603.3438 603.4617 603.5905 603.6926 603.8259 603.9439 604.0415 604.1462 604.266 604.2677 604.2744 604.2811 604.2878 604.2933 604.2988 604.3042 604.3095 604.3146 604.3194 604.3237 604.3273 604.3311 604.3345
-9999 -9999 604.2012 603.0845 602.1337 602.0503 600.6016 601.9244 599.988 599.8741 599.9727 600.0538 600.1177 600.2007 600.2802 600.3725 600.4255 600.5198 600.5953 600.6615 600.7635 600.832 600.911 601.002 601.0822 601.2162 601.321 601.4782 601.5735 601.7368 601.9341 602.101 602.3478 602.5251 602.7183 602.86 603.0284 603.197 603.3453 603.4747 603.6285 603.7415 603.8732 603.9941 604.1132 604.2523 604.2667 604.2733 604.2793 604.2851 604.2913 604.298 604.3047 604.3104 604.3156 604.3209 604.3262 604.3314 604.3361 604.3405 604.3441 604.3478 604.3515
-9999 -9999 604.3419 603.2252 602.1702 602.0262 600.7082 602.0087 600.0859 599.9762 600.0475 600.1527 600.2393 600.332 600.4305 600.5325 600.6005 600.7492 600.8105 600.9047 600.9952 601.0797 601.1927 601.2772 601.3525 601.4993 601.6147 601.7442 601.8477 602.0645 602.2754 602.4364 602.622 602.8325 603.02 603.1636 603.33 603.4823 603.642 603.7845 603.9085 604.0398 604.1577 604.267 604.2706 604.2775 604.2841 604.2907 604.2968 604.3026 604.308 604.3148 604.3215 604.3274 604.3328 604.3379 604.3428 604.348 604.3528 604.3572 604.3607 604.3644 604.3682
-9999 -9999 604.4827 603.3659 602.2066 602.0021 600.8148 602.0727 600.184 600.0784 600.1475 600.2682 600.351 600.5055 600.6208 600.7245 600.7975 600.9667 601.0452 601.1535 601.2598 601.37 601.471 601.5743 601.6609 601.7683 601.939 602.1097 602.2204 602.3915 602.5985 602.7783 602.9387 603.1703 603.3123 603.4947 603.6208 603.7823 603.9386 604.0869 604.2183 604.267 604.2731 604.2808 604.2883 604.2949 604.3016 604.3082 604.3142 604.32 604.3249 604.3316 604.3383 604.3444 604.3497 604.3547 604.3599 604.3647 604.3696 604.374 604.3779 604.3812 604.3849
-9999 -9999 -9999 603.5067 602.3393 601.978 600.9214 602.1367 600.2819 600.1805 600.2587 600.3842 600.5497 600.6702 600.7915 600.9398 601.0892 601.1982 601.3422 601.3992 601.587 601.683 601.7327 601.8593 602.0019 602.1252 602.2805 602.4512 602.6013 602.7347 602.9366 603.132 603.274 603.463 603.655 603.7975 603.936 604.0839 604.2347 604.2684 604.2761 604.2833 604.2908 604.2984 604.306 604.3124 604.319 604.3256 604.3317 604.3375 604.3417 604.3484 604.3552 604.3614 604.3665 604.3715 604.3765 604.3816 604.3863 604.3909 604.3949 604.3978 604.4016
-9999 -9999 -9999 603.6474 602.5097 601.9539 601.028 602.2007 600.3799 600.2827 600.3661 600.4096 600.7538 600.8635 601.0443 601.16 601.3255 601.442 601.5828 601.7164 601.8692 601.9818 602.0671 602.1967 602.3527 602.4823 602.6219 602.7926 602.9633 603.0895 603.267 603.4602 603.6264 603.7786 603.9929 604.1348 604.267 604.2715 604.2791 604.2867 604.2944 604.3009 604.3085 604.3161 604.3237 604.3305 604.3364 604.343 604.3492 604.3549 604.3588 604.3653 604.372 604.3784 604.3834 604.3882 604.3932 604.3982 604.403 604.4078 604.4117 604.4146 604.4183
-9999 -9999 -9999 603.7881 602.6714 601.9299 601.1345 602.2648 600.4779 600.3848 600.4654 600.5371 600.9067 601.0847 601.2722 601.3922 601.5892 601.7164 601.8724 602.0284 602.1759 602.3059 602.4085 602.5447 602.6818 602.8244 602.9633 603.134 603.3047 603.4585 603.6218 603.8082 603.9801 604.1208 604.267 604.2717 604.2806 604.2896 604.2974 604.3051 604.3127 604.3187 604.3262 604.3337 604.3413 604.3489 604.3539 604.3605 604.3671 604.3724 604.3771 604.3821 604.3889 604.3953 604.4003 604.405 604.41 604.4148 604.4197 604.4245 604.4284 604.4312 604.435
-9999 -9999 -9999 603.9288 602.8121 601.9281 601.2411 602.3287 600.5759 600.487 600.5647 600.6646 600.999 601.3302 601.4553 601.667 601.8317 602.0284 602.1844 602.3404 602.4927 602.6329 602.7499 602.8716 603.0107 603.1752 603.3156 603.4754 603.6461 603.8168 603.9766 604.1539 604.2678 604.2717 604.2809 604.2902 604.2988 604.3076 604.3157 604.3234 604.3309 604.3382 604.3439 604.3514 604.359 604.3666 604.3713 604.3779 604.3845 604.3898 604.3954 604.3989 604.4056 604.4124 604.4176 604.4219 604.4266 604.4315 604.4364 604.4412 604.4451 604.4479 604.4517
-9999 -9999 -9999 604.0696 602.9528 602.2164 601.3477 602.3928 600.6738 600.5892 600.664 600.7922 601.1439 601.596 601.6831 601.9226 602.119 602.3344 602.4964 602.6523 602.8083 602.9426 603.0758 603.1948 603.3563 603.5043 603.6577 603.8168 603.9875 604.1583 604.2679 604.2756 604.2836 604.2914 604.2994 604.3087 604.317 604.326 604.334 604.3416 604.3492 604.3569 604.3615 604.3691 604.3766 604.3842 604.3887 604.3953 604.4019 604.4073 604.4131 604.4158 604.4225 604.4292 604.4349 604.4397 604.4438 604.4481 604.4531 604.4579 604.4619 604.4646 604.4684
-9999 -9999 -9999 604.2103 603.0936 602.5046 601.4543 602.4568 600.7719 600.6913 600.7633 600.9095 601.2787 601.7924 601.95 602.2152 602.4309 602.6216 602.8083 602.9644 603.1204 603.2558 603.3959 603.5181 603.6794 603.8333 603.9977 604.1583 604.2687 604.2784 604.2874 604.2953 604.3032 604.3111 604.3179 604.3271 604.3357 604.3442 604.3523 604.3599 604.3676 604.3752 604.3792 604.3868 604.3943 604.4019 604.4061 604.4128 604.4194 604.4247 604.4305 604.4326 604.4393 604.446 604.4519 604.4566 604.461 604.4655 604.4698 604.4746 604.4786 604.4813 604.485
-9999 -9999 -9999 604.351 603.2343 602.7749 601.5609 602.5208 600.8698 600.7923 600.8625 601.0191 601.4136 601.9312 602.3009 602.4819 602.7359 602.9178 603.1204 603.2764 603.4323 603.5828 603.7094 603.8557 604.0026 604.1641 604.2687 604.2786 604.2885 604.2979 604.3071 604.3149 604.3229 604.3308 604.3364 604.3456 604.3549 604.3624 604.3707 604.3782 604.3859 604.3935 604.3969 604.4044 604.412 604.4196 604.425 604.4302 604.4368 604.4422 604.448 604.4504 604.4561 604.4629 604.4689 604.4735 604.4778 604.4824 604.4869 604.4913 604.4954 604.4985 604.5017
-9999 -9999 -9999 604.4918 603.375 602.8113 601.6674 602.5848 600.9678 600.8926 600.9619 601.1287 601.5484 602.0701 602.6149 602.8145 603.0137 603.2409 603.4114 603.5883 603.7443 603.9003 604.0189 604.1677 604.2687 604.2789 604.2888 604.2985 604.3082 604.3174 604.3268 604.3347 604.3425 604.3505 604.3553 604.3641 604.3734 604.3806 604.3887 604.3965 604.4042 604.4118 604.4163 604.4221 604.4297 604.4373 604.4438 604.4476 604.4542 604.4603 604.4655 604.4687 604.473 604.4797 604.4858 604.4904 604.4946 604.499 604.5035 604.5081 604.5121 604.5157 604.5184
-9999 -9999 -9999 604.6324 603.5157 602.8478 601.774 602.6489 601.0658 600.993 601.0612 601.2383 601.6833 602.2089 602.7537 603.138 603.3363 603.5457 603.7256 603.9003 604.0563 604.2123 604.2687 604.2791 604.2894 604.2993 604.3089 604.3187 604.328 604.3373 604.3462 604.3543 604.3622 604.3701 604.3762 604.3826 604.3919 604.3987 604.407 604.4149 604.4224 604.4301 604.4359 604.4398 604.4473 604.4549 604.4625 604.4651 604.4717 604.4783 604.4829 604.487 604.4898 604.4965 604.5029 604.5073 604.5114 604.5157 604.5201 604.5248 604.5294 604.533 604.5351
-9999 -9999 -9999 -9999 603.6564 602.8842 601.8806 602.7129 601.1638 601.0934 601.1605 601.348 601.8181 602.3477 602.8925 603.4373 603.676 603.858 604.0488 604.2103 604.2688 604.2795 604.2899 604.2999 604.31 604.3197 604.3295 604.3386 604.3482 604.3569 604.3657 604.374 604.3818 604.3898 604.3972 604.4011 604.4104 604.4175 604.426 604.4331 604.4407 604.4484 604.4554 604.4575 604.465 604.4726 604.4802 604.4825 604.4891 604.4957 604.5004 604.5053 604.5066 604.5134 604.5201 604.5247 604.5284 604.5325 604.5367 604.5415 604.5463 604.5499 604.5518
-9999 -9999 -9999 -9999 603.7972 602.9207 601.9872 602.7769 601.262 601.1938 601.2598 601.4576 601.9529 602.4866 603.0314 603.5762 603.9995 604.2059 604.2688 604.2797 604.2904 604.301 604.311 604.3211 604.3306 604.3405 604.3498 604.3591 604.368 604.3765 604.3856 604.3936 604.4015 604.4094 604.4173 604.4197 604.4289 604.4379 604.4441 604.4518 604.459 604.4667 604.4743 604.4751 604.4827 604.4902 604.4979 604.5005 604.5065 604.5132 604.5178 604.5236 604.5236 604.5302 604.5369 604.5424 604.5462 604.5498 604.5534 604.5582 604.563 604.5666 604.5685
-9999 -9999 -9999 -9999 603.9379 602.9571 602.0938 602.8409 601.3604 601.2941 601.3591 601.5672 602.0878 602.6254 603.1702 603.715 604.2598 604.2805 604.2908 604.3013 604.3122 604.3224 604.3322 604.342 604.3517 604.361 604.3702 604.3793 604.3879 604.3971 604.405 604.414 604.4211 604.4291 604.437 604.439 604.4474 604.4567 604.4623 604.4698 604.4774 604.485 604.4926 604.4944 604.5004 604.5079 604.5155 604.5195 604.524 604.5306 604.5353 604.5411 604.5419 604.547 604.5537 604.5594 604.5636 604.5673 604.571 604.575 604.5797 604.5834 604.5852
-9999 -9999 -9999 -9999 604.0786 602.9935 602.2161 602.9049 601.4586 601.3945 601.4584 601.6794 602.2227 602.7643 603.3091 603.8539 604.2995 604.303 604.3127 604.3238 604.3339 604.3439 604.3533 604.3635 604.3725 604.3815 604.3911 604.3994 604.4086 604.4169 604.4254 604.4333 604.4408 604.4487 604.4567 604.46 604.4659 604.4752 604.4805 604.4879 604.4957 604.5032 604.5109 604.514 604.518 604.5256 604.5332 604.5384 604.5414 604.548 604.5527 604.5585 604.5602 604.5638 604.5706 604.5764 604.5805 604.5841 604.5881 604.5919 604.5964 604.6001 604.6019
-9999 -9999 -9999 -9999 604.2194 603.0553 602.5427 602.9689 601.5569 601.4949 601.5577 601.826 602.3583 602.9031 603.4479 603.9927 604.3247 604.3255 604.3359 604.3458 604.3557 604.3653 604.3751 604.3849 604.3932 604.4028 604.4114 604.4208 604.4286 604.4371 604.445 604.4527 604.4605 604.4684 604.4763 604.4809 604.4844 604.4937 604.4993 604.5077 604.5139 604.5215 604.5292 604.5335 604.5357 604.5433 604.5508 604.5573 604.5588 604.5655 604.5713 604.576 604.5785 604.5806 604.5874 604.5933 604.5974 604.6009 604.6049 604.6088 604.6132 604.6168 604.6191
-9999 -9999 -9999 -9999 604.3601 603.2257 602.8694 603.033 601.6552 601.5953 601.657 601.9725 602.4971 603.0419 603.5867 604.1315 604.3499 604.3499 604.3584 604.3677 604.3774 604.3868 604.3975 604.4061 604.4153 604.4235 604.4328 604.441 604.4489 604.4575 604.4646 604.4733 604.4802 604.488 604.496 604.5018 604.5029 604.5121 604.5197 604.5259 604.5325 604.5399 604.5475 604.553 604.5533 604.561 604.5685 604.5761 604.5763 604.5829 604.5895 604.5934 604.5968 604.5975 604.6042 604.6105 604.6143 604.6177 604.6215 604.6254 604.6299 604.6336 604.6363
-9999 -9999 -9999 -9999 604.5008 603.3841 603.196 603.097 601.7535 601.6957 601.7562 602.1181 602.636 603.1808 603.7256 604.2704 604.375 604.375 604.3809 604.3898 604.3991 604.41 604.4189 604.4272 604.4363 604.445 604.4533 604.4613 604.4697 604.4773 604.486 604.4927 604.5007 604.5077 604.5156 604.5228 604.5228 604.5306 604.5399 604.544 604.5509 604.5582 604.5658 604.5726 604.5726 604.5786 604.5862 604.5938 604.5951 604.6003 604.6069 604.6109 604.6151 604.6151 604.621 604.6277 604.6317 604.6349 604.6382 604.642 604.6466 604.6505 604.6536
-9999 -9999 -9999 -9999 604.6415 603.5248 603.2106 603.161 601.8517 601.796 601.8704 602.253 602.7748 603.3196 603.8644 604.4003 604.4001 604.4001 604.4034 604.4117 604.4227 604.4316 604.4404 604.4484 604.4574 604.4659 604.4738 604.4828 604.4897 604.4985 604.5057 604.5131 604.5205 604.5273 604.5353 604.5432 604.5437 604.5491 604.5584 604.5622 604.5689 604.5765 604.5841 604.5917 604.5921 604.5963 604.6039 604.6115 604.614 604.6177 604.6244 604.6284 604.6334 604.6334 604.6379 604.6446 604.6495 604.6526 604.6558 604.6588 604.6633 604.6678 604.6708
-9999 -9999 -9999 -9999 604.7823 603.6655 603.1866 603.225 601.95 601.8964 601.9979 602.3878 602.9137 603.4585 604.0033 604.4253 604.4253 604.4253 604.426 604.4363 604.4447 604.4534 604.4619 604.4702 604.48 604.4866 604.4957 604.5032 604.5113 604.5185 604.5256 604.5331 604.5399 604.547 604.5549 604.5628 604.5646 604.5676 604.5769 604.5811 604.5889 604.5947 604.6024 604.61 604.6116 604.614 604.6215 604.6291 604.6329 604.6352 604.6418 604.6458 604.6516 604.6517 604.6547 604.6614 604.6669 604.6704 604.6734 604.6764 604.6801 604.6848 604.688
-9999 -9999 -9999 -9999 -9999 603.8063 603.1625 603.289 602.0483 601.9968 602.1254 602.5227 603.0525 603.5973 604.1422 604.4504 604.4504 604.4504 604.4503 604.4589 604.4667 604.4751 604.4833 604.494 604.5012 604.5095 604.5163 604.5243 604.5322 604.5386 604.5469 604.5527 604.5609 604.5667 604.5746 604.5825 604.5856 604.5861 604.5954 604.6015 604.6076 604.613 604.6207 604.6283 604.6312 604.6317 604.6392 604.6468 604.6518 604.6526 604.6592 604.6638 604.6691 604.67 604.6715 604.6782 604.6838 604.6875 604.6904 604.6939 604.6968 604.7015 604.7048
-9999 -9999 -9999 -9999 -9999 603.947 603.1384 603.353 602.1465 602.098 602.2487 602.6575 603.1913 603.7361 604.2809 604.4756 604.4756 604.4756 604.4756 604.4814 604.4887 604.4968 604.5074 604.5154 604.5223 604.5305 604.5376 604.5456 604.5525 604.5601 604.5667 604.5743 604.5804 604.5868 604.5942 604.6022 604.6065 604.6065 604.6139 604.6219 604.6257 604.632 604.639 604.6466 604.6507 604.6507 604.6569 604.6644 604.6707 604.6707 604.6767 604.6823 604.6865 604.6884 604.6884 604.6951 604.7009 604.7043 604.7072 604.7106 604.7141 604.7183 604.7216
-9999 -9999 -9999 -9999 -9999 604.0877 603.1143 603.4171 602.2449 602.2092 602.3583 602.7924 603.3302 603.875 604.4198 604.5008 604.5008 604.5008 604.5008 604.5039 604.5107 604.5212 604.5294 604.5369 604.5434 604.5514 604.5593 604.5661 604.5745 604.5802 604.5878 604.5947 604.6005 604.6077 604.6139 604.6218 604.6274 604.6274 604.6324 604.6417 604.6439 604.65 604.6573 604.6649 604.6702 604.6702 604.6746 604.6821 604.6896 604.6896 604.6941 604.7007 604.704 604.7067 604.7067 604.7119 604.7181 604.7213 604.7239 604.7273 604.7307 604.735 604.7383
-9999 -9999 -9999 -9999 -9999 604.2285 603.4009 603.4811 602.3431 602.3204 602.468 602.9272 603.4691 604.0139 604.5262 604.5259 604.5259 604.5259 604.5259 604.5264 604.5355 604.5437 604.5511 604.5583 604.5653 604.5748 604.58 604.5884 604.595 604.6016 604.6084 604.6144 604.6213 604.6271 604.6335 604.6415 604.6484 604.6484 604.6509 604.6602 604.6628 604.6698 604.6755 604.6832 604.6898 604.6898 604.6922 604.6998 604.7073 604.7084 604.7115 604.7181 604.7214 604.725 604.725 604.7287 604.7355 604.7388 604.7414 604.7441 604.7473 604.7517 604.755
