samples/sfe_82/sfe_82_v1/sfe_82_v1/sfe_82_v1.asc
ncols         243
nrows         113
xllcorner     94.199999999255
yllcorner     60.60000000149
cellsize      0.7
NODATA_value  -9999
[rows 28 to 55 of 113, columns 63 to 125 of 243]
600.6233 600.6133 600.5757 600.554 600.527 600.495 600.48 600.4562 600.4355 600.431 600.425 600.4208 600.3895 600.3853 600.3815 600.3788 600.3755 600.3735 600.3727 600.3737 600.3767 600.3805 600.4163 600.4235 600.4365 600.4728 600.5002 600.533 600.5717 600.6298 600.6502 600.6973 600.7643 600.8278 600.8755 600.936 600.9955 601.0595 601.1005 601.1238 601.189 601.187 601.185 601.1998 601.2548 601.2527 601.2508 601.249 601.2476 601.245 601.2872 601.2845 601.342 601.3787 601.3967 601.4598 601.525 601.5917 601.6185 601.7473 601.8924 602.0295 602.181
600.5068 600.4688 600.4612 600.4247 600.3995 600.3818 600.3698 600.3422 600.3358 600.3305 600.3015 600.2968 600.2915 600.287 600.2775 600.274 600.2705 600.2687 600.2678 600.2693 600.2722 600.2773 600.2892 600.299 600.335 600.351 600.3688 600.4163 600.4532 600.4782 600.5297 600.5732 600.6035 600.6752 600.6918 600.7448 600.7968 600.8488 600.8622 600.904 600.9455 600.958 600.9548 601.013 601.01 601.0083 601.005 601.0023 601.012 601.0433 601.0623 601.0895 601.13 601.1355 601.1865 601.2425 601.3 601.3577 601.419 601.4858 601.571 601.6763 601.7568
600.4088 600.376 600.365 600.3353 600.3138 600.2972 600.2733 600.2618 600.2498 600.2292 600.2238 600.2185 600.2125 600.2078 600.1888 600.1843 600.1808 600.1788 600.178 600.1795 600.183 600.2012 600.2103 600.22 600.234 600.263 600.2905 600.3055 600.3495 600.371 600.4033 600.4492 600.4773 600.5247 600.5415 600.585 600.6293 600.6713 600.6797 600.7155 600.7247 600.7598 600.7555 600.8032 600.8005 600.796 600.795 600.8368 600.8435 600.8663 600.87 600.904 600.9188 600.9495 600.9952 601.0438 601.0938 601.1432 601.2105 601.288 601.379 601.442 601.515
600.3098 600.3002 600.274 600.2605 600.2393 600.2222 600.2083 600.2013 600.18 600.1725 600.1675 600.1588 600.147 600.1415 600.1362 600.1298 600.126 600.1232 600.1225 600.124 600.13 600.1365 600.1453 600.1638 600.1785 600.1935 600.2095 600.2475 600.2643 600.3 600.314 600.3485 600.386 600.4142 600.425 600.4567 600.4927 600.5222 600.5245 600.558 600.5645 600.5922 600.5885 600.6277 600.6227 600.6425 600.6567 600.656 600.6875 600.6992 600.7185 600.749 600.7867 600.7833 600.8303 600.863 600.905 600.9482 601.024 601.0657 601.1565 601.2153 601.2792
600.2605 600.247 600.223 600.2117 600.193 600.1777 600.168 600.1533 600.1442 600.1387 600.125 600.1198 600.1135 600.1085 600.1033 600.099 600.092 600.0895 600.0891 600.09 600.0973 600.1035 600.1125 600.1242 600.1382 600.161 600.179 600.197 600.2213 600.241 600.269 600.2795 600.3077 600.3328 600.3395 600.3613 600.3873 600.396 600.4165 600.4343 600.436 600.4573 600.4605 600.4825 600.4922 600.508 600.5065 600.5328 600.5353 600.5547 600.5728 600.6075 600.6115 600.635 600.6752 600.7267 600.7433 600.7838 600.8455 600.9048 600.952 601.0325 601.1143
600.2208 600.202 600.1905 600.1755 600.165 600.1553 600.144 600.136 600.1293 600.1195 600.1138 600.1077 600.1017 600.0983 600.0938 600.0894 600.0852 600.0833 600.0823 600.0837 600.0874 600.0935 600.1025 600.1122 600.1263 600.143 600.1603 600.1833 600.1993 600.2165 600.234 600.2505 600.2625 600.2815 600.2867 600.2995 600.313 600.311 600.3268 600.3422 600.3513 600.3525 600.3745 600.3688 600.3915 600.3868 600.4092 600.405 600.4265 600.4448 600.4615 600.472 600.4915 600.5048 600.5392 600.5732 600.5967 600.634 600.6898 600.7275 600.7805 600.8497 600.91
600.203 600.1912 600.1777 600.1686 600.1622 600.1525 600.145 600.1392 600.1345 600.1292 600.1232 600.123 600.1172 600.112 600.1077 600.1035 600.099 600.0972 600.0963 600.0972 600.1015 600.1077 600.1162 600.1275 600.1417 600.1525 600.1693 600.1857 600.2032 600.216 600.23 600.24 600.2486 600.2576 600.2625 600.2682 600.272 600.27 600.2758 600.2795 600.287 600.2815 600.2945 600.295 600.3025 600.312 600.3115 600.325 600.3398 600.352 600.3657 600.36 600.39 600.405 600.4185 600.4313 600.4703 600.5123 600.5375 600.5895 600.6355 600.6827 600.725
600.2075 600.2 600.193 600.1827 600.18 600.1713 600.17 600.1657 600.166 600.1595 600.163 600.158 600.1512 600.1462 600.1557 600.1515 600.1478 600.1458 600.145 600.1465 600.1503 600.1563 600.1503 600.1615 600.1793 600.194 600.2108 600.218 600.2338 600.2462 600.2603 600.2598 600.2695 600.267 600.2712 600.2687 600.2648 600.2605 600.2545 600.2535 600.2495 600.2455 600.2448 600.2498 600.2518 600.2518 600.2565 600.2612 600.265 600.2787 600.2755 600.2825 600.3027 600.3173 600.327 600.3445 600.3683 600.3878 600.4055 600.459 600.4945 600.525 600.572
600.2302 600.2322 600.2245 600.224 600.2158 600.2175 600.2147 600.2117 600.2145 600.2203 600.2188 600.2135 600.2247 600.2213 600.2155 600.2128 600.2095 600.207 600.2065 600.2075 600.211 600.2153 600.2264 600.238 600.247 600.2487 600.265 600.2772 600.2932 600.3082 600.3172 600.3132 600.3223 600.309 600.3123 600.2997 600.2935 600.2833 600.2667 600.2555 600.2448 600.235 600.2285 600.2245 600.2222 600.2198 600.2145 600.216 600.2213 600.2238 600.2173 600.2308 600.236 600.2448 600.2515 600.2605 600.2687 600.2828 600.3028 600.34 600.3682 600.387 600.454
600.2785 600.283 600.2785 600.2817 600.2755 600.2833 600.2787 600.2888 600.295 600.295 600.293 600.309 600.306 600.3015 600.2968 600.3117 600.3162 600.3137 600.3135 600.3145 600.318 600.2975 600.306 600.3168 600.328 600.3415 600.3568 600.372 600.3907 600.3845 600.3882 600.398 600.4055 600.384 600.3872 600.362 600.36 600.3375 600.3137 600.2905 600.2725 600.253 600.2375 600.2275 600.218 600.2089 600.2007 600.1965 600.1927 600.1855 600.1823 600.1855 600.1852 600.182 600.1873 600.1885 600.1925 600.206 600.2257 600.2368 600.2508 600.2923 600.3232
600.35 600.3555 600.3622 600.357 600.3712 600.3643 600.3828 600.3825 600.3867 600.3925 600.4088 600.4115 600.407 600.433 600.4297 600.4245 600.4218 600.4195 600.4189 600.42 600.4243 600.4297 600.4375 600.4473 600.459 600.444 600.4592 600.4732 600.4875 600.4932 600.5045 600.5132 600.5203 600.495 600.4927 600.462 600.4468 600.423 600.3904 600.358 600.3305 600.3035 600.272 600.2573 600.237 600.2195 600.208 600.195 600.185 600.1727 600.165 600.158 600.1487 600.1428 600.1387 600.1355 600.1318 600.1422 600.1465 600.1495 600.165 600.1978 600.2188
600.4363 600.4532 600.4612 600.4695 600.472 600.47 600.4878 600.4902 600.5107 600.5262 600.5278 600.5322 600.5598 600.5592 600.5557 600.552 600.5488 600.5468 600.546 600.547 600.5513 600.5557 600.5627 600.5717 600.5823 600.5938 600.6065 600.6187 600.6307 600.6442 600.6535 600.6615 600.6665 600.665 600.6293 600.602 600.584 600.5395 600.4905 600.4587 600.4197 600.3862 600.3475 600.3035 600.272 600.249 600.2333 600.2167 600.199 600.1808 600.1652 600.149 600.1331 600.1223 600.1097 600.1005 600.0963 600.0915 600.088 600.087 600.1063 600.1135 600.1275
600.554 600.561 600.5737 600.592 600.591 600.6198 600.616 600.6382 600.649 600.6727 600.6752 600.7032 600.7103 600.706 600.747 600.7445 600.7413 600.7397 600.7393 600.74 600.7435 600.7477 600.7537 600.7628 600.7715 600.7813 600.7915 600.8047 600.818 600.8272 600.8345 600.8408 600.845 600.8488 600.7968 600.7835 600.737 600.689 600.6405 600.5637 600.5317 600.4682 600.4232 600.386 600.3397 600.31 600.286 600.2545 600.2258 600.2078 600.182 600.157 600.1395 600.1215 600.097 600.0836 600.0715 600.0582 600.0488 600.0488 600.052 600.052 600.063
600.6855 600.7112 600.7272 600.7372 600.7655 600.7642 600.779 600.7982 600.8058 600.8382 600.862 600.879 600.8765 600.918 600.9193 600.917 600.9145 600.9127 600.9127 600.9135 600.916 600.9195 600.9252 600.9315 600.9388 600.949 600.9575 600.966 601.0245 601.0435 601.0502 601.055 601.0575 601.0592 600.9955 600.9872 600.9344 600.8735 600.7993 600.7183 600.662 600.6025 600.5203 600.478 600.4252 600.3892 600.348 600.3125 600.278 600.243 600.212 600.1843 600.16 600.1293 600.1053 600.0873 600.0673 600.0447 600.0313 600.0235 600.0153 600.0122 600.0245
600.832 600.873 600.8798 600.893 600.9262 600.9275 600.972 600.9677 601.0175 601.0327 601.0443 601.064 601.103 601.1147 601.1125 601.1522 601.1667 601.1658 601.1655 601.1658 601.1675 601.1265 601.117 601.1215 601.1688 601.1895 601.2003 601.206 601.2122 601.2927 601.2963 601.2985 601.3005 601.3015 601.2368 601.2267 601.1575 601.0885 601.0192 600.895 600.8165 600.727 600.6647 600.579 600.5153 600.4772 600.429 600.3835 600.3402 600.2993 600.2648 600.2295 600.191 600.1567 600.1305 600.1058 600.078 600.0562 600.033 600.0175 600.0014 599.9968 599.995
601.027 601.0363 601.0715 601.0977 601.1145 601.1592 601.1602 601.17 601.2135 601.226 601.2697 601.3045 601.3285 601.3267 601.3823 601.3865 601.3862 601.3853 601.3853 601.3853 601.3862 601.3823 601.3848 601.3867 601.3952 601.3987 601.433 601.479 601.487 601.5518 601.574 601.5742 601.5745 601.5753 601.5233 601.4925 601.402 601.2982 601.2023 601.1162 600.979 600.8975 600.8073 600.7208 600.6307 600.5933 600.5187 600.4763 600.428 600.3765 600.339 600.2957 600.2495 600.2092 600.1788 600.1342 600.096 600.0773 600.053 600.0295 600.0098 599.9938 599.9838
601.214 601.2647 601.2863 601.3177 601.3292 601.3663 601.369 601.429 601.4332 601.4937 601.493 601.5488 601.5593 601.6108 601.6273 601.6273 601.6273 601.679 601.6265 601.6265 601.6268 601.6273 601.6273 601.628 601.6785 601.6972 601.7019 601.7144 601.7781 601.7952 601.8448 601.8626 601.8597 601.8436 601.7982 601.7281 601.678 601.5842 601.4277 601.3508 601.1975 601.0837 600.9877 600.862 600.7977 600.7305 600.6372 600.5887 600.5262 600.475 600.4342 600.3695 600.3198 600.2845 600.2382 600.1882 600.1648 600.1215 600.0878 600.0545 600.0297 600.004 599.9913
601.425 601.472 601.5027 601.5338 601.571 601.5975 601.6132 601.6632 601.68 601.7334 601.7606 601.8134 601.8675 601.9168 601.9634 601.9634 601.9634 601.9634 601.9634 601.9634 601.9634 601.9634 601.9634 601.9574 601.966 602.0323 602.037 602.033 602.0967 602.0934 602.1431 602.1436 602.1425 602.1164 602.0709 601.9917 601.9058 601.8013 601.6804 601.5938 601.4243 601.2703 601.1747 601.0347 600.9645 600.8478 600.7758 600.7155 600.6398 600.592 600.5378 600.4637 600.418 600.3763 600.308 600.2585 600.2227 600.1875 600.1495 600.1075 600.071 600.0417 600.021
601.68 601.7059 601.7529 601.8146 601.8601 601.9224 601.9277 602.0031 602.0325 602.1072 602.1375 602.1754 602.2444 602.2787 602.3253 602.3253 602.3253 602.3253 602.3253 602.3253 602.3253 602.3253 602.3253 602.3054 602.3011 602.3674 602.3721 602.3516 602.4134 602.3917 602.4414 602.4252 602.4252 602.3892 602.3431 602.2552 602.1674 602.0627 601.9377 601.7902 601.677 601.4652 601.3782 601.2172 601.1478 601.004 600.9352 600.8472 600.7698 600.7242 600.638 600.5872 600.5388 600.4738 600.402 600.3593 600.3147 600.25 600.2117 600.1752 600.117 600.0938 600.0675
602.0082 602.0677 602.1178 602.1907 602.2309 602.2993 602.3047 602.3801 602.407 602.4811 602.5145 602.5372 602.6096 602.6406 602.6871 602.6871 602.6871 602.6871 602.6871 602.6871 602.6871 602.6871 602.6871 602.6533 602.648 602.7025 602.7072 602.6705 602.7253 602.6904 602.7397 602.7079 602.6996 602.662 602.6066 602.5187 602.4288 602.3426 602.1951 602.0484 601.9078 601.7231 601.581 601.4362 601.3307 601.1973 601.1003 601.0027 600.9407 600.8545 600.7875 600.7315 600.666 600.5872 600.528 600.4795 600.4222 600.3492 600.3088 600.2443 600.201 600.1722 600.1257
602.3673 602.4296 602.4826 602.5555 602.6017 602.6758 602.6817 602.7571 602.784 602.855 602.8915 602.8991 602.9715 603.0025 603.0491 603.0491 603.0491 603.0491 603.0491 603.0491 603.0491 603.0491 603.0491 603.0013 602.9958 603.0375 603.0423 602.9936 603.0374 602.992 603.033 602.9907 602.9738 602.9348 602.8701 602.7907 602.6903 602.5999 602.4524 602.3495 602.1848 601.9914 601.7725 601.645 601.499 601.4163 601.271 601.1893 601.1165 601.0162 600.9537 600.8962 600.788 600.73 600.6712 600.6022 600.521 600.4758 600.4195 600.3455 600.3075 600.2487 600.207
602.7239 602.7916 602.8474 602.9204 602.9725 603.0467 603.0587 603.1341 603.161 603.2289 603.2684 603.2677 603.3334 603.3754 603.4109 603.4109 603.4109 603.4109 603.4109 603.4109 603.4109 603.4109 603.4109 603.3493 603.3437 603.3727 603.3675 603.3167 603.341 603.2936 603.3237 603.2734 603.2479 603.2076 603.1336 603.0564 602.9705 602.8572 602.7224 602.6464 602.4617 602.2359 602.0809 601.8753 601.6897 601.6022 601.4628 601.397 601.274 601.2092 601.1302 601.0407 600.9652 600.9022 600.8395 600.7452 600.677 600.6245 600.5267 600.4785 600.4263 600.3555 600.3173
603.0719 603.1534 603.2148 603.2852 603.3433 603.4175 603.4357 603.511 603.538 603.6027 603.6454 603.6447 603.6953 603.7524 603.7728 603.7728 603.7728 603.7728 603.7728 603.7728 603.7728 603.7728 603.7668 603.6973 603.6915 603.7078 603.6906 603.6398 603.6426 603.5952 603.6047 603.5562 603.5221 603.4803 603.403 603.3179 603.255 603.1146 603.0222 602.9233 602.725 602.5818 602.3893 602.201 602.0445 601.8708 601.6905 601.5975 601.486 601.406 601.331 601.2288 601.1448 601.0965 601.0193 600.9105 600.8522 600.7792 600.6848 600.6335 600.5392 600.4922 600.4218
603.4268 603.5154 603.5826 603.65 603.7141 603.7883 603.8126 603.8881 603.915 603.9766 604.0226 604.0216 604.0572 604.1293 604.1347 604.1347 604.1347 604.1347 604.1347 604.1347 604.1347 604.1347 604.1149 604.0452 604.0394 604.0428 604.0137 603.963 603.9442 603.8968 603.8857 603.8389 603.7963 603.7485 603.675 603.5964 603.5195 603.3964 603.3277 603.2003 603.026 602.9034 602.6978 602.5767 602.4052 602.2441 602.0674 601.8832 601.6907 601.609 601.522 601.451 601.3745 601.2915 601.1797 601.113 601.0353 600.9275 600.8668 600.7933 600.7037 600.6516 600.5595
603.7851 603.8752 603.9445 604.0148 604.0849 604.1591 604.1896 604.265 604.265 604.2654 604.2668 604.2679 604.269 604.2701 604.2711 604.2722 604.2733 604.2744 604.2741 604.273 604.2719 604.2708 604.2697 604.2682 604.2667 604.2651 604.2633 604.263 604.2458 604.1984 604.1667 604.1161 604.0704 604.0152 603.9455 603.8809 603.7816 603.6949 603.6389 603.4652 603.3734 603.2119 603.0579 602.9315 602.7756 602.6136 602.4445 602.2682 602.1011 601.9512 601.8162 601.677 601.606 601.4915 601.3893 601.3375 601.2042 601.118 601.0568 600.959 600.874 600.7865 600.7153
604.1434 604.233 604.265 604.2664 604.2697 604.2729 604.2754 604.2778 604.2798 604.2819 604.2833 604.2844 604.2854 604.2864 604.2875 604.2886 604.2897 604.2908 604.2905 604.2894 604.2883 604.2872 604.2861 604.2846 604.2831 604.2816 604.2797 604.2774 604.2751 604.2728 604.27 604.2667 604.2635 604.263 604.2224 604.1655 604.0704 604.0004 603.9389 603.8165 603.7127 603.5459 603.4389 603.2972 603.1542 603.007 602.8345 602.6533 602.5252 602.3624 602.2338 602.0883 601.915 601.7366 601.6583 601.531 601.435 601.3602 601.2642 601.1567 601.078 600.963 600.8608
604.2722 604.2759 604.2795 604.2829 604.2861 604.2893 604.2919 604.2942 604.2962 604.2983 604.2997 604.3008 604.3018 604.3027 604.3038 604.3049 604.306 604.3071 604.3068 604.3057 604.3046 604.3035 604.3026 604.301 604.2995 604.298 604.2961 604.2938 604.2916 604.2892 604.2864 604.2833 604.28 604.2767 604.2733 604.2692 604.2651 604.262 604.2557 604.1651 604.035 603.9151 603.8185 603.6795 603.5366 603.3869 603.2308 603.0863 602.9274 602.7794 602.6464 602.4995 602.3085 602.1607 602.0089 601.834 601.676 601.555 601.461 601.3535 601.2627 601.1295 601.0682
604.2888 604.2924 604.2961 604.2994 604.3024 604.3057 604.3083 604.3107 604.3126 604.3147 604.3161 604.3172 604.3182 604.3192 604.3202 604.3213 604.3224 604.3235 604.3232 604.3221 604.321 604.3199 604.319 604.3174 604.3159 604.3144 604.3125 604.3102 604.308 604.3057 604.3029 604.2997 604.2964 604.2932 604.2898 604.2856 604.2816 604.2775 604.2731 604.2687 604.2643 604.262 604.1892 604.0589 603.9249 603.7797 603.6313 603.5148 603.322 603.2052 603.0479 602.899 602.7261 602.5611 602.4287 602.2361 602.035 601.8578 601.676 601.602 601.491 601.3632 601.2855
