samples/sfe_82/sfe_82_v1/sfe_82_v1/sfe_82_v1.asc
ncols         243
nrows         113
xllcorner     94.199999999255
yllcorner     60.60000000149
cellsize      0.7
NODATA_value  -9999
[rows 28 to 55 of 113, columns 0 to 62 of 243]
-9999 -9999 604.5607 604.5435 604.5294 604.5152 604.5011 604.487 604.4728 604.4587 604.4446 604.4305 604.4163 604.4022 604.3881 604.3748 604.3622 604.3489 604.3383 604.3259 604.3135 604.299 604.2839 604.2682 604.2149 604.069 603.9367 603.8362 603.7319 603.5905 603.455 603.3336 603.2142 603.0684 602.9427 602.7939 602.6611 602.5244 602.3711 602.2366 602.0778 601.9234 601.7639 601.6408 601.5537 601.4243 601.3517 601.2785 601.2295 601.1722 601.1177 601.07 601.0355 600.9913 600.952 600.916 600.8857 600.8492 600.8182 600.7947 600.7565 600.7137 600.6718
-9999 -9999 604.5311 604.5152 604.5011 604.487 604.4728 604.4587 604.4446 604.4305 604.4163 604.4022 604.3881 604.374 604.3598 604.3463 604.3333 604.318 604.3073 604.2949 604.2825 604.2681 604.1685 604.0416 603.923 603.7771 603.6372 603.5346 603.4401 603.3077 603.1664 603.0383 602.9171 602.7765 602.6383 602.4973 602.3596 602.2177 602.0644 601.9166 601.7604 601.6202 601.4708 601.3572 601.2863 601.1827 601.103 601.0358 600.9703 600.9455 600.9145 600.87 600.821 600.8087 600.783 600.7552 600.7255 600.6935 600.662 600.6252 600.6152 600.584 600.5478
-9999 -9999 604.5016 604.487 604.4728 604.4587 604.4446 604.4305 604.4163 604.4022 604.3881 604.374 604.3598 604.3457 604.3316 604.3179 604.3036 604.2891 604.2763 604.267 604.165 604.0063 603.8618 603.7256 603.6265 603.4853 603.3394 603.233 603.1334 603.025 602.8837 602.7422 602.6155 602.4846 602.3387 602.2009 602.0568 601.9072 601.7577 601.6343 601.4507 601.3305 601.2018 601.0988 601.0447 600.9275 600.8458 600.812 600.751 600.7192 600.6773 600.6863 600.645 600.6275 600.6145 600.6088 600.5805 600.5593 600.5395 600.5103 600.4882 600.4665 600.4298
-9999 -9999 604.4728 604.4587 604.4446 604.4305 604.4163 604.4022 604.3881 604.374 604.3598 604.3457 604.3316 604.3174 604.3033 604.2892 604.2751 604.267 604.1408 603.9866 603.8464 603.6888 603.5483 603.4017 603.3052 603.1934 603.0475 602.9442 602.8309 602.7422 602.6009 602.4595 602.324 602.1927 602.0468 601.9045 601.7554 601.681 601.4965 601.3597 601.1982 601.0607 600.961 600.869 600.8033 600.707 600.6345 600.6185 600.5623 600.54 600.5128 600.5 600.4977 600.4822 600.473 600.4775 600.4667 600.4427 600.421 600.4147 600.3915 600.3668 600.3473
-9999 -9999 604.4446 604.4305 604.4163 604.4022 604.3881 604.374 604.3598 604.3457 604.3316 604.3174 604.3033 604.2892 604.2751 604.268 604.1064 603.9317 603.7874 603.6451 603.4861 603.3713 603.2126 603.095 602.9896 602.8995 602.7556 602.6404 602.5293 602.4433 602.3182 602.1768 602.0354 601.9009 601.7549 601.644 601.476 601.3463 601.2165 601.0485 600.9568 600.7982 600.777 600.6515 600.5573 600.5135 600.4467 600.4083 600.3895 600.3743 600.37 600.3613 600.3638 600.3605 600.3625 600.3572 600.3575 600.3538 600.3385 600.3193 600.318 600.2995 600.2825
-9999 604.4339 604.4163 604.4022 604.3881 604.374 604.3598 604.3457 604.3316 604.3174 604.3033 604.2892 604.2751 604.268 604.1064 603.9324 603.7585 603.584 603.4413 603.2926 603.1331 603.0539 602.8951 602.7873 602.666 602.5764 602.4637 602.3337 602.2374 602.1366 602.0354 601.894 601.7527 601.6265 601.5327 601.3802 601.2368 601.1088 600.9532 600.8162 600.721 600.6277 600.5275 600.446 600.3838 600.3348 600.2841 600.2585 600.244 600.2363 600.242 600.2402 600.2512 600.2543 600.26 600.2715 600.2768 600.2767 600.2767 600.265 600.2668 600.2515 600.2338
-9999 604.4044 604.3881 604.374 604.3598 604.3457 604.3316 604.3174 604.3033 604.2892 604.2751 604.2314 604.0759 603.9324 603.7585 603.5845 603.4105 603.2364 603.0869 602.9391 602.7916 602.6976 602.5777 602.449 602.3399 602.2532 602.1719 602.027 601.9504 601.8299 601.7527 601.6393 601.4747 601.3651 601.274 601.1097 601.0005 600.8235 600.744 600.6252 600.567 600.422 600.35 600.2838 600.2295 600.1838 600.1483 600.128 600.1198 600.1252 600.1275 600.1353 600.1633 600.176 600.188 600.203 600.2208 600.2277 600.2292 600.231 600.2253 600.2208 600.2133
-9999 604.3748 604.3598 604.3457 604.3316 604.3174 604.3033 604.2892 604.2751 604.2327 604.0607 603.89 603.7193 603.5845 603.4105 603.2365 603.0625 602.8885 602.7179 602.6035 602.4444 602.3385 602.2603 602.1108 602.0215 601.9324 601.8494 601.7341 601.682 601.5447 601.4368 601.3387 601.235 601.1235 600.9998 600.8723 600.7525 600.6293 600.57 600.4605 600.3622 600.2733 600.1962 600.1478 600.0745 600.0557 600.0285 600.0198 600.0205 600.0297 600.042 600.0623 600.084 600.116 600.1353 600.1553 600.1777 600.1962 600.2073 600.213 600.2144 600.2151 600.2133
-9999 604.3457 604.3316 604.3174 604.3033 604.2892 604.2751 604.234 604.0682 603.9037 603.7319 603.5486 603.3779 603.22 603.0625 602.8885 602.7145 602.5405 602.3665 602.2559 602.1009 601.9782 601.9077 601.7841 601.688 601.6548 601.5493 601.4482 601.353 601.268 601.185 601.1025 600.9672 600.8705 600.796 600.65 600.5772 600.4865 600.3928 600.2883 600.2175 600.1425 600.068 600.0145 599.9763 599.9643 599.9405 599.9335 599.94 599.958 599.9778 600.0075 600.036 600.0722 600.1058 600.1348 600.1603 600.1857 600.2045 600.2175 600.225 600.2288 600.233
-9999 604.3174 604.3033 604.2892 604.2751 604.2352 604.0818 603.9165 603.7578 603.5748 603.4103 603.2072 603.0364 602.8657 602.7145 602.5405 602.3665 602.1925 602.0186 601.8869 601.7658 601.6153 601.5942 601.4667 601.3738 601.3287 601.252 601.1595 601.1193 600.9887 600.905 600.83 600.7655 600.6683 600.6088 600.497 600.4357 600.3093 600.242 600.1667 600.1078 600.0313 599.965 599.933 599.8992 599.874 599.87 599.873 599.8808 599.9097 599.9402 599.9758 600.0123 600.056 600.1013 600.1348 600.1647 600.1957 600.2228 600.2435 600.258 600.274 600.274
604.3071 604.2892 604.2751 604.234 604.0818 603.9285 603.7751 603.5991 603.4404 603.2556 603.0812 602.9094 602.6951 602.5244 602.3642 602.1925 602.0186 601.8445 601.683 601.5618 601.4268 601.304 601.2498 601.1585 601.0915 601.0273 600.954 600.8835 600.826 600.7617 600.7075 600.6383 600.557 600.4863 600.4345 600.362 600.28 600.21 600.1453 600.0495 599.9963 599.9538 599.904 599.8705 599.8475 599.8315 599.8275 599.84 599.8572 599.8848 599.925 599.9703 600.0187 600.0585 600.112 600.1613 600.197 600.2262 600.265 600.3015 600.3093 600.3282 600.344
604.2775 604.2327 604.0735 603.9165 603.7667 603.6218 603.4684 603.3112 603.1229 602.954 602.7529 602.5878 602.3953 602.1829 602.0122 601.8445 601.683 601.517 601.3638 601.2568 601.1432 601.0203 600.9528 600.8865 600.7965 600.726 600.6965 600.6075 600.6225 600.5648 600.478 600.4505 600.402 600.3445 600.2833 600.2233 600.1768 600.0887 600.053 599.9907 599.9455 599.904 599.865 599.832 599.8158 599.8077 599.8093 599.8293 599.8563 599.892 599.9362 599.9925 600.0455 600.085 600.1402 600.1973 600.2475 600.2768 600.3195 600.3663 600.394 600.4028 600.4272
604.1093 603.8988 603.7393 603.5991 603.4404 603.3151 603.1617 603.0084 602.8202 602.6467 602.4513 602.2587 602.0869 601.873 601.683 601.5502 601.3915 601.2045 601.072 600.9645 600.8685 600.777 600.6918 600.6245 600.556 600.5007 600.4608 600.4218 600.3873 600.3603 600.3118 600.3047 600.2493 600.2108 600.1808 600.1443 600.092 600.0397 599.9983 599.9593 599.9067 599.8763 599.842 599.8199 599.814 599.8152 599.8257 599.8512 599.8798 599.9232 599.965 600.0292 600.0878 600.1465 600.202 600.2637 600.3142 600.3645 600.4172 600.4575 600.4863 600.517 600.5275
603.9016 603.5767 603.4103 603.2816 603.1229 603.0057 602.855 602.7017 602.5397 602.3292 602.1497 601.9487 601.7653 601.597 601.4437 601.2702 601.0545 600.941 600.807 600.695 600.5983 600.5223 600.469 600.401 600.3365 600.3123 600.2603 600.2418 600.2358 600.1865 600.1705 600.1525 600.1417 600.1245 600.0975 600.0585 600.0345 600.0027 599.971 599.9318 599.9013 599.876 599.8563 599.8412 599.8387 599.8478 599.863 599.8905 599.939 599.9918 600.0433 600.0887 600.157 600.2213 600.2852 600.3505 600.4053 600.4598 600.5245 600.5645 600.6035 600.6382 600.6693
604.0423 603.2592 603.0763 602.9316 602.8054 602.6675 602.5483 602.395 602.2416 602.0487 601.8481 601.683 601.5082 601.322 601.1335 600.9965 600.8568 600.6912 600.6205 600.4847 600.4163 600.3125 600.238 600.2115 600.135 600.096 600.0883 600.0703 600.0623 600.0563 600.0595 600.0547 600.0493 600.0383 600.034 600.0198 600.0068 599.9828 599.9622 599.944 599.9197 599.9027 599.897 599.8915 599.8978 599.9128 599.9288 599.955 600.0068 600.0657 600.1273 600.1893 600.2545 600.3295 600.3882 600.4555 600.539 600.6068 600.6357 600.7028 600.7332 600.7773 600.8185
604.183 603.0663 602.7252 602.5878 602.488 602.3292 602.2416 602.0883 601.9349 601.7681 601.5608 601.3735 601.2363 601.0577 600.9605 600.7533 600.6305 600.523 600.41 600.289 600.21 600.1248 600.0588 600.0157 599.9857 599.9568 599.9528 599.9448 599.9435 599.9548 599.9653 599.972 599.9847 599.9893 599.999 600 599.9998 599.995 599.981 599.982 599.9717 599.9662 599.965 599.9725 599.9763 600.0015 600.0363 600.0543 600.098 600.1647 600.2305 600.3002 600.3893 600.4515 600.519 600.5897 600.67 600.75 600.803 600.8498 600.9075 600.9738 600.9777
604.3238 603.207 602.4111 602.2538 602.141 602.0118 601.9064 601.7816 601.6563 601.441 601.3337 601.1703 601.0295 600.8383 600.6973 600.5905 600.4635 600.3273 600.2172 600.1113 600.0328 599.9705 599.9152 599.874 599.8523 599.843 599.8333 599.8425 599.8558 599.8693 599.8905 599.915 599.9472 599.9692 599.992 600.0075 600.0255 600.0345 600.0378 600.0427 600.049 600.0483 600.056 600.0677 600.086 600.1182 600.1577 600.2035 600.2405 600.2853 600.3622 600.435 600.5075 600.6202 600.7015 600.7372 600.837 600.9147 600.9772 601.0397 601.0907 601.1422 601.1823
-9999 603.3478 602.231 601.9019 601.7897 601.6943 601.6027 601.469 601.3073 601.1852 601.0855 600.9075 600.8045 600.6585 600.5397 600.3797 600.285 600.1652 600.0623 599.9977 599.9178 599.856 599.798 599.7557 599.7425 599.735 599.751 599.7578 599.7863 599.8127 599.8505 599.8904 599.9357 599.9715 600.008 600.046 600.072 600.0928 600.107 600.127 600.157 600.1492 600.1887 600.222 600.2085 600.2555 600.3037 600.3515 600.404 600.468 600.5267 600.6072 600.683 600.79 600.8718 600.9512 601.0103 601.107 601.162 601.2271 601.3212 601.3517 601.4058
-9999 603.4885 602.3718 601.6633 601.4985 601.4188 601.3355 601.1851 601.0547 600.9735 600.8572 600.7148 600.5735 600.4755 600.3328 600.236 600.136 600.0342 599.9445 599.8748 599.7915 599.7377 599.7085 599.68 599.6725 599.6713 599.6835 599.7062 599.7443 599.7895 599.849 599.8923 599.9472 600.009 600.05 600.102 600.1305 600.196 600.2235 600.2527 600.277 600.3013 600.333 600.3702 600.4067 600.4583 600.508 600.5385 600.585 600.6695 600.748 600.827 600.8622 600.9672 601.0715 601.151 601.2267 601.3475 601.399 601.4345 601.524 601.568 601.632
-9999 603.6292 602.5125 601.3832 601.1943 601.0875 601.0325 600.917 600.8272 600.754 600.6177 600.5375 600.4283 600.3199 600.1795 600.1103 600.0185 599.9448 599.8522 599.7772 599.7225 599.6652 599.6435 599.6242 599.6165 599.6313 599.6485 599.6845 599.7455 599.7938 599.8557 599.9118 599.9912 600.06 600.1125 600.2012 600.2493 600.3047 600.3417 600.4203 600.4585 600.4902 600.5197 600.5885 600.5908 600.6505 600.6948 600.7775 600.8297 600.883 600.9615 601.0612 601.1232 601.187 601.3 601.392 601.4517 601.5435 601.6417 601.6646 601.7716 601.8428 601.912
-9999 603.77 602.6532 601.4529 601.147 600.8618 600.7858 600.705 600.6273 600.557 600.44 600.3648 600.2552 600.1743 600.0955 599.9918 599.9222 599.828 599.7773 599.7216 599.6708 599.6248 599.6038 599.595 599.5961 599.6145 599.6478 599.6802 599.7482 599.8235 599.8848 599.986 600.0563 600.1638 600.2288 600.2962 600.3782 600.4608 600.5128 600.57 600.626 600.6689 600.7258 600.7833 600.8412 600.8515 600.9135 600.9957 601.0785 601.1042 601.2188 601.3082 601.387 601.4702 601.55 601.6265 601.6981 601.8153 601.9296 602.0035 602.1147 602.199 602.2623
-9999 603.9107 602.7939 601.6233 601.0319 600.6503 600.5782 600.5088 600.4487 600.3685 600.285 600.2125 600.1263 600.0645 599.98 599.9025 599.85 599.775 599.7288 599.677 599.635 599.6115 599.592 599.5917 599.601 599.6223 599.667 599.7165 599.8035 599.867 599.952 600.056 600.1478 600.2578 600.3312 600.4323 600.5347 600.6177 600.6688 600.7463 600.8615 600.92 600.979 601.0253 601.0625 601.147 601.231 601.2765 601.3305 601.4165 601.4785 601.5812 601.6615 601.7133 601.8171 601.9361 602.0552 602.1678 602.2776 602.3686 602.4437 602.5552 602.6206
-9999 604.0514 602.9347 601.7937 601.3201 600.9283 600.3727 600.3138 600.256 600.2007 600.143 600.0762 600.028 599.9722 599.912 599.8492 599.8022 599.743 599.7012 599.6673 599.634 599.6195 599.6115 599.613 599.6395 599.669 599.723 599.7758 599.8552 599.9445 600.0377 600.1602 600.2762 600.375 600.508 600.6055 600.6843 600.8335 600.9082 600.9855 601.1 601.136 601.2195 601.3047 601.3887 601.4633 601.4937 601.6 601.6202 601.681 601.7639 601.8799 601.9818 602.0753 602.1742 602.2933 602.4123 602.5203 602.6255 602.7336 602.806 602.9114 602.9789
-9999 604.1921 603.0754 601.9587 601.6084 600.3284 600.2083 600.1658 600.1262 600.0702 600.0335 599.9767 599.949 599.9025 599.86 599.8155 599.7737 599.736 599.7063 599.6825 599.661 599.6523 599.655 599.6595 599.6935 599.741 599.784 599.864 599.9485 600.0627 600.1565 600.2883 600.4 600.5397 600.666 600.8 600.9045 601.0425 601.1577 601.2787 601.3647 601.4402 601.512 601.5985 601.6617 601.7261 601.8055 601.8799 601.9495 602.0244 602.1119 602.2278 602.3401 602.4364 602.5314 602.6504 602.7694 602.8766 602.9799 603.0895 603.171 603.2662 603.3372
-9999 604.3329 603.2161 602.0994 601.8787 600.435 600.4847 600.0392 600.0117 599.9798 599.9475 599.9135 599.8895 599.8513 599.8262 599.8013 599.773 599.7543 599.7347 599.7155 599.7087 599.7078 599.7213 599.7358 599.7735 599.8342 599.8855 599.9825 600.0703 600.1765 600.3088 600.4305 600.5804 600.7022 600.857 601.0388 601.1328 601.252 601.4065 601.5175 601.6265 601.682 601.7848 601.8876 601.9584 602.0417 602.1406 602.2119 602.2974 602.3777 602.4598 602.5758 602.6918 602.7889 602.8895 603.0075 603.1266 603.2385 603.3382 603.4375 603.5361 603.6084 603.6956
-9999 -9999 603.3569 602.2401 601.9151 600.6893 601.2632 599.933 599.9153 599.8968 599.8758 599.8622 599.845 599.8345 599.8214 599.8123 599.7977 599.7905 599.7852 599.7838 599.7845 599.7952 599.8052 599.8645 599.8958 599.9572 600.0122 600.1198 600.2225 600.353 600.4822 600.629 600.7662 600.931 601.062 601.2708 601.4257 601.5582 601.6638 601.7814 601.8831 601.9836 602.0933 602.196 602.2818 602.3575 602.4673 602.5427 602.6454 602.7311 602.8078 602.9238 603.0398 603.1462 603.2514 603.3647 603.4837 603.6003 603.6953 603.7861 603.9012 603.9735 604.0538
-9999 -9999 603.4976 602.3809 601.9515 601.016 601.1503 599.8615 599.8558 599.8383 599.8358 599.8345 599.833 599.8378 599.8387 599.8375 599.847 599.8467 599.8575 599.8705 599.8802 599.9037 599.9188 599.9822 600.038 600.0915 600.1745 600.244 600.4045 600.4973 600.6837 600.7997 600.9895 601.164 601.3458 601.4872 601.6218 601.7755 601.9344 602.0698 602.1791 602.2852 602.3898 602.5045 602.6052 602.6733 602.7781 602.8777 602.9874 603.0704 603.1558 603.2718 603.3878 603.5038 603.6113 603.7218 603.8408 603.9599 604.0527 604.1444 604.2495 604.2653 604.2682
-9999 -9999 603.6383 602.5215 601.988 601.3427 601.0375 601.5325 599.8058 599.8112 599.816 599.8317 599.8447 599.86 599.882 599.8965 599.9202 599.929 599.9622 599.9885 599.9945 600.0472 600.065 600.1302 600.1967 600.2552 600.36 600.4375 600.607 600.715 600.9065 601.0263 601.2302 601.4023 601.6355 601.7138 601.8621 602.048 602.2115 602.3495 602.4774 602.5868 602.6873 602.8129 602.9158 602.9926 603.0938 603.2128 603.3105 603.4109 603.5087 603.6198 603.7357 603.8517 603.9639 604.0789 604.1979 604.266 604.2692 604.2735 604.2773 604.281 604.2848
