samples/sfe_4523/sfe_4523_c2/sfe_4523_c2/sfe_4523_c2.asc
ncols         234
nrows         189
xllcorner     97.39999999851
yllcorner     75.199999999255
cellsize      0.2
NODATA_value  -9999
[rows 56 to 83 of 189, columns 64 to 127 of 234]
602.051 602.0541 602.0573 602.0604 602.0636 602.0667 602.0699 602.069 602.0648 602.0653 602.067 602.0686 602.0703 602.0719 602.0687 602.0644 602.0629 602.0641 602.0652 602.0664 602.0675 602.0687 602.0681 602.0657 602.0637 602.0614 602.0615 602.0585 602.0579 602.0572 602.0566 602.0559 602.0528 602.0484 602.0451 602.0438 602.0425 602.0411 602.0375 602.0347 602.032 602.0292 602.0261 602.0217 602.0176 602.0135 602.0093 602.0052 602.001 601.9969 601.9928 601.9886 601.9843 601.9778 601.973 601.9655 601.9585 601.9515 601.9445 601.9374 601.9304 601.9234 601.9164 601.9104
602.041 602.0441 602.0472 602.0504 602.0535 602.0567 602.0599 602.0571 602.0537 602.0554 602.057 602.0586 602.0602 602.0616 602.0572 602.0528 602.0533 602.0544 602.0556 602.0568 602.0579 602.059 602.0573 602.0555 602.0529 602.0518 602.0509 602.0488 602.0481 602.0474 602.0468 602.0461 602.0425 602.0381 602.0354 602.0341 602.0328 602.0308 602.0275 602.0248 602.0221 602.0193 602.0161 602.0117 602.0075 602.0034 601.9993 601.9951 601.991 601.9869 601.9827 601.9786 601.9742 601.9677 601.9629 601.9554 601.9484 601.9413 601.9343 601.9273 601.9203 601.9133 601.9063 601.8998
602.0309 602.0341 602.0372 602.0404 602.0435 602.0467 602.0494 602.0449 602.0437 602.0453 602.047 602.0486 602.0503 602.0499 602.0457 602.0425 602.0437 602.0449 602.046 602.0471 602.0483 602.0494 602.0468 602.0453 602.042 602.0421 602.0403 602.0389 602.0383 602.0377 602.037 602.0363 602.0322 602.0278 602.0257 602.0244 602.0231 602.0204 602.0176 602.0149 602.0121 602.0094 602.006 602.0016 601.9975 601.9933 601.9892 601.985 601.981 601.9768 601.9727 601.9685 601.9641 601.9576 601.9528 601.9453 601.9382 601.9312 601.9242 601.9172 601.9102 601.9031 601.8961 601.8892
602.0209 602.024 602.0272 602.0303 602.0335 602.0367 602.0373 602.033 602.0338 602.0354 602.037 602.0387 602.0403 602.0386 602.0343 602.033 602.0341 602.0352 602.0364 602.0375 602.0386 602.0397 602.0366 602.0352 602.0321 602.0325 602.0298 602.0292 602.0285 602.0278 602.0272 602.0261 602.0218 602.0175 602.016 602.0146 602.0134 602.0104 602.0077 602.0049 602.0023 601.9995 601.996 601.9915 601.9874 601.9833 601.9791 601.975 601.9709 601.9667 601.9626 601.9585 601.954 601.9475 601.9426 601.9351 601.928 601.921 601.914 601.907 601.9 601.8929 601.8859 601.8789
602.0109 602.014 602.0172 602.0203 602.0235 602.0266 602.0254 602.0222 602.0238 602.0255 602.0271 602.0287 602.0303 602.0272 602.0227 602.0233 602.0245 602.0256 602.0267 602.0279 602.029 602.0289 602.0265 602.0248 602.0225 602.0228 602.02 602.0193 602.0187 602.0181 602.0174 602.0156 602.0113 602.0076 602.0063 602.0049 602.0037 602.0005 601.9978 601.9951 601.9923 601.9896 601.9859 601.9815 601.9774 601.9732 601.9691 601.965 601.9608 601.9567 601.9525 601.9484 601.9439 601.9374 601.9324 601.9249 601.9179 601.9109 601.9039 601.8969 601.8898 601.8828 601.8758 601.8688
602.0009 602.004 602.0071 602.0103 602.0135 602.0166 602.0133 602.0121 602.0138 602.0154 602.0171 602.0187 602.02 602.0155 602.0125 602.0137 602.0148 602.016 602.0171 602.0182 602.0194 602.0181 602.0164 602.0141 602.0128 602.0125 602.0102 602.0096 602.0089 602.0082 602.0076 602.0052 602.0009 601.9979 601.9966 601.9952 601.994 601.9906 601.9879 601.9851 601.9824 601.9797 601.9758 601.9714 601.9673 601.9631 601.959 601.9549 601.9507 601.9466 601.9425 601.9384 601.9338 601.9273 601.9223 601.9148 601.9078 601.9008 601.8937 601.8867 601.8797 601.8727 601.8657 601.8586
601.9908 601.994 601.9971 602.0003 602.0034 602.0057 602.0013 602.0022 602.0038 602.0055 602.0071 602.0088 602.0084 602.0042 602.0029 602.004 602.0052 602.0063 602.0074 602.0086 602.0098 602.0076 602.0062 602.0031 602.0032 602.0018 602.0004 601.9998 601.9991 601.9985 601.9978 601.9949 601.9905 601.9882 601.9869 601.9855 601.9841 601.9807 601.978 601.9752 601.9725 601.9697 601.9656 601.9614 601.9572 601.9531 601.949 601.9448 601.9407 601.9366 601.9324 601.9283 601.9237 601.9172 601.9122 601.9047 601.8976 601.8906 601.8836 601.8766 601.8696 601.8625 601.8555 601.8485
601.9808 601.9839 601.9871 601.9902 601.9934 601.9937 601.9906 601.9922 601.9939 601.9955 601.9971 601.9988 601.997 601.9926 601.9933 601.9944 601.9955 601.9967 601.9979 601.999 602.0001 601.9974 601.996 601.9932 601.9935 601.9913 601.9907 601.99 601.9893 601.9886 601.988 601.9846 601.9802 601.9785 601.9772 601.9758 601.9738 601.9708 601.968 601.9653 601.9625 601.9598 601.9554 601.9513 601.9471 601.9431 601.9389 601.9348 601.9306 601.9265 601.9224 601.9182 601.9136 601.9071 601.902 601.8945 601.8875 601.8805 601.8735 601.8665 601.8594 601.8524 601.8454 601.8384
601.9708 601.9739 601.9771 601.9802 601.9834 601.9816 601.9807 601.9822 601.9839 601.9855 601.9872 601.9888 601.9855 601.9825 601.9836 601.9848 601.986 601.9871 601.9882 601.9894 601.9897 601.9873 601.9859 601.9835 601.9839 601.9815 601.9808 601.9802 601.9795 601.9789 601.9782 601.9742 601.9701 601.9688 601.9675 601.9661 601.9636 601.9608 601.9581 601.9554 601.9526 601.9497 601.9454 601.9412 601.9371 601.933 601.9288 601.9247 601.9206 601.9164 601.9123 601.9081 601.9035 601.897 601.8919 601.8844 601.8774 601.8704 601.8633 601.8563 601.8493 601.8423 601.8353 601.8282
601.9608 601.9639 601.967 601.9702 601.9734 601.9697 601.9706 601.9723 601.9739 601.9756 601.9772 601.9784 601.9741 601.9729 601.974 601.9752 601.9763 601.9775 601.9786 601.9797 601.9789 601.9772 601.9752 601.9739 601.974 601.9717 601.9711 601.9704 601.9697 601.9691 601.9681 601.9637 601.9604 601.959 601.9578 601.9564 601.9537 601.9509 601.9482 601.9454 601.9427 601.9396 601.9353 601.9312 601.9271 601.9229 601.9188 601.9147 601.9105 601.9064 601.9022 601.8981 601.8934 601.8869 601.8818 601.8743 601.8672 601.8602 601.8531 601.8461 601.8391 601.8321 601.8251 601.8181
601.9507 601.9539 601.957 601.9602 601.9619 601.959 601.9607 601.9623 601.964 601.9656 601.9672 601.9669 601.9625 601.9633 601.9644 601.9655 601.9667 601.9678 601.969 601.9701 601.9684 601.967 601.9642 601.9642 601.9634 601.9619 601.9612 601.9606 601.96 601.9593 601.9576 601.9533 601.9507 601.9493 601.9481 601.9467 601.9437 601.941 601.9382 601.9355 601.9328 601.9296 601.9252 601.9211 601.917 601.9128 601.9087 601.9046 601.9005 601.8963 601.8922 601.8881 601.8833 601.8768 601.8716 601.8641 601.8571 601.85 601.843 601.836 601.829 601.822 601.8149 601.8079
601.9407 601.9438 601.947 601.9502 601.95 601.9491 601.9507 601.9523 601.954 601.9556 601.9573 601.9554 601.9525 601.9536 601.9548 601.9559 601.957 601.9582 601.9594 601.9605 601.9583 601.9568 601.9543 601.9546 601.9528 601.9521 601.9515 601.9508 601.9501 601.9495 601.9473 601.943 601.941 601.9396 601.9384 601.937 601.9338 601.9311 601.9283 601.9256 601.9229 601.9196 601.9152 601.9111 601.9069 601.9028 601.8987 601.8945 601.8904 601.8862 601.8821 601.878 601.8732 601.8667 601.8615 601.8539 601.8469 601.8399 601.8329 601.8259 601.8188 601.8118 601.8048 601.7978
601.9307 601.9338 601.937 601.9401 601.938 601.9391 601.9407 601.9424 601.944 601.9457 601.9473 601.9439 601.9429 601.944 601.9451 601.9463 601.9474 601.9485 601.9497 601.9505 601.9481 601.9467 601.9446 601.9449 601.943 601.9423 601.9417 601.941 601.9404 601.9397 601.937 601.9327 601.9313 601.9299 601.9286 601.9272 601.9239 601.9211 601.9184 601.9156 601.913 601.9095 601.9052 601.901 601.8969 601.8928 601.8886 601.8845 601.8803 601.8762 601.8721 601.8679 601.8631 601.8566 601.8513 601.8438 601.8368 601.8298 601.8228 601.8157 601.8087 601.8017 601.7947 601.7877
601.9207 601.9238 601.927 601.9301 601.9275 601.9291 601.9308 601.9324 601.9341 601.9357 601.9368 601.9324 601.9332 601.9344 601.9355 601.9366 601.9378 601.939 601.9401 601.9397 601.938 601.9362 601.935 601.9353 601.9332 601.9326 601.9319 601.9312 601.9305 601.9299 601.9266 601.9229 601.9216 601.9202 601.9189 601.9169 601.9139 601.9113 601.9085 601.9058 601.903 601.8994 601.8951 601.8909 601.8868 601.8827 601.8785 601.8744 601.8703 601.8661 601.862 601.8578 601.853 601.8465 601.8412 601.8337 601.8267 601.8196 601.8126 601.8056 601.7986 601.7916 601.7845 601.7775
601.9106 601.9138 601.9169 601.9183 601.9175 601.9192 601.9208 601.9224 601.9241 601.9257 601.9253 601.9225 601.9236 601.9247 601.9259 601.9271 601.9282 601.9293 601.9305 601.9293 601.9278 601.9254 601.9254 601.9249 601.9234 601.9227 601.9221 601.9214 601.9208 601.9201 601.9161 601.9131 601.9119 601.9105 601.9092 601.9068 601.9041 601.9013 601.8986 601.8958 601.8931 601.8892 601.885 601.8809 601.8768 601.8726 601.8685 601.8643 601.8602 601.8561 601.8519 601.8478 601.8429 601.8364 601.8311 601.8235 601.8165 601.8095 601.8025 601.7955 601.7885 601.7814 601.7744 601.7674
601.9006 601.9038 601.9069 601.9063 601.9075 601.9092 601.9108 601.9125 601.9141 601.9158 601.9138 601.9128 601.914 601.9151 601.9163 601.9174 601.9186 601.9197 601.9208 601.9191 601.9177 601.9153 601.9156 601.9143 601.9136 601.913 601.9123 601.9116 601.9109 601.9102 601.9057 601.9034 601.9022 601.9008 601.8995 601.8969 601.8941 601.8914 601.8887 601.8859 601.8832 601.8791 601.8749 601.8708 601.8667 601.8625 601.8584 601.8543 601.8502 601.846 601.8419 601.8378 601.8328 601.8263 601.8209 601.8134 601.8064 601.7994 601.7924 601.7853 601.7783 601.7713 601.7643 601.7572
601.8906 601.8937 601.8969 601.8959 601.8976 601.8992 601.9009 601.9025 601.9042 601.9058 601.9023 601.9032 601.9044 601.9055 601.9066 601.9078 601.9089 601.9101 601.9112 601.9089 601.9075 601.9057 601.906 601.9045 601.9038 601.9031 601.9025 601.9018 601.9012 601.8997 601.8954 601.8937 601.8925 601.8911 601.8898 601.887 601.8842 601.8815 601.8787 601.876 601.8732 601.869 601.8649 601.8608 601.8566 601.8525 601.8484 601.8442 601.8401 601.8359 601.8318 601.8277 601.8227 601.8162 601.8108 601.8033 601.7962 601.7892 601.7822 601.7751 601.7681 601.7611 601.7541 601.7471
601.8806 601.8837 601.8866 601.886 601.8876 601.8892 601.8909 601.8925 601.8942 601.8952 601.8925 601.8936 601.8947 601.8959 601.897 601.8981 601.8993 601.9005 601.9005 601.8988 601.8973 601.8961 601.8964 601.8947 601.894 601.8934 601.8927 601.892 601.8914 601.8893 601.8854 601.884 601.8828 601.8814 601.8801 601.877 601.8743 601.8715 601.8688 601.8661 601.8632 601.8589 601.8549 601.8507 601.8466 601.8424 601.8383 601.8342 601.83 601.8259 601.8218 601.8176 601.8126 601.8061 601.8006 601.7931 601.7861 601.7791 601.772 601.765 601.758 601.751 601.744 601.7369
601.8705 601.8737 601.8746 601.876 601.8776 601.8793 601.8809 601.8826 601.8842 601.8837 601.8828 601.884 601.8851 601.8862 601.8874 601.8885 601.8896 601.8908 601.8901 601.8886 601.8865 601.8864 601.8865 601.8849 601.8842 601.8835 601.8829 601.8823 601.8816 601.879 601.8757 601.8743 601.873 601.8717 601.8702 601.8671 601.8644 601.8616 601.8589 601.8561 601.8531 601.8489 601.8448 601.8406 601.8365 601.8324 601.8282 601.8241 601.8199 601.8159 601.8117 601.8076 601.8025 601.796 601.7905 601.783 601.7759 601.7689 601.7619 601.7549 601.7479 601.7408 601.7338 601.7268
601.8605 601.8637 601.8644 601.866 601.8677 601.8693 601.871 601.8726 601.8742 601.8723 601.8732 601.8743 601.8755 601.8766 601.8777 601.8789 601.8801 601.8812 601.8799 601.8785 601.8764 601.8768 601.8759 601.8751 601.8744 601.8738 601.8731 601.8724 601.8718 601.8685 601.866 601.8646 601.8633 601.862 601.8599 601.8572 601.8544 601.8517 601.8489 601.8463 601.8431 601.8389 601.8347 601.8306 601.8265 601.8223 601.8182 601.814 601.8099 601.8058 601.8016 601.7975 601.7924 601.7859 601.7803 601.7728 601.7658 601.7588 601.7518 601.7448 601.7377 601.7307 601.7237 601.7167
601.8505 601.8536 601.8544 601.8561 601.8577 601.8593 601.861 601.8626 601.8643 601.8624 601.8636 601.8647 601.8658 601.867 601.8682 601.8693 601.8704 601.8716 601.8698 601.8683 601.8668 601.8671 601.866 601.8653 601.8646 601.864 601.8633 601.8627 601.862 601.8582 601.8563 601.8549 601.8536 601.8523 601.85 601.8472 601.8445 601.8418 601.8391 601.8363 601.8331 601.8288 601.8246 601.8205 601.8164 601.8123 601.8081 601.804 601.7999 601.7957 601.7916 601.7875 601.7823 601.7758 601.7702 601.7627 601.7557 601.7487 601.7416 601.7346 601.7276 601.7206 601.7136 601.7065
601.8405 601.8429 601.8444 601.8461 601.8477 601.8494 601.851 601.8527 601.8536 601.8528 601.8539 601.8551 601.8562 601.8574 601.8585 601.8596 601.8608 601.8613 601.8596 601.8582 601.8571 601.8575 601.8561 601.8555 601.8549 601.8542 601.8535 601.8528 601.8522 601.8478 601.8466 601.8452 601.8439 601.8426 601.8401 601.8373 601.8346 601.8318 601.8291 601.8264 601.8229 601.8187 601.8146 601.8105 601.8063 601.8022 601.798 601.7939 601.7898 601.7856 601.7815 601.7774 601.7722 601.7657 601.7601 601.7526 601.7455 601.7385 601.7315 601.7245 601.7175 601.7104 601.7034 601.6964
601.8304 601.8328 601.8345 601.8361 601.8378 601.8394 601.8411 601.8427 601.8422 601.8432 601.8443 601.8455 601.8466 601.8477 601.8489 601.85 601.8511 601.8509 601.8494 601.8477 601.8475 601.8478 601.8464 601.8457 601.845 601.8444 601.8437 601.8431 601.8417 601.8381 601.8369 601.8355 601.8342 601.8329 601.8301 601.8274 601.8246 601.822 601.8192 601.8165 601.8128 601.8087 601.8045 601.8004 601.7963 601.7921 601.788 601.7839 601.7797 601.7756 601.7715 601.7673 601.7621 601.7556 601.7499 601.7424 601.7354 601.7284 601.7214 601.7144 601.7073 601.7003 601.6932 601.6862
601.8255 601.823 601.8245 601.8262 601.8278 601.8294 601.8311 601.8327 601.8324 601.8336 601.8347 601.8358 601.837 601.8381 601.8392 601.8404 601.8416 601.8407 601.8393 601.8375 601.8378 601.8375 601.8365 601.8359 601.8353 601.8346 601.8339 601.8333 601.8314 601.8284 601.8271 601.8258 601.8245 601.8232 601.8203 601.8175 601.8148 601.812 601.8093 601.8065 601.8027 601.7986 601.7945 601.7903 601.7862 601.782 601.778 601.7738 601.7697 601.7655 601.7614 601.7573 601.752 601.7455 601.7397 601.7322 601.7252 601.7182 601.7112 601.7042 601.6971 601.6901 601.6831 601.6761
601.7217 601.7863 601.8165 601.8162 601.8178 601.8195 601.8211 601.8228 601.8228 601.8239 601.8251 601.8262 601.8273 601.8285 601.8297 601.8307 601.8319 601.8306 601.8292 601.8278 601.8282 601.8274 601.8268 601.8261 601.8254 601.8248 601.8242 601.8235 601.821 601.8187 601.8174 601.8161 601.8148 601.8132 601.8103 601.8076 601.8048 601.8021 601.7994 601.7966 601.7927 601.7886 601.7844 601.7803 601.7761 601.772 601.7679 601.7637 601.7596 601.7555 601.7513 601.7472 601.7419 601.7354 601.7296 601.7221 601.7151 601.7081 601.701 601.694 601.687 601.68 601.673 601.666
601.5837 601.6483 601.7128 601.812 601.809 601.8095 601.8112 601.8121 601.8132 601.8143 601.8154 601.8166 601.8177 601.8188 601.82 601.8212 601.8221 601.8204 601.819 601.8182 601.8185 601.8176 601.817 601.8163 601.8157 601.815 601.8143 601.8137 601.8106 601.809 601.8077 601.8064 601.8051 601.8031 601.8004 601.7977 601.7949 601.7922 601.7894 601.7867 601.7826 601.7785 601.7744 601.7702 601.7661 601.762 601.7578 601.7537 601.7496 601.7454 601.7413 601.7371 601.7318 601.7253 601.7195 601.712 601.705 601.6979 601.6909 601.6839 601.6769 601.6699 601.6628 601.6558
601.4457 601.5103 601.6094 601.7087 601.777 601.8035 601.8011 601.8024 601.8035 601.8047 601.8058 601.8069 601.8081 601.8092 601.8104 601.8115 601.8117 601.8102 601.8087 601.8085 601.8089 601.8079 601.8072 601.8065 601.8058 601.8052 601.8046 601.8039 601.8007 601.7993 601.798 601.7967 601.7953 601.7932 601.7905 601.7877 601.785 601.7822 601.7795 601.7768 601.7726 601.7684 601.7643 601.7601 601.756 601.7519 601.7477 601.7436 601.7395 601.7354 601.7312 601.7271 601.7217 601.7152 601.7094 601.7018 601.6948 601.6878 601.6808 601.6738 601.6667 601.6597 601.6527 601.6457
601.3077 601.4067 601.506 601.597 601.654 601.711 601.7797 601.795 601.7939 601.795 601.7962 601.7973 601.7985 601.7996 601.8007 601.8019 601.8015 601.8001 601.7986 601.7989 601.799 601.798 601.7974 601.7967 601.7961 601.7954 601.7947 601.7941 601.791 601.7896 601.7883 601.787 601.7856 601.7833 601.7805 601.7778 601.7751 601.7723 601.7696 601.7667 601.7625 601.7584 601.7542 601.7501 601.746 601.7418 601.7377 601.7336 601.7294 601.7253 601.7211 601.717 601.7116 601.7051 601.6992 601.6917 601.6847 601.6777 601.6707 601.6636 601.6566 601.6496 601.6426 601.6356
