samples/sfe_4523/sfe_4523_c2/sfe_4523_c2/sfe_4523_c2.asc
ncols         234
nrows         189
xllcorner     97.39999999851
yllcorner     75.199999999255
cellsize      0.2
NODATA_value  -9999
[rows 112 to 139 of 189, columns 0 to 63 of 234]
-9999 -9999 -9999 -9999 602.2888 602.2732 602.2581 602.2425 602.2275 602.212 602.1987 602.1871 602.1755 602.164 602.1524 602.1396 602.1266 602.1136 602.1007 602.0878 602.0748 602.0618 602.0489 602.0358 602.0208 602.0058 601.9938 601.9818 601.9698 601.9578 601.9457 601.9337 601.9217 601.9097 601.8994 601.8878 601.8761 601.8645 601.8528 601.8412 601.8312 601.8285 601.825 601.7181 601.6315 601.545 601.4584 601.3826 601.2981 601.2136 601.1755 601.1288 601.0534 600.978 600.9152 600.8524 600.7669 600.6855 600.6194 600.544 600.4651 600.3862 600.3073 600.2284
-9999 -9999 -9999 -9999 602.2998 602.2841 602.2692 602.2535 602.2385 602.223 602.2095 602.198 602.1864 602.1748 602.1633 602.1504 602.1375 602.1245 602.1115 602.0986 602.0856 602.0727 602.0597 602.0463 602.0313 602.0168 602.0048 601.9928 601.9808 601.9688 601.9568 601.9448 601.9327 601.9207 601.911 601.8994 601.8877 601.8761 601.8644 601.8528 601.8411 601.8295 601.823 601.821 601.7548 601.6683 601.5834 601.5029 601.4184 601.3339 601.2985 601.2354 601.16 601.0972 601.0343 600.9715 600.8748 600.8087 600.7348 600.6559 600.577 600.498 600.4191 600.324
-9999 -9999 -9999 -9999 602.3107 602.2951 602.2801 602.2645 602.2495 602.234 602.2204 602.2088 602.1973 602.1857 602.1741 602.1613 602.1483 602.1353 602.1224 602.1094 602.0964 602.0835 602.0706 602.0569 602.0418 602.0279 602.0159 602.0038 601.9918 601.9798 601.9678 601.9557 601.9437 601.9318 601.9226 601.9109 601.8993 601.8876 601.876 601.8644 601.8527 601.8411 601.8295 601.8194 601.8165 601.7916 601.7076 601.6231 601.5386 601.4612 601.4174 601.342 601.2792 601.2163 601.1535 601.0718 600.998 600.9255 600.8466 600.7677 600.6888 600.6099 600.5169 600.4218
-9999 -9999 -9999 -9999 602.3217 602.3061 602.2911 602.2755 602.2604 602.245 602.2313 602.2197 602.2081 602.1965 602.185 602.1721 602.1591 602.1461 602.1332 602.1202 602.1073 602.0943 602.0814 602.0674 602.0524 602.0389 602.0269 602.0149 602.0029 601.9908 601.9788 601.9668 601.9548 601.945 601.9342 601.9225 601.9109 601.8992 601.8876 601.876 601.8643 601.8527 601.8411 601.8294 601.8177 601.812 601.8077 601.7433 601.6589 601.5898 601.524 601.4612 601.3983 601.3355 601.2726 601.1874 601.1163 601.0374 600.9585 600.8796 600.8007 600.7098 600.6169 600.5363
-9999 -9999 -9999 -9999 602.3326 602.3171 602.3021 602.2864 602.2714 602.256 602.2421 602.2305 602.2189 602.2074 602.1958 602.1829 602.1699 602.157 602.144 602.131 602.1181 602.1052 602.0922 602.0779 602.0629 602.0499 602.038 602.0259 602.0139 602.0019 601.9899 601.9778 601.9658 601.9574 601.9457 601.9341 601.9225 601.9108 601.8992 601.8876 601.8759 601.8643 601.8526 601.841 601.8293 601.8177 601.808 601.8033 601.7791 601.706 601.6432 601.5803 601.5175 601.4547 601.3768 601.3071 601.2281 601.1493 601.0704 600.9915 600.9028 600.8121 600.7314 600.6705
-9999 -9999 -9999 -9999 602.3436 602.3282 602.313 602.2974 602.2824 602.267 602.2529 602.2414 602.2298 602.2183 602.2067 602.1937 602.1807 602.1678 602.1548 602.1419 602.1289 602.116 602.103 602.0885 602.0734 602.061 602.049 602.0369 602.0249 602.0129 602.0009 601.9889 601.9769 601.969 601.9573 601.9457 601.9341 601.9224 601.9108 601.8992 601.8875 601.8759 601.8642 601.8526 601.8409 601.8293 601.8176 601.8071 601.7996 601.795 601.7623 601.6995 601.6367 601.5739 601.4979 601.4189 601.34 601.2611 601.1822 601.0957 601.0073 600.9266 600.8525 600.8047
-9999 -9999 -9999 -9999 -9999 602.3392 602.324 602.3085 602.2934 602.278 602.2638 602.2523 602.2407 602.2291 602.2175 602.2045 602.1916 602.1786 602.1656 602.1527 602.1398 602.1268 602.1138 602.099 602.084 602.072 602.06 602.048 602.0359 602.0239 602.0119 601.9999 601.9888 601.9806 601.9689 601.9573 601.9457 601.934 601.9224 601.9107 601.8991 601.8875 601.8758 601.8641 601.8525 601.8409 601.83 601.8202 601.8091 601.798 601.7905 601.7885 601.7559 601.6886 601.6097 601.5308 601.4519 601.373 601.2886 601.2025 601.1218 601.0411 600.9868 600.939
-9999 -9999 -9999 -9999 -9999 602.3503 602.335 602.3195 602.3043 602.2891 602.2747 602.2631 602.2515 602.2399 602.2283 602.2153 602.2024 602.1895 602.1765 602.1635 602.1506 602.1376 602.1246 602.1096 602.0951 602.0831 602.071 602.059 602.047 602.035 602.0229 602.0109 602.0019 601.9922 601.9805 601.9689 601.9572 601.9456 601.934 601.9223 601.9107 601.899 601.8874 601.8757 601.8641 601.8525 601.8444 601.8333 601.8223 601.8112 601.8001 601.7885 601.7841 601.782 601.7216 601.6426 601.5638 601.4816 601.3976 601.3169 601.2363 601.1688 601.121 601.085
-9999 -9999 -9999 -9999 -9999 602.3614 602.3459 602.3306 602.3153 602.3 602.2855 602.2739 602.2624 602.2508 602.2391 602.2262 602.2132 602.2003 602.1873 602.1744 602.1614 602.1484 602.1351 602.1201 602.1061 602.0941 602.082 602.0701 602.058 602.046 602.034 602.022 602.015 602.0038 601.9921 601.9805 601.9688 601.9572 601.9456 601.9339 601.9222 601.9106 601.899 601.8873 601.8757 601.8641 601.8575 601.8465 601.8354 601.8243 601.8133 601.8014 601.7892 601.7795 601.7775 601.7545 601.6745 601.5928 601.5121 601.4314 601.3508 601.303 601.2552 601.2214
-9999 -9999 -9999 -9999 -9999 602.3725 602.3569 602.3416 602.3263 602.3111 602.2964 602.2848 602.2732 602.2617 602.2499 602.237 602.2241 602.2111 602.1981 602.1852 602.1722 602.1592 602.1457 602.1306 602.1171 602.1051 602.0931 602.0811 602.069 602.057 602.045 602.033 602.027 602.0153 602.0037 601.9921 601.9804 601.9688 601.9572 601.9455 601.9338 601.9222 601.9106 601.8989 601.8873 601.878 601.8707 601.8596 601.8486 601.8375 601.8265 601.8144 601.8022 601.7901 601.778 601.773 601.7687 601.7073 601.6266 601.5459 601.485 601.4373 601.3895 601.3524
-9999 -9999 -9999 -9999 -9999 602.3834 602.3679 602.3527 602.3373 602.3221 602.3072 602.2957 602.2841 602.2725 602.2608 602.2478 602.2349 602.2219 602.209 602.196 602.183 602.1701 602.1563 602.1412 602.1282 602.1161 602.1041 602.0921 602.0801 602.0681 602.056 602.0457 602.0386 602.0269 602.0153 602.0037 601.992 601.9803 601.9688 601.9571 601.9454 601.9338 601.9222 601.9105 601.8989 601.8925 601.8839 601.8727 601.8617 601.8506 601.8395 601.8273 601.8152 601.803 601.7909 601.7787 601.769 601.7643 601.7411 601.667 601.6193 601.5715 601.5276 601.4598
-9999 -9999 -9999 -9999 -9999 602.3944 602.3788 602.3638 602.3483 602.3331 602.3181 602.3065 602.2949 602.2834 602.2716 602.2587 602.2457 602.2327 602.2198 602.2068 602.1938 602.1809 602.1667 602.1517 602.1392 602.1272 602.1152 602.1031 602.0911 602.0791 602.0671 602.0588 602.0502 602.0385 602.0269 602.0153 602.0036 601.9919 601.9803 601.9687 601.957 601.9454 601.9337 601.9221 601.9114 601.907 601.897 601.8859 601.8748 601.8638 601.8524 601.8403 601.8281 601.816 601.8039 601.7917 601.7796 601.7687 601.7606 601.756 601.7535 601.7057 601.6526 601.5542
-9999 -9999 -9999 -9999 -9999 602.4054 602.3898 602.3748 602.3593 602.3441 602.3289 602.3173 602.3058 602.2942 602.2824 602.2695 602.2565 602.2435 602.2306 602.2177 602.2047 602.1917 602.1773 602.1622 602.1502 602.1382 602.1262 602.1142 602.1022 602.0901 602.0781 602.072 602.0618 602.0501 602.0385 602.0269 602.0152 602.0035 601.9919 601.9803 601.9686 601.957 601.9453 601.9337 601.9259 601.9211 601.9101 601.899 601.8879 601.8769 601.8654 601.8533 601.8411 601.829 601.8168 601.8047 601.7929 601.7834 601.7722 601.761 601.7528 601.7495 601.747 601.6569
-9999 -9999 -9999 -9999 -9999 602.4163 602.4008 602.3858 602.3702 602.3551 602.3398 602.3282 602.3167 602.3051 602.2933 602.2803 602.2673 602.2544 602.2415 602.2285 602.2155 602.2026 602.1879 602.1733 602.1613 602.1492 602.1372 602.1252 602.1132 602.1011 602.0894 602.085 602.0734 602.0617 602.05 602.0384 602.0268 602.0151 602.0035 601.9918 601.9802 601.9686 601.9569 601.9453 601.9404 601.9343 601.9232 601.9122 601.9011 601.8905 601.8784 601.8662 601.8541 601.8419 601.8298 601.8176 601.8087 601.798 601.7869 601.7756 601.7645 601.7532 601.745 601.743
-9999 -9999 -9999 -9999 -9999 -9999 602.4119 602.3968 602.3812 602.3661 602.3506 602.3391 602.3275 602.3159 602.3041 602.2911 602.2781 602.2652 602.2523 602.2393 602.2263 602.2134 602.1984 602.1843 602.1723 602.1603 602.1483 602.1362 602.1242 602.1122 602.1026 602.0966 602.085 602.0733 602.0616 602.05 602.0384 602.0267 602.0151 602.0034 601.9918 601.9802 601.9685 601.9593 601.955 601.9474 601.9364 601.9253 601.9142 601.9034 601.8913 601.8792 601.8671 601.8549 601.8428 601.8306 601.8239 601.8127 601.8015 601.7903 601.7791 601.7679 601.7567 601.7455
-9999 -9999 -9999 -9999 -9999 -9999 602.4229 602.4077 602.3922 602.3771 602.3616 602.3499 602.3383 602.3268 602.3149 602.3019 602.289 602.276 602.2631 602.2501 602.2372 602.224 602.2089 602.1953 602.1833 602.1713 602.1593 602.1473 602.1353 602.1232 602.1157 602.1082 602.0965 602.0849 602.0732 602.0616 602.0499 602.0383 602.0267 602.015 602.0034 601.9918 601.9801 601.9739 601.9696 601.9606 601.9495 601.9384 601.9274 601.9164 601.9043 601.8922 601.88 601.8679 601.8557 601.8446 601.8386 601.8273 601.8162 601.8049 601.7938 601.7825 601.7714 601.7601
-9999 -9999 -9999 -9999 -9999 -9999 602.434 602.4187 602.4032 602.3881 602.3726 602.3608 602.3492 602.3376 602.3257 602.3127 602.2998 602.2869 602.2739 602.2609 602.248 602.2345 602.2195 602.2064 602.1943 602.1823 602.1703 602.1583 602.1463 602.1343 602.1289 602.1198 602.1081 602.0965 602.0848 602.0732 602.0615 602.0499 602.0383 602.0266 602.015 602.0034 601.9927 601.9883 601.9841 601.9737 601.9626 601.9516 601.941 601.9294 601.9172 601.9051 601.8929 601.8808 601.8687 601.8604 601.8532 601.842 601.8308 601.8196 601.8084 601.7972 601.786 601.7748
-9999 -9999 -9999 -9999 -9999 -9999 602.4451 602.4297 602.4142 602.3992 602.3837 602.3716 602.36 602.3484 602.3365 602.3236 602.3106 602.2977 602.2847 602.2718 602.2588 602.2451 602.23 602.2174 602.2054 602.1934 602.1813 602.1693 602.1573 602.1464 602.142 602.1313 602.1197 602.108 602.0964 602.0848 602.0731 602.0615 602.0499 602.0382 602.0266 602.0149 602.0072 602.003 601.9979 601.9869 601.9758 601.9647 601.9545 601.9423 601.9302 601.9181 601.9059 601.8938 601.8817 601.8762 601.8679 601.8566 601.8455 601.8342 601.8231 601.8118 601.8007 601.7894
-9999 -9999 -9999 -9999 -9999 -9999 602.4562 602.4407 602.4252 602.4102 602.3947 602.3824 602.3709 602.3593 602.3474 602.3344 602.3215 602.3085 602.2955 602.2826 602.2697 602.2556 602.2405 602.2285 602.2164 602.2044 602.1924 602.1804 602.1683 602.1595 602.1545 602.1429 602.1313 602.1196 602.108 602.0964 602.0847 602.0731 602.0615 602.0498 602.0381 602.0265 602.0219 602.0175 602.011 602 601.989 601.9778 601.9675 601.9553 601.9432 601.931 601.9189 601.9067 601.8964 601.892 601.8825 601.8713 601.8601 601.8489 601.8377 601.8265 601.8153 601.8041
-9999 -9999 -9999 -9999 -9999 -9999 602.4671 602.4516 602.4362 602.4211 602.4057 602.3933 602.3818 602.3702 602.3582 602.3452 602.3323 602.3193 602.3064 602.2934 602.2805 602.2661 602.2515 602.2394 602.2275 602.2155 602.2034 602.1914 602.1794 602.1726 602.1661 602.1545 602.1429 602.1312 602.1196 602.108 602.0963 602.0847 602.073 602.0614 602.0497 602.0407 602.0363 602.0321 602.0242 602.0131 602.0021 601.991 601.9804 601.9683 601.9561 601.944 601.9318 601.9197 601.9121 601.9078 601.8972 601.8859 601.8748 601.8635 601.8524 601.8411 601.83 601.8187
-9999 -9999 -9999 -9999 -9999 -9999 602.4781 602.4626 602.4473 602.4321 602.4167 602.4042 602.3926 602.381 602.369 602.3561 602.3431 602.3301 602.3172 602.3043 602.2913 602.2767 602.2625 602.2505 602.2385 602.2264 602.2144 602.2024 602.1904 602.1858 602.1777 602.1661 602.1545 602.1428 602.1312 602.1195 602.1079 602.0963 602.0846 602.073 602.0613 602.0551 602.0509 602.0466 602.0374 602.0263 602.0152 602.0053 601.9934 601.9813 601.9691 601.957 601.9448 601.9327 601.9279 601.923 601.9118 601.9006 601.8894 601.8782 601.867 601.8558 601.8446 601.8347
-9999 -9999 -9999 -9999 -9999 -9999 602.489 602.4736 602.4583 602.4431 602.4277 602.415 602.4034 602.3919 602.3798 602.3669 602.3539 602.341 602.328 602.3151 602.3021 602.2872 602.2736 602.2615 602.2495 602.2375 602.2255 602.2134 602.2033 602.199 602.1893 602.1777 602.1661 602.1544 602.1428 602.1311 602.1195 602.1078 602.0962 602.0845 602.074 602.0698 602.0655 602.0611 602.0505 602.0394 602.0283 602.0185 602.0063 601.9942 601.9821 601.9699 601.9578 601.9481 601.9437 601.9376 601.9265 601.9152 601.9041 601.8928 601.8817 601.8704 601.8593 601.8515
-9999 -9999 -9999 -9999 -9999 -9999 602.5 602.4846 602.4694 602.454 602.4387 602.4259 602.4143 602.4027 602.3907 602.3777 602.3647 602.3518 602.3389 602.3259 602.3128 602.2977 602.2846 602.2726 602.2606 602.2485 602.2365 602.2245 602.2164 602.212 602.2009 602.1893 602.1776 602.166 602.1544 602.1427 602.131 602.1194 602.1078 602.0961 602.0886 602.0842 602.08 602.0747 602.0636 602.0526 602.0415 602.0314 602.0193 602.0071 601.9951 601.9829 601.9708 601.9638 601.9595 601.9523 601.9411 601.9299 601.9187 601.9075 601.8963 601.8851 601.8739 601.8682
-9999 -9999 -9999 -9999 -9999 -9999 -9999 602.4955 602.4804 602.465 602.4497 602.4367 602.4252 602.4136 602.4015 602.3885 602.3755 602.3626 602.3497 602.3367 602.3233 602.3083 602.2956 602.2836 602.2715 602.2596 602.2476 602.2355 602.2295 602.2242 602.2125 602.2009 602.1892 602.1776 602.166 602.1543 602.1426 602.131 602.1194 602.1077 602.1031 602.0988 602.0946 602.0878 602.0768 602.0657 602.0546 602.0444 602.0323 602.0201 602.008 601.9958 601.984 601.9797 601.9753 601.9669 601.9557 601.9445 601.9333 601.9221 601.9109 601.8997 601.8893 601.885
-9999 -9999 -9999 -9999 -9999 -9999 -9999 602.5066 602.4915 602.476 602.4607 602.4476 602.436 602.4244 602.4123 602.3994 602.3864 602.3735 602.3605 602.3475 602.3339 602.3188 602.3066 602.2946 602.2826 602.2706 602.2585 602.2471 602.2427 602.2357 602.2241 602.2125 602.2008 602.1891 602.1776 602.1659 602.1542 602.1426 602.131 602.122 602.1177 602.1135 602.1091 602.101 602.0899 602.0789 602.0695 602.0574 602.0452 602.0331 602.0209 602.0088 601.9998 601.9954 601.9912 601.9816 601.9704 601.9592 601.948 601.9368 601.9256 601.9144 601.906 601.9018
-9999 -9999 -9999 -9999 -9999 -9999 -9999 602.5176 602.5024 602.487 602.4717 602.4584 602.4468 602.4353 602.4232 602.4102 602.3972 602.3843 602.3713 602.3583 602.3444 602.3297 602.3177 602.3057 602.2936 602.2816 602.2696 602.2603 602.2559 602.2473 602.2357 602.2241 602.2124 602.2007 602.1891 602.1775 602.1658 602.1542 602.1426 602.1365 602.1321 602.1279 602.1235 602.1141 602.103 602.092 602.0825 602.0703 602.0582 602.0461 602.0339 602.0218 602.0156 602.0113 602.0069 601.9962 601.985 601.9738 601.9626 601.9514 601.9402 601.929 601.9229 601.9185
-9999 -9999 -9999 -9999 -9999 -9999 -9999 602.5287 602.5134 602.498 602.4827 602.4693 602.4577 602.4462 602.434 602.421 602.408 602.3951 602.3821 602.3692 602.3549 602.3408 602.3287 602.3167 602.3047 602.2927 602.2806 602.2733 602.269 602.2589 602.2473 602.2357 602.224 602.2123 602.2007 602.1891 602.1774 602.1658 602.1553 602.1511 602.1467 602.1425 602.1382 602.1273 602.1161 602.1051 602.0955 602.0833 602.0712 602.059 602.0469 602.0357 602.0314 602.0271 602.0221 602.0109 601.9997 601.9885 601.9773 601.9661 601.9549 601.9438 601.9396 601.9353
-9999 -9999 -9999 -9999 -9999 -9999 -9999 602.5398 602.5244 602.509 602.4938 602.4802 602.4686 602.457 602.4448 602.4318 602.4189 602.4059 602.3929 602.38 602.3655 602.3517 602.3397 602.3277 602.3157 602.3037 602.2917 602.2864 602.282 602.2705 602.2589 602.2473 602.2356 602.2239 602.2123 602.2007 602.189 602.1774 602.17 602.1657 602.1614 602.1571 602.1514 602.1404 602.1293 602.1187 602.1084 602.0963 602.0841 602.072 602.0598 602.0515 602.0472 602.0428 602.0367 602.0255 602.0143 602.0031 601.9919 601.9807 601.9695 601.9607 601.9564 601.9515
