samples/sfe_4523/sfe_4523_c2/sfe_4523_c2/sfe_4523_c2.asc
ncols         234
nrows         189
xllcorner     97.39999999851
yllcorner     75.199999999255
cellsize      0.2
NODATA_value  -9999
[rows 28 to 55 of 189, columns 64 to 127 of 234]
602.3857 602.3846 602.3878 602.3909 602.3903 602.3859 602.3817 602.3771 602.373 602.3684 602.3644 602.3663 602.3694 602.3726 602.3751 602.3705 602.3664 602.3619 602.3593 602.3609 602.3625 602.3595 602.3555 602.3508 602.3469 602.3428 602.3439 602.3451 602.3462 602.3423 602.3399 602.336 602.3339 602.3306 602.3282 602.3275 602.3264 602.3218 602.3178 602.3131 602.3091 602.3077 602.3052 602.3016 602.2988 602.2955 602.2915 602.2869 602.2827 602.2786 602.2745 602.2703 602.2663 602.2606 602.2561 602.2495 602.2424 602.2354 602.2284 602.2225 602.2151 602.2059 602.2002 602.1962
602.3721 602.3735 602.3766 602.3797 602.3773 602.3727 602.3687 602.3641 602.3601 602.3555 602.3531 602.3563 602.3594 602.3625 602.3629 602.3586 602.3542 602.35 602.3493 602.351 602.3525 602.3481 602.3441 602.3395 602.3354 602.3331 602.3343 602.3354 602.3355 602.3315 602.3295 602.325 602.324 602.32 602.3184 602.3177 602.3159 602.3115 602.3073 602.3028 602.2993 602.2979 602.2949 602.2917 602.2889 602.2855 602.2814 602.2768 602.2727 602.2686 602.2644 602.2603 602.2562 602.2505 602.246 602.2393 602.2323 602.2253 602.2183 602.212 602.2052 602.196 602.1894 602.1853
602.3593 602.3624 602.3655 602.3684 602.3644 602.3599 602.3557 602.3513 602.3469 602.3427 602.3431 602.3463 602.3494 602.3525 602.3507 602.3467 602.3421 602.3381 602.3393 602.3409 602.3411 602.3367 602.3324 602.3281 602.3237 602.3235 602.3246 602.3258 602.3248 602.321 602.3187 602.3143 602.3134 602.3094 602.3086 602.3079 602.3054 602.3011 602.2968 602.2925 602.2896 602.2882 602.2845 602.2817 602.279 602.2755 602.2712 602.2667 602.2626 602.2585 602.2543 602.2502 602.2462 602.2404 602.2359 602.2292 602.2222 602.2151 602.2081 602.2014 602.1953 602.1862 602.1786 602.1744
602.3481 602.3512 602.3543 602.3555 602.3514 602.347 602.3425 602.3384 602.3338 602.3299 602.3331 602.3362 602.3394 602.3425 602.3388 602.3347 602.3302 602.3277 602.3293 602.331 602.3295 602.3254 602.3207 602.3167 602.3127 602.3139 602.3151 602.3162 602.314 602.3109 602.308 602.3046 602.3027 602.2994 602.2988 602.2981 602.2949 602.2908 602.2863 602.2822 602.2798 602.2785 602.2745 602.2718 602.2691 602.2654 602.261 602.2567 602.2526 602.2484 602.2443 602.2402 602.2361 602.2303 602.2258 602.2191 602.212 602.205 602.198 602.191 602.1854 602.1763 602.168 602.1635
602.337 602.3401 602.3431 602.3427 602.3382 602.334 602.3295 602.3254 602.321 602.3199 602.3231 602.3262 602.3293 602.3314 602.3269 602.3225 602.3183 602.3177 602.3194 602.321 602.318 602.314 602.3094 602.3053 602.3032 602.3043 602.3054 602.3066 602.3032 602.3008 602.2971 602.295 602.2922 602.2897 602.289 602.2883 602.2845 602.2805 602.2759 602.2719 602.2701 602.2688 602.2646 602.2619 602.2592 602.2553 602.2509 602.2466 602.2425 602.2383 602.2343 602.2301 602.2261 602.2202 602.2157 602.2089 602.2019 602.1949 602.1878 602.1808 602.1755 602.1664 602.1572 602.1526
602.3258 602.3289 602.332 602.3297 602.3252 602.3211 602.3167 602.3122 602.3081 602.3099 602.313 602.3162 602.3193 602.3192 602.315 602.3104 602.3064 602.3077 602.3094 602.311 602.3066 602.3024 602.298 602.2936 602.2935 602.2946 602.2958 602.2963 602.2924 602.2905 602.2861 602.2853 602.2816 602.2798 602.2792 602.2786 602.2742 602.2702 602.2656 602.2618 602.2604 602.2586 602.2547 602.252 602.2492 602.2453 602.2407 602.2366 602.2324 602.2283 602.2242 602.22 602.216 602.2101 602.2056 602.1987 602.1917 602.1847 602.1777 602.1707 602.1656 602.1565 602.1473 602.1417
602.3146 602.3177 602.3208 602.3168 602.3123 602.3079 602.3038 602.2993 602.2967 602.2999 602.303 602.3062 602.3093 602.3071 602.303 602.2985 602.2961 602.2978 602.2994 602.2996 602.2952 602.2907 602.2866 602.2827 602.2839 602.285 602.2861 602.2856 602.2819 602.2798 602.2753 602.275 602.2709 602.2701 602.2694 602.2684 602.2639 602.2597 602.2552 602.2521 602.2507 602.2483 602.2448 602.2421 602.2393 602.2352 602.2306 602.2265 602.2224 602.2183 602.2141 602.21 602.2059 602.2 602.1955 602.1886 602.1816 602.1746 602.1675 602.1605 602.1551 602.1466 602.1375 602.1308
602.3035 602.3066 602.3079 602.3036 602.2994 602.2949 602.2907 602.2864 602.2867 602.2898 602.293 602.2961 602.2993 602.2952 602.2909 602.2866 602.2862 602.2878 602.2895 602.2879 602.2838 602.2792 602.2752 602.2731 602.2742 602.2754 602.2766 602.2748 602.2717 602.2691 602.2657 602.2643 602.2609 602.2603 602.2596 602.258 602.2535 602.2492 602.2449 602.2424 602.241 602.2379 602.2349 602.2321 602.2292 602.2252 602.2206 602.2164 602.2123 602.2082 602.204 602.1999 602.1959 602.1899 602.1854 602.1785 602.1714 602.1644 602.1574 602.1504 602.1445 602.1367 602.1276 602.1201
602.2924 602.2955 602.295 602.2905 602.2865 602.282 602.2775 602.2735 602.2767 602.2798 602.283 602.2861 602.2876 602.2833 602.2787 602.2747 602.2762 602.2778 602.2795 602.2764 602.2724 602.2679 602.2635 602.2635 602.2646 602.2657 602.2669 602.264 602.2616 602.2582 602.256 602.2537 602.2512 602.2505 602.2498 602.2475 602.2432 602.2387 602.2346 602.2326 602.2313 602.2277 602.225 602.2222 602.2191 602.2151 602.2105 602.2064 602.2023 602.1981 602.194 602.1899 602.1858 602.1798 602.1753 602.1683 602.1613 602.1543 602.1473 602.1403 602.1339 602.1268 602.1177 602.1094
602.2812 602.2843 602.2821 602.2776 602.2733 602.2691 602.2646 602.2635 602.2666 602.2698 602.2729 602.2761 602.2754 602.2714 602.2668 602.2646 602.2662 602.2679 602.2695 602.2651 602.2607 602.2565 602.2527 602.2538 602.255 602.2562 602.2571 602.2532 602.2514 602.2473 602.2464 602.2431 602.2413 602.2407 602.24 602.237 602.2329 602.2283 602.2243 602.2229 602.2216 602.2178 602.215 602.2123 602.2091 602.205 602.2004 602.1964 602.1922 602.188 602.184 602.1798 602.1757 602.1697 602.1652 602.1582 602.1512 602.1442 602.1371 602.1301 602.1234 602.1169 602.1078 602.0987
602.27 602.2731 602.2692 602.2647 602.2603 602.256 602.2518 602.2535 602.2566 602.2598 602.2629 602.2661 602.2634 602.2592 602.2549 602.2546 602.2563 602.2579 602.2579 602.2537 602.2491 602.2451 602.2431 602.2442 602.2454 602.2465 602.2464 602.2427 602.2409 602.2364 602.2365 602.2325 602.2316 602.2309 602.2302 602.2266 602.2226 602.218 602.2145 602.2132 602.2119 602.2078 602.2051 602.2024 602.199 602.1948 602.1904 602.1863 602.1821 602.178 602.1739 602.1697 602.1657 602.1596 602.1551 602.1481 602.1411 602.134 602.127 602.12 602.113 602.1071 602.0979 602.0888
602.2589 602.2603 602.256 602.2518 602.2474 602.2429 602.2403 602.2434 602.2466 602.2497 602.2529 602.256 602.2515 602.247 602.243 602.2446 602.2463 602.2479 602.2463 602.2422 602.2377 602.2334 602.2335 602.2346 602.2357 602.2369 602.2356 602.2325 602.2302 602.2267 602.2259 602.2224 602.2217 602.2211 602.2205 602.2162 602.2122 602.2077 602.2048 602.2035 602.2017 602.1979 602.1952 602.1924 602.189 602.1846 602.1804 602.1762 602.1721 602.168 602.1638 602.1597 602.1556 602.1495 602.145 602.1379 602.1309 602.1238 602.1168 602.1098 602.1028 602.0972 602.088 602.0789
602.2477 602.2474 602.2429 602.2386 602.2345 602.23 602.2303 602.2334 602.2366 602.2397 602.2429 602.2438 602.2396 602.2351 602.233 602.2347 602.2363 602.238 602.2349 602.2307 602.2264 602.2227 602.2238 602.225 602.2261 602.2272 602.2248 602.2224 602.2194 602.2171 602.2153 602.2126 602.212 602.2113 602.2105 602.2059 602.2016 602.1974 602.1951 602.1938 602.1913 602.188 602.1852 602.1825 602.1789 602.1744 602.1703 602.1661 602.162 602.1579 602.1537 602.1496 602.1456 602.1394 602.1349 602.1277 602.1207 602.1137 602.1067 602.0997 602.0927 602.0873 602.0781 602.069
602.2366 602.2345 602.23 602.2256 602.2213 602.2172 602.2202 602.2234 602.2265 602.2297 602.2328 602.2317 602.2276 602.2232 602.2231 602.2247 602.2264 602.228 602.2235 602.219 602.215 602.2131 602.2142 602.2153 602.2165 602.2177 602.214 602.2122 602.2084 602.2075 602.2047 602.2028 602.2021 602.2015 602.2 602.1956 602.1911 602.1871 602.1854 602.1841 602.181 602.1781 602.1754 602.1726 602.1689 602.1643 602.1602 602.1561 602.152 602.1478 602.1437 602.1395 602.1355 602.1293 602.1248 602.1176 602.1106 602.1036 602.0966 602.0895 602.0825 602.0771 602.0682 602.0591
602.2254 602.2214 602.2172 602.2128 602.2083 602.207 602.2102 602.2134 602.2165 602.2197 602.2228 602.2198 602.2154 602.2115 602.2131 602.2147 602.2164 602.2164 602.2121 602.2076 602.2033 602.2034 602.2046 602.2057 602.2068 602.2072 602.2035 602.202 602.1974 602.1978 602.194 602.193 602.1924 602.1917 602.1895 602.1853 602.1808 602.1771 602.1757 602.1744 602.1709 602.1682 602.1654 602.1627 602.1588 602.1542 602.1501 602.1461 602.1419 602.1378 602.1336 602.1295 602.1254 602.1192 602.1147 602.1075 602.1005 602.0934 602.0864 602.0794 602.0724 602.0665 602.0583 602.0492
602.2126 602.2083 602.204 602.1999 602.1954 602.197 602.2002 602.2033 602.2065 602.2096 602.2123 602.2079 602.2034 602.2015 602.2031 602.2048 602.2064 602.2047 602.2006 602.1963 602.1927 602.1938 602.1949 602.1961 602.1973 602.1964 602.1934 602.1912 602.1878 602.1874 602.1839 602.1832 602.1826 602.1819 602.179 602.175 602.1705 602.1673 602.166 602.1647 602.1609 602.1583 602.1555 602.1528 602.1488 602.1442 602.1401 602.136 602.1318 602.1277 602.1236 602.1194 602.1154 602.1091 602.1046 602.0974 602.0903 602.0833 602.0763 602.0693 602.0623 602.0559 602.0485 602.0393
602.1998 602.1954 602.191 602.1866 602.1838 602.187 602.1902 602.1933 602.1965 602.1996 602.2001 602.1959 602.1915 602.1915 602.1932 602.1948 602.1965 602.1934 602.189 602.1849 602.183 602.1842 602.1853 602.1865 602.1876 602.1856 602.1832 602.1805 602.1782 602.1768 602.1741 602.1735 602.1728 602.1721 602.1686 602.1646 602.1602 602.1576 602.1563 602.155 602.1511 602.1483 602.1456 602.1427 602.1387 602.1342 602.1301 602.1259 602.1218 602.1176 602.1135 602.1094 602.1053 602.099 602.0945 602.0872 602.0802 602.0732 602.0662 602.0591 602.0521 602.0453 602.0386 602.0294
602.1869 602.1825 602.1781 602.1738 602.1738 602.177 602.1801 602.1833 602.1864 602.1896 602.188 602.1837 602.1799 602.1815 602.1832 602.1848 602.1864 602.1819 602.1775 602.1732 602.1734 602.1746 602.1757 602.1768 602.178 602.1748 602.173 602.1696 602.1685 602.1662 602.1643 602.1636 602.163 602.1623 602.1583 602.1541 602.1498 602.1479 602.1466 602.1447 602.1411 602.1384 602.1357 602.1327 602.1285 602.1241 602.12 602.1158 602.1117 602.1076 602.1035 602.0993 602.0953 602.0889 602.0844 602.0771 602.0701 602.063 602.056 602.049 602.0419 602.0349 602.0287 602.0195
602.1737 602.1694 602.1652 602.1609 602.1638 602.167 602.1701 602.1733 602.1764 602.1796 602.1761 602.1718 602.1699 602.1716 602.1732 602.1749 602.1747 602.1706 602.1661 602.1627 602.1638 602.1649 602.1661 602.1672 602.168 602.1643 602.1629 602.1586 602.1589 602.1556 602.1545 602.1539 602.1532 602.1525 602.148 602.1435 602.1395 602.1382 602.1369 602.1343 602.1312 602.1285 602.1257 602.1226 602.1183 602.1141 602.1099 602.1058 602.1017 602.0975 602.0934 602.0892 602.0852 602.0788 602.0743 602.0669 602.0599 602.0529 602.0458 602.0388 602.0318 602.0248 602.0188 602.0096
602.1607 602.1564 602.152 602.1506 602.1538 602.1569 602.1601 602.1632 602.1664 602.1685 602.1642 602.1599 602.16 602.1616 602.1633 602.1649 602.1632 602.1589 602.1548 602.153 602.1542 602.1553 602.1564 602.1576 602.1572 602.1542 602.1523 602.1489 602.149 602.1454 602.1447 602.144 602.1434 602.142 602.1377 602.1332 602.1298 602.1285 602.1272 602.124 602.1213 602.1185 602.1158 602.1125 602.1082 602.104 602.0999 602.0957 602.0916 602.0875 602.0833 602.0792 602.0751 602.0687 602.0642 602.0568 602.0497 602.0427 602.0357 602.0287 602.0217 602.0146 602.0089 601.9998
602.1478 602.1435 602.1392 602.1406 602.1438 602.1469 602.1501 602.1532 602.1564 602.1563 602.1521 602.1484 602.15 602.1516 602.1533 602.1549 602.1518 602.1474 602.1431 602.1434 602.1445 602.1457 602.1468 602.1479 602.1464 602.144 602.1416 602.1392 602.1384 602.1356 602.1349 602.1343 602.1336 602.1315 602.1274 602.1229 602.1201 602.1188 602.1175 602.1141 602.1114 602.1086 602.1059 602.1025 602.098 602.0939 602.0898 602.0857 602.0815 602.0774 602.0732 602.0692 602.0651 602.0586 602.0541 602.0466 602.0396 602.0326 602.0256 602.0186 602.0115 602.0045 601.999 601.9899
602.1348 602.1305 602.1274 602.1306 602.1337 602.1369 602.14 602.1432 602.1464 602.1444 602.14 602.1384 602.14 602.1417 602.1433 602.1448 602.1404 602.136 602.1326 602.1338 602.1349 602.136 602.1372 602.1383 602.1356 602.1339 602.1307 602.1296 602.1277 602.1258 602.1251 602.1245 602.1238 602.121 602.117 602.1126 602.1104 602.1091 602.1078 602.1042 602.1014 602.0987 602.0959 602.0925 602.088 602.0839 602.0798 602.0756 602.0715 602.0673 602.0632 602.0591 602.0551 602.0485 602.044 602.0365 602.0295 602.0225 602.0154 602.0084 602.0014 601.9944 601.9885 601.98
602.1217 602.1174 602.1174 602.1206 602.1237 602.1269 602.13 602.1332 602.1363 602.1325 602.1281 602.1284 602.1301 602.1317 602.1334 602.1331 602.1289 602.1246 602.123 602.1241 602.1253 602.1264 602.1276 602.1287 602.1251 602.1237 602.1197 602.1199 602.1172 602.116 602.1154 602.1147 602.114 602.1107 602.1064 602.1023 602.1007 602.0994 602.098 602.0942 602.0916 602.0888 602.0861 602.0824 602.0779 602.0738 602.0697 602.0656 602.0614 602.0573 602.0532 602.049 602.0449 602.0385 602.0339 602.0264 602.0193 602.0123 602.0053 601.9983 601.9913 601.9843 601.9778 601.9701
602.1088 602.1046 602.1074 602.1105 602.1137 602.1168 602.12 602.1231 602.1248 602.1204 602.1168 602.1185 602.1201 602.1217 602.1234 602.1216 602.1172 602.113 602.1133 602.1145 602.1157 602.1168 602.1179 602.118 602.115 602.1134 602.11 602.1103 602.1069 602.1062 602.1055 602.1049 602.1042 602.1004 602.0959 602.0923 602.091 602.0897 602.0877 602.0844 602.0816 602.0789 602.0761 602.0724 602.0679 602.0638 602.0596 602.0555 602.0513 602.0472 602.0431 602.0389 602.0349 602.0283 602.0237 602.0162 602.0092 602.0022 601.9952 601.9882 601.9811 601.9741 601.9673 601.9602
602.0958 602.0942 602.0974 602.1005 602.1037 602.1068 602.11 602.1131 602.1127 602.1083 602.1068 602.1085 602.1101 602.1118 602.1134 602.1103 602.1059 602.1026 602.1038 602.1049 602.106 602.1072 602.1083 602.1072 602.1049 602.1027 602.1003 602.0999 602.097 602.0964 602.0958 602.0951 602.0944 602.0901 602.0856 602.0826 602.0813 602.08 602.0774 602.0744 602.0717 602.069 602.0662 602.0623 602.0579 602.0537 602.0496 602.0454 602.0413 602.0372 602.033 602.0289 602.0247 602.0182 602.0136 602.0061 601.9991 601.992 601.985 601.978 601.9709 601.9639 601.9569 601.9503
602.0828 602.0842 602.0873 602.0905 602.0936 602.0968 602.0999 602.1031 602.1008 602.0964 602.0969 602.0985 602.1002 602.1018 602.1032 602.0989 602.0945 602.093 602.0941 602.0953 602.0964 602.0975 602.0987 602.0964 602.0947 602.0918 602.0907 602.0893 602.0873 602.0866 602.0859 602.0853 602.084 602.0798 602.0753 602.0729 602.0716 602.0703 602.0673 602.0645 602.0618 602.059 602.0563 602.0521 602.0478 602.0436 602.0395 602.0354 602.0313 602.0271 602.0229 602.0189 602.0146 602.0081 602.0034 601.9959 601.9889 601.9819 601.9749 601.9678 601.9608 601.9538 601.9468 601.9404
602.071 602.0742 602.0773 602.0805 602.0836 602.0868 602.0899 602.0931 602.0888 602.0853 602.0869 602.0886 602.0901 602.0918 602.0916 602.0872 602.0829 602.0834 602.0845 602.0856 602.0868 602.0879 602.0891 602.0859 602.0845 602.0809 602.0811 602.0787 602.0775 602.0768 602.0762 602.0755 602.0735 602.0694 602.065 602.0632 602.0619 602.0605 602.0573 602.0546 602.0518 602.0491 602.0462 602.042 602.0377 602.0336 602.0294 602.0253 602.0212 602.017 602.0129 602.0088 602.0045 601.998 601.9933 601.9858 601.9788 601.9717 601.9647 601.9577 601.9507 601.9437 601.9366 601.9305
602.061 602.0641 602.0673 602.0704 602.0736 602.0767 602.0799 602.081 602.0767 602.0753 602.0769 602.0786 602.0802 602.0818 602.0801 602.0757 602.0726 602.0737 602.0749 602.076 602.0771 602.0783 602.0789 602.0758 602.0744 602.071 602.0714 602.0684 602.0677 602.067 602.0663 602.0657 602.0631 602.0589 602.0548 602.0535 602.0522 602.0508 602.0474 602.0447 602.0419 602.0392 602.0361 602.0318 602.0276 602.0235 602.0194 602.0153 602.0111 602.007 602.0029 601.9987 601.9944 601.9879 601.9832 601.9756 601.9686 601.9616 601.9546 601.9476 601.9406 601.9335 601.9265 601.9207
