sfe81_gcs_analysis/sfe_81.asc
ncols         314
nrows         227
xllcorner     9969.4717523519
yllcorner     19985.042114258
cellsize      1
NODATA_value  -9999
[rows 155 to 185 of 227, columns 70 to 139 of 314]
1004.774 1004.765 1004.757 1004.756 1004.749 1004.749 1004.743 1004.742 1004.736 1004.735 1004.727 1004.711 1004.695 1004.669 1004.694 1004.844 1004.899 1004.917 1004.933 1004.948 1004.963 1004.986 1004.992 1004.997 1005.002 1005.026 1005.018 1004.94 1004.93 1004.845 1004.6 1004.355 1004.11 1003.86 1003.615 1003.37 1003.125 1002.88 1002.65 1002.39 1002.02 1001.775 1001.775 1001.76 1001.84 1001.8 1001.76 1001.325 1001.03 1000.845 1000.805 1000.86 1000.94 1001.335 1001.88 1002.205 1002.47 1002.75 1003.03 1003.31 1003.59 1003.875 1004.155 1004.435 1004.715 1004.845 1004.827 1004.831 1004.865 1004.869
1004.755 1004.745 1004.744 1004.735 1004.735 1004.73 1004.728 1004.724 1004.721 1004.717 1004.701 1004.685 1004.66 1004.683 1004.822 1004.878 1004.9 1004.915 1004.93 1004.947 1004.964 1004.969 1004.974 1004.979 1005.001 1004.999 1004.985 1004.89 1004.855 1004.875 1004.63 1004.385 1004.135 1003.885 1003.64 1003.39 1003.145 1002.895 1002.65 1002.365 1001.985 1001.77 1001.735 1001.825 1001.885 1001.815 1001.605 1001.245 1000.94 1000.82 1000.795 1000.84 1000.935 1001.235 1001.87 1002.23 1002.48 1002.76 1003.025 1003.29 1003.565 1003.845 1004.125 1004.405 1004.69 1004.822 1004.812 1004.841 1004.855 1004.863
1004.734 1004.731 1004.722 1004.722 1004.717 1004.714 1004.712 1004.706 1004.706 1004.691 1004.675 1004.652 1004.672 1004.801 1004.857 1004.882 1004.897 1004.912 1004.932 1004.941 1004.946 1004.951 1004.956 1004.967 1004.978 1004.967 1004.923 1004.84 1004.885 1004.74 1004.585 1004.4 1004.16 1003.91 1003.66 1003.405 1003.155 1002.91 1002.655 1002.365 1001.99 1001.76 1001.715 1001.785 1001.8 1001.76 1001.61 1001.195 1000.935 1000.82 1000.775 1000.83 1000.905 1001.3 1001.935 1002.295 1002.55 1002.8 1003.05 1003.31 1003.58 1003.845 1004.1 1004.385 1004.665 1004.797 1004.817 1004.842 1004.849 1004.856
1004.719 1004.708 1004.708 1004.704 1004.7 1004.7 1004.692 1004.692 1004.681 1004.665 1004.644 1004.661 1004.779 1004.836 1004.865 1004.88 1004.895 1004.914 1004.919 1004.924 1004.929 1004.934 1004.939 1004.954 1004.949 1004.934 1004.86 1004.765 1004.66 1004.55 1004.405 1004.19 1004.035 1003.88 1003.66 1003.44 1003.195 1002.94 1002.685 1002.395 1002.015 1001.76 1001.68 1001.725 1001.72 1001.705 1001.5 1001.19 1000.925 1000.82 1000.76 1000.81 1000.88 1001.315 1002.02 1002.355 1002.605 1002.86 1003.11 1003.365 1003.615 1003.87 1004.125 1004.39 1004.655 1004.792 1004.827 1004.835 1004.842 1004.85
1004.695 1004.695 1004.691 1004.686 1004.686 1004.678 1004.678 1004.671 1004.655 1004.635 1004.65 1004.758 1004.815 1004.847 1004.862 1004.879 1004.891 1004.896 1004.901 1004.906 1004.911 1004.916 1004.931 1004.929 1004.916 1004.902 1004.795 1004.63 1004.47 1004.305 1004.125 1004.01 1003.9 1003.71 1003.515 1003.345 1003.16 1002.935 1002.715 1002.435 1002.07 1001.745 1001.66 1001.675 1001.675 1001.615 1001.44 1001.245 1000.94 1000.82 1000.89 1000.805 1000.875 1001.39 1002.11 1002.385 1002.64 1002.895 1003.145 1003.395 1003.65 1003.9 1004.15 1004.4 1004.655 1004.802 1004.821 1004.828 1004.836 1004.843
1004.681 1004.678 1004.672 1004.672 1004.665 1004.664 1004.661 1004.645 1004.627 1004.639 1004.736 1004.794 1004.829 1004.844 1004.863 1004.868 1004.873 1004.878 1004.883 1004.888 1004.893 1004.907 1004.906 1004.898 1004.883 1004.84 1004.675 1004.515 1004.35 1004.19 1004.025 1003.86 1003.68 1003.5 1003.365 1003.215 1003.015 1002.82 1002.65 1002.39 1001.975 1001.68 1001.63 1001.655 1001.625 1001.545 1001.42 1001.005 1000.895 1000.945 1000.795 1000.81 1000.9 1001.455 1002.17 1002.41 1002.66 1002.91 1003.16 1003.41 1003.66 1003.91 1004.16 1004.41 1004.67 1004.807 1004.814 1004.822 1004.829 1004.837
1004.665 1004.659 1004.659 1004.653 1004.65 1004.65 1004.635 1004.619 1004.628 1004.715 1004.773 1004.812 1004.827 1004.84 1004.845 1004.85 1004.855 1004.86 1004.865 1004.87 1004.875 1004.882 1004.88 1004.865 1004.842 1004.72 1004.56 1004.395 1004.23 1004.07 1003.905 1003.74 1003.58 1003.415 1003.245 1003.055 1002.875 1002.685 1002.525 1002.245 1001.895 1001.655 1001.585 1001.595 1001.575 1001.41 1001.095 1000.835 1000.82 1000.785 1000.73 1000.795 1000.88 1001.66 1002.21 1002.445 1002.69 1002.93 1003.17 1003.42 1003.67 1003.92 1004.17 1004.425 1004.68 1004.8 1004.808 1004.815 1004.823 1004.842
1004.645 1004.645 1004.641 1004.635 1004.635 1004.625 1004.611 1004.617 1004.694 1004.752 1004.794 1004.811 1004.817 1004.822 1004.827 1004.832 1004.837 1004.842 1004.847 1004.852 1004.859 1004.857 1004.847 1004.805 1004.765 1004.6 1004.44 1004.275 1004.115 1003.95 1003.785 1003.625 1003.46 1003.3 1003.135 1002.97 1002.8 1002.62 1002.435 1002.21 1001.9 1001.71 1001.635 1001.585 1001.5 1001.245 1000.91 1000.745 1000.72 1000.7 1000.72 1000.75 1001.005 1001.87 1002.185 1002.445 1002.695 1002.95 1003.2 1003.44 1003.68 1003.93 1004.18 1004.44 1004.69 1004.794 1004.801 1004.809 1004.819 1004.855
1004.631 1004.628 1004.621 1004.621 1004.615 1004.602 1004.606 1004.672 1004.731 1004.776 1004.789 1004.794 1004.799 1004.804 1004.809 1004.814 1004.819 1004.824 1004.829 1004.835 1004.833 1004.829 1004.768 1004.735 1004.64 1004.505 1004.355 1004.205 1004.05 1003.885 1003.72 1003.555 1003.39 1003.225 1003.06 1002.895 1002.73 1002.565 1002.395 1002.19 1001.98 1001.76 1001.62 1001.545 1001.365 1001.125 1000.835 1000.72 1000.705 1000.7 1000.64 1000.68 1001.15 1001.845 1002.12 1002.395 1002.67 1002.93 1003.185 1003.435 1003.7 1003.955 1004.2 1004.45 1004.68 1004.787 1004.795 1004.802 1004.832 1004.867
1004.616 1004.607 1004.607 1004.605 1004.594 1004.595 1004.651 1004.711 1004.759 1004.766 1004.771 1004.776 1004.781 1004.786 1004.791 1004.796 1004.801 1004.806 1004.812 1004.81 1004.735 1004.665 1004.605 1004.56 1004.495 1004.41 1004.28 1004.14 1004 1003.83 1003.68 1003.525 1003.37 1003.21 1003.045 1002.875 1002.71 1002.545 1002.375 1002.21 1001.975 1001.885 1001.52 1001.435 1001.27 1001.05 1000.82 1000.735 1000.69 1000.625 1000.81 1000.655 1001.19 1001.765 1002.04 1002.315 1002.585 1002.86 1003.135 1003.41 1003.68 1003.93 1004.205 1004.455 1004.74 1004.781 1004.788 1004.808 1004.844 1004.88
1004.445 1004.445 1004.44 1004.435 1004.45 1004.475 1004.525 1004.58 1004.635 1004.69 1004.74 1004.745 1004.75 1004.755 1004.76 1004.765 1004.79 1004.715 1004.645 1004.57 1004.5 1004.425 1004.375 1004.34 1004.32 1004.245 1004.16 1004.02 1003.88 1003.74 1003.6 1003.46 1003.31 1003.17 1003.005 1002.85 1002.7 1002.545 1002.375 1002.21 1002.125 1001.79 1001.525 1001.355 1001.19 1000.985 1000.82 1000.715 1000.65 1000.78 1000.735 1000.555 1001.095 1001.505 1001.785 1002.055 1002.33 1002.605 1002.88 1003.18 1003.485 1003.79 1004.135 1004.405 1004.767 1004.774 1004.785 1004.821 1004.857 1004.879
1004.13 1004.125 1004.12 1004.12 1004.15 1004.185 1004.235 1004.285 1004.355 1004.415 1004.465 1004.515 1004.565 1004.615 1004.655 1004.615 1004.545 1004.475 1004.405 1004.335 1004.26 1004.185 1004.14 1004.12 1004.105 1004.075 1003.99 1003.905 1003.765 1003.625 1003.48 1003.34 1003.2 1003.06 1002.92 1002.78 1002.64 1002.5 1002.335 1002.195 1002.09 1001.735 1001.44 1001.285 1001.155 1000.925 1000.76 1000.64 1000.585 1000.74 1000.445 1000.48 1000.83 1001.14 1001.485 1001.76 1002.1 1002.375 1002.71 1003.05 1003.39 1003.73 1004.075 1004.42 1004.76 1004.768 1004.798 1004.834 1004.87 1004.865
1003.815 1003.81 1003.805 1003.81 1003.85 1003.895 1003.94 1003.995 1004.07 1004.135 1004.185 1004.235 1004.285 1004.335 1004.38 1004.375 1004.305 1004.235 1004.165 1004.095 1004.02 1003.945 1003.91 1003.9 1003.885 1003.855 1003.825 1003.74 1003.65 1003.505 1003.365 1003.225 1003.085 1002.945 1002.805 1002.665 1002.525 1002.385 1002.245 1002.11 1001.935 1001.625 1001.565 1001.255 1001.095 1000.845 1000.66 1000.53 1000.5 1000.495 1000.36 1000.445 1000.715 1001.04 1001.385 1001.73 1002.08 1002.425 1002.77 1003.11 1003.45 1003.795 1004.14 1004.48 1004.754 1004.775 1004.811 1004.846 1004.856 1004.851
1003.495 1003.495 1003.49 1003.52 1003.565 1003.605 1003.65 1003.71 1003.785 1003.855 1003.905 1003.955 1004.005 1004.06 1004.125 1004.12 1004.065 1003.995 1003.925 1003.855 1003.78 1003.705 1003.68 1003.68 1003.665 1003.635 1003.605 1003.57 1003.53 1003.39 1003.25 1003.11 1002.97 1002.83 1002.69 1002.55 1002.41 1002.27 1002.13 1002.005 1001.82 1001.755 1001.345 1001.165 1001.035 1000.83 1000.555 1000.455 1000.545 1000.52 1000.465 1000.64 1000.88 1001.205 1001.535 1001.86 1002.165 1002.515 1002.835 1003.16 1003.505 1003.855 1004.2 1004.54 1004.752 1004.787 1004.823 1004.848 1004.843 1004.838
1003.18 1003.175 1003.185 1003.24 1003.28 1003.315 1003.36 1003.42 1003.505 1003.57 1003.625 1003.675 1003.725 1003.79 1003.855 1003.86 1003.82 1003.755 1003.685 1003.615 1003.54 1003.475 1003.455 1003.46 1003.445 1003.415 1003.385 1003.355 1003.325 1003.23 1003.13 1002.99 1002.85 1002.71 1002.57 1002.43 1002.29 1002.15 1002.01 1001.895 1001.73 1001.515 1001.485 1001.02 1000.86 1000.695 1000.515 1000.51 1000.69 1000.615 1000.595 1000.95 1001.24 1001.545 1001.85 1002.15 1002.455 1002.76 1003.065 1003.395 1003.72 1004.05 1004.305 1004.645 1004.764 1004.8 1004.836 1004.834 1004.829 1004.824
1002.865 1002.86 1002.9 1002.96 1002.995 1003.025 1003.07 1003.135 1003.215 1003.29 1003.345 1003.395 1003.455 1003.515 1003.585 1003.595 1003.575 1003.515 1003.445 1003.375 1003.305 1003.245 1003.235 1003.24 1003.23 1003.2 1003.17 1003.14 1003.11 1003.065 1002.98 1002.875 1002.735 1002.595 1002.455 1002.315 1002.175 1002.035 1001.895 1001.78 1001.65 1001.69 1001.065 1000.935 1000.685 1000.625 1000.515 1000.595 1000.78 1000.585 1000.73 1001.245 1001.66 1001.965 1002.265 1002.54 1002.825 1003.1 1003.38 1003.66 1003.94 1004.195 1004.445 1004.69 1004.777 1004.813 1004.825 1004.82 1004.816 1004.819
1002.545 1002.56 1002.62 1002.675 1002.705 1002.735 1002.78 1002.85 1002.935 1003.01 1003.065 1003.125 1003.175 1003.245 1003.315 1003.34 1003.33 1003.27 1003.205 1003.135 1003.065 1003.015 1003.015 1003.025 1003.015 1002.985 1002.955 1002.925 1002.895 1002.865 1002.815 1002.73 1002.62 1002.48 1002.34 1002.2 1002.06 1001.92 1001.78 1001.68 1001.57 1001.23 1000.95 1000.735 1000.64 1000.48 1000.375 1000.6 1000.71 1000.475 1001.085 1001.665 1001.965 1002.23 1002.47 1002.725 1002.975 1003.23 1003.485 1003.735 1003.985 1004.24 1004.495 1004.735 1004.789 1004.816 1004.811 1004.809 1004.812 1004.815
1002.23 1002.28 1002.34 1002.39 1002.415 1002.445 1002.495 1002.565 1002.65 1002.725 1002.795 1002.845 1002.9 1002.98 1003.045 1003.08 1003.075 1003.025 1002.965 1002.895 1002.825 1002.785 1002.795 1002.805 1002.795 1002.765 1002.735 1002.705 1002.675 1002.645 1002.615 1002.585 1002.475 1002.36 1002.22 1002.08 1001.94 1001.8 1001.67 1001.58 1001.42 1001.13 1000.86 1000.695 1000.48 1000.335 1000.27 1000.565 1000.95 1001.02 1001.595 1001.895 1002.08 1002.31 1002.535 1002.785 1003.03 1003.275 1003.525 1003.78 1004.03 1004.285 1004.54 1004.766 1004.802 1004.802 1004.801 1004.805 1004.808 1004.811
1001.935 1002.005 1002.06 1002.1 1002.125 1002.155 1002.205 1002.285 1002.365 1002.45 1002.515 1002.565 1002.625 1002.715 1002.775 1002.815 1002.815 1002.78 1002.725 1002.655 1002.585 1002.565 1002.575 1002.585 1002.57 1002.545 1002.515 1002.485 1002.455 1002.425 1002.395 1002.365 1002.305 1002.22 1002.1 1001.96 1001.82 1001.68 1001.56 1001.475 1001.395 1001 1000.72 1000.58 1000.395 1000.2 1000.21 1000.22 1000.55 1001.315 1001.87 1001.97 1002.195 1002.42 1002.645 1002.87 1003.105 1003.345 1003.585 1003.825 1004.08 1004.335 1004.585 1004.779 1004.793 1004.794 1004.797 1004.8 1004.804 1004.809
1001.655 1001.725 1001.775 1001.815 1001.835 1001.865 1001.92 1002 1002.085 1002.17 1002.235 1002.285 1002.36 1002.445 1002.505 1002.545 1002.555 1002.535 1002.48 1002.415 1002.355 1002.345 1002.355 1002.355 1002.35 1002.325 1002.295 1002.265 1002.235 1002.205 1002.175 1002.145 1002.115 1002.05 1001.965 1001.845 1001.705 1001.565 1001.46 1001.45 1001.34 1000.695 1000.58 1000.445 1000.26 1000.13 1000.055 1000.05 1001.005 1001.625 1001.84 1002.115 1002.31 1002.525 1002.75 1002.985 1003.21 1003.435 1003.665 1003.905 1004.145 1004.38 1004.63 1004.784 1004.787 1004.79 1004.793 1004.797 1004.802 1004.808
1001.385 1001.445 1001.495 1001.525 1001.545 1001.575 1001.635 1001.715 1001.805 1001.885 1001.955 1002.01 1002.095 1002.175 1002.235 1002.275 1002.295 1002.285 1002.235 1002.175 1002.125 1002.125 1002.13 1002.135 1002.13 1002.11 1002.08 1002.05 1002.02 1001.99 1001.96 1001.93 1001.9 1001.87 1001.805 1001.72 1001.59 1001.455 1001.38 1001.475 1000.805 1000.59 1000.46 1000.355 1000.15 1000.04 999.994 1000.467 1001.24 1001.5 1002.04 1002.33 1002.515 1002.72 1002.92 1003.115 1003.31 1003.52 1003.745 1003.98 1004.205 1004.445 1004.685 1004.779 1004.783 1004.786 1004.79 1004.795 1004.799 1004.765
1001.105 1001.16 1001.205 1001.235 1001.255 1001.285 1001.345 1001.435 1001.515 1001.605 1001.675 1001.74 1001.825 1001.905 1001.965 1002.005 1002.045 1002.035 1001.99 1001.935 1001.895 1001.905 1001.91 1001.915 1001.915 1001.895 1001.865 1001.835 1001.805 1001.775 1001.745 1001.715 1001.685 1001.655 1001.625 1001.55 1001.465 1001.345 1001.385 1001.055 1000.655 1000.52 1000.405 1000.23 1000.125 1000.05 1000.012 1000.59 1001.18 1001.725 1002.13 1002.38 1002.555 1002.76 1002.975 1003.185 1003.44 1003.65 1003.89 1004.09 1004.295 1004.495 1004.735 1004.775 1004.778 1004.783 1004.788 1004.786 1004.752 1004.822
1000.785 1000.875 1000.92 1000.945 1000.965 1000.995 1001.065 1001.15 1001.235 1001.32 1001.4 1001.475 1001.555 1001.64 1001.695 1001.735 1001.775 1001.775 1001.745 1001.69 1001.675 1001.675 1001.685 1001.695 1001.695 1001.675 1001.645 1001.615 1001.585 1001.555 1001.525 1001.495 1001.465 1001.435 1001.405 1001.375 1001.305 1001.275 1001.135 1000.95 1000.63 1000.405 1000.32 1000.205 1000.11 1000.065 1000.075 1000.87 1001.045 1001.81 1002.105 1002.245 1002.5 1002.745 1002.99 1003.23 1003.46 1003.71 1003.91 1004.115 1004.315 1004.545 1004.768 1004.771 1004.776 1004.781 1004.773 1004.749 1004.824 1004.847
1000.235 1000.286 1000.32 1000.345 1000.48 1000.515 1000.585 1000.63 1000.66 1000.745 1000.855 1000.935 1001.055 1001.15 1001.23 1001.27 1001.35 1001.36 1001.41 1001.475 1001.455 1001.455 1001.465 1001.475 1001.475 1001.455 1001.425 1001.395 1001.385 1001.355 1001.345 1001.35 1001.32 1001.315 1001.285 1001.28 1001.26 1001.085 1000.92 1000.77 1000.525 1000.32 1000.235 1000.135 1000.15 1000.325 1000.565 1000.65 1001.255 1001.995 1002.22 1002.4 1002.6 1002.77 1003 1003.23 1003.46 1003.69 1003.92 1004.15 1004.38 1004.61 1004.764 1004.769 1004.774 1004.761 1004.752 1004.826 1004.842 1004.853
999.7545 999.8 999.8195 999.883 999.863 999.963 999.9705 999.9675 999.995 1000.058 1000.099 1000.229 1000.323 1000.434 1000.475 1000.49 1000.645 1000.8 1000.96 1001.04 1001.105 1001.21 1001.23 1001.24 1001.18 1001.205 1001.195 1001.195 1001.215 1001.225 1001.23 1001.225 1001.225 1001.215 1001.21 1001.185 1001.06 1000.96 1000.875 1000.645 1000.365 1000.205 1000.085 1000.065 1000.098 1000.685 1000.91 1001.175 1001.655 1002.035 1002.32 1002.605 1002.725 1002.93 1003.105 1003.3 1003.53 1003.76 1003.99 1004.22 1004.45 1004.68 1004.762 1004.767 1004.748 1004.754 1004.821 1004.837 1004.847 1004.839
999.6725 999.687 999.7025 999.6956 999.6995 999.697 999.708 999.694 999.6865 999.7285 999.7795 999.8311 999.887 999.948 1000.002 1000.081 1000.089 1000.298 1000.405 1000.55 1000.725 1000.91 1000.85 1000.75 1000.805 1000.875 1000.925 1000.945 1000.96 1000.97 1000.98 1000.99 1001 1000.915 1000.875 1000.845 1000.795 1000.715 1000.535 1000.365 1000.085 999.968 999.902 999.913 999.8895 1000.6 1001.13 1001.48 1001.74 1002.005 1002.345 1002.685 1002.89 1003.06 1003.23 1003.435 1003.6 1003.83 1004.06 1004.29 1004.52 1004.755 1004.76 1004.735 1004.757 1004.815 1004.831 1004.84 1004.859 -9999
999.5995 999.619 999.62 999.626 999.692 999.717 999.7265 999.715 999.7314 999.7665 999.7965 999.824 999.8361 999.867 999.8895 999.901 999.923 999.9835 1000.079 1000.126 1000.287 1000.395 1000.33 1000.3 1000.395 1000.48 1000.555 1000.57 1000.6 1000.66 1000.71 1000.735 1000.61 1000.7 1000.665 1000.61 1000.44 1000.23 1000.096 999.9035 999.799 999.7725 999.772 999.628 999.913 1001.015 1001.585 1001.645 1001.83 1002.09 1002.35 1002.655 1002.935 1003.195 1003.395 1003.545 1003.74 1003.94 1004.13 1004.36 1004.595 1004.753 1004.722 1004.759 1004.81 1004.826 1004.834 -9999 -9999 -9999
999.6385 999.6605 999.666 999.7735 999.8445 999.877 999.893 999.8925 999.9025 999.924 999.921 999.894 999.881 999.88 999.8865 999.911 999.9265 999.9445 999.907 999.8805 999.969 999.976 1000.024 1000.049 1000.125 1000.22 1000.265 1000.345 1000.435 1000.52 1000.58 1000.57 1000.65 1000.65 1000.55 1000.345 1000.12 999.905 999.7895 999.6689 999.651 999.631 999.4715 999.451 1000.45 1001.645 1001.67 1001.85 1002.035 1002.215 1002.44 1002.7 1002.965 1003.245 1003.505 1003.7 1003.875 1004.04 1004.245 1004.45 1004.67 1004.709 1004.761 1004.805 1004.819 1004.828 -9999 -9999 -9999 -9999
999.7875 999.8015 999.8785 999.988 1000.055 1000.086 1000.063 1000.045 1000.1 1000.095 1000.061 1000.051 1000.031 1000.006 1000.001 1000.018 1000.016 1000.001 999.918 999.8455 999.842 999.9525 999.971 1000.002 1000.038 1000.08 1000.16 1000.265 1000.365 1000.46 1000.515 1000.51 1000.595 1000.48 1000.32 1000.125 999.9125 999.772 999.64 999.5895 999.538 999.3965 999.3105 999.659 1001.16 1001.72 1001.875 1002.06 1002.24 1002.42 1002.605 1002.79 1003.05 1003.315 1003.55 1003.81 1004.005 1004.185 1004.36 1004.555 1004.696 1004.764 1004.799 1004.813 1004.811 -9999 -9999 -9999 -9999 -9999
999.9335 1000 1000.115 1000.22 1000.255 1000.25 1000.195 1000.195 1000.195 1000.18 1000.18 1000.15 1000.14 1000.14 1000.11 1000.12 1000.115 1000.095 1000.016 999.9715 999.9735 1000.016 1000.032 1000.048 1000.06 1000.075 1000.155 1000.23 1000.315 1000.355 1000.37 1000.375 1000.385 1000.28 1000.13 999.9295 999.772 999.667 999.575 999.5165 999.419 999.348 999.369 1000.067 1001.33 1001.9 1002.08 1002.26 1002.445 1002.63 1002.81 1002.995 1003.18 1003.4 1003.585 1003.86 1004.115 1004.31 1004.49 1004.665 1004.766 1004.794 1004.807 1004.745 -9999 -9999 -9999 -9999 -9999 -9999
1000.021 1000.135 1000.375 1000.465 1000.455 1000.43 1000.36 1000.39 1000.345 1000.315 1000.305 1000.295 1000.285 1000.33 1000.26 1000.19 1000.245 1000.175 1000.12 1000.095 1000.105 1000.14 1000.145 1000.16 1000.175 1000.185 1000.215 1000.27 1000.28 1000.26 1000.225 1000.225 1000.2 1000.12 999.9535 999.729 999.6005 999.5445 999.604 999.7305 999.7455 999.461 999.5225 1000.297 1001.86 1002.055 1002.245 1002.44 1002.63 1002.82 1003.02 1003.2 1003.385 1003.565 1003.75 1004.005 1004.205 1004.42 1004.615 1004.769 1004.789 1004.801 1004.714 -9999 -9999 -9999 -9999 -9999 -9999 -9999
