sfe81_gcs_analysis/sfe_81.asc
ncols         314
nrows         227
xllcorner     9969.4717523519
yllcorner     19985.042114258
cellsize      1
NODATA_value  -9999
[rows 62 to 92 of 227, columns 140 to 209 of 314]
1003.165 1003.13 1003.03 1002.915 1002.895 1002.82 1002.715 1002.66 1002.615 1002.555 1002.49 1002.43 1002.395 1002.365 1002.35 1002.345 1002.33 1002.325 1002.325 1002.32 1002.315 1002.36 1002.32 1002.32 1002.375 1002.395 1002.415 1002.465 1002.51 1002.57 1002.62 1002.725 1002.71 1002.75 1002.905 1003.1 1003.215 1003.3 1003.35 1003.56 1003.62 1003.67 1003.72 1003.76 1003.8 1003.84 1003.895 1003.955 1004.03 1004.125 1004.235 1004.35 1004.46 1004.575 1004.685 1004.79 1004.905 1005.02 1005.16 1005.31 1005.46 1005.61 1005.76 1005.905 1005.984 1005.976 1005.972 1005.967 1005.962 1005.957
1002.88 1002.895 1002.775 1002.675 1002.675 1002.63 1002.515 1002.445 1002.41 1002.39 1002.33 1002.305 1002.29 1002.25 1002.24 1002.24 1002.235 1002.24 1002.265 1002.29 1002.295 1002.355 1002.365 1002.415 1002.46 1002.475 1002.51 1002.555 1002.605 1002.655 1002.935 1002.965 1003.11 1003.285 1003.365 1003.53 1003.575 1003.63 1003.675 1003.72 1003.77 1003.82 1003.88 1003.92 1003.995 1004.05 1004.14 1004.22 1004.305 1004.395 1004.5 1004.62 1004.745 1004.87 1004.975 1005.085 1005.195 1005.315 1005.455 1005.6 1005.75 1005.9 1005.974 1005.973 1005.967 1005.963 1005.958 1005.953 1005.948 1005.943
1002.665 1002.675 1002.58 1002.51 1002.47 1002.425 1002.33 1002.295 1002.27 1002.27 1002.265 1002.26 1002.22 1002.185 1002.2 1002.235 1002.24 1002.295 1002.32 1002.34 1002.36 1002.415 1002.45 1002.505 1002.54 1002.57 1002.63 1002.82 1002.86 1003.055 1003.385 1003.475 1003.51 1003.6 1003.645 1003.695 1003.735 1003.785 1003.835 1003.88 1003.94 1004 1004.075 1004.15 1004.23 1004.32 1004.405 1004.495 1004.58 1004.665 1004.765 1004.89 1005.015 1005.14 1005.26 1005.375 1005.49 1005.61 1005.745 1005.885 1005.963 1005.963 1005.961 1005.957 1005.948 1005.949 1005.944 1005.939 1005.934 1005.929
1002.52 1002.495 1002.43 1002.355 1002.35 1002.285 1002.255 1002.23 1002.215 1002.21 1002.22 1002.21 1002.17 1002.22 1002.25 1002.34 1002.39 1002.43 1002.44 1002.435 1002.45 1002.52 1002.575 1002.63 1002.74 1002.915 1003.145 1003.245 1003.49 1003.61 1003.645 1003.685 1003.725 1003.76 1003.805 1003.85 1003.905 1003.96 1004.025 1004.09 1004.165 1004.24 1004.325 1004.4 1004.48 1004.57 1004.665 1004.76 1004.85 1004.935 1005.035 1005.16 1005.28 1005.41 1005.53 1005.655 1005.78 1005.9 1005.949 1005.949 1005.951 1005.95 1005.948 1005.939 1005.94 1005.935 1005.93 1005.925 1005.92 1005.915
1002.37 1002.36 1002.3 1002.265 1002.26 1002.25 1002.215 1002.19 1002.165 1002.16 1002.145 1002.13 1002.165 1002.21 1002.335 1002.42 1002.54 1002.55 1002.56 1002.555 1002.655 1002.815 1003 1003.17 1003.4 1003.56 1003.655 1003.675 1003.7 1003.74 1003.78 1003.825 1003.87 1003.93 1003.995 1004.055 1004.12 1004.19 1004.255 1004.32 1004.395 1004.485 1004.57 1004.65 1004.73 1004.82 1004.92 1005.015 1005.11 1005.195 1005.305 1005.425 1005.555 1005.68 1005.805 1005.93 1005.972 1005.948 1005.935 1005.94 1005.938 1005.936 1005.93 1005.931 1005.926 1005.921 1005.916 1005.911 1005.906 1005.901
1002.295 1002.275 1002.26 1002.21 1002.205 1002.205 1002.195 1002.175 1002.115 1002.085 1002.075 1002.065 1002.185 1002.385 1002.54 1002.715 1002.64 1002.72 1002.885 1003.115 1003.355 1003.515 1003.6 1003.7 1003.72 1003.74 1003.765 1003.79 1003.825 1003.865 1003.935 1004 1004.08 1004.165 1004.235 1004.295 1004.355 1004.42 1004.485 1004.55 1004.63 1004.72 1004.815 1004.895 1004.98 1005.075 1005.17 1005.275 1005.375 1005.48 1005.595 1005.715 1005.835 1005.931 1005.943 1005.956 1005.946 1005.921 1005.927 1005.926 1005.925 1005.92 1005.914 1005.917 1005.912 1005.907 1005.902 1005.897 1005.892 1005.887
1002.235 1002.245 1002.215 1002.185 1002.2 1002.225 1002.225 1002.15 1002.085 1002.205 1002.34 1002.345 1002.37 1003.05 1003.22 1003.195 1003.27 1003.435 1003.605 1003.615 1003.745 1003.76 1003.775 1003.785 1003.81 1003.84 1003.875 1003.93 1003.99 1004.08 1004.16 1004.24 1004.33 1004.41 1004.48 1004.545 1004.59 1004.655 1004.715 1004.78 1004.865 1004.96 1005.055 1005.14 1005.24 1005.35 1005.46 1005.57 1005.68 1005.79 1005.9 1005.909 1005.914 1005.927 1005.939 1005.945 1005.913 1005.913 1005.915 1005.913 1005.911 1005.902 1005.909 1005.904 1005.898 1005.893 1005.888 1005.883 1005.878 1005.873
1002.21 1002.225 1002.245 1002.245 1002.265 1002.28 1002.265 1002.21 1002.41 1002.54 1002.645 1002.745 1003.3 1003.675 1003.735 1003.745 1003.755 1003.775 1003.785 1003.795 1003.81 1003.835 1003.85 1003.875 1003.925 1003.985 1004.06 1004.14 1004.225 1004.315 1004.405 1004.49 1004.57 1004.65 1004.735 1004.795 1004.845 1004.9 1004.955 1005.015 1005.11 1005.21 1005.32 1005.43 1005.55 1005.665 1005.775 1005.885 1005.963 1005.935 1005.906 1005.898 1005.911 1005.923 1005.936 1005.912 1005.899 1005.903 1005.902 1005.9 1005.892 1005.9 1005.895 1005.89 1005.885 1005.88 1005.875 1005.87 1005.865 1005.86
1002.245 1002.28 1002.315 1002.32 1002.335 1002.345 1002.375 1002.565 1002.805 1003.045 1003.485 1003.735 1003.755 1003.77 1003.79 1003.8 1003.815 1003.83 1003.84 1003.855 1003.88 1003.925 1003.98 1004.05 1004.13 1004.205 1004.285 1004.36 1004.45 1004.55 1004.64 1004.725 1004.815 1004.9 1004.98 1005.045 1005.105 1005.155 1005.195 1005.285 1005.4 1005.515 1005.63 1005.75 1005.865 1005.975 1005.985 1005.96 1005.932 1005.904 1005.882 1005.894 1005.907 1005.919 1005.91 1005.885 1005.891 1005.89 1005.889 1005.883 1005.879 1005.886 1005.881 1005.876 1005.871 1005.866 1005.861 1005.856 1005.851 1005.846
1002.31 1002.345 1002.375 1002.395 1002.41 1002.45 1002.74 1003.235 1003.495 1003.73 1003.76 1003.78 1003.795 1003.82 1003.835 1003.85 1003.865 1003.88 1003.925 1003.97 1004.045 1004.12 1004.195 1004.27 1004.35 1004.43 1004.505 1004.58 1004.67 1004.765 1004.86 1004.96 1005.05 1005.14 1005.225 1005.3 1005.365 1005.405 1005.475 1005.59 1005.705 1005.825 1005.94 1005.987 1005.981 1005.975 1005.958 1005.929 1005.901 1005.873 1005.878 1005.891 1005.903 1005.909 1005.877 1005.877 1005.879 1005.877 1005.874 1005.865 1005.877 1005.872 1005.867 1005.862 1005.857 1005.852 1005.847 1005.842 1005.837 1005.832
1002.415 1002.44 1002.465 1002.475 1002.87 1003.055 1003.5 1003.72 1003.75 1003.78 1003.81 1003.83 1003.845 1003.865 1003.885 1003.955 1003.97 1004.04 1004.115 1004.19 1004.265 1004.335 1004.41 1004.49 1004.57 1004.65 1004.725 1004.8 1004.885 1004.98 1005.08 1005.18 1005.28 1005.375 1005.465 1005.55 1005.615 1005.67 1005.78 1005.895 1005.989 1005.983 1005.977 1005.971 1005.965 1005.955 1005.927 1005.898 1005.87 1005.862 1005.874 1005.887 1005.898 1005.876 1005.863 1005.867 1005.865 1005.864 1005.855 1005.867 1005.863 1005.858 1005.853 1005.848 1005.843 1005.838 1005.833 1005.828 1005.823 1005.818
1002.56 1002.57 1002.725 1003.09 1003.295 1003.715 1003.74 1003.77 1003.795 1003.825 1003.855 1003.88 1003.92 1003.97 1004.04 1004.12 1004.19 1004.26 1004.335 1004.41 1004.485 1004.555 1004.63 1004.705 1004.79 1004.87 1004.95 1005.03 1005.11 1005.2 1005.3 1005.4 1005.495 1005.595 1005.69 1005.785 1005.86 1005.97 1005.985 1005.979 1005.973 1005.967 1005.96 1005.954 1005.948 1005.924 1005.896 1005.867 1005.846 1005.858 1005.87 1005.883 1005.874 1005.849 1005.855 1005.854 1005.852 1005.846 1005.845 1005.854 1005.849 1005.844 1005.839 1005.834 1005.829 1005.824 1005.819 1005.814 1005.809 1005.804
1002.835 1003.135 1003.47 1003.7 1003.725 1003.76 1003.79 1003.815 1003.84 1003.89 1003.925 1004.03 1004.115 1004.19 1004.265 1004.34 1004.41 1004.485 1004.555 1004.625 1004.7 1004.775 1004.845 1004.925 1005.005 1005.085 1005.17 1005.25 1005.33 1005.42 1005.515 1005.615 1005.715 1005.81 1005.91 1005.99 1005.983 1005.975 1005.969 1005.963 1005.956 1005.95 1005.944 1005.938 1005.922 1005.893 1005.865 1005.837 1005.842 1005.854 1005.867 1005.873 1005.841 1005.841 1005.842 1005.841 1005.837 1005.831 1005.845 1005.84 1005.835 1005.83 1005.825 1005.82 1005.815 1005.81 1005.805 1005.8 1005.795 1005.79
1003.41 1003.67 1003.725 1003.75 1003.775 1003.805 1003.83 1003.86 1003.89 1004.025 1004.135 1004.255 1004.305 1004.41 1004.485 1004.56 1004.635 1004.705 1004.775 1004.845 1004.92 1004.995 1005.065 1005.14 1005.22 1005.305 1005.385 1005.47 1005.55 1005.64 1005.73 1005.83 1005.93 1005.988 1005.98 1005.973 1005.966 1005.958 1005.952 1005.946 1005.94 1005.934 1005.928 1005.919 1005.891 1005.862 1005.834 1005.826 1005.838 1005.85 1005.859 1005.84 1005.827 1005.831 1005.829 1005.827 1005.818 1005.833 1005.832 1005.827 1005.821 1005.816 1005.811 1005.806 1005.801 1005.796 1005.791 1005.786 1005.781 1005.776
1003.72 1003.74 1003.77 1003.79 1003.815 1003.845 1003.875 1003.92 1004.055 1004.205 1004.355 1004.44 1004.53 1004.6 1004.705 1004.78 1004.855 1004.925 1004.995 1005.065 1005.14 1005.215 1005.285 1005.36 1005.435 1005.52 1005.605 1005.69 1005.77 1005.855 1005.955 1005.983 1005.978 1005.971 1005.963 1005.956 1005.949 1005.942 1005.936 1005.93 1005.924 1005.918 1005.912 1005.888 1005.86 1005.831 1005.809 1005.822 1005.834 1005.847 1005.838 1005.813 1005.819 1005.818 1005.816 1005.809 1005.81 1005.823 1005.818 1005.813 1005.808 1005.803 1005.798 1005.793 1005.788 1005.783 1005.778 1005.773 1005.768 1005.763
1003.76 1003.785 1003.81 1003.835 1003.865 1003.89 1003.97 1004.11 1004.245 1004.42 1004.565 1004.665 1004.725 1004.8 1004.92 1005.01 1005.08 1005.15 1005.22 1005.29 1005.36 1005.435 1005.505 1005.575 1005.655 1005.735 1005.815 1005.905 1005.974 1005.972 1005.969 1005.968 1005.961 1005.954 1005.946 1005.939 1005.932 1005.926 1005.92 1005.914 1005.908 1005.901 1005.885 1005.857 1005.829 1005.802 1005.805 1005.818 1005.83 1005.837 1005.806 1005.805 1005.806 1005.805 1005.799 1005.796 1005.814 1005.809 1005.804 1005.799 1005.794 1005.789 1005.784 1005.779 1005.774 1005.769 1005.764 1005.759 1005.754 1005.749
1003.8 1003.825 1003.85 1003.875 1003.915 1004.03 1004.16 1004.28 1004.445 1004.625 1004.785 1004.885 1004.925 1005.01 1005.075 1005.23 1005.305 1005.375 1005.445 1005.51 1005.58 1005.655 1005.725 1005.795 1005.87 1005.955 1005.961 1005.96 1005.958 1005.955 1005.953 1005.951 1005.944 1005.937 1005.929 1005.922 1005.916 1005.91 1005.904 1005.897 1005.891 1005.883 1005.855 1005.826 1005.798 1005.789 1005.802 1005.814 1005.82 1005.804 1005.791 1005.794 1005.793 1005.79 1005.782 1005.799 1005.8 1005.795 1005.79 1005.785 1005.78 1005.775 1005.77 1005.765 1005.76 1005.755 1005.75 1005.745 1005.74 1005.735
1003.835 1003.865 1003.89 1003.95 1004.06 1004.165 1004.34 1004.46 1004.635 1004.815 1004.995 1005.105 1005.15 1005.17 1005.29 1005.395 1005.525 1005.595 1005.665 1005.735 1005.805 1005.875 1005.945 1005.934 1005.936 1005.942 1005.947 1005.944 1005.941 1005.939 1005.941 1005.934 1005.927 1005.92 1005.912 1005.906 1005.899 1005.893 1005.887 1005.881 1005.875 1005.852 1005.824 1005.795 1005.773 1005.785 1005.798 1005.81 1005.803 1005.777 1005.783 1005.781 1005.78 1005.771 1005.776 1005.791 1005.786 1005.781 1005.776 1005.771 1005.766 1005.761 1005.756 1005.751 1005.746 1005.741 1005.736 1005.731 1005.726 1005.721
1003.875 1003.945 1003.995 1004.085 1004.17 1004.325 1004.51 1004.645 1004.805 1005.005 1005.195 1005.33 1005.375 1005.39 1005.46 1005.56 1005.705 1005.82 1005.89 1005.96 1005.944 1005.934 1005.923 1005.918 1005.923 1005.929 1005.93 1005.927 1005.925 1005.928 1005.924 1005.917 1005.91 1005.903 1005.895 1005.889 1005.883 1005.877 1005.871 1005.865 1005.849 1005.821 1005.793 1005.766 1005.769 1005.782 1005.794 1005.799 1005.77 1005.769 1005.77 1005.768 1005.762 1005.762 1005.782 1005.777 1005.772 1005.767 1005.762 1005.757 1005.752 1005.747 1005.742 1005.737 1005.732 1005.727 1005.722 1005.717 1005.712 1005.707
1003.95 1004.04 1004.13 1004.22 1004.305 1004.475 1004.58 1004.825 1004.98 1005.175 1005.39 1005.545 1005.6 1005.615 1005.625 1005.74 1005.855 1005.942 1005.949 1005.933 1005.922 1005.912 1005.901 1005.905 1005.911 1005.916 1005.914 1005.911 1005.908 1005.915 1005.907 1005.9 1005.893 1005.886 1005.879 1005.873 1005.867 1005.861 1005.855 1005.847 1005.818 1005.79 1005.762 1005.753 1005.765 1005.778 1005.781 1005.768 1005.755 1005.758 1005.757 1005.753 1005.748 1005.766 1005.768 1005.763 1005.758 1005.753 1005.748 1005.743 1005.738 1005.733 1005.728 1005.723 1005.718 1005.713 1005.708 1005.703 1005.698 1005.693
1004.085 1004.18 1004.265 1004.355 1004.445 1004.52 1004.74 1004.965 1005.15 1005.34 1005.575 1005.74 1005.83 1005.84 1005.731 1005.798 1005.885 1005.937 1005.922 1005.906 1005.9 1005.89 1005.886 1005.892 1005.901 1005.9 1005.897 1005.895 1005.903 1005.898 1005.89 1005.883 1005.876 1005.869 1005.863 1005.857 1005.851 1005.844 1005.838 1005.816 1005.787 1005.759 1005.737 1005.749 1005.762 1005.774 1005.767 1005.741 1005.747 1005.745 1005.744 1005.734 1005.742 1005.76 1005.755 1005.75 1005.745 1005.739 1005.734 1005.729 1005.724 1005.719 1005.714 1005.709 1005.704 1005.699 1005.694 1005.689 1005.684 1005.679
1004.23 1004.32 1004.41 1004.495 1004.58 1004.66 1004.86 1004.995 1005.285 1005.5 1005.735 1005.71 1005.711 1005.712 1005.742 1005.828 1005.915 1005.91 1005.895 1005.889 1005.878 1005.868 1005.873 1005.879 1005.886 1005.883 1005.881 1005.879 1005.888 1005.881 1005.873 1005.866 1005.859 1005.853 1005.846 1005.84 1005.834 1005.828 1005.813 1005.785 1005.756 1005.731 1005.733 1005.745 1005.758 1005.76 1005.734 1005.733 1005.734 1005.732 1005.725 1005.727 1005.751 1005.746 1005.741 1005.736 1005.731 1005.726 1005.721 1005.716 1005.711 1005.706 1005.701 1005.696 1005.69 1005.685 1005.68 1005.675 1005.67 1005.665
1004.435 1004.49 1004.55 1004.64 1004.715 1004.8 1004.87 1005.12 1005.335 1005.65 1005.691 1005.692 1005.693 1005.695 1005.772 1005.858 1005.899 1005.884 1005.87 1005.867 1005.856 1005.855 1005.86 1005.872 1005.869 1005.867 1005.864 1005.878 1005.871 1005.864 1005.857 1005.849 1005.842 1005.836 1005.83 1005.824 1005.818 1005.811 1005.782 1005.754 1005.726 1005.717 1005.729 1005.742 1005.742 1005.732 1005.719 1005.722 1005.72 1005.716 1005.713 1005.732 1005.737 1005.732 1005.727 1005.722 1005.717 1005.712 1005.707 1005.702 1005.697 1005.692 1005.687 1005.682 1005.677 1005.672 1005.667 1005.662 1005.657 1005.652
1004.67 1004.7 1004.765 1004.81 1004.87 1004.95 1005.21 1005.381 1005.551 1005.673 1005.673 1005.674 1005.675 1005.715 1005.802 1005.88 1005.872 1005.857 1005.856 1005.845 1005.836 1005.842 1005.847 1005.855 1005.853 1005.85 1005.854 1005.861 1005.854 1005.847 1005.839 1005.832 1005.826 1005.82 1005.814 1005.808 1005.801 1005.78 1005.751 1005.723 1005.701 1005.713 1005.725 1005.735 1005.731 1005.705 1005.71 1005.709 1005.706 1005.699 1005.709 1005.728 1005.723 1005.718 1005.713 1005.708 1005.703 1005.698 1005.693 1005.688 1005.683 1005.678 1005.673 1005.668 1005.663 1005.658 1005.653 1005.648 1005.643 1005.638
1004.95 1004.975 1005 1005.06 1005.012 1005.111 1005.281 1005.452 1005.623 1005.655 1005.655 1005.656 1005.664 1005.745 1005.832 1005.861 1005.845 1005.838 1005.834 1005.823 1005.823 1005.829 1005.841 1005.839 1005.836 1005.834 1005.852 1005.844 1005.837 1005.83 1005.823 1005.816 1005.81 1005.804 1005.798 1005.792 1005.777 1005.749 1005.72 1005.696 1005.697 1005.709 1005.722 1005.721 1005.698 1005.697 1005.697 1005.696 1005.688 1005.693 1005.719 1005.714 1005.709 1005.704 1005.699 1005.694 1005.689 1005.684 1005.679 1005.674 1005.669 1005.664 1005.659 1005.654 1005.649 1005.644 1005.639 1005.634 1005.629 1005.624
1005.23 1005.244 1005.151 1005.057 1005.012 1005.182 1005.353 1005.523 1005.636 1005.637 1005.637 1005.638 1005.688 1005.775 1005.844 1005.834 1005.818 1005.823 1005.812 1005.805 1005.81 1005.819 1005.825 1005.822 1005.82 1005.829 1005.835 1005.827 1005.82 1005.813 1005.806 1005.8 1005.794 1005.787 1005.781 1005.775 1005.746 1005.718 1005.69 1005.68 1005.693 1005.705 1005.702 1005.696 1005.683 1005.686 1005.684 1005.679 1005.679 1005.698 1005.705 1005.7 1005.695 1005.69 1005.685 1005.68 1005.675 1005.67 1005.665 1005.66 1005.655 1005.65 1005.645 1005.64 1005.635 1005.63 1005.625 1005.62 1005.615 1005.61
1005.289 1005.196 1005.102 1005.028 1005.083 1005.254 1005.424 1005.595 1005.618 1005.619 1005.619 1005.634 1005.718 1005.805 1005.823 1005.807 1005.805 1005.801 1005.79 1005.792 1005.797 1005.811 1005.809 1005.806 1005.804 1005.825 1005.818 1005.81 1005.803 1005.796 1005.789 1005.783 1005.777 1005.771 1005.764 1005.744 1005.715 1005.687 1005.666 1005.677 1005.689 1005.695 1005.695 1005.669 1005.674 1005.673 1005.669 1005.665 1005.675 1005.696 1005.691 1005.686 1005.681 1005.676 1005.671 1005.666 1005.661 1005.656 1005.651 1005.646 1005.641 1005.636 1005.631 1005.626 1005.621 1005.616 1005.611 1005.606 1005.601 1005.596
1005.241 1005.147 1005.072 1004.995 1005.154 1005.325 1005.495 1005.599 1005.6 1005.601 1005.606 1005.662 1005.748 1005.808 1005.796 1005.78 1005.789 1005.779 1005.773 1005.779 1005.79 1005.795 1005.792 1005.789 1005.804 1005.808 1005.801 1005.793 1005.786 1005.779 1005.773 1005.767 1005.761 1005.755 1005.741 1005.713 1005.684 1005.661 1005.66 1005.673 1005.685 1005.682 1005.662 1005.661 1005.661 1005.66 1005.651 1005.658 1005.688 1005.682 1005.677 1005.672 1005.667 1005.662 1005.657 1005.652 1005.647 1005.642 1005.637 1005.632 1005.627 1005.622 1005.617 1005.612 1005.607 1005.602 1005.597 1005.592 1005.587 1005.582
1005.192 1005.115 1005.044 1005.055 1005.226 1005.396 1005.567 1005.581 1005.582 1005.583 1005.605 1005.692 1005.774 1005.784 1005.769 1005.772 1005.767 1005.757 1005.76 1005.766 1005.781 1005.778 1005.776 1005.779 1005.798 1005.791 1005.784 1005.776 1005.769 1005.763 1005.757 1005.751 1005.745 1005.738 1005.71 1005.682 1005.656 1005.644 1005.656 1005.669 1005.663 1005.66 1005.648 1005.65 1005.648 1005.641 1005.644 1005.664 1005.674 1005.669 1005.664 1005.659 1005.654 1005.649 1005.644 1005.639 1005.634 1005.629 1005.624 1005.619 1005.614 1005.608 1005.603 1005.598 1005.593 1005.588 1005.583 1005.578 1005.573 1005.568
1005.159 1005.088 1005.011 1005.127 1005.297 1005.468 1005.562 1005.563 1005.564 1005.575 1005.635 1005.722 1005.771 1005.758 1005.744 1005.756 1005.745 1005.742 1005.747 1005.762 1005.764 1005.762 1005.759 1005.779 1005.781 1005.774 1005.767 1005.759 1005.753 1005.747 1005.741 1005.735 1005.728 1005.708 1005.679 1005.651 1005.63 1005.64 1005.653 1005.656 1005.659 1005.634 1005.638 1005.636 1005.632 1005.63 1005.641 1005.665 1005.66 1005.655 1005.65 1005.645 1005.64 1005.635 1005.63 1005.625 1005.62 1005.615 1005.61 1005.605 1005.6 1005.595 1005.59 1005.585 1005.58 1005.575 1005.57 1005.565 1005.56 1005.555
1005.131 1005.061 1005.027 1005.198 1005.368 1005.539 1005.544 1005.545 1005.547 1005.578 1005.665 1005.738 1005.746 1005.731 1005.74 1005.734 1005.723 1005.729 1005.737 1005.75 1005.748 1005.745 1005.755 1005.772 1005.764 1005.757 1005.75 1005.743 1005.737 1005.73 1005.724 1005.718 1005.705 1005.677 1005.648 1005.625 1005.624 1005.636 1005.649 1005.644 1005.626 1005.626 1005.625 1005.623 1005.616 1005.624 1005.654 1005.651 1005.646 1005.641 1005.636 1005.631 1005.626 1005.621 1005.616 1005.611 1005.606 1005.601 1005.596 1005.591 1005.586 1005.581 1005.576 1005.571 1005.566 1005.561 1005.556 1005.551 1005.546 1005.541
