sfe81_gcs_analysis/sfe_81.asc
ncols         314
nrows         227
xllcorner     9969.4717523519
yllcorner     19985.042114258
cellsize      1
NODATA_value  -9999
[rows 31 to 61 of 227, columns 140 to 209 of 314]
-9999 -9999 -9999 -9999 -9999 -9999 -9999 -9999 -9999 -9999 -9999 -9999 -9999 -9999 -9999 -9999 -9999 -9999 -9999 -9999 -9999 -9999 -9999 -9999 -9999 -9999 -9999 -9999 -9999 -9999 -9999 -9999 -9999 -9999 -9999 -9999 -9999 -9999 -9999 -9999 -9999 -9999 -9999 -9999 -9999 -9999 -9999 -9999 -9999 -9999 -9999 -9999 -9999 -9999 -9999 -9999 -9999 -9999 -9999 -9999 -9999 -9999 -9999 -9999 -9999 -9999 -9999 1005.495 1005.506 1005.547
-9999 -9999 -9999 -9999 -9999 -9999 -9999 -9999 -9999 -9999 -9999 -9999 -9999 -9999 -9999 -9999 -9999 -9999 -9999 -9999 -9999 -9999 -9999 -9999 -9999 -9999 -9999 -9999 -9999 -9999 -9999 -9999 -9999 -9999 -9999 -9999 -9999 -9999 -9999 -9999 -9999 -9999 -9999 -9999 -9999 -9999 -9999 -9999 -9999 -9999 -9999 -9999 -9999 -9999 -9999 -9999 -9999 -9999 -9999 -9999 -9999 -9999 -9999 -9999 1005.494 1005.508 1005.548 1005.589 1005.614 1005.622
-9999 -9999 -9999 -9999 -9999 -9999 -9999 -9999 -9999 -9999 -9999 -9999 -9999 -9999 -9999 -9999 -9999 -9999 -9999 -9999 -9999 -9999 -9999 -9999 -9999 -9999 -9999 -9999 -9999 -9999 -9999 -9999 -9999 -9999 -9999 -9999 -9999 -9999 -9999 -9999 -9999 -9999 -9999 -9999 -9999 -9999 -9999 -9999 -9999 -9999 -9999 -9999 -9999 -9999 -9999 -9999 -9999 -9999 -9999 -9999 -9999 1005.492 1005.509 1005.549 1005.59 1005.617 1005.625 1005.633 1005.641 1005.649
-9999 -9999 -9999 -9999 -9999 -9999 -9999 -9999 -9999 -9999 -9999 -9999 -9999 -9999 -9999 -9999 -9999 -9999 -9999 -9999 -9999 -9999 -9999 -9999 -9999 -9999 -9999 -9999 -9999 -9999 -9999 -9999 -9999 -9999 -9999 -9999 -9999 -9999 -9999 -9999 -9999 -9999 -9999 -9999 -9999 -9999 -9999 -9999 -9999 -9999 -9999 -9999 -9999 -9999 -9999 -9999 -9999 -9999 1005.491 1005.51 1005.55 1005.591 1005.62 1005.628 1005.636 1005.644 1005.652 1005.66 1005.498 1005.261
-9999 -9999 -9999 -9999 -9999 -9999 -9999 -9999 -9999 -9999 -9999 -9999 -9999 -9999 -9999 -9999 -9999 -9999 -9999 -9999 -9999 -9999 -9999 -9999 -9999 -9999 -9999 -9999 -9999 -9999 -9999 -9999 -9999 -9999 -9999 -9999 -9999 -9999 -9999 -9999 -9999 -9999 -9999 -9999 -9999 -9999 -9999 -9999 -9999 -9999 -9999 -9999 -9999 -9999 1005.48 1005.49 1005.511 1005.552 1005.592 1005.622 1005.63 1005.638 1005.646 1005.654 1005.662 1005.541 1005.316 1005.082 1004.847 1004.613
-9999 -9999 -9999 -9999 -9999 -9999 -9999 -9999 -9999 -9999 -9999 -9999 -9999 -9999 -9999 -9999 -9999 -9999 -9999 -9999 -9999 -9999 -9999 -9999 -9999 -9999 -9999 -9999 -9999 -9999 -9999 -9999 -9999 -9999 -9999 -9999 -9999 -9999 -9999 -9999 -9999 -9999 -9999 -9999 -9999 -9999 -9999 -9999 -9999 -9999 -9999 1005.481 1005.489 1005.512 1005.553 1005.593 1005.625 1005.633 1005.641 1005.649 1005.657 1005.665 1005.581 1005.371 1005.137 1004.903 1004.668 1004.434 1004.199 1004.06
-9999 -9999 -9999 -9999 -9999 -9999 -9999 -9999 -9999 -9999 -9999 -9999 -9999 -9999 -9999 -9999 -9999 -9999 -9999 -9999 -9999 -9999 -9999 -9999 -9999 -9999 -9999 -9999 -9999 -9999 -9999 -9999 -9999 -9999 -9999 -9999 -9999 -9999 -9999 -9999 -9999 -9999 -9999 -9999 -9999 -9999 -9999 -9999 1005.482 1005.488 1005.513 1005.554 1005.594 1005.628 1005.636 1005.644 1005.652 1005.66 1005.668 1005.621 1005.427 1005.192 1004.958 1004.724 1004.489 1004.255 1004.05 1004.015 1003.981 1003.947
-9999 -9999 -9999 -9999 -9999 -9999 -9999 -9999 -9999 -9999 -9999 -9999 -9999 -9999 -9999 -9999 -9999 -9999 -9999 -9999 -9999 -9999 -9999 -9999 -9999 -9999 -9999 -9999 -9999 -9999 -9999 -9999 -9999 -9999 -9999 -9999 -9999 -9999 -9999 -9999 -9999 -9999 -9999 -9999 -9999 1005.483 1005.487 1005.514 1005.555 1005.595 1005.63 1005.639 1005.647 1005.655 1005.663 1005.671 1005.66 1005.482 1005.248 1005.013 1004.779 1004.545 1004.31 1004.076 1004.005 1003.971 1003.937 1003.903 1003.868 1003.834
-9999 -9999 -9999 -9999 -9999 -9999 -9999 -9999 -9999 -9999 -9999 -9999 -9999 -9999 -9999 -9999 -9999 -9999 -9999 -9999 -9999 -9999 -9999 -9999 -9999 -9999 -9999 -9999 -9999 -9999 -9999 -9999 -9999 -9999 -9999 -9999 -9999 -9999 -9999 -9999 -9999 -9999 1005.484 1005.485 1005.515 1005.556 1005.597 1005.633 1005.641 1005.649 1005.657 1005.665 1005.673 1005.585 1005.42 1005.255 1005.069 1004.834 1004.6 1004.366 1004.131 1003.995 1003.961 1003.927 1003.892 1003.858 1003.824 1003.79 1003.755 1003.721
-9999 -9999 -9999 -9999 -9999 -9999 -9999 -9999 -9999 -9999 -9999 -9999 -9999 -9999 -9999 -9999 -9999 -9999 -9999 -9999 -9999 -9999 -9999 -9999 -9999 -9999 -9999 -9999 -9999 -9999 -9999 -9999 -9999 -9999 -9999 -9999 -9999 -9999 -9999 1005.485 1005.484 1005.517 1005.557 1005.598 1005.636 1005.644 1005.652 1005.66 1005.655 1005.58 1005.435 1005.255 1005.085 1004.91 1004.745 1004.575 1004.405 1004.187 1003.985 1003.951 1003.917 1003.882 1003.848 1003.814 1003.78 1003.745 1003.711 1003.677 1003.643 1003.608
-9999 -9999 -9999 -9999 -9999 -9999 -9999 -9999 -9999 -9999 -9999 -9999 -9999 -9999 -9999 -9999 -9999 -9999 -9999 -9999 -9999 -9999 -9999 -9999 -9999 -9999 -9999 -9999 -9999 -9999 -9999 -9999 -9999 -9999 -9999 -9999 1005.486 1005.483 1005.518 1005.558 1005.599 1005.639 1005.647 1005.61 1005.54 1005.47 1005.395 1005.275 1005.18 1005 1004.815 1004.63 1004.445 1004.27 1004.15 1004.035 1003.945 1003.906 1003.872 1003.838 1003.804 1003.769 1003.735 1003.701 1003.667 1003.632 1003.598 1003.569 1003.564 1003.559
-9999 -9999 -9999 -9999 -9999 -9999 -9999 -9999 -9999 -9999 -9999 -9999 -9999 -9999 -9999 -9999 -9999 -9999 -9999 -9999 -9999 -9999 -9999 -9999 -9999 -9999 -9999 -9999 -9999 -9999 -9999 -9999 -9999 1005.487 1005.482 1005.519 1005.559 1005.6 1005.53 1005.46 1005.39 1005.32 1005.25 1005.18 1005.105 1005.03 1004.93 1004.76 1004.585 1004.4 1004.295 1004.11 1003.995 1003.95 1003.92 1003.885 1003.835 1003.795 1003.759 1003.725 1003.691 1003.657 1003.622 1003.588 1003.554 1003.536 1003.531 1003.526 1003.521 1003.517
-9999 -9999 -9999 -9999 -9999 -9999 -9999 -9999 -9999 -9999 -9999 -9999 -9999 -9999 -9999 -9999 -9999 -9999 -9999 -9999 -9999 -9999 -9999 -9999 -9999 -9999 -9999 -9999 -9999 -9999 1005.488 1005.481 1005.52 1005.45 1005.38 1005.31 1005.24 1005.17 1005.1 1005.03 1004.96 1004.89 1004.815 1004.74 1004.66 1004.515 1004.345 1004.185 1004.08 1003.975 1003.945 1003.91 1003.89 1003.855 1003.83 1003.79 1003.74 1003.69 1003.646 1003.612 1003.578 1003.544 1003.509 1003.503 1003.498 1003.493 1003.488 1003.483 1003.486 1003.494
-9999 -9999 -9999 -9999 -9999 -9999 -9999 -9999 -9999 -9999 -9999 -9999 -9999 -9999 -9999 -9999 -9999 -9999 -9999 -9999 -9999 -9999 -9999 -9999 -9999 -9999 -9999 1005.49 1005.455 1005.38 1005.31 1005.215 1005.125 1005.03 1004.95 1004.88 1004.81 1004.74 1004.67 1004.6 1004.525 1004.45 1004.38 1004.265 1004.105 1004.02 1003.945 1003.935 1003.91 1003.88 1003.85 1003.825 1003.805 1003.765 1003.735 1003.7 1003.65 1003.595 1003.535 1003.499 1003.474 1003.469 1003.465 1003.46 1003.455 1003.45 1003.456 1003.464 1003.472 1003.48
-9999 -9999 -9999 -9999 -9999 -9999 -9999 -9999 -9999 -9999 -9999 -9999 -9999 -9999 -9999 -9999 -9999 -9999 -9999 -9999 -9999 -9999 -9999 -9999 1005.47 1005.405 1005.34 1005.275 1005.2 1005.11 1005.05 1004.935 1004.815 1004.71 1004.62 1004.525 1004.41 1004.34 1004.245 1004.16 1004.09 1004.005 1004 1003.85 1003.85 1003.85 1003.85 1003.845 1003.82 1003.79 1003.76 1003.745 1003.715 1003.67 1003.645 1003.61 1003.565 1003.505 1003.445 1003.436 1003.432 1003.427 1003.422 1003.419 1003.427 1003.435 1003.443 1003.45 1003.458 1003.476
-9999 -9999 -9999 -9999 -9999 -9999 -9999 -9999 -9999 -9999 -9999 -9999 -9999 -9999 -9999 -9999 -9999 -9999 -9999 -9999 -9999 1005.425 1005.36 1005.295 1005.23 1005.165 1005.1 1005.035 1004.935 1004.855 1004.79 1004.7 1004.61 1004.495 1004.375 1004.265 1004.145 1004.025 1003.925 1003.845 1003.765 1003.75 1003.75 1003.75 1003.75 1003.755 1003.755 1003.75 1003.725 1003.7 1003.67 1003.655 1003.645 1003.605 1003.565 1003.52 1003.475 1003.42 1003.365 1003.375 1003.389 1003.389 1003.397 1003.405 1003.413 1003.421 1003.43 1003.447 1003.465 1003.482
-9999 -9999 -9999 -9999 -9999 -9999 -9999 -9999 -9999 -9999 -9999 -9999 -9999 -9999 -9999 -9999 -9999 -9999 1005.375 1005.315 1005.25 1005.18 1005.12 1005.05 1004.99 1004.92 1004.86 1004.78 1004.68 1004.595 1004.525 1004.465 1004.38 1004.29 1004.175 1004.055 1003.94 1003.855 1003.78 1003.72 1003.68 1003.66 1003.65 1003.65 1003.66 1003.66 1003.66 1003.65 1003.635 1003.61 1003.58 1003.57 1003.565 1003.53 1003.485 1003.44 1003.39 1003.335 1003.38 1003.38 1003.367 1003.375 1003.383 1003.391 1003.401 1003.419 1003.436 1003.454 1003.471 1003.49
-9999 -9999 -9999 -9999 -9999 -9999 -9999 -9999 -9999 -9999 -9999 -9999 -9999 -9999 -9999 -9999 1005.31 1005.205 1005.12 1005.06 1005 1004.94 1004.875 1004.81 1004.745 1004.68 1004.615 1004.525 1004.42 1004.33 1004.255 1004.2 1004.145 1004.055 1003.985 1003.9 1003.84 1003.78 1003.72 1003.66 1003.61 1003.575 1003.56 1003.56 1003.56 1003.56 1003.56 1003.555 1003.545 1003.515 1003.49 1003.48 1003.475 1003.455 1003.415 1003.365 1003.31 1003.335 1003.36 1003.365 1003.36 1003.361 1003.373 1003.39 1003.408 1003.425 1003.443 1003.462 1003.483 1003.504
-9999 -9999 -9999 -9999 -9999 -9999 -9999 -9999 -9999 -9999 -9999 -9999 -9999 -9999 1005.31 1005.19 1005.06 1004.95 1004.865 1004.805 1004.74 1004.695 1004.63 1004.57 1004.5 1004.44 1004.365 1004.265 1004.16 1004.065 1003.995 1003.96 1003.935 1003.895 1003.855 1003.815 1003.765 1003.715 1003.66 1003.6 1003.545 1003.5 1003.48 1003.47 1003.46 1003.46 1003.46 1003.46 1003.445 1003.425 1003.4 1003.39 1003.39 1003.375 1003.34 1003.295 1003.28 1003.295 1003.32 1003.34 1003.355 1003.362 1003.379 1003.397 1003.414 1003.433 1003.455 1003.476 1003.497 1003.519
-9999 -9999 -9999 -9999 -9999 -9999 -9999 -9999 -9999 -9999 -9999 -9999 1005.32 1005.155 1004.99 1004.905 1004.81 1004.7 1004.61 1004.535 1004.485 1004.43 1004.375 1004.32 1004.26 1004.195 1004.115 1004.01 1003.905 1003.845 1003.81 1003.79 1003.765 1003.745 1003.725 1003.695 1003.67 1003.62 1003.58 1003.52 1003.465 1003.43 1003.4 1003.375 1003.365 1003.365 1003.36 1003.36 1003.35 1003.335 1003.31 1003.3 1003.3 1003.29 1003.27 1003.26 1003.25 1003.255 1003.27 1003.32 1003.38 1003.385 1003.386 1003.405 1003.426 1003.448 1003.469 1003.49 1003.48 1003.549
-9999 -9999 -9999 -9999 -9999 -9999 -9999 -9999 -9999 -9999 1005.32 1005.16 1005 1004.88 1004.755 1004.655 1004.555 1004.445 1004.35 1004.28 1004.22 1004.16 1004.115 1004.06 1004.015 1003.95 1003.855 1003.805 1003.735 1003.69 1003.655 1003.635 1003.615 1003.595 1003.575 1003.56 1003.545 1003.5 1003.455 1003.41 1003.37 1003.335 1003.31 1003.285 1003.275 1003.27 1003.27 1003.26 1003.255 1003.24 1003.215 1003.21 1003.21 1003.23 1003.225 1003.225 1003.235 1003.225 1003.255 1003.305 1003.36 1003.365 1003.398 1003.419 1003.44 1003.462 1003.474 1003.542 1003.611 1003.68
-9999 -9999 -9999 -9999 -9999 -9999 -9999 -9999 1005.33 1005.165 1005 1004.84 1004.68 1004.6 1004.52 1004.41 1004.3 1004.19 1004.1 1004.025 1003.96 1003.89 1003.84 1003.795 1003.755 1003.715 1003.68 1003.63 1003.585 1003.54 1003.505 1003.475 1003.465 1003.445 1003.425 1003.41 1003.395 1003.37 1003.335 1003.29 1003.255 1003.225 1003.205 1003.185 1003.175 1003.18 1003.185 1003.18 1003.17 1003.155 1003.145 1003.135 1003.135 1003.15 1003.165 1003.18 1003.225 1003.235 1003.3 1003.345 1003.385 1003.38 1003.385 1003.433 1003.467 1003.536 1003.605 1003.673 1003.742 1003.801
-9999 -9999 -9999 -9999 -9999 -9999 1005.33 1005.17 1005.01 1004.845 1004.68 1004.525 1004.445 1004.37 1004.27 1004.16 1004.05 1003.94 1003.845 1003.775 1003.705 1003.65 1003.59 1003.58 1003.58 1003.565 1003.53 1003.48 1003.435 1003.39 1003.345 1003.325 1003.315 1003.295 1003.275 1003.26 1003.245 1003.23 1003.21 1003.17 1003.15 1003.12 1003.1 1003.07 1003.08 1003.09 1003.1 1003.095 1003.1 1003.095 1003.095 1003.075 1003.055 1003.07 1003.095 1003.16 1003.22 1003.29 1003.335 1003.4 1003.425 1003.52 1003.535 1003.53 1003.598 1003.667 1003.735 1003.809 1003.928 1004.047
-9999 -9999 -9999 -9999 1005.335 1005.175 1005.01 1004.85 1004.685 1004.525 1004.37 1004.295 1004.215 1004.125 1004.015 1003.905 1003.795 1003.685 1003.59 1003.53 1003.47 1003.425 1003.405 1003.425 1003.43 1003.415 1003.38 1003.345 1003.295 1003.24 1003.195 1003.165 1003.145 1003.135 1003.125 1003.105 1003.095 1003.085 1003.09 1003.07 1003.045 1003.015 1002.98 1002.96 1002.97 1002.98 1002.98 1002.99 1003.025 1003.05 1003.045 1003.01 1002.98 1003.035 1003.185 1003.23 1003.22 1003.275 1003.415 1003.505 1003.515 1003.605 1003.695 1003.73 1003.729 1003.816 1003.935 1004.054 1004.173 1004.292
-9999 -9999 1005.34 1005.18 1005.02 1004.85 1004.69 1004.53 1004.365 1004.215 1004.14 1004.06 1003.975 1003.87 1003.76 1003.64 1003.515 1003.43 1003.365 1003.325 1003.26 1003.215 1003.23 1003.265 1003.28 1003.26 1003.235 1003.195 1003.15 1003.095 1003.05 1003.005 1002.985 1002.975 1002.975 1002.97 1002.965 1002.965 1002.975 1002.965 1002.945 1002.915 1002.86 1002.83 1002.835 1002.83 1002.835 1002.985 1002.98 1003.035 1003.02 1003 1003.045 1003.17 1003.28 1003.27 1003.255 1003.435 1003.59 1003.59 1003.605 1003.68 1003.765 1003.795 1003.942 1004.061 1004.18 1004.3 1004.408 1004.56
1005.345 1005.185 1005.02 1004.86 1004.695 1004.53 1004.37 1004.21 1004.065 1003.985 1003.905 1003.825 1003.72 1003.6 1003.465 1003.33 1003.26 1003.185 1003.17 1003.125 1003.06 1003.04 1003.055 1003.1 1003.125 1003.105 1003.075 1003.05 1003.005 1002.96 1002.905 1002.86 1002.83 1002.835 1002.845 1002.845 1002.85 1002.86 1002.865 1002.865 1002.84 1002.79 1002.735 1002.715 1002.755 1002.725 1002.83 1003.375 1003.095 1003.145 1003.06 1003.09 1003.15 1003.33 1003.42 1003.55 1003.655 1003.715 1003.71 1003.73 1003.745 1003.81 1003.86 1003.95 1004.125 1004.307 1004.433 1004.585 1004.737 1004.889
1005.03 1004.865 1004.7 1004.54 1004.375 1004.21 1004.05 1003.94 1003.83 1003.755 1003.67 1003.565 1003.44 1003.285 1003.15 1003.06 1003.025 1003.015 1003.005 1002.97 1002.915 1002.885 1002.905 1002.95 1002.96 1002.94 1002.915 1002.885 1002.85 1002.81 1002.765 1002.72 1002.695 1002.7 1002.715 1002.73 1002.775 1002.785 1002.79 1002.765 1002.725 1002.7 1002.75 1002.775 1002.765 1002.75 1003.355 1003.49 1003.215 1003.105 1003.125 1003.215 1003.63 1003.69 1003.925 1003.905 1003.845 1003.805 1003.82 1003.875 1003.91 1003.99 1004.115 1004.275 1004.445 1004.61 1004.762 1004.914 1005.066 1005.19
1004.705 1004.54 1004.38 1004.22 1004.05 1003.89 1003.755 1003.675 1003.595 1003.505 1003.41 1003.295 1003.155 1003 1002.9 1002.895 1002.88 1002.875 1002.87 1002.83 1002.79 1002.765 1002.775 1002.81 1002.785 1002.755 1002.73 1002.7 1002.67 1002.645 1002.625 1002.59 1002.575 1002.585 1002.615 1002.645 1002.695 1002.73 1002.715 1002.695 1002.71 1002.77 1002.825 1002.88 1002.88 1002.945 1003.215 1003.12 1003.18 1003.365 1003.5 1003.925 1004.01 1003.98 1003.94 1003.905 1003.88 1003.885 1003.965 1004.07 1004.195 1004.32 1004.45 1004.6 1004.77 1004.935 1005.091 1005.232 1005.377 1005.523
1004.385 1004.22 1004.06 1003.895 1003.73 1003.6 1003.515 1003.425 1003.335 1003.245 1003.14 1003.03 1002.89 1002.805 1002.765 1002.75 1002.74 1002.73 1002.72 1002.7 1002.665 1002.64 1002.645 1002.625 1002.575 1002.55 1002.54 1002.515 1002.49 1002.51 1002.495 1002.47 1002.475 1002.49 1002.53 1002.565 1002.665 1002.7 1002.735 1002.76 1002.805 1002.86 1002.895 1002.935 1002.99 1003.04 1003.145 1003.295 1003.61 1003.755 1003.91 1003.94 1003.93 1003.92 1003.915 1003.95 1004.015 1004.135 1004.27 1004.405 1004.54 1004.66 1004.79 1004.935 1005.095 1005.26 1005.419 1005.564 1005.71 1005.855
1004.02 1003.85 1003.68 1003.535 1003.46 1003.35 1003.23 1003.16 1003.075 1002.985 1002.88 1002.79 1002.72 1002.665 1002.625 1002.615 1002.6 1002.585 1002.58 1002.56 1002.525 1002.525 1002.51 1002.46 1002.42 1002.405 1002.39 1002.365 1002.36 1002.395 1002.425 1002.425 1002.5 1002.525 1002.57 1002.66 1002.73 1002.79 1002.82 1002.845 1002.865 1003.005 1003.105 1003.185 1003.305 1003.42 1003.515 1003.66 1003.77 1003.85 1003.885 1003.91 1003.94 1003.99 1004.095 1004.205 1004.315 1004.44 1004.58 1004.725 1004.86 1005.005 1005.13 1005.27 1005.42 1005.585 1005.745 1005.897 1005.989 1005.984
1003.575 1003.43 1003.32 1003.21 1003.17 1003.075 1002.975 1002.87 1002.825 1002.75 1002.675 1002.615 1002.56 1002.51 1002.485 1002.475 1002.46 1002.445 1002.435 1002.42 1002.41 1002.42 1002.41 1002.34 1002.34 1002.335 1002.335 1002.37 1002.39 1002.455 1002.485 1002.55 1002.615 1002.675 1002.71 1002.75 1002.905 1002.895 1003.06 1003.075 1003.315 1003.42 1003.5 1003.59 1003.63 1003.705 1003.745 1003.8 1003.85 1003.91 1004.02 1004.065 1004.175 1004.28 1004.39 1004.495 1004.61 1004.735 1004.865 1005.02 1005.17 1005.32 1005.455 1005.595 1005.75 1005.91 1005.985 1005.981 1005.976 1005.971
