sfe81_gcs_analysis/sfe_81.asc
ncols         314
nrows         227
xllcorner     9969.4717523519
yllcorner     19985.042114258
cellsize      1
NODATA_value  -9999
[rows 155 to 185 of 227, columns 0 to 69 of 314]
-9999 -9999 -9999 -9999 -9999 -9999 -9999 -9999 -9999 -9999 -9999 -9999 -9999 -9999 -9999 -9999 -9999 -9999 -9999 -9999 -9999 -9999 -9999 -9999 -9999 -9999 -9999 -9999 -9999 -9999 -9999 -9999 -9999 -9999 -9999 -9999 -9999 -9999 -9999 -9999 -9999 -9999 -9999 1004.753 1004.796 1004.838 1004.849 1004.862 1004.868 1004.874 1004.888 1004.873 1004.858 1004.834 1004.822 1004.81 1004.778 1004.812 1004.828 1004.833 1004.838 1004.846 1004.835 1004.824 1004.822 1004.821 1004.819 1004.818 1004.794 1004.787
-9999 -9999 -9999 -9999 -9999 -9999 -9999 -9999 -9999 -9999 -9999 -9999 -9999 -9999 -9999 -9999 -9999 -9999 -9999 -9999 -9999 -9999 -9999 -9999 -9999 -9999 -9999 -9999 -9999 -9999 -9999 -9999 -9999 -9999 -9999 -9999 -9999 -9999 -9999 -9999 -9999 -9999 1004.739 1004.781 1004.824 1004.838 1004.854 1004.86 1004.867 1004.882 1004.868 1004.853 1004.829 1004.817 1004.806 1004.767 1004.801 1004.818 1004.823 1004.828 1004.837 1004.827 1004.816 1004.815 1004.814 1004.812 1004.81 1004.787 1004.779 1004.765
-9999 -9999 -9999 -9999 -9999 -9999 -9999 -9999 -9999 -9999 -9999 -9999 -9999 -9999 -9999 -9999 -9999 -9999 -9999 -9999 -9999 -9999 -9999 -9999 -9999 -9999 -9999 -9999 -9999 -9999 -9999 -9999 -9999 -9999 -9999 -9999 -9999 -9999 -9999 -9999 -9999 1004.722 1004.767 1004.809 1004.809 1004.846 1004.853 1004.859 1004.871 1004.863 1004.848 1004.824 1004.812 1004.801 1004.765 1004.79 1004.809 1004.814 1004.819 1004.827 1004.819 1004.809 1004.808 1004.806 1004.805 1004.803 1004.779 1004.77 1004.756 1004.745
-9999 -9999 -9999 -9999 -9999 -9999 -9999 -9999 -9999 -9999 -9999 -9999 -9999 -9999 -9999 -9999 -9999 -9999 -9999 -9999 -9999 -9999 -9999 -9999 -9999 -9999 -9999 -9999 -9999 -9999 -9999 -9999 -9999 -9999 -9999 -9999 -9999 -9999 -9999 -9999 1004.706 1004.752 1004.795 1004.83 1004.839 1004.845 1004.851 1004.86 1004.858 1004.843 1004.828 1004.808 1004.796 1004.782 1004.779 1004.799 1004.805 1004.81 1004.815 1004.811 1004.802 1004.801 1004.799 1004.798 1004.796 1004.771 1004.762 1004.748 1004.735 1004.723
-9999 -9999 -9999 -9999 -9999 -9999 -9999 -9999 -9999 -9999 -9999 -9999 -9999 -9999 -9999 -9999 -9999 -9999 -9999 -9999 -9999 -9999 -9999 -9999 -9999 -9999 -9999 -9999 -9999 -9999 -9999 -9999 -9999 -9999 -9999 -9999 -9999 -9999 -9999 1004.689 1004.738 1004.78 1004.823 1004.831 1004.837 1004.844 1004.85 1004.853 1004.838 1004.823 1004.803 1004.791 1004.779 1004.768 1004.79 1004.795 1004.8 1004.806 1004.803 1004.795 1004.794 1004.792 1004.791 1004.789 1004.763 1004.754 1004.739 1004.725 1004.712 1004.707
-9999 -9999 -9999 -9999 -9999 -9999 -9999 -9999 -9999 -9999 -9999 -9999 -9999 -9999 -9999 -9999 -9999 -9999 -9999 -9999 -9999 -9999 -9999 -9999 -9999 -9999 -9999 -9999 -9999 -9999 -9999 -9999 -9999 -9999 -9999 -9999 -9999 -9999 -9999 1004.723 1004.766 1004.808 1004.821 1004.83 1004.836 1004.842 1004.848 1004.833 1004.818 1004.798 1004.786 1004.775 1004.757 1004.781 1004.786 1004.791 1004.796 1004.795 1004.788 1004.786 1004.785 1004.784 1004.782 1004.755 1004.746 1004.73 1004.715 1004.701 1004.695 1004.681
-9999 -9999 -9999 -9999 -9999 -9999 -9999 -9999 -9999 -9999 -9999 -9999 -9999 -9999 -9999 -9999 -9999 -9999 -9999 -9999 -9999 -9999 -9999 -9999 -9999 -9999 -9999 -9999 -9999 -9999 -9999 -9999 -9999 -9999 -9999 -9999 -9999 -9999 1004.709 1004.751 1004.794 1004.811 1004.822 1004.828 1004.835 1004.843 1004.828 1004.813 1004.793 1004.781 1004.77 1004.746 1004.771 1004.777 1004.782 1004.787 1004.786 1004.781 1004.779 1004.778 1004.776 1004.775 1004.747 1004.738 1004.721 1004.705 1004.689 1004.683 1004.667 1004.667
-9999 -9999 -9999 -9999 -9999 -9999 -9999 -9999 -9999 -9999 -9999 -9999 -9999 -9999 -9999 -9999 -9999 -9999 -9999 -9999 -9999 -9999 -9999 -9999 -9999 -9999 -9999 -9999 -9999 -9999 -9999 -9999 -9999 -9999 -9999 -9999 -9999 1004.694 1004.737 1004.779 1004.795 1004.814 1004.821 1004.827 1004.838 1004.823 1004.808 1004.788 1004.777 1004.765 1004.747 1004.762 1004.767 1004.772 1004.778 1004.778 1004.774 1004.772 1004.771 1004.769 1004.768 1004.74 1004.73 1004.712 1004.695 1004.678 1004.67 1004.654 1004.654 1004.652
-9999 -9999 -9999 -9999 -9999 -9999 -9999 -9999 -9999 -9999 -9999 -9999 -9999 -9999 -9999 -9999 -9999 -9999 -9999 -9999 -9999 -9999 -9999 -9999 -9999 -9999 -9999 -9999 -9999 -9999 -9999 -9999 -9999 -9999 -9999 -9999 1004.677 1004.722 1004.765 1004.8 1004.807 1004.813 1004.819 1004.828 1004.818 1004.803 1004.788 1004.772 1004.76 1004.749 1004.753 1004.758 1004.763 1004.768 1004.77 1004.766 1004.765 1004.764 1004.762 1004.761 1004.732 1004.722 1004.703 1004.685 1004.667 1004.658 1004.64 1004.64 1004.639 1004.631
-9999 -9999 -9999 -9999 -9999 -9999 -9999 -9999 -9999 -9999 -9999 -9999 -9999 -9999 -9999 -9999 -9999 -9999 -9999 -9999 -9999 -9999 -9999 -9999 -9999 -9999 -9999 -9999 -9999 -9999 -9999 -9999 -9999 -9999 -9999 1004.662 1004.708 1004.75 1004.793 1004.799 1004.805 1004.812 1004.818 1004.813 1004.798 1004.783 1004.767 1004.755 1004.744 1004.743 1004.749 1004.754 1004.759 1004.762 1004.759 1004.758 1004.756 1004.755 1004.754 1004.724 1004.714 1004.694 1004.675 1004.656 1004.646 1004.627 1004.627 1004.626 1004.617 1004.617
-9999 -9999 -9999 -9999 -9999 -9999 -9999 -9999 -9999 -9999 -9999 -9999 -9999 -9999 -9999 -9999 -9999 -9999 -9999 -9999 -9999 -9999 -9999 -9999 -9999 -9999 -9999 -9999 -9999 -9999 -9999 -9999 -9999 -9999 1004.643 1004.693 1004.736 1004.778 1004.791 1004.798 1004.804 1004.81 1004.808 1004.793 1004.778 1004.762 1004.75 1004.739 1004.734 1004.739 1004.744 1004.75 1004.754 1004.752 1004.751 1004.72 1004.655 1004.595 1004.545 1004.555 1004.535 1004.515 1004.5 1004.48 1004.465 1004.46 1004.46 1004.455 1004.455 1004.45
-9999 -9999 -9999 -9999 -9999 -9999 -9999 -9999 -9999 -9999 -9999 -9999 -9999 -9999 -9999 -9999 -9999 -9999 -9999 -9999 -9999 -9999 -9999 -9999 -9999 -9999 -9999 -9999 -9999 -9999 -9999 -9999 -9999 -9999 1004.679 1004.721 1004.764 1004.783 1004.79 1004.796 1004.803 1004.803 1004.788 1004.773 1004.757 1004.746 1004.734 1004.725 1004.73 1004.735 1004.66 1004.595 1004.535 1004.47 1004.405 1004.34 1004.28 1004.24 1004.22 1004.23 1004.21 1004.19 1004.175 1004.16 1004.145 1004.14 1004.14 1004.14 1004.135 1004.13
-9999 -9999 -9999 -9999 -9999 -9999 -9999 -9999 -9999 -9999 -9999 -9999 -9999 -9999 -9999 -9999 -9999 -9999 -9999 -9999 -9999 -9999 -9999 -9999 -9999 -9999 -9999 -9999 -9999 -9999 -9999 -9999 -9999 1004.664 1004.707 1004.749 1004.773 1004.782 1004.789 1004.795 1004.798 1004.783 1004.768 1004.752 1004.741 1004.685 1004.585 1004.495 1004.415 1004.35 1004.285 1004.22 1004.155 1004.095 1004.03 1003.965 1003.905 1003.885 1003.895 1003.905 1003.89 1003.87 1003.855 1003.84 1003.825 1003.83 1003.825 1003.825 1003.82 1003.82
-9999 -9999 -9999 -9999 -9999 -9999 -9999 -9999 -9999 -9999 -9999 -9999 -9999 -9999 -9999 -9999 -9999 -9999 -9999 -9999 -9999 -9999 -9999 -9999 -9999 -9999 -9999 -9999 -9999 -9999 -9999 -9999 1004.65 1004.692 1004.735 1004.77 1004.775 1004.781 1004.787 1004.793 1004.778 1004.715 1004.615 1004.52 1004.42 1004.32 1004.22 1004.125 1004.05 1003.97 1003.905 1003.84 1003.78 1003.715 1003.655 1003.59 1003.525 1003.53 1003.565 1003.585 1003.565 1003.55 1003.53 1003.515 1003.51 1003.51 1003.51 1003.505 1003.505 1003.5
-9999 -9999 -9999 -9999 -9999 -9999 -9999 -9999 -9999 -9999 -9999 -9999 -9999 -9999 -9999 -9999 -9999 -9999 -9999 -9999 -9999 -9999 -9999 -9999 -9999 -9999 -9999 -9999 -9999 -9999 -9999 1004.631 1004.678 1004.72 1004.763 1004.767 1004.773 1004.78 1004.715 1004.555 1004.45 1004.35 1004.255 1004.155 1004.06 1003.96 1003.86 1003.77 1003.68 1003.595 1003.53 1003.47 1003.405 1003.34 1003.275 1003.21 1003.15 1003.175 1003.235 1003.255 1003.245 1003.225 1003.205 1003.195 1003.19 1003.19 1003.19 1003.19 1003.185 1003.18
-9999 -9999 -9999 -9999 -9999 -9999 -9999 -9999 -9999 -9999 -9999 -9999 -9999 -9999 -9999 -9999 -9999 -9999 -9999 -9999 -9999 -9999 -9999 -9999 -9999 -9999 -9999 -9999 -9999 -9999 1004.618 1004.663 1004.706 1004.748 1004.759 1004.766 1004.73 1004.565 1004.395 1004.24 1004.105 1003.99 1003.89 1003.795 1003.695 1003.595 1003.5 1003.41 1003.315 1003.23 1003.155 1003.09 1003.025 1002.965 1002.895 1002.835 1002.795 1002.845 1002.905 1002.935 1002.915 1002.9 1002.885 1002.87 1002.87 1002.87 1002.865 1002.875 1002.87 1002.865
-9999 -9999 -9999 -9999 -9999 -9999 -9999 -9999 -9999 -9999 -9999 -9999 -9999 -9999 -9999 -9999 -9999 -9999 -9999 -9999 -9999 -9999 -9999 -9999 -9999 -9999 -9999 -9999 -9999 1004.598 1004.649 1004.691 1004.734 1004.752 1004.758 1004.575 1004.415 1004.245 1004.085 1003.915 1003.765 1003.625 1003.53 1003.43 1003.33 1003.235 1003.135 1003.05 1002.965 1002.865 1002.78 1002.715 1002.65 1002.585 1002.52 1002.455 1002.45 1002.515 1002.58 1002.6 1002.595 1002.58 1002.56 1002.55 1002.555 1002.55 1002.545 1002.555 1002.555 1002.55
-9999 -9999 -9999 -9999 -9999 -9999 -9999 -9999 -9999 -9999 -9999 -9999 -9999 -9999 -9999 -9999 -9999 -9999 -9999 -9999 -9999 -9999 -9999 -9999 -9999 -9999 -9999 -9999 -9999 1004.634 1004.677 1004.719 1004.744 1004.595 1004.425 1004.265 1004.095 1003.93 1003.765 1003.595 1003.425 1003.29 1003.165 1003.07 1002.97 1002.87 1002.775 1002.695 1002.605 1002.495 1002.41 1002.34 1002.27 1002.205 1002.145 1002.11 1002.12 1002.185 1002.245 1002.275 1002.27 1002.255 1002.235 1002.235 1002.24 1002.225 1002.225 1002.24 1002.235 1002.23
-9999 -9999 -9999 -9999 -9999 -9999 -9999 -9999 -9999 -9999 -9999 -9999 -9999 -9999 -9999 -9999 -9999 -9999 -9999 -9999 -9999 -9999 -9999 -9999 -9999 -9999 -9999 -9999 1004.62 1004.662 1004.705 1004.74 1004.495 1004.3 1004.115 1003.945 1003.775 1003.615 1003.445 1003.285 1003.11 1002.945 1002.81 1002.705 1002.61 1002.51 1002.415 1002.335 1002.245 1002.14 1002.05 1001.96 1001.895 1001.83 1001.765 1001.735 1001.79 1001.85 1001.915 1001.945 1001.945 1001.93 1001.915 1001.915 1001.92 1001.9 1001.9 1001.915 1001.915 1001.915
-9999 -9999 -9999 -9999 -9999 -9999 -9999 -9999 -9999 -9999 -9999 -9999 -9999 -9999 -9999 -9999 -9999 -9999 -9999 -9999 -9999 -9999 -9999 -9999 -9999 -9999 -9999 1004.605 1004.648 1004.69 1004.733 1004.51 1004.255 1004.025 1003.815 1003.63 1003.465 1003.295 1003.13 1002.965 1002.79 1002.615 1002.47 1002.335 1002.245 1002.145 1002.055 1001.975 1001.895 1001.785 1001.68 1001.59 1001.52 1001.455 1001.39 1001.395 1001.455 1001.52 1001.58 1001.62 1001.62 1001.605 1001.595 1001.595 1001.605 1001.585 1001.575 1001.59 1001.6 1001.6
-9999 -9999 -9999 -9999 -9999 -9999 -9999 -9999 -9999 -9999 -9999 -9999 -9999 -9999 -9999 -9999 -9999 -9999 -9999 -9999 -9999 -9999 -9999 -9999 -9999 -9999 1004.587 1004.633 1004.676 1004.718 1004.555 1004.27 1004.025 1003.765 1003.54 1003.335 1003.155 1002.975 1002.815 1002.645 1002.48 1002.305 1002.125 1001.99 1001.87 1001.785 1001.69 1001.625 1001.535 1001.425 1001.315 1001.23 1001.15 1001.08 1001.03 1001.06 1001.125 1001.185 1001.25 1001.29 1001.295 1001.285 1001.27 1001.28 1001.29 1001.265 1001.25 1001.27 1001.285 1001.31
-9999 -9999 -9999 -9999 -9999 -9999 -9999 -9999 -9999 -9999 -9999 -9999 -9999 -9999 -9999 -9999 -9999 -9999 -9999 -9999 -9999 -9999 -9999 -9999 -9999 1004.575 1004.619 1004.661 1004.704 1004.62 1004.315 1004.045 1003.755 1003.53 1003.275 1003.06 1002.855 1002.675 1002.495 1002.33 1002.165 1001.99 1001.805 1001.645 1001.515 1001.415 1001.335 1001.265 1001.18 1001.07 1000.965 1000.8 1000.72 1000.405 1000.357 1000.63 1000.72 1000.845 1000.91 1000.96 1000.97 1000.955 1000.93 1000.955 1000.965 1000.94 1000.935 1000.95 1000.975 1001.035
-9999 -9999 -9999 -9999 -9999 -9999 -9999 -9999 -9999 -9999 -9999 -9999 -9999 -9999 -9999 -9999 -9999 -9999 -9999 -9999 -9999 -9999 -9999 -9999 1004.555 1004.604 1004.647 1004.689 1004.69 1004.365 1004.085 1003.78 1003.525 1003.25 1003.035 1002.8 1002.575 1002.38 1002.195 1002.015 1001.845 1001.67 1001.495 1001.315 1001.175 1001.04 1000.975 1000.91 1000.825 1000.78 1000.82 1000.615 1000.175 999.791 1000.075 1000.109 1000.151 1000.268 1000.368 1000.355 1000.172 1000.265 1000.585 1000.585 1000.59 1000.57 1000.58 1000.57 1000.62 1000.72
-9999 -9999 -9999 -9999 -9999 -9999 -9999 -9999 -9999 -9999 -9999 -9999 -9999 -9999 -9999 -9999 -9999 -9999 -9999 -9999 -9999 -9999 -9999 1004.54 1004.59 1004.632 1004.675 1004.755 1004.42 1004.12 1003.81 1003.54 1003.24 1003 1002.78 1002.535 1002.32 1002.1 1001.9 1001.72 1001.53 1001.36 1001.185 1001 1000.82 1000.695 1000.005 999.94 999.975 1000.167 1000.187 1000.179 999.6635 999.709 999.5875 999.5955 999.6355 999.635 999.6605 999.4926 999.6675 999.905 1000.225 1000.215 1000.19 1000.2 1000.176 1000.171 1000.115 1000.06
-9999 -9999 -9999 -9999 -9999 -9999 -9999 -9999 -9999 -9999 -9999 -9999 -9999 -9999 -9999 -9999 -9999 -9999 -9999 -9999 -9999 -9999 -9999 1004.575 1004.618 1004.66 1004.789 1004.48 1004.15 1003.825 1003.545 1003.26 1002.99 1002.725 1002.46 1002.255 1002.04 1001.835 1001.625 1001.43 1001.23 1001.055 1000.865 1000.555 1000.079 999.3125 999.3265 999.205 999.38 999.51 999.5 999.524 999.5505 999.424 999.4545 999.4315 999.471 999.4435 999.4365 999.512 999.623 999.8575 999.927 999.9805 999.9355 999.9225 999.8595 999.79 999.769 999.7475
-9999 -9999 -9999 -9999 -9999 -9999 -9999 -9999 -9999 -9999 -9999 -9999 -9999 -9999 -9999 -9999 -9999 -9999 -9999 -9999 -9999 -9999 1004.561 1004.603 1004.646 1004.788 1004.53 1004.18 1003.875 1003.55 1003.245 1002.965 1002.715 1002.445 1002.17 1001.96 1001.755 1001.55 1001.36 1001.15 1000.855 1000.66 1000.205 999.7645 999.1535 999.101 999.212 999.2955 999.4135 999.453 999.5165 999.519 999.4775 999.4675 999.4705 999.4895 999.5085 999.507 999.4835 999.5594 999.658 999.7285 999.7875 999.7665 999.7645 999.712 999.6795 999.678 999.685 999.682
-9999 -9999 -9999 -9999 -9999 -9999 -9999 -9999 -9999 -9999 -9999 -9999 -9999 -9999 -9999 -9999 -9999 -9999 -9999 -9999 -9999 1004.543 1004.589 1004.631 1004.786 1004.61 1004.23 1003.86 1003.545 1003.24 1002.95 1002.67 1002.405 1002.17 1001.9 1001.68 1001.45 1001.265 1001.06 1000.87 1000.385 999.7255 999.5665 999.1405 999.11 999.224 999.3555 999.4495 999.5035 999.516 999.491 999.494 999.5439 999.5315 999.5195 999.516 999.509 999.5165 999.5605 999.6235 999.6855 999.7855 999.828 999.7365 999.634 999.6035 999.592 999.606 999.6175 999.6045
-9999 -9999 -9999 -9999 -9999 -9999 -9999 -9999 -9999 -9999 -9999 -9999 -9999 -9999 -9999 -9999 -9999 -9999 -9999 -9999 1004.531 1004.574 1004.617 1004.785 1004.685 1004.31 1003.93 1003.55 1003.22 1002.935 1002.645 1002.375 1002.09 1001.855 1001.615 1001.36 1001.155 1000.945 1000.725 1000.215 999.382 999.1895 999.161 999.1465 999.23 999.364 999.4855 999.5635 999.559 999.519 999.491 999.568 999.611 999.594 999.5685 999.554 999.5535 999.5835 999.619 999.658 999.723 999.828 999.737 999.623 999.623 999.6465 999.649 999.6274 999.6255 999.6295
-9999 -9999 -9999 -9999 -9999 -9999 -9999 -9999 -9999 -9999 -9999 -9999 -9999 -9999 -9999 -9999 -9999 -9999 -9999 1004.511 1004.56 1004.602 1004.784 1004.68 1004.345 1003.995 1003.63 1003.25 1002.9 1002.59 1002.34 1002.045 1001.795 1001.525 1001.295 1001.065 1000.83 1000.49 999.9605 999.462 999.2615 999.1584 999.1875 999.266 999.3875 999.5015 999.5795 999.5855 999.553 999.5365 999.5695 999.654 999.687 999.6535 999.623 999.606 999.602 999.624 999.6585 999.6675 999.7485 999.719 999.692 999.7395 999.767 999.7835 999.7495 999.7365 999.7415 999.7515
-9999 -9999 -9999 -9999 -9999 -9999 -9999 -9999 -9999 -9999 -9999 -9999 -9999 -9999 -9999 -9999 -9999 -9999 1004.494 1004.545 1004.588 1004.782 1004.6 1004.295 1003.985 1003.645 1003.33 1002.95 1002.58 1002.265 1001.99 1001.735 1001.48 1001.215 1000.975 1000.73 1000.28 999.893 999.4935 999.3855 999.1785 999.149 999.273 999.416 999.5235 999.6035 999.6355 999.618 999.598 999.6479 999.6895 999.759 999.771 999.7415 999.7025 999.6485 999.6415 999.6415 999.665 999.701 999.743 999.78 999.8195 999.8535 999.884 999.881 999.8745 999.8715 999.892 999.9125
-9999 -9999 -9999 -9999 -9999 -9999 -9999 -9999 -9999 -9999 -9999 -9999 -9999 -9999 -9999 -9999 -9999 -9999 1004.531 1004.573 1004.781 1004.52 1004.215 1003.91 1003.595 1003.285 1002.955 1002.625 1002.28 1001.94 1001.645 1001.395 1001.14 1000.89 1000.6 1000.115 999.6085 999.337 999.3354 999.2405 999.13 999.2425 999.389 999.534 999.6285 999.704 999.72 999.6775 999.7195 999.7705 999.826 999.8805 999.883 999.8585 999.786 999.7195 999.8521 1000.173 999.987 999.7435 999.8035 999.8615 999.913 999.972 1000.01 1000.017 1000.013 1000.025 1000.018 999.9935
