COS0=(0.1986342543545191, 1.0, -22.0, MASK0)
COS1=(0.09042265272991347, 2.0, -7.0, MASK0)
COS2=(0.07458803174331491, 3.0, 6.0, MASK0)
COS3=(0.08632956428875516, 4.0, -4.5, MASK0)
COS4=(0.08658295687377746, 5.0, 5.0, MASK0)
COS5=(0.08566547933977456, 5.5, 1.5, MASK0)
COS6=(0.07698185479631756, 7.0, -3.0, MASK0)
COS7=(0.033445624099078725, 8.0, -0.5, MASK0)
COS8=(0.036494522030211377, 9.0, -2.5, MASK0)
COS9=(0.03221795234727767, 10.0, -0.5, MASK0)
COS10=(0.012671336795910211, 11.0, 0.5, MASK0)
COS11=(0.036426028195909566, 12.0, 2.0, MASK0)
COS12=(0.032234934837613784, 13.0, -1.5, MASK0)
COS13=(0.008097761400151723, 13.5, 0.5, MASK0)
COS14=(0.039668399567064194, 14.5, -0.5, MASK0)
COS15=(0.04446431839920098, 15.5, 0.5, MASK0)
COS16=(0.02783254943070162, 16.5, -1.0, MASK0)
COS17=(0.014779067025356597, 17.5, -1.0, MASK0)
COS18=(0.01479943446350002, 18.5, 1.0, MASK0)
COS19=(0.0060718640625420425, 19.5, -1.0, MASK0)
COS20=(0.028590655616082122, 20.5, 0.5, MASK0)
COS21=(0.02120025784190859, 21.5, -0.5, MASK0)
COS22=(0.015366812911502579, 22.5, 0.5, MASK0)
COS23=(0.004942519374315833, 23.5, -1.0, MASK0)
COS24=(0.025997778279538718, 24.5, -1.0, MASK0)
COS25=(0.021200257841908588, 21.5, -0.5, MASK0)
COS26=(0.028590655616082115, 20.5, 0.5, MASK0)
COS27=(0.006071864062542051, 19.5, -1.0, MASK0)
COS28=(0.014799434463500011, 18.5, 1.0, MASK0)
COS29=(0.014779067025356597, 17.5, -1.0, MASK0)
COS30=(0.027832549430701636, 16.5, -1.0, MASK0)
COS31=(0.04446431839920098, 15.5, 0.5, MASK0)
COS32=(0.039668399567064194, 14.5, -0.5, MASK0)
COS33=(0.008097761400151726, 13.5, 0.5, MASK0)
COS34=(0.032234934837613784, 13.0, -1.5, MASK0)
COS35=(0.03642602819590956, 12.0, 2.0, MASK0)
COS36=(0.012671336795910208, 11.0, 0.5, MASK0)
COS37=(0.03221795234727766, 10.0, -0.5, MASK0)
COS38=(0.036494522030211377, 9.0, -2.5, MASK0)
COS39=(0.03344562409907871, 8.0, -0.5, MASK0)
COS40=(0.07698185479631756, 7.0, -3.0, MASK0)
COS41=(0.08566547933977454, 5.5, 1.5, MASK0)
COS42=(0.08658295687377744, 5.0, 5.0, MASK0)
COS43=(0.08632956428875516, 4.0, -4.5, MASK0)
COS44=(0.07458803174331491, 3.0, 6.0, MASK0)
COS45=(0.09042265272991343, 2.0, -7.0, MASK0)
COS46=(0.19863425435451906, 1.0, -22.0, MASK0)
