COS0=(0.09519259022152742, 1.0, 11.5, MASK0)
COS1=(0.1135301750997215, 2.0, 9.0, MASK0)
COS2=(0.12895603524665805, 3.0, 7.0, MASK0)
COS3=(0.02506752663167612, 4.0, -4.5, MASK0)
COS4=(0.09160401367413212, 5.0, 4.5, MASK0)
COS5=(0.024341509884484344, 6.0, -0.5, MASK0)
COS6=(0.05934340443438634, 7.0, 3.5, MASK0)
COS7=(0.058984670552379916, 8.0, 3.0, MASK0)
COS8=(0.05154884529379784, 9.0, -0.5, MASK0)
COS9=(0.062449264416655784, 10.0, 2.0, MASK0)
COS10=(0.02529577108027007, 11.0, -0.5, MASK0)
COS11=(0.02502716356894931, 12.0, -0.5, MASK0)
COS12=(0.05048888872447009, 13.0, 2.0, MASK0)
COS13=(0.01823710911842969, 14.0, 1.5, MASK0)
COS14=(0.025909721379499994, 15.0, 2.0, MASK0)
COS15=(0.03694060514151293, 16.0, 1.5, MASK0)
COS16=(0.014654286478070877, 17.0, 1.5, MASK0)
COS17=(0.026395646047845514, 17.5, -0.5, MASK0)
COS18=(0.03221499870163934, 18.5, 1.5, MASK0)
COS19=(0.014854235424576638, 20.0, 1.5, MASK0)
COS20=(0.02238755569305426, 21.0, 1.0, MASK0)
COS21=(0.018403269264298253, 22.0, 1.0, MASK0)
COS22=(0.014618971910296145, 22.5, 1.5, MASK0)
COS23=(0.025501532829206336, 23.5, -0.5, MASK0)
COS24=(0.022387555693054256, 21.0, 1.0, MASK0)
COS25=(0.014854235424576636, 20.0, 1.5, MASK0)
COS26=(0.032214998701639325, 18.5, 1.5, MASK0)
COS27=(0.02639564604784551, 17.5, -0.5, MASK0)
COS28=(0.01465428647807088, 17.0, 1.5, MASK0)
COS29=(0.03694060514151293, 16.0, 1.5, MASK0)
COS30=(0.025909721379499984, 15.0, 2.0, MASK0)
COS31=(0.01823710911842969, 14.0, 1.5, MASK0)
COS32=(0.05048888872447009, 13.0, 2.0, MASK0)
COS33=(0.025027163568949323, 12.0, -0.5, MASK0)
COS34=(0.02529577108027007, 11.0, -0.5, MASK0)
COS35=(0.06244926441665577, 10.0, 2.0, MASK0)
COS36=(0.05154884529379784, 9.0, -0.5, MASK0)
COS37=(0.058984670552379895, 8.0, 3.0, MASK0)
COS38=(0.059343404434386335, 7.0, 3.5, MASK0)
COS39=(0.02434150988448433, 6.0, -0.5, MASK0)
COS40=(0.09160401367413211, 5.0, 4.5, MASK0)
COS41=(0.025067526631676117, 4.0, -4.5, MASK0)
COS42=(0.12895603524665805, 3.0, 7.0, MASK0)
COS43=(0.11353017509972152, 2.0, 9.0, MASK0)
COS44=(0.0951925902215274, 1.0, 11.5, MASK0)
