COS0=(0.07609047698742005, 1.0, 18.0, MASK0)
COS1=(0.10087891392004976, 2.0, 2.0, MASK0)
COS2=(0.05934197997259236, 2.5, -4.5, MASK0)
COS3=(0.03629122697946109, 4.0, 5.0, MASK0)
COS4=(0.03881751982817182, 5.0, 0.5, MASK0)
COS5=(0.02177848801502046, 5.5, -2.0, MASK0)
COS6=(0.005736621909297784, 7.0, 3.5, MASK0)
COS7=(0.014544143096465206, 8.0, -3.5, MASK0)
COS8=(0.0025380461664068826, 9.0, -0.5, MASK0)
COS9=(0.012119586364636142, 10.0, 0.5, MASK0)
COS10=(0.005908813973326454, 10.5, -1.0, MASK0)
COS11=(0.00625081098374736, 12.0, -2.0, MASK0)
COS12=(0.004792242220351727, 12.5, -1.0, MASK0)
COS13=(0.008847006585659367, 13.5, 1.0, MASK0)
COS14=(0.014861756289597676, 15.0, -1.5, MASK0)
COS15=(0.015129053588885565, 15.5, -0.5, MASK0)
COS16=(0.008290454416923004, 16.5, 1.0, MASK0)
COS17=(0.01265686734191862, 17.5, 0.5, MASK0)
COS18=(0.010990457121731495, 18.5, -1.0, MASK0)
COS19=(0.002417930360685447, 19.5, 1.5, MASK0)
COS20=(0.008290454416923004, 16.5, 1.0, MASK0)
COS21=(0.015129053588885562, 15.5, -0.5, MASK0)
COS22=(0.014861756289597676, 15.0, -1.5, MASK0)
COS23=(0.00884700658565937, 13.5, 1.0, MASK0)
COS24=(0.0047922422203517225, 12.5, -1.0, MASK0)
COS25=(0.006250810983747356, 12.0, -2.0, MASK0)
COS26=(0.005908813973326453, 10.5, -1.0, MASK0)
COS27=(0.012119586364636142, 10.0, 0.5, MASK0)
COS28=(0.0025380461664068826, 9.0, -0.5, MASK0)
COS29=(0.014544143096465196, 8.0, -3.5, MASK0)
COS30=(0.005736621909297775, 7.0, 3.5, MASK0)
COS31=(0.021778488015020463, 5.5, -2.0, MASK0)
COS32=(0.03881751982817182, 5.0, 0.5, MASK0)
COS33=(0.036291226979461085, 4.0, 5.0, MASK0)
COS34=(0.059341979972592364, 2.5, -4.5, MASK0)
COS35=(0.10087891392004976, 2.0, 2.0, MASK0)
COS36=(0.07609047698742007, 1.0, 18.0, MASK0)
