sfe322_gcs_analysis/sfe_322.asc
ncols         462
nrows         222
xllcorner     9968.4615904441
yllcorner     -20099.355231844
cellsize      1
NODATA_value  -9999
[rows 58 to 86 of 222, columns 198 to 263 of 462]
1004.894 1004.894 1004.893 1004.893 1004.893 1004.893 1004.893 1004.892 1004.892 1004.892 1004.892 1004.892 1004.892 1004.891 1004.891 1004.891 1004.891 1004.891 1004.89 1004.89 1004.89 1004.89 1004.89 1004.889 1004.889 1004.889 1004.889 1004.889 1004.888 1004.888 1004.888 1004.888 1004.888 1004.888 1004.887 1004.887 1004.887 1004.887 1004.887 1004.886 1004.886 1004.886 1004.886 1004.886 1004.885 1004.885 1004.885 1004.885 1004.885 1004.885 1004.884 1004.884 1004.884 1004.884 1004.884 1004.883 1004.883 1004.883 1004.883 1004.883 1004.882 1004.882 1004.882 1004.882 1004.882 1004.881
1004.893 1004.893 1004.893 1004.893 1004.893 1004.892 1004.892 1004.892 1004.892 1004.892 1004.892 1004.891 1004.891 1004.891 1004.891 1004.891 1004.89 1004.89 1004.89 1004.89 1004.89 1004.889 1004.889 1004.889 1004.889 1004.889 1004.888 1004.888 1004.888 1004.888 1004.888 1004.888 1004.887 1004.887 1004.887 1004.887 1004.887 1004.886 1004.886 1004.886 1004.886 1004.886 1004.885 1004.885 1004.885 1004.885 1004.885 1004.885 1004.884 1004.884 1004.884 1004.884 1004.884 1004.883 1004.883 1004.883 1004.883 1004.883 1004.882 1004.882 1004.882 1004.882 1004.882 1004.881 1004.881 1004.881
1004.893 1004.893 1004.893 1004.893 1004.892 1004.892 1004.892 1004.892 1004.892 1004.891 1004.891 1004.891 1004.891 1004.891 1004.89 1004.89 1004.89 1004.89 1004.89 1004.889 1004.889 1004.889 1004.889 1004.889 1004.889 1004.888 1004.888 1004.888 1004.888 1004.888 1004.887 1004.887 1004.887 1004.887 1004.887 1004.886 1004.886 1004.886 1004.886 1004.886 1004.885 1004.885 1004.885 1004.885 1004.885 1004.885 1004.884 1004.884 1004.884 1004.884 1004.884 1004.883 1004.883 1004.883 1004.883 1004.883 1004.882 1004.882 1004.882 1004.882 1004.882 1004.882 1004.881 1004.881 1004.881 1004.881
1004.893 1004.893 1004.892 1004.892 1004.892 1004.892 1004.892 1004.891 1004.891 1004.891 1004.891 1004.891 1004.89 1004.89 1004.89 1004.89 1004.89 1004.89 1004.889 1004.889 1004.889 1004.889 1004.889 1004.888 1004.888 1004.888 1004.888 1004.888 1004.887 1004.887 1004.887 1004.887 1004.887 1004.886 1004.886 1004.886 1004.886 1004.886 1004.885 1004.885 1004.885 1004.885 1004.885 1004.885 1004.884 1004.884 1004.884 1004.884 1004.884 1004.883 1004.883 1004.883 1004.883 1004.883 1004.883 1004.882 1004.882 1004.882 1004.882 1004.882 1004.881 1004.881 1004.881 1004.881 1004.881 1004.88
1004.892 1004.892 1004.892 1004.892 1004.892 1004.891 1004.891 1004.891 1004.891 1004.891 1004.891 1004.89 1004.89 1004.89 1004.89 1004.89 1004.889 1004.889 1004.889 1004.889 1004.889 1004.888 1004.888 1004.888 1004.888 1004.888 1004.887 1004.887 1004.887 1004.887 1004.887 1004.886 1004.886 1004.886 1004.886 1004.886 1004.886 1004.885 1004.885 1004.885 1004.885 1004.885 1004.884 1004.884 1004.884 1004.884 1004.884 1004.883 1004.883 1004.883 1004.883 1004.883 1004.884 1004.884 1004.885 1004.886 1004.886 1004.887 1004.888 1004.888 1004.889 1004.89 1004.89 1004.891 1004.891 1004.892
1004.892 1004.892 1004.892 1004.891 1004.891 1004.891 1004.891 1004.891 1004.891 1004.89 1004.89 1004.89 1004.89 1004.89 1004.889 1004.889 1004.889 1004.889 1004.889 1004.888 1004.888 1004.888 1004.888 1004.888 1004.887 1004.887 1004.887 1004.887 1004.887 1004.887 1004.888 1004.889 1004.889 1004.89 1004.891 1004.891 1004.892 1004.893 1004.893 1004.894 1004.894 1004.895 1004.896 1004.896 1004.897 1004.898 1004.898 1004.899 1004.9 1004.9 1004.9 1004.9 1004.9 1004.9 1004.9 1004.9 1004.9 1004.9 1004.9 1004.9 1004.9 1004.9 1004.9 1004.9 1004.9 1004.9
1004.892 1004.891 1004.891 1004.891 1004.891 1004.891 1004.891 1004.892 1004.892 1004.893 1004.894 1004.894 1004.895 1004.896 1004.896 1004.897 1004.897 1004.898 1004.899 1004.899 1004.9 1004.901 1004.901 1004.902 1004.903 1004.903 1004.904 1004.905 1004.905 1004.906 1004.906 1004.907 1004.907 1004.907 1004.907 1004.907 1004.907 1004.907 1004.907 1004.907 1004.907 1004.907 1004.907 1004.907 1004.907 1004.907 1004.907 1004.907 1004.907 1004.907 1004.907 1004.907 1004.907 1004.907 1004.906 1004.905 1004.905 1004.904 1004.904 1004.903 1004.902 1004.902 1004.901 1004.901 1004.9 1004.899
1004.906 1004.906 1004.907 1004.908 1004.908 1004.909 1004.909 1004.91 1004.911 1004.911 1004.912 1004.913 1004.913 1004.914 1004.914 1004.914 1004.914 1004.914 1004.914 1004.914 1004.914 1004.914 1004.914 1004.914 1004.914 1004.914 1004.914 1004.914 1004.914 1004.914 1004.914 1004.914 1004.914 1004.914 1004.914 1004.914 1004.914 1004.914 1004.914 1004.914 1004.913 1004.913 1004.912 1004.911 1004.911 1004.91 1004.91 1004.909 1004.908 1004.908 1004.907 1004.907 1004.906 1004.905 1004.905 1004.904 1004.904 1004.903 1004.903 1004.902 1004.901 1004.901 1004.9 1004.9 1004.899 1004.898
1004.921 1004.921 1004.921 1004.921 1004.921 1004.921 1004.921 1004.921 1004.921 1004.921 1004.921 1004.921 1004.921 1004.921 1004.921 1004.921 1004.921 1004.921 1004.921 1004.921 1004.921 1004.921 1004.921 1004.921 1004.921 1004.921 1004.92 1004.92 1004.919 1004.919 1004.918 1004.917 1004.917 1004.916 1004.916 1004.915 1004.914 1004.914 1004.913 1004.913 1004.912 1004.911 1004.911 1004.91 1004.91 1004.909 1004.909 1004.908 1004.907 1004.907 1004.906 1004.906 1004.905 1004.904 1004.904 1004.903 1004.903 1004.902 1004.901 1004.901 1004.9 1004.9 1004.899 1004.898 1004.898 1004.897
1004.928 1004.928 1004.928 1004.928 1004.928 1004.928 1004.928 1004.928 1004.928 1004.929 1004.929 1004.928 1004.928 1004.927 1004.927 1004.926 1004.925 1004.925 1004.924 1004.924 1004.923 1004.922 1004.922 1004.921 1004.921 1004.92 1004.919 1004.919 1004.918 1004.918 1004.917 1004.916 1004.916 1004.915 1004.915 1004.914 1004.913 1004.913 1004.912 1004.912 1004.911 1004.91 1004.91 1004.909 1004.909 1004.908 1004.907 1004.907 1004.906 1004.906 1004.905 1004.904 1004.904 1004.903 1004.903 1004.902 1004.901 1004.901 1004.9 1004.9 1004.899 1004.898 1004.898 1004.897 1004.897 1004.896
1004.934 1004.933 1004.933 1004.932 1004.931 1004.931 1004.93 1004.93 1004.929 1004.928 1004.928 1004.927 1004.927 1004.926 1004.925 1004.925 1004.924 1004.924 1004.923 1004.922 1004.922 1004.921 1004.921 1004.92 1004.919 1004.919 1004.918 1004.918 1004.917 1004.916 1004.916 1004.915 1004.915 1004.914 1004.914 1004.913 1004.912 1004.912 1004.911 1004.911 1004.91 1004.909 1004.909 1004.908 1004.908 1004.907 1004.906 1004.906 1004.905 1004.905 1004.904 1004.903 1004.903 1004.902 1004.902 1004.901 1004.9 1004.9 1004.899 1004.899 1004.898 1004.897 1004.897 1004.896 1004.896 1004.895
1004.933 1004.932 1004.931 1004.931 1004.93 1004.93 1004.929 1004.928 1004.928 1004.927 1004.927 1004.926 1004.925 1004.925 1004.924 1004.924 1004.923 1004.922 1004.922 1004.921 1004.921 1004.92 1004.92 1004.919 1004.918 1004.918 1004.917 1004.917 1004.916 1004.915 1004.915 1004.914 1004.914 1004.913 1004.912 1004.912 1004.911 1004.911 1004.91 1004.909 1004.909 1004.908 1004.908 1004.907 1004.906 1004.906 1004.905 1004.905 1004.904 1004.903 1004.903 1004.902 1004.902 1004.901 1004.9 1004.9 1004.899 1004.899 1004.898 1004.897 1004.897 1004.896 1004.896 1004.895 1004.895 1004.894
1004.932 1004.931 1004.93 1004.93 1004.929 1004.929 1004.928 1004.927 1004.927 1004.926 1004.926 1004.925 1004.924 1004.924 1004.923 1004.923 1004.922 1004.921 1004.921 1004.92 1004.92 1004.919 1004.918 1004.918 1004.917 1004.917 1004.916 1004.915 1004.915 1004.914 1004.914 1004.913 1004.912 1004.912 1004.911 1004.911 1004.91 1004.909 1004.909 1004.908 1004.908 1004.907 1004.906 1004.906 1004.905 1004.905 1004.904 1004.904 1004.903 1004.902 1004.902 1004.901 1004.901 1004.9 1004.899 1004.899 1004.898 1004.898 1004.897 1004.896 1004.896 1004.895 1004.895 1004.894 1004.893 1004.893
1004.93 1004.93 1004.929 1004.929 1004.928 1004.927 1004.927 1004.926 1004.926 1004.925 1004.924 1004.924 1004.923 1004.923 1004.922 1004.922 1004.921 1004.92 1004.92 1004.919 1004.919 1004.918 1004.917 1004.917 1004.916 1004.916 1004.915 1004.914 1004.914 1004.913 1004.913 1004.912 1004.911 1004.911 1004.91 1004.91 1004.909 1004.908 1004.908 1004.907 1004.907 1004.906 1004.905 1004.905 1004.904 1004.904 1004.903 1004.902 1004.902 1004.901 1004.901 1004.9 1004.899 1004.899 1004.898 1004.898 1004.897 1004.896 1004.896 1004.895 1004.895 1004.894 1004.893 1004.893 1004.892 1004.892
1004.929 1004.929 1004.928 1004.928 1004.927 1004.926 1004.926 1004.925 1004.925 1004.924 1004.923 1004.923 1004.922 1004.922 1004.921 1004.92 1004.92 1004.919 1004.919 1004.918 1004.917 1004.917 1004.916 1004.916 1004.915 1004.914 1004.914 1004.913 1004.913 1004.912 1004.911 1004.911 1004.91 1004.91 1004.909 1004.908 1004.908 1004.907 1004.907 1004.906 1004.906 1004.905 1004.904 1004.904 1004.903 1004.903 1004.902 1004.901 1004.901 1004.9 1004.9 1004.899 1004.898 1004.898 1004.897 1004.897 1004.896 1004.895 1004.895 1004.894 1004.894 1004.893 1004.892 1004.892 1004.891 1004.891
1004.928 1004.928 1004.927 1004.926 1004.926 1004.925 1004.925 1004.924 1004.923 1004.923 1004.922 1004.922 1004.921 1004.92 1004.92 1004.919 1004.919 1004.918 1004.917 1004.917 1004.916 1004.916 1004.915 1004.914 1004.914 1004.913 1004.913 1004.912 1004.912 1004.911 1004.91 1004.91 1004.909 1004.909 1004.908 1004.907 1004.907 1004.906 1004.906 1004.905 1004.904 1004.904 1004.903 1004.903 1004.902 1004.901 1004.901 1004.9 1004.9 1004.899 1004.898 1004.898 1004.897 1004.897 1004.896 1004.895 1004.895 1004.894 1004.894 1004.893 1004.892 1004.892 1004.891 1004.891 1004.89 1004.889
1004.927 1004.927 1004.926 1004.925 1004.925 1004.924 1004.924 1004.923 1004.922 1004.922 1004.921 1004.921 1004.92 1004.919 1004.919 1004.918 1004.918 1004.917 1004.916 1004.916 1004.915 1004.915 1004.914 1004.913 1004.913 1004.912 1004.912 1004.911 1004.91 1004.91 1004.909 1004.909 1004.908 1004.907 1004.907 1004.906 1004.906 1004.905 1004.904 1004.904 1004.903 1004.903 1004.902 1004.901 1004.901 1004.9 1004.9 1004.899 1004.898 1004.898 1004.897 1004.897 1004.896 1004.896 1004.895 1004.894 1004.894 1004.893 1004.893 1004.892 1004.891 1004.891 1004.89 1004.89 1004.889 1004.888
1004.926 1004.925 1004.925 1004.924 1004.924 1004.923 1004.922 1004.922 1004.921 1004.921 1004.92 1004.919 1004.919 1004.918 1004.918 1004.917 1004.917 1004.916 1004.915 1004.915 1004.914 1004.914 1004.913 1004.912 1004.912 1004.911 1004.911 1004.91 1004.909 1004.909 1004.908 1004.908 1004.907 1004.906 1004.906 1004.905 1004.905 1004.904 1004.903 1004.903 1004.902 1004.902 1004.901 1004.9 1004.9 1004.899 1004.899 1004.898 1004.897 1004.897 1004.896 1004.896 1004.895 1004.894 1004.894 1004.893 1004.893 1004.892 1004.891 1004.891 1004.89 1004.89 1004.889 1004.888 1004.888 1004.887
1004.925 1004.924 1004.924 1004.923 1004.923 1004.922 1004.921 1004.921 1004.92 1004.92 1004.919 1004.918 1004.918 1004.917 1004.917 1004.916 1004.915 1004.915 1004.914 1004.914 1004.913 1004.912 1004.912 1004.911 1004.911 1004.91 1004.909 1004.909 1004.908 1004.908 1004.907 1004.906 1004.906 1004.905 1004.905 1004.904 1004.903 1004.903 1004.902 1004.902 1004.901 1004.9 1004.9 1004.899 1004.899 1004.898 1004.898 1004.897 1004.896 1004.896 1004.895 1004.895 1004.894 1004.893 1004.893 1004.892 1004.892 1004.891 1004.89 1004.89 1004.889 1004.889 1004.888 1004.887 1004.887 1004.886
1004.924 1004.923 1004.923 1004.922 1004.921 1004.921 1004.92 1004.92 1004.919 1004.918 1004.918 1004.917 1004.917 1004.916 1004.915 1004.915 1004.914 1004.914 1004.913 1004.912 1004.912 1004.911 1004.911 1004.91 1004.909 1004.909 1004.908 1004.908 1004.907 1004.906 1004.906 1004.905 1004.905 1004.904 1004.904 1004.903 1004.902 1004.902 1004.901 1004.901 1004.9 1004.899 1004.899 1004.898 1004.898 1004.897 1004.896 1004.896 1004.895 1004.895 1004.894 1004.893 1004.893 1004.892 1004.892 1004.891 1004.89 1004.89 1004.889 1004.889 1004.888 1004.887 1004.887 1004.886 1004.886 1004.885
1004.923 1004.922 1004.922 1004.921 1004.92 1004.92 1004.919 1004.919 1004.918 1004.917 1004.917 1004.916 1004.916 1004.915 1004.914 1004.914 1004.913 1004.913 1004.912 1004.911 1004.911 1004.91 1004.91 1004.909 1004.908 1004.908 1004.907 1004.907 1004.906 1004.905 1004.905 1004.904 1004.904 1004.903 1004.902 1004.902 1004.901 1004.901 1004.9 1004.899 1004.899 1004.898 1004.898 1004.897 1004.896 1004.896 1004.895 1004.895 1004.894 1004.893 1004.893 1004.892 1004.892 1004.891 1004.891 1004.89 1004.889 1004.889 1004.888 1004.888 1004.887 1004.886 1004.886 1004.885 1004.885 1004.884
1004.922 1004.921 1004.92 1004.92 1004.919 1004.919 1004.918 1004.917 1004.917 1004.916 1004.916 1004.915 1004.914 1004.914 1004.913 1004.913 1004.912 1004.911 1004.911 1004.91 1004.91 1004.909 1004.909 1004.908 1004.907 1004.907 1004.906 1004.906 1004.905 1004.904 1004.904 1004.903 1004.903 1004.902 1004.901 1004.901 1004.9 1004.9 1004.899 1004.898 1004.898 1004.897 1004.897 1004.896 1004.895 1004.895 1004.894 1004.894 1004.893 1004.892 1004.892 1004.891 1004.891 1004.89 1004.889 1004.889 1004.888 1004.888 1004.887 1004.886 1004.886 1004.885 1004.885 1004.884 1004.883 1004.883
1004.91 1004.91 1004.909 1004.909 1004.908 1004.908 1004.907 1004.907 1004.907 1004.906 1004.906 1004.905 1004.905 1004.904 1004.904 1004.903 1004.903 1004.902 1004.902 1004.901 1004.901 1004.9 1004.9 1004.899 1004.899 1004.898 1004.898 1004.898 1004.897 1004.897 1004.896 1004.896 1004.895 1004.895 1004.894 1004.894 1004.893 1004.893 1004.892 1004.892 1004.891 1004.891 1004.89 1004.89 1004.889 1004.889 1004.888 1004.888 1004.888 1004.887 1004.887 1004.886 1004.886 1004.885 1004.885 1004.884 1004.884 1004.883 1004.883 1004.882 1004.882 1004.881 1004.881 1004.88 1004.88 1004.879
1004.909 1004.909 1004.909 1004.908 1004.908 1004.907 1004.907 1004.906 1004.906 1004.905 1004.905 1004.904 1004.904 1004.903 1004.903 1004.902 1004.902 1004.901 1004.901 1004.9 1004.9 1004.9 1004.899 1004.899 1004.898 1004.898 1004.897 1004.897 1004.896 1004.896 1004.895 1004.895 1004.894 1004.894 1004.893 1004.893 1004.892 1004.892 1004.891 1004.891 1004.891 1004.89 1004.89 1004.889 1004.889 1004.888 1004.888 1004.887 1004.887 1004.886 1004.886 1004.885 1004.885 1004.884 1004.884 1004.883 1004.883 1004.882 1004.882 1004.881 1004.881 1004.88 1004.88 1004.88 1004.879 1004.879
1004.909 1004.908 1004.908 1004.907 1004.907 1004.906 1004.906 1004.905 1004.905 1004.904 1004.904 1004.903 1004.903 1004.903 1004.902 1004.902 1004.901 1004.901 1004.9 1004.9 1004.899 1004.899 1004.898 1004.898 1004.897 1004.897 1004.896 1004.896 1004.895 1004.895 1004.894 1004.894 1004.893 1004.893 1004.893 1004.892 1004.892 1004.891 1004.891 1004.89 1004.89 1004.889 1004.889 1004.888 1004.888 1004.887 1004.887 1004.886 1004.886 1004.885 1004.885 1004.884 1004.884 1004.883 1004.883 1004.883 1004.882 1004.882 1004.881 1004.881 1004.88 1004.88 1004.879 1004.879 1004.878 1004.878
1004.908 1004.907 1004.907 1004.906 1004.906 1004.905 1004.905 1004.905 1004.904 1004.904 1004.903 1004.903 1004.902 1004.902 1004.901 1004.901 1004.9 1004.9 1004.899 1004.899 1004.898 1004.898 1004.897 1004.897 1004.896 1004.896 1004.896 1004.895 1004.895 1004.894 1004.894 1004.893 1004.893 1004.892 1004.892 1004.891 1004.891 1004.89 1004.89 1004.889 1004.889 1004.888 1004.888 1004.887 1004.887 1004.886 1004.886 1004.885 1004.885 1004.885 1004.884 1004.884 1004.883 1004.883 1004.882 1004.882 1004.881 1004.881 1004.88 1004.88 1004.879 1004.879 1004.878 1004.878 1004.877 1004.877
1004.907 1004.907 1004.906 1004.906 1004.905 1004.905 1004.904 1004.904 1004.903 1004.903 1004.902 1004.902 1004.901 1004.901 1004.9 1004.9 1004.899 1004.899 1004.898 1004.898 1004.898 1004.897 1004.897 1004.896 1004.896 1004.895 1004.895 1004.894 1004.894 1004.893 1004.893 1004.892 1004.892 1004.891 1004.891 1004.89 1004.89 1004.889 1004.889 1004.888 1004.888 1004.888 1004.887 1004.887 1004.886 1004.886 1004.885 1004.885 1004.884 1004.884 1004.883 1004.883 1004.882 1004.882 1004.881 1004.881 1004.88 1004.88 1004.879 1004.879 1004.878 1004.878 1004.878 1004.877 1004.877 1004.876
1004.906 1004.906 1004.905 1004.905 1004.904 1004.904 1004.903 1004.903 1004.902 1004.902 1004.901 1004.901 1004.9 1004.9 1004.9 1004.899 1004.899 1004.898 1004.898 1004.897 1004.897 1004.896 1004.896 1004.895 1004.895 1004.894 1004.894 1004.893 1004.893 1004.892 1004.892 1004.891 1004.891 1004.891 1004.89 1004.89 1004.889 1004.889 1004.888 1004.888 1004.887 1004.887 1004.886 1004.886 1004.885 1004.885 1004.884 1004.884 1004.883 1004.883 1004.882 1004.882 1004.881 1004.881 1004.88 1004.88 1004.88 1004.879 1004.879 1004.878 1004.878 1004.877 1004.877 1004.876 1004.876 1004.875
1004.905 1004.905 1004.904 1004.904 1004.903 1004.903 1004.903 1004.902 1004.902 1004.901 1004.901 1004.9 1004.9 1004.899 1004.899 1004.898 1004.898 1004.897 1004.897 1004.896 1004.896 1004.895 1004.895 1004.894 1004.894 1004.893 1004.893 1004.893 1004.892 1004.892 1004.891 1004.891 1004.89 1004.89 1004.889 1004.889 1004.888 1004.888 1004.887 1004.887 1004.886 1004.886 1004.885 1004.885 1004.884 1004.884 1004.883 1004.883 1004.883 1004.882 1004.882 1004.881 1004.881 1004.88 1004.88 1004.879 1004.879 1004.878 1004.878 1004.877 1004.877 1004.876 1004.876 1004.875 1004.875 1004.874
