sfe322_gcs_analysis/sfe_322.asc
ncols         462
nrows         222
xllcorner     9968.4615904441
yllcorner     -20099.355231844
cellsize      1
NODATA_value  -9999
[rows 29 to 57 of 222, columns 396 to 461 of 462]
1002.1 1002.035 1001.97 1001.885 1001.783 1001.68 1001.58 1001.487 1001.395 1001.299 1001.177 1001.055 1000.932 1000.812 1000.841 1000.87 1000.862 1000.835 1000.808 1000.781 1000.754 1000.744 1000.738 1000.755 1000.801 1000.848 1000.894 1000.94 1000.987 1001.033 1001.08 1001.126 1001.169 1001.15 1001.124 1000.924 1000.877 1000.898 1000.918 1000.939 1000.959 1000.98 1000.985 1000.975 1000.964 1000.948 1000.93 1000.911 1000.876 1000.832 1000.789 1000.745 1000.701 1000.656 1000.603 1000.599 -9999 -9999 -9999 -9999 -9999 -9999 -9999 -9999 -9999 -9999
1001.963 1001.898 1001.796 1001.693 1001.591 1001.498 1001.405 1001.312 1001.203 1001.081 1000.958 1000.836 1000.827 1000.856 1000.877 1000.85 1000.823 1000.796 1000.769 1000.754 1000.748 1000.742 1000.776 1000.823 1000.869 1000.916 1000.962 1001.009 1001.055 1001.102 1001.148 1001.157 1001.131 1001.104 1001.078 1001.052 1000.914 1000.924 1000.945 1000.965 1000.986 1000.982 1000.972 1000.953 1000.935 1000.917 1000.898 1000.856 1000.812 1000.768 1000.724 1000.679 1000.627 1000.57 1000.515 1000.477 -9999 -9999 -9999 -9999 -9999 -9999 -9999 -9999 -9999 -9999
1001.809 1001.707 1001.604 1001.508 1001.416 1001.323 1001.229 1001.107 1000.984 1000.862 1000.813 1000.842 1000.871 1000.865 1000.838 1000.811 1000.784 1000.763 1000.757 1000.751 1000.752 1000.798 1000.844 1000.891 1000.937 1000.984 1001.03 1001.077 1001.123 1001.155 1001.138 1001.111 1001.085 1001.059 1001.032 1001.006 1000.994 1000.974 1000.971 1000.989 1000.977 1000.959 1000.941 1000.922 1000.904 1000.88 1000.836 1000.792 1000.748 1000.703 1000.655 1000.596 1000.539 1000.484 1000.428 1000.373 1000.366 -9999 -9999 -9999 -9999 -9999 -9999 -9999 -9999 -9999
1001.617 1001.519 1001.426 1001.333 1001.241 1001.133 1001.01 1000.888 1000.799 1000.828 1000.857 1000.88 1000.854 1000.827 1000.8 1000.773 1000.767 1000.761 1000.755 1000.773 1000.82 1000.866 1000.913 1000.959 1001.005 1001.052 1001.098 1001.137 1001.145 1001.118 1001.092 1001.066 1001.039 1001.013 1000.988 1000.979 1000.972 1001.009 1000.983 1000.964 1000.946 1000.928 1000.909 1000.891 1000.86 1000.816 1000.772 1000.726 1000.678 1000.624 1000.565 1000.508 1000.452 1000.397 1000.342 1000.287 1000.222 1001.665 -9999 -9999 -9999 -9999 -9999 -9999 -9999 -9999
1001.437 1001.344 1001.251 1001.159 1001.036 1000.914 1000.792 1000.814 1000.843 1000.872 1000.869 1000.842 1000.815 1000.788 1000.777 1000.771 1000.765 1000.759 1000.795 1000.841 1000.888 1000.934 1000.981 1001.027 1001.074 1001.118 1001.14 1001.125 1001.099 1001.073 1001.046 1001.02 1000.993 1000.978 1000.971 1000.964 1000.956 1000.949 1000.942 1000.933 1000.915 1000.897 1000.878 1000.84 1000.796 1000.749 1000.701 1000.653 1000.593 1000.534 1000.477 1000.421 1000.366 1000.311 1000.254 1000.196 1000.138 1000.088 -9999 -9999 -9999 -9999 -9999 -9999 -9999 -9999
1001.262 1001.169 1001.062 1000.94 1000.818 1000.799 1000.828 1000.857 1000.884 1000.857 1000.83 1000.803 1000.786 1000.78 1000.774 1000.768 1000.77 1000.817 1000.863 1000.909 1000.956 1001.002 1001.049 1001.095 1001.122 1001.132 1001.106 1001.08 1001.053 1001.027 1001 1000.979 1000.97 1000.963 1000.956 1000.948 1000.941 1000.934 1000.919 1000.894 1000.884 1000.864 1000.819 1000.772 1000.724 1000.677 1000.622 1000.562 1000.503 1000.445 1000.39 1000.335 1000.28 1000.221 1000.163 1000.105 1000.047 1000.026 1000.682 -9999 -9999 -9999 -9999 -9999 -9999 -9999
1001.087 1000.966 1000.844 1000.785 1000.814 1000.843 1000.872 1000.872 1000.845 1000.818 1000.796 1000.79 1000.784 1000.778 1000.772 1000.792 1000.838 1000.885 1000.931 1000.978 1001.024 1001.071 1001.104 1001.125 1001.113 1001.087 1001.06 1001.034 1001.007 1000.984 1000.969 1000.962 1000.955 1000.947 1000.94 1000.933 1000.92 1000.881 1000.845 1000.87 1000.842 1000.795 1000.747 1000.7 1000.65 1000.591 1000.531 1000.472 1000.414 1000.359 1000.304 1000.247 1000.189 1000.13 1000.072 1000.042 1000.068 1000.096 1000.022 -9999 -9999 -9999 -9999 -9999 -9999 -9999
1000.87 1000.771 1000.8 1000.829 1000.858 1000.887 1000.86 1000.833 1000.807 1000.799 1000.793 1000.787 1000.781 1000.775 1000.813 1000.86 1000.906 1000.953 1000.999 1001.046 1001.085 1001.107 1001.12 1001.094 1001.067 1001.041 1001.014 1000.989 1000.971 1000.961 1000.954 1000.947 1000.939 1000.932 1000.925 1000.883 1000.847 1000.811 1000.776 1000.74 1000.777 1000.723 1000.676 1000.619 1000.56 1000.5 1000.441 1000.383 1000.328 1000.272 1000.214 1000.156 1000.098 1000.04 1000.046 1000.075 1000.103 1000.131 1000.159 1000.555 -9999 -9999 -9999 -9999 -9999 -9999
1000.786 1000.815 1000.844 1000.873 1000.876 1000.849 1000.822 1000.809 1000.803 1000.797 1000.791 1000.785 1000.789 1000.835 1000.882 1000.928 1000.974 1001.021 1001.067 1001.089 1001.111 1001.101 1001.074 1001.048 1001.021 1000.995 1000.975 1000.96 1000.953 1000.946 1000.938 1000.931 1000.924 1000.892 1000.849 1000.813 1000.777 1000.742 1000.706 1000.671 1000.641 1000.647 1000.588 1000.528 1000.469 1000.41 1000.352 1000.297 1000.239 1000.181 1000.123 1000.065 1000.043 1000.053 1000.081 1000.109 1000.137 1000.165 1000.194 1000.413 1001.772 -9999 -9999 -9999 -9999 -9999
1000.83 1000.859 1000.888 1000.864 1000.837 1000.819 1000.813 1000.807 1000.801 1000.795 1000.789 1000.81 1000.857 1000.903 1000.95 1000.996 1001.043 1001.071 1001.093 1001.108 1001.081 1001.055 1001.028 1001.002 1000.98 1000.962 1000.952 1000.945 1000.938 1000.93 1000.923 1000.902 1000.854 1000.815 1000.779 1000.743 1000.708 1000.672 1000.637 1000.587 1000.537 1000.511 1000.497 1000.438 1000.379 1000.321 1000.265 1000.207 1000.148 1000.09 1000.041 1000.045 1000.059 1000.088 1000.116 1000.144 1000.172 1000.344 1000.598 1000.853 1001.029 -9999 -9999 -9999 -9999 -9999
1000.874 1000.879 1000.852 1000.828 1000.822 1000.816 1000.81 1000.804 1000.798 1000.792 1000.832 1000.878 1000.925 1000.971 1001.018 1001.052 1001.074 1001.096 1001.088 1001.062 1001.035 1001.009 1000.985 1000.967 1000.951 1000.944 1000.937 1000.929 1000.922 1000.912 1000.864 1000.816 1000.781 1000.745 1000.709 1000.674 1000.638 1000.595 1000.545 1000.495 1000.445 1000.395 1000.399 1000.348 1000.29 1000.232 1000.174 1000.116 1000.058 1000.043 1000.048 1000.066 1000.094 1000.122 1000.15 1000.291 1000.51 1000.765 1001.019 1001.273 1001.527 1001.947 -9999 -9999 -9999 -9999
1000.867 1000.84 1000.832 1000.826 1000.82 1000.814 1000.808 1000.802 1000.807 1000.854 1000.9 1000.947 1000.993 1001.034 1001.056 1001.078 1001.095 1001.069 1001.042 1001.016 1000.99 1000.972 1000.954 1000.943 1000.936 1000.929 1000.921 1000.914 1000.874 1000.825 1000.782 1000.747 1000.711 1000.675 1000.64 1000.603 1000.553 1000.503 1000.453 1000.403 1000.353 1000.303 1000.265 1000.258 1000.199 1000.141 1000.083 1000.041 1000.046 1000.051 1000.072 1000.1 1000.129 1000.258 1000.422 1000.676 1000.931 1001.185 1001.439 1001.694 1001.945 1002.108 1002.72 -9999 -9999 -9999
1000.842 1000.836 1000.83 1000.824 1000.818 1000.812 1000.806 1000.829 1000.875 1000.922 1000.968 1001.015 1001.038 1001.06 1001.081 1001.076 1001.049 1001.023 1000.997 1000.977 1000.958 1000.942 1000.935 1000.928 1000.92 1000.913 1000.884 1000.835 1000.787 1000.748 1000.713 1000.677 1000.641 1000.606 1000.561 1000.511 1000.461 1000.411 1000.361 1000.311 1000.261 1000.211 1000.161 1000.12 1000.108 1000.05 1000.044 1000.049 1000.054 1000.079 1000.107 1000.225 1000.388 1000.588 1000.843 1001.097 1001.351 1001.605 1001.848 1002.065 1002.234 1002.405 1002.528 -9999 -9999 -9999
1000.839 1000.833 1000.827 1000.821 1000.815 1000.809 1000.851 1000.897 1000.943 1000.99 1001.02 1001.041 1001.063 1001.083 1001.056 1001.03 1001.004 1000.981 1000.963 1000.945 1000.934 1000.927 1000.92 1000.912 1000.894 1000.845 1000.797 1000.75 1000.714 1000.679 1000.643 1000.607 1000.569 1000.519 1000.469 1000.419 1000.369 1000.319 1000.269 1000.219 1000.169 1000.119 1000.069 1000.036 1000.042 1000.047 1000.052 1000.057 1000.085 1000.192 1000.355 1000.519 1000.754 1001.009 1001.263 1001.517 1001.752 1001.986 1002.173 1002.344 1002.514 1002.684 1002.855 1003.037 -9999 -9999
1000.837 1000.831 1000.825 1000.819 1000.826 1000.872 1000.919 1000.965 1001.001 1001.023 1001.045 1001.067 1001.063 1001.037 1001.011 1000.986 1000.968 1000.95 1000.933 1000.926 1000.919 1000.911 1000.904 1000.855 1000.807 1000.758 1000.716 1000.68 1000.645 1000.609 1000.573 1000.526 1000.477 1000.427 1000.377 1000.327 1000.277 1000.227 1000.177 1000.127 1000.077 1000.053 1000.124 1000.106 1000.022 1000.054 1000.064 1000.159 1000.323 1000.486 1000.666 1000.92 1001.175 1001.423 1001.656 1001.89 1002.123 1002.282 1002.453 1002.623 1002.794 1002.964 1003.135 1003.29 -9999 -9999
1000.834 1000.828 1000.822 1000.847 1000.894 1000.94 1000.983 1001.005 1001.027 1001.049 1001.07 1001.044 1001.018 1000.991 1000.973 1000.955 1000.937 1000.925 1000.918 1000.911 1000.903 1000.865 1000.817 1000.768 1000.72 1000.682 1000.646 1000.611 1000.575 1000.534 1000.484 1000.434 1000.384 1000.335 1000.285 1000.235 1000.185 1000.135 1000.085 1000.04 1000.185 1000.207 1000.189 1000.171 1000.154 1000.126 1000.29 1000.453 1000.616 1000.832 1001.087 1001.327 1001.56 1001.794 1002.027 1002.23 1002.392 1002.562 1002.733 1002.903 1003.073 1003.243 1003.409 1003.58 1003.704 -9999
1000.832 1000.826 1000.869 1000.916 1000.962 1000.987 1001.008 1001.03 1001.052 1001.051 1001.025 1000.998 1000.978 1000.96 1000.942 1000.924 1000.917 1000.91 1000.903 1000.875 1000.827 1000.779 1000.73 1000.683 1000.648 1000.612 1000.577 1000.541 1000.492 1000.442 1000.392 1000.342 1000.292 1000.242 1000.193 1000.143 1000.093 1000.042 1000.12 1000.307 1000.29 1000.272 1000.254 1000.237 1000.219 1000.33 1000.583 1000.746 1000.997 1001.23 1001.464 1001.698 1001.931 1002.165 1002.337 1002.501 1002.671 1002.842 1003.012 1003.182 1003.35 1003.514 1003.685 1003.856 1004.027 1004.12
1000.844 1000.891 1000.937 1000.968 1000.99 1001.012 1001.034 1001.056 1001.032 1001.005 1000.982 1000.964 1000.946 1000.928 1000.916 1000.909 1000.902 1000.885 1000.837 1000.789 1000.74 1000.692 1000.649 1000.614 1000.578 1000.543 1000.5 1000.45 1000.4 1000.35 1000.3 1000.25 1000.2 1000.15 1000.101 1000.05 1000.056 1000.252 1000.39 1000.372 1000.355 1000.337 1000.319 1000.302 1000.489 1000.728 1000.901 1001.134 1001.368 1001.601 1001.835 1002.069 1002.287 1002.444 1002.61 1002.781 1002.951 1003.121 1003.29 1003.455 1003.618 1003.789 1003.961 1004.132 1004.303 1004.45
1000.912 1000.95 1000.972 1000.994 1001.016 1001.037 1001.039 1001.012 1000.987 1000.969 1000.951 1000.933 1000.915 1000.908 1000.901 1000.894 1000.847 1000.799 1000.75 1000.702 1000.653 1000.615 1000.58 1000.544 1000.508 1000.458 1000.408 1000.358 1000.308 1000.258 1000.208 1000.158 1000.108 1000.057 1000.043 1000.188 1000.384 1000.473 1000.455 1000.438 1000.42 1000.402 1000.442 1000.681 1000.92 1001.159 1001.398 1001.505 1001.739 1001.972 1002.206 1002.395 1002.551 1002.72 1002.89 1003.06 1003.229 1003.398 1003.56 1003.723 1003.894 1004.065 1004.237 1004.396 1004.543 1004.689
1000.954 1000.976 1000.997 1001.019 1001.041 1001.019 1000.993 1000.974 1000.956 1000.938 1000.92 1000.907 1000.9 1000.893 1000.857 1000.809 1000.76 1000.712 1000.663 1000.617 1000.581 1000.546 1000.51 1000.466 1000.416 1000.366 1000.316 1000.266 1000.216 1000.166 1000.116 1000.065 1000.042 1000.123 1000.319 1000.515 1000.556 1000.538 1000.52 1000.503 1000.485 1000.634 1000.873 1001.112 1001.351 1001.59 1001.828 1001.954 1002.11 1002.343 1002.502 1002.658 1002.829 1002.999 1003.168 1003.337 1003.506 1003.666 1003.828 1003.999 1004.17 1004.341 1004.487 1004.633 1004.78 1004.929
1000.979 1001.001 1001.023 1001.026 1001 1000.979 1000.961 1000.943 1000.925 1000.907 1000.899 1000.892 1000.867 1000.819 1000.77 1000.722 1000.673 1000.625 1000.583 1000.547 1000.512 1000.473 1000.423 1000.373 1000.324 1000.274 1000.224 1000.174 1000.124 1000.073 1000.042 1000.059 1000.255 1000.451 1000.647 1000.639 1000.621 1000.603 1000.586 1000.587 1000.826 1001.065 1001.304 1001.543 1001.781 1002.015 1002.169 1002.324 1002.452 1002.609 1002.768 1002.938 1003.107 1003.276 1003.445 1003.614 1003.771 1003.933 1004.104 1004.275 1004.432 1004.578 1004.724 1004.881 -9999 -9999
1001.005 1001.026 1001.007 1000.984 1000.965 1000.947 1000.929 1000.911 1000.898 1000.891 1000.877 1000.829 1000.78 1000.732 1000.683 1000.635 1000.586 1000.549 1000.514 1000.478 1000.431 1000.381 1000.331 1000.281 1000.232 1000.182 1000.132 1000.081 1000.041 1000.045 1000.191 1000.387 1000.583 1000.739 1000.721 1000.704 1000.686 1000.668 1000.779 1001.018 1001.257 1001.496 1001.735 1001.973 1002.148 1002.303 1002.458 1002.614 1002.769 1002.877 1003.046 1003.215 1003.384 1003.553 1003.722 1003.877 1004.038 1004.209 1004.376 1004.523 1004.669 1004.833 -9999 -9999 -9999 -9999
1001.014 1000.988 1000.97 1000.952 1000.934 1000.916 1000.898 1000.89 1000.883 1000.839 1000.79 1000.742 1000.693 1000.645 1000.596 1000.551 1000.515 1000.48 1000.439 1000.389 1000.339 1000.289 1000.239 1000.189 1000.139 1000.088 1000.04 1000.044 1000.126 1000.322 1000.518 1000.714 1000.822 1000.804 1000.787 1000.769 1000.751 1000.971 1001.21 1001.449 1001.688 1001.926 1002.13 1002.282 1002.437 1002.593 1002.748 1002.903 1003.059 1003.197 1003.323 1003.492 1003.661 1003.83 1003.982 1004.142 1004.314 1004.467 1004.613 1004.785 1004.937 -9999 -9999 -9999 -9999 -9999
1000.975 1000.957 1000.939 1000.921 1000.903 1000.889 1000.882 1000.849 1000.8 1000.752 1000.703 1000.655 1000.606 1000.558 1000.517 1000.481 1000.446 1000.397 1000.347 1000.297 1000.247 1000.197 1000.147 1000.096 1000.045 1000.044 1000.062 1000.258 1000.454 1000.65 1000.846 1000.905 1000.887 1000.869 1000.852 1000.924 1001.163 1001.402 1001.641 1001.88 1002.112 1002.262 1002.416 1002.572 1002.727 1002.883 1003.038 1003.193 1003.338 1003.481 1003.611 1003.769 1003.935 1004.087 1004.247 1004.412 1004.558 1004.737 1004.892 -9999 -9999 -9999 -9999 -9999 -9999 -9999
1000.944 1000.926 1000.908 1000.89 1000.881 1000.859 1000.81 1000.762 1000.714 1000.665 1000.617 1000.568 1000.52 1000.483 1000.447 1000.405 1000.355 1000.305 1000.255 1000.205 1000.155 1000.104 1000.053 1000.043 1000.047 1000.193 1000.389 1000.585 1000.781 1000.978 1000.988 1000.97 1000.952 1000.935 1001.116 1001.355 1001.594 1001.833 1002.071 1002.245 1002.396 1002.551 1002.706 1002.862 1003.017 1003.172 1003.322 1003.465 1003.609 1003.753 1003.897 1004.041 1004.193 1004.352 1004.51 1004.689 1004.847 -9999 -9999 -9999 -9999 -9999 -9999 -9999 -9999 -9999
1000.912 1000.894 1000.88 1000.869 1000.82 1000.772 1000.724 1000.675 1000.627 1000.578 1000.53 1000.484 1000.449 1000.412 1000.363 1000.313 1000.263 1000.213 1000.163 1000.112 1000.06 1000.043 1000.047 1000.129 1000.325 1000.521 1000.717 1000.913 1001.088 1001.07 1001.053 1001.035 1001.069 1001.308 1001.547 1001.786 1002.024 1002.228 1002.378 1002.53 1002.685 1002.841 1002.996 1003.151 1003.306 1003.449 1003.593 1003.737 1003.881 1004.025 1004.169 1004.364 1004.462 1004.641 1004.802 1004.94 -9999 -9999 -9999 -9999 -9999 -9999 -9999 -9999 -9999 -9999
1000.881 1000.872 1000.831 1000.782 1000.734 1000.685 1000.637 1000.588 1000.54 1000.491 1000.45 1000.415 1000.37 1000.32 1000.27 1000.221 1000.17 1000.119 1000.068 1000.042 1000.046 1000.065 1000.261 1000.457 1000.653 1000.849 1001.045 1001.171 1001.153 1001.136 1001.118 1001.261 1001.5 1001.739 1001.977 1002.21 1002.36 1002.51 1002.664 1002.82 1002.975 1003.13 1003.286 1003.434 1003.577 1003.721 1003.865 1004.009 1004.153 1004.297 1004.44 1004.584 1004.757 1004.899 -9999 -9999 -9999 -9999 -9999 -9999 -9999 -9999 -9999 -9999 -9999 -9999
1000.841 1000.792 1000.744 1000.695 1000.647 1000.598 1000.55 1000.501 1000.453 1000.416 1000.378 1000.328 1000.278 1000.228 1000.178 1000.127 1000.076 1000.041 1000.046 1000.05 1000.196 1000.392 1000.588 1000.784 1000.98 1001.176 1001.254 1001.236 1001.218 1001.214 1001.453 1001.692 1001.931 1002.169 1002.343 1002.493 1002.643 1002.799 1002.954 1003.109 1003.265 1003.418 1003.561 1003.705 1003.849 1003.993 1004.137 1004.281 1004.424 1004.568 1004.712 1004.856 1004.941 -9999 -9999 -9999 -9999 -9999 -9999 -9999 -9999 -9999 -9999 -9999 -9999 -9999
1000.754 1000.705 1000.657 1000.608 1000.56 1000.511 1000.463 1000.418 1000.382 1000.336 1000.286 1000.236 1000.186 1000.135 1000.084 1000.041 1000.045 1000.049 1000.132 1000.328 1000.524 1000.72 1000.916 1001.112 1001.308 1001.337 1001.319 1001.301 1001.406 1001.645 1001.884 1002.122 1002.325 1002.475 1002.625 1002.778 1002.933 1003.089 1003.244 1003.399 1003.545 1003.689 1003.833 1003.977 1004.121 1004.265 1004.408 1004.552 1004.696 1004.84 1004.94 -9999 -9999 -9999 -9999 -9999 -9999 -9999 -9999 -9999 -9999 -9999 -9999 -9999 -9999 -9999
