sfe322_gcs_analysis/sfe_322.asc
ncols         462
nrows         222
xllcorner     9968.4615904441
yllcorner     -20099.355231844
cellsize      1
NODATA_value  -9999
[rows 87 to 115 of 222, columns 264 to 329 of 462]
1004.873 1004.873 1004.872 1004.872 1004.871 1004.871 1004.87 1004.799 1004.625 1004.451 1004.273 1004.098 1003.925 1003.753 1003.58 1003.41 1003.24 1003.069 1002.899 1002.729 1002.564 1002.425 1002.326 1002.227 1002.127 1001.892 1001.804 1001.739 1001.673 1001.608 1001.543 1001.448 1001.354 1001.26 1001.166 1001.072 1000.978 1000.865 1000.752 1000.782 1000.812 1000.843 1000.873 1000.878 1000.849 1000.825 1000.878 1000.932 1000.985 1001.038 1001.091 1001.111 1001.073 1001.034 1001.003 1001.028 1001.053 1001.077 1001.1 1001.108 1001.081 1001.054 1001.027 1001 1000.978 1000.961
1004.872 1004.872 1004.871 1004.871 1004.87 1004.84 1004.667 1004.493 1004.316 1004.139 1003.965 1003.793 1003.621 1003.45 1003.28 1003.11 1002.94 1002.769 1002.606 1002.444 1002.331 1002.232 1002.132 1002.033 1001.933 1001.798 1001.667 1001.602 1001.537 1001.465 1001.369 1001.274 1001.18 1001.086 1000.992 1000.898 1000.773 1000.765 1000.795 1000.825 1000.856 1000.886 1000.868 1000.84 1000.87 1000.924 1000.977 1001.03 1001.083 1001.121 1001.083 1001.044 1001.005 1001.006 1001.031 1001.055 1001.078 1001.102 1001.09 1001.063 1001.036 1001.009 1000.984 1000.966 1000.953 1000.946
1004.871 1004.871 1004.87 1004.87 1004.709 1004.535 1004.36 1004.182 1004.005 1003.833 1003.661 1003.491 1003.321 1003.15 1002.98 1002.81 1002.648 1002.486 1002.336 1002.237 1002.137 1002.038 1001.939 1001.839 1001.752 1001.625 1001.611 1001.465 1001.383 1001.289 1001.195 1001.101 1001.006 1000.912 1000.806 1000.748 1000.778 1000.808 1000.839 1000.869 1000.886 1000.858 1000.862 1000.916 1000.969 1001.022 1001.075 1001.128 1001.092 1001.054 1001.015 1000.983 1001.008 1001.033 1001.057 1001.08 1001.098 1001.071 1001.044 1001.017 1000.99 1000.972 1000.953 1000.945 1000.938 1000.931
1004.871 1004.87 1004.753 1004.577 1004.403 1004.225 1004.047 1003.873 1003.702 1003.531 1003.361 1003.191 1003.021 1002.852 1002.69 1002.528 1002.366 1002.242 1002.142 1002.043 1001.944 1001.844 1001.763 1001.67 1001.54 1001.411 1001.282 1001.288 1001.209 1001.115 1001.021 1000.927 1000.833 1000.731 1000.761 1000.791 1000.821 1000.852 1000.882 1000.876 1000.854 1000.908 1000.961 1001.014 1001.067 1001.12 1001.102 1001.064 1001.025 1000.986 1000.986 1001.011 1001.035 1001.058 1001.081 1001.08 1001.053 1001.026 1000.999 1000.978 1000.959 1000.944 1000.937 1000.93 1000.923 1000.916
1004.774 1004.619 1004.453 1004.287 1004.091 1003.913 1003.742 1003.572 1003.402 1003.232 1003.061 1002.894 1002.732 1002.57 1002.408 1002.247 1002.148 1002.048 1001.949 1001.849 1001.773 1001.702 1001.585 1001.456 1001.327 1001.197 1001.068 1001.005 1001.035 1000.941 1000.847 1000.747 1000.744 1000.774 1000.804 1000.834 1000.865 1000.895 1000.867 1000.9 1000.953 1001.006 1001.059 1001.112 1001.112 1001.074 1001.035 1000.996 1000.964 1000.989 1001.013 1001.036 1001.059 1001.082 1001.062 1001.035 1001.008 1000.984 1000.965 1000.947 1000.936 1000.929 1000.922 1000.915 1000.896 1000.855
1004.47 1004.305 1004.142 1003.979 1003.801 1003.613 1003.442 1003.272 1003.102 1002.936 1002.774 1002.612 1002.45 1002.288 1002.153 1002.053 1001.954 1001.855 1001.784 1001.712 1001.629 1001.5 1001.371 1001.242 1001.113 1000.983 1000.864 1000.841 1000.798 1000.767 1000.727 1000.757 1000.787 1000.817 1000.847 1000.878 1000.885 1000.892 1000.945 1000.998 1001.051 1001.104 1001.122 1001.084 1001.045 1001.006 1000.967 1000.966 1000.991 1001.014 1001.037 1001.061 1001.071 1001.044 1001.016 1000.99 1000.971 1000.953 1000.935 1000.928 1000.921 1000.914 1000.907 1000.865 1000.825 1000.787
1004.157 1003.994 1003.831 1003.667 1003.504 1003.317 1003.143 1002.979 1002.816 1002.654 1002.492 1002.33 1002.168 1002.058 1001.959 1001.865 1001.794 1001.723 1001.651 1001.545 1001.416 1001.286 1001.157 1001.028 1000.913 1000.839 1000.818 1000.798 1000.778 1000.704 1000.77 1000.8 1000.83 1000.86 1000.891 1000.884 1000.937 1000.99 1001.043 1001.096 1001.132 1001.093 1001.055 1001.016 1000.977 1000.944 1000.969 1000.992 1001.016 1001.039 1001.062 1001.052 1001.025 1000.998 1000.977 1000.959 1000.94 1000.927 1000.92 1000.913 1000.906 1000.875 1000.834 1000.795 1000.757 1000.719
1003.846 1003.683 1003.52 1003.357 1003.196 1003.027 1002.859 1002.697 1002.535 1002.372 1002.21 1002.064 1001.964 1001.876 1001.804 1001.733 1001.661 1001.589 1001.46 1001.331 1001.202 1001.073 1000.962 1000.855 1000.816 1000.796 1000.775 1000.755 1000.735 1000.701 1000.813 1000.843 1000.873 1000.893 1000.929 1000.982 1001.035 1001.089 1001.141 1001.103 1001.065 1001.026 1000.987 1000.948 1000.946 1000.971 1000.994 1001.017 1001.04 1001.061 1001.034 1001.007 1000.983 1000.965 1000.946 1000.928 1000.919 1000.912 1000.905 1000.886 1000.843 1000.804 1000.766 1000.727 1000.689 1000.649
1003.535 1003.374 1003.213 1003.052 1002.892 1002.731 1002.547 1002.415 1002.253 1002.091 1001.969 1001.886 1001.815 1001.743 1001.672 1001.6 1001.505 1001.375 1001.246 1001.117 1001.01 1000.903 1000.813 1000.793 1000.773 1000.752 1000.732 1000.712 1000.711 1000.765 1000.817 1000.886 1000.921 1000.974 1001.027 1001.081 1001.134 1001.113 1001.075 1001.036 1000.997 1000.958 1000.924 1000.949 1000.972 1000.995 1001.018 1001.042 1001.043 1001.016 1000.989 1000.971 1000.952 1000.934 1000.918 1000.911 1000.904 1000.896 1000.854 1000.812 1000.774 1000.736 1000.698 1000.66 1000.608 1000.555
1003.231 1003.07 1002.909 1002.748 1002.589 1002.462 1002.267 1002.115 1001.974 1001.896 1001.825 1001.754 1001.682 1001.611 1001.539 1001.42 1001.291 1001.166 1001.059 1000.952 1000.845 1000.79 1000.77 1000.75 1000.73 1000.709 1000.716 1000.75 1000.806 1000.861 1000.917 1000.967 1001.019 1001.073 1001.126 1001.123 1001.085 1001.046 1001.007 1000.968 1000.93 1000.927 1000.95 1000.973 1000.996 1001.02 1001.043 1001.024 1000.997 1000.977 1000.958 1000.94 1000.921 1000.91 1000.903 1000.896 1000.864 1000.822 1000.782 1000.744 1000.706 1000.668 1000.619 1000.566 1000.513 1000.464
1002.926 1002.766 1002.611 1002.457 1002.35 1002.261 1002.172 1001.943 1001.835 1001.764 1001.693 1001.621 1001.55 1001.464 1001.335 1001.215 1001.108 1001.001 1000.894 1000.788 1000.768 1000.747 1000.727 1000.707 1000.721 1000.743 1000.791 1000.847 1000.902 1000.958 1001.013 1001.067 1001.118 1001.133 1001.094 1001.056 1001.017 1000.978 1000.94 1000.904 1000.928 1000.951 1000.975 1000.998 1001.021 1001.033 1001.006 1000.983 1000.964 1000.946 1000.927 1000.909 1000.902 1000.895 1000.875 1000.832 1000.791 1000.753 1000.714 1000.676 1000.63 1000.577 1000.524 1000.473 1000.423 1000.373
1002.633 1002.479 1002.328 1002.239 1002.15 1002.06 1001.971 1001.882 1001.762 1001.632 1001.56 1001.489 1001.38 1001.263 1001.156 1001.049 1000.942 1000.835 1000.765 1000.745 1000.724 1000.705 1000.727 1000.748 1000.777 1000.832 1000.888 1000.943 1000.999 1001.054 1001.105 1001.121 1001.181 1001.066 1001.027 1000.988 1000.95 1000.911 1000.906 1000.93 1000.953 1000.976 1000.999 1001.022 1001.015 1000.989 1000.97 1000.952 1000.933 1000.915 1000.901 1000.894 1000.885 1000.843 1000.801 1000.761 1000.723 1000.685 1000.641 1000.588 1000.535 1000.483 1000.433 1000.383 1000.333 1000.283
1002.346 1002.216 1002.127 1002.038 1001.949 1001.86 1001.778 1001.687 1001.645 1001.53 1001.424 1001.312 1001.205 1001.098 1000.991 1000.884 1000.777 1000.742 1000.722 1000.71 1000.732 1000.754 1000.775 1000.818 1000.873 1000.929 1000.984 1001.039 1001.095 1001.121 1001.137 1001.153 1001.189 1000.998 1000.959 1000.921 1000.884 1000.908 1000.931 1000.954 1000.977 1001.001 1001.024 1000.997 1000.976 1000.958 1000.939 1000.921 1000.902 1000.893 1000.886 1000.853 1000.811 1000.769 1000.731 1000.693 1000.653 1000.6 1000.547 1000.494 1000.443 1000.393 1000.343 1000.293 1000.242 1000.19
1002.105 1002.016 1001.927 1001.839 1001.774 1001.708 1001.598 1001.471 1001.345 1001.369 1001.254 1001.147 1001.04 1000.933 1000.826 1000.74 1000.719 1000.716 1000.737 1000.759 1000.781 1000.803 1000.859 1000.914 1000.969 1001.025 1001.081 1001.12 1001.136 1001.152 1001.169 1001.163 1001.146 1000.949 1000.892 1000.886 1000.909 1000.932 1000.956 1000.979 1001.002 1001.005 1000.982 1000.964 1000.945 1000.927 1000.908 1000.892 1000.885 1000.864 1000.822 1000.779 1000.74 1000.701 1000.663 1000.611 1000.558 1000.505 1000.452 1000.402 1000.353 1000.303 1000.252 1000.2 1000.148 1000.096
1001.904 1001.835 1001.769 1001.703 1001.634 1001.508 1001.382 1001.255 1001.129 1001.003 1000.987 1000.981 1000.874 1000.767 1000.717 1000.721 1000.743 1000.764 1000.786 1000.808 1000.844 1000.899 1000.955 1001.01 1001.066 1001.119 1001.135 1001.152 1001.168 1001.154 1001.128 1001.111 1001.094 1001.077 1000.89 1000.911 1000.934 1000.957 1000.98 1001.003 1000.988 1000.97 1000.951 1000.933 1000.914 1000.896 1000.884 1000.874 1000.832 1000.79 1000.748 1000.71 1000.672 1000.622 1000.569 1000.516 1000.463 1000.412 1000.362 1000.312 1000.262 1000.21 1000.158 1000.106 1000.054 1000.043
1001.765 1001.699 1001.633 1001.544 1001.418 1001.292 1001.166 1001.04 1000.919 1000.849 1000.822 1000.757 1000.714 1000.726 1000.748 1000.77 1000.791 1000.813 1000.835 1000.885 1000.94 1000.996 1001.052 1001.107 1001.135 1001.151 1001.167 1001.144 1001.113 1001.093 1001.076 1001.059 1001.042 1001.025 1000.953 1000.935 1000.958 1000.981 1000.996 1000.976 1000.957 1000.939 1000.92 1000.902 1000.883 1000.876 1000.842 1000.8 1000.758 1000.718 1000.68 1000.633 1000.58 1000.527 1000.474 1000.422 1000.372 1000.322 1000.272 1000.22 1000.168 1000.116 1000.064 1000.042 1000.047 1000.063
1001.629 1001.563 1001.455 1001.329 1001.202 1001.078 1000.97 1000.862 1000.821 1000.804 1000.787 1000.73 1000.753 1000.775 1000.797 1000.819 1000.84 1000.87 1000.926 1000.981 1001.037 1001.093 1001.134 1001.15 1001.166 1001.135 1001.103 1001.075 1001.058 1001.041 1001.024 1001.007 1000.99 1000.989 1000.981 1001.01 1000.983 1000.982 1000.963 1000.945 1000.926 1000.908 1000.889 1000.875 1000.853 1000.811 1000.768 1000.727 1000.688 1000.645 1000.592 1000.539 1000.486 1000.433 1000.382 1000.332 1000.282 1000.23 1000.178 1000.126 1000.074 1000.042 1000.046 1000.055 1000.078 1000.101
1001.491 1001.365 1001.239 1001.128 1001.021 1000.913 1000.81 1000.793 1000.776 1000.759 1000.741 1000.724 1000.726 1000.824 1000.846 1000.867 1000.911 1000.967 1001.023 1001.078 1001.133 1001.15 1001.156 1001.125 1001.094 1001.062 1001.039 1001.023 1001.006 1000.989 1000.972 1000.978 1000.986 1000.977 1000.967 1000.958 1000.963 1000.951 1000.932 1000.914 1000.895 1000.877 1000.863 1000.821 1000.779 1000.737 1000.697 1000.656 1000.603 1000.55 1000.497 1000.444 1000.391 1000.341 1000.292 1000.24 1000.188 1000.136 1000.084 1000.041 1000.045 1000.049 1000.07 1000.093 1000.116 1000.139
1001.287 1001.179 1001.071 1000.964 1000.856 1000.782 1000.765 1000.748 1000.731 1000.713 1000.707 1000.739 1000.792 1000.842 1000.896 1000.952 1001.008 1001.064 1001.12 1001.149 1001.147 1001.115 1001.084 1001.052 1001.021 1001.004 1000.987 1000.97 1000.954 1000.967 1000.986 1000.982 1000.973 1000.963 1000.953 1000.944 1000.934 1000.919 1000.901 1000.883 1000.866 1000.831 1000.789 1000.747 1000.705 1000.667 1000.614 1000.561 1000.508 1000.455 1000.402 1000.351 1000.301 1000.25 1000.198 1000.146 1000.094 1000.042 1000.044 1000.049 1000.062 1000.085 1000.108 1000.131 1000.289 1000.467
1001.122 1001.014 1000.906 1000.799 1000.754 1000.737 1000.72 1000.705 1000.723 1000.741 1000.784 1000.837 1000.89 1000.942 1000.993 1001.049 1001.105 1001.148 1001.137 1001.106 1001.074 1001.043 1001.011 1000.986 1000.969 1000.952 1000.936 1000.955 1000.974 1000.988 1000.978 1000.969 1000.959 1000.95 1000.94 1000.927 1000.885 1000.882 1000.87 1000.842 1000.8 1000.758 1000.715 1000.675 1000.625 1000.572 1000.519 1000.467 1000.414 1000.361 1000.311 1000.26 1000.208 1000.156 1000.104 1000.052 1000.043 1000.048 1000.053 1000.076 1000.099 1000.123 1000.272 1000.45 1000.628 1000.806
1000.957 1000.849 1000.743 1000.726 1000.709 1000.721 1000.739 1000.757 1000.777 1000.83 1000.883 1000.935 1000.988 1001.041 1001.092 1001.146 1001.127 1001.096 1001.065 1001.033 1001.002 1000.97 1000.951 1000.934 1000.925 1000.944 1000.963 1000.982 1000.984 1000.975 1000.965 1000.955 1000.946 1000.931 1000.904 1000.862 1000.82 1000.778 1000.816 1000.768 1000.726 1000.684 1000.637 1000.584 1000.531 1000.478 1000.425 1000.372 1000.321 1000.27 1000.218 1000.166 1000.114 1000.062 1000.042 1000.047 1000.051 1000.068 1000.091 1000.114 1000.256 1000.434 1000.612 1000.79 1000.968 1001.146
1000.792 1000.715 1000.72 1000.738 1000.755 1000.773 1000.791 1000.822 1000.875 1000.928 1000.981 1001.033 1001.086 1001.114 1001.188 1001.086 1001.055 1001.024 1000.992 1000.961 1000.933 1000.916 1000.913 1000.932 1000.952 1000.971 1000.99 1000.98 1000.971 1000.961 1000.951 1000.935 1000.917 1000.88 1000.838 1000.797 1000.755 1000.713 1000.708 1000.694 1000.648 1000.595 1000.542 1000.489 1000.436 1000.383 1000.33 1000.28 1000.228 1000.176 1000.124 1000.072 1000.042 1000.046 1000.05 1000.06 1000.083 1000.106 1000.24 1000.418 1000.596 1000.774 1000.952 1001.13 1001.308 1001.499
1000.7 1000.754 1000.771 1000.789 1000.807 1000.825 1000.867 1000.92 1000.973 1001.026 1001.079 1001.118 1001.133 1001.147 1001.162 1001.087 1000.983 1000.951 1000.92 1000.898 1000.902 1000.921 1000.94 1000.96 1000.979 1000.986 1000.976 1000.967 1000.957 1000.939 1000.921 1000.899 1000.857 1000.815 1000.773 1000.731 1000.689 1000.645 1000.591 1000.575 1000.553 1000.5 1000.447 1000.394 1000.341 1000.29 1000.238 1000.186 1000.134 1000.082 1000.041 1000.045 1000.049 1000.054 1000.075 1000.098 1000.224 1000.402 1000.58 1000.758 1000.935 1001.113 1001.291 1001.469 1001.683 1001.927
1000.696 1000.803 1000.823 1000.841 1000.859 1000.912 1000.965 1001.018 1001.071 1001.122 1001.137 1001.151 1001.166 1001.168 1001.149 1001.043 1000.913 1000.88 1000.89 1000.91 1000.929 1000.948 1000.968 1000.987 1000.982 1000.972 1000.961 1000.943 1000.925 1000.908 1000.875 1000.833 1000.791 1000.75 1000.708 1000.664 1000.609 1000.556 1000.503 1000.449 1000.459 1000.406 1000.353 1000.3 1000.249 1000.197 1000.144 1000.092 1000.04 1000.044 1000.049 1000.053 1000.066 1000.089 1000.207 1000.385 1000.563 1000.741 1000.919 1001.097 1001.275 1001.453 1001.631 1001.867 1002.111 1002.354
1000.742 1000.8 1000.874 1000.904 1000.957 1001.01 1001.063 1001.116 1001.14 1001.155 1001.166 1001.141 1001.116 1001.102 1001.092 1001.082 1000.912 1000.898 1000.918 1000.937 1000.956 1000.975 1000.988 1000.978 1000.965 1000.947 1000.93 1000.912 1000.894 1000.852 1000.81 1000.768 1000.726 1000.682 1000.631 1000.575 1000.521 1000.468 1000.415 1000.362 1000.329 1000.311 1000.259 1000.207 1000.155 1000.103 1000.05 1000.043 1000.048 1000.052 1000.058 1000.081 1000.191 1000.369 1000.547 1000.725 1000.903 1001.081 1001.259 1001.437 1001.615 1001.807 1002.051 1002.294 1002.496 1002.648
1000.827 1000.895 1000.95 1001.002 1001.055 1001.109 1001.144 1001.159 1001.14 1001.115 1001.09 1001.065 1001.055 1001.045 1001.035 1001.026 1001.016 1000.958 1000.945 1000.964 1000.983 1000.984 1000.969 1000.952 1000.934 1000.916 1000.898 1000.87 1000.828 1000.786 1000.744 1000.699 1000.653 1000.596 1000.54 1000.487 1000.433 1000.38 1000.327 1000.273 1000.218 1000.182 1000.165 1000.113 1000.061 1000.043 1000.047 1000.051 1000.056 1000.073 1000.175 1000.353 1000.531 1000.709 1000.887 1001.065 1001.243 1001.421 1001.599 1001.777 1001.991 1002.235 1002.472 1002.624 1002.777 1002.929
1000.914 1000.984 1001.05 1001.101 1001.148 1001.138 1001.113 1001.088 1001.063 1001.038 1001.019 1001.009 1000.999 1000.989 1000.979 1000.978 1000.986 1001.005 1000.994 1000.989 1000.974 1000.956 1000.938 1000.92 1000.902 1000.884 1000.847 1000.805 1000.762 1000.717 1000.672 1000.618 1000.561 1000.505 1000.452 1000.399 1000.346 1000.292 1000.237 1000.181 1000.125 1000.066 1000.071 1000.042 1000.046 1000.05 1000.055 1000.064 1000.159 1000.337 1000.515 1000.693 1000.87 1001.048 1001.226 1001.404 1001.582 1001.76 1001.938 1002.175 1002.419 1002.601 1002.753 1002.905 1003.057 1003.21
1001.003 1001.074 1001.116 1001.2 1001.086 1001.061 1001.036 1001.011 1000.986 1000.972 1000.962 1000.952 1000.944 1000.965 1000.985 1000.983 1000.973 1000.962 1000.978 1000.96 1000.942 1000.924 1000.906 1000.889 1000.865 1000.823 1000.78 1000.735 1000.69 1000.64 1000.583 1000.526 1000.471 1000.417 1000.364 1000.311 1000.257 1000.201 1000.145 1000.089 1000.041 1000.065 1000.023 1000.05 1000.054 1000.058 1000.142 1000.32 1000.498 1000.676 1000.854 1001.032 1001.21 1001.388 1001.566 1001.744 1001.922 1002.115 1002.359 1002.578 1002.73 1002.882 1003.034 1003.186 1003.338 1003.496
1001.093 1001.133 1001.148 1001.214 1001.01 1000.985 1000.96 1000.935 1000.925 1000.915 1000.931 1000.951 1000.971 1000.989 1000.979 1000.969 1000.959 1000.949 1000.939 1000.914 1000.911 1000.893 1000.875 1000.841 1000.798 1000.753 1000.708 1000.662 1000.605 1000.548 1000.491 1000.436 1000.383 1000.33 1000.276 1000.22 1000.165 1000.109 1000.053 1000.048 1000.074 1000.1 1000.127 1000.057 1000.126 1000.304 1000.482 1000.66 1000.838 1001.016 1001.194 1001.372 1001.55 1001.728 1001.906 1002.084 1002.299 1002.543 1002.706 1002.858 1003.011 1003.163 1003.315 1003.468 1003.626 1003.784
