sfe322_gcs_analysis/sfe_322.asc
ncols         462
nrows         222
xllcorner     9968.4615904441
yllcorner     -20099.355231844
cellsize      1
NODATA_value  -9999
[rows 58 to 86 of 222, columns 330 to 395 of 462]
1003.799 1003.643 1003.487 1003.331 1003.175 1003.019 1002.863 1002.708 1002.55 1002.385 1002.22 1002.096 1002.03 1001.964 1001.897 1001.831 1001.739 1001.635 1001.534 1001.441 1001.347 1001.254 1001.154 1001.032 1000.909 1000.789 1000.818 1000.847 1000.876 1000.865 1000.838 1000.812 1000.785 1000.776 1000.77 1000.764 1000.759 1000.797 1000.843 1000.889 1000.935 1000.981 1001.027 1001.073 1001.115 1001.136 1001.123 1001.097 1001.07 1001.044 1001.017 1000.991 1000.975 1000.968 1000.96 1000.953 1000.946 1000.938 1000.931 1000.911 1000.893 1000.877 1000.861 1000.812 1000.764 1000.715
1003.505 1003.349 1003.193 1003.037 1002.881 1002.725 1002.569 1002.408 1002.243 1002.093 1002.026 1001.96 1001.894 1001.828 1001.754 1001.65 1001.547 1001.453 1001.36 1001.267 1001.173 1001.059 1000.936 1000.813 1000.805 1000.833 1000.862 1000.879 1000.852 1000.826 1000.799 1000.784 1000.779 1000.773 1000.767 1000.774 1000.82 1000.866 1000.911 1000.957 1001.003 1001.049 1001.095 1001.119 1001.13 1001.104 1001.077 1001.051 1001.024 1000.998 1000.977 1000.967 1000.96 1000.953 1000.945 1000.938 1000.931 1000.904 1000.868 1000.832 1000.86 1000.822 1000.774 1000.725 1000.677 1000.628
1003.21 1003.054 1002.898 1002.742 1002.586 1002.43 1002.266 1002.101 1002.023 1001.957 1001.891 1001.824 1001.758 1001.666 1001.562 1001.466 1001.372 1001.279 1001.186 1001.086 1000.963 1000.841 1000.791 1000.82 1000.849 1000.878 1000.867 1000.84 1000.814 1000.793 1000.787 1000.782 1000.776 1000.77 1000.796 1000.842 1000.888 1000.934 1000.98 1001.026 1001.072 1001.102 1001.124 1001.111 1001.084 1001.058 1001.031 1001.005 1000.982 1000.967 1000.959 1000.952 1000.945 1000.937 1000.93 1000.913 1000.87 1000.834 1000.798 1000.762 1000.726 1000.759 1000.687 1000.638 1000.59 1000.541
1002.916 1002.76 1002.604 1002.448 1002.289 1002.124 1002.02 1001.953 1001.887 1001.821 1001.755 1001.681 1001.577 1001.478 1001.385 1001.291 1001.198 1001.105 1000.99 1000.868 1000.778 1000.807 1000.835 1000.864 1000.881 1000.854 1000.828 1000.802 1000.796 1000.79 1000.785 1000.779 1000.773 1000.819 1000.865 1000.911 1000.957 1001.002 1001.048 1001.086 1001.107 1001.118 1001.091 1001.065 1001.039 1001.012 1000.987 1000.969 1000.959 1000.951 1000.944 1000.937 1000.93 1000.922 1000.875 1000.837 1000.801 1000.765 1000.729 1000.693 1000.657 1000.627 1000.6 1000.552 1000.503 1000.455
1002.621 1002.465 1002.309 1002.147 1002.016 1001.95 1001.884 1001.817 1001.751 1001.685 1001.593 1001.491 1001.397 1001.304 1001.211 1001.117 1001.017 1000.895 1000.772 1000.793 1000.822 1000.851 1000.879 1000.869 1000.842 1000.815 1000.805 1000.799 1000.793 1000.788 1000.782 1000.795 1000.841 1000.887 1000.933 1000.979 1001.025 1001.069 1001.09 1001.111 1001.098 1001.072 1001.046 1001.019 1000.993 1000.974 1000.958 1000.951 1000.944 1000.936 1000.929 1000.922 1000.886 1000.84 1000.804 1000.768 1000.732 1000.696 1000.66 1000.619 1000.569 1000.519 1000.504 1000.465 1000.416 1000.368
1002.327 1002.17 1002.013 1001.947 1001.88 1001.814 1001.748 1001.682 1001.608 1001.504 1001.41 1001.316 1001.223 1001.13 1001.036 1000.922 1000.799 1000.78 1000.808 1000.837 1000.866 1000.883 1000.856 1000.83 1000.813 1000.808 1000.802 1000.796 1000.791 1000.785 1000.818 1000.864 1000.91 1000.956 1001.002 1001.047 1001.073 1001.094 1001.106 1001.079 1001.053 1001.026 1001 1000.979 1000.961 1000.95 1000.943 1000.936 1000.928 1000.921 1000.896 1000.848 1000.806 1000.77 1000.734 1000.698 1000.662 1000.626 1000.578 1000.527 1000.477 1000.427 1000.38 1000.384 1000.329 1000.283
1002.028 1001.943 1001.877 1001.811 1001.744 1001.678 1001.612 1001.52 1001.422 1001.329 1001.235 1001.142 1001.049 1000.949 1000.826 1000.766 1000.795 1000.824 1000.853 1000.881 1000.871 1000.844 1000.822 1000.816 1000.811 1000.805 1000.799 1000.794 1000.795 1000.84 1000.886 1000.932 1000.978 1001.024 1001.056 1001.078 1001.099 1001.086 1001.06 1001.033 1001.007 1000.984 1000.965 1000.95 1000.942 1000.935 1000.928 1000.921 1000.907 1000.858 1000.809 1000.773 1000.737 1000.701 1000.665 1000.629 1000.586 1000.536 1000.486 1000.435 1000.385 1000.335 1000.285 1000.246 1000.24 1000.189
1001.874 1001.807 1001.741 1001.675 1001.609 1001.535 1001.435 1001.341 1001.248 1001.154 1001.061 1000.968 1000.853 1000.753 1000.782 1000.81 1000.839 1000.868 1000.885 1000.858 1000.832 1000.825 1000.819 1000.814 1000.808 1000.802 1000.797 1000.817 1000.863 1000.909 1000.955 1001.001 1001.04 1001.061 1001.082 1001.093 1001.067 1001.04 1001.014 1000.988 1000.97 1000.952 1000.942 1000.935 1000.927 1000.92 1000.913 1000.869 1000.82 1000.776 1000.74 1000.704 1000.668 1000.632 1000.595 1000.544 1000.494 1000.444 1000.394 1000.344 1000.293 1000.243 1000.193 1000.143 1000.119 1000.094
1001.738 1001.671 1001.605 1001.539 1001.447 1001.354 1001.26 1001.167 1001.074 1000.98 1000.88 1000.758 1000.768 1000.797 1000.826 1000.854 1000.883 1000.873 1000.846 1000.834 1000.828 1000.822 1000.817 1000.811 1000.805 1000.8 1000.84 1000.885 1000.931 1000.977 1001.023 1001.044 1001.065 1001.087 1001.074 1001.047 1001.021 1000.995 1000.975 1000.957 1000.941 1000.934 1000.927 1000.919 1000.912 1000.879 1000.83 1000.782 1000.742 1000.706 1000.67 1000.634 1000.598 1000.553 1000.503 1000.453 1000.402 1000.352 1000.302 1000.252 1000.201 1000.151 1000.101 1000.051 1000.032 1000.043
1001.602 1001.536 1001.462 1001.366 1001.273 1001.179 1001.086 1000.993 1000.899 1000.785 1000.755 1000.783 1000.812 1000.841 1000.87 1000.887 1000.86 1000.842 1000.837 1000.831 1000.825 1000.82 1000.814 1000.808 1000.816 1000.862 1000.908 1000.954 1001 1001.027 1001.049 1001.07 1001.081 1001.055 1001.028 1001.002 1000.98 1000.962 1000.944 1000.933 1000.926 1000.919 1000.912 1000.89 1000.841 1000.792 1000.745 1000.709 1000.673 1000.637 1000.601 1000.562 1000.511 1000.461 1000.411 1000.361 1000.31 1000.26 1000.21 1000.16 1000.11 1000.059 1000.124 1000.122 1000.109 1000.034
1001.466 1001.379 1001.285 1001.192 1001.099 1001.005 1000.912 1000.812 1000.741 1000.77 1000.799 1000.828 1000.856 1000.885 1000.875 1000.851 1000.845 1000.84 1000.834 1000.828 1000.823 1000.817 1000.811 1000.839 1000.885 1000.931 1000.977 1001.01 1001.032 1001.053 1001.074 1001.062 1001.035 1001.009 1000.985 1000.967 1000.949 1000.933 1000.926 1000.918 1000.911 1000.9 1000.851 1000.803 1000.754 1000.711 1000.676 1000.64 1000.604 1000.568 1000.52 1000.47 1000.419 1000.369 1000.319 1000.269 1000.219 1000.168 1000.118 1000.068 1000.061 1000.211 1000.198 1000.185 1000.171 1000.158
1001.298 1001.204 1001.111 1001.018 1000.924 1000.831 1000.728 1000.757 1000.785 1000.814 1000.843 1000.872 1000.889 1000.862 1000.854 1000.848 1000.843 1000.837 1000.831 1000.826 1000.82 1000.815 1000.861 1000.907 1000.953 1000.994 1001.015 1001.036 1001.058 1001.069 1001.042 1001.016 1000.99 1000.972 1000.954 1000.935 1000.925 1000.918 1000.911 1000.903 1000.862 1000.813 1000.765 1000.716 1000.678 1000.642 1000.606 1000.57 1000.529 1000.478 1000.428 1000.378 1000.328 1000.277 1000.227 1000.177 1000.127 1000.076 1000.041 1000.193 1000.287 1000.274 1000.26 1000.247 1000.233 1000.22
1001.106 1001.03 1000.937 1000.843 1000.744 1000.743 1000.772 1000.801 1000.83 1000.858 1000.887 1000.877 1000.863 1000.857 1000.851 1000.846 1000.84 1000.834 1000.829 1000.823 1000.838 1000.884 1000.93 1000.976 1000.998 1001.02 1001.041 1001.062 1001.049 1001.023 1000.997 1000.976 1000.958 1000.94 1000.925 1000.917 1000.91 1000.903 1000.872 1000.824 1000.775 1000.727 1000.681 1000.645 1000.609 1000.573 1000.537 1000.487 1000.437 1000.386 1000.336 1000.286 1000.236 1000.186 1000.135 1000.085 1000.041 1000.13 1000.325 1000.363 1000.349 1000.336 1000.323 1000.309 1000.321 1000.559
1000.827 1000.856 1000.762 1000.73 1000.759 1000.787 1000.816 1000.845 1000.874 1000.891 1000.871 1000.866 1000.86 1000.854 1000.849 1000.843 1000.838 1000.832 1000.826 1000.86 1000.906 1000.952 1000.981 1001.003 1001.024 1001.045 1001.056 1001.03 1001.004 1000.981 1000.963 1000.945 1000.927 1000.917 1000.909 1000.902 1000.883 1000.834 1000.786 1000.737 1000.688 1000.647 1000.611 1000.576 1000.539 1000.495 1000.445 1000.395 1000.345 1000.295 1000.244 1000.194 1000.144 1000.094 1000.042 1000.066 1000.262 1000.452 1000.438 1000.425 1000.412 1000.398 1000.385 1000.476 1000.728 1000.981
1000.799 1000.72 1000.745 1000.774 1000.803 1000.831 1000.86 1000.889 1000.88 1000.874 1000.869 1000.863 1000.857 1000.852 1000.846 1000.841 1000.835 1000.837 1000.883 1000.929 1000.965 1000.986 1001.007 1001.029 1001.05 1001.037 1001.011 1000.986 1000.968 1000.95 1000.932 1000.916 1000.909 1000.902 1000.893 1000.845 1000.796 1000.747 1000.699 1000.65 1000.614 1000.578 1000.542 1000.504 1000.454 1000.404 1000.353 1000.303 1000.253 1000.203 1000.152 1000.102 1000.051 1000.043 1000.199 1000.394 1000.527 1000.514 1000.501 1000.487 1000.474 1000.471 1000.645 1000.897 1001.15 1001.402
1000.761 1000.714 1000.78 1000.818 1000.847 1000.876 1000.893 1000.883 1000.877 1000.872 1000.866 1000.86 1000.855 1000.849 1000.844 1000.838 1000.86 1000.905 1000.948 1000.969 1000.99 1001.012 1001.033 1001.044 1001.018 1000.991 1000.973 1000.955 1000.937 1000.919 1000.908 1000.901 1000.894 1000.855 1000.807 1000.758 1000.709 1000.661 1000.617 1000.581 1000.545 1000.509 1000.462 1000.412 1000.362 1000.312 1000.261 1000.211 1000.161 1000.111 1000.059 1000.043 1000.135 1000.331 1000.526 1000.603 1000.59 1000.576 1000.563 1000.55 1000.617 1000.814 1001.066 1001.319 1001.571 1001.824
1000.723 1000.716 1000.767 1000.862 1000.891 1000.892 1000.886 1000.88 1000.875 1000.869 1000.864 1000.858 1000.852 1000.847 1000.841 1000.882 1000.928 1000.952 1000.974 1000.995 1001.016 1001.037 1001.025 1000.998 1000.978 1000.96 1000.942 1000.924 1000.908 1000.9 1000.893 1000.866 1000.817 1000.769 1000.72 1000.671 1000.623 1000.583 1000.547 1000.511 1000.471 1000.421 1000.37 1000.32 1000.27 1000.22 1000.17 1000.119 1000.068 1000.042 1000.072 1000.267 1000.463 1000.659 1000.679 1000.665 1000.652 1000.639 1000.625 1000.763 1000.983 1001.235 1001.488 1001.74 1001.993 1002.202
1000.761 1000.814 1000.867 1000.917 1000.895 1000.889 1000.883 1000.878 1000.872 1000.867 1000.861 1000.855 1000.85 1000.859 1000.905 1000.935 1000.957 1000.978 1000.999 1001.021 1001.032 1001.005 1000.983 1000.964 1000.946 1000.928 1000.91 1000.9 1000.893 1000.876 1000.828 1000.779 1000.73 1000.682 1000.633 1000.586 1000.55 1000.514 1000.478 1000.429 1000.379 1000.329 1000.279 1000.228 1000.178 1000.128 1000.076 1000.041 1000.046 1000.204 1000.4 1000.595 1000.768 1000.755 1000.741 1000.728 1000.714 1000.767 1000.909 1001.152 1001.404 1001.657 1001.909 1002.162 1002.335 1002.491
1000.859 1000.912 1000.965 1001.017 1000.892 1000.886 1000.881 1000.875 1000.87 1000.864 1000.858 1000.853 1000.881 1000.919 1000.94 1000.961 1000.983 1001.004 1001.025 1001.013 1000.987 1000.969 1000.951 1000.933 1000.915 1000.899 1000.892 1000.885 1000.838 1000.79 1000.741 1000.692 1000.644 1000.595 1000.553 1000.517 1000.481 1000.438 1000.388 1000.337 1000.287 1000.237 1000.187 1000.136 1000.085 1000.041 1000.045 1000.141 1000.336 1000.532 1000.728 1000.844 1000.83 1000.817 1000.803 1000.79 1000.913 1001.068 1001.321 1001.573 1001.826 1002.079 1002.311 1002.467 1002.624 1002.78
1000.957 1001.01 1001.063 1001.103 1001.167 1000.884 1000.878 1000.873 1000.867 1000.861 1000.858 1000.902 1000.923 1000.945 1000.966 1000.987 1001.008 1001.02 1000.993 1000.974 1000.956 1000.938 1000.92 1000.902 1000.891 1000.884 1000.849 1000.8 1000.751 1000.703 1000.654 1000.605 1000.557 1000.519 1000.483 1000.446 1000.396 1000.346 1000.296 1000.246 1000.195 1000.145 1000.094 1000.042 1000.044 1000.077 1000.273 1000.469 1000.664 1000.86 1000.919 1000.906 1000.892 1000.879 1000.917 1001.06 1001.237 1001.49 1001.742 1001.995 1002.248 1002.444 1002.6 1002.757 1002.913 1003.069
1001.055 1001.099 1001.105 1001.13 1001.189 1001.034 1000.876 1000.87 1000.864 1000.88 1000.906 1000.928 1000.949 1000.97 1000.992 1001.013 1001 1000.979 1000.961 1000.943 1000.925 1000.907 1000.891 1000.884 1000.859 1000.811 1000.762 1000.713 1000.665 1000.616 1000.567 1000.522 1000.486 1000.45 1000.405 1000.355 1000.304 1000.254 1000.204 1000.154 1000.102 1000.051 1000.043 1000.048 1000.21 1000.405 1000.601 1000.796 1000.992 1000.995 1000.982 1000.968 1000.955 1001.063 1001.206 1001.406 1001.659 1001.911 1002.164 1002.417 1002.576 1002.733 1002.889 1003.046 1003.202 1003.353
1001.083 1001.108 1001.133 1001.158 1001.173 1001.008 1000.873 1000.867 1000.89 1000.911 1000.932 1000.953 1000.975 1000.996 1001.007 1000.984 1000.966 1000.948 1000.93 1000.912 1000.893 1000.883 1000.87 1000.821 1000.772 1000.724 1000.675 1000.627 1000.578 1000.529 1000.489 1000.453 1000.413 1000.363 1000.313 1000.263 1000.212 1000.162 1000.111 1000.059 1000.043 1000.047 1000.146 1000.342 1000.537 1000.733 1000.929 1001.084 1001.071 1001.057 1001.044 1001.067 1001.21 1001.352 1001.575 1001.828 1002.08 1002.333 1002.553 1002.709 1002.865 1003.022 1003.178 1003.334 1003.479 1003.624
1001.11 1001.135 1001.16 1001.155 1001.128 1001.101 1000.889 1000.894 1000.915 1000.937 1000.958 1000.979 1001.001 1000.989 1000.971 1000.953 1000.934 1000.916 1000.898 1000.883 1000.875 1000.832 1000.783 1000.734 1000.686 1000.637 1000.588 1000.54 1000.491 1000.455 1000.419 1000.372 1000.321 1000.271 1000.221 1000.171 1000.119 1000.068 1000.042 1000.046 1000.083 1000.278 1000.474 1000.67 1000.865 1001.061 1001.16 1001.146 1001.133 1001.12 1001.214 1001.356 1001.498 1001.744 1001.997 1002.249 1002.502 1002.685 1002.842 1002.998 1003.155 1003.311 1003.46 1003.605 1003.75 1003.895
1001.138 1001.162 1001.136 1001.109 1001.082 1001.055 1000.946 1000.927 1000.941 1000.963 1000.984 1000.995 1000.975 1000.957 1000.939 1000.921 1000.903 1000.885 1000.875 1000.842 1000.794 1000.745 1000.696 1000.648 1000.599 1000.55 1000.502 1000.458 1000.422 1000.38 1000.33 1000.28 1000.23 1000.179 1000.128 1000.076 1000.041 1000.046 1000.05 1000.215 1000.411 1000.606 1000.802 1000.998 1001.193 1001.235 1001.222 1001.209 1001.217 1001.36 1001.502 1001.661 1001.913 1002.166 1002.419 1002.661 1002.818 1002.974 1003.131 1003.287 1003.441 1003.586 1003.731 1003.876 1004.021 1004.166
1001.145 1001.118 1001.091 1001.064 1001.037 1001.01 1000.987 1001.003 1000.967 1000.988 1000.98 1000.962 1000.944 1000.926 1000.908 1000.89 1000.874 1000.853 1000.804 1000.755 1000.707 1000.658 1000.609 1000.561 1000.512 1000.463 1000.425 1000.389 1000.339 1000.288 1000.238 1000.188 1000.136 1000.085 1000.041 1000.045 1000.049 1000.152 1000.347 1000.543 1000.739 1000.934 1001.13 1001.324 1001.311 1001.298 1001.284 1001.364 1001.506 1001.648 1001.83 1002.082 1002.335 1002.588 1002.794 1002.951 1003.107 1003.263 1003.42 1003.567 1003.712 1003.857 1004.002 1004.147 1004.292 1004.437
1001.1 1001.073 1001.046 1001.019 1000.992 1000.979 1000.972 1000.965 1000.985 1000.967 1000.949 1000.931 1000.913 1000.895 1000.877 1000.863 1000.815 1000.766 1000.717 1000.669 1000.62 1000.571 1000.523 1000.474 1000.427 1000.391 1000.347 1000.297 1000.247 1000.196 1000.145 1000.093 1000.042 1000.044 1000.048 1000.088 1000.284 1000.48 1000.675 1000.871 1001.066 1001.262 1001.4 1001.387 1001.373 1001.367 1001.51 1001.652 1001.794 1001.999 1002.251 1002.504 1002.757 1002.927 1003.083 1003.24 1003.396 1003.548 1003.693 1003.838 1003.983 1004.128 1004.273 1004.418 1004.563 1004.708
1001.055 1001.028 1001.001 1000.979 1000.971 1000.964 1000.957 1000.95 1000.954 1000.933 1000.918 1000.9 1000.882 1000.866 1000.825 1000.776 1000.728 1000.679 1000.63 1000.582 1000.533 1000.484 1000.436 1000.394 1000.356 1000.306 1000.255 1000.205 1000.153 1000.102 1000.051 1000.043 1000.048 1000.052 1000.221 1000.416 1000.612 1000.807 1001.003 1001.199 1001.394 1001.476 1001.462 1001.449 1001.514 1001.656 1001.798 1001.94 1002.168 1002.42 1002.673 1002.903 1003.059 1003.216 1003.372 1003.529 1003.674 1003.819 1003.964 1004.109 1004.254 1004.399 1004.544 1004.689 1004.834 1004.94
1001.009 1000.985 1000.97 1000.963 1000.956 1000.949 1000.942 1000.934 1000.919 1000.895 1000.886 1000.868 1000.836 1000.787 1000.738 1000.69 1000.641 1000.592 1000.544 1000.495 1000.446 1000.398 1000.36 1000.314 1000.264 1000.213 1000.162 1000.111 1000.059 1000.043 1000.047 1000.051 1000.157 1000.353 1000.548 1000.744 1000.94 1001.135 1001.331 1001.527 1001.552 1001.538 1001.525 1001.66 1001.802 1001.944 1002.086 1002.337 1002.589 1002.842 1003.036 1003.192 1003.349 1003.505 1003.655 1003.8 1003.945 1004.09 1004.235 1004.38 1004.525 1004.67 1004.815 1004.94 1004.941 1004.941
1000.972 1000.962 1000.955 1000.948 1000.941 1000.934 1000.926 1000.889 1000.851 1000.813 1000.848 1000.797 1000.749 1000.7 1000.651 1000.603 1000.554 1000.505 1000.457 1000.408 1000.363 1000.323 1000.272 1000.222 1000.17 1000.119 1000.068 1000.042 1000.046 1000.051 1000.094 1000.289 1000.485 1000.681 1000.876 1001.072 1001.268 1001.463 1001.641 1001.627 1001.614 1001.664 1001.806 1001.948 1002.09 1002.253 1002.506 1002.758 1003.011 1003.168 1003.325 1003.481 1003.636 1003.781 1003.926 1004.071 1004.216 1004.361 1004.506 1004.651 1004.796 1004.94 1004.94 1004.941 1004.941 1004.942
