COS0=(0.29487301397784293, 1.0, 134.0, MASK0)
COS1=(0.3219804736950435, 2.0, -56.0, MASK0)
COS2=(0.2853856420629692, 3.0, 10.0, MASK0)
COS3=(0.23942636016253072, 4.0, -6.0, MASK0)
COS4=(0.1574582951139434, 5.0, -24.0, MASK0)
COS5=(0.1519410336541316, 6.0, 2.0, MASK0)
COS6=(0.12773777022897526, 7.0, -14.0, MASK0)
COS7=(0.02775444540969798, 7.5, 8.0, MASK0)
COS8=(0.009226790619678658, 8.5, -6.0, MASK0)
COS9=(0.050773731113116026, 10.0, -10.0, MASK0)
COS10=(0.09192326147469021, 11.0, 4.0, MASK0)
COS11=(0.07951167177128135, 12.0, -2.0, MASK0)
COS12=(0.04407483253749028, 13.0, -8.0, MASK0)
COS13=(0.07338823655041093, 14.0, -12.0, MASK0)
COS14=(0.023758909910984734, 15.0, 8.0, MASK0)
COS15=(0.11199076896218013, 16.0, -8.0, MASK0)
COS16=(0.010934818770017226, 17.0, -8.0, MASK0)
COS17=(0.07371216589198407, 17.5, -6.0, MASK0)
COS18=(0.07247296959268118, 19.0, -6.0, MASK0)
COS19=(0.016591398621782744, 20.0, 6.0, MASK0)
COS20=(0.07545323081361666, 20.5, -4.0, MASK0)
COS21=(0.05790282952916013, 21.5, -4.0, MASK0)
COS22=(0.0484120286295448, 22.5, -2.0, MASK0)
COS23=(0.013757321998013366, 23.5, -4.0, MASK0)
COS24=(0.033878109773706075, 24.5, 4.0, MASK0)
COS25=(0.05790282952916012, 21.5, -4.0, MASK0)
COS26=(0.0754532308136167, 20.5, -4.0, MASK0)
COS27=(0.016591398621782747, 20.0, 6.0, MASK0)
COS28=(0.07247296959268118, 19.0, -6.0, MASK0)
COS29=(0.07371216589198407, 17.5, -6.0, MASK0)
COS30=(0.010934818770017243, 17.0, -8.0, MASK0)
COS31=(0.1119907689621801, 16.0, -8.0, MASK0)
COS32=(0.023758909910984727, 15.0, 8.0, MASK0)
COS33=(0.07338823655041095, 14.0, -12.0, MASK0)
COS34=(0.04407483253749028, 13.0, -8.0, MASK0)
COS35=(0.07951167177128132, 12.0, -2.0, MASK0)
COS36=(0.09192326147469021, 11.0, 4.0, MASK0)
COS37=(0.05077373111311603, 10.0, -10.0, MASK0)
COS38=(0.009226790619678647, 8.5, -6.0, MASK0)
COS39=(0.027754445409697986, 7.5, 8.0, MASK0)
COS40=(0.12773777022897526, 7.0, -14.0, MASK0)
COS41=(0.15194103365413159, 6.0, 2.0, MASK0)
COS42=(0.15745829511394338, 5.0, -24.0, MASK0)
COS43=(0.23942636016253077, 4.0, -6.0, MASK0)
COS44=(0.2853856420629692, 3.0, 10.0, MASK0)
COS45=(0.32198047369504346, 2.0, -56.0, MASK0)
COS46=(0.29487301397784293, 1.0, 134.0, MASK0)
