COS0=(0.43320827549465624, 1.0, -94.0, MASK0)
COS1=(0.684985991929379, 2.0, -72.0, MASK0)
COS2=(0.6317035040852612, 3.0, 28.0, MASK0)
COS3=(0.8997838235984819, 4.0, -30.0, MASK0)
COS4=(0.35659160711108695, 5.0, -16.0, MASK0)
COS5=(0.29714383060989663, 6.0, 24.0, MASK0)
COS6=(0.18082218801786448, 7.0, 20.0, MASK0)
COS7=(0.31123574339204413, 8.0, -18.0, MASK0)
COS8=(0.6534536694668907, 9.0, -6.0, MASK0)
COS9=(0.2178569664950334, 10.0, 12.0, MASK0)
COS10=(0.37674277529745137, 11.0, -14.0, MASK0)
COS11=(0.39943280044614526, 12.0, -4.0, MASK0)
COS12=(0.19387213935513528, 13.0, -2.0, MASK0)
COS13=(0.13533033994576335, 13.5, 4.0, MASK0)
COS14=(0.12391682771575882, 14.5, -6.0, MASK0)
COS15=(0.14237295686487955, 16.0, -2.0, MASK0)
COS16=(0.1867454394334115, 16.5, 2.0, MASK0)
COS17=(0.16772115877787266, 18.0, -6.0, MASK0)
COS18=(0.1478744186833148, 18.5, -4.0, MASK0)
COS19=(0.11510015364873638, 19.5, -4.0, MASK0)
COS20=(0.10528930537873786, 20.5, -4.0, MASK0)
COS21=(0.24625242971275677, 21.5, -2.0, MASK0)
COS22=(0.13022245659192463, 22.5, -2.0, MASK0)
COS23=(0.05236438750774855, 24.0, 6.0, MASK0)
COS24=(0.14578925777407564, 24.5, -2.0, MASK0)
COS25=(0.14472953943129177, 25.5, 6.0, MASK0)
COS26=(0.13022245659192466, 22.5, -2.0, MASK0)
COS27=(0.24625242971275674, 21.5, -2.0, MASK0)
COS28=(0.10528930537873785, 20.5, -4.0, MASK0)
COS29=(0.11510015364873641, 19.5, -4.0, MASK0)
COS30=(0.14787441868331477, 18.5, -4.0, MASK0)
COS31=(0.16772115877787266, 18.0, -6.0, MASK0)
COS32=(0.18674543943341154, 16.5, 2.0, MASK0)
COS33=(0.14237295686487955, 16.0, -2.0, MASK0)
COS34=(0.12391682771575878, 14.5, -6.0, MASK0)
COS35=(0.13533033994576338, 13.5, 4.0, MASK0)
COS36=(0.1938721393551354, 13.0, -2.0, MASK0)
COS37=(0.39943280044614526, 12.0, -4.0, MASK0)
COS38=(0.37674277529745137, 11.0, -14.0, MASK0)
COS39=(0.21785696649503333, 10.0, 12.0, MASK0)
COS40=(0.6534536694668907, 9.0, -6.0, MASK0)
COS41=(0.3112357433920442, 8.0, -18.0, MASK0)
COS42=(0.18082218801786445, 7.0, 20.0, MASK0)
COS43=(0.2971438306098967, 6.0, 24.0, MASK0)
COS44=(0.35659160711108684, 5.0, -16.0, MASK0)
COS45=(0.8997838235984817, 4.0, -30.0, MASK0)
COS46=(0.6317035040852611, 3.0, 28.0, MASK0)
COS47=(0.684985991929379, 2.0, -72.0, MASK0)
COS48=(0.43320827549465624, 1.0, -94.0, MASK0)
