COS0=(0.06222152759574949, 1.0, -38.0, MASK0)
COS1=(0.12409031219429897, 2.0, 6.0, MASK0)
COS2=(0.08005727553601635, 3.0, 46.0, MASK0)
COS3=(0.07976629256726664, 4.0, -22.0, MASK0)
COS4=(0.10234082075328986, 5.0, -22.0, MASK0)
COS5=(0.04440636641728893, 5.5, 10.0, MASK0)
COS6=(0.02194494028462539, 7.0, -6.0, MASK0)
COS7=(0.09547498323051183, 8.0, -4.0, MASK0)
COS8=(0.025319915651990467, 9.0, -12.0, MASK0)
COS9=(0.01707315087172901, 9.5, 6.0, MASK0)
COS10=(0.060641974577863814, 11.0, 12.0, MASK0)
COS11=(0.024564637172058562, 11.5, -6.0, MASK0)
COS12=(0.008805507091513898, 12.5, -4.0, MASK0)
COS13=(0.03322746138892718, 13.5, 6.0, MASK0)
COS14=(0.0606419745778638, 11.0, 12.0, MASK0)
COS15=(0.01707315087172901, 9.5, 6.0, MASK0)
COS16=(0.025319915651990467, 9.0, -12.0, MASK0)
COS17=(0.09547498323051182, 8.0, -4.0, MASK0)
COS18=(0.021944940284625396, 7.0, -6.0, MASK0)
COS19=(0.04440636641728893, 5.5, 10.0, MASK0)
COS20=(0.10234082075328987, 5.0, -22.0, MASK0)
COS21=(0.07976629256726667, 4.0, -22.0, MASK0)
COS22=(0.08005727553601635, 3.0, 46.0, MASK0)
COS23=(0.12409031219429897, 2.0, 6.0, MASK0)
COS24=(0.06222152759574949, 1.0, -38.0, MASK0)
