COS0=(0.72911378096683, 1.0, -220.0, MASK0)
COS1=(0.6070337124154739, 2.0, -10.0, MASK0)
COS2=(0.23656995915863346, 3.0, -60.0, MASK0)
COS3=(0.38565417495586907, 4.0, 60.0, MASK0)
COS4=(1.0074927356754808, 5.0, -50.0, MASK0)
COS5=(0.6623281265293341, 5.5, -25.0, MASK0)
COS6=(0.9204230887343358, 7.0, 5.0, MASK0)
COS7=(0.7072293102170184, 7.5, 15.0, MASK0)
COS8=(0.48384941793001235, 8.5, -15.0, MASK0)
COS9=(0.5031003256670663, 10.0, 30.0, MASK0)
COS10=(0.38640006887841094, 11.0, -30.0, MASK0)
COS11=(0.24632750588637092, 12.0, 25.0, MASK0)
COS12=(0.22957550069772253, 13.0, 20.0, MASK0)
COS13=(0.353841567765694, 13.5, -15.0, MASK0)
COS14=(0.10303686989943849, 15.0, 20.0, MASK0)
COS15=(0.28674051765402314, 15.5, 10.0, MASK0)
COS16=(0.24356913774630512, 16.5, -5.0, MASK0)
COS17=(0.1365393568932518, 17.5, -5.0, MASK0)
COS18=(0.1464324505363765, 18.5, -5.0, MASK0)
COS19=(0.1590399456414487, 19.5, 10.0, MASK0)
COS20=(0.17395100052176676, 21.0, -15.0, MASK0)
COS21=(0.1557987164207216, 21.5, 5.0, MASK0)
COS22=(0.2650875544625169, 23.0, -15.0, MASK0)
COS23=(0.19866475924021604, 24.0, 15.0, MASK0)
COS24=(0.20829777521704654, 24.5, 5.0, MASK0)
COS25=(0.14440105109858242, 25.5, -5.0, MASK0)
COS26=(0.042295389918765455, 26.5, 10.0, MASK0)
COS27=(0.26532755527319674, 27.5, -10.0, MASK0)
COS28=(0.13735452387116465, 28.5, 15.0, MASK0)
COS29=(0.08264356090922884, 29.5, 5.0, MASK0)
COS30=(0.18170242779286888, 30.5, 15.0, MASK0)
COS31=(0.0897526286914658, 31.5, -10.0, MASK0)
COS32=(0.2329187678827374, 32.5, -10.0, MASK0)
COS33=(0.08864885255611574, 33.5, 10.0, MASK0)
COS34=(0.09591180662652081, 34.5, 5.0, MASK0)
COS35=(0.13665720688761057, 35.5, -5.0, MASK0)
COS36=(0.06693887368672341, 36.5, -10.0, MASK0)
COS37=(0.1084420437389415, 37.5, -10.0, MASK0)
COS38=(0.10388600497060867, 38.0, 10.0, MASK0)
COS39=(0.13665720688761057, 35.5, -5.0, MASK0)
COS40=(0.0959118066265208, 34.5, 5.0, MASK0)
COS41=(0.08864885255611568, 33.5, 10.0, MASK0)
COS42=(0.2329187678827374, 32.5, -10.0, MASK0)
COS43=(0.08975262869146577, 31.5, -10.0, MASK0)
COS44=(0.18170242779286877, 30.5, 15.0, MASK0)
COS45=(0.08264356090922884, 29.5, 5.0, MASK0)
COS46=(0.13735452387116465, 28.5, 15.0, MASK0)
COS47=(0.26532755527319674, 27.5, -10.0, MASK0)
COS48=(0.042295389918765455, 26.5, 10.0, MASK0)
COS49=(0.14440105109858248, 25.5, -5.0, MASK0)
COS50=(0.2082977752170466, 24.5, 5.0, MASK0)
COS51=(0.1986647592402161, 24.0, 15.0, MASK0)
COS52=(0.2650875544625169, 23.0, -15.0, MASK0)
COS53=(0.15579871642072157, 21.5, 5.0, MASK0)
COS54=(0.17395100052176676, 21.0, -15.0, MASK0)
COS55=(0.1590399456414487, 19.5, 10.0, MASK0)
COS56=(0.14643245053637644, 18.5, -5.0, MASK0)
COS57=(0.1365393568932518, 17.5, -5.0, MASK0)
COS58=(0.2435691377463052, 16.5, -5.0, MASK0)
COS59=(0.2867405176540232, 15.5, 10.0, MASK0)
COS60=(0.10303686989943847, 15.0, 20.0, MASK0)
COS61=(0.353841567765694, 13.5, -15.0, MASK0)
COS62=(0.22957550069772242, 13.0, 20.0, MASK0)
COS63=(0.24632750588637095, 12.0, 25.0, MASK0)
COS64=(0.3864000688784109, 11.0, -30.0, MASK0)
COS65=(0.5031003256670663, 10.0, 30.0, MASK0)
COS66=(0.48384941793001235, 8.5, -15.0, MASK0)
COS67=(0.7072293102170184, 7.5, 15.0, MASK0)
COS68=(0.9204230887343359, 7.0, 5.0, MASK0)
COS69=(0.6623281265293341, 5.5, -25.0, MASK0)
COS70=(1.0074927356754806, 5.0, -50.0, MASK0)
COS71=(0.38565417495586907, 4.0, 60.0, MASK0)
COS72=(0.23656995915863344, 3.0, -60.0, MASK0)
COS73=(0.6070337124154739, 2.0, -10.0, MASK0)
COS74=(0.7291137809668302, 1.0, -220.0, MASK0)
