COS0=(2.3323384304242385, 1.0, 65.0, MASK0)
COS1=(1.5765113479505772, 2.0, 150.0, MASK0)
COS2=(0.47893217147985295, 2.5, -55.0, MASK0)
COS3=(0.6384465029686965, 4.0, 80.0, MASK0)
COS4=(0.30251505545146246, 4.5, 30.0, MASK0)
COS5=(0.17875799566248324, 5.5, -25.0, MASK0)
COS6=(0.4789321714798529, 2.5, -55.0, MASK0)
COS7=(1.576511347950577, 2.0, 150.0, MASK0)
COS8=(2.3323384304242385, 1.0, 65.0, MASK0)
