COS0=(0.10129279265194316, 1.0, -225.0, MASK0)
COS1=(0.015598790460192236, 1.5, -75.0, MASK0)
COS2=(0.2020839080038147, 3.0, -60.0, MASK0)
COS3=(0.16162604384957835, 4.0, 70.0, MASK0)
COS4=(0.1421471639652736, 5.0, -5.0, MASK0)
COS5=(0.016253682449644508, 6.0, -20.0, MASK0)
COS6=(0.08386142072094369, 7.0, -45.0, MASK0)
COS7=(0.03566586956425751, 8.0, -5.0, MASK0)
COS8=(0.06459871577137583, 9.0, 25.0, MASK0)
COS9=(0.07711634092294153, 10.0, 30.0, MASK0)
COS10=(0.056296041148086624, 11.0, 25.0, MASK0)
COS11=(0.048405429603184516, 11.5, 10.0, MASK0)
COS12=(0.019369021691767484, 13.0, 20.0, MASK0)
COS13=(0.03630404779197373, 13.5, 10.0, MASK0)
COS14=(0.04961569816275509, 14.5, 10.0, MASK0)
COS15=(0.01338603898981642, 16.0, 20.0, MASK0)
COS16=(0.02341291356604755, 16.5, 10.0, MASK0)
COS17=(0.023082126091653745, 18.0, 15.0, MASK0)
COS18=(0.04961569816275509, 14.5, 10.0, MASK0)
COS19=(0.03630404779197373, 13.5, 10.0, MASK0)
COS20=(0.01936902169176747, 13.0, 20.0, MASK0)
COS21=(0.048405429603184516, 11.5, 10.0, MASK0)
COS22=(0.05629604114808663, 11.0, 25.0, MASK0)
COS23=(0.07711634092294155, 10.0, 30.0, MASK0)
COS24=(0.06459871577137583, 9.0, 25.0, MASK0)
COS25=(0.03566586956425753, 8.0, -5.0, MASK0)
COS26=(0.08386142072094373, 7.0, -45.0, MASK0)
COS27=(0.016253682449644508, 6.0, -20.0, MASK0)
COS28=(0.1421471639652736, 5.0, -5.0, MASK0)
COS29=(0.16162604384957838, 4.0, 70.0, MASK0)
COS30=(0.2020839080038147, 3.0, -60.0, MASK0)
COS31=(0.015598790460192247, 1.5, -75.0, MASK0)
COS32=(0.10129279265194319, 1.0, -225.0, MASK0)
