samples/sfe_322/sfe_322_vv0/sfe_322_vv0/sfe_322_vv0.asc
ncols         299
nrows         166
xllcorner     73.39999999851
yllcorner     65.60000000149
cellsize      1
NODATA_value  -9999
[rows 112 to 139 of 166, columns 128 to 191 of 299]
608.8014 608.8044 608.8094 608.8108 608.8152 608.8197 608.8226 608.8254 608.8286 608.8318 608.8328 608.8357 608.8337 608.8318 608.8299 608.828 608.826 608.8242 608.8222 608.8203 608.8184 608.8164 608.8145 608.8126 608.8107 608.8087 608.8068 608.8049 608.803 608.801 608.7968 608.7907 608.7841 608.7773 608.7722 608.7672 608.7596 608.7521 608.7479 608.7411 608.733 608.725 608.7205 608.712 608.7081 608.6987 608.6892 608.6797 608.6703 608.6676 608.6581 608.6505 608.6406 608.6313 608.6216 608.6107 608.6061 608.5956 608.5861 608.5742 608.5624 608.5565 608.5448 608.5331
608.8145 608.8156 608.8208 608.8221 608.8265 608.831 608.8339 608.8369 608.8401 608.8433 608.8442 608.8472 608.8461 608.8441 608.8422 608.8403 608.8384 608.8364 608.8345 608.8326 608.8307 608.8287 608.8268 608.8249 608.8229 608.821 608.8191 608.8172 608.8152 608.8134 608.8085 608.8023 608.7956 608.7889 608.7849 608.7787 608.7712 608.7636 608.7609 608.7527 608.7447 608.738 608.7322 608.7237 608.7197 608.7103 608.7009 608.6914 608.6832 608.6797 608.6718 608.6625 608.6531 608.6445 608.6335 608.623 608.6187 608.608 608.5982 608.5864 608.575 608.5693 608.5576 608.5485
608.8261 608.8268 608.832 608.8342 608.8378 608.8422 608.8458 608.8484 608.8516 608.8547 608.8556 608.8586 608.8584 608.8564 608.8546 608.8526 608.8507 608.8488 608.8468 608.8449 608.843 608.8411 608.8391 608.8372 608.8353 608.8334 608.8314 608.8295 608.8276 608.8256 608.8206 608.8139 608.8072 608.8005 608.7978 608.7902 608.7827 608.7755 608.7725 608.7644 608.7563 608.7516 608.7439 608.7374 608.7314 608.722 608.7125 608.7031 608.6975 608.6917 608.6845 608.6746 608.6656 608.6563 608.6453 608.6385 608.6311 608.6213 608.6104 608.5986 608.5911 608.5821 608.5704 608.5613
608.8375 608.8393 608.8432 608.8468 608.849 608.8535 608.8577 608.8603 608.863 608.8662 608.8675 608.8701 608.8707 608.8688 608.8668 608.8649 608.863 608.8611 608.8591 608.8572 608.8553 608.8534 608.8514 608.8495 608.8476 608.8456 608.8438 608.8418 608.8399 608.8376 608.8322 608.8254 608.8188 608.8121 608.8093 608.8018 608.7943 608.7887 608.7841 608.776 608.7679 608.764 608.7556 608.7512 608.743 608.7336 608.7242 608.7147 608.712 608.7037 608.6966 608.6866 608.6776 608.6682 608.6572 608.6539 608.6436 608.6343 608.6226 608.6107 608.6066 608.5949 608.5833 608.574
608.8488 608.8524 608.8544 608.8596 608.8603 608.8647 608.8692 608.8719 608.8746 608.8777 608.8799 608.8815 608.883 608.8811 608.8792 608.8773 608.8753 608.8734 608.8715 608.8695 608.8676 608.8657 608.8638 608.8618 608.8599 608.858 608.8561 608.8541 608.8522 608.8494 608.8438 608.837 608.8303 608.8246 608.8209 608.8134 608.8058 608.802 608.7957 608.7876 608.7798 608.7758 608.7672 608.7642 608.7547 608.7453 608.7358 608.7278 608.7254 608.7168 608.7086 608.6992 608.691 608.68 608.6705 608.6666 608.656 608.6465 608.6347 608.6249 608.6194 608.6077 608.5995 608.5868
608.8602 608.8655 608.8656 608.8708 608.8715 608.876 608.8804 608.8832 608.886 608.8892 608.8924 608.8929 608.8952 608.8934 608.8915 608.8895 608.8876 608.8857 608.8838 608.8818 608.8799 608.878 608.876 608.8741 608.8722 608.8703 608.8683 608.8665 608.8645 608.8611 608.8553 608.8486 608.8419 608.8378 608.8324 608.8249 608.8174 608.8154 608.8073 608.7992 608.7934 608.7874 608.7802 608.7758 608.7664 608.757 608.7475 608.7422 608.7374 608.7306 608.7207 608.7119 608.7028 608.6918 608.6861 608.6791 608.6697 608.6587 608.6469 608.6412 608.6323 608.6205 608.6123 608.5995
608.8715 608.8768 608.8774 608.882 608.8843 608.8872 608.8917 608.8949 608.8975 608.9007 608.9039 608.9044 608.9074 608.9057 608.9038 608.9019 608.8999 608.898 608.8961 608.8942 608.8922 608.8903 608.8884 608.8865 608.8845 608.8826 608.8807 608.8787 608.8768 608.8728 608.8669 608.8602 608.8535 608.8505 608.844 608.8364 608.8297 608.827 608.8189 608.8108 608.8073 608.7991 608.7939 608.7875 608.778 608.7686 608.7592 608.7568 608.7493 608.7427 608.7327 608.7239 608.7147 608.7036 608.7014 608.6915 608.6827 608.6708 608.6591 608.6568 608.6451 608.6345 608.6251 608.6123
608.8832 608.8882 608.8904 608.8932 608.8973 608.8984 608.903 608.9072 608.9092 608.9122 608.9153 608.9158 608.9188 608.918 608.9161 608.9142 608.9122 608.9103 608.9084 608.9065 608.9045 608.9026 608.9007 608.8987 608.8969 608.8949 608.893 608.8911 608.8892 608.8846 608.8785 608.8718 608.8651 608.863 608.8555 608.848 608.8428 608.8386 608.8305 608.8224 608.8193 608.8108 608.8077 608.7991 608.7897 608.7803 608.7724 608.771 608.7618 608.7547 608.7452 608.7374 608.7264 608.7181 608.7146 608.704 608.6948 608.683 608.6747 608.6696 608.6578 608.6505 608.6378 608.6251
608.8962 608.8996 608.9034 608.9044 608.9096 608.9097 608.9142 608.9186 608.9212 608.9236 608.9268 608.9277 608.9302 608.9304 608.9284 608.9265 608.9246 608.9226 608.9207 608.9188 608.9169 608.9149 608.913 608.9111 608.9092 608.9072 608.9053 608.9034 608.9014 608.8967 608.89 608.8834 608.8773 608.8746 608.8671 608.8596 608.8561 608.8502 608.8421 608.8355 608.8309 608.8226 608.8203 608.8108 608.8014 608.7919 608.7869 608.783 608.7765 608.7668 608.7581 608.7493 608.7383 608.7336 608.7271 608.7182 608.707 608.6952 608.6912 608.6824 608.6707 608.6633 608.6505 608.6378
608.9075 608.9109 608.9163 608.9156 608.9208 608.9218 608.9254 608.9299 608.9324 608.9351 608.9383 608.9402 608.9417 608.9426 608.9407 608.9388 608.9369 608.9349 608.933 608.9311 608.9292 608.9272 608.9253 608.9234 608.9214 608.9196 608.9176 608.9157 608.9136 608.9083 608.9016 608.8949 608.8902 608.8861 608.8786 608.8711 608.8693 608.8618 608.8538 608.849 608.8427 608.8364 608.8319 608.8224 608.813 608.8036 608.8014 608.795 608.7888 608.7788 608.7701 608.7611 608.7503 608.749 608.7395 608.731 608.7192 608.7084 608.7069 608.6952 608.6859 608.676 608.6633 608.6506
608.9188 608.9223 608.9276 608.9284 608.932 608.9345 608.9366 608.9411 608.9438 608.9466 608.9498 608.9525 608.9531 608.9549 608.9531 608.9511 608.9492 608.9473 608.9453 608.9434 608.9415 608.9396 608.9376 608.9357 608.9338 608.9319 608.9299 608.928 608.9254 608.9199 608.9132 608.9065 608.9031 608.8977 608.8901 608.8837 608.8815 608.8735 608.8654 608.8627 608.8543 608.8504 608.8436 608.8341 608.8247 608.817 608.8159 608.8071 608.8008 608.7913 608.7839 608.7729 608.7656 608.7626 608.752 608.7431 608.7313 608.7249 608.7197 608.708 608.7015 608.6888 608.676 608.6633
608.9301 608.9353 608.939 608.9415 608.9432 608.9475 608.9479 608.9524 608.9565 608.9581 608.9612 608.9644 608.9645 608.9673 608.9653 608.9634 608.9615 608.9596 608.9576 608.9557 608.9538 608.9518 608.95 608.948 608.9461 608.9442 608.9423 608.9403 608.9371 608.9315 608.9247 608.9181 608.916 608.9092 608.9017 608.8968 608.8932 608.8851 608.8773 608.8745 608.866 608.8643 608.8552 608.8458 608.8364 608.8315 608.8286 608.8218 608.8129 608.8044 608.7958 608.7848 608.7812 608.775 608.7666 608.7553 608.7435 608.7412 608.7325 608.7208 608.7142 608.7015 608.6888 608.6761
608.9413 608.9472 608.9503 608.9547 608.9544 608.9596 608.9592 608.9636 608.9681 608.9704 608.9727 608.9759 608.976 608.979 608.9777 608.9757 608.9738 608.9719 608.97 608.968 608.9661 608.9642 608.9623 608.9603 608.9584 608.9565 608.9545 608.9526 608.9489 608.9431 608.9363 608.9301 608.9283 608.9208 608.9133 608.9103 608.9048 608.8967 608.8911 608.8862 608.8793 608.8763 608.8669 608.8574 608.848 608.8459 608.8406 608.8348 608.8249 608.8163 608.8076 608.7977 608.7964 608.7875 608.7793 608.7675 608.7586 608.7571 608.7453 608.7369 608.727 608.7143 608.7015 608.6938
608.9526 608.9585 608.9617 608.967 608.9666 608.9708 608.9721 608.9749 608.9793 608.9818 608.9842 608.9874 608.988 608.9904 608.99 608.988 608.9861 608.9842 608.9823 608.9803 608.9784 608.9765 608.9745 608.9727 608.9707 608.9688 608.9669 608.965 608.9608 608.9546 608.9479 608.9427 608.9399 608.9323 608.9248 608.9233 608.9164 608.9083 608.9047 608.8979 608.893 608.888 608.8785 608.8691 608.8616 608.8604 608.8526 608.8469 608.8373 608.8304 608.8195 608.8131 608.8105 608.8 608.7914 608.7796 608.7748 608.7698 608.7581 608.7525 608.7397 608.7271 608.7143 608.7114
608.9653 608.9698 608.9737 608.9784 608.9793 608.982 608.9847 608.9861 608.9906 608.993 608.9957 608.9988 609.0005 609.0019 609.0023 609.0004 608.9984 608.9965 608.9946 608.9927 608.9907 608.9888 608.9869 608.985 608.983 608.9811 608.9792 608.9772 608.9729 608.9662 608.9595 608.9558 608.9514 608.9438 608.9378 608.9361 608.928 608.9199 608.918 608.9095 608.9067 608.8997 608.8902 608.8808 608.8761 608.8743 608.8669 608.8589 608.8506 608.8423 608.8313 608.8287 608.823 608.8151 608.8036 608.7924 608.7913 608.7827 608.7715 608.7653 608.7525 608.7398 608.7301 608.7291
608.9786 608.981 608.9869 608.9897 608.9925 608.9932 608.9977 608.9974 609.0018 609.0057 609.0072 609.0103 609.0126 609.0133 609.0146 609.0127 609.0107 609.0089 609.0069 609.0049 609.0031 609.0011 608.9992 608.9973 608.9954 608.9934 608.9915 608.9896 608.9844 608.9778 608.9711 608.9684 608.963 608.9554 608.9509 608.9477 608.9396 608.933 608.9297 608.9218 608.9208 608.9113 608.9019 608.8925 608.8905 608.8863 608.8809 608.871 608.8626 608.8541 608.8453 608.8441 608.8354 608.8276 608.8157 608.8085 608.8072 608.7955 608.7883 608.778 608.7653 608.7526 608.7478 608.7462
608.9922 608.9923 608.9982 609.0011 609.0057 609.0044 609.0096 609.0095 609.0131 609.0175 609.0193 609.0219 609.025 609.0247 609.0268 609.025 609.0231 609.0211 609.0192 609.0173 609.0154 609.0134 609.0115 609.0096 609.0076 609.0057 609.0038 609.0015 608.996 608.9893 608.9827 608.9815 608.9745 608.967 608.9644 608.9593 608.9512 608.9464 608.9414 608.9356 608.9324 608.923 608.9135 608.9063 608.905 608.8983 608.8929 608.8834 608.8769 608.8659 608.8607 608.8585 608.848 608.8397 608.8279 608.8246 608.82 608.8082 608.8035 608.7908 608.778 608.7666 608.7656 608.7598
609.0059 609.0046 609.0095 609.0125 609.0178 609.0175 609.0208 609.0223 609.0243 609.0288 609.031 609.0333 609.0365 609.0362 609.0392 609.0373 609.0354 609.0334 609.0315 609.0296 609.0276 609.0258 609.0238 609.0219 609.02 609.0181 609.0161 609.0132 609.0076 609.0009 608.9952 608.9936 608.986 608.9786 608.9773 608.9709 608.9628 608.9603 608.9531 608.9496 608.9441 608.9346 608.9252 608.9207 608.9197 608.912 608.905 608.8969 608.8887 608.8777 608.8762 608.871 608.8635 608.8519 608.8422 608.8411 608.8328 608.8229 608.8162 608.8035 608.7908 608.7844 608.7831 608.7733
609.0189 609.0181 609.0208 609.0258 609.0291 609.0307 609.032 609.0352 609.0356 609.04 609.0422 609.0448 609.048 609.0482 609.0506 609.0496 609.0477 609.0458 609.0438 609.0419 609.04 609.0381 609.0361 609.0342 609.0323 609.0303 609.0284 609.025 609.0192 609.0125 609.0083 609.0051 608.9976 608.9919 608.9907 608.9825 608.9747 608.9733 608.9648 608.9632 608.9557 608.9463 608.9368 608.935 608.9319 608.9265 608.9171 608.9089 608.9006 608.8929 608.8918 608.8834 608.8759 608.8641 608.8584 608.8573 608.8456 608.8396 608.829 608.8163 608.8035 608.8021 608.8 608.7869
609.0303 609.0318 609.032 609.0378 609.0405 609.0435 609.0432 609.0479 609.0468 609.0513 609.0548 609.0563 609.0594 609.0609 609.062 609.062 609.06 609.058 609.0562 609.0542 609.0523 609.0504 609.0485 609.0465 609.0446 609.0427 609.0408 609.0369 609.0308 609.024 609.0214 609.0167 609.0092 609.0049 609.0023 608.9941 608.9886 608.9849 608.9784 608.9768 608.9674 608.9579 608.9509 608.9498 608.9439 608.939 608.9294 608.9234 608.9124 608.9083 608.9065 608.8963 608.8881 608.8762 608.8746 608.8701 608.8584 608.8545 608.8417 608.829 608.8206 608.8195 608.8137 608.8005
609.0419 609.0452 609.0439 609.0491 609.0519 609.0568 609.0557 609.0596 609.0599 609.0625 609.0668 609.0682 609.0709 609.0729 609.0735 609.0742 609.0723 609.0704 609.0685 609.0665 609.0646 609.0627 609.0608 609.0588 609.0569 609.055 609.053 609.049 609.0424 609.0356 609.0339 609.0282 609.0207 609.0184 609.0139 609.0057 609.002 608.9966 608.992 608.9885 608.9791 608.9696 608.9653 608.9642 608.957 608.951 608.9431 608.9352 608.9252 608.9238 608.9189 608.912 608.9002 608.8923 608.8911 608.8829 608.8743 608.8672 608.8545 608.8418 608.8383 608.837 608.8272 608.8141
609.0533 609.0587 609.0576 609.0604 609.0643 609.0685 609.0684 609.0708 609.0724 609.0738 609.0782 609.0803 609.0824 609.0856 609.0849 609.0864 609.0846 609.0827 609.0807 609.0789 609.0769 609.075 609.0731 609.0712 609.0692 609.0673 609.0654 609.0606 609.0539 609.048 609.0471 609.0397 609.0325 609.0313 609.0255 609.0173 609.0159 609.0083 609.006 609.0002 608.9907 608.9813 608.9796 608.9775 608.9717 608.9631 608.9552 608.9471 608.9406 608.9395 608.9314 608.9242 608.9124 608.9084 608.9075 608.8957 608.8909 608.88 608.8672 608.8572 608.8559 608.8539 608.8408 608.8276
609.0649 609.0709 609.0712 609.0717 609.0776 609.0799 609.0817 609.082 609.0856 609.085 609.0895 609.0916 609.0939 609.097 609.0964 609.099 609.0969 609.095 609.0931 609.0912 609.0892 609.0873 609.0854 609.0834 609.0815 609.0796 609.0776 609.0722 609.0655 609.0607 609.0588 609.0513 609.046 609.0448 609.037 609.0304 609.0285 609.0209 609.0198 609.0118 609.0024 608.9955 608.9944 608.9895 608.9851 608.9755 608.9699 608.9589 608.956 608.9545 608.9448 608.9363 608.926 608.9247 608.9202 608.9088 608.9055 608.8928 608.88 608.8749 608.8735 608.8675 608.8544 608.8418
609.0783 609.0824 609.0845 609.0834 609.0889 609.0912 609.0947 609.0933 609.0981 609.0971 609.1007 609.104 609.1053 609.1085 609.1085 609.1108 609.1093 609.1073 609.1054 609.1035 609.1016 609.0996 609.0977 609.0958 609.0939 609.0919 609.0893 609.0837 609.0771 609.0739 609.0704 609.0629 609.059 609.0568 609.0486 609.044 609.0402 609.0349 609.0329 609.0235 609.014 609.0098 609.0087 609.0021 608.9971 608.9894 608.9818 608.9725 608.9713 608.9669 608.9603 608.9485 608.9424 608.941 608.933 608.9256 608.9182 608.9055 608.8934 608.8925 608.8911 608.8811 608.8679 608.8603
609.0922 609.0939 609.0983 609.0972 609.1001 609.1028 609.1078 609.1066 609.1096 609.11 609.112 609.1163 609.1172 609.12 609.1212 609.1222 609.1216 609.1196 609.1177 609.1158 609.1139 609.1119 609.11 609.1081 609.1061 609.1042 609.1011 609.0953 609.0886 609.0865 609.0819 609.0744 609.0724 609.0684 609.0602 609.0577 609.0519 609.0486 609.0446 609.0352 609.0258 609.0242 609.0232 609.0171 609.0092 609.0016 608.9935 608.9882 608.9871 608.9794 608.9725 608.9607 608.9586 608.9575 608.9459 608.9423 608.931 608.9183 608.9111 608.9101 608.9078 608.8947 608.8815 608.8787
609.1058 609.1054 609.1114 609.1104 609.1114 609.1163 609.1193 609.1198 609.1208 609.1226 609.1232 609.1277 609.1294 609.1315 609.1332 609.1336 609.1339 609.132 609.13 609.1281 609.1262 609.1243 609.1223 609.1204 609.1185 609.1166 609.1131 609.1069 609.1008 609.0995 609.0935 609.0865 609.0853 609.08 609.0723 609.0716 609.0635 609.0622 609.0562 609.0468 609.0401 609.0389 609.0352 609.0312 609.0215 609.0164 609.0054 609.0036 609.0024 608.9932 608.9847 608.9758 608.9747 608.9704 608.9599 608.9565 608.9437 608.931 608.9286 608.9276 608.9214 608.9082 608.8987 608.8975
609.1199 609.1187 609.1229 609.1241 609.1229 609.1285 609.1307 609.1326 609.132 609.1358 609.1345 609.1389 609.1408 609.1429 609.1457 609.1451 609.1462 609.1443 609.1423 609.1404 609.1385 609.1365 609.1346 609.1327 609.1308 609.1288 609.1252 609.1185 609.1132 609.1125 609.105 609.1001 609.0988 609.0916 609.0861 609.0837 609.0775 609.0763 609.0679 609.0585 609.0544 609.0532 609.0474 609.0432 609.0356 609.0282 609.02 609.0189 609.0149 609.0086 608.9968 608.9919 608.9908 608.9832 608.9766 608.9692 608.9565 608.9478 608.9465 608.9451 608.9349 608.9218 608.9172 608.9161
609.1316 609.1323 609.1344 609.1378 609.1367 609.1398 609.142 609.1461 609.1447 609.1484 609.1477 609.1501 609.1531 609.1545 609.1576 609.1567 609.1584 609.1566 609.1547 609.1527 609.1508 609.1489 609.147 609.145 609.1431 609.1412 609.1368 609.1301 609.1263 609.1241 609.1166 609.113 609.1113 609.1032 609.0994 609.0954 609.0911 609.089 609.0795 609.0703 609.069 609.068 609.0621 609.0553 609.048 609.04 609.0355 609.0347 609.0273 609.0208 609.0098 609.0085 609.0074 608.996 608.9936 608.982 608.9692 608.9654 608.9643 608.9617 608.9485 608.9367 608.9356 608.9346
