samples/sfe_322/sfe_322_vv0/sfe_322_vv0/sfe_322_vv0.asc
ncols         299
nrows         166
xllcorner     73.39999999851
yllcorner     65.60000000149
cellsize      1
NODATA_value  -9999
[rows 56 to 83 of 166, columns 0 to 63 of 299]
-9999 -9999 -9999 -9999 -9999 -9999 -9999 -9999 -9999 -9999 -9999 -9999 -9999 609.0812 609.0658 609.0507 609.0353 609.0197 609.0039 608.989 608.9737 608.9581 608.9429 608.9286 608.9141 608.9002 608.8843 608.8688 608.8533 608.8389 608.8247 608.8101 608.796 608.7817 608.7675 608.7531 608.7393 608.7263 608.7133 608.7003 608.6863 608.6719 608.6576 608.6439 608.6302 608.6175 608.6047 608.5919 608.5777 608.5662 608.4369 608.2888 608.1411 607.9937 607.8408 607.694 607.5422 607.3934 607.2488 607.1152 606.9723 606.8279 606.6891 606.5363
-9999 -9999 -9999 -9999 -9999 -9999 -9999 -9999 -9999 -9999 -9999 -9999 609.0835 609.0679 609.0529 609.0375 609.0222 609.0065 608.9906 608.976 608.9604 608.9449 608.9299 608.9155 608.901 608.887 608.8712 608.8556 608.8401 608.8257 608.8114 608.7969 608.7827 608.7684 608.7543 608.7399 608.726 608.713 608.6999 608.6869 608.6737 608.6593 608.6445 608.6309 608.6167 608.6039 608.5911 608.5783 608.5677 608.4232 608.2755 608.1174 607.9705 607.8229 607.6769 607.5244 607.3776 607.2241 607.0775 606.9408 606.8033 606.66 606.5168 606.378
-9999 -9999 -9999 -9999 -9999 -9999 -9999 -9999 -9999 -9999 -9999 -9999 609.0703 609.0547 609.0396 609.0243 609.009 608.9932 608.9774 608.9626 608.9473 608.9317 608.9168 608.9025 608.8879 608.8738 608.858 608.8425 608.8269 608.8125 608.7982 608.7838 608.7695 608.755 608.7411 608.7267 608.7125 608.6995 608.6865 608.6735 608.6603 608.6461 608.6317 608.6175 608.6031 608.5903 608.5776 608.5665 608.4056 608.2482 608.1006 607.9528 607.7994 607.6523 607.5046 607.36 607.208 607.0612 606.9083 606.7617 606.6308 606.4913 606.3478 606.2057
-9999 -9999 -9999 -9999 -9999 -9999 -9999 -9999 -9999 -9999 -9999 -9999 609.057 609.0414 609.0264 609.0111 608.9958 608.9799 608.9641 608.9496 608.934 608.9185 608.9036 608.8893 608.8749 608.8607 608.8449 608.8293 608.8137 608.7993 608.7849 608.7706 608.7563 608.7417 608.728 608.7136 608.6992 608.6861 608.6731 608.6601 608.647 608.6327 608.6184 608.6041 608.5901 608.5768 608.542 608.3898 608.2406 608.0807 607.9256 607.7781 607.6301 607.4815 607.334 607.1871 607.0432 606.8916 606.7448 606.5924 606.4485 606.3188 606.1794 606.0356
-9999 -9999 -9999 -9999 -9999 -9999 -9999 -9999 -9999 -9999 -9999 -9999 609.0438 609.0282 609.0132 608.9979 608.9825 608.9666 608.951 608.9364 608.9208 608.9053 608.8904 608.8761 608.8618 608.8475 608.8317 608.8162 608.8006 608.7861 608.7717 608.7573 608.7431 608.7284 608.7148 608.7004 608.686 608.6727 608.6597 608.6467 608.6337 608.6195 608.605 608.5908 608.5774 608.5317 608.3713 608.2131 608.061 607.915 607.7559 607.603 607.4561 607.3074 607.1635 607.0158 606.8701 606.7264 606.5752 606.4268 606.2766 606.1405 606.007 605.8675
-9999 -9999 -9999 -9999 -9999 -9999 -9999 -9999 -9999 -9999 -9999 609.0461 609.0305 609.0154 609.0001 608.9847 608.9692 608.9534 608.9382 608.9232 608.9076 608.892 608.8771 608.8629 608.8487 608.8343 608.8186 608.803 608.7874 608.7729 608.7585 608.7441 608.7299 608.7153 608.7017 608.6872 608.6728 608.6593 608.6463 608.6332 608.6202 608.607 608.5927 608.5779 608.5045 608.35 608.1982 608.0402 607.8843 607.7321 607.5879 607.431 607.2805 607.1373 606.9846 606.8452 606.6976 606.553 606.4095 606.2588 606.1081 605.9607 605.8325 605.695
-9999 -9999 -9999 -9999 -9999 -9999 -9999 -9999 -9999 -9999 -9999 609.0328 609.0173 609.0022 608.9869 608.9716 608.9559 608.9401 608.9249 608.91 608.8944 608.8788 608.864 608.8497 608.8356 608.821 608.8055 608.7899 608.7743 608.7598 608.7453 608.731 608.7167 608.7023 608.6885 608.6741 608.6596 608.6459 608.6329 608.6199 608.6068 608.5937 608.5793 608.5049 608.336 608.1684 608.0161 607.8663 607.7092 607.5554 607.4039 607.2608 607.1062 606.9579 606.8186 606.6663 606.527 606.3793 606.236 606.0927 605.9424 605.7914 605.6483 605.5225
-9999 -9999 -9999 -9999 -9999 -9999 -9999 -9999 -9999 -9999 -9999 609.0196 609.004 608.989 608.9737 608.9584 608.9426 608.9268 608.9117 608.8967 608.8812 608.8656 608.8509 608.8365 608.8226 608.8079 608.7923 608.7767 608.7611 608.7466 608.7321 608.7177 608.7036 608.6892 608.6752 608.6609 608.6465 608.6325 608.6194 608.6064 608.5934 608.5803 608.5062 608.3344 608.1626 607.9982 607.8345 607.6822 607.5308 607.3787 607.2265 607.0818 606.9343 606.7829 606.6354 606.4998 606.3506 606.2087 606.0611 605.9189 605.7759 605.626 605.4756 605.3402
-9999 -9999 -9999 -9999 -9999 -9999 -9999 -9999 -9999 -9999 -9999 609.0063 608.9908 608.9758 608.9605 608.9452 608.9294 608.9135 608.8988 608.8835 608.8679 608.8524 608.8378 608.8234 608.8094 608.7947 608.7792 608.7635 608.748 608.7334 608.7189 608.7046 608.6903 608.6761 608.6619 608.6477 608.6333 608.6191 608.6061 608.593 608.58 608.5074 608.3356 608.1638 607.9921 607.8209 607.6605 607.5005 607.3488 607.2039 607.0498 606.8976 606.7598 606.612 606.4603 606.3143 606.1779 606.0336 605.8905 605.7433 605.6019 605.459 605.3096 605.1597
-9999 -9999 -9999 -9999 -9999 -9999 -9999 -9999 -9999 -9999 609.0087 608.9931 608.9775 608.9626 608.9473 608.9319 608.9161 608.9003 608.8859 608.8703 608.8547 608.8392 608.8247 608.8103 608.7964 608.7816 608.766 608.7504 608.7349 608.7202 608.7057 608.6915 608.6771 608.6629 608.6486 608.6345 608.6201 608.6057 608.5927 608.5797 608.4822 608.3197 608.1651 607.9933 607.8215 607.6497 607.488 607.3228 607.1666 607.0196 606.877 606.7209 606.5688 606.4377 606.2897 606.1378 605.9956 605.8551 605.7156 605.5723 605.4263 605.2848 605.1422 604.9927
-9999 -9999 -9999 -9999 -9999 -9999 -9999 -9999 -9999 -9999 608.9954 608.9799 608.9648 608.9495 608.9341 608.9187 608.9028 608.887 608.8723 608.8571 608.8415 608.8259 608.8116 608.7972 608.7832 608.7684 608.7529 608.7373 608.7217 608.707 608.6926 608.6784 608.6639 608.6497 608.6352 608.6213 608.6069 608.5925 608.5792 608.4717 608.2938 608.131 607.9686 607.8228 607.6509 607.4792 607.3074 607.1547 606.9852 606.8327 606.6904 606.55 606.3921 606.2451 606.1156 605.9674 605.8152 605.6768 605.5324 605.3977 605.254 605.1093 604.9678 604.8254
-9999 -9999 -9999 -9999 -9999 -9999 -9999 -9999 -9999 -9999 608.9822 608.9666 608.9516 608.9363 608.921 608.9054 608.8895 608.8738 608.8594 608.8439 608.8283 608.8127 608.7985 608.7842 608.77 608.7553 608.7397 608.7241 608.7086 608.6938 608.6794 608.6653 608.6507 608.6365 608.6219 608.6082 608.5938 608.5793 608.4708 608.2947 608.1172 607.9424 607.78 607.6235 607.4804 607.3087 607.1368 606.9651 606.8168 606.6511 606.4993 606.3566 606.2192 606.0632 605.9231 605.79 605.6445 605.4927 605.3581 605.2148 605.0797 604.9358 604.7922 604.6508
-9999 -9999 -9999 -9999 -9999 -9999 -9999 -9999 -9999 -9999 608.9689 608.9534 608.9384 608.9231 608.9078 608.8922 608.8763 608.8609 608.8462 608.8306 608.8151 608.7996 608.7854 608.7711 608.7567 608.7422 608.7266 608.711 608.6954 608.6807 608.6662 608.6522 608.6375 608.6233 608.6086 608.595 608.5806 608.4722 608.2919 608.1116 607.9406 607.7628 607.5912 607.4288 607.2807 607.1381 606.9663 606.7946 606.623 606.479 606.3171 606.1701 606.0275 605.8881 605.7343 605.6011 605.4629 605.3196 605.1725 605.0393 604.8991 604.7618 604.6176 604.4752
-9999 -9999 -9999 -9999 -9999 -9999 -9999 -9999 -9999 608.9713 608.9557 608.9401 608.9252 608.9099 608.8946 608.8788 608.863 608.8479 608.8329 608.8174 608.8019 608.7866 608.7723 608.758 608.7435 608.729 608.7134 608.6978 608.6823 608.6675 608.653 608.639 608.6243 608.6101 608.5953 608.5818 608.4717 608.2932 608.113 607.9327 607.7524 607.5865 607.4088 607.2402 607.0777 606.9379 606.7955 606.624 606.4522 606.29 606.1412 605.9832 605.8409 605.7005 605.5576 605.4084 605.2791 605.1394 604.9951 604.8538 604.7206 604.5834 604.4438 604.2996
-9999 -9999 -9999 -9999 -9999 -9999 -9999 -9999 -9999 608.958 608.9424 608.9271 608.912 608.8967 608.8814 608.8655 608.8497 608.8347 608.8198 608.8042 608.7886 608.7736 608.7592 608.7449 608.7302 608.7159 608.7003 608.6847 608.6691 608.6543 608.6398 608.6258 608.6111 608.5969 608.5822 608.4728 608.29 608.1075 607.934 607.7538 607.5735 607.3945 607.2324 607.0547 606.889 606.7328 606.595 606.4522 606.2817 606.1099 605.9572 605.8036 605.6498 605.5118 605.3736 605.2288 605.0864 604.957 604.8171 604.6725 604.535 604.4018 604.2676 604.1259
-9999 -9999 -9999 -9999 -9999 -9999 -9999 -9999 -9999 608.9448 608.9292 608.9142 608.8989 608.8835 608.8682 608.8523 608.8364 608.8215 608.8065 608.791 608.7755 608.7606 608.7461 608.7318 608.717 608.7027 608.6871 608.6716 608.6559 608.6411 608.6266 608.6125 608.5979 608.5837 608.4741 608.2913 608.1085 607.9257 607.7433 607.5749 607.3947 607.2144 607.0444 606.8784 606.7007 606.5379 606.3899 606.2522 606.1089 605.9393 605.7676 605.6243 605.4677 605.3206 605.1826 605.0467 604.8999 604.7644 604.6349 604.4949 604.3499 604.2163 604.0801 603.9498
-9999 -9999 -9999 -9999 -9999 -9999 -9999 -9999 -9999 608.9315 608.916 608.901 608.8857 608.8704 608.8549 608.839 608.8232 608.8086 608.7933 608.7778 608.7622 608.7474 608.733 608.7186 608.704 608.6896 608.674 608.6584 608.6428 608.6279 608.6135 608.5992 608.5847 608.4731 608.2925 608.1099 607.927 607.7441 607.5613 607.3791 607.2157 607.0355 606.8552 606.6917 606.5242 606.3492 606.1868 606.0471 605.9095 605.7656 605.597 605.4252 605.2914 605.1337 604.9915 604.851 604.7197 604.5717 604.4424 604.3127 604.1725 604.0308 603.8976 603.7634
-9999 -9999 -9999 -9999 -9999 -9999 -9999 -9999 608.9339 608.9183 608.9027 608.8878 608.8725 608.8572 608.8416 608.8257 608.8099 608.7957 608.7801 608.7645 608.749 608.7343 608.7199 608.7054 608.6909 608.6765 608.6608 608.6453 608.6296 608.6147 608.6003 608.586 608.4749 608.2897 608.1038 607.9283 607.7455 607.5627 607.3799 607.197 607.0184 606.8566 606.6763 606.496 606.3386 606.1702 605.9982 605.8422 605.7043 605.5667 605.4223 605.2547 605.0921 604.9584 604.8003 604.6623 604.5241 604.3928 604.2497 604.1204 603.9906 603.8503 603.712 603.5788
-9999 -9999 -9999 -9999 -9999 -9999 -9999 -9999 608.9206 608.905 608.8894 608.8746 608.8593 608.844 608.8283 608.8124 608.7966 608.7821 608.7669 608.7513 608.7358 608.721 608.7068 608.6923 608.6778 608.6633 608.6477 608.6321 608.6165 608.6016 608.5871 608.4759 608.2906 608.1053 607.9201 607.7343 607.564 607.3812 607.1984 607.0156 606.8328 606.6586 606.4974 606.3171 606.1368 605.9856 605.8159 605.647 605.4993 605.3617 605.224 605.079 604.9124 604.7592 604.622 604.4711 604.3331 604.1971 604.0659 603.9277 603.7983 603.6668 603.528 603.4268
-9999 -9999 -9999 -9999 -9999 -9999 -9999 -9999 608.9073 608.8918 608.8767 608.8615 608.8461 608.8308 608.8151 608.7992 608.7837 608.7691 608.7537 608.7381 608.7225 608.7078 608.6937 608.6791 608.6647 608.6501 608.6345 608.619 608.6033 608.5884 608.4772 608.2913 608.1063 607.9211 607.7358 607.5505 607.3649 607.1997 607.0169 606.834 606.6512 606.4686 606.2989 606.1382 605.9579 605.7839 605.6325 605.4615 605.2959 605.1564 605.0189 604.8812 604.7357 604.5701 604.4263 604.2843 604.142 604.004 603.8702 603.7366 603.6057 603.4762 603.3498 603.1903
-9999 -9999 -9999 -9999 -9999 -9999 -9999 -9999 608.8941 608.8785 608.8636 608.8483 608.8329 608.8176 608.8018 608.7859 608.7708 608.756 608.7404 608.7249 608.7094 608.6946 608.6806 608.6659 608.6516 608.637 608.6214 608.6058 608.5902 608.478 608.2925 608.1076 607.9218 607.7368 607.5515 607.3663 607.181 606.9999 606.8354 606.6526 606.4697 606.2869 606.1043 605.9391 605.7786 605.5987 605.4338 605.2795 605.1075 604.9516 604.8134 604.676 604.5385 604.3924 604.2277 604.0934 603.9508 603.8128 603.6746 603.5433 603.4477 603.2889 603.1218 602.9523
-9999 -9999 -9999 -9999 -9999 -9999 -9999 608.8965 608.8809 608.8653 608.8504 608.8351 608.8198 608.8043 608.7885 608.7726 608.7576 608.7428 608.7272 608.7117 608.6961 608.6815 608.6675 608.6527 608.6385 608.6238 608.6083 608.5927 608.4791 608.2939 608.1084 607.9229 607.738 607.5522 607.3672 607.1819 606.9967 606.8112 606.6356 606.4711 606.2885 606.1055 605.9226 605.7401 605.5793 605.4189 605.2395 605.0836 604.9265 604.7561 604.6086 604.4708 604.3331 604.1957 604.0491 603.8942 603.7605 603.6216 603.4836 603.3756 603.2197 603.066 602.9047 602.735
-9999 -9999 -9999 -9999 -9999 -9999 -9999 608.8832 608.8676 608.8521 608.8372 608.8219 608.8065 608.7911 608.7752 608.7593 608.7444 608.7296 608.714 608.6984 608.6829 608.6683 608.6543 608.6395 608.6254 608.6107 608.5951 608.4817 608.2991 608.1094 607.9243 607.7388 607.5533 607.3685 607.1826 606.9976 606.8124 606.6271 606.4413 606.2713 606.1069 605.9242 605.7411 605.5583 605.38 605.2195 605.0591 604.8802 604.7309 604.5734 604.405 604.2657 604.1281 603.9903 603.853 603.7057 603.5612 603.4664 603.3228 603.1531 603.0038 602.838 602.6843 602.5205
-9999 -9999 -9999 -9999 -9999 -9999 -9999 608.8699 608.8544 608.8389 608.824 608.8087 608.7933 608.7778 608.7619 608.7461 608.7313 608.7164 608.7008 608.6852 608.6697 608.6552 608.6411 608.6263 608.6123 608.5975 608.4827 608.3005 608.1174 607.9349 607.7428 607.5547 607.3693 607.1837 606.9989 606.813 606.628 606.4428 606.2576 606.072 605.907 605.7426 605.5598 605.3768 605.194 605.0203 604.8598 604.6993 604.5234 604.3778 604.2204 604.061 603.9228 603.7854 603.6475 603.5103 603.3988 603.2581 603.1085 602.9526 602.7813 602.627 602.4563 602.3026
-9999 -9999 -9999 -9999 -9999 -9999 -9999 608.8567 608.8411 608.8262 608.8109 608.7955 608.7802 608.7645 608.7487 608.7328 608.7184 608.7031 608.6876 608.672 608.6564 608.6422 608.6279 608.6133 608.5992 608.4838 608.3016 608.1185 607.9363 607.7532 607.5707 607.3785 607.1851 606.9996 606.8141 606.6293 606.4435 606.2585 606.0732 605.888 605.7027 605.5427 605.3783 605.1954 605.0125 604.8297 604.6605 604.5 604.3395 604.1733 604.0248 603.8674 603.7181 603.5799 603.4734 603.3354 603.1966 603.0516 602.898 602.7505 602.5807 602.4095 602.2427 602.0746
-9999 -9999 -9999 -9999 -9999 -9999 608.8591 608.8434 608.8279 608.813 608.7977 608.7823 608.767 608.7512 608.7354 608.7195 608.7055 608.6899 608.6744 608.6588 608.6433 608.629 608.6147 608.6002 608.4993 608.3025 608.1199 607.9373 607.7543 607.572 607.3889 607.2065 607.0142 606.8154 606.6301 606.4445 606.2598 606.0739 605.8889 605.7037 605.5184 605.3384 605.1784 605.014 604.8311 604.6483 604.4654 604.3007 604.1403 603.9798 603.8231 603.6718 603.5143 603.4329 603.288 603.138 602.9947 602.8474 602.7044 602.5377 602.3926 602.209 602.0378 601.8585
-9999 -9999 -9999 -9999 -9999 -9999 608.8458 608.8302 608.8146 608.7998 608.7845 608.7691 608.7538 608.738 608.7221 608.7064 608.692 608.6767 608.6611 608.6456 608.6302 608.6159 608.6015 608.5234 608.3359 608.1388 607.9417 607.756 607.573 607.3901 607.2077 607.0246 606.8423 606.65 606.4457 606.2604 606.075 605.8902 605.7044 605.5194 605.3341 605.1489 604.9742 604.8141 604.6497 604.4667 604.284 604.1014 603.9409 603.7805 603.62 603.48 603.3816 603.2391 603.1091 602.9532 602.8002 602.6557 602.4981 602.3572 602.1783 602.0237 601.8372 601.666
-9999 -9999 -9999 -9999 -9999 -9999 608.8325 608.817 608.8014 608.7866 608.7712 608.7559 608.7405 608.7247 608.7088 608.6935 608.6788 608.6635 608.6479 608.6324 608.6172 608.6028 608.5256 608.3464 608.1618 607.9763 607.7783 607.5812 607.3916 607.2087 607.0259 606.8434 606.6603 606.4781 606.2856 606.0801 605.8909 605.7054 605.5206 605.3349 605.1499 604.9645 604.7793 604.6099 604.4499 604.2855 604.1024 603.9198 603.7416 603.5812 603.481 603.3491 603.2128 603.0569 602.9154 602.7765 602.6185 602.4651 602.3167 602.1499 601.998 601.8204 601.6521 601.4655
