samples/sfe_322/sfe_322_vv0/sfe_322_vv0/sfe_322_vv0.asc
ncols         299
nrows         166
xllcorner     73.39999999851
yllcorner     65.60000000149
cellsize      1
NODATA_value  -9999
[rows 112 to 139 of 166, columns 192 to 255 of 299]
608.5231 608.5103 608.4976 608.4849 608.4764 608.4637 608.4506 608.4374 608.4243 608.4126 608.3989 608.3851 608.2973 608.089 607.9002 607.7076 607.4848 607.2715 607.0585 606.8435 606.6043 606.3859 606.1791 605.9752 605.7565 605.5378 605.3171 605.0689 604.8215 604.5994 604.3768 604.1546 603.9318 603.7095 603.4877 603.265 603.0641 602.8403 602.582 602.2977 601.9998 601.7243 601.4485 601.0856 600.6305 600.659 600.763 600.6005 600.376 600.282 600.4095 600.3015 600.218 600.078 600.172 600.1515 600.06 600.2935 600.2085 600.054 600.04 600.245 600.433 600.3715
608.5358 608.5231 608.5104 608.4976 608.4904 608.4773 608.4642 608.451 608.4406 608.4269 608.4131 608.3994 608.3856 608.3145 608.1257 607.9098 607.6965 607.4835 607.2677 607.0352 606.8178 606.6141 606.4111 606.1925 605.9738 605.7551 605.5091 605.265 605.0428 604.8203 604.598 604.3752 604.153 603.931 603.7084 603.4863 603.2801 603.1058 602.8328 602.5486 602.2731 602.0237 601.6653 601.3685 601.027 600.781 600.775 600.608 600.5895 600.3055 600.283 600.25 600.307 600.229 600.051 600.107 600.1865 600.3765 600.267 600.074 600.182 600.393 600.3665 600.2675
608.5486 608.5358 608.5231 608.5128 608.504 608.4908 608.4777 608.4646 608.4549 608.4412 608.4274 608.4137 608.3991 608.3838 608.3348 608.1215 607.9085 607.6919 607.4673 607.2501 607.049 606.8471 606.6284 606.4097 606.191 605.9492 605.7086 605.4863 605.2637 605.0414 604.8187 604.5964 604.3743 604.1519 603.9297 603.7193 603.5265 603.3337 603.0974 602.822 602.5783 602.2552 601.9593 601.6143 601.2758 600.953 600.793 600.6245 600.729 600.621 600.5265 600.465 600.5 600.3825 600.224 600.346 600.258 600.132 600.225 600.349 600.3115 600.219 600.325 600.473
608.5613 608.5486 608.5358 608.5305 608.5176 608.5045 608.4913 608.4807 608.4692 608.4554 608.4417 608.428 608.4128 608.3982 608.3831 608.3335 608.1165 607.8996 607.6824 607.4839 607.2831 607.0644 606.8456 606.627 606.3893 606.1522 605.9297 605.7072 605.4848 605.2623 605.0399 604.8176 604.5953 604.3732 604.1584 603.9657 603.7729 603.5672 603.3474 603.1271 602.8463 602.5501 602.2015 601.9214 601.6116 601.2502 600.8485 600.657 600.7335 600.6625 600.4125 600.4045 600.4335 600.507 600.3895 600.2735 600.2255 600.1675 600.206 600.265 600.3795 600.3425 600.3445 600.4765
608.5741 608.5613 608.5493 608.5443 608.5312 608.518 608.5049 608.4971 608.4834 608.4697 608.4559 608.442 608.4271 608.413 608.3986 608.3838 608.3318 608.1169 607.9188 607.7191 607.5003 607.2816 607.0629 606.8295 606.5956 606.3731 606.1506 605.9282 605.7057 605.4834 605.261 605.0388 604.8168 604.5977 604.4049 604.2122 604.0032 603.7797 603.5635 603.3464 603.1411 602.8439 602.567 602.2701 601.9136 601.51 601.1605 601.006 600.8885 600.7075 600.5305 600.65 600.5495 600.387 600.42 600.504 600.5225 600.5255 600.494 600.4579 600.517 600.3985 600.3865 600.4641
608.5868 608.5741 608.5668 608.5579 608.5447 608.5316 608.5188 608.5114 608.4977 608.4839 608.4702 608.4561 608.4416 608.4269 608.414 608.3992 608.3845 608.3537 608.155 607.9363 607.7176 607.4988 607.2697 607.039 606.8165 606.5941 606.3716 606.1492 605.9269 605.7045 605.4822 605.2603 605.0375 604.8441 604.6513 604.437 604.2119 603.9956 603.7786 603.5625 603.3486 603.2126 602.9287 602.577 602.2087 601.859 601.5088 601.1605 600.7265 600.733 600.713 600.644 600.7415 600.6005 600.4655 600.491 600.6565 600.6055 600.5105 600.373 600.3685 600.338 600.4785 600.504
608.5995 608.5869 608.5845 608.5715 608.5583 608.5452 608.5374 608.5257 608.512 608.4982 608.4848 608.4696 608.4561 608.4443 608.4295 608.4155 608.4001 608.3845 608.3723 608.1535 607.9348 607.7098 607.4824 607.2599 607.0375 606.8151 606.5928 606.3704 606.1479 605.9257 605.7037 605.481 605.2833 605.0905 604.8691 604.644 604.4277 604.2109 603.9946 603.7742 603.5873 603.4071 603.257 602.9072 602.5575 602.2073 601.8619 601.488 601.0258 600.7935 600.757 600.674 600.7275 600.4585 600.375 600.504 600.6165 600.3975 600.446 600.56 600.5855 600.603 600.662 600.574
608.6123 608.6033 608.5981 608.585 608.5719 608.5588 608.5537 608.54 608.5262 608.5125 608.4983 608.4849 608.471 608.4597 608.4449 608.4315 608.4158 608.4002 608.3846 608.3707 608.1499 607.9258 607.7034 607.4809 607.2585 607.0363 606.8138 606.5914 606.3692 606.147 605.9243 605.7225 605.5291 605.3012 605.0762 604.8598 604.6431 604.4268 604.2064 604.0063 603.826 603.6393 603.4263 603.256 602.9058 602.5634 602.2316 601.7942 601.409 601.0239 600.704 600.7425 600.793 600.5185 600.4185 600.571 600.786 600.541 600.3735 600.466 600.607 600.609 600.516 600.668
608.6251 608.6209 608.6118 608.5986 608.5854 608.5756 608.568 608.5543 608.5405 608.5268 608.5128 608.4994 608.487 608.4752 608.4604 608.4472 608.4316 608.416 608.3997 608.3832 608.3693 608.1468 607.9243 607.7019 607.4797 607.2572 607.0349 606.8127 606.5905 606.3677 606.1617 605.9651 605.7333 605.5085 605.2919 605.0753 604.8588 604.6385 604.4253 604.2451 604.0642 603.8513 603.6384 603.425 603.2548 602.9636 602.5625 602.1773 601.7922 601.408 601.0228 600.813 600.9375 600.849 600.6665 600.6695 600.8635 600.611 600.4825 600.6515 600.71 600.5745 600.391 600.4775
608.6398 608.6384 608.6253 608.6122 608.5991 608.5941 608.5823 608.5685 608.5548 608.5411 608.5283 608.5151 608.5054 608.4906 608.4785 608.4629 608.4473 608.4321 608.4158 608.3992 608.3822 608.3677 608.1453 607.9233 607.7006 607.4784 607.2562 607.0339 606.8112 606.6008 606.4011 606.1654 605.9407 605.7241 605.5074 605.291 605.0707 604.8502 604.664 604.4838 604.2762 604.0633 603.85 603.637 603.4337 603.2535 602.9457 602.5605 602.1763 601.7911 601.4065 601.0219 600.9395 600.8815 600.703 600.824 600.7535 600.5615 600.533 600.566 600.5615 600.518 600.4245 600.554
608.6574 608.652 608.6389 608.6257 608.6138 608.6103 608.5966 608.5828 608.5691 608.556 608.5427 608.5291 608.5209 608.506 608.4943 608.4786 608.463 608.4476 608.4323 608.4152 608.3989 608.3815 608.3668 608.1441 607.9219 607.6996 607.4774 607.2548 607.04 606.8342 606.5975 606.3729 606.1562 605.9396 605.7231 605.503 605.2751 605.083 604.9028 604.7012 604.4882 604.275 604.062 603.845 603.6647 603.4845 603.2932 602.9447 602.5594 602.1748 601.7902 601.4052 601.0201 600.9295 600.688 600.6815 600.719 600.834 600.8051 600.829 600.7955 600.737 600.617 600.669
608.675 608.6656 608.6525 608.6393 608.6323 608.6246 608.6108 608.5971 608.584 608.5709 608.5573 608.549 608.5363 608.5221 608.5099 608.4943 608.4793 608.4637 608.448 608.4318 608.4148 608.3979 608.3799 608.3653 608.1431 607.9208 607.6982 607.4792 607.2662 607.0297 606.8051 606.5883 606.3719 606.1552 605.9352 605.7017 605.5032 605.3217 605.1263 604.9131 604.7 604.4869 604.2569 604.0759 603.8957 603.7044 603.4987 603.2921 602.9432 602.5585 602.1733 601.7811 601.446 601.1525 600.9985 600.841 600.7785 600.84 600.7245 600.89 600.7925 600.638 600.6885 600.7985
608.6923 608.6792 608.6661 608.6529 608.6508 608.6389 608.6251 608.6114 608.5987 608.5861 608.5731 608.5665 608.5518 608.5413 608.5256 608.51 608.4954 608.4805 608.4647 608.4487 608.4321 608.4147 608.3974 608.3791 608.3643 608.1417 607.9196 607.6984 607.4618 607.2373 607.0204 606.8041 606.5873 606.3674 606.1339 605.9282 605.7407 605.5511 605.3381 605.125 604.9119 604.6784 604.4871 604.3069 604.1157 603.91 603.7034 603.4973 603.2806 602.9417 602.5421 602.1392 601.851 601.4844 601.1642 600.941 600.8885 600.8545 600.6125 600.638 600.736 600.889 600.7605 600.588
608.7059 608.6927 608.6796 608.6705 608.6669 608.6531 608.6394 608.6259 608.6128 608.6005 608.5907 608.582 608.5672 608.557 608.5414 608.5257 608.5115 608.4961 608.4809 608.4648 608.4492 608.4318 608.415 608.397 608.3785 608.363 608.1305 607.8939 607.6695 607.4525 607.2363 607.0195 606.7996 606.5661 606.3533 606.1597 605.976 605.763 605.55 605.3368 605.1009 604.8984 604.7181 604.527 604.3212 604.1147 603.9086 603.6919 603.4599 603.2482 602.8763 602.5493 602.1623 601.8229 601.5426 601.2825 601.0237 600.9415 600.656 600.671 600.765 600.94 600.8105 600.6105
608.7195 608.7064 608.6932 608.6891 608.6812 608.6674 608.6537 608.6403 608.6295 608.6172 608.611 608.5974 608.5858 608.5727 608.5571 608.5428 608.5278 608.513 608.4977 608.4822 608.4659 608.4491 608.4321 608.4147 608.3969 608.377 608.326 608.1017 607.8846 607.6685 607.4515 607.2318 606.9983 606.7783 606.5813 606.3984 606.1879 605.975 605.7618 605.5234 605.3096 605.1293 604.9383 604.7324 604.526 604.3198 604.1031 603.8712 603.6392 603.4152 603.2343 602.8403 602.5005 602.1921 601.9155 601.624 601.353 601.1345 600.938 600.991 600.8345 600.6805 600.782 600.904
608.733 608.7199 608.7087 608.7075 608.6954 608.6817 608.668 608.656 608.6439 608.6324 608.6277 608.6129 608.6041 608.5884 608.5728 608.5583 608.5452 608.5294 608.5152 608.4995 608.4828 608.4673 608.4502 608.4329 608.4144 608.3957 608.3756 608.3168 608.1006 607.8837 607.664 607.4305 607.2032 607.0063 606.8174 606.6128 606.4 606.1867 605.9459 605.7208 605.5405 605.3496 605.1436 604.9373 604.7311 604.5145 604.2825 604.0505 603.8333 603.6237 603.4142 603.1782 602.8508 602.5486 602.2244 601.9185 601.6832 601.4214 601.2151 601.0156 600.8385 600.716 600.8675 600.8985
608.7466 608.7335 608.7271 608.7234 608.7097 608.6959 608.6832 608.6724 608.6603 608.6527 608.6431 608.6287 608.6198 608.6041 608.5898 608.5758 608.5618 608.5472 608.5318 608.5167 608.501 608.4851 608.4686 608.451 608.4328 608.4147 608.3934 608.3714 608.3158 608.0962 607.8627 607.6292 607.4313 607.2364 607.0377 606.825 606.6117 606.3683 606.1373 605.9517 605.7609 605.5548 605.3486 605.1424 604.9257 604.6938 604.4618 604.2513 604.0417 603.8324 603.6192 603.4001 603.1817 602.8248 602.5009 602.2321 601.9719 601.7296 601.5002 601.3307 601.147 600.9523 601.068 600.9395
608.7602 608.7471 608.7457 608.7377 608.7239 608.7102 608.6992 608.6873 608.6752 608.673 608.6586 608.6495 608.6354 608.6198 608.6066 608.5932 608.5791 608.5648 608.55 608.5345 608.5193 608.5027 608.4864 608.4697 608.4515 608.433 608.4111 608.3892 608.3672 608.2949 608.0614 607.8563 607.6594 607.4626 607.25 607.0366 606.7908 606.5594 606.363 606.1722 605.966 605.7599 605.5537 605.337 605.105 604.8787 604.6693 604.4597 604.2505 604.0339 603.8145 603.588 603.3519 603.0856 602.793 602.5245 602.2441 602.0125 601.8044 601.6245 601.3868 601.2426 601.1023 600.9569
608.7738 608.7654 608.7643 608.752 608.7382 608.7256 608.7131 608.7017 608.6945 608.6888 608.674 608.6668 608.6512 608.6366 608.6233 608.6104 608.5961 608.5819 608.5679 608.5529 608.5373 608.5217 608.5054 608.4886 608.4708 608.4508 608.4288 608.4069 608.3849 608.3657 608.2813 608.0844 607.8876 607.675 607.4616 607.2133 606.9819 606.7742 606.5834 606.3772 606.1711 605.965 605.7484 605.5164 605.2968 605.0873 604.8777 604.6672 604.4485 604.2288 604.0023 603.7643 603.5366 603.3008 603.0772 602.7607 602.5249 602.2783 602.1019 601.8476 601.65 601.519 601.3489 601.1927
608.7874 608.784 608.78 608.7662 608.7525 608.7397 608.7306 608.7194 608.7149 608.7042 608.6924 608.6825 608.6669 608.6534 608.6411 608.6268 608.6145 608.5999 608.5863 608.5702 608.5556 608.54 608.5248 608.5066 608.49 608.4685 608.4466 608.4246 608.4072 608.3864 608.3646 608.3125 608.1 607.8865 607.6358 607.4044 607.1854 606.9948 606.7884 606.5825 606.3762 606.1596 605.9276 605.7148 605.5054 605.2958 605.0815 604.8632 604.6431 604.4167 604.1768 603.9545 603.7188 603.4831 603.2474 603.0371 602.7802 602.5793 602.3086 602.064 601.9351 601.7422 601.5685 601.4312
608.8037 608.8026 608.7943 608.7805 608.7668 608.756 608.7451 608.7363 608.7345 608.7197 608.7133 608.6982 608.6826 608.6705 608.658 608.645 608.6315 608.619 608.6027 608.5897 608.5745 608.5597 608.5425 608.5266 608.5082 608.4863 608.4643 608.4423 608.4283 608.4077 608.386 608.364 608.3115 608.0583 607.8269 607.5999 607.406 607.1996 606.9938 606.7874 606.5709 606.3423 606.1328 605.9234 605.7139 605.4957 605.2779 605.0574 604.8336 604.5913 604.3725 604.1368 603.9011 603.6671 603.4539 603.241 603.0472 602.7696 602.5162 602.3466 602.1378 601.9658 601.8115 601.664
608.8223 608.821 608.8085 608.7948 608.7823 608.7737 608.7631 608.7565 608.7499 608.7352 608.7296 608.7139 608.7003 608.6879 608.6755 608.6628 608.65 608.6354 608.6221 608.608 608.5945 608.5778 608.5623 608.5464 608.5259 608.504 608.4821 608.4686 608.4484 608.4285 608.409 608.3857 608.3625 608.2494 608.018 607.8173 607.6108 607.405 607.1986 606.9822 606.7601 606.5505 606.3414 606.132 605.9099 605.6926 605.4717 605.2503 605.0087 604.7905 604.5547 604.319 604.092 603.8778 603.6349 603.392 603.2306 602.968 602.7552 602.5444 602.363 602.1833 602.024 601.8738
608.8408 608.8365 608.8228 608.8091 608.7993 608.7885 608.7778 608.7767 608.7654 608.7562 608.7452 608.7296 608.7173 608.7061 608.6934 608.6813 608.6681 608.6544 608.6412 608.6277 608.6124 608.5977 608.5819 608.5657 608.5437 608.5217 608.4999 608.4891 608.4703 608.4502 608.4307 608.4075 608.3842 608.3623 608.2286 608.022 607.8163 607.6098 607.3935 607.1783 606.9685 606.7595 606.5501 606.3242 606.1072 605.886 605.6628 605.4261 605.2084 604.9727 604.7369 604.517 604.3017 604.0588 603.8159 603.5858 603.368 603.1933 602.9666 602.759 602.5612 602.3912 602.2321 602.09
608.8594 608.8508 608.8371 608.8252 608.8146 608.8045 608.7982 608.7956 608.7808 608.7766 608.761 608.7476 608.7351 608.7242 608.7115 608.6989 608.6866 608.674 608.661 608.6464 608.6322 608.6181 608.6028 608.5834 608.5614 608.5395 608.5282 608.5108 608.4924 608.4747 608.4525 608.4293 608.4083 608.3848 608.3607 608.2276 608.021 607.8062 607.5964 607.3865 607.1776 606.9653 606.7384 606.5219 606.3004 606.0753 605.8435 605.6263 605.3906 605.1549 604.942 604.7256 604.4827 604.2397 604.0179 603.7966 603.5818 603.3665 603.1566 602.9589 602.7752 602.6042 602.4401 602.2773
608.8778 608.8651 608.8514 608.8405 608.8318 608.8214 608.8185 608.811 608.7992 608.7923 608.7767 608.7641 608.7542 608.7418 608.7308 608.7178 608.7062 608.6929 608.6792 608.6662 608.6528 608.6378 608.622 608.6011 608.5792 608.5578 608.5505 608.5332 608.5145 608.4975 608.4742 608.451 608.4318 608.4091 608.3849 608.3599 608.2238 608.0145 607.8046 607.5956 607.3795 607.1526 606.9365 606.7153 606.489 606.2609 606.0443 605.8085 605.58 605.367 605.1495 604.9066 604.6666 604.4502 604.2251 604.0103 603.795 603.5802 603.3656 603.1592 602.9759 602.7961 602.6318 602.4541
608.8931 608.8794 608.8658 608.856 608.8463 608.8401 608.8388 608.8265 608.8201 608.808 608.7924 608.783 608.7709 608.7606 608.7481 608.7378 608.7243 608.712 608.6994 608.6865 608.6725 608.6575 608.6408 608.6188 608.5969 608.5861 608.5733 608.5564 608.5359 608.5192 608.496 608.4771 608.455 608.4332 608.4099 608.385 608.3568 608.2226 608.0136 607.7937 607.5669 607.3511 607.1332 606.9064 606.6783 606.4622 606.2265 606.0051 605.792 605.5734 605.3304 605.0988 604.8795 604.6536 604.4388 604.2236 604.0085 603.7941 603.5789 603.3624 603.1607 602.9866 602.8085 602.6412
608.9074 608.8937 608.8815 608.8751 608.8655 608.8605 608.8568 608.842 608.8394 608.8237 608.8115 608.7999 608.7892 608.7785 608.7679 608.7557 608.7432 608.7314 608.7199 608.7064 608.6918 608.6791 608.6586 608.6366 608.6157 608.612 608.5957 608.5769 608.5643 608.541 608.5178 608.5006 608.4799 608.4572 608.4343 608.4099 608.3805 608.351 608.2079 607.9811 607.7656 607.551 607.3238 607.0957 606.8802 606.6445 606.43 606.217 605.9973 605.7543 605.5309 605.3082 605.0821 604.8672 604.652 604.437 604.2227 603.9999 603.7839 603.5573 603.3194 603.1628 602.9852 602.838
608.9217 608.908 608.8992 608.8896 608.8817 608.8807 608.8722 608.8627 608.855 608.8394 608.8282 608.8199 608.8077 608.7984 608.7864 608.7743 608.7636 608.752 608.739 608.7256 608.7132 608.6982 608.6763 608.6544 608.6438 608.6348 608.6171 608.6001 608.586 608.5627 608.5439 608.5257 608.5043 608.483 608.4595 608.4337 608.4042 608.3747 608.3463 608.1802 607.9689 607.7412 607.5131 607.2982 607.0677 606.8547 606.642 606.4211 606.1796 605.9629 605.737 605.5106 605.2958 605.0806 604.8655 604.6508 604.4208 604.2053 603.9792 603.7412 603.5033 603.2917 603.1642 603.0017
