site316_m/site316_5x_roughbed_V4/site316_5x_roughbed_V4/sfe316_5x_roughbed_v4.asc
ncols         187
nrows         85
xllcorner     92.60000000149
yllcorner     57.39999999851
cellsize      1
NODATA_value  -9999
[rows 56 to 83 of 85, columns 64 to 127 of 187]
599.263 599.208 599.296 599.391 599.329 599.3255 599.3165 599.313 599.301 599.3025 599.318 599.2445 599.1895 599.23 599.149 599.046 599.086 599.0541 599.039 599.007 598.981 598.9675 598.934 598.898 598.8755 598.854 598.8315 598.8985 598.7915 598.7605 598.7525 598.6615 598.722 598.6705 598.797 599.0205 598.997 599.7595 600.0123 600.2609 600.4327 600.6494 600.8586 601.1526 601.404 601.609 601.588 601.5583 601.5215 601.4874 601.4573 601.4246 601.3876 601.3562 601.326 601.2914 601.2556 601.2238 601.188 601.1548 601.1196 601.0848 601.0526 601.0135
599.283 599.2695 599.337 599.2925 599.1385 599.136 599.1324 599.126 599.1195 599.174 599.242 599.307 599.369 599.3525 599.2455 599.0835 599.057 599.086 599.088 599.032 598.9815 598.954 598.9185 598.849 598.825 598.8705 598.8885 598.97 598.9415 598.855 598.836 598.808 598.883 598.8855 598.9535 599.175 599.8791 600.3013 600.5895 600.8718 601.0638 601.2986 601.539 601.6183 601.587 601.5494 601.5172 601.4871 601.4528 601.4164 601.3869 601.3559 601.3193 601.2862 601.2552 601.2233 601.1863 601.1543 601.1196 601.0844 601.0509 601.0173 600.9838 600.9479
599.285 599.3055 599.345 599.331 599.306 599.3025 599.297 599.308 599.3206 599.4165 599.9446 599.9373 599.9302 599.649 599.3615 599.263 599.304 599.371 599.287 599.5745 599.892 599.8925 599.861 599.1875 599.134 599.1955 599.3235 599.4765 599.639 599.2005 599.251 599.039 599.026 599.2305 599.649 600.053 600.4402 600.8893 601.202 601.4487 601.644 601.6135 601.5782 601.5465 601.5168 601.4801 601.4465 601.4157 601.3841 601.3468 601.3161 601.2855 601.2512 601.2159 601.1846 601.1543 601.118 601.084 601.0513 601.0167 600.9834 600.9485 600.9135 600.881
599.4625 599.4845 599.36 599.383 599.455 599.51 599.5656 599.526 599.9669 600.0168 600.0344 600.052 600.0696 600.0791 600.0499 600.0484 600.0276 600.0072 600.0242 600.0703 600.1221 600.1371 600.1153 600.0471 600.0099 600.0134 600.042 600.0972 600.1254 600.1489 600.1136 600.12 600.1619 600.2222 600.4866 600.8463 601.2244 601.5536 601.6546 601.6133 601.577 601.5447 601.5078 601.4742 601.445 601.4109 601.3752 601.3444 601.3146 601.278 601.2449 601.215 601.1828 601.1458 601.1155 601.0841 601.0499 601.0147 600.9832 600.9483 600.9133 600.8798 600.8455 600.8124
599.515 599.8445 600.0129 600.0284 600.037 600.032 600.0253 600.055 600.122 600.1888 600.2076 600.2253 600.2429 600.2639 600.2408 600.2457 600.2361 600.2274 600.246 600.2906 600.3522 600.3818 600.3901 600.3249 600.3109 600.353 600.3872 600.4771 600.5583 600.5991 600.6425 600.7288 600.8714 600.998 601.3299 601.6396 601.6551 601.6156 601.5833 601.5433 601.5054 601.4712 601.4373 601.4028 601.3732 601.3416 601.304 601.275 601.2434 601.2093 601.1743 601.1445 601.1136 601.0776 601.0455 601.0133 600.9813 600.9454 600.9127 600.8799 600.8453 600.8119 600.7775 600.7424
600.0838 600.1367 600.1747 600.1942 600.2047 600.202 600.1982 600.226 600.2784 600.3423 600.3809 600.3986 600.4162 600.4407 600.4261 600.4348 600.4447 600.4282 600.4582 600.515 600.5778 600.6265 600.6559 600.5938 600.618 600.6918 600.7518 600.8486 600.9691 601.0226 601.1607 601.2582 601.486 601.694 601.6558 601.6225 601.5817 601.5419 601.5088 601.4713 601.4337 601.3985 601.3681 601.3317 601.3015 601.2715 601.2347 601.2043 601.1721 601.1403 601.1036 601.0735 601.0432 601.0094 600.9752 600.9439 600.9122 600.8766 600.8431 600.812 600.777 600.7421 600.7087 600.6729
600.2441 600.2977 600.3365 600.3599 600.3704 600.3707 600.3704 600.397 600.4348 600.497 600.5542 600.5718 600.5894 600.6127 600.6067 600.6298 600.6524 600.6317 600.6719 600.7412 600.8062 600.8625 600.8909 600.864 600.9253 600.9937 601.0798 601.2167 601.3224 601.446 601.6218 601.708 601.6661 601.6221 601.5804 601.545 601.5087 601.4714 601.4343 601.4004 601.3641 601.3265 601.296 601.2612 601.2288 601.2 601.1655 601.1328 601.102 601.0706 601.0345 601.0027 600.9727 600.9405 600.905 600.8749 600.8422 600.8084 600.7738 600.7415 600.7086 600.6732 600.64 600.6064
600.4133 600.4586 600.4995 600.5256 600.5365 600.5403 600.5435 600.5679 600.6033 600.6619 600.7153 600.7451 600.7627 600.7858 600.7872 600.821 600.8434 600.8359 600.8875 600.954 601.0179 601.0908 601.1259 601.1387 601.2212 601.3085 601.4146 601.5516 601.6798 601.7091 601.666 601.6252 601.5891 601.546 601.504 601.4677 601.4355 601.3991 601.3599 601.3278 601.2901 601.2549 601.2214 601.1914 601.1563 601.1282 601.0959 601.0604 601.0328 600.9998 600.9658 600.9321 600.9022 600.8713 600.8359 600.8047 600.7723 600.7393 600.7045 600.6716 600.6401 600.6058 600.5708 600.5377
600.5815 600.6177 600.6646 600.6913 600.7032 600.71 600.7166 600.7382 600.7742 600.8182 600.8749 600.9183 600.936 600.959 600.9678 601.008 601.0352 601.0401 601.1094 601.1642 601.2319 601.3143 601.3608 601.4134 601.5104 601.6094 601.7276 601.707 601.6652 601.6281 601.5852 601.5442 601.5104 601.4686 601.4292 601.3903 601.3578 601.3202 601.2876 601.2531 601.2171 601.1849 601.148 601.1199 601.0852 601.0562 601.0258 600.9894 600.9619 600.9289 600.8963 600.8615 600.8312 600.801 600.7673 600.7345 600.7032 600.6701 600.6351 600.6023 600.5703 600.5374 600.5604 600.6267
600.7498 600.776 600.8275 600.855 600.8698 600.88 600.8895 600.9089 600.9452 600.9816 601.0364 601.0894 601.1093 601.1323 601.1484 601.1949 601.234 601.2443 601.3253 601.3773 601.4517 601.5353 601.5984 601.6837 601.756 601.7183 601.6701 601.6203 601.5801 601.5433 601.5002 601.4634 601.4253 601.3889 601.3495 601.3159 601.2795 601.2465 601.2162 601.1786 601.1462 601.1109 601.076 601.0472 601.0148 600.9835 600.9549 600.9201 600.8902 600.8597 600.8266 600.791 600.7606 600.7303 600.6981 600.6643 600.6342 600.6006 600.5663 600.5445 600.6169 600.6851 600.7623 600.8318
600.922 600.9473 600.9884 601.0168 601.0359 601.0494 601.0626 601.0798 601.1162 601.1517 601.2017 601.2484 601.2825 601.3056 601.3289 601.3819 601.4238 601.4511 601.5261 601.5905 601.6619 601.7452 601.7562 601.7115 601.6611 601.6228 601.5815 601.5345 601.495 601.457 601.418 601.3826 601.3425 601.3118 601.2734 601.2353 601.2021 601.1718 601.1388 601.1042 601.0722 601.037 601.0052 600.9723 600.9438 600.9103 600.8831 600.8502 600.8179 600.7905 600.7562 600.722 600.6899 600.6597 600.629 600.5942 600.564 600.5898 600.6833 600.7489 600.8243 600.8962 600.9641 601.0368
601.0945 601.1185 601.1493 601.1808 601.2017 601.2189 601.2355 601.2524 601.2867 601.3224 601.3625 601.4091 601.4557 601.4789 601.5133 601.5689 601.6108 601.6597 601.7269 601.79 601.7552 601.7022 601.6539 601.6176 601.5706 601.5279 601.494 601.449 601.4068 601.3692 601.3369 601.3002 601.2607 601.231 601.1929 601.158 601.1254 601.0936 601.0595 601.0333 600.9976 600.9631 600.9317 600.8975 600.8712 600.8387 600.811 600.78 600.7456 600.7194 600.6866 600.6523 600.6193 600.5891 600.6091 600.6794 600.7465 600.8143 600.8973 600.9681 601.0347 601.1074 601.1598 601.2396
601.2671 601.289 601.3079 601.346 601.3674 601.3865 601.4049 601.4242 601.457 601.4934 601.5294 601.5776 601.6203 601.6521 601.6973 601.7553 601.7979 601.7881 601.7438 601.6892 601.6478 601.6035 601.5526 601.5179 601.4714 601.433 601.4009 601.36 601.3141 601.2827 601.2495 601.2128 601.1799 601.1455 601.1118 601.077 601.0469 601.0146 600.9844 600.9572 600.9229 600.8914 600.8578 600.8255 600.7983 600.7677 600.7382 600.7098 600.6747 600.6476 600.6174 600.5972 600.6705 600.754 600.8378 600.9106 600.9792 601.0403 601.1066 601.1874 601.2504 601.3149 601.3726 601.4415
601.4396 601.4579 601.4792 601.5111 601.5331 601.5522 601.5728 601.5953 601.6274 601.6644 601.7 601.7433 601.7826 601.8254 601.8074 601.7604 601.7138 601.6683 601.6285 601.5828 601.5386 601.5048 601.4514 601.418 601.3752 601.3381 601.3038 601.2691 601.228 601.1976 601.1626 601.1268 601.0982 601.0601 601.0333 601.0004 600.9666 600.9365 600.9076 600.8781 600.8495 600.8167 600.7839 600.7525 600.7232 600.6951 600.665 600.6379 600.6172 600.6946 600.7684 600.843 600.9094 600.9788 601.0654 601.142 601.2141 601.2662 601.3201 601.4067 601.4616 601.5223 601.5909 601.6427
601.6108 601.6304 601.6505 601.6763 601.6971 601.718 601.7407 601.7664 601.7982 601.8352 601.849 601.8053 601.7646 601.7173 601.6806 601.6382 601.5927 601.5491 601.5131 601.4764 601.4258 601.3936 601.3501 601.315 601.2813 601.2458 601.2065 601.1805 601.1425 601.1066 601.0744 601.0444 601.0133 600.9773 600.9515 600.9171 600.8869 600.8591 600.8293 600.7988 600.7742 600.742 600.7099 600.6786 600.6481 600.6436 600.7184 600.7944 600.871 600.9496 601.0139 601.0888 601.1497 601.222 601.2931 601.374 601.4453 601.4921 601.5512 601.6234 601.6879 601.7371 601.8031 601.8438
601.7836 601.803 601.8218 601.8398 601.8622 601.881 601.868 601.8282 601.7871 601.7473 601.7052 601.6646 601.6257 601.5807 601.5535 601.5079 601.4713 601.4299 601.3974 601.3616 601.3143 601.2816 601.2505 601.2098 601.1813 601.1445 601.11 601.0836 601.0494 601.0139 600.9857 600.9561 600.9254 600.8962 600.866 600.8346 600.8058 600.7779 600.7504 600.7211 600.6967 600.6674 600.6896 600.7406 600.8419 600.9123 600.981 601.0502 601.1248 601.2034 601.2704 601.3346 601.4003 601.4608 601.5346 601.6048 601.6766 601.7211 601.7848 601.8325 601.9107 601.9612 602.0129 602.0582
601.8929 601.8527 601.8259 601.8005 601.7625 601.7299 601.6992 601.6619 601.6284 601.5914 601.5575 601.5239 601.4868 601.4442 601.4194 601.3785 601.3499 601.3065 601.2786 601.2438 601.2039 601.1741 601.1477 601.1046 601.0797 601.0431 601.0151 600.9865 600.9567 600.9216 600.899 600.8682 600.8374 600.8125 600.7806 600.7539 600.7247 600.6968 600.681 600.752 600.8095 600.8862 600.9719 601.0239 601.1127 601.1823 601.2437 601.3195 601.379 601.457 601.5201 601.5803 601.6522 601.6996 601.7604 601.8325 601.9078 601.9547 602.0118 602.0534 602.13 602.1727 602.2203 602.2766
601.6927 601.6602 601.6407 601.6155 601.5839 601.5574 601.5304 601.4955 601.4697 601.4378 601.41 601.3749 601.3451 601.3044 601.2842 601.2523 601.223 601.1818 601.157 601.1253 601.0965 601.0622 601.0356 600.9994 600.9779 600.9449 600.9189 600.8892 600.8632 600.8329 600.8064 600.7796 600.751 600.7259 600.7065 600.7608 600.8389 600.9047 600.9716 601.0396 601.1047 601.1738 601.2512 601.3102 601.3834 601.4587 601.5105 601.5879 601.6387 601.7107 601.7726 601.8259 601.9006 601.9421 602.0068 602.0643 602.1391 602.1917 602.2378 602.2834 602.3492 602.3977 602.4395 602.4949
601.4926 601.4677 601.4556 601.4305 601.4054 601.385 601.3616 601.3292 601.3109 601.2842 601.2599 601.2239 601.2028 601.1688 601.146 601.123 601.0938 601.0608 601.0355 601.0067 600.9826 600.9495 600.9235 600.8976 600.8727 600.8449 600.8176 600.792 600.7662 600.7388 600.7365 600.798 600.8691 600.9303 601.0085 601.0647 601.1447 601.2061 601.2699 601.3286 601.3999 601.4592 601.5304 601.5951 601.6462 601.7377 601.7792 601.8505 601.8945 601.9645 602.0329 602.0831 602.1464 602.1916 602.251 602.3083 602.371 602.4288 602.4659 602.5169 602.5588 602.624 602.6636 602.71
601.2922 601.2752 601.2646 601.2454 601.2268 601.2126 601.1927 601.1626 601.1465 601.1306 601.108 601.0725 601.0596 601.0302 601.0081 600.9889 600.9639 600.9371 600.9139 600.8895 600.8647 600.8367 600.8115 600.7897 600.7675 600.7701 600.8314 600.8862 600.9457 601.0097 601.0682 601.1259 601.186 601.2505 601.3221 601.3773 601.4505 601.5074 601.5678 601.63 601.6951 601.7432 601.8099 601.8799 601.9183 602.0085 602.0479 602.1131 602.1621 602.2191 602.2932 602.3414 602.3922 602.4426 602.4899 602.5419 602.5994 602.6658 602.6971 602.7505 602.7867 602.8503 602.8878 602.9183
601.0919 601.0827 601.0727 601.0602 601.0482 601.0402 601.0239 600.9902 600.98 600.9704 600.9561 600.9232 600.913 600.8879 600.87 600.8548 600.8295 600.81 600.8101 600.835 600.8824 600.9256 600.9763 601.0234 601.0711 601.1165 601.1799 601.2268 601.2836 601.3409 601.4 601.4537 601.5029 601.5707 601.6302 601.6934 601.7563 601.8088 601.8657 601.9314 601.9904 602.0333 602.0914 602.1648 602.1985 602.2792 602.3221 602.377 602.4323 602.4799 602.5505 602.5953 602.6378 602.6946 602.7345 602.7884 602.838 602.9028 602.9302 602.9834 603.0155 603.0726 603.1076 603.1418
600.951 600.945 600.939 600.933 600.927 600.921 600.915 600.9279 600.9793 600.9734 600.9673 600.9681 601.0256 601.0262 601.0591 601.0848 601.0965 601.1475 601.1786 601.2097 601.2482 601.2897 601.3334 601.3804 601.428 601.4628 601.5284 601.5682 601.6215 601.6744 601.7332 601.7814 601.8292 601.8908 601.9385 602.0094 602.0647 602.1149 602.1685 602.2322 602.2825 602.3297 602.3833 602.4496 602.4834 602.55 602.5986 602.6459 602.7024 602.7388 602.8042 602.8514 602.8943 602.9466 602.9839 603.0348 603.0819 603.1362 603.1672 603.2108 603.2491 603.2921 603.3339 603.366
601.3457 601.3398 601.3337 601.3277 601.3217 601.3159 601.3097 601.3124 601.3638 601.358 601.3517 601.3527 601.4102 601.4108 601.434 601.4596 601.4715 601.5225 601.5472 601.5845 601.6139 601.6537 601.6942 601.7375 601.7849 601.8131 601.8769 601.9134 601.9638 602.0131 602.0675 602.1131 602.1561 602.211 602.2603 602.325 602.3748 602.4235 602.4732 602.5305 602.5715 602.6261 602.6752 602.734 602.7683 602.8176 602.8751 602.9149 602.9753 603.0048 603.0591 603.1117 603.1526 603.1986 603.2335 603.2802 603.3235 603.3677 603.4043 603.4419 603.4827 603.5201 603.5188 603.5099
601.7404 601.7347 601.7285 601.7224 601.7164 601.7107 601.7044 601.699 601.7483 601.7426 601.736 601.7371 601.7948 601.7952 601.8088 601.8344 601.8533 601.8975 601.9158 601.9592 601.9796 602.0178 602.0599 602.0945 602.1418 602.1658 602.2254 602.2585 602.3106 602.3517 602.4017 602.4448 602.4834 602.5279 602.582 602.6398 602.6802 602.7321 602.7779 602.8289 602.8729 602.9225 602.967 603.0134 603.0532 603.0966 603.1516 603.1854 603.2451 603.2749 603.3199 603.372 603.4108 603.4497 603.485 603.5269 603.5605 603.553 603.5411 603.5273 -9999 -9999 -9999 -9999
602.1352 602.1296 602.1232 602.1172 602.1112 602.1056 602.0992 602.0936 602.1328 602.1273 602.1204 602.1216 602.1794 602.1797 602.1837 602.2091 602.238 602.2725 602.2843 602.334 602.3454 602.382 602.4252 602.4515 602.4987 602.5184 602.5755 602.6037 602.6512 602.6904 602.7408 602.7773 602.8164 602.8503 602.9037 602.9547 602.9962 603.0406 603.0821 603.1276 603.1743 603.2189 603.2549 603.301 603.3381 603.3757 603.428 603.4619 603.5125 603.545 603.5807 603.594 603.5827 -9999 -9999 -9999 -9999 -9999 -9999 -9999 -9999 -9999 -9999 -9999
602.53 602.5245 602.5179 602.5119 602.506 602.5004 602.4939 602.488 602.5173 602.5118 602.5049 602.5061 602.564 602.5643 602.5585 602.5838 602.6229 602.6473 602.6529 602.7085 602.7111 602.7462 602.7906 602.8083 602.8557 602.8711 602.9299 602.9489 602.9918 603.0291 603.0745 603.1116 603.15 603.1773 603.2254 603.2667 603.3123 603.3492 603.3862 603.4323 603.4757 603.5154 603.5513 603.5928 603.623 603.6335 -9999 -9999 -9999 -9999 -9999 -9999 -9999 -9999 -9999 -9999 -9999 -9999 -9999 -9999 -9999 -9999 -9999 -9999
602.9248 602.9193 602.9127 602.9067 602.9008 602.8951 602.8885 602.8828 602.902 602.8965 602.8895 602.8906 602.9486 602.9489 602.9432 602.9586 603.0075 603.022 603.0215 603.077 603.0778 603.1103 603.1561 603.1653 603.2125 603.2238 603.2767 603.2945 603.3369 603.3677 603.4096 603.4458 603.4833 603.5043 603.5471 603.5874 603.6283 603.6578 603.6775 -9999 -9999 -9999 -9999 -9999 -9999 -9999 -9999 -9999 -9999 -9999 -9999 -9999 -9999 -9999 -9999 -9999 -9999 -9999 -9999 -9999 -9999 -9999 -9999 -9999
603.3197 603.3142 603.3074 603.3014 603.2957 603.2899 603.2831 603.2776 603.2866 603.2811 603.2741 603.2751 603.3333 603.3335 603.3277 603.3333 603.3838 603.3968 603.39 603.4456 603.4531 603.4745 603.5217 603.5222 603.5695 603.5804 603.6293 603.6429 603.682 603.7064 603.7285 603.7225 -9999 -9999 -9999 -9999 -9999 -9999 -9999 -9999 -9999 -9999 -9999 -9999 -9999 -9999 -9999 -9999 -9999 -9999 -9999 -9999 -9999 -9999 -9999 -9999 -9999 -9999 -9999 -9999 -9999 -9999 -9999 -9999
