site316_m/site316_5x_roughbed_V4/site316_5x_roughbed_V4/sfe316_5x_roughbed_v4.asc
ncols         187
nrows         85
xllcorner     92.60000000149
yllcorner     57.39999999851
cellsize      1
NODATA_value  -9999
[rows 28 to 55 of 85, columns 0 to 63 of 187]
-9999 -9999 -9999 -9999 -9999 -9999 -9999 -9999 -9999 602.6324 601.9183 602.2819 602.3333 601.9627 601.9564 601.9005 601.8799 601.8479 601.789 601.7461 601.7068 601.6328 601.5892 601.5153 601.433 601.3416 601.237 601.2585 601.3138 601.3701 601.4111 601.452 601.4943 601.5394 601.5786 601.6056 601.6516 601.6909 601.7267 601.7505 601.7834 601.8199 601.8442 601.8706 601.8959 601.9202 601.9365 601.9592 601.9707 601.9967 602.0122 602.0244 602.0415 602.0484 602.0579 602.0715 602.0738 602.0799 602.0853 602.0867 602.0911 602.0856 602.0881 602.0835
-9999 -9999 -9999 -9999 -9999 -9999 -9999 -9999 603.1969 602.1552 601.8619 602.2256 602.1777 602.1038 602.0916 602.0477 602.0294 602.0081 601.9576 601.9288 601.894 601.8319 601.7906 601.7396 601.6685 601.5969 601.5056 601.4208 601.2991 601.215 601.2581 601.3001 601.3407 601.3925 601.4279 601.4614 601.5074 601.5463 601.5797 601.6083 601.6429 601.6777 601.702 601.729 601.7524 601.7808 601.7984 601.8199 601.8343 601.8596 601.8737 601.8884 601.9047 601.9117 601.9235 601.9362 601.9394 601.9454 601.9512 601.9531 601.9574 601.9529 601.9554 601.9508
-9999 -9999 -9999 -9999 -9999 -9999 -9999 -9999 603.3174 601.678 601.8057 602.1693 602.2501 602.2441 602.2268 602.1948 602.1842 602.165 602.1262 602.111 602.0804 602.0358 602.0085 601.9644 601.9038 601.8564 601.7866 601.726 601.612 601.5215 601.4138 601.2532 601.1938 601.2418 601.277 601.3173 601.3629 601.4017 601.4327 601.4661 601.5024 601.5355 601.5603 601.5874 601.61 601.6413 601.6602 601.6805 601.6978 601.7223 601.735 601.7523 601.7679 601.7751 601.789 601.8008 601.8049 601.811 601.8171 601.8193 601.8237 601.8201 601.8226 601.8181
-9999 -9999 -9999 -9999 -9999 -9999 -9999 -9999 602.9565 601.4213 601.7493 602.113 602.2152 602.2274 602.2449 602.2406 602.2501 602.2666 602.2657 602.2742 602.269 602.2415 602.2329 602.2018 602.1642 602.1325 602.0735 602.0246 601.9662 601.8856 601.8085 601.696 601.5588 601.3867 601.2756 601.1731 601.2173 601.2571 601.2848 601.3239 601.3606 601.3934 601.4186 601.4458 601.4706 601.5018 601.5221 601.54 601.5613 601.5849 601.598 601.6163 601.6311 601.6385 601.6545 601.6654 601.6705 601.6765 601.683 601.6856 601.69 601.6874 601.6899 601.6854
-9999 -9999 -9999 -9999 -9999 -9999 -9999 -9999 602.4794 601.3126 601.693 602.0127 602.0065 602.0245 602.0355 602.0464 602.063 602.111 602.1075 602.1168 602.1263 602.1226 602.1348 602.142 602.1552 602.1635 602.174 602.1805 602.1913 602.2037 602.201 602.1104 602.0363 601.9019 601.7566 601.6027 601.4227 601.2305 601.1425 601.1812 601.2184 601.2512 601.2769 601.3042 601.3311 601.3604 601.383 601.399 601.4249 601.4475 601.462 601.4802 601.4943 601.5018 601.5193 601.53 601.5361 601.5424 601.549 601.5519 601.5563 601.5546 601.5571 601.5527
-9999 -9999 -9999 -9999 -9999 -9999 -9999 603.0119 602.0022 601.273 601.6367 601.8035 601.7996 601.8215 601.836 601.8593 601.8885 601.9542 601.9493 601.9594 601.9682 601.9703 601.9825 601.9956 602.013 602.0217 602.0327 602.0384 602.0493 602.0611 602.0765 602.0949 602.108 602.1283 602.1539 602.163 602.0306 601.8359 601.663 601.4907 601.2514 601.1185 601.1353 601.1626 601.1917 601.2201 601.2437 601.2624 601.2884 601.3101 601.3259 601.3441 601.3575 601.3666 601.3839 601.3947 601.4017 601.4083 601.4149 601.4182 601.4225 601.4219 601.4244 601.42
-9999 -9999 -9999 -9999 -9999 -9999 -9999 603.1324 601.5251 601.2167 601.5804 601.5949 601.5967 601.6239 601.6461 601.6722 601.7526 601.7973 601.7911 601.802 601.8105 601.8179 601.837 601.8535 601.8709 601.8805 601.8913 601.8964 601.9072 601.9185 601.9348 601.9529 601.9692 601.9924 602.0187 602.0424 602.0688 602.0938 602.1211 602.1315 601.9097 601.6996 601.5088 601.3699 601.1552 601.085 601.1044 601.126 601.1519 601.1727 601.1898 601.2081 601.2207 601.2322 601.2485 601.259 601.2673 601.2742 601.2808 601.2845 601.2889 601.2891 601.2917 601.2873
-9999 -9999 -9999 -9999 -9999 -9999 -9999 602.8035 601.0611 601.1604 601.392 601.3859 601.3937 601.4147 601.4685 601.5147 601.6058 601.639 601.6331 601.6447 601.6611 601.6656 601.6881 601.7114 601.7288 601.7391 601.7499 601.7543 601.7652 601.7759 601.7932 601.8109 601.8309 601.8572 601.8835 601.9044 601.9307 601.9518 601.9803 602.0186 602.0518 602.0868 602.107 601.9155 601.7573 601.583 601.4185 601.2548 601.1444 601.051 601.0538 601.072 601.0839 601.0977 601.1132 601.1229 601.1329 601.1401 601.1467 601.1508 601.1552 601.1564 601.1589 601.1546
-9999 -9999 -9999 -9999 -9999 -9999 -9999 602.3264 600.8099 601.1041 601.1827 601.1771 601.197 601.2507 601.2814 601.381 601.449 601.4808 601.475 601.4872 601.5056 601.5132 601.5367 601.5692 601.5866 601.5978 601.6086 601.6122 601.6231 601.6332 601.6529 601.6689 601.6925 601.722 601.7484 601.7664 601.7927 601.81 601.8405 601.8777 601.9103 601.9482 601.9861 602.0253 602.0701 602.0815 601.886 601.7216 601.5712 601.4554 601.3562 601.2546 601.1913 601.1077 601.0408 600.9995 600.9984 601.006 601.0126 601.0171 601.0214 601.0237 601.0262 601.0219
-9999 -9999 -9999 -9999 -9999 -9999 602.8268 601.8492 600.666 600.9799 600.9737 600.968 601.0031 601.0778 601.141 601.2413 601.2922 601.3225 601.317 601.3354 601.3499 601.3646 601.3945 601.4271 601.4445 601.4564 601.4672 601.4702 601.4793 601.4907 601.5139 601.5333 601.5603 601.5869 601.6132 601.6283 601.6505 601.6681 601.7006 601.7362 601.7719 601.8097 601.8475 601.891 601.9344 601.9715 602.0092 602.0496 602.0101 601.8588 601.7393 601.6207 601.541 601.44 601.3583 601.2791 601.225 601.1752 601.1254 601.0958 601.047 601.0217 601.0059 600.9888
-9999 -9999 -9999 -9999 -9999 -9999 602.9473 601.3721 600.626 600.7714 600.7645 600.7629 600.8261 600.895 601.0096 601.1005 601.1353 601.1643 601.1596 601.1835 601.1964 601.2274 601.2524 601.285 601.3024 601.3151 601.3259 601.3281 601.3351 601.3489 601.3718 601.3951 601.4252 601.4517 601.4763 601.4902 601.5068 601.5262 601.5608 601.5947 601.6333 601.6711 601.7119 601.7598 601.7982 601.8355 601.8724 601.9102 601.9471 601.9862 602.0269 601.9847 601.8767 601.7723 601.6699 601.5906 601.5096 601.4518 601.3859 601.3572 601.2891 601.2551 601.2322 601.2019
-9999 -9999 -9999 -9999 -9999 -9999 602.6506 600.8949 600.5675 600.5621 600.5565 600.5743 600.6742 600.7672 600.8698 600.9437 600.9785 601.0061 601.0022 601.025 601.0439 601.0818 601.1103 601.1428 601.1602 601.1737 601.1845 601.186 601.1915 601.2073 601.2299 601.2577 601.29 601.3165 601.3378 601.3522 601.363 601.3844 601.4207 601.4548 601.4948 601.5327 601.5818 601.6273 601.662 601.6997 601.7292 601.7708 601.8002 601.8355 601.8568 601.9052 601.9527 602.0005 601.9814 601.8802 601.7945 601.729 601.6482 601.6097 601.5328 601.4921 601.4583 601.415
-9999 -9999 -9999 -9999 -9999 602.5214 602.1734 600.4497 600.361 600.288 600.341 600.4025 600.5216 600.6381 600.73 600.7869 600.8217 600.8479 600.8448 600.8718 600.8921 600.9356 600.9681 601.0007 601.0172 601.0323 601.0432 601.044 601.0488 601.0679 601.093 601.1282 601.1548 601.1813 601.1994 601.2142 601.2192 601.2428 601.2792 601.3184 601.3562 601.3983 601.4493 601.4947 601.5258 601.5633 601.5845 601.621 601.6533 601.6848 601.6868 601.7351 601.7827 601.8255 601.863 601.9116 601.955 601.978 601.9106 601.8494 601.7783 601.7258 601.6824 601.6273
-9999 -9999 -9999 -9999 -9999 602.6418 601.6962 600.1985 600.0375 600.0495 600.2165 600.287 600.3935 600.4984 600.5903 600.6301 600.6649 600.6897 600.6874 600.7225 600.7549 600.7935 600.826 600.8586 600.8761 600.891 600.9018 600.9019 600.9062 600.9313 600.9594 600.9931 601.0197 601.0462 601.061 601.0762 601.0752 601.1029 601.1377 601.1798 601.2192 601.2714 601.3168 601.3622 601.3895 601.4252 601.4451 601.4688 601.504 601.534 601.5177 601.565 601.605 601.6505 601.6828 601.733 601.7737 601.8125 601.8528 601.8893 601.9216 601.944 601.8972 601.8374
-9999 -9999 -9999 -9999 -9999 602.7623 601.2191 600.0864 600.069 600.0415 600.137 600.2605 600.232 600.3855 600.4385 600.4733 600.5081 600.5315 600.5331 600.5732 600.6179 600.6514 600.6839 600.7164 600.735 600.7496 600.7604 600.7599 600.7636 600.7908 600.8256 600.858 600.8846 600.911 600.9225 600.9374 600.9314 600.9631 601.0035 601.0413 601.0934 601.1389 601.1843 601.2204 601.2536 601.2816 601.3057 601.3188 601.3469 601.3788 601.3516 601.3949 601.4255 601.4683 601.5046 601.551 601.5932 601.6352 601.6716 601.7102 601.7339 601.7789 601.8111 601.8485
-9999 -9999 -9999 -9999 -9999 602.4976 600.7419 600.1135 600.204 600.0705 600.0655 600.229 600.316 600.332 600.2825 600.3305 600.3644 600.3733 600.3813 600.4224 600.4767 600.5092 600.5417 600.5743 600.5939 600.6083 600.619 600.6178 600.6215 600.6526 600.6962 600.7228 600.7494 600.7736 600.7841 600.7935 600.7896 600.8221 600.8649 600.9057 600.9609 601.0063 601.0517 601.08 601.1174 601.138 601.1663 601.1719 601.1906 601.2133 601.1854 601.2249 601.2505 601.2824 601.3263 601.3687 601.4117 601.4646 601.4903 601.5218 601.5484 601.5912 601.6272 601.6637
-9999 -9999 -9999 -9999 602.3364 602.0204 600.2647 600.299 600.1865 600.0675 600.119 600.1455 600.1589 600.124 600.1735 600.22 600.208 600.314 600.262 600.257 600.3369 600.3671 600.3997 600.4322 600.4528 600.4669 600.4777 600.4758 600.4829 600.5236 600.561 600.5876 600.6143 600.6352 600.6449 600.6493 600.6476 600.6835 600.7266 600.783 600.8284 600.8738 600.9192 600.9438 600.9775 600.9944 601.0193 601.025 601.0399 601.0479 601.0192 601.0547 601.0755 601.1011 601.1475 601.1881 601.2314 601.2869 601.309 601.3312 601.3655 601.4034 601.4431 601.4764
-9999 -9999 -9999 -9999 602.4568 601.5432 600.5398 600.415 600.273 600.2625 600.3085 600.2265 600.17 600.1445 600.165 600.1776 600.174 600.151 600.0485 600.1235 600.2275 600.2345 600.267 600.262 600.3117 600.3256 600.3363 600.3327 600.3464 600.3936 600.4259 600.4525 600.4791 600.4968 600.5051 600.5058 600.5058 600.55 600.605 600.6505 600.6959 600.7413 600.7867 600.8076 600.8339 600.8508 600.8671 600.8781 600.8892 600.8824 600.8531 600.8846 600.9005 600.9197 600.9648 601.0102 601.0558 601.1055 601.1275 601.1423 601.1825 601.22 601.2585 601.2943
-9999 -9999 -9999 -9999 602.5773 601.066 600.6859 600.532 600.4151 600.445 600.3665 600.3295 600.35 600.335 600.229 600.177 600.1865 600.1376 600.132 600.1281 600.129 600.123 600.117 600.0505 600.108 600.2045 600.126 600.0415 600.086 600.2745 600.2908 600.3174 600.3439 600.3583 600.3651 600.3627 600.3651 600.4184 600.4725 600.5179 600.5633 600.6087 600.6536 600.6715 600.6903 600.7051 600.7145 600.7255 600.7371 600.717 600.687 600.7101 600.7255 600.7409 600.7824 600.8317 600.8882 600.9242 600.9438 600.9545 600.9995 601.037 601.0722 601.1302
-9999 -9999 -9999 -9999 602.3445 600.9861 600.8315 600.7 600.5896 600.5642 600.5471 600.5244 600.4843 600.3994 600.3675 600.2165 600.2635 600.1705 600.24 600.276 600.1855 600.25 600.236 600.139 600.1145 600.07 599.8865 599.856 599.9385 600.1015 600.185 600.11 599.938 600.1555 600.1745 600.2005 600.2323 600.2946 600.34 600.3854 600.4308 600.4762 600.5103 600.5298 600.5467 600.5618 600.5623 600.5686 600.5717 600.5516 600.5208 600.5297 600.5385 600.5614 600.6026 600.6504 600.7162 600.7429 600.7647 600.7668 600.8118 600.853 600.8921 600.9662
-9999 -9999 -9999 602.1513 601.8674 601.1323 600.9881 600.8646 600.7769 600.7359 600.7143 600.6882 600.6198 600.5349 600.45 600.359 600.2635 600.1635 600.1805 600.256 600.161 600.1345 600.1075 600.079 600.0525 600.0065 599.946 599.917 599.9025 599.914 599.951 599.9125 599.86 599.801 599.8505 599.9485 599.9245 600.217 600.2102 600.2529 600.2983 600.3437 600.3666 600.3862 600.4031 600.4175 600.4099 600.4111 600.4062 600.3862 600.3546 600.3491 600.3512 600.3788 600.4244 600.478 600.5416 600.5615 600.576 600.5792 600.6254 600.6681 600.728 600.8021
-9999 -9999 -9999 602.2718 601.3902 601.2782 601.1477 601.0266 600.9729 600.904 600.8781 600.8403 600.7553 600.6704 600.5836 600.474 600.3979 600.344 600.2885 600.233 600.029 599.9785 599.9455 599.959 599.94 599.9592 600.0815 599.9915 599.891 599.7985 599.743 599.786 599.7905 599.7505 599.778 599.7425 599.6064 599.691 600.2079 600.2006 600.1952 600.2111 600.2256 600.2426 600.2595 600.265 600.2579 600.2543 600.2408 600.2208 600.1885 600.1686 600.1636 600.1962 600.2467 600.3104 600.3614 600.3802 600.3857 600.3962 600.4445 600.4899 600.564 600.6316
-9999 -9999 -9999 602.3923 601.5787 601.4384 601.3141 601.2078 601.1182 601.064 601.0419 600.9758 600.8908 600.8059 600.6953 600.6102 600.5396 600.4778 600.4136 600.3495 600.323 600.135 600.0854 600.122 600.036 599.909 599.958 599.89 599.8448 599.726 599.7545 599.7985 599.673 599.66 599.6555 599.6125 599.5935 599.6215 599.745 599.862 599.71 599.7355 599.7715 599.872 600.0655 599.927 599.8665 599.937 600.046 599.7295 599.679 599.65 599.6405 599.8145 600.0245 600.1424 600.1801 600.1975 600.1947 600.2133 600.2629 600.3258 600.3999 600.4595
-9999 -9999 -9999 602.1915 601.7324 601.5954 601.4697 601.3701 601.2722 601.2319 601.1962 601.1113 601.0263 600.9193 600.822 600.7355 600.6812 600.6073 600.5432 600.479 600.4149 600.3452 600.2495 600.195 600.0735 599.8605 599.866 599.892 599.8725 599.742 599.6775 599.7365 599.794 599.6865 599.5615 599.5925 599.6055 599.5425 599.612 599.648 599.5495 599.6095 599.6965 599.7145 599.636 599.6265 599.5715 599.516 599.5945 599.52 599.537 599.5125 599.5215 599.5475 599.506 599.564 599.6655 599.6725 599.819 600.009 600.0876 600.1617 600.2359 600.2917
-9999 -9999 601.9663 602.0251 601.886 601.7578 601.6224 601.5286 601.4387 601.3957 601.3317 601.2468 601.1434 601.0379 600.9543 600.8768 600.8046 600.7369 600.6727 600.6085 600.5378 600.4621 600.3785 600.2993 600.113 599.9005 599.9875 600.016 599.8795 599.8055 599.744 599.708 599.676 599.6255 599.5715 599.5529 599.4835 599.375 599.4475 599.4125 599.37 599.3785 599.407 599.473 599.4095 599.3755 599.381 599.244 599.389 599.437 599.3375 599.332 599.3521 599.4595 599.449 599.4775 599.5045 599.418 599.4835 599.5245 599.615 600.038 600.0718 600.1239
-9999 -9999 602.0868 602.1767 602.0431 601.9129 601.7829 601.6722 601.5826 601.5521 601.4672 601.3674 601.2626 601.1699 601.0751 601.0168 600.9305 600.8664 600.8022 600.7305 600.6574 600.5748 600.4893 600.4015 600.3101 600.062 600.0665 600.116 600.105 599.984 599.8325 599.7045 599.544 599.5266 599.483 599.4554 599.4655 599.3915 599.3714 599.394 599.458 599.311 599.1365 599.2079 599.2705 599.3065 599.323 599.18 599.248 599.397 599.3395 599.2815 599.3465 599.378 599.3325 599.342 599.3135 599.357 599.529 599.482 599.3795 599.358 599.547 599.7405
-9999 -9999 602.2073 602.317 602.201 602.0673 601.9406 601.816 601.7495 601.6876 601.5915 601.4872 601.3816 601.2939 601.214 601.1335 601.0601 600.9959 600.9287 600.8488 600.7711 600.6876 600.5986 600.5116 600.4345 600.3646 600.3253 600.274 600.2645 600.0085 599.896 599.8165 599.7365 599.734 599.6225 599.419 599.5165 599.557 599.423 599.3824 599.3325 599.2795 599.2429 599.143 599.1956 599.28 599.21 599.1255 599.173 599.3295 599.19 599.0455 599.1955 599.224 599.2265 599.3195 599.251 599.2795 599.3165 599.399 599.3495 599.234 599.3875 599.572
-9999 601.6608 602.1207 602.215 602.3087 602.2163 602.0826 601.9733 601.908 601.8155 601.7115 601.6052 601.5127 601.4147 601.3458 601.2537 601.1896 601.1254 601.0468 600.9673 600.8839 600.7966 600.7131 600.628 600.5574 600.493 600.4548 600.3996 600.3444 600.2866 600.1435 599.9535 599.856 599.8445 599.78 599.6505 599.6745 599.5755 599.46 599.3535 599.29 599.371 599.423 599.2465 599.1375 599.1365 599.088 599.1434 599.143 599.295 599.1565 599.0045 599.0925 599.172 599.2385 599.281 599.225 599.2265 599.2185 599.259 599.2195 599.142 599.2375 599.353
