site316_m/site316_5x_roughbed_V4/site316_5x_roughbed_V4/sfe316_5x_roughbed_v4.asc
ncols         187
nrows         85
xllcorner     92.60000000149
yllcorner     57.39999999851
cellsize      1
NODATA_value  -9999
[rows 56 to 83 of 85, columns 0 to 63 of 187]
-9999 601.7812 602.0183 602.1038 602.1879 602.2715 602.2263 602.1173 602.0396 601.9355 601.8298 601.7295 601.6335 601.5512 601.4625 601.3832 601.3191 601.242 601.1589 601.0801 600.9949 600.9131 600.8247 600.7513 600.6811 600.6269 600.5803 600.5251 600.4699 600.4079 600.3287 600.2441 599.951 599.892 599.892 599.953 599.986 599.7105 599.6615 599.5605 599.4901 599.5295 599.392 599.319 599.2445 599.147 599.1975 599.183 599.1585 599.3 599.1565 599.0635 599.1315 599.1549 599.1763 599.1775 599.1665 599.1949 599.223 599.219 599.213 599.228 599.2385 599.2545
-9999 601.8225 601.916 601.9832 602.0636 602.1431 602.2443 602.2636 602.1596 602.0545 601.9478 601.8523 601.7542 601.6747 601.5789 601.5128 601.4403 601.3588 601.2764 601.1931 601.108 601.0247 600.9467 600.8737 600.8047 600.7608 600.7059 600.6506 600.5947 600.528 600.4433 600.361 600.278 600.2402 600.2295 600.2138 600.2065 600.2001 600.025 599.7125 599.6275 599.6385 599.471 599.4025 599.3955 599.325 599.2896 599.1915 599.149 599.2805 599.25 599.224 599.317 599.2445 599.165 599.1815 599.268 599.2065 599.1285 599.213 599.3065 599.3195 599.3285 599.337
-9999 601.7199 601.7925 601.8556 601.9246 602.0092 602.1119 602.1967 602.2773 602.1725 602.0711 601.973 601.8868 601.7915 601.7065 601.6386 601.5557 601.4711 601.3893 601.3036 601.2262 601.1426 601.0681 600.9976 600.9286 600.8866 600.8314 600.7762 600.7186 600.6426 600.5632 600.4778 600.4169 600.3821 600.3662 600.3422 600.3182 600.2943 600.2703 600.2169 600.1795 600.1115 599.797 599.5595 599.516 599.536 599.4325 599.2745 599.28 599.267 599.2574 599.2495 599.246 599.249 599.2485 599.171 599.226 599.242 599.2295 599.252 599.2625 599.28 599.2785 599.3595
601.4758 601.5947 601.6509 601.7203 601.7888 601.8854 601.958 602.0438 602.1664 602.2632 602.1918 602.0938 602.0037 601.9079 601.836 601.7535 601.6686 601.5854 601.5004 601.422 601.3397 601.2653 601.1902 601.1212 601.0624 601.0121 600.9569 600.899 600.8399 600.7571 600.6801 600.6 600.556 600.5246 600.5029 600.4789 600.455 600.431 600.407 600.3444 600.3113 600.2773 600.2104 600.031 599.7555 599.744 599.6085 599.4455 599.458 599.325 599.26 599.2485 599.1646 599.177 599.2445 599.23 599.2955 599.356 599.2965 599.2555 599.321 599.3539 599.285 599.3955
601.4136 601.4586 601.5205 601.5777 601.6536 601.7238 601.7941 601.8999 601.9901 602.084 602.2291 602.2158 602.1204 602.0297 601.9518 601.8689 601.7816 601.6987 601.6173 601.5378 601.4606 601.3849 601.3141 601.2449 601.1954 601.1376 601.0808 601.0267 600.9564 600.8793 600.7969 600.7377 600.6951 600.6635 600.6396 600.6156 600.5916 600.5677 600.5305 600.482 600.4487 600.4093 600.338 600.2715 600.2086 600.1533 600.032 599.639 599.586 599.4345 599.4485 599.5145 599.424 599.357 599.4276 599.433 599.4045 599.538 599.3995 599.271 599.4365 599.538 599.449 599.407
601.3569 601.3185 601.3751 601.425 601.5016 601.5634 601.6463 601.7355 601.8026 601.9197 602.0231 602.1528 602.2369 602.1501 602.0668 601.9783 601.8948 601.813 601.7382 601.6577 601.5826 601.5066 601.4378 601.369 601.3184 601.2632 601.2042 601.1507 601.071 600.9991 600.9227 600.8758 600.8311 600.802 600.7762 600.7523 600.7283 600.7043 600.653 600.62 600.586 600.5369 600.4656 600.4048 600.3527 600.3032 600.2357 600.1658 600.053 599.734 599.6085 599.6696 599.7255 599.664 599.66 599.642 599.6175 599.6685 599.525 599.45 599.5685 599.826 599.963 600.0422
601.5487 601.469 601.3824 601.3019 601.3358 601.3915 601.4814 601.5369 601.6146 601.7233 601.8261 601.9635 602.0773 602.2256 602.1786 602.0908 602.0087 601.931 601.8548 601.7786 601.7017 601.6307 601.5613 601.4979 601.4439 601.3854 601.3309 601.2703 601.1948 601.116 601.0583 601.0142 600.9675 600.9406 600.913 600.889 600.8651 600.8411 600.7874 600.7573 600.7234 600.6645 600.607 600.5466 600.4968 600.4532 600.3857 600.3118 600.2397 600.1549 600.108 600.0035 600.095 600.1067 600.0998 600.0896 600.0085 599.9955 599.975 600.0649 600.1156 600.1607 600.1824 600.2128
601.7405 601.6607 601.5759 601.4936 601.4097 601.3269 601.2824 601.3489 601.4303 601.514 601.6128 601.7236 601.8572 601.9673 602.1339 602.2044 602.1266 602.0519 601.9756 601.8994 601.8231 601.7543 601.6852 601.6273 601.5695 601.5095 601.4588 601.3848 601.3182 601.2453 601.1973 601.1533 601.1069 601.0809 601.0496 601.0257 601.0017 600.9666 600.9244 600.8947 600.8607 600.7921 600.7456 600.6956 600.6437 600.6031 600.5356 600.4598 600.3969 600.318 600.2864 600.2684 600.2716 600.2887 600.2819 600.2695 600.2346 600.2287 600.2218 600.2335 600.2906 600.332 600.3574 600.3831
601.9323 601.8524 601.7688 601.683 601.6064 601.5203 601.4395 601.3574 601.263 601.3034 601.3899 601.495 601.6019 601.7168 601.8876 602.0248 602.1671 602.1727 602.0965 602.0186 601.9472 601.8779 601.8094 601.7502 601.6904 601.6351 601.5827 601.5104 601.4365 601.3797 601.3355 601.291 601.2463 601.2213 601.1865 601.1624 601.1384 601.0923 601.0609 601.032 600.9909 600.9248 600.8789 600.8397 600.7973 600.7531 600.6843 600.6266 600.5651 600.4964 600.4675 600.4537 600.4536 600.4708 600.4639 600.4493 600.4203 600.4145 600.4077 600.4102 600.4634 600.5031 600.5325 600.5532
602.1241 602.0441 601.9604 601.8707 601.801 601.7097 601.6426 601.5511 601.4717 601.3858 601.2931 601.243 601.337 601.4471 601.5743 601.704 601.8805 602.0529 602.2025 602.1395 602.0709 602.0015 601.9334 601.8756 601.8146 601.763 601.6987 601.6373 601.568 601.518 601.4736 601.4269 601.3856 601.3609 601.3237 601.2991 601.2751 601.2303 601.199 601.1694 601.1185 601.072 601.0231 600.9837 600.9515 600.9031 600.8303 600.7859 600.7264 600.6785 600.6487 600.6392 600.6357 600.6528 600.6459 600.6292 600.606 600.6003 600.5936 600.5978 600.632 600.6741 600.7076 600.7234
602.316 602.2344 602.152 602.0756 601.9956 601.9189 601.8457 601.7514 601.6804 601.585 601.5096 601.4187 601.332 601.2583 601.2671 601.3726 601.5393 601.6682 601.8483 602.0141 602.1885 602.1255 602.0591 601.9956 601.9393 601.8909 601.826 601.7591 601.7017 601.657 601.6118 601.5624 601.5266 601.4982 601.461 601.4357 601.4026 601.368 601.3372 601.3067 601.2461 601.2192 601.1734 601.1297 601.1083 601.053 600.9873 600.95 600.888 600.86 600.8307 600.8245 600.8184 600.8348 600.8279 600.8091 600.7917 600.786 600.7794 600.787 600.8005 600.8517 600.8826 600.8957
602.5078 602.4245 602.3437 602.2733 602.1887 602.1232 602.0429 601.9652 601.889 601.7985 601.7263 601.6262 601.5587 601.4807 601.3895 601.3027 601.2095 601.2955 601.4251 601.5917 601.773 601.9755 602.1745 602.1199 602.0671 602.0131 601.9547 601.8906 601.8386 601.7952 601.7506 601.6981 601.6667 601.6354 601.5983 601.5724 601.5353 601.5045 601.4753 601.4441 601.3898 601.353 601.3236 601.2832 601.266 601.2028 601.1541 601.1121 601.0608 601.0418 601.0163 601.0099 601.0034 601.0168 601.0099 600.989 600.9774 600.9718 600.9653 600.9766 600.9816 601.0267 601.0577 601.0695
602.6996 602.6146 602.5351 602.4697 602.3851 602.3263 602.2366 602.174 602.089 602.0214 601.9429 601.8475 601.7831 601.7018 601.6171 601.5309 601.4321 601.3452 601.2606 601.1895 601.3083 601.4877 601.6725 601.8969 602.0972 602.1417 602.0817 602.0237 601.9777 601.9333 601.8867 601.8367 601.8052 601.7727 601.7355 601.7091 601.6733 601.6409 601.6135 601.5726 601.537 601.4996 601.4706 601.4367 601.4204 601.3488 601.3208 601.2863 601.2386 601.2234 601.2019 601.1953 601.1891 601.1987 601.192 601.1697 601.163 601.1575 601.1511 601.166 601.1654 601.199 601.2327 601.2432
602.8915 602.8079 602.7228 602.6642 602.5961 602.5294 602.4462 602.3826 602.2885 602.2392 602.1511 602.076 602.0052 601.9229 601.8466 601.7592 601.6704 601.587 601.5031 601.4195 601.3307 601.2448 601.17 601.331 601.5046 601.7153 601.9387 602.141 602.1167 602.0715 602.0226 601.9761 601.9438 601.91 601.8728 601.8401 601.8113 601.7778 601.7516 601.7077 601.6843 601.6498 601.6157 601.5902 601.5704 601.5147 601.4887 601.4595 601.4166 601.4049 601.3871 601.3807 601.3747 601.3807 601.374 601.3551 601.3488 601.3432 601.3369 601.354 601.3497 601.3691 601.4078 601.417
603.0833 603.0013 602.9343 602.8571 602.8036 602.7284 602.6623 602.5913 602.5146 602.4557 602.3586 602.3026 602.2339 602.1494 602.0852 601.9839 601.9088 601.8322 601.7454 601.6657 601.5792 601.4979 601.4086 601.3173 601.2272 601.1505 601.3118 601.4868 601.6646 601.8355 602.0344 602.1155 602.0823 602.0472 602.01 601.9781 601.9481 601.916 601.8898 601.8549 601.827 601.8001 601.7692 601.7437 601.7203 601.6815 601.6556 601.6256 601.5945 601.5865 601.5723 601.5661 601.5601 601.5626 601.556 601.5408 601.5344 601.5289 601.5227 601.5398 601.5394 601.5529 601.5814 601.5908
603.2751 603.1938 603.1369 603.0607 603.0099 602.924 602.8745 602.7922 602.7396 602.6724 602.5874 602.5292 602.4595 602.3824 602.3141 602.2158 602.147 602.0746 601.9877 601.9119 601.8271 601.7511 601.6646 601.582 601.4891 601.3983 601.3168 601.2277 601.1499 601.1977 601.4114 601.5519 601.6846 601.8714 601.9481 602.0348 602.0845 602.0541 602.0266 602.0021 601.9761 601.9504 601.9227 601.9 601.8754 601.8483 601.8279 601.8035 601.7745 601.7682 601.7575 601.7515 601.7456 601.7445 601.738 601.7261 601.7201 601.7146 601.7085 601.7256 601.7292 601.7368 601.7603 601.7645
603.467 603.3854 603.3329 603.2716 603.2131 603.1411 603.0849 603.0046 602.9619 602.8835 602.8162 602.7521 602.6806 602.6099 602.5424 602.4578 602.3853 602.3171 602.2358 602.1582 602.0803 602.0038 601.9205 601.8451 601.7559 601.6636 601.5922 601.5114 601.4279 601.3291 601.2432 601.1638 601.106 601.2884 601.3914 601.4816 601.6166 601.7108 601.821 601.8375 601.9232 601.97 602.0062 602.013 602.0355 602.015 602.0056 601.9814 601.9559 601.95 601.9429 601.9369 601.9313 601.9264 601.9196 601.9117 601.9058 601.9003 601.8942 601.9114 601.9182 601.9205 601.9245 601.8976
603.6603 603.5761 603.5256 603.4816 603.4139 603.3581 603.2936 603.2307 603.1841 603.0983 603.045 602.9804 602.9071 602.8467 602.7696 602.702 602.6284 602.5595 602.4904 602.4075 602.342 602.2584 602.1769 602.1071 602.023 601.9384 601.8637 601.7934 601.706 601.6074 601.536 601.4571 601.3594 601.2835 601.194 601.125 601.1151 601.2092 601.3192 601.3818 601.4673 601.552 601.5883 601.6344 601.6878 601.7071 601.7429 601.7665 601.7769 601.7851 601.792 601.7905 601.7919 601.7962 601.7896 601.7923 601.7863 601.7839 601.7828 601.7767 601.7548 601.7347 601.7286 601.6891
-9999 603.7877 603.7361 603.6882 603.6188 603.5716 603.4953 603.4567 603.4019 603.3273 603.2732 603.2115 603.1417 603.0854 603.0005 602.9462 602.8767 602.8019 602.7394 602.6584 602.6014 602.5206 602.4398 602.369 602.288 602.2191 602.1342 602.0754 601.9842 601.8958 601.8289 601.744 601.6515 601.5903 601.5056 601.4304 601.3489 601.2607 601.1939 601.1199 601.057 601.097 601.1697 601.2559 601.3022 601.3489 601.4028 601.4236 601.4551 601.4716 601.497 601.5119 601.5133 601.5323 601.5262 601.5421 601.5361 601.5456 601.544 601.5379 601.537 601.517 601.5107 601.4806
-9999 603.9994 603.9471 603.8949 603.8358 603.7838 603.7207 603.6801 603.6158 603.5563 603.499 603.4384 603.3752 603.3241 603.2397 603.1871 603.1251 603.0487 602.9856 602.9084 602.8546 602.7804 602.7109 602.6332 602.5533 602.4944 602.4153 602.3575 602.2624 602.1912 602.1219 602.0347 601.9572 601.8958 601.8168 601.7328 601.6667 601.5792 601.5189 601.4463 601.3729 601.3032 601.2198 601.1428 601.0842 601.0265 601.0563 601.0897 601.1417 601.1582 601.202 601.2333 601.2347 601.2683 601.2626 601.2916 601.2856 601.3073 601.3055 601.3032 601.3192 601.2993 601.2929 601.2719
-9999 604.2007 604.1581 604.0994 604.0529 603.9958 603.9467 603.9023 603.8381 603.785 603.7269 603.6649 603.6083 603.5538 603.4821 603.4254 603.3734 603.3032 603.2346 603.1702 603.1074 603.0364 602.9821 602.9052 602.8281 602.7696 602.6988 602.6395 602.5406 602.4872 602.4152 602.3372 602.2644 602.1944 602.1281 602.0463 601.9846 601.9047 601.8453 601.7739 601.7069 601.6378 601.5612 601.4919 601.4333 601.3594 601.3104 601.2402 601.183 601.1166 601.0634 601.027 600.984 601.0044 601.0036 601.0411 601.0352 601.0689 601.0671 601.0712 601.0958 601.0815 601.0753 601.0634
-9999 -9999 -9999 604.3025 604.2687 604.2108 604.1728 604.1246 604.0671 604.0137 603.9579 603.8995 603.847 603.7853 603.7263 603.6698 603.616 603.5578 603.4868 603.4318 603.3679 603.2977 603.2488 603.1771 603.1092 603.0408 602.9836 602.9175 602.8344 602.7833 602.7065 602.6336 602.5761 602.4991 602.4394 602.3655 602.2949 602.2297 602.1728 602.1031 602.0397 601.9745 601.9006 601.8411 601.7825 601.7092 601.6663 601.5945 601.5462 601.4796 601.4294 601.4018 601.3344 601.3097 601.241 601.2285 601.1661 601.1463 601.1196 601.0574 601.0514 601.0444 601.0323 600.9615
-9999 -9999 -9999 -9999 -9999 -9999 -9999 -9999 604.268 604.2425 604.189 604.1341 604.0856 604.0245 603.9705 603.9182 603.8615 603.8124 603.7377 603.6935 603.6302 603.5688 603.5107 603.4431 603.3902 603.3218 603.2686 603.1957 603.1287 603.0793 602.9983 602.9299 602.8835 602.8126 602.7463 602.6869 602.6108 602.5546 602.5034 602.4323 602.3718 602.313 602.24 602.1903 602.1301 602.0624 602.0222 601.9492 601.9094 601.8433 601.7953 601.7709 601.7032 601.6848 601.6258 601.6035 601.5412 601.5309 601.5027 601.4422 601.4362 601.429 601.4169 601.3511
-9999 -9999 -9999 -9999 -9999 -9999 -9999 -9999 -9999 -9999 -9999 -9999 -9999 604.234 604.2148 604.1665 604.1161 604.0617 603.9983 603.9552 603.8925 603.8399 603.7825 603.7178 603.6713 603.603 603.5534 603.4788 603.424 603.3737 603.3008 603.2372 603.1902 603.126 603.0561 603.0088 602.937 602.8802 602.8369 602.7647 602.7038 602.6521 602.5802 602.5395 602.4776 602.4199 602.3781 602.3066 602.2726 602.2095 602.1614 602.1401 602.072 602.0599 602.0106 601.9785 601.9214 601.9155 601.8858 601.8269 601.8209 601.8136 601.8016 601.746
-9999 -9999 -9999 -9999 -9999 -9999 -9999 -9999 -9999 -9999 -9999 -9999 -9999 -9999 -9999 -9999 -9999 -9999 -9999 604.194 604.1555 604.111 604.0544 603.9989 603.9473 603.8854 603.8383 603.7731 603.72 603.6666 603.6032 603.5445 603.4933 603.4395 603.3753 603.3267 603.2632 603.2076 603.1656 603.0992 603.0388 602.9874 602.9269 602.8887 602.8253 602.7773 602.733 602.664 602.6359 602.5757 602.534 602.5092 602.447 602.4351 602.3951 602.3535 602.3064 602.3001 602.2689 602.2117 602.2056 602.1982 602.1862 602.141
-9999 -9999 -9999 -9999 -9999 -9999 -9999 -9999 -9999 -9999 -9999 -9999 -9999 -9999 -9999 -9999 -9999 -9999 -9999 -9999 -9999 -9999 -9999 -9999 -9999 604.154 604.1232 604.0674 604.0161 603.9619 603.9056 603.8517 603.8049 603.753 603.6946 603.6425 603.5894 603.5351 603.4919 603.4338 603.3756 603.3226 603.2736 603.2379 603.1756 603.1348 603.0873 603.0272 602.9991 602.9418 602.9092 602.8784 602.8222 602.8102 602.7786 602.7286 602.6912 602.6848 602.652 602.5963 602.5903 602.5829 602.5708 602.5359
-9999 -9999 -9999 -9999 -9999 -9999 -9999 -9999 -9999 -9999 -9999 -9999 -9999 -9999 -9999 -9999 -9999 -9999 -9999 -9999 -9999 -9999 -9999 -9999 -9999 -9999 -9999 -9999 -9999 -9999 -9999 604.116 604.1095 604.0659 604.0139 603.9686 603.9154 603.8625 603.8226 603.7684 603.7125 603.6683 603.6203 603.587 603.526 603.4921 603.4442 603.3931 603.3621 603.3079 603.284 603.2471 603.1975 603.1853 603.1538 603.1037 603.0757 603.0693 603.035 602.9808 602.975 602.9678 602.9554 602.9308
-9999 -9999 -9999 -9999 -9999 -9999 -9999 -9999 -9999 -9999 -9999 -9999 -9999 -9999 -9999 -9999 -9999 -9999 -9999 -9999 -9999 -9999 -9999 -9999 -9999 -9999 -9999 -9999 -9999 -9999 -9999 -9999 -9999 -9999 -9999 -9999 -9999 -9999 -9999 604.065 604.0493 604.0176 603.967 603.9362 603.8763 603.8494 603.8015 603.7591 603.725 603.674 603.6589 603.6158 603.5725 603.5604 603.5291 603.4788 603.4603 603.454 603.4182 603.3652 603.3596 603.3527 603.34 603.3257
