site316_m/site316_5x_roughbed_V4/site316_5x_roughbed_V4/sfe316_5x_roughbed_v4.asc
ncols         187
nrows         85
xllcorner     92.60000000149
yllcorner     57.39999999851
cellsize      1
NODATA_value  -9999
[rows 0 to 27 of 85, columns 0 to 63 of 187]
-9999 -9999 -9999 -9999 -9999 -9999 -9999 -9999 -9999 -9999 -9999 -9999 -9999 -9999 -9999 -9999 -9999 -9999 -9999 -9999 -9999 -9999 -9999 -9999 -9999 -9999 -9999 -9999 -9999 -9999 -9999 -9999 -9999 -9999 -9999 -9999 -9999 -9999 -9999 -9999 -9999 -9999 -9999 -9999 -9999 -9999 -9999 -9999 -9999 -9999 -9999 -9999 -9999 -9999 -9999 -9999 -9999 -9999 -9999 -9999 -9999 -9999 -9999 -9999
-9999 -9999 -9999 -9999 -9999 -9999 -9999 -9999 -9999 -9999 -9999 -9999 -9999 -9999 -9999 -9999 -9999 -9999 -9999 -9999 -9999 -9999 -9999 -9999 -9999 -9999 -9999 -9999 -9999 -9999 -9999 -9999 -9999 -9999 -9999 -9999 -9999 -9999 -9999 -9999 -9999 -9999 -9999 -9999 -9999 -9999 -9999 -9999 -9999 -9999 -9999 -9999 -9999 -9999 -9999 -9999 -9999 -9999 -9999 -9999 -9999 -9999 -9999 -9999
-9999 -9999 -9999 -9999 -9999 -9999 -9999 -9999 -9999 -9999 -9999 -9999 -9999 -9999 -9999 -9999 -9999 -9999 -9999 -9999 -9999 -9999 -9999 -9999 -9999 -9999 -9999 -9999 -9999 -9999 -9999 -9999 -9999 -9999 -9999 -9999 -9999 -9999 -9999 -9999 -9999 -9999 -9999 -9999 -9999 -9999 -9999 -9999 -9999 -9999 -9999 -9999 -9999 -9999 -9999 -9999 -9999 -9999 -9999 -9999 -9999 -9999 -9999 -9999
-9999 -9999 -9999 -9999 -9999 -9999 -9999 -9999 -9999 -9999 -9999 -9999 -9999 -9999 -9999 -9999 -9999 -9999 -9999 -9999 -9999 -9999 -9999 -9999 -9999 -9999 -9999 -9999 -9999 -9999 -9999 -9999 -9999 -9999 -9999 -9999 -9999 -9999 -9999 -9999 -9999 -9999 -9999 -9999 -9999 -9999 -9999 -9999 -9999 -9999 -9999 -9999 -9999 -9999 -9999 -9999 -9999 -9999 -9999 -9999 -9999 -9999 -9999 -9999
-9999 -9999 -9999 -9999 -9999 -9999 -9999 -9999 -9999 -9999 -9999 -9999 -9999 -9999 -9999 -9999 -9999 -9999 -9999 -9999 -9999 -9999 -9999 -9999 -9999 -9999 -9999 -9999 -9999 -9999 -9999 -9999 -9999 -9999 -9999 -9999 -9999 -9999 -9999 -9999 -9999 -9999 -9999 -9999 -9999 -9999 -9999 -9999 -9999 -9999 -9999 -9999 -9999 -9999 -9999 -9999 -9999 -9999 -9999 -9999 -9999 -9999 -9999 -9999
-9999 -9999 -9999 -9999 -9999 -9999 -9999 -9999 -9999 -9999 -9999 -9999 -9999 -9999 -9999 -9999 -9999 -9999 -9999 -9999 -9999 -9999 -9999 -9999 -9999 -9999 -9999 -9999 -9999 -9999 -9999 -9999 -9999 -9999 -9999 -9999 -9999 -9999 -9999 -9999 -9999 -9999 -9999 -9999 -9999 -9999 -9999 -9999 -9999 -9999 -9999 -9999 -9999 -9999 -9999 -9999 -9999 -9999 -9999 -9999 -9999 603.9654 603.9553 603.947
-9999 -9999 -9999 -9999 -9999 -9999 -9999 -9999 -9999 -9999 -9999 -9999 -9999 -9999 -9999 -9999 -9999 -9999 -9999 -9999 -9999 -9999 -9999 -9999 -9999 -9999 -9999 -9999 -9999 -9999 -9999 -9999 -9999 -9999 -9999 -9999 -9999 -9999 -9999 -9999 -9999 604.1152 604.1069 604.0981 604.0896 604.0811 604.0729 604.0646 604.0562 604.048 604.0399 604.0317 604.0236 604.0153 604.0071 603.9991 603.9909 603.9826 603.9746 603.9666 603.9583 603.95 603.9418 603.9337
-9999 -9999 -9999 -9999 -9999 -9999 -9999 -9999 -9999 -9999 -9999 -9999 -9999 -9999 -9999 -9999 -9999 -9999 -9999 -9999 604.275 604.2671 604.2588 604.2506 604.2424 604.2343 604.2261 604.218 604.2099 604.2017 604.1936 604.1856 604.1776 604.1696 604.1615 604.1534 604.1454 604.1373 604.1292 604.1212 604.113 604.1049 604.0969 604.0887 604.0806 604.0726 604.0645 604.0563 604.0483 604.0402 604.0321 604.024 604.0159 604.0079 603.9998 603.9917 603.9836 603.9756 603.9675 603.9594 603.9514 603.9433 603.9352 603.9271
-9999 -9999 -9999 -9999 -9999 -9999 -9999 -9999 -9999 -9999 -9999 -9999 -9999 -9999 604.3003 604.2938 604.2872 604.2995 604.2924 604.2842 604.2761 604.268 604.2598 604.2517 604.2436 604.2355 604.2274 604.2192 604.2111 604.2029 604.1948 604.1867 604.1785 604.1704 604.1623 604.1542 604.1461 604.1379 604.1298 604.1216 604.1135 604.1053 604.0972 604.0891 604.081 604.0729 604.0647 604.0566 604.0485 604.0403 604.0322 604.024 604.0159 604.0078 603.9997 603.9916 603.9834 603.9753 603.9672 603.959 603.9509 603.9427 603.9346 603.9265
-9999 -9999 -9999 -9999 -9999 -9999 -9999 -9999 -9999 -9999 -9999 -9999 -9999 -9999 604.1058 604.0993 604.0939 604.1248 604.1562 604.1796 604.2164 604.2473 604.2625 604.2551 604.2469 604.2388 604.2307 604.2225 604.2143 604.2061 604.1979 604.1898 604.1816 604.1734 604.1652 604.157 604.1488 604.1406 604.1324 604.1242 604.116 604.1078 604.0995 604.0914 604.0831 604.0749 604.0667 604.0585 604.0504 604.0422 604.0339 604.0258 604.0176 604.0094 604.0012 603.993 603.9848 603.9766 603.9684 603.9603 603.9521 603.9438 603.9357 603.9275
-9999 -9999 -9999 -9999 -9999 -9999 -9999 -9999 -9999 -9999 -9999 -9999 -9999 604.1988 603.9114 603.9048 603.9037 603.9348 603.9655 603.9911 604.0298 604.0646 604.0877 604.1116 604.1408 604.1686 604.1979 604.2197 604.2175 604.2095 604.2012 604.1929 604.1845 604.1762 604.1679 604.1596 604.1512 604.1429 604.1346 604.1263 604.118 604.1097 604.1014 604.0931 604.0847 604.0764 604.0681 604.0598 604.0515 604.0432 604.0349 604.0266 604.0182 604.0099 604.0016 603.9933 603.9849 603.9766 603.9683 603.96 603.9517 603.9434 603.9351 603.9268
-9999 -9999 -9999 -9999 -9999 -9999 -9999 -9999 -9999 -9999 -9999 -9999 -9999 603.9666 603.7169 603.7104 603.7137 603.7447 603.7748 603.8051 603.8427 603.8809 603.9042 603.9316 603.9631 603.9914 604.0247 604.0435 604.0691 604.1002 604.1219 604.1471 604.1635 604.178 604.1709 604.1625 604.1541 604.1456 604.1372 604.1288 604.1204 604.1119 604.1035 604.095 604.0866 604.0782 604.0698 604.0613 604.0529 604.0445 604.0361 604.0276 604.0192 604.0108 604.0024 603.994 603.9855 603.9771 603.9687 603.9603 603.9518 603.9434 603.9349 603.9265
-9999 -9999 -9999 -9999 -9999 -9999 -9999 -9999 -9999 -9999 -9999 -9999 -9999 603.9103 603.5224 603.5159 603.5236 603.5546 603.5842 603.6199 603.6556 603.6972 603.7207 603.7588 603.7856 603.8231 603.8508 603.8674 603.9009 603.9316 603.9547 603.9819 603.9985 604.03 604.0427 604.0619 604.0825 604.0972 604.1154 604.1284 604.123 604.1151 604.1066 604.0981 604.0896 604.0811 604.0726 604.0641 604.0555 604.0471 604.0385 604.03 604.0215 604.013 604.0045 603.996 603.9875 603.9789 603.9705 603.962 603.9534 603.9449 603.9364 603.9279
-9999 -9999 -9999 -9999 -9999 -9999 -9999 -9999 -9999 -9999 -9999 -9999 -9999 603.8539 603.3279 603.3214 603.3335 603.3666 603.3939 603.4382 603.4785 603.5135 603.5372 603.581 603.6085 603.6506 603.6746 603.6968 603.7382 603.7631 603.7875 603.8167 603.8373 603.868 603.8807 603.9045 603.9246 603.9445 603.9618 603.9734 603.991 604.0116 604.0193 604.0315 604.0474 604.0574 604.0676 604.065 604.0568 604.048 604.0393 604.0306 604.022 604.0133 604.0046 603.996 603.9873 603.9787 603.97 603.9614 603.9527 603.944 603.9354 603.9267
-9999 -9999 -9999 -9999 -9999 -9999 -9999 -9999 -9999 -9999 -9999 -9999 604.0458 603.7531 603.1335 603.127 603.1434 603.1794 603.2078 603.2511 603.3027 603.3298 603.3591 603.4033 603.4312 603.4775 603.4985 603.5285 603.5739 603.5948 603.6262 603.6514 603.6761 603.706 603.7223 603.7476 603.7667 603.7909 603.8071 603.8184 603.8418 603.8613 603.8691 603.8848 603.9019 603.9119 603.9241 603.9353 603.941 603.9476 603.9534 603.9592 603.9634 603.9688 603.9666 603.9717 603.9759 603.9673 603.9664 603.963 603.9545 603.9456 603.9365 603.928
-9999 -9999 -9999 -9999 -9999 -9999 -9999 -9999 -9999 -9999 -9999 -9999 603.5686 603.5975 602.939 602.9325 602.9534 602.9888 603.0234 603.064 603.1229 603.1463 603.1885 603.2255 603.2651 603.3043 603.3223 603.3623 603.4054 603.4276 603.469 603.4862 603.5207 603.544 603.5664 603.5941 603.6088 603.6373 603.6522 603.6636 603.6926 603.7109 603.7188 603.7382 603.7563 603.7664 603.7806 603.7928 603.7986 603.8068 603.8124 603.821 603.8248 603.8302 603.8299 603.835 603.8398 603.8311 603.8319 603.8359 603.8325 603.8245 603.8163 603.8086
-9999 -9999 -9999 -9999 -9999 -9999 -9999 -9999 -9999 -9999 -9999 -9999 603.3173 603.4421 602.7446 602.738 602.7633 602.7982 602.8424 602.8869 602.9392 602.9628 603.0179 603.0483 603.0977 603.1296 603.1561 603.2014 603.2369 603.2603 603.3046 603.3233 603.3672 603.382 603.4091 603.4362 603.4574 603.4836 603.4972 603.5194 603.5452 603.5607 603.5748 603.5916 603.6108 603.6244 603.6371 603.6505 603.6562 603.6658 603.6714 603.6813 603.6862 603.6936 603.6932 603.6984 603.7036 603.6967 603.6974 603.7015 603.6973 603.6906 603.6824 603.6759
-9999 -9999 -9999 -9999 -9999 -9999 -9999 -9999 -9999 -9999 -9999 -9999 603.2651 603.2866 602.5501 602.5436 602.5757 602.6105 602.6595 602.7123 602.7555 602.7866 602.8434 602.871 602.9301 602.9534 602.9879 603.0381 603.0683 603.0991 603.1393 603.1621 603.2073 603.2209 603.2518 603.2783 603.308 603.33 603.3422 603.3713 603.3998 603.4103 603.4288 603.4492 603.4652 603.4828 603.4937 603.5081 603.5137 603.5248 603.5305 603.5422 603.5477 603.5573 603.5566 603.5618 603.567 603.562 603.563 603.567 603.5621 603.5569 603.5485 603.5432
-9999 -9999 -9999 -9999 -9999 -9999 -9999 -9999 -9999 -9999 -9999 603.8725 603.2087 603.1311 602.3741 602.3521 602.3915 602.4269 602.4724 602.5377 602.5719 602.6161 602.6656 602.7073 602.7571 602.7772 602.8249 602.8746 602.9004 602.9418 602.9741 603.007 603.0453 603.068 603.0978 603.1204 603.1572 603.176 603.1872 603.222 603.2523 603.26 603.2821 603.3071 603.3197 603.3405 603.3502 603.3656 603.3713 603.3839 603.3895 603.4037 603.4091 603.4205 603.42 603.4251 603.4303 603.4267 603.4285 603.4327 603.4282 603.4232 603.4156 603.4105
-9999 -9999 -9999 -9999 -9999 -9999 -9999 -9999 -9999 -9999 -9999 603.4156 603.1524 602.9756 602.2187 602.162 602.2027 602.2459 602.2953 602.3596 602.3884 602.4455 602.4881 602.5397 602.5839 602.6155 602.6645 602.7106 602.7332 602.7846 602.8093 602.8549 602.8834 602.9136 602.9459 602.965 603.0054 603.0209 603.041 603.0728 603.1019 603.1097 603.1355 603.1641 603.1741 603.197 603.2068 603.2232 603.2313 603.2429 603.2509 603.2651 603.2704 603.2837 603.2833 603.2885 603.2938 603.2914 603.2941 603.2986 603.2945 603.2896 603.2828 603.2778
-9999 -9999 -9999 -9999 -9999 -9999 -9999 -9999 -9999 -9999 -9999 602.9384 603.0961 602.8201 602.0632 601.972 602.0132 602.0649 602.1207 602.1813 602.2142 602.2749 602.3118 602.3722 602.4083 602.4475 602.5014 602.5421 602.572 602.6273 602.6481 602.7015 602.7214 602.7563 602.7899 602.8181 602.8517 602.866 602.8968 602.9271 602.9516 602.9667 602.9888 603.0186 603.0308 603.0535 603.0673 603.0807 603.0927 603.1019 603.1144 603.1265 603.1318 603.1469 603.1467 603.1526 603.1575 603.1561 603.1596 603.1646 603.1608 603.1558 603.1501 603.1451
-9999 -9999 -9999 -9999 -9999 -9999 -9999 -9999 -9999 -9999 -9999 602.6687 603.0398 602.6647 601.9077 601.7847 601.8304 601.8809 601.946 601.9976 602.0436 602.1043 602.1494 602.2047 602.2323 602.2874 602.338 602.3735 602.4147 602.462 602.4933 602.5464 602.5667 602.5998 602.632 602.6695 602.6981 602.711 602.7515 602.7825 602.8013 602.8245 602.8474 602.873 602.8891 602.91 602.9278 602.9384 602.9534 602.9609 602.978 602.9879 602.9951 603.0101 603.0101 603.0182 603.0212 603.0211 603.0251 603.0305 603.0271 603.0219 603.0173 603.0124
-9999 -9999 -9999 -9999 -9999 -9999 -9999 -9999 -9999 -9999 603.6874 602.6198 602.9835 602.5092 601.7522 601.6006 601.6494 601.7037 601.7714 601.814 601.873 601.928 601.9818 602.0366 602.0749 602.1273 602.1745 602.2061 602.2574 602.2968 602.3412 602.3847 602.4138 602.4479 602.4741 602.5187 602.5445 602.5625 602.6023 602.6368 602.651 602.6794 602.7056 602.7275 602.7475 602.7665 602.7883 602.796 602.8141 602.82 602.8408 602.8492 602.859 602.8732 602.8734 602.8837 602.8853 602.8867 602.8907 602.8964 602.8934 602.8879 602.8846 602.8797
-9999 -9999 -9999 -9999 -9999 -9999 -9999 -9999 -9999 -9999 603.2626 602.5635 602.9272 602.3537 601.5967 601.4165 601.4684 601.5291 601.5945 601.6417 601.7024 601.7527 601.8143 601.8633 601.91 601.9645 602.011 602.0448 602.1002 602.1341 602.189 602.2227 602.2609 602.296 602.3256 602.3679 602.3898 602.4183 602.4536 602.4898 602.5009 602.5327 602.5635 602.582 602.6059 602.6231 602.6478 602.6535 602.6734 602.679 602.7034 602.7106 602.723 602.7356 602.7368 602.7484 602.7493 602.7522 602.7562 602.7613 602.7596 602.7543 602.7518 602.7469
-9999 -9999 -9999 -9999 -9999 -9999 -9999 -9999 -9999 -9999 602.7854 602.5072 602.8708 602.1982 601.4412 601.3637 601.312 601.3545 601.4164 601.4711 601.5318 601.5909 601.6468 601.6913 601.7499 601.8013 601.8473 601.8876 601.943 601.9796 602.0358 602.0653 602.1035 602.1437 602.1787 602.2171 602.2348 602.2742 602.309 602.3426 602.3586 602.3861 602.4213 602.4373 602.4643 602.4796 602.5054 602.5148 602.5324 602.5426 602.566 602.572 602.5869 602.598 602.6001 602.613 602.6133 602.6177 602.6218 602.6262 602.626 602.6207 602.6191 602.6143
-9999 -9999 -9999 -9999 -9999 -9999 -9999 -9999 -9999 603.382 602.3082 602.4509 602.7997 602.0427 601.5356 601.4954 601.4323 601.384 601.32 601.3005 601.3612 601.424 601.4792 601.5343 601.5898 601.6379 601.6789 601.7303 601.7847 601.8275 601.8807 601.9124 601.95 601.9858 602.0311 602.0663 602.084 602.13 602.1644 602.1923 602.2164 602.2451 602.2791 602.2956 602.3227 602.3386 602.363 602.3767 602.3915 602.4061 602.4286 602.4334 602.4509 602.4606 602.4634 602.4777 602.4771 602.4833 602.4875 602.4915 602.4922 602.4863 602.4864 602.4816
-9999 -9999 -9999 -9999 -9999 -9999 -9999 -9999 -9999 603.5024 602.0326 602.3946 602.6442 601.8872 601.6763 601.6272 601.5742 601.5404 601.471 601.4108 601.3508 601.275 601.3118 601.3726 601.4276 601.4744 601.5176 601.5731 601.6201 601.6754 601.7241 601.7595 601.798 601.8332 601.8802 601.9127 601.9399 601.9825 602.0198 602.042 602.0742 602.1042 602.1353 602.1539 602.1811 602.1992 602.2205 602.2379 602.2505 602.2697 602.2896 602.2966 602.3148 602.3232 602.3269 602.3423 602.3426 602.3488 602.3535 602.356 602.3585 602.3525 602.3536 602.3489
-9999 -9999 -9999 -9999 -9999 -9999 -9999 -9999 -9999 603.1096 601.9717 602.3383 602.4887 601.8225 601.8165 601.7614 601.7264 601.6942 601.6284 601.5722 601.5318 601.4451 601.3843 601.2916 601.2645 601.3109 601.3604 601.4158 601.4659 601.5232 601.564 601.6066 601.6462 601.6863 601.7294 601.7585 601.7957 601.8354 601.8737 601.8928 601.93 601.962 601.9897 602.0122 602.0394 602.0597 602.0781 602.0986 602.1095 602.1332 602.1508 602.1605 602.1783 602.1857 602.1924 602.2069 602.2082 602.2144 602.2194 602.2208 602.2248 602.2188 602.2209 602.2162
