samples/sfe_209/sfe_209_v0/sfe_209_v0/sfe_209_v0.asc
ncols         267
nrows         135
xllcorner     98.199999999255
yllcorner     82.800000000745
cellsize      0.3
NODATA_value  -9999
[rows 56 to 83 of 135, columns 63 to 125 of 267]
599.8063 599.7253 599.6475 599.6205 599.544 599.5161 599.4994 599.4724 599.4454 599.3591 599.3221 599.2951 599.2734 599.2023 599.1667 599.1398 599.1128 599.0795 599.0106 598.9836 598.9533 598.8901 598.8267 598.7714 598.6958 598.606 598.5191 598.4293 598.36 598.2646 598.1909 598.1671 598.1446 598.1176 598.0807 597.9949 597.7953 597.7742 597.7308 597.707 597.6667 597.632 597.5643 597.5325 597.4692 596.6773 596.57 596.5242 596.4338 596.4033 596.356 596.2748 596.231 596.1642 596.1508 596.1758 596.1845 596.2148 596.229 596.2195 596.204 596.201 596.1908
599.6428 599.5618 599.4808 599.4423 599.3658 599.32 599.3007 599.2736 599.2466 599.1785 599.1414 599.1144 599.0878 599.0388 599.0034 598.9764 598.9494 598.9224 598.8598 598.8328 598.8058 598.7448 598.6815 598.6243 598.5487 598.4661 598.3691 598.2785 598.1818 598.132 597.5073 597.5095 597.5052 597.4645 597.451 597.4247 597.271 597.2042 597.193 597.1415 597.0543 597.0173 596.9503 596.7737 596.691 596.549 596.3973 596.324 596.2405 596.2193 596.1357 596.0917 596.0585 596.0345 596.0385 596.0903 596.1355 596.1608 596.1548 596.1302 596.117 596.1373 596.1705
599.4794 599.3983 599.3173 599.2641 599.1876 599.124 599.1019 599.0749 599.0479 598.9977 598.9608 598.9338 598.9067 598.8752 598.84 598.813 598.786 598.759 598.709 598.682 598.655 598.5996 598.5363 598.4734 598.4017 598.3261 598.2291 597.9005 597.1407 597.1097 597.0915 597.0938 597.0945 597.1182 597.1295 597.1337 597.111 597.0883 597.014 596.9833 596.9628 596.9137 596.8854 596.8118 596.706 596.5617 596.4617 596.3577 596.2325 596.1308 596.1115 596.0413 595.9755 595.9448 595.9685 596.0375 596.1068 596.1267 596.105 596.073 596.0772 596.1227 596.198
599.316 599.2347 599.1537 599.0859 599.0093 598.9279 598.9031 598.8761 598.8491 598.8171 598.78 598.7531 598.7261 598.7117 598.6766 598.6496 598.6227 598.5956 598.5582 598.5312 598.5042 598.4543 598.3911 598.3278 598.2708 597.6295 597.256 596.9505 596.9193 596.9277 596.9507 596.976 597.011 597.042 597.1238 597.1555 597.1448 597.1002 597.0347 596.9841 596.9479 596.9368 596.907 596.8818 596.7722 596.6163 596.4845 596.3643 596.2965 596.254 596.1953 596.1047 596.021 595.9762 595.9985 596.0743 596.1415 596.1555 596.125 596.087 596.1055 596.1844 596.2822
599.1526 599.0713 598.9903 598.9093 598.8311 598.7645 598.5837 598.5577 598.5358 598.536 598.5215 598.506 598.4828 598.457 598.3433 598.3162 598.2353 598.1772 598.1273 598.0698 598.0422 598.0173 597.9907 597.304 596.9286 596.9077 596.9005 596.9205 596.9484 596.9547 596.992 597.0292 597.0715 597.1135 597.1483 597.1675 597.165 597.1143 597.038 596.9857 596.9683 596.991 597.012 596.9852 596.9282 596.8083 596.6733 596.572 596.5332 596.512 596.4312 596.3427 596.2507 596.0995 596.114 596.1858 596.2473 596.2552 596.2155 596.2142 596.223 596.3148 596.4202
598.9893 598.9078 598.8453 598.5685 598.3675 598.3033 598.077 598.0515 598.0853 598.0675 598.1348 598.1545 598.0608 597.9537 597.7272 597.5715 597.3478 597.2232 597.1865 597.2061 597.1075 597.0428 597.0175 597.9456 597.9327 597.0522 597.0728 597.0975 597.1195 597.1355 597.174 597.2267 597.2695 597.3115 597.3425 597.3625 597.3453 597.2665 597.1805 597.123 597.642 597.615 597.6198 597.5915 597.559 597.5162 597.4742 597.433 597.415 597.3497 597.323 597.296 597.205 596.4407 596.4108 596.4025 596.4525 596.4458 596.4175 596.401 596.6097 597.0363 597.0865
598.7895 598.5163 598.3467 598.2708 598.1743 598.093 598.0438 598.0253 597.991 598.0255 597.9709 597.9531 597.8606 597.7206 597.7055 597.5685 597.4238 597.5502 597.4857 597.4928 597.806 598.3515 598.3311 598.3242 598.2977 598.271 598.2175 598.1905 597.6313 597.6182 597.6045 597.643 597.793 598.033 598.0328 598.0085 597.9863 597.9593 597.9323 597.9053 597.9377 597.9836 597.9755 597.9485 597.9215 597.8945 597.8911 597.8647 597.8381 597.8112 597.7841 597.7146 597.6026 597.5391 597.4959 597.4365 596.91 596.8867 596.8295 597.3295 597.3745 597.4913 597.4883
598.4755 598.3942 598.3085 598.2125 598.1713 598.069 598.1541 598.106 598.0388 597.9973 597.994 598.0027 597.9952 597.9555 598.346 598.2945 598.2605 598.4595 598.4855 598.485 598.4647 598.4775 598.4902 598.4833 598.4568 598.43 598.3699 598.3032 598.2576 598.2305 598.2203 598.2026 598.1765 598.2031 598.2209 598.2128 598.1915 598.1862 598.1591 598.1321 598.1564 598.2023 598.2024 598.1754 598.1484 598.1213 598.1464 598.1198 598.0934 598.0663 598.0394 597.9698 597.8578 597.8307 597.7875 597.6633 597.5797 597.5526 597.5265 597.562 597.6899 597.7791 597.7761
598.5653 598.5376 598.4439 598.2552 598.1725 598.1685 598.1473 598.137 598.0862 598.0363 598.0267 598.0447 598.238 598.571 598.591 598.6438 598.6302 598.6187 598.6447 598.6442 598.626 598.6366 598.6494 598.6423 598.6158 598.589 598.5289 598.4622 598.4456 598.4186 598.4059 598.4067 598.3798 598.3912 598.4089 598.409 598.3907 598.413 598.386 598.3589 598.3752 598.4211 598.4292 598.4022 598.3752 598.3482 598.3842 598.3748 598.3486 598.3215 598.2946 598.225 598.1494 598.1224 598.0792 597.955 597.9199 597.8929 597.8665 597.8719 597.9998 598.0669 598.0639
598.6738 598.521 598.4143 598.324 598.273 598.2595 598.274 598.2448 598.2213 598.1515 598.521 598.494 598.6115 598.7106 598.7634 598.8162 598.8026 598.7778 598.8038 598.8033 598.7852 598.7957 598.8085 598.8013 598.7748 598.748 598.6879 598.6212 598.6299 598.6066 598.5915 598.5954 598.5839 598.5792 598.597 598.597 598.5947 598.6398 598.6128 598.5858 598.5939 598.6398 598.656 598.629 598.6021 598.575 598.611 598.6298 598.6038 598.5767 598.5497 598.4802 598.441 598.4141 598.3708 598.2871 598.2601 598.2332 598.2065 598.1818 598.3098 598.3547 598.3517
598.773 598.6555 598.5828 598.5145 598.487 598.5012 598.7735 598.7674 598.7535 598.7265 598.7533 598.7921 598.7816 598.8764 598.9358 598.9886 598.9749 598.9479 598.9629 598.9624 598.9443 598.9548 598.9676 598.9604 598.9339 598.907 598.8469 598.7938 598.8124 598.7947 598.777 598.781 598.788 598.7673 598.785 598.7851 598.7988 598.845 598.8397 598.8126 598.8126 598.8585 598.8829 598.8559 598.8289 598.8019 598.8379 598.8849 598.8589 598.8319 598.8049 598.7597 598.7327 598.7057 598.6625 598.6274 598.6004 598.5734 598.5466 598.5069 598.6197 598.6185 598.5915
599.0207 598.9937 598.9667 598.9481 598.9215 598.8945 598.9197 598.9554 598.9478 598.9307 598.9509 598.9897 598.9858 599.0223 599.1082 599.1609 599.1473 599.1203 599.122 599.1215 599.1034 599.1272 599.1267 599.1196 599.093 599.066 599.0059 598.9662 598.9949 598.9827 598.9626 598.9666 598.9922 598.9652 598.9731 598.9731 599.0004 599.0395 599.0665 599.0395 599.0314 599.0773 599.1097 599.0827 599.0557 599.0287 599.0395 599.0128 599.0022 598.9999 598.9939 598.9669 598.9399 598.9129 598.8859 598.8589 598.8319 598.8049 598.7781 598.7384 598.7084 598.705 598.7015
599.1931 599.1661 599.139 599.1359 599.1096 599.0826 599.1078 599.1435 599.1359 599.1348 599.1484 599.1873 599.1899 599.2015 599.2805 599.3333 599.3196 599.2927 599.2811 599.2806 599.2625 599.2885 599.2858 599.2787 599.252 599.225 599.1649 599.1436 599.1775 599.1707 599.1483 599.1522 599.1871 599.1693 599.1611 599.1612 599.1884 599.2339 599.2555 599.2285 599.21 599.196 599.1888 599.1866 599.1844 599.1698 599.1428 599.1263 599.124 599.1216 599.1167 599.0897 599.0627 599.0357 599.0087 598.9818 598.9547 598.9277 598.9009 598.8612 598.8297 598.8229 598.8195
599.3654 599.3384 599.3115 599.3134 599.2976 599.2706 599.2958 599.3315 599.3239 599.339 599.346 599.3848 599.3941 599.3928 599.4331 599.5057 599.492 599.465 599.4402 599.4398 599.4216 599.4476 599.4449 599.4378 599.411 599.384 599.3376 599.3262 599.36 599.3588 599.3338 599.3378 599.3726 599.3735 599.3492 599.3492 599.3223 599.3347 599.3403 599.3387 599.3371 599.3254 599.3127 599.3105 599.3083 599.2937 599.2667 599.2481 599.2458 599.2434 599.2396 599.2125 599.1855 599.1585 599.1315 599.1046 599.0776 599.0505 599.0238 598.9841 598.9526 598.9408 598.9374
599.5356 599.5108 599.4838 599.4858 599.4857 599.4587 599.4839 599.5196 599.512 599.5386 599.5436 599.5824 599.5982 599.584 599.6213 599.6781 599.6644 599.6374 599.6104 599.5989 599.5807 599.6068 599.6173 599.5969 599.57 599.543 599.5103 599.5087 599.5425 599.5155 599.4885 599.4797 599.4615 599.4616 599.4616 599.4617 599.4395 599.4548 599.4673 599.4658 599.4642 599.4547 599.4366 599.4344 599.4323 599.4177 599.3907 599.3711 599.3676 599.3652 599.3624 599.3353 599.3083 599.2813 599.2543 599.2274 599.2004 599.1733 599.1466 599.1069 599.0754 599.0587 599.0552
599.6947 599.6832 599.6562 599.6581 599.6737 599.6467 599.6719 599.7076 599.7 599.7267 599.7411 599.78 599.8024 599.7754 599.8126 599.8499 599.8368 599.8098 599.7828 599.758 599.7399 599.7305 599.7035 599.7038 599.704 599.6907 599.6647 599.641 599.6152 599.6155 599.6158 599.6161 599.5967 599.5968 599.5969 599.5969 599.5743 599.575 599.5945 599.5929 599.5913 599.584 599.5606 599.5584 599.5562 599.5416 599.5146 599.4943 599.4893 599.487 599.4846 599.4581 599.4312 599.4042 599.3771 599.3502 599.3232 599.2961 599.2694 599.2297 599.1982 599.1766 599.1732
599.8538 599.8555 599.8286 599.8305 599.8615 599.8347 599.86 599.8956 599.8881 599.9147 599.9387 599.9775 599.977 599.95 599.9303 599.9271 599.9269 599.9268 599.9262 599.8992 599.8723 599.8442 599.84 599.8402 599.8405 599.8271 599.8011 599.7839 599.7569 599.752 599.7523 599.7525 599.732 599.732 599.7321 599.7321 599.7096 599.6964 599.7155 599.72 599.7184 599.7134 599.6863 599.6824 599.6801 599.6655 599.6385 599.6174 599.6111 599.6088 599.6064 599.581 599.554 599.527 599.4999 599.473 599.446 599.4189 599.3922 599.3525 599.321 599.2945 599.2911
600.0129 600.028 600.0009 600.0029 600.0339 600.0228 600.048 600.0837 600.0761 600.067 600.0592 600.0764 600.0765 600.0712 600.066 600.0599 600.0597 600.0596 600.0594 600.0369 600.0099 599.9807 599.9764 599.9766 599.9769 599.9636 599.9374 599.9242 599.8998 599.8884 599.8887 599.889 599.8672 599.8672 599.8672 599.8672 599.8448 599.8279 599.8356 599.8472 599.8456 599.8427 599.8157 599.8063 599.8041 599.7895 599.7625 599.7405 599.733 599.7305 599.7282 599.7038 599.6768 599.6498 599.6227 599.5958 599.5688 599.5418 599.515 599.4753 599.4438 599.4168 599.4089
600.1721 600.1981 600.1733 600.1753 600.2062 600.1793 600.1581 600.1649 600.1716 600.1783 600.1917 600.2088 600.2122 600.2069 600.2017 600.1926 600.1925 600.1923 600.1921 600.1745 600.1476 600.1171 600.1128 600.1131 600.1133 600.1 600.0738 600.0605 600.0427 600.0248 600.0251 600.0254 600.0024 600.0024 600.0024 600.0025 599.98 599.9594 599.9557 599.9742 599.9727 599.9711 599.945 599.9302 599.928 599.9134 599.8864 599.8636 599.8561 599.8524 599.85 599.8266 599.7996 599.7726 599.7456 599.7186 599.6916 599.6646 599.6378 599.5981 599.5666 599.5396 599.5269
600.3135 600.2865 600.2786 600.2802 600.281 600.2891 600.2973 600.3 600.3065 600.3132 600.3241 600.3412 600.3478 600.3426 600.3373 600.3275 600.3253 600.3251 600.325 600.3122 600.2852 600.2535 600.2493 600.2495 600.2498 600.2365 600.2101 600.197 600.1857 600.1613 600.1616 600.1618 600.1376 600.1376 600.1376 600.1377 600.1152 600.0908 600.0847 600.0963 600.0998 600.0982 600.0743 600.0541 600.0519 600.0374 600.0103 599.9868 599.9792 599.9741 599.9718 599.9494 599.9224 599.8954 599.8684 599.8414 599.8144 599.7874 599.7606 599.7209 599.6894 599.6624 599.6448
600.4183 600.4198 600.4214 600.423 600.4225 600.4283 600.4365 600.4399 600.4413 600.4481 600.4565 600.4736 600.4818 600.4783 600.473 600.4651 600.458 600.4579 600.4577 600.4498 600.4229 600.39 600.3857 600.386 600.3862 600.3729 600.3465 600.3333 600.3286 600.3016 600.298 600.2983 600.2728 600.2728 600.2728 600.2729 600.2504 600.2238 600.2162 600.2164 600.2269 600.2253 600.2037 600.1781 600.1759 600.1613 600.1343 600.1099 600.1024 600.0959 600.0936 600.0722 600.0452 600.0182 599.9912 599.9642 599.9372 599.9102 599.8834 599.8437 599.8122 599.7852 599.7626
600.5611 600.5627 600.5643 600.5659 600.566 600.5675 600.5757 600.5822 600.5762 600.583 600.5897 600.606 600.6158 600.614 600.6086 600.6028 600.5908 600.5906 600.5905 600.5875 600.5605 600.5264 600.5221 600.5224 600.5226 600.5093 600.4828 600.4697 600.4702 600.4445 600.4344 600.4347 600.408 600.408 600.408 600.4081 600.3856 600.3588 600.3477 600.3416 600.354 600.3524 600.333 600.306 600.2998 600.2852 600.2582 600.233 600.2255 600.218 600.2153 600.195 600.168 600.1411 600.114 600.087 600.0601 600.033 600.0063 599.9666 599.9351 599.908 599.881
600.704 600.7055 600.7071 600.7087 600.7103 600.7071 600.7148 600.723 600.7153 600.7179 600.7246 600.7385 600.7498 600.7496 600.7443 600.7391 600.7236 600.7234 600.7233 600.7231 600.6982 600.6628 600.6585 600.6588 600.6591 600.6458 600.6193 600.606 600.6066 600.5875 600.5709 600.5712 600.5432 600.5432 600.5433 600.5433 600.5208 600.4938 600.4791 600.473 600.477 600.4796 600.4623 600.4353 600.4238 600.4092 600.3821 600.3561 600.3486 600.3411 600.3371 600.3179 600.2908 600.2639 600.2368 600.2098 600.1829 600.1558 600.1291 600.0894 600.0579 600.0308 600.0038
600.8468 600.8484 600.85 600.8516 600.8531 600.8486 600.8541 600.8622 600.8552 600.8528 600.8595 600.8709 600.8838 600.8836 600.88 600.8748 600.8564 600.8562 600.8561 600.8559 600.8358 600.7992 600.795 600.7953 600.7955 600.7822 600.7556 600.7424 600.743 600.7304 600.7073 600.7076 600.6784 600.6784 600.6785 600.6785 600.656 600.629 600.6106 600.6045 600.5984 600.6067 600.5916 600.5646 600.5477 600.5331 600.5061 600.4792 600.4717 600.4643 600.4589 600.4407 600.4137 600.3867 600.3597 600.3326 600.3057 600.2786 600.2513 600.2116 600.1807 600.1536 600.1267
600.9897 600.9913 600.9928 600.9944 600.996 600.9901 600.9933 601.0014 600.9952 600.9907 600.9944 601.0033 601.0178 601.0176 601.0157 601.0104 600.9891 600.989 600.9888 600.9887 600.9735 600.9357 600.9314 600.9317 600.9319 600.9186 600.892 600.8787 600.8793 600.8734 600.8463 600.844 600.8136 600.8136 600.8137 600.8137 600.7913 600.7642 600.7421 600.736 600.7299 600.7338 600.7209 600.694 600.6716 600.657 600.63 600.603 600.5949 600.5874 600.5807 600.5635 600.5365 600.5095 600.4825 600.4554 600.4285 600.4014 600.373 600.3333 600.3035 600.2764 600.2495
601.1325 601.1341 601.1357 601.1373 601.1388 601.1316 601.1332 601.1406 601.1351 601.1307 601.1293 601.136 601.1518 601.1516 601.1514 601.1461 601.1264 601.1218 601.1216 601.1215 601.1111 601.0721 601.0678 601.0681 601.0684 601.0551 601.0283 601.0151 601.0157 601.0163 600.9893 600.9805 600.9488 600.9489 600.9489 600.9489 600.9265 600.8994 600.8735 600.8674 600.8613 600.8577 600.8503 600.8233 600.7963 600.7809 600.754 600.727 600.718 600.7105 600.703 600.6863 600.6593 600.6323 600.6053 600.5783 600.5513 600.5243 600.4947 600.455 600.4263 600.3993 600.3723
601.2754 601.277 601.2785 601.2801 601.2817 601.2731 601.2747 601.2798 601.2762 601.2706 601.2662 601.2709 601.2853 601.2856 601.2854 601.2818 601.264 601.2545 601.2544 601.2543 601.2488 601.2085 601.2042 601.2045 601.2048 601.1915 601.1647 601.1515 601.152 601.1526 601.1322 601.1169 601.084 601.084 601.084 601.0841 601.0616 601.0346 601.0082 600.9989 600.9928 600.9867 600.9796 600.9526 600.9256 600.9049 600.8779 600.851 600.8411 600.8336 600.8262 600.8091 600.7821 600.7551 600.7281 600.7011 600.6741 600.6471 600.6164 600.5767 600.5491 600.5221 600.4951
601.4183 601.4198 601.4214 601.423 601.4245 601.4146 601.4161 601.419 601.4205 601.4105 601.4061 601.4058 601.4177 601.4196 601.4194 601.4175 601.4017 601.3873 601.3871 601.387 601.3865 601.3459 601.3407 601.341 601.3412 601.3279 601.3011 601.2878 601.2884 601.289 601.2751 601.2533 601.2192 601.2192 601.2192 601.2193 601.1968 601.1699 601.1432 601.1304 601.1243 601.1182 601.1089 601.082 601.0549 601.0288 601.0018 600.9749 600.9642 600.9373 600.9109 600.884 600.8564 600.8284 600.8005 600.7725 600.7448 600.7178 600.6865 600.6469 600.6199 600.5929 600.5659
