samples/sfe_209/sfe_209_v0/sfe_209_v0/sfe_209_v0.asc
ncols         267
nrows         135
xllcorner     98.199999999255
yllcorner     82.800000000745
cellsize      0.3
NODATA_value  -9999
[rows 84 to 111 of 135, columns 189 to 251 of 267]
598.4085 598.359 598.3095 598.2712 598.2213 598.1677 598.1186 598.0873 598.0394 597.9913 597.9432 597.9124 597.8686 597.8208 597.773 597.7294 597.6821 597.6348 597.5874 597.5364 597.4873 597.4395 597.3892 597.3363 597.2833 597.2304 597.1777 597.1252 597.0757 597.0283 596.9758 596.9258 596.8783 596.8307 596.785 596.7565 596.7091 596.6609 596.6088 596.5613 596.5143 596.4673 596.415 596.3711 596.3242 596.2774 596.2256 596.1741 596.1227 596.065 596.0063 595.9555 595.9002 595.842 595.7902 595.7384 595.6578 595.5903 595.5397 595.4872 595.4304 595.3558 595.3022
598.521 598.4715 598.422 598.382 598.3284 598.2749 598.2258 598.1929 598.1449 598.0968 598.0487 598.0195 597.9725 597.9247 597.877 597.8326 597.7853 597.738 597.6906 597.639 597.5912 597.5435 597.4924 597.4395 597.3864 597.3335 597.2809 597.2285 597.1796 597.1305 597.0779 597.0288 596.9812 596.9336 596.8911 596.8587 596.8113 596.7612 596.7098 596.6628 596.6158 596.5688 596.5135 596.4703 596.4235 596.3751 596.3231 596.2717 596.2191 596.1603 596.1016 596.0546 595.9979 595.9414 595.8895 595.8281 595.7463 595.6932 595.6418 595.5894 595.5255 595.4564 595.4084
598.6335 598.584 598.5345 598.4892 598.4356 598.3821 598.333 598.2985 598.2504 598.2023 598.1542 598.1243 598.0765 598.0287 597.9809 597.9359 597.8885 597.8412 597.7933 597.743 597.6952 597.6474 597.5955 597.5425 597.4895 597.4366 597.3841 597.3317 597.2834 597.2327 597.1801 597.1317 597.0842 597.0366 596.9972 596.9609 596.9135 596.8615 596.8112 596.7642 596.7172 596.6702 596.6121 596.5695 596.5227 596.4725 596.4207 596.3693 596.3143 596.2556 596.2001 596.1536 596.0955 596.0407 595.9889 595.9147 595.8448 595.7961 595.744 595.6915 595.6206 595.5625 595.5145
598.7085 598.6815 598.647 598.5964 598.5428 598.4893 598.4402 598.404 598.3559 598.3079 598.2608 598.2282 598.1804 598.1326 598.0848 598.0391 597.9918 597.9444 597.8956 597.8469 597.7991 597.7513 597.6986 597.6456 597.5926 597.5397 597.4873 597.4349 597.3871 597.3348 597.2823 597.2347 597.1871 597.1395 597.1033 597.063 597.0139 596.9618 596.9127 596.8657 596.8187 596.7704 596.7106 596.6688 596.6219 596.57 596.5182 596.4668 596.4096 596.3509 596.2992 596.2522 596.1932 596.1401 596.085 596.0032 595.9467 595.8987 595.8462 595.7903 595.7169 595.6686 595.6207
598.727 598.6954 598.6638 598.6321 598.5976 598.5692 598.5338 598.5025 598.4614 598.4133 598.368 598.3322 598.2844 598.2366 598.1888 598.1423 598.095 598.0477 597.9987 597.9509 597.903 597.8547 597.8017 597.7487 597.6957 597.6429 597.5906 597.5384 597.4896 597.437 597.3852 597.3376 597.29 597.2424 597.2094 597.1652 597.1142 597.0621 597.0142 596.9672 596.9202 596.869 596.8103 596.768 596.7194 596.6675 596.6157 596.5637 596.5049 596.4462 596.3983 596.3499 596.2912 596.2394 596.1716 596.1017 596.0496 596.0009 595.9484 595.8854 595.8229 595.7748 595.7269
598.7501 598.7185 598.6869 598.6552 598.621 598.5858 598.5507 598.5156 598.4843 598.4532 598.4222 598.3945 598.3675 598.3405 598.2929 598.2455 598.1982 598.1509 598.1025 598.0547 598.007 597.9578 597.9048 597.8518 597.7988 597.7462 597.6938 597.6422 597.5917 597.5392 597.4881 597.4405 597.3929 597.3453 597.3148 597.2666 597.2145 597.1627 597.1157 597.0687 597.0217 596.9675 596.9125 596.8672 596.8168 596.765 596.7133 596.6589 596.6002 596.5438 596.4973 596.4476 596.3906 596.3387 596.2601 596.2003 596.1525 596.1031 596.0505 595.9805 595.929 595.8809 595.833
598.7733 598.7416 598.71 598.679 598.6444 598.6093 598.5741 598.5392 598.5085 598.4775 598.4465 598.4154 598.3839 598.3519 598.32 598.2883 598.2598 598.2335 598.2065 598.1587 598.1109 598.0609 598.0079 597.9549 597.9019 597.8494 597.797 597.746 597.6939 597.6414 597.591 597.5435 597.4958 597.4485 597.417 597.3669 597.3148 597.2642 597.2172 597.1702 597.1232 597.066 597.0133 596.9662 596.9143 596.8624 596.8109 596.7543 596.6955 596.6429 596.5964 596.5452 596.4899 596.4285 596.3586 596.303 596.2554 596.2053 596.1502 596.0833 596.0352 595.9871 595.9391
598.7964 598.7648 598.7332 598.7027 598.6678 598.6326 598.5975 598.5636 598.5328 598.5018 598.4708 598.44 598.4084 598.3765 598.3445 598.3132 598.2816 598.2499 598.2172 598.1799 598.1425 598.112 598.085 598.058 598.0051 597.9526 597.9002 597.8486 597.7961 597.7435 597.694 597.6464 597.5988 597.5546 597.5192 597.4672 597.4151 597.3657 597.3187 597.2717 597.2244 597.1645 597.1125 597.0637 597.0118 596.9599 596.9083 596.8495 596.7908 596.7419 596.6954 596.6429 596.5892 596.517 596.4572 596.4059 596.3583 596.3074 596.2454 596.1895 596.1412 596.0933 596.0449
598.8195 598.7879 598.7562 598.7263 598.6912 598.656 598.6208 598.5881 598.5571 598.5261 598.495 598.4648 598.4329 598.401 598.3691 598.3381 598.3065 598.2748 598.2422 598.2048 598.1674 598.1301 598.0979 598.0657 598.0334 598.0008 597.9728 597.9465 597.8983 597.8457 597.7969 597.7493 597.7017 597.6607 597.6196 597.5675 597.5154 597.4671 597.4202 597.3732 597.3229 597.263 597.2117 597.1612 597.1093 597.0574 597.0036 596.9448 596.8875 596.841 596.7945 596.7405 596.6853 596.6155 596.5565 596.5089 596.4613 596.4096 596.3438 596.2955 596.2473 596.1994 596.149
598.8427 598.811 598.7794 598.7497 598.7145 598.6794 598.6443 598.6124 598.5814 598.5504 598.5193 598.4894 598.4575 598.4255 598.3936 598.3631 598.3314 598.2997 598.2671 598.2297 598.1924 598.1559 598.124 598.0917 598.0595 598.027 597.9938 597.9606 597.9272 597.8936 597.8655 597.8385 597.8046 597.7668 597.7199 597.6678 597.6157 597.5686 597.5216 597.4746 597.4214 597.3615 597.3105 597.2587 597.2067 597.1549 597.0989 597.0401 596.9866 596.9401 596.8936 596.8397 596.7739 596.7141 596.6594 596.6118 596.5642 596.5101 596.4498 596.4016 596.3535 596.3055 596.2532
598.8658 598.8342 598.8025 598.7731 598.738 598.7028 598.6677 598.6367 598.6057 598.5746 598.5436 598.5139 598.4819 598.4501 598.4185 598.388 598.3563 598.3246 598.2921 598.2547 598.2173 598.1822 598.15 598.1178 598.0856 598.0532 598.02 597.9874 597.9539 597.9202 597.8876 597.8561 597.8245 597.7929 597.761 597.7305 597.7035 597.6701 597.6231 597.5761 597.5199 597.46 597.408 597.3561 597.3042 597.2524 597.1942 597.1354 597.0856 597.0391 596.9926 596.939 596.8724 596.8126 596.7623 596.7147 596.6664 596.6052 596.556 596.5078 596.4597 596.4101 596.3574
598.8889 598.8572 598.8256 598.7965 598.7614 598.7262 598.691 598.661 598.6299 598.5989 598.5679 598.5384 598.5065 598.4745 598.4437 598.413 598.3813 598.3496 598.317 598.2796 598.2422 598.2083 598.176 598.1439 598.1116 598.0794 598.0463 598.0141 597.9804 597.9468 597.9152 597.8836 597.852 597.8204 597.7885 597.7546 597.7207 597.6852 597.6475 597.6097 597.583 597.5585 597.5055 597.4536 597.4017 597.3482 597.2894 597.2312 597.1847 597.1382 597.0917 597.0308 596.9709 596.9128 596.8652 596.8177 596.7686 596.7103 596.662 596.6138 596.5658 596.5142 596.4615
598.912 598.8804 598.8488 598.8199 598.7847 598.7496 598.7144 598.6852 598.6542 598.6232 598.5922 598.5629 598.531 598.4991 598.4689 598.4379 598.4062 598.3745 598.3419 598.3046 598.2672 598.2343 598.2021 598.1699 598.1381 598.1057 598.0724 598.0406 598.007 597.9733 597.9427 597.9111 597.8795 597.848 597.816 597.7822 597.7482 597.7133 597.6755 597.6378 597.6005 597.564 597.5284 597.4975 597.4705 597.4435 597.3848 597.3303 597.2838 597.2372 597.1902 597.1293 597.0694 597.0158 596.9682 596.9206 596.8701 596.8163 596.7681 596.7199 596.6711 596.6184 596.5657
598.9352 598.9035 598.8719 598.8433 598.8081 598.773 598.7379 598.7095 598.6785 598.6475 598.6165 598.5875 598.5555 598.5236 598.4941 598.4628 598.4312 598.3997 598.3669 598.3295 598.2921 598.2604 598.2281 598.1959 598.1649 598.1318 598.0986 598.0673 598.0336 597.9999 597.9702 597.9386 597.907 597.8754 597.8436 597.8097 597.7758 597.7413 597.7036 597.6659 597.6287 597.5923 597.5582 597.5253 597.4923 597.4594 597.423 597.3895 597.3632 597.3363 597.2877 597.2278 597.1679 597.1187 597.0711 597.0235 596.9706 596.9224 596.8743 596.826 596.7753 596.7226 596.6686
598.9583 598.9266 598.8957 598.8667 598.8315 598.7964 598.7618 598.7338 598.7028 598.6718 598.6407 598.612 598.5801 598.5482 598.5193 598.4877 598.4561 598.4252 598.3918 598.3544 598.3171 598.2864 598.2542 598.222 598.1912 598.158 598.1249 598.0938 598.0602 598.0265 597.9977 597.9661 597.9345 597.903 597.8712 597.8372 597.8035 597.7693 597.7317 597.694 597.6569 597.6205 597.5879 597.5549 597.522 597.489 597.4522 597.4155 597.3833 597.3505 597.3176 597.2825 597.2555 597.2216 597.1741 597.1265 597.0768 597.0286 596.9803 596.9321 596.8795 596.8268 596.7762
598.9814 598.9498 598.9196 598.8901 598.8549 598.8198 598.7863 598.7581 598.7271 598.696 598.6655 598.6365 598.6046 598.5727 598.5444 598.5127 598.481 598.4508 598.4167 598.3794 598.342 598.3125 598.2803 598.248 598.2174 598.1843 598.1511 598.1204 598.0867 598.0538 598.0252 597.9936 597.962 597.9305 597.8987 597.8647 597.8322 597.7974 597.7597 597.722 597.6852 597.6487 597.6176 597.5847 597.5518 597.5181 597.4814 597.4466 597.4141 597.3812 597.3484 597.3129 597.2758 597.2413 597.2079 597.1745 597.1475 597.1205 597.0864 597.0363 596.9836 596.931 596.8925
599.0045 598.9729 598.9434 598.9135 598.8783 598.8431 598.8107 598.7824 598.7513 598.7203 598.6904 598.661 598.6292 598.5972 598.5693 598.5376 598.5059 598.4764 598.4417 598.4043 598.3675 598.3386 598.3063 598.2741 598.2437 598.2104 598.1775 598.147 598.1133 598.0815 598.0527 598.0211 597.9896 597.9579 597.9262 597.8923 597.8608 597.8255 597.7878 597.7501 597.7134 597.677 597.6473 597.6144 597.5815 597.5473 597.5106 597.4777 597.4449 597.412 597.3792 597.3433 597.3062 597.2731 597.2397 597.2064 597.1735 597.1403 597.1071 597.0739 597.0405 597.0135 596.9871
599.0276 598.996 598.9671 598.9368 598.9017 598.8666 598.8352 598.8067 598.7756 598.7446 598.7151 598.6855 598.6536 598.6217 598.5942 598.5625 598.5308 598.502 598.4666 598.4293 598.3939 598.3646 598.3324 598.3002 598.2698 598.2367 598.2048 598.1736 598.1399 598.1091 598.0802 598.0486 598.017 597.986 597.9537 597.9199 597.8894 597.8536 597.8159 597.7781 597.7416 597.7066 597.6771 597.6441 597.6112 597.5765 597.5397 597.5086 597.4757 597.4429 597.41 597.3737 597.3365 597.3051 597.2717 597.2383 597.2061 597.1729 597.1396 597.1066 597.072 597.0368 597.0019
599.0508 599.0192 598.9908 598.9603 598.9251 598.89 598.8597 598.8309 598.7999 598.7689 598.74 598.7101 598.6782 598.6469 598.6191 598.5875 598.5558 598.5275 598.4916 598.4542 598.4203 598.3907 598.3585 598.3262 598.2961 598.2629 598.2321 598.2001 598.1665 598.1368 598.1077 598.0761 598.0446 598.014 597.9813 597.9474 597.918 597.8817 597.8439 597.8063 597.7699 597.7366 597.7068 597.6738 597.6409 597.6057 597.5689 597.5394 597.5065 597.4737 597.4412 597.404 597.3684 597.3369 597.3035 597.2701 597.2385 597.2054 597.1722 597.1401 597.1049 597.0696 597.0353
599.0739 599.0423 599.0146 598.9836 598.9485 598.9133 598.8841 598.8552 598.8242 598.7932 598.7648 598.7346 598.7027 598.6722 598.644 598.6124 598.5807 598.5531 598.5165 598.4791 598.4467 598.4167 598.3845 598.3527 598.3223 598.2891 598.2593 598.2267 598.1931 598.1644 598.1352 598.1036 598.0721 598.0422 598.0089 597.9749 597.9466 597.9097 597.872 597.8346 597.7982 597.7667 597.7365 597.7036 597.6707 597.6348 597.5981 597.5702 597.5374 597.5045 597.4715 597.4344 597.4006 597.3688 597.3354 597.3021 597.2711 597.2379 597.2047 597.1729 597.1377 597.1025 597.0688
599.097 599.0654 599.0383 599.007 598.9719 598.9368 598.9086 598.8795 598.8484 598.8174 598.7896 598.7592 598.7272 598.6976 598.669 598.6373 598.6057 598.5787 598.5414 598.5041 598.473 598.4427 598.4105 598.3795 598.3484 598.3153 598.2865 598.2533 598.2197 598.1921 598.1627 598.1312 598.0995 598.0703 598.0364 598.0025 597.9752 597.9377 597.9 597.8628 597.8264 597.7967 597.7662 597.7333 597.7003 597.6641 597.629 597.601 597.5682 597.5353 597.5019 597.4648 597.4329 597.4008 597.3674 597.334 597.3036 597.2704 597.2372 597.2057 597.1706 597.1354 597.1024
599.1202 599.0887 599.0621 599.0305 598.9953 598.9601 598.933 598.9038 598.8727 598.8417 598.8145 598.7837 598.7518 598.7228 598.6939 598.6622 598.6312 598.6038 598.5664 598.529 598.4994 598.4688 598.4366 598.4062 598.3747 598.3415 598.3135 598.2798 598.2467 598.2197 598.1902 598.1586 598.1271 598.0978 598.0639 598.0305 598.0035 597.9658 597.9281 597.8911 597.8546 597.8267 597.796 597.763 597.73 597.6932 597.6601 597.6318 597.599 597.5661 597.5323 597.4951 597.4651 597.4326 597.3992 597.3661 597.3361 597.3029 597.2697 597.2386 597.2034 597.1682 597.1358
599.1433 599.1124 599.0858 599.0538 599.0187 598.9845 598.9575 598.9281 598.897 598.8663 598.8392 598.8082 598.7763 598.748 598.7189 598.6872 598.6568 598.6287 598.5913 598.554 598.5258 598.4949 598.4626 598.433 598.4009 598.3677 598.3401 598.3065 598.2744 598.2474 598.2177 598.1862 598.1545 598.1254 598.0914 598.0591 598.0316 597.9939 597.9562 597.9193 597.8837 597.8568 597.8256 597.7927 597.7592 597.7224 597.6912 597.6627 597.6298 597.5969 597.5626 597.5255 597.4974 597.4645 597.4312 597.399 597.3686 597.3354 597.3022 597.2715 597.2363 597.2014 597.1693
599.1664 599.1362 599.1096 599.0772 599.0421 599.009 598.9819 598.9523 598.9213 598.8911 598.8641 598.8327 598.8008 598.7733 598.7438 598.7121 598.6824 598.6536 598.6163 598.5792 598.5521 598.5209 598.4887 598.4598 598.4271 598.395 598.3667 598.333 598.302 598.275 598.2452 598.2137 598.1821 598.1529 598.119 598.088 598.0597 598.022 597.9843 597.9475 597.9138 597.8868 597.8553 597.8224 597.7883 597.7516 597.7224 597.6935 597.6606 597.6277 597.593 597.5566 597.5296 597.4964 597.463 597.4319 597.4011 597.3679 597.3347 597.3044 597.2692 597.2355 597.2028
599.1896 599.1601 599.1333 599.1006 599.0655 599.0334 599.0064 598.9766 598.9456 598.9159 598.8889 598.8572 598.8253 598.7985 598.7687 598.737 598.7079 598.6786 598.6412 598.6055 598.5786 598.547 598.5148 598.4865 598.4533 598.4224 598.3932 598.3596 598.3297 598.3027 598.2728 598.2411 598.2097 598.1804 598.1465 598.1166 598.0877 598.05 598.0123 597.9758 597.9438 597.9168 597.8851 597.8522 597.8175 597.7808 597.7537 597.7243 597.6914 597.6586 597.6234 597.5889 597.5617 597.5283 597.4949 597.4647 597.4336 597.4004 597.3679 597.3372 597.302 597.2697 597.2363
599.2126 599.184 599.157 599.124 599.0889 599.0579 599.0309 599.0009 598.9699 598.9407 598.9137 598.8818 598.8502 598.8237 598.7936 598.762 598.7335 598.7036 598.6661 598.6319 598.6049 598.5731 598.5408 598.5127 598.4796 598.4495 598.4199 598.3862 598.3574 598.3303 598.3002 598.2687 598.2378 598.2079 598.1741 598.1452 598.1158 598.0781 598.0404 598.004 597.9738 597.9468 597.9148 597.8819 597.8467 597.8115 597.7849 597.7551 597.7222 597.6901 597.6537 597.6212 597.5936 597.5602 597.5268 597.4976 597.4661 597.4329 597.4015 597.3701 597.3349 597.3038 597.2698
599.2358 599.2078 599.1808 599.1474 599.1122 599.0823 599.0553 599.0252 598.9941 598.9655 598.9382 598.9063 598.8754 598.8489 598.8185 598.7869 598.7591 598.7285 598.6911 598.6583 598.6313 598.5991 598.5671 598.5389 598.5057 598.4767 598.4464 598.4128 598.385 598.358 598.3278 598.2961 598.2659 598.2355 598.2016 598.1738 598.1439 598.1061 598.0687 598.0322 598.0038 597.9769 597.9445 597.9116 597.8759 597.8426 597.816 597.7859 597.7531 597.7213 597.6841 597.6534 597.6255 597.5921 597.5587 597.5305 597.4986 597.4654 597.435 597.403 597.3677 597.3379 597.3033
599.2589 599.2315 599.2045 599.1708 599.1356 599.1068 599.0798 599.0495 599.0184 598.9903 598.9627 598.9308 598.9006 598.8741 598.8435 598.8118 598.7846 598.7534 598.716 598.6846 598.6573 598.6252 598.5939 598.5651 598.5319 598.504 598.473 598.4396 598.4127 598.3857 598.3553 598.3237 598.294 598.2631 598.2292 598.2024 598.1719 598.1342 598.0969 598.0609 598.0339 598.0069 597.9742 597.9413 597.9051 597.8737 597.8471 597.8167 597.7839 597.7516 597.7145 597.6856 597.6573 597.624 597.5906 597.5633 597.5311 597.4979 597.4684 597.4358 597.4006 597.3721 597.3368
