samples/sfe_209/sfe_209_v0/sfe_209_v0/sfe_209_v0.asc
ncols         267
nrows         135
xllcorner     98.199999999255
yllcorner     82.800000000745
cellsize      0.3
NODATA_value  -9999
[rows 0 to 27 of 135, columns 126 to 188 of 267]
601.4861 601.459 601.4321 601.4055 601.3785 601.3515 601.3253 601.2985 601.2715 601.2445 601.2175 601.1905 601.1635 601.137 601.11 601.0829 601.056 601.0292 601.0029 600.976 600.949 600.9219 600.895 600.8684 600.8414 600.8144 600.7874 600.7604 600.7342 600.7074 600.6804 600.6534 600.6263 600.5994 600.5733 600.5463 600.5193 600.4923 600.4653 600.4386 600.4123 600.3853 600.3583 600.3322 600.3052 600.2782 600.2512 600.2242 600.1972 600.1702 600.1432 600.1176 600.0906 600.0636 600.0366 600.0096 599.9826 599.9564 599.9294 599.9024 599.8754 599.8488 599.8228
601.4555 601.4285 601.4015 601.3755 601.3485 601.3215 601.2952 601.2685 601.2415 601.2145 601.1875 601.1605 601.1335 601.1075 601.0805 601.0535 601.0265 600.9998 600.9734 600.9465 600.9195 600.8925 600.8655 600.8395 600.8125 600.7855 600.7585 600.7315 600.7053 600.6785 600.6514 600.6245 600.5974 600.5704 600.5455 600.5185 600.4915 600.4645 600.4375 600.4108 600.3845 600.3575 600.3304 600.3054 600.2784 600.2514 600.2244 600.1974 600.1705 600.1434 600.1168 600.0913 600.0643 600.0373 600.0103 599.9833 599.9568 599.9312 599.9041 599.8771 599.8502 599.8237 599.7979
601.425 601.398 601.371 601.3455 601.3185 601.2915 601.2653 601.2385 601.2115 601.1845 601.1575 601.1305 601.1035 601.0781 601.051 601.024 600.997 600.9703 600.944 600.9171 600.89 600.863 600.836 600.8105 600.7836 600.7566 600.7296 600.7026 600.6763 600.6495 600.6225 600.5955 600.5685 600.5414 600.5176 600.4907 600.4637 600.4367 600.4097 600.383 600.3566 600.3296 600.3026 600.2787 600.2516 600.2247 600.1976 600.1707 600.1437 600.1167 600.0905 600.065 600.038 600.011 599.984 599.957 599.9316 599.9059 599.8788 599.8519 599.8249 599.7986 599.7731
601.3945 601.3674 601.3405 601.3155 601.2885 601.2615 601.2352 601.2085 601.1815 601.1545 601.1275 601.1005 601.0735 601.0486 601.0216 600.9946 600.9676 600.9408 600.9145 600.8876 600.8606 600.8336 600.8066 600.7816 600.7546 600.7277 600.7006 600.6736 600.6474 600.6205 600.5935 600.5665 600.5395 600.5128 600.4898 600.4628 600.4359 600.4089 600.3818 600.3552 600.3287 600.3018 600.2747 600.2519 600.2249 600.1979 600.1709 600.1439 600.1169 600.0899 600.0642 600.0387 600.0117 599.9847 599.9577 599.9307 599.9063 599.8806 599.8536 599.8266 599.7996 599.7735 599.7482
601.3639 601.3369 601.3099 601.2855 601.2585 601.2315 601.2053 601.1785 601.1515 601.1245 601.0975 601.0705 601.0435 601.0191 600.9921 600.9651 600.9381 600.9114 600.8849 600.8581 600.8311 600.8041 600.7771 600.7527 600.7257 600.6987 600.6718 600.6447 600.6185 600.5916 600.5646 600.5376 600.5106 600.485 600.462 600.435 600.408 600.381 600.354 600.3274 600.3009 600.2739 600.2469 600.2251 600.1981 600.1711 600.1441 600.1171 600.0901 600.0631 600.038 600.0124 599.9854 599.9584 599.9315 599.9044 599.881 599.8553 599.8283 599.8013 599.7744 599.7487 599.7234
601.3334 601.3063 601.2794 601.2555 601.2285 601.2015 601.1752 601.1485 601.1215 601.0945 601.0675 601.0405 601.0135 600.9897 600.9626 600.9357 600.9086 600.8819 600.8555 600.8287 600.8016 600.7747 600.7476 600.7238 600.6968 600.6698 600.6428 600.6158 600.5896 600.5626 600.5356 600.5086 600.4816 600.4572 600.4342 600.4072 600.3802 600.3532 600.3262 600.2996 600.2731 600.246 600.2191 600.1984 600.1713 600.1443 600.1173 600.0903 600.0634 600.0364 600.0117 599.9861 599.9591 599.9321 599.9052 599.8781 599.8558 599.83 599.803 599.776 599.7491 599.7238 599.6985
601.3029 601.2758 601.2488 601.2255 601.1985 601.1715 601.1453 601.1185 601.0915 601.0645 601.0375 601.0105 600.9835 600.9602 600.9332 600.9062 600.8792 600.8524 600.826 600.7992 600.7722 600.7452 600.7182 600.6949 600.6679 600.6409 600.6139 600.5869 600.5607 600.5337 600.5067 600.4797 600.4526 600.4293 600.4064 600.3794 600.3524 600.3254 600.2984 600.2718 600.2452 600.2182 600.192 600.1716 600.1446 600.1176 600.0906 600.0635 600.0366 600.0096 599.9854 599.9598 599.9328 599.9059 599.8788 599.8519 599.8305 599.8047 599.7778 599.7507 599.7238 599.699 599.6737
601.2723 601.2453 601.2183 601.1955 601.1685 601.1415 601.1152 601.0885 601.0615 601.0345 601.0075 600.9805 600.9536 600.9307 600.9037 600.8767 600.8497 600.823 600.7965 600.7697 600.7427 600.7157 600.6887 600.666 600.639 600.612 600.585 600.558 600.5317 600.5048 600.4777 600.4507 600.4237 600.4015 600.3785 600.3516 600.3246 600.2975 600.2706 600.244 600.2173 600.1903 600.1652 600.1448 600.1178 600.0908 600.0638 600.0368 600.0098 599.9828 599.9592 599.9335 599.9066 599.8796 599.8525 599.8256 599.8052 599.7795 599.7525 599.7255 599.6985 599.6741 599.6489
601.2418 601.2147 601.1877 601.1655 601.1385 601.1115 601.0853 601.0585 601.0315 601.0045 600.9775 600.9505 600.9235 600.9013 600.8743 600.8473 600.8203 600.7935 600.767 600.7403 600.7133 600.6863 600.6595 600.637 600.61 600.5831 600.556 600.5291 600.5028 600.4758 600.4488 600.4218 600.3948 600.3737 600.3507 600.3237 600.2968 600.2697 600.2427 600.2162 600.1895 600.1625 600.1385 600.118 600.0911 600.064 600.037 600.01 599.983 599.9561 599.9329 599.9072 599.8802 599.8533 599.8262 599.7993 599.78 599.7542 599.7272 599.7002 599.6735 599.6492 599.624
601.2112 601.1842 601.1572 601.1355 601.1085 601.0815 601.0552 601.0285 601.0015 600.9745 600.9474 600.9205 600.8935 600.8718 600.8448 600.8178 600.7908 600.764 600.7375 600.7108 600.6838 600.6568 600.6306 600.6081 600.5811 600.5541 600.5272 600.5001 600.4739 600.4468 600.4199 600.3928 600.3658 600.3459 600.3229 600.2959 600.2689 600.2419 600.2149 600.1884 600.1616 600.1346 600.1117 600.0913 600.0643 600.0373 600.0103 599.9833 599.9563 599.9299 599.9066 599.8809 599.8539 599.827 599.8 599.774 599.7546 599.7289 599.7019 599.6749 599.6483 599.6244 599.5992
601.1807 601.1537 601.1266 601.1055 601.0785 601.0515 601.0253 600.9985 600.9715 600.9445 600.9175 600.8905 600.8635 600.8423 600.8154 600.7883 600.7614 600.7346 600.7081 600.6813 600.6544 600.6273 600.6017 600.5792 600.5522 600.5252 600.4982 600.4712 600.4449 600.4179 600.3909 600.3639 600.337 600.3181 600.295 600.2681 600.2411 600.2141 600.1871 600.1606 600.1338 600.1068 600.085 600.0645 600.0375 600.0105 599.9835 599.9565 599.9295 599.9036 599.8804 599.8547 599.8276 599.8007 599.7737 599.7487 599.7294 599.7037 599.6766 599.6497 599.6232 599.5995 599.5743
601.1501 601.1231 601.0961 601.0755 601.0485 601.0215 600.9952 600.9685 600.9415 600.9145 600.8875 600.8605 600.8335 600.8129 600.7859 600.7589 600.7319 600.7051 600.6786 600.6519 600.6249 600.5979 600.5728 600.5503 600.5233 600.4963 600.4693 600.4423 600.416 600.3889 600.3619 600.3349 600.3092 600.2902 600.2672 600.2402 600.2133 600.1863 600.1592 600.1329 600.106 600.0789 600.0582 600.0377 600.0107 599.9837 599.9567 599.9297 599.9028 599.8773 599.8541 599.8284 599.8014 599.7744 599.7474 599.7234 599.7041 599.6784 599.6514 599.6244 599.5981 599.5747 599.5495
601.1196 601.0926 601.0656 601.0455 601.0185 600.9915 600.9653 600.9385 600.9115 600.8845 600.8575 600.8305 600.8035 600.7834 600.7564 600.7294 600.7024 600.6757 600.6492 600.6224 600.5954 600.5684 600.5438 600.5214 600.4944 600.4674 600.4404 600.4134 600.387 600.36 600.333 600.306 600.2814 600.2624 600.2394 600.2124 600.1854 600.1584 600.1315 600.105 600.0781 600.0511 600.0314 600.011 599.9839 599.957 599.9299 599.903 599.876 599.8511 599.8278 599.8021 599.7751 599.7481 599.7211 599.6981 599.6788 599.6531 599.6261 599.5991 599.5733 599.5499 599.5247
601.0891 601.062 601.035 601.0155 600.9885 600.9615 600.9352 600.9085 600.8815 600.8545 600.8275 600.8005 600.7735 600.754 600.727 600.7 600.673 600.6462 600.6198 600.593 600.566 600.5389 600.5149 600.4924 600.4655 600.4385 600.4114 600.3845 600.358 600.3311 600.304 600.277 600.2535 600.2346 600.2116 600.1846 600.1576 600.1306 600.1036 600.0772 600.0502 600.0237 600.0046 599.9842 599.9572 599.9302 599.9032 599.8762 599.8492 599.8248 599.8016 599.7758 599.7488 599.7218 599.6948 599.6729 599.6536 599.6278 599.6008 599.5739 599.5485 599.525 599.4998
601.0585 601.0315 601.0045 600.9855 600.9585 600.9315 600.9053 600.8785 600.8515 600.8245 600.7975 600.7705 600.7435 600.7245 600.6975 600.6705 600.6435 600.6168 600.5903 600.5635 600.5365 600.5095 600.486 600.4635 600.4365 600.4095 600.3825 600.3555 600.3291 600.3021 600.2751 600.248 600.2257 600.2067 600.1838 600.1568 600.1298 600.1028 600.0758 600.0494 600.0224 599.9969 599.9778 599.9575 599.9304 599.9034 599.8764 599.8494 599.8224 599.7985 599.7753 599.7495 599.7225 599.6955 599.6685 599.6476 599.6283 599.6025 599.5756 599.5486 599.5236 599.5002 599.475
601.028 601.001 600.9739 600.9555 600.9285 600.9015 600.8752 600.8485 600.8215 600.7945 600.7675 600.7405 600.7135 600.6951 600.668 600.6411 600.614 600.5873 600.5608 600.5341 600.507 600.48 600.4571 600.4346 600.4076 600.3806 600.3536 600.3266 600.3002 600.2731 600.2462 600.2191 600.1979 600.179 600.1559 600.129 600.102 600.075 600.048 600.0215 599.9945 599.9702 599.9511 599.9307 599.9037 599.8766 599.8497 599.8227 599.7957 599.7723 599.749 599.7232 599.6962 599.6693 599.6422 599.6223 599.603 599.5773 599.5503 599.5233 599.4988 599.4753 599.4501
600.9974 600.9704 600.9434 600.9255 600.8985 600.8715 600.8453 600.8185 600.7915 600.7645 600.7375 600.7105 600.6835 600.6656 600.6386 600.6116 600.5846 600.5579 600.5314 600.5046 600.4776 600.4506 600.4282 600.4057 600.3787 600.3517 600.3247 600.2977 600.2712 600.2442 600.2172 600.1902 600.17 600.1511 600.1281 600.1011 600.0742 600.0471 600.0201 599.9937 599.9667 599.9434 599.9243 599.9039 599.8769 599.8499 599.8229 599.7959 599.7693 599.746 599.7228 599.6969 599.6699 599.6429 599.6163 599.597 599.5777 599.552 599.525 599.498 599.4739 599.4505 599.4252
600.9669 600.9399 600.9128 600.8955 600.8685 600.8415 600.8152 600.7885 600.7615 600.7345 600.7075 600.6805 600.6535 600.6362 600.6091 600.5822 600.5551 600.5284 600.5019 600.4752 600.4481 600.4211 600.3992 600.3768 600.3497 600.3228 600.2958 600.2687 600.2422 600.2152 600.1882 600.1612 600.1422 600.1233 600.1003 600.0733 600.0463 600.0193 599.9923 599.9658 599.9388 599.9167 599.8976 599.8771 599.8501 599.8231 599.7961 599.7691 599.743 599.7197 599.6965 599.6706 599.6436 599.6166 599.5911 599.5718 599.5524 599.5267 599.4997 599.473 599.4491 599.4257 599.4004
600.9363 600.9094 600.8823 600.8655 600.8385 600.8115 600.7853 600.7585 600.7315 600.7045 600.6775 600.6505 600.6235 600.6067 600.5797 600.5527 600.5256 600.4989 600.4724 600.4457 600.4186 600.3917 600.3703 600.3478 600.3209 600.2939 600.2668 600.2399 600.2133 600.1863 600.1593 600.1334 600.1144 600.0955 600.0725 600.0455 600.0185 599.9915 599.9645 599.938 599.9109 599.8899 599.8708 599.8503 599.8234 599.7963 599.7693 599.7424 599.7167 599.6935 599.6702 599.6443 599.6173 599.5903 599.5658 599.5465 599.5272 599.5015 599.4744 599.4478 599.4243 599.4008 599.3755
600.9058 600.8788 600.8518 600.8355 600.8085 600.7815 600.7552 600.7285 600.7015 600.6745 600.6475 600.6205 600.5935 600.5772 600.5502 600.5232 600.4962 600.4695 600.443 600.4162 600.3892 600.3622 600.3414 600.3189 600.2919 600.265 600.2379 600.2109 600.1843 600.1573 600.1303 600.1055 600.0866 600.0676 600.0447 600.0176 599.9907 599.9637 599.9367 599.9101 599.8831 599.8631 599.844 599.8236 599.7966 599.7696 599.7426 599.7156 599.6905 599.6672 599.644 599.618 599.5911 599.564 599.5405 599.5212 599.5019 599.4761 599.4492 599.4229 599.3994 599.376 599.3507
600.8752 600.8483 600.8212 600.8055 600.7785 600.7515 600.7253 600.6985 600.6715 600.6445 600.6175 600.5905 600.5635 600.5478 600.5208 600.4938 600.4667 600.44 600.4135 600.3868 600.3597 600.3328 600.3125 600.29 600.263 600.236 600.209 600.182 600.1554 600.1284 600.1014 600.0777 600.0588 600.0398 600.0168 599.9899 599.9628 599.9359 599.9089 599.8823 599.8555 599.8364 599.8173 599.7968 599.7698 599.7428 599.7158 599.6888 599.6642 599.6409 599.6177 599.5917 599.5648 599.5378 599.5153 599.4959 599.4766 599.4509 599.4239 599.398 599.3746 599.3511 599.3259
600.8447 600.8177 600.7907 600.7755 600.7485 600.7215 600.6953 600.6685 600.6415 600.6145 600.5875 600.5605 600.5335 600.5183 600.4913 600.4643 600.4373 600.4105 600.384 600.3573 600.3303 600.3033 600.2836 600.261 600.2341 600.2071 600.1801 600.1531 600.1265 600.0994 600.0724 600.0499 600.0309 600.012 599.989 599.962 599.935 599.908 599.881 599.8544 599.8287 599.8096 599.7905 599.7701 599.743 599.7161 599.689 599.662 599.6379 599.6147 599.5914 599.5654 599.5385 599.5115 599.49 599.4706 599.4514 599.4256 599.3986 599.3732 599.3497 599.3262 599.301
600.8142 600.7872 600.7602 600.7455 600.7185 600.6915 600.6652 600.6385 600.6115 600.5845 600.5575 600.5305 600.5035 600.4888 600.4619 600.4348 600.4078 600.3811 600.3546 600.3278 600.3008 600.2738 600.2546 600.2322 600.2051 600.1782 600.1512 600.1241 600.0975 600.0705 600.0435 600.0221 600.0031 599.9842 599.9612 599.9342 599.9072 599.8802 599.8532 599.8265 599.8019 599.7828 599.7637 599.7433 599.7163 599.6893 599.6623 599.6353 599.6117 599.5884 599.5652 599.5392 599.5122 599.4852 599.4647 599.4454 599.4261 599.4003 599.3734 599.3483 599.3249 599.3014 599.2762
600.7836 600.7567 600.7296 600.7155 600.6885 600.6615 600.6353 600.6085 600.5815 600.5545 600.5275 600.5005 600.4735 600.4594 600.4324 600.4054 600.3784 600.3516 600.3251 600.2984 600.2714 600.2444 600.2257 600.2032 600.1762 600.1493 600.1223 600.0953 600.0685 600.0415 600.0145 599.9943 599.9753 599.9564 599.9333 599.9064 599.8794 599.8524 599.8254 599.7987 599.7751 599.756 599.7369 599.7166 599.6895 599.6625 599.6355 599.6086 599.5854 599.5621 599.5389 599.5129 599.4859 599.4589 599.4394 599.4201 599.4008 599.3751 599.3481 599.3235 599.3 599.2766 599.2513
600.7531 600.7261 600.6991 600.6855 600.6585 600.6315 600.6052 600.5785 600.5515 600.5245 600.4975 600.4705 600.4435 600.4299 600.4029 600.3759 600.3489 600.3221 600.2957 600.2689 600.2419 600.2149 600.1968 600.1743 600.1473 600.1204 600.0933 600.0663 600.0396 600.0126 599.9856 599.9664 599.9474 599.9285 599.9055 599.8785 599.8516 599.8245 599.7975 599.7708 599.7484 599.7292 599.7101 599.6898 599.6627 599.6357 599.6087 599.5824 599.5591 599.5359 599.5126 599.4866 599.4596 599.4335 599.4141 599.3948 599.3755 599.3498 599.3228 599.2986 599.2752 599.2517 599.2265
600.7226 600.6956 600.6686 600.6555 600.6285 600.6015 600.5753 600.5485 600.5215 600.4945 600.4675 600.4405 600.4135 600.4005 600.3735 600.3464 600.3195 600.2927 600.2662 600.2394 600.2125 600.1854 600.1679 600.1454 600.1184 600.0914 600.0644 600.0374 600.0106 599.9836 599.9576 599.9386 599.9197 599.9007 599.8777 599.8507 599.8237 599.7967 599.7698 599.743 599.7216 599.7025 599.6834 599.663 599.636 599.6089 599.582 599.5562 599.5329 599.5096 599.4864 599.4603 599.4333 599.4082 599.3889 599.3696 599.3502 599.3245 599.2975 599.2738 599.2503 599.2269 599.2017
600.692 600.665 600.638 600.6255 600.5985 600.5715 600.5452 600.5185 600.4915 600.4645 600.4375 600.4105 600.3835 600.371 600.344 600.317 600.29 600.2632 600.2368 600.21 600.183 600.156 600.139 600.1165 600.0895 600.0625 600.0355 600.0085 599.9817 599.9547 599.9297 599.9108 599.8918 599.8729 599.8499 599.8229 599.7959 599.7689 599.7419 599.7151 599.6948 599.6757 599.6566 599.6362 599.6092 599.5822 599.5552 599.5298 599.5066 599.4833 599.4601 599.434 599.407 599.3829 599.3636 599.3443 599.325 599.2993 599.2725 599.249 599.2255 599.202 599.1768
600.6615 600.6345 600.6075 600.5955 600.5685 600.5415 600.5153 600.4885 600.4615 600.4345 600.4075 600.3805 600.3535 600.3416 600.3145 600.2875 600.2605 600.2337 600.2073 600.1805 600.1535 600.1265 600.11 600.0875 600.0605 600.0336 600.0066 599.9796 599.9528 599.9257 599.9019 599.8829 599.864 599.845 599.8221 599.7951 599.7681 599.7411 599.7141 599.6873 599.6681 599.649 599.6299 599.6094 599.5825 599.5554 599.5284 599.5036 599.4803 599.4571 599.4338 599.4077 599.3807 599.3576 599.3383 599.319 599.2997 599.2739 599.2476 599.2241 599.2006 599.1772 599.152
