samples/sfe_24/sfe_24_c2/sfe_24_c2/sfe_24_c2.asc
ncols         275
nrows         75
xllcorner     98.60000000149
yllcorner     70.60000000149
cellsize      0.7
NODATA_value  -9999
[rows 28 to 55 of 75, columns 128 to 191 of 275]
602.9758 602.9743 602.973 602.972 602.9709 602.9697 602.969 602.9677 602.9662 602.965 602.964 602.963 602.962 602.9305 602.9245 602.9233 602.9215 602.9205 602.9195 602.9183 602.9175 602.9165 602.915 602.9139 602.9023 602.8738 602.8732 602.8542 602.8314 602.8301 602.8289 602.8075 602.7818 602.7806 602.7798 602.7786 602.7387 602.7346 602.7334 602.7322 602.7204 602.6696 602.6423 602.6411 602.64 602.639 602.6375 602.6207 602.595 602.594 602.5928 602.5916 602.5903 602.5747 602.5494 602.5486 602.5474 602.5466 602.5029 602.4614 602.4606 602.4591 602.4344 602.3993
602.6951 602.6936 602.6924 602.6913 602.6904 602.6891 602.6884 602.6871 602.6856 602.6844 602.6833 602.6824 602.6813 602.6499 602.6367 602.6354 602.6337 602.6327 602.6317 602.6304 602.6297 602.6287 602.6273 602.6262 602.6146 602.5787 602.5778 602.5588 602.528 602.5268 602.5255 602.5122 602.4864 602.4852 602.4844 602.4832 602.4434 602.4314 602.4301 602.4288 602.4224 602.3716 602.339 602.3378 602.3367 602.3358 602.3342 602.3254 602.2996 602.2986 602.2975 602.2963 602.2952 602.287 602.2617 602.2608 602.2597 602.2588 602.2189 602.1736 602.1728 602.1713 602.1467 602.1116
602.4144 602.4129 602.4117 602.4108 602.4097 602.4085 602.4078 602.4065 602.405 602.4037 602.4028 602.4017 602.4008 602.3693 602.3489 602.3477 602.3459 602.3449 602.3439 602.3427 602.3419 602.3409 602.3395 602.3385 602.3269 602.2831 602.2824 602.2634 602.2247 602.2235 602.2221 602.2169 602.191 602.1898 602.189 602.1878 602.1481 602.1281 602.1267 602.1254 602.1245 602.0737 602.0357 602.0345 602.0334 602.0325 602.0308 602.0301 602.0042 602.0032 602.0022 602.001 601.9999 601.9985 601.974 601.973 601.972 601.9709 601.9348 601.886 601.885 601.8835 601.8589 601.8187
602.1337 602.1322 602.1312 602.1301 602.1292 602.1279 602.1271 602.1259 602.1244 602.1232 602.1221 602.1212 602.1201 602.0887 602.0611 602.0599 602.0581 602.0571 602.0561 602.0549 602.0541 602.0531 602.0518 602.0508 602.0392 601.9894 601.9871 601.968 601.9213 601.9203 601.9188 601.918 601.8956 601.8944 601.8936 601.8924 601.8528 601.8248 601.8233 601.8221 601.8213 601.7757 601.7324 601.7312 601.7302 601.7292 601.7275 601.7266 601.7089 601.7079 601.7068 601.7057 601.7047 601.7031 601.6863 601.6852 601.6843 601.6832 601.6508 601.6018 601.5972 601.5958 601.5712 601.5233
601.853 601.8516 601.8505 601.8495 601.8485 601.8473 601.8466 601.8453 601.8438 601.8425 601.8416 601.8405 601.8395 601.8081 601.7733 601.772 601.7703 601.7693 601.7682 601.7671 601.7663 601.7653 601.7641 601.763 601.7515 601.7017 601.6917 601.6727 601.6223 601.617 601.6155 601.6146 601.6003 601.5991 601.5983 601.5971 601.5575 601.5214 601.52 601.5187 601.5179 601.4777 601.429 601.428 601.4269 601.4258 601.4242 601.4232 601.4135 601.4125 601.4114 601.4104 601.4094 601.4078 601.3986 601.3973 601.3965 601.3953 601.3668 601.3177 601.3094 601.308 601.2835 601.2344
601.5723 601.5709 601.5699 601.5689 601.5679 601.5667 601.5659 601.5646 601.5632 601.5619 601.5609 601.5599 601.5589 601.5275 601.4855 601.4843 601.4826 601.4815 601.4805 601.4794 601.4785 601.4775 601.4764 601.4752 601.4637 601.414 601.3963 601.3773 601.3269 601.3137 601.3122 601.3111 601.3049 601.3038 601.3029 601.3018 601.2622 601.2181 601.2166 601.2153 601.2144 601.1797 601.1289 601.1247 601.1237 601.1224 601.1209 601.1197 601.1181 601.1171 601.1161 601.1151 601.1141 601.1128 601.1108 601.1096 601.1088 601.1075 601.086 601.0848 601.012 601.035 601.036 601.0237
601.2916 601.2903 601.2893 601.2883 601.2873 601.2861 601.2853 601.2841 601.2826 601.2813 601.2803 601.2793 601.2783 601.2469 601.1995 601.1964 601.1949 601.1937 601.1926 601.1917 601.1907 601.1896 601.1887 601.1874 601.176 601.1263 601.0975 601.075 601.0655 600.84 600.9117 600.9843 600.9473 600.8212 600.8115 600.947 600.963 600.808 600.8353 600.9555 600.812 600.777 600.954 601.0668 600.9427 600.8282 600.7385 600.6783 600.596 600.6025 600.6815 600.6745 600.5778 600.6648 600.7822 600.7725 600.6758 600.5482 600.4572 600.465 600.5765 600.651 600.5848 600.5685
600.9393 600.9815 600.8248 600.8008 600.8823 601.0088 601.1185 601.0078 600.7997 600.8013 600.933 601.0367 600.9282 600.8735 600.8937 600.9352 600.9383 600.937 600.9362 600.9125 600.7853 600.8378 601 601.0157 600.8542 600.8148 600.7728 600.7067 600.5915 600.5453 600.693 600.8865 600.8237 600.6232 600.5443 600.669 600.6887 600.4998 600.5215 600.6558 600.5577 600.5228 600.6898 600.7653 600.5665 600.405 600.4218 600.4857 600.483 600.482 600.4277 600.349 600.3455 600.5092 600.698 600.5833 600.3845 600.3083 600.3953 600.4053 600.352 600.3345 600.3333 600.332
600.6387 600.6715 600.545 600.6052 600.733 600.7595 600.7825 600.6755 600.5018 600.4807 600.6718 600.8395 600.8093 600.7642 600.679 600.511 600.489 600.4505 600.4323 600.4448 600.434 600.5468 600.6703 600.548 600.3898 600.4185 600.5485 600.5803 600.515 600.39 600.4642 600.5638 600.496 600.319 600.1938 600.2178 600.2012 600.1523 600.2418 600.3768 600.3337 600.341 600.4697 600.484 600.3082 600.2195 600.325 600.3948 600.3815 600.4188 600.432 600.3145 600.2018 600.2975 600.3983 600.3152 600.175 600.1788 600.3358 600.3508 600.3497 600.3485 600.2958 600.228
600.2177 600.2502 600.2162 600.2598 600.3172 600.303 600.2915 600.3595 600.355 600.2625 600.3727 600.5545 600.5935 600.573 600.5103 600.4088 600.3845 600.246 600.2062 600.3215 600.4233 600.457 600.468 600.2687 600.0717 600.0728 600.1708 600.3438 600.4595 600.353 600.2215 600.115 600.0872 600.0425 599.9845 599.9647 599.9642 599.9645 600.0145 600.0723 600.144 600.245 600.2448 600.1255 600.0972 600.2133 600.3003 600.1955 600.1105 600.2283 600.2968 600.2715 600.117 600.0218 599.9287 599.9835 600.0757 600.191 600.2433 600.2275 600.21 600.197 600.1535 600.0078
600.075 600.18 600.1873 600.186 600.185 600.138 600.055 600.1775 600.2502 600.1265 600.199 600.3198 600.212 600.1583 600.1567 600.1552 600.1445 600.0292 600.0595 600.2238 600.2615 600.1305 600.1185 600.1105 600.099 600.0493 599.9573 600.0815 600.2502 600.2415 600.0325 599.9063 599.9872 600.031 600.0297 600.0277 600.0267 599.9975 599.996 599.9968 599.9833 599.9915 599.953 599.8362 599.9352 600.1375 600.1758 599.9598 599.8033 599.8743 599.939 600.02 600.035 599.8708 599.6785 599.7723 599.9628 600.02 599.901 599.8853 599.8833 599.8727 599.8317 599.7061
599.9315 600.117 600.1553 600.132 600.131 600.1172 599.9822 599.9952 600.038 599.9662 600.0043 600.0175 599.8512 599.7952 599.7938 599.7927 599.787 599.757 599.8475 599.9758 599.9473 599.8458 599.9035 600.0833 600.1752 600.092 599.9232 599.9302 600.0458 600.0138 599.851 599.8195 600.046 600.1115 600.0605 600.024 600.0338 600.076 600.0848 600.0693 599.9305 599.822 599.802 599.7762 599.898 600.0365 599.9822 599.7775 599.6732 599.7305 599.7808 599.8777 599.97 599.8503 599.6315 599.6473 599.7865 599.8367 599.7524 599.7397 599.711 599.661 599.616 599.655
599.7527 599.9088 600.0335 599.953 599.9482 600.0955 600.0833 599.9165 599.8698 599.947 599.9 599.7667 599.6957 599.698 599.697 599.6957 599.694 599.6988 599.7358 599.7557 599.7028 599.756 599.9075 600.045 600.0493 600.055 599.9932 599.8602 599.7523 599.731 599.7175 599.7662 599.9658 600.0093 599.8782 599.8152 599.9375 600.042 600.0135 599.9987 599.9205 599.8705 599.866 599.874 599.9153 599.912 599.7695 599.6617 599.6765 599.801 599.8367 599.8685 599.909 599.882 599.7502 599.633 599.6525 599.7488 599.816 599.831 599.8215 599.7379 599.671 599.7291
599.7255 599.7823 599.9127 599.8115 599.805 600.002 600.0558 599.8485 599.7722 599.8937 599.8185 599.7023 599.7975 599.8472 599.8458 599.8455 599.8442 599.8433 599.8415 599.82 599.6995 599.758 599.9158 599.9005 599.7935 599.8415 599.9335 599.812 599.678 599.7507 599.8183 599.803 599.7762 599.7687 599.674 599.689 599.8505 599.9 599.7777 599.76 599.757 599.7562 599.7548 599.7614 599.7737 599.7684 599.7757 599.788 599.7791 599.7526 599.7468 599.7457 599.744 599.7458 599.763 599.7817 599.7838 599.762 599.7407 599.7632 599.8915 599.8223 599.6582 599.6575
599.8224 599.8798 599.9745 599.8862 599.817 599.9177 599.9897 599.8383 599.7623 599.8838 599.8082 599.6978 599.806 599.8578 599.8585 599.9088 599.9703 600.0225 599.9747 599.902 599.7952 599.8555 599.9587 599.8812 599.7657 599.8137 599.9498 599.901 599.8337 599.9165 599.925 599.8392 599.7625 599.7485 599.66 599.688 599.8545 599.812 599.59 599.576 599.6665 599.7455 599.7467 599.7455 599.7535 599.763 599.8447 599.9313 599.9327 599.8063 599.7557 599.7545 599.7655 599.765 599.7997 599.8985 599.9495 599.822 599.6848 599.736 599.8522 599.8533 599.7968 599.7615
599.8282 599.961 600.0025 600.0212 599.8922 599.8175 599.927 599.872 599.7963 599.918 599.8425 599.7007 599.743 599.7785 599.7282 599.788 599.9518 600.1045 599.971 599.809 599.8038 599.9355 599.958 599.933 599.909 599.9175 599.9482 599.9457 599.9767 599.9897 599.8535 599.774 599.871 599.9078 599.7777 599.752 599.906 599.8992 599.7147 599.702 599.8255 599.9158 599.9183 599.9213 599.931 599.88 599.7855 599.8935 600.0212 599.999 599.9485 599.9562 599.9553 599.9495 599.8575 599.8583 600.0065 599.9202 599.8275 599.9407 599.9233 599.92 600.0715 600.121
599.824 599.896 599.9407 600.0728 599.995 599.8855 599.9938 599.9553 599.88 599.9995 599.9258 599.8207 599.9357 599.9658 599.8508 599.8243 599.9897 600.1812 600.032 599.845 599.7888 599.8767 599.897 599.891 599.8895 599.889 599.8862 599.871 599.951 600.0377 599.9127 599.783 599.8453 599.8802 599.797 599.826 599.998 600.0778 599.9897 599.9688 599.9487 599.91 599.9075 599.9063 599.9088 599.862 599.827 599.9723 600.0938 600.0092 599.9373 599.9528 599.9575 599.9872 599.8995 599.9393 600.0945 600.0767 600.029 600.157 600.0742 600.0632 600.2525 600.3732
599.8442 599.9222 600.0322 600.225 600.215 600.1202 600.0565 599.9707 599.9258 599.9955 599.9507 599.9122 600.089 600.2127 600.186 600.1353 600.2192 600.3148 600.1578 599.974 599.9318 600.0315 600.0125 599.9122 599.9143 599.9545 599.9012 599.915 600.069 600.177 600.0285 599.9088 599.9863 600.0267 600.0175 600.0617 600.0898 600.1046 600.0958 600.09 600.084 600.0692 600.0675 600.0662 600.0845 600.0392 599.9918 600.1315 600.2112 600.0027 599.905 600.004 600.1545 600.1745 600.0745 600.1247 600.329 600.3665 600.2585 600.2828 600.324 600.4135 600.5303 600.5568
600.1217 600.218 600.3832 600.419 600.36 600.3282 600.2582 600.2048 600.17 600.1747 600.1697 600.1093 600.1198 600.2725 600.3798 600.3182 600.3095 600.3835 600.2943 600.1658 600.1663 600.302 600.2705 600.1265 600.187 600.2817 600.1685 600.207 600.4095 600.411 600.216 600.1158 600.242 600.2985 600.3633 600.3472 600.193 600.1093 600.1722 600.1885 600.2735 600.3288 600.3295 600.328 600.3748 600.311 600.1962 600.3052 600.4493 600.328 600.2773 600.3265 600.443 600.464 600.3898 600.3715 600.5402 600.701 600.6232 600.4705 600.4902 600.6462 600.7203 600.798
600.416 600.4562 600.6008 600.5395 600.4117 600.4325 600.5208 600.5537 600.553 600.5627 600.558 600.4532 600.387 600.5278 600.5865 600.436 600.401 600.5415 600.5475 600.3792 600.3 600.3775 600.3672 600.316 600.4285 600.5187 600.3955 600.4323 600.6305 600.6223 600.4225 600.2842 600.3207 600.3595 600.499 600.557 600.4077 600.3712 600.5087 600.523 600.5065 600.444 600.44 600.439 600.4603 600.4202 600.3825 600.5515 600.744 600.724 600.6932 600.644 600.6113 600.6198 600.5477 600.5942 600.8497 601.0203 600.8787 600.7158 600.739 600.8347 600.8748 601.0025
600.8292 600.9147 600.959 600.7685 600.6818 600.7735 600.8245 600.805 600.8655 600.9722 600.88 600.774 600.7678 600.8465 600.8545 600.6713 600.5582 600.683 600.7637 600.6547 600.5023 600.5978 600.7015 600.7715 600.7498 600.6962 600.5255 600.5512 600.648 600.6465 600.547 600.4562 600.426 600.436 600.62 600.8793 600.822 600.728 600.7988 600.9323 600.8848 600.781 600.7742 600.7728 600.771 600.7977 600.8695 600.854 600.8442 600.8903 601.0705 601.0447 600.8892 600.9427 600.9343 601.09 601.1096 601.1091 601.1312 601.1786 601.1879 601.2015 601.2475 601.266
601.1348 601.1523 601.1415 601.0975 601.1137 601.1475 601.1268 601.105 601.1268 601.1495 601.1083 601.0872 601.1172 601.1318 601.144 601.104 600.966 601.1047 601.1143 601.0595 601.034 601.0842 601.125 601.139 601.097 601.055 601.0532 601.0544 600.955 600.953 600.9485 600.942 600.9375 600.937 600.9833 601.1037 601.0978 601.057 601.0665 601.1205 601.1238 601.102 601.1007 601.0997 601.0983 601.1119 601.1606 601.164 601.1856 601.2343 601.2437 601.2578 601.3052 601.3242 601.3232 601.3607 601.3975 601.4044 601.4191 601.4664 601.4758 601.4845 601.5305 601.5539
601.4184 601.4173 601.4163 601.4153 601.4142 601.413 601.4123 601.411 601.4095 601.4083 601.4073 601.4063 601.4053 601.4043 601.3787 601.3295 601.3231 601.3615 601.3983 601.3973 601.3963 601.3953 601.3943 601.393 601.3915 601.391 601.3657 601.3165 601.3101 601.309 601.3129 601.312 601.311 601.3098 601.3082 601.3339 601.382 601.3843 601.3834 601.3896 601.3887 601.3875 601.3867 601.3854 601.384 601.4113 601.4601 601.4675 601.481 601.5297 601.5391 601.5494 601.5969 601.6196 601.6187 601.6486 601.6854 601.6997 601.7068 601.7543 601.7636 601.7675 601.8135 601.8419
601.7061 601.7051 601.704 601.7031 601.702 601.7008 601.7001 601.6988 601.6973 601.696 601.6951 601.694 601.6931 601.6921 601.6665 601.6196 601.6185 601.6494 601.6862 601.6851 601.6841 601.683 601.6821 601.6808 601.6793 601.6788 601.6535 601.6066 601.6055 601.6044 601.6162 601.6154 601.6144 601.6132 601.6116 601.6293 601.6774 601.6798 601.6788 601.6929 601.6921 601.6908 601.6901 601.6888 601.6873 601.7108 601.7595 601.7709 601.7764 601.825 601.8345 601.841 601.8885 601.9151 601.9141 601.9365 601.9733 601.989 601.9947 602.0421 602.0515 602.0505 602.0965 602.1298
601.9938 601.9929 601.9919 601.9908 601.9899 601.9886 601.9879 601.9866 601.9851 601.9839 601.9828 601.9819 601.9808 601.9799 601.9543 601.9149 601.9139 601.9373 601.9741 601.9728 601.9719 601.9709 601.9698 601.9686 601.9672 601.9666 601.9413 601.9019 601.9009 601.8999 601.9197 601.9188 601.9178 601.9165 601.915 601.9248 601.9729 601.9753 601.9743 601.9963 601.9954 601.9942 601.9934 601.9922 601.9907 602.0102 602.0589 602.0744 602.0728 602.1204 602.1298 602.1326 602.1801 602.2107 602.2096 602.2244 602.2612 602.2769 602.2896 602.3299 602.3393 602.338 602.3795 602.4178
602.2817 602.2807 602.2797 602.2787 602.2776 602.2764 602.2757 602.2744 602.2729 602.2717 602.2707 602.2697 602.2687 602.2677 602.2421 602.2103 602.2094 602.2252 602.2619 602.2607 602.2597 602.2587 602.2577 602.2564 602.255 602.2545 602.2291 602.1973 602.1963 602.1954 602.2234 602.2221 602.2211 602.2198 602.2184 602.2203 602.2684 602.2708 602.2697 602.3 602.2988 602.2975 602.2968 602.2955 602.2941 602.3096 602.3583 602.3779 602.3763 602.4158 602.4252 602.4243 602.4717 602.5062 602.5051 602.5123 602.5491 602.5648 602.585 602.6177 602.6271 602.6259 602.6625 602.7056
602.5695 602.5685 602.5675 602.5665 602.5655 602.5643 602.5635 602.5623 602.5607 602.5595 602.5585 602.5575 602.5565 602.5555 602.5299 602.5058 602.5048 602.5131 602.5497 602.5485 602.5475 602.5465 602.5455 602.5443 602.5429 602.5422 602.5169 602.4927 602.4916 602.4908 602.5266 602.5255 602.5245 602.5233 602.5219 602.521 602.5638 602.5662 602.5651 602.5957 602.6022 602.6009 602.6002 602.5989 602.5976 602.609 602.6577 602.6813 602.6798 602.7112 602.7206 602.7196 602.7634 602.8018 602.8005 602.8002 602.8369 602.8527 602.8804 602.9055 602.9149 602.9136 602.9455 602.9915
602.8573 602.8563 602.8553 602.8543 602.8533 602.8521 602.8513 602.85 602.8486 602.8473 602.8463 602.8453 602.8443 602.8433 602.8177 602.8013 602.8003 602.801 602.8375 602.8363 602.8353 602.8343 602.8333 602.832 602.8308 602.8301 602.8047 602.788 602.787 602.7863 602.8235 602.8289 602.8279 602.8266 602.8254 602.8243 602.8593 602.8618 602.8604 602.8911 602.9055 602.9042 602.9035 602.9023 602.9011 602.9084 602.9572 602.9848 602.9832 603.0066 603.016 603.015 603.055 603.0974 603.096 603.0947 603.1248 603.1406 603.176 603.1933 603.2027 603.2015 603.2285 603.2745
