samples/sfe_24/sfe_24_c2/sfe_24_c2/sfe_24_c2.asc
ncols         275
nrows         75
xllcorner     98.60000000149
yllcorner     70.60000000149
cellsize      0.7
NODATA_value  -9999
[rows 0 to 27 of 75, columns 0 to 63 of 275]
-9999 -9999 605.4744 605.473 605.4721 605.4711 605.4705 605.4695 605.4686 605.4678 605.4662 605.4655 605.4645 605.4635 605.4629 605.4619 605.4609 605.46 605.4586 605.4577 605.457 605.4558 605.4551 605.4542 605.4531 605.4523 605.4507 605.4501 605.4491 605.4479 605.4469 605.4462 605.4453 605.4438 605.4435 605.4422 605.4411 605.4399 605.4389 605.4382 605.4372 605.4362 605.4355 605.4342 605.4327 605.4318 605.4308 605.4298 605.4291 605.4282 605.4271 605.4261 605.4246 605.4235 605.4226 605.4216 605.4207 605.4199 605.4189 605.4176 605.4161 605.4152 605.4142 605.4133
-9999 -9999 605.4048 605.4032 605.4023 605.4014 605.402 605.4011 605.3999 605.4006 605.399 605.3997 605.3986 605.3978 605.3983 605.3973 605.3961 605.3965 605.395 605.3954 605.3946 605.3936 605.3939 605.3929 605.3918 605.3921 605.3904 605.3897 605.3899 605.3887 605.3878 605.388 605.387 605.3853 605.3863 605.3847 605.3848 605.3837 605.3827 605.3828 605.3818 605.3809 605.3809 605.3795 605.3781 605.3781 605.3771 605.3762 605.3762 605.3752 605.3741 605.374 605.3724 605.3714 605.3713 605.3703 605.3694 605.3693 605.3683 605.3669 605.3655 605.3652 605.3644 605.3635
-9999 -9999 605.335 605.3334 605.3325 605.3317 605.3336 605.3326 605.3312 605.3334 605.332 605.3338 605.3328 605.332 605.3336 605.3326 605.3311 605.333 605.3316 605.3331 605.3322 605.3313 605.3327 605.3317 605.3304 605.3319 605.3303 605.3295 605.3307 605.3296 605.3287 605.3298 605.3286 605.3278 605.329 605.3273 605.3284 605.3273 605.3265 605.3273 605.3263 605.3254 605.3264 605.3247 605.3236 605.3243 605.3235 605.3226 605.3232 605.3224 605.3209 605.3218 605.3203 605.3194 605.3199 605.3189 605.3181 605.3187 605.3177 605.3162 605.3151 605.3154 605.3145 605.3139
-9999 -9999 605.265 605.2637 605.2627 605.2619 605.2651 605.2641 605.2625 605.2662 605.265 605.268 605.267 605.2662 605.2689 605.2681 605.2671 605.2695 605.2682 605.2708 605.2698 605.269 605.2715 605.2705 605.2689 605.2718 605.2702 605.2694 605.2715 605.2704 605.2695 605.2715 605.2703 605.2706 605.2716 605.2701 605.2721 605.2711 605.2701 605.2719 605.2708 605.2697 605.2718 605.27 605.2695 605.2706 605.2698 605.2686 605.2703 605.2695 605.2681 605.2697 605.2681 605.2673 605.2686 605.2676 605.2667 605.2681 605.2671 605.2654 605.2648 605.2654 605.2646 605.2646
-9999 -9999 605.2177 605.194 605.1929 605.1921 605.1966 605.1956 605.1942 605.1991 605.1979 605.2021 605.2011 605.2004 605.2042 605.2033 605.2037 605.206 605.2048 605.2085 605.2075 605.2068 605.2102 605.2093 605.2078 605.2116 605.2101 605.21 605.2123 605.2113 605.21 605.2133 605.2119 605.2134 605.2142 605.213 605.2158 605.2148 605.2136 605.2164 605.2152 605.2145 605.2172 605.2155 605.2158 605.2169 605.2161 605.2147 605.2174 605.2165 605.216 605.2176 605.2161 605.2154 605.2172 605.2162 605.2153 605.2174 605.2164 605.2148 605.2148 605.2156 605.2148 605.2154
-9999 -9999 605.0659 605.1243 605.1231 605.122 605.1281 605.1271 605.1266 605.1319 605.1309 605.1363 605.1353 605.1343 605.1395 605.1385 605.1402 605.1425 605.1415 605.1462 605.1452 605.1443 605.1489 605.1481 605.1467 605.1514 605.15 605.1508 605.1531 605.1522 605.1513 605.1551 605.1537 605.1562 605.1569 605.1558 605.1594 605.1585 605.1573 605.161 605.1596 605.1599 605.1626 605.1609 605.162 605.1631 605.1624 605.161 605.1645 605.1634 605.1639 605.1655 605.164 605.1641 605.1658 605.1648 605.1637 605.1668 605.1658 605.1644 605.1649 605.1656 605.165 605.1661
-9999 -9999 604.8819 605.0544 605.0533 605.0531 605.0596 605.0585 605.0594 605.0648 605.0635 605.0704 605.0695 605.0687 605.0748 605.0737 605.0768 605.079 605.0779 605.0839 605.0829 605.0817 605.0876 605.0868 605.0856 605.0911 605.0899 605.0916 605.0939 605.093 605.0931 605.0969 605.0956 605.099 605.0995 605.099 605.1031 605.1022 605.1019 605.1055 605.1042 605.1053 605.108 605.1064 605.1083 605.1094 605.1087 605.1074 605.1116 605.1103 605.1118 605.1133 605.1119 605.1127 605.1144 605.1135 605.1121 605.1161 605.1152 605.1138 605.1151 605.1158 605.1151 605.1169
-9999 -9999 604.6978 604.9845 604.9835 604.9846 604.9911 604.9898 604.9922 604.9976 604.9968 605.0046 605.0036 605.004 605.0101 605.009 605.0133 605.0155 605.0142 605.0215 605.0206 605.0205 605.0264 605.0255 605.0251 605.0309 605.0298 605.0324 605.0347 605.0339 605.035 605.0387 605.0375 605.0417 605.0421 605.0427 605.0468 605.046 605.0465 605.0501 605.0489 605.0507 605.0533 605.0519 605.0546 605.0556 605.0551 605.0544 605.0587 605.0574 605.0596 605.0612 605.0598 605.0613 605.063 605.0621 605.0609 605.0656 605.0646 605.0633 605.0651 605.0659 605.0652 605.0677
-9999 -9999 604.5138 604.9146 604.9138 604.9161 604.9226 604.9212 604.9251 604.9304 604.931 604.9388 604.9377 604.9393 604.9454 604.9445 604.9499 604.952 604.9519 604.9592 604.9583 604.9593 604.9651 604.9641 604.9649 604.9707 604.9697 604.9732 604.9755 604.9745 604.9768 604.9805 604.9793 604.9846 604.9849 604.9863 604.9904 604.9895 604.991 604.9946 604.9936 604.9962 604.9987 604.9973 605.0008 605.0019 605.0013 605.0015 605.0057 605.0046 605.0074 605.009 605.0078 605.0099 605.0117 605.0107 605.0099 605.015 605.014 605.0128 605.0153 605.016 605.0151 605.0184
-9999 -9999 604.3298 604.8447 604.8439 604.8476 604.8541 604.8527 604.8579 604.8632 604.8651 604.8729 604.8719 604.8746 604.8807 604.8799 604.8865 604.8885 604.8896 604.8969 604.8959 604.8981 604.9038 604.9028 604.9047 604.9105 604.9095 604.914 604.9163 604.9152 604.9187 604.9222 604.9211 604.9274 604.9277 604.93 604.9341 604.933 604.9356 604.9392 604.9382 604.9415 604.944 604.9425 604.9471 604.9482 604.9474 604.9486 604.9528 604.9518 604.9553 604.9569 604.9554 604.9586 604.9603 604.9594 604.9592 604.9643 604.9633 604.9622 604.9653 604.9661 604.965 604.9692
-9999 -9999 604.1457 604.775 604.774 604.7791 604.7856 604.7843 604.7908 604.796 604.7993 604.8071 604.8061 604.81 604.816 604.8151 604.823 604.825 604.8273 604.8346 604.8336 604.8369 604.8425 604.8416 604.8445 604.8503 604.8491 604.8548 604.8571 604.856 604.8605 604.864 604.8639 604.8702 604.8705 604.8737 604.8777 604.8766 604.8801 604.8838 604.8829 604.887 604.8894 604.8879 604.8933 604.8944 604.8936 604.8957 604.8998 604.8989 604.9032 604.9048 604.9031 604.9072 604.9089 604.908 604.9086 604.9137 604.9127 604.9114 604.9154 604.9162 604.9152 604.9199
-9999 -9999 603.9617 604.7235 604.7042 604.7106 604.7172 604.7158 604.7236 604.7289 604.7335 604.7413 604.7402 604.7453 604.7513 604.7515 604.7596 604.7615 604.765 604.7723 604.7713 604.7756 604.7813 604.7804 604.7842 604.79 604.7895 604.7956 604.7979 604.7969 604.8024 604.8058 604.8067 604.8129 604.8133 604.8173 604.8214 604.8204 604.8247 604.8283 604.8274 604.8324 604.8348 604.8337 604.8396 604.8407 604.8399 604.8428 604.8469 604.8458 604.8511 604.8527 604.8511 604.8558 604.8576 604.8566 604.858 604.863 604.8621 604.8608 604.8655 604.8663 604.8658 604.8707
-9999 -9999 603.7776 604.6824 604.6345 604.6422 604.6487 604.6478 604.6564 604.6618 604.6676 604.6754 604.6743 604.6806 604.6866 604.688 604.6961 604.698 604.7026 604.71 604.7089 604.7144 604.72 604.7192 604.7241 604.7298 604.7303 604.7364 604.7386 604.7378 604.7442 604.7476 604.7495 604.7557 604.7558 604.761 604.7651 604.7641 604.7693 604.7729 604.7723 604.7778 604.7802 604.78 604.7858 604.7869 604.7863 604.7899 604.794 604.7937 604.799 604.8005 604.7991 604.8044 604.8062 604.8051 604.8074 604.8124 604.8115 604.8107 604.8156 604.8163 604.8166 604.8214
-9999 605.1508 603.5936 604.6412 604.5654 604.5737 604.5802 604.5806 604.5892 604.5947 604.6018 604.6094 604.6085 604.6159 604.6219 604.6246 604.6327 604.6345 604.6403 604.6476 604.6465 604.6532 604.6587 604.658 604.6638 604.6696 604.6711 604.6772 604.6794 604.6796 604.686 604.6893 604.6923 604.6985 604.6987 604.7047 604.7087 604.7082 604.7138 604.7175 604.7178 604.7232 604.7255 604.7263 604.7321 604.7332 604.7326 604.7369 604.7411 604.7416 604.7468 604.7484 604.7476 604.7531 604.7549 604.7536 604.7568 604.7618 604.7609 604.7608 604.7657 604.7665 604.7673 604.7722
-9999 604.9523 603.4095 604.5132 604.4998 604.5052 604.5117 604.5134 604.522 604.5275 604.5359 604.5435 604.5435 604.5512 604.5573 604.5612 604.5692 604.5711 604.578 604.5852 604.5842 604.592 604.5974 604.5974 604.6036 604.6094 604.6119 604.618 604.6202 604.6215 604.6279 604.6311 604.6351 604.6414 604.6422 604.6483 604.6524 604.6528 604.6584 604.662 604.6631 604.6686 604.6709 604.6725 604.6783 604.6794 604.6788 604.684 604.6882 604.6895 604.6946 604.6963 604.6962 604.7017 604.7035 604.7023 604.7061 604.7112 604.7102 604.7109 604.7158 604.7166 604.7181 604.723
-9999 604.7539 603.2255 604.3292 604.4993 604.4825 604.4158 604.3557 604.3799 604.4249 604.4329 604.4622 604.4902 604.4895 604.4926 604.4977 604.5058 604.5078 604.5157 604.5228 604.523 604.5308 604.5361 604.5372 604.5434 604.5491 604.5527 604.5588 604.561 604.5634 604.5697 604.5729 604.5779 604.5841 604.5858 604.5919 604.5961 604.5973 604.603 604.6066 604.6086 604.6141 604.6162 604.6188 604.6246 604.6257 604.6258 604.6311 604.6353 604.6373 604.6425 604.6441 604.6448 604.6503 604.6521 604.6509 604.6555 604.6606 604.6596 604.661 604.6659 604.6667 604.6688 604.6737
-9999 604.5554 603.0414 604.1452 604.2651 604.1985 604.1319 604.075 604.1025 604.1476 604.1582 604.1906 604.2356 604.244 604.2879 604.3065 604.3273 604.3735 604.3812 604.4103 604.4571 604.4589 604.4795 604.4785 604.4832 604.4889 604.4935 604.4996 604.5018 604.5052 604.5115 604.5146 604.5206 604.5269 604.5294 604.5356 604.5397 604.5419 604.5475 604.5511 604.554 604.5595 604.5616 604.5651 604.5709 604.572 604.5728 604.5781 604.5823 604.5852 604.5904 604.592 604.5934 604.599 604.6008 604.5995 604.6049 604.6099 604.6089 604.6111 604.616 604.6168 604.6196 604.6245
-9999 604.357 602.8574 603.9611 603.9812 603.9146 603.848 603.7943 603.8252 603.8703 603.8857 603.9189 603.962 603.9767 604.0207 604.026 604.043 604.0892 604.0933 604.1224 604.1646 604.1634 604.2012 604.2397 604.2551 604.3032 604.3273 604.334 604.3806 604.41 604.4327 604.4692 604.4683 604.4697 604.4731 604.4792 604.4834 604.4865 604.4921 604.4957 604.4995 604.5049 604.507 604.5113 604.5172 604.5182 604.5199 604.5252 604.5294 604.533 604.5383 604.5399 604.5421 604.5476 604.5494 604.5488 604.5543 604.5593 604.5583 604.5612 604.5661 604.5669 604.5704 604.5752
-9999 604.1586 602.6734 603.6982 603.6973 603.6306 603.564 603.5135 603.5479 603.5917 603.6127 603.6473 603.6882 603.7095 603.7534 603.7473 603.7586 603.8049 603.8054 603.8345 603.869 603.8679 603.9057 603.9363 603.9597 604.0078 604.0316 604.0473 604.0939 604.1221 604.1448 604.1917 604.1937 604.2383 604.2701 604.2768 604.3256 604.3536 604.367 604.4144 604.4379 604.4542 604.4565 604.4576 604.4634 604.4645 604.467 604.4723 604.4765 604.4809 604.4861 604.4877 604.4907 604.4962 604.498 604.4982 604.5037 604.5087 604.5078 604.5113 604.5162 604.5169 604.5211 604.5259
-9999 603.9601 602.4893 603.3946 603.3935 603.3467 603.2801 603.2328 603.2706 603.3107 603.3387 603.3757 603.4145 603.4423 603.4859 603.4733 603.4743 603.5185 603.5175 603.5466 603.5735 603.5724 603.6102 603.6329 603.6642 603.7153 603.7359 603.7606 603.8072 603.8342 603.8569 603.8994 603.8982 603.9428 603.9666 603.9801 604.029 604.0507 604.0754 604.1228 604.1472 604.1675 604.2141 604.2295 604.2224 604.2623 604.3003 604.3169 604.3663 604.3819 604.392 604.4429 604.4453 604.4449 604.4467 604.4476 604.453 604.4581 604.4571 604.4614 604.4663 604.467 604.4719 604.4767
-9999 603.7617 602.3053 603.0911 603.0902 603.0627 602.9962 602.9521 602.9933 603.0298 603.0648 603.1041 603.1407 603.175 603.2169 603.1994 603.1899 603.2306 603.2294 603.2587 603.278 603.277 603.3148 603.3295 603.3687 603.4229 603.4405 603.4739 603.5204 603.5463 603.569 603.6039 603.6027 603.6473 603.6633 603.6834 603.7322 603.7568 603.7838 603.8312 603.8593 603.8808 603.9274 603.9415 603.9304 603.9603 603.9968 604.0134 604.0629 604.0701 604.0801 604.131 604.1473 604.1422 604.173 604.2233 604.2222 604.2411 604.2966 604.3124 604.3403 604.3976 604.4081 604.4069
-9999 603.5632 602.1213 602.7876 602.7866 602.7788 602.7122 602.6714 602.7159 602.7492 602.7909 602.8334 602.8667 602.9077 602.943 602.9255 602.9056 602.9427 602.9415 602.9708 602.9825 602.9815 603.0193 603.0256 603.0732 603.1306 603.1484 603.1872 603.2338 603.2583 603.2811 603.3082 603.3073 603.3519 603.3599 603.3868 603.4354 603.4628 603.4921 603.5419 603.5714 603.5941 603.6407 603.6535 603.6423 603.6583 603.6934 603.71 603.7588 603.7584 603.7682 603.8191 603.8265 603.8214 603.8345 603.8831 603.882 603.9009 603.9564 603.9615 603.9895 604.0468 604.046 604.0448
-9999 603.3647 601.9372 602.4841 602.4833 602.4823 602.4283 602.3936 602.4387 602.4692 602.517 602.5635 602.5966 602.6403 602.6688 602.6516 602.6213 602.6548 602.6535 602.6829 602.6871 602.686 602.7234 602.7297 602.7808 602.8383 602.8605 602.9005 602.9471 602.9703 602.9932 603.0128 603.0118 603.0564 603.0565 603.0901 603.1386 603.1689 603.2005 603.2527 603.2835 603.3074 603.3539 603.3655 603.3544 603.3563 603.3899 603.4065 603.4471 603.4465 603.4564 603.5071 603.5057 603.5006 603.4959 603.5428 603.5417 603.5606 603.6115 603.6107 603.6386 603.685 603.6838 603.6827
-9999 603.1663 601.7475 602.1807 602.18 602.1785 602.1443 602.1163 602.1613 602.1966 602.2451 602.2936 602.3293 602.3729 602.395 602.3776 602.3403 602.3669 602.3655 602.3929 602.3916 602.3906 602.4201 602.4342 602.4883 602.5459 602.5726 602.6138 602.6603 602.6824 602.7053 602.7172 602.7162 602.7542 602.7532 602.7935 602.8378 602.8749 602.9088 602.9614 602.9956 603.0206 603.0673 603.0775 603.0663 603.0542 603.0864 603.1031 603.135 603.1346 603.1445 603.1863 603.1849 603.1798 603.1573 603.2026 603.2015 603.2204 603.2606 603.2598 603.2877 603.3229 603.3216 603.3206
-9999 602.9679 601.5475 601.8773 601.8765 601.8751 601.8604 601.8389 601.884 601.9241 601.9734 602.0237 602.062 602.1055 602.1212 602.1036 602.0594 602.079 602.0775 602.0976 602.0961 602.0951 602.1164 602.1387 602.1958 602.2535 602.2847 602.327 602.3737 602.3943 602.4174 602.4218 602.4208 602.4507 602.4495 602.4966 602.5343 602.5809 602.6172 602.6661 602.7077 602.7339 602.7806 602.7896 602.7784 602.7521 602.783 602.7996 602.8232 602.8228 602.8326 602.8654 602.8641 602.859 602.8187 602.8623 602.8613 602.8801 602.9097 602.9089 602.9368 602.9606 602.9594 602.9583
-9999 602.7694 601.3477 601.5738 601.5729 601.572 601.571 601.5616 601.6067 601.6516 601.7018 601.7537 601.7946 601.838 601.8473 601.8297 601.7829 601.791 601.7896 601.8019 601.8007 601.7996 601.8127 601.8463 601.9034 601.9612 601.9968 602.0403 602.087 602.1064 602.1276 602.1263 602.1253 602.1474 602.1512 602.1998 602.2308 602.287 602.3277 602.373 602.4198 602.4473 602.4938 602.5016 602.4904 602.4501 602.4796 602.4962 602.5114 602.5109 602.5207 602.5447 602.5433 602.5382 602.4849 602.5221 602.5211 602.5399 602.5589 602.558 602.586 602.5983 602.5972 602.5961
-9999 602.571 601.1477 601.226 601.2682 601.3067 601.2985 601.2878 601.3293 601.379 601.4312 601.4838 601.5272 601.5706 601.5734 601.5558 601.5089 601.503 601.5015 601.5061 601.5052 601.5042 601.5093 601.5538 601.6111 601.6689 601.7089 601.7537 601.8002 601.8184 601.8318 601.8308 601.8298 601.8441 601.8546 601.9029 601.9356 601.9927 602.0385 602.0851 602.1319 602.1605 602.2072 602.2136 602.2024 602.1538 602.1761 602.1927 602.1996 602.199 602.2088 602.224 602.2225 602.2174 602.1628 602.1818 602.1808 602.1996 602.2081 602.2072 602.2351 602.236 602.235 602.2339
-9999 602.3726 601.062 600.727 600.9255 601.0035 600.98 600.9427 601.0155 601.041 601.145 601.1843 601.2817 601.3005 601.2996 601.2819 601.2778 601.173 601.1485 601.1097 601.09 601.2108 601.2988 601.27 601.3187 601.3741 601.421 601.4669 601.5135 601.5304 601.5363 601.5353 601.5344 601.5406 601.5578 601.6061 601.6417 601.6972 601.7491 601.7972 601.844 601.8738 601.9205 601.9256 601.9144 601.8658 601.8726 601.8886 601.8879 601.8871 601.8969 601.9033 601.9017 601.8966 601.842 601.8416 601.8406 601.8582 601.8574 601.8563 601.8754 601.8738 601.8728 601.8718
