samples/sfe_24/sfe_24_c2/sfe_24_c2/sfe_24_c2.asc
ncols         275
nrows         75
xllcorner     98.60000000149
yllcorner     70.60000000149
cellsize      0.7
NODATA_value  -9999
[rows 28 to 55 of 75, columns 0 to 63 of 275]
-9999 602.1741 600.524 600.5518 600.6225 600.6835 600.5848 600.5168 600.5125 600.5922 600.6058 600.801 600.819 600.762 600.8725 601.043 601.0818 600.9457 600.767 600.726 600.8152 600.9213 600.9085 600.819 600.783 600.8652 600.9308 601.1835 601.2382 601.272 601.2527 601.2003 601.2035 601.2208 601.2609 601.3093 601.3477 601.4033 601.4599 601.5093 601.5561 601.5872 601.6337 601.6378 601.6264 601.5778 601.5692 601.577 601.576 601.5752 601.5835 601.5826 601.5809 601.5758 601.5212 601.5013 601.5003 601.5075 601.5066 601.5054 601.5131 601.5116 601.5106 601.5096
-9999 601.9756 600.507 600.5128 600.3701 600.3672 600.4402 600.3802 600.2753 600.401 600.4355 600.6645 600.6385 600.483 600.4725 600.617 600.8018 600.7938 600.5867 600.5203 600.6658 600.661 600.5287 600.585 600.648 600.7313 600.7388 600.7512 600.9778 601.0267 600.8923 600.7933 600.8503 600.8447 600.8345 601.0153 601.1675 601.2413 601.2598 601.2515 601.2682 601.3004 601.347 601.3499 601.3384 601.2899 601.2657 601.2653 601.2643 601.2633 601.2629 601.2617 601.2601 601.255 601.2347 601.1448 601.261 601.2883 601.25 601.2108 601.1268 601.104 601.104 601.099
-9999 601.7772 600.2502 600.322 600.1823 600.1813 600.3068 600.1768 600.1995 600.3495 600.4478 600.5118 600.4033 600.2785 600.1932 600.3832 600.5815 600.6155 600.4205 600.3445 600.468 600.3835 600.3508 600.4838 600.5933 600.6135 600.6523 600.7125 600.784 600.7023 600.5397 600.5623 600.7648 600.7393 600.6182 600.7295 600.9165 600.8743 600.8358 600.9608 601.1083 600.9717 600.8333 600.8875 600.914 600.838 600.8762 601.036 601.0682 600.9297 600.869 600.942 600.9987 600.956 600.8187 600.8885 601.0192 600.94 600.8517 600.882 600.9642 600.9897 600.983 600.9725
-9999 601.5787 600.1518 600.24 600.1867 600.1185 600.0305 599.9453 599.9998 600.1955 600.336 600.279 600.1322 600.0535 600.123 600.2108 600.2505 600.3672 600.3515 600.2612 600.2055 600.1205 600.1005 600.253 600.3088 600.3575 600.4348 600.535 600.5353 600.3685 600.288 600.462 600.685 600.6655 600.5945 600.6083 600.7028 600.651 600.638 600.73 600.7808 600.6868 600.5107 600.5345 600.641 600.5927 600.54 600.6127 600.7003 600.7015 600.711 600.8375 600.9355 600.9142 600.7733 600.689 600.6855 600.6877 600.6865 600.7415 600.8853 600.9258 600.837 600.7587
-9999 601.3803 600.0718 600.0795 600.0867 600.039 599.9632 599.9527 599.8787 599.9737 600.141 600.1407 600.018 600.039 600.174 600.1062 599.9945 600.0695 600.1713 600.1385 600.0598 600.0477 600.065 600.076 600.1125 600.04 600.1248 600.2955 600.32 600.1747 600.1852 600.266 600.3488 600.3493 600.3625 600.3937 600.395 600.436 600.4462 600.5335 600.591 600.4327 600.2325 600.2938 600.4865 600.5458 600.4117 600.3873 600.4495 600.503 600.5068 600.5685 600.5775 600.6035 600.6483 600.5187 600.3848 600.4603 600.5458 600.5497 600.5632 600.5642 600.452 600.428
-9999 601.1901 599.9255 599.9 599.907 599.9774 600.0038 600.0845 599.9365 599.9207 600.0863 600.18 600.1083 600.1145 600.1738 600.072 599.9142 599.8788 599.9147 599.9658 600.1042 600.1485 600.1605 600.1565 600.1428 600.0345 600.012 600.1605 600.2565 600.189 600.1635 600.0715 599.9895 600.0178 600.0437 600.0513 600.0835 600.1 600.1588 600.2395 600.3268 600.2457 600.0787 600.1178 600.2985 600.4358 600.4025 600.3652 600.2753 600.1953 600.1987 600.1913 600.1877 600.2748 600.446 600.3787 600.2209 600.1925 600.223 600.2067 600.1945 600.1912 600.1365 600.2195
-9999 601.0145 599.9885 599.886 599.9592 600.0175 600.0715 600.1545 600.0235 599.9385 600.104 600.2488 600.143 600.0472 600.095 600.0134 600.0082 599.9787 599.883 599.8702 600.1172 600.2227 600.2363 600.1848 600.0737 599.9843 600.0786 600.1588 600.1097 599.996 599.9795 599.8755 599.786 599.8268 599.977 599.9578 599.8855 600.0185 600.1015 600.0947 600.0855 600.1113 600.0657 599.9603 600.0292 600.2147 600.295 600.19 599.9943 599.9888 600.0892 600.0443 600.0245 600.158 600.324 600.3265 600.2612 600.19 600.0807 599.9642 599.9277 599.9405 599.967 600.0283
-9999 600.8391 600.1017 600.0447 600.1515 600.148 600.0292 600.1378 600.091 600.015 600.1702 600.296 600.1185 599.9315 599.9503 600.0565 600.0875 600.1405 599.9943 599.8663 599.9542 600.025 600.098 600.0717 599.9525 599.9642 599.9758 600.007 599.979 599.9367 599.933 599.9305 599.929 599.967 600.0932 600.012 599.8675 599.9323 600.0338 599.9573 599.8802 600.0313 600.1425 600.027 599.9893 600.1115 600.1188 599.966 599.796 599.946 600.104 600.0175 600.0113 600.1683 600.1772 600.0978 600.1592 600.214 600.0748 599.933 599.9808 600.029 600.0543 600.0552
-9999 600.6635 600.186 600.1255 600.2607 600.2467 600.1467 600.2797 600.2632 600.1683 600.251 600.3958 600.261 600.0648 599.9605 599.9655 600.0292 600.1145 600.0057 599.862 599.8818 599.9018 599.9688 600.045 599.9177 599.825 599.8602 599.8585 599.9323 600.0313 600.0375 600.0365 600.033 600.0575 600.1293 599.9593 599.8983 599.8702 599.8853 599.8523 599.875 600.0198 600.1525 600.124 600.0778 600.09 600.0123 599.857 599.7527 599.903 600.0175 599.927 599.9275 600.089 600.0358 599.9167 599.9807 600.1147 600 599.8815 599.9943 600.0681 600.08 600.0787
-9999 600.8077 600.4973 600.3782 600.3412 600.2808 600.3265 600.4952 600.5933 600.413 600.3335 600.4142 600.4575 600.3577 600.1062 600.126 600.1953 600.1417 600.0103 600.0265 600.0945 600.0012 599.9222 599.9553 599.9258 599.985 600.03 599.9077 599.8657 599.9615 599.9688 599.9515 599.949 599.972 600.0905 600.1195 600.063 600.0165 600.0092 600.007 600.0415 600.0917 600.171 600.0851 599.9728 599.9285 599.8577 599.7975 599.893 599.9692 599.8757 599.761 599.886 600.0565 600.0732 599.9918 600.0363 600.0945 599.9503 599.8035 599.8458 599.9058 599.9047 599.9035
-9999 601.2235 600.925 600.8342 600.6905 600.5927 600.575 600.7003 600.86 600.7133 600.5283 600.5002 600.5315 600.4715 600.3243 600.3484 600.4932 600.3955 600.255 600.3127 600.378 600.2005 600.0767 600.1487 600.1945 600.2945 600.2487 600.083 600.011 600.0805 600.095 600.0778 600.0547 600.056 600.0647 600.047 600.0415 600.038 600.0365 600.024 600.0075 600.0073 600.0895 600.0892 599.9293 599.8317 599.9183 599.9553 600.0667 600.0185 599.83 599.697 599.8782 600.043 600.0347 599.9402 599.9276 599.9871 599.9194 599.791 599.8565 599.9167 599.9157 599.9135
604.5941 601.293 601.2238 601.1823 601.175 600.9783 600.8505 601.0045 601.1857 601.0815 600.9293 600.7592 600.7648 600.6498 600.4935 600.5472 600.6045 600.6045 600.6135 600.5812 600.5215 600.3967 600.3743 600.5018 600.4667 600.4995 600.485 600.3488 600.3088 600.442 600.412 600.3475 600.3057 600.284 600.1122 600.023 600.057 600.0627 600.0563 600.0515 600.0182 599.9377 600.0417 600.1415 599.9897 599.926 600.0883 600.1492 600.1453 599.9912 599.8173 599.712 599.8532 599.976 599.9698 599.8885 599.926 599.9715 599.8665 599.8232 600.0405 600.126 600.0812 600
604.3956 601.5179 601.4308 601.373 601.3257 601.308 601.307 601.3055 601.3045 601.3031 601.2828 601.2473 601.2413 601.1235 600.8915 600.7413 600.6965 600.679 600.7387 600.7862 600.6025 600.6105 600.7713 600.773 600.6225 600.5558 600.6268 600.625 600.5963 600.6165 600.5685 600.374 600.3743 600.4518 600.2635 600.2112 600.3495 600.3887 600.3555 600.3565 600.2932 600.146 600.134 600.2462 600.1063 599.929 600.0713 600.2067 600.1735 599.969 599.8935 599.8638 599.8967 599.9272 600.031 600.0565 600.0347 599.919 599.8459 599.8903 600.0803 600.142 600.0623 599.9148
604.1972 601.77 601.6995 601.65 601.6027 601.5887 601.5836 601.5792 601.5783 601.5701 601.5342 601.4889 601.4338 601.3538 601.278 601.235 601.102 600.8935 600.9512 600.9775 600.829 600.9082 601.1113 600.9825 600.7785 600.6725 600.7608 600.7267 600.695 600.6122 600.5853 600.4398 600.4877 600.6122 600.4847 600.4893 600.5928 600.5285 600.4418 600.5115 600.5775 600.3663 600.3225 600.3985 600.2632 600.032 600.1287 600.2943 600.3337 600.219 600.1835 600.162 600.149 600.1118 600.088 600.065 600.0545 600.0612 600.0593 600.0513 599.995 599.9897 600.0048 600.0047
603.9987 602.022 601.9683 601.927 601.8797 601.8693 601.8572 601.8529 601.8521 601.8372 601.8013 601.7572 601.7021 601.6147 601.5387 601.4689 601.4016 601.3146 601.2737 601.2105 601.1917 601.2598 601.374 601.3145 601.141 600.9825 600.9415 600.9015 600.8635 600.8397 600.688 600.7145 600.8425 600.9218 600.8032 600.7392 600.7933 600.724 600.6157 600.625 600.7708 600.7128 600.6322 600.6472 600.437 600.213 600.294 600.456 600.5735 600.5657 600.527 600.5157 600.4752 600.4157 600.1483 600.0545 600.1355 600.2988 600.2692 600.1415 599.917 599.8725 599.9548 600.1302
603.8003 602.2895 602.2371 602.204 602.1568 602.1499 602.1309 602.1266 602.1258 602.1043 602.0684 602.0255 601.9637 601.8755 601.8141 601.75 601.6838 601.5983 601.542 601.5108 601.5032 601.5021 601.4985 601.4941 601.4547 601.4096 601.3843 601.3352 601.2789 601.2238 601.0917 601.0432 601.1795 601.2235 601.18 601.0307 600.9522 601.0305 600.966 600.8773 601.0338 600.998 601.0157 600.9083 600.6835 600.453 600.4873 600.6747 600.7257 600.6588 600.608 600.595 600.5533 600.4915 600.255 600.249 600.4333 600.5007 600.3 600.1372 600.0513 600.0652 600.008 600.0953
603.6019 602.563 602.5137 602.4809 602.4339 602.4305 602.4046 602.4003 602.3991 602.3714 602.3355 602.2938 602.2245 602.1399 602.0895 602.0374 601.9715 601.8911 601.8357 601.8138 601.7985 601.7975 601.7863 601.7818 601.7411 601.6973 601.672 601.6229 601.5667 601.5132 601.455 601.4174 601.367 601.3654 601.3615 601.3602 601.3586 601.3548 601.3302 601.2811 601.259 601.248 601.2155 601.1435 600.9767 600.6925 600.7675 600.8875 600.874 600.699 600.642 600.5842 600.5705 600.497 600.375 600.478 600.633 600.6508 600.409 600.281 600.3488 600.4108 600.2557 600.2092
603.4034 602.8369 602.7943 602.7579 602.712 602.7111 602.6783 602.674 602.6683 602.6385 602.6026 602.5621 602.4854 602.4171 602.3649 602.3203 602.2589 602.1838 602.1295 602.1173 602.0938 602.0928 602.074 602.0695 602.0276 601.985 601.9597 601.9128 601.8546 601.8069 601.7584 601.7126 601.6696 601.6687 601.6567 601.6553 601.647 601.6425 601.6179 601.5688 601.5468 601.4976 601.4355 601.3646 601.2927 601.1597 601.0862 601.1552 601.177 600.9017 600.7742 600.763 600.8273 600.7322 600.614 600.5908 600.6435 600.6022 600.4845 600.477 600.644 600.6497 600.5027 600.462
603.205 603.1106 603.0749 603.0349 602.9924 602.9913 602.952 602.9476 602.9355 602.9056 602.8697 602.8304 602.7463 602.6971 602.643 602.6025 602.5417 602.4766 602.4232 602.415 602.3891 602.3882 602.3617 602.3572 602.314 602.2728 602.2474 602.2006 602.1436 602.1007 602.0582 602.0078 601.9728 601.9717 601.952 601.9504 601.9347 601.9302 601.9056 601.8565 601.8345 601.7853 601.7214 601.6542 601.5918 601.5173 601.4434 601.3675 601.303 601.2388 601.142 601.1152 601.1583 601.0695 600.9197 600.8555 600.798 600.7823 600.718 600.7873 600.8577 600.7258 600.65 600.74
603.41 603.3804 603.3552 603.312 603.2727 603.2719 603.2256 603.2213 603.2026 603.1727 603.1397 603.0953 603.0182 602.9849 602.9247 602.8846 602.8247 602.7718 602.7248 602.7103 602.6844 602.6836 602.6494 602.645 602.6005 602.5605 602.5352 602.4884 602.4338 602.3944 602.3533 602.303 602.2761 602.2725 602.2473 602.2457 602.2224 602.2179 602.1934 602.1442 602.1222 602.0731 602.0074 601.9438 601.8909 601.8187 601.7527 601.6763 601.6181 601.5576 601.4974 601.4324 601.3665 601.3016 601.2332 601.2135 601.2142 601.1417 601.1143 601.0892 601.088 600.867 600.848 600.9542
603.662 603.6492 603.6354 603.5891 603.5532 603.5461 603.4993 603.495 603.4698 603.4398 603.4134 603.3561 603.2955 603.2607 603.2063 603.1668 603.1121 603.067 603.0282 603.0056 602.9797 602.9786 602.9371 602.9327 602.887 602.8482 602.8229 602.7762 602.7239 602.6881 602.6486 602.5982 602.5792 602.5678 602.5426 602.541 602.5101 602.5056 602.4811 602.4319 602.4099 602.3656 602.298 602.2334 602.1901 602.1199 602.0602 601.9969 601.9333 601.8765 601.8251 601.7585 601.6946 601.6396 601.5713 601.5024 601.44 601.3696 601.2994 601.2536 601.2267 601.0632 601.0547 601.0802
603.9327 603.9179 603.9131 603.8662 603.8337 603.8198 603.773 603.7687 603.7369 603.7068 603.6867 603.6194 603.5726 603.5361 603.488 603.449 603.4048 603.3622 603.3315 603.301 603.275 603.274 603.2249 603.2204 603.1734 603.1359 603.1106 603.064 603.0141 602.9818 602.9437 602.8934 602.8824 602.8631 602.8379 602.8364 602.7979 602.7933 602.7688 602.7197 602.6976 602.6517 602.5895 602.5239 602.4892 602.4213 602.3676 602.3129 602.2493 602.1953 602.1512 602.0849 602.0226 601.9777 601.9094 601.8404 601.7886 601.7214 601.6523 601.6156 601.5575 601.5095 601.452 601.4101
604.2064 604.1976 604.1901 604.1433 604.1143 604.0935 604.0467 604.0423 604.0042 603.9739 603.9587 603.8966 603.8499 603.8177 603.7696 603.7443 603.6976 603.6574 603.6349 603.5963 603.5703 603.5617 603.5126 603.5081 603.4599 603.4236 603.3983 603.3538 603.3083 603.2758 603.239 603.1886 603.1856 603.1584 603.1332 603.1316 603.0856 603.0811 603.0565 603.0074 602.9854 602.9376 602.881 602.8271 602.7883 602.7255 602.6751 602.6281 602.5669 602.5142 602.4773 602.4133 602.3507 602.3157 602.2473 602.18 602.1371 602.077 602.0051 601.9775 601.9196 601.8716 601.8141 601.7842
604.4797 604.478 604.4672 604.4204 604.3948 604.3672 604.3204 604.316 604.2713 604.241 604.2269 604.1738 604.1365 604.0994 604.0523 604.0398 603.9904 603.9512 603.9382 603.8915 603.8655 603.8494 603.8003 603.7953 603.7463 603.7114 603.6901 603.644 603.6033 603.5787 603.5341 603.4899 603.4889 603.4537 603.4285 603.4224 603.3733 603.3688 603.3442 603.2951 603.2731 603.2236 603.1724 603.1302 603.092 603.0329 602.9825 602.9432 602.8845 602.833 602.8034 602.7417 602.6788 602.6538 602.5853 602.5218 602.4857 602.4298 602.361 602.3395 602.2817 602.2336 602.1762 602.1584
604.5371 604.5312 604.5252 604.5193 604.5133 604.5075 604.5015 604.4954 604.4911 604.4895 604.488 604.451 604.4243 604.381 604.3401 604.3347 604.2831 604.2449 604.2372 604.1868 604.1607 604.1371 604.088 604.0817 604.0328 603.9991 603.9856 603.9341 603.8986 603.8797 603.8293 603.7933 603.7922 603.749 603.7238 603.7101 603.661 603.6565 603.632 603.5828 603.5608 603.5136 603.4639 603.4336 603.4014 603.3403 603.29 603.2584 603.2021 603.1519 603.1295 603.0701 603.0081 602.9919 602.9232 602.8636 602.8342 602.7826 602.7173 602.7015 602.6437 602.5957 602.5383 602.5325
604.5803 604.5743 604.5684 604.5626 604.5566 604.5513 604.5453 604.5393 604.5355 604.5294 604.5234 604.5173 604.5108 604.5056 604.4993 604.4931 604.4887 604.4824 604.4792 604.4785 604.4559 604.4249 604.3757 604.3682 604.3193 604.2868 604.2739 604.2243 604.1938 604.1749 604.1246 604.0967 604.0946 604.0443 604.019 603.9979 603.9487 603.9442 603.9197 603.8705 603.8485 603.8051 603.7547 603.7369 603.7027 603.6477 603.601 603.5739 603.5197 603.4785 603.4556 603.3984 603.3484 603.33 603.2635 603.2109 603.1828 603.1354 603.0735 603.0635 603.0166 602.9578 602.9078 602.9067
604.6235 604.6176 604.6116 604.6059 604.5999 604.5952 604.5892 604.5833 604.5799 604.5738 604.5684 604.5622 604.5557 604.5511 604.5449 604.5387 604.5349 604.5286 604.5225 604.5165 604.5101 604.5042 604.4978 604.4913 604.4886 604.4813 604.4739 604.4708 604.468 604.4667 604.4197 604.4 604.3899 604.3395 604.3143 604.2856 604.2365 604.2319 604.2074 604.1583 604.1384 604.0966 604.0443 604.0403 604.0076 603.9551 603.9212 603.8914 603.8373 603.8083 603.7827 603.7269 603.6886 603.668 603.6053 603.5616 603.5325 603.4902 603.4297 603.4254 603.3878 603.3199 603.2819 603.2808
604.6667 604.6608 604.6549 604.6492 604.6432 604.639 604.633 604.6277 604.6243 604.6182 604.6133 604.6071 604.6006 604.5967 604.5905 604.5845 604.5811 604.5748 604.5693 604.5633 604.5569 604.5516 604.5452 604.5388 604.5366 604.5293 604.5223 604.5195 604.5121 604.5058 604.5033 604.4962 604.4892 604.4841 604.4766 604.4716 604.467 604.4594 604.4572 604.446 604.4339 604.388 604.3446 604.3435 604.315 604.2626 604.2418 604.209 604.1549 604.1384 604.1111 604.0552 604.0286 604.006 603.9471 603.9121 603.894 603.8464 603.7885 603.7874 603.7499 603.6819 603.656 603.655
