samples/sfe_24/sfe_24_c2/sfe_24_c2/sfe_24_c2.asc
ncols         275
nrows         75
xllcorner     98.60000000149
yllcorner     70.60000000149
cellsize      0.7
NODATA_value  -9999
[rows 0 to 27 of 75, columns 192 to 255 of 275]
605.2703 605.2691 605.2676 605.2664 605.265 605.264 605.2631 605.2621 605.2608 605.2596 605.2581 605.2568 605.2556 605.2546 605.2536 605.2526 605.2513 605.2501 605.2486 605.2471 605.2461 605.2451 605.2441 605.2428 605.2418 605.2406 605.2389 605.2375 605.2368 605.2353 605.2343 605.2333 605.2319 605.2308 605.2293 605.2286 605.227 605.2257 605.2244 605.2234 605.2224 605.2209 605.2201 605.2189 605.2171 605.2158 605.2148 605.2134 605.2124 605.2111 605.2101 605.2089 605.2072 605.2057 605.2048 605.2033 605.2024 605.2014 605.2 605.1988 605.1973 605.1956 605.1946 605.1932
605.2234 605.2225 605.2208 605.2196 605.2175 605.2166 605.2157 605.2147 605.2127 605.2117 605.2101 605.2089 605.2068 605.2058 605.2049 605.2039 605.2018 605.2008 605.1992 605.1975 605.1959 605.195 605.194 605.1919 605.191 605.1898 605.1876 605.186 605.1852 605.183 605.1819 605.181 605.1787 605.1778 605.1762 605.1746 605.1732 605.1718 605.1695 605.1685 605.1677 605.1653 605.1644 605.1632 605.1608 605.1592 605.1582 605.1558 605.1548 605.1534 605.1516 605.1504 605.148 605.1463 605.1453 605.1428 605.1418 605.141 605.1382 605.1373 605.1357 605.1331 605.132 605.1303
605.1766 605.1757 605.1741 605.1729 605.1705 605.1692 605.1683 605.1673 605.1646 605.1636 605.1621 605.1609 605.1581 605.157 605.1562 605.1552 605.1523 605.1514 605.1498 605.1482 605.1458 605.1449 605.1439 605.1409 605.1401 605.1389 605.1362 605.1344 605.1337 605.1309 605.1295 605.1287 605.126 605.1246 605.1231 605.1204 605.1193 605.1178 605.1152 605.1137 605.1129 605.1096 605.1086 605.1075 605.1042 605.1027 605.1016 605.0982 605.0974 605.0959 605.093 605.092 605.0894 605.087 605.0859 605.0822 605.0814 605.0805 605.0765 605.0757 605.0741 605.0707 605.0694 605.0677
605.1297 605.1288 605.1274 605.1262 605.1238 605.1218 605.1209 605.1199 605.1164 605.1155 605.1141 605.1129 605.1097 605.1083 605.1075 605.1065 605.1028 605.102 605.1004 605.0988 605.0957 605.0948 605.0938 605.09 605.0892 605.0881 605.0845 605.0829 605.0821 605.0787 605.0771 605.0763 605.0737 605.0714 605.0701 605.0668 605.0655 605.0638 605.0613 605.0588 605.058 605.0538 605.0529 605.0519 605.0475 605.0463 605.0451 605.0406 605.0398 605.0384 605.0344 605.0335 605.0308 605.0278 605.0265 605.0225 605.0208 605.02 605.0148 605.014 605.0125 605.0084 605.0068 605.0051
605.083 605.0821 605.0807 605.0795 605.0771 605.0743 605.0735 605.0725 605.0685 605.0674 605.0662 605.0649 605.0614 605.0595 605.0588 605.0578 605.0533 605.0526 605.051 605.0495 605.0458 605.0447 605.0437 605.0392 605.0383 605.0373 605.0328 605.0315 605.0305 605.0262 605.0247 605.0239 605.0213 605.0182 605.017 605.0136 605.0115 605.0099 605.0073 605.004 605.0032 604.998 604.9972 604.9962 604.9913 604.9898 604.9885 604.9833 604.9822 604.9809 604.9758 604.975 604.9724 604.9685 604.967 604.963 604.9603 604.9595 604.9541 604.9524 604.9509 604.9456 604.9442 604.9424
605.0369 605.0353 605.034 605.0328 605.0304 605.0272 605.0261 605.0251 605.0212 605.0193 605.0181 605.0169 605.0134 605.0108 605.0101 605.0091 605.004 605.0031 605.0016 605.0001 604.9959 604.9946 604.9937 604.9886 604.9875 604.9865 604.9811 604.98 604.979 604.9738 604.9724 604.9716 604.969 604.9651 604.9639 604.9605 604.9574 604.9559 604.9534 604.9493 604.9484 604.9425 604.9415 604.9406 604.9356 604.9333 604.9319 604.926 604.9247 604.9234 604.9174 604.9166 604.9138 604.9089 604.9076 604.9036 604.8998 604.8991 604.8936 604.8907 604.8894 604.8831 604.8815 604.8798
604.9908 604.9885 604.9873 604.986 604.9836 604.98 604.9788 604.9777 604.9738 604.9713 604.9702 604.9689 604.9653 604.9623 604.9614 604.9604 604.9548 604.9537 604.9523 604.9508 604.9459 604.9446 604.9435 604.9379 604.9366 604.9356 604.9295 604.9285 604.9274 604.9222 604.9202 604.9193 604.9166 604.9119 604.9108 604.9073 604.9033 604.902 604.8994 604.8948 604.8937 604.8878 604.8857 604.8849 604.8799 604.8767 604.8754 604.8684 604.8671 604.8659 604.8591 604.858 604.8553 604.8494 604.8481 604.8442 604.8394 604.8386 604.8331 604.8291 604.8279 604.8216 604.8189 604.8172
604.9447 604.9417 604.9406 604.9393 604.937 604.9326 604.9313 604.9303 604.9265 604.9232 604.9222 604.9209 604.9173 604.9138 604.9127 604.9117 604.9058 604.9042 604.903 604.9014 604.8957 604.8945 604.8934 604.887 604.8857 604.8848 604.8784 604.8771 604.8759 604.8706 604.8679 604.8669 604.8643 604.8588 604.8577 604.8542 604.8492 604.848 604.8455 604.84 604.8389 604.833 604.83 604.8292 604.8243 604.82 604.8188 604.811 604.8096 604.8084 604.8007 604.7996 604.7968 604.7899 604.7887 604.7847 604.7792 604.7781 604.7727 604.7675 604.7664 604.7601 604.7564 604.7545
604.8986 604.895 604.8939 604.8926 604.8903 604.8851 604.884 604.8829 604.8792 604.8752 604.8741 604.8729 604.8693 604.8651 604.864 604.863 604.8571 604.8548 604.8536 604.8521 604.8455 604.8445 604.8433 604.8363 604.8348 604.834 604.8276 604.8256 604.8243 604.819 604.8157 604.8146 604.812 604.8059 604.8046 604.8011 604.7952 604.7941 604.7915 604.7852 604.7841 604.7783 604.7743 604.7736 604.7686 604.7633 604.7623 604.7545 604.752 604.7509 604.7424 604.741 604.7383 604.7305 604.7292 604.7253 604.7187 604.7177 604.7122 604.7061 604.7048 604.6985 604.694 604.6919
604.8525 604.8484 604.8472 604.8459 604.8435 604.8376 604.8365 604.8355 604.8318 604.8275 604.8262 604.8249 604.8212 604.8163 604.8152 604.8143 604.8084 604.8054 604.8043 604.8027 604.7953 604.7944 604.7932 604.7862 604.7839 604.7831 604.7767 604.774 604.7727 604.7675 604.7632 604.7622 604.7596 604.7528 604.7515 604.7479 604.7414 604.7401 604.7375 604.7302 604.7292 604.7235 604.7186 604.7179 604.713 604.7067 604.7057 604.6979 604.6945 604.6934 604.6849 604.6825 604.6798 604.6716 604.6698 604.6658 604.6581 604.6572 604.6517 604.6445 604.6432 604.637 604.6315 604.6293
604.8064 604.8018 604.8004 604.7992 604.7968 604.7905 604.7892 604.7881 604.7844 604.7794 604.7782 604.7769 604.7731 604.7675 604.7665 604.7655 604.7597 604.7559 604.7549 604.7534 604.7459 604.7444 604.7431 604.7361 604.7331 604.7323 604.7259 604.7224 604.7211 604.7159 604.7108 604.7099 604.7073 604.6999 604.6985 604.6948 604.6875 604.6862 604.6836 604.676 604.6744 604.6688 604.663 604.6622 604.6573 604.6502 604.6491 604.6414 604.637 604.6359 604.6274 604.624 604.6213 604.6131 604.6104 604.6064 604.5981 604.5967 604.5913 604.5828 604.5817 604.5755 604.5688 604.5667
604.7603 604.7549 604.7537 604.7524 604.7501 604.7438 604.7418 604.7407 604.7371 604.7313 604.7302 604.7289 604.7251 604.7189 604.7178 604.7168 604.711 604.7065 604.7056 604.704 604.6966 604.6943 604.693 604.686 604.6822 604.6815 604.6751 604.6707 604.6696 604.6643 604.6583 604.6575 604.655 604.6475 604.6454 604.6417 604.6337 604.6322 604.6296 604.622 604.6197 604.6141 604.6075 604.6065 604.6016 604.5936 604.5926 604.5848 604.5796 604.5784 604.5699 604.5655 604.5627 604.5546 604.5509 604.5469 604.5386 604.5363 604.5308 604.522 604.5202 604.5139 604.5061 604.504
604.7142 604.708 604.707 604.7057 604.7034 604.697 604.6944 604.6934 604.6898 604.6833 604.6822 604.681 604.6771 604.6706 604.6691 604.6681 604.6623 604.6572 604.6563 604.6547 604.6472 604.6443 604.6429 604.6359 604.6315 604.6307 604.6243 604.6191 604.618 604.6127 604.606 604.6052 604.6026 604.5952 604.5923 604.5885 604.5806 604.5782 604.5757 604.5681 604.5649 604.5593 604.5518 604.5508 604.546 604.5377 604.536 604.5282 604.5222 604.5209 604.5125 604.507 604.5043 604.4961 604.4915 604.4875 604.4792 604.4758 604.4703 604.4615 604.4587 604.4524 604.4435 604.4414
604.6681 604.6618 604.6603 604.6591 604.6567 604.6503 604.6472 604.6459 604.6424 604.636 604.6342 604.6329 604.629 604.6226 604.6204 604.6194 604.6136 604.6079 604.6069 604.6053 604.5979 604.5941 604.5928 604.5858 604.5807 604.5798 604.5734 604.5676 604.5664 604.5612 604.5538 604.5529 604.5502 604.5428 604.5392 604.5354 604.5275 604.5243 604.5217 604.5141 604.5101 604.5046 604.4964 604.4952 604.4903 604.482 604.4794 604.4717 604.4645 604.4634 604.455 604.4485 604.4457 604.4376 604.4321 604.4281 604.4198 604.4153 604.4099 604.401 604.3972 604.3909 604.3811 604.3788
604.622 604.6157 604.6136 604.6123 604.61 604.6036 604.5999 604.5986 604.595 604.5886 604.5862 604.585 604.581 604.5745 604.5717 604.5707 604.5649 604.5584 604.5576 604.556 604.5485 604.5439 604.5427 604.5357 604.5298 604.5291 604.5226 604.5161 604.5148 604.5096 604.5018 604.5005 604.4979 604.4905 604.4861 604.4822 604.4743 604.4703 604.4678 604.4601 604.4553 604.4498 604.4417 604.4395 604.4346 604.4263 604.4229 604.4151 604.4071 604.4059 604.3975 604.3901 604.3873 604.379 604.3727 604.3687 604.3604 604.3548 604.3494 604.3406 604.3356 604.3293 604.3196 604.3162
604.5759 604.5696 604.5669 604.5656 604.5632 604.5569 604.5525 604.5511 604.5477 604.5413 604.5382 604.537 604.533 604.5264 604.5229 604.522 604.5162 604.509 604.5082 604.5067 604.4992 604.4938 604.4926 604.4856 604.4789 604.4782 604.4718 604.4646 604.4633 604.458 604.4503 604.4482 604.4456 604.4382 604.433 604.4291 604.4211 604.4164 604.4138 604.4062 604.4005 604.3951 604.3869 604.3839 604.379 604.3707 604.3663 604.3585 604.3502 604.3484 604.34 604.3317 604.3287 604.3206 604.3132 604.3092 604.3009 604.2943 604.2889 604.2801 604.2741 604.2678 604.2581 604.2535
604.5298 604.5236 604.5201 604.5189 604.5165 604.5102 604.5051 604.5038 604.5004 604.494 604.4902 604.489 604.4849 604.4784 604.4743 604.4733 604.4675 604.4601 604.4589 604.4573 604.4498 604.4437 604.4425 604.4355 604.4282 604.4274 604.421 604.4138 604.4117 604.4064 604.3987 604.3958 604.3932 604.3858 604.3798 604.376 604.368 604.3624 604.3599 604.3522 604.3457 604.3403 604.3322 604.3282 604.3233 604.315 604.3098 604.3019 604.2936 604.291 604.2825 604.274 604.2702 604.262 604.2538 604.2498 604.2415 604.2337 604.2285 604.2196 604.2172 604.2045 604.1915 604.14
604.4837 604.4774 604.4734 604.4722 604.4698 604.4635 604.4578 604.4564 604.453 604.4466 604.4421 604.4409 604.4369 604.4304 604.4257 604.4246 604.4188 604.4114 604.4095 604.408 604.4005 604.3936 604.3924 604.3854 604.3778 604.3766 604.3701 604.3629 604.3601 604.3549 604.3471 604.3434 604.3409 604.3335 604.3267 604.3228 604.3149 604.3085 604.3059 604.2983 604.2909 604.2856 604.2774 604.2725 604.2676 604.2593 604.2532 604.2454 604.237 604.2335 604.2285 604.227 604.1928 604.1563 604.1425 604.0871 604.0466 604.0303 603.9725 603.9509 603.9306 603.8745 603.8614 603.8133
604.4376 604.4313 604.4266 604.4255 604.4231 604.4167 604.4104 604.409 604.4056 604.3992 604.3941 604.3929 604.3889 604.3823 604.377 604.3759 604.3701 604.3627 604.3602 604.3586 604.3511 604.3437 604.3423 604.3353 604.3277 604.3257 604.3193 604.3121 604.3085 604.3033 604.2955 604.2911 604.2886 604.2811 604.2737 604.2697 604.2618 604.2545 604.252 604.2443 604.24 604.2388 604.2163 604.1835 604.1331 604.1285 604.1045 604.0545 604.0507 604.0168 603.9744 603.9532 603.8855 603.8354 603.8109 603.762 603.7132 603.6903 603.6324 603.6108 603.6006 603.5444 603.5314 603.4865
604.3915 604.3853 604.3799 604.3787 604.3764 604.3701 604.3637 604.3616 604.3583 604.3519 604.3461 604.3448 604.3408 604.3343 604.3282 604.3271 604.3214 604.314 604.3109 604.3093 604.3018 604.2943 604.2922 604.2852 604.2776 604.2749 604.2685 604.2613 604.257 604.2523 604.2507 604.2397 604.1893 604.1847 604.1766 604.1287 604.1006 604.0812 604.0316 604.0026 603.9906 603.9389 603.913 603.8882 603.8378 603.8333 603.8117 603.7617 603.7701 603.7496 603.704 603.6726 603.5782 603.5258 603.496 603.4368 603.3896 603.3441 603.2924 603.2708 603.2702 603.2144 603.2014 603.1597
604.3455 604.3392 604.3332 604.332 604.3297 604.3234 604.317 604.3142 604.311 604.3046 604.2981 604.2968 604.2927 604.2863 604.2797 604.2784 604.2726 604.2657 604.2647 604.2429 604.2419 604.2375 604.187 604.1535 604.1497 604.103 604.061 604.0545 604.0184 603.9704 603.9694 603.9444 603.894 603.8894 603.8961 603.8481 603.814 603.7925 603.7414 603.6992 603.683 603.6356 603.6098 603.593 603.5425 603.538 603.519 603.4718 603.4896 603.4825 603.4368 603.3846 603.3005 603.2184 603.1934 603.1117 603.066 602.9933 602.9524 602.9309 602.9302 602.8843 602.8713 602.8329
604.2993 604.293 604.2867 604.2853 604.283 604.2795 604.2785 604.2535 604.2143 604.2134 604.2015 604.1522 604.1243 604.1231 604.1116 604.0612 604.0286 604.0276 603.9944 603.9476 603.9466 603.9448 603.8943 603.8582 603.8463 603.8024 603.7576 603.7428 603.7151 603.6671 603.6661 603.6491 603.5988 603.5941 603.6063 603.5676 603.5334 603.511 603.4511 603.4081 603.3752 603.3323 603.3065 603.2977 603.2473 603.2427 603.2262 603.1842 603.21 603.2153 603.1696 603.105 603.0474 602.9111 602.873 602.7865 602.7369 602.6431 602.6124 602.591 602.5902 602.5543 602.5413 602.5062
604.1002 604.0955 604.0875 604.0384 604.0139 604.0125 604.0111 603.973 603.9264 603.9255 603.9156 603.8633 603.8289 603.8278 603.8148 603.7659 603.7289 603.7242 603.6991 603.6523 603.6513 603.6501 603.6017 603.5629 603.5429 603.5018 603.4542 603.431 603.4119 603.3639 603.3629 603.3538 603.3035 603.2988 603.3123 603.2871 603.2529 603.2295 603.1609 603.1185 603.0826 603.0291 603.0032 603.0015 602.952 602.9474 602.9335 602.8962 602.9307 602.9482 602.9025 602.8441 602.7711 602.6176 602.5522 602.4618 602.4068 602.3097 602.2723 602.251 602.2501 602.2243 602.2112 602.1794
603.8124 603.8078 603.7976 603.7507 603.7261 603.7247 603.7234 603.6925 603.6446 603.6378 603.6292 603.5744 603.5335 603.5325 603.5114 603.4706 603.4337 603.4209 603.4038 603.357 603.356 603.3548 603.3091 603.2676 603.2396 603.2012 603.1509 603.1192 603.1086 603.0606 603.0596 603.0585 603.0082 603.0035 603.0183 603.0066 602.9724 602.948 602.8706 602.8275 602.7883 602.7258 602.7 602.6985 602.6567 602.6521 602.6407 602.6122 602.6512 602.681 602.6353 602.5832 602.5023 602.3696 602.2441 602.1665 602.0809 601.9861 601.9323 601.9111 601.9099 601.8943 601.8812 601.8558
603.5246 603.5201 603.5024 603.463 603.4384 603.4369 603.4357 603.412 603.3641 603.3499 603.3427 603.2855 603.2382 603.2372 603.2079 603.1753 603.1384 603.1176 603.1085 603.0617 603.0607 603.0595 603.0164 602.9724 602.9365 602.9011 602.8494 602.8074 602.8054 602.7573 602.7563 602.7554 602.7129 602.7083 602.7243 602.7261 602.6918 602.6611 602.5845 602.5323 602.4853 602.4225 602.3967 602.3951 602.3614 602.3568 602.348 602.3317 602.3719 602.412 602.3681 602.3223 602.2327 602.1216 601.9368 601.8713 601.7557 601.6625 601.5896 601.5712 601.5698 601.5642 601.5511 601.539
603.2369 603.2324 603.2072 603.1752 603.1506 603.1491 603.1479 603.1315 603.0835 603.0621 603.0563 602.9975 602.9473 602.942 602.9044 602.88 602.843 602.8143 602.8132 602.7664 602.7654 602.7642 602.7238 602.6771 602.6375 602.6027 602.5488 602.4968 602.4946 602.454 602.453 602.4525 602.4176 602.413 602.4303 602.4456 602.4113 602.3732 602.303 602.2405 602.1818 602.1193 602.0934 602.0918 602.0661 602.0615 602.0552 602.0511 602.0925 602.1385 602.101 602.0576 601.9557 601.8585 601.6868 601.576 601.4291 601.3389 601.2394 601.2313 601.2297 601.2288 601.2211 601.2274
602.9492 602.9446 602.9121 602.8875 602.8628 602.8613 602.8602 602.851 602.803 602.7745 602.7698 602.7151 602.6584 602.6467 602.6063 602.5847 602.5477 602.5112 602.5103 602.4711 602.4702 602.4689 602.431 602.3818 602.3422 602.3043 602.2482 602.1951 602.1828 602.1508 602.1498 602.1491 602.1223 602.1177 602.1363 602.165 602.1308 602.0856 602.0215 601.9503 601.8868 601.813 601.7902 601.7885 601.7708 601.7662 601.7625 601.7706 601.8131 601.8591 601.8338 601.7881 601.6948 601.589 601.4388 601.2697 601.1323 601.0153 600.8835 600.9453 601.0537 600.9915 600.7953 600.945
602.6614 602.6569 602.6167 602.5998 602.575 602.5735 602.5725 602.5704 602.5225 602.4869 602.4833 602.4329 602.3695 602.3514 602.311 602.2894 602.2524 602.2078 602.2068 602.1758 602.1749 602.1736 602.1383 602.088 602.0469 602.0059 601.9476 601.8933 601.871 601.8475 601.8465 601.8458 601.827 601.8224 601.8423 601.8823 601.8503 601.8024 601.74 601.66 601.5972 601.5204 601.4869 601.4854 601.4755 601.4709 601.4697 601.4901 601.5338 601.5797 601.5667 601.5209 601.434 601.3268 601.1908 601.017 600.9612 600.7542 600.5078 600.4943 600.5078 600.5233 600.6328 600.6542
