samples/sfe_82/sfe_82_v0/sfe_82_v0/sfe_82_v0.asc
ncols         243
nrows         113
xllcorner     94.199999999255
yllcorner     60.60000000149
cellsize      0.7
NODATA_value  -9999
[rows 0 to 27 of 113, columns 0 to 62 of 243]
-9999 -9999 -9999 -9999 -9999 -9999 -9999 -9999 605.2667 605.2657 605.2657 605.2657 605.2657 605.2657 605.2656 605.2655 605.2655 605.2654 605.2654 605.2654 605.2654 605.2653 605.2653 605.2652 605.2652 605.2642 605.2641 605.2641 605.2641 605.264 605.264 605.2639 605.2639 605.2639 605.2638 605.2637 605.2637 605.2637 605.2636 605.2635 605.2635 605.2624 605.2624 605.2624 605.2623 605.2622 605.2621 605.2621 605.2621 605.262 605.262 605.2619 605.2619 605.2618 605.2618 605.2618 605.2617 605.2606 605.2606 605.2606 605.2605 605.2605 605.2604
-9999 -9999 -9999 -9999 -9999 -9999 -9999 -9999 605.2357 605.2336 605.2336 605.2329 605.2329 605.2329 605.2316 605.2308 605.2305 605.2293 605.2293 605.2285 605.2285 605.2285 605.2267 605.2258 605.2258 605.2249 605.2229 605.2229 605.2229 605.2218 605.2218 605.2195 605.2195 605.2195 605.2183 605.2183 605.217 605.2163 605.2156 605.2149 605.2142 605.2132 605.2117 605.2117 605.2108 605.2092 605.2083 605.2083 605.2074 605.2065 605.2054 605.2045 605.2045 605.2024 605.2024 605.2024 605.2013 605.1992 605.1981 605.1981 605.1968 605.1968 605.1956
-9999 -9999 -9999 -9999 -9999 -9999 -9999 -9999 605.2075 605.202 605.2015 605.2002 605.2002 605.2002 605.1976 605.1962 605.1954 605.1947 605.1932 605.1916 605.1916 605.1916 605.1883 605.1865 605.1865 605.1855 605.1823 605.1818 605.1818 605.1805 605.1796 605.178 605.1752 605.1752 605.1728 605.1728 605.1715 605.1695 605.1689 605.1665 605.1648 605.1639 605.1609 605.1609 605.1594 605.1565 605.1545 605.1545 605.1527 605.1509 605.1489 605.147 605.147 605.1436 605.143 605.143 605.1409 605.1378 605.1365 605.1356 605.1332 605.1332 605.1312
-9999 -9999 -9999 -9999 -9999 -9999 -9999 -9999 605.1792 605.1721 605.1694 605.1674 605.1674 605.1674 605.1635 605.1625 605.1604 605.1593 605.157 605.1547 605.1547 605.1547 605.1534 605.1497 605.1471 605.1468 605.145 605.1406 605.1406 605.1406 605.1374 605.1358 605.1308 605.1308 605.1292 605.1273 605.1254 605.1235 605.1216 605.1196 605.1165 605.1146 605.1102 605.1102 605.1079 605.1055 605.1017 605.1006 605.098 605.0953 605.0924 605.0916 605.0896 605.0872 605.0836 605.0836 605.0804 605.0764 605.0758 605.0731 605.0696 605.0696 605.0676
-9999 -9999 -9999 -9999 -9999 -9999 -9999 605.1652 605.1509 605.1405 605.1373 605.1347 605.1347 605.1347 605.132 605.1282 605.1254 605.1239 605.121 605.1179 605.1179 605.1179 605.1163 605.1113 605.1077 605.1077 605.1069 605.0994 605.0994 605.0994 605.0952 605.0931 605.0865 605.0865 605.0865 605.0818 605.0793 605.0768 605.0743 605.0716 605.0689 605.0653 605.0594 605.0594 605.0565 605.0533 605.0501 605.0468 605.0433 605.0399 605.0382 605.0359 605.0322 605.0304 605.0242 605.0242 605.0201 605.015 605.015 605.0106 605.0059 605.0059 605.004
-9999 -9999 -9999 -9999 -9999 -9999 -9999 605.1368 605.1227 605.1089 605.1052 605.103 605.1019 605.1019 605.101 605.0942 605.0921 605.0888 605.0848 605.0829 605.081 605.081 605.079 605.0728 605.0684 605.0684 605.0676 605.0582 605.0582 605.0582 605.053 605.0504 605.0421 605.0421 605.0421 605.0363 605.0333 605.0301 605.0269 605.0236 605.0203 605.0162 605.0087 605.0087 605.0049 605.0025 604.9971 604.9929 604.9887 604.9864 604.984 604.9794 604.9747 604.9735 604.9648 604.9648 604.9597 604.9539 604.9536 604.9481 604.9423 604.9423 604.9404
-9999 -9999 -9999 -9999 -9999 -9999 -9999 605.1085 605.0944 605.0803 605.0735 605.0731 605.0692 605.0692 605.0692 605.0615 605.0574 605.0553 605.0521 605.0487 605.0441 605.0441 605.0421 605.0342 605.029 605.029 605.0283 605.0181 605.017 605.017 605.0107 605.0101 605.0013 604.9977 604.9977 604.9908 604.9878 604.9834 604.9796 604.9756 604.9716 604.9674 604.9606 604.958 604.9548 604.9521 604.944 604.9391 604.9361 604.933 604.9287 604.9229 604.9173 604.9166 604.9055 604.9055 604.8998 604.8932 604.8922 604.8856 604.8799 604.8787 604.8767
-9999 -9999 -9999 -9999 -9999 -9999 -9999 605.0803 605.0662 605.0521 605.0442 605.041 605.0365 605.0365 605.0365 605.0275 605.0244 605.0203 605.0178 605.0126 605.0072 605.0072 605.0069 604.9989 604.9929 604.9896 604.989 604.9808 604.9758 604.9758 604.9698 604.9685 604.9611 604.9534 604.9534 604.9453 604.9444 604.9382 604.9323 604.9283 604.9229 604.9181 604.913 604.9073 604.9052 604.9018 604.891 604.8852 604.8835 604.8793 604.8731 604.8664 604.8599 604.8597 604.8461 604.8461 604.8407 604.8341 604.8308 604.8231 604.818 604.815 604.813
-9999 -9999 -9999 -9999 -9999 -9999 -9999 605.0521 605.0379 605.0238 605.0142 605.0089 605.0037 605.0037 605.0037 604.9956 604.9908 604.9852 604.9824 604.9765 604.9703 604.9703 604.9703 604.964 604.9573 604.9503 604.9496 604.9435 604.9347 604.9347 604.9304 604.9263 604.9209 604.9091 604.9091 604.9023 604.8998 604.8943 604.8874 604.883 604.8758 604.8687 604.8655 604.8566 604.8555 604.8505 604.8398 604.8314 604.8308 604.8246 604.8176 604.8099 604.8024 604.8024 604.7895 604.7867 604.7817 604.775 604.7694 604.7606 604.7562 604.7514 604.7495
-9999 -9999 -9999 -9999 -9999 -9999 605.0383 605.0238 605.0096 604.9955 604.9827 604.9767 604.9721 604.971 604.971 604.9646 604.9565 604.9532 604.947 604.9404 604.9363 604.9335 604.9335 604.9291 604.9188 604.9109 604.9109 604.9061 604.8935 604.8935 604.891 604.8841 604.8795 604.8647 604.8647 604.8597 604.8542 604.8488 604.8428 604.8375 604.8299 604.8219 604.8181 604.8058 604.8058 604.7991 604.7898 604.7805 604.7775 604.7699 604.762 604.7534 604.7468 604.745 604.7336 604.7274 604.7226 604.7159 604.708 604.699 604.6943 604.6877 604.6858
-9999 -9999 -9999 -9999 -9999 -9999 605.0096 604.9955 604.9814 604.9673 604.9531 604.9451 604.9432 604.9382 604.9382 604.9336 604.9254 604.9186 604.9152 604.9081 604.9037 604.8966 604.8966 604.8926 604.8802 604.8715 604.8715 604.8688 604.8539 604.8523 604.8516 604.8419 604.8367 604.8242 604.8204 604.8172 604.8088 604.8027 604.7966 604.7902 604.7836 604.7754 604.7695 604.7551 604.7551 604.7476 604.7398 604.7297 604.7237 604.7152 604.7065 604.6987 604.6916 604.6876 604.6777 604.668 604.6636 604.6567 604.6466 604.6383 604.6325 604.6241 604.6221
-9999 -9999 -9999 -9999 -9999 -9999 604.9814 604.9673 604.9531 604.939 604.9249 604.916 604.9125 604.9055 604.9055 604.9026 604.8914 604.8855 604.8801 604.8761 604.8681 604.8597 604.8597 604.8553 604.8444 604.836 604.8322 604.8315 604.8166 604.8112 604.8112 604.7997 604.7953 604.7843 604.776 604.7746 604.7632 604.7567 604.7498 604.7429 604.7357 604.7283 604.7202 604.7072 604.7044 604.6962 604.6877 604.6789 604.6699 604.6605 604.6525 604.6445 604.6364 604.6301 604.6209 604.6086 604.6046 604.5972 604.5852 604.5775 604.5707 604.5605 604.5585
-9999 -9999 -9999 -9999 -9999 -9999 604.9531 604.939 604.9249 604.9108 604.8967 604.8875 604.8804 604.8727 604.8727 604.8716 604.8592 604.8534 604.8451 604.8408 604.832 604.8228 604.8228 604.8194 604.8095 604.8011 604.7928 604.7923 604.7793 604.77 604.77 604.759 604.755 604.7441 604.7317 604.7317 604.7179 604.7127 604.7037 604.6955 604.6877 604.6796 604.6711 604.6597 604.6537 604.6447 604.6374 604.6259 604.616 604.6072 604.599 604.5903 604.5812 604.5727 604.564 604.5492 604.5455 604.5368 604.524 604.5167 604.5089 604.4968 604.4949
-9999 -9999 -9999 -9999 -9999 -9999 604.9249 604.9108 604.8967 604.8825 604.8684 604.8564 604.8483 604.8413 604.84 604.84 604.8282 604.819 604.8131 604.8054 604.7961 604.7896 604.7859 604.7842 604.7747 604.7648 604.7535 604.753 604.742 604.7288 604.7288 604.7197 604.7147 604.7039 604.6873 604.6873 604.6753 604.6693 604.6597 604.6498 604.6414 604.631 604.622 604.6121 604.603 604.5949 604.587 604.5731 604.5621 604.5545 604.5456 604.5361 604.5261 604.5153 604.5071 604.4913 604.4865 604.4766 604.4646 604.456 604.447 604.4346 604.4313
-9999 -9999 -9999 -9999 -9999 604.9116 604.8967 604.8825 604.8684 604.8542 604.8401 604.826 604.8166 604.8124 604.8073 604.8073 604.7972 604.7883 604.7799 604.7731 604.7641 604.757 604.7491 604.7491 604.7397 604.7263 604.7141 604.7137 604.7047 604.6898 604.6876 604.6802 604.673 604.6638 604.647 604.6429 604.6328 604.6259 604.6157 604.6053 604.5961 604.5851 604.5739 604.5646 604.5522 604.5452 604.5367 604.5231 604.5099 604.5019 604.4921 604.4819 604.4709 604.4578 604.4503 604.4354 604.4274 604.4175 604.4055 604.3952 604.3851 604.3728 604.3676
-9999 -9999 -9999 -9999 -9999 604.8825 604.8684 604.8542 604.8401 604.826 604.8119 604.7977 604.7878 604.7836 604.7745 604.7745 604.7662 604.7554 604.7466 604.74 604.7321 604.7236 604.7122 604.7122 604.7049 604.6899 604.6791 604.6747 604.6674 604.6524 604.6464 604.6409 604.6308 604.623 604.6075 604.5986 604.5902 604.5812 604.5718 604.5608 604.5508 604.5392 604.5273 604.5172 604.5015 604.4956 604.4863 604.4731 604.4592 604.4493 604.4387 604.4277 604.4144 604.402 604.3934 604.3795 604.3683 604.3585 604.3463 604.3345 604.3231 604.311 604.304
-9999 -9999 -9999 -9999 -9999 604.8542 604.8401 604.826 604.8119 604.7977 604.7836 604.7695 604.7593 604.752 604.7418 604.7418 604.7352 604.7228 604.7157 604.705 604.6993 604.6876 604.6755 604.6753 604.669 604.655 604.6443 604.6354 604.63 604.6151 604.6053 604.6014 604.5886 604.5805 604.5673 604.5543 604.5477 604.5358 604.5261 604.5162 604.5055 604.4933 604.4808 604.4696 604.4538 604.446 604.436 604.4232 604.4085 604.3966 604.3853 604.3731 604.3592 604.3468 604.3365 604.3236 604.3093 604.2994 604.2872 604.2737 604.265 604.2548 604.1828
-9999 -9999 -9999 -9999 -9999 604.826 604.8119 604.7977 604.7836 604.7695 604.7554 604.7413 604.7302 604.7198 604.7104 604.709 604.7042 604.6918 604.6816 604.673 604.6639 604.6521 604.643 604.6384 604.632 604.6201 604.6094 604.596 604.5927 604.5778 604.5641 604.5621 604.5483 604.5402 604.5272 604.5099 604.5051 604.4909 604.4811 604.4695 604.4587 604.4474 604.4343 604.4221 604.4063 604.3963 604.3856 604.3731 604.3578 604.344 604.3318 604.3185 604.305 604.2916 604.2797 604.2677 604.2549 604.1886 604.1199 604.039 603.967 603.8951 603.8232
-9999 -9999 -9999 -9999 -9999 604.7977 604.7836 604.7695 604.7554 604.7413 604.7271 604.713 604.6989 604.6881 604.6816 604.6763 604.6732 604.6608 604.6506 604.6412 604.6311 604.6201 604.6104 604.6016 604.5968 604.5853 604.5723 604.5571 604.5554 604.5405 604.5256 604.5226 604.5089 604.4999 604.487 604.4698 604.4625 604.4484 604.4377 604.4252 604.4124 604.3998 604.3876 604.3746 604.3588 604.3467 604.3353 604.3226 604.3071 604.2914 604.2782 604.266 604.2462 604.1578 604.0801 604.0037 603.901 603.8318 603.7668 603.6794 603.6075 603.5355 603.4636
-9999 -9999 -9999 -9999 604.7847 604.7695 604.7554 604.7413 604.7271 604.713 604.6989 604.6848 604.6706 604.6597 604.6527 604.6436 604.6422 604.6298 604.6193 604.6077 604.5995 604.5881 604.5778 604.5647 604.5616 604.5504 604.5354 604.5223 604.517 604.5032 604.4882 604.4818 604.4695 604.4597 604.4468 604.4305 604.42 604.4058 604.3942 604.3812 604.3678 604.3544 604.3403 604.3259 604.3112 604.297 604.2846 604.2723 604.266 604.1588 604.0705 603.9829 603.8931 603.8046 603.7205 603.6486 603.5471 603.4763 603.4136 603.3253 603.2479 603.176 603.104
-9999 -9999 -9999 -9999 604.7554 604.7413 604.7271 604.713 604.6989 604.6848 604.6706 604.6565 604.6423 604.6312 604.6235 604.6108 604.6108 604.5988 604.5864 604.5768 604.5648 604.5562 604.5431 604.5289 604.5265 604.5155 604.5005 604.4874 604.4778 604.4659 604.4509 604.4406 604.4301 604.4194 604.4066 604.3906 604.3769 604.3633 604.3508 604.3372 604.3232 604.3091 604.2944 604.2793 604.266 604.2081 604.118 604.0279 603.9156 603.8056 603.7173 603.629 603.5401 603.4514 603.3667 603.2889 603.2033 603.1224 603.0604 602.972 602.8882 602.8163 602.7444
-9999 -9999 -9999 -9999 604.7271 604.713 604.6989 604.6848 604.6706 604.6565 604.6423 604.6282 604.6141 604.6027 604.5914 604.5797 604.5781 604.5677 604.5554 604.5443 604.5328 604.5223 604.5081 604.4963 604.4909 604.4806 604.4656 604.4525 604.4385 604.4285 604.4136 604.3994 604.3907 604.3776 604.3665 604.3503 604.3325 604.3207 604.3074 604.2932 604.2787 604.266 604.1989 604.0816 603.9893 603.8478 603.7577 603.6676 603.562 603.4553 603.3641 603.2758 603.1876 603.0982 603.0213 602.9293 602.8574 602.7686 602.7056 602.6189 602.5306 602.4567 602.3848
-9999 -9999 -9999 -9999 604.6989 604.6848 604.6706 604.6565 604.6423 604.6282 604.6141 604.6 604.5859 604.5723 604.5599 604.5508 604.5453 604.5367 604.5244 604.5129 604.5017 604.4891 604.4761 604.4637 604.454 604.4454 604.4308 604.4177 604.4003 604.3912 604.3763 604.3614 604.3513 604.3376 604.3254 604.3102 604.2927 604.2781 604.266 604.2007 604.0863 603.9642 603.8469 603.7296 603.629 603.5088 603.3973 603.3073 603.2099 603.1078 603.0109 602.9226 602.8448 602.745 602.6674 602.5698 602.4978 602.4147 602.3489 602.2657 602.1774 602.0971 602.0252
-9999 -9999 -9999 604.6874 604.6706 604.6565 604.6423 604.6282 604.6141 604.6 604.5859 604.5717 604.5576 604.5435 604.5315 604.5219 604.5126 604.5057 604.4933 604.4823 604.4688 604.4575 604.4442 604.4312 604.4172 604.4093 604.3959 604.3809 604.3654 604.3539 604.339 604.324 604.312 604.2982 604.2852 604.27 604.212 604.1143 603.9866 603.8679 603.7433 603.6172 603.4949 603.3776 603.2687 603.1723 603.037 602.947 602.8569 602.7563 602.6577 602.5695 602.4966 602.3919 602.3135 602.2233 602.1382 602.0608 601.9922 601.9125 601.8242 601.7375 601.717
-9999 -9999 -9999 604.658 604.6423 604.6282 604.6141 604.6 604.5859 604.5717 604.5576 604.5435 604.5294 604.5152 604.503 604.493 604.4799 604.4747 604.4623 604.45 604.4379 604.4247 604.4122 604.3986 604.3823 604.3741 604.361 604.3461 604.3305 604.3166 604.3017 604.2867 604.2725 604.267 604.1625 604.0536 603.9097 603.7746 603.6737 603.5334 603.4003 603.286 603.1429 603.0255 602.9084 602.8183 602.6767 602.5867 602.4966 602.3996 602.3046 602.2162 602.1427 602.044 601.9597 601.8803 601.7786 601.717 601.717 601.6785 601.637 601.5971 601.5635
-9999 -9999 -9999 604.6284 604.6141 604.6 604.5859 604.5717 604.5576 604.5435 604.5294 604.5152 604.5011 604.487 604.4745 604.463 604.4489 604.4437 604.4313 604.4189 604.4069 604.3927 604.3801 604.3641 604.3497 604.339 604.3261 604.3112 604.2957 604.2793 604.267 604.225 604.1078 603.985 603.8517 603.7352 603.6074 603.4562 603.3499 603.2043 603.0717 602.943 602.7914 602.6735 602.5562 602.4579 602.331 602.2263 602.1362 602.0429 601.9514 601.8631 601.7888 601.7178 601.7029 601.6622 601.6177 601.5845 601.5503 601.5127 601.4721 601.4297 601.3957
-9999 -9999 -9999 604.6 604.5859 604.5717 604.5576 604.5435 604.5294 604.5152 604.5011 604.487 604.4728 604.4587 604.446 604.4318 604.4199 604.4127 604.4003 604.3879 604.3752 604.3616 604.347 604.3322 604.3171 604.3038 604.2913 604.2763 604.267 604.1719 604.057 603.931 603.8065 603.686 603.5462 603.4273 603.3051 603.1539 603.0102 602.8914 602.7531 602.6 602.4612 602.3215 602.2042 602.0977 601.9944 601.866 601.7759 601.718 601.6965 601.6543 601.6201 601.5755 601.5327 601.4978 601.4521 601.4191 601.3836 601.3469 601.3074 601.264 601.2278
-9999 -9999 -9999 604.5717 604.5576 604.5435 604.5294 604.5152 604.5011 604.487 604.4728 604.4587 604.4446 604.4305 604.4163 604.4033 604.3911 604.3817 604.3693 604.3569 604.3446 604.3299 604.3155 604.3002 604.2845 604.2687 604.2387 604.1396 604.0182 603.8823 603.7665 603.64 603.5248 603.3847 603.2538 603.1254 602.992 602.8516 602.7005 602.5785 602.4221 602.2754 602.1309 601.9695 601.8521 601.7373 601.7122 601.6524 601.6097 601.5663 601.5242 601.4818 601.4485 601.4092 601.3626 601.3307 601.2866 601.2535 601.2169 601.1811 601.1407 601.0981 601.0599
