samples/sfe_82/sfe_82_v0/sfe_82_v0/sfe_82_v0.asc
ncols         243
nrows         113
xllcorner     94.199999999255
yllcorner     60.60000000149
cellsize      0.7
NODATA_value  -9999
[rows 28 to 55 of 113, columns 126 to 188 of 243]
602.3424 602.53 602.7024 602.8313 603.0009 603.1263 603.3126 603.5107 603.6661 603.8411 604.0438 604.2003 604.261 604.2733 604.2884 604.3037 604.3178 604.3319 604.345 604.3577 604.3702 604.3826 604.3946 604.4066 604.4175 604.4218 604.4342 604.4454 604.4548 604.4647 604.4738 604.4858 604.4949 604.4979 604.5095 604.5231 604.5339 604.5416 604.5498 604.5573 604.5664 604.5725 604.5811 604.5872 604.5948 604.6022 604.6095 604.6183 604.6248 604.6248 604.6318 604.6371 604.6403 604.6489 604.6548 604.6602 604.6653 604.6703 604.6762 604.6832 604.6907 604.6962 604.6962
601.9484 602.1377 602.3051 602.4296 602.5851 602.718 602.9162 603.1021 603.2454 603.4358 603.6341 603.7833 603.9425 604.1364 604.261 604.273 604.2878 604.3019 604.3155 604.3283 604.3419 604.3542 604.3666 604.3786 604.389 604.3953 604.4063 604.4189 604.4293 604.4395 604.4487 604.4586 604.4705 604.4731 604.4868 604.5004 604.5104 604.5185 604.5267 604.535 604.5422 604.5507 604.5579 604.5659 604.5727 604.5803 604.5883 604.5972 604.6022 604.6022 604.6105 604.6173 604.62 604.6293 604.6334 604.6409 604.6464 604.6516 604.6556 604.6644 604.6719 604.6761 604.6761
601.678 601.7537 601.8854 602.0315 602.1604 602.3217 602.5199 602.6724 602.8278 603.0305 603.2094 603.3652 603.5547 603.7486 603.9425 604.1364 604.261 604.2725 604.2857 604.2997 604.3132 604.3264 604.3385 604.3505 604.3604 604.3688 604.3802 604.3908 604.4036 604.4142 604.4238 604.4338 604.4439 604.4504 604.4641 604.4777 604.4858 604.4957 604.5031 604.5123 604.5197 604.5278 604.5364 604.5428 604.5516 604.5583 604.5671 604.576 604.5797 604.5817 604.588 604.5964 604.6005 604.6098 604.6125 604.6198 604.6274 604.6312 604.6372 604.6456 604.6531 604.6562 604.6562
601.5352 601.6047 601.6617 601.713 601.7358 601.9254 602.1235 602.2426 602.4224 602.6251 602.803 602.9731 603.167 603.3609 603.5547 603.7434 603.8828 604.077 604.26 604.2712 604.2851 604.2984 604.3104 604.3224 604.3304 604.3423 604.3541 604.3652 604.3763 604.3889 604.399 604.4093 604.4168 604.4276 604.4413 604.454 604.4629 604.4709 604.4807 604.489 604.4977 604.5056 604.5139 604.5216 604.5289 604.5371 604.546 604.5547 604.5571 604.5617 604.5679 604.5744 604.581 604.5903 604.5935 604.5993 604.6064 604.6124 604.6188 604.6269 604.6344 604.6362 604.6364
601.3928 601.4567 601.508 601.5629 601.6221 601.6768 601.713 601.8152 602.017 602.2186 602.3915 602.5854 602.7793 602.9731 603.167 603.3254 603.4824 603.6802 603.8942 604.091 604.26 604.2703 604.2823 604.2939 604.3026 604.3158 604.3281 604.3396 604.3511 604.3619 604.3743 604.3849 604.3912 604.4049 604.4185 604.4301 604.4395 604.4483 604.457 604.4669 604.4745 604.484 604.4912 604.5003 604.508 604.5159 604.5247 604.5336 604.5345 604.5416 604.5481 604.5524 604.5615 604.569 604.5745 604.5804 604.5864 604.5934 604.6004 604.6081 604.6156 604.6162 604.6187
601.2435 601.303 601.3542 601.4148 601.4739 601.525 601.5924 601.6421 601.6982 601.8121 602.0038 602.1977 602.3915 602.5854 602.768 602.9073 603.0861 603.3252 603.545 603.727 603.909 604.091 604.26 604.2654 604.2761 604.2889 604.3019 604.314 604.3258 604.337 604.3485 604.3604 604.3685 604.3821 604.3958 604.4067 604.416 604.4257 604.4348 604.4437 604.4527 604.4611 604.4699 604.4779 604.4871 604.4948 604.5035 604.512 604.512 604.5215 604.5283 604.5327 604.542 604.5476 604.5554 604.5616 604.5677 604.5728 604.5818 604.5893 604.5963 604.5963 604.601
601.0979 601.1492 601.2099 601.2668 601.3218 601.3827 601.4434 601.4931 601.5569 601.6266 601.6978 601.8099 602.0038 602.1977 602.35 602.4916 602.723 602.9778 603.181 603.363 603.545 603.7479 603.9061 604.0518 604.2233 604.2628 604.2756 604.2884 604.3006 604.3123 604.3237 604.3355 604.3458 604.3594 604.373 604.3826 604.3932 604.4023 604.4125 604.421 604.4307 604.4396 604.4476 604.4568 604.4647 604.4735 604.4824 604.4894 604.4916 604.499 604.5085 604.5131 604.5225 604.5268 604.535 604.5428 604.5479 604.5544 604.563 604.5705 604.5762 604.5762 604.5832
600.9442 600.9965 601.0607 601.1187 601.1697 601.2404 601.2945 601.3528 601.4131 601.4843 601.5555 601.6266 601.6978 601.7927 601.932 602.1082 602.3919 602.6348 602.817 602.999 603.1868 603.3982 603.5372 603.7087 603.8943 604.0631 604.2253 604.2627 604.2753 604.2875 604.2993 604.3094 604.3231 604.3367 604.3503 604.3597 604.3694 604.3798 604.3894 604.3991 604.4082 604.418 604.4262 604.435 604.4435 604.4523 604.4612 604.4669 604.4715 604.4788 604.4865 604.4937 604.503 604.5078 604.5145 604.5227 604.5289 604.536 604.5443 604.5518 604.5563 604.5566 604.5642
600.7903 600.8541 600.9114 600.9668 601.0269 601.0959 601.1455 601.2094 601.2709 601.342 601.4131 601.4843 601.5555 601.6266 601.6978 601.8008 602.0632 602.271 602.453 602.635 602.8655 603.0391 603.1943 603.3989 603.564 603.7388 603.9196 604.0733 604.2281 604.2627 604.2748 604.2866 604.3003 604.314 604.3264 604.3368 604.3468 604.3571 604.3672 604.3765 604.3865 604.3953 604.405 604.4138 604.4223 604.4312 604.44 604.4443 604.4515 604.459 604.4648 604.4741 604.4832 604.4887 604.4956 604.5024 604.5104 604.5176 604.5255 604.533 604.5363 604.5388 604.5447
600.6407 600.7094 600.7634 600.8147 600.8846 600.9469 601.0073 601.0604 601.1286 601.1997 601.2709 601.342 601.4131 601.4843 601.5555 601.6453 601.7202 601.907 602.089 602.3031 602.5239 602.6797 602.8908 603.0685 603.2524 603.4388 603.612 603.7822 603.9309 604.0795 604.2361 604.2639 604.2775 604.2912 604.303 604.3135 604.3242 604.3345 604.3451 604.3547 604.3643 604.374 604.3831 604.3928 604.4011 604.41 604.4188 604.4217 604.4315 604.4392 604.4453 604.4547 604.4618 604.4697 604.4768 604.4838 604.49 604.4991 604.5067 604.5142 604.5163 604.5211 604.5269
600.4984 600.5589 600.6118 600.6712 600.7423 600.8 600.8618 600.9151 600.9863 601.0574 601.1286 601.1997 601.2709 601.342 601.4187 601.5153 601.5915 601.6825 601.7407 601.9817 602.1721 602.3783 602.5731 602.7612 602.9506 603.1508 603.3045 603.485 603.6336 603.7902 603.9575 604.1285 604.26 604.2684 604.2794 604.2907 604.3014 604.3123 604.3224 604.3329 604.3427 604.3524 604.3621 604.3711 604.3799 604.3888 604.3976 604.4014 604.41 604.4194 604.4258 604.4351 604.441 604.4503 604.4579 604.4647 604.4716 604.4804 604.4879 604.4954 604.4963 604.5033 604.509
600.3561 600.4084 600.4597 600.5289 600.5993 600.6619 600.7128 600.7728 600.844 600.9151 600.9863 601.0574 601.1286 601.1997 601.2886 601.3715 601.4533 601.5417 601.6309 601.7065 601.8619 602.0707 602.2428 602.4551 602.6725 602.8432 603.0301 603.1877 603.3364 603.5115 603.6863 603.8455 603.987 604.1285 604.259 604.2679 604.279 604.2898 604.3005 604.3108 604.3212 604.3309 604.3409 604.3499 604.3588 604.3676 604.3764 604.3813 604.3897 604.3986 604.4063 604.4156 604.422 604.4297 604.439 604.4455 604.4532 604.4616 604.4691 604.4764 604.4767 604.4852 604.4911
600.2762 600.386 600.3318 600.3866 600.4547 600.5142 600.5638 600.6306 600.7017 600.7728 600.844 600.9151 600.9863 601.062 601.1515 601.2248 601.3129 601.4015 601.4796 601.5626 601.6654 601.7474 601.9597 602.1848 602.382 602.5499 602.7418 602.8904 603.0656 603.2408 603.4208 603.5623 603.7039 603.858 603.9944 604.1316 604.259 604.2676 604.2784 604.2891 604.2993 604.3097 604.3195 604.3287 604.3376 604.3464 604.3541 604.3613 604.3699 604.3774 604.3868 604.3961 604.403 604.4108 604.4185 604.4269 604.4348 604.4428 604.4503 604.4564 604.4589 604.4657 604.4733
600.1982 600.3065 600.2537 600.2922 600.21 600.3652 600.4171 600.4882 600.5594 600.6306 600.7017 600.7728 600.844 600.9319 601.0048 601.0866 601.1678 601.2526 601.3282 601.4254 601.5166 601.6086 601.712 601.9061 602.0744 602.2755 602.4445 602.6172 602.7949 602.9905 603.1376 603.2792 603.427 603.5829 603.72 603.8572 603.9944 604.1316 604.259 604.2675 604.278 604.2883 604.2986 604.3076 604.3163 604.3252 604.3315 604.3412 604.3502 604.358 604.3672 604.376 604.3839 604.392 604.3998 604.4073 604.4164 604.4241 604.4316 604.4364 604.4412 604.4478 604.4554
600.1655 600.123 600.0348 600.0543 600.0397 600.081 600.2377 600.351 600.4171 600.4882 600.5594 600.6306 600.7053 600.7848 600.8581 600.9406 601.0256 601.1013 601.1853 601.2822 601.3614 601.4673 601.5795 601.6831 601.7953 601.9987 602.1478 602.349 602.5478 602.713 602.8546 602.9961 603.1721 603.3084 603.4456 603.5828 603.72 603.8572 603.9944 604.1316 604.259 604.2673 604.2775 604.2863 604.2952 604.304 604.3112 604.321 604.3304 604.3384 604.3478 604.3553 604.3649 604.3731 604.3812 604.3888 604.3978 604.4053 604.4128 604.4164 604.4235 604.43 604.4376
599.9797 599.988 600.004 600.032 600.063 600.1108 600.177 600.3643 600.323 600.351 600.4171 600.4882 600.5651 600.6381 600.7171 600.7939 600.8743 600.9499 601.0477 601.1259 601.2202 601.3304 601.4401 601.5298 601.6407 601.712 601.9031 602.105 602.2883 602.4299 602.5714 602.741 602.8969 603.034 603.1712 603.3084 603.4456 603.5828 603.72 603.8572 603.9944 604.1316 604.259 604.2651 604.274 604.2828 604.2912 604.3007 604.3105 604.319 604.3282 604.3362 604.3448 604.3542 604.362 604.3704 604.379 604.3865 604.394 604.3968 604.4057 604.4121 604.4197
599.7838 599.896 600.0289 600.143 600.2053 600.24 600.2667 600.2228 600.114 600.0223 600.0367 600.351 600.4181 600.4914 600.5681 600.6472 600.7229 600.808 600.8914 600.973 601.0838 601.1815 601.2791 601.382 601.479 601.5785 601.6929 601.8521 602.0052 602.1467 602.3044 602.486 602.6224 602.7596 602.8968 603.034 603.1712 603.3084 603.4456 603.5828 603.72 603.8572 603.9944 604.1316 604.259 604.2616 604.2711 604.2809 604.2901 604.2994 604.3088 604.3172 604.326 604.3346 604.3434 604.352 604.3602 604.3677 604.3752 604.3791 604.3866 604.3943 604.4019
599.8433 599.841 599.9625 600.1107 600.0041 600.1725 600.1628 600.04 599.9625 599.9725 600.0065 600.097 600.252 600.35 600.4201 600.4959 600.5716 600.657 600.7351 600.8339 600.9194 601.0336 601.1234 601.2281 601.3118 601.426 601.5518 601.6542 601.7221 601.8679 602.055 602.2109 602.348 602.4852 602.6224 602.7596 602.8968 603.034 603.1712 603.3084 603.4456 603.5828 603.72 603.8509 603.986 604.1019 604.2281 604.2611 604.2706 604.2799 604.2892 604.2982 604.3071 604.3159 604.3245 604.3336 604.3414 604.3489 604.3564 604.3613 604.3688 604.3764 604.384
600.1567 599.9789 599.9597 600.1042 600.102 599.9733 599.9683 600.0085 600.0485 600.0728 600.112 600.1535 600.1827 600.224 600.2585 600.35 600.4225 600.5007 600.5845 600.6729 600.775 600.8752 600.9755 601.0609 601.159 601.2713 601.3843 601.4836 601.593 601.7053 601.8 601.9364 602.0736 602.2108 602.348 602.4852 602.6224 602.7596 602.8968 603.034 603.1712 603.3084 603.4456 603.5654 603.6873 603.8046 603.9405 604.0782 604.259 604.2604 604.2696 604.2791 604.2883 604.2973 604.306 604.3151 604.3226 604.3301 604.3365 604.3436 604.3509 604.3586 604.3662
600.3725 600.112 600.081 600.1927 600.1458 599.9287 599.8848 600.0607 600.1165 600.0995 600.103 600.198 600.208 600.008 599.9515 600.0775 600.3547 600.35 600.4263 600.5163 600.6271 600.7169 600.8099 600.8936 601 601.1145 601.2045 601.3126 601.4207 601.5184 601.6119 601.711 601.7992 601.9364 602.0736 602.2108 602.348 602.4852 602.6224 602.7596 602.8968 603.034 603.1542 603.2782 603.3884 603.509 603.6512 603.7769 603.9564 604.0971 604.2337 604.26 604.2695 604.2785 604.2876 604.2964 604.3039 604.3114 604.317 604.3258 604.3331 604.3407 604.3483
600.4084 600.358 600.2407 600.3275 600.369 600.1348 599.9872 600.0983 600.1122 599.9173 599.879 600.0751 600.1763 600.04 599.983 599.985 600.1275 600.3328 600.412 600.3685 600.4712 600.5591 600.6427 600.7395 600.8447 600.9346 601.035 601.1335 601.238 601.3307 601.4308 601.5336 601.633 601.711 601.7992 601.9364 602.0736 602.2108 602.348 602.4852 602.6224 602.7596 602.8718 602.9951 603.0911 603.2213 603.3327 603.4756 603.6334 603.7538 603.8864 604.0414 604.183 604.26 604.2692 604.2776 604.2851 604.2926 604.2992 604.3076 604.3152 604.3229 604.3305
600.5589 600.5055 600.4448 600.376 600.4815 600.2988 600.1198 600.1772 600.15 599.9238 599.8463 600.0445 600.1985 600.1785 600.146 600.0695 600.0468 600.2195 600.3862 600.358 600.3665 600.3918 600.4754 600.5703 600.6648 600.7547 600.8542 600.9575 601.051 601.1355 601.2403 601.335 601.4343 601.5336 601.633 601.711 601.7992 601.9364 602.0736 602.2108 602.348 602.467 602.5745 602.6964 602.7939 602.9232 603.0095 603.1744 603.3008 603.4106 603.5102 603.683 603.7896 603.9676 604.1921 604.2588 604.2663 604.2738 604.2814 604.2897 604.2974 604.305 604.3126
600.7065 600.652 600.5864 600.5162 600.4476 600.3764 600.326 600.3867 600.341 600.1508 599.9473 599.9865 600.0728 600.1523 600.227 600.1697 600.133 600.1395 600.1775 600.2668 600.378 600.2745 600.22 600.395 600.4849 600.5792 600.6741 600.7706 600.8633 600.9481 601.0371 601.1364 601.2357 601.335 601.4343 601.5336 601.633 601.711 601.7992 601.9364 602.0736 602.1781 602.2874 602.3915 602.5021 602.6047 602.6923 602.8417 602.9438 603.0673 603.1496 603.2884 603.3856 603.5742 603.7308 603.915 604.1375 604.258 604.2637 604.2719 604.2795 604.2872 604.2948
600.8495 600.7902 600.7266 600.661 600.5898 600.5249 600.4729 600.4171 600.3502 600.3372 600.1915 600.0917 600.0303 600.0157 600.159 600.3265 600.257 600.0757 599.9083 600.0347 600.2362 600.26 600.137 600.1825 600.374 600.3958 600.4902 600.5835 600.6655 600.7496 600.8384 600.9378 601.0371 601.1364 601.2357 601.335 601.4343 601.5336 601.6208 601.7039 601.781 601.8809 602.0042 602.0867 602.1953 602.2863 602.3911 602.5161 602.5875 602.6974 602.7929 602.8938 602.9979 603.1609 603.2695 603.4144 603.64 603.8527 604.0843 604.258 604.2617 604.2693 604.2769
600.9969 600.9337 600.8671 600.8033 600.7322 600.677 600.6234 600.5593 600.4914 600.4181 600.35 600.354 600.2469 600.0785 600.177 600.3603 600.3015 600.0963 599.891 600.0526 600.178 600.2892 600.2208 600.231 600.3317 600.2708 600.303 600.3958 600.4654 600.5405 600.6398 600.7391 600.8384 600.9378 601.0371 601.1364 601.2357 601.335 601.4106 601.5009 601.5872 601.663 601.711 601.7832 601.8768 601.9678 602.0613 602.1592 602.2442 602.3258 602.4203 602.4918 602.5699 602.6982 602.8071 602.9324 603.1035 603.3077 603.5052 603.7079 603.9498 604.236 604.2591
601.1356 601.0771 601.0168 600.9456 600.8799 600.8268 600.7728 600.7017 600.6381 600.5716 600.4959 600.4202 600.3651 600.2968 600.1458 600.2767 600.355 600.2615 600.0505 600.0157 600.171 600.3285 600.2465 600.1395 600.061 600.0031 599.9603 599.9973 600.2438 600.349 600.4412 600.5405 600.6398 600.7391 600.8384 600.9378 601.0371 601.1301 601.2073 601.298 601.3878 601.464 601.5497 601.6018 601.6685 601.7056 601.7269 601.8022 601.8799 601.9542 602.0257 602.0864 602.1316 602.2408 602.3143 602.4421 602.5461 602.723 602.9261 603.0999 603.3199 603.621 603.8215
601.2777 601.2184 601.1591 601.0879 601.032 600.9749 600.915 600.8553 600.7848 600.7229 600.6472 600.5787 600.5338 600.4688 600.3897 600.35 600.329 600.2947 600.1235 600.0637 600.199 600.3315 600.1558 599.9839 599.8718 599.941 599.9145 599.8725 600.0585 600.3035 600.398 600.349 600.4412 600.5405 600.6398 600.7391 600.8384 600.9199 600.9995 601.0816 601.1931 601.277 601.349 601.4219 601.4786 601.5164 601.5765 601.6231 601.6514 601.683 601.6994 601.7083 601.71 601.7835 601.8224 601.9097 601.9887 602.1382 602.3141 602.5092 602.6985 602.984 603.166
601.4252 601.369 601.3014 601.2349 601.1822 601.1252 601.0607 601.0048 600.9412 600.8743 600.7986 600.7459 600.7017 600.6281 600.5519 600.4712 600.4168 600.356 600.1665 600.1407 600.2475 600.3613 600.1755 599.9413 599.9247 600.0357 600.0043 599.8663 599.9398 600.0965 600.016 600 600.227 600.349 600.4412 600.5405 600.6394 600.7108 600.791 600.905 600.9966 601.0901 601.152 601.242 601.2894 601.3361 601.4202 601.454 601.4935 601.5251 601.5504 601.566 601.5906 601.6051 601.6277 601.6569 601.677 601.7039 601.71 601.8606 602.0834 602.3315 602.529
