samples/sfe_82/sfe_82_v0/sfe_82_v0/sfe_82_v0.asc
ncols         243
nrows         113
xllcorner     94.199999999255
yllcorner     60.60000000149
cellsize      0.7
NODATA_value  -9999
[rows 0 to 27 of 113, columns 126 to 188 of 243]
605.2577 605.2578 605.2578 605.2579 605.2579 605.2579 605.258 605.2581 605.2581 605.2581 605.2572 605.2572 605.2572 605.2573 605.2573 605.2573 605.2574 605.2575 605.2575 605.2575 605.2575 605.2575 605.2576 605.2576 605.2576 605.2577 605.2567 605.2567 605.2567 605.2568 605.2568 605.2568 605.2568 605.2569 605.2569 605.257 605.257 605.257 605.257 605.257 605.257 605.257 605.256 605.2562 605.2562 605.2562 605.2562 605.2562 605.2563 605.2563 605.2563 605.2563 605.2563 605.2564 605.2564 605.2564 605.2564 605.2561 605.2554 605.2554 605.2555 605.2555 605.2555
605.2117 605.213 605.2136 605.2142 605.2147 605.2151 605.2158 605.2169 605.2169 605.2184 605.2179 605.2179 605.2184 605.2197 605.2197 605.2197 605.2206 605.2222 605.2222 605.2222 605.2229 605.2236 605.2236 605.2243 605.225 605.2252 605.2249 605.2255 605.2258 605.2269 605.2269 605.2269 605.2275 605.228 605.228 605.2285 605.229 605.2295 605.2295 605.2299 605.2299 605.2296 605.2303 605.2307 605.2308 605.2313 605.2314 605.2318 605.232 605.2324 605.2325 605.2328 605.2338 605.2338 605.2338 605.2338 605.2338 605.2332 605.2335 605.2335 605.234 605.234 605.2343
605.1657 605.1682 605.1694 605.1705 605.1716 605.1736 605.1736 605.1757 605.1757 605.1786 605.1786 605.1786 605.1812 605.1821 605.1821 605.1827 605.1859 605.1868 605.1868 605.1868 605.1883 605.1897 605.1897 605.1912 605.1923 605.1921 605.1931 605.1943 605.1965 605.1971 605.1971 605.1971 605.1981 605.1991 605.1991 605.2001 605.201 605.202 605.2028 605.2028 605.2028 605.2019 605.2044 605.2051 605.2055 605.2062 605.207 605.2073 605.2081 605.2084 605.209 605.2094 605.2112 605.2112 605.2112 605.2112 605.2119 605.2111 605.2115 605.212 605.2126 605.2128 605.2131
605.1197 605.124 605.1268 605.1278 605.1284 605.1315 605.1315 605.1345 605.1345 605.1396 605.1393 605.1393 605.1445 605.1445 605.1445 605.147 605.1505 605.1516 605.1516 605.1516 605.1537 605.1558 605.1577 605.1587 605.1605 605.1605 605.1622 605.1631 605.1672 605.1672 605.1672 605.1672 605.1687 605.1702 605.1717 605.1717 605.173 605.1744 605.1757 605.1757 605.1757 605.1748 605.179 605.1796 605.1807 605.1813 605.1824 605.1829 605.184 605.1844 605.1854 605.1864 605.1887 605.1887 605.1887 605.1887 605.1896 605.1895 605.1895 605.1912 605.1912 605.192 605.1927
605.0737 605.0808 605.0831 605.0853 605.0853 605.0893 605.0894 605.0933 605.0947 605.1005 605.1 605.1 605.1069 605.1069 605.1069 605.1102 605.1155 605.1162 605.1162 605.1162 605.1191 605.1218 605.1245 605.1257 605.1281 605.1284 605.1307 605.1319 605.1373 605.1373 605.1373 605.1373 605.1393 605.1413 605.1432 605.1451 605.1451 605.1469 605.1486 605.1486 605.1486 605.1508 605.1533 605.1548 605.1556 605.157 605.1577 605.1591 605.1604 605.1611 605.1625 605.1631 605.1661 605.1661 605.1661 605.1661 605.1672 605.1675 605.1675 605.1697 605.1697 605.1707 605.1718
605.0311 605.0366 605.0394 605.0421 605.0421 605.0471 605.0507 605.0522 605.0574 605.0608 605.0608 605.063 605.0693 605.0693 605.0693 605.0734 605.0809 605.0809 605.0809 605.0844 605.0858 605.0878 605.0911 605.0943 605.0956 605.0978 605.0995 605.1021 605.1074 605.1074 605.1074 605.11 605.1108 605.1124 605.1148 605.1171 605.1182 605.1193 605.1215 605.1215 605.1207 605.1268 605.1278 605.1295 605.1307 605.1322 605.1335 605.1348 605.1365 605.1374 605.139 605.1411 605.1436 605.1436 605.1436 605.1436 605.1442 605.1456 605.1456 605.1483 605.1483 605.1495 605.1508
604.9888 604.9922 604.9957 604.9989 605.001 605.0049 605.011 605.011 605.0195 605.0215 605.0215 605.0249 605.0317 605.0317 605.0328 605.0381 605.0456 605.0456 605.0456 605.0498 605.0539 605.0539 605.0579 605.0616 605.0627 605.066 605.0695 605.0723 605.0775 605.0775 605.0775 605.0806 605.0836 605.0836 605.0864 605.0892 605.0918 605.0939 605.0944 605.0944 605.0936 605.1009 605.103 605.1042 605.1064 605.1085 605.1096 605.1116 605.1126 605.1146 605.1155 605.1199 605.121 605.121 605.121 605.1227 605.122 605.1237 605.1246 605.1268 605.127 605.1284 605.1299
604.944 604.948 604.9519 604.9557 604.9612 604.9628 604.9698 604.9698 604.9797 604.9822 604.9822 604.9892 604.9941 604.9941 604.9996 605.0048 605.0103 605.0103 605.0103 605.0152 605.02 605.0231 605.0267 605.0299 605.0322 605.0355 605.0382 605.0442 605.0477 605.0477 605.0477 605.0512 605.0546 605.0568 605.058 605.0612 605.0643 605.0673 605.0673 605.0673 605.0689 605.0759 605.0775 605.08 605.0814 605.0839 605.0851 605.0875 605.0886 605.0909 605.0931 605.0984 605.0984 605.0984 605.0984 605.1005 605.1017 605.1017 605.1051 605.1053 605.1072 605.1082 605.1089
604.8992 604.9048 604.9084 604.9126 604.9207 604.9207 604.9286 604.9298 604.9399 604.9429 604.9429 604.9535 604.9565 604.9565 604.963 604.9714 604.9749 604.9749 604.9757 604.9806 604.986 604.9912 604.9938 604.9984 605.0001 605.0048 605.007 605.016 605.0178 605.0178 605.0178 605.0219 605.0258 605.0295 605.0327 605.0332 605.0367 605.0402 605.0402 605.0397 605.0462 605.0505 605.0535 605.0549 605.0579 605.0593 605.062 605.0636 605.066 605.0677 605.0698 605.0759 605.0759 605.0759 605.0759 605.0782 605.0797 605.0797 605.0839 605.0839 605.086 605.088 605.0891
604.8561 604.863 604.8672 604.8694 604.8785 604.8807 604.8875 604.8929 604.902 604.9036 604.9066 604.9177 604.9189 604.9189 604.9261 604.9363 604.9396 604.9396 604.9445 604.9478 604.9521 604.9579 604.963 604.966 604.9705 604.9732 604.9783 604.9875 604.9879 604.9879 604.9913 604.9934 604.9968 605.0011 605.0052 605.0066 605.0092 605.0131 605.0131 605.0124 605.0233 605.0248 605.0281 605.0298 605.033 605.0349 605.0377 605.0408 605.0422 605.0451 605.0475 605.0533 605.0533 605.0533 605.0533 605.0552 605.0577 605.0577 605.0624 605.0624 605.0648 605.0671 605.0682
604.8138 604.8208 604.8262 604.8266 604.8363 604.8421 604.8463 604.8555 604.8646 604.8643 604.8687 604.8813 604.8813 604.883 604.8905 604.9019 604.9043 604.9043 604.9113 604.9171 604.9181 604.9246 604.9309 604.9332 604.9388 604.9446 604.9479 604.958 604.958 604.958 604.9631 604.9673 604.968 604.9727 604.9773 604.9817 604.9839 604.986 604.986 604.9871 604.9974 605.001 605.0028 605.0065 605.009 605.0117 605.0144 605.0168 605.0196 605.0217 605.0263 605.0308 605.0308 605.0308 605.0326 605.033 605.0358 605.0372 605.041 605.0413 605.0436 605.0461 605.0483
604.771 604.7771 604.7831 604.7868 604.7941 604.8035 604.8051 604.8181 604.8252 604.825 604.8329 604.8438 604.8438 604.8497 604.8571 604.8681 604.869 604.869 604.8767 604.8842 604.8881 604.8948 604.8988 604.9038 604.9081 604.9133 604.9199 604.9281 604.9281 604.9281 604.9337 604.9391 604.9415 604.9443 604.9493 604.9542 604.9589 604.9589 604.9587 604.9643 604.9722 604.9754 604.9785 604.9815 604.9854 604.9873 604.991 604.9929 604.9964 604.9999 605.0051 605.0082 605.0082 605.0082 605.0114 605.0132 605.0138 605.0178 605.0195 605.0222 605.0234 605.0252 605.028
604.7267 604.7334 604.7399 604.747 604.752 604.7639 604.7649 604.7808 604.7858 604.7858 604.7972 604.8062 604.8062 604.8157 604.8238 604.8337 604.8337 604.8352 604.8421 604.8502 604.858 604.8618 604.8688 604.8718 604.8787 604.8821 604.8918 604.8983 604.8983 604.8986 604.9043 604.9102 604.9158 604.9191 604.9213 604.9266 604.9318 604.9318 604.9312 604.9416 604.9476 604.9513 604.9543 604.9581 604.9608 604.9647 604.9669 604.9709 604.9729 604.9766 604.9839 604.9857 604.9857 604.9857 604.9891 604.9918 604.9918 604.998 604.998 605.0012 605.0043 605.0058 605.0073
604.6825 604.6897 604.6968 604.7073 604.7108 604.7228 604.7283 604.7411 604.7465 604.7493 604.7615 604.7686 604.7686 604.7789 604.7905 604.7983 604.7983 604.804 604.8098 604.8163 604.8247 604.8308 604.8364 604.842 604.8472 604.8536 604.8638 604.8683 604.8683 604.8721 604.876 604.8813 604.8874 604.8934 604.895 604.8991 604.9047 604.9047 604.9052 604.9188 604.9219 604.9268 604.9292 604.9338 604.9362 604.9406 604.9449 604.9471 604.9512 604.9539 604.9627 604.9631 604.9631 604.9631 604.9664 604.9698 604.9698 604.9766 604.9766 604.98 604.9833 604.985 604.9869
604.6401 604.6479 604.6536 604.6675 604.6721 604.6816 604.691 604.7021 604.7072 604.7133 604.7257 604.731 604.7332 604.7428 604.7571 604.763 604.763 604.7728 604.7791 604.783 604.7914 604.8002 604.8037 604.8117 604.8187 604.8237 604.8355 604.8384 604.8384 604.8455 604.8499 604.8524 604.859 604.8654 604.8702 604.8739 604.8776 604.8776 604.8824 604.8939 604.8985 604.9015 604.9066 604.9094 604.9139 604.917 604.921 604.9243 604.9278 604.9327 604.9406 604.9406 604.9406 604.9424 604.9439 604.9479 604.9499 604.9551 604.9556 604.9588 604.9624 604.9648 604.9685
604.5983 604.6068 604.6125 604.6254 604.6335 604.6404 604.6536 604.6646 604.6679 604.6766 604.69 604.6934 604.6998 604.7095 604.7223 604.7277 604.7277 604.7382 604.7484 604.753 604.7615 604.7678 604.7749 604.7807 604.7885 604.7956 604.807 604.8086 604.8086 604.8162 604.8235 604.8263 604.8307 604.8374 604.8441 604.8494 604.8505 604.8499 604.8597 604.8685 604.8734 604.8769 604.8816 604.8869 604.8895 604.8945 604.897 604.9019 604.9058 604.9115 604.918 604.918 604.918 604.9224 604.9241 604.9259 604.9304 604.9337 604.9365 604.9386 604.9415 604.9452 604.9498
604.5565 604.5656 604.5727 604.5833 604.5948 604.6 604.6162 604.6271 604.6286 604.6409 604.6543 604.6558 604.6666 604.6761 604.6882 604.6924 604.6947 604.7036 604.7144 604.723 604.7299 604.7382 604.7435 604.7524 604.7573 604.7675 604.7785 604.7787 604.7794 604.7867 604.7946 604.8007 604.8055 604.8094 604.8165 604.8234 604.8234 604.8233 604.837 604.8448 604.8488 604.8537 604.8579 604.8622 604.8666 604.8704 604.875 604.8783 604.8834 604.8903 604.8954 604.8954 604.8954 604.9001 604.9039 604.9039 604.9109 604.9123 604.9164 604.9197 604.922 604.9245 604.9311
604.5148 604.5241 604.5329 604.5411 604.5562 604.5634 604.5789 604.5895 604.5919 604.6052 604.6182 604.6182 604.6317 604.6428 604.6545 604.657 604.6635 604.6718 604.6805 604.6915 604.6986 604.7068 604.7136 604.7213 604.7288 604.7394 604.7488 604.7488 604.7529 604.7585 604.7657 604.7737 604.7802 604.7834 604.789 604.7963 604.7963 604.8006 604.8142 604.8191 604.8254 604.8286 604.8347 604.8376 604.8434 604.8484 604.8519 604.8571 604.8603 604.8691 604.8729 604.8729 604.8729 604.8774 604.882 604.8821 604.8908 604.8908 604.8953 604.8996 604.9017 604.9041 604.9123
604.4712 604.481 604.4931 604.5021 604.5168 604.5265 604.5414 604.55 604.5569 604.5695 604.5806 604.5833 604.5952 604.6094 604.6208 604.6218 604.6323 604.6411 604.6479 604.6582 604.6692 604.6742 604.6846 604.6923 604.6998 604.7114 604.7189 604.7189 604.7264 604.7325 604.7368 604.7453 604.7535 604.7586 604.7639 604.7692 604.7688 604.7778 604.7904 604.7953 604.8001 604.8057 604.8099 604.8156 604.8196 604.8252 604.8289 604.8339 604.8391 604.8479 604.8503 604.8503 604.8522 604.8549 604.86 604.8625 604.8694 604.8698 604.8741 604.8787 604.8814 604.8857 604.8935
604.4285 604.4381 604.4533 604.4635 604.4757 604.4891 604.5024 604.5107 604.5203 604.5337 604.543 604.55 604.5618 604.576 604.5864 604.5864 604.5998 604.6104 604.6179 604.6282 604.6368 604.6454 604.6533 604.6636 604.6713 604.6833 604.689 604.689 604.6986 604.7064 604.711 604.7171 604.7255 604.7338 604.7394 604.7421 604.7416 604.7551 604.7647 604.7712 604.7754 604.7817 604.7877 604.7917 604.7979 604.8013 604.8074 604.8116 604.8179 604.8267 604.8278 604.8278 604.8322 604.835 604.838 604.843 604.8479 604.8508 604.8538 604.8577 604.8624 604.8672 604.8748
604.3874 604.3983 604.4135 604.4249 604.4351 604.4517 604.4645 604.4714 604.4846 604.498 604.5054 604.5167 604.5284 604.5427 604.5511 604.5542 604.5651 604.5786 604.5879 604.5979 604.6072 604.6152 604.625 604.6324 604.6432 604.655 604.6592 604.6602 604.6693 604.679 604.6854 604.6919 604.6976 604.7064 604.715 604.715 604.7187 604.7324 604.7413 604.7463 604.7529 604.7577 604.7637 604.7686 604.774 604.7791 604.7838 604.7901 604.7967 604.8052 604.8052 604.8052 604.811 604.8152 604.816 604.8235 604.8265 604.8317 604.8349 604.8381 604.8417 604.8484 604.856
604.3463 604.3585 604.3724 604.3863 604.3984 604.4143 604.4271 604.4346 604.4489 604.4623 604.4678 604.4834 604.4951 604.5084 604.5158 604.523 604.5338 604.5447 604.5579 604.5663 604.5771 604.5852 604.5953 604.6039 604.6152 604.6265 604.6293 604.6337 604.6411 604.6501 604.6598 604.6666 604.6718 604.6789 604.6879 604.6879 604.696 604.7096 604.7162 604.7235 604.728 604.7354 604.7391 604.7463 604.7516 604.7568 604.7623 604.7668 604.7755 604.7827 604.7827 604.7827 604.7886 604.7941 604.7947 604.804 604.805 604.8105 604.8159 604.8185 604.8213 604.8297 604.836
604.3051 604.3188 604.3322 604.3477 604.3618 604.3769 604.3896 604.3996 604.4131 604.4265 604.4334 604.4476 604.4617 604.4746 604.4805 604.4918 604.5031 604.5129 604.525 604.537 604.5447 604.5566 604.5659 604.576 604.5871 604.598 604.5994 604.6072 604.6151 604.6213 604.6316 604.6414 604.647 604.6538 604.6608 604.6603 604.6732 604.6869 604.6921 604.6987 604.7048 604.7106 604.717 604.7222 604.7294 604.7335 604.7401 604.7455 604.7543 604.7601 604.7601 604.7621 604.7659 604.7721 604.7752 604.7836 604.7841 604.7893 604.7949 604.7979 604.8029 604.8109 604.816
604.264 604.279 604.2935 604.309 604.3246 604.3395 604.3521 604.364 604.3774 604.3908 604.4001 604.4141 604.4284 604.4409 604.4451 604.4606 604.4724 604.4828 604.4949 604.5061 604.5159 604.5259 604.5378 604.547 604.559 604.5695 604.5695 604.5807 604.589 604.5958 604.6035 604.6136 604.6222 604.6294 604.6337 604.6368 604.6505 604.6611 604.6691 604.6739 604.6818 604.6882 604.6938 604.7005 604.7054 604.7123 604.7173 604.7243 604.7332 604.7375 604.7375 604.742 604.746 604.7501 604.7557 604.7621 604.765 604.769 604.774 604.7794 604.7845 604.7921 604.796
603.9983 604.1472 604.261 604.2701 604.2872 604.3021 604.3143 604.3283 604.3417 604.355 604.3668 604.3807 604.3951 604.4072 604.4138 604.4266 604.4417 604.4529 604.4652 604.4761 604.4868 604.4976 604.5075 604.5189 604.5309 604.5396 604.541 604.5517 604.5629 604.5701 604.5782 604.5857 604.5963 604.6049 604.6066 604.6141 604.6277 604.6376 604.6438 604.6513 604.6575 604.6653 604.6706 604.6776 604.6831 604.6893 604.6964 604.7031 604.7119 604.715 604.715 604.7219 604.7262 604.7281 604.7362 604.7407 604.7459 604.7501 604.7542 604.759 604.7658 604.7733 604.7761
603.6042 603.7226 603.8871 604.0306 604.2185 604.2646 604.2772 604.2925 604.306 604.3174 604.3336 604.3474 604.3617 604.3734 604.3825 604.3958 604.4089 604.4229 604.4341 604.4466 604.4567 604.4692 604.479 604.4908 604.5029 604.5098 604.5145 604.5237 604.5345 604.5445 604.553 604.5602 604.5687 604.5795 604.5792 604.5914 604.605 604.6134 604.621 604.6273 604.6352 604.6406 604.6488 604.6547 604.6616 604.6675 604.6736 604.6819 604.6907 604.6924 604.6924 604.6996 604.7062 604.7073 604.7167 604.7192 604.7257 604.7313 604.7352 604.7385 604.7471 604.7546 604.7561
603.186 603.3055 603.4889 603.6511 603.8221 603.9652 604.1053 604.261 604.2703 604.2836 604.3002 604.3141 604.3284 604.3392 604.3513 604.3651 604.3778 604.3918 604.4047 604.4152 604.4282 604.4395 604.4513 604.4628 604.4745 604.4799 604.488 604.4976 604.5061 604.5179 604.5278 604.5355 604.5438 604.5524 604.555 604.5686 604.5823 604.589 604.5974 604.604 604.6115 604.6183 604.6249 604.6332 604.6381 604.6462 604.6519 604.6607 604.6696 604.6699 604.6719 604.6769 604.6843 604.6879 604.6971 604.6983 604.7045 604.7111 604.7144 604.72 604.7283 604.7358 604.7361
602.7671 602.9178 603.0835 603.2493 603.405 603.5444 603.7089 603.9071 604.0867 604.255 604.2664 604.2807 604.2947 604.3044 604.3201 604.3344 604.3478 604.3615 604.3754 604.3864 604.3986 604.4114 604.4227 604.4347 604.446 604.45 604.4615 604.4716 604.4805 604.4899 604.5018 604.5106 604.5193 604.5253 604.5322 604.5459 604.5576 604.566 604.5724 604.5816 604.5886 604.5961 604.6031 604.6097 604.6169 604.6231 604.6307 604.6395 604.6473 604.6473 604.6519 604.6569 604.6623 604.6683 604.6763 604.6793 604.6841 604.6902 604.6959 604.7017 604.7095 604.7161 604.7161
