samples/sfe_82/sfe_82_v0/sfe_82_v0/sfe_82_v0.asc
ncols         243
nrows         113
xllcorner     94.199999999255
yllcorner     60.60000000149
cellsize      0.7
NODATA_value  -9999
[rows 84 to 111 of 113, columns 126 to 188 of 243]
604.6498 604.6451 604.6385 604.633 604.6251 604.6193 604.6143 604.6082 604.5997 604.5924 604.5859 604.5801 604.5724 604.5627 604.5546 604.5479 604.5403 604.5311 604.5216 604.5134 604.5059 604.4972 604.486 604.4769 604.4675 604.4586 604.4482 604.4359 604.4261 604.4148 604.4043 604.3918 604.379 604.3671 604.3546 604.3421 604.3276 604.3189 604.3064 604.2932 604.2789 604.265 604.258 604.0457 603.7443 603.4566 603.1689 602.9493 602.6545 602.347 602.0395 601.8422 601.709 601.674 601.6434 601.6215 601.587 601.564 601.5338 601.5106 601.4827 601.451 601.4204
604.6703 604.6644 604.6588 604.6548 604.6473 604.6394 604.6346 604.6287 604.6229 604.6144 604.607 604.6016 604.595 604.5873 604.577 604.5703 604.563 604.5562 604.5463 604.5367 604.5296 604.5213 604.5131 604.5013 604.4924 604.4839 604.4744 604.4637 604.4523 604.4426 604.4313 604.4208 604.4065 604.3951 604.3831 604.3712 604.3586 604.3501 604.3372 604.324 604.3098 604.2975 604.285 604.2708 604.258 604.032 603.76 603.5771 603.2695 602.962 602.6835 602.5153 602.2247 602.0052 601.856 601.709 601.6964 601.6743 601.6495 601.6254 601.5964 601.5666 601.5367
604.6914 604.6843 604.6799 604.6747 604.6694 604.662 604.655 604.6494 604.6447 604.6379 604.6294 604.6231 604.6167 604.6101 604.6019 604.5927 604.5857 604.5792 604.5718 604.5619 604.5533 604.5453 604.5381 604.5289 604.5172 604.5092 604.5001 604.4915 604.4798 604.4692 604.4596 604.4481 604.4372 604.4232 604.4116 604.4003 604.3913 604.3812 604.368 604.3552 604.3407 604.33 604.3181 604.3039 604.2896 604.2734 604.258 604.1921 603.8846 603.5771 603.3566 603.1372 602.8617 602.6274 602.4668 602.2906 602.0967 601.9864 601.8782 601.7379 601.709 601.682 601.653
604.7128 604.7061 604.6995 604.6946 604.6895 604.6846 604.6771 604.67 604.6656 604.66 604.6533 604.6449 604.6385 604.632 604.6263 604.6176 604.6084 604.6022 604.5952 604.5883 604.578 604.5695 604.5626 604.5545 604.5453 604.5345 604.5258 604.5176 604.5073 604.4964 604.4869 604.4755 604.4652 604.4542 604.4401 604.4293 604.4229 604.412 604.3989 604.3859 604.3745 604.3625 604.3512 604.337 604.3223 604.3071 604.2935 604.28 604.2666 604.1979 604.0297 603.7518 603.4714 603.2725 603.0818 602.8722 602.6857 602.5583 602.4355 602.2784 602.1263 601.9952 601.8615
604.7322 604.7263 604.7211 604.7144 604.7096 604.7059 604.7 604.6926 604.6865 604.6811 604.6768 604.669 604.6608 604.6538 604.6487 604.6425 604.6334 604.6253 604.6185 604.6127 604.6047 604.5946 604.5871 604.5793 604.5724 604.5621 604.5514 604.5438 604.5338 604.5256 604.5141 604.5027 604.4932 604.4828 604.4715 604.4584 604.454 604.4429 604.4296 604.4175 604.408 604.395 604.3843 604.3701 604.3555 604.3406 604.3292 604.3158 604.3018 604.2845 604.2708 604.2571 604.0833 603.9211 603.6797 603.4539 603.2803 603.1157 602.9756 602.8189 602.6414 602.4896 602.364
604.7515 604.7464 604.7432 604.7366 604.7298 604.7263 604.7215 604.7158 604.7084 604.7023 604.6983 604.6929 604.6852 604.6765 604.6711 604.6651 604.659 604.6501 604.6418 604.6365 604.6296 604.6218 604.6117 604.6042 604.5978 604.5899 604.5795 604.5699 604.5623 604.5526 604.5441 604.5306 604.5212 604.5113 604.502 604.4895 604.4852 604.4736 604.4604 604.4487 604.4404 604.4274 604.4174 604.4032 604.3896 604.3741 604.3649 604.3516 604.3367 604.3232 604.3086 604.294 604.2779 604.2631 604.2371 604.0355 603.8563 603.6897 603.4941 603.3564 603.1584 602.9919 602.8664
604.7714 604.7682 604.764 604.7589 604.7524 604.7467 604.7421 604.7388 604.7319 604.7247 604.7198 604.7147 604.7093 604.7014 604.6935 604.6878 604.6829 604.6761 604.6673 604.6602 604.6537 604.6484 604.6393 604.6293 604.623 604.6155 604.6085 604.5975 604.5892 604.5804 604.5719 604.5614 604.5493 604.5398 604.5311 604.5223 604.5164 604.5045 604.4929 604.4796 604.473 604.4628 604.4505 604.4369 604.4229 604.4114 604.4007 604.3873 604.3729 604.361 604.3464 604.3318 604.3177 604.3028 604.2879 604.2747 604.2579 604.22 604.0126 603.869 603.6754 603.4944 603.3688
604.7932 604.7878 604.7839 604.7798 604.775 604.7687 604.7627 604.7598 604.7552 604.7486 604.7415 604.7364 604.7311 604.7262 604.7185 604.7106 604.706 604.7003 604.6936 604.685 604.6778 604.6729 604.6663 604.6574 604.6484 604.6412 604.6353 604.6263 604.6161 604.6091 604.5992 604.5913 604.5804 604.5682 604.5602 604.555 604.5484 604.5353 604.5236 604.5132 604.5054 604.4977 604.4836 604.4697 604.4576 604.4489 604.4365 604.4231 604.4083 604.3987 604.3842 604.3696 604.3575 604.3426 604.3281 604.3163 604.2988 604.2813 604.2675 604.257 604.171 603.9968 603.8487
604.8141 604.8093 604.8037 604.7999 604.7976 604.7916 604.7853 604.7806 604.7764 604.7724 604.7657 604.7587 604.753 604.7496 604.7438 604.7357 604.729 604.7236 604.7196 604.7117 604.7032 604.6974 604.6912 604.6854 604.6761 604.6669 604.6614 604.6528 604.6461 604.6363 604.6265 604.6193 604.611 604.6001 604.5892 604.5878 604.5793 604.5661 604.5549 604.5479 604.538 604.5309 604.5167 604.503 604.4915 604.4857 604.4722 604.4592 604.4436 604.4365 604.4219 604.4066 604.3972 604.3823 604.3708 604.3573 604.3397 604.3253 604.3112 604.2977 604.2827 604.268 604.257
604.834 604.8313 604.8259 604.8203 604.818 604.8142 604.8085 604.8025 604.7975 604.795 604.7899 604.7833 604.7759 604.772 604.7673 604.7613 604.7539 604.7469 604.7433 604.738 604.7304 604.722 604.716 604.7116 604.7045 604.6954 604.6876 604.681 604.6738 604.6659 604.6548 604.6474 604.6395 604.6322 604.6205 604.6204 604.6101 604.5969 604.5876 604.5826 604.5704 604.564 604.5498 604.5391 604.525 604.5214 604.508 604.4943 604.4824 604.4743 604.4597 604.4447 604.437 604.4221 604.412 604.3983 604.3807 604.3696 604.355 604.3426 604.3276 604.314 604.2987
604.8559 604.8533 604.8481 604.8428 604.8383 604.8348 604.8318 604.826 604.8201 604.8165 604.8126 604.8077 604.8008 604.7944 604.79 604.7867 604.7799 604.7726 604.7672 604.7621 604.7576 604.7496 604.7415 604.7369 604.7311 604.7243 604.7153 604.709 604.7012 604.6957 604.6854 604.6754 604.668 604.6619 604.6533 604.6516 604.6409 604.6297 604.6185 604.616 604.6043 604.597 604.5839 604.5723 604.5621 604.5572 604.5438 604.5305 604.5222 604.5121 604.4975 604.4864 604.4767 604.4619 604.4533 604.4391 604.4216 604.4134 604.3988 604.3875 604.3725 604.3601 604.345
604.8762 604.8732 604.8702 604.8654 604.8603 604.8555 604.8539 604.8495 604.8439 604.8381 604.8344 604.8304 604.8257 604.8195 604.8129 604.8097 604.8054 604.799 604.792 604.7861 604.7831 604.7772 604.7695 604.7622 604.7567 604.7529 604.7448 604.736 604.7314 604.723 604.7164 604.7066 604.6965 604.691 604.686 604.6827 604.6717 604.6613 604.6519 604.6484 604.6397 604.6301 604.617 604.6068 604.5997 604.5929 604.5795 604.5673 604.562 604.5499 604.5364 604.5281 604.5165 604.5016 604.4945 604.4801 604.4626 604.4572 604.4426 604.4324 604.4182 604.4061 604.3943
604.8974 604.8931 604.8903 604.8881 604.8832 604.8782 604.8748 604.8716 604.8677 604.8623 604.8568 604.8522 604.8504 604.8447 604.838 604.8328 604.8287 604.8254 604.8187 604.8119 604.8076 604.803 604.7975 604.79 604.7824 604.7791 604.7718 604.7659 604.7585 604.7503 604.7455 604.7382 604.7286 604.7201 604.7188 604.7139 604.7025 604.6923 604.6866 604.681 604.675 604.6633 604.6505 604.6423 604.6374 604.6287 604.6163 604.6027 604.6017 604.5876 604.5735 604.5698 604.5563 604.5443 604.5357 604.5211 604.5073 604.501 604.4872 604.4773 604.4659 604.4522 604.4437
604.9194 604.9151 604.9106 604.9096 604.9061 604.9014 604.8965 604.8928 604.8916 604.8865 604.8812 604.8755 604.8728 604.8694 604.8636 604.8577 604.8521 604.8503 604.8455 604.8391 604.8324 604.8278 604.8254 604.8185 604.8112 604.8052 604.7998 604.7951 604.7878 604.7789 604.7735 604.7676 604.7608 604.7515 604.7515 604.7465 604.7333 604.7265 604.7213 604.7134 604.7104 604.6964 604.6874 604.6758 604.6747 604.6644 604.6517 604.6415 604.6401 604.6254 604.6115 604.6109 604.596 604.5876 604.5792 604.562 604.5527 604.5448 604.5339 604.5222 604.5136 604.4982 604.4929
604.9415 604.9374 604.9332 604.93 604.9276 604.9246 604.92 604.9154 604.9133 604.9105 604.9058 604.9003 604.8953 604.8922 604.8892 604.8837 604.8781 604.874 604.8704 604.8662 604.86 604.8536 604.8508 604.8466 604.8401 604.8331 604.829 604.8221 604.8182 604.8094 604.8015 604.7961 604.7927 604.7842 604.7842 604.7773 604.7657 604.7574 604.756 604.746 604.7437 604.7298 604.7217 604.7128 604.7123 604.7002 604.6877 604.6813 604.6779 604.6632 604.6533 604.6507 604.6357 604.6309 604.6205 604.6029 604.5983 604.5886 604.5807 604.5671 604.5596 604.5443 604.5415
604.9625 604.9597 604.9559 604.9518 604.9482 604.9478 604.9435 604.9393 604.9348 604.9323 604.9296 604.9252 604.9203 604.9152 604.9135 604.9097 604.9044 604.8989 604.8945 604.8934 604.8876 604.8816 604.876 604.8723 604.8691 604.8625 604.8558 604.8522 604.8467 604.8404 604.8329 604.8251 604.8218 604.817 604.817 604.8082 604.7989 604.7907 604.7907 604.7813 604.7767 604.7643 604.7558 604.7504 604.7494 604.736 604.7264 604.7211 604.7156 604.7016 604.6949 604.6904 604.6755 604.6731 604.6614 604.6439 604.6437 604.6324 604.627 604.6121 604.6057 604.5916 604.5898
604.9824 604.9807 604.9785 604.9747 604.9709 604.9689 604.9669 604.9631 604.959 604.9548 604.9515 604.9501 604.9456 604.9403 604.9365 604.9338 604.9307 604.9257 604.9205 604.9178 604.9148 604.9097 604.9039 604.8981 604.8968 604.8907 604.8857 604.8807 604.874 604.8714 604.8644 604.8572 604.8509 604.8497 604.8491 604.839 604.8297 604.8254 604.824 604.8167 604.8098 604.798 604.7931 604.7881 604.7852 604.7719 604.7618 604.7609 604.7534 604.7403 604.7366 604.7302 604.7173 604.7144 604.7023 604.6893 604.6893 604.6762 604.6719 604.6581 604.6517 604.6408 604.6381
605.0044 605.001 605.001 604.9977 604.9941 604.9906 604.988 604.9869 604.9832 604.9792 604.975 604.9737 604.9708 604.9659 604.9615 604.9572 604.9571 604.9525 604.9477 604.9427 604.9396 604.9377 604.9324 604.927 604.9229 604.9186 604.9156 604.9097 604.9031 604.8996 604.8958 604.8893 604.8824 604.8824 604.8802 604.8698 604.864 604.86 604.8564 604.852 604.8429 604.8349 604.8267 604.8257 604.8209 604.8093 604.8006 604.8006 604.7912 604.7784 604.7784 604.77 604.7606 604.7556 604.7433 604.7347 604.7346 604.7208 604.7169 604.706 604.6978 604.6901 604.6863
605.0267 605.0237 605.0217 605.0203 605.0174 605.0141 605.0107 605.0099 605.0073 605.0037 604.9998 604.9961 604.9943 604.9915 604.9875 604.9834 604.9809 604.9788 604.9749 604.9703 604.9657 604.9646 604.9609 604.956 604.9509 604.9482 604.9434 604.9401 604.9335 604.9277 604.9243 604.9215 604.9152 604.9152 604.9119 604.9019 604.8963 604.8948 604.8889 604.8874 604.876 604.8712 604.8634 604.8634 604.8566 604.8451 604.8404 604.8404 604.829 604.8201 604.8201 604.8097 604.8038 604.7982 604.7842 604.7803 604.7784 604.7675 604.7618 604.7536 604.7438 604.7394 604.7346
605.049 605.0463 605.0435 605.0409 605.0406 605.0376 605.0345 605.0315 605.0302 605.0283 605.0247 605.0213 605.0175 605.017 605.0134 605.0098 605.0059 605.0029 605.002 604.9979 604.9937 604.9899 604.9877 604.9849 604.9803 604.9755 604.9731 604.9705 604.9644 604.9591 604.9536 604.9526 604.9479 604.9479 604.9446 604.9359 604.9294 604.9294 604.9228 604.9228 604.9117 604.9049 604.9011 604.9006 604.8924 604.8844 604.8801 604.8801 604.8668 604.8618 604.8618 604.8494 604.8471 604.842 604.8257 604.8257 604.8221 604.8142 604.8067 604.8015 604.7899 604.7887 604.7829
605.071 605.0688 605.0663 605.0638 605.063 605.0612 605.0584 605.0556 605.0527 605.0507 605.0496 605.0465 605.0426 605.0402 605.0389 605.0361 605.0327 605.0292 605.0281 605.0255 605.0218 605.0179 605.0139 605.0139 605.0098 605.0055 605.003 604.9978 604.9954 604.9907 604.9858 604.9818 604.9807 604.9807 604.9754 604.9672 604.9641 604.9641 604.9582 604.9564 604.9455 604.9422 604.9388 604.9381 604.9282 604.9209 604.9199 604.9191 604.9071 604.9035 604.9035 604.8904 604.8904 604.8837 604.8713 604.8713 604.866 604.861 604.8516 604.8495 604.838 604.838 604.8312
605.0915 605.0915 605.0892 605.087 605.0847 605.0833 605.0822 605.0798 605.0773 605.0745 605.0745 605.0718 605.0682 605.0654 605.0624 605.0624 605.0594 605.0563 605.0531 605.0515 605.0498 605.0464 605.0428 605.0406 605.0373 605.0354 605.0315 605.0272 605.0258 605.0223 605.0179 605.0134 605.0134 605.0134 605.0062 605.0013 604.9988 604.9988 604.9936 604.9895 604.9824 604.9776 604.9764 604.9757 604.9663 604.9597 604.9597 604.9569 604.9452 604.9452 604.9438 604.9336 604.9336 604.9246 604.9167 604.9167 604.9097 604.9077 604.8981 604.8974 604.8873 604.8873 604.8795
605.1141 605.1133 605.1121 605.1102 605.1082 605.1061 605.1061 605.1039 605.1017 605.0993 605.097 605.0964 605.0938 605.0913 605.0888 605.0878 605.0862 605.0835 605.0807 605.0778 605.0778 605.0748 605.0718 605.0687 605.067 605.0646 605.062 605.0576 605.0538 605.0525 605.05 605.0461 605.0461 605.0461 605.0379 605.0352 605.0335 605.0319 605.0289 605.0226 605.0193 605.0141 605.0141 605.0131 605.0024 604.9995 604.9995 604.9947 604.9869 604.9869 604.9836 604.9769 604.9753 604.9656 604.9623 604.9623 604.9543 604.9543 604.946 604.9434 604.9366 604.9366 604.9277
605.1367 605.1351 605.1337 605.1334 605.1317 605.1299 605.1282 605.1281 605.1262 605.1242 605.1222 605.1199 605.1193 605.1172 605.1151 605.1129 605.1112 605.1107 605.1083 605.1058 605.1037 605.1033 605.1008 605.0981 605.0954 605.0939 605.0925 605.0884 605.0854 605.0822 605.0822 605.0789 605.0789 605.0778 605.0719 605.0682 605.0682 605.0645 605.0643 605.0582 605.054 605.0518 605.0518 605.0489 605.0417 605.0392 605.0392 605.0325 605.0286 605.0286 605.0234 605.0201 605.0172 605.0078 605.0078 605.0078 605.0011 605.0011 604.9937 604.9895 604.9859 604.9859 604.976
605.1593 605.158 605.1566 605.1566 605.1552 605.1537 605.1523 605.1508 605.15 605.149 605.1475 605.1449 605.1439 605.1432 605.1415 605.1396 605.1378 605.1378 605.1359 605.1339 605.1318 605.1297 605.1297 605.1275 605.1252 605.1241 605.1216 605.1194 605.1169 605.1143 605.1125 605.1116 605.1116 605.1102 605.1049 605.1029 605.1029 605.0997 605.0997 605.093 605.0912 605.0895 605.0894 605.0846 605.08 605.079 605.079 605.0725 605.0703 605.0703 605.0634 605.0634 605.0609 605.0532 605.0532 605.0532 605.0478 605.0463 605.0413 605.0355 605.0352 605.0352 605.0254
605.1819 605.1808 605.1798 605.1787 605.1786 605.1776 605.1764 605.1752 605.174 605.174 605.1727 605.1705 605.1692 605.1678 605.1678 605.1664 605.165 605.1635 605.1633 605.1619 605.1603 605.1587 605.1582 605.1561 605.1552 605.1534 605.1514 605.1505 605.1485 605.1465 605.1443 605.1443 605.1443 605.1426 605.1387 605.1376 605.1376 605.1351 605.1351 605.1299 605.1285 605.1271 605.1265 605.1219 605.1188 605.1188 605.1188 605.112 605.112 605.112 605.1066 605.1066 605.1047 605.0988 605.0988 605.0988 605.0945 605.0912 605.0892 605.0845 605.0845 605.0845 605.0768
605.2045 605.2037 605.203 605.2022 605.2014 605.2014 605.2006 605.1998 605.1988 605.1979 605.1979 605.196 605.1951 605.1942 605.1942 605.1932 605.1921 605.191 605.1899 605.1899 605.1888 605.1876 605.1864 605.1858 605.1851 605.1838 605.1818 605.1801 605.1801 605.1786 605.1771 605.1771 605.1771 605.174 605.1731 605.1722 605.1722 605.1705 605.1691 605.1667 605.1648 605.1648 605.1639 605.1597 605.1586 605.1586 605.1586 605.1537 605.1537 605.1537 605.1498 605.1498 605.1469 605.1442 605.1442 605.1433 605.1412 605.138 605.1371 605.1338 605.1338 605.1338 605.1284
605.2266 605.2264 605.2262 605.2257 605.2252 605.2249 605.2247 605.2242 605.2237 605.2231 605.2222 605.2216 605.2211 605.2205 605.2199 605.2196 605.2193 605.2186 605.218 605.2175 605.2173 605.2166 605.2158 605.2153 605.2147 605.2143 605.2125 605.2116 605.2108 605.2108 605.2098 605.2098 605.2098 605.2079 605.207 605.207 605.207 605.2059 605.2042 605.2032 605.2025 605.2025 605.2015 605.199 605.1984 605.1984 605.1982 605.1954 605.1954 605.1954 605.1931 605.1931 605.1898 605.1898 605.1898 605.1879 605.1879 605.186 605.1851 605.1831 605.1831 605.1831 605.1798
