samples/sfe_322/sfe_322_vv1/sfe_322_vv1/sfe_322_vv1.asc
ncols         299
nrows         166
xllcorner     73.39999999851
yllcorner     65.60000000149
cellsize      1
NODATA_value  -9999
[rows 84 to 111 of 166, columns 128 to 191 of 299]
607.6647 607.7779 607.9078 608.0261 608.144 608.2535 608.3636 608.4666 608.5048 608.5028 608.5005 608.4982 608.4959 608.4936 608.4913 608.489 608.4867 608.4844 608.4821 608.4798 608.4775 608.4752 608.4728 608.4706 608.4683 608.4659 608.4636 608.4614 608.459 608.4567 608.4544 608.4524 608.4505 608.4485 608.4455 608.3905 608.2811 608.1744 608.0576 607.9203 607.8071 607.6848 607.5474 607.4314 607.3433 607.2062 607.093 607.0282 606.8958 606.824 606.719 606.6203 606.5665 606.4533 606.3524 606.2396 606.0951 605.9503 605.792 605.6465 605.4586 605.2635 605.1074 604.8967
607.9439 608.054 608.1801 608.3062 608.424 608.5105 608.5121 608.5109 608.509 608.5071 608.5051 608.5032 608.5013 608.4994 608.4974 608.4955 608.4936 608.4917 608.4897 608.4879 608.4859 608.484 608.4821 608.4801 608.4782 608.4763 608.4744 608.4724 608.4705 608.4686 608.4667 608.4647 608.4628 608.4609 608.4572 608.4514 608.4447 608.44 608.3392 608.2103 608.0858 607.9564 607.8234 607.728 607.6112 607.4647 607.3729 607.262 607.1357 607.0783 606.9393 606.8685 606.7745 606.674 606.5659 606.4308 606.2829 606.127 605.9926 605.8082 605.6132 605.4598 605.2548 605.0717
608.212 608.3334 608.4489 608.5143 608.5175 608.5204 608.5235 608.5233 608.5213 608.5194 608.5175 608.5156 608.5136 608.5117 608.5098 608.5079 608.5059 608.504 608.5021 608.5001 608.4982 608.4963 608.4944 608.4924 608.4905 608.4886 608.4867 608.4847 608.4828 608.4809 608.4789 608.4771 608.4751 608.4732 608.469 608.463 608.4563 608.4496 608.4429 608.4362 608.3646 608.2288 608.1019 607.9981 607.863 607.7209 607.6382 607.4976 607.3757 607.2986 607.1597 607.1093 606.9865 606.8875 606.7656 606.6165 606.4688 606.3342 606.1578 605.9628 605.8123 605.6129 605.4354 605.2161
608.4792 608.5194 608.5226 608.5258 608.5289 608.5319 608.535 608.5356 608.5336 608.5317 608.5298 608.5278 608.5259 608.524 608.5221 608.5201 608.5182 608.5163 608.5144 608.5125 608.5106 608.5086 608.5067 608.5048 608.5028 608.5009 608.499 608.4971 608.4951 608.4932 608.4913 608.4894 608.4874 608.4855 608.4807 608.4745 608.4678 608.4612 608.4545 608.4478 608.4408 608.4333 608.3804 608.2596 608.1149 607.9773 607.872 607.7382 607.6375 607.519 607.4028 607.3173 607.2089 607.095 606.9521 606.8105 606.6687 606.5074 606.3124 606.1647 605.9709 605.7992 605.5848 605.3931
608.5269 608.5309 608.5341 608.5372 608.5404 608.5433 608.5464 608.5479 608.546 608.544 608.5421 608.5402 608.5383 608.5363 608.5344 608.5325 608.5305 608.5286 608.5267 608.5248 608.5228 608.5209 608.519 608.5171 608.5151 608.5132 608.5113 608.5093 608.5074 608.5055 608.5036 608.5016 608.4998 608.4978 608.4925 608.4861 608.4794 608.4727 608.4661 608.4594 608.4524 608.4448 608.4373 608.4298 608.3668 608.2336 608.1058 607.9783 607.8783 607.7393 607.6487 607.5253 607.4224 607.2878 607.1467 607.0032 606.8571 606.662 606.5172 606.329 606.163 605.9556 605.7618 605.58
608.5383 608.5424 608.5455 608.5487 608.5519 608.5547 608.5578 608.5602 608.5583 608.5563 608.5544 608.5525 608.5505 608.5486 608.5467 608.5448 608.5428 608.541 608.539 608.5371 608.5352 608.5332 608.5313 608.5294 608.5275 608.5255 608.5236 608.5217 608.5198 608.5178 608.5159 608.514 608.512 608.5098 608.5042 608.4977 608.491 608.4843 608.4777 608.4709 608.4639 608.4564 608.4489 608.4413 608.4337 608.4255 608.3398 608.2183 608.0986 607.9597 607.86 607.7439 607.6211 607.4792 607.3376 607.2032 607.0115 606.8696 606.6871 606.5268 606.3264 606.1306 605.9612 605.8071
608.5498 608.5537 608.557 608.5602 608.5634 608.5662 608.5692 608.5723 608.5706 608.5687 608.5667 608.5648 608.5629 608.561 608.559 608.5571 608.5552 608.5532 608.5513 608.5494 608.5475 608.5455 608.5436 608.5417 608.5398 608.5378 608.5359 608.534 608.532 608.5302 608.5282 608.5263 608.5244 608.5215 608.516 608.5093 608.5026 608.4959 608.4892 608.483 608.4755 608.468 608.4604 608.4529 608.4453 608.4372 608.4291 608.422 608.319 608.1852 608.068 607.9505 607.8119 607.6721 607.5454 607.3636 607.2221 607.0451 606.8887 606.6971 606.4993 606.3425 606.1888 606.0087
608.5612 608.565 608.5685 608.5717 608.5748 608.578 608.5806 608.5837 608.5829 608.5809 608.579 608.5771 608.5752 608.5732 608.5714 608.5694 608.5675 608.5656 608.5637 608.5617 608.5598 608.5579 608.5559 608.554 608.5521 608.5502 608.5482 608.5463 608.5444 608.5425 608.5405 608.5386 608.5367 608.5333 608.5275 608.5209 608.5142 608.5074 608.5008 608.4946 608.487 608.4795 608.472 608.4645 608.4569 608.4488 608.4407 608.4326 608.4242 608.4028 608.2789 608.1449 608.0065 607.8799 607.7161 607.5746 607.4063 607.25 607.0679 606.8768 606.7237 606.5705 606.3983 606.1788
608.5725 608.5762 608.58 608.5832 608.5863 608.5895 608.5921 608.5951 608.5952 608.5933 608.5914 608.5894 608.5875 608.5856 608.5836 608.5817 608.5798 608.5779 608.5759 608.574 608.5721 608.5702 608.5682 608.5663 608.5644 608.5624 608.5605 608.5586 608.5567 608.5547 608.5529 608.5509 608.549 608.545 608.5391 608.5324 608.5258 608.519 608.5123 608.5061 608.4985 608.491 608.4835 608.4766 608.4685 608.4604 608.4523 608.4444 608.4359 608.4274 608.4182 608.343 608.2144 608.0685 607.927 607.7676 607.6113 607.4387 607.2581 607.105 606.9518 606.7879 606.5716 606.402
608.5837 608.5876 608.5915 608.5947 608.5978 608.601 608.6035 608.6066 608.6075 608.6056 608.6036 608.6017 608.5998 608.5979 608.5959 608.5941 608.5921 608.5902 608.5883 608.5863 608.5844 608.5825 608.5806 608.5786 608.5767 608.5748 608.5729 608.5709 608.569 608.5671 608.5651 608.5632 608.5613 608.5568 608.5507 608.544 608.5373 608.5306 608.5239 608.5176 608.5101 608.5026 608.4951 608.4882 608.4801 608.472 608.4639 608.4561 608.4476 608.4393 608.4299 608.4205 608.414 608.2795 608.1288 607.9726 607.8095 607.6393 607.4862 607.3331 607.1696 606.9644 606.7947 606.6124
608.595 608.5992 608.603 608.6061 608.6093 608.6125 608.6149 608.618 608.6198 608.6179 608.616 608.6141 608.6121 608.6102 608.6083 608.6063 608.6044 608.6025 608.6006 608.5986 608.5967 608.5948 608.5929 608.5909 608.589 608.5871 608.5851 608.5833 608.5813 608.5794 608.5775 608.5756 608.5736 608.5685 608.5623 608.5556 608.5489 608.5422 608.536 608.5292 608.5217 608.5141 608.5066 608.4998 608.4917 608.4836 608.4755 608.4678 608.4593 608.451 608.4415 608.4321 608.4227 608.4132 608.3339 608.1803 608.0206 607.8674 607.7143 607.5513 607.3572 607.1875 607.0126 606.8229
608.6062 608.6107 608.6143 608.6176 608.6208 608.624 608.6265 608.6294 608.6321 608.6302 608.6283 608.6263 608.6245 608.6225 608.6206 608.6187 608.6168 608.6148 608.6129 608.611 608.609 608.6071 608.6052 608.6033 608.6013 608.5994 608.5975 608.5956 608.5936 608.5917 608.5898 608.5878 608.5859 608.5803 608.5739 608.5671 608.5605 608.5538 608.5483 608.5407 608.5332 608.5257 608.5186 608.5114 608.5033 608.4952 608.4874 608.4794 608.4709 608.4626 608.4532 608.4438 608.4343 608.4249 608.4155 608.4019 608.2487 608.0955 607.933 607.7499 607.5803 607.4112 607.2224 607.0264
608.6175 608.6219 608.6255 608.6291 608.6323 608.6354 608.6386 608.6408 608.6439 608.6425 608.6406 608.6387 608.6367 608.6348 608.6329 608.631 608.629 608.6271 608.6252 608.6233 608.6213 608.6194 608.6175 608.6156 608.6136 608.6117 608.6098 608.6078 608.606 608.604 608.6021 608.6002 608.5976 608.5921 608.5854 608.5787 608.572 608.5654 608.5598 608.5523 608.5447 608.5372 608.5311 608.523 608.5149 608.5068 608.4996 608.4911 608.4827 608.4743 608.4648 608.4554 608.446 608.4365 608.4276 608.4179 608.4081 608.3147 608.1427 607.973 607.804 607.6218 607.4326 607.2515
608.6287 608.6332 608.6367 608.6406 608.6437 608.6469 608.6501 608.6522 608.6553 608.6548 608.6529 608.651 608.649 608.6472 608.6452 608.6433 608.6414 608.6395 608.6375 608.6356 608.6337 608.6317 608.6298 608.6279 608.626 608.624 608.6221 608.6202 608.6183 608.6163 608.6144 608.6125 608.6094 608.6037 608.597 608.5903 608.5836 608.5769 608.5714 608.5638 608.5563 608.5488 608.5427 608.5346 608.5266 608.5184 608.5113 608.5028 608.4954 608.486 608.4766 608.4671 608.4576 608.4482 608.4396 608.4301 608.4201 608.4102 608.3658 608.1967 608.0212 607.8387 607.6577 607.4716
608.64 608.6444 608.6486 608.6523 608.6552 608.6584 608.6616 608.6637 608.6667 608.6672 608.6652 608.6633 608.6614 608.6594 608.6575 608.6556 608.6537 608.6517 608.6498 608.6479 608.646 608.644 608.6422 608.6402 608.6382 608.6364 608.6344 608.6325 608.6306 608.6287 608.6267 608.6248 608.6211 608.6153 608.6086 608.6019 608.5952 608.5886 608.5829 608.5754 608.5679 608.5603 608.5543 608.5463 608.5381 608.53 608.523 608.5145 608.5071 608.4976 608.4882 608.4788 608.4693 608.4601 608.4515 608.4421 608.4322 608.4223 608.412 608.4033 608.2449 608.0638 607.8798 607.6973
608.6512 608.6557 608.6602 608.6636 608.6667 608.6699 608.673 608.6751 608.6782 608.6794 608.6776 608.6756 608.6737 608.6718 608.6699 608.6679 608.666 608.6641 608.6621 608.6602 608.6583 608.6564 608.6544 608.6525 608.6506 608.6487 608.6467 608.6448 608.6429 608.6409 608.639 608.6371 608.6329 608.6268 608.6202 608.6135 608.6068 608.6014 608.5944 608.5869 608.5794 608.5726 608.566 608.5579 608.5497 608.543 608.5347 608.5262 608.5187 608.5093 608.4999 608.4904 608.481 608.4732 608.4635 608.4542 608.4442 608.4343 608.4239 608.4129 608.402 608.2881 608.1056 607.9254
608.6625 608.6669 608.6714 608.6748 608.6782 608.6813 608.6845 608.6868 608.6896 608.6918 608.6899 608.6879 608.686 608.6841 608.6821 608.6802 608.6783 608.6764 608.6744 608.6725 608.6706 608.6687 608.6667 608.6648 608.6629 608.6609 608.6591 608.6571 608.6552 608.6533 608.6514 608.6494 608.6446 608.6384 608.6317 608.6251 608.6183 608.6135 608.606 608.5984 608.5909 608.5857 608.5776 608.5695 608.5613 608.5549 608.5463 608.5392 608.5304 608.5209 608.5115 608.5021 608.4926 608.4852 608.4761 608.4662 608.4562 608.4463 608.4357 608.4247 608.4142 608.4037 608.3352 608.1535
608.6737 608.6782 608.6826 608.686 608.6896 608.6928 608.696 608.6992 608.701 608.704 608.7021 608.7003 608.6983 608.6964 608.6945 608.6926 608.6906 608.6887 608.6868 608.6848 608.6829 608.681 608.6791 608.6771 608.6752 608.6733 608.6714 608.6694 608.6675 608.6656 608.6636 608.6617 608.6564 608.65 608.6433 608.6366 608.6299 608.6251 608.6176 608.61 608.6025 608.5973 608.5892 608.5811 608.5729 608.5665 608.558 608.5515 608.5421 608.5326 608.5232 608.5137 608.5047 608.4972 608.4882 608.4783 608.4686 608.4586 608.4475 608.4365 608.4267 608.4161 608.405 608.379
608.6849 608.6894 608.6939 608.698 608.7012 608.7043 608.7075 608.7106 608.7124 608.7155 608.7145 608.7125 608.7106 608.7087 608.7068 608.7048 608.7029 608.701 608.6991 608.6971 608.6953 608.6933 608.6913 608.6895 608.6875 608.6856 608.6837 608.6818 608.6798 608.6779 608.676 608.6737 608.6683 608.6616 608.6549 608.6482 608.6415 608.6366 608.6291 608.6216 608.614 608.6089 608.6008 608.5927 608.5849 608.5782 608.5697 608.5632 608.5537 608.5443 608.5349 608.5254 608.5189 608.5092 608.5002 608.4903 608.4805 608.4703 608.4594 608.4484 608.4392 608.4286 608.4172 608.4053
608.6962 608.7007 608.7051 608.7095 608.7128 608.7158 608.7189 608.7221 608.7239 608.7269 608.7268 608.7249 608.723 608.721 608.7191 608.7172 608.7152 608.7133 608.7114 608.7095 608.7075 608.7056 608.7037 608.7018 608.6998 608.6979 608.696 608.694 608.6921 608.6902 608.6883 608.6854 608.6799 608.6732 608.6664 608.6598 608.6541 608.6482 608.6406 608.6331 608.6266 608.6205 608.6124 608.6042 608.5984 608.5899 608.5818 608.5748 608.5654 608.5559 608.5465 608.537 608.5308 608.5216 608.5123 608.5023 608.4926 608.4822 608.4712 608.4622 608.4517 608.4412 608.4293 608.4175
608.709 608.7119 608.7164 608.7208 608.7241 608.7273 608.7305 608.7336 608.7353 608.7383 608.7391 608.7372 608.7352 608.7333 608.7314 608.7295 608.7275 608.7256 608.7237 608.7218 608.7198 608.7179 608.716 608.7141 608.7122 608.7102 608.7083 608.7064 608.7045 608.7025 608.7006 608.6972 608.6914 608.6848 608.678 608.6713 608.667 608.6597 608.6522 608.6447 608.6399 608.6321 608.624 608.6159 608.61 608.6016 608.5957 608.5865 608.577 608.5676 608.5582 608.5493 608.5428 608.5342 608.5244 608.5148 608.505 608.494 608.483 608.4747 608.4641 608.4533 608.4415 608.4297
608.7208 608.7231 608.7276 608.7321 608.7353 608.7388 608.7419 608.7451 608.747 608.7498 608.7514 608.7495 608.7476 608.7457 608.7437 608.7418 608.7399 608.7379 608.736 608.7341 608.7322 608.7302 608.7283 608.7264 608.7245 608.7225 608.7206 608.7187 608.7167 608.7148 608.7129 608.7089 608.703 608.6963 608.6896 608.6829 608.6788 608.6713 608.6638 608.6562 608.6518 608.6437 608.6356 608.6275 608.6218 608.6132 608.6076 608.5981 608.5887 608.5793 608.5698 608.5638 608.5548 608.5463 608.5364 608.5268 608.5168 608.5059 608.4957 608.4872 608.4766 608.4655 608.4537 608.4418
608.7321 608.7344 608.7389 608.7433 608.7474 608.7502 608.7534 608.7566 608.7593 608.7612 608.7636 608.7618 608.7599 608.7579 608.756 608.7541 608.7522 608.7502 608.7484 608.7464 608.7444 608.7426 608.7406 608.7387 608.7368 608.7349 608.7329 608.731 608.7291 608.7272 608.7252 608.7207 608.7146 608.7079 608.7012 608.6945 608.6903 608.6828 608.6753 608.6677 608.6634 608.6553 608.6472 608.6404 608.6334 608.6249 608.6193 608.6098 608.6003 608.5909 608.5815 608.5765 608.5668 608.5583 608.5484 608.5388 608.5287 608.5177 608.5102 608.4996 608.4894 608.4776 608.4658 608.4562
608.7432 608.7464 608.7501 608.7546 608.7589 608.7621 608.7649 608.7681 608.7712 608.7726 608.7756 608.7741 608.7722 608.7703 608.7683 608.7664 608.7645 608.7626 608.7606 608.7587 608.7568 608.7549 608.7529 608.751 608.7491 608.7472 608.7452 608.7433 608.7414 608.7394 608.7375 608.7324 608.7261 608.7195 608.7128 608.7065 608.7019 608.6943 608.6868 608.6806 608.675 608.6669 608.6588 608.6536 608.6451 608.6383 608.6309 608.6215 608.612 608.6026 608.5939 608.5884 608.5803 608.5704 608.561 608.5515 608.5405 608.5295 608.5227 608.5121 608.5016 608.4898 608.478 608.4691
608.7545 608.7592 608.7614 608.7658 608.7703 608.7734 608.7764 608.7795 608.7827 608.784 608.787 608.7864 608.7845 608.7826 608.7806 608.7787 608.7768 608.7749 608.7729 608.7711 608.7691 608.7672 608.7653 608.7633 608.7614 608.7595 608.7576 608.7556 608.7537 608.7518 608.7498 608.7444 608.7377 608.731 608.7244 608.7196 608.7134 608.7059 608.6984 608.6938 608.6866 608.6785 608.6704 608.6653 608.6568 608.652 608.6426 608.6331 608.6237 608.6143 608.6085 608.6005 608.5924 608.5825 608.5731 608.5634 608.5524 608.5433 608.5352 608.5246 608.5138 608.502 608.4912 608.4819
608.7656 608.7708 608.7726 608.7771 608.7816 608.7846 608.7878 608.791 608.7942 608.7955 608.7985 608.7988 608.7968 608.7949 608.793 608.791 608.7891 608.7872 608.7853 608.7833 608.7814 608.7795 608.7776 608.7756 608.7737 608.7718 608.7698 608.7679 608.766 608.7641 608.7615 608.756 608.7493 608.7426 608.7359 608.7325 608.725 608.7175 608.7099 608.7064 608.6982 608.6901 608.6824 608.677 608.6685 608.6636 608.6542 608.6448 608.6353 608.6259 608.6221 608.6124 608.6044 608.5945 608.5851 608.5752 608.5642 608.5582 608.5476 608.5377 608.5259 608.5141 608.5064 608.4946
608.7769 608.782 608.7839 608.7883 608.7928 608.7966 608.7993 608.8025 608.8057 608.8073 608.8099 608.811 608.8091 608.8072 608.8053 608.8033 608.8015 608.7995 608.7976 608.7957 608.7937 608.7918 608.7899 608.788 608.786 608.7841 608.7822 608.7803 608.7783 608.7764 608.7733 608.7676 608.7609 608.7542 608.7475 608.7441 608.7365 608.729 608.7216 608.718 608.7098 608.7017 608.696 608.6887 608.681 608.6753 608.6659 608.6564 608.647 608.6385 608.6341 608.6264 608.6165 608.6071 608.598 608.587 608.576 608.5707 608.5601 608.5499 608.5381 608.5263 608.5192 608.5074
608.7882 608.7932 608.7966 608.7996 608.804 608.8083 608.8113 608.814 608.8171 608.8196 608.8214 608.8234 608.8215 608.8195 608.8176 608.8157 608.8137 608.8118 608.8099 608.808 608.806 608.8041 608.8022 608.8003 608.7983 608.7964 608.7945 608.7925 608.7906 608.7887 608.785 608.7792 608.7725 608.7657 608.7593 608.7556 608.748 608.7405 608.7347 608.7296 608.7214 608.7133 608.7089 608.7003 608.6948 608.687 608.6776 608.6681 608.6587 608.653 608.6461 608.6384 608.6285 608.6193 608.6098 608.5988 608.5909 608.5831 608.5729 608.5621 608.5502 608.5412 608.532 608.5203
