samples/sfe_322/sfe_322_vv1/sfe_322_vv1/sfe_322_vv1.asc
ncols         299
nrows         166
xllcorner     73.39999999851
yllcorner     65.60000000149
cellsize      1
NODATA_value  -9999
[rows 112 to 139 of 166, columns 192 to 255 of 299]
608.5231 608.5103 608.4976 608.4849 608.4764 608.4637 608.4506 608.4374 608.4243 608.4126 608.3989 608.3851 608.2979 608.0895 607.8912 607.6988 607.4781 607.2632 607.0361 606.8091 606.5623 606.3398 606.1288 605.9083 605.6518 605.4244 605.197 604.9588 604.7023 604.449 604.2178 603.9866 603.7559 603.5244 603.2998 603.1006 603.1265 603.182 602.746 602.241 602.405 602.027 602.0955 601.7295 601.2485 601.3765 601.457 601.34 601.3155 601.2735 600.858 600.8565 600.711 600.565 600.6365 600.283 600.2495 600.658 600.5025 600.4165 600.2975 600.3585 600.548 600.2805
608.5358 608.5231 608.5104 608.4976 608.4904 608.4773 608.4642 608.451 608.4406 608.4269 608.4131 608.3994 608.3856 608.3133 608.121 607.9063 607.6914 607.4643 607.2443 607.0042 606.7817 606.5737 606.3564 606.1053 605.8779 605.6504 605.4136 605.1572 604.9102 604.6788 604.4478 604.2169 603.9855 603.7546 603.5544 603.3552 603.1498 602.968 602.5395 602.4005 602.565 602.1375 602.482 602.158 601.4185 601.5 601.7465 601.305 601.3224 601.2805 600.745 600.7635 600.5795 600.6045 600.939 600.753 600.617 600.3735 600.315 600.282 600.136 600.2055 600.458 600.219
608.5486 608.5358 608.5231 608.5128 608.504 608.4908 608.4777 608.4646 608.4549 608.4412 608.4274 608.4137 608.3991 608.3838 608.3345 608.1196 607.8972 607.6796 607.4464 607.2241 607.0186 606.8045 606.5587 606.3312 606.1038 605.8685 605.612 605.3713 605.14 604.9088 604.678 604.4466 604.2157 604.0082 603.8091 603.6031 603.3768 603.1827 602.9886 602.6225 602.781 602.3445 602.6495 602.4715 602.2175 601.9105 601.4275 601.2759 601.4035 601.2515 601.1935 600.679 600.6295 601.0425 601.15 601.127 600.839 600.331 600.644 600.4385 600.1885 600.459 600.205 600.0984
608.5613 608.5486 608.5358 608.5305 608.5176 608.5045 608.4913 608.4807 608.4692 608.4554 608.4417 608.428 608.4128 608.3982 608.3831 608.3325 608.1105 607.8885 607.6664 607.4634 607.2526 607.0121 606.7846 606.5572 606.3233 606.0668 605.8324 605.6011 605.3699 605.1391 604.9077 604.6768 604.4621 604.2629 604.0565 603.8228 603.6249 603.4308 603.2339 603.0563 602.985 602.558 602.719 602.282 602.2339 602.1625 601.492 601.511 601.707 601.318 601.6125 601.376 601.162 600.8845 600.772 600.673 600.481 600.5445 601.01 600.7485 600.405 600.6155 600.2605 600.5495
608.5741 608.5613 608.5493 608.5443 608.5312 608.518 608.5049 608.4971 608.4834 608.4697 608.4559 608.442 608.4271 608.413 608.3986 608.3838 608.3307 608.111 607.9083 607.7008 607.4655 607.238 607.0106 606.7781 606.5248 606.2935 606.0622 605.831 605.6002 605.3688 605.1378 604.9159 604.7167 604.5098 604.2773 604.0671 603.873 603.6734 603.4922 603.2901 603.0883 602.9535 602.661 602.6095 602.4485 602.0025 601.8815 601.954 601.5075 601.4515 601.654 601.4655 601.614 601.1025 600.6105 600.4825 600.5285 600.967 600.9175 600.608 600.649 600.518 600.5945 600.5885
608.5868 608.5741 608.5668 608.5579 608.5447 608.5316 608.5188 608.5114 608.4977 608.4839 608.4702 608.4561 608.4416 608.4269 608.414 608.3992 608.3845 608.3532 608.1489 607.9188 607.6914 607.464 607.2329 606.9859 606.7546 606.5233 606.2921 606.0613 605.8299 605.5989 605.3698 605.1706 604.9631 604.7318 604.5093 604.3152 604.1157 603.9255 603.7257 603.5239 603.3212 603.1386 602.9622 602.6485 602.5335 602.5515 602.504 602.2435 601.564 601.5775 601.759 601.3895 601.7705 601.4145 600.9145 601.1385 601.0315 600.783 600.566 600.5934 600.78 600.511 600.7155 600.471
608.5995 608.5869 608.5845 608.5715 608.5583 608.5452 608.5374 608.5257 608.512 608.4982 608.4848 608.4696 608.4561 608.4443 608.4295 608.4155 608.4001 608.3845 608.3723 608.1448 607.9174 607.6877 607.447 607.2157 606.9844 606.7532 606.5224 606.291 606.06 605.8289 605.6244 605.4165 605.1862 604.9516 604.7574 604.558 604.3577 604.1613 603.9595 603.7455 603.563 603.3804 603.1747 602.9913 602.8575 602.678 602.7065 602.238 602.0785 601.8115 601.905 601.5475 601.751 601.2215 601.137 601.426 601.091 600.941 600.6485 600.877 600.558 600.413 600.6195 600.713
608.6123 608.6033 608.5981 608.585 608.5719 608.5588 608.5537 608.54 608.5262 608.5125 608.4983 608.4849 608.471 608.4597 608.4449 608.4315 608.4158 608.4002 608.3846 608.3707 608.1426 607.9081 607.6768 607.4455 607.2143 606.9835 606.7521 606.5211 606.29 606.0782 605.8699 605.6406 605.3949 605.1997 605.0002 604.7899 604.5969 604.3951 604.1733 603.9873 603.8047 603.6003 603.4119 603.231 603.0443 602.685 602.736 602.338 602.385 601.97 602.079 601.7015 601.9675 601.6445 601.6355 601.4285 601.0735 601.2385 600.904 601.051 600.647 600.9025 600.9935 600.859
608.6251 608.6209 608.6118 608.5986 608.5854 608.5756 608.568 608.5543 608.5405 608.5268 608.5128 608.4994 608.487 608.4752 608.4604 608.4472 608.4316 608.416 608.3997 608.3832 608.3693 608.1379 607.9066 607.6754 607.4446 607.2131 606.9821 606.7511 606.532 606.3233 606.0951 605.8463 605.6419 605.4424 605.2222 605.0325 604.8307 604.6089 604.4117 604.2291 604.0258 603.8325 603.6515 603.4658 603.2545 603.0433 602.7939 602.6995 602.252 601.979 602.0065 602.1765 602.0475 601.594 601.4365 601.2165 601.123 601.4885 601.171 600.9715 601.0015 600.9655 601.1355 600.6165
608.6398 608.6384 608.6253 608.6122 608.5991 608.5941 608.5823 608.5685 608.5548 608.5411 608.5283 608.5151 608.5054 608.4906 608.4785 608.4629 608.4473 608.4321 608.4158 608.3992 608.3822 608.3677 608.1365 607.9056 607.6742 607.4432 607.2122 606.9859 606.7767 606.5495 606.3007 606.0841 605.8846 605.663 605.4681 605.2662 605.0446 604.836 604.6534 604.4514 604.253 604.0721 603.8873 603.676 603.4648 603.2531 603.0414 603.027 602.4065 602.5565 602.3669 601.996 601.882 601.929 601.823 601.651 601.489 601.1835 601.0005 600.9885 601.189 600.868 601.1935 600.998
608.6574 608.652 608.6389 608.6257 608.6138 608.6103 608.5966 608.5828 608.5691 608.556 608.5427 608.5291 608.5209 608.506 608.4943 608.4786 608.463 608.4476 608.4323 608.4152 608.3989 608.3815 608.3668 608.1353 607.9042 607.6732 607.4422 607.23 607.0029 606.7552 606.5263 606.3268 606.1051 605.9037 605.7018 605.4802 605.2603 605.0778 604.8769 604.674 604.4926 604.3088 604.0974 603.8862 603.6747 603.4595 603.2475 603.0392 602.534 602.641 602.7095 601.8845 601.8685 602.3335 602.145 601.586 601.3385 601.152 601.404 601.4565 601.4905 601.1535 600.8505 600.83
608.675 608.6656 608.6525 608.6393 608.6323 608.6246 608.6108 608.5971 608.584 608.5709 608.5573 608.549 608.5363 608.5221 608.5099 608.4943 608.4793 608.4637 608.448 608.4318 608.4148 608.3979 608.3799 608.3653 608.1343 607.9033 607.6834 607.4562 607.2097 606.9686 606.769 606.5472 606.3425 606.1375 605.9159 605.6847 605.5021 605.3024 605.1021 604.9132 604.7302 604.5189 604.3076 604.0963 603.8776 603.6625 603.4542 603.2465 603.038 602.6645 602.917 602.585 602.3075 601.963 601.8395 601.9075 601.6305 601.39 601.6306 601.2465 601.28 601.2775 600.8445 601.068
608.6923 608.6792 608.6661 608.6529 608.6508 608.6389 608.6251 608.6114 608.5987 608.5861 608.5731 608.5665 608.5518 608.5413 608.5256 608.51 608.4954 608.4805 608.4647 608.4487 608.4321 608.4147 608.3974 608.3791 608.3643 608.1368 607.9096 607.6641 607.4172 607.2112 606.9894 606.7781 606.5731 606.3515 606.1161 605.9265 605.728 605.5301 605.3337 605.1517 604.9403 604.729 604.5174 604.2949 604.0775 603.8691 603.6615 603.453 603.2242 602.9902 603.199 602.8545 602.2635 601.7925 601.677 601.9385 602.006 601.395 601.2605 601.15 601.3785 601.043 600.872 600.9715
608.7059 608.6927 608.6796 608.6705 608.6669 608.6531 608.6394 608.6259 608.6128 608.6005 608.5907 608.582 608.5672 608.557 608.5414 608.5257 608.5115 608.4961 608.4809 608.4648 608.4492 608.4318 608.415 608.397 608.3785 608.363 608.1185 607.8698 607.6535 607.4315 607.2104 607.0087 606.7872 606.5518 606.3508 606.1536 605.9564 605.7543 605.5732 605.3618 605.1504 604.9299 604.7093 604.4925 604.2841 604.0765 603.868 603.6393 603.4052 603.1711 602.953 602.8945 602.3465 602.443 602.1295 601.912 602.1705 601.931 601.6005 601.3785 601.6775 601.4785 601.361 601.298
608.7195 608.7064 608.6932 608.6891 608.6812 608.6674 608.6537 608.6403 608.6295 608.6172 608.611 608.5974 608.5858 608.5727 608.5571 608.5428 608.5278 608.513 608.4977 608.4822 608.4659 608.4491 608.4321 608.4147 608.3969 608.377 608.3242 608.0957 607.8737 607.6526 607.4443 607.2228 606.9875 606.7751 606.5791 606.3819 606.1749 605.994 605.7832 605.5717 605.3425 605.1237 604.9075 604.6991 604.4915 604.283 604.0543 603.8202 603.5861 603.3583 603.1206 602.952 602.818 602.425 602.307 602.2635 601.851 601.8955 601.979 601.3815 601.382 601.329 601.2 601.2875
608.733 608.7199 608.7087 608.7075 608.6954 608.6817 608.668 608.656 608.6439 608.6324 608.6277 608.6129 608.6041 608.5884 608.5728 608.5583 608.5452 608.5294 608.5152 608.4995 608.4828 608.4673 608.4502 608.4329 608.4144 608.3957 608.3756 608.3158 608.0947 607.8798 607.6584 607.4231 607.1995 607.0046 606.8074 606.6001 606.4145 606.2047 605.9933 605.7604 605.5381 605.3224 605.1141 604.9065 604.698 604.4692 604.2352 604.0069 603.7798 603.5421 603.3044 603.0674 603.1375 602.804 602.7245 602.465 601.7685 601.7925 602.1475 601.9065 601.7655 601.6365 601.367 601.1815
608.7466 608.7335 608.7271 608.7234 608.7097 608.6959 608.6832 608.6724 608.6603 608.6527 608.6431 608.6287 608.6198 608.6041 608.5898 608.5758 608.5618 608.5472 608.5318 608.5167 608.501 608.4851 608.4686 608.451 608.4328 608.4147 608.3934 608.3714 608.3154 608.0941 607.8588 607.6238 607.4302 607.233 607.0281 606.8351 606.6261 606.4148 606.1785 605.9525 605.7375 605.529 605.3215 605.113 604.8843 604.6502 604.4285 604.2013 603.9636 603.7258 603.4918 603.2525 603.0131 602.8459 603.05 602.636 601.921 601.815 601.999 602.1315 601.653 601.5055 601.343 601.126
608.7602 608.7471 608.7457 608.7377 608.7239 608.7102 608.6992 608.6873 608.6752 608.673 608.6586 608.6495 608.6354 608.6198 608.6066 608.5932 608.5791 608.5648 608.55 608.5345 608.5193 608.5027 608.4864 608.4697 608.4515 608.433 608.4111 608.3892 608.3672 608.2944 608.0591 607.8557 607.6585 607.4561 607.2556 607.0475 606.8276 606.5938 606.3668 606.1525 605.944 605.7365 605.528 605.2993 605.0652 604.85 604.6227 604.3851 604.1503 603.9162 603.6769 603.4375 603.201 602.9626 603.1325 602.7585 602.1885 602.335 602.351 602.0965 601.6005 601.808 601.7705 601.6555
608.7738 608.7654 608.7643 608.752 608.7382 608.7256 608.7131 608.7017 608.6945 608.6888 608.674 608.6668 608.6512 608.6366 608.6233 608.6104 608.5961 608.5819 608.5679 608.5529 608.5373 608.5217 608.5054 608.4886 608.4708 608.4508 608.4288 608.4069 608.3849 608.3657 608.2813 608.084 607.8842 607.6762 607.469 607.2402 607.0082 606.7813 606.5675 606.359 606.1515 605.943 605.7142 605.4828 605.2713 605.0443 604.8065 604.5762 604.3406 604.1013 603.8619 603.6292 603.3907 603.1426 602.953 602.8795 602.4105 602.616 602.1215 601.869 601.5925 601.862 602.1835 601.902
608.7874 608.784 608.78 608.7662 608.7525 608.7397 608.7306 608.7194 608.7149 608.7042 608.6924 608.6825 608.6669 608.6534 608.6411 608.6268 608.6145 608.5999 608.5863 608.5702 608.5556 608.54 608.5248 608.5066 608.49 608.4685 608.4466 608.4246 608.4072 608.3864 608.3646 608.3122 608.0981 607.8904 607.6527 607.4226 607.1956 606.9825 606.774 606.5665 606.358 606.1292 605.9042 605.6927 605.4658 605.228 605.0007 604.765 604.5256 604.2874 604.0574 603.819 603.5655 603.3171 603.059 603.0375 602.5535 602.612 602.1255 602.315 602.0255 601.771 602.22 601.897
608.8037 608.8026 608.7943 608.7805 608.7668 608.756 608.7451 608.7363 608.7345 608.7197 608.7133 608.6982 608.6826 608.6705 608.658 608.645 608.6315 608.619 608.6027 608.5897 608.5745 608.5597 608.5425 608.5266 608.5082 608.4863 608.4643 608.4423 608.4283 608.4077 608.386 608.364 608.3119 608.0652 607.837 607.61 607.3975 607.189 606.9815 606.773 606.5443 606.3255 606.1141 605.8872 605.6495 605.4251 605.1893 604.95 604.7191 604.4855 604.2422 603.9951 603.7466 603.4885 603.2429 602.9901 602.9265 602.4449 602.3705 602.5735 602.0535 601.765 601.8895 602.1065
608.8223 608.821 608.8085 608.7948 608.7823 608.7737 608.7631 608.7565 608.7499 608.7352 608.7296 608.7139 608.7003 608.6879 608.6755 608.6628 608.65 608.6354 608.6221 608.608 608.5945 608.5778 608.5623 608.5464 608.5259 608.504 608.4821 608.4686 608.4484 608.4285 608.409 608.3857 608.3625 608.2514 608.0244 607.8125 607.604 607.3965 607.188 606.9592 606.7471 606.5356 606.3087 606.0778 605.8496 605.6137 605.3744 605.1506 604.9137 604.6652 604.4276 604.1761 603.92 603.6841 603.4313 603.1785 602.945 602.9635 602.864 602.641 602.136 602.3025 602.139 601.7995
608.8408 608.8365 608.8228 608.8091 608.7993 608.7885 608.7778 608.7767 608.7654 608.7562 608.7452 608.7296 608.7173 608.7061 608.6934 608.6813 608.6681 608.6544 608.6412 608.6277 608.6124 608.5977 608.5819 608.5657 608.5437 608.5217 608.4999 608.4891 608.4703 608.4502 608.4307 608.4075 608.3842 608.3623 608.2275 608.019 607.8115 607.603 607.3802 607.1686 606.9571 606.7302 606.5062 606.2741 606.0381 605.7988 605.5803 605.3419 605.0933 604.8624 604.6056 604.3623 604.1252 603.8724 603.6196 603.3946 603.1669 602.9437 603.1865 602.9015 602.763 602.591 602.1605 602.125
608.8594 608.8508 608.8371 608.8252 608.8146 608.8045 608.7982 608.7956 608.7808 608.7766 608.761 608.7476 608.7351 608.7242 608.7115 608.6989 608.6866 608.674 608.661 608.6464 608.6322 608.6181 608.6028 608.5834 608.5614 608.5395 608.5282 608.5108 608.4924 608.4747 608.4525 608.4293 608.4083 608.3848 608.3607 608.2265 608.018 607.8016 607.5902 607.3786 607.1517 606.931 606.6986 606.4625 606.2303 606.0085 605.7649 605.5247 605.2932 605.035 604.8043 604.5664 604.3136 604.0692 603.8419 603.6127 603.3896 603.1659 602.942 602.6525 602.674 602.646 602.061 602.0295
608.8778 608.8651 608.8514 608.8405 608.8318 608.8214 608.8185 608.811 608.7992 608.7923 608.7767 608.7641 608.7542 608.7418 608.7308 608.7178 608.7062 608.6929 608.6792 608.6662 608.6528 608.6378 608.622 608.6011 608.5792 608.5578 608.5505 608.5332 608.5145 608.4975 608.4742 608.451 608.4318 608.4091 608.3849 608.3599 608.2227 608.0117 607.8001 607.577 607.3555 607.1231 606.8868 606.6621 606.4366 606.1916 605.9559 605.7227 605.4681 605.2465 605.0076 604.7548 604.5187 604.2885 604.0586 603.8354 603.6117 603.3879 603.165 602.941 602.9615 602.917 602.6375 602.4085
608.8931 608.8794 608.8658 608.856 608.8463 608.8401 608.8388 608.8265 608.8201 608.808 608.7924 608.783 608.7709 608.7606 608.7481 608.7378 608.7243 608.712 608.6994 608.6865 608.6725 608.6575 608.6408 608.6188 608.5969 608.5861 608.5733 608.5564 608.5359 608.5192 608.496 608.4771 608.455 608.4332 608.4099 608.385 608.3568 608.2216 608.0054 607.78 607.5475 607.3112 607.0936 606.8646 606.6229 606.3872 606.1522 605.9104 605.6887 605.4487 605.1959 604.9681 604.7352 604.5045 604.2813 604.0575 603.8337 603.6108 603.3854 603.1603 602.94 602.713 602.494 602.3525
608.9074 608.8937 608.8815 608.8751 608.8655 608.8605 608.8568 608.842 608.8394 608.8237 608.8115 608.7999 608.7892 608.7785 608.7679 608.7557 608.7432 608.7314 608.7199 608.7064 608.6918 608.6791 608.6586 608.6366 608.6157 608.612 608.5957 608.5769 608.5643 608.541 608.5178 608.5006 608.4799 608.4572 608.4343 608.4099 608.3805 608.351 608.2045 607.972 607.7415 607.5251 607.2899 607.0541 606.8209 606.5817 606.3527 606.1309 605.8898 605.643 605.4177 605.1818 604.9503 604.7271 604.5033 604.2796 604.0565 603.8235 603.5988 603.3786 603.1583 602.939 602.9765 602.614
608.9217 608.908 608.8992 608.8896 608.8817 608.8807 608.8722 608.8627 608.855 608.8394 608.8282 608.8199 608.8077 608.7984 608.7864 608.7743 608.7636 608.752 608.739 608.7256 608.7132 608.6982 608.6763 608.6544 608.6438 608.6348 608.6171 608.6001 608.586 608.5627 608.5439 608.5257 608.5043 608.483 608.4595 608.4337 608.4042 608.3747 608.3463 608.1733 607.9566 607.7211 607.4854 607.2561 607.0161 606.7947 606.5731 606.331 606.0927 605.8673 605.6285 605.3961 605.1729 604.9491 604.7255 604.502 604.2616 604.0374 603.8173 603.5969 603.3776 603.167 602.9968 602.996
