samples/sfe_322/sfe_322_vv1/sfe_322_vv1/sfe_322_vv1.asc
ncols         299
nrows         166
xllcorner     73.39999999851
yllcorner     65.60000000149
cellsize      1
NODATA_value  -9999
[rows 112 to 139 of 166, columns 64 to 127 of 299]
603.1225 603.2862 603.4811 603.6776 603.8774 604.0773 604.2699 604.4582 604.6595 604.8572 605.0453 605.2402 605.4295 605.6041 605.7784 605.9533 606.1276 606.3019 606.4889 606.6756 606.8405 606.9963 607.167 607.3382 607.5097 607.6808 607.8517 608.0179 608.1748 608.332 608.5017 608.5728 608.5833 608.5941 608.6046 608.6151 608.6248 608.634 608.6409 608.6502 608.6595 608.6671 608.6742 608.6831 608.691 608.6971 608.7053 608.7094 608.7173 608.7247 608.7291 608.7368 608.7423 608.7496 608.7535 608.7603 608.7671 608.7697 608.7757 608.7813 608.7825 608.7885 608.7927 608.798
603.2457 603.4547 603.6497 603.8446 604.0383 604.2382 604.4381 604.6296 604.8118 605.0132 605.2122 605.3972 605.5921 605.7799 605.9545 606.1287 606.3036 606.478 606.6523 606.8352 607.0215 607.1835 607.3398 607.5106 607.6818 607.8533 608.0244 608.1954 608.3596 608.5165 608.5763 608.5867 608.5959 608.6072 608.6174 608.6279 608.6384 608.6471 608.6534 608.6628 608.6721 608.6815 608.6864 608.6953 608.7042 608.7092 608.7173 608.7228 608.7291 608.7371 608.7406 608.7483 608.7539 608.7612 608.765 608.7718 608.7786 608.782 608.7872 608.7932 608.7938 608.7997 608.8055 608.8094
603.4162 603.6036 603.8173 604.0131 604.208 604.3991 604.599 604.7989 604.9893 605.1684 605.3668 605.5671 605.7491 605.944 606.1302 606.3047 606.4791 606.6541 606.8283 607.0027 607.1815 607.3674 607.5265 607.6835 607.8542 608.0254 608.197 608.368 608.539 608.5789 608.5901 608.6005 608.611 608.6199 608.6302 608.6407 608.6512 608.6602 608.6691 608.6753 608.6846 608.694 608.6986 608.7075 608.7164 608.7213 608.7294 608.7376 608.741 608.7489 608.7531 608.7598 608.7676 608.7727 608.779 608.7833 608.79 608.7958 608.7987 608.8047 608.8072 608.811 608.8168 608.8208
603.5893 603.7832 603.9677 604.1752 604.3766 604.5715 604.7602 604.9598 605.1597 605.349 605.5281 605.7205 605.9219 606.101 606.2958 606.4805 606.655 606.8295 607.0044 607.1787 607.353 607.5278 607.7133 607.8695 608.027 608.1978 608.369 608.5406 608.5815 608.5928 608.6041 608.6144 608.6249 608.6325 608.643 608.6535 608.6639 608.6733 608.6826 608.6879 608.6972 608.7065 608.7141 608.7197 608.7286 608.7365 608.7416 608.7497 608.7527 608.7607 608.768 608.7714 608.7791 608.7842 608.7916 608.7947 608.8016 608.8083 608.8102 608.8162 608.8208 608.8223 608.8281 608.8322
603.7596 603.9565 604.1502 604.3335 604.5331 604.74 604.9349 605.1248 605.3206 605.5204 605.7087 605.8878 606.0741 606.2755 606.4538 606.6477 606.8308 607.0054 607.1798 607.3547 607.5291 607.7034 607.8777 608.0571 608.2125 608.3706 608.5414 608.5833 608.595 608.6067 608.618 608.6293 608.6387 608.6478 608.6565 608.6663 608.6768 608.6873 608.6957 608.7014 608.7097 608.7191 608.7284 608.7318 608.7407 608.7496 608.7537 608.7618 608.7673 608.7725 608.7804 608.7829 608.7906 608.7961 608.803 608.8064 608.813 608.8198 608.8224 608.8277 608.8337 608.8336 608.8394 608.8447
603.9177 604.1268 604.3238 604.5172 604.7004 604.8934 605.1035 605.2984 605.4895 605.6813 605.8812 606.0684 606.2475 606.4277 606.6292 606.8087 606.9996 607.1812 607.3557 607.5302 607.7051 607.8795 608.0538 608.2281 608.4001 608.5555 608.5842 608.5974 608.6088 608.6206 608.6319 608.6431 608.6526 608.6631 608.6691 608.6791 608.6896 608.7001 608.7088 608.718 608.7223 608.7316 608.741 608.7452 608.7529 608.7618 608.7665 608.7739 608.782 608.7843 608.7922 608.7963 608.8022 608.8099 608.8146 608.8205 608.8245 608.8313 608.8362 608.8392 608.8452 608.8467 608.8506 608.8565
604.0852 604.2811 604.4941 604.691 604.8842 605.0675 605.2583 605.4625 605.6619 605.8541 606.0421 606.2419 606.428 606.6072 606.7863 606.9828 607.1637 607.3514 607.5314 607.706 607.8805 608.0555 608.2298 608.4042 608.5785 608.5865 608.5984 608.6112 608.6229 608.6345 608.6458 608.657 608.6665 608.6769 608.6826 608.6931 608.7024 608.7129 608.7227 608.7311 608.7348 608.7441 608.7535 608.7613 608.7651 608.774 608.7822 608.786 608.7941 608.7965 608.804 608.8113 608.8137 608.8215 608.8261 608.8334 608.836 608.8428 608.8496 608.8508 608.8568 608.8602 608.8619 608.8678
604.2706 604.4547 604.6488 604.8613 605.0583 605.2513 605.4346 605.6233 605.8204 606.0253 606.2186 606.4028 606.6027 606.7878 606.9669 607.1459 607.3364 607.5189 607.7033 607.8818 608.0563 608.2308 608.4058 608.5801 608.5875 608.6009 608.6132 608.6252 608.6374 608.6481 608.6597 608.671 608.6822 608.6909 608.7005 608.7057 608.7152 608.7257 608.7361 608.7443 608.7505 608.7567 608.7661 608.7754 608.7773 608.7862 608.7951 608.7981 608.8063 608.8116 608.8158 608.8237 608.8253 608.833 608.8384 608.845 608.8479 608.8543 608.8611 608.8627 608.8682 608.8738 608.8732 608.8791
604.4475 604.6401 604.8243 605.0197 605.2262 605.4255 605.6183 605.8016 605.9882 606.184 606.3888 606.5831 606.7647 606.9635 607.1475 607.3265 607.5057 607.6901 607.8741 608.0552 608.2321 608.4066 608.5811 608.589 608.6024 608.6153 608.6278 608.6393 608.6516 608.6625 608.6736 608.6848 608.6961 608.7047 608.7151 608.7183 608.728 608.7385 608.749 608.7573 608.7666 608.7692 608.7786 608.7879 608.7921 608.7983 608.8073 608.812 608.8184 608.8265 608.8276 608.8356 608.8398 608.8445 608.8523 608.8565 608.8621 608.8658 608.8726 608.8766 608.8798 608.8857 608.8863 608.8904
604.6189 604.8171 605.0096 605.1938 605.3893 605.5897 605.7928 605.9854 606.1686 606.3532 606.549 606.7499 606.9471 607.1292 607.3243 607.5071 607.6862 607.8654 608.0447 608.2291 608.407 608.5824 608.5906 608.6042 608.6177 608.6302 608.6428 608.6538 608.6662 608.6774 608.6878 608.6987 608.71 608.7198 608.7291 608.7354 608.7423 608.7513 608.7618 608.7723 608.7797 608.7827 608.7911 608.8005 608.8083 608.8105 608.8195 608.8277 608.8304 608.8386 608.8409 608.8474 608.8546 608.8561 608.8638 608.868 608.8754 608.8773 608.884 608.8905 608.8913 608.8973 608.8998 608.9017
604.7767 604.9885 605.1867 605.3792 605.5634 605.7589 605.9531 606.1601 606.3524 606.5357 606.7186 606.9139 607.1096 607.3106 607.4939 607.6851 607.8668 608.046 608.225 608.4042 608.584 608.5924 608.606 608.6194 608.6321 608.6451 608.6572 608.6691 608.6799 608.6921 608.7021 608.7126 608.7239 608.7352 608.7429 608.7533 608.7549 608.7641 608.7746 608.7851 608.7928 608.7995 608.8036 608.813 608.8223 608.8231 608.8316 608.8405 608.8425 608.8507 608.856 608.8591 608.8671 608.8683 608.8754 608.8807 608.8869 608.8894 608.8956 608.9023 608.9029 608.9088 608.9134 608.9129
604.9622 605.1488 605.3586 605.5563 605.7487 605.933 606.1285 606.3228 606.5273 606.7195 606.9028 607.0856 607.2788 607.4745 607.6741 607.8588 608.0458 608.2266 608.4056 608.5847 608.5937 608.6083 608.6215 608.6347 608.6483 608.6602 608.673 608.6848 608.6948 608.7059 608.7167 608.7266 608.7378 608.7491 608.7568 608.7673 608.77 608.7789 608.7874 608.7979 608.8059 608.8152 608.8162 608.8256 608.8349 608.8394 608.8438 608.8527 608.8576 608.8628 608.8709 608.871 608.8789 608.8831 608.8869 608.8946 608.8984 608.9036 608.907 608.9138 608.9168 608.9203 608.9263 608.9258
605.1502 605.3369 605.5235 605.7294 605.9258 606.1182 606.3026 606.4981 606.6948 606.8946 607.0865 607.2698 607.4525 607.6438 607.8395 608.0373 608.2235 608.4066 608.5862 608.5948 608.6096 608.6243 608.6374 608.6511 608.6635 608.6756 608.6873 608.6992 608.7104 608.7209 608.7315 608.7409 608.7517 608.763 608.7737 608.7811 608.7881 608.7916 608.8002 608.8107 608.8212 608.8282 608.8318 608.8381 608.8474 608.8553 608.856 608.8649 608.8732 608.8749 608.8831 608.8852 608.8907 608.8979 608.8984 608.9062 608.9099 608.9172 608.9185 608.9253 608.9306 608.9318 608.9378 608.9391
605.3326 605.5248 605.7116 605.8985 606.0959 606.2955 606.4877 606.6721 606.8677 607.0659 607.2617 607.4536 607.6368 607.8195 608.0087 608.2045 608.4002 608.588 608.5971 608.6116 608.6264 608.6401 608.6548 608.6661 608.6787 608.6923 608.7029 608.7136 608.7258 608.7357 608.7462 608.7558 608.7656 608.7769 608.7881 608.795 608.8055 608.8047 608.8143 608.8235 608.834 608.8414 608.8486 608.8506 608.86 608.8693 608.8704 608.8771 608.886 608.8875 608.8951 608.9003 608.9025 608.9104 608.9116 608.9177 608.923 608.9288 608.9308 608.9368 608.9436 608.9433 608.9493 608.9526
605.505 605.7053 605.8995 606.0864 606.2731 606.4623 606.665 606.8572 607.0417 607.2372 607.4355 607.6251 607.8207 608.0038 608.1864 608.3737 608.5695 608.5978 608.6139 608.6287 608.6423 608.6561 608.6707 608.6825 608.694 608.7076 608.719 608.73 608.7411 608.751 608.7619 608.7715 608.7805 608.7908 608.8021 608.8093 608.8193 608.8227 608.8282 608.8363 608.8468 608.8552 608.8637 608.8641 608.8725 608.8818 608.8864 608.8892 608.8981 608.9032 608.9072 608.9154 608.9144 608.9222 608.9264 608.9293 608.937 608.9403 608.9451 608.9483 608.9551 608.9571 608.9608 608.9662
605.6655 605.8715 606.0779 606.2742 606.4611 606.6478 606.8344 607.0346 607.2267 607.4113 607.6069 607.8051 607.9968 608.1877 608.3708 608.5533 608.5993 608.6145 608.6307 608.6468 608.6594 608.6721 608.6866 608.7012 608.7112 608.7228 608.7344 608.7456 608.7555 608.7663 608.7756 608.7866 608.7955 608.8047 608.8159 608.8272 608.8332 608.8408 608.8408 608.8491 608.8596 608.8701 608.8768 608.8809 608.8851 608.8944 608.9023 608.9014 608.9103 608.9187 608.9193 608.9275 608.9295 608.934 608.9412 608.9408 608.9485 608.9518 608.9592 608.9598 608.9666 608.971 608.9723 608.9783
605.8455 606.0399 606.2407 606.4506 606.649 606.8358 607.0225 607.209 607.4046 607.5963 607.7809 607.9764 608.1747 608.3688 608.5548 608.6017 608.6173 608.6329 608.6474 608.6636 608.677 608.6901 608.7025 608.7172 608.7276 608.738 608.7516 608.7615 608.7728 608.783 608.7911 608.8007 608.8115 608.8188 608.8298 608.8411 608.8471 608.8575 608.8575 608.8648 608.8724 608.8829 608.89 608.8977 608.8976 608.9069 608.9163 608.9173 608.9225 608.9314 608.9331 608.9396 608.9448 608.9458 608.9537 608.9548 608.96 608.9655 608.9707 608.9724 608.978 608.9849 608.9838 608.9898
606.035 606.2229 606.4142 606.615 606.8214 607.0235 607.2105 607.3971 607.5836 607.7766 607.9658 608.1505 608.346 608.5443 608.6028 608.6194 608.6359 608.6509 608.6642 608.6803 608.6952 608.7071 608.7184 608.7331 608.7444 608.7563 608.7668 608.7769 608.7872 608.7974 608.8076 608.8166 608.8256 608.8349 608.8438 608.855 608.8633 608.8714 608.8755 608.8774 608.8852 608.8957 608.9052 608.9123 608.9133 608.9195 608.9288 608.9333 608.9347 608.9436 608.9487 608.9517 608.9598 608.959 608.9656 608.9696 608.9716 608.9793 608.9822 608.9866 608.9896 608.9963 608.9975 609.0013
606.2242 606.4123 606.6003 606.7885 606.9893 607.1901 607.3962 607.5852 607.7718 607.9585 608.1479 608.3353 608.5201 608.6042 608.6218 608.6384 608.6542 608.6692 608.6837 608.6971 608.7132 608.7251 608.7379 608.749 608.7636 608.772 608.782 608.7957 608.8035 608.8135 608.8243 608.832 608.8414 608.8492 608.8583 608.8689 608.8802 608.8853 608.8934 608.8924 608.9005 608.9085 608.919 608.9254 608.93 608.932 608.9413 608.9494 608.9485 608.9557 608.9642 608.9637 608.9719 608.9741 608.9774 608.9845 608.9832 608.9908 608.9937 609.001 609.001 609.0078 609.0115 609.0128
606.4134 606.6014 606.7896 606.9777 607.1656 607.3636 607.5645 607.7688 607.96 608.1464 608.3335 608.5201 608.6055 608.624 608.6411 608.6572 608.6729 608.6874 608.7026 608.7139 608.73 608.7422 608.7545 608.7649 608.7795 608.7886 608.7997 608.8109 608.8204 608.8297 608.8394 608.8487 608.8576 608.8657 608.8731 608.8828 608.8941 608.8992 608.9097 608.9102 608.914 608.9213 608.9318 608.9385 608.9467 608.9455 608.9539 608.9632 608.9644 608.968 608.9769 608.9785 608.984 608.9893 608.9891 608.9971 608.998 609.0024 609.0078 609.0126 609.0139 609.0193 609.0255 609.0244
606.6027 606.7908 606.9788 607.1669 607.355 607.5428 607.738 607.9388 608.1396 608.3347 608.5211 608.6052 608.6259 608.6434 608.6602 608.6765 608.6921 608.7067 608.7198 608.7344 608.7468 608.7629 608.7716 608.784 608.7955 608.8094 608.8165 608.8261 608.8374 608.8461 608.8538 608.8635 608.8726 608.8811 608.8888 608.8967 608.908 608.9172 608.9235 608.9283 608.927 608.9345 608.9446 608.955 608.9609 608.9622 608.9664 608.9758 608.9805 608.9801 608.989 608.9941 608.9961 609.0043 609.0034 609.0089 609.0129 609.0139 609.0217 609.0241 609.0282 609.0308 609.0376 609.0379
606.7917 606.98 607.1681 607.356 607.5443 607.7322 607.92 608.1124 608.3132 608.5139 608.6032 608.624 608.6449 608.6631 608.6801 608.6956 608.7116 608.7262 608.7393 608.7521 608.7635 608.7797 608.7904 608.8016 608.8113 608.826 608.8337 608.8417 608.855 608.8636 608.8725 608.8813 608.8875 608.8971 608.9056 608.912 608.9219 608.9332 608.9374 608.9462 608.9451 608.9506 608.9574 608.9679 608.974 608.9789 608.9789 608.9883 608.9965 608.9955 609.0012 609.0098 609.0084 609.0164 609.0186 609.0207 609.0278 609.0268 609.0332 609.0356 609.0425 609.0423 609.0491 609.0519
606.9634 607.1691 607.3573 607.5454 607.7333 607.9216 608.1095 608.2973 608.4867 608.6022 608.622 608.6429 608.6637 608.6835 608.7001 608.7161 608.7298 608.7451 608.7591 608.7714 608.7821 608.7964 608.8104 608.8194 608.8285 608.8419 608.8523 608.8616 608.8702 608.8785 608.8886 608.8957 608.9047 608.9123 608.9208 608.9285 608.9358 608.947 608.9526 608.9617 608.9631 608.9633 608.9702 608.9807 608.9878 608.9957 608.9944 609.0009 609.0102 609.0117 609.0134 609.0223 609.024 609.0284 609.0338 609.0325 609.0404 609.0415 609.0447 609.0501 609.0545 609.0554 609.0605 609.0654
607.1349 607.3405 607.5464 607.7347 607.9228 608.1105 608.2989 608.4868 608.6038 608.6244 608.6426 608.6617 608.6825 608.7034 608.7207 608.7353 608.7504 608.7645 608.7784 608.7912 608.8029 608.8132 608.8293 608.8387 608.8493 608.8578 608.8725 608.8788 608.8854 608.899 608.9042 608.9137 608.9229 608.9283 608.9361 608.9435 608.9504 608.9609 608.971 608.9756 608.9811 608.9798 608.9866 608.9935 609.004 609.0095 609.0112 609.0134 609.0227 609.0278 609.0263 609.0345 609.0396 609.0406 609.0487 609.0476 609.0522 609.0562 609.0563 609.064 609.066 609.0697 609.0721 609.0789
607.313 607.5135 607.7191 607.9238 608.112 608.3001 608.4879 608.6054 608.6267 608.6469 608.6658 608.6805 608.7014 608.7222 608.7405 608.7569 608.7704 608.7842 608.7974 608.8102 608.8231 608.83 608.8461 608.8562 608.8672 608.8737 608.8884 608.8951 608.9054 608.9142 608.9218 608.9294 608.9376 608.946 608.9533 608.9598 608.9659 608.9749 608.9861 608.9895 608.9991 608.9977 608.9999 609.0063 609.0168 609.0225 609.028 609.0269 609.0353 609.0437 609.0425 609.0466 609.0553 609.0543 609.0608 609.0629 609.064 609.0712 609.07 609.0756 609.0777 609.0841 609.0836 609.0903
607.5039 607.693 607.8922 608.0978 608.3011 608.4893 608.6067 608.6285 608.649 608.6697 608.6884 608.7018 608.7202 608.741 608.7618 608.7766 608.7911 608.8051 608.8182 608.8298 608.8412 608.8537 608.8629 608.879 608.8845 608.8958 608.9043 608.9171 608.9217 608.9294 608.9406 608.9467 608.9535 608.962 608.9692 608.9758 608.9822 608.9888 609 609.0068 609.0138 609.0157 609.0146 609.0208 609.0296 609.038 609.0447 609.0436 609.0478 609.0571 609.0587 609.0588 609.0677 609.0698 609.0729 609.0782 609.0771 609.0837 609.085 609.0871 609.0924 609.0964 609.097 609.1018
607.6808 607.884 608.073 608.2708 608.4764 608.6078 608.6309 608.6525 608.6729 608.6925 608.712 608.7293 608.739 608.7598 608.7806 608.798 608.8124 608.8253 608.8386 608.8508 608.8613 608.8723 608.8796 608.8958 608.9039 608.913 608.9202 608.9348 608.9398 608.9474 608.9583 608.9651 608.9722 608.9796 608.9855 608.9932 608.9998 609.0054 609.0139 609.0252 609.0277 609.0337 609.0327 609.0365 609.0424 609.0529 609.058 609.0604 609.0604 609.0697 609.0748 609.0738 609.0799 609.0851 609.085 609.0931 609.0919 609.0956 609.0995 609.0986 609.1064 609.1079 609.1113 609.1133
607.8533 608.0593 608.264 608.453 608.6069 608.6332 608.6556 608.6776 608.6973 608.7158 608.7339 608.7518 608.7611 608.7786 608.7994 608.8197 608.8331 608.8466 608.8579 608.8717 608.8823 608.8919 608.9022 608.9125 608.9256 608.9317 608.9405 608.9507 608.96 608.9668 608.9735 608.9814 608.9894 608.994 609.0019 609.0083 609.0161 609.0218 609.0278 609.0391 609.0422 609.0518 609.0507 609.0493 609.0552 609.0657 609.0711 609.0773 609.0757 609.0822 609.0908 609.0894 609.0921 609.1008 609.0997 609.1052 609.1073 609.1074 609.1144 609.1132 609.1179 609.1199 609.1256 609.1248
