samples/sfe_322/sfe_322_vv1/sfe_322_vv1/sfe_322_vv1.asc
ncols         299
nrows         166
xllcorner     73.39999999851
yllcorner     65.60000000149
cellsize      1
NODATA_value  -9999
[rows 56 to 83 of 166, columns 0 to 63 of 299]
-9999 -9999 -9999 -9999 -9999 -9999 -9999 -9999 -9999 -9999 -9999 -9999 -9999 609.0812 609.0658 609.0507 609.0353 609.0197 609.0039 608.989 608.9737 608.9581 608.9429 608.9286 608.9141 608.9002 608.8843 608.8688 608.8533 608.8389 608.8247 608.8101 608.796 608.7817 608.7675 608.7531 608.7393 608.7263 608.7133 608.7003 608.6863 608.6719 608.6576 608.6439 608.6302 608.6175 608.6047 608.5919 608.5777 608.5662 608.4294 608.27 608.1123 607.9532 607.7902 607.6331 607.4819 607.3187 607.1628 607.0189 606.8647 606.7151 606.5603 606.4072
-9999 -9999 -9999 -9999 -9999 -9999 -9999 -9999 -9999 -9999 -9999 -9999 609.0835 609.0679 609.0529 609.0375 609.0222 609.0065 608.9906 608.976 608.9604 608.9449 608.9299 608.9155 608.901 608.887 608.8712 608.8556 608.8401 608.8257 608.8114 608.7969 608.7827 608.7684 608.7543 608.7399 608.726 608.713 608.6999 608.6869 608.6737 608.6593 608.6445 608.6309 608.6167 608.6039 608.5911 608.5783 608.5677 608.415 608.2587 608.088 607.9301 607.7724 607.6138 607.4515 607.2945 607.1456 606.9827 606.8268 606.6855 606.5313 606.3849 606.2294
-9999 -9999 -9999 -9999 -9999 -9999 -9999 -9999 -9999 -9999 -9999 -9999 609.0703 609.0547 609.0396 609.0243 609.009 608.9932 608.9774 608.9626 608.9473 608.9317 608.9168 608.9025 608.8879 608.8738 608.858 608.8425 608.8269 608.8125 608.7982 608.7838 608.7695 608.755 608.7411 608.7267 608.7125 608.6995 608.6865 608.6735 608.6603 608.6461 608.6317 608.6175 608.6031 608.5903 608.5776 608.5664 608.3962 608.23 608.0742 607.9172 607.7477 607.5901 607.4335 607.2744 607.1129 606.9559 606.8083 606.6466 606.491 606.3521 606.1979 606.0546
-9999 -9999 -9999 -9999 -9999 -9999 -9999 -9999 -9999 -9999 -9999 -9999 609.057 609.0414 609.0264 609.0111 608.9958 608.9799 608.9641 608.9496 608.934 608.9185 608.9036 608.8893 608.8749 608.8607 608.8449 608.8293 608.8137 608.7993 608.7849 608.7706 608.7563 608.7417 608.728 608.7136 608.6992 608.6861 608.6731 608.6601 608.647 608.6327 608.6184 608.6041 608.5901 608.5768 608.5409 608.3828 608.2245 608.0526 607.8892 607.7334 607.5757 607.4079 607.2502 607.0953 606.9351 606.7744 606.6184 606.4711 606.3106 606.1603 606.0187 605.8666
-9999 -9999 -9999 -9999 -9999 -9999 -9999 -9999 -9999 -9999 -9999 -9999 609.0438 609.0282 609.0132 608.9979 608.9825 608.9666 608.951 608.9364 608.9208 608.9053 608.8904 608.8761 608.8618 608.8475 608.8317 608.8162 608.8006 608.7861 608.7717 608.7573 608.7431 608.7284 608.7148 608.7004 608.686 608.6727 608.6597 608.6467 608.6337 608.6195 608.605 608.5908 608.5774 608.5309 608.3651 608.1991 608.0409 607.8816 607.7089 607.5483 607.393 607.2343 607.068 606.9103 606.7572 606.5957 606.4357 606.2823 606.1338 605.9745 605.8297 605.6854
-9999 -9999 -9999 -9999 -9999 -9999 -9999 -9999 -9999 -9999 -9999 609.0461 609.0305 609.0154 609.0001 608.9847 608.9692 608.9534 608.9382 608.9232 608.9076 608.892 608.8771 608.8629 608.8487 608.8343 608.8186 608.803 608.7874 608.7729 608.7585 608.7441 608.7299 608.7153 608.7017 608.6872 608.6728 608.6593 608.6463 608.6332 608.6202 608.607 608.5927 608.5779 608.5033 608.3455 608.1902 608.0237 607.8572 607.6991 607.5378 607.3653 607.2075 607.0534 606.8929 606.7281 606.5705 606.419 606.2563 606.0972 605.9462 605.7966 605.6385 605.499
-9999 -9999 -9999 -9999 -9999 -9999 -9999 -9999 -9999 -9999 -9999 609.0328 609.0173 609.0022 608.9869 608.9716 608.9559 608.9401 608.9249 608.91 608.8944 608.8788 608.864 608.8497 608.8356 608.821 608.8055 608.7899 608.7743 608.7598 608.7453 608.731 608.7167 608.7023 608.6885 608.6741 608.6596 608.6459 608.6329 608.6199 608.6068 608.5937 608.5793 608.5046 608.3319 608.1602 608.0048 607.8505 607.6822 607.5154 607.3572 607.194 607.0225 606.8667 606.7138 606.5514 606.3882 606.2317 606.0809 605.9169 605.7585 605.6101 605.4593 605.3025
-9999 -9999 -9999 -9999 -9999 -9999 -9999 -9999 -9999 -9999 -9999 609.0196 609.004 608.989 608.9737 608.9584 608.9426 608.9268 608.9117 608.8967 608.8812 608.8656 608.8509 608.8365 608.8226 608.8079 608.7923 608.7767 608.7611 608.7466 608.7321 608.7177 608.7036 608.6892 608.6752 608.6609 608.6465 608.6325 608.6194 608.6064 608.5934 608.5803 608.5059 608.3334 608.1609 607.9882 607.8195 607.6641 607.5109 607.3408 607.1736 607.0154 606.8502 606.6817 606.5258 606.3742 606.21 606.0483 605.8936 605.7427 605.5776 605.4199 605.274 605.1223
-9999 -9999 -9999 -9999 -9999 -9999 -9999 -9999 -9999 -9999 -9999 609.0063 608.9908 608.9758 608.9605 608.9452 608.9294 608.9135 608.8988 608.8835 608.8679 608.8524 608.8378 608.8234 608.8094 608.7947 608.7792 608.7635 608.748 608.7334 608.7189 608.7046 608.6903 608.6761 608.6619 608.6477 608.6333 608.6191 608.6061 608.593 608.58 608.5071 608.3347 608.1622 607.9897 607.8172 607.6444 607.4788 607.3234 607.171 606.9993 606.8317 606.6735 606.5064 606.3408 606.1861 606.0346 605.8685 605.7084 605.5554 605.4045 605.2384 605.0827 604.9379
-9999 -9999 -9999 -9999 -9999 -9999 -9999 -9999 -9999 -9999 609.0087 608.9931 608.9775 608.9626 608.9473 608.9319 608.9161 608.9003 608.8859 608.8703 608.8547 608.8392 608.8247 608.8103 608.7964 608.7816 608.766 608.7504 608.7349 608.7202 608.7057 608.6915 608.6771 608.6629 608.6486 608.6345 608.6201 608.6057 608.5927 608.5797 608.4839 608.3245 608.1634 607.9909 607.8184 607.6459 607.4734 607.3008 607.1381 606.9832 606.8296 606.6578 606.4899 606.3317 606.1626 606 605.8465 605.695 605.527 605.3685 605.2172 605.0663 604.8998 604.7466
-9999 -9999 -9999 -9999 -9999 -9999 -9999 -9999 -9999 -9999 608.9954 608.9799 608.9648 608.9495 608.9341 608.9187 608.9028 608.887 608.8723 608.8571 608.8415 608.8259 608.8116 608.7972 608.7832 608.7684 608.7529 608.7373 608.7217 608.707 608.6926 608.6784 608.6639 608.6497 608.6352 608.6213 608.6069 608.5925 608.5792 608.4742 608.3004 608.1395 607.98 607.8197 607.6472 607.4747 607.3022 607.1298 606.9572 606.7974 606.6436 606.488 606.3164 606.148 605.9899 605.8189 605.6591 605.5069 605.3555 605.1862 605.0299 604.879 604.7282 604.5612
-9999 -9999 -9999 -9999 -9999 -9999 -9999 -9999 -9999 -9999 608.9822 608.9666 608.9516 608.9363 608.921 608.9054 608.8895 608.8738 608.8594 608.8439 608.8283 608.8127 608.7985 608.7842 608.77 608.7553 608.7397 608.7241 608.7086 608.6938 608.6794 608.6653 608.6507 608.6365 608.6219 608.6082 608.5938 608.5793 608.4749 608.3013 608.1282 607.9545 607.7949 607.6355 607.476 607.3035 607.131 606.9585 606.7861 606.6136 606.4567 606.304 606.1463 605.9749 605.8062 605.648 605.4753 605.3188 605.1673 605.0149 604.8464 604.6918 604.5409 604.39
-9999 -9999 -9999 -9999 -9999 -9999 -9999 -9999 -9999 -9999 608.9689 608.9534 608.9384 608.9231 608.9078 608.8922 608.8763 608.8609 608.8462 608.8306 608.8151 608.7996 608.7854 608.7711 608.7567 608.7422 608.7266 608.711 608.6954 608.6807 608.6662 608.6522 608.6375 608.6233 608.6086 608.595 608.5806 608.4758 608.3026 608.129 607.9555 607.7823 607.6098 607.4504 607.2921 607.1323 606.9598 606.7873 606.6148 606.4425 606.2713 606.116 605.9644 605.8047 605.6334 605.4644 605.3043 605.1333 604.9792 604.8277 604.6734 604.5065 604.3536 604.2028
-9999 -9999 -9999 -9999 -9999 -9999 -9999 -9999 -9999 608.9713 608.9557 608.9401 608.9252 608.9099 608.8946 608.8788 608.863 608.8479 608.8329 608.8174 608.8019 608.7866 608.7723 608.758 608.7435 608.729 608.7134 608.6978 608.6823 608.6675 608.653 608.639 608.6243 608.6101 608.5953 608.5818 608.4759 608.3001 608.1285 607.9568 607.7831 607.6097 607.4363 607.2653 607.1059 606.9492 606.7886 606.616 606.4435 606.2711 606.0988 605.9306 605.7762 605.6248 605.4631 605.2919 605.1225 604.9605 604.7924 604.6396 604.4881 604.332 604.1666 604.0154
-9999 -9999 -9999 -9999 -9999 -9999 -9999 -9999 -9999 608.958 608.9424 608.9271 608.912 608.8967 608.8814 608.8655 608.8497 608.8347 608.8198 608.8042 608.7886 608.7736 608.7592 608.7449 608.7302 608.7159 608.7003 608.6847 608.6691 608.6543 608.6398 608.6258 608.6111 608.5969 608.5822 608.477 608.3011 608.1255 607.9496 607.7811 607.611 607.4373 607.2639 607.0904 606.9208 606.7614 606.6061 606.4449 606.2723 606.0999 605.9274 605.7551 605.5899 605.4366 605.2852 605.1216 604.9504 604.7806 604.6167 604.4516 604.3 604.1485 603.9905 603.8281
-9999 -9999 -9999 -9999 -9999 -9999 -9999 -9999 -9999 608.9448 608.9292 608.9142 608.8989 608.8835 608.8682 608.8523 608.8364 608.8215 608.8065 608.791 608.7755 608.7606 608.7461 608.7318 608.717 608.7027 608.6871 608.6716 608.6559 608.6411 608.6266 608.6125 608.5979 608.5837 608.4783 608.3025 608.1266 607.9507 607.7753 607.5993 607.4338 607.2651 607.0914 606.918 606.7444 606.5762 606.4169 606.2632 606.1013 605.9286 605.7561 605.5836 605.4113 605.2492 605.097 604.9456 604.7802 604.6089 604.4388 604.2729 604.1119 603.9604 603.8089 603.649
-9999 -9999 -9999 -9999 -9999 -9999 -9999 -9999 -9999 608.9315 608.916 608.901 608.8857 608.8704 608.8549 608.839 608.8232 608.8086 608.7933 608.7778 608.7622 608.7474 608.733 608.7186 608.704 608.6896 608.674 608.6584 608.6428 608.6279 608.6135 608.5992 608.5847 608.4775 608.3 608.128 607.9521 607.7762 607.6004 607.4249 607.249 607.0864 606.9193 606.7456 606.5721 606.3984 606.2318 606.0732 605.9202 605.7576 605.585 605.4124 605.2399 605.0676 604.9089 604.7574 604.606 604.4386 604.2673 604.097 603.9291 603.7723 603.6208 603.4693
-9999 -9999 -9999 -9999 -9999 -9999 -9999 -9999 608.9339 608.9183 608.9027 608.8878 608.8725 608.8572 608.8416 608.8257 608.8099 608.7957 608.7801 608.7645 608.749 608.7343 608.7199 608.7054 608.6909 608.6765 608.6608 608.6453 608.6296 608.6147 608.6003 608.586 608.4779 608.2976 608.1226 607.9451 607.7776 607.6017 607.4259 607.25 607.0746 606.8987 606.7391 606.5734 606.3998 606.2263 606.0525 605.8872 605.7302 605.5772 605.4139 605.2415 605.0687 604.8962 604.7241 604.5693 604.4178 604.2664 604.0971 603.9258 603.7551 603.5853 603.4327 603.2812
-9999 -9999 -9999 -9999 -9999 -9999 -9999 -9999 608.9206 608.905 608.8894 608.8746 608.8593 608.844 608.8283 608.8124 608.7966 608.7821 608.7669 608.7513 608.7358 608.721 608.7068 608.6923 608.6778 608.6633 608.6477 608.6321 608.6165 608.6016 608.5871 608.4789 608.2986 608.1183 607.9379 607.7676 607.592 607.4272 607.2514 607.0755 606.8998 606.7242 606.5485 606.3918 606.2276 606.054 605.8805 605.7066 605.5427 605.3872 605.2342 605.0703 604.8978 604.725 604.5525 604.3824 604.2297 604.0783 603.9268 603.7556 603.5844 603.4133 603.2446 602.7655
-9999 -9999 -9999 -9999 -9999 -9999 -9999 -9999 608.9073 608.8918 608.8767 608.8615 608.8461 608.8308 608.8151 608.7992 608.7837 608.7691 608.7537 608.7381 608.7225 608.7078 608.6937 608.6791 608.6647 608.6501 608.6345 608.619 608.6033 608.5884 608.4787 608.2955 608.1193 607.9389 607.7586 607.5797 607.4127 607.2391 607.0768 606.901 606.7252 606.5495 606.374 606.1993 606.0444 605.8817 605.7081 605.5346 605.3608 605.1982 605.0443 604.8912 604.7266 604.554 604.3812 604.2089 604.0417 603.8901 603.7387 603.5858 603.4141 603.2428 602.604 602.082
-9999 -9999 -9999 -9999 -9999 -9999 -9999 -9999 608.8941 608.8785 608.8636 608.8483 608.8329 608.8176 608.8018 608.7859 608.7708 608.756 608.7404 608.7249 608.7094 608.6946 608.6806 608.6659 608.6516 608.637 608.6214 608.6058 608.5902 608.4795 608.2965 608.1142 607.9311 607.7596 607.5793 607.3989 607.2247 607.0578 606.8861 606.7265 606.5507 606.3748 606.1991 606.0236 605.852 605.6971 605.5359 605.3622 605.1888 605.015 604.8542 604.7012 604.5482 604.3829 604.2103 604.0375 603.8652 603.702 603.5505 603.3991 603.2443 602.629 602.0665 602.0325
-9999 -9999 -9999 -9999 -9999 -9999 -9999 608.8965 608.8809 608.8653 608.8504 608.8351 608.8198 608.8043 608.7885 608.7726 608.7576 608.7428 608.7272 608.7117 608.6961 608.6815 608.6675 608.6527 608.6385 608.6238 608.6083 608.5927 608.4807 608.298 608.115 607.932 607.7498 607.5668 607.3999 607.2196 607.0393 606.8697 606.7028 606.5332 606.3758 606.2003 606.0244 605.8487 605.6733 605.5047 605.3497 605.1901 605.0162 604.8429 604.6691 604.5112 604.3583 604.2053 604.0392 603.8665 603.6939 603.5216 603.3624 603.2109 602.6965 601.823 601.929 601.652
-9999 -9999 -9999 -9999 -9999 -9999 -9999 608.8832 608.8676 608.8521 608.8372 608.8219 608.8065 608.7911 608.7752 608.7593 608.7444 608.7296 608.714 608.6984 608.6829 608.6683 608.6543 608.6395 608.6254 608.6107 608.5951 608.4802 608.2946 608.1161 607.9334 607.7504 607.5675 607.3852 607.2066 607.0403 606.86 606.6796 606.5147 606.3479 606.1803 606.0229 605.8499 605.6741 605.4983 605.3229 605.1573 605.0024 604.8442 604.6703 604.497 604.324 604.1683 604.0153 603.8622 603.6955 603.5228 603.3503 603.178 602.7575 602.184 601.503 601.5745 601.0395
-9999 -9999 -9999 -9999 -9999 -9999 -9999 608.8699 608.8544 608.8389 608.824 608.8087 608.7933 608.7778 608.7619 608.7461 608.7313 608.7164 608.7008 608.6852 608.6697 608.6552 608.6411 608.6263 608.6123 608.5975 608.4811 608.2964 608.1108 607.9312 607.7516 607.5689 607.3859 607.2031 607.0203 606.8464 606.6806 606.5003 606.32 606.1597 605.993 605.8273 605.6699 605.4996 605.3237 605.1479 604.9727 604.81 604.6551 604.4984 604.3245 604.1512 603.9796 603.8253 603.6723 603.5193 603.3518 603.179 602.418 601.7615 601.7825 601.23 601.358 601.1095
-9999 -9999 -9999 -9999 -9999 -9999 -9999 608.8567 608.8411 608.8262 608.8109 608.7955 608.7802 608.7645 608.7487 608.7328 608.7184 608.7031 608.6876 608.672 608.6564 608.6422 608.6279 608.6133 608.5992 608.4822 608.2974 608.1117 607.9269 607.7414 607.5667 607.3871 607.2043 607.0214 606.8386 606.6557 606.4862 606.321 606.1407 605.9633 605.8047 605.6381 605.4744 605.317 605.1492 604.9733 604.7975 604.6221 604.4626 604.3077 604.1525 603.9786 603.8053 603.6353 603.4823 603.3293 603.1805 602.6355 601.986 601.386 601.1965 600.8165 600.8165 600.7365
-9999 -9999 -9999 -9999 -9999 -9999 608.8591 608.8434 608.8279 608.813 608.7977 608.7823 608.767 608.7512 608.7354 608.7195 608.7055 608.6899 608.6744 608.6588 608.6433 608.629 608.6147 608.6002 608.5007 608.3013 608.1126 607.9279 607.7422 607.5573 607.372 607.2021 607.0226 606.8398 606.6568 606.4741 606.2913 606.126 605.9613 605.781 605.6083 605.4497 605.2831 605.1215 604.9641 604.7988 604.623 604.4471 604.2718 604.1153 603.9604 603.8055 603.6326 603.4594 603.2923 603.182 602.7145 601.986 601.596 601.5396 601.258 601.081 600.914 600.81
-9999 -9999 -9999 -9999 -9999 -9999 608.8458 608.8302 608.8146 608.7998 608.7845 608.7691 608.7538 608.738 608.7221 608.7064 608.692 608.6767 608.6611 608.6456 608.6302 608.6159 608.6015 608.5214 608.3304 608.1311 607.9318 607.7431 607.5583 607.3728 607.1876 607.0023 606.8376 606.658 606.4753 606.2923 606.1097 605.9269 605.7659 605.6017 605.4214 605.2533 605.0947 604.9282 604.7686 604.6111 604.4485 604.2728 604.0968 603.9229 603.7679 603.613 603.4581 603.2867 602.9855 602.5745 601.9905 601.577 601.1974 601.4495 601.0285 600.7675 600.6355 600.6535
-9999 -9999 -9999 -9999 -9999 -9999 608.8325 608.817 608.8014 608.7866 608.7712 608.7559 608.7405 608.7247 608.7088 608.6935 608.6788 608.6635 608.6479 608.6324 608.6172 608.6028 608.5226 608.3356 608.1492 607.9609 607.7616 607.5623 607.3736 607.1888 607.0034 606.8179 606.6364 606.4731 606.2935 606.1107 605.9277 605.7452 605.5663 605.4057 605.242 605.0617 604.8983 604.7397 604.5732 604.4156 604.2582 604.0981 603.9225 603.7465 603.5756 603.4207 603.2657 603.261 602.1595 602.1895 601.5205 601.563 601.085 601.2045 600.6715 600.778 600.654 600.374
