COS0=(1.2421349204298318, 1.0, -177.16535433, MASK0)
COS1=(0.5598946976352323, 2.0, 72.17847769000001, MASK0)
COS2=(1.9449967985588401, 3.0, -72.17847769000001, MASK0)
COS3=(0.6601383567265847, 4.0, 78.74015748000001, MASK0)
COS4=(1.2378277311200807, 5.0, -52.49343832, MASK0)
COS5=(1.2612303025952378, 6.0, -6.56167979, MASK0)
COS6=(0.32963158162359013, 7.0, -32.808398950000004, MASK0)
COS7=(0.6505179924948842, 9.0, -32.808398950000004, MASK0)
COS8=(0.25455552939798726, 10.0, -32.808398950000004, MASK0)
COS9=(0.1439395482803322, 13.0, -6.56167979, MASK0)
COS10=(0.2973412734299912, 15.0, 19.685039370000002, MASK0)
COS11=(0.2683065398660898, 18.0, -19.685039370000002, MASK0)
COS12=(0.3503260501205315, 21.0, -13.12335958, MASK0)
COS13=(0.3876685065109894, 22.0, -6.56167979, MASK0)
COS14=(0.5284355485113804, 23.0, -13.12335958, MASK0)
COS15=(0.29180261978457195, 24.0, 6.56167979, MASK0)
COS16=(0.12076021026134419, 29.0, -6.56167979, MASK0)
COS17=(0.29914073588195245, 32.0, 6.56167979, MASK0)
COS18=(0.06354673055546338, 38.0, -6.56167979, MASK0)
COS19=(0.11142942356230849, 42.0, -6.56167979, MASK0)
COS20=(0.24455325715208548, 53.0, -6.56167979, MASK0)
COS21=(0.19167628978263315, 57.0, -6.56167979, MASK0)
COS22=(0.2670780500307832, 63.0, -6.56167979, MASK0)
COS23=(0.14103832496747612, 66.0, 13.12335958, MASK0)
COS24=(0.3876685065109895, 71.0, -6.56167979, MASK0)
COS25=(0.3503260501205315, 72.0, -13.12335958, MASK0)
COS26=(0.3475218253266551, 73.0, -6.56167979, MASK0)
COS27=(0.28663501889913434, 77.0, -13.12335958, MASK0)
COS28=(0.1439395482803322, 80.0, -6.56167979, MASK0)
COS29=(0.3315700182730891, 82.0, -19.685039370000002, MASK0)
COS30=(0.44718767687657357, 85.0, 19.685039370000002, MASK0)
COS31=(0.32963158162359024, 86.0, -32.808398950000004, MASK0)
COS32=(1.2378277311200807, 88.0, -52.49343832, MASK0)
COS33=(0.6601383567265847, 89.0, 78.74015748000001, MASK0)
COS34=(1.9449967985588401, 90.0, -72.17847769000001, MASK0)
COS35=(0.5598946976352324, 91.0, 72.17847769000001, MASK0)
COS36=(1.242134920429832, 92.0, -177.16535433, MASK0)
COS37=(0.0, 93.0, -177.16535433, MASK0)
