samples/sfe_95/sfe_95_v2/sfe_95_v2/sfe_95_v2.asc
ncols         647
nrows         184
xllcorner     100
yllcorner     8
cellsize      1
NODATA_value  -9999
[rows 28 to 55 of 184, columns 576 to 639 of 647]
610.3919 610.3904 610.3891 610.3845 610.38 610.3736 610.3668 610.3653 610.3611 610.3545 610.353 610.349 610.342 610.3404 610.3389 610.3375 610.3364 610.3315 610.3265 610.323 610.3165 610.3105 610.3092 610.3079 610.3026 610.2968 610.2941 610.2926 610.2899 610.2839 610.2786 610.2771 610.2745 610.2685 610.2626 610.2612 610.2588 610.2527 610.2465 610.2413 610.2335 610.2304 610.229 610.2278 610.2266 610.2252 610.2241 610.2231 610.2217 610.2203 610.2192 610.2179 610.2305 608.5522 607.3278 607.0682 606.8087 606.5491 606.5464 607.3065 608.4866 610.5302 -9999 -9999
610.3749 610.3735 610.3724 610.3678 610.3633 610.3573 610.3499 610.3478 610.3444 610.3378 610.3353 610.332 610.325 610.3222 610.3207 610.3194 610.3183 610.3136 610.3086 610.3044 610.2988 610.2918 610.2904 610.2891 610.2842 610.2783 610.2749 610.2734 610.2711 610.2651 610.2592 610.2576 610.2554 610.2493 610.2433 610.2412 610.2393 610.2332 610.227 610.2219 610.2142 610.2097 610.2083 610.2072 610.2058 610.2045 610.2034 610.2023 610.201 610.1996 610.1983 610.1973 610.2168 607.97 607.165 606.9055 606.6459 606.3864 606.4004 607.1447 608.3408 610.1672 -9999 -9999
610.358 610.3566 610.3555 610.3511 610.3465 610.3409 610.3335 610.3304 610.3276 610.321 610.3176 610.315 610.308 610.3041 610.3026 610.3014 610.3001 610.2957 610.2907 610.2859 610.2811 610.2739 610.2715 610.2704 610.2658 610.2599 610.2557 610.2543 610.2523 610.2463 610.2404 610.238 610.2362 610.2302 610.2241 610.2213 610.2197 610.2136 610.2075 610.2026 610.1948 610.1888 610.1875 610.1865 610.1851 610.1837 610.1827 610.1816 610.1804 610.179 610.1776 610.1766 609.9964 607.3877 607.0023 606.7427 606.4831 606.2236 606.2543 606.9829 608.1949 609.8042 -9999 -9999
610.3411 610.3397 610.3386 610.3344 610.3298 610.3246 610.3171 610.313 610.3108 610.3042 610.2999 610.298 610.291 610.2859 610.2844 610.2833 610.282 610.2778 610.2728 610.2678 610.2634 610.2562 610.2527 610.2516 610.2474 610.2416 610.2365 610.2351 610.2335 610.2275 610.2216 610.2186 610.217 610.211 610.205 610.2014 610.2002 610.1941 610.1879 610.1832 610.1754 610.1681 610.1667 610.1657 610.1644 610.163 610.162 610.1608 610.1597 610.1583 610.1569 610.162 609.4141 607.0991 606.8395 606.5799 606.3203 606.0608 606.1083 606.8211 608.0491 609.4412 -9999 -9999
610.3242 610.3229 610.3217 610.3176 610.313 610.3082 610.3008 610.2955 610.294 610.2874 610.2821 610.2806 610.274 610.2677 610.2664 610.2653 610.2639 610.2598 610.2548 610.2498 610.2457 610.2385 610.2338 610.2328 610.2291 610.2232 610.2173 610.2161 610.2147 610.2087 610.2028 610.1992 610.1979 610.1918 610.1858 610.1814 610.1804 610.1745 610.1684 610.1635 610.156 610.1482 610.1461 610.145 610.1436 610.1423 610.1413 610.1401 610.139 610.1376 610.1363 610.1483 608.8318 606.9363 606.6767 606.4171 606.1575 605.898 605.9623 606.6593 607.9032 609.1326 -9999 -9999
610.3073 610.3061 610.3048 610.3008 610.2963 610.2917 610.2844 610.278 610.2766 610.2706 610.2642 610.2628 610.257 610.25 610.2484 610.2471 610.2457 610.2419 610.2369 610.2319 610.228 610.2208 610.215 610.214 610.2106 610.2048 610.199 610.197 610.1957 610.1899 610.1839 610.1797 610.1783 610.1727 610.1666 610.1616 610.1605 610.155 610.1489 610.1433 610.1366 610.1288 610.1255 610.1242 610.1229 610.1216 610.1206 610.1194 610.1183 610.1169 610.1156 610.1346 608.2496 606.7735 606.5139 606.2543 605.9948 605.7352 605.8163 606.4975 607.7574 608.9867 -9999 -9999
610.2904 610.2892 610.2878 610.2841 610.2795 610.275 610.2681 610.2607 610.259 610.2538 610.2473 610.245 610.24 610.233 610.2303 610.2289 610.2276 610.2239 610.219 610.214 610.2103 610.203 610.1964 610.1951 610.1923 610.1864 610.1806 610.1779 610.1765 610.1711 610.1651 610.1601 610.1588 610.1535 610.1475 610.1418 610.1405 610.1354 610.1293 610.1232 610.1172 610.1094 610.1048 610.1035 610.1022 610.1009 610.0999 610.0986 610.0975 610.0961 610.095 610.1209 607.6673 606.6107 606.3511 606.0916 605.832 605.5724 605.6702 606.3358 607.6115 608.8409 -9999 -9999
610.2736 610.2723 610.2709 610.2674 610.2628 610.2583 610.2518 610.2443 610.2415 610.2371 610.2305 610.2272 610.223 610.216 610.2122 610.2108 610.2094 610.2061 610.201 610.196 610.1924 610.1853 610.1781 610.1763 610.1739 610.168 610.1622 610.1586 610.1573 610.1522 610.1463 610.1405 610.1392 610.1343 610.1283 610.1223 610.1206 610.1159 610.1098 610.1036 610.0978 610.09 610.084 610.0827 610.0814 610.0801 610.0792 610.0779 610.0768 610.0753 610.0798 609.6937 607.085 606.4479 606.1884 605.9288 605.6692 605.4097 605.5242 606.174 607.4657 608.695 -9999 -9999
610.2568 610.2554 610.254 610.2506 610.2461 610.2415 610.2354 610.228 610.2241 610.2203 610.2137 610.2095 610.206 610.199 610.194 610.1926 610.1913 610.1881 610.1831 610.1781 610.1739 610.1676 610.1603 610.1574 610.1555 610.1497 610.1438 610.1394 610.1381 610.1334 610.1274 610.1215 610.1196 610.1152 610.1091 610.1031 610.1006 610.0964 610.0902 610.0841 610.0784 610.0706 610.0632 610.062 610.0607 610.0594 610.0584 610.0572 610.056 610.0547 610.0662 609.1115 606.5447 606.2852 606.0256 605.766 605.5064 605.2469 605.3782 606.0121 607.3198 608.5492 -9999 -9999
610.2399 610.2385 610.2371 610.2339 610.2294 610.2248 610.2191 610.2116 610.2067 610.2035 610.1969 610.1918 610.189 610.182 610.1758 610.1745 610.1732 610.1702 610.1652 610.1602 610.1554 610.1498 610.1426 610.1385 610.1371 610.1313 610.1254 610.1202 610.1189 610.1146 610.1086 610.1027 610.1001 610.096 610.09 610.0839 610.0807 610.0768 610.0707 610.0646 610.059 610.0513 610.0435 610.0412 610.04 610.0387 610.0377 610.0365 610.0353 610.034 610.0524 608.5292 606.382 606.1224 605.8628 605.6032 605.3436 605.0841 605.2321 605.8503 607.174 608.4033 -9999 -9999
610.2229 610.2216 610.2202 610.2172 610.2126 610.2081 610.2027 610.1953 610.1891 610.1867 610.1801 610.174 610.172 610.165 610.158 610.1563 610.155 610.1522 610.1473 610.1423 610.1373 610.1321 610.1249 610.1197 610.1185 610.1129 610.1071 610.1012 610.0997 610.0958 610.0898 610.0839 610.0805 610.0768 610.0708 610.0647 610.0608 610.0573 610.0511 610.045 610.0397 610.0319 610.0241 610.0204 610.0192 610.018 610.017 610.0158 610.0146 610.0134 610.0388 607.9469 606.2192 605.9596 605.7 605.4404 605.1808 604.9213 605.0861 605.6885 607.0282 608.2575 -9999 -9999
610.206 610.2047 610.2033 610.2004 610.1959 610.1913 610.1863 610.1789 610.1715 610.1699 610.1633 610.1567 610.1547 610.148 610.141 610.1383 610.1369 610.1343 610.1293 610.1243 610.1193 610.1144 610.1072 610.101 610.0997 610.0945 610.0887 610.0828 610.0806 610.077 610.071 610.0651 610.061 610.0576 610.0516 610.0455 610.0408 610.0378 610.0316 610.0255 610.0201 610.0125 610.0047 609.9998 609.9985 609.9973 609.9963 609.9951 609.9939 609.9976 609.9733 607.3647 606.0564 605.7968 605.5372 605.2776 605.0181 604.7585 604.9401 605.5267 606.8823 608.1117 -9999 -9999
610.189 610.1877 610.1863 610.1837 610.1791 610.1746 610.17 610.1626 610.1552 610.1526 610.1465 610.14 610.1369 610.131 610.124 610.1202 610.1188 610.1164 610.1114 610.1064 610.1014 610.0967 610.0895 610.0823 610.081 610.0761 610.0703 610.0645 610.0615 610.0582 610.0522 610.0463 610.0416 610.0385 610.0324 610.0264 610.0209 610.0182 610.0121 610.0059 609.9999 609.9931 609.9853 609.9791 609.9778 609.9766 609.9756 609.9744 609.9731 609.9839 609.3911 606.7824 605.8936 605.634 605.3745 605.1149 604.8553 604.6125 604.7941 605.365 606.7365 607.9658 610.2048 -9999
610.1727 610.1708 610.1694 610.1669 610.1624 610.1578 610.1533 610.1462 610.1388 610.1351 610.1298 610.1232 610.1191 610.114 610.107 610.1021 610.1008 610.0984 610.0934 610.0885 610.0835 610.079 610.0718 610.0645 610.0621 610.0577 610.0519 610.046 610.0424 610.0394 610.0334 610.0275 610.022 610.0193 610.0132 610.0072 610.0012 609.9987 609.9926 609.9864 609.9803 609.9737 609.9659 609.9583 609.9571 609.9559 609.9548 609.9537 609.9524 609.9702 608.8088 606.2001 605.7308 605.4713 605.2117 604.9521 604.6925 604.4664 604.648 605.2032 606.5906 607.82 609.8419 -9999
610.1567 610.154 610.1526 610.1502 610.1456 610.1411 610.1365 610.1299 610.1224 610.1177 610.113 610.1064 610.1014 610.097 610.09 610.0839 610.0826 610.0805 610.0756 610.0706 610.0656 610.0613 610.0541 610.0468 610.0433 610.0394 610.0335 610.0276 610.0232 610.0206 610.0146 610.0086 610.0027 610.0001 609.9941 609.988 609.982 609.9791 609.973 609.9669 609.9608 609.9543 609.9465 609.9387 609.9364 609.9352 609.9341 609.933 609.9318 609.9565 608.2266 605.8276 605.5681 605.3085 605.0489 604.7893 604.5297 604.3204 604.5038 605.0414 606.4448 607.6741 609.4789 -9999
610.1409 610.1371 610.1357 610.1335 610.1289 610.1244 610.1198 610.1135 610.1061 610.1003 610.0963 610.0897 610.0836 610.08 610.073 610.066 610.0645 610.0626 610.0576 610.0526 610.0476 610.0433 610.0363 610.0291 610.0245 610.021 610.0151 610.0093 610.004 610.0017 609.9958 609.9898 609.9839 609.981 609.9749 609.9689 609.9628 609.9596 609.9535 609.9473 609.9412 609.9349 609.9271 609.9194 609.9156 609.9144 609.9135 609.9124 609.9155 609.9429 607.6443 605.6648 605.4053 605.1457 604.8861 604.6265 604.3669 604.1744 604.3613 604.8796 606.299 607.5283 609.1159 -9999
610.1249 610.1202 610.1189 610.1167 610.1122 610.1076 610.1031 610.0972 610.0897 610.0827 610.0795 610.0729 610.0663 610.063 610.056 610.049 610.0463 610.0447 610.0397 610.0347 610.0297 610.0248 610.0186 610.0114 610.0056 610.0026 609.9968 609.9909 609.985 609.9829 609.9769 609.971 609.965 609.9618 609.9557 609.9497 609.9437 609.9401 609.9339 609.9278 609.9216 609.9155 609.9077 609.9 609.8949 609.8937 609.8927 609.8916 609.9017 609.6707 607.062 605.502 605.2425 604.9829 604.7233 604.4637 604.2042 604.0284 604.2188 604.7178 606.1531 607.3824 608.7529 -9999
610.109 610.1033 610.1021 610.1 610.0955 610.0909 610.0864 610.0809 610.0734 610.066 610.0627 610.0561 610.0495 610.046 610.039 610.032 610.0282 610.0267 610.0217 610.0168 610.0118 610.0068 610.0009 609.9937 609.9868 609.9842 609.9783 609.9725 609.9667 609.9641 609.9581 609.9522 609.9462 609.9426 609.9366 609.9305 609.9245 609.9202 609.9144 609.9083 609.9021 609.8961 609.8884 609.8806 609.8741 609.873 609.872 609.8708 609.8881 609.0884 606.4797 605.3392 605.0797 604.8201 604.5605 604.301 604.0414 603.8823 604.0764 604.556 606.0073 607.2366 608.4659 -9999
610.0931 610.0864 610.0851 610.0833 610.0787 610.0742 610.0696 610.0645 610.0571 610.0496 610.0459 610.0393 610.0327 610.0289 610.022 610.015 610.0102 610.0088 610.0038 609.9988 609.9938 609.9888 609.9832 609.976 609.9688 609.9658 609.96 609.9541 609.9483 609.9453 609.9393 609.9333 609.9274 609.9231 609.9174 609.9114 609.9053 609.9002 609.8948 609.8887 609.8826 609.8767 609.869 609.8612 609.8535 609.8523 609.8513 609.8502 609.8743 608.5062 605.8975 605.1765 604.9169 604.6573 604.3978 604.1382 603.8786 603.7363 603.9338 604.4135 605.8615 607.0908 608.3201 -9999
610.0772 610.0706 610.0682 610.0665 610.062 610.0574 610.0529 610.0482 610.0407 610.0333 610.0288 610.0225 610.0159 610.011 610.005 609.998 609.992 609.9907 609.9859 609.9809 609.9759 609.9709 609.9655 609.9583 609.951 609.9474 609.9416 609.9357 609.9299 609.926 609.9205 609.9146 609.9086 609.9035 609.8983 609.8922 609.8862 609.8803 609.8753 609.8692 609.863 609.8569 609.8495 609.8418 609.834 609.8316 609.8306 609.8333 609.8607 607.9239 605.3152 605.0137 604.7542 604.4946 604.235 603.9754 603.7158 603.5903 603.7914 604.2711 605.7156 606.9449 608.1743 -9999
610.0613 610.0546 610.0512 610.0497 610.0452 610.0406 610.0361 610.0316 610.0244 610.0169 610.0113 610.0057 609.9991 609.9933 609.988 609.981 609.974 609.9726 609.968 609.963 609.958 609.953 609.9478 609.9406 609.9333 609.9291 609.9232 609.9174 609.9115 609.9069 609.9017 609.8958 609.8898 609.884 609.8791 609.873 609.867 609.861 609.8558 609.8496 609.8435 609.8373 609.8302 609.8224 609.8146 609.8109 609.8099 609.8196 609.847 607.3416 605.1105 604.8509 604.5914 604.3318 604.0722 603.8126 603.553 603.4443 603.6489 604.1285 605.5698 606.7991 608.0284 -9999
610.0453 610.0387 610.0344 610.033 610.0285 610.0239 610.0194 610.0148 610.008 610.0005 609.9938 609.989 609.9824 609.9758 609.971 609.964 609.957 609.9544 609.95 609.9451 609.9401 609.9351 609.9301 609.9228 609.9156 609.9103 609.9048 609.899 609.8931 609.8878 609.8829 609.877 609.871 609.865 609.8599 609.8539 609.8478 609.8418 609.8362 609.8301 609.824 609.8178 609.8108 609.803 609.8015 609.8006 609.7997 609.8058 609.368 606.7594 604.9477 604.6881 604.4286 604.169 603.9094 603.6498 603.3903 603.2982 603.5064 603.9861 605.424 606.6533 607.8826 -9999
610.0294 610.0228 610.0175 610.0162 610.0117 610.0072 610.0026 609.9981 609.9916 609.9843 609.9768 609.9722 609.9656 609.959 609.954 609.947 609.94 609.9363 609.9321 609.9271 609.9221 609.9171 609.9123 609.9051 609.8979 609.8915 609.8864 609.8806 609.8748 609.8689 609.8641 609.8581 609.8522 609.8462 609.8408 609.8347 609.8287 609.8226 609.8167 609.8105 609.807 609.8055 609.6074 609.3433 609.4254 609.6755 609.8001 609.7993 608.7858 606.1771 604.7849 604.5253 604.2658 604.0062 603.7466 603.4871 603.2275 603.1522 603.364 603.8436 605.2869 606.5074 607.7368 -9999
610.0135 610.0069 610.0005 609.9993 609.995 609.9905 609.9859 609.9814 609.9753 609.9679 609.9604 609.9554 609.9488 609.9422 609.937 609.93 609.923 609.9182 609.9142 609.9092 609.9042 609.8992 609.8943 609.8874 609.8801 609.8729 609.868 609.8622 609.8564 609.8505 609.8453 609.8393 609.8333 609.8274 609.8216 609.8156 609.812 609.8105 609.8094 609.5326 609.3474 609.2143 608.8192 608.5159 608.422 608.6721 608.9222 609.1723 608.2036 605.5948 604.6221 604.3625 604.103 603.8434 603.5839 603.3243 603.0647 603.0062 603.2214 603.7011 605.1588 606.3616 607.5909 610.2425
609.9976 609.991 609.9843 609.9824 609.9783 609.9737 609.9692 609.9646 609.959 609.9515 609.9441 609.9386 609.932 609.9254 609.92 609.913 609.906 609.9001 609.8962 609.8912 609.8863 609.8813 609.8763 609.8696 609.8624 609.8552 609.8497 609.8438 609.838 609.8322 609.8264 609.8205 609.817 609.816 609.815 609.5378 609.3523 609.2587 608.9818 608.7049 608.428 608.426 608.0309 607.7802 607.5027 607.6687 607.9188 608.1438 607.6213 605.0126 604.4594 604.1998 603.9402 603.6807 603.4211 603.1615 602.9019 602.8602 603.079 603.5587 605.0305 606.2158 607.4451 609.8795
609.9817 609.975 609.9684 609.9655 609.9615 609.957 609.9525 609.9479 609.9426 609.9352 609.9277 609.9218 609.9152 609.9086 609.903 609.896 609.889 609.882 609.8783 609.8734 609.8683 609.8633 609.8583 609.8519 609.8447 609.8375 609.8313 609.8254 609.822 609.821 609.6227 609.4244 609.3577 609.2646 608.9874 608.7102 608.433 608.431 608.1541 607.8772 607.6003 607.5067 607.2426 607.0445 606.6752 606.6653 606.9155 607.04 607.039 604.5562 604.2966 604.037 603.7775 603.5179 603.2583 602.9987 602.7391 602.7141 602.9365 603.4161 604.9023 606.0699 607.2993 609.5165
609.9658 609.9591 609.9525 609.9485 609.9448 609.9402 609.9357 609.9312 609.9263 609.9188 609.9114 609.905 609.8984 609.8918 609.8853 609.879 609.872 609.865 609.8604 609.8554 609.8504 609.8454 609.8405 609.8342 609.827 609.826 609.6277 609.4294 609.3627 609.2302 608.8345 608.6363 608.438 608.437 608.1598 607.8826 607.6054 607.5117 607.4183 607.0495 606.7726 606.5873 606.4543 606.2562 605.9395 605.662 605.9121 605.9362 605.9352 604.3934 604.1338 603.8742 603.6147 603.3551 603.0955 602.8359 602.5764 602.5681 602.794 603.2737 604.7742 605.9241 607.1534 609.1536
609.9499 609.9432 609.9366 609.9317 609.928 609.9235 609.9189 609.9144 609.9099 609.9025 609.895 609.8876 609.8817 609.8751 609.8685 609.862 609.855 609.848 609.8425 609.8375 609.8325 609.831 609.83 609.6317 609.3677 609.2352 608.8395 608.6413 608.443 608.442 608.0464 607.8481 607.6104 607.5173 607.424 607.0551 606.7778 606.5923 606.5906 606.3138 605.9449 605.668 605.666 605.4679 605.2038 604.8345 604.8334 604.8324 604.8314 604.2306 603.971 603.7114 603.4519 603.1923 602.9327 602.6732 602.4136 602.4221 602.6516 603.1312 604.646 605.7782 607.0076 608.7906
