samples/sfe_95/sfe_95_v2/sfe_95_v2/sfe_95_v2.asc
ncols         647
nrows         184
xllcorner     100
yllcorner     8
cellsize      1
NODATA_value  -9999
[rows 84 to 111 of 184, columns 512 to 575 of 647]
604.0687 604.0278 603.9869 603.946 603.9232 603.8836 603.8441 603.8046 603.7651 603.7485 603.6859 603.6461 603.6064 603.5667 603.527 603.4574 603.3925 603.3275 603.3007 603.2615 603.2224 603.1832 603.1628 603.1611 603.1558 603.1096 603.0633 603.017 602.9707 602.9244 602.9016 602.9004 602.8992 602.8888 602.8217 602.7786 602.7355 602.6973 602.6623 602.6273 602.6061 602.5714 602.5366 602.4818 602.436 602.4255 602.392 602.3585 602.3412 602.3397 602.3203 602.2872 602.2457 602.1494 602.0532 601.957 601.8573 601.7308 601.6142 601.567 601.4809 601.343 601.2281 601.1777
603.8701 603.8292 603.7883 603.7474 603.7263 603.692 603.6525 603.613 603.5734 603.5605 603.5146 603.4545 603.4148 603.3751 603.3353 603.2695 603.2026 603.1376 603.1108 603.0716 603.0324 602.9933 602.973 602.9711 602.97 602.9294 602.8832 602.8369 602.7906 602.7443 602.7269 602.7257 602.7245 602.7233 602.6575 602.6122 602.5692 602.5294 602.4944 602.4594 602.4395 602.4047 602.37 602.3201 602.268 602.2639 602.2303 602.1968 602.1795 602.178 602.1609 602.1279 602.0948 602.0071 601.9108 601.8146 601.7184 601.6063 601.4798 601.3831 601.3358 601.2065 601.0686 600.9814
603.6715 603.6306 603.5897 603.5488 603.5278 603.5004 603.4608 603.4213 603.3818 603.3705 603.3333 603.2629 603.2232 603.1835 603.1437 603.0874 603.0128 602.9478 602.9131 602.8817 602.8425 602.8033 602.7831 602.7813 602.7802 602.7493 602.7031 602.6567 602.6105 602.5642 602.5522 602.551 602.5498 602.5486 602.5043 602.446 602.4029 602.3615 602.3264 602.2914 602.2728 602.2381 602.2034 602.1584 602.1031 602.0991 602.0686 602.035 602.0178 602.0163 602.0016 601.9685 601.9354 601.8647 601.7685 601.6722 601.576 601.4798 601.3553 601.2288 601.1519 601.0701 600.9322 600.7943
603.473 603.432 603.3911 603.3502 603.3292 603.3087 603.2692 603.2297 603.1902 603.1806 603.1494 603.0849 603.0316 602.9919 602.9521 602.9053 602.8229 602.758 602.7145 602.6918 602.6526 602.6134 602.5933 602.5913 602.5903 602.5692 602.5229 602.4766 602.4304 602.3841 602.3775 602.3763 602.3751 602.3739 602.3512 602.2797 602.2366 602.1935 602.1585 602.1235 602.1055 602.0715 602.0367 601.9967 601.9415 601.9311 601.9069 601.8734 601.856 601.8546 601.8422 601.8091 601.7761 601.7224 601.6261 601.5299 601.4337 601.3374 601.2308 601.1044 600.9778 600.9207 600.7958 600.6578
603.2744 603.2335 603.1925 603.1516 603.1307 603.1171 603.0776 603.038 602.9985 602.9907 602.9654 602.9136 602.84 602.8003 602.7606 602.7208 602.6331 602.5682 602.5161 602.5019 602.4627 602.4235 602.4034 602.4014 602.4004 602.3891 602.3428 602.2965 602.2502 602.204 602.2028 602.2016 602.2004 602.1992 602.198 602.1199 602.0703 602.0272 601.9906 601.9556 601.9376 601.9048 601.8701 601.835 601.7798 601.7631 601.7452 601.7117 601.6943 601.6928 601.6829 601.6498 601.6167 601.58 601.4838 601.3875 601.2913 601.1951 601.0988 600.9799 600.8534 600.7368 600.6594 600.5214
603.0739 603.0349 602.994 602.953 602.9321 602.9255 602.8859 602.8464 602.8069 602.8007 602.7814 602.7342 602.6552 602.6087 602.569 602.5292 602.4491 602.3784 602.3177 602.312 602.2728 602.2336 602.2135 602.2115 602.2105 602.209 602.1627 602.1165 602.0701 602.0293 602.0281 602.0269 602.0257 602.0245 602.0233 601.9667 601.904 601.8609 601.8227 601.7877 601.7697 601.7382 601.7035 601.6688 601.618 601.5952 601.5835 601.5499 601.5325 601.5311 601.5235 601.4904 601.4573 601.4243 601.3414 601.2452 601.1489 601.0527 600.9565 600.8554 600.7289 600.6024 600.5056 600.385
602.8658 602.8362 602.7953 602.7544 602.7335 602.7321 602.6943 602.6548 602.6152 602.6107 602.5975 602.5502 602.4839 602.4171 602.3774 602.3376 602.267 602.1885 602.1236 602.1177 602.0829 602.0437 602.0236 602.0216 602.0206 602.0192 601.9826 601.9363 601.89 601.8546 601.8534 601.8522 601.851 601.8498 601.8486 601.8135 601.7377 601.6946 601.6548 601.6198 601.6017 601.5716 601.5369 601.5021 601.4564 601.4272 601.4218 601.3882 601.3708 601.3693 601.3641 601.3311 601.298 601.2649 601.199 601.1028 601.0066 600.9103 600.8141 600.7178 600.6044 600.4779 600.3514 600.2486
602.6578 602.6376 602.5967 602.5558 602.5349 602.5334 602.5027 602.4631 602.4236 602.4207 602.4135 602.3663 602.3127 602.2255 602.1858 602.1461 602.085 601.9987 601.9338 601.9191 601.8929 601.8538 601.8337 601.8317 601.8307 601.8295 601.8025 601.7562 601.7099 601.6799 601.6786 601.6775 601.6763 601.6751 601.6739 601.6604 601.5823 601.5283 601.4868 601.4518 601.4338 601.405 601.3702 601.3355 601.2946 601.2592 601.2582 601.2266 601.209 601.2076 601.2048 601.1717 601.1386 601.1055 601.0567 600.9604 600.8642 600.7679 600.6718 600.5755 600.4792 600.3535 600.2269 600.1005
602.4499 602.4391 602.3981 602.3572 602.3363 602.3348 602.311 602.2715 602.232 602.2308 602.2295 602.1823 602.135 602.0542 601.9942 601.9545 601.9028 601.8108 601.744 601.7205 601.7031 601.6639 601.6437 601.6419 601.6407 601.6398 601.6224 601.5761 601.5298 601.5052 601.504 601.5027 601.5016 601.5004 601.4992 601.498 601.4291 601.362 601.3189 601.2839 601.2659 601.2383 601.2036 601.1689 601.1329 601.0912 601.0903 601.0648 601.0473 601.0458 601.0448 601.0123 600.9792 600.9462 600.9131 600.8181 600.7219 600.6256 600.5294 600.4332 600.3369 600.2289 600.1025 599.976
602.242 602.2405 602.1996 602.1586 602.1377 602.1362 602.1194 602.0799 602.0421 602.0408 602.0396 601.9983 601.951 601.8829 601.8026 601.7629 601.7208 601.6287 601.5541 601.5221 601.5131 601.4739 601.4539 601.452 601.4509 601.4498 601.4423 601.396 601.3497 601.3304 601.3293 601.3281 601.3268 601.3257 601.3245 601.3233 601.2759 601.1979 601.1526 601.116 601.098 601.0717 601.037 601.0023 600.9675 600.9233 600.9223 600.9031 600.8856 600.8841 600.8831 600.853 600.8199 600.7868 600.7537 600.6757 600.5795 600.4833 600.387 600.2908 600.1945 600.0983 599.978 599.9765
602.0339 602.0324 602.001 601.9601 601.9391 601.9377 601.9278 601.8882 601.8521 601.8508 601.8496 601.8143 601.7671 601.7117 601.6245 601.5712 601.5316 601.4467 601.3643 601.3237 601.3224 601.2841 601.2639 601.2621 601.2609 601.2599 601.2583 601.2159 601.1696 601.1558 601.1545 601.1534 601.1522 601.1509 601.1498 601.1486 601.1228 601.0447 600.9863 600.9481 600.9301 600.9051 600.8704 600.8356 600.8009 600.7554 600.7543 600.7415 600.7238 600.7224 600.7213 600.6936 600.6605 600.6274 600.5944 600.5334 600.4371 600.3409 600.2446 600.1484 600.0522 599.9795 599.9785 599.5291
601.8259 601.8243 601.8024 601.7615 601.7405 601.7393 601.7361 601.6966 601.6621 601.6608 601.6596 601.6304 601.5831 601.5359 601.4532 601.3796 601.34 601.2645 601.1745 601.1252 601.1238 601.0941 601.074 601.0723 601.071 601.07 601.0685 601.0358 600.9894 600.9811 600.9799 600.9786 600.9775 600.9763 600.9751 600.9739 600.9696 600.8915 600.82 600.7802 600.7621 600.7385 600.7037 600.669 600.6343 600.5926 600.5864 600.5797 600.5621 600.5606 600.5596 600.5342 600.5012 600.4681 600.435 600.391 600.2948 600.1985 600.1023 600.006 599.9805 599.9795 599.531 599.0815
601.6179 601.6163 601.6038 601.5629 601.5419 601.5408 601.5392 601.505 601.4721 601.4709 601.4697 601.4464 601.3992 601.3519 601.282 601.1948 601.1483 601.0825 600.9905 600.9269 600.9252 600.9042 600.8841 600.8824 600.8811 600.8801 600.8788 600.8557 600.8093 600.8063 600.8052 600.804 600.8027 600.8016 600.8004 600.7992 600.798 600.7383 600.6603 600.6122 600.5942 600.5718 600.5371 600.5024 600.4677 600.4309 600.4184 600.4174 600.4003 600.3989 600.3978 600.3749 600.3418 600.3087 600.2756 600.2426 600.1524 600.0562 599.9835 599.982 599.572 599.5345 599.1235 599.0485
601.4098 601.4084 601.4052 601.3643 601.3433 601.3423 601.3406 601.3134 601.2822 601.2809 601.2797 601.2625 601.2152 601.168 601.1107 601.0236 600.9567 600.9004 600.8083 600.7299 600.7266 600.7143 600.6942 600.6925 600.6912 600.6902 600.6891 600.6755 600.6328 600.6317 600.6304 600.6293 600.6281 600.6268 600.6257 600.6245 600.6233 600.5851 600.5071 600.4443 600.4263 600.4052 600.3705 600.3358 600.301 600.2663 600.2504 600.2495 600.2386 600.2371 600.2361 600.2155 600.1824 600.1494 600.1163 600.0832 600.0101 599.985 599.9835 599.575 599.1275 599.1275 599.089 599.0515
601.2018 601.2005 601.199 601.1657 601.1448 601.1438 601.142 601.1217 601.0922 601.0909 601.0897 601.0785 601.0313 600.984 600.9368 600.8523 600.7651 600.7183 600.6263 600.54 600.528 600.5244 600.5043 600.5027 600.5013 600.5003 600.4993 600.4954 600.4581 600.4569 600.4557 600.4545 600.4534 600.4521 600.4509 600.4498 600.4485 600.432 600.3539 600.278 600.2584 600.2386 600.2039 600.1691 600.1344 600.0997 600.0825 600.0815 600.0768 600.0754 600.0743 600.0562 600.0231 599.99 599.9885 599.9875 599.5825 599.58 599.541 599.134 599.095 599.0575 599.0215 598.984
600.9937 600.9926 600.9909 600.9671 600.9462 600.9452 600.9434 600.9301 600.9022 600.901 600.8997 600.8945 600.8473 600.8 600.7527 600.681 600.5939 600.5338 600.4442 600.3522 600.3297 600.3284 600.3144 600.3128 600.3113 600.3104 600.3094 600.3076 600.2834 600.2822 600.2811 600.2798 600.2786 600.2775 600.2762 600.2751 600.2739 600.2726 600.2007 600.1226 600.0905 600.072 600.0372 600.0025 600.001 600 599.6025 599.6015 599.5985 599.597 599.5959 599.594 599.591 599.588 599.587 599.181 599.142 599.1405 599.101 599.0635 599.026 598.99 598.954 598.92
600.7856 600.7847 600.7828 600.7685 600.7476 600.7466 600.7448 600.7385 600.7122 600.711 600.7098 600.7086 600.6633 600.616 600.5688 600.5098 600.4226 600.3422 600.2621 600.17 600.1312 600.1298 600.1245 600.1229 600.1215 600.1205 600.1194 600.1179 600.1087 600.1075 600.1063 600.1052 600.1039 600.1027 600.1016 600.1003 600.0992 600.098 600.0475 600.0075 599.6165 599.616 599.6145 599.61 599.6075 599.6055 599.208 599.17 599.168 599.1655 599.1625 599.159 599.1555 599.152 599.149 599.109 599.0715 599.07 599.0335 598.996 598.96 598.926 598.9245 598.875
600.5776 600.5767 600.5748 600.5699 600.549 600.548 600.5463 600.545 600.5223 600.5211 600.5198 600.5186 600.4793 600.4321 600.3848 600.3376 600.2513 600.1642 600.08 600.0335 599.856 599.676 599.675 599.6705 599.669 599.664 599.843 599.8415 600.0215 600.0205 600.019 600.0178 600.0166 600.0154 600.0142 600.013 600.0115 600.0105 599.627 599.6235 599.2325 599.1955 599.1935 599.1905 599.1855 599.182 599.1615 599.157 599.0985 599.0965 599.094 599.09 599.086 599.0825 599.079 599.04 599.004 599.0025 598.9655 598.9315 598.8975 598.865 598.8635 598.8625
600.3696 600.3686 600.3669 600.3656 600.3504 600.3494 600.3478 600.3464 600.3323 600.3311 600.3298 600.3286 600.2953 600.2481 600.2009 600.1536 600.0801 600.0355 599.684 599.6815 599.325 599.316 599.3135 599.308 599.3035 599.302 599.2995 599.4771 599.473 599.6541 599.649 599.647 599.645 599.644 599.639 599.6355 599.6325 599.2485 599.214 599.214 599.208 599.168 599.1355 599.1315 599.125 599.1195 599.114 599.108 599.0685 599.0305 599.028 599.0235 599.019 599.015 599.012 598.974 598.939 598.939 598.9365 598.903 598.869 598.868 598.806 598.806
600.1615 600.1605 600.159 600.1575 600.1518 600.1508 600.1493 600.1478 600.1423 600.1411 600.1399 600.1386 600.1114 600.0641 600.04 600.0385 599.6895 599.6865 599.3235 599.3235 599.3195 599.3135 599.3035 599.2975 599.292 599.2855 599.283 599.281 599.2775 599.2725 599.265 599.259 599.254 599.2505 599.243 599.237 599.231 599.226 599.1885 599.1565 599.1525 599.145 599.1095 599.0725 599.0645 599.0575 599.0515 599.0445 599.0385 598.983 598.964 598.959 598.9565 598.9525 598.9485 598.9455 598.9105 598.877 598.876 598.8445 598.812 598.811 598.782 598.7515
599.7209 599.72 599.718 599.7165 599.715 599.882 599.8805 599.879 600.0475 600.0458 600.0446 600.0435 599.872 599.87 599.694 599.69 599.341 599.333 599.3215 599.3165 599.3025 599.2965 599.2935 599.2865 599.278 599.2715 599.264 599.2575 599.2515 599.242 599.2345 599.2265 599.2275 599.2035 599.196 599.1925 599.1844 599.1755 599.138 599.103 599.099 599.09 599.0475 599.0105 599.0065 598.9985 598.99 598.983 598.9765 598.955 598.9345 598.9 598.8975 598.893 598.8885 598.8545 598.8195 598.8195 598.8175 598.786 598.758 598.757 598.728 598.7025
599.383 599.381 599.3795 599.378 599.377 599.5439 599.5415 599.54 599.539 599.707 599.704 599.702 599.53 599.527 599.351 599.3435 599.3375 599.3205 599.3155 599.3125 599.3045 599.287 599.2835 599.265 599.261 599.251 599.2415 599.2325 599.229 599.2185 599.2125 599.2125 599.2075 599.1985 599.147 599.147 599.138 599.127 599.1169 599.067 599.062 599.035 599.0245 598.971 598.9495 598.9405 598.9355 598.927 598.9195 598.9146 598.876 598.8415 598.8385 598.8335 598.8295 598.7975 598.7655 598.7645 598.7625 598.7605 598.7075 598.707 598.6805 598.669
599.379 599.3775 599.3755 599.3745 599.373 599.3719 599.3695 599.3675 599.366 599.364 599.3615 599.358 599.355 599.3525 599.3485 599.3315 599.3315 599.326 599.302 599.302 599.295 599.287 599.274 599.2655 599.2405 599.2345 599.224 599.2185 599.2145 599.2035 599.192 599.185 599.179 599.168 599.158 599.098 599.098 599.086 599.074 599.0625 599.01 598.9885 598.9765 598.965 598.9435 598.8845 598.8845 598.875 598.866 598.858 598.821 598.786 598.783 598.778 598.774 598.77 598.714 598.714 598.712 598.7104 598.6865 598.6615 598.6605 598.6595
599.3715 599.371 599.37 599.3685 599.3675 599.3655 599.3655 599.3635 599.3615 599.359 599.356 599.35 599.348 599.3445 599.3405 599.3285 599.319 599.3155 599.309 599.2885 599.2755 599.2715 599.2615 599.2505 599.24 599.2235 599.211 599.1995 599.1925 599.1805 599.1675 599.1545 599.1455 599.136 599.123 599.111 599.0475 599.0475 599.0335 599.02 598.976 598.9385 598.9315 598.9185 598.906 598.8635 598.826 598.821 598.812 598.8035 598.7955 598.748 598.731 598.728 598.7235 598.7195 598.6925 598.6665 598.6655 598.664 598.6435 598.6205 598.6205 598.6183
599.3665 599.3635 599.363 599.362 599.3615 599.36 599.3615 599.3605 599.3585 599.3555 599.353 599.3465 599.3445 599.335 599.3325 599.32 599.317 599.308 599.294 599.2865 599.269 599.264 599.2525 599.2405 599.2205 599.2145 599.201 599.1875 599.173 599.159 599.1445 599.1295 599.118 599.107 599.092 599.0775 599.034 598.9975 598.99 598.9745 598.9285 598.921 598.8755 598.869 598.8555 598.812 598.806 598.7655 598.761 598.752 598.7435 598.728 598.709 598.6795 598.677 598.673 598.646 598.6235 598.6226 598.6199 598.6134 598.601 598.5927 598.5875
599.3615 599.3585 599.358 599.358 599.3575 599.3565 599.357 599.3555 599.3535 599.3505 599.348 599.3445 599.3405 599.3305 599.324 599.3185 599.312 599.3025 599.2875 599.277 599.2675 599.262 599.25 599.2375 599.2235 599.205 599.1905 599.161 599.1535 599.1385 599.1215 599.1045 599.0875 599.072 599.054 599.0375 599.021 598.9845 598.9465 598.929 598.9125 598.867 598.8285 598.821 598.807 598.7935 598.752 598.718 598.718 598.708 598.699 598.6956 598.665 598.6355 598.633 598.6266 598.6176 598.604 598.593 598.5873 598.5685 598.5555 598.5555 598.556
599.3535 599.3515 599.3515 599.3521 599.3521 599.351 599.35 599.3485 599.347 599.3445 599.343 599.34 599.3365 599.3315 599.3225 599.317 599.3025 599.299 599.2905 599.2815 599.271 599.253 599.2415 599.228 599.2105 599.1955 599.18 599.15 599.127 599.1185 599.083 599.0655 599.056 599.038 599.018 598.9995 598.9825 598.935 598.8965 598.8965 598.879 598.8605 598.8225 598.7765 598.769 598.755 598.742 598.729 598.669 598.664 598.6595 598.6472 598.6332 598.6152 598.6013 598.5923 598.573 598.5535 598.5535 598.554 598.554 598.5455 598.5325 598.5335
599.349 599.3445 599.345 599.3455 599.346 599.3455 599.3445 599.344 599.342 599.341 599.339 599.336 599.331 599.327 599.322 599.313 599.306 599.2845 599.2845 599.2745 599.252 599.2365 599.218 599.2115 599.197 599.1805 599.164 599.147 599.129 599.1055 599.0865 599.043 599.0325 599.013 598.9945 598.974 598.954 598.935 598.8855 598.8564 598.8465 598.8275 598.7955 598.75 598.727 598.719 598.7042 598.6858 598.6661 598.6428 598.6252 598.6124 598.5865 598.5625 598.5605 598.557 598.5555 598.528 598.528 598.5285 598.5295 598.531 598.519 598.519
