samples/sfe_95/sfe_95_v2/sfe_95_v2/sfe_95_v2.asc
ncols         647
nrows         184
xllcorner     100
yllcorner     8
cellsize      1
NODATA_value  -9999
[rows 84 to 111 of 184, columns 192 to 255 of 647]
599.7355 599.734 599.7345 599.731 599.7265 599.7215 599.721 599.7255 599.718 599.7095 599.707 599.7025 599.7095 599.6965 599.689 599.689 599.6755 599.6665 599.6585 599.6565 599.656 599.636 599.6155 599.5945 599.5725 599.5515 599.5505 599.536 599.5195 599.498 599.494 599.4835 599.491 599.472 599.4545 599.4365 599.444 599.468 599.456 599.477 599.5065 599.5725 599.6055 599.641 599.679 599.717 599.757 599.843 599.843 599.9295 599.929 600.0495 600.049 600.0495 600.169 600.1685 600.1675 600.169 600.1695 600.286 600.2845 600.285 600.3979 600.397
599.733 599.7295 599.727 599.723 599.719 599.7125 599.7095 599.7085 599.7 599.6905 599.6875 599.6835 599.677 599.6625 599.655 599.6475 599.6455 599.6275 599.616 599.6055 599.5875 599.5755 599.5675 599.544 599.524 599.52 599.508 599.4865 599.4655 599.443 599.4185 599.4146 599.403 599.4135 599.3945 599.376 599.3825 599.3745 599.4195 599.407 599.4645 599.4604 599.4925 599.5255 599.597 599.6345 599.6345 599.6745 599.7565 599.7565 599.844 599.844 599.846 599.8885 599.89 599.8915 599.8925 599.8955 599.9355 599.936 600.053 600.0555 600.17 600.284
599.7385 599.733 599.7275 599.7155 599.7115 599.7075 599.704 599.6945 599.686 599.679 599.674 599.668 599.654 599.6395 599.632 599.632 599.613 599.595 599.574 599.552 599.541 599.529 599.5275 599.515 599.4935 599.467 599.455 599.429 599.403 599.3955 599.371 599.347 599.3235 599.3425 599.3325 599.314 599.32 599.3115 599.3285 599.316 599.3945 599.3945 599.387 599.449 599.5205 599.5185 599.5555 599.5935 599.6755 599.677 599.7185 599.722 599.724 599.808 599.8085 599.8115 599.8165 599.8195 599.861 599.8635 599.869 599.8715 600.0565 600.057
599.7465 599.7415 599.734 599.7239 599.715 599.7057 599.699 599.6825 599.6775 599.6695 599.6555 599.6535 599.6375 599.63 599.6145 599.6045 599.585 599.5699 599.5425 599.531 599.517 599.494 599.476 599.4615 599.454 599.427 599.399 599.3795 599.3655 599.357 599.331 599.305 599.2805 599.2675 599.279 599.259 599.2565 599.248 599.265 599.2815 599.3 599.324 599.3195 599.379 599.445 599.4435 599.481 599.5195 599.597 599.5985 599.641 599.6445 599.65 599.694 599.6975 599.703 599.71 599.7495 599.7555 599.762 599.802 599.8045 599.8785 599.945
599.761 599.756 599.743 599.727 599.723 599.7145 599.7036 599.6895 599.6793 599.6665 599.653 599.637 599.6265 599.6075 599.5985 599.5855 599.562 599.5515 599.5345 599.5175 599.4905 599.464 599.4445 599.416 599.3955 599.386 599.357 599.3275 599.3215 599.292 599.288 599.261 599.2355 599.2235 599.2115 599.2125 599.2095 599.2155 599.227 599.22 599.2385 599.26 599.2845 599.312 599.3094 599.3755 599.41 599.4465 599.447 599.5265 599.5285 599.5345 599.5765 599.5835 599.59 599.599 599.6445 599.649 599.691 599.6985 599.708 599.779 599.8135 599.883
599.765 599.7625 599.746 599.7425 599.732 599.7159 599.712 599.6915 599.6855 599.6716 599.6514 599.6378 599.621 599.602 599.571 599.5605 599.546 599.5195 599.506 599.491 599.464 599.433 599.419 599.3975 599.3615 599.3455 599.3255 599.2945 599.2645 599.233 599.218 599.2135 599.187 599.161 599.1755 599.1646 599.1605 599.151 599.1584 599.163 599.183 599.197 599.193 599.2195 599.277 599.309 599.3085 599.345 599.384 599.4195 599.4245 599.4665 599.4695 599.5135 599.522 599.5315 599.542 599.5895 599.5955 599.637 599.6815 599.6865 599.7255 599.792
599.795 599.7725 599.769 599.762 599.7335 599.7215 599.7165 599.7061 599.694 599.6585 599.6585 599.643 599.6251 599.6044 599.5807 599.5595 599.5368 599.51 599.4835 599.4545 599.4405 599.4085 599.393 599.361 599.3435 599.311 599.289 599.273 599.2415 599.2085 599.193 599.1635 599.149 599.1225 599.126 599.115 599.1105 599.1005 599.1085 599.094 599.126 599.145 599.1405 599.135 599.2155 599.2475 599.2475 599.25 599.286 599.358 599.361 599.404 599.409 599.4185 599.4295 599.468 599.4775 599.49 599.5025 599.5811 599.621 599.6275 599.639 599.7375
599.828 599.8025 599.7785 599.7535 599.749 599.744 599.7335 599.722 599.696 599.6725 599.664 599.6475 599.6295 599.61 599.574 599.562 599.5369 599.5118 599.4797 599.4536 599.4245 599.395 599.349 599.3325 599.3135 599.28 599.246 599.2455 599.2125 599.181 599.1515 599.136 599.12 599.0925 599.0825 599.074 599.06 599.05 599.0585 599.044 599.0755 599.071 599.085 599.132 599.131 599.131 599.1885 599.2225 599.2255 599.266 599.2705 599.2795 599.3205 599.3325 599.37 599.4065 599.417 599.431 599.4449 599.4945 599.501 599.5765 599.583 599.656
599.845 599.8385 599.803 599.7875 599.783 599.7735 599.7635 599.735 599.709 599.695 599.679 599.6385 599.6285 599.609 599.587 599.563 599.5275 599.4835 599.4835 599.454 599.4223 599.3845 599.35 599.3259 599.293 599.2615 599.2275 599.1965 599.18 599.1465 599.1169 599.101 599.0885 599.0601 599.0396 599.031 599.028 599.017 599.016 599.0015 599.0265 599.022 599.036 599.0555 599.0545 599.0535 599.1355 599.1375 599.1405 599.148 599.1835 599.2205 599.2615 599.2745 599.3125 599.3235 599.34 599.354 599.3929 599.4085 599.446 599.5215 599.5295 599.5735
599.884 599.8545 599.8275 599.824 599.8075 599.785 599.752 599.752 599.7395 599.7255 599.6925 599.661 599.642 599.621 599.571 599.548 599.5345 599.51 599.481 599.4405 599.425 599.3905 599.357 599.3224 599.2868 599.251 599.2098 599.1877 599.153 599.1195 599.0815 599.0655 599.0525 599.024 599.004 598.997 598.986 598.965 598.964 598.9785 598.971 598.979 598.9715 598.9855 599.007 599.0075 599.0565 599.0585 599.0905 599.094 599.13 599.1735 599.18 599.193 599.2345 599.2505 599.3 599.34 599.348 599.366 599.4335 599.4415 599.5229 599.5305
599.9034 599.874 599.8705 599.8625 599.8305 599.8135 599.79 599.7765 599.764 599.7425 599.7015 599.693 599.674 599.623 599.612 599.5605 599.547 599.489 599.4745 599.4456 599.4175 599.3875 599.341 599.3055 599.287 599.233 599.215 599.1786 599.1432 599.11 599.0714 599.0535 599.0285 598.999 598.968 598.961 598.95 598.9294 598.9285 598.9305 598.929 598.923 598.934 598.948 598.9645 598.965 599.012 599.015 599.047 599.0515 599.0835 599.095 599.109 599.15 599.1915 599.2 599.2505 599.269 599.3025 599.353 599.392 599.401 599.454 599.5155
599.958 599.9235 599.92 599.882 599.85 599.845 599.8345 599.7985 599.7635 599.7565 599.741 599.7245 599.6815 599.6305 599.6305 599.607 599.547 599.489 599.489 599.457 599.3915 599.3615 599.3315 599.3135 599.2765 599.2325 599.196 599.178 599.125 599.0885 599.0715 599.04 599.0055 598.9818 598.9529 598.9395 598.9155 598.903 598.8935 598.8955 598.8945 598.889 598.882 598.909 598.9255 598.948 598.9485 598.9535 598.961 598.99 599.049 599.056 599.07 599.1125 599.1215 599.14 599.1765 599.195 599.2645 599.306 599.3265 599.3354 599.3545 599.4775
600.0135 599.963 599.943 599.9395 599.901 599.8965 599.853 599.817 599.811 599.797 599.7455 599.7375 599.712 599.674 599.6565 599.6135 599.601 599.54 599.5065 599.455 599.439 599.372 599.3465 599.284 599.2655 599.2335 599.184 599.171 599.134 599.086 599.068 599.035 598.988 598.9755 598.9473 598.921 598.8988 598.8824 598.874 598.8585 598.8555 598.8535 598.8495 598.8615 598.875 598.8915 598.8945 598.9185 598.9215 598.9505 598.9895 598.997 599.0315 599.0485 599.096 599.1055 599.143 599.1635 599.2105 599.2365 599.2575 599.302 599.312 599.3835
600.008 599.989 599.986 599.9625 599.9455 599.937 599.9145 599.871 599.8655 599.815 599.764 599.756 599.747 599.6865 599.658 599.646 599.601 599.559 599.53 599.4605 599.4245 599.3865 599.369 599.299 599.262 599.2355 599.1715 599.153 599.1215 599.085 599.044 599.027 598.9935 598.9675 598.9405 598.9125 598.8915 598.872 598.8534 598.8378 598.8287 598.8286 598.825 598.8345 598.8455 598.862 598.865 598.8715 598.899 598.9185 598.9305 598.9655 598.973 599.01 599.0575 599.0775 599.107 599.1285 599.1795 599.2165 599.2275 599.249 599.308 599.318
600.0725 600.035 600.032 599.989 599.9855 599.9645 599.9375 599.9189 599.888 599.8824 599.8315 599.824 599.765 599.756 599.6945 599.6835 599.6125 599.5995 599.542 599.465 599.4485 599.4115 599.353 599.3345 599.2765 599.258 599.2125 599.1485 599.1225 599.061 599.043 599.0145 598.9815 598.946 598.9315 598.9034 598.872 598.8595 598.8425 598.8245 598.8085 598.8035 598.8021 598.8011 598.8101 598.8187 598.8265 598.845 598.873 598.8785 598.9055 598.921 598.9585 598.9795 598.999 599.0405 599.051 599.092 599.1145 599.166 599.195 599.245 599.256 599.291
600.268 600.1035 600.1005 600.0195 600.0195 600.0125 600.005 599.942 599.916 599.9105 599.8985 599.87 599.7889 599.7889 599.77 599.727 599.632 599.632 599.603 599.4771 599.4771 599.4425 599.357 599.3385 599.2805 599.262 599.222 599.184 599.1185 599.0755 599.057 599.022 598.982 598.934 598.9195 598.892 598.8605 598.8485 598.828 598.8149 598.8 598.792 598.793 598.789 598.786 598.7872 598.7989 598.8096 598.8358 598.8513 598.868 598.884 598.914 598.967 598.977 599.0195 599.031 599.054 599.087 599.11 599.1715 599.2105 599.2225 599.244
600.4666 600.302 600.135 600.094 600.092 600.0446 600.0415 599.997 599.989 599.933 599.9275 599.9 599.87 599.8044 599.796 599.7535 599.7175 599.651 599.6375 599.558 599.541 599.472 599.3895 599.3715 599.2845 599.245 599.2265 599.1885 599.128 599.1095 599.0535 599.0355 598.995 598.9405 598.9265 598.8925 598.8665 598.8295 598.8145 598.8065 598.792 598.779 598.779 598.7725 598.7725 598.7715 598.7805 598.794 598.802 598.816 598.8393 598.8611 598.9002 598.9199 598.942 598.976 598.999 599.035 599.0685 599.092 599.1245 599.157 599.2005 599.2115
600.5367 600.4645 600.2975 600.296 600.294 600.1655 600.078 600.0755 600.0675 600.013 599.9625 599.957 599.9435 599.886 599.8275 599.754 599.718 599.705 599.664 599.622 599.5085 599.4926 599.448 599.4125 599.366 599.279 599.2605 599.207 599.1325 599.1145 599.0585 599.041 599.0045 598.972 598.938 598.904 598.878 598.8405 598.819 598.811 598.792 598.7805 598.7685 598.767 598.767 598.7665 598.769 598.777 598.785 598.811 598.835 598.85 598.8595 598.889 598.9136 598.943 598.9895 599.0225 599.047 599.071 599.1075 599.14 599.1635 599.195
600.8185 600.6761 600.5674 600.462 600.4605 600.376 600.2885 600.2855 600.107 600.104 600.0495 599.993 599.93 599.9245 599.8615 599.8535 599.788 599.7045 599.6915 599.6505 599.606 599.5295 599.4965 599.4145 599.359 599.3405 599.2925 599.24 599.1515 599.1335 599.0645 599.047 599.011 598.9795 598.9455 598.914 598.888 598.865 598.8435 598.8195 598.8 598.7875 598.7715 598.77 598.764 598.765 598.766 598.774 598.783 598.8015 598.8094 598.8245 598.842 598.8695 598.89 598.932 598.9443 598.9796 599.0135 599.0508 599.0789 599.1085 599.1435 599.189
601.1004 600.9811 600.8795 600.7742 600.6688 600.5659 600.458 600.457 600.2785 600.278 600.2745 600.088 600.0315 600 599.958 599.895 599.884 599.812 599.7275 599.649 599.6055 599.5905 599.4625 599.4455 599.3905 599.3335 599.2865 599.2375 599.2195 599.1665 599.1315 599.0635 599.031 598.9995 598.9705 598.927 598.8975 598.8745 598.84 598.823 598.8165 598.798 598.789 598.7825 598.772 598.7685 598.772 598.776 598.783 598.801 598.8075 598.833 598.851 598.861 598.882 598.915 598.947 598.959 599.0045 599.017 599.0427 599.0787 599.1099 599.1494
601.3822 601.2971 601.1917 601.0863 600.9867 600.8857 600.7778 600.6699 600.5363 600.454 600.453 600.2665 600.0735 600.042 600.0055 600.0015 599.928 599.856 599.844 599.6865 599.6735 599.6585 599.4935 599.4935 599.46 599.358 599.311 599.262 599.2445 599.197 599.162 599.128 599.0485 599.033 599.0035 598.96 598.9345 598.912 598.8755 598.8585 598.844 598.8055 598.802 598.797 598.7865 598.786 598.781 598.7825 598.7895 598.8025 598.8085 598.8235 598.8415 598.8715 598.8825 598.9155 598.9385 598.9505 598.9745 598.999 599.0235 599.078 599.0905 599.1145
601.6975 601.6092 601.5038 601.3984 601.3105 601.2055 601.0975 600.9927 600.86 600.697 600.5338 600.4515 600.2585 600.258 600.2535 600.0525 600.0155 599.8915 599.8915 599.8125 599.727 599.714 599.616 599.6 599.5105 599.453 599.3495 599.2885 599.2405 599.2235 599.19 599.1575 599.1105 599.0655 599.0365 599.009 598.9835 598.944 598.907 598.8895 598.874 598.847 598.8375 598.8175 598.8025 598.795 598.797 598.8025 598.7985 598.8044 598.817 598.823 598.8405 598.87 598.8805 598.9165 598.928 598.9515 598.9755 599.012 599.0365 599.0485 599.0725 599.0959
602.0153 601.9213 601.816 601.7164 601.6332 601.5253 601.4174 601.3225 601.1838 601.0207 600.8575 600.6945 600.5378 600.449 600.448 600.247 600.0345 600.0284 599.862 599.862 599.816 599.7275 599.673 599.645 599.5175 599.462 599.446 599.3865 599.3095 599.265 599.232 599.156 599.1405 599.0959 599.068 599.0415 599.0175 598.968 598.959 598.945 598.933 598.898 598.864 598.86 598.8415 598.8285 598.8295 598.8155 598.819 598.8215 598.8345 598.8395 598.8485 598.8685 598.878 598.9005 598.936 598.948 598.9735 598.9975 599.036 599.0485 599.0725 599.095
602.3332 602.2335 602.1281 602.0401 601.953 601.845 601.7371 601.6524 601.5076 601.3445 601.1813 601.0267 600.8875 600.7114 600.5353 600.4465 600.234 600.2335 600.1475 599.924 599.83 599.819 599.77 599.6165 599.6025 599.55 599.455 599.4395 599.365 599.349 599.289 599.258 599.184 599.1405 599.113 599.0875 599.0635 599.0425 599.0235 599.0085 598.967 598.963 598.93 598.898 598.8955 598.8735 598.8575 598.8585 598.8465 598.851 598.8505 598.8575 598.8655 598.884 598.905 598.907 598.929 598.9555 598.9675 598.993 599.0165 599.0545 599.066 599.089
602.651 602.5457 602.446 602.3639 602.2728 602.1649 602.066 601.9822 601.8314 601.6682 601.5051 601.3717 601.2371 601.061 600.8849 600.7089 600.4998 600.444 600.4425 600.219 599.895 599.895 599.8765 599.6755 599.6755 599.649 599.505 599.4895 599.417 599.403 599.3455 599.3155 599.287 599.1855 599.172 599.147 599.123 599.1021 599.0825 599.0675 599.0215 599.0145 599.0035 598.995 598.963 598.9125 598.8965 598.8965 598.9015 598.891 598.8775 598.8775 598.893 598.9015 598.92 598.934 598.945 598.9715 598.9825 599.0055 599.028 599.044 599.0665 599.086
602.9631 602.8578 602.7698 602.6876 602.5925 602.4846 602.3959 602.3121 602.1551 601.992 601.8331 601.7264 601.5867 601.4107 601.2346 601.0475 600.8274 600.6073 600.442 600.441 600.211 599.967 599.9595 599.8495 599.7395 599.623 599.611 599.557 599.4725 599.4165 599.403 599.3745 599.3475 599.277 599.264 599.2415 599.224 599.208 599.1885 599.1331 599.117 599.104 599.053 599.0185 599.016 598.9845 598.9585 598.9595 598.9365 598.925 598.909 598.9155 598.911 598.918 598.9355 598.957 598.968 598.9815 599.0031 599.03 599.0455 599.0565 599.0725 599.086
603.2753 603.1757 603.0935 603.0114 602.9124 602.8094 602.7257 602.642 602.4789 602.3157 602.1781 602.0906 601.9364 601.7603 601.5842 601.3752 601.155 600.9349 600.7148 600.5443 600.439 600.195 600.073 600.0649 599.873 599.763 599.692 599.6801 599.556 599.5435 599.475 599.449 599.4225 599.399 599.375 599.3535 599.3375 599.3235 599.3094 599.2475 599.1935 599.18 599.1685 599.123 599.115 599.111 599.0375 598.9885 598.965 598.9525 598.947 598.9425 598.9555 598.945 598.962 598.972 598.9845 598.9945 599.0155 599.042 599.052 599.072 599.0925 599.1025
603.5875 603.4995 603.4173 603.3351 603.2321 603.1393 603.0556 602.9658 602.8026 602.6395 602.5231 602.4549 602.2861 602.11 601.9229 601.7028 601.4827 601.2626 601.1039 600.9606 600.751 600.4375 600.3155 600.178 599.9125 599.8535 599.8365 599.7145 599.704 599.6795 599.6075 599.5395 599.5155 599.493 599.4705 599.45 599.4305 599.4146 599.3455 599.3305 599.324 599.3105 599.253 599.243 599.186 599.1825 599.108 599.1085 599.0415 599.0205 599.0115 599.0175 598.9926 598.9995 598.9975 599.014 599.0155 599.0245 599.0435 599.063 599.083 599.091 599.11 599.1281
