samples/sfe_95/sfe_95_v2/sfe_95_v2/sfe_95_v2.asc
ncols         647
nrows         184
xllcorner     100
yllcorner     8
cellsize      1
NODATA_value  -9999
[rows 28 to 55 of 184, columns 192 to 255 of 647]
610.6493 610.6538 610.6584 610.6593 610.6609 610.6655 610.6702 610.6715 610.6722 610.6767 610.6812 610.6826 610.6815 610.687 610.693 610.6936 610.6968 610.7 610.7032 610.7028 610.7017 610.7004 610.7059 610.7115 610.7171 610.7227 610.7214 610.7206 610.726 610.7304 610.7323 610.7352 610.738 610.7383 610.7369 610.7355 610.7396 610.7447 610.7436 610.7442 610.7491 610.7515 610.7549 610.7584 610.7582 610.7572 610.7604 610.7639 610.7637 610.7628 610.7656 610.7689 610.7689 610.7676 610.7679 610.7711 610.7737 610.7725 610.7712 610.7744 610.778 610.7787 610.781 610.7832
610.6251 610.6296 610.6342 610.6346 610.6373 610.6419 610.6465 610.6474 610.6492 610.6537 610.6582 610.6591 610.6589 610.6649 610.671 610.6714 610.6746 610.6779 610.6811 610.6804 610.6792 610.6794 610.6851 610.6907 610.6963 610.7014 610.7001 610.7004 610.7058 610.7095 610.712 610.7148 610.7177 610.7178 610.7164 610.7152 610.7203 610.7247 610.7234 610.7254 610.7303 610.7325 610.736 610.7395 610.739 610.7385 610.7419 610.7452 610.7449 610.744 610.7473 610.7506 610.7504 610.749 610.7501 610.7532 610.7555 610.7542 610.7531 610.7572 610.76 610.7614 610.7637 610.7657
610.6009 610.6055 610.61 610.6099 610.6137 610.6183 610.623 610.6233 610.6261 610.6306 610.6351 610.6356 610.6368 610.6429 610.6485 610.6492 610.6525 610.6557 610.6589 610.6581 610.6567 610.6586 610.6642 610.6699 610.6755 610.6801 610.6787 610.6804 610.6857 610.6888 610.6917 610.6945 610.6974 610.6972 610.6959 610.6959 610.701 610.7047 610.7032 610.7065 610.7115 610.7136 610.717 610.7206 610.7197 610.7199 610.7233 610.7267 610.726 610.7258 610.7291 610.7324 610.7318 610.7304 610.7322 610.7355 610.7373 610.7358 610.7357 610.7401 610.742 610.744 610.7463 610.7481
610.5767 610.5813 610.5858 610.5854 610.5901 610.5947 610.5994 610.5992 610.6031 610.6076 610.6121 610.6122 610.6147 610.6208 610.6255 610.6271 610.6303 610.6335 610.6367 610.6357 610.6345 610.6378 610.6434 610.649 610.6547 610.6586 610.6573 610.6603 610.6656 610.6685 610.6713 610.6742 610.6771 610.6766 610.6754 610.6766 610.6816 610.6846 610.6832 610.6877 610.6926 610.6946 610.6981 610.7016 610.7004 610.7013 610.7047 610.7081 610.707 610.7075 610.7108 610.7142 610.7133 610.7119 610.7144 610.7177 610.7191 610.7177 610.7184 610.7228 610.7243 610.7266 610.7289 610.7306
610.5526 610.5571 610.5616 610.5619 610.5665 610.5712 610.5758 610.5756 610.5801 610.5846 610.5891 610.5888 610.5927 610.5987 610.6025 610.6049 610.6081 610.6113 610.6146 610.6134 610.6121 610.617 610.6226 610.6282 610.6338 610.6372 610.6358 610.6401 610.6455 610.6481 610.6509 610.6538 610.6567 610.6561 610.6547 610.6572 610.6624 610.6645 610.6639 610.6689 610.6735 610.6757 610.6792 610.6824 610.6811 610.6827 610.6861 610.6895 610.6881 610.6893 610.6926 610.6959 610.6948 610.6934 610.6966 610.6998 610.7009 610.6995 610.7013 610.7057 610.707 610.7092 610.7115 610.713
610.5284 610.5329 610.5374 610.5383 610.5429 610.5475 610.5522 610.5525 610.557 610.5615 610.566 610.5654 610.5706 610.5767 610.5797 610.5827 610.5859 610.5892 610.5923 610.5911 610.5906 610.5962 610.6018 610.6074 610.613 610.6157 610.6147 610.6201 610.6254 610.6277 610.6306 610.6335 610.6364 610.6355 610.6342 610.6379 610.643 610.6445 610.6451 610.6501 610.6539 610.6567 610.6602 610.663 610.6618 610.6641 610.6675 610.6705 610.6693 610.6711 610.6744 610.6775 610.6762 610.6756 610.6788 610.682 610.6827 610.6813 610.6841 610.6885 610.6896 610.6918 610.6942 610.6954
610.5042 610.5087 610.5128 610.5147 610.5193 610.524 610.5285 610.5295 610.534 610.5385 610.543 610.5425 610.5486 610.5546 610.5573 610.5605 610.5638 610.567 610.5699 610.5687 610.5698 610.5754 610.581 610.5865 610.5922 610.5942 610.5946 610.6 610.6053 610.6074 610.6103 610.6132 610.616 610.615 610.6137 610.6186 610.6237 610.6243 610.6263 610.6312 610.6343 610.6378 610.6413 610.6437 610.6425 610.6456 610.6489 610.6515 610.6503 610.6528 610.6561 610.6589 610.6576 610.6578 610.661 610.6642 610.6645 610.6631 610.6669 610.6713 610.6722 610.6745 610.6768 610.6779
610.48 610.4846 610.4882 610.4911 610.4957 610.5004 610.5045 610.5065 610.5109 610.5154 610.5198 610.5204 610.5265 610.5325 610.5352 610.5384 610.5416 610.5448 610.5475 610.5462 610.549 610.5546 610.5602 610.5657 610.5714 610.5729 610.5745 610.5798 610.585 610.5871 610.59 610.5928 610.5957 610.5945 610.5942 610.5993 610.6044 610.6041 610.6075 610.6124 610.6154 610.6188 610.6224 610.6243 610.6236 610.627 610.6304 610.6325 610.6314 610.6346 610.6379 610.6403 610.6389 610.64 610.6432 610.6464 610.6462 610.6453 610.6497 610.654 610.6548 610.6571 610.6594 610.6603
610.4558 610.4604 610.4635 610.4675 610.4722 610.4768 610.4805 610.4834 610.4879 610.4924 610.4963 610.4984 610.5045 610.5104 610.513 610.5162 610.5194 610.5226 610.5252 610.5239 610.5281 610.5338 610.5393 610.5449 610.5505 610.5515 610.5544 610.5598 610.5641 610.5668 610.5696 610.5725 610.5753 610.574 610.5749 610.58 610.5851 610.584 610.5886 610.5936 610.5964 610.5999 610.6034 610.605 610.605 610.6084 610.6118 610.6135 610.613 610.6163 610.6196 610.6216 610.6202 610.6221 610.6254 610.6285 610.6279 610.6282 610.6325 610.636 610.6375 610.6397 610.642 610.6428
610.4316 610.4362 610.4393 610.4439 610.4485 610.4532 610.4564 610.4604 610.4649 610.4694 610.4728 610.4763 610.4824 610.4884 610.4908 610.494 610.4973 610.5005 610.5028 610.5017 610.5073 610.5129 610.5185 610.5241 610.5297 610.5301 610.5343 610.5397 610.5435 610.5464 610.5493 610.5521 610.5547 610.5535 610.5555 610.5607 610.5652 610.5649 610.5698 610.5748 610.5775 610.581 610.5845 610.5858 610.5864 610.5898 610.5932 610.5946 610.5948 610.5981 610.6014 610.603 610.6017 610.6044 610.6075 610.6107 610.6096 610.611 610.6154 610.618 610.6201 610.6224 610.6246 610.6252
610.4075 610.412 610.4157 610.4203 610.425 610.4296 610.4328 610.4373 610.4418 610.4464 610.4494 610.4543 610.4603 610.4663 610.4686 610.4719 610.4751 610.4783 610.4803 610.4809 610.4865 610.4921 610.4977 610.5033 610.5089 610.5088 610.5142 610.5195 610.5232 610.5261 610.5289 610.5318 610.5343 610.533 610.5363 610.5413 610.5452 610.546 610.551 610.5559 610.5585 610.562 610.5656 610.5665 610.5678 610.5712 610.5746 610.5757 610.5765 610.5798 610.5831 610.5845 610.5833 610.5865 610.5897 610.5927 610.5914 610.5938 610.5981 610.6004 610.6027 610.605 610.6072 610.6077
610.3832 610.3878 610.3921 610.3967 610.4014 610.4061 610.4098 610.4143 610.4188 610.4233 610.4261 610.4322 610.4382 610.4435 610.4465 610.4497 610.4529 610.4561 610.458 610.4601 610.4656 610.4713 610.4769 610.4825 610.4881 610.4887 610.4941 610.4995 610.5029 610.5057 610.5086 610.5115 610.5138 610.5124 610.517 610.522 610.5251 610.5272 610.5322 610.5369 610.5396 610.5431 610.5466 610.5472 610.5493 610.5526 610.556 610.5568 610.5583 610.5616 610.5649 610.5659 610.5655 610.5687 610.5719 610.5745 610.5732 610.5766 610.581 610.583 610.5853 610.5876 610.5898 610.5901
610.337 610.379 610.3775 610.3765 610.3778 610.3824 610.3868 610.3912 610.3958 610.4003 610.4041 610.4102 610.4161 610.4211 610.4243 610.4275 610.4307 610.434 610.4357 610.4393 610.4448 610.4504 610.4561 610.4617 610.4671 610.4686 610.474 610.4794 610.4825 610.4854 610.4883 610.4911 610.4933 610.4926 610.4976 610.5027 610.5049 610.5084 610.5133 610.5173 610.5206 610.5242 610.5276 610.5279 610.5306 610.5341 610.5374 610.5379 610.54 610.5434 610.5467 610.5474 610.5477 610.5509 610.5541 610.5563 610.555 610.5594 610.5638 610.5657 610.5679 610.5702 610.5725 610.5726
609.997 610.081 610.165 610.2508 610.3333 610.374 610.3725 610.371 610.3727 610.3773 610.382 610.3881 610.3941 610.3989 610.4021 610.4053 610.4086 610.4118 610.4133 610.4184 610.424 610.4296 610.4352 610.4409 610.4457 610.4485 610.4539 610.4592 610.4622 610.465 610.4679 610.4708 610.4728 610.4732 610.4783 610.4834 610.4848 610.4896 610.4945 610.4982 610.5017 610.5052 610.5087 610.5087 610.5121 610.5154 610.5189 610.519 610.5218 610.5251 610.5284 610.5288 610.5299 610.5331 610.5363 610.5381 610.5378 610.5422 610.5466 610.5483 610.5505 610.5529 610.5551 610.5551
609.657 609.741 609.825 609.9158 609.9984 610.0808 610.1633 610.2476 610.3289 610.369 610.3675 610.366 610.372 610.3767 610.3799 610.3832 610.3864 610.3896 610.392 610.3976 610.4032 610.4088 610.4144 610.42 610.4243 610.4284 610.4338 610.4391 610.4418 610.4447 610.4476 610.4504 610.4522 610.4539 610.459 610.4641 610.4658 610.4707 610.4756 610.4792 610.4828 610.4863 610.4897 610.4901 610.4935 610.4969 610.5002 610.5002 610.5036 610.5069 610.5102 610.5101 610.5121 610.5153 610.5185 610.5198 610.5206 610.525 610.5294 610.5309 610.5332 610.5355 610.5377 610.5374
609.317 609.401 609.4934 609.5809 609.6634 609.7458 609.8308 609.9177 609.9989 610.0801 610.1614 610.258 610.365 610.3635 610.3625 610.361 610.3642 610.3674 610.3712 610.3768 610.3824 610.388 610.3936 610.3992 610.4029 610.4083 610.4137 610.4187 610.4215 610.4244 610.4272 610.4301 610.4317 610.4346 610.4397 610.4448 610.447 610.4519 610.4568 610.4603 610.4638 610.4673 610.4708 610.4715 610.4749 610.4783 610.4817 610.4821 610.4854 610.4886 610.4919 610.4915 610.4943 610.4974 610.5007 610.5015 610.5034 610.5078 610.512 610.5135 610.5158 610.5181 610.5204 610.5198
608.977 609.061 609.1618 609.246 609.3284 609.4109 609.5057 609.5877 609.6689 609.7502 609.8315 609.933 610.04 610.147 610.1899 610.2377 610.3189 610.359 610.3575 610.356 610.3616 610.3672 610.3728 610.3784 610.3828 610.3882 610.3936 610.3983 610.4012 610.4041 610.4069 610.4098 610.4112 610.4153 610.4203 610.4255 610.4282 610.433 610.438 610.4414 610.4449 610.4484 610.4519 610.4529 610.4563 610.4597 610.4631 610.4638 610.4671 610.4704 610.4737 610.4733 610.4764 610.4796 610.4828 610.4833 610.4863 610.4907 610.494 610.4962 610.4984 610.5007 610.503 610.5021
608.637 608.721 608.8286 608.911 608.9935 609.076 609.1765 609.2578 609.339 609.4202 609.5018 609.608 609.715 609.8195 609.8446 609.9078 609.9891 610.0703 610.1515 610.2816 610.3545 610.3535 610.352 610.3576 610.3627 610.3681 610.3735 610.3779 610.3808 610.3837 610.3866 610.3895 610.3909 610.3959 610.4011 610.4057 610.4093 610.4142 610.4192 610.4224 610.426 610.4294 610.4326 610.4343 610.4377 610.4411 610.4445 610.4456 610.4489 610.4521 610.4554 610.4554 610.4586 610.4619 610.465 610.4651 610.4691 610.4734 610.4765 610.4788 610.481 610.4833 610.4856 610.4846
608.297 608.3894 608.4936 608.5761 608.6586 608.7484 608.8466 608.9279 609.009 609.0903 609.176 609.283 609.39 609.4847 609.4994 609.578 609.6592 609.7404 609.835 609.9828 610.1307 610.2297 610.3109 610.351 610.3495 610.348 610.3534 610.3576 610.3605 610.3633 610.3662 610.3691 610.3715 610.3766 610.3817 610.3856 610.3905 610.3954 610.4003 610.4035 610.407 610.4105 610.4133 610.4158 610.4191 610.4225 610.4255 610.4273 610.4306 610.4339 610.4372 610.4376 610.4408 610.444 610.4472 610.4475 610.4519 610.4563 610.4591 610.4614 610.4637 610.4659 610.4682 610.4671
607.957 608.0578 608.1587 608.2411 608.3236 608.4233 608.5166 608.5979 608.6791 608.7606 608.851 608.958 609.065 609.1499 609.167 609.2482 609.3294 609.4106 609.5363 609.6841 609.8185 609.8998 609.981 610.0622 610.1434 610.2421 610.347 610.3455 610.3445 610.343 610.3459 610.3488 610.3522 610.3573 610.3624 610.3667 610.3716 610.3766 610.381 610.3846 610.3881 610.3915 610.394 610.3972 610.4006 610.4039 610.4066 610.4091 610.4124 610.4157 610.4185 610.4198 610.423 610.4262 610.4294 610.4303 610.4347 610.4391 610.4417 610.444 610.4463 610.4485 610.4507 610.4494
607.617 607.7262 607.8237 607.9062 607.9911 608.0982 608.1866 608.2679 608.3492 608.4308 608.526 608.633 608.7326 608.8099 608.8372 608.9183 608.9996 609.0897 609.2375 609.3853 609.4886 609.5699 609.6511 609.7323 609.8183 609.9232 610.0281 610.1331 610.1719 610.2197 610.3009 610.341 610.3395 610.338 610.3431 610.3479 610.3528 610.3577 610.3621 610.3656 610.3691 610.3726 610.3752 610.3786 610.382 610.3854 610.3877 610.3908 610.3942 610.3975 610.4 610.402 610.4052 610.4084 610.4116 610.4131 610.4175 610.4219 610.4244 610.4266 610.4289 610.4312 610.4332 610.432
607.2854 607.3946 607.4888 607.5713 607.666 607.7731 607.8567 607.938 608.0194 608.1011 608.201 608.308 608.3978 608.4646 608.5073 608.5885 608.6697 608.7909 608.9388 609.0775 609.1588 609.24 609.3212 609.4024 609.4995 609.6044 609.7094 609.8095 609.8266 609.8898 609.9711 610.0522 610.1335 610.2341 610.337 610.3355 610.334 610.3389 610.3432 610.3467 610.3502 610.3537 610.3566 610.36 610.3634 610.3668 610.3693 610.3726 610.3759 610.3792 610.3814 610.3842 610.3874 610.3906 610.3934 610.3959 610.4003 610.4047 610.407 610.4092 610.4116 610.4138 610.4156 610.4155
606.9538 607.063 607.1539 607.2363 607.3409 607.4455 607.5267 607.608 607.6897 607.7714 607.876 607.9805 608.063 608.1194 608.1775 608.2587 608.3443 608.4922 608.6399 608.7476 608.8289 608.9101 608.9913 609.0757 609.1806 609.2856 609.3905 609.4796 609.4814 609.56 609.6412 609.7224 609.8169 609.9212 610.0242 610.1271 610.2281 610.333 610.3315 610.3304 610.3312 610.3347 610.338 610.3414 610.3448 610.3482 610.351 610.3544 610.3577 610.361 610.3632 610.3663 610.3696 610.3727 610.3752 610.3787 610.3831 610.3875 610.3896 610.3919 610.3942 610.3964 610.3981 610.399
606.6222 606.7314 606.8189 606.9088 607.0158 607.1156 607.1968 607.2783 607.3599 607.444 607.551 607.6457 607.7281 607.7741 607.8477 607.9288 608.0456 608.1934 608.3365 608.4177 608.499 608.5802 608.6614 608.7568 608.8618 608.9667 609.0685 609.137 609.149 609.2302 609.3114 609.3926 609.5054 609.6084 609.7114 609.8074 609.9092 610.0142 610.1191 610.2067 610.2879 610.328 610.3265 610.325 610.3262 610.3296 610.3328 610.3361 610.3394 610.3427 610.3453 610.3485 610.3517 610.3549 610.3572 610.3616 610.366 610.37 610.3723 610.3745 610.3768 610.3791 610.3805 610.3825
606.2906 606.3998 606.4839 606.5836 606.6907 606.7856 606.8668 606.9485 607.0302 607.119 607.226 607.3109 607.3934 607.4366 607.5178 607.599 607.7469 607.8945 608.0066 608.0878 608.1691 608.2503 608.3331 608.438 608.543 608.6479 608.7386 608.7919 608.8192 608.9003 608.9816 609.0716 609.1926 609.2956 609.3985 609.4855 609.5904 609.6954 609.7955 609.8768 609.958 610.0392 610.1204 610.2017 610.2828 610.323 610.3215 610.32 610.3212 610.3245 610.3275 610.3307 610.3339 610.3372 610.34 610.3444 610.3488 610.3525 610.3549 610.3571 610.3594 610.3617 610.3629 610.366
605.959 606.0665 606.1515 606.2585 606.3655 606.4557 606.537 606.6188 606.7004 606.794 606.8936 606.9761 607.0585 607.1068 607.1879 607.3003 607.448 607.5955 607.6767 607.7579 607.8392 607.9204 608.0143 608.1192 608.2241 608.3275 608.4087 608.4466 608.4893 608.5705 608.6517 608.7726 608.8798 608.9827 609.0773 609.1666 609.2716 609.3765 609.4656 609.5469 609.6281 609.7093 609.7905 609.8717 609.9529 610.0342 610.1154 610.1966 610.2778 610.318 610.3165 610.315 610.3161 610.3193 610.3228 610.3272 610.3315 610.3352 610.3375 610.3397 610.342 610.3443 610.3453 610.3495
605.6274 605.7316 605.8264 605.9334 606.0404 606.1257 606.2073 606.289 606.3707 606.469 606.5588 606.6413 606.7237 606.7769 606.8581 607.0015 607.149 607.2656 607.3468 607.428 607.5093 607.5905 607.6954 607.8004 607.9053 607.9976 608.0788 608.1014 608.1595 608.2407 608.3263 608.464 608.567 608.6699 608.7523 608.8478 608.9528 609.0545 609.1357 609.217 609.2982 609.3794 609.4605 609.5417 609.6229 609.7042 609.7854 609.8667 609.9479 610.0291 610.1104 610.1917 610.2729 610.3125 610.3115 610.31 610.3144 610.3178 610.3201 610.3224 610.3246 610.3269 610.3289 610.333
605.2958 605.3967 605.5013 605.6083 605.7145 605.7959 605.8776 605.9593 606.041 606.1415 606.224 606.3065 606.3889 606.4471 606.5549 606.7026 606.85 606.9357 607.0169 607.0981 607.1794 607.2717 607.3766 607.4816 607.5865 607.6677 607.7489 607.7561 607.8297 607.9108 608.0273 608.1512 608.2542 608.3472 608.4272 608.529 608.6339 608.7246 608.8058 608.8871 608.9683 609.0495 609.1306 609.2118 609.293 609.3743 609.4554 609.5367 609.6179 609.6992 609.7805 609.8617 609.9429 610.0242 610.1054 610.202 610.309 610.3075 610.306 610.305 610.3073 610.3096 610.3123 610.3165
