samples/sfe_316/sfe_316_v6/sfe_316_v6/sfe_316_v6.asc
ncols         184
nrows         75
xllcorner     96.199999999255
yllcorner     62.60000000149
cellsize      1
NODATA_value  -9999
[rows 0 to 27 of 75, columns 64 to 127 of 184]
609.0934 609.0716 609.0491 609.0268 609.0048 608.9824 608.9604 608.938 608.9156 608.8936 608.8718 608.8497 608.8274 608.8048 608.7836 608.7611 608.7391 608.7172 608.6947 608.6733 608.6508 608.6287 608.6069 608.5843 608.563 608.5406 608.519 608.4963 608.4746 608.4531 608.4305 608.4089 608.387 608.3644 608.3427 608.3208 608.2988 608.2766 608.2545 608.2329 608.2103 608.1886 608.1666 608.1444 608.1223 608.1003 608.0786 608.0562 608.0342 608.0124 607.9901 607.9683 607.9461 607.9235 607.9018 607.8797 607.8579 607.8354 607.8134 607.7916 607.7689 607.7473 607.725 607.7026
608.9935 608.972 608.9495 608.9277 608.9056 608.8838 608.8617 608.8398 608.8174 608.7969 608.7759 608.7538 608.732 608.7094 608.6904 608.668 608.646 608.6262 608.6039 608.5845 608.5618 608.5408 608.5201 608.4984 608.478 608.4566 608.4357 608.4139 608.3931 608.3732 608.3506 608.3302 608.3101 608.2874 608.267 608.2467 608.2248 608.2036 608.1829 608.1626 608.1404 608.1193 608.0984 608.0773 608.0554 608.0351 608.0134 607.9919 607.9713 607.9504 607.9285 607.9076 607.8865 607.8638 607.8431 607.8218 607.8007 607.7789 607.7581 607.7366 607.7145 607.6932 607.671 607.6498
608.8935 608.8724 608.8499 608.8286 608.8066 608.7852 608.763 608.7416 608.7194 608.701 608.68 608.658 608.6366 608.6143 608.5972 608.575 608.5527 608.5351 608.5127 608.4955 608.4728 608.4539 608.4333 608.4135 608.393 608.3732 608.3522 608.3323 608.3113 608.2934 608.271 608.2518 608.2332 608.2107 608.1916 608.1727 608.1505 608.1309 608.1111 608.0923 608.0716 608.0502 608.0299 608.0103 607.9886 607.9705 607.948 607.928 607.9081 607.8881 607.8674 607.8472 607.8268 607.8043 607.7847 607.7636 607.7431 607.7227 607.7031 607.6812 607.6603 607.6396 607.6176 607.5974
608.7935 608.7728 608.7503 608.7295 608.7075 608.6866 608.6643 608.6434 608.6211 608.6052 608.5841 608.5621 608.5412 608.5192 608.504 608.4819 608.4618 608.4441 608.4215 608.4067 608.384 608.3671 608.3464 608.3287 608.3081 608.2897 608.2686 608.2508 608.2297 608.2136 608.1909 608.1735 608.1563 608.1341 608.1161 608.0986 608.0764 608.0579 608.0391 608.0218 608.0027 607.9807 607.9615 607.9435 607.9213 607.9053 607.8832 607.8652 607.845 607.8257 607.8062 607.7869 607.7669 607.7466 607.7275 607.7069 607.6871 607.6659 607.6482 607.6259 607.6058 607.5859 607.5652 607.545
608.6935 608.6732 608.6507 608.6304 608.6084 608.588 608.5656 608.5452 608.5228 608.5093 608.4882 608.4662 608.4458 608.4254 608.4109 608.3888 608.3708 608.353 608.3307 608.3178 608.2952 608.2803 608.2594 608.2439 608.2233 608.2063 608.1851 608.1693 608.1484 608.1337 608.1119 608.0949 608.0794 608.0574 608.0402 608.0246 608.0024 607.9852 607.9674 607.9512 607.9335 607.9122 607.8936 607.8767 607.8547 607.8401 607.8195 607.8026 607.7822 607.7639 607.7446 607.7261 607.707 607.689 607.6703 607.6504 607.6313 607.6102 607.5932 607.571 607.5511 607.5318 607.5122 607.4926
608.5934 608.5736 608.5511 608.5313 608.5093 608.4894 608.4669 608.447 608.4246 608.4134 608.3923 608.3703 608.3504 608.3322 608.3177 608.2957 608.2799 608.262 608.24 608.2289 608.2064 608.1935 608.1724 608.1591 608.1384 608.1229 608.1018 608.0877 608.0675 608.0539 608.0336 608.0163 608.0025 607.9803 607.9648 607.9506 607.929 607.9136 607.8959 607.8808 607.8643 607.8444 607.8267 607.8099 607.79 607.7748 607.7562 607.7399 607.7195 607.7016 607.6833 607.6656 607.6474 607.6308 607.6126 607.5936 607.5753 607.5552 607.538 607.5157 607.4977 607.478 607.46 607.4399
608.4935 608.4741 608.4517 608.4322 608.4102 608.3907 608.3682 608.3488 608.3266 608.3175 608.2966 608.2744 608.255 608.239 608.2245 608.2025 608.189 608.1711 608.1511 608.14 608.1174 608.1067 608.0856 608.0743 608.0534 608.0395 608.0183 608.0061 607.9877 607.974 607.9554 607.9379 607.9256 607.9041 607.8906 607.8765 607.857 607.8421 607.8243 607.8105 607.7952 607.7766 607.7597 607.7431 607.7256 607.7099 607.6929 607.6772 607.6564 607.6395 607.6223 607.6057 607.5879 607.5723 607.5545 607.5365 607.5189 607.5003 607.4828 607.4606 607.4443 607.4242 607.4078 607.3871
608.3935 608.3746 608.3522 608.3331 608.3111 608.292 608.2695 608.2506 608.2285 608.2216 608.2008 608.1786 608.1596 608.1458 608.1313 608.1093 608.098 608.0801 608.0622 608.0511 608.0284 608.0198 607.9988 607.9894 607.9684 607.9561 607.9349 607.9246 607.9078 607.8941 607.8771 607.8601 607.8488 607.8294 607.8165 607.8024 607.785 607.7705 607.7523 607.7401 607.7258 607.7089 607.6927 607.6761 607.6606 607.645 607.6296 607.6145 607.5945 607.5784 607.562 607.5461 607.528 607.5135 607.4966 607.4792 607.4624 607.4451 607.4277 607.4055 607.3909 607.3702 607.3555 607.3347
608.2935 608.2751 608.2526 608.2339 608.212 608.1933 608.1708 608.1524 608.1313 608.1257 608.105 608.0827 608.0642 608.0527 608.0381 608.0162 608.0071 607.9892 607.9733 607.9622 607.9396 607.933 607.9119 607.9047 607.8835 607.8726 607.8522 607.843 607.828 607.8142 607.7989 607.7833 607.772 607.7548 607.7425 607.7282 607.7131 607.699 607.6824 607.6697 607.6564 607.6411 607.6258 607.6091 607.5945 607.5797 607.5652 607.5519 607.5333 607.5179 607.5022 607.4866 607.4683 607.4548 607.4387 607.4219 607.4057 607.3894 607.3725 607.3516 607.3375 607.3163 607.3033 607.2819
608.1935 608.1757 608.1531 608.1349 608.1129 608.0946 608.0721 608.0542 608.0354 608.0298 608.0092 607.9868 607.9689 607.9595 607.945 607.9232 607.9161 607.8983 607.8845 607.8734 607.8524 607.8462 607.8263 607.8198 607.7994 607.7892 607.7707 607.7615 607.7482 607.7344 607.7206 607.7065 607.6952 607.6801 607.6685 607.6541 607.6411 607.6274 607.6125 607.5995 607.5873 607.5733 607.5588 607.5421 607.5297 607.5148 607.5012 607.4892 607.472 607.4573 607.4424 607.4271 607.4085 607.3961 607.3808 607.3649 607.3493 607.3334 607.3175 607.2984 607.2841 607.264 607.251 607.2307
607.8621 607.8446 607.8276 607.8094 607.7927 607.7745 607.7573 607.7979 607.881 607.8627 607.8442 607.8346 607.8824 607.8663 607.8518 607.8315 607.8252 607.8073 607.7956 607.7844 607.7656 607.7594 607.7415 607.735 607.716 607.7057 607.6891 607.6799 607.6683 607.6545 607.6423 607.6297 607.6184 607.6055 607.5944 607.5801 607.5692 607.5558 607.5425 607.5307 607.5181 607.5056 607.4919 607.4751 607.465 607.4496 607.437 607.4265 607.4107 607.3967 607.3828 607.3676 607.3495 607.3377 607.3228 607.3076 607.2928 607.278 607.2625 607.2452 607.2307 607.2122 607.1988 607.1801
606.991 606.9846 606.9747 606.9561 606.9567 606.948 606.9382 606.9904 607.0615 607.0604 607.0556 607.0591 607.1506 607.1639 607.1929 607.284 607.2733 607.3569 607.3918 607.4451 607.5013 607.5487 607.6078 607.6489 607.6375 607.6223 607.6075 607.5984 607.5885 607.575 607.5641 607.5529 607.5416 607.5308 607.5203 607.506 607.4971 607.4843 607.4726 607.4618 607.449 607.4378 607.4249 607.4099 607.4003 607.3859 607.3741 607.3637 607.3495 607.3361 607.323 607.3081 607.2919 607.2805 607.2663 607.2516 607.2366 607.2231 607.2075 607.192 607.1771 607.1603 607.1463 607.1295
606.1198 606.1311 606.1218 606.1072 606.1207 606.1283 606.1189 606.183 606.2415 606.2564 606.267 606.2836 606.3831 606.3904 606.4351 606.5288 606.5327 606.6164 606.6611 606.7296 606.7813 606.8487 606.9115 606.9602 607.0209 607.0826 607.1532 607.2164 607.2685 607.3308 607.4023 607.4516 607.4725 607.4562 607.4463 607.4328 607.4246 607.4127 607.4027 607.3929 607.3812 607.3695 607.358 607.3455 607.3357 607.3226 607.3115 607.3007 607.2882 607.2755 607.2632 607.2486 607.2342 607.2233 607.2097 607.1959 607.1816 607.1682 607.1523 607.1379 607.1234 607.1084 607.0936 607.0789
605.2488 605.2777 605.2689 605.2712 605.2848 605.3086 605.2995 605.3757 605.4372 605.4521 605.4784 605.5081 605.6118 605.6174 605.6773 605.7693 605.7922 605.901 605.9381 606.014 606.0722 606.1487 606.2154 606.2715 606.3436 606.4063 606.4879 606.5574 606.6152 606.6908 606.7597 606.8181 606.8779 606.9775 607.033 607.0936 607.1924 607.2604 607.3348 607.325 607.3134 607.302 607.291 607.281 607.2711 607.2593 607.2488 607.2377 607.2269 607.2149 607.2035 607.1891 607.1766 607.1661 607.1532 607.14 607.1266 607.1133 607.0972 607.0841 607.0695 607.0558 607.041 607.0274
604.3779 604.4243 604.416 604.4352 604.449 604.4889 604.4803 604.568 604.6335 604.6483 604.6896 604.7326 604.8401 604.8458 604.9196 605.0092 605.0517 605.1786 605.2254 605.2985 605.3793 605.4487 605.5193 605.5828 605.6672 605.7299 605.8225 605.9099 605.9619 606.0482 606.1171 606.1845 606.2546 606.3599 606.4112 606.4845 606.5849 606.65 606.7344 606.8191 606.8958 606.9746 607.0307 607.111 607.2084 607.196 607.1861 607.1754 607.1652 607.1538 607.1432 607.1296 607.1189 607.1089 607.0966 607.0842 607.0717 607.0583 607.0421 607.0307 607.0157 607.0036 606.9885 606.9764
603.5077 603.5708 603.5631 603.5991 603.613 603.6692 603.6648 603.7599 603.8299 603.8445 603.9009 603.9571 604.0685 604.0757 604.1811 604.2496 604.3112 604.4566 604.5127 604.5831 604.6806 604.7515 604.8275 604.8942 604.9908 605.0764 605.1572 605.2549 605.3087 605.4056 605.4876 605.551 605.6331 605.7409 605.7894 605.8754 605.9745 606.0426 606.1341 606.2236 606.3004 606.3828 606.4375 606.5367 606.6241 606.7125 606.7957 606.86 606.951 607.0433 607.089 607.0701 607.0612 607.0518 607.0401 607.0284 607.0167 607.0034 606.9884 606.9773 606.9623 606.9514 606.9358 606.9254
602.6371 602.7173 602.7103 602.7631 602.7773 602.8495 602.8574 602.9518 603.0263 603.0558 603.1124 603.1904 603.2969 603.318 603.4402 603.4918 603.604 603.7346 603.8 603.8796 603.9807 604.0698 604.1388 604.2316 604.3144 604.4175 604.4918 604.5931 604.6553 604.763 604.8599 604.9175 605.0115 605.1093 605.1677 605.2664 605.364 605.4482 605.5337 605.6281 605.7049 605.7896 605.8443 605.9624 606.0398 606.1368 606.2192 606.2903 606.3857 606.4787 606.5714 606.6298 606.7079 606.8014 606.8925 606.982 606.9618 606.9485 606.9352 606.9239 606.9105 606.8991 606.8851 606.8743
601.7657 601.864 601.8575 601.9271 601.9423 602.0298 602.05 602.1437 602.2227 602.2672 602.3237 602.426 602.5253 602.5602 602.6921 602.7465 602.8878 603.0125 603.0851 603.1808 603.2806 603.3854 603.4501 603.5638 603.6379 603.7568 603.8265 603.9398 604.0171 604.1204 604.2321 604.2839 604.3899 604.4875 604.5526 604.6604 604.7536 604.8516 604.9414 605.0327 605.1094 605.1964 605.2669 605.3797 605.4647 605.5615 605.6429 605.7206 605.8195 605.914 606.0058 606.0638 606.1478 606.2448 606.3351 606.4246 606.5134 606.5865 606.6552 606.7535 606.8296 606.848 606.8345 606.8233
600.9107 601.0105 601.0051 601.0911 601.1158 601.2101 601.2424 601.3357 601.419 601.4785 601.5391 601.6616 601.7536 601.8116 601.944 602.0059 602.1651 602.2852 602.3696 602.4821 602.5806 602.695 602.7615 602.8901 602.9615 603.096 603.1887 603.2865 603.382 603.4778 603.5932 603.658 603.7727 603.8658 603.9493 604.0594 604.1431 604.2513 604.351 604.4371 604.5229 604.6031 604.6927 604.7954 604.8933 604.9932 605.0665 605.1509 605.2532 605.3492 605.4398 605.4978 605.5914 605.6883 605.7803 605.8671 605.9557 606.0291 606.1088 606.1973 606.2814 606.3733 606.4557 606.5518
600.0573 600.157 600.1584 600.2551 600.2961 600.3904 600.4343 600.5265 600.6154 600.6899 600.7636 600.8939 600.982 601.0756 601.1958 601.294 601.4424 601.5525 601.6541 601.7643 601.8807 602.0046 602.0728 602.2164 602.3016 602.4326 602.5489 602.6332 602.7469 602.842 602.957 603.0419 603.1587 603.244 603.3403 603.4586 603.5386 603.6509 603.7604 603.8417 603.9408 604.0099 604.1183 604.2111 604.3176 604.4247 604.4903 604.5892 604.6877 604.7853 604.8738 604.9375 605.0381 605.131 605.2215 605.3096 605.4053 605.4717 605.5623 605.6412 605.7331 605.8145 605.9074 605.9931
599.8495 599.831 599.832 599.819 599.814 599.8037 599.7999 599.7885 599.8118 599.9012 599.9978 600.1223 600.2103 600.3395 600.4477 600.594 600.72 600.8287 600.9385 601.0714 601.1946 601.3143 601.3966 601.5427 601.6559 601.7673 601.899 601.9799 602.1118 602.2143 602.3235 602.4239 602.5446 602.6222 602.7311 602.8572 602.9443 603.0505 603.1694 603.2462 603.3586 603.4225 603.544 603.6334 603.7419 603.8499 603.9206 604.0284 604.1287 604.2281 604.3078 604.3774 604.4819 604.5736 604.6628 604.752 604.8522 604.9142 605.0125 605.085 605.1848 605.2557 605.3591 605.4344
599.7268 599.7093 599.7099 599.6982 599.6906 599.6803 599.6707 599.6694 599.6549 599.6512 599.6524 599.6579 599.6575 599.659 599.6995 599.8745 599.9979 600.116 600.2336 600.3785 600.5129 600.6239 600.7374 600.869 601.0037 601.1019 601.2492 601.3404 601.4767 601.5865 601.6899 601.8023 601.9306 602.0115 602.1289 602.2468 602.3499 602.4543 602.574 602.6534 602.7688 602.8483 602.9667 603.0629 603.1683 603.2736 603.3509 603.4633 603.5641 603.6708 603.7418 603.8172 603.9253 604.0162 604.1053 604.1943 604.2978 604.3568 604.4581 604.5289 604.6263 604.6969 604.8049 604.8757
599.604 599.5876 599.5871 599.5775 599.5671 599.5568 599.5432 599.5396 599.5128 599.5093 599.507 599.506 599.5066 599.5179 599.5204 599.5339 599.5378 599.559 599.552 599.6857 599.8311 599.9335 600.0781 600.1942 600.343 600.4556 600.5994 600.7053 600.8386 600.9587 601.0606 601.1856 601.3166 601.4083 601.528 601.6363 601.7556 601.8638 601.9785 602.0713 602.1756 602.2741 602.3824 602.4926 602.5999 602.6971 602.7884 602.897 602.9994 603.1106 603.1758 603.2616 603.3687 603.4651 603.5479 603.6401 603.7419 603.809 603.9019 603.9737 604.0674 604.148 604.2463 604.3192
599.4813 599.466 599.4639 599.4568 599.4437 599.4334 599.4158 599.4075 599.3707 599.3672 599.3615 599.354 599.3565 599.3605 599.3676 599.3657 599.3524 599.3628 599.3601 599.3895 599.4216 599.4323 599.463 599.5267 599.6823 599.8199 599.9496 600.0702 600.1965 600.3309 600.4445 600.5715 600.7 600.8051 600.927 601.0346 601.1613 601.2733 601.383 601.4891 601.5824 601.6998 601.802 601.9221 602.0314 602.1207 602.2275 602.3342 602.4396 602.5458 602.6098 602.7083 602.812 602.9106 602.9905 603.09 603.1844 603.2626 603.3457 603.4254 603.5087 603.5997 603.6876 603.7646
599.3585 599.3444 599.3405 599.3361 599.3204 599.31 599.2886 599.2755 599.2286 599.2253 599.2161 599.2021 599.207 599.2062 599.213 599.1975 599.1712 599.1665 599.1481 599.1652 599.1918 599.1968 599.2278 599.2463 599.2864 599.3395 599.3735 599.4351 599.5687 599.7031 599.8282 599.9575 600.0768 600.1983 600.326 600.4402 600.567 600.6828 600.7875 600.907 601.004 601.1256 601.2316 601.3471 601.463 601.5509 601.6667 601.7751 601.8823 601.9809 602.0468 602.1549 602.2546 602.3506 602.4329 602.54 602.627 602.7123 602.7895 602.8771 602.9499 603.0515 603.1288 603.2142
599.2358 599.2225 599.2178 599.2154 599.1971 599.1838 599.1614 599.1434 599.0958 599.0833 599.0707 599.0504 599.0557 599.0533 599.0598 599.0293 598.9901 598.9703 598.9379 598.9409 598.962 598.9612 598.9658 598.9695 599.0096 599.0554 599.0584 599.1026 599.1616 599.2167 599.289 599.3435 599.4704 599.5974 599.7251 599.8459 599.9672 600.0923 600.2018 600.3248 600.4297 600.5513 600.6612 600.775 600.8947 600.9875 601.1059 601.2143 601.3251 601.416 601.4866 601.6016 601.6998 601.7905 601.8752 601.9899 602.0696 602.1594 602.2333 602.3204 602.3911 602.4991 602.5701 602.6644
599.113 599.1003 599.0971 599.0947 599.0738 599.0566 599.0342 599.0114 598.9637 598.9385 598.9207 598.8986 598.9036 598.9005 598.9063 598.8611 598.8088 598.774 598.7277 598.7056 598.7305 598.7164 598.7042 598.6979 598.7329 598.7657 598.7349 598.7401 598.7993 598.8725 598.9666 599.0349 599.093 599.1527 599.1995 599.2516 599.3766 599.5018 599.6196 599.7427 599.8555 599.9706 600.0908 600.2066 600.3262 600.4268 600.5408 600.6511 600.7679 600.8512 600.9318 601.0482 601.1498 601.2305 601.3248 601.4368 601.5121 601.6064 601.6772 601.7617 601.8403 601.9405 602.0129 602.1111
598.993 598.98 598.9764 598.9726 598.9505 598.9294 598.9069 598.8793 598.8315 598.717 598.6785 598.6245 598.7515 598.7476 598.7419 598.6872 598.4695 598.405 598.4175 598.1275 598.326 598.243 597.999 598.2975 598.457 598.476 598.4155 598.341 598.4308 598.5475 598.6363 598.716 598.7735 598.8437 598.8985 598.9577 599.0116 599.0621 599.1105 599.1596 599.2813 599.4003 599.5203 599.6382 599.7514 599.8659 599.9805 600.0939 600.2106 600.2863 600.3785 600.4926 600.5997 600.6713 600.7747 600.8823 600.9628 601.0507 601.1211 601.2029 601.2921 601.3818 601.4583 601.5552
