samples/sfe_316/sfe_316_v6/sfe_316_v6/sfe_316_v6.asc
ncols         184
nrows         75
xllcorner     96.199999999255
yllcorner     62.60000000149
cellsize      1
NODATA_value  -9999
[rows 0 to 27 of 75, columns 0 to 63 of 184]
-9999 -9999 -9999 -9999 610.442 610.4195 610.3969 610.374 610.3519 610.3291 610.3069 610.2842 610.2614 610.239 610.2164 610.1943 610.1716 610.1489 610.1265 610.1036 610.0813 610.0587 610.036 610.0136 609.991 609.9686 609.946 609.9232 609.9009 609.8778 609.8558 609.8331 609.8105 609.7881 609.7653 609.7433 609.7202 609.6978 609.6755 609.6529 609.6305 609.608 609.5851 609.5631 609.5403 609.5182 609.4957 609.4728 609.4507 609.4283 609.4058 609.3833 609.361 609.3389 609.316 609.294 609.2716 609.2491 609.2272 609.2047 609.1827 609.1603 609.1379 609.116
-9999 -9999 -9999 -9999 610.3768 610.3525 610.3298 610.3054 610.2834 610.2594 610.2366 610.2133 610.1892 610.166 610.1433 610.1204 610.0967 610.0732 610.0498 610.0255 610.0028 609.9787 609.956 609.9322 609.909 609.8862 609.8625 609.8386 609.8152 609.7916 609.7686 609.7451 609.7224 609.6982 609.6746 609.6525 609.6276 609.6053 609.582 609.5593 609.5354 609.513 609.4886 609.4669 609.4427 609.4204 609.3979 609.3739 609.3516 609.3292 609.305 609.2826 609.2607 609.2387 609.2144 609.1922 609.1702 609.1478 609.1263 609.1038 609.0818 609.0598 609.0375 609.016
-9999 -9999 -9999 610.3401 610.3114 610.2852 610.2629 610.2366 610.2148 610.1901 610.1663 610.142 610.1175 610.0933 610.0708 610.0464 610.0221 609.9973 609.9727 609.9478 609.925 609.8986 609.876 609.8512 609.8267 609.8046 609.7792 609.7538 609.7292 609.7064 609.6814 609.6567 609.6342 609.6087 609.5836 609.5617 609.5355 609.5129 609.4882 609.4656 609.4403 609.418 609.3925 609.3705 609.3448 609.3227 609.3002 609.2745 609.2525 609.23 609.2042 609.1819 609.1605 609.1385 609.1124 609.0904 609.0688 609.0465 609.0255 609.0029 608.981 608.9594 608.9371 608.916
-9999 -9999 -9999 610.2763 610.2459 610.218 610.1961 610.1684 610.146 610.1208 610.0961 610.072 610.0455 610.0215 609.9977 609.9722 609.9476 609.9213 609.8958 609.8699 609.8472 609.8208 609.7963 609.7702 609.7454 609.7228 609.6959 609.6691 609.6445 609.6212 609.5942 609.5687 609.546 609.5192 609.494 609.4709 609.4431 609.4204 609.3943 609.3719 609.3452 609.323 609.2963 609.2742 609.2472 609.225 609.2025 609.1753 609.1534 609.1309 609.1034 609.0812 609.0604 609.0383 609.0106 608.9886 608.9674 608.9452 608.9245 608.902 608.88 608.8588 608.8367 608.816
-9999 -9999 -9999 610.2125 610.1805 610.1533 610.1292 610.1021 610.0773 610.0511 610.0264 610.0023 609.9733 609.95 609.9246 609.8981 609.8728 609.8459 609.8193 609.7918 609.7693 609.7429 609.7165 609.6888 609.6644 609.6407 609.6127 609.5844 609.5599 609.5356 609.507 609.4812 609.4579 609.4294 609.4043 609.3799 609.3505 609.3279 609.3009 609.2783 609.2502 609.228 609.1997 609.1779 609.1504 609.1272 609.1047 609.0764 609.0542 609.0317 609.0028 608.9805 608.9601 608.9382 608.9089 608.8868 608.866 608.8439 608.8236 608.8011 608.7791 608.7584 608.7363 608.716
-9999 -9999 -9999 610.1483 610.1154 610.0885 610.0621 610.0353 610.0089 609.9816 609.9571 609.9327 609.9017 609.8784 609.8515 609.8239 609.798 609.7699 609.7421 609.7142 609.6915 609.6649 609.6366 609.6074 609.5833 609.5586 609.5294 609.4999 609.4752 609.45 609.42 609.394 609.3697 609.3395 609.3146 609.289 609.2587 609.2355 609.2072 609.1846 609.1555 609.133 609.1036 609.0817 609.0541 609.0295 609.007 608.9772 608.9551 608.9326 608.9023 608.8799 608.8599 608.838 608.8074 608.785 608.7646 608.7426 608.7227 608.7003 608.6783 608.6579 608.6359 608.616
-9999 -9999 610.1205 610.0841 610.0501 610.0226 609.9951 609.9672 609.9402 609.9126 609.8879 609.863 609.8298 609.8069 609.7786 609.7498 609.7235 609.6953 609.6669 609.6381 609.6137 609.5863 609.5565 609.5268 609.5023 609.4764 609.4459 609.415 609.3905 609.3644 609.333 609.3069 609.2816 609.2498 609.225 609.1981 609.1678 609.1433 609.1146 609.0909 609.0604 609.0381 609.0085 608.9854 608.9578 608.9318 608.9094 608.8796 608.8558 608.8339 608.8016 608.7792 608.7598 608.7377 608.7072 608.6832 608.6633 608.6413 608.6218 608.5993 608.5778 608.5575 608.5353 608.516
-9999 -9999 610.0546 610.0199 609.9846 609.9562 609.9283 609.8998 609.8713 609.8444 609.8187 609.7933 609.7604 609.7353 609.7057 609.676 609.6486 609.6212 609.5919 609.562 609.5358 609.5075 609.4767 609.4471 609.4212 609.3943 609.3627 609.3309 609.3058 609.2786 609.2458 609.2198 609.1935 609.1613 609.1353 609.1071 609.077 609.0513 609.0226 608.9973 608.9659 608.9432 608.9135 608.889 608.8615 608.834 608.8117 608.7819 608.7566 608.7351 608.7025 608.6785 608.6595 608.6373 608.6071 608.5814 608.562 608.54 608.5209 608.4984 608.4774 608.4571 608.4349 608.416
-9999 -9999 609.9906 609.9557 609.9208 609.8914 609.8612 609.8334 609.8027 609.7762 609.7494 609.7235 609.6909 609.6633 609.6326 609.6018 609.575 609.547 609.517 609.486 609.4578 609.4287 609.3968 609.3674 609.3401 609.3122 609.2792 609.248 609.2211 609.193 609.1588 609.1326 609.1054 609.0731 609.0457 609.0164 608.9861 608.9593 608.9305 608.9036 608.8723 608.8483 608.8185 608.7927 608.7652 608.7363 608.7141 608.6843 608.6574 608.6364 608.6038 608.5778 608.5593 608.537 608.5068 608.4796 608.4607 608.4387 608.42 608.3975 608.3768 608.3567 608.3344 608.316
-9999 -9999 609.9265 609.8915 609.8571 609.8266 609.7943 609.767 609.734 609.708 609.6802 609.6535 609.6215 609.5912 609.5597 609.5286 609.5013 609.4728 609.442 609.41 609.3799 609.3499 609.317 609.2877 609.2591 609.2302 609.1968 609.1651 609.1365 609.1072 609.0734 609.0455 609.0173 608.9849 608.956 608.9256 608.8953 608.8672 608.8385 608.8099 608.7786 608.7534 608.7235 608.6965 608.6689 608.6385 608.6165 608.5867 608.5582 608.5377 608.505 608.4771 608.4592 608.4368 608.4067 608.3778 608.3594 608.3374 608.3191 608.2966 608.2764 608.2563 608.2339 608.216
-9999 -9999 609.8627 609.8273 609.7933 609.7618 609.7275 609.7006 609.6666 609.6398 609.611 609.5833 609.5514 609.519 609.4866 609.4561 609.4276 609.3986 609.367 609.334 609.3019 609.272 609.2382 609.208 609.178 609.1482 609.1152 609.0822 609.0518 609.0219 608.9882 608.9584 608.9291 608.8967 608.8663 608.8358 608.8044 608.7752 608.7465 608.7163 608.6849 608.6584 608.6285 608.6002 608.5726 608.5408 608.5188 608.489 608.4589 608.4389 608.409 608.389 608.2781 608.2556 608.2382 608.1559 608.0217 607.9996 607.9816 607.9592 607.9391 607.9191 607.9023 607.8847
-9999 609.8358 609.7989 609.7631 609.7296 609.697 609.663 609.6342 609.6003 609.5716 609.5417 609.5132 609.4807 609.4471 609.4147 609.3835 609.3539 609.3245 609.2921 609.258 609.2241 609.1942 609.1603 609.1283 609.097 609.0668 609.0335 608.9993 608.9671 608.9371 608.903 608.8713 608.841 608.8085 608.7767 608.7461 608.7136 608.6832 608.6545 608.634 608.519 608.4053 608.2889 608.2048 608.0546 608.0071 607.8522 607.8082 607.7323 607.593 607.5725 607.4801 607.3693 607.3469 607.3293 607.2663 607.1322 607.11 607.092 607.0697 607.0497 607.0291 607.0317 607.0136
-9999 609.7692 609.735 609.6989 609.6658 609.6322 609.5984 609.5677 609.534 609.5034 609.4725 609.443 609.411 609.3751 609.3431 609.311 609.2803 609.2503 609.2171 609.1819 609.1461 609.1163 609.0825 609.0486 609.0159 608.9858 608.9519 608.9163 608.8824 608.8525 608.819 608.7995 608.6748 608.5227 608.3939 608.253 608.1131 607.987 607.8323 607.7253 607.5724 607.4744 607.3376 607.2702 607.1146 607.0781 606.9232 606.8793 606.8033 606.6639 606.6431 606.5712 606.4606 606.438 606.4206 606.3767 606.2428 606.2205 606.2025 606.1802 606.1603 606.1387 606.161 606.1426
-9999 609.7051 609.6712 609.6348 609.602 609.5674 609.5339 609.5013 609.4677 609.4351 609.4031 609.3734 609.3414 609.304 609.2715 609.2385 609.2066 609.1761 609.1414 609.1052 609.0687 609.0385 609.0046 608.9689 608.9445 608.8531 608.6906 608.5215 608.3605 608.2123 608.0685 607.9038 607.7754 607.613 607.4717 607.3249 607.1882 607.0591 606.9044 606.7906 606.6377 606.5435 606.3884 606.3356 606.18 606.1349 605.9943 605.9503 605.8743 605.735 605.7136 605.6623 605.5518 605.5293 605.5118 605.4872 605.3533 605.3309 605.3129 605.2908 605.2708 605.2493 605.2904 605.2715
-9999 609.6411 609.6074 609.5707 609.5383 609.5027 609.4694 609.4349 609.4014 609.3669 609.3336 609.3041 609.2717 609.2346 609.2 609.166 609.1329 609.1019 609.0735 608.9553 608.7734 608.638 608.4668 608.299 608.1437 608.003 607.838 607.6567 607.4841 607.3395 607.185 607.0081 606.8748 606.7033 606.5496 606.3986 606.2633 606.1307 605.9764 605.8566 605.7029 605.6119 605.4575 605.4011 605.2454 605.1846 605.0652 605.0213 604.932 604.806 604.7842 604.7534 604.643 604.6205 604.603 604.5806 604.4639 604.4413 604.4233 604.4013 604.3813 604.3787 604.4197 604.4005
-9999 609.577 609.5436 609.5067 609.4743 609.4379 609.4048 609.3684 609.3348 609.2987 609.2649 609.2349 609.203 609.126 608.9722 608.8201 608.6685 608.5106 608.3579 608.1734 607.9784 607.8246 607.6516 607.4647 607.3179 607.1528 606.9854 606.7919 606.6177 606.4631 606.3015 606.1147 605.9682 605.7936 605.646 605.4765 605.3384 605.2023 605.0485 604.9226 604.7681 604.6801 604.5266 604.4665 604.3109 604.2339 604.1363 604.0923 603.9814 603.8768 603.855 603.8347 603.7343 603.7117 603.6942 603.6719 603.5743 603.5519 603.5339 603.5118 603.4915 603.5081 603.5492 603.5294
609.5511 609.5129 609.4797 609.4426 609.4103 609.3731 609.3398 609.31 609.2023 609.0198 608.8838 608.7358 608.5829 608.4022 608.2273 608.0615 607.9016 607.7466 607.577 607.3901 607.1826 607.0112 606.8459 606.6372 606.4891 606.3027 606.1328 605.9441 605.7614 605.5867 605.4174 605.2424 605.0695 604.8868 604.7442 604.5544 604.4135 604.2739 604.1205 603.9795 603.8333 603.7468 603.5956 603.5167 603.3763 603.2836 603.2073 603.1633 603.0312 602.9474 602.926 602.9057 602.8254 602.8029 602.7853 602.7631 602.6848 602.6624 602.6444 602.6223 602.6015 602.6375 602.6786 602.6583
609.4838 609.449 609.4215 609.3011 609.1661 608.9792 608.843 608.655 608.5175 608.3249 608.1791 608.0194 607.8538 607.6784 607.4824 607.3052 607.1516 606.9886 606.7961 606.6069 606.3868 606.1978 606.0513 605.8358 605.6548 605.4526 605.2856 605.0988 604.8966 604.7102 604.533 604.3656 604.1738 603.9834 603.8221 603.6323 603.4886 603.3455 603.1926 603.0378 602.899 602.7966 602.6642 602.5665 602.4417 602.3333 602.2783 602.2344 602.0807 602.0179 601.9971 601.9769 601.9167 601.8942 601.8764 601.8541 601.7952 601.7729 601.7549 601.7327 601.7115 601.7668 601.8081 601.7872
609.1169 608.9655 608.8376 608.6523 608.5154 608.3336 608.1611 607.9871 607.8278 607.6411 607.4743 607.303 607.1246 606.968 606.7435 606.5825 606.3952 606.2217 606.0152 605.827 605.6169 605.4048 605.2489 605.0206 604.8204 604.6193 604.449 604.2536 604.0319 603.8337 603.6485 603.4821 603.2781 603.08 602.9124 602.7101 602.5635 602.4171 602.2646 602.1099 601.965 601.8464 601.7324 601.6164 601.5071 601.3826 601.3494 601.3054 601.1505 601.0885 601.0681 601.0482 601.0079 600.9854 600.9675 600.9453 600.9056 600.8835 600.8655 600.8431 600.8215 600.8962 600.9376 600.9162
608.503 608.3452 608.2003 608.0171 607.8613 607.6854 607.4791 607.317 607.1381 606.9572 606.7695 606.5869 606.4268 606.2514 606.0274 605.8467 605.6365 605.4549 605.2343 605.0547 604.853 604.6142 604.4355 604.2108 603.9861 603.7959 603.6118 603.4084 603.1751 602.9654 602.7636 602.5983 602.3848 602.1788 602.0036 601.7908 601.6385 601.4887 601.3367 601.1819 601.031 600.8964 600.8007 600.6664 600.5725 600.4321 600.4095 600.3764 600.2745 600.2471 600.2213 600.201 600.1787 600.1562 600.1381 600.1161 600.0938 600.0717 600.0536 600.0311 600.0204 600.0255 600.0671 600.0451
607.8771 607.7219 607.563 607.3817 607.2071 607.0374 606.8114 606.6547 606.4483 606.2856 606.0679 605.9044 605.7285 605.5222 605.3036 605.1017 604.8779 604.688 604.475 604.2825 604.0775 603.8184 603.6221 603.4272 603.1741 602.9725 602.7616 602.5579 602.3297 602.1113 601.8954 601.7139 601.5124 601.2869 601.1002 600.8889 600.7135 600.5602 600.4885 600.4606 600.4233 600.3873 600.3541 600.3243 600.2872 600.2578 600.2177 600.1984 600.176 600.1401 600.1144 600.0909 600.0658 600.0435 600.0248 600.0029 599.9811 599.959 599.9404 599.9177 599.9142 599.894 599.8751 599.8552
608.088 607.0982 606.9257 606.7566 606.5549 606.4042 606.1903 605.9791 605.7874 605.6183 605.396 605.2217 605.0121 604.793 604.5921 604.3568 604.1506 603.9404 603.725 603.5102 603.2946 603.0485 602.8239 602.6326 602.3799 602.149 601.9207 601.7077 601.4842 601.2573 601.0272 600.8295 600.6401 600.5875 600.5479 600.5037 600.4647 600.4277 600.3936 600.3554 600.3199 600.2851 600.2515 600.2203 600.1821 600.1517 600.1118 600.0889 600.0666 600.0332 600.0076 599.981 599.953 599.9308 599.9116 599.8896 599.8683 599.8464 599.8271 599.8055 599.8024 599.7808 599.7584 599.734
608.4681 606.4745 606.2894 606.1372 605.9293 605.7673 605.5566 605.2971 605.1177 604.9313 604.7121 604.5192 604.2958 604.091 603.886 603.6439 603.4279 603.2047 602.9751 602.7379 602.5223 602.2849 602.0367 601.8331 601.5756 601.3256 601.0972 600.8712 600.7025 600.6611 600.6111 600.5697 600.5299 600.4834 600.4452 600.4035 600.3623 600.3232 600.289 600.2501 600.2165 600.1833 600.149 600.1182 600.0771 600.0457 600.0058 599.9796 599.9572 599.9262 599.9007 599.8712 599.843 599.8182 599.7983 599.7763 599.7557 599.7337 599.7138 599.6937 599.6904 599.6677 599.6418 599.6127
608.8483 605.8643 605.6793 605.5178 605.2939 605.1131 604.9086 604.6633 604.4564 604.2416 604.0396 603.8143 603.6074 603.397 603.1802 602.9288 602.7053 602.4529 602.2251 601.9579 601.7501 601.5209 601.2495 601.0337 600.792 600.7473 600.6946 600.6437 600.5955 600.5507 600.5013 600.4586 600.4234 600.3793 600.3426 600.3033 600.2599 600.2209 600.1845 600.1449 600.1131 600.08 600.0465 600.016 599.9721 599.9396 599.8998 599.8703 599.8478 599.8192 599.7939 599.761 599.733 599.7054 599.685 599.663 599.643 599.621 599.6005 599.5819 599.5784 599.5545 599.5251 599.4915
609.2284 605.2696 605.0693 604.8859 604.6696 604.4589 604.2744 604.0396 603.797 603.5769 603.3723 603.1389 602.9249 602.7031 602.4615 602.2163 601.9761 601.7191 601.4744 601.2035 600.9778 600.8585 600.7894 600.7305 600.6804 600.6214 600.5703 600.5229 600.4776 600.4364 600.3916 600.3475 600.317 600.2753 600.2399 600.2018 600.1574 600.1188 600.08 600.0396 600.0097 599.9764 599.944 599.9136 599.8671 599.8336 599.7938 599.7607 599.7383 599.7122 599.6865 599.6517 599.623 599.5928 599.5718 599.5498 599.5303 599.5082 599.4873 599.4701 599.4655 599.4413 599.4086 599.3716
609.6086 604.6749 604.4559 604.2486 604.0501 603.8348 603.6423 603.415 603.1226 602.9185 602.705 602.467 602.2423 602.0048 601.7554 601.5101 601.2546 600.996 600.9066 600.8432 600.7707 600.7115 600.6409 600.5848 600.5513 600.4976 600.4459 600.4021 600.3606 600.3201 600.2819 600.2364 600.207 600.1712 600.1373 600.0997 600.0555 600.0166 599.9755 599.9344 599.9041 599.873 599.8425 599.8099 599.7635 599.7275 599.6876 599.6511 599.6288 599.6053 599.5791 599.5443 599.513 599.4801 599.4587 599.4366 599.4177 599.3954 599.3741 599.3583 599.3523 599.3282 599.2921 599.2522
-9999 604.5496 603.8322 603.6235 603.4307 603.2061 603.0103 602.7797 602.5135 602.2581 602.0349 601.7936 601.5598 601.3105 601.0612 600.9715 600.8985 600.8295 600.7574 600.6928 600.6206 600.559 600.494 600.4391 600.4194 600.3727 600.3198 600.2813 600.2437 600.2042 600.1712 600.1253 600.0961 600.0645 600.0347 599.997 599.9553 599.9145 599.872 599.8309 599.7984 599.7697 599.741 599.7059 599.6614 599.6215 599.5814 599.5419 599.5193 599.4966 599.4717 599.4369 599.403 599.3674 599.3455 599.3235 599.3049 599.2826 599.261 599.2463 599.2391 599.215 599.1755 599.1356
-9999 604.9297 603.2256 603.0135 602.8113 602.5826 602.3649 602.1448 601.8889 601.605 601.3665 601.1263 601.0369 600.9584 600.8866 600.8125 600.744 600.6721 600.6088 600.5398 600.4705 600.403 600.347 600.2935 600.2814 600.2415 600.1902 600.1589 600.1266 600.0902 600.0585 600.0127 599.985 599.9557 599.9302 599.8943 599.8541 599.8123 599.7698 599.7281 599.6923 599.6663 599.6396 599.6033 599.5592 599.5154 599.4752 599.4359 599.4098 599.3871 599.3642 599.3294 599.293 599.2548 599.2323 599.2103 599.1923 599.1698 599.1478 599.1343 599.126 599.1018 599.0604 599.025
