samples/sfe_316/sfe_316_v6/sfe_316_v6/sfe_316_v6.asc
ncols         184
nrows         75
xllcorner     96.199999999255
yllcorner     62.60000000149
cellsize      1
NODATA_value  -9999
[rows 28 to 55 of 75, columns 64 to 127 of 184]
598.6565 598.5845 598.416 598.6515 598.7445 598.657 598.5145 598.422 598.3565 598.5215 598.467 598.2945 598.474 598.345 598.143 598.126 598.0545 598.246 598.2045 598.0185 598.1275 598.162 597.9755 597.907 598.1095 597.9485 597.937 598.0145 597.885 597.9665 598.3005 598.3966 598.4666 598.5347 598.5898 598.6437 598.7 598.7544 598.8178 598.9024 598.9459 598.9919 599.0215 599.0698 599.1867 599.3051 599.4214 599.5366 599.6498 599.7214 599.8251 599.9357 600.0397 600.1138 600.2247 600.3279 600.4121 600.4944 600.5695 600.6441 600.7438 600.8232 600.9037 600.9992
598.5915 598.5255 598.3125 598.5605 598.5045 598.346 598.5265 598.568 598.3395 598.465 598.5385 598.4365 598.4585 598.2755 598.2855 598.335 598.138 598.24 598.3065 598.1745 597.9545 597.843 598.0195 598.086 598.0955 597.8625 597.71 597.745 597.8655 597.889 597.7075 597.6585 597.69 598.103 598.2813 598.3297 598.3805 598.4616 598.5484 598.6508 598.6935 598.7338 598.7501 598.7783 598.8228 598.858 598.932 598.9794 599.085 599.1561 599.2718 599.3846 599.4796 599.5596 599.6746 599.7735 599.8592 599.9382 600.0146 600.0853 600.1932 600.2646 600.3492 600.4433
598.6715 598.6105 598.407 598.5495 598.5125 598.358 598.569 598.4485 598.2296 598.457 598.4183 598.3461 598.2868 598.3305 598.4685 598.2015 598.1495 598.236 598.2665 598.029 597.8279 597.82 597.9545 598.0175 597.971 597.905 597.837 597.8095 597.8735 597.674 597.5165 597.5229 597.4745 597.6725 597.7985 597.7395 597.6285 598.1868 598.322 598.4041 598.441 598.459 598.4597 598.4629 598.4927 598.4957 598.5395 598.6352 598.7138 598.7609 598.8156 598.8345 598.9196 599.0095 599.1245 599.2191 599.3063 599.382 599.4559 599.5327 599.6346 599.7067 599.7981 599.8846
598.5695 598.447 598.408 598.6005 598.7465 598.692 598.654 598.4485 598.2815 598.455 598.5295 598.4835 598.249 598.3445 598.453 598.182 597.9965 598.025 598.1895 597.9855 597.955 598.0665 597.9108 597.8312 597.7095 597.701 597.61 597.5915 597.7195 597.5435 597.602 597.677 597.4925 597.6215 597.557 597.38 597.327 597.6105 597.8485 598.1481 598.1887 598.1805 598.1637 598.1472 598.1436 598.1304 598.1473 598.2765 598.3824 598.4447 598.4532 598.4805 598.5022 598.5875 598.6751 598.7314 598.7534 598.8258 598.8971 598.9844 599.076 599.1521 599.2421 599.3292
598.634 598.8095 598.7655 598.8155 598.8605 598.8125 598.6825 598.5625 598.677 598.404 598.236 598.4585 598.327 598.3644 598.2635 598.273 598.12 598.159 598.299 597.9975 597.801 598.0365 598.11 597.7866 597.7705 597.8405 597.6065 597.7035 597.669 597.51 597.6093 597.5272 597.4805 597.5735 597.5775 597.321 597.1545 597.434 597.62 597.3595 597.475 597.367 597.2205 597.4515 597.527 597.4725 597.5305 597.9655 598.0616 598.1017 598.091 598.088 598.0986 598.1839 598.2825 598.3785 598.4373 598.4717 598.5041 598.5622 598.5939 598.5975 598.6862 598.7748
599.0885 599.0664 599.0638 599.0455 599.0234 599.0032 598.9706 598.9144 598.8521 598.812 598.7899 598.7679 598.7454 598.7085 598.4765 598.337 598.2025 598.2375 598.3695 598.043 597.8615 598.034 598.0965 597.8175 597.6595 597.6935 597.6 597.7704 597.8835 597.8045 597.7426 597.518 597.3265 597.3055 597.4565 597.2896 597.178 597.3115 597.445 597.156 597.2065 597.1115 596.932 597.154 597.153 597.051 597.1855 597.069 597.1915 597.356 597.181 597.1355 597.3105 597.664 597.9025 598.023 598.0869 598.1278 598.1659 598.2065 598.2498 598.2925 598.3434 598.395
599.2112 599.1884 599.1834 599.1677 599.1455 599.1283 599.0956 599.0407 598.996 598.957 598.939 598.9169 598.8944 598.8517 598.8095 598.7355 598.639 598.294 598.428 598.1205 598.131 598.02 597.886 597.872 597.7425 597.884 597.7605 597.8315 597.9235 597.836 597.612 597.674 597.58 597.4195 597.3979 597.352 597.421 597.476 597.2935 597.1795 597.1235 597.067 597.005 597.0563 597.065 597.0745 596.9495 596.8685 596.895 596.8855 596.798 596.9505 596.911 597.0495 597.028 597.229 597.7036 597.7769 597.827 597.8492 597.9056 597.9429 597.9993 598.0629
599.3337 599.3105 599.3029 599.29 599.2676 599.2534 599.2206 599.1613 599.14 599.102 599.0856 599.066 599.0435 599.0012 598.9722 598.8948 598.8176 598.7547 598.68 598.6393 598.5761 598.3775 598.4095 598.2755 597.9285 598.019 597.941 597.978 597.8485 597.736 597.6645 597.816 597.95 597.8635 597.817 597.755 597.5985 597.4975 597.577 597.638 597.5525 597.443 597.288 597.1835 597.023 596.888 597.0439 597.1 596.942 596.9495 596.7695 596.885 596.7385 596.832 596.7935 596.8585 596.991 596.8005 596.699 597.04 597.14 597.3595 597.6551 597.7354
599.4567 599.4327 599.4225 599.4122 599.3897 599.3781 599.3456 599.2924 599.284 599.247 599.23 599.215 599.1925 599.1551 599.1348 599.0541 599.0026 598.9647 598.9 598.8703 598.8148 598.7565 598.7403 598.6751 598.6008 598.4963 598.445 598.4225 598.398 598.4349 598.4125 598.3904 598.3679 598.3387 598.2618 598.2418 598.2385 598.2641 598.2737 598.2285 598.1348 597.8865 597.391 597.2419 597.2985 597.054 597.0835 597.177 597.147 596.873 596.8155 596.8675 596.647 596.7303 596.7766 596.626 596.5375 596.559 596.506 596.7495 596.7675 596.7005 596.7225 596.7855
599.5784 599.5555 599.5421 599.5343 599.512 599.5015 599.4706 599.429 599.4227 599.3922 599.3744 599.364 599.3416 599.3093 599.2974 599.2365 599.1951 599.1747 599.1235 599.1013 599.0582 599.0132 598.9969 598.9639 598.9105 598.8245 598.8004 598.778 598.728 598.7429 598.7208 598.6984 598.6759 598.6348 598.5698 598.5498 598.5089 598.52 598.5293 598.4736 598.399 598.3004 598.1558 597.952 597.5875 597.406 597.2574 597.2715 597.386 597.1175 596.8895 596.837 596.7285 596.851 596.933 596.6475 596.6265 596.6935 596.5625 596.6393 596.819 596.7775 596.732 596.772
599.698 599.6782 599.6616 599.6565 599.6342 599.6236 599.5956 599.5656 599.5613 599.5373 599.5188 599.5131 599.4905 599.4642 599.4594 599.4213 599.3859 599.3847 599.3549 599.3323 599.3016 599.2698 599.2537 599.2526 599.2202 599.1813 599.1558 599.1215 599.058 599.0509 599.0289 599.0064 598.9839 598.9319 598.8778 598.857 598.8018 598.7905 598.7849 598.7189 598.6677 598.5658 598.4841 598.3304 598.2511 598.178 598.1891 598.1635 598.0629 597.9133 597.36 597.2405 597.234 597.027 597.051 596.8795 596.712 596.704 596.7345 596.745 596.7355 596.7115 596.51 596.658
599.8176 599.801 599.7811 599.7786 599.7565 599.7457 599.7264 599.7023 599.7 599.6825 599.6631 599.6621 599.6396 599.6202 599.61 599.645 599.6326 599.6339 599.6989 599.7015 599.6759 599.6533 599.6275 599.6417 599.7009 599.6783 599.5944 599.502 599.4771 599.4544 599.4295 599.4044 599.3129 599.2382 599.2148 599.1325 599.1032 599.061 599.0405 598.967 598.9354 598.8561 598.8021 598.6918 598.616 598.5631 598.5174 598.4861 598.3914 598.252 598.1055 598.015 597.9554 597.9229 597.8954 597.8243 597.745 597.438 596.924 596.8095 596.687 596.571 596.63 596.805
599.9355 599.911 599.97 599.9573 600.052 600.0605 600.1132 600.1714 600.149 600.2076 600.2389 600.2289 600.3122 600.3005 600.2847 600.3613 600.3489 600.3285 600.3935 600.3932 600.3557 600.333 600.2958 600.2952 600.3528 600.3149 600.2277 600.1387 600.1039 600.0756 600.0463 600.0121 599.916 599.8458 599.8126 599.7162 599.6411 599.5896 599.4944 599.4383 599.3441 599.2637 599.1697 599.0674 598.9809 598.91 598.8584 598.8088 598.7367 598.6253 598.5047 598.4226 598.3427 598.3051 598.241 598.1559 598.0632 597.9699 597.8757 597.7696 597.6889 597.6335 597.3195 597.3365
600.7031 600.7465 600.8051 600.7819 600.8699 600.8789 600.9151 600.9731 600.9388 600.9789 601.0101 600.9718 601.055 601.0428 601.001 601.0776 601.0652 601.0231 601.088 601.0846 601.0354 601.0124 600.9642 600.9487 601.0001 600.9516 600.8608 600.7751 600.7307 600.6911 600.6634 600.6171 600.5192 600.4538 600.4034 600.307 600.2308 600.1709 600.0745 600.0121 599.9179 599.8354 599.7406 599.632 599.5416 599.4496 599.3498 599.2452 599.1438 599.0182 598.9092 598.798 598.7277 598.6604 598.5693 598.4942 598.3937 598.3162 598.209 598.1181 598.0414 597.9538 597.9066 597.8649
601.556 601.582 601.6402 601.6175 601.6877 601.6973 601.717 601.7749 601.7249 601.7501 601.7813 601.7198 601.7979 601.7851 601.7236 601.7939 601.7816 601.7194 601.7826 601.7764 601.7151 601.6806 601.6323 601.6022 601.6471 601.588 601.4941 601.4114 601.3573 601.3066 601.2802 601.2203 601.1224 601.0496 600.9942 600.8978 600.8208 600.7522 600.6513 600.586 600.4913 600.4072 600.3018 600.1966 600.1024 600.0104 599.9076 599.7999 599.6979 599.5673 599.4625 599.3439 599.2213 599.0961 598.9568 598.8352 598.6918 598.642 598.5442 598.4666 598.37 598.2986 598.2164 598.1708
602.4089 602.4175 602.4753 602.4526 602.5057 602.5157 602.5188 602.5768 602.5109 602.5213 602.5526 602.4888 602.5406 602.5273 602.4537 602.5103 602.4977 602.423 602.4772 602.4609 602.3947 602.3488 602.3004 602.2557 602.2938 602.2239 602.1273 602.0482 601.9839 601.9222 601.895 601.8235 601.7245 601.6435 601.585 601.4869 601.4105 601.3334 601.2258 601.1599 601.0629 600.979 600.864 600.7612 600.663 600.571 600.4655 600.3547 600.2482 600.117 600.0158 599.8898 599.7717 599.636 599.507 599.3751 599.242 599.1176 598.9787 598.855 598.7131 598.5934 598.5231 598.458
603.2618 603.2531 603.3104 603.2878 603.3235 603.3341 603.3207 603.3788 603.297 603.2925 603.3238 603.2579 603.2834 603.2697 603.1881 603.2266 603.2138 603.1266 603.1718 603.1406 603.0743 603.017 602.9688 602.9092 602.9412 602.8597 602.7601 602.6851 602.6107 602.5378 602.5015 602.4266 602.3232 602.2374 602.1758 602.0755 602 601.9147 601.8004 601.7337 601.6358 601.5508 601.4285 601.3221 601.2238 601.1281 601.0233 600.9095 600.7972 600.6703 600.5678 600.4358 600.3221 600.1758 600.0573 599.9149 599.7923 599.6613 599.5302 599.3967 599.2646 599.135 598.9994 598.8744
604.1147 604.0903 604.1455 604.123 604.1415 604.1525 604.1275 604.1807 604.0831 604.0638 604.095 604.0269 604.0263 604.012 603.9247 603.9429 603.9301 603.8315 603.8663 603.8204 603.754 603.6852 603.6358 603.5627 603.5779 603.4953 603.3908 603.3138 603.2376 603.1533 603.1079 603.0298 602.922 602.8313 602.7666 602.6641 602.59 602.4955 602.3779 602.3076 602.2166 602.1223 601.9931 601.8805 601.7845 601.6849 601.5812 601.4642 601.3463 601.2236 601.114 600.986 600.8725 600.7216 600.6074 600.4568 600.3425 600.205 600.0817 599.9384 599.816 599.6767 599.551 599.416
604.9677 604.9429 604.9805 604.9581 604.9594 604.9708 604.9455 604.9824 604.8691 604.835 604.8662 604.796 604.7691 604.7543 604.6613 604.6592 604.6464 604.5397 604.5609 604.5001 604.4338 604.3534 604.2972 604.2162 604.2144 604.1285 604.0215 603.9392 603.8643 603.7698 603.7144 603.6331 603.5208 603.4265 603.3574 603.2608 603.1725 603.0739 602.9591 602.8815 602.7883 602.6835 602.5577 602.4402 602.3452 602.2416 602.131 602.019 601.8953 601.7769 601.6599 601.5363 601.413 601.2718 601.152 601.007 600.8928 600.7508 600.6331 600.4861 600.3675 600.2217 600.1027 599.9581
605.8206 605.7952 605.8155 605.7932 605.7772 605.7891 605.7634 605.7842 605.6552 605.6176 605.6375 605.565 605.512 605.4966 605.3979 605.3755 605.3616 605.248 605.2555 605.1799 605.1133 605.0215 604.9587 604.8697 604.851 604.7617 604.6523 604.5646 604.4911 604.3868 604.3208 604.2362 604.1221 604.0248 603.9476 603.8437 603.7537 603.6522 603.5401 603.454 603.3601 603.2448 603.1223 603.0008 602.9059 602.7994 602.6787 602.5709 602.4444 602.3302 602.2059 602.0867 601.9528 601.822 601.6918 601.5573 601.4431 601.2998 601.1796 601.0352 600.918 600.7708 600.6544 600.507
606.6735 606.6479 606.6505 606.6284 606.602 606.6074 606.5815 606.5785 606.4412 606.4033 606.4087 606.334 606.2548 606.239 606.1345 606.0918 606.0699 605.9564 605.9487 605.8597 605.7931 605.6898 605.6202 605.5232 605.4875 605.395 605.283 605.1899 605.1136 605.0038 604.9272 604.8394 604.7297 604.6233 604.5362 604.4266 604.335 604.2306 604.1212 604.0256 603.9318 603.806 603.6869 603.5615 603.4667 603.3572 603.2299 603.1218 602.9935 602.8835 602.7518 602.637 602.4926 602.3722 602.2318 602.1075 601.9932 601.8505 601.7213 601.5848 601.4596 601.3199 601.199 601.056
607.5264 607.5004 607.4855 607.4634 607.4369 607.4257 607.3995 607.3646 607.2273 607.1895 607.1799 607.1031 606.9976 606.9814 606.8711 606.8082 606.7781 606.6646 606.6403 606.5394 606.4665 606.358 606.2816 606.1767 606.1241 606.0281 605.9138 605.8152 605.7292 605.6207 605.5337 605.4393 605.3317 605.2217 605.1248 605.0095 604.9163 604.809 604.6973 604.5972 604.5036 604.3672 604.2477 604.1221 604.0273 603.9151 603.7847 603.6727 603.5425 603.4296 603.3012 603.1874 603.0366 602.9224 602.772 602.6578 602.5369 602.4019 602.2654 602.1364 602.0013 601.8713 601.7406 601.6062
608.1356 608.1091 608.0822 608.0602 608.0333 608.0089 607.9811 607.9537 607.9272 607.902 607.8735 607.8495 607.7494 607.7238 607.6077 607.5305 607.4865 607.3729 607.3291 607.2192 607.1347 607.0262 606.9431 606.8379 606.7607 606.6603 606.5445 606.4406 606.3447 606.2376 606.1401 606.038 605.9256 605.8171 605.7134 605.5925 605.4949 605.3845 605.2711 605.1688 605.0652 604.9285 604.8062 604.6828 604.584 604.4729 604.3394 604.2233 604.0916 603.9757 603.8514 603.7297 603.5868 603.4688 603.3223 603.2081 603.0806 602.9534 602.8143 602.6878 602.55 602.4229 602.2863 602.1577
608.1759 608.1497 608.1229 608.1009 608.0742 608.0498 608.022 607.9951 607.9687 607.9435 607.9152 607.8851 607.8575 607.8291 607.8035 607.7756 607.7478 607.7193 607.6909 607.6617 607.6324 607.604 607.5795 607.4994 607.3972 607.2911 607.1752 607.066 606.9603 606.8546 606.7465 606.6368 606.5195 606.4079 606.302 606.1754 606.0732 605.959 605.845 605.7405 605.6265 605.4897 605.3646 605.2434 605.1408 605.0275 604.893 604.7724 604.6446 604.5219 604.4017 604.2695 604.137 604.0087 603.8725 603.7583 603.6279 603.5042 603.3632 603.2393 603.0991 602.9745 602.8351 602.7091
608.2162 608.1902 608.1636 608.1416 608.1151 608.0907 608.0629 608.0364 608.0103 607.985 607.9567 607.9274 607.8997 607.8713 607.8464 607.8184 607.7911 607.7626 607.7343 607.7056 607.6768 607.6469 607.6171 607.5865 607.5581 607.5297 607.4981 607.4683 607.4382 607.41 607.353 607.2355 607.1134 606.9968 606.8906 606.7583 606.6516 606.5336 606.4166 606.3121 606.1877 606.051 605.923 605.8041 605.6976 605.5751 605.4439 605.3215 605.1979 605.0678 604.952 604.8094 604.6871 604.5488 604.4228 604.3085 604.1769 604.0458 603.9123 603.7842 603.6483 603.5236 603.384 603.2606
608.2565 608.2307 608.2043 608.1823 608.1559 608.1316 608.1038 608.0778 608.0518 608.0266 607.9983 607.9697 607.942 607.9136 607.8892 607.8612 607.8345 607.806 607.7782 607.7493 607.7211 607.6912 607.662 607.6314 607.6035 607.5753 607.5438 607.5145 607.4849 607.4532 607.4246 607.3929 607.3602 607.3306 607.3008 607.2695 607.23 607.1081 606.9882 606.8847 606.749 606.6125 606.4814 606.3647 606.2544 606.1228 605.9948 605.8705 605.7453 605.6165 605.5023 605.3516 605.2374 605.0891 604.973 604.8588 604.726 604.5936 604.4613 604.3292 604.1974 604.0656 603.9331 603.8035
608.2969 608.2712 608.2449 608.223 608.1968 608.1725 608.1447 608.1192 608.0933 608.0682 608.0399 608.012 607.9843 607.9562 607.932 607.904 607.8778 607.8493 607.8221 607.7932 607.7654 607.7355 607.7068 607.6762 607.649 607.6209 607.5894 607.5607 607.5316 607.5007 607.472 607.4402 607.4085 607.3795 607.3497 607.3154 607.285 607.2544 607.2219 607.1873 607.1544 607.129 607.0413 606.9254 606.8112 606.6705 606.5457 606.4196 606.2914 606.1667 606.0465 605.9017 605.7856 605.6375 605.5233 605.4091 605.275 605.1425 605.0104 604.8784 604.7465 604.6144 604.4822 604.35
608.3372 608.3118 608.2856 608.2637 608.2377 608.2134 608.1855 608.1606 608.1349 608.1097 608.0814 608.0542 608.0265 607.999 607.9748 607.9468 607.9211 607.8926 607.866 607.8369 607.8098 607.7798 607.7516 607.7214 607.6944 607.6666 607.6354 607.607 607.5783 607.5483 607.5193 607.4876 607.4568 607.4283 607.3986 607.3641 607.3349 607.3044 607.2725 607.2379 607.2065 607.1769 607.1438 607.1137 607.0798 607.0447 607.013 606.9686 606.8375 606.717 606.5864 606.4519 606.3257 606.1877 606.0735 605.9563 605.8252 605.6913 605.5596 605.4275 605.2957 605.1633 605.0312 604.8992
