samples/sfe_316/sfe_316_v6/sfe_316_v6/sfe_316_v6.asc
ncols         184
nrows         75
xllcorner     96.199999999255
yllcorner     62.60000000149
cellsize      1
NODATA_value  -9999
[rows 28 to 55 of 75, columns 0 to 63 of 184]
-9999 605.3099 602.6309 602.4034 602.192 601.963 601.7375 601.5124 601.2643 601.1028 601.019 600.9377 600.8594 600.7897 600.7224 600.6519 600.5822 600.5184 600.4604 600.3886 600.3204 600.2499 600.2001 600.1478 600.1436 600.1103 600.0641 600.033 600.0048 599.9762 599.9457 599.9026 599.8738 599.8477 599.825 599.7916 599.7526 599.7101 599.6677 599.6252 599.5864 599.5627 599.5381 599.5015 599.457 599.2525 598.974 598.9545 598.8925 598.775 598.914 598.805 598.649 598.589 598.8025 598.6895 598.7085 598.8245 598.6625 598.5555 598.699 598.5725 598.673 598.5975
-9999 605.6901 602.0361 601.7935 601.5714 601.3436 601.1975 601.1188 601.0342 600.9359 600.8375 600.7583 600.6811 600.618 600.5595 600.4888 600.4193 600.3648 600.3083 600.2402 600.1703 600.0978 600.0482 600.0042 600.005 599.9791 599.9381 599.9073 599.882 599.8577 599.833 599.7917 599.7626 599.7393 599.7198 599.689 599.6511 599.608 599.499 599.4215 599.083 599.1575 599.0905 598.9025 599.024 598.81 598.6955 598.799 598.805 598.7401 598.725 598.52 598.5545 598.641 598.6525 598.4855 598.33 598.3565 598.5055 598.5895 598.697 598.5405 598.542 598.4955
-9999 606.0702 601.4414 601.2645 601.1818 601.1145 601.0292 600.9478 600.8597 600.7664 600.6606 600.5754 600.5036 600.4451 600.3895 600.326 600.2602 600.2053 600.1522 600.0917 600.02 599.9478 599.747 599.798 599.916 599.8 599.763 599.781 599.574 599.651 599.59 599.4275 599.586 599.3825 599.226 599.2415 599.3025 599.097 599.049 599.129 598.868 598.905 598.845 598.6485 598.793 598.64 598.476 598.5265 598.6685 598.531 598.4603 598.4837 598.5218 598.4537 598.287 598.504 598.4675 598.3435 598.389 598.423 598.5495 598.5985 598.4265 598.5475
-9999 606.4503 601.2038 601.0805 601.0018 600.9357 600.8559 600.7839 600.6882 600.596 600.4898 600.3894 600.3198 600.2687 600.2194 600.1604 600.0961 600.0439 599.9415 600.025 599.9755 599.7015 599.482 599.6835 599.8355 599.5745 599.399 599.453 599.3575 599.509 599.645 599.531 599.4665 599.2045 599.1955 599.2645 599.2215 599.007 598.7905 598.8601 598.8385 598.8425 598.964 598.9025 598.9185 598.695 598.612 598.6885 598.7365 598.568 598.547 598.6645 598.7515 598.5804 598.339 598.539 598.706 598.6535 598.6505 598.6725 598.5275 598.4395 598.4125 598.6085
-9999 606.8305 601.5056 600.9027 600.8186 600.746 600.6853 600.6199 600.5269 600.4236 600.3203 600.2137 600.149 600.1085 599.9145 599.947 599.9305 599.7645 599.6735 599.8485 599.821 599.623 599.5655 599.561 599.545 599.487 599.3685 599.5105 599.4265 599.462 599.5695 599.465 599.2829 599.1355 599.2785 599.145 598.9035 599.095 599.021 598.8735 599.014 598.9265 598.9105 599.0625 599.085 599.0065 598.828 598.776 598.7025 598.846 598.8855 598.7785 598.8745 598.903 598.741 598.669 598.7525 598.737 598.8295 598.9196 599.0916 599.0692 598.802 598.751
-9999 607.2106 601.8073 600.7197 600.6306 600.556 600.5128 600.4466 600.3621 600.2576 600.1285 599.91 599.773 599.8336 599.7065 599.873 599.976 599.904 599.6945 599.7695 599.9125 599.804 599.7495 599.7655 599.7615 599.6218 599.4778 599.4821 599.453 599.456 599.3715 599.2025 599.376 599.437 599.473 599.276 599.125 599.3065 599.365 599.3515 599.407 599.1795 599.268 599.475 599.4636 599.4418 599.4196 599.397 599.3752 599.3547 599.3507 599.3316 599.3274 599.2994 599.2651 599.2441 599.2407 599.2344 599.2169 599.2105 599.1963 599.174 599.1494 599.1087
-9999 607.5908 602.1517 600.5341 600.4439 600.3664 600.3308 600.2714 600.2675 600.115 599.8955 599.759 599.823 599.874 599.694 599.802 599.7675 599.805 599.7165 599.7255 599.7883 599.6875 599.4755 599.7075 599.8745 599.5965 599.4215 599.457 599.604 599.4675 599.335 599.3625 599.5685 599.5285 599.678 599.6821 599.678 599.6636 599.6415 599.6206 599.614 599.5973 599.5836 599.5786 599.5717 599.5499 599.5304 599.5076 599.4878 599.4656 599.4617 599.4426 599.4374 599.413 599.3823 599.3601 599.3555 599.3493 599.3318 599.3244 599.3097 599.2906 599.2661 599.2283
-9999 607.9709 602.5318 600.3624 599.9705 599.912 599.81 599.97 599.9615 599.7845 599.8715 599.902 599.7595 599.647 599.7338 599.7795 599.7475 599.7695 599.6925 599.7685 599.925 599.693 599.5455 599.758 599.92 599.6835 599.6885 599.809 599.751 599.534 599.733 599.7665 599.7708 599.7771 599.7792 599.7871 599.7869 599.7726 599.7505 599.7312 599.7225 599.7058 599.6913 599.6852 599.6783 599.658 599.6407 599.6182 599.6007 599.5782 599.5726 599.556 599.5475 599.5264 599.499 599.4774 599.4703 599.4642 599.4467 599.4382 599.423 599.4073 599.3827 599.348
-9999 608.3511 602.912 600.155 599.7635 599.7205 599.635 599.819 599.9335 599.787 599.948 599.789 599.8005 599.743 599.7995 599.7795 599.8195 599.772 599.568 599.8215 599.7795 599.799 599.895 599.8335 599.834 599.8285 599.8615 599.8409 599.8504 599.8586 599.8744 599.8859 599.8852 599.8936 599.8878 599.8931 599.8956 599.8817 599.8594 599.8423 599.831 599.8143 599.799 599.7927 599.7849 599.766 599.7513 599.7288 599.7134 599.691 599.6836 599.6686 599.6575 599.64 599.6138 599.5945 599.5851 599.579 599.5615 599.5521 599.5376 599.5239 599.4993 599.4676
-9999 608.7313 603.2921 600.215 599.8249 599.9275 599.8075 599.909 599.8605 599.737 599.967 599.899 599.8645 599.784 599.834 599.814 599.8455 599.809 599.641 599.9105 599.869 599.896 599.871 599.7885 599.9083 599.9323 599.9688 599.9781 599.9819 599.9918 599.9955 600.0058 600.0036 600.01 599.9964 600.0032 600.0045 599.9908 599.9684 599.9527 599.9396 599.9229 599.9086 599.9002 599.8916 599.8741 599.8619 599.8394 599.8246 599.8037 599.7946 599.7813 599.7675 599.7534 599.7287 599.7117 599.7 599.6939 599.6761 599.666 599.6519 599.6398 599.6159 599.5872
-9999 609.1114 603.6722 600.4971 599.8685 599.968 600.1185 600.092 599.9605 600.1015 600.21 600.1005 599.969 599.89 599.908 599.9975 600.0865 600.0842 600.0931 600.092 600.101 600.1024 600.0958 600.0734 600.059 600.0861 600.1089 600.1152 600.1135 600.1238 600.1199 600.1251 600.1221 600.1264 600.1116 600.1133 600.1133 600.0999 600.0774 600.0616 600.0481 600.0314 600.0198 600.0078 599.9982 599.9821 599.9705 599.95 599.9352 599.9164 599.9055 599.894 599.8775 599.8669 599.8436 599.8288 599.8148 599.8088 599.7905 599.7798 599.7662 599.7525 599.7325 599.7068
-9999 609.4916 604.0524 600.7792 600.2325 600.293 600.305 600.3253 600.3467 600.3317 600.3151 600.2661 600.2349 600.2128 600.2211 600.2407 600.2635 600.2584 600.2637 600.2567 600.2636 600.2615 600.2549 600.2327 600.2162 600.2376 600.2417 600.2524 600.2471 600.2553 600.2495 600.2431 600.241 600.2429 600.2281 600.2234 600.2203 600.209 600.1865 600.1707 600.1566 600.1399 600.1306 600.1156 600.1049 600.09 600.0786 600.0605 600.0458 600.029 600.0162 600.0068 599.9875 599.9804 599.9585 599.9459 599.9295 599.9247 599.9049 599.8937 599.8804 599.8652 599.8492 599.8264
-9999 609.8717 604.4326 601.0613 600.5533 600.531 600.4973 600.5145 600.5287 600.5152 600.5053 600.4562 600.433 600.4119 600.4103 600.4227 600.4406 600.4354 600.4342 600.4214 600.4262 600.4207 600.4141 600.392 600.3732 600.3884 600.3745 600.3895 600.3817 600.3868 600.3792 600.366 600.3611 600.3576 600.3445 600.3325 600.3271 600.3181 600.2956 600.2796 600.2651 600.2484 600.2416 600.224 600.2125 600.198 600.1866 600.1711 600.1564 600.1416 600.127 600.1195 600.0975 600.0933 600.0734 600.063 600.0443 600.041 600.0193 600.0076 599.9947 599.9778 599.968 599.946
-9999 -9999 604.8127 601.3434 600.8011 600.7573 600.6998 600.7037 600.7107 600.6987 600.6955 600.6532 600.6312 600.6111 600.5995 600.605 600.6195 600.6123 600.6048 600.586 600.5887 600.584 600.5734 600.5513 600.5303 600.5392 600.5262 600.5266 600.5163 600.5183 600.5043 600.4921 600.4812 600.4747 600.4612 600.441 600.4373 600.4272 600.4047 600.3886 600.3752 600.3569 600.3503 600.3326 600.32 600.3059 600.2947 600.2817 600.267 600.2542 600.2378 600.2322 600.2076 600.194 600.2238 600.2786 600.3837 600.3805 600.4821 600.4967 600.5521 600.6168 600.614 600.7136
-9999 -9999 605.1929 601.6255 601.0832 600.9764 600.9075 600.8996 600.8927 600.8821 600.8843 600.8515 600.8303 600.8101 600.7888 600.79 600.8027 600.7894 600.7753 600.7531 600.751 600.749 600.7327 600.7104 600.6881 600.6927 600.6798 600.6662 600.6509 600.6508 600.6359 600.6185 600.6011 600.5931 600.5778 600.5551 600.5474 600.5363 600.5138 600.4976 600.4863 600.4655 600.453 600.4572 600.504 600.5433 600.6458 600.6843 600.791 600.8205 600.9178 600.9347 601.0421 601.0321 601.137 601.1894 601.2945 601.2841 601.373 601.3871 601.4232 601.4878 601.4669 601.5666
-9999 -9999 605.5731 601.9077 601.3653 601.1864 601.1148 601.0989 601.0816 601.0656 601.0731 601.0496 601.0294 601.009 600.9867 600.975 600.984 600.9664 600.9459 600.9239 600.9135 600.9135 600.892 600.8696 600.8471 600.841 600.8649 600.8804 600.8579 600.8376 600.924 600.9692 600.9473 600.9305 600.9932 601.0602 601.0474 601.0905 601.1984 601.1776 601.1948 601.3024 601.3121 601.3929 601.4584 601.485 601.5974 601.6193 601.7307 601.7524 601.8498 601.8667 601.9741 601.9643 602.0502 602.1044 602.2053 602.1943 602.264 602.2776 602.2943 602.3589 602.3322 602.4195
-9999 -9999 605.9532 602.1898 601.6474 601.3542 601.4111 601.4311 601.4118 601.3929 601.381 601.4432 601.4713 601.4577 601.441 601.4251 601.4343 601.5157 601.5208 601.4988 601.4965 601.5226 601.6068 601.5977 601.5889 601.5814 601.6733 601.7197 601.697 601.694 601.7752 601.832 601.8215 601.8242 601.8812 601.9536 601.96 602.0033 602.1112 602.1107 602.1282 602.236 602.267 602.3286 602.4123 602.4268 602.539 602.5549 602.6657 602.6843 602.7817 602.8165 602.9062 602.8966 602.9634 603.0355 603.116 603.1046 603.155 603.168 603.1653 603.2299 603.2035 603.2724
-9999 -9999 606.3334 602.4719 601.9295 601.9908 602.0463 602.0748 602.0661 602.0577 602.049 602.116 602.1568 602.1557 602.1512 602.1478 602.1561 602.2396 602.2695 602.2472 602.2727 602.2911 602.3787 602.3889 602.3959 602.4046 602.4819 602.5499 602.5361 602.5504 602.6264 602.6883 602.6958 602.7175 602.7692 602.8469 602.873 602.9161 603.024 603.0436 603.0613 603.1694 603.2218 603.2643 603.3663 603.3691 603.4807 603.4908 603.6008 603.6257 603.7136 603.7563 603.8383 603.8286 603.8768 603.9666 604.0268 604.015 604.046 604.0585 604.0364 604.101 604.0765 604.1253
-9999 -9999 606.7135 602.7658 602.2116 602.4959 602.6815 602.7188 602.72 602.7222 602.7247 602.7887 602.8433 602.8491 602.8616 602.8646 602.871 602.9636 603.0046 602.9955 603.0197 603.0582 603.1471 603.1798 603.1916 603.2105 603.2903 603.3561 603.3753 603.4072 603.4776 603.5446 603.5703 603.6108 603.6572 603.7403 603.7859 603.8289 603.9368 603.9765 603.9943 604.103 604.1765 604.2006 604.3108 604.3115 604.4223 604.44 604.5358 604.5818 604.6456 604.6884 604.7703 604.7605 604.7911 604.8975 604.9376 604.9257 604.9369 604.949 604.9272 604.972 604.9479 604.9782
-9999 -9999 607.0936 603.0676 602.4937 602.8627 603.3167 603.3629 603.3739 603.3867 603.4003 603.4614 603.5303 603.5317 603.5714 603.5706 603.5863 603.6876 603.7318 603.744 603.7728 603.8229 603.9155 603.9711 603.9828 604.0109 604.0988 604.1682 604.2146 604.2522 604.3288 604.4008 604.4447 604.5044 604.5452 604.6337 604.6985 604.7416 604.8495 604.9094 604.9272 605.0365 605.1185 605.1369 605.2465 605.2538 605.3639 605.394 605.4712 605.5358 605.5776 605.6204 605.7023 605.6926 605.7053 605.8112 605.8484 605.8364 605.8279 605.8395 605.8174 605.8431 605.8193 605.8311
-9999 -9999 607.4738 603.3693 602.7758 603.2296 603.9518 604.0065 604.0283 604.051 604.0756 604.1341 604.2059 604.2143 604.2818 604.2767 604.3016 604.4116 604.459 604.4923 604.5352 604.5876 604.6838 604.7623 604.7739 604.8113 604.908 604.9907 605.0538 605.0914 605.1766 605.2571 605.319 605.3977 605.4332 605.527 605.6115 605.6544 605.7623 605.8423 605.8602 605.97 606.0519 606.0732 606.1822 606.2053 606.3058 606.3483 606.4071 606.4902 606.5097 606.5524 606.6344 606.6246 606.6195 606.7244 606.7592 606.7472 606.7233 606.73 606.7076 606.7142 606.6908 606.6841
-9999 -9999 607.8539 603.6711 603.0579 603.5964 604.5784 604.6439 604.6822 604.716 604.7513 604.8068 604.8777 604.8969 604.9658 604.9827 605.0169 605.1355 605.187 605.2407 605.293 605.3573 605.4522 605.5524 605.5651 605.6116 605.7174 605.8091 605.8928 605.9305 606.0195 606.1133 606.1931 606.2827 606.3212 606.4202 606.5103 606.5672 606.675 606.7754 606.7932 606.9036 606.9854 607.018 607.1183 607.1602 607.2482 607.3027 607.343 607.4446 607.4418 607.4844 607.5664 607.5566 607.5337 607.6386 607.6699 607.658 607.634 607.6206 607.598 607.5853 607.5624 607.537
-9999 -9999 608.2341 603.9729 603.34 603.9633 605.1958 605.2791 605.3365 605.3786 605.4227 605.4795 605.5496 605.5795 605.6494 605.6887 605.7382 605.8501 605.9219 605.9894 606.0415 606.134 606.2206 606.3206 606.3563 606.412 606.5269 606.6177 606.7321 606.7697 606.8622 606.9696 607.0675 607.1539 607.2092 607.3103 607.4036 607.4799 607.5878 607.6926 607.7261 607.837 607.9188 607.9729 608.0547 608.1147 608.1906 608.2568 608.2788 608.3876 608.3738 608.4165 608.418 608.3938 608.373 608.3505 608.3281 608.3053 608.283 608.256 608.2335 608.207 608.1845 608.1581
-9999 -9999 608.6143 604.2747 603.6221 604.3301 605.7853 605.9143 605.9724 606.0245 606.079 606.1465 606.2214 606.2621 606.3329 606.3948 606.4608 606.5647 606.6571 606.7377 606.79 606.9092 606.9868 607.0889 607.1474 607.2139 607.3362 607.4261 607.5667 607.6089 607.7051 607.8258 607.9253 608.0251 608.0972 608.1983 608.297 608.3927 608.5006 608.6053 608.6591 608.69 608.666 608.6458 608.6253 608.6047 608.5842 608.5635 608.5425 608.5217 608.5008 608.4799 608.4545 608.4335 608.4127 608.3903 608.3679 608.3451 608.3228 608.296 608.2734 608.2472 608.2247 608.1984
-9999 -9999 608.9944 604.5764 603.9043 604.697 606.1522 606.5494 606.6082 606.6703 606.7352 606.8112 606.8932 606.9447 607.02 607.1008 607.1833 607.2793 607.3887 607.4862 607.5384 607.6542 607.7515 607.8571 607.9385 608.0206 608.1456 608.2355 608.3729 608.4481 608.5479 608.6821 608.7815 608.882 608.857 608.8375 608.8212 608.8024 608.7833 608.7669 608.7468 608.7263 608.7062 608.6859 608.6654 608.6447 608.6242 608.6034 608.5825 608.5615 608.5405 608.5196 608.4943 608.4733 608.4525 608.43 608.4077 608.3849 608.3625 608.3359 608.3134 608.2874 608.2648 608.2387
-9999 -9999 609.3746 604.8782 604.1864 605.0638 606.519 607.1796 607.2441 607.3163 607.3915 607.4758 607.565 607.6293 607.7181 607.81 607.902 607.9941 608.1127 608.2186 608.2869 608.3991 608.5162 608.6252 608.7297 608.8206 608.9512 609.0225 609.0018 608.9847 608.9684 608.953 608.9333 608.9168 608.8984 608.8784 608.862 608.8432 608.8236 608.8073 608.7873 608.7667 608.7465 608.726 608.7056 608.6847 608.6642 608.6432 608.6223 608.6013 608.5802 608.5593 608.534 608.5131 608.4922 608.4697 608.4474 608.4247 608.4023 608.3759 608.3534 608.3275 608.3049 608.2791
-9999 -9999 609.7548 605.18 604.4685 605.4306 606.8858 607.797 607.8799 607.9622 608.0477 608.1404 608.2369 608.3157 608.402 608.5201 608.608 608.7095 608.8295 608.9458 609.0353 609.144 609.141 609.1267 609.1105 609.0911 609.0775 609.0615 609.0443 609.0272 609.0099 608.9949 608.9752 608.9581 608.9398 608.9199 608.9028 608.8841 608.864 608.8476 608.8277 608.8071 608.7867 608.7662 608.7457 608.7247 608.7042 608.6831 608.6622 608.6412 608.6199 608.599 608.5738 608.5528 608.532 608.5095 608.4872 608.4645 608.4421 608.4158 608.3933 608.3677 608.345 608.3194
-9999 -9999 610.1349 605.4818 604.7506 605.7975 607.2527 608.4143 608.5157 608.608 608.7039 608.805 608.9087 608.9982 609.0846 609.2158 609.2784 609.2599 609.2469 609.2297 609.2136 609.1991 609.1853 609.1702 609.1544 609.1348 609.1207 609.1044 609.0867 609.0696 609.0515 609.0369 609.0172 608.9994 608.9812 608.9614 608.9437 608.9249 608.9046 608.888 608.8682 608.8475 608.827 608.8063 608.7858 608.7646 608.7441 608.723 608.7021 608.681 608.6596 608.6387 608.6137 608.5926 608.5718 608.5493 608.527 608.5043 608.4819 608.4558 608.4333 608.4078 608.3851 608.3597
