SIN0=(0.08632830949409943,2.0,-0.94,MASK0)
SIN1=(0.07224369833573117,3.0,-1.99,MASK0)
SIN2=(0.044381801201029435,4.0,-2.38,MASK0)
SIN3=(0.024277075798257972,5.0,0.94,MASK0)
SIN4=(0.033754559485557806,6.0,1.06,MASK0)
SIN5=(0.04121606882999468,7.0,-2.58,MASK0)
SIN6=(0.056777645997798276,7.5,-3.03,MASK0)
SIN7=(0.01888854926068729,8.5,0.11,MASK0)
SIN8=(0.04233898953512973,10.0,-2.78,MASK0)
SIN9=(0.029009379750923315,11.0,0.63,MASK0)
SIN10=(0.04053223318386621,12.0,-2.92,MASK0)
SIN11=(0.006979101249012653,13.0,-2.58,MASK0)
SIN12=(0.026071661668634723,14.5,2.69,MASK0)
SIN13=(0.01225786605902746,15.5,-2.16,MASK0)
SIN14=(0.006564367777960644,25.5,0.78,MASK0)
SIN15=(0.0076952537693794915,30.0,-0.02,MASK0)
SIN16=(0.013610705177480148,28.0,-0.39,MASK0)
SIN17=(0.007299765503785568,23.5,-0.92,MASK0)
SIN18=(0.017457615427283486,17.5,1.36,MASK0)
SIN19=(0.02339283359364136,13.5,0.8,MASK0)
SIN20=(0.006979101249012652,13.0,-2.58,MASK0)
SIN21=(0.029009379750923298,11.0,0.63,MASK0)
SIN22=(0.042338989535129726,10.0,-2.78,MASK0)
SIN23=(0.01888854926068729,8.5,0.11,MASK0)
SIN24=(0.056777645997798255,7.5,-3.03,MASK0)
SIN25=(0.04121606882999468,7.0,-2.58,MASK0)
SIN26=(0.033754559485557806,6.0,1.06,MASK0)
SIN27=(0.02427707579825797,5.0,0.94,MASK0)
SIN28=(0.04438180120102944,4.0,-2.38,MASK0)
SIN29=(0.07224369833573116,3.0,-1.99,MASK0)
SIN30=(0.08632830949409945,2.0,-0.94,MASK0)
SIN31=(0.034418506314730646,1.0,0.95,MASK0)

