SIN0=(0.034418506314730646,1.0,0.95,MASK0)
SIN1=(0.08632830949409943,2.0,-0.94,MASK0)
SIN2=(0.07224369833573117,3.0,-1.99,MASK0)
SIN3=(0.044381801201029435,4.0,-2.38,MASK0)
SIN4=(0.024277075798257972,5.0,0.94,MASK0)
SIN5=(0.033754559485557806,6.0,1.06,MASK0)
SIN6=(0.04121606882999468,7.0,-2.58,MASK0)
SIN7=(0.056777645997798276,7.5,-3.03,MASK0)
SIN8=(0.01888854926068729,8.5,0.11,MASK0)
SIN9=(0.04233898953512973,10.0,-2.78,MASK0)
SIN10=(0.029009379750923315,11.0,0.63,MASK0)
SIN11=(0.04053223318386621,12.0,-2.92,MASK0)
SIN12=(0.006979101249012653,13.0,-2.58,MASK0)
SIN13=(0.02339283359364136,13.5,0.8,MASK0)
SIN14=(0.026071661668634723,14.5,2.69,MASK0)
SIN15=(0.01225786605902746,15.5,-2.16,MASK0)
SIN16=(0.01671548078810991,16.5,-1.29,MASK0)
SIN17=(0.01745761542728349,17.5,1.36,MASK0)
SIN18=(0.019133214346539182,18.5,-1.0,MASK0)
SIN19=(0.013444971045921083,19.5,-0.97,MASK0)
SIN20=(0.015604718552378608,20.5,1.42,MASK0)
SIN21=(0.013851194910172714,21.5,1.28,MASK0)
SIN22=(0.019133214346539185,18.5,-1.0,MASK0)
SIN23=(0.017457615427283486,17.5,1.36,MASK0)
SIN24=(0.016715480788109905,16.5,-1.29,MASK0)
SIN25=(0.012257866059027452,15.5,-2.16,MASK0)
SIN26=(0.026071661668634723,14.5,2.69,MASK0)
SIN27=(0.02339283359364136,13.5,0.8,MASK0)
SIN28=(0.006979101249012652,13.0,-2.58,MASK0)
SIN29=(0.0405322331838662,12.0,-2.92,MASK0)
SIN30=(0.029009379750923298,11.0,0.63,MASK0)
SIN31=(0.042338989535129726,10.0,-2.78,MASK0)
SIN32=(0.01888854926068729,8.5,0.11,MASK0)
SIN33=(0.056777645997798255,7.5,-3.03,MASK0)
SIN34=(0.04121606882999468,7.0,-2.58,MASK0)
SIN35=(0.033754559485557806,6.0,1.06,MASK0)
SIN36=(0.02427707579825797,5.0,0.94,MASK0)
SIN37=(0.04438180120102944,4.0,-2.38,MASK0)
SIN38=(0.07224369833573116,3.0,-1.99,MASK0)
SIN39=(0.08632830949409945,2.0,-0.94,MASK0)
SIN40=(0.034418506314730646,1.0,0.95,MASK0)

