samples/sfe_316/sfe_316_c1/sfe_316_c1/sfe_316_c1.asc
ncols         184
nrows         75
xllcorner     96.199999999255
yllcorner     62.60000000149
cellsize      1
NODATA_value  -9999
[rows 28 to 55 of 75, columns 0 to 63 of 184]
-9999 604.6372 601.8249 601.6683 601.5132 601.3553 601.1993 601.0423 600.993 601.017 600.718 600.7715 600.6495 600.481 600.5 600.567 600.3735 600.2855 600.357 600.3701 600.2946 600.071 599.8185 599.9395 599.7605 599.559 599.6375 599.674 599.484 599.67 599.5735 599.4475 599.5745 599.3875 599.1845 599.2355 599.4135 599.432 599.2145 599.16 599.243 599.093 598.8555 598.757 598.822 598.7395 598.8135 598.9035 598.9365 598.8665 598.887 598.778 598.654 598.8005 598.8415 598.7435 598.4505 598.4185 598.4725 598.5725 598.3145 598.1295 598.14 598.276
-9999 605.0459 601.1623 601.133 601.0335 600.9515 600.846 600.6145 600.7595 600.8055 600.4745 600.514 600.2975 600.1285 600.353 600.3961 600.0465 599.95 599.973 599.914 599.881 599.965 599.722 599.7865 599.6045 599.588 599.6205 599.6755 599.427 599.5025 599.3 599.1525 599.3975 599.3695 599.244 599.074 599.257 599.311 598.9855 598.9375 598.9815 599.0855 598.8521 598.8615 598.8835 598.703 598.8735 598.8 598.6945 598.6675 598.6655 598.7675 598.53 598.482 598.534 598.6465 598.4175 598.4295 598.486 598.533 598.2935 598.3115 598.3685 598.4175
-9999 605.4546 601.0195 600.759 600.7061 600.8065 600.656 600.5355 600.4075 600.312 600.363 600.4125 600.109 599.9 599.9795 599.9635 599.7985 599.6745 599.617 599.592 599.7125 599.864 599.592 599.6855 599.667 599.495 599.4365 599.395 599.426 599.4905 599.2335 599.233 599.2005 599.153 599.1255 599.1755 599.257 599.2385 598.9325 598.7375 598.738 598.818 598.744 598.9955 599.047 598.7005 598.664 598.5575 598.49 598.663 598.6631 598.6389 598.5592 598.4498 598.333 598.619 598.6015 598.6185 598.46 598.3455 598.397 598.3305 598.276 598.246
-9999 605.8633 600.7765 600.544 600.569 600.5905 600.33 600.3815 600.1835 600.0125 600.246 600.2995 599.9691 599.947 599.9755 599.9295 599.8795 599.83 599.763 599.568 599.732 599.799 599.485 599.4095 599.4295 599.4635 599.4195 599.243 599.4165 599.4855 599.192 599.273 599.1005 599.115 599.154 599.063 599.0385 599.1515 598.923 598.9387 598.9557 598.952 598.9195 598.834 598.797 598.834 598.822 598.793 598.7635 598.666 598.6455 598.7635 598.5375 598.557 598.597 598.5125 598.495 598.605 598.3525 598.2425 598.4915 598.467 598.357 598.1965
-9999 606.272 601.1423 600.5345 600.594 600.486 600.163 600.065 600.1515 600.1655 600.1875 599.9725 599.7605 599.792 599.7935 599.952 599.9705 599.92 599.8635 599.5345 599.663 599.7375 599.4245 599.394 599.2755 599.3135 599.5 599.4295 599.279 599.3695 599.1515 599.0715 599.1683 599.258 599.152 598.881 598.8395 598.948 599.028 599.005 599.112 598.977 598.892 598.89 598.731 598.968 599.0525 599.0334 598.9815 598.609 598.4995 598.61 598.705 598.6395 598.593 598.6125 598.628 598.6805 598.4305 598.488 598.619 598.454 598.3765 598.409
-9999 606.6807 601.5082 600.246 600.1695 600.2705 600.019 599.848 600.0715 600.004 599.878 599.89 599.8655 599.8315 599.7925 599.693 599.627 599.5885 599.537 599.4215 599.618 599.695 599.4015 599.4865 599.3105 599.2844 599.4081 599.5225 599.24 599.3265 599.167 599.187 599.2615 599.316 599.071 599.089 599.13 598.9665 599.1235 598.9805 599.1005 599.0985 599.0475 599.095 598.8575 598.815 598.856 598.83 598.8195 598.85 598.8245 598.6715 598.8425 598.833 598.768 598.677 598.647 598.7575 598.538 598.494 598.5291 598.561 598.5715 598.6195
-9999 607.0895 601.8339 600.213 599.959 599.9435 600.0335 599.854 599.815 599.7205 599.8055 599.817 599.736 599.72 599.851 599.7515 599.4865 599.3595 599.34 599.4421 599.5639 599.697 599.3895 599.3295 599.4425 599.464 599.3625 599.4695 599.423 599.2705 599.3305 599.478 599.487 599.4091 599.1485 599.29 599.1985 599.0045 599.215 599.042 599.0205 599.266 599.3145 599.2365 598.961 598.967 598.859 598.958 598.9985 598.921 598.884 598.7465 598.778 598.8625 599.004 598.89 598.6775 598.8665 598.858 598.7325 598.5445 598.5755 598.6215 598.725
-9999 607.4982 602.0872 600.6705 599.9515 599.7925 600.0315 600.036 599.9155 599.7195 599.8835 599.8955 599.7845 599.6005 599.7035 599.87 599.573 599.5735 599.613 599.4415 599.631 599.7195 599.41 599.2835 599.555 599.6455 599.3535 599.313 599.337 599.2475 599.4406 599.381 599.316 599.4325 599.249 599.357 599.1885 599.0635 599.3395 599.3625 599.2775 599.1945 599.1875 599.3095 599.1245 599.2234 599.062 599.029 599.0775 599.1315 599.1175 599.115 599.0695 598.8975 599.119 599.177 598.875 598.843 598.8955 598.999 598.7955 598.8335 598.8925 598.927
-9999 607.9069 602.3405 600.5705 600.001 599.8434 600.005 600.1435 600.0755 599.8262 599.711 599.955 599.989 599.837 599.692 599.816 599.7755 599.6275 599.592 599.464 599.491 599.54 599.604 599.6235 599.5105 599.459 599.551 599.5615 599.546 599.5425 599.4406 599.285 599.4269 599.416 599.3135 599.499 599.3295 599.226 599.507 599.6245 599.4125 599.187 599.358 599.5025 599.2845 599.3975 599.2565 599.2695 599.152 599.178 599.244 599.2165 599.186 599.083 599.104 599.1071 599.0195 599.124 599.1665 599.0435 598.932 599.178 599.2215 598.9875
-9999 608.3156 602.5938 600.8801 599.9965 599.8985 600.0031 599.9435 599.8365 599.888 599.8845 599.786 599.765 599.8965 599.692 599.6405 599.691 599.751 599.769 599.7575 599.7305 599.572 599.772 599.865 599.5715 599.4595 599.725 599.6775 599.6075 599.738 599.5325 599.417 599.698 599.7065 599.6655 599.7435 599.5045 599.398 599.692 599.793 599.475 599.39 599.6725 599.765 599.512 599.61 599.4585 599.5959 599.433 599.494 599.5445 599.5315 599.528 599.498 599.505 599.483 599.4535 599.343 599.307 599.348 599.3525 599.3095 599.2415 599.1475
-9999 608.7243 602.8568 601.1898 599.9605 599.828 600.042 600.0385 599.778 599.8215 600.023 599.7965 599.832 599.8445 599.8865 599.883 599.7035 599.9385 600.059 600.038 600.0366 599.9275 599.9435 599.812 599.829 599.8965 599.9525 599.895 599.8285 599.765 599.828 599.673 599.698 599.78 599.7635 599.7625 599.84 599.901 599.785 599.915 599.7055 599.6025 599.899 599.9995 599.9515 599.946 599.8125 599.943 599.8545 600.016 600.072 599.986 600.006 599.96 599.994 599.9794 599.9554 599.9269 599.9601 600.0112 599.9872 599.9607 599.9347 599.9106
-9999 609.133 603.2655 601.4994 599.9855 599.8465 600.121 600.2245 599.93 599.8065 600.048 599.9355 600.0464 599.931 600.0715 600.1755 599.8985 599.86 599.9175 599.917 599.922 599.9285 599.902 599.8375 600.059 599.9945 599.931 599.953 599.9355 599.87 600.1075 600.124 600.0915 600.081 600.073 599.9645 600.169 600.317 600.099 600.2285 600.204 600.26 600.2603 600.319 600.3798 600.3736 600.4316 600.4551 600.5158 600.5367 600.5347 600.5947 600.5955 600.6039 600.6632 600.6586 600.6346 600.6066 600.6275 600.6786 600.6545 600.6281 600.6021 600.5776
-9999 609.5417 603.6742 601.809 600.27 600.205 600.101 600.057 600.168 600.197 600.087 600.1525 600.2715 600.2365 600.2645 600.1295 600.16 599.9975 599.947 600.1145 600.026 600.116 600.025 599.975 600.087 600.0345 600.0115 600.2095 600.0605 600.0735 600.4025 600.618 600.546 600.4405 600.4545 600.5255 600.5947 600.6552 600.7028 600.7763 600.8372 600.8826 600.9401 600.9954 601.0562 601.053 601.111 601.1317 601.1918 601.217 601.21 601.27 601.2753 601.2732 601.3325 601.3377 601.3137 601.2861 601.2949 601.3461 601.3218 601.2955 601.2693 601.2446
-9999 -9999 604.0829 602.1186 600.253 600.3845 600.1865 600.0665 600.3545 600.472 600.186 600.1615 600.238 600.2535 600.2505 600.185 600.42 600.4615 600.4145 600.4975 600.3295 600.461 600.3115 600.416 600.5385 600.5865 600.6185 600.6055 600.6799 600.7675 600.8406 600.9132 600.9871 601.0604 601.1311 601.2023 601.2719 601.3339 601.3823 601.4558 601.5154 601.5623 601.6198 601.6718 601.7326 601.7323 601.7903 601.8104 601.8678 601.8974 601.8859 601.9452 601.9553 601.9432 602.0017 602.0169 601.9929 601.9657 601.9623 602.0135 601.9892 601.963 601.9367 601.9116
-9999 -9999 604.4916 602.4282 600.5274 600.3985 600.4755 600.527 600.424 600.38 600.3245 600.451 600.351 600.2785 600.3235 600.5635 600.715 600.6155 600.608 600.7975 600.7825 600.752 600.829 600.9172 601.0056 601.0945 601.1843 601.2714 601.3542 601.4426 601.5176 601.5903 601.6656 601.739 601.8077 601.879 601.9486 602.0126 602.062 602.1353 602.1937 602.2419 602.2996 602.3486 602.4091 602.4117 602.4697 602.4911 602.5438 602.5778 602.5616 602.6205 602.6352 602.6132 602.671 602.696 602.6721 602.6453 602.6298 602.6809 602.6566 602.6304 602.604 602.5786
-9999 -9999 604.9003 602.7379 600.8018 600.481 600.7155 600.851 600.5895 600.646 600.7645 600.852 600.6655 600.7475 600.875 600.853 600.9003 601.0093 601.1196 601.2078 601.2861 601.3959 601.5037 601.5919 601.6804 601.7692 601.8606 601.9483 602.0281 602.1171 602.1946 602.2674 602.3425 602.4176 602.4844 602.5558 602.6254 602.6913 602.742 602.8149 602.872 602.9216 602.9794 603.0256 603.0854 603.0911 603.149 603.1719 603.2197 603.2581 603.2375 603.2957 603.3151 603.2894 603.3402 603.3752 603.3512 603.3248 603.2972 603.3483 603.3239 603.2978 603.2714 603.2456
-9999 -9999 605.3091 603.0475 601.0762 600.724 600.7805 600.996 600.843 600.8475 601.08 601.0301 601.1547 601.2529 601.3539 601.4639 601.5723 601.6807 601.791 601.8873 601.9607 602.0677 602.1771 602.2668 602.3551 602.4438 602.5363 602.6252 602.7063 602.7915 602.8717 602.9445 603.0187 603.0963 603.1611 603.2327 603.3022 603.37 603.422 603.4944 603.5504 603.6013 603.6592 603.7028 603.7618 603.7704 603.8284 603.8527 603.8957 603.9384 603.9133 603.9709 603.995 603.969 604.0095 604.0543 604.0303 604.0043 603.9778 604.0157 603.9912 603.9651 603.9387 603.9126
-9999 -9999 605.7178 603.3571 601.3506 601.1405 601.1972 601.3074 601.4177 601.4919 601.6054 601.7072 601.8177 601.9301 602.0253 602.1348 602.2443 602.352 602.4623 602.5668 602.6397 602.7392 602.8481 602.9416 603.0299 603.1184 603.1987 603.3017 603.3844 603.4659 603.5488 603.6216 603.695 603.7748 603.8378 603.9094 603.979 604.0487 604.102 604.1739 604.2286 604.281 604.339 604.3798 604.4382 604.4503 604.5078 604.5334 604.5721 604.6188 604.5923 604.6462 604.675 604.6507 604.6795 604.7334 604.7095 604.6834 604.657 604.683 604.6586 604.6321 604.6061 604.5796
-9999 -9999 606.1265 603.5798 601.6281 601.6529 601.8686 601.9788 602.0891 602.1732 602.274 602.3843 602.4808 602.6071 602.6967 602.8059 602.916 603.0233 603.1336 603.2288 603.3193 603.4106 603.5192 603.6164 603.7024 603.7931 603.8746 603.978 604.0625 604.1381 604.2258 604.2986 604.3713 604.4535 604.5161 604.5862 604.6558 604.7274 604.782 604.8534 604.9069 604.962 605.0188 605.0569 605.1146 605.1311 605.1871 605.2142 605.2487 605.2991 605.272 605.322 605.355 605.3315 605.3495 605.4072 605.3886 605.3624 605.3357 605.3504 605.326 605.2991 605.2736 605.2466
-9999 -9999 606.5352 603.7734 601.9106 602.0447 602.54 602.6503 602.7606 602.8544 602.9426 603.0614 603.1501 603.2842 603.3729 603.4781 603.587 603.6946 603.8049 603.9033 603.9988 604.082 604.1901 604.2911 604.3712 604.4678 604.5507 604.6542 604.7404 604.8076 604.9028 604.9757 605.0482 605.1321 605.1953 605.2631 605.3326 605.4042 605.462 605.533 605.5852 605.643 605.6985 605.734 605.7911 605.8118 605.8665 605.895 605.9252 605.9794 605.9518 605.9978 606.035 606.0115 606.0195 606.0764 606.0678 606.0415 606.0148 606.0177 605.9935 605.9661 605.941 605.9136
-9999 -9999 606.9439 603.9671 602.1931 602.4365 603.2114 603.3217 603.4319 603.5356 603.6158 603.7385 603.8272 603.949 604.05 604.1498 604.2581 604.3667 604.4763 604.5778 604.6783 604.7578 604.8624 604.9659 605.0435 605.1425 605.2266 605.3271 605.4173 605.4791 605.5775 605.6528 605.7252 605.8107 605.8744 605.9399 606.0095 606.0809 606.142 606.2125 606.2635 606.3239 606.3782 606.4111 606.4683 606.4926 606.5458 606.5757 606.6018 606.6598 606.6317 606.6736 606.715 606.6915 606.6896 606.7458 606.7469 606.7206 606.694 606.6851 606.6609 606.6331 606.6084 606.5806
-9999 -9999 607.3526 604.1608 602.4756 602.8283 603.8828 603.9931 604.1034 604.2137 604.2918 604.4156 604.5043 604.6121 604.7271 604.8213 604.929 605.0387 605.1476 605.2523 605.3494 605.4349 605.5346 605.6407 605.7193 605.8173 605.9026 605.9894 606.0942 606.1573 606.252 606.3299 606.4023 606.4886 606.5535 606.6166 606.6862 606.7576 606.822 606.892 606.9418 607.0022 607.0579 607.0893 607.1453 607.1734 607.2252 607.2565 607.2783 607.3364 607.3116 607.3494 607.395 607.3712 607.3596 607.4159 607.4261 607.3997 607.3731 607.3524 607.3283 607.3001 607.2758 607.2476
-9999 -9999 607.7613 604.3544 602.7581 603.2202 604.5482 604.6646 604.7748 604.8851 604.9711 605.0919 605.1814 605.2751 605.4042 605.4929 605.6003 605.7102 605.8189 605.9268 606.0097 606.112 606.2065 606.3134 606.3951 606.4872 606.5786 606.6516 606.7711 606.8354 606.9219 607.007 607.0794 607.1649 607.2327 607.2935 607.363 607.4342 607.502 607.572 607.6201 607.6805 607.7375 607.7703 607.8224 607.8541 607.9045 607.9373 607.9549 608.0126 607.9915 608.0253 608.007 607.981 607.9584 607.9344 607.9098 607.8852 607.8604 607.8315 607.8075 607.7791 607.7551 607.7266
-9999 -9999 608.17 604.5482 603.0406 603.6119 605.1841 605.3359 605.4462 605.5565 605.6523 605.7604 605.8585 605.9472 606.0802 606.17 606.2726 606.3812 606.4902 606.6005 606.6741 606.7899 606.878 606.9846 607.071 607.1559 607.2545 607.324 607.4478 607.5135 607.5914 607.684 607.7565 607.8411 607.9118 607.9701 608.0399 608.1109 608.182 608.252 608.2984 608.2995 608.2739 608.2517 608.2292 608.2067 608.1842 608.1617 608.1394 608.1165 608.0937 608.071 608.043 608.0207 607.9981 607.9741 607.9495 607.9249 607.9002 607.8715 607.8475 607.8192 607.7952 607.7669
-9999 -9999 608.5787 604.7418 603.3232 604.0038 605.576 606.0074 606.1177 606.228 606.3336 606.4308 606.5356 606.6243 606.7433 606.8471 606.9448 607.0522 607.1616 607.2719 607.3486 607.4694 607.5549 607.6568 607.7469 607.8246 607.93 607.9999 608.1179 608.1916 608.2609 608.3611 608.4336 608.506 608.48 608.4582 608.4398 608.4193 608.3985 608.3799 608.3582 608.3359 608.314 608.2917 608.2692 608.2465 608.2241 608.2014 608.1791 608.1561 608.1334 608.1106 608.0826 608.0604 608.0378 608.0138 607.9892 607.9647 607.9399 607.9114 607.8874 607.8593 607.8354 607.8072
-9999 -9999 608.9874 604.9355 603.6081 604.3956 605.9678 606.6788 606.7891 606.8994 607.0096 607.1069 607.2127 607.3014 607.4063 607.5242 607.6171 607.7232 607.8331 607.9432 608.0231 608.132 608.2319 608.329 608.4228 608.4951 608.6031 608.6575 608.6354 608.6161 608.5977 608.5805 608.5593 608.5412 608.5209 608.499 608.4804 608.4598 608.4387 608.4202 608.3984 608.3762 608.3541 608.3317 608.3092 608.2864 608.2639 608.2411 608.2188 608.1959 608.173 608.1502 608.1223 608.1 608.0775 608.0535 608.0289 608.0043 607.9797 607.9514 607.9274 607.8994 607.8755 607.8475
-9999 -9999 609.3962 605.1292 603.8933 604.7874 606.3596 607.3425 607.4605 607.5708 607.6811 607.7828 607.8898 607.9785 608.0694 608.2014 608.29 608.3948 608.5044 608.6145 608.6976 608.7924 608.7854 608.7697 608.7513 608.7298 608.7141 608.6967 608.6776 608.6584 608.6391 608.6222 608.601 608.5822 608.5621 608.5403 608.5211 608.5005 608.4789 608.4604 608.4387 608.4164 608.3942 608.3716 608.3492 608.3262 608.3038 608.2808 608.2585 608.2356 608.2126 608.1899 608.162 608.1397 608.1171 608.0931 608.0686 608.0441 608.0195 607.9913 607.9673 607.9395 607.9157 607.8879
-9999 -9999 609.8049 605.3607 604.1785 605.1793 606.7515 608.0056 608.1319 608.2422 608.3525 608.4588 608.5669 608.6556 608.7443 608.8745 608.9335 608.913 608.8981 608.8787 608.861 608.8447 608.8293 608.8129 608.7949 608.7733 608.757 608.7393 608.7198 608.7006 608.6805 608.6639 608.6428 608.6233 608.6033 608.5815 608.5618 608.5411 608.5193 608.5005 608.4789 608.4567 608.4343 608.4116 608.3892 608.3661 608.3436 608.3206 608.2983 608.2753 608.2523 608.2295 608.2019 608.1794 608.1568 608.1328 608.1083 608.0838 608.0592 608.0313 608.0073 607.9796 607.9559 607.9282
