samples/sfe_316/sfe_316_c1/sfe_316_c1/sfe_316_c1.asc
ncols         184
nrows         75
xllcorner     96.199999999255
yllcorner     62.60000000149
cellsize      1
NODATA_value  -9999
[rows 0 to 27 of 75, columns 64 to 127 of 184]
608.6605 608.6366 608.6126 608.5887 608.5648 608.5409 608.5169 608.4931 608.4691 608.445 608.4218 608.3978 608.374 608.3499 608.3266 608.3026 608.2786 608.2552 608.2312 608.2079 608.1839 608.1599 608.1365 608.1125 608.0891 608.0651 608.0416 608.0175 607.9941 607.9706 607.9467 607.923 607.8995 607.8755 607.8519 607.8284 607.8044 607.7807 607.7571 607.7335 607.7095 607.6858 607.6621 607.6385 607.6145 607.5908 607.5671 607.5433 607.5197 607.496 607.4722 607.4484 607.4247 607.4007 607.377 607.3532 607.3294 607.3057 607.2819 607.2581 607.234 607.2104 607.1865 607.1628
608.5605 608.537 608.5131 608.4897 608.4656 608.4423 608.4183 608.395 608.371 608.3483 608.3261 608.3021 608.2786 608.2546 608.2336 608.2097 608.1855 608.1646 608.1404 608.1193 608.0953 608.0723 608.0499 608.0269 608.0045 607.9812 607.9584 607.9354 607.9127 607.8912 607.8671 607.8447 607.8231 607.799 607.7766 607.7548 607.7307 607.7081 607.6856 607.6635 607.6401 607.6168 607.5941 607.572 607.5479 607.5258 607.5023 607.4794 607.457 607.4341 607.4112 607.3882 607.3652 607.3412 607.3186 607.2955 607.2725 607.2494 607.2267 607.2032 607.18 607.1569 607.1329 607.1105
608.4605 608.4374 608.4135 608.3906 608.3666 608.3437 608.3197 608.2969 608.2728 608.2526 608.2304 608.2064 608.1833 608.1593 608.1406 608.1166 608.0926 608.0738 608.0495 608.0307 608.0067 607.9858 607.9632 607.9423 607.9198 607.8981 607.8752 607.8541 607.8313 607.8117 607.7875 607.7665 607.7466 607.7224 607.7013 607.6811 607.6569 607.6356 607.6141 607.5935 607.5715 607.5477 607.5261 607.5053 607.4812 607.4616 607.4374 607.4155 607.3943 607.3723 607.3502 607.328 607.3058 607.2817 607.2602 607.2379 607.2155 607.1932 607.1722 607.1484 607.1258 607.1034 607.0799 607.0582
608.3605 608.3378 608.3138 608.2915 608.2675 608.2451 608.2211 608.1988 608.1747 608.1569 608.1347 608.1107 608.088 608.064 608.0477 608.0237 608.0018 607.983 607.9587 607.9421 607.9181 607.8992 607.8766 607.8578 607.8352 607.8151 607.7921 607.7728 607.7499 607.7322 607.7079 607.6883 607.6701 607.6459 607.6259 607.6075 607.5832 607.563 607.5427 607.5235 607.5029 607.4787 607.458 607.4387 607.4145 607.3969 607.3727 607.3531 607.3317 607.3105 607.2892 607.2678 607.2464 607.2245 607.2033 607.1816 607.16 607.1369 607.1176 607.0936 607.0715 607.0499 607.0277 607.0059
608.2605 608.2382 608.2142 608.1924 608.1684 608.1465 608.1225 608.1007 608.0767 608.0612 608.0391 608.0151 607.9927 607.9703 607.9547 607.9307 607.9111 607.8923 607.8678 607.8535 607.8295 607.8127 607.79 607.7732 607.7505 607.732 607.7089 607.6915 607.6686 607.6527 607.6293 607.61 607.5936 607.5693 607.5506 607.5338 607.5095 607.4908 607.4712 607.4535 607.434 607.4106 607.3901 607.3721 607.3478 607.3322 607.3093 607.2909 607.269 607.2487 607.2282 607.2076 607.187 607.1672 607.1465 607.1255 607.1046 607.0817 607.063 607.0388 607.0175 606.9963 606.9747 606.9536
608.1605 608.1386 608.1146 608.0933 608.0693 608.0479 608.0239 608.0026 607.9786 607.9656 607.9434 607.9194 607.8975 607.8774 607.8617 607.8377 607.8203 607.8015 607.777 607.7649 607.7408 607.7261 607.7033 607.6887 607.6659 607.6489 607.6258 607.6102 607.5876 607.5732 607.5513 607.5318 607.5172 607.4927 607.4753 607.4601 607.4366 607.4196 607.3998 607.3835 607.3651 607.3432 607.3235 607.3055 607.2837 607.2675 607.2465 607.2286 607.2064 607.1868 607.1672 607.1475 607.1276 607.1093 607.0893 607.069 607.0488 607.0271 607.0083 606.9839 606.9645 606.9428 606.923 606.9013
608.0605 608.0391 608.0151 607.9942 607.9702 607.9493 607.9253 607.9045 607.8805 607.8699 607.8477 607.8237 607.8022 607.7845 607.7687 607.7448 607.7296 607.7108 607.6885 607.6763 607.6522 607.6396 607.6167 607.6041 607.5812 607.5659 607.5426 607.5289 607.5082 607.4937 607.4734 607.4537 607.4407 607.4172 607.4014 607.3865 607.3651 607.3484 607.3283 607.3135 607.2961 607.2758 607.2571 607.239 607.2197 607.2028 607.1836 607.1664 607.144 607.1254 607.1065 607.0876 607.0682 607.051 607.0317 607.0122 606.9926 606.9725 606.9535 606.9294 606.9115 606.8895 606.8712 606.8491
607.9605 607.9396 607.9156 607.8951 607.8711 607.8507 607.8267 607.8064 607.7825 607.7742 607.752 607.728 607.7071 607.6917 607.6757 607.6517 607.6388 607.62 607.6 607.5876 607.5636 607.553 607.53 607.5195 607.4966 607.4828 607.4598 607.4476 607.4288 607.4142 607.3954 607.3767 607.3642 607.3428 607.3278 607.3129 607.2935 607.2772 607.2573 607.2435 607.2272 607.2084 607.1906 607.1724 607.1555 607.1381 607.1206 607.1042 607.0828 607.0648 607.0467 607.0286 607.0087 606.9927 606.9741 606.9553 606.9364 606.9174 606.8987 606.8749 606.8585 606.8363 606.8195 606.7973
607.8605 607.8401 607.8162 607.796 607.772 607.7521 607.7281 607.7083 607.6855 607.6785 607.6563 607.6323 607.6119 607.5988 607.5828 607.5588 607.548 607.5292 607.5114 607.499 607.4753 607.4665 607.4437 607.435 607.4122 607.3997 607.3774 607.3663 607.3494 607.3347 607.3174 607.3002 607.2878 607.2686 607.2542 607.2392 607.222 607.2059 607.1877 607.1738 607.1582 607.1409 607.124 607.1059 607.09 607.0734 607.0568 607.0419 607.0219 607.0047 606.9873 606.9694 606.9496 606.9346 606.9166 606.8986 606.8803 606.862 606.844 606.8213 606.8055 606.7827 606.7677 606.7449
607.7605 607.7407 607.7167 607.6969 607.6729 607.6535 607.6295 607.6102 607.5899 607.5828 607.5606 607.5366 607.5167 607.5059 607.4898 607.4659 607.4573 607.4385 607.4229 607.4105 607.3883 607.3799 607.3583 607.3505 607.3283 607.3166 607.2961 607.2851 607.27 607.2552 607.2395 607.2238 607.2113 607.1943 607.1805 607.1655 607.1505 607.1347 607.1183 607.1041 607.0892 607.0735 607.0575 607.0395 607.0255 607.009 606.9933 606.9797 606.961 606.9446 606.928 606.9103 606.8903 606.8764 606.8593 606.842 606.8245 606.8069 606.7892 606.7684 606.7526 606.7307 606.7159 606.6937
607.487 607.4673 607.4435 607.4239 607.3999 607.3807 607.3601 607.3967 607.4496 607.428 607.4065 607.4091 607.431 607.413 607.3968 607.3743 607.3665 607.3477 607.3344 607.3218 607.3018 607.2934 607.2738 607.2659 607.2452 607.2335 607.2148 607.2038 607.1906 607.1758 607.1615 607.1473 607.1348 607.1199 607.1068 607.0919 607.0789 607.0635 607.0488 607.0356 607.0205 607.0061 606.991 606.9728 606.9612 606.9442 606.9294 606.9175 606.9 606.8845 606.8686 606.8512 606.8315 606.8183 606.8017 606.785 606.7682 606.7516 606.7345 606.7154 606.6996 606.6791 606.6642 606.6432
606.8087 606.7886 606.7652 606.7452 606.7212 606.7015 606.6923 606.7289 606.7704 606.7484 606.7269 606.7408 606.8038 606.7955 606.822 606.8821 606.8798 606.9406 606.9565 606.9973 607.0494 607.0876 607.1425 607.1796 607.167 607.1505 607.1335 607.1225 607.1112 607.0967 607.0836 607.0708 607.0583 607.0457 607.0332 607.0183 607.0073 606.9923 606.9792 606.967 606.9517 606.9387 606.9244 606.9079 606.897 606.8806 606.867 606.8551 606.8391 606.8243 606.8093 606.7921 606.7743 606.7615 606.7455 606.7295 606.7125 606.6971 606.6797 606.6624 606.6463 606.6274 606.6122 606.5928
606.1304 606.1099 606.0869 606.0664 606.0424 606.0233 606.0245 606.0612 606.0913 606.0688 606.0472 606.0727 606.1356 606.116 606.1463 606.2065 606.2037 606.2645 606.2766 606.3185 606.369 606.4103 606.4617 606.5004 606.5544 606.6081 606.6688 606.7333 606.7807 606.8442 606.9168 606.9673 606.9895 606.9714 606.9595 606.9455 606.9352 606.9211 606.9098 606.8984 606.8843 606.8709 606.8579 606.844 606.8328 606.8177 606.8048 606.7925 606.7782 606.7642 606.7499 606.733 606.717 606.7047 606.6895 606.6741 606.6578 606.6426 606.6251 606.6085 606.5929 606.5759 606.56 606.5423
605.4521 605.4312 605.4086 605.3877 605.3638 605.3555 605.3566 605.3934 605.4121 605.3893 605.3676 605.4045 605.4593 605.4365 605.4706 605.5278 605.5277 605.5885 605.5967 605.6396 605.6887 605.733 605.7809 605.8211 605.8737 605.9288 605.988 606.0526 606.1025 606.1671 606.2402 606.2906 606.3539 606.4525 606.511 606.575 606.6845 606.7581 606.8408 606.831 606.8169 606.8037 606.7914 606.7801 606.7685 606.7549 606.7426 606.73 606.7172 606.704 606.6906 606.6739 606.6599 606.6478 606.6334 606.6186 606.6032 606.588 606.5704 606.5552 606.5396 606.5236 606.5079 606.4912
604.7738 604.7524 604.7303 604.709 604.6852 604.6878 604.6888 604.7256 604.733 604.7097 604.6879 604.7364 604.7795 604.757 604.7949 604.8478 604.8516 604.9124 604.9168 604.9607 605.0084 605.0557 605.1002 605.1418 605.1931 605.2495 605.3073 605.3722 605.4243 605.4905 605.5635 605.614 605.6771 605.7777 605.834 605.9064 606.0085 606.081 606.1647 606.2556 606.3447 606.434 606.4993 606.5908 606.7047 606.692 606.6803 606.6681 606.6559 606.6434 606.6307 606.6147 606.6027 606.591 606.5772 606.5632 606.5486 606.5334 606.5157 606.5022 606.486 606.4717 606.4556 606.4406
604.0955 604.0737 604.052 604.0302 604.0067 604.02 604.021 604.0579 604.0538 604.0302 604.0082 604.0682 604.0995 604.0775 604.1193 604.1679 604.1756 604.2363 604.2369 604.2818 604.3281 604.3784 604.4194 604.4626 604.5123 604.5701 604.6265 604.6926 604.7461 604.8138 604.8866 604.9373 604.9998 605.1014 605.1569 605.238 605.3315 605.4039 605.4886 605.5789 605.6685 605.7578 605.8218 605.9282 606.028 606.1281 606.2217 606.3003 606.4103 606.5198 606.5765 606.5557 606.5454 606.5342 606.5211 606.5078 606.494 606.4789 606.4623 606.4492 606.4331 606.42 606.4034 606.39
603.4172 603.395 603.3737 603.3515 603.3279 603.3523 603.3531 603.3901 603.3747 603.3506 603.3394 603.4001 603.4195 603.398 603.4436 603.488 603.4995 603.5603 603.5569 603.6029 603.6477 603.701 603.7386 603.7833 603.8317 603.8909 603.9457 604.0131 604.0679 604.1372 604.2084 604.2606 604.3225 604.4237 604.4798 604.5695 604.6544 604.7268 604.8126 604.9022 604.9924 605.0808 605.1443 605.2627 605.3513 605.4572 605.5414 605.6313 605.7382 605.8484 605.9575 606.0312 606.1275 606.2389 606.3508 606.461 606.4394 606.4244 606.4094 606.3962 606.3815 606.3682 606.3528 606.3394
602.7389 602.7164 602.6954 602.6729 602.6492 602.6845 602.6854 602.7169 602.6955 602.6715 602.6711 602.7319 602.7395 602.7184 602.768 602.8081 602.8235 602.8842 602.8771 602.9241 602.9673 603.0232 603.0579 603.1041 603.151 603.2115 603.265 603.3336 603.3898 603.4606 603.5303 603.5839 603.6453 603.7459 603.8027 603.8989 603.9773 604.0497 604.1365 604.2258 604.3162 604.4033 604.4667 604.586 604.676 604.7858 604.8611 604.9621 605.0667 605.177 605.282 605.355 605.4584 605.5685 605.6794 605.7897 605.8981 605.9851 606.0747 606.1965 606.2919 606.317 606.3024 606.2888
602.0606 602.0377 602.0171 601.9943 601.9718 602.0168 602.0177 602.0372 602.0164 601.9924 602.003 602.0637 602.0595 602.0389 602.0925 602.1282 602.1474 602.2081 602.1971 602.2452 602.287 602.3452 602.3771 602.4248 602.4717 602.5322 602.5842 602.6541 602.7115 602.784 602.8521 602.9072 602.968 603.0682 603.1256 603.2247 603.3002 603.3727 603.4602 603.5502 603.6401 603.7258 603.7983 603.9093 604.0049 604.105 604.1808 604.2929 604.3953 604.5056 604.6058 604.6793 604.7856 604.8978 605.0081 605.1183 605.2245 605.3041 605.4116 605.5193 605.6288 605.7422 605.8461 605.965
601.3823 601.3591 601.3387 601.3156 601.2926 601.349 601.3499 601.3583 601.3372 601.3132 601.3348 601.3956 601.3795 601.3593 601.4169 601.4482 601.4713 601.5321 601.5172 601.5663 601.6067 601.6672 601.6963 601.7455 601.7924 601.8529 601.9035 601.9746 602.0348 602.1074 602.174 602.2304 602.2933 602.3904 602.4546 602.5505 602.6232 602.6956 602.7836 602.8746 602.964 603.0482 603.1356 603.2326 603.3339 603.4242 603.506 603.6215 603.7239 603.8342 603.9297 604.0102 604.1138 604.2265 604.3367 604.4413 604.5474 604.623 604.7485 604.8423 604.9658 605.0651 605.183 605.288
600.704 600.6804 600.6605 600.637 600.6215 600.6813 600.6822 600.6812 600.658 600.634 600.6667 600.7237 600.7004 600.6808 600.7413 600.7683 600.7953 600.856 600.8373 600.8874 600.9277 600.9893 601.0156 601.0663 601.1131 601.1736 601.2227 601.295 601.3581 601.4307 601.4958 601.5532 601.6186 601.7126 601.7862 601.8736 601.946 602.0185 602.1069 602.1985 602.2878 602.3707 602.4673 602.5559 602.663 602.7437 602.843 602.9463 603.0525 603.1627 603.2535 603.341 603.4435 603.5552 603.6654 603.7666 603.8683 603.9435 604.0765 604.1652 604.2993 604.388 604.5199 604.6108
600.0257 600.0018 599.9822 599.9583 599.9538 600.0135 600.0144 600.003 599.9789 599.9549 599.9985 600.0436 600.0212 600.0051 600.0658 600.0884 600.1192 600.1771 600.1574 600.2085 600.2504 600.3113 600.3348 600.387 600.4338 600.4943 600.5421 600.6155 600.6815 600.7535 600.8176 600.8759 600.9439 601.0349 601.113 601.1965 601.269 601.3414 601.4307 601.5223 601.6116 601.6931 601.7906 601.8818 601.9896 602.0634 602.1756 602.2711 602.381 602.4913 602.5774 602.6711 602.7731 602.8838 602.9941 603.093 603.1873 603.2804 603.3994 603.4976 603.6223 603.7148 603.845 603.9337
599.411 599.5345 599.3795 599.301 599.4955 599.3585 599.3325 599.31 599.269 599.1125 599.35 599.4485 599.3085 599.3885 599.3902 599.4085 599.4431 599.4966 599.4775 599.5297 599.5731 599.6334 599.6541 599.7078 599.7545 599.815 599.8625 599.936 600.0048 600.0753 600.1395 600.1986 600.2684 600.3539 600.4388 600.5195 600.5919 600.6644 600.7551 600.8462 600.9354 601.0156 601.114 601.2108 601.3088 601.3831 601.5064 601.5994 601.7097 601.818 601.9012 601.997 602.1022 602.2125 602.3216 602.4194 602.5062 602.6173 602.7223 602.8345 602.9451 603.0518 603.168 603.2617
599.144 599.199 598.8785 598.772 599.02 598.993 598.913 598.8835 598.8735 598.725 598.9275 598.995 598.711 598.6925 598.7625 598.7425 598.741 598.927 598.692 598.86 598.945 599.1135 598.8695 599.0385 599.1345 599.1357 599.183 599.2565 599.3281 599.3972 599.4613 599.5213 599.5906 599.6762 599.7646 599.8423 599.9148 599.9875 600.0794 600.17 600.2591 600.3431 600.4373 600.5397 600.628 600.7117 600.8323 600.9279 601.0382 601.1429 601.2251 601.3229 601.4308 601.5411 601.6446 601.7427 601.8252 601.9542 602.0452 602.1715 602.268 602.3887 602.4908 602.5907
598.735 598.8979 598.6445 598.5035 598.6465 598.892 598.891 598.7025 598.776 598.723 598.7845 598.751 598.471 598.4895 598.361 598.3095 598.4985 598.6435 598.407 598.4505 598.646 598.5035 598.5215 598.478 598.3265 598.3805 598.311 598.5205 598.648 598.7275 598.7645 598.9666 598.947 599.0013 599.0903 599.1653 599.2377 599.3115 599.4038 599.494 599.5828 599.672 599.7606 599.8688 599.9472 600.0486 600.1571 600.2565 600.3668 600.4679 600.5544 600.6488 600.7595 600.8698 600.9675 601.0637 601.1492 601.2794 601.3681 601.5023 601.5909 601.7251 601.8138 601.9249
598.6895 598.738 598.4985 598.5175 598.556 598.4775 598.438 598.3275 598.535 598.4585 598.3945 598.508 598.303 598.405 598.2365 598.137 598.41 598.482 598.176 598.096 598.3466 598.198 598.3885 598.424 598.171 598.221 598.2995 598.382 598.1805 598.309 598.201 598.3385 598.201 598.1945 598.349 598.6015 598.4905 598.56 598.7015 598.8178 598.9066 598.9953 599.0876 599.1935 599.2664 599.3856 599.4819 599.5851 599.6954 599.7928 599.8824 599.9777 600.0882 600.1985 600.2905 600.3848 600.4861 600.6023 600.7034 600.8251 600.9205 601.048 601.1371 601.2576
598.699 598.4605 598.4315 598.4185 598.5235 598.26 598.2695 598.203 598.3715 598.345 598.264 598.1935 598.2175 598.1755 598.179 598.229 598.3135 598.29 598.0005 597.869 597.9919 598.1355 598.206 598.0805 598.047 598.0685 598.2055 598.0285 597.8645 597.965 598.0795 598.1696 597.9215 597.829 598.0515 598.1945 597.967 598.0505 598.123 598.1005 598.018 598.2875 598.6115 598.7 598.6885 598.7184 598.8067 598.9137 599.024 599.1178 599.2083 599.3066 599.4169 599.5249 599.6143 599.7059 599.8231 599.9252 600.0403 600.148 600.2575 600.3708 600.4657 600.584
598.3245 598.2185 598.3865 598.229 598.33 598.173 598.288 598.134 598.2545 598.171 598.0575 597.9775 598.144 597.9885 598.1255 598.0465 597.997 598.097 597.8845 597.9185 597.9715 597.8875 597.8525 597.7655 597.949 597.8105 597.9455 597.9425 597.8521 597.723 597.949 598.017 597.729 597.645 597.961 598.0155 597.751 597.7695 597.8505 597.9805 597.7495 597.7115 597.983 597.951 597.908 597.969 598.0835 598.291 598.186 598.3855 598.5342 598.6353 598.7455 598.8478 598.9379 599.0269 599.1594 599.2481 599.3772 599.4709 599.5944 599.6938 599.7943 599.9103
