samples/sfe_316/sfe_316_c1/sfe_316_c1/sfe_316_c1.asc
ncols         184
nrows         75
xllcorner     96.199999999255
yllcorner     62.60000000149
cellsize      1
NODATA_value  -9999
[rows 28 to 55 of 75, columns 64 to 127 of 184]
598.1265 598.0825 598.305 598.1545 598.2875 598.257 598.116 598.124 598.044 597.86 597.813 598.0245 598.152 598.0425 597.916 597.933 597.912 597.8525 597.894 598.042 598.0186 597.652 597.562 597.7545 597.7025 597.5635 597.6565 597.875 597.716 597.511 597.5775 597.642 597.666 597.5435 597.7665 597.873 597.717 597.4985 597.6285 597.7835 597.5435 597.453 597.5965 597.6765 597.5295 597.675 597.9145 597.9145 597.6385 597.592 597.9095 597.9245 597.848 597.9455 598.322 598.4045 598.4823 598.5721 598.7052 598.7938 598.928 599.0167 599.1229 599.2366
598.1545 598.043 598.2685 598.1145 598.256 598.3065 598.0295 598.1235 597.9465 597.974 598.0065 597.929 597.9135 598.0211 597.789 597.7575 597.771 597.677 597.873 597.7825 597.708 597.7405 597.7515 597.801 597.5615 597.6095 597.666 597.7245 597.4995 597.5475 597.5594 597.419 597.6005 597.461 597.6065 597.521 597.4285 597.3615 597.6075 597.6625 597.4 597.4625 597.543 597.6205 597.368 597.311 597.6265 597.695 597.3985 597.3475 597.669 597.7445 597.4525 597.412 597.6865 597.582 597.7825 597.9805 597.957 598.1895 598.2845 598.3412 598.4522 598.5624
598.2565 598.123 598.284 598.2945 598.309 598.314 598.1775 597.9915 597.8655 597.9185 597.9462 597.9387 597.8567 597.784 597.858 597.646 597.5745 597.79 597.872 597.599 597.6365 597.6825 597.785 597.634 597.6365 597.754 597.599 597.6635 597.6145 597.641 597.475 597.312 597.5205 597.534 597.5395 597.234 597.1265 597.205 597.437 597.3635 597.3775 597.537 597.553 597.5145 597.379 597.1935 597.4025 597.343 597.3545 597.384 597.294 597.3045 597.3865 597.4449 597.5035 597.3156 597.5415 597.6035 597.3275 597.388 597.5575 597.7845 597.6015 597.726
598.3495 598.1955 598.31 598.2215 598.126 598.1035 598.0765 598.108 598.088 598.0525 598.0425 598.0805 597.813 597.708 597.9515 597.9175 597.829 597.74 597.681 597.583 597.7445 597.581 597.6409 597.5737 597.673 597.712 597.4105 597.3831 597.438 597.5475 597.2875 597.208 597.4535 597.3605 597.287 597.3305 597.2925 597.155 597.32 597.168 597.3105 597.2335 597.1671 597.1585 597.119 597.0585 597.2435 597.103 597.292 597.3395 597.0465 597.002 597.2695 597.1945 597.1205 597.069 597.3304 597.386 597.099 597.064 597.3775 597.427 597.1755 597.2745
598.326 598.34 598.2485 598.0465 598.0125 598.1855 598.224 598.316 598.135 598.016 598.0045 597.934 597.8255 597.927 597.8675 597.822 597.7785 597.629 597.73 597.799 597.6615 597.498 597.5295 597.4515 597.4775 597.474 597.3415 597.2455 597.235 597.308 597.3267 597.306 597.4135 597.17 597.064 597.193 597.205 597.2765 597.328 597.0551 597.038 596.9605 597.091 597.12 596.923 597.0865 597.1965 596.935 596.9755 597.147 596.9365 597.0135 597.0095 596.98 596.831 596.8515 597.1465 597.223 597.1205 597.0795 597.046 597.165 596.975 597.22
598.3905 598.487 598.315 598.3285 598.3665 598.2729 598.238 598.3475 598.119 598.1315 598.173 598.1335 598.1235 598.1445 597.8935 597.92 597.9275 597.758 597.948 597.9805 597.682 597.7005 597.734 597.6985 597.666 597.631 597.592 597.5495 597.5215 597.4845 597.421 597.2565 597.4315 597.3975 597.3235 597.2935 597.2595 597.1865 597.1165 597.158 597.1255 596.9755 597.182 597.212 596.9225 596.9105 596.9385 596.9855 597.0125 597.0551 596.847 596.9735 596.8325 596.958 596.7565 596.7005 596.9615 596.884 596.8585 596.9814 596.811 596.9245 596.76 596.789
598.483 598.447 598.5519 598.4895 598.406 598.2575 598.3785 598.546 598.4275 598.4855 598.4635 598.2325 598.1445 598.066 597.938 597.995 597.957 597.822 597.866 598.0485 597.973 597.978 597.8185 597.8885 597.9265 597.8825 597.844 597.8095 597.772 597.6895 597.493 597.4365 597.3685 597.5135 597.53 597.5025 597.4325 597.0435 596.937 597.097 597.2595 597.167 597.009 597.0098 597.0255 596.9835 596.7845 596.8335 596.859 596.7946 596.687 596.756 596.8765 596.94 596.6675 596.5715 596.679 596.781 596.772 596.7025 596.7975 596.8585 596.5945 596.506
598.662 598.549 598.7945 598.7565 598.6465 598.479 598.6429 598.547 598.4495 598.393 598.3695 598.4125 598.3855 598.3395 598.2945 598.251 598.221 598.1625 598.1245 597.998 597.9775 598.06 597.8055 597.76 597.7605 597.729 597.6745 597.6235 597.616 597.7075 597.473 597.557 597.369 597.318 597.3245 597.2816 597.2445 597.279 597.2335 597.0535 597.252 597.2785 596.9435 596.851 597.1125 597.137 596.8425 596.884 596.8921 596.888 596.833 596.6805 596.89 596.9165 596.632 596.6975 596.7245 596.634 596.5875 596.517 596.754 596.7775 596.4815 596.4325
598.9775 598.7965 598.8115 599.0485 599.0565 598.913 598.9015 598.5965 598.479 598.618 598.45 598.681 598.756 598.707 598.66 598.6255 598.54 598.3365 598.4 598.288 598.207 598.2275 597.978 597.955 597.811 597.8585 597.6775 597.587 597.763 597.85 597.562 597.501 597.608 597.5665 597.4785 597.267 597.36 597.537 597.514 597.3224 597.1805 597.2915 597.2095 597.147 597.205 597.1875 597.037 596.9205 597.026 596.8975 596.9835 596.875 596.747 596.774 596.6539 596.814 596.8325 596.4995 596.5615 596.4445 596.4545 596.4955 596.5265 596.403
599.339 599.33 599.244 599.056 599.014 598.985 598.963 598.998 599.0075 598.999 598.7475 598.6805 598.7045 598.657 598.589 598.5535 598.5025 598.374 598.5515 598.4275 598.3375 598.419 598.174 598.271 598.073 598.1615 597.9225 597.802 598.0405 598.041 597.7025 597.583 597.7915 597.668 597.53 597.4305 597.582 597.459 597.3695 597.452 597.192 597.1535 597.1505 597.0915 597.052 597.008 596.941 596.851 597.001 596.8255 596.9735 596.982 596.7061 596.811 596.603 596.58 596.564 596.4821 596.6855 596.574 596.552 596.3985 596.545 596.387
599.8866 599.8624 599.8334 599.8094 599.7606 599.653 599.6052 599.5762 599.5522 599.4687 599.365 599.2645 599.2615 599.0185 599.1175 599.067 598.798 598.8525 598.7105 598.6245 598.6545 598.6715 598.3765 598.314 598.399 598.481 598.3145 598.0854 598.2234 598.0585 597.837 597.7475 597.8185 597.8304 597.6355 597.703 597.598 597.3965 597.334 597.3635 597.275 597.3755 597.3484 597.078 596.989 596.9695 597.109 597.1225 596.9515 596.834 597.0175 596.854 596.7035 596.877 596.671 596.659 596.4969 596.469 596.715 596.804 596.7495 596.5735 596.3965 596.3025
600.5536 600.5291 600.5001 600.4761 600.4268 600.3191 600.2822 600.2537 600.2296 600.1345 600.0455 600.0182 599.9294 599.8329 599.8088 599.7048 599.6232 599.52 599.4377 599.354 599.2453 599.1605 598.988 598.9375 598.9545 598.707 598.4615 598.3625 598.4585 598.4 598.281 598.237 598.18 598.1665 597.913 597.9875 597.748 597.7845 597.7725 597.7155 597.6435 597.509 597.4344 597.4535 597.3785 597.18 597.356 597.355 597.0115 596.919 597.132 597.081 597.0065 596.9985 596.7625 596.856 596.62 596.5315 596.75 596.617 596.5435 596.642 596.3669 596.284
601.2206 601.1956 601.1666 601.1426 601.0929 600.9852 600.9592 600.9312 600.907 600.8004 600.7222 600.694 600.6006 600.5092 600.4814 600.374 600.2988 600.1934 600.1137 600.027 599.9194 599.8082 599.7153 599.6073 599.4992 599.4 599.2985 599.1718 599.0444 598.961 598.8675 598.8355 598.6235 598.4385 598.126 598.249 598.1765 597.978 597.891 597.819 597.7575 597.7625 597.684 597.6046 597.6905 597.378 597.2865 597.2975 597.3255 597.3185 597.3235 597.337 597.2475 596.9915 596.9945 597.0465 596.926 596.8585 596.8975 596.726 596.4695 596.5015 596.573 596.3735
601.8876 601.8622 601.8332 601.8092 601.759 601.6614 601.6363 601.6086 601.5741 601.4662 601.3989 601.3712 601.272 601.1854 601.1506 601.0432 600.9743 600.8667 600.7896 600.7 600.5934 600.4822 600.3894 600.2814 600.1732 600.075 599.9707 599.8349 599.7166 599.6082 599.4922 599.3729 599.2529 599.104 598.9838 598.866 598.6945 598.6165 598.452 598.3035 598.1575 597.934 597.827 597.701 597.8525 597.797 597.651 597.4474 597.582 597.42 597.284 597.2141 597.1255 597.0425 597.1925 597.04 596.9146 596.859 596.827 596.8985 596.608 596.5275 596.7444 596.696
602.5546 602.5288 602.4998 602.4758 602.4252 602.3391 602.3133 602.2861 602.2399 602.132 602.0756 602.0484 601.9433 601.8617 601.8198 601.7124 601.6486 601.54 601.4656 601.373 601.2675 601.1563 601.0635 600.9554 600.8472 600.75 600.6429 600.498 600.3887 600.2803 600.1621 600.0426 599.9226 599.7683 599.6538 599.5198 599.3655 599.2421 599.0864 598.9667 598.8256 598.6881 598.5345 598.2405 598.118 598.1555 598.046 597.875 597.855 597.666 597.3675 597.2685 597.397 597.434 597.4235 597.2815 597.1655 596.895 596.7955 596.869 596.899 596.737 596.8915 596.964
603.2216 603.1954 603.1664 603.1424 603.0914 603.0165 602.9904 602.9635 602.9058 602.7979 602.7523 602.7228 602.6144 602.538 602.489 602.3816 602.322 602.2133 602.1415 602.046 601.9415 601.8303 601.7376 601.6295 601.5212 601.4235 601.3151 601.1656 601.0609 600.9525 600.832 600.7123 600.5875 600.4371 600.3239 600.1735 600.0385 599.9055 599.759 599.6394 599.4886 599.3606 599.2277 599.0759 598.9398 598.7637 598.6439 598.5225 598.3735 598.2355 597.7475 597.557 597.7339 597.569 597.4225 597.3585 597.293 597.3195 597.224 597.018 597.127 596.9355 597.0325 596.873
603.8886 603.8619 603.8329 603.809 603.7576 603.694 603.6674 603.6411 603.5716 603.4637 603.429 603.3942 603.2852 603.2142 603.1582 603.0508 602.9953 602.8862 602.8174 602.7191 602.6155 602.5042 602.4117 602.3034 602.1953 602.0956 601.985 601.8386 601.733 601.6222 601.5018 601.3821 601.251 601.1055 600.9939 600.8319 600.7115 600.5689 600.4318 600.3082 600.1535 600.0331 599.8903 599.7421 599.5944 599.4327 599.3129 599.1569 598.9984 598.8433 598.6867 598.5302 598.4 598.186 597.992 597.621 597.482 597.672 597.6375 597.4215 597.217 597.279 597.3035 597.0975
604.5556 604.5286 604.4996 604.4756 604.4237 604.3715 604.3445 604.3188 604.2374 604.1324 604.1057 604.0655 603.956 603.8905 603.8274 603.72 603.6687 603.5592 603.4933 603.3916 603.2896 603.1782 603.0858 602.9774 602.8693 602.7678 602.6482 602.5116 602.4052 602.2919 602.1717 602.0518 601.9144 601.774 601.6639 601.5048 601.3844 601.2323 601.1045 600.9712 600.826 600.7057 600.5528 600.4084 600.2489 600.1017 599.9793 599.8152 599.6622 599.5059 599.3493 599.1928 599.0571 598.8834 598.7418 598.5735 598.4266 598.28 598.1365 597.9955 597.5715 597.422 597.342 597.4
605.2226 605.1951 605.1661 605.1422 605.0899 605.0489 605.0217 604.9962 604.9033 604.8094 604.7824 604.7368 604.6268 604.5668 604.4966 604.3892 604.342 604.2321 604.1692 604.0641 603.9636 603.8521 603.7599 603.6514 603.543 603.4399 603.3114 603.1849 603.0774 602.9615 602.8416 602.7216 602.5798 602.4424 602.3282 602.1778 602.0524 601.8986 601.7772 601.6342 601.4986 601.3733 601.2154 601.0746 600.9034 600.7707 600.6414 600.476 600.325 600.1684 600.0119 599.8607 599.7252 599.5455 599.4099 599.2302 599.0947 598.9235 598.7809 598.6115 598.4768 598.3428 598.1863 598.1065
605.8896 605.8617 605.8327 605.8087 605.756 605.7264 605.6988 605.6736 605.5691 605.4863 605.4591 605.4081 605.2976 605.243 605.1658 605.0596 605.0154 604.905 604.845 604.7366 604.6377 604.5261 604.434 604.3254 604.2165 604.1121 603.9808 603.8583 603.7496 603.6312 603.5113 603.3913 603.2487 603.1115 602.9819 602.8508 602.7158 602.5707 602.4499 602.2972 602.1711 602.0357 601.878 601.7375 601.5698 601.4397 601.3033 601.1367 600.9875 600.831 600.6744 600.5288 600.3796 600.2136 600.0699 599.8983 599.7628 599.5875 599.4509 599.2727 599.1489 599.0054 598.8489 598.6924
606.5566 606.5283 606.4993 606.4753 606.4279 606.4038 606.3759 606.345 606.2349 606.1638 606.1358 606.0791 605.9684 605.9193 605.835 605.7336 605.6887 605.5779 605.5197 605.4091 605.3117 605.2 605.1081 604.9995 604.8901 604.7843 604.6538 604.5317 604.4218 604.3009 604.181 604.061 603.9177 603.7816 603.6441 603.5237 603.3793 603.243 603.1168 602.9641 602.8436 602.6981 602.5424 602.3979 602.2379 602.1087 601.9653 601.7978 601.6501 601.4936 601.337 601.1969 601.0341 600.8817 600.7243 600.5664 600.4309 600.2567 600.1174 599.9413 599.821 599.668 599.5115 599.355
607.2236 607.1949 607.1659 607.1419 607.1053 607.0812 607.053 607.0109 606.9008 606.8406 606.8125 606.7499 606.6392 606.5956 606.5042 606.4081 606.3619 606.2509 606.1926 606.0815 605.9857 605.874 605.7821 605.6735 605.5636 605.4565 605.3268 605.2051 605.0934 604.9706 604.8508 604.7247 604.5866 604.4516 604.3171 604.1967 604.0427 603.9152 603.7798 603.6365 603.5162 603.3605 603.2086 603.0541 602.9061 602.7776 602.6202 602.4634 602.3127 602.1561 602.0005 601.865 601.6886 601.5497 601.3788 601.2345 601.0917 600.9266 600.7798 600.6135 600.4871 600.3306 600.1741 600.0176
607.7026 607.6736 607.6447 607.6207 607.5918 607.5662 607.5361 607.5071 607.4786 607.4513 607.4215 607.395 607.31 607.2719 607.1734 607.0842 607.0349 606.9238 606.8656 606.754 606.6597 606.5479 606.4561 606.3475 606.2371 606.1247 605.9998 605.8785 605.7631 605.6403 605.5205 605.3912 605.2551 605.1216 604.9901 604.8627 604.7106 604.5877 604.4428 604.3091 604.1818 604.0228 603.8748 603.7097 603.5743 603.4467 603.275 603.1292 602.9753 602.8187 602.6686 602.5304 602.3534 602.2179 602.0381 601.9026 601.7516 601.5966 601.4396 601.2856 601.1497 600.9932 600.8367 600.6801
607.7429 607.7142 607.6854 607.6614 607.6327 607.6071 607.577 607.5486 607.5203 607.4929 607.4633 607.4307 607.4014 607.3716 607.3439 607.3137 607.2838 607.2539 607.2241 607.1927 607.1613 607.131 607.105 607.0215 606.9106 606.7961 606.6729 606.5519 606.4328 606.3102 606.1902 606.0602 605.9236 605.7903 605.663 605.5262 605.3829 605.2604 605.1058 604.9816 604.8442 604.6852 604.5352 604.3778 604.2426 604.1118 603.9358 603.7944 603.6379 603.4813 603.3367 603.1849 603.0215 602.8751 602.7062 602.5707 602.4129 602.2666 602.0995 601.9577 601.8123 601.6558 601.4992 601.3427
607.7832 607.7547 607.7262 607.7022 607.6736 607.648 607.6179 607.59 607.5619 607.5345 607.5049 607.473 607.4437 607.414 607.3868 607.3566 607.3273 607.2974 607.2676 607.2366 607.2057 607.1741 607.1427 607.1102 607.0799 607.0496 607.0159 606.9843 606.9525 606.9225 606.86 606.7291 606.592 606.4564 606.3359 606.1896 606.0551 605.9254 605.7745 605.6542 605.5065 605.3476 605.1956 605.0459 604.9108 604.7725 604.599 604.4569 604.3004 604.1439 604.0049 603.8394 603.6896 603.5295 603.3744 603.2388 603.0799 602.9335 602.7651 602.6298 602.4749 602.3183 602.1618 602.0052
607.8235 607.7952 607.7669 607.7429 607.7145 607.6889 607.6588 607.6314 607.6035 607.5762 607.5465 607.5154 607.4861 607.4564 607.4297 607.3995 607.3708 607.3409 607.3117 607.2805 607.2502 607.2186 607.1877 607.1552 607.1255 607.0953 607.0616 607.0308 606.9995 606.9656 606.9348 606.9017 606.8676 606.8356 606.8043 606.771 606.7274 606.5884 606.447 606.3267 606.1689 606.01 605.856 605.714 605.579 605.4271 605.2647 605.1195 604.963 604.8085 604.673 604.4938 604.3577 604.184 604.0425 603.907 603.7469 603.5983 603.4321 603.2939 603.1374 602.9809 602.8244 602.6678
607.8639 607.8358 607.8076 607.7836 607.7555 607.7298 607.6997 607.6729 607.6451 607.6178 607.5881 607.5578 607.5285 607.4989 607.4727 607.4424 607.4143 607.3844 607.3557 607.3244 607.2947 607.2631 607.2327 607.2002 607.1711 607.1412 607.1074 607.0773 607.0463 607.0133 606.9824 606.9493 606.916 606.8847 606.8534 606.8165 606.7847 606.753 606.7184 606.6818 606.6467 606.6195 606.5176 606.3821 606.2473 606.0817 605.9304 605.7821 605.6256 605.4766 605.3356 605.1614 605.0258 604.8461 604.7106 604.5751 604.4139 604.2631 604.0991 603.9565 603.8 603.6435 603.487 603.3304
607.9042 607.8763 607.8483 607.8243 607.7964 607.7707 607.7406 607.7142 607.6868 607.6594 607.6298 607.6002 607.5709 607.5417 607.5155 607.4853 607.4578 607.4279 607.3997 607.3683 607.3391 607.3076 607.2776 607.2455 607.2167 607.187 607.1536 607.1238 607.0933 607.0611 607.03 606.997 606.9645 606.9338 606.9025 606.8652 606.835 606.8032 606.7693 606.7326 606.6992 606.6674 606.6332 606.6014 606.5657 606.5286 606.495 606.4447 606.2881 606.1447 605.9901 605.8295 605.6803 605.5142 605.3787 605.2396 605.0823 604.9277 604.7665 604.6191 604.4626 604.3061 604.1495 603.993
