samples/sfe_316/sfe_316_c1/sfe_316_c1/sfe_316_c1.asc
ncols         184
nrows         75
xllcorner     96.199999999255
yllcorner     62.60000000149
cellsize      1
NODATA_value  -9999
[rows 0 to 27 of 75, columns 0 to 63 of 184]
-9999 -9999 -9999 -9999 610.1108 610.0863 610.0623 610.0378 610.0138 609.9896 609.9654 609.9411 609.9167 609.8925 609.8682 609.8442 609.8199 609.7957 609.7713 609.747 609.7228 609.6984 609.6744 609.65 609.6258 609.6014 609.5773 609.553 609.5287 609.5043 609.4803 609.4559 609.4319 609.4075 609.3832 609.3591 609.3347 609.3108 609.2863 609.2623 609.2379 609.2139 609.1895 609.1655 609.1411 609.1171 609.0931 609.0687 609.0447 609.0208 608.9962 608.9722 608.9484 608.9244 608.8999 608.8759 608.8521 608.8281 608.8042 608.7802 608.7563 608.7324 608.7084 608.6844
-9999 -9999 -9999 -9999 610.045 610.0187 609.995 609.9685 609.9447 609.9197 609.8948 609.8696 609.8444 609.819 609.7946 609.7698 609.7449 609.7195 609.694 609.6686 609.644 609.6178 609.594 609.5685 609.5432 609.5186 609.4936 609.4679 609.4425 609.4178 609.3928 609.3673 609.3433 609.3175 609.2917 609.2679 609.2419 609.2184 609.1924 609.1683 609.1426 609.1187 609.093 609.0688 609.0431 609.019 608.9951 608.9694 608.9453 608.9219 608.8953 608.8713 608.848 608.824 608.798 608.7739 608.7505 608.7266 608.7032 608.6792 608.6558 608.6318 608.6078 608.5845
-9999 -9999 -9999 610.0097 609.9791 609.9509 609.9274 609.899 609.8754 609.8494 609.8239 609.7976 609.7715 609.7452 609.7217 609.6953 609.6696 609.6429 609.6165 609.5898 609.5657 609.5371 609.5136 609.4866 609.4603 609.4365 609.4099 609.3826 609.356 609.3323 609.3052 609.2783 609.2548 609.2272 609.2003 609.1767 609.1487 609.126 609.0981 609.0743 609.0472 609.0234 608.996 608.9722 608.9447 608.921 608.897 608.8696 608.8458 608.8229 608.7943 608.7704 608.7476 608.7236 608.6957 608.6719 608.649 608.6251 608.6022 608.5782 608.5554 608.5314 608.5074 608.4845
-9999 -9999 -9999 609.9456 609.9131 609.8837 609.8597 609.8301 609.8061 609.7792 609.7532 609.7272 609.699 609.6729 609.6482 609.6206 609.5941 609.5665 609.5389 609.5112 609.4874 609.4589 609.433 609.4048 609.3787 609.3544 609.3259 609.2972 609.2708 609.2465 609.2176 609.1898 609.1662 609.1368 609.1102 609.0854 609.0558 609.0337 609.0038 608.9803 608.9517 608.9281 608.8991 608.8755 608.8467 608.823 608.799 608.77 608.7464 608.724 608.6931 608.6696 608.6472 608.6232 608.5936 608.5699 608.5475 608.5236 608.5012 608.4772 608.4548 608.4308 608.4069 608.3845
-9999 -9999 -9999 609.8815 609.8472 609.8187 609.7922 609.7637 609.7369 609.7094 609.6829 609.6571 609.6268 609.6011 609.5746 609.546 609.519 609.4905 609.4618 609.433 609.4091 609.3806 609.3524 609.3233 609.2972 609.2718 609.2419 609.212 609.1858 609.1603 609.1299 609.1019 609.0776 609.0469 609.0203 608.9941 608.9632 608.9413 608.91 608.8862 608.8562 608.8328 608.8026 608.7789 608.7495 608.725 608.701 608.6708 608.647 608.625 608.5922 608.5687 608.5468 608.5228 608.4918 608.4679 608.446 608.4221 608.4002 608.3762 608.3544 608.3304 608.3064 608.2845
-9999 -9999 -9999 609.8169 609.7815 609.7535 609.7249 609.6968 609.6679 609.6395 609.6132 609.5871 609.5545 609.5292 609.501 609.4716 609.444 609.4144 609.3846 609.3547 609.3308 609.3022 609.2719 609.2419 609.2158 609.1891 609.158 609.127 609.1007 609.0741 609.0424 609.0144 608.989 608.9569 608.9302 608.9027 608.871 608.8489 608.8162 608.7922 608.761 608.7375 608.7062 608.6822 608.6529 608.627 608.603 608.5717 608.5476 608.5261 608.4913 608.4678 608.4464 608.4224 608.3904 608.3659 608.3445 608.3206 608.2992 608.2752 608.2537 608.2299 608.2059 608.1844
-9999 -9999 609.7904 609.7523 609.7158 609.6871 609.6576 609.6287 609.5989 609.5699 609.5436 609.517 609.4826 609.4573 609.4276 609.3973 609.369 609.3395 609.309 609.2782 609.2525 609.2231 609.1917 609.1611 609.1345 609.1065 609.0744 609.042 609.0156 608.9879 608.955 608.9269 608.9004 608.867 608.8402 608.8115 608.7798 608.7563 608.7233 608.6982 608.6658 608.6423 608.6108 608.5856 608.5563 608.529 608.505 608.4738 608.4482 608.4266 608.3906 608.3669 608.346 608.322 608.29 608.264 608.243 608.2191 608.1982 608.1742 608.1527 608.1293 608.1053 608.0845
-9999 -9999 609.724 609.6876 609.6502 609.6208 609.5903 609.5608 609.5299 609.5013 609.474 609.447 609.4127 609.3854 609.3543 609.323 609.2941 609.2649 609.2337 609.2018 609.1741 609.1439 609.1113 609.0808 609.053 609.0241 608.9907 608.9573 608.9305 608.9019 608.8677 608.8395 608.8118 608.778 608.7502 608.7203 608.6886 608.6635 608.631 608.6042 608.5709 608.547 608.5155 608.489 608.4597 608.431 608.407 608.3759 608.3488 608.3272 608.2911 608.2661 608.2456 608.2216 608.1896 608.1621 608.1415 608.1176 608.0972 608.0732 608.0517 608.0289 608.0049 607.9845
-9999 -9999 609.6595 609.623 609.5861 609.5554 609.5231 609.4939 609.4609 609.4326 609.4044 609.3767 609.3428 609.3131 609.281 609.2487 609.22 609.1903 609.1584 609.1254 609.0956 609.0648 609.031 609.0006 608.9716 608.9417 608.907 608.874 608.8455 608.816 608.7803 608.752 608.7231 608.6894 608.6602 608.6292 608.5974 608.5707 608.5386 608.5101 608.4769 608.4517 608.4202 608.3925 608.3632 608.3329 608.309 608.278 608.2493 608.2278 608.1922 608.1652 608.1453 608.1212 608.0892 608.0602 608.04 608.0161 607.9962 607.9722 607.9507 607.9283 607.9044 607.8845
-9999 -9999 609.595 609.5584 609.522 609.4901 609.4555 609.427 609.3915 609.364 609.3348 609.3063 609.2729 609.2408 609.2077 609.1749 609.1459 609.1157 609.0831 609.049 609.0172 608.9857 608.9507 608.9204 608.8903 608.8593 608.8242 608.7906 608.7604 608.73 608.6945 608.6646 608.6345 608.6008 608.5703 608.538 608.5062 608.4779 608.4462 608.4161 608.3829 608.3565 608.325 608.2958 608.2666 608.2349 608.2109 608.18 608.1499 608.1284 608.0933 608.0643 608.0449 608.0208 607.9888 607.9583 607.9385 607.9146 607.8952 607.8712 607.8497 607.8279 607.8039 607.7845
-9999 -9999 609.5308 609.4938 609.4579 609.4249 609.3885 609.3601 609.3237 609.2953 609.2651 609.2358 609.2023 609.1685 609.1343 609.102 609.0718 609.0411 609.0077 608.9726 608.9387 608.9073 608.8714 608.8401 608.8088 608.7769 608.7421 608.7073 608.6753 608.644 608.6089 608.5771 608.546 608.5123 608.4802 608.4478 608.415 608.3851 608.3539 608.3221 608.2889 608.2612 608.2297 608.1993 608.17 608.1369 608.1129 608.0821 608.0505 608.0289 607.9969 607.9755 607.8868 607.8628 607.8433 607.7801 607.6756 607.6437 607.6212 607.5971 607.5755 607.5541 607.5302 607.511
-9999 609.5055 609.4667 609.4292 609.3937 609.3596 609.3237 609.2933 609.2573 609.2266 609.1955 609.1654 609.131 609.0961 609.0617 609.0291 608.9978 608.9666 608.9324 608.8962 608.8604 608.829 608.7932 608.7599 608.7274 608.6951 608.66 608.624 608.5902 608.559 608.5233 608.4896 608.4575 608.4236 608.3903 608.3577 608.3237 608.2923 608.2615 608.2395 608.1592 608.0701 607.972 607.907 607.7991 607.7474 607.6398 607.5908 607.5292 607.4239 607.3881 607.3162 607.2122 607.1857 607.1657 607.114 607.0094 606.9775 606.9431 606.9193 606.8972 606.8763 606.8523 606.8327
-9999 609.4384 609.4026 609.3646 609.3297 609.2943 609.2589 609.2264 609.1909 609.1579 609.1259 609.0948 609.061 609.0236 608.9898 608.9561 608.9237 608.892 608.8571 608.8198 608.782 608.7507 608.7149 608.6797 608.646 608.6137 608.5779 608.5406 608.5051 608.4739 608.439 608.4175 608.3198 608.2119 608.1055 608.0002 607.8943 607.7894 607.6808 607.5908 607.486 607.398 607.2956 607.2336 607.1256 607.0767 606.9692 606.9141 606.8563 606.7509 606.711 606.6486 606.5445 606.5085 606.4882 606.4478 606.3433 606.3113 606.2632 606.2413 606.2189 606.1984 606.1744 606.1544
-9999 609.3738 609.3384 609.3 609.2655 609.229 609.1941 609.1595 609.1245 609.0892 609.0562 609.0247 608.991 608.9521 608.9179 608.8832 608.8496 608.8174 608.7809 608.7426 608.7041 608.6724 608.6367 608.5995 608.5735 608.4966 608.363 608.2274 608.1055 608.0008 607.8703 607.7529 607.6468 607.5382 607.4328 607.3275 607.2198 607.1163 607.0078 606.9177 606.8129 606.7259 606.6206 606.5601 606.4521 606.4062 606.2985 606.2374 606.1833 606.078 606.0339 605.9811 605.8768 605.8314 605.8106 605.7816 605.6771 605.6451 605.5842 605.5635 605.5406 605.5205 605.4965 605.4761
-9999 609.3093 609.2744 609.2356 609.2014 609.1638 609.1293 609.0926 609.058 609.0206 608.9863 608.9551 608.921 608.8823 608.846 608.8103 608.7755 608.7428 608.7125 608.609 608.4532 608.3364 608.1966 608.0616 607.9431 607.8267 607.6941 607.5584 607.4331 607.3284 607.2009 607.0801 606.9745 606.8645 606.7601 606.6548 606.5453 606.4433 606.3348 606.2445 606.1398 606.0538 605.9485 605.8867 605.7787 605.7357 605.6278 605.5607 605.5109 605.405 605.3568 605.3144 605.2092 605.1541 605.1331 605.111 605.0109 604.979 604.9068 604.8856 604.8623 604.8426 604.8186 604.7978
-9999 609.2448 609.2102 609.1711 609.1371 609.0984 609.0645 609.0258 608.9913 608.9519 608.9171 608.8854 608.852 608.7784 608.6379 608.5025 608.3677 608.2354 608.0998 607.946 607.7894 607.6629 607.5332 607.3917 607.2732 607.1568 607.0251 606.8895 606.7607 606.656 606.5316 606.4075 606.3021 606.1909 606.0876 605.9821 605.8708 605.7703 605.6618 605.5715 605.4666 605.3819 605.2764 605.2132 605.1052 605.0646 604.9572 604.884 604.8384 604.7321 604.6796 604.6477 604.5416 604.4768 604.4556 604.4336 604.3447 604.3128 604.231 604.2077 604.184 604.1647 604.1407 604.1194
609.2206 609.1802 609.1461 609.1067 609.0726 609.0332 608.999 608.967 608.8608 608.6872 608.5561 608.4211 608.2839 608.1242 607.9733 607.8362 607.6985 607.5668 607.4313 607.283 607.1265 606.9894 606.8698 606.7219 606.6031 606.4869 606.3561 606.2205 606.0899 605.9836 605.8622 605.7347 605.6294 605.5172 605.4155 605.3094 605.1964 605.0973 604.9888 604.8984 604.7935 604.7102 604.6043 604.5397 604.4318 604.3885 604.2864 604.2073 604.1659 604.0591 604.0025 603.981 603.8739 603.7996 603.778 603.7545 603.6786 603.6467 603.5647 603.5298 603.5059 603.4868 603.4628 603.4412
609.1527 609.116 609.087 608.9625 608.8251 608.6473 608.5118 608.332 608.1965 608.022 607.8911 607.7563 607.6156 607.4699 607.3087 607.17 607.0333 606.8978 606.7627 606.6201 606.4634 606.316 606.1984 606.052 605.9331 605.817 605.691 605.5516 605.4202 605.3113 605.1928 605.0641 604.9567 604.8434 604.7433 604.6367 604.5219 604.4243 604.3157 604.2254 604.1203 604.0386 603.9322 603.8662 603.7583 603.7121 603.6158 603.5306 603.4934 603.3862 603.3254 603.3044 603.2065 603.1226 603.1006 603.0767 603.0124 602.9805 602.8984 602.852 602.828 602.809 602.785 602.7629
608.7638 608.6096 608.4741 608.2944 608.1589 607.9811 607.8436 607.6743 607.5284 607.3646 607.226 607.0914 606.9473 606.8123 606.6442 606.5084 606.3685 606.2286 606.0942 605.957 605.8004 605.6438 605.5254 605.3863 605.2631 605.147 605.0276 604.8826 604.7504 604.6389 604.5234 604.394 604.284 604.1698 604.0711 603.964 603.8489 603.7512 603.6428 603.5524 603.4472 603.3669 603.2601 603.1927 603.0848 603.0357 602.9453 602.8539 602.8209 602.7133 602.6483 602.6274 602.5399 602.4455 602.4231 602.3991 602.3463 602.3143 602.2322 602.1741 602.1501 602.1311 602.1071 602.0846
608.1012 607.9446 607.806 607.6336 607.4908 607.3227 607.1755 607.0198 606.8603 606.7101 606.5608 606.4266 606.2828 606.1442 605.9796 605.8455 605.7022 605.5595 605.4257 605.2901 605.1375 604.9808 604.8522 604.7228 604.593 604.4771 604.3586 604.2136 604.0806 603.9665 603.8518 603.7238 603.6113 603.4962 603.3989 603.2913 603.1767 603.0782 602.9697 602.8793 602.774 602.6953 602.588 602.5193 602.4114 602.3593 602.2747 602.1773 602.1484 602.0406 601.9711 601.9507 601.8731 601.7685 601.7457 601.7216 601.6801 601.6481 601.5659 601.4962 601.4722 601.4532 601.4292 601.4063
607.4213 607.282 607.1379 606.9764 606.8227 606.6656 606.5074 606.3654 606.1922 606.0556 605.8956 605.7618 605.6284 605.4759 605.3187 605.1809 605.0359 604.8903 604.7571 604.6215 604.4744 604.3179 604.1788 604.059 603.9231 603.8072 603.6888 603.5447 603.4109 603.2941 603.1799 603.0536 602.9386 602.8238 602.7267 602.6186 602.5045 602.4052 602.2967 602.2063 602.1009 602.0237 601.916 601.8458 601.7379 601.6824 601.6042 601.4999 601.476 601.3682 601.294 601.274 601.2064 601.0992 601.0682 601.0442 601.0139 600.982 600.8997 600.8184 600.7944 600.7753 600.7513 600.728
607.6437 606.6195 606.4698 606.3193 606.1546 606.0084 605.8394 605.7038 605.5241 605.3885 605.2304 605.0969 604.9637 604.8076 604.6644 604.5164 604.3712 604.2264 604.0886 603.953 603.8115 603.6548 603.5053 603.386 603.2532 603.1372 603.0191 602.8806 602.7411 602.6217 602.5081 602.3835 602.2659 602.1515 602.0546 601.9462 601.8323 601.7298 601.6237 601.5333 601.4279 601.3521 601.2443 601.1724 601.0645 601.0052 600.9337 600.8255 600.7999 600.6957 600.6169 600.5975 600.5397 600.432 600.3907 600.3668 600.3474 600.3158 600.2335 600.1404 600.1165 600.0974 600.0734 600.0497
608.0524 605.9569 605.8017 605.6589 605.4874 605.345 605.1743 605.0357 604.8691 604.7205 604.5652 604.4321 604.2985 604.1393 604.004 603.8518 603.7108 603.5638 603.42 603.2845 603.1484 602.9918 602.8352 602.7131 602.5834 602.4672 602.3494 602.2172 602.0714 601.9514 601.8362 601.7133 601.5933 601.4792 601.3824 601.274 601.1601 601.0539 600.9507 600.8602 600.7548 600.6804 600.5727 600.4989 600.391 600.3281 600.2631 600.1549 600.1232 600.032 600.013 600.023 600.005 599.981 599.9705 599.7815 599.8535 599.663 599.5755 599.489 599.3325 599.388 599.28 599.321
608.4611 605.2944 605.1378 604.9941 604.8248 604.6802 604.5117 604.3676 604.2146 604.0524 603.9048 603.7673 603.6333 603.4776 603.3358 603.1872 603.0504 602.9012 602.7513 602.616 602.4803 602.3289 602.1722 602.0402 601.9135 601.7971 601.6796 601.5538 601.4022 601.2817 601.1643 601.0432 600.9232 600.8069 600.7103 600.6019 600.4879 600.3781 600.2859 600.18 600.2415 600.2635 599.9145 599.877 599.8505 599.8945 599.651 599.5425 599.5715 599.509 599.4835 599.4345 599.3965 599.3515 599.3085 599.16 599.3521 599.322 599.251 599.304 599.082 599.189 598.9925 598.877
608.8698 604.6318 604.4752 604.3293 604.1622 604.0147 603.8491 603.6995 603.5601 603.3842 603.2487 603.1024 602.9681 602.8232 602.6677 602.5226 602.3885 602.2357 602.0822 601.9474 601.8118 601.6658 601.5092 601.3672 601.2468 601.127 601.0099 600.8899 600.7337 600.6119 600.4924 600.348 600.3665 600.28 599.981 599.8195 599.95 599.978 600.033 599.876 599.722 599.6485 599.666 599.8125 599.77 599.5055 599.2775 599.1915 599.3215 599.3645 599.2965 599.229 599.042 598.9265 598.8735 598.8825 598.978 599.2185 599.244 599.13 598.8445 598.9825 598.9395 598.6725
609.2786 603.9692 603.8126 603.6619 603.5026 603.3466 603.1918 603.0314 602.8958 602.7183 602.5806 602.4376 602.303 602.1687 601.9995 601.8589 601.724 601.5735 601.4196 601.2789 601.1433 601.0029 600.8463 600.6942 600.6125 600.573 600.3685 600.3181 600.247 600.069 600.1516 599.968 600.0515 600.094 599.7655 599.5925 599.8135 599.7165 599.617 599.695 599.441 599.2805 599.5195 599.4235 599.3105 599.3185 599.2595 599.0865 599.257 599.156 599.076 599.1755 598.9495 598.9345 598.9755 598.934 598.901 598.8065 598.792 598.8995 598.665 598.6385 598.6715 598.692
-9999 603.8198 603.1501 602.9937 602.8428 602.6805 602.5289 602.3675 602.2277 602.0638 601.9125 601.7728 601.6378 601.507 601.3312 601.1957 601.0594 600.9131 600.757 600.7015 600.5675 600.537 600.5525 600.483 600.1605 600.0706 600.1335 600.2525 600.2005 599.8185 599.7515 599.6375 599.6785 599.8245 599.5595 599.364 599.438 599.289 599.2195 599.314 599.36 599.3845 599.3945 599.1175 599.132 599.3425 599.289 598.9695 599.0745 598.8725 598.878 598.8895 598.879 598.834 598.7755 598.9091 598.7585 598.4885 598.466 598.723 598.5065 598.5195 598.572 598.701
-9999 604.2285 602.4875 602.3309 602.178 602.0179 601.8641 601.7049 601.5596 601.4094 601.2444 601.108 600.973 600.8765 600.7365 600.6405 600.576 600.3365 600.5095 600.445 600.287 600.198 600.1255 600.212 599.929 599.758 599.9615 599.886 599.7535 599.742 599.7085 599.648 599.6235 599.6495 599.3955 599.3799 599.393 599.3625 599.293 599.121 599.282 599.191 599.0675 598.9315 599.1095 599.0275 598.9125 598.797 598.9536 598.781 598.8785 598.7205 598.8365 598.801 598.7295 598.777 598.5345 598.5405 598.599 598.652 598.4045 598.368 598.3985 598.373
