samples/sfe_322/sfe_322_v3/sfe_322_v3/sfe_322_v3.asc
ncols         299
nrows         166
xllcorner     73.39999999851
yllcorner     65.60000000149
cellsize      1
NODATA_value  -9999
[rows 28 to 55 of 166, columns 64 to 127 of 299]
609.1758 609.1597 609.154 609.142 609.1271 609.1151 609.0981 609.088 609.0717 609.0612 609.0441 609.0307 609.0161 608.9999 608.9846 608.9717 608.954 608.9389 608.9208 608.9019 608.884 608.8655 608.8461 608.7656 608.6187 608.473 608.3434 608.1961 608.0488 607.9066 607.7775 607.6434 607.5081 607.3781 607.248 607.1184 606.9886 606.8585 606.7288 606.5989 606.4711 606.3532 606.2272 606.105 605.9938 605.8665 605.7415 605.6226 605.5188 605.3989 605.275 605.1586 605.04 604.9312 604.8204 604.695 604.5866 604.4856 604.3888 604.2683 604.1475 604.049 603.953 603.8674
609.1522 609.139 609.1279 609.1187 609.1053 609.0883 609.0759 609.0599 609.0485 609.0339 609.0196 609.0057 608.9908 608.9739 608.9572 608.9439 608.9263 608.9086 608.8922 608.8734 608.8541 608.8164 608.6693 608.5225 608.3757 608.2289 608.0912 607.9521 607.8048 607.6575 607.5225 607.391 607.257 607.1204 606.9904 606.8604 606.7309 606.6008 606.4708 606.3416 606.2114 606.0914 605.9636 605.8448 605.7214 605.6035 605.4736 605.3535 605.2408 605.1345 605.0083 604.8849 604.7584 604.6485 604.5405 604.4185 604.3029 604.1956 604.098 603.9872 603.8508 603.7531 603.6556 603.562
609.1268 609.1183 609.1022 609.0951 609.0834 609.0665 609.0536 609.0363 609.0254 609.0074 608.9951 608.9807 608.9632 608.948 608.9313 608.9138 608.8985 608.8808 608.8636 608.847 608.7213 608.576 608.4308 608.2795 608.1327 607.9859 607.8391 607.7082 607.5609 607.4135 607.2673 607.1384 607.0012 606.8629 606.7328 606.6027 606.4731 606.3431 606.2131 606.0834 605.9535 605.826 605.7047 605.5785 605.4532 605.3405 605.2084 605.0856 604.9663 604.8607 604.7375 604.6103 604.4872 604.3696 604.2604 604.1426 604.0192 603.9055 603.8083 603.7011 603.5728 603.4579 603.2595 602.824
609.1034 609.0977 609.0815 609.0735 609.0601 609.0447 609.0313 609.014 609.0022 608.9842 608.9706 608.9536 608.9382 608.9218 608.9053 608.8873 608.8707 608.853 608.7722 608.6285 608.4847 608.3356 608.1904 608.0377 607.8896 607.7429 607.596 607.4551 607.3169 607.1696 607.0222 606.8834 606.7512 606.6147 606.4752 606.3451 606.215 606.0855 605.9554 605.8254 605.6961 605.566 605.4457 605.3151 605.193 605.0732 604.9455 604.8177 604.6975 604.5869 604.4736 604.3449 604.2189 604.0906 603.978 603.8673 603.7367 603.6211 603.5187 603.421 602.6825 601.802 601.55 600.9275
609.0838 609.075 609.0609 609.0486 609.0378 609.0229 609.0059 608.9917 608.9744 608.961 608.9458 608.9291 608.9132 608.8965 608.8788 608.8607 608.843 608.6913 608.5361 608.3907 608.2469 608.0952 607.95 607.8047 607.6466 607.4998 607.353 607.2062 607.0729 606.9256 606.7783 606.6309 606.4992 606.3589 606.2191 606.0875 605.9574 605.8278 605.6978 605.5676 605.4379 605.3081 605.1811 605.0561 604.9297 604.8015 604.6826 604.5505 604.4296 604.3101 604.2025 604.0762 603.9456 603.8157 603.6991 603.5872 603.4647 602.9885 602.1075 601.2095 600.7885 600.5605 600.2355 600.2465
609.0641 609.0499 609.0402 609.0241 609.014 609.0011 608.9841 608.9694 608.9521 608.9379 608.9199 608.9046 608.8882 608.8708 608.8528 608.7696 608.6199 608.465 608.3086 608.1528 608.0092 607.8654 607.7096 607.5644 607.4172 607.2568 607.11 606.9632 606.8188 606.6816 606.5343 606.387 606.2443 606.1113 605.9725 605.8298 605.6998 605.5698 605.4401 605.3099 605.1801 605.0507 604.9205 604.7972 604.6665 604.5413 604.4196 604.2875 604.1617 604.0416 603.9286 603.812 603.6802 603.5478 603.426 603.199 602.2715 601.3915 600.601 599.951 599.977 600.0555 599.7415 599.7315
609.0446 609.0286 609.0196 609.0035 608.9924 608.9783 608.9623 608.9471 608.9298 608.9147 608.8967 608.8802 608.863 608.8459 608.696 608.5464 608.3968 608.2386 608.0869 607.9272 607.7713 607.6276 607.4827 607.324 607.1787 607.0218 606.8669 606.7202 606.5733 606.4371 606.2903 606.143 605.9957 605.86 605.7172 605.5768 605.4422 605.3121 605.1824 605.0523 604.9222 604.7925 604.6627 604.5361 604.4076 604.2811 604.1526 604.0245 603.8939 603.7737 603.6541 603.5443 603.428 602.398 601.778 600.8295 600.2395 600.0445 600.0425 599.728 599.879 599.9185 599.9295 600.164
609.025 609.009 608.998 608.9828 608.9693 608.9559 608.9404 608.9235 608.9075 608.8902 608.8735 608.8557 608.7752 608.6287 608.4803 608.3232 608.1736 608.0239 607.8605 607.7088 607.5458 607.3898 607.246 607.0931 606.9383 606.7931 606.6264 606.4771 606.3303 606.1835 606.0464 605.899 605.7517 605.605 605.4715 605.3302 605.1846 605.0545 604.9244 604.7947 604.6646 604.5347 604.4052 604.2751 604.1486 604.0179 603.8895 603.7616 603.6295 603.5059 603.43 602.3795 601.536 600.5266 599.6895 599.6635 599.5155 599.513 599.525 599.3715 599.709 599.775 599.803 600.18
609.0054 608.9894 608.9734 608.9622 608.946 608.9329 608.9186 608.9016 608.8852 608.8679 608.856 608.7125 608.5632 608.4135 608.2659 608.1047 607.9504 607.8008 607.6511 607.4825 607.3307 607.1644 607.0082 606.8645 606.7013 606.5527 606.4012 606.2341 606.0873 605.9405 605.801 605.6551 605.5078 605.3604 605.2209 605.0773 604.9346 604.7969 604.6668 604.537 604.4069 604.2769 604.147 604.0173 603.8897 603.759 603.6293 603.4987 603.432 601.91 601.038 600.319 599.7205 600.003 599.798 599.952 599.687 599.714 599.781 599.5065 599.7525 599.808 599.8665 599.954
608.9858 608.9698 608.9539 608.9415 608.9254 608.9113 608.8964 608.8798 608.8629 608.8047 608.6571 608.5045 608.355 608.2018 608.0488 607.9032 607.7289 607.5776 607.4279 607.2741 607.1044 606.9474 606.7762 606.6267 606.4807 606.3123 606.1671 606.0059 605.8442 605.6974 605.5507 605.4112 605.2638 605.1165 604.9691 604.8317 604.688 604.5392 604.4092 604.2791 604.1492 604.0191 603.8893 603.7598 603.6296 603.5001 603.4345 601.918 601.311 599.6845 599.4545 599.6185 599.742 599.809 599.514 599.7335 599.7045 599.7555 599.8075 599.817 600.1915 600.3855 600.324 600.389
608.9661 608.9502 608.9342 608.9208 608.9047 608.8896 608.8741 608.859 608.7404 608.6008 608.4525 608.305 608.147 607.9976 607.8428 607.686 607.5404 607.3544 607.2048 607.0551 606.8943 606.7263 606.5589 606.3889 606.2452 606.0923 605.9266 605.7806 605.6105 605.4544 605.3076 605.1647 605.0198 604.8725 604.7252 604.5818 604.4375 604.2924 604.1516 604.0215 603.8915 603.7615 603.6316 603.5016 603.053 601.993 601.046 599.9785 599.611 599.238 599.3665 599.488 599.6765 599.7175 599.741 599.502 599.7235 599.806 599.8475 599.941 600 600.55 600.149 600.0395
608.9465 608.9306 608.9146 608.8987 608.884 608.8679 608.8401 608.693 608.5373 608.3926 608.2529 608.1004 607.9529 607.7896 607.6401 607.4838 607.3232 607.1777 606.9816 606.8319 606.6823 606.5145 606.3483 606.1738 606.0073 605.8636 605.7005 605.541 605.3853 605.2151 605.0646 604.9178 604.7759 604.6285 604.4812 604.3339 604.1918 604.0457 603.8967 603.7639 603.6339 603.5038 602.884 601.771 600.4895 599.8521 599.9785 599.82 599.4536 599.4915 599.726 599.3695 599.128 599.1675 599.233 599.2625 599.774 599.856 599.909 600.1185 600.055 600.481 600.2005 599.9425
608.9269 608.9109 608.895 608.879 608.8633 608.7828 608.6393 608.5045 608.3439 608.1883 608.0447 607.8993 607.7483 607.5969 607.4321 607.2827 607.1248 606.9604 606.8049 606.6088 606.4591 606.3082 606.1329 605.9702 605.7924 605.6258 605.4786 605.3087 605.1553 604.9899 604.8215 604.6747 604.5286 604.3846 604.2372 604.0899 603.9427 603.7977 603.6501 603.5063 603.441 602.135 600.727 600.4525 599.525 599.2725 599.5316 599.2205 599.379 599.8995 599.5045 599.222 599.4305 599.497 599.55 599.4645 599.842 599.9395 599.9835 600.531 600.139 600.2125 600.28 600.321
608.9072 608.8914 608.8754 608.863 608.7458 608.5965 608.4465 608.3036 608.1688 607.9949 607.8392 607.6969 607.544 607.3962 607.237 607.0746 606.9224 606.7617 606.5977 606.4292 606.236 606.0863 605.9284 605.75 605.5885 605.4075 605.2443 605.0915 604.9168 604.7647 604.5945 604.4317 604.2849 604.1407 603.9933 603.8459 603.6986 603.552 603.2285 601.91 601.2135 600.031 599.5195 599.6645 599.1905 598.832 598.894 599.027 599.5245 599.937 599.515 599.5385 600.0565 600.119 600.0565 599.8245 600.0865 600.0335 600.062 600.511 600.214 600.2865 600.341 600.431
608.8867 608.8718 608.8451 608.7055 608.5591 608.4127 608.2601 608.11 607.9679 607.8289 607.6459 607.4902 607.349 607.1916 607.0441 606.8771 606.7172 606.5576 606.3942 606.2349 606.0535 605.8631 605.7135 605.5486 605.3672 605.2001 605.0164 604.8624 604.6996 604.5293 604.3693 604.1992 604.0419 603.8951 603.7494 603.602 603.4547 602.2605 601.1306 600.186 599.702 599.7425 599.319 598.977 599.133 599.1205 599.137 599.3015 599.5335 599.799 599.5645 599.4555 599.868 600.118 599.8925 599.762 600.1465 599.9215 600.1445 600.2545 600.2925 600.395 600.428 600.515
608.8683 608.7919 608.6533 608.5246 608.3723 608.2259 608.0795 607.9237 607.7736 607.6322 607.4819 607.2968 607.1411 607.0012 606.8394 606.6919 606.5173 606.3597 606.1929 606.027 605.8722 605.6778 605.4903 605.3407 605.1688 604.9877 604.8115 604.6253 604.4766 604.3078 604.1437 603.974 603.8038 603.652 603.5054 602.9146 601.192 600.1585 599.7729 599.527 598.888 599.272 599.234 599.019 599.482 599.5015 599.4145 599.3806 599.333 599.585 599.625 599.547 599.7025 599.928 599.948 599.8685 599.9985 600.024 600.403 600.3575 600.384 600.4655 600.3715 600.5945
608.7625 608.6164 608.4693 608.3328 608.2041 608.0391 607.8926 607.7463 607.5873 607.4355 607.2965 607.1343 606.9478 606.793 606.6533 606.4873 606.3379 606.1575 606.0023 605.8334 605.6599 605.5037 605.3021 605.1175 604.9625 604.7889 604.6096 604.423 604.2433 604.0907 603.916 603.7488 603.5786 603.448 602.1545 600.6245 599.6605 599.789 599.471 599.235 599.0355 599.3215 599.1725 598.7055 599.235 599.4821 599.2305 599.4055 599.609 599.419 599.6605 600.0665 600.005 599.8156 600.0225 600.4145 600.3075 600.401 600.4695 600.2485 600.4845 600.7455 600.509 600.7065
608.5841 608.4404 608.2938 608.1466 608.0123 607.8759 607.7059 607.5594 607.4117 607.2509 607.0959 606.9608 606.7868 606.5987 606.4451 606.3015 606.1352 605.9781 605.7977 605.6448 605.4744 605.2927 605.1294 604.9263 604.7447 604.5826 604.4091 604.2296 604.0386 603.8604 603.6989 603.5241 603.1615 601.6475 599.731 599.2915 599.4035 599.1715 598.754 599.115 599.539 599.436 599.007 598.6825 599.2285 599.6055 599.4955 599.3335 599.294 599.3385 599.5725 599.9255 599.872 599.9255 600.3055 600.2915 600.0275 600.118 600.18 600.346 600.599 600.8245 600.8355 600.7905
608.407 608.262 608.1182 607.9711 607.8239 607.6918 607.5426 607.3726 607.2263 607.0743 606.9145 606.7599 606.6251 606.4393 606.2496 606.0973 605.9465 605.7831 605.6183 605.4379 605.2815 605.1099 604.9295 604.7537 604.5507 604.3718 604.2028 604.0273 603.8412 603.6476 603.4745 602.847 601.1905 600.097 599.5525 599.2665 599.213 598.838 598.94 599.0555 599.2405 599.153 599.0355 598.901 599.275 599.556 599.343 599.24 599.604 599.9015 599.709 599.933 600.178 600.277 600.384 600.1595 600.3725 600.458 600.52 601.0865 600.7125 600.473 600.7225 601.0675
608.2293 608.0856 607.9399 607.7961 607.6484 607.4999 607.3713 607.2094 607.0394 606.893 606.7369 606.5781 606.4242 606.2823 606.0917 605.9006 605.7495 605.5913 605.431 605.2582 605.0793 604.9166 604.7426 604.5667 604.378 604.1749 603.9966 603.823 603.6444 603.4528 601.8765 600.412 599.5025 599.6605 599.4725 599.3115 599.1045 598.8395 599.1475 599.074 598.9865 599.1275 599.295 599.0575 599.163 599.7365 599.9595 599.7165 599.6995 599.993 600.033 599.8925 599.887 600.1405 600.107 600.118 600.509 600.584 600.6695 601.072 600.81 600.682 601.194 601.461
608.0516 607.908 607.762 607.6179 607.4739 607.3257 607.1794 607.0508 606.8762 606.7062 606.5598 606.3997 606.2417 606.0885 605.9381 605.7442 605.5515 605.4016 605.2361 605.0788 604.8983 604.7218 604.552 604.3749 604.2012 604.0023 603.7993 603.6168 603.454 601.436 600.135 599.726 599.3695 599.5285 599.266 599.365 599.0475 598.723 598.92 599.0545 599.221 599.1825 599.1255 599.2055 599.275 599.494 599.75 600.0055 599.8035 599.6285 599.929 599.8355 600.2215 600.82 600.4605 600.526 600.635 600.6974 600.7791 600.8425 600.9276 600.493 601.045 601.415
607.874 607.7303 607.5867 607.4395 607.2958 607.1518 607.0031 606.8589 606.7258 606.543 606.373 606.2266 606.0623 605.9053 605.7528 605.5906 605.3967 605.2028 605.0537 604.8808 604.7191 604.5384 604.3644 604.1873 604.0077 603.8291 603.6266 603.455 601.146 599.549 599.6776 599.3675 599.037 599.009 598.768 599.173 599.015 598.9615 599.475 599.277 599.0505 599.3655 599.566 599.65 599.7365 599.6165 599.5975 599.812 599.7435 599.8115 600.386 600.3195 600.3325 600.6795 600.418 600.631 600.7531 600.81 600.8885 600.8125 601.0266 600.8635 601.1395 601.2149
607.7054 607.5526 607.409 607.2654 607.1174 606.9736 606.8297 606.6804 606.5385 606.3954 606.2098 606.0398 605.8934 605.725 605.5688 605.4171 605.243 605.0491 604.8552 604.7037 604.5256 604.3594 604.1786 604.0058 603.824 603.6406 603.4565 601.345 599.896 599.357 599.381 599.412 598.9595 598.725 598.9555 599.4485 599.019 598.84 599.213 599.2605 599.3105 599.58 599.3985 599.4709 599.5795 599.478 599.8755 599.891 599.863 599.809 600.228 600.807 600.449 600.27 600.56 600.931 600.8555 600.915 601.0035 600.589 601.1437 601.654 601.2615 601.1395
607.5316 607.3867 607.2313 607.0877 606.944 606.7953 606.6515 606.5068 606.3577 606.218 606.0623 605.8766 605.7066 605.5568 605.3877 605.2296 605.0793 604.8954 604.7015 604.5076 604.3486 604.1703 603.9995 603.8188 603.6406 603.458 602.086 600.443 599.7695 599.2235 599.2045 599.5355 599.298 598.952 598.954 599.34 599.0305 598.602 598.687 598.779 599.0045 599.3694 599.2921 599.5235 599.831 599.615 599.755 599.964 600.1985 600.173 600.297 600.79 600.567 600.474 601.045 601.182 600.8156 601.0243 601.1055 600.683 601.2325 601.789 601.381 600.9625
607.3593 607.2109 607.0679 606.91 606.7664 606.6227 606.4733 606.3293 606.1837 606.0351 605.8975 605.729 605.5433 605.3734 605.2192 605.0504 604.89 604.7357 604.5479 604.354 604.1601 603.9936 603.8179 603.6395 603.459 601.4326 600.318 599.8375 599.3206 598.9406 599.0765 599.522 599.015 598.9605 598.993 598.9975 599.0645 598.7985 599.026 598.9335 599.3075 599.613 599.414 599.6265 599.86 599.9665 600.0724 600.0995 600.089 600.482 600.44 600.5275 600.667 600.2995 600.904 601.198 600.9625 601.3155 601.23 600.8055 601.335 601.9105 601.4815 601.2315
607.1805 607.0387 606.8914 606.7491 606.5887 606.4451 606.2995 606.1512 606.0072 605.8605 605.7119 605.5743 605.3958 605.2101 605.0402 604.8818 604.7131 604.5504 604.392 604.2004 604.0065 603.8126 603.6385 603.46 601.7555 599.7595 599.536 599.4895 599.521 599.241 599.1945 599.489 598.9925 598.8215 599.01 599.013 598.943 598.9475 599.506 599.423 599.4005 599.843 600.0475 599.915 599.741 599.6995 599.6335 600.1475 600.5645 600.7155 600.5455 600.6335 600.7906 600.381 600.9865 601.404 601.294 601.566 601.3525 600.908 601.46 602.051 601.77 601.751
606.9958 606.8638 606.7181 606.5726 606.4288 606.2674 606.1237 605.9745 605.829 605.6851 605.5373 605.3868 605.2452 605.0626 604.877 604.707 604.5444 604.3758 604.2108 604.0468 603.8528 603.6589 603.465 601.828 600.2175 599.5365 599.5055 599.335 599.1525 599.366 599.1215 599.2915 598.9915 598.518 599.019 599.278 599.0355 598.927 599.315 599.8915 599.5065 599.422 599.855 599.947 600.037 600.0655 600.0505 600.4365 600.433 600.537 600.6445 600.7565 600.8925 600.5 601.0885 601.415 601.217 601.585 601.4575 601.0295 601.586 601.9535 601.837 602.0615
606.8138 606.6761 606.5458 606.3975 606.2539 606.1075 605.946 605.8024 605.6507 605.5069 605.3629 605.2142 605.0647 604.9151 604.7294 604.5437 604.3738 604.2071 604.0385 603.8734 603.6992 603.5053 602.5396 600.7235 600.105 599.542 599.36 599.2225 599.238 599.2505 598.8985 599.1775 599.1935 598.702 599.0725 599.464 599.4875 599.272 599.217 599.8224 599.632 599.245 599.37 599.494 599.6226 600.0045 600.5544 600.6985 600.4913 600.6274 600.9525 601.039 600.997 600.7635 601.2115 601.6445 601.689 601.6655 601.4155 601.297 601.879 601.8155 601.388 601.762
