samples/sfe_322/sfe_322_v3/sfe_322_v3/sfe_322_v3.asc
ncols         299
nrows         166
xllcorner     73.39999999851
yllcorner     65.60000000149
cellsize      1
NODATA_value  -9999
[rows 28 to 55 of 166, columns 128 to 191 of 299]
603.7897 603.713 603.6368 603.5588 603.4866 603.4265 603.1985 603.182 602.755 602.603 602.7815 602.3995 602.569 602.8625 602.403 602.1155 602.376 602.4945 602.5045 602.4255 602.9345 602.943 603.2791 603.3365 603.3925 603.4331 603.4737 603.5092 603.5433 603.5786 603.6254 603.6685 603.7028 603.7424 603.7789 603.8134 603.8541 603.8942 603.9354 603.9827 604.0231 604.0638 604.1049 604.149 604.1991 604.2479 604.296 604.3633 604.4214 604.4868 604.5554 604.6396 604.7197 604.7977 604.8986 604.9981 605.1058 605.2115 605.3313 605.453 605.5649 605.6777 605.8417 605.962
603.4843 603.415 603.1795 603.1645 602.496 602.063 601.8795 601.8205 601.636 601.212 600.8455 600.5715 601.0535 601.4435 600.9771 600.9695 601.486 601.5095 601.413 601.3705 601.514 601.5435 602.0025 602.318 602.4255 602.704 602.453 602.537 603.1035 602.7885 603.1805 603.386 603.4175 603.4575 603.4937 603.5287 603.5687 603.6088 603.651 603.697 603.7345 603.7745 603.8146 603.8574 603.9065 603.9545 604.0031 604.0679 604.126 604.1894 604.2603 604.3506 604.4268 604.5109 604.6072 604.7114 604.8181 604.9294 605.0561 605.1674 605.2811 605.4246 605.5728 605.6932
602.2845 601.8445 601.37 601.2275 600.584 599.9705 600.468 600.806 600.686 600.8695 600.571 600.436 600.809 601.0445 600.7635 600.6345 601.013 601.228 600.9575 600.995 601.0225 600.9 601.247 601.478 601.205 601.247 601.2435 601.1075 601.5715 601.566 601.826 602.1055 602.149 602.4645 602.859 602.645 603.002 603.492 603.3795 603.4104 603.4459 603.4841 603.5249 603.5659 603.613 603.6611 603.7133 603.7725 603.8307 603.892 603.9654 604.055 604.1299 604.2196 604.3159 604.4236 604.5273 604.6542 604.7761 604.8819 605.0034 605.1708 605.2951 605.4177
600.2805 600.13 600.1465 600.324 600.164 599.971 600.5115 600.451 600.012 600.5295 600.683 600.2445 600.2 600.6915 600.7104 600.452 600.6905 600.903 600.7295 600.9065 600.967 600.564 600.626 601.11 601.119 601.0395 601.1945 601.2915 601.5081 601.4115 601.562 601.698 601.584 601.1885 601.0495 600.995 601.5575 602.1745 602.054 602.1205 602.4545 602.6535 603.13 602.9465 603.1065 603.3725 603.4189 603.4771 603.5362 603.5974 603.6763 603.759 603.8331 603.9282 604.0291 604.1358 604.2524 604.3785 604.4905 604.6011 604.7502 604.9019 605.0248 605.1769
600.2415 600.259 600.2775 600.196 600.099 600.2575 600.471 600.3905 600.262 600.458 600.669 600.5695 600.461 600.825 600.7195 600.5745 600.9255 600.855 600.758 601.0995 600.981 600.6945 600.884 601.241 601.111 600.6635 601.1695 601.6635 601.2255 600.7685 601.267 601.754 601.285 600.979 601.123 601.1215 601.1445 601.1605 601.1415 600.951 601.2605 601.3635 601.613 601.5785 601.8165 602.543 602.342 602.1695 602.9285 603.456 603.3873 603.4633 603.5406 603.6368 603.7413 603.848 603.9752 604.0992 604.205 604.3291 604.4971 604.6291 604.7623 604.9393
599.6315 599.817 599.878 600.0675 600.5085 600.2755 599.9275 600.388 600.858 600.511 600.2885 600.598 600.918 601.139 600.7475 600.362 600.5755 600.8825 601.1815 601.2705 600.849 600.828 601.177 601.416 601.2825 600.942 601.331 601.558 601.065 600.8525 601.2365 601.4775 601.1005 601.2145 601.67 601.5175 601.5005 601.4825 601.4825 601.2845 601.343 601.326 601.3085 601.2555 601.092 601.442 601.0295 600.658 601.4155 602.0145 601.8775 601.952 602.937 603.365 603.4536 603.5684 603.7008 603.8137 603.9211 604.0759 604.231 604.3564 604.5248 604.697
599.898 600.2365 600.1335 599.7225 600.279 600.503 600.216 600.417 600.6495 600.3781 600.568 600.6405 600.7225 601.2425 600.795 600.342 600.854 600.9255 600.9935 601.201 600.915 600.9445 600.9995 601.1625 601.311 601.3175 601.3535 601.2535 601.1155 601.412 601.258 600.9825 601.133 601.263 601.425 601.11 601.272 601.2451 601.2375 601.4915 601.2925 601.2625 601.2241 601.363 601.0135 601.0165 600.9545 600.441 600.908 601.0455 600.6965 600.609 601.47 601.8725 602.5955 603.2155 603.4223 603.5281 603.6548 603.8228 603.962 604.1102 604.2872 604.4337
600.1795 600.309 600.208 600.024 600.4575 600.694 600.691 600.466 600.1095 600.2635 600.6395 600.7255 600.9005 601.1915 600.845 600.655 600.947 600.8445 600.8745 601.221 601.209 601.2545 601.4255 601.339 601.116 601.1345 601.159 601.436 601.7135 601.6235 601.3135 601.2375 601.414 601.14 600.876 600.9615 601.2595 601.1195 601.229 601.363 600.893 600.7445 600.8345 601.106 601.0175 600.9445 600.7585 600.487 600.8145 601.133 601.1675 600.7935 600.679 600.6705 601.091 601.786 602.3385 603.075 603.4016 603.56 603.6957 603.8726 604.0457 604.2078
600.013 599.9 600.231 600.594 600.5005 600.2795 600.5025 600.7235 600.438 600.799 600.7095 600.5875 600.948 600.7085 600.914 601.425 601.006 600.747 600.954 601.009 601.0445 600.906 601.2505 601.5555 601.39 601.4125 601.432 601.4665 601.5075 601.2045 601.365 601.535 601.2425 601.213 601.181 601.4715 601.294 600.803 601.2645 601.7015 601.16 600.6555 601.0955 601.047 601.024 601.14 600.784 601.022 600.8 600.6225 600.8545 600.942 600.5815 600.4015 600.664 600.507 600.5075 601.039 602.3665 603.2975 603.4581 603.6351 603.8022 603.9819
600.597 600.2145 600.138 600.2675 600.0015 600.035 600.542 600.9205 600.934 601.027 600.7945 600.51 600.6315 600.7375 600.989 601.401 601.236 601.212 601.427 601.45 601.4905 601.221 601.456 601.523 601.2375 601.115 601.121 601.111 600.9845 600.958 601.42 601.8775 601.8305 601.6605 601.497 601.5455 601.359 601.0845 601.295 601.4905 601.07 600.814 601.142 600.97 601.0565 601.441 601.197 601.1965 600.8035 600.4455 600.429 600.69 600.553 600.0595 600.176 600.554 600.7955 600.4655 600.8565 602.05 603.1425 603.3966 603.5763 603.756
600.3975 600.3055 600.2445 600.302 600.3475 600.2365 600.623 600.695 600.758 600.815 600.849 600.886 600.9315 601.4585 601.056 600.933 601.284 601.502 601.2505 601.2825 601.3155 601.1635 601.497 601.5135 601.5205 601.241 601.4245 601.611 601.3125 601.146 601.485 601.794 601.6255 601.493 601.3365 601.1365 601.4165 601.8355 601.3475 601.031 601.147 601.394 601.182 600.6665 601.0965 601.529 600.985 600.939 600.8385 600.764 600.678 600.6355 600.5545 599.9935 600.413 600.655 600.446 600.4005 600.401 600.4385 601.236 602.324 603.355 603.5301
600.0625 600.3895 600.8815 600.936 600.9995 600.585 600.53 600.7515 600.8025 600.7485 600.9255 601.132 601.1865 601.445 600.9705 600.856 601.1115 601.47 601.451 601.3455 601.202 600.9475 601.1695 601.1755 601.057 601.0515 601.5165 601.9965 601.9615 601.6299 601.5405 601.4415 601.106 601.3725 601.611 601.294 601.4684 601.932 601.4045 601.2025 601.6035 601.5945 601.2445 600.803 600.9755 601.2855 600.855 600.809 600.8835 600.9625 600.876 600.8345 600.7275 600.276 600.429 600.3765 600.007 599.9475 600.0385 599.881 599.7625 600.404 602.034 603.354
600.391 600.293 600.6925 600.75 600.8225 600.744 600.652 601.016 600.892 600.4735 601.0045 601.353 601.2465 601.1795 601.074 601.231 601.4085 601.4625 601.5081 601.4215 601.312 601.1534 601.4925 601.6775 601.399 601.2485 601.5875 601.922 601.7625 601.924 601.6075 601.3025 601.443 601.4555 601.461 601.246 601.532 601.991 601.4575 600.96 601.419 601.3595 601.3055 601.4055 601.0515 601.006 600.932 600.683 600.9415 601.1605 600.9085 600.827 600.7315 600.824 600.4345 600.3565 600.2215 599.9935 600.213 600.006 599.887 599.959 600.038 601.5235
600.4855 600.3905 600.5155 600.5765 600.64 600.968 601.2875 601.2325 600.8245 600.5185 600.9185 601.048 600.924 601.2285 601.383 601.317 601.119 601.0235 601.187 601.633 601.9485 601.654 601.599 601.7679 601.73 601.461 601.658 601.701 601.2525 601.7265 601.679 601.6345 601.927 601.947 602.0635 601.705 601.582 601.9465 601.6949 601.141 601.4595 601.3815 601.187 601.4815 601.499 601.4235 601.216 600.856 600.9815 601.0675 600.552 600.329 600.2285 600.606 600.453 600.263 600.261 599.8545 599.8025 600.0085 600.06 600.198 600.2595 600.236
600.572 600.9315 600.8235 600.8885 600.9425 601.021 601.106 601.042 600.935 600.9745 601.037 600.909 601.2475 601.5055 601.2625 601.582 601.4295 601.0015 601.5165 601.8665 601.7585 601.953 601.6655 601.3965 601.592 601.424 601.7335 601.9225 601.5965 601.9245 601.75 601.7525 601.76 601.575 601.86 602.0025 601.6566 601.4725 601.7305 601.367 601.525 601.633 601.2775 601.0695 601.325 601.4326 601.0615 600.794 601.0365 601.427 600.84 600.451 600.542 600.778 600.4976 599.938 600.2975 600.1541 600.066 600.1535 599.807 600.0655 599.8385 599.4565
600.8455 600.9505 600.6935 600.7599 600.8225 600.731 600.775 601.2205 601.413 601.3445 601.521 601.237 601.1895 601.5645 601.7155 601.799 601.367 601.193 601.625 601.556 601.259 601.744 601.7465 601.7235 602.2061 601.7655 601.812 602.136 602.093 602.1375 601.831 601.9545 601.809 601.5035 601.6775 601.946 601.724 601.23 601.2296 601.306 601.579 601.716 601.7375 601.493 601.3575 601.646 601.6585 601.11 601.099 601.3514 600.742 600.6385 600.856 600.804 600.3525 599.943 600.3395 600.3185 600.0925 600.16 599.9955 599.9815 599.772 599.378
600.901 600.951 601.0075 601.0656 601.124 600.8855 601.102 601.6625 601.2685 600.836 601.3595 601.5825 601.309 601.1995 601.553 601.782 601.494 601.808 601.6855 601.433 601.615 601.96 601.8195 601.661 602.0095 601.716 601.8965 601.9105 601.9315 601.9195 601.907 602.3735 601.8805 601.6745 601.9536 602.121 601.7885 601.455 601.5825 601.851 601.6335 601.125 601.567 601.9715 601.418 601.202 601.442 601.051 601.1485 601.245 600.847 600.7785 600.694 600.5835 600.4545 600.1705 600.3705 600.699 600.095 599.718 599.7815 599.5105 599.7285 599.6515
600.61 600.5115 600.5575 600.639 600.852 600.9905 601.223 601.654 601.327 601.0185 601.4235 601.8025 601.789 601.385 601.4575 601.8245 601.968 602.043 601.605 601.7555 602.269 602.191 601.7255 601.582 601.6755 601.67 602.131 602.1194 601.9735 601.8495 601.977 602.462 601.9525 601.645 601.819 601.953 601.877 601.7675 601.9005 602.0551 601.695 601.146 601.4424 601.7745 601.4925 601.078 600.9315 600.992 601.371 601.5995 601.4745 601.379 601.2975 601.1725 600.9055 600.3315 600.421 600.6045 599.944 599.9875 600.3265 599.888 599.8715 599.598
600.9445 600.695 600.937 600.816 601.1735 601.7165 601.322 601.381 601.4255 601.463 601.5295 601.5835 601.6435 601.5684 601.6772 601.451 601.811 602.0245 601.732 601.882 602.0665 601.971 601.843 602.149 601.9915 601.838 602.1775 602.3575 602.0734 601.9171 602.06 602.535 602.0245 601.821 602.0985 601.7825 601.9455 602.08 601.7585 602.0195 601.767 601.4175 601.542 601.3175 601.559 601.6495 601.271 601.321 601.3915 601.3395 601.2625 601.169 601.0745 601.128 600.7025 600.104 600.4485 600.4795 600.0495 600.0635 600.057 599.936 599.807 599.599
601.2285 601.218 601.4485 601.2085 601.296 601.7405 601.587 601.4653 601.528 601.554 601.6205 601.788 601.7095 601.6965 602.0575 601.6545 601.867 602.3725 602.3765 601.9835 601.5715 602.0031 602.3195 602.255 602.0835 601.946 602.028 602.164 601.971 601.6215 602.131 602.4525 601.9385 601.6025 601.6335 601.9277 602.021 602.4415 602.368 602.363 602.011 601.9205 602.169 601.637 601.626 602.0055 601.7465 601.237 600.9145 600.9785 600.914 600.811 600.733 600.779 600.5675 600.267 600.6665 600.668 600.3085 600.0785 599.8525 599.534 599.274 599.59
601.3 601.539 601.329 601.338 601.4 601.2775 601.6335 601.387 601.6035 601.6605 601.709 602.22 601.797 601.84 601.8945 601.4455 601.951 602.31 602.179 602.071 601.9385 602.278 602.15 601.6905 602.1745 602.471 602.311 602.2075 602.0835 601.884 602.2075 602.38 602.055 602.0245 601.9955 601.788 602.0835 602.3515 602.1475 602.106 602.0005 601.995 601.951 601.5815 601.686 602.1165 601.5765 601.1875 601.2655 601.4875 601.213 601.144 601.0175 600.6175 600.6575 600.6785 600.6725 600.4265 600.1725 600.135 600.0895 599.844 599.567 599.7855
601.169 601.379 601.4025 601.5735 601.5045 601.238 601.33 601.3615 601.8555 601.7695 601.7945 602.347 602.0645 601.934 601.7965 601.475 601.881 602.0975 601.8545 602.0085 602.4305 602.494 602.0415 601.867 602.423 602.461 602.0115 602.291 602.545 602.2655 602.4435 602.745 602.6875 602.512 602.482 602.128 602.1485 602.293 601.8025 601.616 601.5555 601.674 601.782 601.7973 601.752 602.0575 601.618 601.355 601.5765 601.5585 601.321 601.222 601.106 600.923 600.957 600.5795 600.347 600.6235 600.5895 600.1775 599.953 599.89 599.8655 599.9485
601.489 601.2585 601.4795 602.0195 601.6055 601.6275 601.677 601.5535 601.9135 601.669 601.88 602.2415 602.1 602.023 601.928 601.952 602 602.3315 602.1735 601.7465 602.2735 602.4715 602.1695 602.2935 602.455 602.649 602.3355 602.365 602.376 602.1885 602.4765 602.4825 602.473 602.1495 602.305 602.2625 602.2355 602.6575 602.12 601.7915 601.902 601.9795 602.063 602.183 601.819 601.7755 601.7165 601.33 601.4405 601.1775 601.391 601.2841 601.189 601.2225 600.81 600.4925 600.6605 601.001 600.394 600.0815 600.197 599.9645 599.7065 599.6655
601.0465 601.2355 601.7565 602.1545 601.703 601.6015 601.8015 601.6665 601.6235 601.6275 601.9645 602.089 601.968 602.1305 602.3955 602.581 602.477 602.5605 602.2755 601.9515 602.345 602.5165 602.473 602.3725 602.1475 602.333 602.442 602.575 602.432 601.9716 601.9925 602.1615 602.3085 602.2445 602.527 602.4945 602.4655 602.6215 602.2255 602.115 602.221 601.919 601.761 602.1495 601.891 601.8415 601.7535 601.521 601.889 601.5295 601.471 601.3546 601.247 601.5795 601.426 600.95 600.701 600.79 600.28 599.8255 599.747 600.053 600.2935 599.876
601.4455 601.6085 601.828 602.0724 601.8095 601.3745 601.897 602.416 601.981 602 602.0695 601.9265 602.256 602.015 602.2465 602.761 602.3175 602.3565 602.363 602.3845 602.4185 602.157 602.353 602.6505 602.4655 602.0155 602.5135 602.9975 602.514 602.203 602.3565 602.47 602.581 602.566 602.5515 602.5161 602.493 602.164 602.302 602.424 602.092 601.828 602.0805 602.5095 601.962 601.91 601.8165 601.2885 601.724 601.6096 601.537 601.409 601.328 601.498 601.2015 601.2315 600.7875 600.37 600.3835 600.238 600.0885 600.074 600.067 599.886
601.9725 601.763 601.5385 601.89 601.9015 601.4405 601.8145 602.398 602.259 602.2695 602.174 601.9175 602.1405 601.9765 602.1535 602.6945 602.555 602.4265 602.277 602.3035 602.3311 602.472 602.974 603.035 602.7305 602.215 602.4145 602.7995 602.5995 602.5204 602.6745 602.3925 602.118 602.1075 602.2475 602.1805 602.001 601.948 602.366 602.786 602.7005 602.313 602.1605 602.317 602.0455 601.96 601.734 601.4995 601.934 601.85 601.78 601.6675 601.5565 601.291 600.9419 601.062 600.8635 600.552 600.87 600.7045 600.5551 600.1075 599.5485 599.4015
601.8395 601.8695 601.9055 601.953 602.015 601.7455 601.9715 602.1405 602.304 602.5275 602.2605 602.095 602.4395 602.3695 602.281 602.442 602.605 602.5065 602.4145 602.4325 602.4645 602.5985 602.7615 602.771 602.771 602.655 602.5405 602.375 602.678 602.8445 602.551 602.5255 602.484 602.277 602.564 602.701 602.3694 602.147 602.442 602.7005 602.475 602.602 602.2195 601.7045 602.127 602.2365 601.863 601.892 601.9675 601.897 601.7955 601.6915 601.575 601.354 601.079 601.2685 600.9626 600.3495 600.707 600.5305 600.418 600.398 599.9375 599.771
601.9375 601.9575 601.875 601.903 602.127 602.244 602.457 602.104 602.013 602.3525 602.3645 602.061 601.9875 602.4295 602.7615 602.54 602.463 602.757 603.0495 603.062 602.9305 602.5365 602.2655 602.44 602.6415 602.9195 603.182 602.871 602.9165 603.0585 603.004 602.9605 602.794 602.4615 602.4745 602.764 602.6805 602.508 602.6745 602.647 602.141 602.437 602.477 601.899 602.2005 602.596 602.4985 601.989 601.663 601.737 601.6475 601.372 601.105 601.433 601.553 601.499 601.0415 600.585 600.7969 600.7985 600.6485 600.6545 600.4415 600.4215
