samples/sfe_322/sfe_322_v3/sfe_322_v3/sfe_322_v3.asc
ncols         299
nrows         166
xllcorner     73.39999999851
yllcorner     65.60000000149
cellsize      1
NODATA_value  -9999
[rows 0 to 27 of 166, columns 0 to 63 of 299]
-9999 -9999 -9999 -9999 -9999 -9999 -9999 -9999 -9999 -9999 -9999 -9999 -9999 -9999 -9999 -9999 -9999 -9999 -9999 -9999 -9999 -9999 -9999 -9999 -9999 -9999 -9999 609.9315 609.9304 609.9294 609.9281 609.9271 609.9252 609.9241 609.9231 609.9218 609.9208 609.9188 609.9178 609.9164 609.9154 609.9144 609.9125 609.9114 609.9103 609.9092 609.908 609.906 609.905 609.9037 609.9027 609.9017 609.8997 609.8983 609.8973 609.8963 609.8951 609.8931 609.892 609.8907 609.8897 609.8884 609.8865 609.8852
-9999 -9999 -9999 -9999 -9999 -9999 -9999 -9999 -9999 -9999 -9999 -9999 -9999 -9999 -9999 -9999 -9999 -9999 -9999 -9999 -9999 -9999 -9999 -9999 -9999 -9999 609.9224 609.9138 609.9128 609.9116 609.9087 609.9073 609.9064 609.9054 609.9042 609.9011 609.9 609.899 609.898 609.8961 609.8935 609.8925 609.8915 609.8905 609.8886 609.8868 609.8845 609.8835 609.8826 609.8803 609.8784 609.8774 609.8765 609.8735 609.8724 609.8706 609.8687 609.8676 609.8667 609.8645 609.8621 609.8598 609.8589 609.858
-9999 -9999 -9999 -9999 -9999 -9999 -9999 -9999 -9999 -9999 -9999 -9999 -9999 -9999 -9999 -9999 -9999 -9999 -9999 -9999 -9999 -9999 -9999 -9999 -9999 -9999 609.9092 609.8953 609.8942 609.8932 609.8923 609.8886 609.8867 609.8857 609.8847 609.882 609.8801 609.8782 609.8773 609.8763 609.8724 609.8714 609.8696 609.8687 609.8677 609.8653 609.8619 609.86 609.8591 609.856 609.8551 609.8535 609.8523 609.8478 609.8469 609.8459 609.8428 609.8412 609.8403 609.8387 609.8353 609.8335 609.8303 609.8294
-9999 -9999 -9999 -9999 -9999 -9999 -9999 -9999 -9999 -9999 -9999 -9999 -9999 -9999 -9999 -9999 -9999 -9999 -9999 -9999 -9999 -9999 -9999 -9999 -9999 -9999 609.8961 609.882 609.8763 609.8751 609.8737 609.8693 609.8679 609.8668 609.8655 609.8641 609.8593 609.8584 609.8571 609.8558 609.8508 609.8495 609.8486 609.8469 609.8458 609.8428 609.8416 609.8375 609.8359 609.8347 609.8308 609.8298 609.8287 609.8271 609.8217 609.8203 609.8193 609.8157 609.8139 609.812 609.8083 609.8067 609.8027 609.8009
-9999 -9999 -9999 -9999 -9999 -9999 -9999 -9999 -9999 -9999 -9999 -9999 -9999 -9999 -9999 -9999 -9999 -9999 -9999 -9999 -9999 -9999 -9999 -9999 -9999 -9999 609.883 609.8687 609.8578 609.8569 609.856 609.8518 609.8484 609.8472 609.8463 609.8453 609.8394 609.8376 609.8367 609.8358 609.8338 609.8284 609.8267 609.8257 609.8248 609.8218 609.8195 609.814 609.8132 609.8123 609.8074 609.8056 609.8047 609.8037 609.7963 609.7954 609.7936 609.7893 609.7884 609.7869 609.7833 609.7791 609.7741 609.7733
-9999 -9999 -9999 -9999 -9999 -9999 -9999 -9999 -9999 -9999 -9999 -9999 -9999 -9999 -9999 -9999 -9999 -9999 -9999 -9999 -9999 -9999 -9999 -9999 -9999 609.885 609.8699 609.8553 609.8418 609.8383 609.8374 609.8365 609.8293 609.8284 609.8266 609.8257 609.8232 609.8177 609.8165 609.815 609.8141 609.8065 609.8056 609.804 609.8029 609.8021 609.7979 609.7915 609.7899 609.7888 609.785 609.7822 609.7807 609.7796 609.7728 609.7697 609.7689 609.7639 609.762 609.7611 609.7587 609.7523 609.7494 609.7447
-9999 -9999 -9999 -9999 -9999 -9999 -9999 -9999 -9999 -9999 -9999 -9999 -9999 -9999 -9999 -9999 -9999 -9999 -9999 -9999 -9999 -9999 -9999 -9999 -9999 609.8718 609.8568 609.842 609.8284 609.8206 609.8197 609.8179 609.811 609.8087 609.8078 609.8069 609.8051 609.7974 609.796 609.7952 609.7937 609.7874 609.7836 609.7828 609.7814 609.7802 609.7755 609.7739 609.7671 609.7659 609.7645 609.758 609.757 609.7557 609.7531 609.7448 609.7432 609.7423 609.7364 609.7347 609.732 609.7259 609.7238 609.717
-9999 -9999 -9999 -9999 -9999 -9999 -9999 -9999 -9999 -9999 -9999 -9999 -9999 -9999 -9999 -9999 -9999 -9999 -9999 -9999 -9999 -9999 -9999 -9999 -9999 609.8585 609.8436 609.8289 609.8152 609.8019 609.8011 609.8002 609.7963 609.7898 609.7881 609.7872 609.7863 609.7792 609.7761 609.7744 609.7735 609.7715 609.7625 609.7612 609.7599 609.7591 609.7553 609.7521 609.7442 609.7428 609.742 609.7344 609.733 609.7319 609.7305 609.7191 609.7183 609.7166 609.71 609.7091 609.7061 609.7025 609.6961 609.6884
-9999 -9999 -9999 -9999 -9999 -9999 -9999 -9999 -9999 -9999 -9999 -9999 -9999 -9999 -9999 -9999 -9999 -9999 -9999 -9999 -9999 -9999 -9999 -9999 -9999 609.8453 609.8305 609.8157 609.8021 609.7883 609.7828 609.7816 609.7807 609.7712 609.7692 609.7677 609.7667 609.7643 609.7552 609.7545 609.7527 609.752 609.7412 609.7397 609.7386 609.7372 609.7364 609.7305 609.7237 609.7201 609.7186 609.7142 609.7093 609.7079 609.7069 609.698 609.6926 609.6918 609.6857 609.6827 609.6819 609.6776 609.6692 609.6652
-9999 -9999 -9999 -9999 -9999 -9999 -9999 -9999 -9999 -9999 -9999 -9999 -9999 -9999 -9999 -9999 -9999 -9999 -9999 -9999 -9999 -9999 -9999 -9999 609.8475 609.8323 609.8174 609.8026 609.7887 609.7749 609.7646 609.7639 609.7621 609.7548 609.7499 609.7486 609.7478 609.7462 609.7353 609.7336 609.7328 609.7317 609.7251 609.7185 609.7169 609.7159 609.7145 609.7081 609.7062 609.6967 609.6959 609.6943 609.6855 609.6842 609.6827 609.6783 609.6676 609.6661 609.6651 609.657 609.6555 609.652 609.6435 609.6407
-9999 -9999 -9999 -9999 -9999 -9999 -9999 -9999 -9999 -9999 -9999 -9999 -9999 -9999 -9999 -9999 -9999 -9999 -9999 -9999 -9999 -9999 -9999 -9999 609.8344 609.819 609.8043 609.7894 609.7753 609.7617 609.7484 609.7452 609.7444 609.7408 609.7308 609.7296 609.7281 609.7273 609.7204 609.7136 609.7121 609.7112 609.7093 609.6965 609.6957 609.6942 609.6934 609.6888 609.6848 609.674 609.6724 609.6717 609.6619 609.6604 609.6592 609.6577 609.6428 609.6412 609.6396 609.6306 609.6298 609.6257 609.6216 609.6131
-9999 -9999 -9999 -9999 -9999 -9999 -9999 -9999 -9999 -9999 -9999 -9999 -9999 -9999 -9999 -9999 -9999 -9999 -9999 -9999 -9999 -9999 -9999 -9999 609.8212 609.8058 609.7911 609.7762 609.762 609.7485 609.7349 609.7274 609.7258 609.725 609.7133 609.71 609.7092 609.7076 609.7055 609.6936 609.6921 609.6906 609.6898 609.6787 609.6738 609.673 609.6715 609.6708 609.6631 609.656 609.6497 609.6483 609.6436 609.6364 609.6351 609.6342 609.6232 609.6155 609.6147 609.6077 609.6035 609.6027 609.5958 609.5861
-9999 -9999 -9999 -9999 -9999 -9999 -9999 -9999 -9999 -9999 -9999 -9999 -9999 -9999 -9999 -9999 -9999 -9999 -9999 -9999 -9999 -9999 -9999 -9999 609.808 609.7925 609.778 609.7629 609.7487 609.7355 609.7214 609.7087 609.7079 609.7064 609.6993 609.691 609.6895 609.6887 609.6872 609.6764 609.672 609.6705 609.6697 609.6628 609.6525 609.6511 609.6503 609.6489 609.6408 609.6385 609.6265 609.6255 609.6241 609.6128 609.6113 609.61 609.6036 609.5904 609.5891 609.587 609.5777 609.5764 609.572 609.561
-9999 -9999 -9999 -9999 -9999 -9999 -9999 -9999 -9999 -9999 -9999 -9999 -9999 -9999 -9999 -9999 -9999 -9999 -9999 -9999 -9999 -9999 -9999 609.8101 609.7947 609.7793 609.7648 609.7498 609.7355 609.7222 609.7081 609.6949 609.6893 609.6885 609.6852 609.6732 609.6705 609.669 609.6682 609.6616 609.6512 609.6505 609.649 609.647 609.6323 609.6298 609.6284 609.6277 609.6223 609.6175 609.6058 609.6021 609.6014 609.5912 609.5878 609.5864 609.584 609.568 609.564 609.5626 609.5514 609.5504 609.5453 609.5392
-9999 -9999 -9999 -9999 -9999 -9999 -9999 -9999 -9999 -9999 -9999 -9999 -9999 -9999 -9999 -9999 -9999 -9999 -9999 -9999 -9999 -9999 -9999 609.7969 609.7814 609.7661 609.7516 609.7366 609.7223 609.7087 609.6951 609.6815 609.6714 609.6705 609.6692 609.6578 609.6515 609.65 609.6487 609.6467 609.6324 609.6297 609.6288 609.6276 609.6165 609.6086 609.6072 609.6058 609.6049 609.5957 609.5883 609.5793 609.5779 609.5728 609.5635 609.5623 609.5613 609.5484 609.5388 609.5377 609.5295 609.5242 609.5221 609.5145
-9999 -9999 -9999 -9999 -9999 -9999 -9999 -9999 -9999 -9999 -9999 -9999 -9999 -9999 -9999 -9999 -9999 -9999 -9999 -9999 -9999 -9999 -9999 609.7839 609.7681 609.753 609.7385 609.7234 609.7091 609.6954 609.6818 609.668 609.6548 609.6521 609.6509 609.6437 609.6334 609.6309 609.6296 609.6282 609.6176 609.6096 609.6082 609.6075 609.6006 609.5868 609.5859 609.5845 609.5832 609.5737 609.5709 609.5565 609.5552 609.5538 609.5398 609.5385 609.5373 609.5288 609.5132 609.512 609.5089 609.4984 609.4971 609.4916
-9999 -9999 -9999 -9999 -9999 -9999 -9999 -9999 -9999 -9999 -9999 -9999 -9999 -9999 -9999 -9999 -9999 -9999 -9999 -9999 -9999 -9999 -9999 609.7706 609.7552 609.74 609.7254 609.7103 609.6959 609.6819 609.6687 609.6545 609.6415 609.634 609.6328 609.6298 609.6162 609.6113 609.6102 609.6092 609.6027 609.5895 609.5881 609.5867 609.5848 609.57 609.564 609.5628 609.562 609.5558 609.5501 609.5381 609.5322 609.5311 609.5204 609.5149 609.5136 609.5092 609.4932 609.4869 609.4857 609.4724 609.4709 609.4653
-9999 -9999 -9999 -9999 -9999 -9999 -9999 -9999 -9999 -9999 -9999 -9999 -9999 -9999 -9999 -9999 -9999 -9999 -9999 -9999 -9999 -9999 609.7728 609.7574 609.7421 609.7269 609.7123 609.6971 609.6828 609.6686 609.6556 609.6414 609.628 609.6155 609.6149 609.6135 609.6022 609.5922 609.5909 609.5901 609.5879 609.5736 609.568 609.5667 609.5654 609.5542 609.5426 609.5414 609.5401 609.5385 609.5283 609.5207 609.5089 609.5077 609.5021 609.4908 609.4894 609.4882 609.4736 609.4617 609.4606 609.4514 609.4449 609.441
-9999 -9999 -9999 -9999 -9999 -9999 -9999 -9999 -9999 -9999 -9999 -9999 -9999 -9999 -9999 -9999 -9999 -9999 -9999 -9999 -9999 -9999 609.7595 609.7441 609.7289 609.7137 609.6991 609.6838 609.6697 609.6553 609.6422 609.6284 609.6145 609.6014 609.5963 609.5953 609.5882 609.5754 609.5718 609.5705 609.5692 609.5588 609.5473 609.5461 609.5452 609.5383 609.5236 609.52 609.5188 609.5176 609.5067 609.5032 609.4879 609.4848 609.4836 609.4681 609.4657 609.4645 609.454 609.438 609.4349 609.4308 609.4191 609.418
-9999 -9999 -9999 -9999 -9999 -9999 -9999 -9999 -9999 -9999 -9999 -9999 -9999 -9999 -9999 -9999 -9999 -9999 -9999 -9999 -9999 -9999 609.7464 609.7309 609.7157 609.7006 609.686 609.6707 609.6565 609.6422 609.6288 609.6152 609.601 609.588 609.5782 609.5769 609.5742 609.5607 609.5527 609.5515 609.5502 609.5439 609.5297 609.5258 609.5245 609.5225 609.5078 609.4987 609.4974 609.4963 609.4893 609.4828 609.4704 609.4619 609.4608 609.4498 609.442 609.4409 609.4344 609.4185 609.4097 609.4086 609.394 609.3915
-9999 -9999 -9999 -9999 -9999 -9999 -9999 -9999 -9999 -9999 -9999 -9999 -9999 -9999 -9999 -9999 -9999 -9999 -9999 -9999 -9999 -9999 609.7333 609.7176 609.7025 609.6874 609.6729 609.6575 609.6433 609.6289 609.6154 609.602 609.5879 609.5745 609.5614 609.559 609.5577 609.5467 609.5359 609.5321 609.5311 609.5291 609.5148 609.5056 609.5044 609.5032 609.4919 609.4772 609.4756 609.4744 609.4719 609.4609 609.453 609.439 609.4374 609.4314 609.4182 609.4166 609.4148 609.3989 609.3845 609.3835 609.3734 609.3657
-9999 -9999 -9999 -9999 -9999 -9999 -9999 -9999 -9999 -9999 -9999 -9999 -9999 -9999 -9999 -9999 -9999 -9999 -9999 -9999 -9999 609.7354 609.72 609.7043 609.6892 609.6743 609.6597 609.6443 609.6301 609.6157 609.602 609.589 609.5748 609.561 609.548 609.5405 609.5397 609.5327 609.5192 609.5126 609.5114 609.5104 609.4999 609.4857 609.4842 609.483 609.4761 609.4613 609.4541 609.453 609.4519 609.4402 609.4355 609.4202 609.4144 609.413 609.3974 609.3929 609.3918 609.3793 609.3633 609.358 609.3527 609.3397
-9999 -9999 -9999 -9999 -9999 -9999 -9999 -9999 -9999 -9999 -9999 -9999 -9999 -9999 -9999 -9999 -9999 -9999 -9999 -9999 -9999 609.722 609.7068 609.691 609.676 609.6613 609.6465 609.631 609.6169 609.6025 609.5886 609.5756 609.5616 609.5476 609.5345 609.5223 609.5212 609.5187 609.5052 609.4942 609.4923 609.4911 609.485 609.4708 609.4639 609.4623 609.4603 609.4455 609.4327 609.4316 609.4305 609.4229 609.4155 609.4028 609.3915 609.3905 609.379 609.3691 609.3679 609.3596 609.3437 609.3327 609.3317 609.3159
-9999 -9999 -9999 -9999 -9999 -9999 -9999 -9999 -9999 -9999 -9999 -9999 -9999 -9999 -9999 -9999 -9999 -9999 -9999 -9999 -9999 609.7088 609.6936 609.678 609.6628 609.6481 609.6334 609.6179 609.6037 609.5894 609.5752 609.5622 609.5485 609.5342 609.5211 609.508 609.5031 609.502 609.4912 609.4777 609.4731 609.472 609.4702 609.4559 609.4435 609.4421 609.441 609.4297 609.4149 609.4102 609.4086 609.4055 609.3935 609.3853 609.3699 609.3673 609.3607 609.3452 609.3439 609.34 609.3241 609.3081 609.3064 609.2952
-9999 -9999 -9999 -9999 -9999 -9999 -9999 -9999 -9999 -9999 -9999 -9999 -9999 -9999 -9999 -9999 -9999 -9999 -9999 -9999 -9999 609.6959 609.6804 609.665 609.6495 609.6349 609.6203 609.6047 609.5905 609.5762 609.562 609.5488 609.5353 609.5212 609.5076 609.4946 609.485 609.4839 609.4772 609.4637 609.4539 609.4528 609.4516 609.4411 609.4268 609.4218 609.4207 609.4139 609.399 609.3887 609.3872 609.3863 609.3738 609.3679 609.3525 609.3442 609.3423 609.3267 609.32 609.3188 609.3045 609.2885 609.2811 609.2745
-9999 -9999 -9999 -9999 -9999 -9999 -9999 -9999 -9999 -9999 -9999 -9999 -9999 -9999 -9999 -9999 -9999 -9999 -9999 -9999 609.698 609.6827 609.6671 609.6519 609.6363 609.6218 609.6071 609.5915 609.5773 609.563 609.5488 609.5354 609.5224 609.5082 609.4941 609.4811 609.4679 609.4659 609.4632 609.4496 609.4379 609.4333 609.4321 609.4263 609.412 609.4015 609.4005 609.398 609.3832 609.3685 609.3658 609.3649 609.3564 609.3481 609.3351 609.3214 609.3202 609.3083 609.2961 609.2949 609.2849 609.2689 609.2558 609.2539
-9999 -9999 -9999 -9999 -9999 -9999 -9999 -9999 -9999 -9999 -9999 -9999 -9999 -9999 -9999 -9999 -9999 -9999 -9999 -9999 609.6847 609.6695 609.6538 609.6389 609.623 609.6087 609.594 609.5783 609.564 609.5499 609.5355 609.522 609.509 609.4949 609.4807 609.4676 609.4546 609.4473 609.4462 609.4357 609.4222 609.4141 609.4129 609.4114 609.3972 609.3829 609.3801 609.3788 609.3674 609.3527 609.3443 609.3431 609.339 609.3261 609.3176 609.3023 609.2972 609.29 609.2743 609.2711 609.2653 609.2493 609.2333 609.2292
-9999 -9999 -9999 -9999 -9999 -9999 -9999 -9999 -9999 -9999 -9999 -9999 -9999 -9999 -9999 -9999 -9999 -9999 -9999 -9999 609.6714 609.6563 609.6405 609.6256 609.6098 609.5956 609.5809 609.5651 609.5509 609.5367 609.5223 609.5087 609.4956 609.4819 609.4677 609.4542 609.4411 609.4291 609.4281 609.4216 609.4081 609.3968 609.3937 609.3927 609.3823 609.368 609.3599 609.3585 609.3516 609.3368 609.3228 609.3217 609.3206 609.3073 609.3002 609.2849 609.2741 609.2716 609.2559 609.2473 609.2457 609.2297 609.2137 609.204
