samples/sfe_2248/sfe_2248_c2/sfe_2248_c2/sfe_2248_c2.asc
ncols         187
nrows         82
xllcorner     100
yllcorner     83.60000000149
cellsize      0.4
NODATA_value  -9999
[rows 29 to 57 of 82, columns 0 to 65 of 187]
602.3451 602.3222 602.3172 602.2663 602.1883 602.1829 602.1779 602.1729 602.1679 602.163 602.158 602.153 602.1479 602.1429 602.137 602.132 602.127 602.1223 602.1903 602.2312 602.2262 602.2208 602.2766 602.3156 602.3105 602.3055 602.3001 602.3462 602.3817 602.3766 602.3716 602.3666 602.3621 602.4003 602.4335 602.4285 602.4235 602.4185 602.4135 602.4085 602.3643 602.3162 602.3106 602.3056 602.3007 602.2957 602.2906 602.2856 602.2806 602.2756 602.2706 602.2656 602.2606 602.2556 602.2506 602.2456 602.2447 602.3165 602.3115 602.3065 602.3015 602.2965 602.2915 602.2865 602.2815 602.2766
601.9972 601.9511 601.9461 601.8953 601.7975 601.7854 601.7804 601.7754 601.7704 601.7654 601.7604 601.7554 601.7504 601.7454 601.7394 601.7344 601.7294 601.7314 601.8192 601.8601 601.8551 601.8497 601.9287 601.9677 601.9627 601.9577 601.9523 602.0188 602.0543 602.0493 602.0443 602.0392 602.0346 602.0911 602.1243 602.1193 602.1143 602.1093 602.1042 602.0993 602.0551 601.9889 601.9832 601.9782 601.9733 601.9683 601.9633 601.9583 601.9532 601.9482 601.9432 601.9382 601.9332 601.9282 601.9232 601.9182 601.9355 602.0073 602.0023 601.9973 601.9922 601.9873 601.9823 601.9773 601.9723 601.9673
601.6494 601.5801 601.5751 601.5242 601.4265 601.3878 601.3828 601.3778 601.3728 601.3678 601.3628 601.3578 601.3528 601.3478 601.3418 601.3368 601.3318 601.3604 601.4482 601.4891 601.4841 601.4988 601.5808 601.6198 601.6148 601.6098 601.6146 601.6914 601.7268 601.7218 601.7168 601.7119 601.7096 601.7819 601.8151 601.8101 601.8051 601.8 601.795 601.7901 601.7459 601.6636 601.6558 601.6508 601.6458 601.6408 601.6358 601.6308 601.6259 601.6208 601.6158 601.6108 601.6058 601.6008 601.5958 601.5908 601.6262 601.6981 601.6931 601.688 601.683 601.6781 601.6731 601.6681 601.6631 601.6581
601.3015 601.209 601.204 601.199 601.194 601.07 601.062 601.054 601.047 601.039 601.032 601.024 601.016 601.009 601.001 600.993 600.986 601.128 601.123 601.118 601.113 601.1509 601.2329 601.272 601.267 601.262 601.2872 601.364 601.3994 601.3944 601.3894 601.3844 601.4004 601.4727 601.5058 601.5009 601.4958 601.4908 601.4858 601.4808 601.4366 601.3544 601.3284 601.3234 601.3184 601.3134 601.3084 601.3034 601.2984 601.2934 601.2884 601.2834 601.2784 601.2734 601.2684 601.2634 601.317 601.3889 601.3839 601.3788 601.3738 601.3688 601.3638 601.3588 601.3538 601.3489
601.001 600.991 600.98 600.875 600.865 600.854 600.749 600.739 600.728 600.718 600.708 600.698 600.688 600.678 600.668 600.657 600.743 600.733 600.723 600.808 600.798 600.788 600.778 600.767 600.925 600.917 601.083 601.078 601.072 601.067 601.062 601.057 601.0911 601.1635 601.1966 601.1916 601.1866 601.1816 601.1766 601.1716 601.1274 601.0452 601.001 600.996 600.991 600.986 600.981 600.976 600.971 600.966 600.961 600.956 600.951 600.946 600.941 600.936 601.0078 601.0796 601.0746 601.0696 601.0646 601.0596 601.0546 601.0496 601.0446 601.0396
600.81 600.714 600.704 600.603 600.598 600.588 600.578 600.568 600.557 600.547 600.537 600.527 600.517 600.507 600.497 600.486 600.476 600.466 600.542 600.531 600.521 600.597 600.586 600.576 600.566 600.556 600.546 600.631 600.621 600.707 600.696 600.686 600.676 600.666 600.656 600.646 600.636 600.625 600.615 600.605 600.595 600.585 600.575 600.565 600.554 600.544 600.534 600.524 600.514 600.504 600.494 600.483 600.473 600.463 600.453 600.443 600.433 600.423 600.412 600.402 600.392 600.382 600.372 600.362 600.351 600.341
600.483 600.478 600.467 600.457 600.447 600.437 600.427 600.417 600.407 600.396 600.321 600.311 600.366 600.356 600.346 600.336 600.325 600.315 600.305 600.295 600.285 600.35 600.34 600.33 600.395 600.385 600.375 600.365 600.355 600.344 600.334 600.324 600.314 600.389 600.379 600.369 600.359 600.349 600.339 600.329 600.233 600.223 600.213 600.202 600.192 600.182 600.172 600.162 600.152 600.142 600.131 600.121 600.111 600.101 600.091 600.081 600.071 600.146 600.136 600.126 600.115 600.105 600.095 600.085 600.075 600.065
600.357 600.347 600.337 600.327 600.316 600.251 600.241 600.231 600.221 600.21 600.2 600.19 600.18 600.17 600.16 600.15 600.139 600.185 600.174 600.164 600.154 600.144 600.134 600.124 600.114 600.169 600.159 600.148 600.199 600.194 600.183 600.173 600.163 600.153 600.143 600.133 600.123 600.112 600.102 600.092 600.082 600.072 600.062 600.052 600.041 600.031 600.021 600.011 600.001 599.991 599.981 599.97 599.96 599.95 599.94 599.93 599.92 599.91 599.899 599.889 599.879 599.869 599.859 599.849 599.839 599.828
600.246 600.191 600.181 600.171 600.161 600.15 600.14 600.08 600.075 600.065 600.054 600.044 600.034 600.024 600.059 600.049 600.039 600.029 600.019 600.008 599.998 600.033 600.023 600.013 600.003 599.993 599.983 599.972 599.962 599.952 599.942 599.932 599.922 599.912 599.901 599.891 599.881 599.871 599.861 599.851 599.841 599.83 599.82 599.81 599.8 599.79 599.78 599.77 599.759 599.749 599.739 599.729 599.719 599.709 599.699 599.688 599.678 599.668 599.658 599.648 599.638 599.683 599.673 599.663 599.652 599.642
600.08 600.075 600.065 600.055 600.045 600.035 600.025 600.014 600.004 599.994 599.984 599.974 599.964 599.954 599.943 599.933 599.923 599.913 599.903 599.893 599.883 599.908 599.897 599.887 599.877 599.867 599.857 599.882 599.872 599.862 599.852 599.841 599.831 599.821 599.811 599.801 599.791 599.781 599.77 599.76 599.75 599.74 599.73 599.72 599.71 599.699 599.689 599.679 599.669 599.659 599.649 599.639 599.628 599.618 599.608 599.598 599.588 599.578 599.568 599.557 599.547 599.537 599.527 599.517 599.507 599.496
600.035 600.025 600.015 600.005 599.995 599.984 599.974 599.964 599.954 599.944 599.934 599.924 599.913 599.903 599.893 599.883 599.873 599.863 599.853 599.842 599.832 599.822 599.812 599.802 599.792 599.782 599.771 599.761 599.751 599.741 599.731 599.721 599.711 599.7 599.69 599.68 599.67 599.66 599.65 599.64 599.629 599.619 599.609 599.599 599.589 599.579 599.569 599.558 599.548 599.538 599.528 599.518 599.508 599.498 599.487 599.477 599.467 599.457 599.447 599.437 599.427 599.416 599.406 599.396 599.386 599.376
600.005 599.99 599.98 599.97 599.959 599.949 599.939 599.929 599.919 599.909 599.899 599.888 599.878 599.868 599.858 599.848 599.838 599.828 599.817 599.807 599.797 599.792 599.782 599.772 599.762 599.751 599.741 599.731 599.721 599.711 599.701 599.691 599.68 599.67 599.66 599.65 599.64 599.63 599.62 599.609 599.599 599.589 599.579 599.569 599.559 599.549 599.538 599.528 599.518 599.508 599.498 599.488 599.477 599.467 599.457 599.447 599.437 599.427 599.417 599.406 599.396 599.386 599.376 599.366 599.356 599.346
600.005 599.99 599.98 599.97 599.959 599.949 599.939 599.929 599.919 599.909 599.899 599.888 599.878 599.868 599.858 599.848 599.838 599.828 599.817 599.807 599.797 599.792 599.782 599.772 599.762 599.751 599.741 599.731 599.721 599.711 599.701 599.691 599.68 599.67 599.66 599.65 599.64 599.63 599.62 599.609 599.599 599.589 599.579 599.569 599.559 599.549 599.538 599.528 599.518 599.508 599.498 599.488 599.477 599.467 599.457 599.447 599.437 599.427 599.417 599.406 599.396 599.386 599.376 599.366 599.356 599.346
600.035 600.025 600.015 600.005 599.995 599.984 599.974 599.964 599.954 599.944 599.934 599.924 599.913 599.903 599.893 599.883 599.873 599.863 599.853 599.842 599.832 599.822 599.812 599.802 599.792 599.782 599.771 599.761 599.751 599.741 599.731 599.721 599.711 599.7 599.69 599.68 599.67 599.66 599.65 599.64 599.629 599.619 599.609 599.599 599.589 599.579 599.569 599.558 599.548 599.538 599.528 599.518 599.508 599.498 599.487 599.477 599.467 599.457 599.447 599.437 599.427 599.416 599.406 599.396 599.386 599.376
600.08 600.075 600.065 600.055 600.045 600.035 600.025 600.014 600.004 599.994 599.984 599.974 599.964 599.954 599.943 599.933 599.923 599.913 599.903 599.893 599.883 599.908 599.897 599.887 599.877 599.867 599.857 599.882 599.872 599.862 599.852 599.841 599.831 599.821 599.811 599.801 599.791 599.781 599.77 599.76 599.75 599.74 599.73 599.72 599.71 599.699 599.689 599.679 599.669 599.659 599.649 599.639 599.628 599.618 599.608 599.598 599.588 599.578 599.568 599.557 599.547 599.537 599.527 599.517 599.507 599.496
600.246 600.191 600.181 600.171 600.161 600.15 600.14 600.08 600.075 600.065 600.054 600.044 600.034 600.024 600.059 600.049 600.039 600.029 600.019 600.008 599.998 600.033 600.023 600.013 600.003 599.993 599.983 599.972 599.962 599.952 599.942 599.932 599.922 599.912 599.901 599.891 599.881 599.871 599.861 599.851 599.841 599.83 599.82 599.81 599.8 599.79 599.78 599.77 599.759 599.749 599.739 599.729 599.719 599.709 599.699 599.688 599.678 599.668 599.658 599.648 599.638 599.683 599.673 599.663 599.652 599.642
600.357 600.347 600.337 600.327 600.316 600.251 600.241 600.231 600.221 600.21 600.2 600.19 600.18 600.17 600.16 600.15 600.139 600.185 600.174 600.164 600.154 600.144 600.134 600.124 600.114 600.169 600.159 600.148 600.199 600.194 600.183 600.173 600.163 600.153 600.143 600.133 600.123 600.112 600.102 600.092 600.082 600.072 600.062 600.052 600.041 600.031 600.021 600.011 600.001 599.991 599.981 599.97 599.96 599.95 599.94 599.93 599.92 599.91 599.899 599.889 599.879 599.869 599.859 599.849 599.839 599.828
600.483 600.478 600.467 600.457 600.447 600.437 600.427 600.417 600.407 600.396 600.321 600.311 600.366 600.356 600.346 600.336 600.325 600.315 600.305 600.295 600.285 600.35 600.34 600.33 600.395 600.385 600.375 600.365 600.355 600.344 600.334 600.324 600.314 600.389 600.379 600.369 600.359 600.349 600.339 600.329 600.233 600.223 600.213 600.202 600.192 600.182 600.172 600.162 600.152 600.142 600.131 600.121 600.111 600.101 600.091 600.081 600.071 600.146 600.136 600.126 600.115 600.105 600.095 600.085 600.075 600.065
600.81 600.714 600.704 600.603 600.598 600.588 600.578 600.568 600.557 600.547 600.537 600.527 600.517 600.507 600.497 600.486 600.476 600.466 600.542 600.531 600.521 600.597 600.586 600.576 600.566 600.556 600.546 600.631 600.621 600.707 600.696 600.686 600.676 600.666 600.656 600.646 600.636 600.625 600.615 600.605 600.595 600.585 600.575 600.565 600.554 600.544 600.534 600.524 600.514 600.504 600.494 600.483 600.473 600.463 600.453 600.443 600.433 600.423 600.412 600.402 600.392 600.382 600.372 600.362 600.351 600.341
601.001 600.991 600.98 600.875 600.865 600.854 600.749 600.739 600.728 600.718 600.708 600.698 600.688 600.678 600.668 600.657 600.743 600.733 600.723 600.808 600.798 600.788 600.778 600.767 600.925 600.917 601.083 601.078 601.072 601.067 601.062 601.057 601.0911 601.1635 601.1966 601.1916 601.1866 601.1816 601.1766 601.1716 601.1274 601.0452 601.001 600.996 600.991 600.986 600.981 600.976 600.971 600.966 600.961 600.956 600.951 600.946 600.941 600.936 601.0078 601.0796 601.0746 601.0696 601.0646 601.0596 601.0546 601.0496 601.0446 601.0396
601.3015 601.209 601.204 601.199 601.194 601.07 601.062 601.054 601.047 601.039 601.032 601.024 601.016 601.009 601.001 600.993 600.986 601.128 601.123 601.118 601.113 601.1509 601.2329 601.272 601.267 601.262 601.2872 601.364 601.3994 601.3944 601.3894 601.3844 601.4004 601.4727 601.5059 601.5008 601.4958 601.4908 601.4858 601.4808 601.4366 601.3544 601.3284 601.3234 601.3184 601.3134 601.3084 601.3034 601.2984 601.2934 601.2884 601.2834 601.2784 601.2734 601.2684 601.2634 601.317 601.3888 601.3838 601.3788 601.3738 601.3688 601.3638 601.3588 601.3538 601.3488
601.6494 601.5801 601.5751 601.5242 601.4265 601.3878 601.3828 601.3778 601.3728 601.3678 601.3628 601.3578 601.3528 601.3478 601.3418 601.3368 601.3318 601.3604 601.4482 601.4891 601.4841 601.4988 601.5808 601.6198 601.6148 601.6098 601.6146 601.6914 601.7268 601.7218 601.7168 601.7119 601.7096 601.7819 601.8151 601.8101 601.8051 601.8 601.795 601.7901 601.7459 601.6636 601.6558 601.6508 601.6458 601.6408 601.6358 601.6308 601.6259 601.6208 601.6158 601.6108 601.6058 601.6008 601.5958 601.5908 601.6262 601.6981 601.6931 601.688 601.683 601.6781 601.6731 601.6681 601.6631 601.6581
601.9972 601.9511 601.9461 601.8953 601.7975 601.7854 601.7804 601.7754 601.7704 601.7654 601.7604 601.7554 601.7504 601.7454 601.7394 601.7344 601.7294 601.7314 601.8192 601.8601 601.8551 601.8497 601.9287 601.9677 601.9627 601.9577 601.9523 602.0188 602.0543 602.0493 602.0443 602.0392 602.0346 602.0911 602.1243 602.1193 602.1143 602.1093 602.1042 602.0993 602.0551 601.9889 601.9832 601.9782 601.9733 601.9683 601.9633 601.9583 601.9532 601.9482 601.9432 601.9382 601.9332 601.9282 601.9232 601.9182 601.9355 602.0073 602.0023 601.9973 601.9922 601.9873 601.9823 601.9773 601.9723 601.9673
602.3451 602.3222 602.3172 602.2663 602.1883 602.1829 602.1779 602.1729 602.1679 602.163 602.158 602.153 602.1479 602.1429 602.137 602.132 602.127 602.1223 602.1903 602.2312 602.2262 602.2208 602.2766 602.3156 602.3105 602.3055 602.3001 602.3462 602.3817 602.3766 602.3716 602.3666 602.3621 602.4003 602.4335 602.4285 602.4235 602.4185 602.4135 602.4085 602.3643 602.3162 602.3106 602.3056 602.3007 602.2957 602.2906 602.2856 602.2806 602.2756 602.2706 602.2656 602.2606 602.2556 602.2506 602.2456 602.2447 602.3165 602.3115 602.3065 602.3015 602.2965 602.2915 602.2865 602.2815 602.2765
602.6987 602.6932 602.6882 602.6374 602.586 602.5805 602.5755 602.5705 602.5655 602.5605 602.5555 602.5505 602.5455 602.5405 602.5345 602.5295 602.5245 602.52 602.5613 602.6022 602.5972 602.5918 602.6245 602.6635 602.6584 602.6534 602.648 602.6736 602.709 602.704 602.699 602.6941 602.6895 602.7096 602.7427 602.7377 602.7327 602.7277 602.7227 602.7177 602.6736 602.6437 602.6381 602.6331 602.6281 602.623 602.618 602.613 602.6081 602.6031 602.5981 602.5931 602.5881 602.5831 602.5781 602.5731 602.5676 602.6257 602.6207 602.6157 602.6107 602.6057 602.6007 602.5957 602.5907 602.5858
603.0696 603.0643 603.0593 603.0084 602.9834 602.9781 602.9731 602.9681 602.9631 602.9581 602.9531 602.9481 602.9431 602.938 602.9321 602.9271 602.9221 602.9174 602.9324 602.9733 602.9683 602.963 602.9723 603.0113 603.0063 603.0013 602.996 603.001 603.0364 603.0314 603.0264 603.0215 603.0168 603.0188 603.0519 603.0469 603.0419 603.0369 603.0319 603.0269 602.9828 602.9712 602.9655 602.9604 602.9554 602.9504 602.9454 602.9404 602.9355 602.9305 602.9255 602.9205 602.9155 602.9105 602.9055 602.9005 602.8951 602.9349 602.9299 602.9249 602.9199 602.9149 602.9099 602.9049 602.8999 602.895
603.4406 603.4354 603.4304 603.386 603.3809 603.3756 603.3706 603.3656 603.3606 603.3557 603.3506 603.3456 603.3406 603.3356 603.3297 603.3246 603.3196 603.3149 603.3101 603.3444 603.3394 603.3342 603.329 603.3592 603.3542 603.3492 603.344 603.3388 603.3639 603.3589 603.3539 603.3489 603.3441 603.3392 603.3612 603.3561 603.3511 603.3461 603.3411 603.3362 603.3035 603.2987 603.2928 603.2878 603.2829 603.2779 603.2729 603.2679 603.2629 603.2579 603.2529 603.2479 603.2429 603.2379 603.2328 603.2278 603.2222 603.2441 603.2391 603.2341 603.2291 603.2242 603.2192 603.2142 603.2092 603.2042
603.8115 603.8065 603.8015 603.7833 603.7783 603.7732 603.7682 603.7632 603.7582 603.7532 603.7482 603.7432 603.7382 603.7332 603.7272 603.7222 603.7172 603.7123 603.7073 603.7155 603.7104 603.7054 603.7003 603.707 603.702 603.697 603.692 603.687 603.6913 603.6863 603.6813 603.6763 603.6714 603.6664 603.6704 603.6654 603.6604 603.6554 603.6504 603.6454 603.6312 603.6262 603.6203 603.6153 603.6103 603.6053 603.6003 603.5953 603.5903 603.5853 603.5803 603.5753 603.5703 603.5653 603.5603 603.5553 603.5494 603.5534 603.5484 603.5434 603.5384 603.5334 603.5284 603.5234 603.5184 603.5134
604.017 604.012 604.007 604.002 603.997 603.992 603.987 603.982 603.977 603.972 603.967 603.962 603.957 603.952 603.946 603.941 603.936 603.931 603.926 603.921 603.916 603.911 603.906 603.901 603.896 603.891 603.886 603.881 603.875 603.87 603.865 603.86 603.855 603.85 603.845 603.84 603.835 603.83 603.825 603.82 603.815 603.81 603.804 603.799 603.794 603.789 603.784 603.779 603.774 603.769 603.764 603.759 603.754 603.749 603.744 603.739 603.733 603.728 603.723 603.718 603.713 603.708 603.703 603.698 603.693 603.688
