samples/sfe_2248/sfe_2248_c2/sfe_2248_c2/sfe_2248_c2.asc
ncols         187
nrows         82
xllcorner     100
yllcorner     83.60000000149
cellsize      0.4
NODATA_value  -9999
[rows 0 to 28 of 82, columns 66 to 131 of 187]
604.643 604.638 604.633 604.627 604.622 604.617 604.612 604.607 604.602 604.597 604.592 604.587 604.582 604.577 604.572 604.567 604.562 604.556 604.551 604.546 604.541 604.536 604.531 604.526 604.521 604.516 604.511 604.506 604.501 604.496 604.491 604.485 604.48 604.475 604.47 604.465 604.46 604.455 604.45 604.445 604.44 604.435 604.43 604.425 604.42 604.414 604.409 604.404 604.399 604.394 604.389 604.384 604.379 604.374 604.369 604.364 604.359 604.354 604.349 604.343 604.338 604.333 604.328 604.323 604.318 604.313
604.603 604.598 604.593 604.587 604.582 604.577 604.572 604.567 604.562 604.557 604.552 604.547 604.542 604.537 604.532 604.527 604.522 604.516 604.511 604.506 604.501 604.496 604.491 604.486 604.481 604.476 604.471 604.466 604.461 604.456 604.451 604.445 604.44 604.435 604.43 604.425 604.42 604.415 604.41 604.405 604.4 604.395 604.39 604.385 604.38 604.374 604.369 604.364 604.359 604.354 604.349 604.344 604.339 604.334 604.329 604.324 604.319 604.314 604.309 604.303 604.298 604.293 604.288 604.283 604.278 604.273
604.563 604.558 604.553 604.547 604.5421 604.537 604.532 604.527 604.522 604.517 604.512 604.507 604.502 604.497 604.492 604.487 604.482 604.476 604.471 604.466 604.461 604.4561 604.451 604.446 604.441 604.436 604.431 604.426 604.421 604.416 604.411 604.405 604.4 604.395 604.39 604.385 604.38 604.375 604.37 604.3651 604.36 604.355 604.35 604.345 604.34 604.334 604.329 604.324 604.319 604.314 604.309 604.304 604.299 604.294 604.289 604.284 604.2791 604.274 604.269 604.263 604.258 604.2531 604.248 604.243 604.238 604.233
604.523 604.518 604.513 604.507 604.502 604.497 604.492 604.487 604.482 604.477 604.472 604.467 604.462 604.457 604.452 604.447 604.442 604.436 604.431 604.426 604.421 604.416 604.411 604.406 604.401 604.396 604.391 604.386 604.381 604.376 604.371 604.365 604.36 604.355 604.35 604.345 604.34 604.335 604.33 604.325 604.32 604.315 604.31 604.305 604.3 604.294 604.289 604.284 604.279 604.274 604.269 604.264 604.259 604.254 604.249 604.244 604.239 604.234 604.229 604.223 604.218 604.213 604.208 604.203 604.198 604.193
604.483 604.478 604.473 604.467 604.462 604.457 604.452 604.447 604.442 604.437 604.432 604.427 604.422 604.417 604.412 604.407 604.402 604.396 604.391 604.386 604.381 604.376 604.371 604.366 604.361 604.356 604.351 604.346 604.341 604.336 604.331 604.325 604.32 604.315 604.31 604.305 604.3 604.295 604.29 604.285 604.28 604.275 604.27 604.265 604.26 604.254 604.249 604.244 604.239 604.234 604.229 604.224 604.219 604.214 604.209 604.204 604.199 604.194 604.189 604.183 604.178 604.173 604.168 604.163 604.158 604.153
604.4431 604.438 604.433 604.427 604.4221 604.4171 604.412 604.407 604.402 604.397 604.392 604.387 604.382 604.377 604.372 604.367 604.362 604.356 604.351 604.346 604.341 604.3361 604.3311 604.326 604.321 604.316 604.311 604.306 604.301 604.296 604.291 604.285 604.28 604.275 604.27 604.265 604.26 604.255 604.25 604.2451 604.2401 604.235 604.23 604.225 604.22 604.2141 604.209 604.204 604.199 604.194 604.189 604.184 604.179 604.174 604.169 604.164 604.1591 604.1541 604.149 604.143 604.138 604.1331 604.1281 604.123 604.118 604.113
604.403 604.398 604.393 604.387 604.382 604.377 604.372 604.367 604.362 604.357 604.352 604.347 604.342 604.337 604.332 604.327 604.322 604.316 604.311 604.306 604.301 604.296 604.291 604.286 604.281 604.276 604.271 604.266 604.261 604.256 604.251 604.245 604.24 604.235 604.23 604.225 604.22 604.215 604.21 604.205 604.2 604.195 604.19 604.185 604.18 604.174 604.169 604.164 604.159 604.154 604.149 604.144 604.139 604.134 604.129 604.124 604.119 604.114 604.109 604.103 604.098 604.093 604.088 604.083 604.078 604.073
604.363 604.358 604.353 604.347 604.342 604.337 604.332 604.327 604.322 604.317 604.312 604.307 604.302 604.297 604.292 604.287 604.282 604.276 604.271 604.266 604.261 604.256 604.251 604.246 604.241 604.236 604.231 604.226 604.221 604.216 604.211 604.205 604.2 604.195 604.19 604.185 604.18 604.175 604.17 604.165 604.16 604.155 604.15 604.145 604.14 604.134 604.129 604.124 604.119 604.114 604.109 604.104 604.099 604.094 604.089 604.084 604.079 604.074 604.069 604.063 604.058 604.053 604.048 604.043 604.038 604.033
604.323 604.318 604.313 604.3069 604.302 604.297 604.292 604.287 604.282 604.277 604.272 604.267 604.262 604.257 604.252 604.2469 604.2419 604.236 604.231 604.226 604.2209 604.216 604.211 604.206 604.201 604.196 604.191 604.186 604.181 604.176 604.171 604.165 604.16 604.155 604.15 604.145 604.14 604.1349 604.1299 604.125 604.12 604.115 604.11 604.105 604.1 604.094 604.089 604.084 604.079 604.074 604.069 604.064 604.059 604.054 604.049 604.0439 604.039 604.034 604.029 604.0229 604.0179 604.013 604.008 604.003 603.998 603.993
604.283 604.278 604.273 604.267 604.262 604.257 604.252 604.247 604.242 604.237 604.232 604.227 604.222 604.217 604.212 604.207 604.202 604.196 604.191 604.186 604.181 604.176 604.171 604.166 604.161 604.156 604.151 604.146 604.141 604.136 604.131 604.125 604.12 604.115 604.11 604.105 604.1 604.095 604.09 604.085 604.08 604.075 604.07 604.065 604.06 604.054 604.049 604.044 604.039 604.034 604.029 604.024 604.019 604.014 604.009 604.004 603.999 603.994 603.989 603.983 603.978 603.973 603.968 603.963 603.958 603.953
604.243 604.238 604.233 604.227 604.222 604.217 604.212 604.207 604.202 604.197 604.192 604.187 604.182 604.177 604.172 604.167 604.162 604.156 604.151 604.146 604.141 604.136 604.131 604.126 604.121 604.116 604.111 604.106 604.101 604.096 604.091 604.085 604.08 604.075 604.07 604.065 604.06 604.055 604.05 604.045 604.04 604.035 604.03 604.025 604.02 604.014 604.009 604.004 603.999 603.994 603.989 603.984 603.979 603.974 603.969 603.964 603.959 603.954 603.949 603.943 603.938 603.933 603.928 603.923 603.918 603.913
604.203 604.198 604.193 604.187 604.182 604.177 604.172 604.167 604.162 604.157 604.152 604.147 604.142 604.137 604.132 604.127 604.1219 604.116 604.111 604.106 604.101 604.096 604.091 604.086 604.081 604.076 604.071 604.066 604.061 604.056 604.051 604.045 604.04 604.035 604.03 604.025 604.02 604.015 604.0099 604.005 604 603.995 603.99 603.985 603.98 603.974 603.969 603.964 603.959 603.954 603.949 603.944 603.939 603.934 603.929 603.924 603.919 603.914 603.909 603.903 603.8979 603.893 603.888 603.883 603.878 603.873
604.163 604.158 604.153 604.147 604.142 604.137 604.132 604.127 604.122 604.117 604.112 604.107 604.102 604.097 604.092 604.087 604.082 604.076 604.071 604.066 604.061 604.056 604.051 604.046 604.041 604.036 604.031 604.026 604.021 604.016 604.011 604.005 604 603.995 603.99 603.985 603.98 603.975 603.97 603.965 603.96 603.955 603.95 603.945 603.94 603.934 603.929 603.924 603.919 603.914 603.909 603.904 603.899 603.894 603.889 603.884 603.879 603.874 603.869 603.863 603.858 603.853 603.848 603.843 603.838 603.833
604.123 604.118 604.113 604.107 604.1021 604.097 604.092 604.087 604.082 604.077 604.072 604.067 604.062 604.057 604.052 604.047 604.042 604.036 604.031 604.026 604.021 604.0161 604.011 604.006 604.001 603.996 603.991 603.986 603.981 603.976 603.971 603.965 603.96 603.955 603.95 603.945 603.94 603.935 603.93 603.925 603.92 603.915 603.91 603.905 603.9 603.894 603.889 603.884 603.879 603.874 603.869 603.864 603.859 603.854 603.849 603.844 603.8391 603.834 603.829 603.823 603.818 603.813 603.808 603.803 603.798 603.793
604.083 604.078 604.073 604.067 604.062 604.057 604.052 604.047 604.042 604.037 604.032 604.027 604.022 604.017 604.012 604.007 604.002 603.996 603.991 603.986 603.981 603.976 603.971 603.966 603.961 603.956 603.951 603.946 603.941 603.936 603.931 603.925 603.92 603.915 603.91 603.905 603.9 603.895 603.89 603.885 603.88 603.875 603.87 603.865 603.86 603.854 603.849 603.844 603.839 603.834 603.829 603.824 603.819 603.814 603.809 603.804 603.799 603.794 603.789 603.783 603.778 603.773 603.768 603.763 603.758 603.753
604.043 604.038 604.033 604.027 604.022 604.017 604.012 604.007 604.002 603.997 603.992 603.987 603.982 603.977 603.972 603.967 603.962 603.956 603.951 603.946 603.941 603.936 603.931 603.926 603.921 603.916 603.911 603.906 603.901 603.896 603.891 603.885 603.88 603.875 603.87 603.865 603.86 603.855 603.85 603.845 603.84 603.835 603.83 603.825 603.82 603.814 603.809 603.804 603.799 603.794 603.789 603.784 603.779 603.774 603.769 603.764 603.759 603.754 603.749 603.743 603.738 603.733 603.728 603.723 603.718 603.713
604.0031 603.998 603.993 603.987 603.9821 603.9771 603.972 603.967 603.962 603.957 603.952 603.947 603.942 603.937 603.932 603.927 603.922 603.916 603.911 603.906 603.901 603.8961 603.8911 603.886 603.881 603.876 603.871 603.866 603.861 603.856 603.851 603.845 603.84 603.835 603.83 603.825 603.82 603.815 603.81 603.8051 603.8 603.795 603.79 603.785 603.78 603.774 603.769 603.764 603.759 603.754 603.749 603.744 603.739 603.734 603.729 603.724 603.7191 603.7141 603.709 603.703 603.698 603.6931 603.688 603.683 603.678 603.673
603.963 603.958 603.953 603.947 603.942 603.937 603.932 603.927 603.922 603.917 603.912 603.907 603.902 603.897 603.892 603.887 603.882 603.876 603.871 603.866 603.861 603.856 603.851 603.846 603.841 603.836 603.831 603.826 603.821 603.816 603.811 603.805 603.8 603.795 603.79 603.785 603.78 603.775 603.77 603.765 603.76 603.755 603.75 603.745 603.74 603.734 603.729 603.724 603.719 603.714 603.709 603.704 603.699 603.694 603.689 603.684 603.679 603.674 603.669 603.663 603.658 603.653 603.648 603.643 603.638 603.633
603.923 603.918 603.913 603.907 603.902 603.897 603.892 603.887 603.882 603.877 603.872 603.867 603.862 603.857 603.852 603.847 603.842 603.836 603.831 603.826 603.821 603.816 603.811 603.806 603.801 603.796 603.791 603.786 603.781 603.776 603.771 603.765 603.76 603.755 603.75 603.745 603.74 603.735 603.73 603.725 603.72 603.715 603.71 603.705 603.7 603.694 603.689 603.684 603.679 603.674 603.669 603.664 603.659 603.654 603.649 603.644 603.639 603.634 603.629 603.623 603.618 603.613 603.608 603.603 603.598 603.593
603.883 603.878 603.873 603.8669 603.862 603.857 603.852 603.847 603.842 603.837 603.832 603.827 603.822 603.817 603.812 603.8069 603.8019 603.796 603.791 603.7859 603.7809 603.776 603.771 603.766 603.761 603.756 603.751 603.746 603.741 603.736 603.731 603.725 603.72 603.715 603.71 603.705 603.7 603.6949 603.6899 603.685 603.68 603.675 603.67 603.665 603.66 603.654 603.649 603.644 603.639 603.634 603.629 603.624 603.619 603.614 603.6089 603.6039 603.599 603.594 603.589 603.5829 603.5779 603.573 603.568 603.563 603.558 603.553
603.843 603.838 603.833 603.827 603.822 603.817 603.812 603.807 603.802 603.797 603.792 603.787 603.782 603.777 603.772 603.767 603.762 603.756 603.751 603.746 603.741 603.736 603.731 603.726 603.721 603.716 603.711 603.706 603.701 603.696 603.691 603.685 603.68 603.675 603.67 603.665 603.66 603.655 603.65 603.645 603.64 603.635 603.63 603.625 603.62 603.614 603.609 603.604 603.599 603.594 603.589 603.584 603.579 603.574 603.569 603.564 603.559 603.554 603.549 603.543 603.538 603.533 603.528 603.523 603.518 603.513
603.803 603.798 603.793 603.787 603.782 603.777 603.772 603.767 603.762 603.757 603.752 603.747 603.742 603.737 603.732 603.727 603.722 603.716 603.711 603.706 603.701 603.696 603.691 603.686 603.681 603.676 603.671 603.666 603.661 603.656 603.651 603.645 603.64 603.635 603.63 603.625 603.62 603.615 603.61 603.605 603.6 603.595 603.59 603.585 603.58 603.574 603.569 603.564 603.559 603.554 603.549 603.544 603.539 603.534 603.529 603.524 603.519 603.514 603.509 603.503 603.498 603.493 603.488 603.483 603.478 603.473
603.763 603.758 603.753 603.7469 603.742 603.737 603.732 603.727 603.722 603.717 603.712 603.707 603.702 603.697 603.692 603.687 603.6819 603.676 603.671 603.666 603.6609 603.656 603.651 603.646 603.641 603.636 603.631 603.626 603.621 603.616 603.611 603.605 603.6 603.595 603.59 603.585 603.58 603.575 603.5699 603.565 603.56 603.555 603.55 603.545 603.54 603.534 603.529 603.524 603.519 603.514 603.509 603.504 603.499 603.494 603.489 603.4839 603.479 603.474 603.469 603.463 603.4579 603.453 603.448 603.443 603.438 603.433
603.723 603.718 603.713 603.707 603.702 603.697 603.692 603.687 603.682 603.677 603.672 603.667 603.662 603.657 603.652 603.647 603.642 603.636 603.631 603.626 603.621 603.616 603.611 603.606 603.601 603.596 603.591 603.586 603.581 603.576 603.571 603.565 603.56 603.555 603.55 603.545 603.54 603.535 603.53 603.525 603.52 603.515 603.51 603.505 603.5 603.494 603.489 603.484 603.479 603.474 603.469 603.464 603.459 603.454 603.449 603.444 603.439 603.434 603.429 603.423 603.418 603.413 603.408 603.403 603.398 603.393
603.683 603.678 603.673 603.667 603.662 603.657 603.652 603.647 603.642 603.637 603.632 603.627 603.622 603.617 603.612 603.607 603.602 603.596 603.591 603.586 603.581 603.576 603.571 603.566 603.561 603.556 603.551 603.546 603.541 603.536 603.531 603.525 603.52 603.515 603.51 603.505 603.5 603.495 603.49 603.485 603.48 603.475 603.47 603.465 603.46 603.454 603.449 603.444 603.439 603.434 603.429 603.424 603.419 603.414 603.409 603.404 603.399 603.394 603.389 603.383 603.378 603.373 603.368 603.363 603.358 603.353
603.5084 603.5034 603.4984 603.4924 603.4874 603.4824 603.4774 603.4724 603.4674 603.4624 603.4574 603.4524 603.4474 603.4424 603.4374 603.4324 603.4274 603.4214 603.4165 603.4195 603.4145 603.4095 603.4045 603.3995 603.3945 603.3895 603.3845 603.3795 603.3745 603.3695 603.3645 603.3585 603.3535 603.3485 603.3435 603.3385 603.3335 603.3285 603.3154 603.3104 603.3054 603.3004 603.2954 603.2904 603.2854 603.2794 603.2744 603.2604 603.2554 603.2503 603.2453 603.2403 603.2353 603.2303 603.2253 603.2203 603.2153 603.2103 603.2053 603.1993 603.1943 603.1893 603.1843 603.1793 603.1743 603.1693
603.1992 603.1942 603.1892 603.1832 603.1782 603.1732 603.1682 603.1631 603.1582 603.1532 603.1482 603.1432 603.1381 603.1332 603.1282 603.1232 603.1182 603.1123 603.1075 603.1266 603.1216 603.1166 603.1116 603.1066 603.1016 603.0966 603.0916 603.0865 603.0815 603.0765 603.0716 603.0656 603.0605 603.0555 603.0505 603.0456 603.0406 603.0356 603.0063 603.001 602.9962 602.9912 602.9861 602.9812 602.9762 602.9702 602.9652 602.9332 602.928 602.9229 602.9178 602.9128 602.9079 602.9029 602.8979 602.8929 602.8879 602.8829 602.8779 602.8719 602.8669 602.8619 602.8569 602.8519 602.8469 602.8419
602.89 602.8849 602.8799 602.8739 602.869 602.864 602.8589 602.8539 602.8489 602.8439 602.8389 602.8339 602.8289 602.8239 602.8189 602.8139 602.8089 602.8032 602.8025 602.8336 602.8286 602.8237 602.8187 602.8137 602.8087 602.8036 602.7986 602.7936 602.7886 602.7836 602.7786 602.7726 602.7676 602.7626 602.7576 602.7526 602.7476 602.7426 602.7013 602.6917 602.687 602.6819 602.6769 602.6719 602.6669 602.6609 602.6559 602.6128 602.6008 602.5955 602.5905 602.5854 602.5804 602.5754 602.5704 602.5654 602.5605 602.5555 602.5505 602.5444 602.5394 602.5345 602.5295 602.5245 602.5195 602.5145
602.5807 602.5757 602.5707 602.5647 602.5598 602.5547 602.5497 602.5447 602.5397 602.5347 602.5297 602.5247 602.5197 602.5147 602.5097 602.5047 602.4997 602.4941 602.5096 602.5406 602.5356 602.5307 602.5257 602.5207 602.5157 602.5107 602.5057 602.5007 602.4957 602.4907 602.4857 602.4797 602.4747 602.4697 602.4647 602.4597 602.4547 602.4496 602.4083 602.3823 602.3777 602.3727 602.3677 602.3627 602.3577 602.3517 602.3467 602.3036 602.2734 602.2681 602.2631 602.2581 602.2531 602.248 602.243 602.238 602.2331 602.2281 602.2231 602.217 602.212 602.2071 602.2021 602.1971 602.1921 602.1871
