samples/sfe_2248/sfe_2248_c2/sfe_2248_c2/sfe_2248_c2.asc
ncols         187
nrows         82
xllcorner     100
yllcorner     83.60000000149
cellsize      0.4
NODATA_value  -9999
[rows 29 to 57 of 82, columns 66 to 131 of 187]
602.2715 602.2665 602.2615 602.2555 602.2505 602.2455 602.2405 602.2355 602.2305 602.2255 602.2205 602.2155 602.2104 602.2055 602.2005 602.1955 602.1905 602.185 602.2166 602.2477 602.2427 602.2377 602.2327 602.2277 602.2227 602.2177 602.2127 602.2077 602.2027 602.1977 602.1927 602.1867 602.1817 602.1767 602.1717 602.1667 602.1617 602.1567 602.1154 602.073 602.0685 602.0635 602.0585 602.0535 602.0485 602.0425 602.0375 601.9943 601.9461 601.9406 601.9356 601.9306 601.9257 601.9207 601.9156 601.9106 601.9056 601.9006 601.8956 601.8896 601.8846 601.8796 601.8746 601.8696 601.8646 601.8596
601.9623 601.9573 601.9523 601.9463 601.9413 601.9363 601.9313 601.9263 601.9213 601.9163 601.9113 601.9063 601.9012 601.8963 601.8913 601.8863 601.8813 601.8757 601.9236 601.9548 601.9498 601.9448 601.9398 601.9348 601.9298 601.9248 601.9198 601.9148 601.9098 601.9048 601.8998 601.8938 601.8888 601.8838 601.8788 601.8738 601.8688 601.8638 601.8224 601.7639 601.7593 601.7543 601.7493 601.7443 601.7393 601.7333 601.7283 601.6851 601.6186 601.6132 601.6082 601.6032 601.5983 601.5933 601.5883 601.5833 601.5782 601.5732 601.5682 601.5623 601.5573 601.5522 601.5472 601.5422 601.5372 601.5322
601.6531 601.6481 601.6431 601.6371 601.6321 601.6271 601.6221 601.6171 601.6121 601.6071 601.6021 601.597 601.592 601.5871 601.5821 601.5771 601.5721 601.5665 601.6307 601.6619 601.6569 601.6519 601.6469 601.6418 601.6368 601.6318 601.6268 601.6218 601.6168 601.6118 601.6069 601.6008 601.5958 601.5908 601.5858 601.5809 601.5759 601.5709 601.5295 601.4548 601.4501 601.4451 601.4401 601.4351 601.4301 601.4241 601.4191 601.3759 601.2936 601.2858 601.2808 601.2758 601.2708 601.2658 601.2608 601.2558 601.2509 601.2458 601.2408 601.2348 601.2298 601.2249 601.2198 601.2148 601.2098 601.2048
601.3438 601.3389 601.3339 601.3278 601.3229 601.3179 601.3129 601.3078 601.3029 601.2979 601.2928 601.2878 601.2828 601.2778 601.2728 601.2678 601.2628 601.2695 601.3378 601.3689 601.3639 601.3589 601.3539 601.3489 601.3439 601.3389 601.3339 601.3289 601.3239 601.3188 601.3139 601.3079 601.3029 601.2979 601.2928 601.2879 601.2829 601.2779 601.2365 601.1578 601.1409 601.1359 601.1308 601.1258 601.1208 601.1148 601.1099 601.0667 600.9844 600.9584 600.9534 600.9484 600.9434 600.9384 600.9334 600.9284 600.9234 600.9184 600.9134 600.9074 600.9024 600.8974 600.8924 600.8874 600.8824 600.8774
601.0346 601.0296 601.0246 601.0186 601.0136 601.0086 601.0036 600.9986 600.9936 600.9886 600.9836 600.9786 600.9736 600.9686 600.9636 600.9586 600.9536 600.9766 601.0449 601.076 601.071 601.066 601.061 601.056 601.051 601.046 601.041 601.0359 601.0309 601.0259 601.021 601.015 601.0099 601.0049 600.9999 600.995 600.99 600.985 600.9436 600.8649 600.8316 600.8266 600.8216 600.8166 600.8116 600.8056 600.8006 600.7574 600.6751 600.631 600.626 600.621 600.616 600.611 600.606 600.601 600.596 600.591 600.586 600.58 600.575 600.57 600.565 600.56 600.555 600.55
600.331 600.321 600.311 600.301 600.291 600.28 600.27 600.26 600.25 600.24 600.23 600.22 600.209 600.199 600.499 600.491 600.484 600.793 600.788 600.783 600.778 600.773 600.768 600.763 600.758 600.753 600.748 600.743 600.738 600.733 600.728 600.722 600.717 600.712 600.707 600.702 600.697 600.692 600.687 600.682 600.301 600.294 599.905 599.895 599.885 599.875 599.865 599.854 599.844 599.834 599.824 599.814 599.804 599.698 599.688 599.678 599.668 599.657 599.647 599.637 599.627 599.617 599.607 599.692 599.682 599.672
600.055 600.044 600.034 600.024 600.014 600.004 600.079 600.069 600.059 600.049 600.039 600.029 600.018 600.008 599.998 599.988 599.978 599.968 599.958 599.947 599.937 599.927 599.917 599.907 599.897 599.887 599.876 599.866 599.856 599.846 599.836 599.826 599.816 599.805 599.795 599.785 599.775 599.765 599.755 599.744 599.734 599.724 599.714 599.704 599.694 599.598 599.588 599.578 599.482 599.472 599.462 599.452 599.442 599.431 599.421 599.411 599.401 599.391 599.381 599.371 599.36 599.35 599.34 599.33 599.32 599.31
599.818 599.808 599.798 599.788 599.778 599.768 599.757 599.747 599.737 599.727 599.717 599.707 599.697 599.686 599.676 599.666 599.656 599.646 599.636 599.701 599.691 599.681 599.671 599.66 599.726 599.716 599.705 599.695 599.685 599.675 599.665 599.655 599.645 599.634 599.624 599.539 599.529 599.518 599.433 599.423 599.412 599.402 599.392 599.382 599.372 599.362 599.352 599.341 599.331 599.321 599.311 599.301 599.291 599.281 599.27 599.195 599.185 599.175 599.165 599.154 599.144 599.199 599.189 599.179 599.169 599.159
599.632 599.622 599.612 599.602 599.592 599.581 599.571 599.561 599.551 599.541 599.531 599.521 599.51 599.551 599.545 599.535 599.525 599.515 599.505 599.495 599.485 599.474 599.464 599.454 599.444 599.434 599.424 599.414 599.403 599.393 599.383 599.373 599.363 599.353 599.343 599.332 599.322 599.312 599.302 599.292 599.282 599.272 599.206 599.196 599.186 599.176 599.166 599.1 599.09 599.08 599.07 599.06 599.049 599.039 599.029 599.019 599.009 598.999 598.989 598.978 598.968 598.958 598.948 598.938 598.928 598.918
599.486 599.476 599.466 599.456 599.446 599.436 599.425 599.415 599.405 599.395 599.385 599.375 599.365 599.354 599.344 599.334 599.324 599.314 599.304 599.294 599.283 599.273 599.263 599.253 599.243 599.233 599.223 599.212 599.202 599.192 599.182 599.172 599.162 599.152 599.141 599.131 599.121 599.111 599.101 599.091 599.081 599.07 599.06 599.05 599.04 599.03 599.02 599.01 598.999 598.989 598.979 598.969 598.959 598.949 598.939 598.928 598.918 598.908 598.898 598.888 598.878 598.868 598.857 598.847 598.837 598.827
599.366 599.356 599.345 599.335 599.325 599.315 599.305 599.295 599.285 599.274 599.264 599.254 599.244 599.234 599.249 599.239 599.228 599.218 599.208 599.198 599.188 599.178 599.168 599.157 599.147 599.137 599.127 599.117 599.107 599.097 599.086 599.076 599.066 599.056 599.046 599.036 599.026 599.015 599.005 598.995 598.985 598.975 598.94 598.929 598.919 598.909 598.899 598.889 598.879 598.869 598.858 598.848 598.838 598.828 598.818 598.808 598.798 598.787 598.777 598.767 598.757 598.747 598.737 598.727 598.716 598.706
599.335 599.325 599.315 599.305 599.295 599.285 599.275 599.264 599.254 599.244 599.234 599.224 599.214 599.204 599.193 599.183 599.173 599.163 599.153 599.143 599.133 599.122 599.112 599.102 599.092 599.082 599.072 599.062 599.051 599.041 599.031 599.021 599.011 599.001 598.991 598.98 598.97 598.96 598.95 598.94 598.93 598.92 598.909 598.899 598.889 598.879 598.869 598.859 598.849 598.838 598.828 598.818 598.808 598.798 598.788 598.778 598.767 598.757 598.747 598.737 598.727 598.717 598.707 598.696 598.686 598.676
599.335 599.325 599.315 599.305 599.295 599.285 599.275 599.264 599.254 599.244 599.234 599.224 599.214 599.204 599.193 599.183 599.173 599.163 599.153 599.143 599.133 599.122 599.112 599.102 599.092 599.082 599.072 599.062 599.051 599.041 599.031 599.021 599.011 599.001 598.991 598.98 598.97 598.96 598.95 598.94 598.93 598.92 598.909 598.899 598.889 598.879 598.869 598.859 598.849 598.838 598.828 598.818 598.808 598.798 598.788 598.778 598.767 598.757 598.747 598.737 598.727 598.717 598.707 598.696 598.686 598.676
599.366 599.356 599.345 599.335 599.325 599.315 599.305 599.295 599.285 599.274 599.264 599.254 599.244 599.234 599.249 599.239 599.228 599.218 599.208 599.198 599.188 599.178 599.168 599.157 599.147 599.137 599.127 599.117 599.107 599.097 599.086 599.076 599.066 599.056 599.046 599.036 599.026 599.015 599.005 598.995 598.985 598.975 598.94 598.929 598.919 598.909 598.899 598.889 598.879 598.869 598.858 598.848 598.838 598.828 598.818 598.808 598.798 598.787 598.777 598.767 598.757 598.747 598.737 598.727 598.716 598.706
599.486 599.476 599.466 599.456 599.446 599.436 599.425 599.415 599.405 599.395 599.385 599.375 599.365 599.354 599.344 599.334 599.324 599.314 599.304 599.294 599.283 599.273 599.263 599.253 599.243 599.233 599.223 599.212 599.202 599.192 599.182 599.172 599.162 599.152 599.141 599.131 599.121 599.111 599.101 599.091 599.081 599.07 599.06 599.05 599.04 599.03 599.02 599.01 598.999 598.989 598.979 598.969 598.959 598.949 598.939 598.928 598.918 598.908 598.898 598.888 598.878 598.868 598.857 598.847 598.837 598.827
599.632 599.622 599.612 599.602 599.592 599.581 599.571 599.561 599.551 599.541 599.531 599.521 599.51 599.551 599.545 599.535 599.525 599.515 599.505 599.495 599.485 599.474 599.464 599.454 599.444 599.434 599.424 599.414 599.403 599.393 599.383 599.373 599.363 599.353 599.343 599.332 599.322 599.312 599.302 599.292 599.282 599.272 599.206 599.196 599.186 599.176 599.166 599.1 599.09 599.08 599.07 599.06 599.049 599.039 599.029 599.019 599.009 598.999 598.989 598.978 598.968 598.958 598.948 598.938 598.928 598.918
599.818 599.808 599.798 599.788 599.778 599.768 599.757 599.747 599.737 599.727 599.717 599.707 599.697 599.686 599.676 599.666 599.656 599.646 599.636 599.701 599.691 599.681 599.671 599.66 599.726 599.716 599.705 599.695 599.685 599.675 599.665 599.655 599.645 599.634 599.624 599.539 599.529 599.518 599.433 599.423 599.412 599.402 599.392 599.382 599.372 599.362 599.352 599.341 599.331 599.321 599.311 599.301 599.291 599.281 599.27 599.195 599.185 599.175 599.165 599.154 599.144 599.199 599.189 599.179 599.169 599.159
600.055 600.044 600.034 600.024 600.014 600.004 600.079 600.069 600.059 600.049 600.039 600.029 600.018 600.008 599.998 599.988 599.978 599.968 599.958 599.947 599.937 599.927 599.917 599.907 599.897 599.887 599.876 599.866 599.856 599.846 599.836 599.826 599.816 599.805 599.795 599.785 599.775 599.765 599.755 599.744 599.734 599.724 599.714 599.704 599.694 599.598 599.588 599.578 599.482 599.472 599.462 599.452 599.442 599.431 599.421 599.411 599.401 599.391 599.381 599.371 599.36 599.35 599.34 599.33 599.32 599.31
600.331 600.321 600.311 600.301 600.291 600.28 600.27 600.26 600.25 600.24 600.23 600.22 600.209 600.199 600.499 600.491 600.484 600.793 600.788 600.783 600.778 600.773 600.768 600.763 600.758 600.753 600.748 600.743 600.738 600.733 600.728 600.722 600.717 600.712 600.707 600.702 600.697 600.692 600.687 600.682 600.301 600.294 599.905 599.895 599.885 599.875 599.865 599.854 599.844 599.834 599.824 599.814 599.804 599.698 599.688 599.678 599.668 599.657 599.647 599.637 599.627 599.617 599.607 599.692 599.682 599.672
601.0346 601.0296 601.0246 601.0186 601.0136 601.0086 601.0036 600.9986 600.9936 600.9886 600.9836 600.9786 600.9736 600.9686 600.9636 600.9586 600.9536 600.9766 601.0449 601.076 601.071 601.066 601.061 601.056 601.051 601.046 601.041 601.0359 601.0309 601.0259 601.021 601.015 601.0099 601.0049 600.9999 600.995 600.99 600.985 600.9436 600.8649 600.8316 600.8266 600.8216 600.8166 600.8116 600.8056 600.8006 600.7574 600.6751 600.631 600.626 600.621 600.616 600.611 600.606 600.601 600.596 600.591 600.586 600.58 600.575 600.57 600.565 600.56 600.555 600.55
601.3439 601.3388 601.3338 601.3278 601.3228 601.3178 601.3128 601.3079 601.3028 601.2978 601.2928 601.2878 601.2828 601.2778 601.2728 601.2678 601.2628 601.2695 601.3378 601.3689 601.3639 601.3589 601.3539 601.3489 601.3439 601.3389 601.3339 601.3289 601.3239 601.3188 601.3139 601.3079 601.3029 601.2979 601.2928 601.2879 601.2829 601.2779 601.2365 601.1578 601.1408 601.1358 601.1309 601.1259 601.1208 601.1149 601.1098 601.0667 600.9844 600.9584 600.9534 600.9484 600.9434 600.9384 600.9334 600.9284 600.9234 600.9184 600.9134 600.9074 600.9024 600.8974 600.8924 600.8874 600.8824 600.8774
601.6531 601.6481 601.6431 601.6371 601.6321 601.6271 601.6221 601.6171 601.6121 601.6071 601.6021 601.597 601.592 601.5871 601.5821 601.5771 601.5721 601.5665 601.6307 601.6619 601.6569 601.6519 601.6469 601.6418 601.6368 601.6318 601.6268 601.6218 601.6168 601.6118 601.6069 601.6008 601.5958 601.5908 601.5858 601.5809 601.5759 601.5709 601.5295 601.4548 601.4501 601.4451 601.4401 601.4351 601.4301 601.4241 601.4191 601.3759 601.2936 601.2858 601.2808 601.2758 601.2708 601.2658 601.2608 601.2558 601.2509 601.2458 601.2408 601.2348 601.2298 601.2249 601.2198 601.2148 601.2098 601.2048
601.9623 601.9573 601.9523 601.9463 601.9413 601.9363 601.9313 601.9263 601.9213 601.9163 601.9113 601.9063 601.9012 601.8963 601.8913 601.8863 601.8813 601.8757 601.9236 601.9548 601.9498 601.9448 601.9398 601.9348 601.9298 601.9248 601.9198 601.9148 601.9098 601.9048 601.8998 601.8938 601.8888 601.8838 601.8788 601.8738 601.8688 601.8638 601.8224 601.7639 601.7593 601.7543 601.7493 601.7443 601.7393 601.7333 601.7283 601.6851 601.6186 601.6132 601.6082 601.6032 601.5983 601.5933 601.5883 601.5833 601.5782 601.5732 601.5682 601.5623 601.5573 601.5522 601.5472 601.5422 601.5372 601.5322
602.2715 602.2665 602.2615 602.2555 602.2505 602.2455 602.2405 602.2355 602.2305 602.2255 602.2205 602.2155 602.2105 602.2055 602.2005 602.1955 602.1905 602.185 602.2166 602.2477 602.2427 602.2377 602.2327 602.2277 602.2227 602.2177 602.2127 602.2077 602.2027 602.1977 602.1927 602.1867 602.1817 602.1767 602.1717 602.1667 602.1617 602.1567 602.1154 602.073 602.0685 602.0635 602.0585 602.0535 602.0485 602.0425 602.0375 601.9943 601.9461 601.9406 601.9356 601.9306 601.9257 601.9207 601.9156 601.9106 601.9056 601.9006 601.8956 601.8896 601.8846 601.8796 601.8746 601.8696 601.8646 601.8596
602.5807 602.5757 602.5707 602.5647 602.5598 602.5547 602.5497 602.5447 602.5397 602.5347 602.5297 602.5247 602.5197 602.5147 602.5097 602.5047 602.4997 602.4941 602.5096 602.5406 602.5356 602.5307 602.5257 602.5207 602.5157 602.5107 602.5057 602.5007 602.4957 602.4907 602.4857 602.4797 602.4747 602.4697 602.4647 602.4597 602.4547 602.4496 602.4083 602.3823 602.3777 602.3727 602.3677 602.3627 602.3577 602.3517 602.3467 602.3036 602.2734 602.2681 602.2631 602.2581 602.2531 602.248 602.243 602.238 602.2331 602.2281 602.2231 602.217 602.212 602.2071 602.2021 602.1971 602.1921 602.1871
602.89 602.8849 602.8799 602.8739 602.869 602.864 602.8589 602.8539 602.8489 602.8439 602.8389 602.8339 602.8289 602.8239 602.8189 602.8139 602.8089 602.8032 602.8025 602.8336 602.8286 602.8237 602.8187 602.8137 602.8087 602.8036 602.7986 602.7936 602.7886 602.7836 602.7786 602.7726 602.7676 602.7626 602.7576 602.7526 602.7476 602.7426 602.7013 602.6917 602.687 602.6819 602.6769 602.6719 602.6669 602.6609 602.6559 602.6128 602.6008 602.5955 602.5905 602.5854 602.5804 602.5754 602.5704 602.5654 602.5605 602.5555 602.5505 602.5444 602.5394 602.5345 602.5295 602.5245 602.5195 602.5145
603.1992 603.1942 603.1891 603.1832 603.1782 603.1732 603.1682 603.1632 603.1581 603.1531 603.1481 603.1431 603.1382 603.1332 603.1282 603.1232 603.1182 603.1123 603.1075 603.1266 603.1216 603.1166 603.1116 603.1066 603.1016 603.0966 603.0916 603.0865 603.0815 603.0765 603.0716 603.0656 603.0605 603.0555 603.0505 603.0456 603.0406 603.0356 603.0063 603.001 602.9962 602.9911 602.9862 602.9812 602.9762 602.9702 602.9651 602.9332 602.928 602.9229 602.9178 602.9128 602.9079 602.9029 602.8979 602.8929 602.8879 602.8829 602.8779 602.8719 602.8669 602.8619 602.8569 602.8519 602.8469 602.8419
603.5084 603.5034 603.4984 603.4924 603.4874 603.4824 603.4774 603.4724 603.4674 603.4624 603.4574 603.4524 603.4474 603.4424 603.4374 603.4324 603.4274 603.4214 603.4165 603.4195 603.4145 603.4095 603.4045 603.3995 603.3945 603.3895 603.3845 603.3795 603.3745 603.3695 603.3645 603.3585 603.3535 603.3485 603.3435 603.3385 603.3335 603.3285 603.3154 603.3104 603.3054 603.3004 603.2954 603.2904 603.2854 603.2794 603.2744 603.2604 603.2554 603.2503 603.2453 603.2403 603.2353 603.2303 603.2253 603.2203 603.2153 603.2103 603.2053 603.1993 603.1943 603.1893 603.1843 603.1793 603.1743 603.1693
603.683 603.678 603.673 603.667 603.662 603.657 603.652 603.647 603.642 603.637 603.632 603.627 603.622 603.617 603.612 603.607 603.602 603.596 603.591 603.586 603.581 603.576 603.571 603.566 603.561 603.556 603.551 603.546 603.541 603.536 603.531 603.525 603.52 603.515 603.51 603.505 603.5 603.495 603.49 603.485 603.48 603.475 603.47 603.465 603.46 603.454 603.449 603.444 603.439 603.434 603.429 603.424 603.419 603.414 603.409 603.404 603.399 603.394 603.389 603.383 603.378 603.373 603.368 603.363 603.358 603.353
