samples/sfe_81/sfe_81_r3/sfe_81_r3/sfe_81_r3.asc
ncols         249
nrows         120
xllcorner     84.60000000149
yllcorner     40
cellsize      1
NODATA_value  -9999
[rows 84 to 111 of 120, columns 128 to 191 of 249]
604.9199 604.8973 604.8749 604.8524 604.8299 604.8074 604.7849 604.7624 604.7399 604.7174 604.6949 604.6724 604.65 604.6274 604.605 604.5825 604.56 604.5375 604.515 604.4925 604.47 604.4475 604.4252 604.3911 604.3569 604.3332 604.299 604.2734 604.2511 604.2157 604.1803 604.1449 604.1147 604.0778 604.0503 604.0159 603.981 603.9442 603.9073 603.785 603.5002 603.226 602.9694 602.7085 602.4148 602.1285 601.8706 601.6096 601.3489 601.0894 600.8282 600.5688 600.3094 600.0484 599.8101 599.5895 599.362 599.1064 597.697 597.411 597.2015 597.0865 597.0275 597.022
604.9406 604.9182 604.8956 604.8731 604.8506 604.8281 604.8057 604.7831 604.7607 604.7382 604.7157 604.6932 604.6707 604.6482 604.6257 604.6032 604.5807 604.5582 604.5358 604.5132 604.4907 604.47 604.4412 604.407 604.3823 604.3502 604.3159 604.3009 604.2696 604.2343 604.1989 604.1708 604.1338 604.0969 604.0733 604.0388 604.0031 603.9664 603.9299 603.8905 603.7281 603.4716 603.2126 602.9216 602.6365 602.3787 602.1175 601.8569 601.5977 601.3365 601.0773 600.8176 600.5566 600.3061 600.0876 599.8601 599.6101 599.3517 599.0934 597.7025 597.363 597.1765 597.0655 597.0205
604.9614 604.9389 604.9164 604.8939 604.8714 604.8489 604.8264 604.8039 604.7814 604.7589 604.7365 604.7139 604.6915 604.6689 604.6465 604.624 604.6015 604.579 604.5565 604.534 604.5115 604.4914 604.4572 604.423 604.4014 604.3671 604.3419 604.3224 604.2881 604.2527 604.2173 604.1898 604.1529 604.126 604.0962 604.0621 604.0253 603.9917 603.9523 603.9153 603.8795 603.7167 603.4283 603.1444 602.8867 602.6255 602.3651 602.1059 601.8448 601.5856 601.3258 601.0649 600.8051 600.5857 600.3582 600.1137 599.8552 599.597 599.3408 599.0803 597.6645 597.378 597.152 597.066
604.9821 604.9597 604.9371 604.9147 604.8922 604.8697 604.8472 604.8247 604.8022 604.7797 604.7572 604.7347 604.7122 604.6897 604.6672 604.6447 604.6223 604.5997 604.5773 604.5547 604.5332 604.5074 604.4732 604.4484 604.4183 604.384 604.3694 604.3421 604.3067 604.2713 604.2458 604.2089 604.1719 604.1536 604.1191 604.0842 604.0475 604.0142 603.9749 603.9426 603.9048 603.8686 603.6523 603.3948 603.1334 602.8733 602.6142 602.3531 602.0939 601.834 601.5731 601.3135 601.0838 600.8563 600.6173 600.3587 600.1005 599.8503 599.5895 599.3301 599.0906 598.093 597.3775 597.157
605.0029 604.9804 604.9579 604.9354 604.9129 604.8904 604.8679 604.8455 604.8229 604.8005 604.778 604.7555 604.733 604.7104 604.688 604.6655 604.643 604.6205 604.598 604.5755 604.5575 604.5233 604.4891 604.4695 604.4352 604.4105 604.3936 604.3607 604.3253 604.2899 604.2648 604.2279 604.2017 604.1765 604.1432 604.1064 604.076 604.0367 603.9999 603.9688 603.9321 603.8953 603.8546 603.6414 603.3816 603.1224 602.8613 602.6022 602.3422 602.0814 601.8221 601.5851 601.3544 601.1158 600.8622 600.6039 600.3599 600.0988 599.8393 599.5972 599.3734 599.1495 598.4205 597.442
605.0236 605.0012 604.9786 604.9562 604.9337 604.9112 604.8887 604.8662 604.8437 604.8212 604.7987 604.7762 604.7537 604.7313 604.7087 604.6862 604.6638 604.6412 604.6188 604.5967 604.5735 604.5393 604.5144 604.4865 604.4521 604.4379 604.4146 604.3792 604.3438 604.3194 604.2839 604.2469 604.233 604.1994 604.1653 604.1286 604.0985 604.0592 604.0295 603.994 603.96 603.921 603.8802 603.8395 603.6307 603.3696 603.1105 602.8504 602.5897 602.3307 602.0837 601.8525 601.6138 601.3657 601.1075 600.8694 600.6082 600.3484 600.1008 599.8799 599.656 599.439 599.2168 599.0334
605.0444 605.0219 604.9994 604.9769 604.9544 604.9319 604.9094 604.887 604.8644 604.842 604.8195 604.797 604.7745 604.752 604.7295 604.707 604.6845 604.662 604.6395 604.6217 604.5895 604.5553 604.5377 604.5034 604.4791 604.4649 604.4332 604.3978 604.3625 604.3399 604.303 604.2776 604.2568 604.223 604.1876 604.1563 604.121 604.0833 604.0566 604.0219 603.9866 603.9467 603.9059 603.867 603.8307 603.6187 603.3586 603.0979 602.8395 602.5797 602.3505 602.1118 601.8692 601.611 601.3735 601.1174 600.8577 600.6071 600.3865 600.1626 599.9408 599.7269 599.4941 599.2794
605.0652 605.0427 605.0202 604.9977 604.9752 604.9527 604.9302 604.9077 604.8852 604.8627 604.8402 604.8177 604.7952 604.7728 604.7502 604.7278 604.7053 604.6828 604.6603 604.6396 604.6054 604.5806 604.5546 604.5203 604.5065 604.4871 604.4517 604.4163 604.3922 604.3589 604.3222 604.3085 604.2797 604.2465 604.2097 604.1829 604.1436 604.1165 604.0834 604.0495 604.0131 603.9724 603.9351 603.8997 603.8622 603.8232 603.6062 603.3482 603.0872 602.8486 602.6098 602.3727 602.1144 601.8763 601.6268 601.3668 601.114 600.8931 600.6691 600.4418 600.2343 600.0042 599.7842 599.5742
605.0859 605.0634 605.041 605.0184 604.996 604.9734 604.951 604.9285 604.9059 604.8835 604.861 604.8385 604.816 604.7935 604.771 604.7485 604.726 604.7036 604.6851 604.6556 604.6214 604.6058 604.5715 604.5475 604.5341 604.5057 604.4703 604.4352 604.4149 604.378 604.3531 604.3372 604.3026 604.2687 604.2366 604.2054 604.1667 604.1447 604.1107 604.0776 604.0388 603.998 603.9644 603.9312 603.8936 603.8536 603.8133 603.5957 603.3467 603.1078 602.876 602.618 602.3792 602.1362 601.876 601.6208 601.3967 601.1757 600.9484 600.7357 600.5143 600.2878 600.079 599.8662
605.1067 605.0842 605.0617 605.0392 605.0167 604.9942 604.9717 604.9492 604.9268 604.9042 604.8817 604.8593 604.8367 604.8143 604.7917 604.7693 604.7468 604.7243 604.7057 604.6716 604.6469 604.6227 604.5886 604.5748 604.5574 604.5242 604.4888 604.4651 604.434 604.3979 604.3845 604.36 604.3276 604.2908 604.2672 604.2279 604.2017 604.1721 604.1393 604.1052 604.0645 604.0267 603.999 603.9626 603.9247 603.8832 603.8438 603.8021 603.6057 603.3783 603.1215 602.882 602.6456 602.3852 602.1276 601.8974 601.6823 601.4556 601.2375 601.0244 600.7941 600.5838 600.373 600.1607
605.1274 605.1049 605.0825 605.0599 605.0375 605.015 604.9925 604.97 604.9475 604.925 604.9025 604.88 604.8575 604.835 604.8125 604.79 604.7675 604.7484 604.7217 604.6876 604.6732 604.6396 604.6158 604.6025 604.5782 604.5428 604.508 604.49 604.4531 604.429 604.4156 604.3829 604.3498 604.3168 604.2897 604.2504 604.2308 604.1984 604.1683 604.1309 604.0901 604.0599 604.0316 603.994 603.955 603.9172 603.8752 603.8342 603.7889 603.6249 603.3848 603.155 602.8944 602.6346 602.4036 602.1888 601.9628 601.7385 601.5318 601.3027 601.0878 600.8787 600.6631 600.4554
605.1482 605.1257 605.1032 605.0807 605.0582 605.0357 605.0132 604.9907 604.9683 604.9457 604.9233 604.9008 604.8783 604.8558 604.8333 604.8108 604.7883 604.7719 604.7377 604.713 604.6909 604.6571 604.6434 604.6287 604.5967 604.5613 604.5378 604.509 604.4737 604.4601 604.4404 604.4087 604.3719 604.3505 604.3122 604.2852 604.2587 604.2292 604.1963 604.1566 604.1182 604.0915 604.0629 604.0255 603.9866 603.949 603.908 603.8666 603.8239 603.7789 603.6597 603.4036 603.1434 602.9105 602.6925 602.47 602.2391 602.0328 601.8118 601.5909 601.3835 601.1672 600.9576 600.7545
605.1689 605.1465 605.124 605.1014 605.079 605.0565 605.034 605.0115 604.989 604.9665 604.944 604.9215 604.899 604.8765 604.8541 604.8315 604.812 604.7878 604.7537 604.7392 604.7078 604.6843 604.671 604.6506 604.6152 604.5807 604.565 604.5281 604.5048 604.4914 604.4633 604.4309 604.3972 604.374 604.3347 604.3177 604.2877 604.257 604.223 604.1823 604.1565 604.1311 604.0944 604.0563 604.0193 603.981 603.9426 603.9002 603.8599 603.8156 603.774 603.6523 603.4173 603.1932 602.9772 602.7457 602.5341 602.3219 602.0955 601.8877 601.6761 601.4601 601.2532 601.0575
605.1897 605.1672 605.1447 605.1223 605.0997 605.0772 605.0547 605.0322 605.0098 604.9872 604.9648 604.9423 604.9198 604.8973 604.8748 604.8523 604.8368 604.8038 604.779 604.759 604.7256 604.7121 604.6985 604.6692 604.6338 604.6104 604.5841 604.5494 604.5361 604.5206 604.4879 604.4531 604.4306 604.3965 604.3687 604.3471 604.3166 604.287 604.2487 604.2097 604.1868 604.1633 604.1258 604.0886 604.0535 604.0142 603.9758 603.9349 603.8936 603.8564 603.8138 603.7712 603.694 603.4844 603.2529 603.0351 602.8293 602.6041 602.3909 602.1832 601.9626 601.7551 601.5547 601.352
605.2104 605.188 605.1655 605.143 605.1205 605.098 605.0755 605.053 605.0305 605.008 604.9855 604.963 604.9406 604.918 604.8956 604.8752 604.854 604.8198 604.8054 604.7759 604.7529 604.7394 604.7216 604.6877 604.6535 604.6401 604.6031 604.5806 604.567 604.5435 604.512 604.4776 604.4584 604.4191 604.4035 604.3755 604.3466 604.3151 604.2744 604.2488 604.2238 604.1948 604.1567 604.1205 604.0858 604.0502 604.0102 603.9725 603.9272 603.8962 603.8536 603.811 603.7704 603.7315 603.5358 603.3303 603.1127 602.894 602.6877 602.4703 602.2573 602.0511 601.8518 601.6528
605.2312 605.2087 605.1862 605.1638 605.1412 605.1188 605.0963 605.0738 605.0513 605.0288 605.0063 604.9838 604.9613 604.9388 604.9163 604.9004 604.8699 604.845 604.8272 604.7941 604.7807 604.767 604.7417 604.7063 604.6831 604.6591 604.6251 604.6115 604.5982 604.5664 604.5342 604.511 604.4809 604.4519 604.4323 604.4053 604.3767 604.3408 604.3013 604.2825 604.2632 604.2262 604.1893 604.1563 604.1199 604.084 604.0452 604.0084 603.9742 603.936 603.8934 603.8529 603.8141 603.7707 603.7313 603.6212 603.3971 603.1908 602.9792 602.7596 602.5529 602.3521 602.147 601.9684
605.252 605.2295 605.207 605.1845 605.162 605.1395 605.117 605.0945 605.072 605.0496 605.027 605.0046 604.9821 604.9595 604.9385 604.9201 604.8859 604.8717 604.8441 604.8214 604.8081 604.7925 604.7603 604.7263 604.7126 604.6782 604.6564 604.6429 604.6238 604.5931 604.558 604.5427 604.5034 604.4871 604.4633 604.4364 604.4072 604.3665 604.3404 604.3163 604.2952 604.2576 604.2227 604.1899 604.1552 604.1193 604.0812 604.042 604.0184 603.9758 603.9333 603.9014 603.858 603.8199 603.7774 603.7348 603.694 603.4876 603.2644 603.0549 602.8514 602.6464 602.455 602.287
605.2727 605.2502 605.2277 605.2053 605.1827 605.1603 605.1378 605.1153 605.0928 605.0703 605.0478 605.0253 605.0028 604.9803 604.9636 604.9361 604.9111 604.8953 604.8626 604.849 604.8355 604.8142 604.7788 604.7559 604.7342 604.7008 604.6874 604.674 604.6467 604.6153 604.5911 604.5652 604.5355 604.5189 604.4918 604.4666 604.4329 604.3929 604.3769 604.3559 604.3266 604.2897 604.2579 604.2245 604.191 604.1548 604.123 604.0845 604.0582 604.0157 603.9732 603.9452 603.9017 603.8675 603.8234 603.7849 603.7438 603.6984 603.5571 603.3508 603.1464 602.9432 602.7736 602.6052
605.2935 605.271 605.2485 605.226 605.2035 605.181 605.1585 605.136 605.1135 605.0911 605.0685 605.0461 605.0236 605.002 604.9863 604.9521 604.9377 604.9123 604.89 604.8763 604.863 604.8328 604.799 604.7854 604.7532 604.7323 604.7186 604.7042 604.6742 604.6384 604.6249 604.5877 604.5706 604.5489 604.523 604.4963 604.4586 604.4317 604.4091 604.3953 604.358 604.3235 604.2953 604.2596 604.2269 604.1922 604.1567 604.1329 604.0981 604.0555 604.0235 603.989 603.9484 603.9144 603.871 603.835 603.7956 603.7503 603.707 603.6466 603.4411 603.2602 603.0921 602.9033
605.3143 605.2917 605.2693 605.2468 605.2243 605.2018 605.1793 605.1568 605.1343 605.1118 605.0893 605.0668 605.0443 605.0269 605.0022 604.9773 604.9635 604.9312 604.9174 604.9041 604.8867 604.8513 604.8287 604.8092 604.7766 604.7632 604.7495 604.7271 604.6964 604.6716 604.6495 604.619 604.6055 604.5795 604.5538 604.525 604.4846 604.4709 604.4484 604.427 604.3885 604.3599 604.3278 604.2996 604.2634 604.2338 604.1947 604.1805 604.1379 604.0963 604.0757 604.0328 604.0027 603.9604 603.9277 603.8851 603.8474 603.8053 603.7621 603.7177 603.6713 603.5787 603.4037 603.2135
605.335 605.3125 605.29 605.2675 605.2451 605.2225 605.2001 605.1776 605.155 605.1326 605.11 605.0876 605.0656 605.0519 605.0182 605.0037 604.9804 604.9586 604.9448 604.9318 604.9053 604.8717 604.8582 604.8282 604.808 604.7943 604.7809 604.7528 604.7188 604.7049 604.6721 604.6538 604.6355 604.6119 604.5859 604.5507 604.5233 604.5059 604.4882 604.4584 604.4254 604.3954 604.3664 604.3337 604.3032 604.2715 604.2432 604.2203 604.1777 604.1415 604.12 604.0765 604.0503 604.0065 603.9778 603.9402 603.8991 603.8588 603.8192 603.775 603.7296 603.6859 603.6481 603.53
605.3558 605.3333 605.3108 605.2883 605.2658 605.2433 605.2208 605.1983 605.1758 605.1533 605.1309 605.1083 605.0905 605.0684 605.0435 605.0303 604.9996 604.986 604.9723 604.9564 604.9238 604.9015 604.8843 604.8522 604.839 604.8254 604.8074 604.7775 604.7521 604.7339 604.7023 604.6887 604.6677 604.6436 604.6171 604.5764 604.5624 604.5411 604.5273 604.4899 604.4589 604.4329 604.4025 604.3737 604.3412 604.3052 604.2916 604.2601 604.2175 604.194 604.1638 604.1271 604.0974 604.0585 604.0279 603.9963 603.9514 603.9172 603.8748 603.8336 603.7904 603.752 603.7109 603.6713
605.3765 605.354 605.3315 605.309 605.2866 605.264 605.2416 605.2191 605.1966 605.1741 605.1516 605.1291 605.1155 605.0844 605.0698 605.0486 605.0271 605.0134 604.9998 604.9777 604.9445 604.9311 604.9033 604.8837 604.8702 604.8566 604.8305 604.7997 604.7853 604.7564 604.7374 604.7201 604.6971 604.676 604.6428 604.615 604.5978 604.5809 604.5588 604.5229 604.4982 604.468 604.4421 604.4095 604.3862 604.3534 604.3401 604.2999 604.2598 604.2462 604.2076 604.1821 604.1434 604.1162 604.078 604.048 604.0113 603.9722 603.9338 603.8932 603.8496 603.8181 603.777 603.7405
605.3973 605.3748 605.3523 605.3298 605.3073 605.2848 605.2623 605.2398 605.2173 605.1948 605.1724 605.1541 605.1345 605.1097 605.0961 605.0681 605.0546 605.041 605.0274 604.9963 604.9743 604.9593 604.928 604.9146 604.9014 604.8877 604.8586 604.8322 604.8182 604.7855 604.7723 604.7521 604.7306 604.707 604.6685 604.6539 604.6338 604.6205 604.5902 604.5608 604.5363 604.5076 604.4785 604.4495 604.4199 604.4021 604.3823 604.3397 604.3122 604.2949 604.2513 604.233 604.1895 604.1707 604.134 604.0999 604.0648 604.0313 603.9932 603.9515 603.9175 603.8842 603.8478 603.8098
605.418 605.3956 605.373 605.3505 605.3281 605.3055 605.2831 605.2606 605.2381 605.2156 605.1931 605.1791 605.1505 605.136 605.1167 605.0956 605.0821 605.0685 605.0502 605.0172 605.0039 604.9783 604.9594 604.9459 604.9324 604.9106 604.8808 604.8658 604.8408 604.8208 604.807 604.785 604.7625 604.7349 604.7067 604.6929 604.6733 604.6592 604.623 604.5988 604.5726 604.548 604.5198 604.4951 604.4639 604.4502 604.4221 604.3821 604.3644 604.3386 604.3059 604.2804 604.2458 604.2208 604.1941 604.1525 604.1246 604.0884 604.0507 604.0176 603.9883 603.9504 603.9157 603.8792
605.4388 605.4163 605.3938 605.3713 605.3488 605.3264 605.3038 605.2813 605.2589 605.2363 605.2172 605.2006 605.1758 605.1624 605.1367 605.1232 605.1097 605.0962 605.0688 605.0471 605.0334 605.0037 604.9902 604.9771 604.9635 604.9398 604.9122 604.8993 604.869 604.8559 604.8387 604.8181 604.7964 604.7606 604.7457 604.7289 604.713 604.6906 604.6613 604.6368 604.6122 604.5864 604.5605 604.5346 604.5123 604.4986 604.4619 604.4302 604.4168 604.3824 604.361 604.3265 604.3037 604.2709 604.2488 604.2153 604.1824 604.1466 604.1152 604.0768 604.0576 604.0165 603.9905 603.9484
605.4584 605.4371 605.4146 605.3921 605.3696 605.3471 605.3246 605.3021 605.2796 605.2571 605.2422 605.2166 605.2022 605.1849 605.1642 605.1507 605.1373 605.1214 605.09 605.0767 605.0534 605.035 605.0214 605.0079 604.9909 604.9619 604.9457 604.925 604.9039 604.8904 604.8716 604.8508 604.827 604.7983 604.7847 604.7659 604.7526 604.722 604.6978 604.6757 604.6517 604.6272 604.6023 604.5739 604.5607 604.5443 604.5017 604.4825 604.4692 604.4295 604.4158 604.3752 604.3618 604.3279 604.3005 604.2708 604.2398 604.2115 604.1734 604.1437 604.1237 604.0869 604.0615 604.0256
605.4748 605.4578 605.4353 605.4128 605.3903 605.3679 605.3453 605.3229 605.3004 605.2803 605.2667 605.242 605.2286 605.2051 605.1918 605.1779 605.1647 605.1413 605.1198 605.1058 605.0795 605.066 605.0526 605.0391 605.0177 604.9926 604.9792 604.9524 604.9389 604.923 604.9042 604.8848 604.8527 604.837 604.8216 604.8054 604.791 604.759 604.7384 604.7145 604.6927 604.6677 604.6492 604.6223 604.6088 604.5841 604.5487 604.5349 604.5134 604.4846 604.4634 604.4332 604.4136 604.3881 604.3536 604.3295 604.3022 604.2688 604.2418 604.2147 604.1899 604.1606 604.1308 604.097
