samples/sfe_81/sfe_81_r3/sfe_81_r3/sfe_81_r3.asc
ncols         249
nrows         120
xllcorner     84.60000000149
yllcorner     40
cellsize      1
NODATA_value  -9999
[rows 56 to 83 of 120, columns 64 to 127 of 249]
605.3534 605.3264 605.2994 605.2725 605.2455 605.2185 605.1945 604.9814 604.7001 604.4071 604.1141 603.8499 603.5632 603.2999 603.0201 602.7508 602.473 602.18 601.887 601.608 601.3383 601.0829 600.807 600.5244 600.0665 599.8849 599.7285 599.604 599.5065 599.4095 599.3615 599.3135 599.288 599.288 599.301 599.335 599.402 599.468 599.5795 599.6885 599.8305 600.146 600.449 600.7322 601.0103 601.2584 601.5228 601.8023 602.0819 602.3281 602.5887 602.8455 603.0928 603.3392 603.5864 603.8339 604.0793 604.3269 604.5717 604.8172 604.8447 604.8113 604.7779 604.7446
605.35 605.322 605.2938 605.2657 605.2376 605.2095 605.0124 604.7319 604.4688 604.1992 603.9062 603.6132 603.3488 603.0557 602.7871 602.514 602.2434 601.9721 601.6791 601.3861 601.1011 600.8367 600.5815 600.1495 599.911 599.765 599.651 599.5464 599.454 599.3945 599.349 599.3235 599.3185 599.3285 599.3665 599.4185 599.493 599.5765 599.6925 599.8165 600.1 600.4256 600.6744 600.9565 601.2397 601.5194 601.7675 602.0262 602.3035 602.583 602.8315 603.0927 603.3544 603.6015 603.848 604.0949 604.3425 604.5875 604.8351 604.8612 604.8279 604.7947 604.7626 604.7305
605.3404 605.3123 605.2842 605.256 605.228 605.0627 604.7904 604.5081 604.2219 603.9561 603.6926 603.4053 603.1123 602.8478 602.5547 602.2744 602.0079 601.736 601.4713 601.1782 600.8853 600.5941 600.2995 599.9585 599.8075 599.6775 599.5785 599.4855 599.428 599.3745 599.353 599.3435 599.353 599.387 599.432 599.4895 599.591 599.6815 599.822 600.019 600.4374 600.6851 600.9349 601.1835 601.464 601.7473 602.0286 602.2766 602.5307 602.8046 603.0842 603.335 603.5967 603.863 604.1102 604.3567 604.6034 604.8511 604.8788 604.8478 604.8168 604.7858 604.7549 604.7239
605.3307 605.3026 605.2745 605.2464 605.0883 604.8154 604.5551 604.2864 604.0037 603.7208 603.4434 603.1797 602.9044 602.6114 602.3467 602.0537 601.7615 601.4985 601.2286 600.9694 600.6774 600.4485 599.987 599.8375 599.72 599.6015 599.519 599.4455 599.3995 599.371 599.3605 599.369 599.3995 599.441 599.51 599.5925 599.696 599.826 599.9795 600.3845 600.6655 600.9452 601.1945 601.4442 601.6926 601.9716 602.2548 602.5377 602.7857 603.0351 603.3076 603.5853 603.8385 604.1007 604.3683 604.619 604.8654 604.8986 604.8676 604.8367 604.8057 604.7748 604.7438 604.7129
605.3159 605.2878 605.2597 605.1411 604.8704 604.5818 604.3078 604.0474 603.7835 603.4994 603.217 602.9305 602.6669 602.4034 602.1105 601.8458 601.5527 601.2596 600.9857 600.7212 600.4622 600.025 599.884 599.721 599.6215 599.539 599.4655 599.4135 599.383 599.37 599.379 599.408 599.4485 599.521 599.591 599.6925 599.8335 599.9335 600.3618 600.6125 600.8875 601.1685 601.4484 601.7039 601.9535 602.2018 602.4791 602.7623 603.0455 603.2949 603.5426 603.812 604.0865 604.342 604.6047 604.8724 604.9167 604.8895 604.8607 604.8318 604.803 604.7742 604.7453 604.7165
605.3075 605.277 605.1579 604.8923 604.6277 604.3636 604.0754 603.8002 603.5397 603.2789 602.9951 602.7128 602.4177 602.1541 601.8913 601.6096 601.3447 601.0516 600.7585 600.4727 600.0445 599.9115 599.754 599.6475 599.5655 599.4765 599.428 599.389 599.3748 599.381 599.4045 599.446 599.511 599.6015 599.692 599.815 599.932 600.373 600.6182 600.8655 601.1277 601.3905 601.6716 601.9515 602.2134 602.4628 602.7109 602.9866 603.2698 603.553 603.804 604.0519 604.3163 604.5888 604.8456 604.9301 604.9033 604.8765 604.8497 604.8229 604.7961 604.7693 604.7425 604.7156
605.2943 605.1752 604.9126 604.65 604.379 604.1144 603.8502 603.569 603.2925 603.032 602.7712 602.4922 602.2084 601.912 601.6414 601.3784 601.1086 600.8437 600.5506 600.1235 599.951 599.7875 599.6714 599.569 599.495 599.4285 599.391 599.3735 599.377 599.3985 599.4415 599.5055 599.579 599.671 599.794 599.94 600.2805 600.5837 600.8547 601.1224 601.3693 601.6419 601.8936 602.1746 602.4547 602.723 602.972 603.22 603.4941 603.7773 604.0605 604.3131 604.5609 604.8207 604.9468 604.9199 604.8929 604.866 604.839 604.8121 604.7851 604.7581 604.7312 604.7043
605.1909 604.932 604.6725 604.4048 604.142 603.8674 603.6011 603.3368 603.0626 602.785 602.5244 602.2635 601.9894 601.7041 601.4109 601.1287 600.8655 600.6028 600.2485 599.9655 599.8135 599.6915 599.5735 599.4969 599.4415 599.389 599.3695 599.3665 599.384 599.422 599.4815 599.5665 599.663 599.7945 599.923 600.2105 600.5422 600.7941 601.0837 601.3533 601.6242 601.873 602.145 602.408 602.6776 602.9579 603.2314 603.4811 603.7292 604.0016 604.2849 604.5681 604.8223 604.9633 604.9363 604.9094 604.8824 604.8555 604.8285 604.8016 604.7746 604.7476 604.7206 604.6937
604.9448 604.6826 604.4291 604.1697 603.8989 603.6341 603.3603 603.0878 602.8234 602.5562 602.2773 602.0167 601.7558 601.4865 601.201 600.9099 600.616 600.3005 600.002 599.8355 599.721 599.5965 599.502 599.4225 599.3815 599.358 599.353 599.3695 599.4105 599.4515 599.5471 599.6465 599.746 599.902 600.0975 600.5202 600.7925 601.0461 601.301 601.5805 601.8519 602.1228 602.3767 602.6479 602.923 603.1806 603.4611 603.7346 603.9902 604.2383 604.5092 604.7924 604.9797 604.9528 604.9258 604.8989 604.8719 604.845 604.818 604.7913 604.766 604.7405 604.715 604.6896
604.6997 604.4362 604.179 603.9262 603.6671 603.3956 603.1262 602.8532 602.5745 602.3099 602.0469 601.7697 601.509 601.2482 600.9836 600.6981 600.3545 600.017 599.8565 599.735 599.6165 599.5025 599.429 599.378 599.343 599.3355 599.348 599.3825 599.4445 599.511 599.6155 599.734 599.889 600.0835 600.4669 600.7369 601.0212 601.2935 601.5502 601.8062 602.0772 602.3505 602.6214 602.8804 603.151 603.4316 603.6887 603.9643 604.2377 604.4994 604.7474 604.995 604.9716 604.947 604.9224 604.8978 604.8731 604.8485 604.8239 604.7993 604.7747 604.75 604.7249 604.6994
604.4317 604.1911 603.9276 603.6755 603.4233 603.1644 602.8922 602.6182 602.3461 602.0657 601.7966 601.5335 601.2621 601.0014 600.7405 600.463 600.0674 599.876 599.739 599.6165 599.51 599.431 599.363 599.327 599.315 599.3235 599.357 599.414 599.4765 599.578 599.701 599.8685 599.99 600.4557 600.7239 600.9708 601.2332 601.5209 601.7944 602.0541 602.3115 602.574 602.8491 603.12 603.3842 603.654 603.9347 604.2036 604.4675 604.7409 605.0085 604.9881 604.9634 604.9388 604.9142 604.8896 604.865 604.8404 604.8157 604.7911 604.7665 604.7419 604.7173 604.6927
604.1592 603.9222 603.6808 603.419 603.1719 602.9205 602.6618 602.3889 602.1103 601.839 601.5587 601.2832 601.0201 600.7545 600.5455 600.078 599.9085 599.749 599.63 599.504 599.4265 599.3515 599.315 599.293 599.2965 599.3225 599.3755 599.455 599.538 599.6635 599.821 599.974 600.4405 600.6815 600.9567 601.2281 601.4748 601.7364 602.0158 602.2955 602.5581 602.8168 603.0797 603.3478 603.6187 603.8882 604.157 604.4377 604.7184 604.9707 605.0046 604.98 604.9553 604.9307 604.9061 604.8815 604.8569 604.8323 604.8077 604.7831 604.7586 604.734 604.7094 604.6848
603.9126 603.6498 603.4128 603.1702 602.9104 602.6683 602.4176 602.1592 601.8856 601.6024 601.3319 601.0515 600.7712 600.5594 600.101 599.926 599.7665 599.623 599.499 599.4185 599.3495 599.2985 599.269 599.27 599.288 599.3465 599.4135 599.5085 599.626 599.771 599.9515 600.3405 600.6476 600.8954 601.1765 601.4577 601.7299 601.9788 602.2443 602.513 602.7964 603.0621 603.3221 603.5893 603.85 604.1172 604.3881 604.66 604.9407 605.0225 604.9979 604.9733 604.9487 604.9241 604.8995 604.8749 604.8503 604.8257 604.8011 604.7766 604.7524 604.7287 604.705 604.6813
603.6639 603.4034 603.1403 602.9026 602.6597 602.4018 602.1647 601.9147 601.6566 601.3823 601.0954 600.8248 600.5729 600.1295 599.9895 599.8 599.6355 599.517 599.404 599.327 599.275 599.2469 599.2405 599.2545 599.301 599.3685 599.4565 599.5825 599.7135 599.9155 600.2325 600.6207 600.8942 601.1514 601.3991 601.6715 601.9587 602.2309 602.4827 602.7496 603.0162 603.2948 603.5661 603.8275 604.0972 604.3537 604.6159 604.8868 605.0399 605.0171 604.9943 604.9716 604.9489 604.9261 604.9029 604.8792 604.8555 604.8318 604.8082 604.7845 604.7607 604.7371 604.7134 604.6897
603.3954 603.1563 602.8942 602.6309 602.3921 602.1492 601.8932 601.6612 601.412 601.1539 600.8789 600.592 600.2135 599.97 599.7985 599.6275 599.5095 599.396 599.316 599.258 599.219 599.205 599.217 599.252 599.3255 599.4225 599.54 599.6845 599.8655 600.1515 600.5731 600.838 601.1239 601.3973 601.6553 601.9028 602.1747 602.4554 602.7319 602.9866 603.2549 603.5194 603.7928 604.0703 604.3327 604.6024 604.8557 605.0545 605.0318 605.009 604.9863 604.9636 604.9408 604.918 604.8953 604.8726 604.8498 604.8271 604.8043 604.7816 604.7589 604.7361 604.7133 604.6906
603.1252 602.888 602.6474 602.3849 602.1214 601.8816 601.6387 601.3887 601.1576 600.9095 600.6513 600.226 599.975 599.797 599.639 599.4945 599.39 599.289 599.23 599.1915 599.1735 599.1815 599.2165 599.277 599.3595 599.479 599.6355 599.805 600.087 600.5558 600.8292 601.082 601.3412 601.6299 601.9005 602.1592 602.4066 602.6779 602.9513 603.2329 603.4906 603.7602 604.0226 604.296 604.5717 604.838 605.066 605.0464 605.0237 605.001 604.9782 604.9555 604.9327 604.91 604.8873 604.8645 604.8417 604.819 604.7963 604.7735 604.7508 604.728 604.7053 604.6826
602.8482 602.6184 602.3804 602.1379 601.8757 601.6119 601.371 601.1281 600.8851 600.6541 600.188 600.0085 599.808 599.6305 599.4885 599.3525 599.271 599.1995 599.1575 599.1305 599.137 599.171 599.222 599.3005 599.437 599.59 599.7835 600.0645 600.4945 600.778 601.059 601.3324 601.5911 601.849 602.1377 602.4037 602.663 602.9103 603.181 603.4545 603.7339 603.9958 604.2654 604.5305 604.7992 605.0726 605.0756 605.0532 605.0306 605.0082 604.9857 604.9632 604.9407 604.9182 604.8957 604.8732 604.8507 604.8282 604.8057 604.7833 604.7607 604.7383 604.7158 604.6932
602.5741 602.3405 602.1115 601.8727 601.6285 601.3664 601.1025 600.8605 600.6296 600.2525 599.9745 599.8205 599.6465 599.473 599.3575 599.257 599.1855 599.1255 599.0975 599.0925 599.117 599.18 599.257 599.374 599.522 599.7145 600.0095 600.508 600.7556 601.0036 601.2761 601.5621 601.8356 602.1002 602.3569 602.6406 602.9069 603.1669 603.4141 603.6842 603.9577 604.2311 604.501 604.7708 605.04 605.0886 605.0881 605.0739 605.0515 605.0289 605.0064 604.9839 604.9614 604.939 604.9164 604.894 604.8715 604.849 604.8265 604.804 604.7815 604.759 604.7365 604.7141
602.2926 602.0665 601.8347 601.6044 601.3651 601.119 600.8572 600.6454 600.2175 599.996 599.7964 599.642 599.459 599.335 599.217 599.1525 599.0825 599.049 599.043 599.065 599.124 599.208 599.2995 599.495 599.6835 599.912 600.4276 600.7089 600.9932 601.2646 601.5128 601.7749 602.0654 602.3388 602.6097 602.8647 603.1436 603.41 603.6708 603.9178 604.1874 604.4609 604.7343 605.0063 605.0999 605.0994 605.0989 605.0947 605.0722 605.0497 605.0272 605.0047 604.9822 604.9597 604.9372 604.9147 604.8922 604.8698 604.8472 604.8248 604.8022 604.7798 604.7573 604.7348
602.0092 601.785 601.5589 601.329 601.0968 600.8574 600.662 600.188 599.9805 599.8019 599.607 599.4474 599.303 599.199 599.1165 599.0385 599.0003 598.9875 599.0075 599.054 599.145 599.2525 599.408 599.6085 599.8705 600.5325 600.6782 600.9328 601.2164 601.5007 601.7738 602.0219 602.2806 602.5664 602.842 603.1154 603.3726 603.6486 603.9154 604.1746 604.4216 604.6906 604.9641 605.1102 605.1114 605.1102 605.1097 605.1093 605.093 605.0704 605.048 605.0255 605.003 604.9805 604.958 604.9355 604.913 604.8905 604.868 604.8455 604.823 604.8005 604.778 604.7556
601.7173 601.5035 601.2774 601.0513 600.8232 600.5395 600.193 599.9985 599.7834 599.5955 599.4265 599.2855 599.1685 599.0829 599.004 598.9493 598.9345 598.9475 598.9935 599.07 599.176 599.3375 599.5515 599.822 600.3875 600.6919 600.9394 601.187 601.4432 601.7239 602.0081 602.283 602.531 602.7863 603.0646 603.3452 603.6186 603.8804 604.1564 604.4247 604.6785 604.9254 605.1201 605.1212 605.1223 605.1211 605.1205 605.1201 605.1137 605.0912 605.0687 605.0462 605.0237 605.0012 604.9788 604.9562 604.9338 604.9113 604.8887 604.8663 604.8438 604.8213 604.7988 604.7763
601.4252 601.2146 600.9959 600.7698 600.4944 600.151 599.9575 599.7715 599.598 599.438 599.274 599.154 599.05 598.9545 598.8986 598.876 598.886 598.9235 598.997 599.125 599.267 599.475 599.7475 600.2395 600.701 600.9528 601.2007 601.4482 601.6957 601.9536 602.2313 602.5156 602.7921 603.0402 603.2921 603.5669 603.8483 604.1218 604.3882 604.6642 604.934 605.1324 605.1318 605.1321 605.1333 605.1345 605.1314 605.1309 605.1304 605.1119 605.0895 605.067 605.0445 605.022 604.9995 604.977 604.9545 604.932 604.9095 604.887 604.8646 604.842 604.8195 604.7971
601.134 600.9224 600.7215 600.387 600.153 599.9709 599.765 599.5865 599.395 599.2725 599.1355 598.9965 598.9175 598.8495 598.8185 598.819 598.8525 598.9215 599.054 599.1835 599.3975 599.7475 600.2135 600.714 600.959 601.2045 601.459 601.7095 601.957 602.2045 602.4641 602.7415 603.0231 603.3012 603.5494 603.7991 604.0726 604.3516 604.625 604.8961 605.1435 605.1448 605.1454 605.1431 605.1442 605.1454 605.1422 605.1417 605.1412 605.1327 605.1102 605.0877 605.0652 605.0427 605.0203 604.9977 604.9753 604.9528 604.9303 604.9078 604.8853 604.8628 604.8403 604.8178
600.8411 600.5715 600.3225 600.1595 599.9615 599.774 599.5845 599.413 599.2325 599.117 598.984 598.8715 598.8085 598.756 598.76 598.783 598.855 598.951 599.097 599.277 599.606 600.1655 600.6814 600.9531 601.2172 601.4622 601.708 601.9637 602.2184 602.4658 602.7134 602.9745 603.252 603.5305 603.8104 604.0587 604.3083 604.5783 604.8532 605.1282 605.1561 605.1572 605.1583 605.155 605.1552 605.1563 605.1562 605.1525 605.152 605.1508 605.131 605.1085 605.086 605.0635 605.041 605.0185 604.996 604.9735 604.951 604.9285 604.9061 604.8835 604.8611 604.8386
600.4685 600.2785 600.088 599.952 599.757 599.5735 599.392 599.2285 599.0829 598.9565 598.8415 598.7505 598.7095 598.6945 598.7165 598.767 598.887 599.0475 599.2401 599.544 600.1855 600.6469 600.8949 601.1861 601.4532 601.7205 601.9654 602.2115 602.4685 602.7274 602.9746 603.2224 603.4849 603.7624 604.0398 604.3195 604.5679 604.8175 605.084 605.1676 605.1685 605.1696 605.1707 605.1708 605.1661 605.1673 605.1684 605.1633 605.1628 605.1624 605.1517 605.1293 605.1068 605.0842 605.0618 605.0392 605.0168 604.9943 604.9718 604.9493 604.9268 604.9043 604.8818 604.8593
600.2575 600.097 599.929 599.7515 599.5575 599.389 599.204 599.0605 598.9255 598.814 598.728 598.658 598.6375 598.652 598.699 598.804 598.962 599.195 599.474 600.1655 600.6821 600.9188 601.1556 601.4022 601.6946 601.9534 602.2238 602.4686 602.715 602.9733 603.2361 603.4834 603.7316 603.9953 604.2728 604.5502 604.8286 605.0771 605.1772 605.1802 605.1808 605.182 605.1832 605.1843 605.1782 605.1782 605.1794 605.1773 605.1736 605.1732 605.1702 605.15 605.1275 605.105 605.0825 605.0601 605.0375 605.015 604.9926 604.97 604.9476 604.925 604.9026 604.8801
600.0615 599.9245 599.758 599.561 599.4035 599.246 599.072 598.9294 598.8033 598.705 598.624 598.593 598.5925 598.6445 598.726 598.876 599.109 599.518 600.0455 600.7047 600.954 601.1908 601.4276 601.6616 601.9121 602.2031 602.4536 602.7253 602.9719 603.2185 603.478 603.745 603.9922 604.2415 604.5057 604.7832 605.0607 605.187 605.1908 605.1928 605.1957 605.1944 605.1956 605.1967 605.1962 605.1891 605.1903 605.1915 605.1845 605.184 605.1835 605.1708 605.1483 605.1258 605.1033 605.0808 605.0583 605.0358 605.0133 604.9908 604.9683 604.9458 604.9233 604.9008
599.8945 599.74 599.5945 599.4055 599.2455 599.0665 598.9335 598.8056 598.699 598.6025 598.5555 598.5464 598.5795 598.6721 598.821 599.022 599.4425 600.223 600.6904 600.929 601.2108 601.4627 601.6995 601.9362 602.1629 602.422 602.7116 602.96 603.2254 603.4751 603.722 603.9827 604.2521 604.501 604.7512 605.0162 605.1971 605.2004 605.2042 605.2054 605.2084 605.2068 605.2079 605.2091 605.2098 605.2013 605.2013 605.2024 605.1985 605.1948 605.1943 605.1896 605.169 605.1465 605.124 605.1016 605.079 605.0566 605.0341 605.0116 604.9891 604.9666 604.9441 604.9216
