samples/sfe_81/sfe_81_r3/sfe_81_r3/sfe_81_r3.asc
ncols         249
nrows         120
xllcorner     84.60000000149
yllcorner     40
cellsize      1
NODATA_value  -9999
[rows 28 to 55 of 120, columns 64 to 127 of 249]
605.8057 605.782 605.7584 605.7365 605.7054 605.6733 605.6599 605.6284 605.5945 605.5794 605.5612 605.5264 605.4912 605.467 605.4341 605.3978 605.3844 605.3553 605.318 605.2807 605.2561 605.2279 605.195 605.1622 605.1236 605.084 605.0479 605.0062 604.9715 604.9332 604.8945 604.8226 604.563 604.303 604.0432 603.7823 603.5206 603.2738 603.0333 602.7993 602.5704 602.3217 602.0797 601.8558 601.6271 601.4064 601.1892 600.9599 600.7495 600.5209 600.3129 600.131 599.265 598.6275 598.4725 598.4205 598.4035 598.4105 598.4475 598.4625 598.4665 598.4805 598.4805 598.4855
605.7856 605.762 605.7383 605.7147 605.6892 605.6563 605.634 605.6114 605.5775 605.5521 605.5388 605.508 605.4728 605.4377 605.4153 605.3787 605.3535 605.3326 605.2968 605.2595 605.2227 605.2038 605.1664 605.1359 605.099 605.0595 605.0231 604.9808 604.9431 604.9029 604.8337 604.5739 604.3142 604.0546 603.7943 603.5344 603.2734 603.0118 602.765 602.5228 602.2966 602.0672 601.8122 601.5741 601.3509 601.1237 600.9087 600.6852 600.4594 600.2457 600.076 598.74 598.579 598.4825 598.4435 598.437 598.448 598.4925 598.532 598.5735 598.587 598.5975 598.6035 598.6155
605.7655 605.7419 605.7183 605.6946 605.673 605.6401 605.6081 605.5944 605.5605 605.5266 605.5115 605.4896 605.4544 605.4193 605.395 605.3598 605.3231 605.3085 605.2755 605.2382 605.2009 605.1758 605.1423 605.1086 605.0744 605.0349 604.9954 604.956 604.9146 604.8452 604.5854 604.3256 604.0654 603.8058 603.546 603.2855 603.0256 602.7645 602.503 602.2562 602.0221 601.7938 601.564 601.3027 601.0692 600.8459 600.6202 600.4105 600.1813 599.276 598.7715 598.5865 598.5 598.469 598.4665 598.482 598.5255 598.5675 598.619 598.6785 598.702 598.7135 598.7275 598.7365
605.7454 605.7218 605.6982 605.6746 605.6509 605.624 605.5911 605.5688 605.5435 605.5096 605.4841 605.4683 605.436 605.4009 605.3657 605.3409 605.3043 605.2785 605.2543 605.217 605.1797 605.1424 605.1182 605.0807 605.0494 605.0103 604.9708 604.9312 604.8568 604.597 604.3369 604.0773 603.8175 603.5573 603.2974 603.0375 602.7768 602.5167 602.2556 601.9943 601.7474 601.5215 601.2906 601.055 600.7933 600.5642 600.3411 600.1204 599.134 598.735 598.5959 598.52 598.494 598.4955 598.5155 598.558 598.5995 598.661 598.7175 598.7665 598.8205 598.8344 598.8625 598.865
605.7253 605.7017 605.6781 605.6545 605.6308 605.6078 605.5748 605.5428 605.5266 605.4927 605.4587 605.4433 605.4177 605.3825 605.3473 605.3221 605.2854 605.2487 605.2301 605.1957 605.1584 605.1212 605.0941 605.0566 605.0223 604.9857 604.9462 604.8682 604.6093 604.3488 604.0889 603.8286 603.5691 603.3093 603.0491 602.7889 602.529 602.268 602.0079 601.7466 601.4857 601.2386 601.0168 600.7874 600.5457 600.2838 600.1245 598.9595 598.7505 598.602 598.5375 598.5155 598.5235 598.543 598.5815 598.6335 598.6851 598.758 598.8185 598.882 598.941 598.968 598.9725 599.002
605.7053 605.6816 605.658 605.6343 605.6107 605.5871 605.5587 605.5258 605.5036 605.4757 605.4418 605.4162 605.3978 605.3641 605.3289 605.2938 605.2665 605.2299 605.2034 605.1745 605.1372 605.0999 605.0626 605.0325 604.996 604.9611 604.8782 604.6198 604.3603 604.1013 603.8408 603.5809 603.3204 603.061 602.8012 602.541 602.2805 602.0204 601.7593 601.4991 601.2377 600.9771 600.7285 600.514 600.2842 599.7885 598.9525 598.776 598.637 598.567 598.5385 598.5415 598.566 598.6045 598.6455 598.7115 598.784 598.8625 598.9205 598.973 599.0515 599.081 599.107 599.1165
605.6852 605.6616 605.6379 605.6143 605.5906 605.567 605.5425 605.5096 605.4776 605.4587 605.4248 605.3909 605.3753 605.3457 605.3105 605.2754 605.2477 605.211 605.1743 605.1517 605.116 605.0786 605.0413 605.0084 604.9709 604.9246 604.6398 604.3707 604.1118 603.8524 603.5934 603.3327 603.0729 602.8121 602.5529 602.2931 602.0328 601.7721 601.5118 601.2507 600.9904 600.7288 600.4684 600.2279 599.649 598.959 598.754 598.6395 598.5835 598.5594 598.5605 598.585 598.6285 598.6775 598.74 598.7968 598.867 598.9555 599.0325 599.082 599.145 599.2095 599.2265 599.247
605.6651 605.6415 605.6179 605.5942 605.5706 605.5469 605.5235 605.4934 605.4605 605.4382 605.4078 605.374 605.348 605.3273 605.2922 605.257 605.2218 605.1921 605.1555 605.1281 605.0947 605.0574 605.0201 604.9828 604.9537 604.7078 604.4229 604.138 603.863 603.6039 603.3444 603.0854 602.8246 602.5648 602.3038 602.0447 601.7849 601.5246 601.2637 601.0032 600.742 600.4815 600.2199 599.4395 599.0135 598.7665 598.6595 598.598 598.5755 598.577 598.6005 598.643 598.7 598.769 598.8255 598.9055 598.9795 599.0415 599.118 599.1935 599.261 599.3115 599.3475 599.3655
605.645 605.6214 605.5978 605.5741 605.5505 605.5269 605.5032 605.4772 605.4443 605.4124 605.3909 605.3569 605.3231 605.3055 605.2738 605.2386 605.2034 605.1733 605.1367 605.0999 605.0734 605.0361 604.9988 604.9655 604.7562 604.491 604.2063 603.9264 603.6363 603.3551 603.0959 602.8367 602.5775 602.3165 602.0568 601.7956 601.5363 601.2767 601.0164 600.7552 600.4946 600.2333 599.4065 599.01 598.791 598.6945 598.624 598.593 598.5915 598.6151 598.6545 598.7105 598.7659 598.8485 598.907 599.016 599.0825 599.1665 599.2365 599.304 599.359 599.4295 599.4635 599.484
605.6249 605.6013 605.5777 605.554 605.5304 605.5068 605.4832 605.4609 605.4282 605.3953 605.373 605.34 605.3061 605.28 605.2554 605.2202 605.1851 605.1498 605.1178 605.0811 605.0497 605.0149 604.9776 604.7734 604.5079 604.2487 603.9891 603.7048 603.4272 603.1345 602.8497 602.588 602.3289 602.0695 601.8086 601.5488 601.2874 601.0278 600.7685 600.5082 600.2468 599.5205 599.0615 598.8345 598.717 598.651 598.6155 598.607 598.6235 598.6675 598.723 598.784 598.86 598.9475 599.0325 599.1065 599.1995 599.2855 599.347 599.4275 599.488 599.5375 599.5805 599.7135
605.6049 605.5812 605.5576 605.5339 605.5103 605.4867 605.4631 605.4394 605.412 605.3791 605.3471 605.323 605.2891 605.2552 605.235 605.2018 605.1667 605.1315 605.0989 605.0623 605.0256 604.9937 604.8292 604.5546 604.2673 604.0003 603.7411 603.4811 603.2032 602.928 602.6393 602.348 602.0801 601.8211 601.5615 601.3007 601.0407 600.7791 600.5193 600.2603 599.452 599.141 598.9 598.749 598.673 598.635 598.623 598.6405 598.676 598.732 598.8025 598.879 598.9535 599.0475 599.1375 599.2285 599.3255 599.3875 599.4635 599.55 599.6015 599.8465 600.0199 600.1537
605.5848 605.5612 605.5375 605.5139 605.4902 605.4666 605.443 605.4193 605.3958 605.3629 605.33 605.306 605.2722 605.2382 605.2119 605.1835 605.1483 605.1131 605.0779 605.0434 605.0067 604.8607 604.5811 604.3165 604.0485 603.7612 603.4927 603.2336 602.9733 602.7017 602.4289 602.1455 601.8462 601.5721 601.3134 601.0535 600.7927 600.5325 600.2708 599.5315 599.1 598.926 598.7945 598.6975 598.653 598.6395 598.6485 598.6855 598.7357 598.8 598.8745 598.9795 599.048 599.172 599.2655 599.337 599.4335 599.529 599.604 599.787 600.0421 600.2002 600.3451 600.4903
605.5647 605.5411 605.5175 605.4938 605.4702 605.4465 605.4229 605.3992 605.3756 605.3467 605.3138 605.2819 605.2552 605.2213 605.1874 605.1646 605.1299 605.0947 605.0596 605.0245 604.9101 604.6387 604.3585 604.0791 603.8114 603.5402 603.255 602.9852 602.726 602.4657 602.2002 601.9285 601.6463 601.3519 601.0637 600.8055 600.5455 600.2848 599.6815 599.1835 598.969 598.837 598.7385 598.675 598.657 598.665 598.691 598.7433 598.8165 598.8915 598.9755 599.075 599.1645 599.281 599.3845 599.468 599.569 599.7195 600.016 600.1882 600.3622 600.528 600.6735 600.8167
605.5446 605.521 605.4974 605.4737 605.4501 605.4265 605.4028 605.3792 605.3555 605.3306 605.2977 605.2648 605.2382 605.2043 605.1704 605.1428 605.1115 605.0764 605.0411 604.9785 604.6923 604.4063 604.1365 603.8562 603.5779 603.3088 603.0273 602.7489 602.4777 602.2185 601.9581 601.6987 601.4266 601.1472 600.8599 600.5579 600.2978 599.661 599.227 599.0175 598.8995 598.777 598.704 598.675 598.681 598.7005 598.7465 598.812 598.9 598.9845 599.085 599.2 599.3005 599.4015 599.524 599.612 599.8575 600.1374 600.3254 600.5015 600.6823 600.8481 601.0007 601.1418
605.5245 605.5009 605.4773 605.4536 605.43 605.4064 605.3828 605.3591 605.3354 605.3118 605.2815 605.2486 605.2166 605.1873 605.1534 605.1195 605.0931 605.058 605.03 604.7619 604.4774 604.1885 603.9025 603.6299 603.3539 603.0767 602.8005 602.5146 602.2428 601.9701 601.711 601.4505 601.1916 600.9246 600.648 600.3646 599.7525 599.316 599.073 598.9265 598.8215 598.739 598.7035 598.6995 598.713 598.7549 598.828 598.899 599.01 599.1035 599.2135 599.3285 599.4375 599.55 599.657 600.0045 600.2012 600.421 600.6311 600.8191 600.9904 601.1682 601.3318 601.474
605.5045 605.4808 605.4572 605.4335 605.4099 605.3863 605.3627 605.339 605.3154 605.2917 605.2653 605.2324 605.1995 605.1703 605.1364 605.1025 605.0723 605.041 604.7805 604.5224 604.2606 603.9763 603.6909 603.3986 603.1221 602.8517 602.5754 602.2928 602.002 601.7367 601.4628 601.2034 600.9429 600.6838 600.4225 599.807 599.371 599.169 598.9795 598.87 598.786 598.738 598.722 598.7305 598.7667 598.8335 598.913 598.994 599.11 599.2115 599.3325 599.474 599.574 599.7445 600.087 600.2874 600.4939 600.7036 600.9233 601.1248 601.3108 601.4848 601.654 601.8011
605.4844 605.4608 605.4371 605.4135 605.3898 605.3662 605.3426 605.3189 605.2953 605.2717 605.248 605.2162 605.1833 605.1514 605.1194 605.0856 605.0517 604.8315 604.5502 604.2736 604.0145 603.7556 603.4752 603.1907 602.8948 602.6143 602.3495 602.0743 601.7902 601.501 601.226 600.9555 600.6957 600.4353 599.9525 599.447 599.2289 599.04 598.922 598.8375 598.7735 598.7515 598.754 598.7824 598.8435 598.919 598.9965 599.1015 599.2191 599.3295 599.478 599.6015 599.7925 600.1485 600.3475 600.5827 600.7892 600.9958 601.2061 601.4258 601.6185 601.7939 601.9741 602.1337
605.4643 605.4407 605.4171 605.3934 605.3698 605.3461 605.3225 605.2988 605.2752 605.2516 605.228 605.2001 605.1672 605.1343 605.1025 605.0686 604.897 604.6125 604.3352 604.0538 603.7794 603.5062 603.2484 602.9739 602.6896 602.393 602.1066 601.8472 601.5731 601.289 601.0001 600.7131 600.4482 600.1065 599.5115 599.2995 599.1305 598.9845 598.8925 598.82 598.788 598.785 598.8105 598.8596 598.929 599.017 599.1055 599.2225 599.3495 599.487 599.622 599.8275 600.2142 600.4346 600.6407 600.85 601.0847 601.2912 601.4966 601.7084 601.9221 602.1122 602.287 602.46
605.4442 605.4206 605.397 605.3733 605.3497 605.326 605.3024 605.2787 605.2551 605.2315 605.2079 605.1839 605.151 605.118 605.0855 604.965 604.6804 604.3958 604.1113 603.8388 603.5575 603.2793 602.9987 602.7408 602.4726 602.1885 601.8972 601.6012 601.3414 601.0718 600.7878 600.4991 600.1555 599.6275 599.3595 599.2015 599.042 598.9555 598.8785 598.8325 598.822 598.8344 598.875 598.9435 599.014 599.12 599.2265 599.3705 599.4985 599.6295 599.886 600.2307 600.4752 600.7159 600.934 601.1402 601.3566 601.5865 601.7931 601.9968 602.2109 602.418 602.6007 602.78
605.4241 605.4005 605.3769 605.3532 605.3296 605.306 605.2823 605.2587 605.235 605.2114 605.1878 605.1641 605.1348 605.1019 605.0232 604.7428 604.4669 604.1792 603.8947 603.6101 603.3409 603.0611 602.7798 602.4917 602.2332 601.9713 601.6872 601.4015 601.0974 600.8343 600.5706 600.3135 599.737 599.444 599.267 599.1255 599.012 598.939 598.8805 598.861 598.8661 598.8915 598.9345 599.024 599.1245 599.2525 599.362 599.481 599.6245 599.8535 600.2443 600.4913 600.7382 600.983 601.2177 601.4334 601.6396 601.8629 602.0885 602.2949 602.4969 602.7133 602.9117 603.0905
605.4041 605.3804 605.3568 605.3331 605.3095 605.2859 605.2623 605.2386 605.215 605.1913 605.1677 605.144 605.1186 605.0786 604.7941 604.5199 604.2395 603.9673 603.678 603.3934 603.1089 602.8396 602.5647 602.2834 601.9932 601.7255 601.4668 601.1859 600.9018 600.5993 600.3265 599.81 599.535 599.352 599.2145 599.0775 598.999 598.94 598.9115 598.91 598.9335 598.974 599.041 599.142 599.2415 599.373 599.5115 599.663 599.8655 600.2609 600.5069 600.7522 600.9992 601.2457 601.4908 601.7195 601.9329 602.1407 602.3692 602.5904 602.7955 602.9969 603.2108 603.4055
605.385 605.3616 605.3383 605.3149 605.2915 605.2681 605.2448 605.2214 605.198 605.1746 605.1512 605.1279 605.1085 604.8506 604.5774 604.2928 604.0167 603.7363 603.4659 603.1851 602.8923 602.6077 602.3383 602.0684 601.787 601.4995 601.2179 600.9598 600.6846 600.4005 599.795 599.607 599.4295 599.277 599.1575 599.0725 599.004 598.9655 598.9515 598.9635 599.0085 599.071 599.165 599.26 599.37 599.526 599.676 599.9175 600.2739 600.5212 600.7691 601.015 601.2601 601.5071 601.7532 601.9941 602.2213 602.4323 602.6425 602.8756 603.0923 603.2963 603.4984 603.7067
605.3788 605.3555 605.3321 605.3087 605.2853 605.262 605.2386 605.2152 605.1918 605.1685 605.1451 605.1216 604.9077 604.6232 604.3488 604.0817 603.7917 603.5104 603.233 602.9644 602.6883 602.3911 602.1064 601.8365 601.572 601.2906 601.0058 600.7103 600.4529 599.931 599.6935 599.5085 599.369 599.236 599.1425 599.0645 599.023 599.005 599.012 599.0395 599.0905 599.1625 599.2685 599.381 599.532 599.6715 599.871 600.2878 600.5352 600.7824 601.0295 601.2773 601.5232 601.7681 602.0151 602.2607 602.4966 602.723 602.9318 603.1442 603.382 603.5938 603.7964 604.0008
605.377 605.3531 605.3293 605.3054 605.2815 605.2576 605.2338 605.2099 605.186 605.1621 605.1382 604.9772 604.6843 604.4037 604.1219 603.847 603.583 603.2905 603.0059 602.7297 602.463 602.1896 601.8992 601.6053 601.3346 601.0756 600.7943 600.5121 600.0385 599.752 599.5655 599.429 599.3085 599.207 599.1355 599.0865 599.0605 599.0545 599.077 599.1275 599.193 599.2715 599.3925 599.517 599.6465 599.849 600.3009 600.5488 600.7962 601.0438 601.291 601.5379 601.7856 602.0313 602.276 602.523 602.7682 602.999 603.2248 603.4324 603.646 603.8884 604.0945 604.2965
605.368 605.3441 605.3203 605.2963 605.2725 605.2486 605.2247 605.2009 605.1769 605.1531 605.0446 604.7694 604.4764 604.1834 603.8968 603.6207 603.3452 603.0843 602.796 602.5047 602.2265 601.9615 601.6909 601.4081 601.1044 600.8327 600.576 600.216 599.814 599.6455 599.4895 599.3875 599.279 599.205 599.1415 599.1125 599.108 599.124 599.1555 599.209 599.298 599.419 599.5305 599.6625 599.866 600.3143 600.5621 600.8098 601.0576 601.3046 601.5523 601.7996 602.0462 602.2939 602.5395 602.7841 603.0308 603.2758 603.5014 603.7245 603.9342 604.1521 604.3916 604.5952
605.3589 605.3351 605.3112 605.2873 605.2634 605.2396 605.2157 605.1918 605.1679 605.1017 604.8258 604.5385 604.2686 603.9755 603.6826 603.3898 603.1196 602.8434 602.5856 602.303 602.0035 601.7232 601.46 601.1923 600.9096 600.6133 600.381 599.8865 599.7035 599.56 599.438 599.346 599.268 599.2035 599.1685 599.1566 599.1635 599.189 599.257 599.323 599.414 599.5285 599.662 599.882 600.2989 600.5726 600.8177 601.0709 601.3187 601.5664 601.813 602.0609 602.3082 602.5545 602.8021 603.0475 603.2924 603.5387 603.7836 604.0038 604.2239 604.436 604.6581 604.7925
605.3594 605.3342 605.309 605.2837 605.2584 605.2332 605.2079 605.1827 605.1159 604.852 604.5891 604.3197 604.0323 603.7651 603.4747 603.1817 602.8887 602.6183 602.3416 602.0858 601.8044 601.5101 601.22 600.9586 600.6935 600.4109 599.928 599.7775 599.614 599.4925 599.4095 599.328 599.2565 599.2225 599.2045 599.2075 599.2335 599.2885 599.3435 599.4265 599.553 599.6775 599.841 600.2535 600.5204 600.8 601.076 601.3212 601.58 601.8276 602.0752 602.3217 602.5695 602.8168 603.0627 603.3104 603.5556 603.8007 604.0465 604.2874 604.5062 604.7242 604.8087 604.7678
605.3625 605.3356 605.3086 605.2816 605.2546 605.2277 605.2007 605.1793 604.908 604.615 604.3508 604.0762 603.8127 603.5262 603.258 602.9738 602.6808 602.3878 602.1149 601.8398 601.5844 601.3057 601.019 600.7165 600.4572 599.964 599.825 599.6875 599.5515 599.4525 599.3795 599.3125 599.271 599.2488 599.2515 599.2695 599.3105 599.372 599.4635 599.5535 599.683 599.8405 600.2135 600.5012 600.7492 601.0216 601.3012 601.5796 601.8246 602.0848 602.3365 602.584 602.8304 603.0779 603.3254 603.571 603.8187 604.0636 604.3089 604.5543 604.7898 604.8292 604.7927 604.7562
