samples/sfe_81/sfe_81_r3/sfe_81_r3/sfe_81_r3.asc
ncols         249
nrows         120
xllcorner     84.60000000149
yllcorner     40
cellsize      1
NODATA_value  -9999
[rows 84 to 111 of 120, columns 0 to 63 of 249]
-9999 -9999 -9999 -9999 606.3378 606.2763 606.2133 606.149 606.0909 606.0346 605.8932 605.6084 605.3381 605.0787 604.8187 604.5502 604.27 604.0107 603.7529 603.4952 603.2393 602.9811 602.7228 602.4656 602.2076 601.9495 601.6909 601.4381 601.2265 600.3965 600.1605 599.9915 599.899 599.8515 599.8445 599.865 599.9059 599.9529 600.0155 600.0848 600.151 600.241 600.3355 600.416 600.481 600.545 600.6205 600.6535 600.68 600.698 600.701 600.711 600.6935 600.678 600.6435 600.6115 600.5665 600.5115 600.4445 600.362 600.2815 600.1975 600.0395 599.91
-9999 -9999 -9999 -9999 606.3811 606.3176 606.2564 606.1899 606.1318 606.0746 606.0181 605.8457 605.5866 605.3267 605.053 604.7728 604.5134 604.2556 603.998 603.7419 603.4838 603.2255 602.9686 602.7106 602.4528 602.1942 601.944 601.6854 601.4241 601.2125 600.4085 600.1295 599.975 599.8815 599.84 599.8315 599.8475 599.886 599.9345 600.0075 600.065 600.136 600.2115 600.2925 600.3735 600.4385 600.489 600.517 600.5421 600.568 600.57 600.5695 600.5675 600.534 600.498 600.4645 600.4265 600.358 600.2915 600.223 600.136 600.0325 599.934 599.783
-9999 -9999 -9999 -9999 606.4263 606.3589 606.2981 606.2319 606.1727 606.1145 606.0587 606.0012 605.8346 605.5559 605.2757 605.016 604.7582 604.5009 604.2446 603.9865 603.7281 603.4715 603.2136 602.9559 602.6975 602.4465 602.1943 601.933 601.6995 601.4805 601.2513 600.3805 600.1415 599.95 599.8725 599.818 599.812 599.8295 599.8615 599.909 599.96 600.038 600.0992 600.188 600.2465 600.307 600.3775 600.3955 600.413 600.4255 600.427 600.4255 600.4205 600.3865 600.3625 600.3145 600.276 600.2055 600.1365 600.0665 599.9935 599.909 599.7765 599.635
-9999 -9999 -9999 -9999 -9999 606.4005 606.3394 606.275 606.2136 606.1554 606.0994 606.0422 605.981 605.7786 605.5186 605.2609 605.0037 604.7469 604.4892 604.2308 603.9745 603.7165 603.4592 603.2007 602.9491 602.7032 602.4419 602.1964 601.9835 601.7544 601.4993 601.238 600.614 600.1335 599.94 599.844 599.8005 599.789 599.8015 599.8375 599.8755 599.9445 600 600.0665 600.1329 600.2075 600.249 600.2675 600.2835 600.292 600.2925 600.286 600.276 600.246 600.234 600.1655 600.1295 600.0715 599.9985 599.9455 599.8345 599.764 599.657 599.5165
-9999 -9999 -9999 -9999 -9999 606.4437 606.3807 606.3181 606.2544 606.1963 606.1401 606.0828 606.0222 605.9697 605.7637 605.5065 605.2493 604.9919 604.7336 604.4774 604.2195 603.9624 603.704 603.4516 603.2122 602.9508 602.6988 602.4847 602.2574 602.0088 601.7474 601.5185 601.2958 600.7925 600.1755 599.947 599.834 599.776 599.76 599.775 599.806 599.841 599.896 599.9655 600.032 600.0925 600.1135 600.138 600.1505 600.1535 600.1645 600.1485 600.131 600.123 600.0865 600.0515 599.976 599.9375 599.866 599.7885 599.7134 599.6055 599.5121 599.3865
-9999 -9999 -9999 -9999 -9999 606.4869 606.4221 606.3611 606.2953 606.2372 606.1808 606.1235 606.0634 606.0101 605.959 605.7521 605.4946 605.2365 604.9804 604.7224 604.4656 604.2073 603.9542 603.7212 603.4597 603.2031 602.9833 602.7605 602.5184 602.2569 602.0223 601.7996 601.5747 601.3447 601.1535 600.1565 599.937 599.822 599.751 599.7295 599.7405 599.7635 599.8115 599.862 599.923 599.9675 599.9885 600.007 600.0215 600.0225 600.019 600.016 599.988 599.9765 599.9405 599.902 599.8455 599.7895 599.7135 599.6437 599.563 599.484 599.3745 599.2625
-9999 -9999 -9999 -9999 -9999 -9999 606.4634 606.4026 606.3366 606.278 606.2214 606.1642 606.1045 606.0505 605.9993 605.9478 605.7394 605.4833 605.2253 604.9689 604.7106 604.4567 604.2278 603.9686 603.7084 603.4802 603.2636 603.028 602.7664 602.5259 602.3035 602.0807 601.8496 601.6326 601.4157 601.1986 600.4305 599.96 599.8035 599.723 599.697 599.7075 599.7265 599.7655 599.8305 599.8345 599.869 599.8825 599.881 599.8825 599.8765 599.8755 599.8555 599.8335 599.7945 599.754 599.7115 599.638 599.5835 599.4825 599.4105 599.3365 599.219 599.1395
-9999 -9999 -9999 -9999 -9999 -9999 606.5062 606.4439 606.3797 606.3189 606.2614 606.2049 606.1457 606.0909 606.0395 605.988 605.9345 605.7283 605.4721 605.2139 604.9592 604.7303 604.4775 604.2164 603.9813 603.7645 603.5375 603.2758 603.0292 602.8073 602.5846 602.3533 602.1375 601.9207 601.7037 601.4866 601.2772 601.1185 600.1475 599.79 599.6975 599.662 599.6595 599.6825 599.7115 599.7265 599.7375 599.7485 599.7475 599.759 599.7585 599.734 599.724 599.692 599.652 599.609 599.572 599.496 599.436 599.3765 599.279 599.2085 599.1155 599.0065
-9999 -9999 -9999 -9999 -9999 -9999 606.5495 606.4852 606.4228 606.3598 606.3016 606.2455 606.1868 606.1312 606.0797 606.0283 605.9747 605.9237 605.7172 605.4617 605.2328 604.9865 604.725 604.4855 604.2643 604.0406 603.7852 603.5325 603.3111 603.0884 602.8564 602.6423 602.4254 602.2089 601.9918 601.7794 601.572 601.3851 601.2032 600.7905 599.831 599.684 599.63 599.619 599.625 599.6205 599.6305 599.6375 599.6395 599.6385 599.6295 599.6035 599.5909 599.5515 599.5155 599.4765 599.4315 599.3795 599.3165 599.239 599.168 599.0695 598.986 598.91
-9999 -9999 -9999 -9999 -9999 -9999 -9999 606.5265 606.4657 606.4007 606.3425 606.2863 606.228 606.1716 606.1201 606.0685 606.0149 605.964 605.9118 605.7354 605.4954 605.2337 604.9897 604.764 604.5436 604.2947 604.0359 603.8145 603.5922 603.3618 603.1471 602.9301 602.7141 602.4969 602.2814 602.0742 601.8748 601.7004 601.508 601.3337 601.1455 600.631 599.6995 599.6185 599.5724 599.555 599.5405 599.539 599.529 599.5215 599.5115 599.49 599.464 599.4265 599.4055 599.348 599.305 599.26 599.1935 599.1245 599.0515 598.9855 598.915 598.839
-9999 -9999 -9999 -9999 -9999 -9999 -9999 606.5688 606.507 606.4416 606.3834 606.3269 606.2692 606.212 606.1605 606.1088 606.0552 606.0042 605.9521 605.905 605.7424 605.494 605.2638 605.0442 604.8041 604.5444 604.3177 604.0961 603.8672 603.6508 603.4349 603.219 603.0021 602.783 602.5765 602.3693 602.1841 602.0066 601.821 601.6444 601.4504 601.2964 601.1475 600.8165 599.858 599.589 599.5205 599.4885 599.465 599.439 599.418 599.4 599.3655 599.345 599.3075 599.2685 599.2115 599.1665 599.105 599.0465 598.995 598.9345 598.903 598.8925
-9999 -9999 -9999 -9999 -9999 -9999 -9999 606.6121 606.5483 606.4844 606.4243 606.3676 606.3104 606.252 606.2009 606.1491 606.0956 606.0444 605.9924 605.9465 605.903 605.768 605.5441 605.3136 605.0539 604.8211 604.5997 604.3734 604.1517 603.9398 603.7237 603.5073 603.2875 603.0787 602.8713 602.6766 602.5001 602.3113 602.1359 601.9493 601.7728 601.6219 601.4764 601.3204 601.1978 601.0742 600.777 600.276 599.5155 599.47 599.422 599.375 599.325 599.2955 599.258 599.218 599.1735 599.1425 599.104 599.0854 599.0595 599.335 600.073 600.8445
-9999 -9999 -9999 -9999 -9999 -9999 -9999 -9999 606.5897 606.5275 606.4652 606.4083 606.351 606.292 606.2413 606.1893 606.136 606.0847 606.0328 605.988 605.9445 605.8975 605.8231 605.5634 605.3245 605.103 604.881 604.6549 604.4446 604.2283 604.0124 603.7935 603.5803 603.3735 603.167 602.9832 602.8099 602.6265 602.4483 602.2563 602.0983 601.948 601.8054 601.6569 601.5356 601.4115 601.3037 601.2075 601.092 601.0072 600.9775 600.7105 600.3055 600.155 600.1315 600.1065 600.0811 600.622 600.607 600.8969 600.9541 601.0211 601.0931 601.1883
-9999 -9999 -9999 -9999 -9999 -9999 -9999 -9999 606.6314 606.5701 606.506 606.4482 606.3917 606.332 606.2816 606.2296 606.1764 606.125 606.0731 606.0294 605.986 605.9379 605.8928 605.8278 605.6063 605.3848 605.1603 604.9483 604.733 604.5173 604.2993 604.0818 603.8758 603.6687 603.4711 603.2998 603.1147 602.9326 602.7532 602.5753 602.4238 602.2771 602.1218 601.9908 601.8724 601.7468 601.6489 601.5469 601.4378 601.3607 601.301 601.2467 601.2076 601.1948 601.1853 601.1746 601.1683 601.1789 601.213 601.2533 601.305 601.3751 601.4445 601.5321
-9999 -9999 -9999 -9999 -9999 -9999 -9999 -9999 606.6746 606.6115 606.5469 606.4888 606.4324 606.3725 606.3217 606.2699 606.2168 606.1653 606.1144 606.0709 606.0275 605.9791 605.934 605.89 605.851 605.6656 605.4492 605.2377 605.022 604.8052 604.5833 604.3777 604.1708 603.9702 603.7829 603.6133 603.432 603.249 603.0626 602.9002 602.7482 602.6061 602.4535 602.3323 602.209 602.09 601.994 601.8825 601.7835 601.7142 601.6562 601.6018 601.5669 601.5488 601.5393 601.5291 601.5293 601.5359 601.5699 601.6097 601.6567 601.7289 601.7958 601.8784
-9999 -9999 -9999 -9999 -9999 -9999 -9999 -9999 -9999 606.6528 606.5891 606.5297 606.4731 606.4136 606.3618 606.3102 606.2572 606.2056 606.1559 606.1124 606.067 606.0204 605.976 605.9319 605.8931 605.8514 605.7424 605.5267 605.3107 605.088 604.8792 604.6729 604.4664 604.2664 604.0995 603.9193 603.7329 603.5571 603.3815 603.2256 603.0777 602.9241 602.7898 602.6701 602.5464 602.4354 602.3391 602.2249 602.1317 602.0677 602.0113 601.9569 601.9268 601.9028 601.8933 601.8835 601.8887 601.8926 601.9269 601.9662 602.0102 602.0808 602.1465 602.2258
-9999 -9999 -9999 -9999 -9999 -9999 -9999 -9999 -9999 606.6941 606.6322 606.5706 606.5137 606.4548 606.4019 606.3505 606.2976 606.2459 606.1974 606.1539 606.1073 606.0616 606.0178 605.978 605.9394 605.8997 605.8553 605.8157 605.5938 605.3807 605.1751 604.9681 604.7659 604.5826 604.4161 604.2277 604.0494 603.8688 603.7021 603.5485 603.4067 603.2528 603.1193 603.007 602.8766 602.7805 602.6788 602.5713 602.4833 602.4212 602.3664 602.3122 602.2861 602.2569 602.2474 602.238 602.2433 602.2488 602.284 602.3227 602.3657 602.4317 602.4996 602.5764
-9999 -9999 -9999 -9999 -9999 -9999 -9999 -9999 -9999 606.7372 606.6746 606.6115 606.5544 606.496 606.442 606.3907 606.338 606.2863 606.2388 606.1954 606.148 606.1028 606.0596 606.0282 605.9857 605.9473 605.902 605.861 605.8168 605.6766 605.4702 605.2642 605.0656 604.8992 604.7248 604.5332 604.361 604.1877 604.0275 603.8781 603.7263 603.5873 603.4628 603.344 603.2206 603.1257 603.0144 602.9171 602.8363 602.7747 602.7216 602.6679 602.6447 602.6109 602.6014 602.5925 602.598 602.605 602.641 602.679 602.7211 602.7834 602.8536 602.9277
-9999 -9999 -9999 -9999 -9999 -9999 -9999 -9999 -9999 -9999 606.7159 606.6523 606.5951 606.5372 606.4821 606.431 606.3784 606.3265 606.2803 606.2368 606.1892 606.1456 606.1015 606.0745 606.0366 605.994 605.9568 605.9115 605.8696 605.8267 605.7659 605.5605 605.3823 605.2158 605.0234 604.8497 604.675 604.5065 604.3487 604.2074 604.0539 603.9183 603.8046 603.6764 603.5663 603.4708 603.3573 603.2629 603.1893 603.1291 603.0767 603.0237 603.0031 602.9649 602.9554 602.947 602.9526 602.9622 602.998 603.0352 603.0773 603.1355 603.2075 603.2791
-9999 -9999 -9999 -9999 -9999 -9999 -9999 -9999 -9999 -9999 606.7573 606.6938 606.6351 606.5783 606.5225 606.4713 606.4188 606.3668 606.3218 606.2768 606.2304 606.1874 606.1537 606.1207 606.0848 606.0406 606.0074 605.9647 605.9246 605.8813 605.8376 605.7903 605.6989 605.5238 605.3335 605.1648 604.9939 604.8294 604.6783 604.5286 604.3843 604.2479 604.1416 604.0063 603.912 603.8101 603.7036 603.6125 603.5424 603.4844 603.4318 603.3794 603.3569 603.3189 603.3094 603.3015 603.3072 603.3221 603.355 603.3914 603.4337 603.4876 603.5584 603.6296
-9999 -9999 -9999 -9999 -9999 -9999 -9999 -9999 -9999 -9999 606.7998 606.7369 606.676 606.6192 606.5628 606.5115 606.4593 606.4072 606.3633 606.3171 606.2717 606.2292 606.2075 606.167 606.1326 606.0902 606.058 606.0186 605.9785 605.9384 605.8945 605.8486 605.8135 605.768 605.65 605.4812 605.3127 605.1492 605.008 604.8549 604.7173 604.5921 604.4763 604.3511 604.2573 604.1464 604.05 603.9632 603.8956 603.8398 603.7869 603.7352 603.7108 603.6727 603.6636 603.6559 603.6618 603.6826 603.7114 603.7476 603.7902 603.84 603.9102 603.9801
-9999 -9999 -9999 -9999 -9999 -9999 -9999 -9999 -9999 -9999 -9999 606.7791 606.7168 606.6599 606.6032 606.5518 606.4996 606.4482 606.4048 606.358 606.3152 606.2751 606.2558 606.2197 606.1793 606.1492 606.1086 606.0714 606.0371 605.9944 605.9526 605.9148 605.8773 605.8309 605.7904 605.751 605.6315 605.4785 605.3309 605.1853 605.0469 604.9373 604.8062 604.6971 604.6025 604.4897 604.3964 604.314 604.2491 604.1951 604.1422 604.0909 604.0647 604.0265 604.0179 604.0104 604.0164 604.043 604.0676 604.1038 604.1466 604.1955 604.2623 604.3321
-9999 -9999 -9999 -9999 -9999 -9999 -9999 -9999 -9999 -9999 -9999 606.8204 606.7577 606.7006 606.6436 606.592 606.5398 606.4897 606.4462 606.3993 606.3571 606.3293 606.3021 606.27 606.226 606.2045 606.1623 606.1304 606.0917 606.0536 606.0124 605.9785 605.941 605.8958 605.8599 605.8183 605.7804 605.7399 605.6559 605.5163 605.3765 605.2761 605.1361 605.0427 604.9413 604.8359 604.7427 604.667 604.6027 604.5505 604.498 604.4485 604.4185 604.3802 604.3721 604.3649 604.3711 604.403 604.4238 604.4601 604.5029 604.551 604.6144 604.6851
-9999 -9999 -9999 -9999 -9999 -9999 -9999 -9999 -9999 -9999 -9999 606.8624 606.7986 606.7413 606.684 606.6323 606.58 606.5312 606.4866 606.4405 606.3989 606.3834 606.3483 606.3179 606.2806 606.2551 606.2205 606.1843 606.1503 606.113 606.0707 606.0449 606.0048 605.967 605.9293 605.8895 605.8552 605.8176 605.777 605.7371 605.712 605.606 605.4816 605.3883 605.2783 605.1822 605.0933 605.02 604.9572 604.9059 604.8537 604.8074 604.7724 604.734 604.7264 604.7193 604.7257 604.7632 604.78 604.8171 604.8591 604.9064 604.9665 605.0369
-9999 -9999 -9999 -9999 -9999 -9999 -9999 -9999 -9999 -9999 -9999 -9999 606.8416 606.7819 606.7241 606.6726 606.6203 606.5727 606.5269 606.4848 606.4507 606.4371 606.4012 606.3646 606.3398 606.3057 606.2732 606.2442 606.2081 606.1699 606.1394 606.1102 606.0685 606.035 605.9987 605.9659 605.9308 605.8953 605.856 605.8176 605.7834 605.7456 605.7164 605.6905 605.6222 605.5286 605.444 605.373 605.3126 605.2612 605.2095 605.1666 605.1263 605.0878 605.0806 605.0738 605.0803 605.1178 605.1362 605.1739 605.2153 605.2618 605.3185 605.389
-9999 -9999 -9999 -9999 -9999 -9999 -9999 -9999 -9999 -9999 -9999 -9999 606.8835 606.8222 606.7641 606.7129 606.6606 606.6141 606.5681 606.5267 606.5051 606.4834 606.4551 606.4121 606.3986 606.36 606.3343 606.3022 606.2666 606.2345 606.2087 606.1787 606.1323 606.1095 606.0681 606.0428 606.0046 605.973 605.9383 605.9035 605.8674 605.8348 605.8068 605.7789 605.7448 605.7151 605.6865 605.6613 605.6541 605.6166 605.5652 605.5261 605.4802 605.4416 605.4349 605.4283 605.4349 605.4724 605.4924 605.5301 605.5715 605.5635 605.569 605.5764
-9999 -9999 -9999 -9999 -9999 -9999 -9999 -9999 -9999 -9999 -9999 -9999 606.9249 606.8631 606.8051 606.7532 606.7009 606.6556 606.6093 606.5725 606.5587 606.5297 606.5032 606.4711 606.4521 606.4214 606.3901 606.3593 606.3315 606.2928 606.2725 606.2425 606.2059 606.1806 606.1455 606.1177 606.0823 606.0507 606.0188 605.9871 605.9513 605.924 605.8972 605.8703 605.8386 605.81 605.7835 605.7603 605.7429 605.7207 605.7103 605.688 605.6758 605.6689 605.6622 605.6552 605.6474 605.6406 605.6447 605.6449 605.6464 605.6505 605.6559 605.6621
-9999 -9999 -9999 -9999 -9999 -9999 -9999 -9999 -9999 -9999 -9999 -9999 -9999 606.904 606.8463 606.7934 606.7413 606.6965 606.6545 606.6266 606.6128 606.5825 606.5499 606.5302 606.5027 606.475 606.4492 606.4218 606.3883 606.3613 606.3414 606.3063 606.28 606.2501 606.217 606.1925 606.1639 606.1295 606.0993 606.0707 606.0353 606.0132 605.9875 605.9612 605.9325 605.9048 605.8806 605.8593 605.843 605.8208 605.811 605.7887 605.7775 605.7697 605.7625 605.7546 605.7461 605.7386 605.7399 605.7397 605.7387 605.7399 605.7428 605.7495
