SIN0=(0.6531148480081548,1.0,-2.72,MASK0)
SIN1=(1.069795219611903,2.0,2.26,MASK0)
SIN2=(0.33271906547758795,3.0,-0.99,MASK0)
SIN3=(0.36731655562256116,4.0,-0.58,MASK0)
SIN4=(0.5859132353129878,5.0,2.46,MASK0)
SIN5=(0.1444487227355002,6.0,-1.87,MASK0)
SIN6=(0.3542838012771037,7.0,0.47,MASK0)
SIN7=(0.37664511621884084,8.0,-2.93,MASK0)
SIN8=(0.35007579216062096,8.5,-0.03,MASK0)
SIN9=(0.15322304963518762,10.0,-0.07,MASK0)
SIN10=(0.35428380127710374,7.0,0.47,MASK0)
SIN11=(0.14444872273550013,6.0,-1.87,MASK0)
SIN12=(0.5859132353129879,5.0,2.46,MASK0)
SIN13=(0.36731655562256116,4.0,-0.58,MASK0)
SIN14=(0.33271906547758795,3.0,-0.99,MASK0)
SIN15=(1.069795219611903,2.0,2.26,MASK0)
SIN16=(0.6531148480081548,1.0,-2.72,MASK0)

