SIN0=(0.43162239254966905,2.0,1.38,MASK0)
SIN1=(0.31209014561130594,3.0,-2.44,MASK0)
SIN2=(0.11714739521889342,4.0,1.33,MASK0)
SIN3=(0.05946705321767659,7.0,-3.1,MASK0)
SIN4=(0.07951718555854007,5.0,2.04,MASK0)
SIN5=(0.312090145611306,3.0,-2.44,MASK0)
SIN6=(0.43162239254966916,2.0,1.38,MASK0)
SIN7=(0.2464635310443547,1.0,0.5,MASK0)

