SIN0=(0.03016624799784221,1.0,-2.75,MASK0)
SIN1=(0.05742596061671566,2.0,0.53,MASK0)
SIN2=(0.10357604869202913,3.0,-0.43,MASK0)
SIN3=(0.03382824813054157,4.0,-0.57,MASK0)
SIN4=(0.0316582775675837,5.0,0.76,MASK0)
SIN5=(0.045816984422119775,6.0,-2.09,MASK0)
SIN6=(0.04335133745273666,7.0,2.44,MASK0)
SIN7=(0.039746437528261166,8.0,-2.51,MASK0)
SIN8=(0.08978442303607179,9.0,0.32,MASK0)
SIN9=(0.024558263578199624,9.5,2.37,MASK0)
SIN10=(0.04574230374394846,11.5,0.7,MASK0)
SIN11=(0.019309892867653215,12.5,0.44,MASK0)
SIN12=(0.017898001244968858,14.5,-0.53,MASK0)
SIN13=(0.046719067263795475,16.5,0.29,MASK0)
SIN14=(0.008647001113412385,17.5,2.66,MASK0)
SIN15=(0.03752073569512627,19.5,3.08,MASK0)
SIN16=(0.02227782647576662,20.5,-0.01,MASK0)
SIN17=(0.011186533192324252,25.5,3.11,MASK0)
SIN18=(0.024227120314456903,27.5,-0.01,MASK0)
SIN19=(0.01118653319232426,25.5,3.11,MASK0)
SIN20=(0.02080234707973196,23.5,2.43,MASK0)
SIN21=(0.02591092459192368,18.5,0.06,MASK0)
SIN22=(0.008647001113412389,17.5,2.66,MASK0)
SIN23=(0.027503550468333596,15.5,0.22,MASK0)
SIN24=(0.01789800124496886,14.5,-0.53,MASK0)
SIN25=(0.019309892867653222,12.5,0.44,MASK0)
SIN26=(0.07036213801098898,10.5,-2.93,MASK0)
SIN27=(0.024558263578199627,9.5,2.37,MASK0)
SIN28=(0.08978442303607179,9.0,0.32,MASK0)
SIN29=(0.03974643752826115,8.0,-2.51,MASK0)
SIN30=(0.04335133745273666,7.0,2.44,MASK0)
SIN31=(0.045816984422119775,6.0,-2.09,MASK0)
SIN32=(0.03165827756758371,5.0,0.76,MASK0)
SIN33=(0.033828248130541555,4.0,-0.57,MASK0)
SIN34=(0.10357604869202913,3.0,-0.43,MASK0)
SIN35=(0.05742596061671564,2.0,0.53,MASK0)
SIN36=(0.03016624799784219,1.0,-2.75,MASK0)

