SIN0=(0.2128437520755651,1.0,-0.17,MASK0)
SIN1=(0.2229324111750179,2.0,-0.87,MASK0)
SIN2=(0.05306296371719511,3.0,0.64,MASK0)
SIN3=(0.06034920947744195,5.0,-0.81,MASK0)
SIN4=(0.03399393505962364,6.0,-0.23,MASK0)
SIN5=(0.05525654398739237,8.0,-2.41,MASK0)
SIN6=(0.025834694406452377,9.5,-0.0,MASK0)
SIN7=(0.05525654398739234,8.0,-2.41,MASK0)
SIN8=(0.033993935059623635,6.0,-0.23,MASK0)
SIN9=(0.0530629637171951,3.0,0.64,MASK0)
SIN10=(0.21284375207556505,1.0,-0.17,MASK0)

