sfe316_gcs_analysis/sfe_316.asc
ncols         172
nrows         340
xllcorner     2908.4791835246
yllcorner     1865.7388911233
cellsize      1
NODATA_value  -9999
[rows 64 to 95 of 340, columns 71 to 141 of 172]
-9999 -9999 -9999 -9999 -9999 -9999 -9999 -9999 -9999 -9999 -9999 -9999 -9999 -9999 -9999 -9999 -9999 -9999 -9999 -9999 -9999 -9999 -9999 -9999 -9999 -9999 -9999 -9999 -9999 -9999 -9999 -9999 -9999 -9999 -9999 -9999 -9999 1004.69 1004.685 1004.681 1004.677 1004.672 1004.511 1004.029 1003.561 1003.092 1002.685 1002.23 1001.774 1001.294 1000.864 1000.476 1000.08 999.7496 999.6693 999.589 999.608 999.6673 999.7937 999.9201 999.9611 999.9905 1000.012 1000.018 1000.018 1000.018 1000.044 1000.161 1000.277 1000.371 1000.67
-9999 -9999 -9999 -9999 -9999 -9999 -9999 -9999 -9999 -9999 -9999 -9999 -9999 -9999 -9999 -9999 -9999 -9999 -9999 -9999 -9999 -9999 -9999 -9999 -9999 -9999 -9999 -9999 -9999 -9999 -9999 -9999 -9999 -9999 -9999 -9999 1004.693 1004.688 1004.684 1004.68 1004.675 1004.671 1004.338 1003.863 1003.395 1002.936 1002.521 1002.066 1001.61 1001.114 1000.726 1000.338 999.9278 999.7217 999.6414 999.5815 999.6157 999.7101 999.8365 999.9415 999.9709 1000 1000.017 1000.018 1000.018 1000.02 1000.084 1000.201 1000.311 1000.452 1000.784
-9999 -9999 -9999 -9999 -9999 -9999 -9999 -9999 -9999 -9999 -9999 -9999 -9999 -9999 -9999 -9999 -9999 -9999 -9999 -9999 -9999 -9999 -9999 -9999 -9999 -9999 -9999 -9999 -9999 -9999 -9999 -9999 -9999 -9999 -9999 -9999 1004.691 1004.687 1004.682 1004.678 1004.674 1004.63 1004.166 1003.698 1003.23 1002.794 1002.357 1001.902 1001.441 1000.975 1000.588 1000.2 999.7755 999.6937 999.6133 999.5892 999.6265 999.7529 999.8793 999.9514 999.9808 1000.008 1000.019 1000.019 1000.019 1000.021 1000.124 1000.241 1000.344 1000.566 1000.898
-9999 -9999 -9999 -9999 -9999 -9999 -9999 -9999 -9999 -9999 -9999 -9999 -9999 -9999 -9999 -9999 -9999 -9999 -9999 -9999 -9999 -9999 -9999 -9999 -9999 -9999 -9999 -9999 -9999 -9999 -9999 -9999 -9999 -9999 -9999 1004.694 1004.69 1004.685 1004.681 1004.677 1004.672 1004.482 1004.001 1003.533 1003.064 1002.649 1002.193 1001.738 1001.261 1000.837 1000.45 1000.057 999.746 999.6656 999.5853 999.5969 999.6693 999.7957 999.9221 999.9612 999.9907 1000.013 1000.019 1000.019 1000.02 1000.047 1000.164 1000.281 1000.377 1000.68 1001.012
-9999 -9999 -9999 -9999 -9999 -9999 -9999 -9999 -9999 -9999 -9999 -9999 -9999 -9999 -9999 -9999 -9999 -9999 -9999 -9999 -9999 -9999 -9999 -9999 -9999 -9999 -9999 -9999 -9999 -9999 -9999 -9999 -9999 -9999 -9999 1004.692 1004.688 1004.684 1004.679 1004.675 1004.671 1004.309 1003.835 1003.367 1002.903 1002.485 1002.029 1001.574 1001.087 1000.699 1000.312 999.9044 999.718 999.6376 999.5704 999.6045 999.7122 999.8386 999.9417 999.9711 1000 1000.019 1000.02 1000.02 1000.021 1000.087 1000.204 1000.317 1000.462 1000.794 1001.126
-9999 -9999 -9999 -9999 -9999 -9999 -9999 -9999 -9999 -9999 -9999 -9999 -9999 -9999 -9999 -9999 -9999 -9999 -9999 -9999 -9999 -9999 -9999 -9999 -9999 -9999 -9999 -9999 -9999 -9999 -9999 -9999 -9999 -9999 1004.695 1004.691 1004.687 1004.682 1004.678 1004.674 1004.616 1004.138 1003.67 1003.202 1002.761 1002.321 1001.865 1001.408 1000.949 1000.561 1000.174 999.7703 999.6899 999.6096 999.5781 999.6285 999.7549 999.8813 999.9516 999.981 1000.01 1000.021 1000.02 1000.02 1000.022 1000.127 1000.244 1000.35 1000.576 1000.908 1001.235
-9999 -9999 -9999 -9999 -9999 -9999 -9999 -9999 -9999 -9999 -9999 -9999 -9999 -9999 -9999 -9999 -9999 -9999 -9999 -9999 -9999 -9999 -9999 -9999 -9999 -9999 -9999 -9999 -9999 -9999 -9999 -9999 -9999 -9999 1004.694 1004.689 1004.685 1004.681 1004.676 1004.672 1004.453 1003.973 1003.505 1003.036 1002.612 1002.157 1001.701 1001.228 1000.811 1000.423 1000.033 999.7423 999.662 999.5817 999.5857 999.6714 999.7978 999.9242 999.9614 999.9908 1000.015 1000.021 1000.021 1000.021 1000.051 1000.167 1000.284 1000.383 1000.69 1001.022 1001.337
-9999 -9999 -9999 -9999 -9999 -9999 -9999 -9999 -9999 -9999 -9999 -9999 -9999 -9999 -9999 -9999 -9999 -9999 -9999 -9999 -9999 -9999 -9999 -9999 -9999 -9999 -9999 -9999 -9999 -9999 -9999 -9999 -9999 -9999 1004.692 1004.688 1004.684 1004.679 1004.675 1004.671 1004.28 1003.807 1003.339 1002.871 1002.448 1001.993 1001.538 1001.061 1000.673 1000.285 999.881 999.7143 999.634 999.5592 999.5934 999.7142 999.8406 999.9419 999.9713 1000.001 1000.02 1000.021 1000.021 1000.022 1000.091 1000.207 1000.323 1000.473 1000.805 1001.137 1001.439
-9999 -9999 -9999 -9999 -9999 -9999 -9999 -9999 -9999 -9999 -9999 -9999 -9999 -9999 -9999 -9999 -9999 -9999 -9999 -9999 -9999 -9999 -9999 -9999 -9999 -9999 -9999 -9999 -9999 -9999 -9999 -9999 -9999 1004.695 1004.691 1004.686 1004.682 1004.678 1004.673 1004.597 1004.11 1003.642 1003.174 1002.728 1002.284 1001.829 1001.374 1000.922 1000.535 1000.147 999.7666 999.6863 999.606 999.5669 999.6306 999.757 999.8834 999.9517 999.9811 1000.01 1000.022 1000.022 1000.022 1000.023 1000.131 1000.247 1000.356 1000.587 1000.919 1001.249 1001.575
-9999 -9999 -9999 -9999 -9999 -9999 -9999 -9999 -9999 -9999 -9999 -9999 -9999 -9999 -9999 -9999 -9999 -9999 -9999 -9999 -9999 -9999 -9999 -9999 -9999 -9999 -9999 -9999 -9999 -9999 -9999 -9999 -9999 1004.693 1004.689 1004.685 1004.681 1004.676 1004.672 1004.424 1003.945 1003.477 1003.008 1002.576 1002.12 1001.665 1001.195 1000.784 1000.397 1000.009 999.7386 999.6583 999.5779 999.5746 999.6734 999.7998 999.9262 999.9616 999.991 1000.017 1000.022 1000.022 1000.022 1000.054 1000.171 1000.287 1000.388 1000.701 1001.033 1001.351 1001.726
-9999 -9999 -9999 -9999 -9999 -9999 -9999 -9999 -9999 -9999 -9999 -9999 -9999 -9999 -9999 -9999 -9999 -9999 -9999 -9999 -9999 -9999 -9999 -9999 -9999 -9999 -9999 -9999 -9999 -9999 -9999 -9999 1004.696 1004.692 1004.688 1004.683 1004.679 1004.675 1004.67 1004.251 1003.779 1003.311 1002.843 1002.412 1001.957 1001.501 1001.034 1000.646 1000.259 999.8575 999.7106 999.6303 999.5499 999.5898 999.7162 999.8426 999.9421 999.9714 1000.001 1000.022 1000.023 1000.023 1000.023 1000.094 1000.211 1000.327 1000.483 1000.815 1001.147 1001.454 1001.876
-9999 -9999 -9999 -9999 -9999 -9999 -9999 -9999 -9999 -9999 -9999 -9999 -9999 -9999 -9999 -9999 -9999 -9999 -9999 -9999 -9999 -9999 -9999 -9999 -9999 -9999 -9999 -9999 -9999 -9999 -9999 -9999 1004.695 1004.69 1004.686 1004.682 1004.678 1004.673 1004.567 1004.082 1003.614 1003.146 1002.695 1002.248 1001.793 1001.337 1000.896 1000.508 1000.121 999.7629 999.6826 999.6023 999.5557 999.6326 999.759 999.8854 999.9519 999.9813 1000.011 1000.023 1000.023 1000.023 1000.024 1000.134 1000.251 1000.361 1000.597 1000.929 1001.261 1001.593 1002.025
-9999 -9999 -9999 -9999 -9999 -9999 -9999 -9999 -9999 -9999 -9999 -9999 -9999 -9999 -9999 -9999 -9999 -9999 -9999 -9999 -9999 -9999 -9999 -9999 -9999 -9999 -9999 -9999 -9999 -9999 -9999 1004.698 1004.693 1004.689 1004.685 1004.68 1004.676 1004.672 1004.394 1003.917 1003.449 1002.98 1002.539 1002.084 1001.629 1001.162 1000.758 1000.37 999.9827 999.7349 999.6546 999.5743 999.5634 999.6755 999.8018 999.9282 999.9617 999.9911 1000.018 1000.024 1000.024 1000.023 1000.057 1000.174 1000.291 1000.394 1000.711 1001.043 1001.366 1001.743 1002.166
-9999 -9999 -9999 -9999 -9999 -9999 -9999 -9999 -9999 -9999 -9999 -9999 -9999 -9999 -9999 -9999 -9999 -9999 -9999 -9999 -9999 -9999 -9999 -9999 -9999 -9999 -9999 -9999 -9999 -9999 -9999 1004.696 1004.692 1004.688 1004.683 1004.679 1004.674 1004.67 1004.221 1003.751 1003.283 1002.815 1002.375 1001.92 1001.465 1001.008 1000.62 1000.232 999.8342 999.7069 999.6266 999.5463 999.5919 999.7183 999.8447 999.9422 999.9716 1000.001 1000.024 1000.024 1000.024 1000.024 1000.097 1000.214 1000.331 1000.494 1000.826 1001.157 1001.468 1001.893 1002.308
-9999 -9999 -9999 -9999 -9999 -9999 -9999 -9999 -9999 -9999 -9999 -9999 -9999 -9999 -9999 -9999 -9999 -9999 -9999 -9999 -9999 -9999 -9999 -9999 -9999 -9999 -9999 -9999 -9999 -9999 -9999 1004.695 1004.69 1004.686 1004.682 1004.677 1004.673 1004.538 1004.054 1003.586 1003.118 1002.662 1002.212 1001.756 1001.301 1000.87 1000.482 1000.094 999.7593 999.6789 999.5986 999.5446 999.6347 999.761 999.8875 999.9521 999.9814 1000.011 1000.025 1000.025 1000.024 1000.026 1000.137 1000.254 1000.367 1000.608 1000.94 1001.272 1001.61 1002.037 1002.449
-9999 -9999 -9999 -9999 -9999 -9999 -9999 -9999 -9999 -9999 -9999 -9999 -9999 -9999 -9999 -9999 -9999 -9999 -9999 -9999 -9999 -9999 -9999 -9999 -9999 -9999 -9999 -9999 -9999 -9999 1004.697 1004.693 1004.689 1004.684 1004.68 1004.676 1004.672 1004.365 1003.889 1003.421 1002.952 1002.503 1002.048 1001.592 1001.128 1000.732 1000.344 999.9564 999.7313 999.6509 999.5706 999.5522 999.6775 999.8039 999.9303 999.9619 999.9913 1000.02 1000.025 1000.025 1000.025 1000.061 1000.177 1000.294 1000.4 1000.722 1001.054 1001.38 1001.76 1002.178 1002.59
-9999 -9999 -9999 -9999 -9999 -9999 -9999 -9999 -9999 -9999 -9999 -9999 -9999 -9999 -9999 -9999 -9999 -9999 -9999 -9999 -9999 -9999 -9999 -9999 -9999 -9999 -9999 -9999 -9999 -9999 1004.696 1004.692 1004.687 1004.683 1004.679 1004.674 1004.67 1004.192 1003.724 1003.255 1002.787 1002.339 1001.884 1001.428 1000.981 1000.594 1000.206 999.8107 999.7032 999.6229 999.5426 999.5939 999.7203 999.8467 999.9424 999.9718 1000.001 1000.025 1000.026 1000.025 1000.025 1000.101 1000.217 1000.334 1000.504 1000.836 1001.168 1001.483 1001.908 1002.32 1002.731
-9999 -9999 -9999 -9999 -9999 -9999 -9999 -9999 -9999 -9999 -9999 -9999 -9999 -9999 -9999 -9999 -9999 -9999 -9999 -9999 -9999 -9999 -9999 -9999 -9999 -9999 -9999 -9999 -9999 1004.699 1004.694 1004.69 1004.686 1004.681 1004.677 1004.673 1004.509 1004.026 1003.558 1003.09 1002.629 1002.175 1001.72 1001.265 1000.843 1000.456 1000.068 999.7556 999.6752 999.5949 999.5334 999.6367 999.7631 999.8895 999.9522 999.9816 1000.011 1000.026 1000.026 1000.026 1000.027 1000.141 1000.257 1000.373 1000.618 1000.95 1001.282 1001.627 1002.049 1002.461 1002.872
-9999 -9999 -9999 -9999 -9999 -9999 -9999 -9999 -9999 -9999 -9999 -9999 -9999 -9999 -9999 -9999 -9999 -9999 -9999 -9999 -9999 -9999 -9999 -9999 -9999 -9999 -9999 -9999 -9999 1004.697 1004.693 1004.689 1004.684 1004.68 1004.676 1004.671 1004.336 1003.861 1003.393 1002.924 1002.467 1002.011 1001.556 1001.095 1000.705 1000.318 999.9299 999.7275 999.6472 999.5669 999.5532 999.6795 999.8059 999.9323 999.9621 999.9915 1000.021 1000.027 1000.026 1000.026 1000.064 1000.181 1000.297 1000.406 1000.732 1001.064 1001.395 1001.777 1002.19 1002.602 1003.013
-9999 -9999 -9999 -9999 -9999 -9999 -9999 -9999 -9999 -9999 -9999 -9999 -9999 -9999 -9999 -9999 -9999 -9999 -9999 -9999 -9999 -9999 -9999 -9999 -9999 -9999 -9999 -9999 1004.7 1004.696 1004.691 1004.687 1004.683 1004.678 1004.674 1004.653 1004.164 1003.696 1003.227 1002.759 1002.303 1001.847 1001.392 1000.955 1000.567 1000.18 999.7874 999.6996 999.6193 999.5389 999.5959 999.7224 999.8488 999.9426 999.9719 1000.001 1000.027 1000.027 1000.027 1000.027 1000.104 1000.221 1000.337 1000.514 1000.846 1001.178 1001.497 1001.92 1002.331 1002.743 1003.155
-9999 -9999 -9999 -9999 -9999 -9999 -9999 -9999 -9999 -9999 -9999 -9999 -9999 -9999 -9999 -9999 -9999 -9999 -9999 -9999 -9999 -9999 -9999 -9999 -9999 -9999 -9999 -9999 1004.699 1004.694 1004.69 1004.686 1004.681 1004.677 1004.673 1004.543 1004.217 1003.839 1003.209 1002.594 1002.139 1001.683 1001.228 1000.817 1000.429 1000.042 999.7519 999.6716 999.5912 999.5223 999.6387 999.7651 999.8915 999.9524 999.9818 1000.011 1000.028 1000.027 1000.027 1000.028 1000.144 1000.261 1000.377 1000.628 1000.96 1001.292 1001.644 1002.061 1002.473 1002.884 1003.296
-9999 -9999 -9999 -9999 -9999 -9999 -9999 -9999 -9999 -9999 -9999 -9999 -9999 -9999 -9999 -9999 -9999 -9999 -9999 -9999 -9999 -9999 -9999 -9999 -9999 -9999 -9999 -9999 1004.697 1004.693 1004.688 1004.684 1004.68 1004.675 1004.671 1004.427 1004.065 1003.676 1003.286 1002.889 1002.259 1001.64 1001.067 1000.679 1000.291 999.9036 999.7239 999.6436 999.5632 999.5552 999.6816 999.808 999.9329 999.9623 999.9916 1000.021 1000.028 1000.028 1000.028 1000.067 1000.184 1000.301 1000.412 1000.743 1001.075 1001.407 1001.791 1002.202 1002.614 1003.025 1003.437
-9999 -9999 -9999 -9999 -9999 -9999 -9999 -9999 -9999 -9999 -9999 -9999 -9999 -9999 -9999 -9999 -9999 -9999 -9999 -9999 -9999 -9999 -9999 -9999 -9999 -9999 -9999 1004.7 1004.696 1004.691 1004.687 1004.683 1004.678 1004.674 1004.635 1004.311 1003.914 1003.525 1003.135 1002.704 1002.2 1001.696 1001.176 1000.152 999.9094 999.7762 999.6959 999.6155 999.5352 999.598 999.7244 999.8508 999.9427 999.9721 1000.001 1000.029 1000.028 1000.028 1000.028 1000.107 1000.224 1000.341 1000.525 1000.857 1001.189 1001.511 1001.932 1002.343 1002.755 1003.167 1003.578
-9999 -9999 -9999 -9999 -9999 -9999 -9999 -9999 -9999 -9999 -9999 -9999 -9999 -9999 -9999 -9999 -9999 -9999 -9999 -9999 -9999 -9999 -9999 -9999 -9999 -9999 -9999 1004.698 1004.694 1004.69 1004.685 1004.681 1004.677 1004.672 1004.519 1004.162 1003.763 1003.373 1002.984 1002.515 1002.012 1001.508 1001.037 1000.605 1000.174 999.7491 999.5102 999.4877 999.5144 999.6408 999.7672 999.8936 999.9526 999.9819 1000.011 1000.029 1000.029 1000.029 1000.031 1000.147 1000.264 1000.381 1000.639 1000.971 1001.303 1001.661 1002.073 1002.485 1002.896 1003.308 1003.719
-9999 -9999 -9999 -9999 -9999 -9999 -9999 -9999 -9999 -9999 -9999 -9999 -9999 -9999 -9999 -9999 -9999 -9999 -9999 -9999 -9999 -9999 -9999 -9999 -9999 -9999 1004.701 1004.697 1004.693 1004.688 1004.684 1004.68 1004.675 1004.671 1004.403 1004.002 1003.612 1003.222 1002.824 1002.327 1001.823 1001.319 1000.879 1000.447 1000.016 999.7619 999.7976 999.8334 999.4705 999.6258 999.8462 999.933 999.9624 999.9918 1000.021 1000.029 1000.029 1000.029 1000.071 1000.187 1000.304 1000.421 1000.753 1001.085 1001.417 1001.803 1002.214 1002.626 1003.037 1003.449 1003.86
-9999 -9999 -9999 -9999 -9999 -9999 -9999 -9999 -9999 -9999 -9999 -9999 -9999 -9999 -9999 -9999 -9999 -9999 -9999 -9999 -9999 -9999 -9999 -9999 -9999 -9999 1004.7 1004.695 1004.691 1004.687 1004.682 1004.678 1004.674 1004.611 1004.286 1003.851 1003.461 1003.071 1002.642 1002.138 1001.634 1001.147 1000.721 1000.289 999.8576 999.7656 999.8013 999.837 999.8727 999.9085 999.9429 999.9414 999.9833 1000.02 1000.03 1000.03 1000.03 1000.03 1000.111 1000.227 1000.344 1000.535 1000.867 1001.199 1001.528 1001.944 1002.355 1002.767 1003.178 1003.59 1003.913
-9999 -9999 -9999 -9999 -9999 -9999 -9999 -9999 -9999 -9999 -9999 -9999 -9999 -9999 -9999 -9999 -9999 -9999 -9999 -9999 -9999 -9999 -9999 -9999 -9999 1004.703 1004.698 1004.694 1004.69 1004.685 1004.681 1004.677 1004.672 1004.495 1004.111 1003.699 1003.31 1002.92 1002.453 1001.95 1001.446 1000.995 1000.563 1000.131 999.7478 999.7692 999.8049 999.8406 999.8764 999.9121 999.9493 999.9634 999.9775 999.9893 999.9313 999.9089 999.9625 1000.034 1000.151 1000.267 1000.384 1000.649 1000.981 1001.313 1001.674 1002.085 1002.497 1002.908 1003.32 1003.731 1003.966
-9999 -9999 -9999 -9999 -9999 -9999 -9999 -9999 -9999 -9999 -9999 -9999 -9999 -9999 -9999 -9999 -9999 -9999 -9999 -9999 -9999 -9999 -9999 -9999 -9999 1004.701 1004.697 1004.692 1004.688 1004.684 1004.679 1004.675 1004.67 1004.379 1003.938 1003.548 1003.159 1002.754 1002.265 1001.761 1001.257 1000.837 1000.405 999.9733 999.7371 999.7728 999.8086 999.8443 999.8801 999.9158 999.9551 999.9692 999.9833 999.9927 999.9952 999.9976 1000.002 1000.06 1000.343 1000.43 1000.432 1000.763 1001.095 1001.427 1001.815 1002.226 1002.638 1003.049 1003.461 1003.868 1004.018
-9999 -9999 -9999 -9999 -9999 -9999 -9999 -9999 -9999 -9999 -9999 -9999 -9999 -9999 -9999 -9999 -9999 -9999 -9999 -9999 -9999 -9999 -9999 -9999 -9999 1004.7 1004.695 1004.691 1004.687 1004.682 1004.678 1004.674 1004.587 1004.232 1003.787 1003.397 1003.008 1002.58 1002.076 1001.573 1001.097 1000.679 1000.247 999.8152 999.7407 999.7765 999.8122 999.848 999.8837 999.9438 999.961 999.975 999.9891 999.9944 999.9968 999.9993 1000.037 1000.129 1000.221 1000.316 1000.49 1000.764 1001.173 1001.544 1001.956 1002.367 1002.779 1003.19 1003.602 1003.92 1004.07
-9999 -9999 -9999 -9999 -9999 -9999 -9999 -9999 -9999 -9999 -9999 -9999 -9999 -9999 -9999 -9999 -9999 -9999 -9999 -9999 -9999 -9999 -9999 -9999 1004.702 1004.698 1004.694 1004.689 1004.685 1004.681 1004.676 1004.672 1004.471 1004.059 1003.636 1003.246 1002.856 1002.392 1001.888 1001.384 1000.952 1000.521 1000.089 999.7413 999.7444 999.7802 999.8159 999.8516 999.8873 999.9528 999.9668 999.9809 999.9941 999.996 999.9985 1000.001 1000.072 1000.164 1000.256 1000.426 1000.717 1001.009 1001.309 1001.871 1002.181 1002.505 1002.92 1003.332 1003.743 1003.972 1004.122
-9999 -9999 -9999 -9999 -9999 -9999 -9999 -9999 -9999 -9999 -9999 -9999 -9999 -9999 -9999 -9999 -9999 -9999 -9999 -9999 -9999 -9999 -9999 -9999 1004.701 1004.696 1004.692 1004.688 1004.684 1004.679 1004.675 1004.67 1004.355 1003.886 1003.485 1003.095 1002.684 1002.203 1001.699 1001.195 1000.794 1000.362 999.9308 999.7125 999.748 999.7838 999.8195 999.8552 999.9086 999.9586 999.9727 999.9867 999.9952 999.9976 1000 1000.009 1000.106 1000.198 1000.29 1000.532 1000.823 1001.114 1001.459 1001.891 1002.324 1002.921 1003.241 1003.561 1003.875 1004.024 1004.174
-9999 -9999 -9999 -9999 -9999 -9999 -9999 -9999 -9999 -9999 -9999 -9999 -9999 -9999 -9999 -9999 -9999 -9999 -9999 -9999 -9999 -9999 -9999 1004.704 1004.699 1004.695 1004.691 1004.686 1004.682 1004.678 1004.673 1004.563 1004.18 1003.723 1003.333 1002.944 1002.51 1002.014 1001.511 1001.047 1000.636 1000.204 999.7728 999.7159 999.7517 999.7874 999.8232 999.8589 999.9436 999.9644 999.9785 999.9926 999.9968 999.9993 1000.002 1000.048 1000.14 1000.232 1000.338 1000.637 1000.929 1001.22 1001.613 1002.045 1002.478 1002.91 1003.343 1003.764 1003.874 1003.987 1004.177
