sfe316_gcs_analysis/sfe_316.asc
ncols         172
nrows         340
xllcorner     2908.4791835246
yllcorner     1865.7388911233
cellsize      1
NODATA_value  -9999
[rows 96 to 127 of 340, columns 71 to 141 of 172]
-9999 -9999 -9999 -9999 -9999 -9999 -9999 -9999 -9999 -9999 -9999 -9999 -9999 -9999 -9999 -9999 -9999 -9999 -9999 -9999 -9999 -9999 -9999 1004.702 1004.698 1004.693 1004.689 1004.685 1004.681 1004.676 1004.671 1004.447 1004.007 1003.572 1003.182 1002.788 1002.33 1001.826 1001.322 1000.902 1000.478 1000.046 999.7349 999.7196 999.7554 999.7911 999.8268 999.8678 999.9534 999.9702 999.9843 999.9972 999.9985 1000.001 1000.003 1000.083 1000.174 1000.266 1000.452 1000.743 1001.034 1001.334 1001.766 1002.199 1002.631 1003.064 1003.496 1003.815 1003.952 1004.088 1004.227
-9999 -9999 -9999 -9999 -9999 -9999 -9999 -9999 -9999 -9999 -9999 -9999 -9999 -9999 -9999 -9999 -9999 -9999 -9999 -9999 -9999 -9999 1004.705 1004.701 1004.696 1004.692 1004.688 1004.683 1004.679 1004.674 1004.655 1004.305 1003.835 1003.421 1003.031 1002.614 1002.141 1001.637 1001.143 1000.752 1000.32 999.8884 999.7061 999.7233 999.759 999.7947 999.8304 999.9106 999.962 999.9761 999.9901 999.9981 1000 1000.003 1000.014 1000.117 1000.209 1000.301 1000.557 1000.849 1001.14 1001.488 1001.92 1002.353 1002.785 1003.218 1003.649 1003.866 1004.002 1004.139 1004.295
-9999 -9999 -9999 -9999 -9999 -9999 -9999 -9999 -9999 -9999 -9999 -9999 -9999 -9999 -9999 -9999 -9999 -9999 -9999 -9999 -9999 -9999 1004.703 1004.699 1004.695 1004.69 1004.686 1004.682 1004.678 1004.673 1004.539 1004.128 1003.662 1003.27 1002.88 1002.44 1001.953 1001.449 1000.998 1000.594 1000.162 999.7573 999.6912 999.7269 999.7626 999.7984 999.8341 999.9434 999.9678 999.9819 999.996 999.9993 1000.002 1000.004 1000.055 1000.151 1000.243 1000.354 1000.663 1000.954 1001.246 1001.642 1002.074 1002.507 1002.939 1003.372 1003.777 1003.916 1004.053 1004.189 1004.364
-9999 -9999 -9999 -9999 -9999 -9999 -9999 -9999 -9999 -9999 -9999 -9999 -9999 -9999 -9999 -9999 -9999 -9999 -9999 -9999 -9999 1004.687 1004.702 1004.698 1004.693 1004.689 1004.685 1004.68 1004.676 1004.671 1004.423 1003.956 1003.508 1003.119 1002.718 1002.266 1001.764 1001.26 1000.853 1000.436 1000.004 999.7285 999.6948 999.7305 999.7663 999.802 999.8698 999.9531 999.9736 999.9877 1000 1000.001 1000.003 1000.006 1000.093 1000.185 1000.277 1000.47 1000.769 1001.06 1001.363 1001.795 1002.228 1002.66 1003.093 1003.525 1003.83 1003.967 1004.103 1004.243 1004.434
-9999 -9999 -9999 -9999 -9999 -9999 -9999 -9999 -9999 -9999 -9999 -9999 -9999 -9999 -9999 -9999 -9999 -9999 -9999 -9999 -9999 1004.705 1004.7 1004.696 1004.692 1004.688 1004.683 1004.679 1004.674 1004.631 1004.251 1003.783 1003.357 1002.968 1002.544 1002.079 1001.576 1001.093 1000.708 1000.278 999.846 999.6996 999.6985 999.7342 999.77 999.8057 999.9126 999.9629 999.9795 999.9935 1000.001 1000.003 1000.005 1000.019 1000.128 1000.22 1000.311 1000.583 1000.874 1001.166 1001.517 1001.949 1002.382 1002.814 1003.247 1003.668 1003.881 1004.017 1004.154 1004.312 1004.507
-9999 -9999 -9999 -9999 -9999 -9999 -9999 -9999 -9999 -9999 -9999 -9999 -9999 -9999 -9999 -9999 -9999 -9999 -9999 -9999 -9999 1004.703 1004.699 1004.695 1004.69 1004.686 1004.682 1004.677 1004.672 1004.515 1004.076 1003.611 1003.206 1002.816 1002.37 1001.891 1001.387 1000.948 1000.551 1000.12 999.7509 999.6708 999.7021 999.7379 999.7736 999.829 999.9432 999.9713 999.9853 999.9994 1000.002 1000.004 1000.007 1000.06 1000.162 1000.254 1000.37 1000.689 1000.98 1001.272 1001.671 1002.103 1002.535 1002.968 1003.4 1003.789 1003.931 1004.068 1004.204 1004.38 1004.579
-9999 -9999 -9999 -9999 -9999 -9999 -9999 -9999 -9999 -9999 -9999 -9999 -9999 -9999 -9999 -9999 -9999 -9999 -9999 -9999 1004.706 1004.702 1004.697 1004.693 1004.689 1004.685 1004.68 1004.675 1004.671 1004.378 1003.904 1003.445 1003.055 1002.648 1002.196 1001.702 1001.198 1000.803 1000.393 999.9616 999.722 999.67 999.7057 999.7415 999.7772 999.8718 999.9529 999.9771 999.9911 1000.003 1000.003 1000.006 1000.008 1000.1 1000.196 1000.288 1000.486 1000.794 1001.086 1001.392 1001.824 1002.257 1002.689 1003.122 1003.543 1003.843 1003.982 1004.118 1004.259 1004.451 1004.61
-9999 -9999 -9999 -9999 -9999 -9999 -9999 -9999 -9999 -9999 -9999 -9999 -9999 -9999 -9999 -9999 -9999 -9999 -9999 -9999 1004.705 1004.7 1004.696 1004.692 1004.687 1004.683 1004.679 1004.674 1004.607 1004.197 1003.732 1003.293 1002.904 1002.474 1002.017 1001.514 1001.043 1000.658 1000.235 999.8036 999.6932 999.6736 999.7094 999.7451 999.7882 999.9146 999.9627 999.9829 999.9969 1000.004 1000.005 1000.007 1000.024 1000.138 1000.23 1000.322 1000.602 1000.9 1001.192 1001.546 1001.978 1002.411 1002.843 1003.275 1003.686 1003.896 1004.032 1004.169 1004.328 1004.524 1004.621
-9999 -9999 -9999 -9999 -9999 -9999 -9999 -9999 -9999 -9999 -9999 -9999 -9999 -9999 -9999 -9999 -9999 -9999 -9999 1004.707 1004.703 1004.699 1004.694 1004.69 1004.686 1004.681 1004.677 1004.672 1004.491 1004.025 1003.559 1003.142 1002.752 1002.3 1001.829 1001.325 1000.898 1000.509 1000.077 999.7444 999.6644 999.6773 999.7131 999.7488 999.8311 999.943 999.9724 999.9887 1000.003 1000.005 1000.007 1000.009 1000.065 1000.173 1000.265 1000.387 1000.714 1001.006 1001.297 1001.699 1002.132 1002.564 1002.997 1003.418 1003.802 1003.946 1004.083 1004.219 1004.397 1004.592 1004.629
-9999 -9999 -9999 -9999 -9999 -9999 -9999 -9999 -9999 -9999 -9999 -9999 -9999 -9999 -9999 -9999 -9999 -9999 -9999 1004.706 1004.702 1004.697 1004.693 1004.689 1004.684 1004.68 1004.675 1004.67 1004.324 1003.852 1003.387 1002.991 1002.578 1002.126 1001.64 1001.138 1000.753 1000.351 999.9192 999.7156 999.6452 999.681 999.7167 999.7524 999.8738 999.9528 999.9805 999.9946 1000.006 1000.006 1000.008 1000.011 1000.105 1000.207 1000.299 1000.503 1000.82 1001.112 1001.421 1001.853 1002.286 1002.718 1003.15 1003.561 1003.855 1003.997 1004.133 1004.275 1004.469 1004.61 1004.637
-9999 -9999 -9999 -9999 -9999 -9999 -9999 -9999 -9999 -9999 -9999 -9999 -9999 -9999 -9999 -9999 -9999 -9999 1004.708 1004.704 1004.7 1004.696 1004.691 1004.687 1004.683 1004.678 1004.673 1004.583 1004.146 1003.68 1003.23 1002.84 1002.404 1001.952 1001.452 1000.993 1000.608 1000.193 999.7668 999.6868 999.6489 999.6846 999.7203 999.7902 999.9166 999.9625 999.9863 1000 1000.007 1000.007 1000.01 1000.029 1000.146 1000.241 1000.333 1000.619 1000.926 1001.217 1001.575 1002.007 1002.44 1002.872 1003.293 1003.704 1003.909 1004.047 1004.184 1004.344 1004.541 1004.622 1004.646
-9999 -9999 -9999 -9999 -9999 -9999 -9999 -9999 -9999 -9999 -9999 -9999 -9999 -9999 -9999 -9999 -9999 -9999 1004.707 1004.703 1004.699 1004.694 1004.69 1004.686 1004.681 1004.677 1004.672 1004.451 1003.973 1003.507 1003.079 1002.682 1002.23 1001.767 1001.263 1000.848 1000.463 1000.035 999.738 999.6579 999.6525 999.6882 999.724 999.8331 999.9428 999.9722 999.9921 1000.006 1000.008 1000.009 1000.011 1000.07 1000.184 1000.275 1000.403 1000.734 1001.032 1001.323 1001.728 1002.161 1002.593 1003.025 1003.436 1003.814 1003.961 1004.098 1004.234 1004.414 1004.605 1004.63 1004.654
-9999 -9999 -9999 -9999 -9999 -9999 -9999 -9999 -9999 -9999 -9999 -9999 -9999 -9999 -9999 -9999 -9999 -9999 1004.706 1004.701 1004.697 1004.693 1004.688 1004.684 1004.68 1004.675 1004.67 1004.27 1003.801 1003.335 1002.927 1002.508 1002.056 1001.578 1001.089 1000.703 1000.308 999.8768 999.7091 999.6291 999.6562 999.6919 999.7495 999.8759 999.9525 999.982 999.998 1000.01 1000.009 1000.011 1000.013 1000.11 1000.218 1000.31 1000.519 1000.846 1001.137 1001.45 1001.882 1002.315 1002.747 1003.168 1003.579 1003.867 1004.012 1004.148 1004.292 1004.486 1004.61 1004.638 1004.662
-9999 -9999 -9999 -9999 -9999 -9999 -9999 -9999 -9999 -9999 -9999 -9999 -9999 -9999 -9999 -9999 -9999 1004.708 1004.704 1004.7 1004.696 1004.691 1004.687 1004.683 1004.678 1004.673 1004.559 1004.094 1003.628 1003.166 1002.776 1002.334 1001.882 1001.39 1000.944 1000.558 1000.15 999.7604 999.6803 999.6241 999.6598 999.6956 999.7922 999.9186 999.9623 999.9897 1000.004 1000.01 1000.01 1000.012 1000.034 1000.151 1000.252 1000.344 1000.635 1000.952 1001.243 1001.604 1002.036 1002.469 1002.9 1003.311 1003.722 1003.921 1004.062 1004.199 1004.36 1004.555 1004.623 1004.647 -9999
-9999 -9999 -9999 -9999 -9999 -9999 -9999 -9999 -9999 -9999 -9999 -9999 -9999 -9999 -9999 -9999 -9999 1004.707 1004.703 1004.698 1004.694 1004.69 1004.685 1004.681 1004.676 1004.671 1004.397 1003.922 1003.456 1003.015 1002.612 1002.159 1001.705 1001.201 1000.799 1000.413 999.9924 999.7315 999.6515 999.6277 999.6635 999.7087 999.8351 999.9426 999.972 999.9955 1000.01 1000.011 1000.011 1000.014 1000.075 1000.191 1000.286 1000.419 1000.751 1001.057 1001.349 1001.757 1002.19 1002.622 1003.043 1003.454 1003.826 1003.975 1004.113 1004.249 1004.431 1004.61 1004.631 1004.655 -9999
-9999 -9999 -9999 -9999 -9999 -9999 -9999 -9999 -9999 -9999 -9999 -9999 -9999 -9999 -9999 -9999 1004.71 1004.706 1004.701 1004.697 1004.693 1004.688 1004.684 1004.679 1004.674 1004.651 1004.216 1003.749 1003.283 1002.864 1002.438 1001.985 1001.517 1001.039 1000.654 1000.266 999.8344 999.7027 999.6226 999.6314 999.6671 999.7515 999.8779 999.9523 999.9818 1000.001 1000.013 1000.012 1000.013 1000.016 1000.115 1000.229 1000.321 1000.535 1000.867 1001.163 1001.479 1001.911 1002.344 1002.775 1003.186 1003.597 1003.88 1004.027 1004.163 1004.308 1004.503 1004.61 1004.639 1004.663 -9999
-9999 -9999 -9999 -9999 -9999 -9999 -9999 -9999 -9999 -9999 -9999 -9999 -9999 -9999 -9999 -9999 1004.708 1004.704 1004.7 1004.695 1004.691 1004.687 1004.682 1004.677 1004.673 1004.525 1004.042 1003.577 1003.111 1002.713 1002.263 1001.811 1001.328 1000.894 1000.508 1000.108 999.7539 999.6739 999.5993 999.635 999.6708 999.7943 999.9207 999.9621 999.9915 1000.007 1000.014 1000.013 1000.015 1000.039 1000.156 1000.263 1000.355 1000.651 1000.977 1001.269 1001.633 1002.065 1002.497 1002.918 1003.329 1003.74 1003.933 1004.077 1004.214 1004.377 1004.568 1004.621 1004.648 -9999 -9999
-9999 -9999 -9999 -9999 -9999 -9999 -9999 -9999 -9999 -9999 -9999 -9999 -9999 -9999 -9999 1004.711 1004.707 1004.703 1004.698 1004.694 1004.69 1004.685 1004.681 1004.676 1004.671 1004.343 1003.87 1003.404 1002.951 1002.541 1002.089 1001.637 1001.139 1000.749 1000.363 999.95 999.7251 999.645 999.603 999.6387 999.7107 999.837 999.9424 999.9718 999.999 1000.013 1000.015 1000.014 1000.016 1000.08 1000.196 1000.297 1000.436 1000.767 1001.083 1001.375 1001.786 1002.219 1002.651 1003.061 1003.472 1003.838 1003.987 1004.128 1004.264 1004.448 1004.61 1004.632 1004.656 -9999 -9999
-9999 -9999 -9999 -9999 -9999 -9999 -9999 -9999 -9999 -9999 -9999 -9999 -9999 -9999 -9999 1004.71 1004.705 1004.701 1004.697 1004.692 1004.688 1004.684 1004.679 1004.674 1004.627 1004.163 1003.697 1003.232 1002.8 1002.367 1001.915 1001.455 1000.989 1000.604 1000.218 999.7919 999.6962 999.6162 999.6066 999.6423 999.7535 999.8799 999.9521 999.9816 1000.005 1000.016 1000.015 1000.016 1000.018 1000.12 1000.237 1000.331 1000.552 1000.883 1001.189 1001.508 1001.94 1002.373 1002.794 1003.204 1003.615 1003.892 1004.04 1004.178 1004.324 1004.518 1004.61 1004.641 1004.664 -9999 -9999
-9999 -9999 -9999 -9999 -9999 -9999 -9999 -9999 -9999 -9999 -9999 -9999 -9999 -9999 -9999 1004.708 1004.704 1004.7 1004.695 1004.691 1004.687 1004.682 1004.677 1004.672 1004.471 1003.991 1003.525 1003.059 1002.645 1002.193 1001.741 1001.266 1000.844 1000.459 1000.066 999.7475 999.6674 999.5873 999.6102 999.6699 999.7963 999.9227 999.9619 999.9913 1000.011 1000.017 1000.016 1000.017 1000.044 1000.161 1000.274 1000.366 1000.667 1000.999 1001.294 1001.661 1002.094 1002.526 1002.937 1003.347 1003.758 1003.945 1004.092 1004.229 1004.393 1004.581 1004.619 1004.649 -9999 -9999 -9999
-9999 -9999 -9999 -9999 -9999 -9999 -9999 -9999 -9999 -9999 -9999 -9999 -9999 -9999 1004.711 1004.707 1004.702 1004.698 1004.694 1004.689 1004.685 1004.68 1004.675 1004.671 1004.289 1003.818 1003.352 1002.887 1002.471 1002.019 1001.567 1001.084 1000.699 1000.314 999.9075 999.7186 999.6386 999.5781 999.6139 999.7126 999.8391 999.9422 999.9716 1000.001 1000.016 1000.018 1000.017 1000.019 1000.085 1000.201 1000.308 1000.452 1000.783 1001.109 1001.4 1001.815 1002.248 1002.669 1003.079 1003.49 1003.85 1003.999 1004.143 1004.279 1004.466 1004.61 1004.633 1004.657 -9999 -9999 -9999
-9999 -9999 -9999 -9999 -9999 -9999 -9999 -9999 -9999 -9999 -9999 -9999 -9999 -9999 1004.709 1004.705 1004.701 1004.697 1004.692 1004.688 1004.683 1004.678 1004.674 1004.598 1004.112 1003.646 1003.18 1002.736 1002.297 1001.845 1001.393 1000.939 1000.554 1000.169 999.7698 999.6898 999.6097 999.5818 999.6291 999.7555 999.8819 999.952 999.9814 1000.008 1000.019 1000.019 1000.018 1000.02 1000.125 1000.242 1000.342 1000.568 1000.899 1001.215 1001.537 1001.969 1002.401 1002.812 1003.222 1003.633 1003.904 1004.053 1004.193 1004.34 1004.531 1004.61 1004.642 1004.665 -9999 -9999 -9999
-9999 -9999 -9999 -9999 -9999 -9999 -9999 -9999 -9999 -9999 -9999 -9999 -9999 1004.712 1004.708 1004.704 1004.699 1004.695 1004.691 1004.686 1004.682 1004.677 1004.672 1004.416 1003.939 1003.473 1003.008 1002.575 1002.123 1001.671 1001.204 1000.794 1000.409 1000.023 999.741 999.6609 999.5809 999.5854 999.6719 999.7983 999.9247 999.9617 999.9911 1000.014 1000.02 1000.019 1000.02 1000.049 1000.166 1000.282 1000.377 1000.684 1001.015 1001.32 1001.69 1002.123 1002.544 1002.955 1003.365 1003.776 1003.957 1004.106 1004.244 1004.41 1004.594 1004.617 1004.65 -9999 -9999 -9999 -9999
-9999 -9999 -9999 -9999 -9999 -9999 -9999 -9999 -9999 -9999 -9999 -9999 -9999 1004.711 1004.706 1004.702 1004.698 1004.693 1004.689 1004.685 1004.68 1004.675 1004.67 1004.235 1003.767 1003.301 1002.835 1002.401 1001.949 1001.497 1001.035 1000.649 1000.264 999.8651 999.7122 999.6321 999.5533 999.5891 999.7147 999.8411 999.942 999.9714 1000.001 1000.02 1000.021 1000.02 1000.021 1000.09 1000.206 1000.319 1000.468 1000.8 1001.131 1001.426 1001.844 1002.276 1002.687 1003.098 1003.508 1003.862 1004.011 1004.158 1004.295 1004.481 1004.61 1004.634 1004.658 -9999 -9999 -9999 -9999
-9999 -9999 -9999 -9999 -9999 -9999 -9999 -9999 -9999 -9999 -9999 -9999 1004.714 1004.709 1004.705 1004.701 1004.696 1004.692 1004.688 1004.683 1004.678 1004.673 1004.544 1004.06 1003.594 1003.128 1002.673 1002.227 1001.775 1001.323 1000.89 1000.504 1000.119 999.7634 999.6833 999.6033 999.557 999.6311 999.7575 999.8839 999.9517 999.9811 1000.011 1000.022 1000.022 1000.021 1000.023 1000.13 1000.247 1000.353 1000.584 1000.916 1001.24 1001.566 1001.998 1002.419 1002.83 1003.241 1003.651 1003.916 1004.065 1004.209 1004.357 1004.544 1004.61 1004.643 1004.666 -9999 -9999 -9999 -9999
-9999 -9999 -9999 -9999 -9999 -9999 -9999 -9999 -9999 -9999 -9999 -9999 1004.712 1004.708 1004.703 1004.699 1004.695 1004.69 1004.686 1004.681 1004.676 1004.672 1004.362 1003.888 1003.422 1002.956 1002.505 1002.053 1001.601 1001.142 1000.745 1000.359 999.9739 999.7346 999.6545 999.5745 999.5607 999.6739 999.8003 999.9267 999.9615 999.9909 1000.018 1000.023 1000.023 1000.022 1000.055 1000.171 1000.287 1000.387 1000.7 1001.031 1001.346 1001.719 1002.151 1002.562 1002.973 1003.384 1003.794 1003.97 1004.118 1004.259 1004.428 1004.607 1004.615 1004.651 -9999 -9999 -9999 -9999 -9999
-9999 -9999 -9999 -9999 -9999 -9999 -9999 -9999 -9999 -9999 -9999 -9999 1004.711 1004.706 1004.702 1004.698 1004.693 1004.689 1004.684 1004.679 1004.675 1004.67 1004.242 1003.715 1003.249 1002.783 1002.331 1001.879 1001.427 1000.985 1000.6 1000.214 999.8227 999.7057 999.6257 999.5457 999.5903 999.7167 999.8431 999.9418 999.9712 1000.001 1000.023 1000.024 1000.023 1000.024 1000.095 1000.211 1000.328 1000.485 1000.816 1001.147 1001.452 1001.873 1002.294 1002.705 1003.116 1003.526 1003.874 1004.023 1004.172 1004.31 1004.494 1004.61 1004.634 1004.659 -9999 -9999 -9999 -9999 -9999
-9999 -9999 -9999 -9999 -9999 -9999 -9999 -9999 -9999 -9999 -9999 1004.713 1004.709 1004.705 1004.7 1004.696 1004.692 1004.687 1004.682 1004.678 1004.673 1004.593 1004.242 1003.841 1003.374 1002.751 1002.157 1001.705 1001.253 1000.84 1000.455 1000.069 999.757 999.6769 999.5969 999.5322 999.6331 999.7595 999.8859 999.9515 999.981 1000.01 1000.025 1000.025 1000.024 1000.025 1000.135 1000.252 1000.364 1000.6 1000.932 1001.263 1001.594 1002.026 1002.437 1002.848 1003.259 1003.669 1003.928 1004.077 1004.224 1004.373 1004.557 1004.61 1004.644 1004.667 -9999 -9999 -9999 -9999 -9999
-9999 -9999 -9999 -9999 -9999 -9999 -9999 -9999 -9999 -9999 -9999 1004.712 1004.708 1004.703 1004.699 1004.695 1004.69 1004.686 1004.681 1004.676 1004.671 1004.505 1004.132 1003.728 1003.325 1002.92 1002.393 1001.766 1001.172 1000.695 1000.309 999.9241 999.7281 999.6481 999.5681 999.5495 999.6759 999.8023 999.9287 999.9613 999.9907 1000.02 1000.026 1000.026 1000.025 1000.06 1000.176 1000.292 1000.398 1000.716 1001.048 1001.372 1001.748 1002.169 1002.58 1002.991 1003.402 1003.812 1003.982 1004.13 1004.274 1004.443 1004.61 1004.613 1004.652 1004.675 -9999 -9999 -9999 -9999 -9999
-9999 -9999 -9999 -9999 -9999 -9999 -9999 -9999 -9999 -9999 1004.715 1004.71 1004.706 1004.702 1004.697 1004.693 1004.689 1004.684 1004.679 1004.674 1004.673 1004.417 1004.023 1003.619 1003.216 1002.769 1002.253 1001.737 1001.222 1000.712 999.9619 999.7866 999.6993 999.6193 999.5392 999.5923 999.7187 999.8451 999.9416 999.971 1000 1000.027 1000.027 1000.027 1000.026 1000.1 1000.217 1000.333 1000.501 1000.832 1001.164 1001.477 1001.901 1002.312 1002.723 1003.134 1003.545 1003.887 1004.035 1004.184 1004.325 1004.507 1004.61 1004.632 1004.66 -9999 -9999 -9999 -9999 -9999 -9999
-9999 -9999 -9999 -9999 -9999 -9999 -9999 -9999 -9999 -9999 1004.713 1004.709 1004.705 1004.7 1004.696 1004.692 1004.687 1004.682 1004.677 1004.673 1004.67 1004.329 1003.913 1003.51 1003.106 1002.616 1002.101 1001.585 1001.097 1000.654 1000.211 999.7692 999.653 999.4899 999.4958 999.6351 999.7615 999.8879 999.9514 999.9808 1000.01 1000.028 1000.028 1000.028 1000.028 1000.141 1000.257 1000.374 1000.617 1000.948 1001.279 1001.623 1002.044 1002.455 1002.866 1003.277 1003.688 1003.94 1004.089 1004.238 1004.39 1004.57 1004.61 1004.645 1004.668 -9999 -9999 -9999 -9999 -9999 -9999
-9999 -9999 -9999 -9999 -9999 -9999 -9999 -9999 -9999 1004.716 1004.712 1004.707 1004.703 1004.699 1004.694 1004.69 1004.685 1004.68 1004.676 1004.68 1004.592 1004.208 1003.804 1003.4 1002.97 1002.464 1001.948 1001.432 1000.973 1000.53 1000.087 999.7374 999.6476 999.5578 999.4681 999.6481 999.847 999.9344 999.9611 999.9905 1000.02 1000.029 1000.029 1000.028 1000.065 1000.181 1000.298 1000.409 1000.733 1001.064 1001.395 1001.777 1002.187 1002.598 1003.009 1003.42 1003.831 1003.994 1004.143 1004.289 1004.456 1004.61 1004.611 1004.653 1004.676 -9999 -9999 -9999 -9999 -9999 -9999
