sfe316_gcs_analysis/sfe_316.asc
ncols         172
nrows         340
xllcorner     2908.4791835246
yllcorner     1865.7388911233
cellsize      1
NODATA_value  -9999
[rows 192 to 223 of 340, columns 71 to 141 of 172]
1003.345 1003.105 1002.93 1002.805 1002.64 1002.155 1001.355 1000.555 1000.07 999.8525 999.627 999.498 999.5475 999.4475 999.335 999.385 999.361 999.2345 999.104 999.0795 999.1265 999.3135 999.596 999.684 999.774 999.769 999.905 999.9685 1000.001 1000.03 1000.13 1000.275 1000.9 1001.94 1002.7 1003.1 1003.365 1003.645 1003.925 1004.23 1004.55 1004.814 1004.664 1004.714 -9999 -9999 -9999 -9999 -9999 -9999 -9999 -9999 -9999 -9999 -9999 -9999 -9999 -9999 -9999 -9999 -9999 -9999 -9999 -9999 -9999 -9999 -9999 -9999 -9999 -9999 -9999
1003.21 1002.96 1002.775 1002.66 1002.535 1002.105 1001.33 1000.595 1000.096 999.879 999.595 999.4814 999.4905 999.3465 999.324 999.354 999.2555 999.143 999.064 999.114 999.0475 999.2145 999.5045 999.73 999.7845 999.793 999.8935 999.9315 999.944 1000.015 1000.11 1000.28 1000.92 1001.935 1002.69 1003.115 1003.395 1003.675 1003.985 1004.31 1004.63 1004.782 1004.685 -9999 -9999 -9999 -9999 -9999 -9999 -9999 -9999 -9999 -9999 -9999 -9999 -9999 -9999 -9999 -9999 -9999 -9999 -9999 -9999 -9999 -9999 -9999 -9999 -9999 -9999 -9999 -9999
1003.075 1002.82 1002.63 1002.51 1002.365 1001.925 1001.235 1000.515 1000.105 999.857 999.5955 999.4685 999.4425 999.284 999.2515 999.24 999.119 999.1555 999.1685 999.1585 999.0585 999.294 999.8005 999.8505 999.8105 999.8095 999.865 999.8935 999.919 999.99 1000.11 1000.325 1000.99 1001.93 1002.7 1003.145 1003.425 1003.74 1004.065 1004.385 1004.71 1004.75 1004.705 -9999 -9999 -9999 -9999 -9999 -9999 -9999 -9999 -9999 -9999 -9999 -9999 -9999 -9999 -9999 -9999 -9999 -9999 -9999 -9999 -9999 -9999 -9999 -9999 -9999 -9999 -9999 -9999
1002.94 1002.68 1002.49 1002.37 1002.215 1001.77 1001.08 1000.525 1000.125 999.8 999.5475 999.387 999.3045 999.1985 999.0935 999.1915 999.226 999.261 999.2655 999.1325 999.1665 999.509 999.9146 999.982 999.878 999.819 999.839 999.8975 999.9145 999.9965 1000.135 1000.385 1001.07 1001.935 1002.72 1003.19 1003.495 1003.82 1004.14 1004.465 1004.785 1004.684 1004.715 -9999 -9999 -9999 -9999 -9999 -9999 -9999 -9999 -9999 -9999 -9999 -9999 -9999 -9999 -9999 -9999 -9999 -9999 -9999 -9999 -9999 -9999 -9999 -9999 -9999 -9999 -9999 -9999
1002.805 1002.55 1002.34 1002.215 1002.065 1001.685 1001.1 1000.555 1000.1 999.704 999.4355 999.321 999.2305 999.073 999.048 999.1255 999.2665 999.3685 999.315 999.2145 999.429 999.7355 999.9045 999.9775 999.8955 999.827 999.832 999.863 999.8845 999.9975 1000.145 1000.475 1001.165 1002.01 1002.76 1003.25 1003.575 1003.9 1004.22 1004.545 1004.814 1004.675 -9999 -9999 -9999 -9999 -9999 -9999 -9999 -9999 -9999 -9999 -9999 -9999 -9999 -9999 -9999 -9999 -9999 -9999 -9999 -9999 -9999 -9999 -9999 -9999 -9999 -9999 -9999 -9999 -9999
1002.675 1002.415 1002.195 1002.09 1001.955 1001.6 1001.065 1000.53 1000.01 999.5795 999.297 999.209 999.129 998.9561 998.972 999.114 999.261 999.335 999.2935 999.414 999.576 999.7054 999.838 999.909 999.8945 999.837 999.812 999.7985 999.826 999.9675 1000.145 1000.54 1001.265 1002.035 1002.805 1003.33 1003.655 1003.975 1004.3 1004.62 1004.783 1004.703 -9999 -9999 -9999 -9999 -9999 -9999 -9999 -9999 -9999 -9999 -9999 -9999 -9999 -9999 -9999 -9999 -9999 -9999 -9999 -9999 -9999 -9999 -9999 -9999 -9999 -9999 -9999 -9999 -9999
1002.545 1002.28 1002.055 1001.945 1001.835 1001.515 1000.985 1000.44 999.875 999.407 999.2035 999.145 999.0075 998.8945 998.986 999.0865 999.1975 999.306 999.41 999.4815 999.587 999.7054 999.797 999.879 999.8785 999.844 999.796 999.736 999.777 999.936 1000.21 1000.665 1001.31 1002.07 1002.815 1003.32 1003.73 1004.055 1004.38 1004.7 1004.739 1004.716 -9999 -9999 -9999 -9999 -9999 -9999 -9999 -9999 -9999 -9999 -9999 -9999 -9999 -9999 -9999 -9999 -9999 -9999 -9999 -9999 -9999 -9999 -9999 -9999 -9999 -9999 -9999 -9999 -9999
1002.4 1002.125 1001.895 1001.79 1001.715 1001.395 1000.85 1000.28 999.7015 999.25 999.124 999.0785 998.9405 998.9554 998.95 999.091 999.242 999.298 999.3676 999.4995 999.598 999.6735 999.8315 999.851 999.8805 999.8459 999.74 999.6805 999.7705 1000.008 1000.285 1000.74 1001.37 1002.115 1002.77 1003.325 1003.775 1004.135 1004.455 1004.78 1004.676 -9999 -9999 -9999 -9999 -9999 -9999 -9999 -9999 -9999 -9999 -9999 -9999 -9999 -9999 -9999 -9999 -9999 -9999 -9999 -9999 -9999 -9999 -9999 -9999 -9999 -9999 -9999 -9999 -9999 -9999
1002.23 1001.955 1001.73 1001.63 1001.555 1001.155 1000.655 1000.11 999.5135 999.1375 999.0545 999.0095 998.9685 998.914 998.9415 999.1495 999.215 999.2565 999.342 999.493 999.6085 999.761 999.821 999.833 999.8465 999.8 999.7075 999.6725 999.8045 1000.038 1000.31 1000.75 1001.39 1002.105 1002.695 1003.29 1003.79 1004.21 1004.535 1004.815 1004.701 -9999 -9999 -9999 -9999 -9999 -9999 -9999 -9999 -9999 -9999 -9999 -9999 -9999 -9999 -9999 -9999 -9999 -9999 -9999 -9999 -9999 -9999 -9999 -9999 -9999 -9999 -9999 -9999 -9999 -9999
1002.06 1001.78 1001.565 1001.46 1001.305 1000.885 1000.425 999.9065 999.369 999.0845 999.001 998.951 998.915 998.8695 999.0125 999.1405 999.1935 999.216 999.3521 999.5285 999.6775 999.7355 999.7835 999.8045 999.829 999.785 999.6995 1000.083 1000.213 1000.545 1000.28 1000.72 1001.49 1002.135 1002.725 1003.225 1003.79 1004.255 1004.615 1004.783 1004.717 -9999 -9999 -9999 -9999 -9999 -9999 -9999 -9999 -9999 -9999 -9999 -9999 -9999 -9999 -9999 -9999 -9999 -9999 -9999 -9999 -9999 -9999 -9999 -9999 -9999 -9999 -9999 -9999 -9999 -9999
1001.885 1001.61 1001.4 1001.3 1000.985 1000.58 1000.145 999.674 999.2675 999.078 998.953 998.8745 998.8575 998.89 999.1065 999.175 999.1575 999.199 999.4045 999.589 999.774 999.817 999.8095 999.77 999.798 999.755 999.6755 1000.054 1000.456 1000.92 1000.49 1000.97 1001.87 1002.54 1002.885 1003.345 1003.8 1004.255 1004.695 1004.717 -9999 -9999 -9999 -9999 -9999 -9999 -9999 -9999 -9999 -9999 -9999 -9999 -9999 -9999 -9999 -9999 -9999 -9999 -9999 -9999 -9999 -9999 -9999 -9999 -9999 -9999 -9999 -9999 -9999 -9999 -9999
1001.715 1001.44 1001.23 1001.06 1000.665 1000.265 999.841 999.419 999.216 999.0165 998.8605 998.8265 998.8185 998.9795 999.173 999.1605 999.1155 999.273 999.47 999.679 999.8845 999.898 999.805 999.762 999.6955 999.6335 999.623 999.776 1000.686 1000.224 1000.475 1001.295 1002.28 1002.9 1003.225 1003.545 1003.96 1004.39 1004.77 1004.689 -9999 -9999 -9999 -9999 -9999 -9999 -9999 -9999 -9999 -9999 -9999 -9999 -9999 -9999 -9999 -9999 -9999 -9999 -9999 -9999 -9999 -9999 -9999 -9999 -9999 -9999 -9999 -9999 -9999 -9999 -9999
1001.545 1001.265 1001.065 1000.755 1000.35 999.9725 999.5645 999.282 999.104 998.9045 998.8165 998.806 998.8625 999.0955 999.185 999.1155 999.136 999.352 999.5425 999.807 999.967 999.9515 999.8315 999.6465 999.546 999.594 999.5905 999.6205 999.7465 1000.054 1000.645 1001.56 1002.53 1003.155 1003.495 1003.835 1004.145 1004.475 1004.81 1004.718 -9999 -9999 -9999 -9999 -9999 -9999 -9999 -9999 -9999 -9999 -9999 -9999 -9999 -9999 -9999 -9999 -9999 -9999 -9999 -9999 -9999 -9999 -9999 -9999 -9999 -9999 -9999 -9999 -9999 -9999 -9999
1001.37 1001.09 1000.835 1000.46 1000.078 999.7215 999.3735 999.177 998.9935 998.8595 998.7765 998.7795 998.9045 999.1055 999.118 999.0525 999.205 999.451 999.6665 999.923 999.992 999.941 999.8145 999.628 999.5186 999.564 999.5565 999.5905 999.699 1000.074 1000.75 1001.715 1002.695 1003.295 1003.625 1003.945 1004.275 1004.59 1004.772 -9999 -9999 -9999 -9999 -9999 -9999 -9999 -9999 -9999 -9999 -9999 -9999 -9999 -9999 -9999 -9999 -9999 -9999 -9999 -9999 -9999 -9999 -9999 -9999 -9999 -9999 -9999 -9999 -9999 -9999 -9999 -9999
1001.19 1000.915 1000.605 1000.275 999.907 999.547 999.236 999.075 998.917 998.818 998.7485 998.768 998.8995 999.0439 999.029 999.0635 999.276 999.496 999.7565 999.9185 999.928 999.8905 999.7365 999.6075 999.522 999.557 999.542 999.534 999.652 1000.093 1000.845 1001.935 1002.91 1003.385 1003.705 1004.015 1004.33 1004.63 1004.695 -9999 -9999 -9999 -9999 -9999 -9999 -9999 -9999 -9999 -9999 -9999 -9999 -9999 -9999 -9999 -9999 -9999 -9999 -9999 -9999 -9999 -9999 -9999 -9999 -9999 -9999 -9999 -9999 -9999 -9999 -9999 -9999
1001 1000.725 1000.435 1000.122 999.755 999.4035 999.13 998.9875 998.8405 998.7235 998.63 998.6385 998.793 998.9075 998.9145 999.1345 999.3685 999.546 999.745 999.8365 999.865 999.7605 999.622 999.575 999.553 999.5295 999.46 999.4915 999.634 1000.241 1001.135 1002.25 1003.09 1003.45 1003.77 1004.07 1004.37 1004.67 1004.716 -9999 -9999 -9999 -9999 -9999 -9999 -9999 -9999 -9999 -9999 -9999 -9999 -9999 -9999 -9999 -9999 -9999 -9999 -9999 -9999 -9999 -9999 -9999 -9999 -9999 -9999 -9999 -9999 -9999 -9999 -9999 -9999
1000.81 1000.535 1000.25 999.9315 999.5804 999.309 999.0915 998.8785 998.7255 998.588 998.4915 998.4821 998.6035 998.7314 999.0935 999.1805 999.4285 999.562 999.7015 999.7729 999.792 999.665 999.577 999.5815 999.5445 999.466 999.3975 999.4435 999.688 1000.445 1001.49 1002.545 1003.2 1003.505 1003.81 1004.11 1004.41 1004.71 -9999 -9999 -9999 -9999 -9999 -9999 -9999 -9999 -9999 -9999 -9999 -9999 -9999 -9999 -9999 -9999 -9999 -9999 -9999 -9999 -9999 -9999 -9999 -9999 -9999 -9999 -9999 -9999 -9999 -9999 -9999 -9999 -9999
1000.64 1000.365 1000.059 999.7495 999.4385 999.1335 998.9255 998.739 998.5699 998.42 998.3525 998.4016 998.53 999.0165 999.0955 999.2815 999.4565 999.5765 999.6545 999.6785 999.6485 999.5446 999.5755 999.588 999.5525 999.439 999.319 999.4645 999.7515 1000.647 1001.775 1002.74 1003.26 1003.545 1003.85 1004.15 1004.45 1004.75 -9999 -9999 -9999 -9999 -9999 -9999 -9999 -9999 -9999 -9999 -9999 -9999 -9999 -9999 -9999 -9999 -9999 -9999 -9999 -9999 -9999 -9999 -9999 -9999 -9999 -9999 -9999 -9999 -9999 -9999 -9999 -9999 -9999
1000.55 1000.3 999.8995 999.654 999.3965 999.035 998.793 998.587 998.376 998.324 998.2005 998.4215 998.8795 999.167 999.2455 999.3015 999.4235 999.525 999.5795 999.5835 999.5505 999.585 999.6125 999.6695 999.589 999.3865 999.276 999.4695 1000.069 1000.985 1002 1002.9 1003.32 1003.6 1003.89 1004.19 1004.49 1004.706 -9999 -9999 -9999 -9999 -9999 -9999 -9999 -9999 -9999 -9999 -9999 -9999 -9999 -9999 -9999 -9999 -9999 -9999 -9999 -9999 -9999 -9999 -9999 -9999 -9999 -9999 -9999 -9999 -9999 -9999 -9999 -9999 -9999
1000.7 1000.296 999.847 999.5965 999.2896 998.8695 998.64 998.385 998.3855 998.2745 998.3555 998.697 999.179 999.408 999.363 999.324 999.407 999.463 999.523 999.5435 999.5425 999.5854 999.6485 999.7215 999.5925 999.3255 999.276 999.5765 1000.31 1001.245 1002.21 1002.985 1003.39 1003.66 1003.94 1004.23 1004.53 -9999 -9999 -9999 -9999 -9999 -9999 -9999 -9999 -9999 -9999 -9999 -9999 -9999 -9999 -9999 -9999 -9999 -9999 -9999 -9999 -9999 -9999 -9999 -9999 -9999 -9999 -9999 -9999 -9999 -9999 -9999 -9999 -9999 -9999
1000.89 1000.179 999.6455 999.473 998.8705 998.699 998.4435 998.441 998.476 998.3545 998.5325 998.976 999.4505 999.6395 999.473 999.3635 999.366 999.421 999.4825 999.5085 999.534 999.575 999.7065 999.701 999.5485 999.2805 999.2815 999.705 1000.51 1001.365 1002.275 1003.035 1003.47 1003.73 1004 1004.28 1004.57 -9999 -9999 -9999 -9999 -9999 -9999 -9999 -9999 -9999 -9999 -9999 -9999 -9999 -9999 -9999 -9999 -9999 -9999 -9999 -9999 -9999 -9999 -9999 -9999 -9999 -9999 -9999 -9999 -9999 -9999 -9999 -9999 -9999 -9999
1000.715 999.8515 999.484 999.1985 998.808 998.5475 998.3845 998.525 998.4625 998.561 998.768 999.2655 999.5645 999.631 999.5255 999.3525 999.355 999.4189 999.498 999.525 999.505 999.6325 999.711 999.668 999.477 999.2745 999.339 999.77 1000.56 1001.4 1002.31 1003.09 1003.545 1003.81 1004.07 1004.34 1004.645 -9999 -9999 -9999 -9999 -9999 -9999 -9999 -9999 -9999 -9999 -9999 -9999 -9999 -9999 -9999 -9999 -9999 -9999 -9999 -9999 -9999 -9999 -9999 -9999 -9999 -9999 -9999 -9999 -9999 -9999 -9999 -9999 -9999 -9999
1000.37 999.5655 999.1635 998.832 998.671 998.4925 998.358 998.4635 998.5585 998.6885 999.1395 999.2355 999.4825 999.6295 999.5365 999.3665 999.3715 999.4565 999.532 999.5505 999.5845 999.708 999.6945 999.6415 999.424 999.3185 999.4545 999.8515 1000.605 1001.44 1002.34 1003.14 1003.625 1003.885 1004.145 1004.405 -9999 -9999 -9999 -9999 -9999 -9999 -9999 -9999 -9999 -9999 -9999 -9999 -9999 -9999 -9999 -9999 -9999 -9999 -9999 -9999 -9999 -9999 -9999 -9999 -9999 -9999 -9999 -9999 -9999 -9999 -9999 -9999 -9999 -9999 -9999
1000.029 999.2295 998.8515 998.7195 998.6675 998.452 998.4195 998.5465 998.6625 999.035 999.124 999.2265 999.4189 999.6325 999.52 999.3935 999.405 999.466 999.5685 999.5255 999.69 999.742 999.72 999.5865 999.348 999.3455 999.4406 999.878 1000.67 1001.485 1002.375 1003.2 1003.7 1003.96 1004.235 1004.52 -9999 -9999 -9999 -9999 -9999 -9999 -9999 -9999 -9999 -9999 -9999 -9999 -9999 -9999 -9999 -9999 -9999 -9999 -9999 -9999 -9999 -9999 -9999 -9999 -9999 -9999 -9999 -9999 -9999 -9999 -9999 -9999 -9999 -9999 -9999
999.8425 999.113 998.776 998.709 998.6265 998.6005 998.56 998.644 998.8455 999.0575 999.111 999.1845 999.4055 999.5985 999.5175 999.4395 999.418 999.4065 999.473 999.5665 999.7075 999.787 999.7165 999.4855 999.2845 999.2865 999.439 999.974 1000.78 1001.695 1002.585 1003.42 1003.795 1004.085 1004.375 1004.66 -9999 -9999 -9999 -9999 -9999 -9999 -9999 -9999 -9999 -9999 -9999 -9999 -9999 -9999 -9999 -9999 -9999 -9999 -9999 -9999 -9999 -9999 -9999 -9999 -9999 -9999 -9999 -9999 -9999 -9999 -9999 -9999 -9999 -9999 -9999
999.669 999.0445 998.78 998.6485 998.561 998.566 998.5955 998.715 998.913 999.121 999.118 999.2055 999.413 999.534 999.4604 999.4225 999.4285 999.438 999.456 999.6025 999.759 999.7605 999.5916 999.403 999.254 999.3125 999.486 1000.124 1001.015 1001.98 1002.94 1003.695 1003.945 1004.225 1004.515 -9999 -9999 -9999 -9999 -9999 -9999 -9999 -9999 -9999 -9999 -9999 -9999 -9999 -9999 -9999 -9999 -9999 -9999 -9999 -9999 -9999 -9999 -9999 -9999 -9999 -9999 -9999 -9999 -9999 -9999 -9999 -9999 -9999 -9999 -9999 -9999
999.486 998.9485 998.691 998.5585 998.532 998.5295 998.6115 998.772 999.1125 999.108 999.1215 999.211 999.368 999.416 999.355 999.367 999.452 999.4855 999.532 999.614 999.7065 999.663 999.519 999.389 999.2905 999.308 999.5395 1000.4 1001.305 1002.29 1003.33 1003.805 1004.1 1004.365 1004.655 -9999 -9999 -9999 -9999 -9999 -9999 -9999 -9999 -9999 -9999 -9999 -9999 -9999 -9999 -9999 -9999 -9999 -9999 -9999 -9999 -9999 -9999 -9999 -9999 -9999 -9999 -9999 -9999 -9999 -9999 -9999 -9999 -9999 -9999 -9999 -9999
999.36 998.854 998.6245 998.5975 998.5885 998.593 998.6795 998.8995 999.096 999.1025 999.109 999.1825 999.32 999.3375 999.333 999.3985 999.511 999.5625 999.5595 999.603 999.6365 999.5965 999.432 999.3235 999.291 999.2995 999.8465 1000.78 1001.715 1002.645 1003.535 1003.92 1004.23 1004.505 1004.775 -9999 -9999 -9999 -9999 -9999 -9999 -9999 -9999 -9999 -9999 -9999 -9999 -9999 -9999 -9999 -9999 -9999 -9999 -9999 -9999 -9999 -9999 -9999 -9999 -9999 -9999 -9999 -9999 -9999 -9999 -9999 -9999 -9999 -9999 -9999 -9999
999.253 998.8265 998.6505 998.648 998.6415 998.679 998.716 998.968 999.03 999.0515 999.105 999.182 999.3005 999.3465 999.3765 999.4835 999.589 999.615 999.5835 999.589 999.571 999.5305 999.3475 999.145 999.154 999.3475 1000.49 1001.375 1002.28 1003.005 1003.7 1004.035 1004.325 1004.655 -9999 -9999 -9999 -9999 -9999 -9999 -9999 -9999 -9999 -9999 -9999 -9999 -9999 -9999 -9999 -9999 -9999 -9999 -9999 -9999 -9999 -9999 -9999 -9999 -9999 -9999 -9999 -9999 -9999 -9999 -9999 -9999 -9999 -9999 -9999 -9999 -9999
999.092 998.8265 998.6885 998.635 998.628 998.6895 998.7935 998.993 998.976 999.034 999.0915 999.2025 999.3115 999.3535 999.4185 999.5315 999.607 999.597 999.5665 999.526 999.506 999.4345 999.24 999.1175 999.057 1000.29 1001.35 1002.32 1003.15 1003.42 1003.895 1004.195 1004.52 1004.77 -9999 -9999 -9999 -9999 -9999 -9999 -9999 -9999 -9999 -9999 -9999 -9999 -9999 -9999 -9999 -9999 -9999 -9999 -9999 -9999 -9999 -9999 -9999 -9999 -9999 -9999 -9999 -9999 -9999 -9999 -9999 -9999 -9999 -9999 -9999 -9999 -9999
998.973 998.7925 998.6315 998.625 998.6105 998.6875 998.8855 998.8965 998.959 999.0285 999.14 999.2615 999.3565 999.3695 999.4495 999.5275 999.533 999.5275 999.504 999.468 999.4315 999.3155 999.098 998.946 999.86 1001.175 1002.385 1003.54 1003.865 1003.965 1004.18 1004.46 1004.725 -9999 -9999 -9999 -9999 -9999 -9999 -9999 -9999 -9999 -9999 -9999 -9999 -9999 -9999 -9999 -9999 -9999 -9999 -9999 -9999 -9999 -9999 -9999 -9999 -9999 -9999 -9999 -9999 -9999 -9999 -9999 -9999 -9999 -9999 -9999 -9999 -9999 -9999
998.914 998.7355 998.5925 998.5945 998.5985 998.6995 998.855 998.8995 998.9775 999.0775 999.1985 999.302 999.387 999.441 999.4335 999.472 999.4925 999.4875 999.453 999.401 999.3635 999.1815 998.873 999.113 1000.242 1001.91 1003.255 1004.03 1004.13 1004.275 1004.48 1004.675 1004.785 -9999 -9999 -9999 -9999 -9999 -9999 -9999 -9999 -9999 -9999 -9999 -9999 -9999 -9999 -9999 -9999 -9999 -9999 -9999 -9999 -9999 -9999 -9999 -9999 -9999 -9999 -9999 -9999 -9999 -9999 -9999 -9999 -9999 -9999 -9999 -9999 -9999 -9999
