sfe316_gcs_analysis/sfe_316.asc
ncols         172
nrows         340
xllcorner     2908.4791835246
yllcorner     1865.7388911233
cellsize      1
NODATA_value  -9999
[rows 128 to 159 of 340, columns 71 to 141 of 172]
-9999 -9999 -9999 -9999 -9999 -9999 -9999 -9999 -9999 1004.715 1004.71 1004.706 1004.702 1004.697 1004.693 1004.688 1004.684 1004.679 1004.674 1004.676 1004.504 1004.098 1003.695 1003.291 1002.828 1002.312 1001.796 1001.298 1000.849 1000.406 999.9633 999.7149 999.6251 999.5353 999.5173 999.7274 999.9371 999.9553 999.9691 1000.009 1000.01 1000.03 1000.03 1000.029 1000.105 1000.222 1000.338 1000.517 1000.849 1001.18 1001.503 1001.919 1002.33 1002.741 1003.152 1003.563 1003.899 1004.047 1004.196 1004.34 1004.52 1004.61 1004.63 1004.661 -9999 -9999 -9999 -9999 -9999 -9999 -9999
-9999 -9999 -9999 -9999 -9999 -9999 -9999 -9999 -9999 1004.713 1004.709 1004.704 1004.7 1004.696 1004.691 1004.687 1004.682 1004.677 1004.684 1004.673 1004.416 1003.989 1003.585 1003.163 1002.675 1002.159 1001.643 1001.168 1000.725 1000.282 999.8553 999.6923 999.6025 999.5127 999.5752 999.7852 999.9448 999.9599 999.975 999.9902 999.9869 999.9406 999.9653 1000.03 1000.146 1000.262 1000.379 1000.633 1000.964 1001.296 1001.652 1002.063 1002.473 1002.884 1003.295 1003.706 1003.952 1004.101 1004.25 1004.406 1004.583 1004.61 1004.646 1004.669 -9999 -9999 -9999 -9999 -9999 -9999 -9999
-9999 -9999 -9999 -9999 -9999 -9999 -9999 -9999 1004.716 1004.712 1004.707 1004.703 1004.699 1004.694 1004.69 1004.685 1004.68 1004.675 1004.682 1004.67 1004.299 1003.88 1003.476 1003.021 1002.523 1002.007 1001.504 1001.044 1000.601 1000.158 999.7596 999.6697 999.58 999.4926 999.6331 999.8431 999.9474 999.9625 999.9777 999.994 999.9962 999.9983 1000 1000.087 1000.227 1000.389 1000.437 1000.749 1001.08 1001.412 1001.795 1002.205 1002.616 1003.027 1003.438 1003.849 1004.006 1004.155 1004.304 1004.469 1004.61 1004.61 1004.654 1004.677 -9999 -9999 -9999 -9999 -9999 -9999 -9999
-9999 -9999 -9999 -9999 -9999 -9999 -9999 -9999 1004.714 1004.71 1004.706 1004.701 1004.697 1004.693 1004.688 1004.683 1004.678 1004.684 1004.679 1004.591 1004.174 1003.77 1003.355 1002.879 1002.37 1001.855 1001.374 1000.92 1000.477 1000.046 999.737 999.6472 999.5574 999.481 999.691 999.887 999.95 999.9651 999.9803 999.9966 999.9987 1000.001 1000.018 1000.114 1000.21 1000.306 1000.587 1000.794 1001.153 1001.58 1001.938 1002.348 1002.759 1003.17 1003.581 1003.911 1004.06 1004.208 1004.355 1004.533 1004.61 1004.628 1004.662 -9999 -9999 -9999 -9999 -9999 -9999 -9999 -9999
-9999 -9999 -9999 -9999 -9999 -9999 -9999 1004.717 1004.713 1004.708 1004.704 1004.7 1004.696 1004.691 1004.686 1004.681 1004.677 1004.689 1004.676 1004.503 1004.064 1003.661 1003.213 1002.734 1002.218 1001.71 1001.243 1000.796 1000.353 999.9415 999.7144 999.6246 999.5366 999.5389 999.749 999.9141 999.9526 999.9678 999.9855 999.9991 1000.001 1000.003 1000.04 1000.136 1000.232 1000.368 1000.671 1000.975 1001.278 1001.78 1002.252 1002.569 1002.9 1003.313 1003.724 1003.964 1004.113 1004.262 1004.419 1004.596 1004.61 1004.647 1004.67 -9999 -9999 -9999 -9999 -9999 -9999 -9999 -9999
-9999 -9999 -9999 -9999 -9999 -9999 -9999 1004.716 1004.711 1004.707 1004.703 1004.698 1004.694 1004.689 1004.685 1004.68 1004.685 1004.685 1004.673 1004.392 1003.955 1003.548 1003.072 1002.582 1002.066 1001.58 1001.115 1000.672 1000.236 999.8372 999.6919 999.6021 999.517 999.5969 999.8069 999.9401 999.9552 999.9703 999.9939 1000.002 1000.004 1000.005 1000.062 1000.158 1000.254 1000.438 1000.741 1001.045 1001.39 1001.89 1002.391 1002.891 1003.253 1003.573 1003.859 1004.018 1004.167 1004.316 1004.483 1004.61 1004.61 1004.655 1004.678 -9999 -9999 -9999 -9999 -9999 -9999 -9999 -9999
-9999 -9999 -9999 -9999 -9999 -9999 1004.718 1004.714 1004.71 1004.706 1004.701 1004.697 1004.692 1004.688 1004.683 1004.678 1004.696 1004.682 1004.67 1004.26 1003.846 1003.406 1002.93 1002.429 1001.916 1001.449 1000.991 1000.548 1000.132 999.7591 999.6693 999.5806 999.4974 999.6548 999.8369 999.9427 999.9578 999.973 1000.002 1000.004 1000.006 1000.007 1000.084 1000.18 1000.28 1000.508 1000.811 1001.115 1001.508 1002.009 1002.509 1002.965 1003.353 1003.743 1003.893 1004.003 1004.164 1004.362 1004.546 1004.61 1004.626 1004.663 -9999 -9999 -9999 -9999 -9999 -9999 -9999 -9999 -9999
-9999 -9999 -9999 -9999 -9999 -9999 1004.717 1004.713 1004.708 1004.704 1004.7 1004.695 1004.691 1004.686 1004.681 1004.686 1004.691 1004.679 1004.59 1004.14 1003.736 1003.264 1002.788 1002.277 1001.786 1001.319 1000.867 1000.427 1000.028 999.7366 999.6467 999.561 999.5026 999.7126 999.8641 999.9453 999.9604 999.9808 1000.005 1000.007 1000.009 1000.009 1000.106 1000.202 1000.311 1000.578 1000.881 1001.191 1001.627 1002.127 1002.628 1003.039 1003.427 1003.791 1003.932 1004.074 1004.215 1004.404 1004.603 1004.61 1004.645 1004.671 -9999 -9999 -9999 -9999 -9999 -9999 -9999 -9999 -9999
-9999 -9999 -9999 -9999 -9999 1004.695 1004.715 1004.711 1004.707 1004.703 1004.698 1004.694 1004.689 1004.684 1004.679 1004.697 1004.688 1004.676 1004.486 1004.031 1003.598 1003.122 1002.64 1002.125 1001.656 1001.189 1000.743 1000.322 999.9233 999.714 999.6245 999.5414 999.5605 999.7596 999.8912 999.9479 999.963 999.9892 1000.007 1000.009 1000.01 1000.031 1000.127 1000.223 1000.344 1000.648 1000.951 1001.276 1001.745 1002.245 1002.726 1003.114 1003.506 1003.827 1003.968 1004.11 1004.262 1004.454 1004.61 1004.61 1004.656 1004.679 -9999 -9999 -9999 -9999 -9999 -9999 -9999 -9999 -9999
-9999 -9999 -9999 -9999 -9999 1004.718 1004.714 1004.71 1004.705 1004.701 1004.697 1004.692 1004.687 1004.682 1004.686 1004.699 1004.685 1004.673 1004.353 1003.921 1003.456 1002.98 1002.488 1001.992 1001.525 1001.062 1000.619 1000.218 999.8191 999.6914 999.605 999.5219 999.6185 999.7868 999.9184 999.9505 999.9677 999.9976 1000.01 1000.012 1000.012 1000.053 1000.149 1000.254 1000.414 1000.717 1001.021 1001.363 1001.863 1002.364 1002.8 1003.188 1003.603 1003.862 1004.004 1004.145 1004.31 1004.505 1004.61 1004.624 1004.664 -9999 -9999 -9999 -9999 -9999 -9999 -9999 -9999 -9999 -9999
-9999 -9999 -9999 -9999 -9999 1004.717 1004.712 1004.708 1004.704 1004.7 1004.695 1004.69 1004.685 1004.681 1004.697 1004.694 1004.682 1004.67 1004.221 1003.79 1003.314 1002.838 1002.336 1001.862 1001.395 1000.938 1000.513 1000.114 999.7587 999.6689 999.5854 999.5023 999.6764 999.814 999.938 999.9531 999.9761 1000.006 1000.012 1000.014 1000.013 1000.075 1000.171 1000.285 1000.484 1000.787 1001.104 1001.481 1001.982 1002.482 1002.874 1003.27 1003.699 1003.898 1004.04 1004.183 1004.358 1004.556 1004.61 1004.643 1004.672 -9999 -9999 -9999 -9999 -9999 -9999 -9999 -9999 -9999 -9999
-9999 -9999 -9999 -9999 1004.72 1004.715 1004.711 1004.707 1004.702 1004.698 1004.693 1004.689 1004.684 1004.687 1004.708 1004.691 1004.679 1004.579 1004.106 1003.649 1003.173 1002.697 1002.198 1001.731 1001.265 1000.814 1000.408 1000.009 999.7361 999.649 999.5658 999.5243 999.7095 999.8411 999.9406 999.9557 999.9845 1000.013 1000.015 1000.015 1000.015 1000.097 1000.196 1000.316 1000.554 1000.857 1001.189 1001.6 1002.1 1002.561 1002.948 1003.367 1003.792 1003.934 1004.075 1004.223 1004.406 1004.604 1004.61 1004.657 1004.68 -9999 -9999 -9999 -9999 -9999 -9999 -9999 -9999 -9999 -9999
-9999 -9999 -9999 -9999 1004.718 1004.714 1004.709 1004.705 1004.701 1004.696 1004.692 1004.687 1004.682 1004.698 1004.7 1004.688 1004.676 1004.447 1003.983 1003.507 1003.031 1002.547 1002.068 1001.601 1001.135 1000.703 1000.304 999.9052 999.7136 999.6294 999.5463 999.5822 999.7367 999.8683 999.9432 999.963 999.9929 1000.015 1000.017 1000.017 1000.023 1000.119 1000.227 1000.347 1000.624 1000.932 1001.274 1001.718 1002.219 1002.635 1003.034 1003.464 1003.828 1003.97 1004.111 1004.264 1004.457 1004.61 1004.622 1004.665 -9999 -9999 -9999 -9999 -9999 -9999 -9999 -9999 -9999 -9999 -9999
-9999 -9999 -9999 1004.721 1004.717 1004.712 1004.708 1004.704 1004.699 1004.695 1004.69 1004.685 1004.688 1004.709 1004.697 1004.685 1004.673 1004.315 1003.841 1003.365 1002.889 1002.404 1001.937 1001.471 1001.009 1000.599 1000.2 999.801 999.6929 999.6098 999.5267 999.6323 999.7639 999.8954 999.9458 999.9714 1000.001 1000.018 1000.019 1000.018 1000.045 1000.141 1000.258 1000.39 1000.693 1001.017 1001.359 1001.836 1002.321 1002.709 1003.131 1003.56 1003.864 1004.005 1004.151 1004.312 1004.508 1004.61 1004.641 1004.673 -9999 -9999 -9999 -9999 -9999 -9999 -9999 -9999 -9999 -9999 -9999
-9999 -9999 -9999 1004.719 1004.715 1004.711 1004.706 1004.702 1004.698 1004.693 1004.688 1004.683 1004.699 1004.708 1004.694 1004.682 1004.657 1004.28 1003.81 1003.223 1002.747 1002.274 1001.807 1001.341 1000.893 1000.495 1000.096 999.7582 999.6734 999.5903 999.5071 999.6594 999.791 999.9226 999.9499 999.9797 1000.01 1000.02 1000.02 1000.02 1000.066 1000.17 1000.29 1000.46 1000.763 1001.102 1001.454 1001.955 1002.395 1002.797 1003.228 1003.656 1003.9 1004.041 1004.191 1004.36 1004.557 1004.61 1004.658 1004.681 -9999 -9999 -9999 -9999 -9999 -9999 -9999 -9999 -9999 -9999 -9999
-9999 -9999 1004.716 1004.718 1004.714 1004.709 1004.705 1004.701 1004.696 1004.691 1004.686 1004.688 1004.709 1004.703 1004.691 1004.679 1004.542 1004.201 1003.812 1003.433 1002.863 1002.238 1001.677 1001.21 1000.789 1000.39 999.9913 999.7369 999.6538 999.5707 999.5459 999.6866 999.8182 999.9359 999.9583 999.9882 1000.018 1000.022 1000.022 1000.021 1000.088 1000.201 1000.321 1000.53 1000.845 1001.187 1001.573 1002.073 1002.47 1002.895 1003.324 1003.752 1003.935 1004.078 1004.232 1004.409 1004.605 1004.62 1004.666 -9999 -9999 -9999 -9999 -9999 -9999 -9999 -9999 -9999 -9999 -9999 -9999
-9999 -9999 1004.721 1004.716 1004.712 1004.708 1004.703 1004.699 1004.694 1004.69 1004.685 1004.699 1004.72 1004.7 1004.688 1004.676 1004.428 1004.018 1003.637 1003.255 1002.87 1002.377 1001.846 1001.236 1000.51 1000.286 999.8871 999.7173 999.6342 999.5511 999.5822 999.7137 999.8454 999.9385 999.9666 999.9965 1000.023 1000.024 1000.023 1000.023 1000.113 1000.232 1000.352 1000.6 1000.93 1001.272 1001.691 1002.156 1002.561 1002.992 1003.42 1003.83 1003.971 1004.119 1004.272 1004.46 1004.61 1004.639 1004.674 -9999 -9999 -9999 -9999 -9999 -9999 -9999 -9999 -9999 -9999 -9999 -9999
-9999 -9999 1004.719 1004.715 1004.711 1004.706 1004.702 1004.697 1004.693 1004.688 1004.689 1004.71 1004.709 1004.697 1004.685 1004.638 1004.302 1003.843 1003.461 1003.08 1002.671 1002.172 1001.674 1001.182 1000.757 1000.174 999.7874 999.6282 999.6147 999.5316 999.6093 999.7409 999.8726 999.9451 999.975 1000.005 1000.026 1000.025 1000.025 1000.036 1000.144 1000.263 1000.383 1000.673 1001.015 1001.357 1001.809 1002.23 1002.658 1003.088 1003.516 1003.865 1004.007 1004.159 1004.315 1004.509 1004.61 1004.658 1004.682 -9999 -9999 -9999 -9999 -9999 -9999 -9999 -9999 -9999 -9999 -9999 -9999
-9999 1004.722 1004.718 1004.713 1004.709 1004.705 1004.7 1004.696 1004.691 1004.686 1004.7 1004.721 1004.706 1004.694 1004.684 1004.524 1004.115 1003.668 1003.286 1002.905 1002.466 1001.968 1001.469 1001.023 1000.593 1000.163 999.7535 999.6668 999.5402 999.4825 999.6389 999.7681 999.8997 999.9536 999.9834 1000.013 1000.027 1000.027 1000.026 1000.058 1000.175 1000.294 1000.436 1000.758 1001.1 1001.442 1001.916 1002.324 1002.756 1003.185 1003.612 1003.901 1004.046 1004.199 1004.363 1004.558 1004.618 1004.667 -9999 -9999 -9999 -9999 -9999 -9999 -9999 -9999 -9999 -9999 -9999 -9999 -9999
-9999 1004.721 1004.716 1004.712 1004.708 1004.703 1004.699 1004.694 1004.689 1004.69 1004.711 1004.718 1004.703 1004.691 1004.67 1004.405 1003.932 1003.493 1003.111 1002.716 1002.262 1001.764 1001.265 1000.859 1000.43 999.9998 999.7247 999.6373 999.5498 999.4786 999.6772 999.8629 999.9367 999.9708 999.9918 1000.022 1000.029 1000.028 1000.028 1000.086 1000.206 1000.325 1000.506 1000.843 1001.185 1001.546 1001.991 1002.422 1002.853 1003.281 1003.709 1003.937 1004.086 1004.24 1004.412 1004.606 1004.637 1004.675 -9999 -9999 -9999 -9999 -9999 -9999 -9999 -9999 -9999 -9999 -9999 -9999 -9999
1004.723 1004.719 1004.715 1004.71 1004.706 1004.702 1004.697 1004.692 1004.688 1004.701 1004.722 1004.711 1004.7 1004.689 1004.619 1004.212 1003.749 1003.318 1002.936 1002.517 1002.058 1001.559 1001.086 1000.696 1000.266 999.8361 999.6952 999.6077 999.5203 999.5593 999.7579 999.9426 999.9575 999.968 999.9988 999.9865 999.981 1000.03 1000.029 1000.117 1000.237 1000.357 1000.586 1000.928 1001.27 1001.664 1002.088 1002.519 1002.949 1003.377 1003.805 1003.974 1004.127 1004.28 1004.462 1004.61 1004.656 1004.683 -9999 -9999 -9999 -9999 -9999 -9999 -9999 -9999 -9999 -9999 -9999 -9999 -9999
1004.722 1004.718 1004.713 1004.709 1004.705 1004.7 1004.695 1004.691 1004.691 1004.712 1004.732 1004.709 1004.697 1004.676 1004.505 1004.028 1003.566 1003.143 1002.761 1002.318 1001.853 1001.355 1000.927 1000.532 1000.102 999.7471 999.6656 999.5782 999.4907 999.6401 999.8387 999.9459 999.9608 999.9757 999.993 999.9946 999.9813 999.9734 1000.033 1000.224 1000.268 1000.388 1000.671 1001.013 1001.355 1001.754 1002.185 1002.617 1003.045 1003.473 1003.867 1004.014 1004.167 1004.32 1004.51 1004.616 1004.668 -9999 -9999 -9999 -9999 -9999 -9999 -9999 -9999 -9999 -9999 -9999 -9999 -9999 -9999
1004.72 1004.716 1004.712 1004.707 1004.703 1004.698 1004.694 1004.689 1004.701 1004.722 1004.717 1004.706 1004.694 1004.67 1004.314 1003.845 1003.383 1002.967 1002.563 1002.119 1001.649 1001.15 1000.768 1000.368 999.9385 999.7183 999.6361 999.5486 999.5223 999.7209 999.8879 999.9492 999.9641 999.979 999.9971 999.9987 1000 1000.002 1000.095 1000.178 1000.352 1000.454 1000.726 1001.098 1001.44 1001.852 1002.283 1002.713 1003.141 1003.569 1003.902 1004.054 1004.207 1004.365 1004.558 1004.635 1004.676 -9999 -9999 -9999 -9999 -9999 -9999 -9999 -9999 -9999 -9999 -9999 -9999 -9999 -9999
1004.719 1004.715 1004.71 1004.706 1004.701 1004.697 1004.692 1004.691 1004.712 1004.733 1004.714 1004.703 1004.685 1004.6 1004.125 1003.662 1003.2 1002.792 1002.364 1001.92 1001.445 1000.99 1000.609 1000.205 999.7748 999.6895 999.6066 999.5191 999.6031 999.796 999.9245 999.9526 999.9675 999.9885 1000.001 1000.003 1000.004 1000.032 1000.126 1000.219 1000.318 1000.612 1000.876 1001.168 1001.651 1001.973 1002.38 1002.809 1003.237 1003.665 1003.941 1004.094 1004.248 1004.415 1004.606 1004.654 1004.685 -9999 -9999 -9999 -9999 -9999 -9999 -9999 -9999 -9999 -9999 -9999 -9999 -9999 -9999
1004.717 1004.713 1004.709 1004.704 1004.7 1004.695 1004.69 1004.702 1004.723 1004.727 1004.711 1004.7 1004.67 1004.417 1003.942 1003.479 1003.017 1002.608 1002.165 1001.721 1001.24 1000.831 1000.45 1000.041 999.7407 999.6607 999.577 999.4896 999.6838 999.8325 999.941 999.9559 999.9719 1000.001 1000.005 1000.007 1000.007 1000.062 1000.156 1000.249 1000.414 1000.708 1001.003 1001.305 1001.791 1002.297 1002.667 1002.987 1003.333 1003.761 1003.982 1004.135 1004.288 1004.463 1004.613 1004.669 -9999 -9999 -9999 -9999 -9999 -9999 -9999 -9999 -9999 -9999 -9999 -9999 -9999 -9999 -9999
1004.716 1004.712 1004.707 1004.703 1004.698 1004.693 1004.692 1004.713 1004.734 1004.72 1004.708 1004.694 1004.67 1004.224 1003.759 1003.296 1002.834 1002.409 1001.966 1001.522 1001.053 1000.672 1000.291 999.8773 999.7119 999.6319 999.5475 999.566 999.7406 999.8691 999.9443 999.9592 999.9839 1000.008 1000.009 1000.011 1000.01 1000.092 1000.186 1000.289 1000.51 1000.805 1001.099 1001.47 1001.955 1002.44 1002.91 1003.283 1003.615 1003.854 1003.989 1004.175 1004.328 1004.511 1004.633 1004.677 -9999 -9999 -9999 -9999 -9999 -9999 -9999 -9999 -9999 -9999 -9999 -9999 -9999 -9999 -9999
1004.714 1004.71 1004.706 1004.701 1004.696 1004.692 1004.703 1004.724 1004.745 1004.717 1004.706 1004.676 1004.535 1004.227 1003.81 1003.184 1002.651 1002.21 1001.767 1001.323 1000.894 1000.513 1000.132 999.7632 999.6831 999.603 999.5179 999.6468 999.7772 999.9056 999.9476 999.9673 999.9959 1000.012 1000.014 1000.013 1000.029 1000.122 1000.218 1000.333 1000.607 1000.901 1001.212 1001.634 1002.119 1002.604 1003.015 1003.388 1003.766 1003.903 1004.033 1004.168 1004.363 1004.559 1004.652 1004.686 -9999 -9999 -9999 -9999 -9999 -9999 -9999 -9999 -9999 -9999 -9999 -9999 -9999 -9999 -9999
1004.713 1004.709 1004.704 1004.699 1004.695 1004.693 1004.714 1004.735 1004.726 1004.714 1004.703 1004.67 1004.364 1004.023 1003.649 1003.307 1002.862 1002.234 1001.628 1001.124 1000.735 1000.354 999.9733 999.7343 999.6543 999.5742 999.529 999.6852 999.8137 999.9361 999.951 999.9792 1000.008 1000.016 1000.017 1000.016 1000.059 1000.153 1000.262 1000.409 1000.703 1001 1001.331 1001.798 1002.283 1002.739 1003.119 1003.492 1003.817 1003.953 1004.09 1004.229 1004.419 1004.611 1004.67 1004.694 -9999 -9999 -9999 -9999 -9999 -9999 -9999 -9999 -9999 -9999 -9999 -9999 -9999 -9999 -9999
1004.711 1004.707 1004.702 1004.698 1004.693 1004.703 1004.724 1004.745 1004.723 1004.711 1004.685 1004.485 1004.186 1003.757 1003.382 1003.04 1002.673 1002.069 1001.668 1001.193 1000.291 1000.086 999.8145 999.7055 999.6255 999.5454 999.5933 999.7217 999.8502 999.9394 999.9626 999.9913 1000.018 1000.02 1000.019 1000.018 1000.089 1000.19 1000.305 1000.505 1000.799 1001.119 1001.477 1001.962 1002.442 1002.851 1003.224 1003.616 1003.867 1004.003 1004.14 1004.298 1004.493 1004.631 1004.678 -9999 -9999 -9999 -9999 -9999 -9999 -9999 -9999 -9999 -9999 -9999 -9999 -9999 -9999 -9999 -9999
1004.71 1004.705 1004.701 1004.696 1004.693 1004.714 1004.735 1004.737 1004.72 1004.711 1004.67 1004.29 1003.96 1003.491 1003.116 1002.774 1002.37 1001.802 1001.401 1001.015 1000.09 999.933 999.7631 999.5576 999.5508 999.5166 999.6298 999.7582 999.8868 999.946 999.9747 1000.003 1000.023 1000.023 1000.022 1000.026 1000.119 1000.234 1000.349 1000.601 1000.908 1001.238 1001.641 1002.127 1002.565 1002.956 1003.332 1003.748 1003.917 1004.054 1004.195 1004.368 1004.565 1004.65 1004.687 -9999 -9999 -9999 -9999 -9999 -9999 -9999 -9999 -9999 -9999 -9999 -9999 -9999 -9999 -9999 -9999
1004.708 1004.704 1004.699 1004.694 1004.704 1004.725 1004.746 1004.729 1004.717 1004.694 1004.489 1004.095 1003.733 1003.225 1002.849 1002.507 1002.067 1001.535 1001.131 1000.772 1000.001 999.8438 999.722 999.5085 999.4872 999.4733 999.6371 999.8124 999.9233 999.958 999.9867 1000.015 1000.026 1000.025 1000.024 1000.056 1000.163 1000.278 1000.403 1000.698 1001.027 1001.357 1001.806 1002.268 1002.687 1003.06 1003.464 1003.831 1003.967 1004.105 1004.252 1004.44 1004.612 1004.669 1004.695 -9999 -9999 -9999 -9999 -9999 -9999 -9999 -9999 -9999 -9999 -9999 -9999 -9999 -9999 -9999 -9999
1004.707 1004.702 1004.697 1004.694 1004.715 1004.736 1004.757 1004.726 1004.72 1004.676 1004.246 1003.868 1003.506 1002.959 1002.582 1002.241 1001.764 1001.268 1000.842 1000.529 999.9113 999.7574 999.6791 999.5051 999.4838 999.5273 999.7249 999.9209 999.9385 999.9792 1000.007 1000.027 1000.029 1000.028 1000.027 1000.091 1000.207 1000.322 1000.499 1000.816 1001.146 1001.485 1001.97 1002.39 1002.792 1003.18 1003.596 1003.881 1004.017 1004.162 1004.317 1004.512 1004.629 1004.679 -9999 -9999 -9999 -9999 -9999 -9999 -9999 -9999 -9999 -9999 -9999 -9999 -9999 -9999 -9999 -9999 -9999
