sfe2248_gcs_analysis/sfe_2248.asc
ncols         371
nrows         175
xllcorner     2952.7645253948
yllcorner     1972.4924739049
cellsize      0.4
NODATA_value  -9999
[rows 64 to 95 of 175, columns 144 to 215 of 371]
-9999 -9999 -9999 -9999 -9999 -9999 -9999 -9999 -9999 -9999 -9999 -9999 -9999 -9999 -9999 -9999 -9999 -9999 -9999 -9999 -9999 -9999 -9999 -9999 -9999 -9999 -9999 -9999 -9999 -9999 -9999 -9999 -9999 -9999 -9999 -9999 -9999 -9999 -9999 1003.468 1003.477 1003.485 1003.496 1003.516 1003.535 1003.467 1003.339 1003.211 1003.083 1002.954 1002.825 1002.696 1002.62 1002.501 1002.361 1002.22 1002.079 1001.957 1001.88 1001.74 1001.733 1001.71 1001.649 1001.588 1001.528 1001.467 1001.406 1001.304 1001.228 1001.159 1001.091 1001.022
-9999 -9999 -9999 -9999 -9999 -9999 -9999 -9999 -9999 -9999 -9999 -9999 -9999 -9999 -9999 -9999 -9999 -9999 -9999 -9999 -9999 -9999 -9999 -9999 -9999 -9999 -9999 -9999 -9999 -9999 -9999 -9999 -9999 -9999 -9999 -9999 1003.464 1003.473 1003.481 1003.49 1003.509 1003.529 1003.508 1003.372 1003.244 1003.117 1002.988 1002.859 1002.73 1002.611 1002.542 1002.433 1002.292 1002.152 1002.011 1001.907 1001.83 1001.753 1001.676 1001.598 1001.468 1001.53 1001.47 1001.409 1001.347 1001.257 1001.188 1001.119 1001.05 1000.981 1000.912 1000.843
-9999 -9999 -9999 -9999 -9999 -9999 -9999 -9999 -9999 -9999 -9999 -9999 -9999 -9999 -9999 -9999 -9999 -9999 -9999 -9999 -9999 -9999 -9999 -9999 -9999 -9999 -9999 -9999 -9999 -9999 -9999 -9999 -9999 -9999 1003.469 1003.478 1003.486 1003.503 1003.522 1003.54 1003.406 1003.278 1003.15 1003.021 1002.892 1002.763 1002.634 1002.533 1002.464 1002.365 1002.224 1002.083 1001.943 1001.858 1001.78 1001.703 1001.626 1001.549 1001.471 1001.394 1001.317 1001.323 1001.288 1001.216 1001.147 1001.078 1001.009 1000.941 1000.872 1000.803 1000.734 1000.665
-9999 -9999 -9999 -9999 -9999 -9999 -9999 -9999 -9999 -9999 -9999 -9999 -9999 -9999 -9999 -9999 -9999 -9999 -9999 -9999 -9999 -9999 -9999 -9999 -9999 -9999 -9999 -9999 -9999 -9999 -9999 1003.465 1003.474 1003.482 1003.497 1003.516 1003.535 1003.442 1003.312 1003.183 1003.054 1002.925 1002.796 1002.667 1002.538 1002.455 1002.386 1002.296 1002.155 1002.015 1001.885 1001.808 1001.731 1001.653 1001.576 1001.499 1001.422 1001.345 1001.222 1001.036 1001.049 1001.264 1001.107 1001.038 1000.969 1000.9 1000.831 1000.762 1000.693 1000.624 1000.555 1000.486
-9999 -9999 -9999 -9999 -9999 -9999 -9999 -9999 -9999 -9999 -9999 -9999 -9999 -9999 -9999 -9999 -9999 -9999 -9999 -9999 -9999 -9999 -9999 -9999 -9999 -9999 -9999 -9999 1003.462 1003.47 1003.479 1003.491 1003.51 1003.529 1003.484 1003.345 1003.217 1003.088 1002.959 1002.83 1002.701 1002.572 1002.446 1002.377 1002.308 1002.228 1002.087 1001.946 1001.835 1001.758 1001.681 1001.604 1001.526 1001.449 1001.374 1001.306 1001.122 1000.936 1000.75 1000.564 1000.378 1000.455 1000.988 1000.859 1000.79 1000.722 1000.653 1000.584 1000.515 1000.446 1000.377 1000.394
-9999 -9999 -9999 -9999 -9999 -9999 -9999 -9999 -9999 -9999 -9999 -9999 -9999 -9999 -9999 -9999 -9999 -9999 -9999 -9999 -9999 -9999 -9999 -9999 -9999 1003.458 1003.466 1003.475 1003.484 1003.504 1003.523 1003.526 1003.379 1003.25 1003.121 1002.992 1002.863 1002.734 1002.605 1002.476 1002.368 1002.299 1002.23 1002.159 1002.019 1001.878 1001.785 1001.708 1001.631 1001.554 1001.477 1001.404 1001.336 1001.208 1001.022 1000.836 1000.65 1000.464 1000.281 1000.187 1000.168 1000.129 1000.501 1000.681 1000.612 1000.543 1000.474 1000.405 1000.336 1000.357 1000.38 1000.403
-9999 -9999 -9999 -9999 -9999 -9999 -9999 -9999 -9999 -9999 -9999 -9999 -9999 -9999 -9999 -9999 -9999 -9999 -9999 -9999 -9999 -9999 -9999 1003.463 1003.471 1003.48 1003.497 1003.517 1003.536 1003.435 1003.307 1003.158 1003.025 1002.896 1002.767 1002.638 1002.509 1002.38 1002.29 1002.221 1002.152 1002.083 1001.95 1001.813 1001.736 1001.658 1001.581 1001.504 1001.434 1001.366 1001.294 1001.108 1000.922 1000.736 1000.55 1000.392 1000.298 1000.205 1000.175 1000.158 1000.141 1000.124 1000.106 1000.503 1000.434 1000.365 1000.297 1000.32 1000.343 1000.366 1000.388 1000.291
-9999 -9999 -9999 -9999 -9999 -9999 -9999 -9999 -9999 -9999 -9999 -9999 -9999 -9999 -9999 -9999 -9999 -9999 -9999 -9999 1003.459 1003.467 1003.476 1003.491 1003.51 1003.53 1003.469 1003.34 1003.212 1003.085 1002.957 1002.808 1002.672 1002.543 1002.414 1002.285 1002.212 1002.143 1002.074 1002.005 1001.882 1001.763 1001.686 1001.609 1001.532 1001.464 1001.395 1001.327 1001.194 1001.008 1000.822 1000.636 1000.503 1000.41 1000.316 1000.223 1000.183 1000.166 1000.149 1000.132 1000.125 1000.144 1000.176 1000.208 1000.26 1000.283 1000.306 1000.329 1000.352 1000.286 1000.289 1000.301
-9999 -9999 -9999 -9999 -9999 -9999 -9999 -9999 -9999 -9999 -9999 -9999 -9999 -9999 -9999 -9999 -9999 1003.455 1003.464 1003.472 1003.485 1003.504 1003.523 1003.516 1003.373 1003.246 1003.118 1002.989 1002.861 1002.732 1002.603 1002.458 1002.318 1002.203 1002.134 1002.065 1001.996 1001.927 1001.813 1001.713 1001.636 1001.562 1001.494 1001.425 1001.357 1001.28 1001.094 1000.908 1000.722 1000.614 1000.521 1000.427 1000.334 1000.241 1000.19 1000.173 1000.156 1000.139 1000.143 1000.163 1000.182 1000.201 1000.221 1000.261 1000.269 1000.292 1000.315 1000.285 1000.295 1000.308 1000.322 1000.335
-9999 -9999 -9999 -9999 -9999 -9999 -9999 -9999 -9999 -9999 -9999 -9999 -9999 -9999 -9999 1003.46 1003.469 1003.479 1003.498 1003.517 1003.537 1003.435 1003.29 1003.149 1003.021 1002.892 1002.764 1002.635 1002.506 1002.377 1002.248 1002.115 1002.001 1001.987 1001.918 1001.849 1001.745 1001.664 1001.592 1001.523 1001.455 1001.386 1001.318 1001.18 1000.994 1000.818 1000.725 1000.632 1000.538 1000.445 1000.352 1000.259 1000.198 1000.181 1000.164 1000.147 1000.162 1000.181 1000.2 1000.22 1000.239 1000.258 1000.278 1000.295 1000.29 1000.289 1000.302 1000.315 1000.329 1000.342 1000.355 1000.366
-9999 -9999 -9999 -9999 -9999 -9999 -9999 -9999 -9999 -9999 -9999 -9999 1003.456 1003.465 1003.473 1003.492 1003.511 1003.53 1003.53 1003.375 1003.23 1003.085 1002.94 1002.795 1002.667 1002.538 1002.41 1002.28 1002.151 1002.035 1001.949 1001.866 1001.72 1001.771 1001.691 1001.622 1001.553 1001.485 1001.416 1001.348 1001.266 1001.08 1000.929 1000.836 1000.743 1000.649 1000.556 1000.463 1000.37 1000.276 1000.206 1000.189 1000.172 1000.161 1000.18 1000.199 1000.219 1000.238 1000.257 1000.277 1000.295 1000.305 1000.313 1000.317 1000.315 1000.323 1000.336 1000.349 1000.362 1000.389 1000.444 1000.5
-9999 -9999 -9999 -9999 -9999 -9999 -9999 -9999 -9999 1003.453 1003.461 1003.47 1003.486 1003.505 1003.524 1003.571 1003.525 1003.37 1003.21 1003.025 1002.88 1002.735 1002.59 1002.445 1002.313 1002.184 1002.088 1002.001 1001.915 1001.83 1001.747 1001.663 1001.45 1001.519 1001.515 1001.446 1001.378 1001.309 1001.166 1001.04 1000.947 1000.854 1000.76 1000.667 1000.574 1000.481 1000.387 1000.294 1000.213 1000.196 1000.179 1000.179 1000.198 1000.218 1000.237 1000.256 1000.276 1000.291 1000.298 1000.311 1000.319 1000.326 1000.334 1000.341 1000.346 1000.356 1000.369 1000.421 1000.477 1000.532 1000.588 1000.643
-9999 -9999 -9999 -9999 -9999 -9999 1003.449 1003.457 1003.466 1003.479 1003.498 1003.518 1003.552 1003.581 1003.547 1003.415 1003.265 1003.1 1002.905 1002.74 1002.55 1002.385 1002.24 1002.1 1002.053 1001.967 1001.881 1001.795 1001.711 1001.628 1001.545 1001.461 1001.35 1001.341 1001.339 1001.252 1001.151 1001.058 1000.965 1000.871 1000.778 1000.685 1000.592 1000.498 1000.405 1000.312 1000.221 1000.204 1000.187 1000.197 1000.217 1000.236 1000.255 1000.275 1000.287 1000.294 1000.304 1000.317 1000.325 1000.332 1000.34 1000.347 1000.353 1000.358 1000.366 1000.381 1000.509 1000.565 1000.62 1000.676 1000.731 1000.787
-9999 -9999 -9999 -9999 1003.454 1003.462 1003.473 1003.492 1003.511 1003.534 1003.581 1003.571 1003.537 1003.445 1003.3 1003.155 1003 1002.835 1002.66 1002.465 1002.265 1002.035 1001.895 1001.815 1001.8 1001.76 1001.676 1001.593 1001.511 1001.432 1001.354 1001.225 1001.008 1001.273 1001.26 1001.076 1000.982 1000.889 1000.796 1000.703 1000.609 1000.516 1000.423 1000.33 1000.237 1000.212 1000.196 1000.216 1000.235 1000.254 1000.274 1000.283 1000.289 1000.297 1000.31 1000.323 1000.331 1000.338 1000.346 1000.353 1000.358 1000.362 1000.366 1000.371 1000.375 1000.385 1000.449 1000.708 1000.763 1000.819 1000.874 1000.93
-9999 1003.45 1003.458 1003.467 1003.486 1003.505 1003.519 1003.572 1003.588 1003.561 1003.527 1003.48 1003.335 1003.195 1003.05 1002.9 1002.73 1002.57 1002.41 1002.22 1002.025 1001.81 1001.625 1001.505 1001.53 1001.575 1001.497 1001.418 1001.34 1001.204 1000.986 1000.769 1000.552 1000.477 1000.541 1000.907 1000.814 1000.721 1000.627 1000.534 1000.441 1000.348 1000.254 1000.219 1000.215 1000.234 1000.253 1000.271 1000.278 1000.285 1000.292 1000.303 1000.316 1000.329 1000.336 1000.344 1000.352 1000.358 1000.362 1000.366 1000.371 1000.375 1000.379 1000.395 1000.416 1000.451 1000.477 1000.851 1000.907 1000.962 1001.018 1001.073
1003.463 1003.48 1003.499 1003.519 1003.564 1003.586 1003.584 1003.55 1003.516 1003.482 1003.375 1003.225 1003.08 1002.935 1002.785 1002.63 1002.47 1002.305 1002.15 1001.985 1001.8 1001.68 1001.465 1001.35 1001.375 1001.36 1001.326 1001.182 1000.965 1000.768 1000.618 1000.443 1000.214 1000.169 1000.113 1000.779 1000.645 1000.552 1000.459 1000.365 1000.272 1000.227 1000.233 1000.252 1000.267 1000.274 1000.281 1000.288 1000.295 1000.309 1000.322 1000.335 1000.342 1000.35 1000.358 1000.362 1000.366 1000.37 1000.375 1000.382 1000.395 1000.413 1000.434 1000.455 1000.476 1000.497 1000.523 1000.913 1001.05 1001.106 1001.161 1001.217
1003.512 1003.555 1003.577 1003.593 1003.574 1003.54 1003.506 1003.472 1003.405 1003.26 1003.115 1002.975 1002.825 1002.685 1002.53 1002.37 1002.205 1002.05 1001.9 1001.75 1001.65 1001.595 1001.4 1001.305 1001.285 1001.27 1001.19 1001.039 1000.828 1000.6 1000.371 1000.166 1000.184 1000.15 1000.104 1000.286 1000.476 1000.383 1000.29 1000.234 1000.251 1000.263 1000.27 1000.277 1000.284 1000.29 1000.301 1000.315 1000.328 1000.341 1000.348 1000.356 1000.362 1000.366 1000.37 1000.375 1000.384 1000.397 1000.411 1000.431 1000.452 1000.473 1000.493 1000.514 1000.535 1000.556 1000.559 1000.904 1001.194 1001.249 1001.305 1001.36
1003.591 1003.594 1003.563 1003.529 1003.495 1003.48 1003.419 1003.295 1003.15 1003.005 1002.86 1002.715 1002.57 1002.425 1002.275 1002.115 1001.965 1001.815 1001.665 1001.52 1001.425 1001.36 1001.26 1000.935 1000.79 1000.715 1000.985 1000.757 1000.528 1000.299 1000.17 1000.198 1000.165 1000.133 1000.149 1000.174 1000.308 1000.25 1000.258 1000.265 1000.272 1000.279 1000.286 1000.294 1000.307 1000.321 1000.335 1000.347 1000.354 1000.362 1000.366 1000.37 1000.375 1000.387 1000.4 1000.413 1000.428 1000.449 1000.47 1000.49 1000.511 1000.532 1000.553 1000.576 1000.65 1000.769 1000.925 1001.046 1001.337 1001.392 1001.448 1001.491
1003.553 1003.519 1003.489 1003.495 1003.418 1003.34 1003.195 1003.05 1002.905 1002.76 1002.62 1002.47 1002.295 1002.105 1001.995 1001.845 1001.725 1001.58 1001.43 1001.3 1000.775 1000.675 1000.36 1000.21 1000.135 1000.135 1000.685 1000.456 1000.227 1000.175 1000.213 1000.18 1000.176 1000.191 1000.207 1000.254 1000.268 1000.268 1000.275 1000.282 1000.289 1000.3 1000.313 1000.327 1000.341 1000.353 1000.36 1000.366 1000.37 1000.376 1000.389 1000.402 1000.415 1000.429 1000.446 1000.466 1000.487 1000.508 1000.529 1000.55 1000.586 1000.657 1000.732 1000.851 1000.971 1001.09 1001.209 1001.344 1001.444 1001.531 1001.613 1001.693
1003.504 1003.494 1003.421 1003.415 1003.26 1003.115 1002.97 1002.83 1002.685 1002.54 1002.35 1002.125 1001.89 1001.515 1001.38 1001.32 1001.405 1001.285 1000.66 1000.175 1000.11 1000.09 1000.1 1000.1 1000.09 1000.085 1000.095 1000.156 1000.18 1000.228 1000.202 1000.218 1000.234 1000.249 1000.265 1000.288 1000.294 1000.284 1000.292 1000.306 1000.32 1000.333 1000.347 1000.359 1000.366 1000.37 1000.378 1000.391 1000.404 1000.418 1000.431 1000.444 1000.463 1000.484 1000.505 1000.526 1000.547 1000.596 1000.667 1000.738 1000.814 1000.933 1001.053 1001.172 1001.291 1001.392 1001.471 1001.554 1001.654 1001.748 1001.829 1001.909
1003.446 1003.44 1003.335 1003.18 1003.04 1002.895 1002.75 1002.6 1002.405 1002.17 1001.935 1001.695 1001.405 1000.945 1000.635 1000.695 1000.645 1000.075 1000.07 1000.09 1000.11 1000.12 1000.13 1000.13 1000.125 1000.135 1000.155 1000.185 1000.243 1000.245 1000.26 1000.274 1000.283 1000.292 1000.304 1000.314 1000.314 1000.311 1000.326 1000.339 1000.353 1000.365 1000.37 1000.38 1000.394 1000.407 1000.42 1000.433 1000.447 1000.46 1000.481 1000.502 1000.523 1000.544 1000.607 1000.677 1000.748 1000.819 1000.896 1001.015 1001.135 1001.254 1001.373 1001.453 1001.533 1001.612 1001.692 1001.771 1001.864 1001.964 1002.044 1002.125
1003.41 1003.26 1003.105 1002.96 1002.82 1002.62 1002.38 1002.215 1001.99 1001.775 1001.55 1001.315 1000.79 1000.225 1000.12 1000.13 1000.095 1000.09 1000.12 1000.145 1000.165 1000.165 1000.16 1000.165 1000.195 1000.205 1000.23 1000.265 1000.262 1000.271 1000.28 1000.289 1000.302 1000.319 1000.328 1000.336 1000.341 1000.347 1000.359 1000.37 1000.383 1000.396 1000.409 1000.422 1000.436 1000.449 1000.462 1000.478 1000.499 1000.52 1000.547 1000.617 1000.688 1000.758 1000.829 1000.9 1000.978 1001.097 1001.217 1001.336 1001.435 1001.514 1001.594 1001.673 1001.753 1001.832 1001.911 1001.991 1002.074 1002.174 1002.26 1002.341
1003.185 1003.03 1002.885 1002.66 1002.365 1002.165 1001.96 1001.805 1001.6 1001.39 1000.99 1000.405 1000.38 1000.1 1000.125 1000.125 1000.12 1000.13 1000.16 1000.19 1000.19 1000.195 1000.205 1000.245 1000.26 1000.265 1000.285 1000.29 1000.285 1000.287 1000.299 1000.316 1000.333 1000.342 1000.35 1000.355 1000.359 1000.373 1000.383 1000.412 1000.425 1000.438 1000.451 1000.465 1000.478 1000.496 1000.517 1000.557 1000.627 1000.698 1000.769 1000.839 1000.91 1000.98 1001.06 1001.179 1001.299 1001.417 1001.496 1001.576 1001.655 1001.735 1001.814 1001.892 1001.971 1002.05 1002.131 1002.211 1002.291 1002.381 1002.476 1002.556
1002.885 1002.69 1002.375 1002.035 1001.695 1001.625 1001.54 1001.385 1000.705 1000.415 1000.11 1000.08 1000.08 1000.09 1000.12 1000.13 1000.135 1000.17 1000.2 1000.22 1000.23 1000.25 1000.28 1000.29 1000.285 1000.285 1000.305 1000.31 1000.305 1000.314 1000.331 1000.348 1000.356 1000.362 1000.365 1000.369 1000.372 1000.379 1000.39 1000.454 1000.467 1000.48 1000.494 1000.514 1000.567 1000.638 1000.708 1000.779 1000.85 1000.92 1000.991 1001.061 1001.142 1001.261 1001.381 1001.478 1001.557 1001.637 1001.716 1001.795 1001.874 1001.952 1002.031 1002.11 1002.19 1002.27 1002.35 1002.428 1002.501 1002.587 1002.684 1002.772
1002.24 1001.96 1001.68 1001.365 1001.275 1001.075 1000.74 1000.12 1000.11 1000.09 1000.07 1000.075 1000.08 1000.095 1000.12 1000.14 1000.17 1000.22 1000.25 1000.265 1000.29 1000.315 1000.31 1000.3 1000.29 1000.31 1000.325 1000.33 1000.335 1000.345 1000.363 1000.368 1000.372 1000.377 1000.385 1000.393 1000.402 1000.42 1000.458 1000.496 1000.511 1000.578 1000.648 1000.719 1000.789 1000.86 1000.931 1001.001 1001.072 1001.142 1001.224 1001.343 1001.46 1001.539 1001.619 1001.698 1001.777 1001.855 1001.934 1002.013 1002.091 1002.17 1002.25 1002.33 1002.41 1002.486 1002.558 1002.631 1002.703 1002.776 1002.892 1002.974
1001.45 1000.97 1000.715 1000.655 1000.46 1000.14 1000.075 1000.1 1000.095 1000.075 1000.075 1000.09 1000.1 1000.125 1000.155 1000.18 1000.23 1000.265 1000.285 1000.32 1000.345 1000.33 1000.32 1000.31 1000.315 1000.345 1000.355 1000.355 1000.365 1000.375 1000.396 1000.404 1000.412 1000.421 1000.429 1000.443 1000.462 1000.481 1000.521 1000.523 1000.729 1000.8 1000.87 1000.941 1001.012 1001.082 1001.153 1001.223 1001.306 1001.425 1001.521 1001.601 1001.68 1001.759 1001.837 1001.916 1001.994 1002.072 1002.15 1002.229 1002.31 1002.39 1002.47 1002.543 1002.616 1002.688 1002.761 1002.833 1002.906 1002.978 1003.077 1003.177
1000.655 1000.505 1000.21 1000.17 1000.1 1000.05 1000.07 1000.07 1000.075 1000.07 1000.105 1000.115 1000.13 1000.145 1000.19 1000.23 1000.275 1000.295 1000.325 1000.345 1000.32 1000.32 1000.32 1000.32 1000.345 1000.37 1000.37 1000.37 1000.375 1000.385 1000.44 1000.448 1000.456 1000.466 1000.485 1000.504 1000.523 1000.541 1000.564 1000.545 1000.951 1001.022 1001.093 1001.163 1001.234 1001.304 1001.388 1001.503 1001.582 1001.662 1001.74 1001.819 1001.897 1001.976 1002.054 1002.132 1002.21 1002.289 1002.369 1002.449 1002.528 1002.601 1002.673 1002.746 1002.818 1002.891 1002.963 1003.036 1003.108 1003.179 1003.257 1003.367
1000.125 1000.165 1000.18 1000.135 1000.075 1000.055 1000.06 1000.065 1000.08 1000.1 1000.12 1000.135 1000.145 1000.175 1000.225 1000.275 1000.3 1000.315 1000.325 1000.325 1000.32 1000.325 1000.33 1000.335 1000.36 1000.375 1000.37 1000.375 1000.395 1000.435 1000.45 1000.492 1000.508 1000.527 1000.553 1000.598 1000.643 1000.688 1000.792 1000.947 1001.16 1001.244 1001.315 1001.385 1001.47 1001.564 1001.643 1001.722 1001.8 1001.879 1001.957 1002.036 1002.114 1002.192 1002.27 1002.349 1002.429 1002.509 1002.586 1002.658 1002.731 1002.803 1002.876 1002.948 1003.021 1003.093 1003.165 1003.236 1003.307 1003.379 1003.45 1003.526
1000.11 1000.12 1000.135 1000.1 1000.065 1000.055 1000.055 1000.055 1000.08 1000.11 1000.14 1000.175 1000.2 1000.235 1000.24 1000.28 1000.305 1000.315 1000.34 1000.345 1000.335 1000.34 1000.35 1000.365 1000.37 1000.395 1000.4 1000.435 1000.465 1000.505 1000.525 1000.645 1000.689 1000.734 1000.779 1000.823 1000.877 1000.985 1001.11 1001.258 1001.369 1001.466 1001.546 1001.625 1001.703 1001.782 1001.86 1001.939 1002.017 1002.096 1002.174 1002.252 1002.33 1002.408 1002.489 1002.569 1002.643 1002.716 1002.788 1002.861 1002.933 1003.006 1003.078 1003.151 1003.222 1003.293 1003.365 1003.436 1003.507 1003.534 1003.542 1003.55
1000.11 1000.105 1000.105 1000.08 1000.05 1000.055 1000.06 1000.07 1000.105 1000.14 1000.2 1000.24 1000.25 1000.205 1000.225 1000.265 1000.295 1000.32 1000.36 1000.375 1000.35 1000.37 1000.395 1000.39 1000.4 1000.44 1000.48 1000.51 1000.525 1000.55 1000.555 1000.87 1000.915 1000.959 1001.006 1001.066 1001.179 1001.303 1001.411 1001.488 1001.579 1001.679 1001.763 1001.842 1001.92 1001.999 1002.077 1002.156 1002.234 1002.312 1002.39 1002.468 1002.548 1002.628 1002.7 1002.773 1002.846 1002.918 1002.991 1003.063 1003.136 1003.208 1003.279 1003.35 1003.422 1003.493 1003.525 1003.539 1003.547 1003.555 1003.562 1003.545
1000.09 1000.09 1000.09 1000.065 1000.075 1000.095 1000.105 1000.11 1000.14 1000.2 1000.25 1000.255 1000.235 1000.245 1000.27 1000.31 1000.325 1000.355 1000.4 1000.4 1000.405 1000.405 1000.42 1000.425 1000.485 1000.53 1000.535 1000.55 1000.59 1000.61 1000.855 1000.89 1001.14 1001.196 1001.256 1001.373 1001.478 1001.555 1001.632 1001.709 1001.789 1001.889 1001.98 1002.059 1002.138 1002.216 1002.294 1002.372 1002.45 1002.528 1002.608 1002.685 1002.758 1002.83 1002.903 1002.975 1003.048 1003.121 1003.193 1003.265 1003.336 1003.407 1003.479 1003.529 1003.536 1003.544 1003.552 1003.56 1003.558 1003.536 1003.514 1003.494
1000.09 1000.095 1000.095 1000.105 1000.13 1000.155 1000.165 1000.185 1000.2 1000.24 1000.26 1000.285 1000.29 1000.31 1000.34 1000.355 1000.375 1000.405 1000.435 1000.44 1000.445 1000.465 1000.47 1000.53 1000.59 1000.565 1000.66 1000.8 1000.86 1001.035 1001.185 1001.285 1001.385 1001.445 1001.545 1001.622 1001.699 1001.776 1001.852 1001.929 1002.007 1002.099 1002.198 1002.276 1002.354 1002.432 1002.51 1002.588 1002.667 1002.743 1002.815 1002.888 1002.96 1003.033 1003.105 1003.178 1003.25 1003.322 1003.393 1003.464 1003.521 1003.518 1003.542 1003.549 1003.557 1003.565 1003.549 1003.527 1003.504 1003.49 1003.484 1003.477
