sfe2248_gcs_analysis/sfe_2248.asc
ncols         371
nrows         175
xllcorner     2952.7645253948
yllcorner     1972.4924739049
cellsize      0.4
NODATA_value  -9999
[rows 128 to 159 of 175, columns 0 to 71 of 371]
-9999 -9999 -9999 -9999 -9999 -9999 -9999 -9999 -9999 -9999 -9999 -9999 -9999 -9999 -9999 -9999 -9999 -9999 -9999 -9999 1003.265 1003.115 1003.015 1002.99 1002.97 1002.94 1002.91 1002.855 1002.805 1002.75 1002.7 1002.645 1002.6 1002.56 1002.52 1002.455 1002.355 1002.245 1002.135 1002.025 1001.92 1001.81 1001.69 1001.56 1001.43 1001.31 1001.18 1001.06 1000.975 1000.975 1000.955 1000.94 1000.925 1000.92 1000.92 1000.915 1000.91 1000.905 1000.77 1000.54 1000.365 1000.28 1000.205 1000.08 999.966 999.8815 999.802 999.78 999.779 999.749 999.7209 999.7085
-9999 -9999 -9999 -9999 -9999 -9999 -9999 -9999 -9999 -9999 -9999 -9999 -9999 -9999 -9999 -9999 -9999 -9999 -9999 1003.255 1003.105 1002.955 1002.855 1002.82 1002.81 1002.805 1002.795 1002.745 1002.695 1002.64 1002.59 1002.545 1002.5 1002.4 1002.335 1002.225 1002.115 1002.005 1001.895 1001.79 1001.685 1001.57 1001.44 1001.31 1001.19 1001.065 1001.015 1000.935 1000.945 1000.95 1000.935 1000.915 1000.905 1000.9 1000.9 1000.855 1000.775 1000.61 1000.425 1000.221 1000.041 999.983 999.961 999.9345 999.875 999.797 999.7365 999.7135 999.6935 999.6725 999.666 999.666
-9999 -9999 -9999 -9999 -9999 -9999 -9999 -9999 -9999 -9999 -9999 -9999 -9999 -9999 -9999 -9999 -9999 1003.395 1003.245 1003.095 1002.945 1002.795 1002.69 1002.655 1002.65 1002.64 1002.635 1002.61 1002.575 1002.535 1002.49 1002.415 1002.315 1002.205 1002.095 1001.985 1001.875 1001.77 1001.665 1001.555 1001.445 1001.32 1001.19 1001.075 1000.99 1000.94 1000.885 1000.865 1000.915 1000.93 1000.91 1000.895 1000.755 1000.75 1000.625 1000.465 1000.3 1000.155 1000.013 999.969 999.812 999.7945 999.794 999.768 999.726 999.6925 999.6905 999.655 999.6385 999.6265 999.628 999.6375
-9999 -9999 -9999 -9999 -9999 -9999 -9999 -9999 -9999 -9999 -9999 -9999 -9999 -9999 -9999 -9999 1003.385 1003.235 1003.085 1002.935 1002.785 1002.635 1002.53 1002.49 1002.48 1002.475 1002.465 1002.46 1002.44 1002.405 1002.315 1002.2 1002.085 1001.965 1001.855 1001.75 1001.645 1001.535 1001.425 1001.315 1001.2 1001.08 1001 1000.945 1000.895 1000.84 1000.805 1000.815 1000.885 1000.905 1000.815 1000.655 1000.47 1000.3 1000.136 999.9855 999.891 999.8365 999.8285 999.768 999.704 999.677 999.6545 999.6454 999.6365 999.6205 999.62 999.6125 999.61 999.617 999.625 999.614
-9999 -9999 -9999 -9999 -9999 -9999 -9999 -9999 -9999 -9999 -9999 -9999 -9999 -9999 -9999 1003.375 1003.225 1003.075 1002.925 1002.775 1002.625 1002.475 1002.36 1002.325 1002.32 1002.31 1002.3 1002.29 1002.28 1002.205 1002.14 1002.02 1001.9 1001.78 1001.67 1001.555 1001.44 1001.33 1001.215 1001.125 1001.015 1000.955 1000.9 1000.85 1000.8 1000.75 1000.745 1000.78 1000.85 1000.7 1000.41 1000.21 1000.109 999.936 999.8465 999.8065 999.7725 999.763 999.74 999.691 999.641 999.6285 999.6345 999.625 999.6055 999.59 999.5995 999.6065 999.616 999.6225 999.614 999.5995
-9999 -9999 -9999 -9999 -9999 -9999 -9999 -9999 -9999 -9999 -9999 -9999 -9999 -9999 1003.365 1003.215 1003.065 1002.915 1002.765 1002.61 1002.46 1002.305 1002.195 1002.16 1002.15 1002.14 1002.135 1002.13 1002.08 1002 1001.935 1001.845 1001.755 1001.645 1001.525 1001.405 1001.29 1001.17 1001.055 1000.975 1000.91 1000.885 1000.825 1000.76 1000.71 1000.66 1000.69 1000.75 1000.685 1000.265 999.9635 999.87 999.848 999.812 999.7735 999.74 999.717 999.7045 999.6695 999.6545 999.6335 999.6285 999.6295 999.6135 999.591 999.5905 999.6025 999.6155 999.632 999.637 999.612 999.6195
-9999 -9999 -9999 -9999 -9999 -9999 -9999 -9999 -9999 -9999 -9999 -9999 -9999 1003.355 1003.205 1003.055 1002.9 1002.75 1002.595 1002.445 1002.295 1002.145 1002.035 1001.99 1001.98 1001.98 1001.97 1001.95 1001.86 1001.785 1001.725 1001.665 1001.585 1001.51 1001.39 1001.27 1001.15 1001.045 1000.955 1000.87 1000.835 1000.81 1000.76 1000.71 1000.64 1000.565 1000.445 1000.51 1000.034 999.8155 999.8005 999.788 999.741 999.703 999.68 999.68 999.6765 999.6685 999.6715 999.657 999.64 999.631 999.6205 999.611 999.6085 999.6135 999.6235 999.6435 999.6475 999.6415 999.637 999.6445
-9999 -9999 -9999 -9999 -9999 -9999 -9999 -9999 -9999 -9999 -9999 -9999 1003.345 1003.19 1003.04 1002.885 1002.735 1002.585 1002.435 1002.285 1002.135 1001.985 1001.87 1001.825 1001.82 1001.81 1001.79 1001.745 1001.65 1001.575 1001.515 1001.455 1001.395 1001.335 1001.23 1001.135 1001.035 1000.95 1000.865 1000.775 1000.74 1000.73 1000.71 1000.655 1000.595 1000.385 1000.158 999.797 999.77 999.743 999.7135 999.6725 999.6735 999.6405 999.649 999.6595 999.6505 999.656 999.6525 999.6385 999.62 999.613 999.6165 999.622 999.623 999.6255 999.6395 999.6585 999.665 999.6605 999.6495 999.6705
-9999 -9999 -9999 -9999 -9999 -9999 -9999 -9999 -9999 -9999 -9999 1003.33 1003.175 1003.025 1002.875 1002.725 1002.575 1002.425 1002.275 1002.125 1001.975 1001.825 1001.71 1001.66 1001.65 1001.64 1001.625 1001.535 1001.435 1001.365 1001.305 1001.245 1001.185 1001.125 1001.06 1000.98 1000.91 1000.845 1000.765 1000.68 1000.635 1000.625 1000.63 1000.535 1000.016 999.797 999.765 999.739 999.707 999.67 999.6505 999.6415 999.6305 999.633 999.64 999.639 999.6245 999.6144 999.6065 999.5975 999.592 999.5935 999.6115 999.6255 999.6365 999.6515 999.6655 999.678 999.679 999.6595 999.6725 999.6955
-9999 -9999 -9999 -9999 -9999 -9999 -9999 -9999 -9999 -9999 1003.315 1003.165 1003.015 1002.865 1002.715 1002.565 1002.415 1002.265 1002.115 1001.965 1001.815 1001.665 1001.545 1001.49 1001.485 1001.48 1001.42 1001.315 1001.225 1001.155 1001.095 1001.035 1000.975 1000.915 1000.855 1000.79 1000.74 1000.675 1000.615 1000.55 1000.51 1000.45 1000.17 999.7805 999.7675 999.7435 999.7115 999.6805 999.6465 999.6575 999.65 999.6195 999.605 999.613 999.625 999.62 999.5975 999.5885 999.586 999.5775 999.579 999.597 999.618 999.631 999.675 999.6855 999.691 999.697 999.683 999.681 999.879 1000.08
-9999 -9999 -9999 -9999 -9999 -9999 -9999 -9999 -9999 1003.305 1003.155 1003.005 1002.855 1002.705 1002.555 1002.405 1002.255 1002.105 1001.955 1001.805 1001.655 1001.505 1001.38 1001.33 1001.32 1001.295 1001.205 1001.105 1001.01 1000.945 1000.885 1000.825 1000.76 1000.71 1000.655 1000.605 1000.52 1000.47 1000.415 1000.335 1000.11 999.861 999.773 999.747 999.715 999.695 999.663 999.642 999.6655 999.6625 999.629 999.5935 999.5905 999.595 999.599 999.584 999.584 999.5875 999.5795 999.5825 999.5965 999.6085 999.6115 999.654 999.6965 999.7355 999.7325 999.717 999.7355 1000.12 1000.43 1000.605
-9999 -9999 -9999 -9999 -9999 -9999 -9999 -9999 1003.295 1003.145 1002.995 1002.845 1002.695 1002.545 1002.395 1002.245 1002.095 1001.945 1001.795 1001.645 1001.495 1001.345 1001.22 1001.16 1001.15 1001.09 1000.99 1000.885 1000.8 1000.735 1000.7 1000.635 1000.595 1000.555 1000.515 1000.41 1000.305 1000.24 1000.088 999.865 999.796 999.7835 999.7465 999.709 999.6825 999.655 999.6575 999.6735 999.6455 999.6235 999.608 999.5855 999.5845 999.571 999.5525 999.553 999.582 999.5854 999.585 999.5955 999.609 999.61 999.6185 999.663 999.7425 999.8735 999.9035 999.915 1000.32 1000.705 1000.855 1001.105
-9999 -9999 -9999 -9999 -9999 -9999 -9999 1003.285 1003.135 1002.985 1002.835 1002.685 1002.535 1002.385 1002.235 1002.085 1001.935 1001.785 1001.635 1001.485 1001.335 1001.185 1001.055 1000.99 1000.97 1000.875 1000.775 1000.675 1000.635 1000.585 1000.54 1000.505 1000.465 1000.425 1000.335 1000.215 1000.076 999.9195 999.822 999.7715 999.756 999.738 999.7005 999.6605 999.641 999.66 999.6655 999.611 999.59 999.5825 999.5916 999.6 999.5715 999.5365 999.5345 999.5635 999.5845 999.5935 999.601 999.6175 999.663 999.728 999.7515 999.814 1000.039 1000.17 1000.25 1000.585 1000.845 1000.995 1001.145 1001.29
-9999 -9999 -9999 -9999 -9999 -9999 1003.295 1003.115 1002.965 1002.82 1002.67 1002.525 1002.375 1002.225 1002.075 1001.925 1001.775 1001.625 1001.475 1001.325 1001.175 1001.02 1000.885 1000.83 1000.76 1000.66 1000.59 1000.575 1000.54 1000.48 1000.435 1000.385 1000.335 1000.265 1000.13 999.964 999.8635 999.8225 999.765 999.7289 999.71 999.679 999.6415 999.6275 999.649 999.649 999.5895 999.5425 999.5495 999.5765 999.6025 999.5935 999.57 999.5695 999.5765 999.596 999.612 999.622 999.655 999.7955 999.952 1000.057 1000.109 1000.28 1000.44 1000.575 1000.755 1000.885 1001.025 1001.17 1001.32 1001.465
-9999 -9999 -9999 -9999 -9999 -9999 1003.14 1002.96 1002.785 1002.635 1002.495 1002.345 1002.195 1002.05 1001.9 1001.755 1001.605 1001.46 1001.31 1001.16 1001.005 1000.855 1000.725 1000.64 1000.56 1000.53 1000.515 1000.5 1000.46 1000.4 1000.34 1000.28 1000.165 1000.044 999.897 999.8285 999.811 999.7665 999.7265 999.7 999.6725 999.6495 999.635 999.647 999.6215 999.5755 999.5395 999.515 999.5375 999.574 999.6025 999.604 999.6115 999.6015 999.6025 999.6255 999.646 999.7575 999.951 1000.141 1000.325 1000.44 1000.59 1000.705 1000.795 1000.895 1001 1001.12 1001.245 1001.375 1001.505 1001.645
-9999 -9999 -9999 -9999 -9999 1003.275 1003.035 1002.81 1002.625 1002.45 1002.295 1002.15 1002.005 1001.86 1001.715 1001.565 1001.425 1001.275 1001.13 1000.98 1000.83 1000.685 1000.55 1000.465 1000.465 1000.45 1000.435 1000.42 1000.38 1000.315 1000.102 999.967 999.9165 999.8545 999.756 999.773 999.7645 999.7321 999.7075 999.69 999.67 999.655 999.6375 999.5635 999.5005 999.489 999.5025 999.502 999.534 999.577 999.6025 999.64 999.639 999.6205 999.648 999.746 999.903 1000.07 1000.235 1000.415 1000.6 1000.76 1000.89 1000.98 1001.08 1001.18 1001.29 1001.4 1001.51 1001.62 1001.74 1001.865
-9999 -9999 -9999 -9999 -9999 1003.165 1002.93 1002.7 1002.475 1002.29 1002.115 1001.955 1001.805 1001.66 1001.515 1001.375 1001.225 1001.085 1000.935 1000.79 1000.645 1000.495 1000.375 1000.34 1000.335 1000.345 1000.35 1000.33 1000.11 999.8315 999.7735 999.7765 999.7225 999.6819 999.6765 999.7025 999.614 999.568 999.53 999.524 999.5099 999.4935 999.4485 999.3755 999.362 999.4215 999.5015 999.508 999.5359 999.5745 999.623 999.6865 999.77 999.775 999.9525 1000.099 1000.24 1000.38 1000.54 1000.675 1000.86 1001.015 1001.145 1001.26 1001.365 1001.47 1001.58 1001.69 1001.8 1001.91 1002.015 1002.12
-9999 -9999 -9999 -9999 1003.3 1003.065 1002.825 1002.585 1002.365 1002.14 1001.93 1001.77 1001.615 1001.47 1001.325 1001.175 1001.035 1000.89 1000.74 1000.59 1000.445 1000.31 1000.215 1000.145 1000.16 1000.185 999.9775 999.798 999.677 999.6755 999.657 999.645 999.5805 999.5425 999.5615 999.4505 999.429 999.3665 999.3285 999.323 999.3305 999.333 999.316 999.3185 999.329 999.415 999.493 999.5225 999.545 999.6115 999.7285 999.8355 999.9675 1000.095 1000.33 1000.47 1000.6 1000.74 1000.875 1001.005 1001.145 1001.3 1001.43 1001.51 1001.615 1001.725 1001.84 1001.95 1002.065 1002.175 1002.29 1002.395
-9999 -9999 -9999 -9999 1003.195 1002.955 1002.72 1002.485 1002.245 1002.02 1001.805 1001.615 1001.435 1001.27 1001.125 1000.985 1000.835 1000.695 1000.545 1000.4 1000.255 1000.145 1000.055 999.9839 999.9635 999.8125 999.751 999.6194 999.6065 999.6105 999.5895 999.553 999.49 999.434 999.39 999.359 999.3335 999.299 999.287 999.2825 999.2815 999.3035 999.2905 999.3295 999.3775 999.444 999.5215 999.558 999.6395 999.7665 999.8911 1000.053 1000.263 1000.51 1000.595 1000.785 1000.915 1001.055 1001.185 1001.32 1001.455 1001.585 1001.61 1001.685 1001.795 1001.915 1002.03 1002.145 1002.255 1002.365 1002.485 1002.595
-9999 -9999 -9999 1003.325 1003.085 1002.855 1002.615 1002.375 1002.135 1001.91 1001.685 1001.475 1001.28 1001.08 1000.935 1000.785 1000.645 1000.495 1000.35 1000.21 1000.08 999.9865 999.894 999.803 999.7145 999.6515 999.6055 999.559 999.5575 999.56 999.5265 999.47 999.4145 999.3675 999.3205 999.3085 999.2855 999.272 999.261 999.2985 999.313 999.3285 999.3635 999.4005 999.4305 999.4955 999.6035 999.6755 999.869 1000.083 1000.42 1000.51 1000.545 1000.72 1000.82 1000.99 1001.205 1001.335 1001.465 1001.6 1001.735 1001.755 1001.765 1001.825 1001.945 1002.055 1002.17 1002.285 1002.395 1002.515 1002.625 1002.745
-9999 -9999 -9999 1003.22 1002.985 1002.745 1002.51 1002.27 1002.035 1001.795 1001.57 1001.355 1001.145 1000.935 1000.765 1000.595 1000.445 1000.305 1000.155 1000.034 999.92 999.8265 999.74 999.663 999.6 999.5525 999.545 999.5285 999.5175 999.476 999.4305 999.38 999.336 999.346 999.3245 999.3065 999.289 999.2695 999.277 999.3555 999.396 999.4075 999.452 999.4935 999.528 999.609 1000.006 1000.208 1000.42 1000.705 1000.775 1000.83 1000.88 1000.86 1000.97 1001.185 1001.465 1001.615 1001.755 1001.845 1001.925 1001.91 1001.91 1001.975 1002.085 1002.205 1002.315 1002.425 1002.545 1002.655 1002.775 1002.885
-9999 -9999 1003.35 1003.115 1002.875 1002.64 1002.405 1002.165 1001.925 1001.685 1001.46 1001.235 1001.025 1000.815 1000.61 1000.43 1000.255 1000.105 999.9595 999.854 999.77 999.6985 999.614 999.5345 999.5165 999.517 999.509 999.4805 999.4325 999.3855 999.3365 999.3135 999.3385 999.35 999.349 999.341 999.322 999.3035 999.368 999.445 999.483 999.533 999.684 999.794 999.918 1000.21 1000.45 1000.58 1000.715 1000.795 1000.845 1000.895 1000.945 1000.975 1001.075 1001.36 1001.655 1001.905 1002.035 1002.09 1002.075 1002.065 1002.06 1002.115 1002.235 1002.345 1002.455 1002.575 1002.685 1002.805 1002.915 1003.035
-9999 -9999 1003.245 1003.01 1002.775 1002.535 1002.295 1002.055 1001.82 1001.585 1001.345 1001.12 1000.905 1000.695 1000.485 1000.27 1000.09 999.9145 999.788 999.7315 999.6819 999.5909 999.504 999.494 999.489 999.4755 999.4515 999.412 999.373 999.3425 999.338 999.3725 999.384 999.383 999.3875 999.3845 999.3745 999.407 999.486 999.622 999.7965 1000.026 1000.16 1000.25 1000.37 1000.445 1000.545 1000.68 1000.795 1000.855 1000.905 1000.96 1001.01 1001.065 1001.185 1001.525 1001.885 1002.13 1002.255 1002.245 1002.23 1002.215 1002.21 1002.265 1002.375 1002.485 1002.605 1002.715 1002.835 1002.945 1003.065 1003.175
-9999 1003.375 1003.145 1002.905 1002.665 1002.425 1002.19 1001.955 1001.715 1001.475 1001.24 1001.01 1000.785 1000.57 1000.355 1000.145 999.8715 999.7455 999.7075 999.6675 999.5845 999.5045 999.4855 999.4604 999.4265 999.4105 999.392 999.3625 999.3589 999.381 999.408 999.42 999.4175 999.4235 999.4335 999.442 999.4555 999.541 999.7775 1000.115 1000.295 1000.355 1000.385 1000.425 1000.475 1000.54 1000.64 1000.77 1000.865 1000.92 1000.975 1001.025 1001.075 1001.195 1001.425 1001.75 1002.11 1002.38 1002.41 1002.395 1002.385 1002.37 1002.36 1002.405 1002.515 1002.635 1002.745 1002.865 1002.975 1003.095 1003.205 1003.325
-9999 1003.275 1003.035 1002.8 1002.56 1002.325 1002.085 1001.845 1001.61 1001.375 1001.13 1000.89 1000.645 1000.39 1000.115 999.7965 999.7295 999.6945 999.655 999.5745 999.5005 999.4585 999.4205 999.403 999.374 999.362 999.344 999.3515 999.4135 999.462 999.45 999.457 999.4605 999.485 999.505 999.524 999.766 999.9485 1000.285 1000.38 1000.425 1000.465 1000.5 1000.52 1000.57 1000.635 1000.73 1000.855 1000.935 1000.985 1001.035 1001.085 1001.245 1001.445 1001.685 1002.025 1002.32 1002.53 1002.54 1002.55 1002.535 1002.525 1002.505 1002.55 1002.665 1002.775 1002.895 1003.005 1003.125 1003.235 1003.355 1003.401
-9999 1003.165 1002.93 1002.695 1002.455 1002.205 1001.945 1001.695 1001.44 1001.18 1000.92 1000.645 1000.36 1000.025 999.7365 999.7035 999.6795 999.6465 999.571 999.5 999.4325 999.389 999.3655 999.3505 999.3375 999.3435 999.359 999.4235 999.4925 999.527 999.508 999.488 999.532 999.561 999.591 999.8925 1000.19 1000.36 1000.41 1000.465 1000.52 1000.57 1000.605 1000.64 1000.68 1000.73 1000.825 1000.935 1000.995 1001.045 1001.11 1001.3 1001.495 1001.69 1001.945 1002.3 1002.595 1002.64 1002.67 1002.685 1002.69 1002.675 1002.66 1002.705 1002.805 1002.925 1003.035 1003.155 1003.265 1003.385 1003.402 1003.397
1003.295 1003.03 1002.765 1002.5 1002.23 1001.95 1001.68 1001.405 1001.13 1000.86 1000.58 1000.31 999.993 999.7225 999.656 999.635 999.6075 999.5595 999.5081 999.436 999.3885 999.353 999.332 999.3275 999.346 999.3665 999.409 999.4665 999.515 999.5205 999.504 999.5365 999.59 999.7271 1000.185 1000.34 1000.375 1000.415 1000.475 1000.54 1000.595 1000.65 1000.705 1000.74 1000.785 1000.83 1000.915 1001.005 1001.06 1001.16 1001.355 1001.55 1001.745 1001.94 1002.22 1002.58 1002.72 1002.75 1002.79 1002.815 1002.825 1002.825 1002.815 1002.85 1002.955 1003.065 1003.185 1003.295 1003.394 1003.39 1003.388 1003.413
1003.15 1002.855 1002.56 1002.275 1001.985 1001.705 1001.42 1001.14 1000.86 1000.57 1000.29 999.993 999.7145 999.607 999.5725 999.543 999.515 999.489 999.442 999.396 999.3515 999.327 999.3275 999.3485 999.3785 999.4115 999.4465 999.483 999.507 999.5315 999.632 999.793 1000.079 1000.315 1000.35 1000.385 1000.42 1000.465 1000.535 1000.595 1000.655 1000.72 1000.775 1000.83 1000.88 1000.93 1001.005 1001.075 1001.215 1001.41 1001.605 1001.8 1001.995 1002.2 1002.5 1002.79 1002.835 1002.87 1002.9 1002.935 1002.96 1002.97 1002.965 1003.005 1003.095 1003.215 1003.325 1003.383 1003.386 1003.41 1003.433 1003.414
1002.995 1002.695 1002.435 1002.135 1001.84 1001.55 1001.255 1000.965 1000.67 1000.38 1000.09 999.794 999.578 999.5605 999.523 999.4885 999.4685 999.4405 999.391 999.3605 999.327 999.3265 999.3485 999.3955 999.436 999.4525 999.5015 999.5355 999.6515 999.857 1000.089 1000.335 1000.355 1000.365 1000.395 1000.435 1000.47 1000.525 1000.585 1000.65 1000.715 1000.775 1000.835 1000.905 1000.96 1001.01 1001.145 1001.265 1001.465 1001.655 1001.855 1002.05 1002.245 1002.465 1002.78 1002.92 1002.95 1002.98 1003.02 1003.05 1003.08 1003.105 1003.115 1003.15 1003.245 1003.355 1003.384 1003.404 1003.427 1003.408 1003.403 -9999
-9999 1002.49 1002.225 1001.965 1001.71 1001.415 1001.12 1000.83 1000.54 1000.245 999.9525 999.6465 999.555 999.559 999.5215 999.4735 999.4355 999.383 999.341 999.338 999.3265 999.35 999.406 999.447 999.4625 999.479 999.616 999.753 999.9805 1000.18 1000.32 1000.375 1000.41 1000.425 1000.45 1000.485 1000.525 1000.575 1000.635 1000.7 1000.765 1000.825 1000.895 1000.955 1001.015 1001.13 1001.305 1001.5 1001.7 1001.905 1002.105 1002.295 1002.495 1002.73 1002.99 1003.03 1003.06 1003.1 1003.13 1003.165 1003.2 1003.23 1003.245 1003.3 1003.381 1003.408 1003.418 1003.405 1003.399 -9999 -9999 -9999
-9999 1002.2 1001.975 1001.75 1001.495 1001.235 1000.985 1000.695 1000.4 1000.11 999.807 999.564 999.537 999.5025 999.4625 999.409 999.3555 999.3575 999.3295 999.3405 999.355 999.414 999.4495 999.4645 999.483 999.5375 999.5965 999.833 1000.008 1000.155 1000.33 1000.4 1000.45 1000.485 1000.505 1000.535 1000.58 1000.63 1000.695 1000.755 1000.815 1000.885 1000.945 1001.09 1001.195 1001.35 1001.515 1001.715 1001.93 1002.135 1002.35 1002.545 1002.745 1002.995 1003.11 1003.14 1003.175 1003.21 1003.24 1003.275 1003.31 1003.335 1003.365 1003.411 1003.408 1003.402 -9999 -9999 -9999 -9999 -9999 -9999
-9999 -9999 1001.705 1001.455 1001.235 1001.015 1000.79 1000.505 1000.25 999.9735 999.67 999.4975 999.466 999.4245 999.371 999.317 999.288 999.323 999.3505 999.38 999.4185 999.4515 999.461 999.509 999.6075 999.715 999.7855 999.883 999.9825 1000.084 1000.21 1000.34 1000.45 1000.54 1000.56 1000.585 1000.63 1000.685 1000.745 1000.81 1000.875 1000.955 1001.1 1001.26 1001.41 1001.57 1001.725 1001.92 1002.135 1002.355 1002.57 1002.775 1002.99 1003.18 1003.22 1003.255 1003.28 1003.305 1003.335 1003.36 1003.385 1003.411 1003.404 1003.397 -9999 -9999 -9999 -9999 -9999 -9999 -9999 -9999
