sfe2248_gcs_analysis/sfe_2248.asc
ncols         371
nrows         175
xllcorner     2952.7645253948
yllcorner     1972.4924739049
cellsize      0.4
NODATA_value  -9999
[rows 96 to 127 of 175, columns 72 to 143 of 371]
-9999 -9999 -9999 -9999 -9999 -9999 -9999 -9999 -9999 -9999 -9999 -9999 -9999 -9999 -9999 -9999 -9999 -9999 -9999 -9999 -9999 -9999 -9999 -9999 1003.425 1003.434 1003.451 1003.449 1003.484 1003.506 1003.528 1003.551 1003.574 1003.58 1003.56 1003.545 1003.53 1003.515 1003.5 1003.485 1003.475 1003.465 1003.455 1003.42 1003.37 1003.315 1003.275 1003.23 1003.175 1002.945 1002.63 1002.295 1001.97 1001.75 1001.595 1001.47 1001.345 1001.17 1000.84 1000.47 1000.42 1000.364 1000.223 999.922 999.9355 999.996 1000.035 1000.065 1000.08 1000.095 1000.105 1000.11
-9999 -9999 -9999 -9999 -9999 -9999 -9999 -9999 -9999 -9999 -9999 -9999 -9999 -9999 -9999 -9999 -9999 -9999 -9999 -9999 -9999 -9999 1003.43 1003.445 1003.449 1003.471 1003.498 1003.519 1003.543 1003.565 1003.535 1003.52 1003.505 1003.485 1003.47 1003.455 1003.44 1003.425 1003.415 1003.4 1003.375 1003.335 1003.295 1003.245 1003.165 1003.095 1003.025 1002.97 1002.8 1002.5 1002.14 1001.8 1001.515 1001.325 1001.13 1000.975 1000.795 1000.5 1000.195 1000.125 1000.029 999.983 999.9765 999.947 1000.003 1000.035 1000.07 1000.085 1000.095 1000.11 1000.125 1000.13
-9999 -9999 -9999 -9999 -9999 -9999 -9999 -9999 -9999 -9999 -9999 -9999 -9999 -9999 -9999 -9999 -9999 -9999 -9999 1003.426 1003.438 1003.458 1003.456 1003.489 1003.511 1003.534 1003.51 1003.48 1003.46 1003.445 1003.425 1003.415 1003.4 1003.38 1003.37 1003.35 1003.34 1003.25 1003.18 1003.125 1003.055 1002.985 1002.925 1002.84 1002.74 1002.635 1002.565 1002.49 1002.31 1002.05 1001.72 1001.345 1001.03 1000.72 1000.53 1000.42 1000.32 1000.2 1000.13 1000.09 1000.05 1000.025 999.997 1000.01 1000.035 1000.065 1000.09 1000.11 1000.12 1000.135 1000.145 1000.145
-9999 -9999 -9999 -9999 -9999 -9999 -9999 -9999 -9999 -9999 -9999 -9999 -9999 -9999 -9999 -9999 1003.423 1003.432 1003.451 1003.439 1003.481 1003.502 1003.525 1003.485 1003.45 1003.415 1003.385 1003.36 1003.34 1003.32 1003.305 1003.29 1003.275 1003.265 1003.245 1003.235 1003.025 1002.865 1002.77 1002.665 1002.595 1002.53 1002.465 1002.36 1002.235 1002.135 1002.045 1001.96 1001.835 1001.61 1001.335 1000.81 1000.415 1000.265 1000.255 1000.265 1000.175 1000.115 1000.06 1000.055 1000.04 1000.025 1000.005 1000.025 1000.045 1000.075 1000.115 1000.135 1000.145 1000.16 1000.17 1000.175
-9999 -9999 -9999 -9999 -9999 -9999 -9999 -9999 -9999 -9999 -9999 -9999 -9999 -9999 1003.427 1003.445 1003.433 1003.472 1003.494 1003.51 1003.475 1003.435 1003.395 1003.355 1003.325 1003.295 1003.265 1003.245 1003.225 1003.2 1003.185 1003.165 1003.155 1003.135 1003.1 1002.855 1002.645 1002.5 1002.36 1002.25 1002.145 1002.07 1001.995 1001.875 1001.75 1001.63 1001.535 1001.42 1001.29 1001.1 1000.735 1000.225 1000.19 1000.23 1000.235 1000.16 1000.065 1000.02 1000.03 1000.025 1000.02 1000.005 1000.015 1000.035 1000.055 1000.095 1000.13 1000.15 1000.165 1000.185 1000.195 1000.205
-9999 -9999 -9999 -9999 -9999 -9999 -9999 -9999 -9999 -9999 -9999 1003.424 1003.439 1003.433 1003.464 1003.485 1003.495 1003.46 1003.42 1003.385 1003.345 1003.305 1003.265 1003.235 1003.205 1003.175 1003.155 1003.13 1003.105 1003.085 1003.065 1003.045 1003.025 1002.945 1002.7 1002.45 1002.28 1002.14 1001.99 1001.85 1001.73 1001.63 1001.525 1001.395 1001.28 1001.195 1001.11 1000.885 1000.62 1000.36 1000.115 1000.145 1000.185 1000.2 1000.1 1000.034 999.999 1000.01 1000.01 1000.015 1000.01 1000.01 1000.03 1000.055 1000.08 1000.115 1000.14 1000.16 1000.17 1000.185 1000.215 1000.24
-9999 -9999 -9999 -9999 -9999 -9999 -9999 -9999 1003.42 1003.433 1003.426 1003.455 1003.477 1003.48 1003.445 1003.41 1003.375 1003.335 1003.295 1003.255 1003.215 1003.18 1003.145 1003.115 1003.085 1003.065 1003.035 1003.015 1002.995 1002.97 1002.945 1002.89 1002.765 1002.54 1002.29 1002.07 1001.915 1001.77 1001.63 1001.48 1001.345 1001.255 1001.155 1001.09 1001.045 1000.98 1000.645 1000.345 1000.115 1000.095 1000.115 1000.115 1000.12 1000.055 999.987 999.968 999.9855 999.9935 1000.004 1000.004 1000.01 1000.03 1000.06 1000.09 1000.105 1000.125 1000.155 1000.165 1000.165 1000.2 1000.255 1000.28
-9999 -9999 -9999 -9999 -9999 1003.416 1003.426 1003.426 1003.441 1003.468 1003.465 1003.43 1003.395 1003.355 1003.32 1003.285 1003.245 1003.205 1003.165 1003.125 1003.095 1003.06 1003.025 1002.995 1002.97 1002.945 1002.925 1002.87 1002.845 1002.765 1002.65 1002.505 1002.32 1002.135 1001.89 1001.69 1001.55 1001.425 1001.305 1001.195 1001.125 1001.05 1001 1000.935 1000.855 1000.54 1000.205 1000.155 1000.06 1000.065 1000.055 1000.055 1000.055 1000.01 999.9435 999.9595 999.9635 999.9535 999.963 999.982 1000.025 1000.05 1000.11 1000.105 1000.115 1000.14 1000.165 1000.195 1000.205 1000.26 1000.295 1000.325
-9999 -9999 -9999 1003.421 1003.44 1003.424 1003.46 1003.45 1003.42 1003.385 1003.345 1003.305 1003.265 1003.225 1003.19 1003.155 1003.115 1003.075 1003.035 1003.005 1002.975 1002.94 1002.905 1002.875 1002.855 1002.81 1002.72 1002.58 1002.47 1002.33 1002.185 1002.025 1001.845 1001.69 1001.48 1001.375 1001.275 1001.19 1001.1 1001.015 1000.89 1000.83 1000.7 1000.6 1000.38 1000.085 1000.04 1000.025 1000.02 1000.009 1000.008 1000.01 999.9945 999.975 999.944 999.955 999.9365 999.9505 999.965 999.986 1000.034 1000.105 1000.1 1000.095 1000.115 1000.155 1000.22 1000.24 1000.275 1000.295 1000.32 1000.355
1003.417 1003.433 1003.412 1003.451 1003.435 1003.4 1003.365 1003.33 1003.295 1003.255 1003.215 1003.175 1003.135 1003.095 1003.06 1003.025 1002.985 1002.95 1002.915 1002.885 1002.855 1002.82 1002.755 1002.69 1002.545 1002.435 1002.29 1002.15 1002.01 1001.86 1001.715 1001.585 1001.405 1001.34 1001.24 1001.155 1001.07 1000.985 1000.9 1000.8 1000.635 1000.47 1000.33 1000.165 1000.15 1000.025 1000.015 1000 999.9835 999.9725 999.9695 999.98 999.9615 999.934 999.938 999.9485 999.9745 999.996 1000.007 1000.065 1000.08 1000.09 1000.08 1000.1 1000.195 1000.27 1000.285 1000.295 1000.305 1000.315 1000.325 1000.35
1003.443 1003.425 1003.385 1003.35 1003.315 1003.275 1003.24 1003.205 1003.165 1003.125 1003.085 1003.045 1003.005 1002.97 1002.935 1002.895 1002.86 1002.825 1002.795 1002.695 1002.58 1002.515 1002.425 1002.3 1002.15 1002 1001.855 1001.705 1001.56 1001.425 1001.315 1001.23 1001.165 1001.1 1001.025 1000.935 1000.85 1000.76 1000.635 1000.48 1000.335 1000.165 1000.04 1000.02 1000.015 1000.001 999.9825 999.977 999.965 999.9515 999.9431 999.95 999.9365 999.9405 999.944 999.9695 999.9926 1000.008 1000.045 1000.085 1000.095 1000.09 1000.115 1000.175 1000.27 1000.3 1000.31 1000.325 1000.33 1000.335 1000.355 1000.4
1003.33 1003.29 1003.25 1003.21 1003.18 1003.14 1003.1 1003.065 1003.03 1002.99 1002.955 1002.915 1002.875 1002.845 1002.78 1002.745 1002.635 1002.53 1002.375 1002.26 1002.185 1002.115 1002.025 1001.89 1001.74 1001.59 1001.44 1001.37 1001.23 1001.185 1001.12 1001.05 1000.96 1000.885 1000.805 1000.715 1000.56 1000.4 1000.25 1000.17 1000.13 1000.025 999.9875 999.984 999.9835 999.966 999.951 999.945 999.9385 999.929 999.933 999.9399 999.943 999.9555 999.969 999.9905 999.996 1000.013 1000.065 1000.11 1000.14 1000.16 1000.2 1000.265 1000.31 1000.32 1000.335 1000.42 1000.435 1000.6 1000.715 1000.895
1003.19 1003.15 1003.11 1003.08 1003.04 1003 1002.97 1002.93 1002.89 1002.86 1002.82 1002.785 1002.7 1002.595 1002.4 1002.265 1002.115 1002.01 1001.935 1001.86 1001.785 1001.715 1001.62 1001.48 1001.33 1001.225 1001.155 1001.115 1001.075 1001.03 1000.965 1000.865 1000.785 1000.615 1000.53 1000.305 1000.125 1000.042 1000.042 1000.05 999.9725 999.925 999.938 999.943 999.9505 999.9305 999.911 999.9109 999.909 999.932 999.9435 999.955 999.9709 999.991 1000.008 1000.018 1000.013 1000.03 1000.105 1000.175 1000.22 1000.245 1000.285 1000.325 1000.355 1000.385 1000.41 1000.645 1000.88 1000.975 1001.04 1001.18
1003.05 1003.01 1002.98 1002.94 1002.905 1002.87 1002.83 1002.795 1002.745 1002.645 1002.56 1002.43 1002.285 1002.12 1001.925 1001.8 1001.725 1001.645 1001.565 1001.49 1001.41 1001.335 1001.23 1001.135 1001.085 1001.045 1001.005 1000.965 1000.925 1000.875 1000.795 1000.715 1000.62 1000.285 1000.11 999.982 999.962 999.949 999.9895 999.908 999.8585 999.8785 999.88 999.903 999.9115 999.8925 999.8755 999.894 999.9205 999.941 999.959 999.979 999.998 1000.03 1000.05 1000.05 1000.04 1000.07 1000.155 1000.25 1000.275 1000.3 1000.34 1000.43 1000.49 1000.525 1000.695 1000.855 1000.945 1001.055 1001.235 1001.385
1002.915 1002.88 1002.84 1002.81 1002.77 1002.72 1002.67 1002.595 1002.47 1002.34 1002.22 1002.1 1001.98 1001.815 1001.645 1001.575 1001.45 1001.365 1001.285 1001.205 1001.125 1001.075 1001.045 1001 1000.935 1000.89 1000.85 1000.81 1000.77 1000.705 1000.635 1000.565 1000.16 1000.025 999.98 999.949 999.9189 999.9125 999.8575 999.837 999.8295 999.835 999.8715 999.886 999.885 999.8765 999.904 999.923 999.95 999.965 999.974 999.9919 1000.025 1000.055 1000.08 1000.085 1000.095 1000.15 1000.22 1000.28 1000.32 1000.41 1000.575 1000.645 1000.72 1000.795 1000.865 1000.96 1001.08 1001.26 1001.44 1001.595
1002.78 1002.74 1002.69 1002.635 1002.57 1002.5 1002.425 1002.34 1002.235 1002.13 1002.015 1001.895 1001.775 1001.61 1001.495 1001.38 1001.295 1001.155 1001.075 1001.025 1001.005 1000.985 1000.95 1000.885 1000.815 1000.745 1000.7 1000.655 1000.61 1000.545 1000.495 1000.315 1000.07 999.969 999.9405 999.913 999.868 999.836 999.8235 999.8115 999.8085 999.8435 999.8565 999.875 999.8805 999.9185 999.9435 999.9735 999.9905 999.9845 999.9915 1000.01 1000.05 1000.085 1000.1 1000.145 1000.205 1000.245 1000.305 1000.405 1000.565 1000.75 1000.82 1000.91 1000.965 1001.015 1001.055 1001.145 1001.3 1001.465 1001.645 1001.815
1002.6 1002.53 1002.46 1002.39 1002.32 1002.25 1002.175 1002.085 1001.995 1001.895 1001.79 1001.69 1001.57 1001.425 1001.325 1001.255 1001.125 1001.01 1000.96 1000.935 1000.915 1000.895 1000.865 1000.81 1000.715 1000.64 1000.56 1000.515 1000.38 1000.255 1000.183 1000.28 1000.017 999.892 999.867 999.8365 999.8265 999.8199 999.807 999.796 999.794 999.843 999.866 999.881 999.9135 999.951 999.986 1000.015 1000.015 1000.013 1000.02 1000.045 1000.08 1000.12 1000.195 1000.275 1000.34 1000.505 1000.605 1000.755 1000.91 1000.985 1001.055 1001.095 1001.145 1001.19 1001.26 1001.39 1001.525 1001.68 1001.85 1002.025
1002.35 1002.28 1002.21 1002.14 1002.07 1002 1001.915 1001.825 1001.735 1001.645 1001.56 1001.46 1001.355 1001.235 1001.165 1001.11 1001.025 1000.97 1000.915 1000.86 1000.825 1000.805 1000.79 1000.74 1000.65 1000.545 1000.47 1000.076 999.925 999.858 1000.039 1000.02 999.844 999.8045 999.794 999.8065 999.812 999.8145 999.8035 999.788 999.8405 999.8755 999.8915 999.9125 999.9395 999.9745 1000.004 1000.02 1000.03 1000.03 1000.04 1000.1 1000.17 1000.265 1000.355 1000.435 1000.475 1000.875 1001.01 1001.125 1001.215 1001.3 1001.35 1001.39 1001.405 1001.425 1001.505 1001.63 1001.755 1001.9 1002.055 1002.235
1002.1 1002.03 1001.96 1001.89 1001.825 1001.745 1001.655 1001.565 1001.48 1001.395 1001.305 1001.215 1001.135 1001.07 1001.03 1001 1000.975 1000.93 1000.87 1000.815 1000.76 1000.73 1000.705 1000.66 1000.58 1000.49 999.826 999.78 999.78 999.7745 999.8375 999.7825 999.773 999.764 999.77 999.7895 999.8025 999.806 999.7995 999.8335 999.882 999.906 999.921 999.9365 999.963 999.984 1000.001 1000.02 1000.03 1000.055 1000.125 1000.21 1000.325 1000.435 1000.58 1000.655 1001.14 1001.37 1001.455 1001.525 1001.61 1001.7 1001.76 1001.76 1001.75 1001.755 1001.83 1001.9 1002 1002.125 1002.28 1002.44
1001.85 1001.78 1001.715 1001.65 1001.575 1001.49 1001.4 1001.315 1001.225 1001.145 1001.085 1001.035 1001 1000.975 1000.945 1000.91 1000.89 1000.87 1000.84 1000.77 1000.72 1000.665 1000.63 1000.575 1000.125 999.742 999.7435 999.7405 999.7485 999.73 999.7415 999.7515 999.7365 999.7155 999.739 999.7725 999.789 999.7995 999.8225 999.862 999.8975 999.924 999.946 999.968 999.987 1000.001 1000.02 1000.045 1000.085 1000.14 1000.475 1000.685 1000.865 1001.105 1001.28 1001.625 1001.695 1001.87 1001.9 1001.96 1002.03 1002.095 1002.16 1002.17 1002.165 1002.175 1002.195 1002.24 1002.31 1002.385 1002.5 1002.655
1001.605 1001.54 1001.47 1001.4 1001.325 1001.235 1001.155 1001.12 1001.04 1001.01 1000.97 1000.94 1000.915 1000.9 1000.855 1000.82 1000.8 1000.8 1000.77 1000.74 1000.685 1000.62 1000.565 999.717 999.693 999.708 999.725 999.736 999.7335 999.7355 999.731 999.7235 999.6985 999.7185 999.7575 999.782 999.792 999.8075 999.8325 999.8665 999.919 999.9525 999.9771 999.997 1000.015 1000.035 1000.09 1000.235 1000.28 1000.83 1001.18 1001.47 1001.73 1001.91 1002.145 1002.145 1002.255 1002.345 1002.38 1002.42 1002.455 1002.53 1002.56 1002.54 1002.5 1002.54 1002.58 1002.64 1002.66 1002.72 1002.795 1002.885
1001.375 1001.305 1001.23 1001.16 1001.1 1001.05 1001.01 1000.98 1000.95 1000.91 1000.88 1000.85 1000.835 1000.825 1000.785 1000.74 1000.72 1000.71 1000.705 1000.67 1000.39 1000.335 999.6615 999.6465 999.6715 999.6965 999.7095 999.7235 999.7275 999.725 999.7275 999.727 999.7265 999.7401 999.7835 999.786 999.8005 999.8155 999.839 999.879 999.937 999.981 1000.005 1000.055 1000.245 1000.38 1000.53 1000.77 1001.1 1001.535 1001.87 1002.005 1002.175 1002.35 1002.515 1002.58 1002.745 1002.78 1002.795 1002.805 1002.795 1002.835 1002.795 1002.71 1002.765 1002.825 1002.885 1002.945 1002.99 1003.035 1003.075 1003.165
1001.185 1001.11 1001.065 1001.03 1000.99 1000.95 1000.92 1000.885 1000.85 1000.82 1000.785 1000.755 1000.755 1000.75 1000.72 1000.67 1000.66 1000.65 1000.595 1000.405 1000.091 999.5905 999.605 999.642 999.67 999.6935 999.7145 999.7265 999.7271 999.7315 999.737 999.7465 999.7585 999.775 999.7825 999.809 999.826 999.8405 999.927 1000.046 1000.211 1000.25 1000.425 1000.705 1000.92 1001.14 1001.41 1001.655 1002.005 1002.165 1002.17 1002.255 1002.38 1002.56 1002.74 1002.92 1003 1003.01 1003.01 1003.005 1002.995 1002.975 1002.895 1002.935 1002.995 1003.055 1003.115 1003.18 1003.245 1003.295 1003.335 1003.375
1001.05 1001.03 1001 1000.94 1000.895 1000.86 1000.82 1000.79 1000.76 1000.72 1000.69 1000.68 1000.68 1000.68 1000.67 1000.64 1000.63 1000.125 999.8995 999.6115 999.569 999.555 999.586 999.6285 999.662 999.687 999.7055 999.7215 999.7255 999.727 999.7285 999.742 999.7555 999.7905 999.817 999.8645 999.885 1000.046 1000.2 1000.445 1000.7 1000.98 1001.185 1001.405 1001.685 1001.98 1002.225 1002.285 1002.38 1002.375 1002.39 1002.445 1002.575 1002.735 1002.915 1003.065 1003.1 1003.125 1003.13 1003.14 1003.125 1003.085 1003.105 1003.165 1003.215 1003.275 1003.315 1003.335 1003.39 1003.41 1003.43 1003.45
1000.99 1000.97 1000.91 1000.835 1000.74 1000.725 1000.73 1000.695 1000.66 1000.63 1000.6 1000.595 1000.605 1000.51 1000.183 1000.183 999.987 999.593 999.5835 999.548 999.5385 999.5255 999.607 999.614 999.6365 999.6585 999.6775 999.697 999.704 999.707 999.717 999.743 999.767 999.835 999.895 1000.189 1000.385 1000.495 1000.73 1001.01 1001.34 1001.545 1001.83 1002.07 1002.31 1002.44 1002.5 1002.56 1002.585 1002.585 1002.625 1002.68 1002.78 1002.915 1003.09 1003.16 1003.185 1003.21 1003.24 1003.245 1003.27 1003.265 1003.305 1003.345 1003.375 1003.395 1003.415 1003.435 1003.455 1003.475 1003.495 1003.515
1000.92 1000.885 1000.78 1000.615 1000.54 1000.505 1000.505 1000.545 1000.51 1000.515 1000.51 1000.395 1000.096 999.795 999.7095 999.597 999.54 999.537 999.514 999.492 999.5056 999.567 999.56 999.587 999.619 999.6305 999.6505 999.669 999.6815 999.7085 999.739 999.765 999.8185 1000.158 1000.48 1000.805 1000.99 1001.055 1001.195 1001.495 1001.81 1002.165 1002.395 1002.54 1002.59 1002.64 1002.695 1002.755 1002.785 1002.81 1002.86 1002.91 1002.98 1003.085 1003.225 1003.25 1003.275 1003.3 1003.32 1003.345 1003.365 1003.385 1003.405 1003.425 1003.445 1003.465 1003.485 1003.505 1003.525 1003.545 1003.565 1003.585
1000.8 1000.72 1000.55 1000.385 1000.245 1000.205 1000.181 1000.21 1000.25 1000.265 1000.001 999.7575 999.6915 999.6135 999.5685 999.4935 999.498 999.4945 999.48 999.4695 999.495 999.5225 999.554 999.5925 999.6 999.62 999.642 999.6845 999.7145 999.7595 999.7805 999.8215 1000.023 1000.423 1000.915 1001.235 1001.465 1001.65 1001.805 1002.125 1002.32 1002.6 1002.705 1002.775 1002.845 1002.88 1002.925 1002.95 1002.99 1003.04 1003.09 1003.145 1003.2 1003.22 1003.31 1003.335 1003.355 1003.375 1003.395 1003.415 1003.435 1003.455 1003.475 1003.495 1003.515 1003.535 1003.555 1003.575 1003.595 1003.597 1003.592 1003.588
1000.61 1000.48 1000.315 1000.15 1000.013 999.927 999.921 999.8954 999.8635 999.7075 999.6705 999.6145 999.5355 999.491 999.4645 999.4525 999.4585 999.4685 999.458 999.466 999.4945 999.53 999.578 999.6145 999.655 999.6675 999.6845 999.7265 999.7896 999.828 999.8915 1000.275 1000.61 1000.975 1001.305 1001.65 1001.97 1002.135 1002.44 1002.64 1002.745 1002.85 1002.955 1003.055 1003.12 1003.165 1003.195 1003.23 1003.255 1003.28 1003.305 1003.335 1003.345 1003.365 1003.385 1003.405 1003.425 1003.445 1003.465 1003.485 1003.505 1003.525 1003.545 1003.565 1003.585 1003.598 1003.595 1003.59 1003.586 1003.578 1003.556 1003.534
1000.29 1000.17 1000.07 999.9059 999.8385 999.7905 999.727 999.6605 999.634 999.599 999.5515 999.4965 999.473 999.4515 999.4285 999.442 999.476 999.4775 999.471 999.494 999.5316 999.592 999.665 999.709 999.7255 999.7345 999.7595 999.89 1000.005 1000.231 1000.685 1000.905 1001.155 1001.445 1001.75 1002.085 1002.395 1002.69 1002.84 1002.945 1003.045 1003.15 1003.25 1003.33 1003.365 1003.385 1003.405 1003.405 1003.4 1003.395 1003.395 1003.4 1003.42 1003.435 1003.455 1003.475 1003.495 1003.515 1003.535 1003.555 1003.575 1003.595 1003.593 1003.59 1003.588 1003.584 1003.579 1003.569 1003.547 1003.524 1003.502 1003.48
999.9295 999.9015 999.827 999.784 999.73 999.679 999.644 999.6215 999.5795 999.537 999.5031 999.4725 999.4535 999.4315 999.444 999.475 999.4885 999.503 999.5085 999.5475 999.5995 999.7505 999.7975 999.848 999.9115 999.929 1000.122 1000.31 1000.67 1001.13 1001.43 1001.57 1001.745 1001.995 1002.29 1002.565 1002.86 1003.065 1003.21 1003.305 1003.36 1003.41 1003.44 1003.445 1003.45 1003.45 1003.45 1003.445 1003.445 1003.445 1003.455 1003.475 1003.49 1003.51 1003.525 1003.545 1003.565 1003.585 1003.59 1003.588 1003.586 1003.583 1003.582 1003.577 1003.572 1003.56 1003.537 1003.515 1003.493 1003.47 1003.451 1003.445
999.7745 999.775 999.756 999.7075 999.6575 999.631 999.608 999.5835 999.5535 999.5195 999.483 999.463 999.445 999.4485 999.4666 999.4825 999.499 999.516 999.559 999.5955 999.724 999.9135 1000.036 1000.063 1000.095 1000.34 1000.58 1000.935 1001.395 1001.82 1002.135 1002.25 1002.425 1002.65 1002.875 1003.135 1003.355 1003.41 1003.46 1003.465 1003.47 1003.475 1003.48 1003.49 1003.49 1003.495 1003.495 1003.49 1003.495 1003.51 1003.525 1003.545 1003.56 1003.58 1003.583 1003.585 1003.583 1003.581 1003.578 1003.579 1003.575 1003.571 1003.565 1003.551 1003.528 1003.506 1003.483 1003.461 1003.448 1003.442 1003.435 -9999
999.74 999.737 999.7025 999.663 999.632 999.6005 999.574 999.545 999.521 999.497 999.476 999.4605 999.4615 999.471 999.4835 999.4985 999.521 999.573 999.6115 999.729 999.9805 1000.225 1000.315 1000.335 1000.52 1000.855 1001.24 1001.695 1002.15 1002.605 1002.76 1002.905 1003.095 1003.235 1003.385 1003.475 1003.485 1003.49 1003.495 1003.505 1003.51 1003.515 1003.525 1003.53 1003.535 1003.54 1003.535 1003.545 1003.56 1003.574 1003.572 1003.569 1003.575 1003.578 1003.576 1003.573 1003.571 1003.573 1003.569 1003.565 1003.564 1003.541 1003.519 1003.497 1003.474 1003.452 1003.444 1003.438 1003.43 -9999 -9999 -9999
