sfe2248_gcs_analysis/sfe_2248.asc
ncols         371
nrows         175
xllcorner     2952.7645253948
yllcorner     1972.4924739049
cellsize      0.4
NODATA_value  -9999
[rows 0 to 31 of 175, columns 288 to 359 of 371]
-9999 -9999 -9999 -9999 -9999 -9999 -9999 -9999 -9999 -9999 -9999 -9999 -9999 -9999 -9999 -9999 -9999 -9999 -9999 -9999 -9999 -9999 -9999 -9999 -9999 -9999 -9999 -9999 -9999 -9999 -9999 -9999 -9999 -9999 -9999 -9999 -9999 -9999 -9999 -9999 -9999 -9999 -9999 -9999 -9999 -9999 -9999 -9999 -9999 -9999 -9999 -9999 -9999 -9999 -9999 -9999 -9999 -9999 -9999 -9999 -9999 -9999 -9999 -9999 -9999 -9999 -9999 -9999 1003.466 1003.324 -9999 -9999
-9999 -9999 -9999 -9999 -9999 -9999 -9999 -9999 -9999 -9999 -9999 -9999 -9999 -9999 -9999 -9999 -9999 -9999 -9999 -9999 -9999 -9999 -9999 -9999 -9999 -9999 -9999 -9999 -9999 -9999 -9999 -9999 -9999 -9999 -9999 -9999 -9999 -9999 -9999 -9999 -9999 -9999 -9999 -9999 -9999 -9999 -9999 -9999 -9999 -9999 -9999 -9999 -9999 -9999 -9999 -9999 -9999 -9999 -9999 -9999 -9999 -9999 -9999 -9999 -9999 1003.525 1003.389 1003.253 1003.116 1002.974 1002.828 -9999
-9999 -9999 -9999 -9999 -9999 -9999 -9999 -9999 -9999 -9999 -9999 -9999 -9999 -9999 -9999 -9999 -9999 -9999 -9999 -9999 -9999 -9999 -9999 -9999 -9999 -9999 -9999 -9999 -9999 -9999 -9999 -9999 -9999 -9999 -9999 -9999 -9999 -9999 -9999 -9999 -9999 -9999 -9999 -9999 -9999 -9999 -9999 -9999 -9999 -9999 -9999 -9999 -9999 -9999 -9999 -9999 -9999 -9999 -9999 -9999 -9999 -9999 1003.537 1003.448 1003.312 1003.175 1003.039 1002.903 1002.786 1002.624 1002.478 -9999
-9999 -9999 -9999 -9999 -9999 -9999 -9999 -9999 -9999 -9999 -9999 -9999 -9999 -9999 -9999 -9999 -9999 -9999 -9999 -9999 -9999 -9999 -9999 -9999 -9999 -9999 -9999 -9999 -9999 -9999 -9999 -9999 -9999 -9999 -9999 -9999 -9999 -9999 -9999 -9999 -9999 -9999 -9999 -9999 -9999 -9999 -9999 -9999 -9999 -9999 -9999 -9999 -9999 -9999 -9999 -9999 -9999 -9999 -9999 -9999 1003.507 1003.371 1003.234 1003.098 1002.962 1002.835 1002.731 1002.626 1002.521 1002.417 1002.15 1002.298
-9999 -9999 -9999 -9999 -9999 -9999 -9999 -9999 -9999 -9999 -9999 -9999 -9999 -9999 -9999 -9999 -9999 -9999 -9999 -9999 -9999 -9999 -9999 -9999 -9999 -9999 -9999 -9999 -9999 -9999 -9999 -9999 -9999 -9999 -9999 -9999 -9999 -9999 -9999 -9999 -9999 -9999 -9999 -9999 -9999 -9999 -9999 -9999 -9999 -9999 -9999 -9999 -9999 -9999 -9999 -9999 -9999 1003.538 1003.43 1003.294 1003.157 1003.021 1002.885 1002.781 1002.677 1002.572 1002.467 1002.362 1002.257 1002.153 1001.84 1001.813
-9999 -9999 -9999 -9999 -9999 -9999 -9999 -9999 -9999 -9999 -9999 -9999 -9999 -9999 -9999 -9999 -9999 -9999 -9999 -9999 -9999 -9999 -9999 -9999 -9999 -9999 -9999 -9999 -9999 -9999 -9999 -9999 -9999 -9999 -9999 -9999 -9999 -9999 -9999 -9999 -9999 -9999 -9999 -9999 -9999 -9999 -9999 -9999 -9999 -9999 -9999 -9999 -9999 -9999 1003.534 1003.489 1003.353 1003.216 1003.08 1002.944 1002.829 1002.727 1002.623 1002.518 1002.413 1002.308 1002.203 1002.098 1001.993 1001.889 1001.728 1001.547
-9999 -9999 -9999 -9999 -9999 -9999 -9999 -9999 -9999 -9999 -9999 -9999 -9999 -9999 -9999 -9999 -9999 -9999 -9999 -9999 -9999 -9999 -9999 -9999 -9999 -9999 -9999 -9999 -9999 -9999 -9999 -9999 -9999 -9999 -9999 -9999 -9999 -9999 -9999 -9999 -9999 -9999 -9999 -9999 -9999 -9999 -9999 -9999 -9999 -9999 -9999 -9999 1003.539 1003.412 1003.275 1003.139 1003.003 1002.877 1002.775 1002.673 1002.569 1002.464 1002.359 1002.254 1002.149 1002.044 1001.939 1001.834 1001.729 1001.624 1001.52 1001.334
-9999 -9999 -9999 -9999 -9999 -9999 -9999 -9999 -9999 -9999 -9999 -9999 -9999 -9999 -9999 -9999 -9999 -9999 -9999 -9999 -9999 -9999 -9999 -9999 -9999 -9999 -9999 -9999 -9999 -9999 -9999 -9999 -9999 -9999 -9999 -9999 -9999 -9999 -9999 -9999 -9999 -9999 -9999 -9999 -9999 -9999 -9999 -9999 -9999 1003.536 1003.471 1003.335 1003.198 1003.062 1002.926 1002.824 1002.722 1002.619 1002.514 1002.409 1002.305 1002.2 1002.095 1001.99 1001.885 1001.78 1001.675 1001.57 1001.465 1001.36 1001.287 1001.281
-9999 -9999 -9999 -9999 -9999 -9999 -9999 -9999 -9999 -9999 -9999 -9999 -9999 -9999 -9999 -9999 -9999 -9999 -9999 -9999 -9999 -9999 -9999 -9999 -9999 -9999 -9999 -9999 -9999 -9999 -9999 -9999 -9999 -9999 -9999 -9999 -9999 -9999 -9999 -9999 -9999 -9999 -9999 -9999 -9999 -9999 1003.532 1003.532 1003.394 1003.257 1003.121 1002.985 1002.872 1002.77 1002.668 1002.565 1002.46 1002.355 1002.25 1002.145 1002.04 1001.936 1001.831 1001.726 1001.621 1001.516 1001.411 1001.308 1001.27 1001.218 1001.165 1001.113
-9999 -9999 -9999 -9999 -9999 -9999 -9999 -9999 -9999 -9999 -9999 -9999 -9999 -9999 -9999 -9999 -9999 -9999 -9999 -9999 -9999 -9999 -9999 -9999 -9999 -9999 -9999 -9999 -9999 -9999 -9999 -9999 -9999 -9999 -9999 -9999 -9999 -9999 -9999 -9999 -9999 -9999 -9999 -9999 1003.537 1003.453 1003.316 1003.18 1003.044 1002.92 1002.818 1002.716 1002.614 1002.511 1002.406 1002.301 1002.196 1002.091 1001.986 1001.881 1001.776 1001.672 1001.567 1001.462 1001.357 1001.282 1001.254 1001.201 1001.149 1001.096 1001.044 1000.991
-9999 -9999 -9999 -9999 -9999 -9999 -9999 -9999 -9999 -9999 -9999 -9999 -9999 -9999 -9999 -9999 -9999 -9999 -9999 -9999 -9999 -9999 -9999 -9999 -9999 -9999 -9999 -9999 -9999 -9999 -9999 -9999 -9999 -9999 -9999 -9999 -9999 -9999 -9999 -9999 -9999 1003.533 1003.513 1003.375 1003.239 1003.103 1002.968 1002.866 1002.764 1002.662 1002.56 1002.456 1002.352 1002.247 1002.142 1002.037 1001.932 1001.827 1001.722 1001.617 1001.512 1001.407 1001.305 1001.257 1001.237 1001.184 1001.132 1001.079 1001.027 1000.974 1000.922 1000.869
-9999 -9999 -9999 -9999 -9999 -9999 -9999 -9999 -9999 -9999 -9999 -9999 -9999 -9999 -9999 -9999 -9999 -9999 -9999 -9999 -9999 -9999 -9999 -9999 -9999 -9999 -9999 -9999 -9999 -9999 -9999 -9999 -9999 -9999 -9999 -9999 -9999 -9999 1003.529 1003.538 1003.435 1003.298 1003.162 1003.026 1002.914 1002.813 1002.711 1002.609 1002.507 1002.402 1002.297 1002.192 1002.088 1001.983 1001.878 1001.773 1001.668 1001.563 1001.458 1001.353 1001.28 1001.232 1001.218 1001.168 1001.115 1001.063 1001.01 1000.958 1000.905 1000.853 1000.8 1000.748
-9999 -9999 -9999 -9999 -9999 -9999 -9999 -9999 -9999 -9999 -9999 -9999 -9999 -9999 -9999 -9999 -9999 -9999 -9999 -9999 -9999 -9999 -9999 -9999 -9999 -9999 -9999 -9999 -9999 -9999 -9999 -9999 -9999 -9999 -9999 1003.525 1003.534 1003.494 1003.357 1003.221 1003.085 1002.963 1002.861 1002.759 1002.657 1002.555 1002.453 1002.348 1002.243 1002.138 1002.033 1001.928 1001.823 1001.719 1001.614 1001.509 1001.404 1001.303 1001.255 1001.207 1001.196 1001.151 1001.098 1001.046 1000.993 1000.941 1000.888 1000.836 1000.783 1000.731 1000.678 1000.626
-9999 -9999 -9999 -9999 -9999 -9999 -9999 -9999 -9999 -9999 -9999 -9999 -9999 -9999 -9999 -9999 -9999 -9999 -9999 -9999 -9999 -9999 -9999 -9999 -9999 -9999 -9999 -9999 -9999 -9999 -9999 -9999 -9999 1003.53 1003.539 1003.416 1003.28 1003.144 1003.011 1002.909 1002.807 1002.705 1002.603 1002.501 1002.399 1002.294 1002.189 1002.084 1001.979 1001.874 1001.769 1001.664 1001.559 1001.455 1001.35 1001.277 1001.229 1001.182 1001.173 1001.134 1001.082 1001.029 1000.977 1000.924 1000.872 1000.819 1000.767 1000.714 1000.662 1000.609 1000.557 1000.504
-9999 -9999 -9999 -9999 -9999 -9999 -9999 -9999 -9999 -9999 -9999 -9999 -9999 -9999 -9999 -9999 -9999 -9999 -9999 -9999 -9999 -9999 -9999 -9999 -9999 -9999 -9999 -9999 -9999 -9999 1003.526 1003.535 1003.476 1003.339 1003.203 1003.066 1002.957 1002.855 1002.753 1002.651 1002.549 1002.447 1002.344 1002.24 1002.135 1002.03 1001.925 1001.82 1001.715 1001.61 1001.505 1001.4 1001.3 1001.252 1001.204 1001.156 1001.151 1001.117 1001.065 1001.012 1000.96 1000.907 1000.855 1000.802 1000.75 1000.697 1000.645 1000.592 1000.54 1000.487 1000.435 1000.382
-9999 -9999 -9999 -9999 -9999 -9999 -9999 -9999 -9999 -9999 -9999 -9999 -9999 -9999 -9999 -9999 -9999 -9999 -9999 -9999 -9999 -9999 -9999 -9999 -9999 -9999 -9999 1003.523 1003.531 1003.54 1003.398 1003.262 1003.126 1003.005 1002.903 1002.801 1002.699 1002.597 1002.495 1002.393 1002.29 1002.185 1002.08 1001.975 1001.871 1001.766 1001.661 1001.556 1001.451 1001.346 1001.275 1001.227 1001.179 1001.131 1001.129 1001.101 1001.048 1000.996 1000.943 1000.891 1000.838 1000.786 1000.733 1000.681 1000.628 1000.576 1000.523 1000.471 1000.418 1000.365 1000.313 1000.34
-9999 -9999 -9999 -9999 -9999 -9999 -9999 -9999 -9999 -9999 -9999 -9999 -9999 -9999 -9999 -9999 -9999 -9999 -9999 -9999 -9999 -9999 -9999 -9999 -9999 1003.528 1003.536 1003.457 1003.321 1003.185 1003.053 1002.952 1002.85 1002.748 1002.646 1002.544 1002.442 1002.34 1002.236 1002.131 1002.026 1001.921 1001.816 1001.711 1001.607 1001.502 1001.397 1001.297 1001.25 1001.202 1001.154 1001.106 1001.106 1001.084 1001.031 1000.979 1000.926 1000.874 1000.821 1000.769 1000.716 1000.664 1000.611 1000.559 1000.506 1000.454 1000.401 1000.349 1000.314 1000.367 1000.372 1000.378
-9999 -9999 -9999 -9999 -9999 -9999 -9999 -9999 -9999 -9999 -9999 -9999 -9999 -9999 -9999 -9999 -9999 -9999 -9999 -9999 -9999 -9999 1003.524 1003.532 1003.521 1003.38 1003.244 1003.107 1003 1002.898 1002.796 1002.694 1002.592 1002.49 1002.388 1002.286 1002.182 1002.077 1001.972 1001.867 1001.762 1001.657 1001.552 1001.447 1001.342 1001.272 1001.224 1001.177 1001.129 1001.081 1001.084 1001.067 1001.015 1000.962 1000.91 1000.857 1000.805 1000.752 1000.7 1000.647 1000.594 1000.542 1000.49 1000.437 1000.384 1000.332 1000.336 1000.393 1000.399 1000.404 1000.41 1000.415
-9999 -9999 -9999 -9999 -9999 -9999 -9999 -9999 -9999 -9999 -9999 -9999 -9999 -9999 -9999 -9999 -9999 -9999 -9999 1003.52 1003.529 1003.537 1003.439 1003.303 1003.167 1003.048 1002.946 1002.844 1002.742 1002.64 1002.538 1002.436 1002.334 1002.232 1002.127 1002.023 1001.918 1001.813 1001.708 1001.603 1001.498 1001.393 1001.295 1001.247 1001.199 1001.151 1001.104 1001.056 1001.061 1001.05 1000.998 1000.945 1000.893 1000.84 1000.788 1000.735 1000.683 1000.63 1000.578 1000.525 1000.473 1000.42 1000.368 1000.315 1000.359 1000.419 1000.426 1000.431 1000.437 1000.442 1000.447 1000.453
-9999 -9999 -9999 -9999 -9999 -9999 -9999 -9999 -9999 -9999 -9999 -9999 -9999 -9999 -9999 -9999 -9999 1003.525 1003.534 1003.502 1003.362 1003.226 1003.096 1002.994 1002.892 1002.79 1002.688 1002.586 1002.484 1002.382 1002.28 1002.178 1002.073 1001.968 1001.863 1001.758 1001.654 1001.549 1001.444 1001.339 1001.27 1001.222 1001.174 1001.126 1001.078 1001.03 1001.039 1001.034 1000.981 1000.929 1000.876 1000.823 1000.771 1000.719 1000.666 1000.613 1000.561 1000.508 1000.456 1000.403 1000.351 1000.323 1000.382 1000.442 1000.452 1000.458 1000.463 1000.469 1000.474 1000.48 1000.485 1000.491
-9999 -9999 -9999 -9999 -9999 -9999 -9999 -9999 -9999 -9999 -9999 -9999 -9999 -9999 1003.521 1003.53 1003.538 1003.421 1003.285 1003.148 1003.042 1002.94 1002.838 1002.736 1002.634 1002.532 1002.43 1002.328 1002.227 1002.124 1002.019 1001.914 1001.809 1001.704 1001.599 1001.494 1001.39 1001.292 1001.245 1001.197 1001.149 1001.101 1001.053 1001.005 1001.017 1001.017 1000.964 1000.912 1000.859 1000.807 1000.754 1000.702 1000.649 1000.597 1000.544 1000.492 1000.439 1000.387 1000.334 1000.346 1000.405 1000.464 1000.479 1000.485 1000.49 1000.495 1000.501 1000.506 1000.512 1000.517 1000.523 1000.528
-9999 -9999 -9999 -9999 -9999 -9999 -9999 -9999 -9999 -9999 -9999 1003.517 1003.526 1003.535 1003.483 1003.344 1003.207 1003.091 1002.989 1002.887 1002.785 1002.683 1002.581 1002.479 1002.377 1002.275 1002.173 1002.07 1001.965 1001.86 1001.755 1001.65 1001.545 1001.44 1001.335 1001.267 1001.219 1001.172 1001.124 1001.076 1001.028 1000.98 1000.994 1001 1000.948 1000.895 1000.842 1000.79 1000.737 1000.685 1000.632 1000.58 1000.527 1000.475 1000.422 1000.37 1000.317 1000.368 1000.428 1000.487 1000.506 1000.511 1000.517 1000.522 1000.528 1000.533 1000.539 1000.544 1000.55 1000.555 1000.56 1000.566
-9999 -9999 -9999 -9999 -9999 -9999 -9999 -9999 1003.514 1003.522 1003.531 1003.539 1003.403 1003.267 1003.139 1003.037 1002.935 1002.833 1002.731 1002.629 1002.527 1002.425 1002.323 1002.221 1002.119 1002.015 1001.91 1001.806 1001.701 1001.596 1001.491 1001.386 1001.29 1001.242 1001.194 1001.146 1001.098 1001.051 1001.003 1000.955 1000.972 1000.983 1000.931 1000.878 1000.826 1000.773 1000.721 1000.668 1000.616 1000.563 1000.511 1000.458 1000.406 1000.353 1000.332 1000.391 1000.451 1000.51 1000.533 1000.538 1000.544 1000.549 1000.554 1000.56 1000.565 1000.571 1000.576 1000.582 1000.587 1000.593 1000.598 1000.604
-9999 -9999 -9999 -9999 -9999 -9999 1003.519 1003.527 1003.536 1003.464 1003.326 1003.189 1003.085 1002.983 1002.881 1002.779 1002.677 1002.575 1002.473 1002.371 1002.269 1002.167 1002.065 1001.961 1001.856 1001.751 1001.646 1001.542 1001.437 1001.332 1001.265 1001.217 1001.169 1001.121 1001.073 1001.025 1000.978 1000.93 1000.95 1000.966 1000.914 1000.861 1000.809 1000.756 1000.704 1000.651 1000.599 1000.546 1000.494 1000.441 1000.389 1000.336 1000.355 1000.414 1000.473 1000.533 1000.559 1000.565 1000.57 1000.576 1000.581 1000.587 1000.592 1000.598 1000.603 1000.609 1000.614 1000.619 1000.625 1000.63 1000.636 1000.653
-9999 -9999 -9999 1003.515 1003.523 1003.532 1003.529 1003.385 1003.248 1003.133 1003.031 1002.929 1002.827 1002.725 1002.623 1002.521 1002.419 1002.317 1002.215 1002.113 1002.011 1001.907 1001.802 1001.697 1001.592 1001.487 1001.382 1001.287 1001.24 1001.192 1001.144 1001.096 1001.048 1001 1000.952 1000.904 1000.927 1000.95 1000.897 1000.845 1000.792 1000.74 1000.687 1000.635 1000.582 1000.53 1000.477 1000.425 1000.372 1000.32 1000.377 1000.437 1000.496 1000.556 1000.586 1000.592 1000.597 1000.602 1000.608 1000.613 1000.619 1000.624 1000.63 1000.635 1000.641 1000.646 1000.652 1000.657 1000.663 1000.707 1000.808 1000.938
1003.511 1003.52 1003.528 1003.537 1003.445 1003.307 1003.181 1003.079 1002.977 1002.875 1002.773 1002.671 1002.57 1002.468 1002.366 1002.264 1002.162 1002.06 1001.958 1001.853 1001.748 1001.643 1001.538 1001.433 1001.328 1001.262 1001.214 1001.167 1001.119 1001.071 1001.023 1000.975 1000.927 1000.88 1000.905 1000.93 1000.88 1000.828 1000.775 1000.723 1000.67 1000.618 1000.565 1000.513 1000.46 1000.408 1000.355 1000.341 1000.4 1000.46 1000.519 1000.579 1000.613 1000.618 1000.624 1000.629 1000.635 1000.64 1000.646 1000.651 1000.657 1000.662 1000.667 1000.673 1000.678 1000.684 1000.689 1000.76 1000.864 1000.994 1001.124 1001.253
1003.533 1003.51 1003.367 1003.23 1003.128 1003.026 1002.924 1002.822 1002.72 1002.618 1002.516 1002.414 1002.312 1002.21 1002.108 1002.006 1001.903 1001.798 1001.693 1001.589 1001.484 1001.379 1001.285 1001.237 1001.189 1001.141 1001.093 1001.046 1000.998 1000.95 1000.902 1000.857 1000.882 1000.907 1000.864 1000.811 1000.759 1000.706 1000.654 1000.601 1000.549 1000.496 1000.444 1000.391 1000.339 1000.364 1000.423 1000.483 1000.542 1000.601 1000.64 1000.645 1000.651 1000.656 1000.661 1000.667 1000.672 1000.678 1000.683 1000.689 1000.694 1000.7 1000.705 1000.711 1000.732 1000.813 1000.919 1001.049 1001.179 1001.309 1001.439 1001.528
1003.289 1003.176 1003.074 1002.972 1002.87 1002.768 1002.666 1002.564 1002.462 1002.36 1002.258 1002.156 1002.054 1001.952 1001.849 1001.744 1001.639 1001.534 1001.429 1001.325 1001.26 1001.212 1001.164 1001.116 1001.068 1001.02 1000.972 1000.925 1000.877 1000.835 1000.86 1000.885 1000.847 1000.794 1000.742 1000.689 1000.637 1000.584 1000.532 1000.479 1000.427 1000.374 1000.327 1000.387 1000.446 1000.505 1000.565 1000.624 1000.666 1000.672 1000.677 1000.683 1000.688 1000.694 1000.699 1000.705 1000.71 1000.715 1000.721 1000.726 1000.732 1000.737 1000.786 1000.867 1000.975 1001.104 1001.234 1001.364 1001.494 1001.575 1001.657 1001.738
1003.02 1002.918 1002.816 1002.714 1002.612 1002.51 1002.408 1002.306 1002.204 1002.102 1002 1001.898 1001.795 1001.69 1001.585 1001.48 1001.375 1001.282 1001.234 1001.187 1001.139 1001.091 1001.043 1000.995 1000.947 1000.899 1000.852 1000.813 1000.838 1000.863 1000.83 1000.778 1000.725 1000.673 1000.62 1000.568 1000.515 1000.463 1000.41 1000.358 1000.35 1000.409 1000.469 1000.528 1000.588 1000.647 1000.693 1000.699 1000.704 1000.709 1000.715 1000.72 1000.726 1000.731 1000.737 1000.742 1000.748 1000.753 1000.759 1000.764 1000.839 1000.92 1001.03 1001.16 1001.29 1001.419 1001.541 1001.623 1001.704 1001.786 1001.868 1001.949
1002.762 1002.66 1002.558 1002.456 1002.354 1002.252 1002.15 1002.048 1001.946 1001.845 1001.741 1001.636 1001.531 1001.426 1001.321 1001.257 1001.209 1001.161 1001.114 1001.066 1001.018 1000.97 1000.922 1000.874 1000.826 1000.79 1000.815 1000.84 1000.813 1000.761 1000.708 1000.656 1000.603 1000.551 1000.498 1000.446 1000.393 1000.341 1000.373 1000.432 1000.492 1000.551 1000.61 1000.67 1000.72 1000.725 1000.731 1000.736 1000.742 1000.747 1000.753 1000.758 1000.763 1000.769 1000.774 1000.78 1000.785 1000.812 1000.893 1000.974 1001.085 1001.215 1001.345 1001.475 1001.589 1001.67 1001.752 1001.834 1001.915 1001.997 1002.078 1002.16
1002.505 1002.403 1002.301 1002.199 1002.097 1001.995 1001.893 1001.791 1001.686 1001.581 1001.476 1001.372 1001.28 1001.232 1001.184 1001.136 1001.088 1001.041 1000.993 1000.945 1000.897 1000.849 1000.801 1000.768 1000.793 1000.818 1000.797 1000.744 1000.692 1000.639 1000.587 1000.534 1000.482 1000.429 1000.377 1000.336 1000.396 1000.455 1000.514 1000.574 1000.633 1000.693 1000.747 1000.752 1000.758 1000.763 1000.768 1000.774 1000.779 1000.785 1000.79 1000.796 1000.801 1000.807 1000.812 1000.865 1000.946 1001.027 1001.141 1001.271 1001.4 1001.53 1001.637 1001.718 1001.8 1001.881 1001.963 1002.044 1002.126 1002.208 1002.289 1002.371
1002.247 1002.145 1002.043 1001.941 1001.839 1001.737 1001.632 1001.527 1001.422 1001.317 1001.255 1001.207 1001.159 1001.111 1001.063 1001.015 1000.967 1000.92 1000.872 1000.824 1000.776 1000.745 1000.77 1000.795 1000.78 1000.727 1000.675 1000.622 1000.57 1000.517 1000.465 1000.412 1000.36 1000.359 1000.418 1000.478 1000.537 1000.597 1000.656 1000.716 1000.773 1000.779 1000.784 1000.79 1000.795 1000.801 1000.806 1000.812 1000.817 1000.822 1000.828 1000.833 1000.839 1000.919 1001 1001.081 1001.196 1001.326 1001.456 1001.586 1001.684 1001.766 1001.847 1001.929 1002.01 1002.092 1002.174 1002.255 1002.337 1002.418 1002.5 1002.581
