site316_ft/site316_5x_roughbed/site316_5x_roughbed/sfe316_5x_roughbed.asc
ncols         167
nrows         75
xllcorner     -7.1323197717658
yllcorner     -40.416478706673
cellsize      1
NODATA_value  -9999
[rows 0 to 27 of 75, columns 63 to 125 of 167]
152.3811 152.3727 152.3642 152.3559 152.3467 152.3377 152.3288 152.3192 152.3104 152.3008 152.2915 152.2822 152.2726 152.2632 152.2536 152.2439 152.2342 152.2246 152.2148 152.2051 152.1956 152.1856 152.176 152.166 152.1563 152.1465 152.1366 152.1268 152.1171 152.1071 152.0974 152.0874 152.0776 152.0676 152.0579 152.048 152.0381 152.0281 152.0183 152.0084 151.9985 151.9886 151.9786 151.9687 151.9588 151.9489 151.9389 151.929 151.9191 151.9091 151.8992 151.8892 151.8792 151.8694 151.8593 151.8494 151.8394 151.8295 151.8178 151.8077 151.7977 151.7876 151.7775
152.3336 152.3286 152.3239 152.3182 152.3127 152.3059 152.2993 152.2911 152.2843 152.2763 152.2684 152.2596 152.2517 152.243 152.2341 152.2253 152.2173 152.2082 152.1994 152.1899 152.1811 152.1711 152.1624 152.1534 152.1439 152.1342 152.1252 152.1152 152.1062 152.0963 152.0871 152.0773 152.0679 152.0586 152.049 152.039 152.0295 152.0195 152.0103 152.0004 151.9907 151.981 151.9713 151.9617 151.952 151.9421 151.9321 151.9225 151.9128 151.903 151.8932 151.8833 151.8735 151.8637 151.8537 151.8439 151.834 151.8241 151.8086 151.7982 151.788 151.7777 151.7676
152.2895 152.289 152.2857 152.285 152.2787 152.2771 152.2695 152.265 152.259 152.2529 152.245 152.2389 152.2306 152.2236 152.2167 152.2086 152.2001 152.1916 152.1836 152.1754 152.1666 152.158 152.1488 152.1405 152.1319 152.1219 152.1136 152.1045 152.0953 152.0868 152.0768 152.0682 152.0582 152.0494 152.04 152.0301 152.021 152.0119 152.0023 151.9929 151.9829 151.9739 151.9643 151.9546 151.9452 151.9354 151.9261 151.9161 151.9064 151.897 151.8874 151.8774 151.8677 151.858 151.8484 151.8384 151.8288 151.8178 151.8007 151.7888 151.7785 151.7678 151.7578
152.2462 152.2493 152.2489 152.2495 152.2476 152.2464 152.2415 152.2384 152.233 152.2286 152.2244 152.218 152.2125 152.2053 152.1981 152.1908 152.1846 152.1752 152.1679 152.1618 152.152 152.1453 152.1369 152.1276 152.1196 152.112 152.102 152.0944 152.0844 152.0765 152.0667 152.0585 152.049 152.0411 152.0311 152.0224 152.0124 152.0042 151.9943 151.9851 151.9759 151.9666 151.9571 151.948 151.9386 151.9286 151.9196 151.9101 151.9006 151.8912 151.8814 151.8714 151.8624 151.8524 151.8429 151.833 151.8234 151.8105 151.7935 151.7799 151.769 151.758 151.7479
152.2027 152.2094 152.215 152.2163 152.2191 152.2171 152.2154 152.214 152.2115 152.2082 152.2024 152.1984 152.1922 152.1858 152.1807 152.1758 152.1684 152.1622 152.155 152.1475 152.1381 152.1317 152.1247 152.1172 152.1073 152.1004 152.0907 152.0835 152.0746 152.0663 152.0584 152.0487 152.041 152.0321 152.0221 152.0138 152.0047 151.9963 151.9872 151.9774 151.9684 151.9592 151.9505 151.9415 151.9319 151.9224 151.9132 151.9038 151.8945 151.8852 151.8755 151.8661 151.8567 151.8467 151.8374 151.8277 151.818 151.8033 151.7863 151.7706 151.7596 151.749 151.738
152.1655 152.1744 152.1813 152.185 152.1895 152.1899 152.1914 152.1912 152.19 152.185 152.1833 152.1774 152.1748 152.1708 152.1651 152.1586 152.1518 152.1464 152.1404 152.133 152.1274 152.1181 152.1118 152.105 152.0963 152.0888 152.082 152.0726 152.066 152.056 152.049 152.0392 152.0318 152.0232 152.0148 152.0052 151.9973 151.9883 151.9796 151.9705 151.9618 151.9527 151.9435 151.9348 151.9251 151.9167 151.9068 151.8975 151.8885 151.8796 151.8696 151.8604 151.851 151.8416 151.832 151.8223 151.8127 151.7961 151.779 151.762 151.7504 151.7397 151.7281
152.1326 152.1406 152.15 152.1572 152.1627 152.1637 152.1663 152.1661 152.1657 152.1666 152.1635 152.1615 152.157 152.1523 152.1481 152.1445 152.138 152.1316 152.1281 152.1184 152.1145 152.1084 152.0998 152.0927 152.0872 152.0772 152.0717 152.0621 152.0557 152.0467 152.0393 152.0317 152.0242 152.0142 152.0067 151.9966 151.9903 151.9803 151.9718 151.9633 151.9545 151.9455 151.9372 151.9284 151.9184 151.9103 151.9012 151.8919 151.8831 151.8736 151.8637 151.8553 151.8454 151.8365 151.8265 151.8173 151.8059 151.7888 151.7718 151.7547 151.7415 151.7301 151.7183
152.1071 152.114 152.1202 152.1288 152.1343 152.1396 152.144 152.1461 152.1468 152.1457 152.145 152.1415 152.1392 152.1369 152.1342 152.1287 152.125 152.1201 152.1139 152.1071 152.101 152.096 152.0903 152.0811 152.0756 152.0678 152.0608 152.054 152.0454 152.0396 152.0296 152.0233 152.0153 152.0058 151.9981 151.9905 151.9823 151.974 151.964 151.9558 151.9477 151.9393 151.931 151.9216 151.9125 151.9038 151.8949 151.886 151.8771 151.8677 151.8588 151.8497 151.8397 151.831 151.8214 151.812 151.7986 151.7816 151.7646 151.7475 151.7327 151.7211 151.7098
152.0821 152.0888 152.0964 152.104 152.1094 152.1166 152.1219 152.1253 152.1259 152.1278 152.126 152.126 152.1248 152.1216 152.1174 152.1127 152.1092 152.1055 152.0994 152.0968 152.0895 152.0831 152.078 152.0718 152.064 152.0596 152.0499 152.0451 152.0356 152.0298 152.0212 152.0145 152.0063 151.9994 151.9895 151.9828 151.9743 151.9662 151.9582 151.9498 151.9411 151.9323 151.9244 151.9149 151.9073 151.8977 151.8886 151.88 151.8716 151.8618 151.853 151.8441 151.8345 151.8255 151.816 151.8066 151.7914 151.7744 151.7573 151.7403 151.7239 151.712 151.7003
152.0564 152.064 152.0717 152.0797 152.0872 152.0945 152.0999 152.1039 152.1078 152.109 152.1101 152.1087 152.107 152.1062 152.1045 152.1008 152.0967 152.0943 152.0871 152.0838 152.0799 152.0731 152.0657 152.0624 152.0538 152.0489 152.0412 152.0348 152.0279 152.0201 152.0145 152.0073 151.9973 151.9909 151.9823 151.9762 151.9668 151.9585 151.9507 151.9424 151.9342 151.9265 151.9181 151.9082 151.9009 151.8923 151.8832 151.875 151.8658 151.8559 151.8478 151.8384 151.8297 151.82 151.8106 151.8012 151.7842 151.7671 151.7501 151.733 151.716 151.7026 151.6914
152.0315 152.0393 152.0473 152.0551 152.0636 152.0719 152.08 152.0851 152.089 152.0916 152.0924 152.0931 152.0932 152.0927 152.0889 152.0878 152.0853 152.0803 152.0765 152.0707 152.0673 152.0634 152.056 152.0508 152.0453 152.038 152.0335 152.0245 152.0204 152.0109 152.0057 151.9984 151.9904 151.9823 151.9764 151.9682 151.9607 151.9516 151.944 151.9363 151.9282 151.9204 151.9114 151.9026 151.8944 151.886 151.8775 151.8691 151.8599 151.8511 151.8427 151.8327 151.8245 151.8147 151.8058 151.794 151.7769 151.7599 151.7428 151.7258 151.7088 151.6947 151.6822
152.007 152.015 152.0233 152.0317 152.04 152.0475 152.0553 152.0643 152.0715 152.0747 152.0772 152.0787 152.0782 152.0774 152.0755 152.0733 152.0718 152.0669 152.0662 152.0611 152.0557 152.0511 152.0472 152.0398 152.0371 152.0285 152.0242 152.0162 152.0107 152.0039 151.9979 151.9894 151.9838 151.9741 151.9686 151.9602 151.9529 151.9456 151.9377 151.9295 151.9214 151.914 151.9046 151.8978 151.8885 151.8797 151.8715 151.8634 151.854 151.8456 151.8371 151.8273 151.819 151.8097 151.8005 151.7868 151.7697 151.7527 151.7356 151.7186 151.7015 151.6854 151.673
151.9826 151.9913 151.9998 152.0084 152.0156 152.0225 152.0302 152.0398 152.05 152.0594 152.0615 152.0633 152.0643 152.0645 152.0636 152.0618 152.0605 152.0562 152.0531 152.0515 152.0464 152.0402 152.0376 152.0311 152.0262 152.0207 152.0139 152.0091 152.0009 151.9972 151.9905 151.9815 151.9752 151.9681 151.9622 151.9538 151.9451 151.9381 151.9303 151.9232 151.9158 151.9079 151.8984 151.8915 151.8834 151.8745 151.8664 151.858 151.8481 151.8402 151.8314 151.8226 151.8135 151.8043 151.7951 151.7795 151.7625 151.7454 151.7284 151.7113 151.6943 151.6772 151.6642
151.3918 151.9678 151.9764 151.984 151.9906 151.9971 152.0057 152.0161 152.0262 152.0362 152.0462 152.0494 152.0509 152.0501 152.0506 152.0504 152.0467 152.0459 152.0422 152.0386 152.0365 152.0314 152.0259 152.0229 152.0159 152.0129 152.0048 152.0012 151.9934 151.988 151.9815 151.9751 151.9666 151.9618 151.9542 151.9474 151.9393 151.9322 151.9249 151.917 151.9099 151.9011 151.893 151.8851 151.877 151.869 151.8611 151.8521 151.8435 151.8354 151.8257 151.8179 151.808 151.7991 151.7893 151.7723 151.7552 151.7382 151.7211 151.7041 151.6871 151.67 151.6562
151.2983 151.3639 151.7902 151.9586 151.9648 151.9716 151.9818 151.9924 152.0026 152.0137 152.0242 152.0336 152.0374 152.0383 152.0384 152.038 152.0359 152.0356 152.0326 152.029 152.0242 152.0227 152.0168 152.0144 152.0078 152.0034 151.9975 151.9915 151.9866 151.9812 151.9725 151.968 151.9599 151.9547 151.9464 151.9396 151.933 151.9256 151.9179 151.9107 151.9037 151.8944 151.8881 151.8794 151.8707 151.863 151.8552 151.8462 151.8383 151.8301 151.8202 151.8125 151.803 151.7943 151.7821 151.765 151.748 151.731 151.7139 151.6969 151.6798 151.6628 151.6475
151.2531 151.2056 151.2581 151.3239 151.9384 151.9473 151.9587 151.9692 151.9819 151.9929 152.0037 152.0123 152.0204 152.0264 152.0269 152.0267 152.0256 152.0234 152.0228 152.0197 152.0156 152.0127 152.0086 152.0035 152.0001 151.9934 151.9903 151.9828 151.9796 151.9736 151.9661 151.9595 151.954 151.9482 151.9408 151.9327 151.9258 151.9189 151.9121 151.9051 151.8976 151.8887 151.8821 151.8744 151.8657 151.8581 151.8502 151.8403 151.8327 151.8244 151.8154 151.807 151.7981 151.7891 151.7749 151.7578 151.7408 151.7237 151.7067 151.6896 151.6726 151.6555 151.6391
151.228 151.1897 151.1703 151.2233 151.2604 151.6699 151.9367 151.9503 151.9624 151.9739 151.9825 151.99 151.9988 152.0076 152.0155 152.0156 152.0153 152.0138 152.0116 152.0095 152.0069 152.0022 152.0004 151.995 151.9924 151.9858 151.982 151.9761 151.9711 151.9646 151.9597 151.9517 151.9473 151.9402 151.9341 151.9271 151.9203 151.9135 151.9058 151.8994 151.8909 151.8834 151.8757 151.8681 151.8605 151.853 151.8443 151.8357 151.8278 151.8188 151.8107 151.8015 151.7926 151.7837 151.7676 151.7506 151.7335 151.7165 151.6994 151.6824 151.6653 151.6483 151.6313
151.2617 151.202 151.1396 151.1557 151.1435 151.245 151.9187 151.932 151.9436 151.9528 151.9605 151.9682 151.9762 151.9861 151.9961 152.0054 152.005 152.0042 152.0023 151.9998 151.9982 151.9944 151.9917 151.9873 151.9825 151.9787 151.9725 151.9693 151.9646 151.9571 151.9523 151.9458 151.9407 151.9334 151.9263 151.9204 151.9135 151.9064 151.8999 151.8933 151.8842 151.8785 151.8702 151.8619 151.8546 151.847 151.8384 151.8308 151.823 151.8131 151.806 151.7963 151.7876 151.7774 151.7604 151.7433 151.7263 151.7093 151.6922 151.6752 151.6581 151.6411 151.624
151.3742 151.2282 151.1932 151.1215 151.1171 151.1625 151.2371 151.9132 151.9231 151.9311 151.9382 151.9454 151.9546 151.9647 151.9743 151.9844 151.9942 151.9942 151.993 151.9911 151.9879 151.9862 151.9818 151.9796 151.9742 151.9715 151.9655 151.9619 151.9567 151.9507 151.9437 151.9398 151.9341 151.9278 151.9204 151.914 151.9075 151.9011 151.8945 151.8874 151.879 151.8728 151.8653 151.857 151.8496 151.842 151.8325 151.8251 151.8174 151.8083 151.8006 151.7914 151.7828 151.7702 151.7532 151.7361 151.7191 151.702 151.685 151.6679 151.6509 151.6338 151.6168
151.9539 151.3059 151.2221 151.1644 151.1163 151.0792 151.0937 151.1835 151.9016 151.9081 151.9146 151.9232 151.933 151.9434 151.954 151.9641 151.9741 151.9824 151.9838 151.9824 151.9801 151.978 151.9745 151.9719 151.967 151.9628 151.9588 151.9545 151.9481 151.9444 151.9375 151.9329 151.9261 151.9207 151.9148 151.9085 151.9019 151.8946 151.8888 151.8806 151.8737 151.8663 151.8592 151.852 151.8447 151.8365 151.8279 151.8203 151.8118 151.8036 151.7951 151.7864 151.7776 151.763 151.7459 151.7289 151.7118 151.6948 151.6777 151.6607 151.6436 151.6266 151.6096
151.9662 151.9425 151.5718 151.2685 151.1446 151.0686 151.0152 151.0514 151.1444 151.7207 151.8917 151.9013 151.9124 151.9238 151.9348 151.9455 151.9539 151.9632 151.9716 151.9736 151.9719 151.9689 151.9668 151.9626 151.9599 151.955 151.9521 151.948 151.9418 151.9366 151.9316 151.9268 151.9204 151.9137 151.9078 151.9014 151.8953 151.8892 151.8829 151.8745 151.8689 151.8611 151.8531 151.8461 151.839 151.8306 151.8231 151.8154 151.8061 151.7988 151.7896 151.781 151.7722 151.7557 151.7387 151.7216 151.7046 151.6875 151.6705 151.6535 151.6364 151.6194 151.6023
151.979 151.9573 151.9392 151.9226 151.5726 151.1808 151.0803 151.0057 151.0649 151.126 151.1859 151.8814 151.8936 151.9056 151.9171 151.9258 151.9358 151.9451 151.9531 151.9607 151.9637 151.9616 151.9591 151.9553 151.9528 151.9482 151.9444 151.9398 151.9354 151.9293 151.9256 151.9201 151.9148 151.9081 151.9022 151.8961 151.8901 151.8838 151.8771 151.8693 151.8634 151.8562 151.8483 151.8411 151.8338 151.8247 151.8178 151.8105 151.8011 151.7941 151.7847 151.7761 151.7655 151.7485 151.7315 151.7144 151.6974 151.6803 151.6633 151.6462 151.6292 151.6121 151.5951
151.9928 151.9722 151.9539 151.9377 151.9192 151.8989 151.1371 151.0111 150.9951 150.993 151.1046 151.5616 151.8763 151.8886 151.8986 151.9084 151.9185 151.9267 151.9339 151.9411 151.9493 151.9539 151.9511 151.9482 151.9445 151.9415 151.9379 151.9328 151.929 151.9234 151.919 151.913 151.9074 151.9026 151.8967 151.8903 151.8837 151.8783 151.8704 151.8641 151.8569 151.8503 151.8435 151.8361 151.8287 151.8201 151.8127 151.8048 151.7964 151.7886 151.7798 151.7713 151.7583 151.7413 151.7242 151.7072 151.6901 151.6731 151.656 151.639 151.6219 151.6049 151.5878
152.0069 151.9861 151.9685 151.9501 151.9298 151.9078 151.5325 151.1141 151.0196 150.9757 150.9866 151.0759 151.8602 151.8714 151.8818 151.8918 151.9002 151.9072 151.9138 151.921 151.9291 151.938 151.9436 151.9411 151.9377 151.9348 151.9314 151.9264 151.9211 151.9174 151.9129 151.9074 151.9015 151.8958 151.8901 151.8843 151.8785 151.8725 151.8647 151.8592 151.8519 151.8444 151.8376 151.831 151.8228 151.8154 151.8079 151.7991 151.7917 151.7831 151.7747 151.7662 151.7511 151.734 151.717 151.6999 151.6829 151.6658 151.6488 151.6318 151.6147 151.5977 151.5806
152.0205 151.9999 151.9811 151.9608 151.939 151.9157 151.8934 151.241 151.0726 151.0349 150.9538 151.0095 151.1386 151.8553 151.8651 151.8738 151.8811 151.8876 151.893 151.9001 151.9082 151.9172 151.9268 151.934 151.931 151.9277 151.9238 151.92 151.9151 151.9115 151.9061 151.9018 151.8959 151.8904 151.8847 151.879 151.8732 151.8669 151.8596 151.854 151.847 151.8396 151.8326 151.8256 151.817 151.8104 151.803 151.794 151.787 151.778 151.7695 151.7608 151.7439 151.7268 151.7097 151.6927 151.6757 151.6586 151.6416 151.6245 151.6075 151.5904 151.5734
152.0328 152.0122 151.9918 151.9698 151.9474 151.9253 151.9026 151.8825 151.6642 151.0816 150.996 150.9749 150.983 151.3412 151.8474 151.8548 151.8613 151.866 151.8714 151.8788 151.8869 151.8962 151.9063 151.9161 151.9242 151.9212 151.9174 151.9136 151.9092 151.905 151.9 151.8948 151.8901 151.8847 151.8787 151.873 151.8678 151.8602 151.8545 151.8477 151.8413 151.8348 151.8276 151.8206 151.8124 151.8051 151.7978 151.7893 151.7821 151.7731 151.7646 151.7537 151.7366 151.7196 151.7025 151.6855 151.6684 151.6514 151.6343 151.6173 151.6002 151.5832 151.5661
152.0423 152.0228 152.0011 151.9792 151.9572 151.9348 151.914 151.8946 151.8779 151.8619 151.142 150.9825 150.9754 150.9997 151.3252 151.8346 151.8394 151.8437 151.8495 151.857 151.8657 151.8758 151.8857 151.895 151.9046 151.9142 151.911 151.9069 151.9032 151.899 151.8944 151.8892 151.884 151.8787 151.8733 151.8678 151.8621 151.855 151.8496 151.8428 151.8357 151.8291 151.8229 151.815 151.8078 151.8003 151.7921 151.7845 151.7766 151.7681 151.7598 151.7464 151.7294 151.7123 151.6953 151.6782 151.6612 151.6441 151.6271 151.61 151.593 151.576 151.5589
152.0444 152.031 152.0112 151.989 151.9669 151.9455 151.9258 151.9073 151.8897 151.8735 151.8573 151.8412 151.0267 150.9588 150.9865 151.0323 151.8169 151.8212 151.8273 151.8354 151.845 151.8553 151.8644 151.8735 151.8829 151.8916 151.9023 151.901 151.8972 151.8926 151.8885 151.8836 151.8786 151.8733 151.868 151.8625 151.8566 151.8499 151.8446 151.8379 151.8309 151.8241 151.8173 151.8092 151.8029 151.7955 151.7869 151.7798 151.7713 151.763 151.7547 151.7392 151.7221 151.7051 151.688 151.671 151.654 151.6369 151.6199 151.6028 151.5858 151.5687 151.5517
