site316_ft/site316_5x_roughbed/site316_5x_roughbed/sfe316_5x_roughbed.asc
ncols         167
nrows         75
xllcorner     -7.1323197717658
yllcorner     -40.416478706673
cellsize      1
NODATA_value  -9999
[rows 0 to 27 of 75, columns 0 to 62 of 167]
-9999 -9999 -9999 -9999 -9999 -9999 -9999 152.9523 152.942 152.9317 152.9212 152.9105 152.9004 152.8898 152.8793 152.8687 152.8576 152.8469 152.8363 152.8253 152.8142 152.8029 152.792 152.781 152.7688 152.7569 152.7453 152.7329 152.7203 152.7068 152.6929 152.6788 152.6637 152.6472 152.6317 152.611 152.5914 152.5687 152.5439 152.5151 152.4862 152.4551 152.4326 152.408 152.3805 152.3722 152.3831 152.3903 152.406 152.4153 152.4202 152.4281 152.4328 152.4336 152.4346 152.4323 152.4282 152.4237 152.4174 152.4115 152.4043 152.3966 152.3892
-9999 -9999 -9999 -9999 -9999 -9999 -9999 152.933 152.919 152.909 152.8977 152.886 152.8735 152.8614 152.8498 152.8377 152.8258 152.8138 152.7997 152.7883 152.7744 152.7608 152.745 152.7317 152.7168 152.7003 152.6844 152.6642 152.6469 152.6278 152.6044 152.5806 152.5524 152.5255 152.4888 152.4499 152.4081 152.3553 152.3273 152.3156 152.3051 152.2946 152.2845 152.2748 152.2667 152.2603 152.2535 152.2479 152.2427 152.2379 152.2341 152.2321 152.2502 152.2812 152.2984 152.3151 152.3277 152.3331 152.3399 152.3428 152.3417 152.3404 152.3375
-9999 -9999 -9999 -9999 -9999 -9999 -9999 152.9162 152.8967 152.886 152.8738 152.8609 152.8466 152.836 152.823 152.8076 152.7941 152.78 152.7661 152.7529 152.7362 152.7207 152.7027 152.6861 152.664 152.648 152.6228 152.6012 152.5774 152.5512 152.5205 152.4865 152.4483 152.4055 152.3603 152.3457 152.332 152.3185 152.306 152.2943 152.2835 152.2723 152.2619 152.2519 152.2434 152.2368 152.2303 152.2247 152.219 152.2137 152.2095 152.2067 152.2047 152.2039 152.2038 152.205 152.2303 152.2505 152.2644 152.2731 152.2807 152.2849 152.2885
-9999 -9999 -9999 -9999 -9999 -9999 152.9223 152.8995 152.8779 152.8629 152.8498 152.8358 152.8232 152.8096 152.7946 152.7809 152.7657 152.7496 152.7308 152.7162 152.6982 152.679 152.6584 152.6411 152.6189 152.5946 152.5695 152.5421 152.511 152.4781 152.4398 152.3951 152.372 152.3551 152.3394 152.3245 152.3105 152.297 152.2846 152.2729 152.2618 152.25 152.2392 152.2289 152.2202 152.2133 152.207 152.2013 152.1954 152.1896 152.1842 152.1812 152.1793 152.1784 152.1788 152.1798 152.1808 152.1825 152.192 152.2085 152.2236 152.2339 152.239
-9999 -9999 -9999 -9999 -9999 -9999 152.9055 152.8828 152.8592 152.8405 152.8299 152.8159 152.8007 152.7827 152.7663 152.752 152.7347 152.7188 152.7024 152.6818 152.6634 152.6434 152.6214 152.5941 152.5738 152.5435 152.5162 152.4838 152.4473 152.4085 152.3862 152.3691 152.3524 152.3352 152.3186 152.3033 152.2888 152.2754 152.2631 152.2516 152.2402 152.2281 152.2166 152.206 152.1969 152.1897 152.1837 152.1779 152.1717 152.1657 152.1587 152.1554 152.154 152.1533 152.1542 152.1552 152.1566 152.1582 152.1602 152.1629 152.1694 152.1851 152.1948
-9999 -9999 -9999 -9999 -9999 -9999 152.8887 152.8661 152.8425 152.8204 152.8068 152.7919 152.7755 152.7573 152.7449 152.7278 152.7085 152.69 152.6687 152.65 152.6298 152.6062 152.5833 152.5553 152.5277 152.4957 152.4645 152.427 152.4038 152.386 152.368 152.3511 152.3331 152.3152 152.2983 152.2816 152.2674 152.2536 152.2417 152.2301 152.2188 152.2068 152.1947 152.1832 152.1737 152.1663 152.1603 152.1546 152.1478 152.1406 152.1335 152.1298 152.1285 152.1282 152.1297 152.1307 152.1326 152.1336 152.1352 152.1374 152.1414 152.1465 152.1541
-9999 -9999 -9999 -9999 -9999 152.8943 152.872 152.8494 152.8258 152.8037 152.7838 152.7705 152.7534 152.7376 152.7189 152.6994 152.6824 152.6626 152.6416 152.6175 152.5961 152.571 152.5445 152.5154 152.4862 152.453 152.4228 152.4052 152.3873 152.3693 152.3509 152.3331 152.315 152.2972 152.2782 152.2611 152.2456 152.2323 152.2201 152.2086 152.1973 152.1852 152.1727 152.1604 152.1307 152.1429 152.1371 152.131 152.1237 152.1155 152.1079 152.1041 152.1028 152.1038 152.1053 152.1066 152.1083 152.1095 152.1095 152.1118 152.1152 152.1202 152.1256
-9999 -9999 -9999 -9999 -9999 152.8776 152.8552 152.8327 152.8089 152.7854 152.7638 152.7507 152.7341 152.7153 152.6925 152.6751 152.6561 152.6329 152.6118 152.5902 152.5638 152.5383 152.5107 152.48 152.4448 152.4261 152.4071 152.3888 152.3705 152.3523 152.334 152.3151 152.2973 152.2783 152.259 152.2413 152.2242 152.0298 151.8292 151.8251 151.8313 151.7831 151.7416 151.7697 151.7613 151.7374 151.7263 151.6646 151.6687 151.6571 151.687 151.6283 152.0783 152.0795 152.0813 152.0826 152.0835 152.0833 152.0839 152.0853 152.0893 152.0938 152.1002
-9999 -9999 -9999 -9999 -9999 152.861 152.8384 152.816 152.792 152.7685 152.7462 152.7277 152.7101 152.6903 152.6718 152.6537 152.6326 152.6095 152.5858 152.5596 152.534 152.5065 152.4763 152.4493 152.4289 152.4092 152.3911 152.3726 152.3548 152.3361 152.3174 152.2989 152.28 152.2608 152.2304 151.9001 151.913 151.8512 151.8458 151.7902 151.7954 151.7962 151.7467 151.7442 151.7127 151.7216 151.6981 151.6439 151.6499 151.6516 151.6468 151.5889 151.6102 151.601 151.9252 152.0585 152.0584 152.0575 152.0568 152.0586 152.0626 152.0676 152.0748
-9999 -9999 -9999 -9999 -9999 152.8442 152.8216 152.7991 152.7754 152.752 152.7295 152.707 152.6913 152.6715 152.652 152.6281 152.6053 152.5839 152.5596 152.5336 152.5049 152.4752 152.4536 152.4333 152.4124 152.3931 152.3741 152.3564 152.3385 152.3202 152.3014 152.2823 152.263 151.8956 151.9262 151.8758 151.8607 151.8238 151.8511 151.7992 151.7561 151.7804 151.7612 151.7763 151.7336 151.7526 151.7009 151.724 151.6481 151.6092 151.6185 151.5674 151.5752 151.5301 151.5423 151.5557 151.5815 151.9946 152.0301 152.0319 152.0361 152.0426 152.0498
-9999 -9999 -9999 -9999 152.8496 152.8274 152.8048 152.7823 152.7587 152.7354 152.7116 152.6888 152.6716 152.6522 152.6299 152.606 152.5839 152.5602 152.5339 152.5067 152.4777 152.4599 152.4386 152.4173 152.3966 152.376 152.357 152.3398 152.3224 152.3043 152.2851 151.9554 151.9308 151.8824 151.9073 151.8663 151.8476 151.8581 151.8418 151.8568 151.7982 151.8242 151.7705 151.7632 151.7676 151.7112 151.7179 151.6725 151.6622 151.6456 151.6124 151.6143 151.5776 151.5408 151.5252 151.5219 151.4612 151.4946 151.4913 151.52 152.0098 152.0175 152.0248
-9999 -9999 -9999 -9999 152.8329 152.8106 152.788 152.7655 152.7421 152.7187 152.6948 152.6721 152.6495 152.6304 152.6085 152.5862 152.5625 152.5374 152.5104 152.4859 152.4666 152.4464 152.4258 152.4036 152.3811 152.36 152.3398 152.3221 152.3057 152.1907 151.9521 151.936 151.9055 151.9223 151.8677 151.8565 151.8583 151.8341 151.8446 151.8467 151.8873 152.1882 152.181 152.1714 152.1609 152.1517 152.1426 152.1293 152.112 151.8519 151.6733 151.5973 151.5767 151.51 151.4991 151.4703 151.4618 151.4397 151.3999 151.4011 151.4594 151.9431 151.9989
-9999 -9999 -9999 -9999 152.8163 152.7939 152.7713 152.7487 152.7254 152.7017 152.6781 152.6553 152.6316 152.6121 152.5897 152.5664 152.54 152.5142 152.4921 152.4722 152.4537 152.4344 152.4132 152.3911 152.3678 152.3448 152.3233 152.1084 151.9773 151.9347 151.9687 151.9075 151.9255 151.9359 151.9009 151.8746 151.899 151.8792 152.1487 152.2175 152.2159 152.2126 152.2056 152.1958 152.1846 152.1743 152.1642 152.1505 152.1328 152.1144 152.0982 152.0839 152.0702 152.0543 151.5981 151.4757 151.4616 151.3936 151.3708 151.379 151.3722 151.4008 151.4436
-9999 -9999 -9999 -9999 152.7997 152.7771 152.7545 152.7319 152.7087 152.6848 152.6615 152.6378 152.6146 152.5924 152.5704 152.5455 152.5204 152.4988 152.4782 152.4579 152.4385 152.4214 152.4021 152.3801 152.3565 152.3319 152.0264 151.9793 151.9774 151.9436 151.9427 151.926 151.918 151.9607 151.9373 152.2519 152.2491 152.246 152.2437 152.2425 152.2407 152.2366 152.2302 152.2203 152.2083 152.1973 152.1859 152.1716 152.1538 152.1357 152.1194 152.1043 152.0891 152.0723 152.0527 151.8961 151.5191 151.4472 151.3756 151.3437 151.3294 151.3416 151.3546
-9999 -9999 -9999 152.8048 152.7829 152.7604 152.7377 152.7151 152.692 152.6678 152.6449 152.621 152.5979 152.5739 152.5512 152.5267 152.5062 152.4849 152.4636 152.4438 152.4242 152.407 152.3891 152.3697 152.3469 152.0709 151.9846 151.9766 151.9408 151.9289 151.9753 151.9697 151.9836 152.2769 152.2783 152.2784 152.2764 152.2736 152.2709 152.2681 152.2657 152.261 152.2548 152.2449 152.2322 152.2202 152.2075 152.1926 152.1745 152.1567 152.14 152.1241 152.1077 152.0898 152.0684 152.0459 152.0217 151.4958 151.4581 151.3596 151.324 151.3273 151.2554
-9999 -9999 -9999 152.7882 152.7661 152.7436 152.7209 152.6983 152.6753 152.6512 152.6282 152.604 152.581 152.5571 152.5329 152.5139 152.4928 152.4714 152.4498 152.4283 152.4098 152.3912 152.3754 152.3569 152.1137 152.0448 151.9814 151.9683 151.9344 151.9618 152.0369 152.2943 152.2994 152.3019 152.3041 152.3046 152.3036 152.3012 152.2986 152.2951 152.2922 152.287 152.279 152.2694 152.2565 152.243 152.2291 152.2137 152.1954 152.1778 152.1597 152.1432 152.1253 152.1064 152.0842 152.0612 152.0388 152.0176 151.9986 151.4313 151.3435 151.2876 151.2153
-9999 -9999 -9999 152.7716 152.7493 152.7268 152.7041 152.6815 152.6586 152.6345 152.6115 152.5877 152.5641 152.5414 152.5215 152.5014 152.4798 152.4585 152.4366 152.4146 152.3943 152.3759 152.3599 152.0926 152.0345 151.9939 151.9904 151.9909 151.9578 152.0222 152.309 152.3178 152.3232 152.3273 152.3295 152.3306 152.3304 152.3287 152.3262 152.3225 152.3186 152.3127 152.3045 152.2939 152.2808 152.2658 152.2508 152.235 152.2166 152.1982 152.1792 152.1613 152.143 152.1223 152.1005 152.0771 152.0555 152.0351 152.0155 151.9954 151.6422 151.3686 151.2868
-9999 -9999 -9999 152.7551 152.7325 152.71 152.6873 152.6647 152.6419 152.6179 152.5945 152.571 152.5495 152.5299 152.5096 152.4887 152.4684 152.4458 152.4243 152.4019 152.3795 152.1443 152.0526 152.0283 152.0251 152.0054 152.053 152.0335 152.1847 152.3251 152.3323 152.3401 152.3481 152.3521 152.3549 152.3567 152.357 152.3558 152.3537 152.3503 152.3454 152.3365 152.3215 152.3066 152.2916 152.2766 152.2616 152.2466 152.2314 152.2159 152.1991 152.1793 152.1597 152.1382 152.1166 152.0946 152.0734 152.0524 152.032 152.0116 151.9916 151.9716 151.3409
-9999 -9999 152.7601 152.7385 152.7157 152.6933 152.6705 152.6478 152.6252 152.6012 152.5776 152.5571 152.5375 152.5179 152.4985 152.4776 152.4563 152.435 152.4115 152.3895 152.1578 152.0824 152.0347 152.0313 152.0082 152.063 152.343 152.3482 152.3495 152.3523 152.3572 152.3641 152.3709 152.3771 152.3803 152.3821 152.3831 152.3825 152.3786 152.3643 152.3499 152.3356 152.3212 152.3069 152.2921 152.2773 152.2626 152.2479 152.2332 152.2185 152.2038 152.189 152.1743 152.1554 152.1336 152.1115 152.0903 152.0695 152.0484 152.0269 152.0064 151.9863 151.9653
-9999 -9999 152.7435 152.7216 152.699 152.6765 152.6537 152.631 152.6085 152.5846 152.5652 152.5454 152.5257 152.5058 152.4863 152.4666 152.4456 152.424 152.4014 152.1672 152.104 152.0569 152.0418 152.0458 152.0773 152.3559 152.3644 152.3722 152.3765 152.3793 152.3834 152.3895 152.3955 152.4019 152.4053 152.4077 152.4044 152.3904 152.3763 152.3623 152.3483 152.3342 152.3202 152.3062 152.2921 152.2781 152.2639 152.2495 152.2351 152.2207 152.2063 152.1919 152.1775 152.1631 152.1487 152.1285 152.1069 152.0851 152.064 152.0426 152.0216 152.0007 151.978
-9999 -9999 152.7269 152.7048 152.6822 152.6597 152.6369 152.6142 152.5918 152.5727 152.5534 152.5349 152.5142 152.4943 152.4741 152.4548 152.4346 152.4136 152.234 152.15 152.1101 152.0744 152.0596 152.1344 152.3127 152.3753 152.3866 152.3945 152.4018 152.4048 152.4096 152.4156 152.4218 152.4272 152.4296 152.416 152.4024 152.3888 152.3752 152.3615 152.3475 152.3335 152.3195 152.3055 152.2916 152.2776 152.2636 152.2496 152.2356 152.2216 152.2076 152.1936 152.1796 152.1656 152.1517 152.1376 152.1229 152.1008 152.0791 152.0573 152.0362 152.0136 151.9904
-9999 -9999 152.7103 152.688 152.6655 152.6429 152.6201 152.5974 152.5809 152.562 152.543 152.5232 152.5046 152.4831 152.4629 152.4424 152.4232 152.2084 152.1176 152.1084 152.1043 152.0982 152.1677 152.2585 152.3837 152.395 152.4066 152.4172 152.4247 152.4312 152.4356 152.4418 152.4477 152.4404 152.4268 152.4133 152.3997 152.3861 152.3725 152.3589 152.3453 152.3317 152.3181 152.3046 152.291 152.2774 152.2638 152.2502 152.2366 152.223 152.2094 152.1958 152.1822 152.1683 152.1543 152.1404 152.1264 152.1124 152.093 152.0716 152.0492 152.0261 152.0025
-9999 152.7154 152.6938 152.6712 152.6487 152.6261 152.6036 152.5883 152.571 152.5528 152.533 152.5134 152.493 152.4739 152.4523 152.4315 152.2369 152.1801 152.1177 152.1247 152.1336 152.1745 152.3887 152.3971 152.4065 152.4173 152.4276 152.4378 152.4476 152.4549 152.4604 152.4646 152.4514 152.4381 152.4247 152.4113 152.3979 152.3846 152.3712 152.3579 152.3445 152.3312 152.3178 152.3045 152.2912 152.2778 152.2645 152.2511 152.2376 152.224 152.2103 152.1966 152.183 152.1693 152.1556 152.142 152.1283 152.1146 152.101 152.0846 152.0619 152.0388 152.0155
-9999 152.6988 152.6772 152.6543 152.632 152.6127 152.5966 152.5804 152.5618 152.544 152.5247 152.5046 152.4841 152.4633 152.4432 152.2677 152.1375 152.1176 152.1312 152.1057 152.2065 152.4052 152.4128 152.4216 152.4306 152.4403 152.4509 152.4603 152.4694 152.4779 152.4753 152.4622 152.449 152.4359 152.4226 152.4093 152.396 152.3826 152.3693 152.356 152.3428 152.3295 152.3163 152.303 152.2898 152.2765 152.2633 152.25 152.2368 152.2235 152.2103 152.197 152.1838 152.1705 152.157 152.1436 152.1301 152.1166 152.1031 152.0896 152.0752 152.052 152.0291
-9999 152.6821 152.6604 152.6376 152.6197 152.604 152.5878 152.5717 152.5551 152.5358 152.517 152.4969 152.4767 152.4554 152.2544 152.2134 152.14 152.1106 152.1744 152.2449 152.4186 152.4286 152.4364 152.4448 152.4546 152.4641 152.474 152.484 152.4932 152.486 152.4731 152.4601 152.4472 152.4342 152.4211 152.4079 152.3947 152.3815 152.3683 152.3552 152.342 152.3288 152.3156 152.3024 152.2892 152.276 152.2628 152.2496 152.2365 152.2233 152.2101 152.1969 152.1837 152.1705 152.1573 152.1442 152.1311 152.1179 152.1048 152.0916 152.0783 152.0656 152.0423
-9999 152.6655 152.6435 152.6268 152.6113 152.5948 152.5791 152.5629 152.5468 152.5295 152.51 152.4908 152.4701 152.4242 152.2012 152.1644 152.1973 152.1951 152.2714 152.4287 152.4394 152.4499 152.4602 152.4685 152.4779 152.4876 152.4976 152.5076 152.4969 152.4839 152.4709 152.458 152.445 152.4321 152.4191 152.4061 152.3932 152.3802 152.3673 152.3543 152.3413 152.3284 152.3154 152.3025 152.2895 152.2765 152.2636 152.2506 152.2377 152.2247 152.2117 152.1988 152.1855 152.1723 152.1591 152.1459 152.1327 152.1195 152.1063 152.0932 152.08 152.0668 152.0536
152.6707 152.649 152.634 152.6182 152.6024 152.5866 152.5701 152.5545 152.5381 152.5217 152.5039 152.4842 152.4646 152.2825 152.2033 152.1557 152.1881 152.3688 152.44 152.4495 152.4601 152.4708 152.4812 152.4918 152.5009 152.5108 152.5206 152.5082 152.4954 152.4825 152.4696 152.4568 152.4439 152.431 152.4182 152.4053 152.3924 152.3795 152.3667 152.3538 152.3409 152.328 152.3152 152.3023 152.2894 152.2766 152.2637 152.2507 152.2376 152.2246 152.2116 152.1986 152.1855 152.1725 152.1595 152.1465 152.1334 152.1204 152.1074 152.0943 152.0813 152.0683 152.0553
152.656 152.6412 152.6256 152.6097 152.5939 152.578 152.5619 152.5453 152.5298 152.5132 152.4965 152.4783 152.3114 152.2455 152.2239 152.285 152.445 152.4526 152.4613 152.4708 152.481 152.4917 152.5023 152.5125 152.5233 152.5316 152.5249 152.5132 152.5002 152.4871 152.4741 152.4611 152.4481 152.435 152.422 152.409 152.396 152.3829 152.3699 152.3569 152.3439 152.3309 152.3178 152.3048 152.2918 152.2788 152.2657 152.2527 152.2397 152.2267 152.2137 152.2006 152.1876 152.1746 152.1616 152.1485 152.1355 152.1225 152.1095 152.0965 152.0834 152.0704 152.0574
