site316_ft/site316_5x_roughbed/site316_5x_roughbed/sfe316_5x_roughbed.asc
ncols         167
nrows         75
xllcorner     -7.1323197717658
yllcorner     -40.416478706673
cellsize      1
NODATA_value  -9999
[rows 28 to 55 of 75, columns 63 to 125 of 167]
152.0507 152.036 152.0193 151.9991 151.9771 151.9565 151.9371 151.9188 151.9008 151.884 151.8665 151.8482 151.7286 150.9931 150.9173 150.9536 150.996 151.0461 151.8051 151.8142 151.8249 151.8338 151.8426 151.8519 151.8603 151.8698 151.8798 151.8908 151.8911 151.887 151.8825 151.8777 151.8727 151.8675 151.8623 151.8572 151.8504 151.8448 151.8386 151.8324 151.8261 151.8192 151.8124 151.8046 151.7976 151.7906 151.7821 151.7751 151.7664 151.758 151.749 151.7319 151.7149 151.6979 151.6808 151.6638 151.6467 151.6297 151.6126 151.5956 151.5785 151.5615 151.5444
152.0571 152.0408 152.0248 152.0083 151.9876 151.9664 151.9472 151.9285 151.911 151.893 151.8748 151.8554 151.8352 151.0913 150.9363 150.8973 150.9744 151.0085 151.0153 151.7944 151.8034 151.8119 151.8208 151.829 151.8371 151.8468 151.8565 151.8673 151.8782 151.8814 151.877 151.8722 151.8673 151.8622 151.8571 151.8518 151.8453 151.84 151.8336 151.827 151.8206 151.8144 151.8072 151.8 151.7928 151.7852 151.7774 151.7701 151.7614 151.7531 151.7418 151.7247 151.7077 151.6906 151.6736 151.6565 151.6395 151.6224 151.6054 151.5883 151.5713 151.5542 151.5372
152.0623 152.0463 152.03 152.0133 151.9972 151.976 151.9561 151.9383 151.9198 151.9013 151.8817 151.8611 151.8389 151.8163 151.0034 150.9628 150.9426 150.936 150.9483 151.0108 151.7445 151.7897 151.7976 151.8051 151.814 151.8229 151.833 151.8433 151.8551 151.8661 151.8714 151.8667 151.8619 151.857 151.8518 151.8464 151.8401 151.8351 151.8287 151.8222 151.8156 151.8091 151.8014 151.7952 151.7879 151.7797 151.7727 151.7646 151.7565 151.7483 151.7345 151.7175 151.7004 151.6834 151.6663 151.6493 151.6322 151.6152 151.5982 151.5811 151.5641 151.547 151.53
152.0674 152.0514 152.0351 152.0184 152.0017 151.985 151.9656 151.9465 151.9276 151.9081 151.8868 151.8652 151.8423 151.819 151.0708 150.9307 150.9488 150.9333 150.933 150.9552 151.0148 151.0972 151.774 151.7813 151.7899 151.7985 151.8084 151.8199 151.8313 151.8433 151.8538 151.8613 151.8565 151.8515 151.8466 151.8407 151.8352 151.8294 151.8235 151.8174 151.8107 151.8042 151.7968 151.79 151.7831 151.775 151.768 151.7597 151.7513 151.7433 151.7273 151.7103 151.6932 151.6761 151.6591 151.6421 151.625 151.608 151.5909 151.5739 151.5568 151.5398 151.5227
152.0727 152.0569 152.0402 152.0238 152.0068 151.9899 151.9733 151.9538 151.9344 151.9129 151.8917 151.8697 151.8466 151.8244 151.8022 150.9807 150.9692 150.9198 150.892 150.8938 150.928 150.9486 151.0009 151.5767 151.7648 151.7736 151.7847 151.7965 151.8093 151.8209 151.8324 151.842 151.8511 151.8464 151.8414 151.8356 151.8303 151.8245 151.8183 151.8121 151.8059 151.7992 151.7922 151.7852 151.7782 151.7703 151.7632 151.7547 151.7465 151.7371 151.7201 151.703 151.686 151.6689 151.6519 151.6348 151.6178 151.6007 151.5837 151.5666 151.5496 151.5325 151.5155
152.0779 152.062 152.0452 152.029 152.0124 151.9952 151.9776 151.9606 151.9405 151.9191 151.8977 151.8755 151.8535 151.8319 151.8106 151.5059 150.9829 150.9265 150.9004 150.9153 150.9256 150.9334 150.9523 150.9267 150.9955 151.7496 151.7619 151.7754 151.7879 151.8 151.81 151.8197 151.8292 151.8377 151.8362 151.8305 151.8254 151.8195 151.8135 151.8072 151.8009 151.7936 151.7875 151.7804 151.7726 151.7655 151.7582 151.7498 151.7416 151.7299 151.7128 151.6958 151.6787 151.6617 151.6446 151.6276 151.6105 151.5935 151.5764 151.5594 151.5424 151.5253 151.5083
152.0836 152.067 152.0504 152.0341 152.0177 152.0006 151.9831 151.966 151.9476 151.9265 151.9052 151.8834 151.8616 151.8405 151.8191 151.7975 151.0208 150.9475 150.9261 150.8911 150.9147 150.9512 150.9471 150.922 150.9714 150.9328 151.7415 151.7545 151.7672 151.778 151.7884 151.7982 151.8072 151.8156 151.8242 151.8256 151.8203 151.8146 151.8086 151.8022 151.7959 151.789 151.7826 151.7755 151.7679 151.7608 151.7529 151.7449 151.7368 151.7226 151.7056 151.6885 151.6715 151.6544 151.6374 151.6204 151.6033 151.5863 151.5692 151.5522 151.5351 151.5181 151.501
152.0888 152.0721 152.0563 152.0393 152.023 152.0056 151.9888 151.9718 151.954 151.9341 151.9134 151.8917 151.87 151.849 151.8275 151.8048 151.7807 151.005 150.9046 150.9036 150.92 150.9182 150.9071 150.8808 150.9424 150.9172 151.1384 151.7344 151.746 151.757 151.7673 151.7767 151.7854 151.795 151.8026 151.8101 151.8153 151.8096 151.8036 151.7973 151.791 151.7844 151.7776 151.7707 151.7631 151.7561 151.748 151.7398 151.7318 151.7154 151.6983 151.6813 151.6643 151.6472 151.6302 151.6131 151.5961 151.579 151.562 151.5449 151.5279 151.5108 151.4938
152.0939 152.0772 152.0614 152.0455 152.0283 152.0113 151.9946 151.9773 151.9595 151.9417 151.9218 151.9 151.8788 151.8572 151.8341 151.8109 151.7878 151.4109 150.941 150.9409 150.8967 150.9112 150.8878 150.9052 150.8753 150.9163 150.9382 151.3027 151.7253 151.7361 151.7462 151.7551 151.7655 151.7734 151.7818 151.7896 151.7964 151.8023 151.7987 151.7927 151.7858 151.7798 151.7728 151.7655 151.7584 151.7514 151.7431 151.735 151.7252 151.7082 151.6911 151.6741 151.657 151.64 151.6229 151.6059 151.5888 151.5718 151.5547 151.5377 151.5207 151.5036 151.4866
152.099 152.0836 152.0666 152.0508 152.0336 152.0175 152.0006 151.9831 151.9655 151.9474 151.93 151.9087 151.8867 151.8642 151.8413 151.8183 151.794 151.7696 150.9984 150.9506 150.8819 150.8844 150.8885 150.8597 150.8839 150.8877 150.8469 150.9354 151.1922 151.7152 151.7249 151.736 151.7442 151.7534 151.762 151.7695 151.7766 151.7824 151.7878 151.7877 151.7812 151.7749 151.768 151.7607 151.7537 151.7462 151.7382 151.7301 151.718 151.7009 151.6839 151.6668 151.6498 151.6328 151.6157 151.5986 151.5816 151.5646 151.5475 151.5305 151.5134 151.4964 151.4793
152.104 152.0887 152.0733 152.0561 152.0389 152.0233 152.0062 151.9886 151.9713 151.9536 151.9353 151.917 151.8946 151.8721 151.8486 151.8255 151.8006 151.7761 151.5851 150.962 150.9456 150.8942 150.8748 150.8681 150.8977 150.8514 150.8437 150.8961 150.8604 151.306 151.7066 151.7155 151.7251 151.7347 151.7429 151.7508 151.7577 151.7639 151.7691 151.7736 151.7764 151.7701 151.7631 151.756 151.7489 151.7413 151.7333 151.7253 151.7107 151.6937 151.6767 151.6596 151.6426 151.6255 151.6085 151.5914 151.5744 151.5573 151.5403 151.5232 151.5062 151.4891 151.4721
152.1109 152.0939 152.0786 152.0616 152.0462 152.029 152.0121 151.9951 151.9772 151.9596 151.9413 151.9225 151.9035 151.8805 151.8567 151.8333 151.8083 151.7825 151.7575 150.9819 150.9068 150.9181 150.8775 150.9059 150.8867 150.8771 150.8856 150.8339 150.8464 150.8727 151.5022 151.6973 151.7074 151.7168 151.7255 151.7338 151.7401 151.7464 151.7527 151.7555 151.7582 151.7608 151.7583 151.7513 151.7442 151.7364 151.7283 151.7204 151.7035 151.6865 151.6694 151.6524 151.6353 151.6183 151.6012 151.5842 151.5671 151.5501 151.5331 151.516 151.4989 151.4819 151.4649
152.1161 152.1011 152.0839 152.0666 152.0519 152.035 152.0176 152.0009 151.9834 151.9659 151.9475 151.9284 151.9095 151.8887 151.8654 151.8412 151.8162 151.7916 151.7689 151.7449 151.0049 150.9044 150.8983 150.9102 150.9091 150.8676 150.8824 150.8394 150.8198 150.8564 150.8276 151.6802 151.6908 151.7006 151.71 151.7168 151.7237 151.7311 151.7346 151.7379 151.7406 151.7425 151.744 151.7457 151.7395 151.7315 151.7235 151.7133 151.6963 151.6792 151.6622 151.6451 151.6281 151.611 151.594 151.577 151.5599 151.5429 151.5258 151.5088 151.4917 151.4747 151.4576
152.1212 152.1064 152.0896 152.0748 152.0577 152.0408 152.0247 152.007 151.9899 151.9718 151.9534 151.9345 151.9164 151.897 151.8744 151.8503 151.826 151.8028 151.779 151.7575 151.7373 151.0574 150.9052 150.8856 150.86 150.8498 150.8342 150.819 150.8047 150.8581 150.8063 150.8319 151.6757 151.686 151.6942 151.7017 151.7092 151.7139 151.717 151.72 151.7227 151.7246 151.7267 151.7279 151.7283 151.7266 151.7186 151.7061 151.689 151.672 151.655 151.6379 151.6208 151.6038 151.5868 151.5697 151.5527 151.5356 151.5186 151.5015 151.4845 151.4674 151.4504
152.1282 152.1117 152.0946 152.0806 152.0639 152.0466 152.0305 152.013 151.9962 151.9784 151.9594 151.9415 151.923 151.9035 151.8844 151.8603 151.8367 151.8131 151.7908 151.7694 151.7494 151.7273 151.0432 150.8646 150.8823 150.8272 150.8562 150.7933 150.7872 150.8095 150.7836 150.7801 151.3398 151.6716 151.6797 151.6873 151.6927 151.6959 151.6995 151.7028 151.705 151.7078 151.7091 151.7103 151.711 151.7113 151.7096 151.7028 151.6857 151.6687 151.6516 151.6346 151.6175 151.6004 151.5833 151.5663 151.5492 151.5322 151.5151 151.498 151.481 151.4639 151.4468
152.1342 152.1176 152.1032 152.0863 152.0695 152.0542 152.0367 152.0203 152.0024 151.9844 151.9658 151.9482 151.9298 151.91 151.8905 151.8705 151.8466 151.8242 151.8015 151.7808 151.7585 151.7378 151.7171 150.9462 150.8969 150.8635 150.7818 150.8193 150.7776 150.8069 150.7329 150.7467 150.8097 151.6577 151.6654 151.6713 151.675 151.6792 151.6826 151.685 151.6885 151.6902 151.6923 151.6939 151.6952 151.6946 151.6934 151.6909 151.6882 151.6783 151.6609 151.6435 151.6262 151.6088 151.5914 151.5737 151.555 151.5362 151.5175 151.4988 151.4801 151.4613 151.4427
152.1395 152.1226 152.1092 152.0928 152.0757 152.0601 152.0426 152.0263 152.0094 151.9903 151.9734 151.9554 151.9363 151.9166 151.8974 151.877 151.8568 151.8336 151.812 151.7894 151.7688 151.7476 151.727 151.707 150.9185 150.8386 150.8254 150.7812 150.7678 150.7443 150.7518 150.7446 150.7685 150.7658 151.6499 151.6542 151.6583 151.662 151.6652 151.6686 151.6713 151.6743 151.6768 151.6794 151.6795 151.6781 151.6772 151.6748 151.6714 151.6673 151.662 151.6526 151.6335 151.6143 151.5952 151.5761 151.557 151.5378 151.5187 151.4996 151.4795 151.4589 151.4383
152.1456 152.1308 152.115 152.0983 152.0832 152.0665 152.0506 152.0329 152.0154 151.997 151.9802 151.9626 151.9428 151.9247 151.9042 151.8848 151.8642 151.8433 151.8205 151.7993 151.778 151.7569 151.7367 151.7169 151.6981 151.29 150.7948 150.7808 150.7529 150.7746 150.7652 150.691 150.7273 150.7175 150.7201 151.6372 151.6414 151.6448 151.6488 151.6524 151.6563 151.6596 151.6628 151.6642 151.6632 151.6627 151.6608 151.658 151.6547 151.6502 151.6452 151.6392 151.6316 151.6214 151.604 151.5827 151.5614 151.5402 151.5181 151.4962 151.4746 151.4522 151.4281
152.1506 152.1379 152.1216 152.1047 152.0896 152.0722 152.0567 152.0404 152.0213 152.0054 151.9878 151.9691 151.9494 151.9315 151.9111 151.8927 151.8714 151.8516 151.8295 151.8083 151.7867 151.7662 151.746 151.7264 151.7077 151.6903 151.6748 150.7895 150.7849 150.7881 150.7122 150.6913 150.6974 150.706 150.7005 150.7325 151.6247 151.6289 151.6334 151.6383 151.6426 151.6457 151.6478 151.648 151.6479 151.647 151.6447 151.6421 151.6382 151.634 151.6283 151.6235 151.6154 151.6051 151.5928 151.5782 151.5599 151.5382 151.5133 151.4874 151.4639 151.4422 151.4219
152.1585 152.1437 152.1272 152.1121 152.0963 152.081 152.0635 152.0463 152.0283 152.0121 151.9954 151.9756 151.9588 151.9384 151.92 151.8999 151.8794 151.8583 151.8383 151.8166 151.7952 151.7751 151.7547 151.7354 151.7176 151.7001 151.6843 151.6711 151.4756 150.7923 150.7382 150.6844 150.6911 150.668 150.6427 150.6693 150.6783 151.6145 151.6199 151.6249 151.6286 151.6312 151.6326 151.6321 151.632 151.6307 151.628 151.6252 151.6208 151.617 151.6133 151.6078 151.599 151.5891 151.5769 151.5625 151.5441 151.5264 151.5019 151.4772 151.4578 151.4357 151.4159
152.1665 152.1505 152.1338 152.1192 152.102 152.087 152.0713 152.0522 152.0373 152.0202 152.0019 151.9827 151.9657 151.9452 151.9283 151.907 151.8877 151.8664 151.8451 151.8245 151.8042 151.7831 151.7633 151.7449 151.7265 151.71 151.6949 151.6811 151.6676 151.6535 150.7832 150.6807 150.6899 150.684 150.6402 150.6532 150.6232 150.6547 151.6071 151.6115 151.6149 151.6169 151.6168 151.6175 151.6167 151.6146 151.6127 151.6091 151.606 151.6019 151.5984 151.5915 151.5834 151.5728 151.5605 151.5463 151.5302 151.5144 151.4905 151.467 151.4485 151.4297 151.4094
152.1723 152.1561 152.141 152.126 152.1113 152.0941 152.0773 152.0596 152.0441 152.0281 152.0084 151.9929 151.9725 151.9553 151.9355 151.9157 151.8954 151.8747 151.8535 151.8318 151.8117 151.7912 151.7721 151.7532 151.7358 151.7188 151.7038 151.6902 151.6761 151.661 151.6461 150.7409 150.6482 150.6436 150.6169 150.643 150.6072 150.6408 151.5946 151.5983 151.6004 151.6014 151.602 151.6019 151.6006 151.5984 151.596 151.5932 151.5892 151.5874 151.5828 151.5762 151.567 151.5571 151.5458 151.53 151.5171 151.5022 151.479 151.4568 151.4392 151.423 151.4038
152.1788 152.1628 152.1488 152.1317 152.1174 152.1018 152.0832 152.0692 152.0526 152.0347 152.016 151.9998 151.9797 151.9636 151.9427 151.9248 151.9042 151.8841 151.8625 151.8408 151.819 151.7993 151.7799 151.7617 151.7429 151.7277 151.7125 151.6986 151.683 151.668 151.6521 151.6362 150.72 150.6755 150.6324 150.5824 150.5837 150.5679 150.5917 151.584 151.5858 151.5862 151.587 151.5865 151.5845 151.5834 151.5798 151.5779 151.5756 151.5725 151.5676 151.5598 151.5512 151.5411 151.53 151.5164 151.5032 151.4895 151.4676 151.4465 151.4299 151.416 151.397
152.1849 152.1699 152.1553 152.1413 152.1246 152.1082 152.0909 152.076 152.0604 152.0412 152.0271 152.0066 151.9906 151.9711 151.9521 151.9324 151.9125 151.8925 151.8717 151.8495 151.8272 151.8065 151.7875 151.7685 151.752 151.7356 151.7212 151.705 151.6898 151.6738 151.6578 151.642 151.6262 151.126 150.643 150.6416 150.578 150.5811 150.5314 150.5698 151.1873 151.5718 151.5717 151.5705 151.5689 151.5672 151.5657 151.5629 151.5615 151.5579 151.5517 151.5446 151.5359 151.5262 151.5145 151.5028 151.4889 151.4768 151.4561 151.4363 151.4207 151.4077 151.3895
152.1919 152.1784 152.1615 152.1477 152.1322 152.1143 152.1006 152.085 152.0675 152.0493 152.0339 152.0144 151.9988 151.9783 151.9619 151.9418 151.923 151.9019 151.8812 151.86 151.8366 151.8138 151.7941 151.7764 151.7591 151.7437 151.7271 151.7115 151.6954 151.6794 151.6635 151.6477 151.6324 151.6201 151.608 151.3261 150.5956 150.5429 150.544 150.5191 150.564 150.5664 151.5562 151.5544 151.554 151.5519 151.5502 151.5492 151.5466 151.5424 151.5365 151.529 151.5205 151.5103 151.5 151.487 151.4749 151.4641 151.4447 151.4261 151.4112 151.3984 151.3831
152.1988 152.1846 152.1709 152.1552 152.1392 152.1222 152.108 152.0926 152.074 152.061 152.0408 152.0259 152.0068 151.9884 151.9695 151.9504 151.9314 151.9116 151.8899 151.8694 151.8475 151.8238 151.8006 151.7823 151.7662 151.7491 151.7333 151.7171 151.701 151.6851 151.6691 151.6537 151.6403 151.6273 151.6157 151.604 151.5917 150.6224 150.5615 150.4847 150.4492 150.4971 150.481 150.7384 151.5385 151.5381 151.5366 151.5356 151.532 151.5273 151.5206 151.5133 151.505 151.4959 151.4841 151.4741 151.4623 151.4514 151.4333 151.416 151.4017 151.3891 151.3746
152.208 152.1912 152.1781 152.1626 152.1454 152.132 152.1174 152.1003 152.0826 152.0681 152.049 152.0339 152.0144 151.9989 151.9793 151.962 151.9412 151.9216 151.9022 151.8787 151.8575 151.8357 151.8115 151.7873 151.7711 151.755 151.7388 151.7227 151.7066 151.6904 151.6748 151.6608 151.6474 151.6349 151.6225 151.6102 151.5976 151.5844 151.5707 150.5096 150.4599 150.4862 150.4114 150.4489 150.4713 151.5239 151.5229 151.5207 151.5172 151.5118 151.5052 151.4982 151.4899 151.4817 151.4708 151.4612 151.4497 151.4387 151.4218 151.4058 151.3923 151.3799 151.3669
152.2138 152.2005 152.1857 152.1702 152.1534 152.1399 152.1249 152.1068 152.0943 152.0749 152.0612 152.0424 152.0247 152.0065 151.9883 151.9704 151.9515 151.9303 151.9115 151.8912 151.8676 151.8465 151.8238 151.7988 151.7767 151.7604 151.7443 151.7282 151.7118 151.696 151.6809 151.667 151.6538 151.6414 151.6287 151.6163 151.6032 151.5895 151.5758 151.5619 150.4997 150.4547 150.4323 150.3763 150.3921 150.4269 151.5092 151.506 151.502 151.4966 151.4901 151.4831 151.4754 151.4664 151.4576 151.4482 151.4371 151.426 151.4104 151.3957 151.3828 151.3706 151.3576
