site316_ft/site316_5x_roughbed/site316_5x_roughbed/sfe316_5x_roughbed.asc
ncols         167
nrows         75
xllcorner     -7.1323197717658
yllcorner     -40.416478706673
cellsize      1
NODATA_value  -9999
[rows 28 to 55 of 75, columns 0 to 62 of 167]
152.65 152.6333 152.618 152.602 152.5855 152.5696 152.5536 152.5372 152.5205 152.5048 152.4883 152.3506 152.2647 152.2683 152.3014 152.4606 152.4666 152.4738 152.4825 152.4917 152.5015 152.5124 152.5233 152.5337 152.5426 152.5358 152.5289 152.5195 152.5065 152.4935 152.4805 152.4674 152.4544 152.4414 152.4284 152.4153 152.4023 152.3893 152.3763 152.3633 152.3502 152.3372 152.3242 152.3112 152.2981 152.2851 152.2721 152.2591 152.246 152.233 152.22 152.207 152.194 152.1809 152.1679 152.1549 152.1419 152.1288 152.1158 152.1028 152.0898 152.0768 152.0637
152.6619 152.6259 152.6109 152.5948 152.5783 152.5612 152.5452 152.529 152.5124 152.4958 152.4265 152.303 152.294 152.4353 152.475 152.4815 152.4882 152.4948 152.503 152.5126 152.5223 152.5326 152.5438 152.554 152.5467 152.5398 152.5329 152.5259 152.5128 152.4998 152.4868 152.4738 152.4608 152.4477 152.4347 152.4217 152.4087 152.3956 152.3826 152.3696 152.3566 152.3436 152.3305 152.3175 152.3045 152.2915 152.2784 152.2654 152.2524 152.2394 152.2263 152.2133 152.2003 152.1873 152.1743 152.1612 152.1482 152.1352 152.1222 152.1091 152.0961 152.0831 152.0701
152.6738 152.6378 152.6018 152.5887 152.5716 152.5547 152.537 152.5208 152.5045 152.4067 152.3121 152.3239 152.4128 152.4855 152.4935 152.5009 152.5081 152.5158 152.523 152.5327 152.5427 152.553 152.5638 152.558 152.5507 152.5438 152.5369 152.53 152.5192 152.5062 152.4932 152.4801 152.4671 152.4541 152.4411 152.428 152.415 152.402 152.389 152.376 152.3629 152.3499 152.3369 152.3239 152.3108 152.2978 152.2848 152.2718 152.2587 152.2457 152.2327 152.2197 152.2067 152.1936 152.1806 152.1676 152.1546 152.1415 152.1285 152.1155 152.1025 152.0895 152.0764
-9999 152.6497 152.6137 152.5777 152.5664 152.5487 152.531 152.5129 152.3839 152.3278 152.3135 152.4188 152.4928 152.5021 152.5112 152.5194 152.5269 152.5347 152.5434 152.5517 152.5623 152.5727 152.5685 152.562 152.5553 152.5479 152.541 152.5341 152.5256 152.5125 152.4995 152.4865 152.4735 152.4604 152.4474 152.4344 152.4214 152.4084 152.3953 152.3823 152.3693 152.3563 152.3432 152.3302 152.3172 152.3042 152.2911 152.2781 152.2651 152.2521 152.2391 152.226 152.213 152.2 152.187 152.1739 152.1609 152.1479 152.1349 152.1219 152.1088 152.0958 152.0828
-9999 152.6617 152.6256 152.5896 152.5536 152.5439 152.5259 152.4503 152.382 152.338 152.3869 152.4999 152.5089 152.518 152.5272 152.5365 152.5453 152.5528 152.5612 152.571 152.5806 152.5792 152.5726 152.566 152.5595 152.5519 152.545 152.5381 152.5312 152.5189 152.5059 152.4928 152.4798 152.4668 152.4538 152.4408 152.4277 152.4147 152.4017 152.3887 152.3756 152.3626 152.3496 152.3366 152.3235 152.3105 152.2975 152.2845 152.2715 152.2584 152.2454 152.2324 152.2194 152.2063 152.1933 152.1803 152.1673 152.1543 152.1412 152.1282 152.1152 152.1022 152.0887
-9999 152.6736 152.6375 152.6015 152.5655 152.5294 152.497 152.3902 152.3617 152.384 152.5069 152.5159 152.525 152.5341 152.5432 152.5524 152.5616 152.5709 152.5792 152.5886 152.59 152.5833 152.5767 152.57 152.5635 152.5562 152.549 152.5421 152.5352 152.5252 152.5122 152.4992 152.4862 152.4731 152.4601 152.4471 152.4341 152.4211 152.408 152.395 152.382 152.369 152.3559 152.3429 152.3299 152.3169 152.3038 152.2908 152.2778 152.2648 152.2518 152.2387 152.2257 152.2127 152.1997 152.1866 152.1736 152.1606 152.1476 152.1346 152.1215 152.1085 152.0937
-9999 152.6855 152.6495 152.6134 152.5774 152.5414 152.4594 152.389 152.4482 152.5167 152.5236 152.5318 152.5407 152.5501 152.5592 152.5683 152.5775 152.5867 152.5961 152.6005 152.5943 152.5876 152.5808 152.5743 152.5675 152.561 152.553 152.5461 152.5392 152.5316 152.5186 152.5055 152.4925 152.4795 152.4665 152.4534 152.4404 152.4274 152.4144 152.4014 152.3883 152.3753 152.3623 152.3493 152.3362 152.3232 152.3102 152.2972 152.2841 152.2711 152.2581 152.2451 152.2321 152.219 152.206 152.193 152.18 152.1669 152.1539 152.1409 152.1279 152.1149 152.0991
-9999 152.6974 152.6614 152.6254 152.5893 152.5533 152.4737 152.4353 152.5291 152.5346 152.5408 152.5483 152.5566 152.5656 152.5749 152.5843 152.5933 152.6026 152.6108 152.6046 152.5984 152.5919 152.5849 152.5784 152.5715 152.565 152.5571 152.5501 152.5432 152.5364 152.5249 152.5119 152.4989 152.4858 152.4728 152.4598 152.4468 152.4337 152.4207 152.4077 152.3947 152.3817 152.3686 152.3556 152.3426 152.3296 152.3165 152.3035 152.2905 152.2775 152.2645 152.2514 152.2384 152.2254 152.2124 152.1993 152.1863 152.1733 152.1603 152.1472 152.1342 152.12 152.1048
-9999 152.7093 152.6733 152.6373 152.6012 152.5652 152.4882 152.4494 152.5436 152.5519 152.558 152.565 152.5731 152.5814 152.5904 152.5997 152.6093 152.6185 152.615 152.6087 152.6026 152.5962 152.5895 152.5824 152.5759 152.569 152.5625 152.5542 152.5473 152.5404 152.5313 152.5182 152.5052 152.4922 152.4792 152.4661 152.4531 152.4401 152.4271 152.414 152.401 152.388 152.375 152.362 152.3489 152.3359 152.3229 152.3099 152.2968 152.2838 152.2708 152.2578 152.2448 152.2317 152.2187 152.2057 152.1927 152.1796 152.1666 152.1536 152.1406 152.1252 152.1103
-9999 152.7213 152.6852 152.6492 152.6132 152.5771 152.5033 152.4635 152.5549 152.5658 152.5746 152.5814 152.5892 152.5973 152.6061 152.615 152.6244 152.6253 152.6192 152.613 152.6067 152.6003 152.5938 152.5865 152.58 152.573 152.5665 152.5582 152.5513 152.5444 152.5374 152.5246 152.5116 152.4985 152.4855 152.4725 152.4595 152.4464 152.4334 152.4204 152.4074 152.3943 152.3813 152.3683 152.3553 152.3423 152.3292 152.3162 152.3032 152.2902 152.2771 152.2641 152.2511 152.2381 152.2251 152.212 152.199 152.186 152.173 152.1599 152.1463 152.131 152.1157
-9999 -9999 152.6972 152.6611 152.6251 152.5891 152.5184 152.4776 152.5663 152.5772 152.588 152.5973 152.6048 152.6132 152.6216 152.6306 152.6356 152.6297 152.6234 152.6173 152.6108 152.6046 152.5981 152.5911 152.5841 152.5772 152.5704 152.5634 152.5553 152.5484 152.5415 152.5309 152.5179 152.5049 152.4919 152.4788 152.4658 152.4528 152.4398 152.4267 152.4137 152.4007 152.3877 152.3747 152.3616 152.3486 152.3356 152.3226 152.3095 152.2965 152.2835 152.2705 152.2574 152.2444 152.2314 152.2184 152.2054 152.1923 152.1793 152.1663 152.1517 152.1365 152.1208
-9999 -9999 152.7091 152.673 152.637 152.601 152.5335 152.4918 152.5776 152.5885 152.5994 152.6102 152.62 152.6282 152.6367 152.6458 152.64 152.634 152.628 152.6216 152.6152 152.6088 152.6022 152.5957 152.5882 152.5816 152.5744 152.5679 152.5593 152.5524 152.5455 152.5373 152.5243 152.5112 152.4982 152.4852 152.4722 152.4591 152.4461 152.4331 152.4201 152.4071 152.394 152.381 152.368 152.355 152.3419 152.3289 152.3159 152.3029 152.2899 152.2768 152.2638 152.2508 152.2378 152.2247 152.2117 152.1987 152.1857 152.1726 152.1574 152.1426 152.1258
-9999 -9999 152.721 152.685 152.6489 152.6129 152.5459 152.5059 152.589 152.5999 152.6107 152.6216 152.6325 152.6428 152.6511 152.6503 152.6444 152.6384 152.6324 152.6258 152.6196 152.6129 152.6067 152.6 152.5927 152.5857 152.5784 152.5719 152.5643 152.5565 152.5496 152.5427 152.5306 152.5176 152.5046 152.4915 152.4785 152.4655 152.4525 152.4395 152.4264 152.4134 152.4004 152.3874 152.3743 152.3613 152.3483 152.3353 152.3223 152.3092 152.2962 152.2832 152.2702 152.2571 152.2441 152.2311 152.2181 152.205 152.192 152.1777 152.1631 152.1476 152.1309
-9999 -9999 152.7329 152.6969 152.6609 152.6248 152.5583 152.52 152.6003 152.6112 152.6221 152.6329 152.6438 152.6547 152.6607 152.6548 152.649 152.6431 152.6367 152.6306 152.6239 152.6173 152.6108 152.6042 152.5976 152.5898 152.5832 152.5759 152.5694 152.5605 152.5536 152.5467 152.537 152.5239 152.5109 152.4979 152.4849 152.4718 152.4588 152.4458 152.4328 152.4198 152.4067 152.3937 152.3807 152.3677 152.3546 152.3416 152.3286 152.3156 152.3026 152.2895 152.2765 152.2635 152.2505 152.2374 152.2244 152.2114 152.1984 152.1836 152.1691 152.1527 152.1377
-9999 -9999 152.7448 152.7088 152.6728 152.6367 152.5749 152.5341 152.6117 152.6225 152.6334 152.6443 152.6552 152.666 152.6672 152.6593 152.6536 152.6475 152.6414 152.6351 152.6281 152.6219 152.6149 152.6088 152.6019 152.5942 152.5873 152.5799 152.5734 152.5651 152.5576 152.5507 152.5433 152.5303 152.5173 152.5042 152.4912 152.4782 152.4652 152.4521 152.4391 152.4261 152.4131 152.4001 152.387 152.374 152.361 152.348 152.3349 152.3219 152.3089 152.2959 152.2829 152.2698 152.2568 152.2438 152.2308 152.2177 152.204 152.1894 152.1745 152.1578 152.1434
-9999 -9999 152.7568 152.7207 152.6847 152.6487 152.5999 152.5482 152.623 152.6339 152.6447 152.6556 152.6665 152.6774 152.6741 152.6649 152.6581 152.6521 152.6461 152.6394 152.6333 152.6263 152.6195 152.6129 152.6061 152.5995 152.5914 152.5849 152.5774 152.5705 152.5616 152.5547 152.5478 152.5366 152.5236 152.5106 152.4976 152.4845 152.4715 152.4585 152.4455 152.4324 152.4194 152.4064 152.3934 152.3804 152.3673 152.3543 152.3413 152.3283 152.3152 152.3022 152.2892 152.2762 152.2632 152.2501 152.2371 152.2241 152.2099 152.1954 152.1796 152.164 152.1485
-9999 -9999 -9999 152.7327 152.6966 152.6606 152.6246 152.5623 152.6343 152.6452 152.6561 152.667 152.6778 152.6887 152.681 152.671 152.6626 152.6568 152.6505 152.6443 152.6378 152.6305 152.6242 152.617 152.6108 152.6038 152.5957 152.5889 152.5814 152.5749 152.566 152.5587 152.5518 152.543 152.53 152.5169 152.5039 152.4909 152.4779 152.4648 152.4518 152.4388 152.4258 152.4128 152.3997 152.3867 152.3737 152.3607 152.3476 152.3346 152.3216 152.3086 152.2955 152.2825 152.2695 152.2565 152.2435 152.2303 152.2157 152.2014 152.1846 152.1707 152.1551
-9999 -9999 -9999 152.7446 152.7085 152.6725 152.6365 152.5764 152.6457 152.6566 152.6674 152.6783 152.6892 152.6974 152.6879 152.6779 152.6687 152.6613 152.6553 152.6491 152.6421 152.636 152.6286 152.6217 152.615 152.608 152.6014 152.593 152.5864 152.5789 152.5714 152.5628 152.5559 152.5488 152.5363 152.5233 152.5103 152.4972 152.4842 152.4712 152.4582 152.4451 152.4321 152.4191 152.4061 152.3931 152.38 152.367 152.354 152.341 152.3279 152.3149 152.3019 152.2889 152.2758 152.2628 152.2498 152.2354 152.2217 152.2064 152.1904 152.1758 152.1621
-9999 -9999 -9999 152.7565 152.7205 152.6844 152.6484 152.5905 152.657 152.6679 152.6788 152.6896 152.7005 152.7043 152.6949 152.6848 152.6749 152.6658 152.6601 152.6535 152.6472 152.6405 152.6329 152.6265 152.6191 152.6127 152.6057 152.5973 152.5906 152.5828 152.5763 152.5669 152.5599 152.553 152.5426 152.5296 152.5166 152.5036 152.4906 152.4775 152.4645 152.4515 152.4385 152.4254 152.4124 152.3994 152.3864 152.3734 152.3603 152.3473 152.3343 152.3213 152.3082 152.2952 152.2822 152.2692 152.2562 152.2421 152.2279 152.2115 152.198 152.1819 152.1674
-9999 -9999 -9999 152.7684 152.7324 152.6964 152.6603 152.6046 152.6684 152.6792 152.6901 152.701 152.7119 152.7113 152.7018 152.6918 152.6818 152.6724 152.6646 152.6584 152.6521 152.6448 152.6386 152.631 152.6239 152.6171 152.61 152.6031 152.5947 152.5876 152.5803 152.5723 152.5639 152.557 152.549 152.536 152.523 152.5099 152.4969 152.4839 152.4709 152.4578 152.4448 152.4318 152.4188 152.4058 152.3927 152.3797 152.3667 152.3537 152.3406 152.3276 152.3146 152.3016 152.2886 152.2755 152.2617 152.2482 152.2333 152.2168 152.2031 152.1899 152.1735
-9999 -9999 -9999 152.7803 152.7443 152.7083 152.6722 152.6187 152.6797 152.6906 152.7014 152.7123 152.7232 152.7182 152.7087 152.6987 152.6887 152.6793 152.6693 152.6633 152.6567 152.6502 152.6432 152.6352 152.6288 152.6212 152.6145 152.6076 152.5988 152.5922 152.5843 152.5777 152.5679 152.561 152.5541 152.5423 152.5293 152.5163 152.5033 152.4902 152.4772 152.4642 152.4512 152.4382 152.4251 152.4121 152.3991 152.3861 152.373 152.36 152.347 152.334 152.321 152.3079 152.2949 152.2819 152.2676 152.2545 152.2384 152.2249 152.2087 152.1952 152.1786
-9999 -9999 -9999 152.7923 152.7562 152.7202 152.6842 152.6328 152.6911 152.7019 152.7128 152.7237 152.7345 152.7251 152.7156 152.7056 152.6956 152.6856 152.6762 152.6678 152.6617 152.6551 152.6475 152.6413 152.6334 152.6261 152.6191 152.6119 152.6046 152.5963 152.5888 152.5818 152.5732 152.565 152.5582 152.5487 152.5357 152.5226 152.5096 152.4966 152.4836 152.4706 152.4575 152.4445 152.4315 152.4185 152.4054 152.3924 152.3794 152.3664 152.3533 152.3403 152.3273 152.3143 152.3013 152.288 152.274 152.2602 152.2434 152.2305 152.2171 152.2008 152.1862
-9999 -9999 -9999 152.8042 152.7682 152.7321 152.6961 152.6469 152.7024 152.7133 152.7241 152.735 152.742 152.732 152.7225 152.7125 152.7025 152.6925 152.6831 152.6731 152.6666 152.6599 152.6532 152.6459 152.6376 152.6312 152.6232 152.6164 152.6095 152.6004 152.5938 152.5858 152.5786 152.5691 152.5622 152.5547 152.542 152.529 152.516 152.5029 152.4899 152.4769 152.4639 152.4509 152.4378 152.4248 152.4118 152.3988 152.3857 152.3727 152.3597 152.3467 152.3336 152.3206 152.3076 152.2938 152.2804 152.2652 152.2513 152.2356 152.223 152.2066 152.1951
-9999 -9999 -9999 -9999 152.7801 152.744 152.708 152.6628 152.7137 152.7246 152.7355 152.7464 152.749 152.739 152.7294 152.7194 152.7094 152.6994 152.6894 152.68 152.6711 152.6651 152.6582 152.6502 152.6439 152.6357 152.6283 152.6212 152.6139 152.6061 152.5979 152.59 152.5833 152.574 152.5662 152.5593 152.5484 152.5353 152.5223 152.5093 152.4963 152.4832 152.4702 152.4572 152.4442 152.4312 152.4181 152.4051 152.3921 152.3791 152.366 152.353 152.34 152.327 152.3139 152.3004 152.287 152.2703 152.2578 152.244 152.2283 152.2139 152.201
-9999 -9999 -9999 -9999 152.792 152.756 152.7199 152.6803 152.7251 152.7359 152.7468 152.7577 152.7559 152.7459 152.7363 152.7263 152.7163 152.7063 152.6963 152.6869 152.6768 152.6698 152.6631 152.6561 152.6486 152.6402 152.6335 152.6253 152.6183 152.6114 152.602 152.5954 152.5873 152.5795 152.5702 152.5633 152.5547 152.5417 152.5287 152.5156 152.5026 152.4896 152.4766 152.4635 152.4505 152.4375 152.4245 152.4115 152.3984 152.3854 152.3724 152.3594 152.3463 152.3333 152.3194 152.3068 152.2921 152.2777 152.2629 152.2508 152.2346 152.2227 152.207
-9999 -9999 -9999 -9999 152.8039 152.7679 152.7319 152.6979 152.7364 152.7473 152.7582 152.769 152.7628 152.7528 152.7432 152.7332 152.7232 152.7132 152.7032 152.6937 152.6837 152.6743 152.6684 152.6612 152.6529 152.6464 152.6381 152.6305 152.6233 152.6158 152.6077 152.5995 152.5912 152.5847 152.5749 152.5674 152.5603 152.548 152.535 152.522 152.509 152.4959 152.4829 152.4699 152.4569 152.4438 152.4308 152.4178 152.4048 152.3918 152.3787 152.3657 152.3527 152.3397 152.3261 152.3133 152.2972 152.2851 152.2708 152.2561 152.2416 152.2296 152.2138
-9999 -9999 -9999 -9999 152.8158 152.7798 152.7438 152.7155 152.7478 152.7586 152.7695 152.7797 152.7697 152.7598 152.7501 152.7401 152.7301 152.7201 152.7101 152.7001 152.6906 152.6806 152.6731 152.6663 152.659 152.6513 152.6427 152.6358 152.6274 152.6201 152.6133 152.6036 152.5968 152.5887 152.5803 152.5714 152.5645 152.5544 152.5414 152.5283 152.5153 152.5023 152.4893 152.4762 152.4632 152.4502 152.4372 152.4241 152.4111 152.3981 152.3851 152.3721 152.359 152.3457 152.3326 152.319 152.304 152.2902 152.2786 152.2626 152.2504 152.2354 152.2209
-9999 -9999 -9999 -9999 152.8278 152.7917 152.7557 152.7331 152.7591 152.77 152.7808 152.7867 152.7767 152.7667 152.757 152.747 152.737 152.727 152.717 152.707 152.6975 152.6875 152.6776 152.6717 152.6642 152.6557 152.649 152.6405 152.6327 152.6254 152.6176 152.6092 152.6011 152.5927 152.5858 152.5758 152.5685 152.5607 152.5477 152.5347 152.5217 152.5086 152.4956 152.4826 152.4696 152.4565 152.4435 152.4305 152.4175 152.4045 152.3914 152.3784 152.3654 152.3521 152.3393 152.324 152.3122 152.2976 152.2839 152.2693 152.2583 152.2426 152.2276
