SIN0=(0.1986342543545191,1.0,-2.77,MASK0)
SIN1=(0.09042265272991347,2.0,-1.7,MASK0)
SIN2=(0.07458803174331491,3.0,0.91,MASK0)
SIN3=(0.08632956428875516,4.0,-2.27,MASK0)
SIN4=(0.08658295687377746,5.0,-0.01,MASK0)
SIN5=(0.08566547933977456,5.5,-2.81,MASK0)
SIN6=(0.07698185479631756,7.0,-2.53,MASK0)
SIN7=(0.033445624099078725,8.0,-0.52,MASK0)
SIN8=(0.036494522030211377,9.0,-2.87,MASK0)
SIN9=(0.03221795234727767,10.0,-0.52,MASK0)
SIN10=(0.012671336795910211,11.0,2.51,MASK0)
SIN11=(0.036426028195909566,12.0,0.44,MASK0)
SIN12=(0.032234934837613784,13.0,-2.8,MASK0)
SIN13=(0.008097761400151723,13.5,-2.39,MASK0)
SIN14=(0.039668399567064194,14.5,0.35,MASK0)
SIN15=(0.04446431839920098,15.5,-2.98,MASK0)
SIN16=(0.032234934837613784,13.0,-2.8,MASK0)
SIN17=(0.03642602819590956,12.0,0.44,MASK0)
SIN18=(0.012671336795910208,11.0,2.51,MASK0)
SIN19=(0.03221795234727766,10.0,-0.52,MASK0)
SIN20=(0.036494522030211377,9.0,-2.87,MASK0)
SIN21=(0.03344562409907871,8.0,-0.52,MASK0)
SIN22=(0.07698185479631756,7.0,-2.53,MASK0)
SIN23=(0.08566547933977454,5.5,-2.81,MASK0)
SIN24=(0.08658295687377744,5.0,-0.01,MASK0)
SIN25=(0.08632956428875516,4.0,-2.27,MASK0)
SIN26=(0.07458803174331491,3.0,0.91,MASK0)
SIN27=(0.09042265272991343,2.0,-1.7,MASK0)
SIN28=(0.19863425435451906,1.0,-2.77,MASK0)

