SIN0=(0.10087891392004976,2.0,2.59,MASK0)
SIN1=(0.05934197997259236,2.5,0.02,MASK0)
SIN2=(0.03629122697946109,4.0,0.64,MASK0)
SIN3=(0.03881751982817182,5.0,2.7,MASK0)
SIN4=(0.02177848801502046,5.5,-0.09,MASK0)
SIN5=(0.005736621909297784,7.0,0.02,MASK0)
SIN6=(0.008290454416923004,16.5,2.64,MASK0)
SIN7=(0.03881751982817182,5.0,2.7,MASK0)
SIN8=(0.036291226979461085,4.0,0.64,MASK0)
SIN9=(0.059341979972592364,2.5,0.02,MASK0)
SIN10=(0.10087891392004976,2.0,2.59,MASK0)
SIN11=(0.07609047698742007,1.0,0.83,MASK0)

