COS0=(0.8223895987502753, 1.0, -74.0, MASK0)
COS1=(0.7958780171014599, 1.5, 30.0, MASK0)
COS2=(0.48620324834228706, 3.0, -22.0, MASK0)
COS3=(0.20784648333976213, 4.0, 4.0, MASK0)
COS4=(0.17935046077578812, 5.0, -10.0, MASK0)
COS5=(0.3890925330196957, 6.0, 4.0, MASK0)
COS6=(0.17265839481115544, 7.0, -2.0, MASK0)
COS7=(0.15809854622404446, 8.0, 2.0, MASK0)
COS8=(0.26247676556416133, 9.0, 14.0, MASK0)
COS9=(0.054076783482303575, 10.0, 2.0, MASK0)
COS10=(0.07014714108527398, 11.0, -2.0, MASK0)
COS11=(0.06836593634230742, 12.0, 10.0, MASK0)
COS12=(0.15793967217730642, 12.5, 2.0, MASK0)
COS13=(0.06866517186754356, 14.0, -2.0, MASK0)
COS14=(0.07014714108527395, 11.0, -2.0, MASK0)
COS15=(0.054076783482303555, 10.0, 2.0, MASK0)
COS16=(0.26247676556416133, 9.0, 14.0, MASK0)
COS17=(0.15809854622404448, 8.0, 2.0, MASK0)
COS18=(0.17265839481115536, 7.0, -2.0, MASK0)
COS19=(0.3890925330196956, 6.0, 4.0, MASK0)
COS20=(0.17935046077578806, 5.0, -10.0, MASK0)
COS21=(0.2078464833397622, 4.0, 4.0, MASK0)
COS22=(0.48620324834228706, 3.0, -22.0, MASK0)
COS23=(0.7958780171014599, 1.5, 30.0, MASK0)
COS24=(0.8223895987502752, 1.0, -74.0, MASK0)
