COS0=(4.7901488173589915, 1.0, 114.0, MASK0)
COS1=(1.9594525228228528, 2.0, 54.0, MASK0)
COS2=(1.7990436557024025, 3.0, -14.0, MASK0)
COS3=(0.0673880096371137, 3.5, -12.0, MASK0)
COS4=(0.7934153362576536, 4.5, 14.0, MASK0)
COS5=(0.8985405138700776, 6.0, 20.0, MASK0)
COS6=(0.16859988146171373, 7.0, -4.0, MASK0)
COS7=(0.2854015215371454, 8.0, 4.0, MASK0)
COS8=(0.9513683189129016, 8.5, 8.0, MASK0)
COS9=(1.032343788063322, 10.0, 10.0, MASK0)
COS10=(0.9240162339882824, 11.0, -2.0, MASK0)
COS11=(0.495271395504279, 11.5, -4.0, MASK0)
COS12=(0.05930725515563415, 13.0, 8.0, MASK0)
COS13=(1.0323437880633222, 10.0, 10.0, MASK0)
COS14=(0.9513683189129012, 8.5, 8.0, MASK0)
COS15=(0.28540152153714526, 8.0, 4.0, MASK0)
COS16=(0.16859988146171373, 7.0, -4.0, MASK0)
COS17=(0.8985405138700775, 6.0, 20.0, MASK0)
COS18=(0.7934153362576537, 4.5, 14.0, MASK0)
COS19=(0.0673880096371137, 3.5, -12.0, MASK0)
COS20=(1.7990436557024028, 3.0, -14.0, MASK0)
COS21=(1.9594525228228528, 2.0, 54.0, MASK0)
COS22=(4.7901488173589915, 1.0, 114.0, MASK0)
