COS0=(0.042180842993419856, 1.0, -62.0, MASK0)
COS1=(0.06291745426799572, 2.0, 30.0, MASK0)
COS2=(0.05393124901799384, 3.0, -34.0, MASK0)
COS3=(0.0311834188050421, 4.0, 12.0, MASK0)
COS4=(0.04242718707472408, 5.0, 18.0, MASK0)
COS5=(0.03732913584634309, 6.0, 12.0, MASK0)
COS6=(0.03637189602393635, 6.5, -8.0, MASK0)
COS7=(0.03700781195498612, 8.0, 16.0, MASK0)
COS8=(0.011618166324997056, 9.0, -10.0, MASK0)
COS9=(0.007595967718391699, 9.5, -6.0, MASK0)
COS10=(0.012714237525924457, 10.5, 4.0, MASK0)
COS11=(0.01019753207670853, 12.0, -2.0, MASK0)
COS12=(0.02353852878169376, 13.0, 6.0, MASK0)
COS13=(0.0026929375249883014, 13.5, -4.0, MASK0)
COS14=(0.01726689950245378, 15.0, 8.0, MASK0)
COS15=(0.00274297172373417, 15.5, 4.0, MASK0)
COS16=(0.011285993568742183, 16.5, -4.0, MASK0)
COS17=(0.0026929375249882988, 13.5, -4.0, MASK0)
COS18=(0.02353852878169375, 13.0, 6.0, MASK0)
COS19=(0.01019753207670853, 12.0, -2.0, MASK0)
COS20=(0.012714237525924457, 10.5, 4.0, MASK0)
COS21=(0.007595967718391711, 9.5, -6.0, MASK0)
COS22=(0.011618166324997055, 9.0, -10.0, MASK0)
COS23=(0.037007811954986126, 8.0, 16.0, MASK0)
COS24=(0.03637189602393634, 6.5, -8.0, MASK0)
COS25=(0.03732913584634309, 6.0, 12.0, MASK0)
COS26=(0.04242718707472408, 5.0, 18.0, MASK0)
COS27=(0.031183418805042086, 4.0, 12.0, MASK0)
COS28=(0.05393124901799386, 3.0, -34.0, MASK0)
COS29=(0.06291745426799572, 2.0, 30.0, MASK0)
COS30=(0.04218084299341987, 1.0, -62.0, MASK0)
