samples/boulder/Boulder2/boulder2.asc
ncols         419
nrows         80
xllcorner     100
yllcorner     60
cellsize      1
NODATA_value  -9999
[rows 0 to 27 of 80, columns 63 to 125 of 419]
1123.61 1123.61 1123.61 1123.61 1123.61 1123.61 1123.61 1123.61 1123.61 1123.61 1123.61 1123.61 1123.61 1123.61 1123.61 1123.61 1123.61 1123.61 1123.61 1123.61 1123.61 1123.61 1123.61 1123.61 1123.61 1123.61 1123.61 1123.61 1123.61 1123.61 1123.61 1123.61 1123.61 1123.61 1123.61 1123.61 1123.61 1123.61 1123.61 1123.61 1123.61 1123.61 1123.61 1123.61 1123.61 1123.61 1123.61 1123.61 1123.61 1123.61 1123.61 1123.61 1123.61 1123.61 1123.61 1123.61 1123.61 1123.61 1123.61 1123.61 1123.61 1123.61 1123.61
1121.61 1121.61 1121.61 1121.61 1121.61 1121.61 1121.61 1121.61 1121.61 1121.61 1121.61 1121.61 1121.61 1121.61 1121.61 1121.61 1121.61 1121.61 1121.61 1121.61 1121.61 1121.61 1121.61 1121.61 1121.61 1121.61 1121.61 1121.61 1121.61 1121.61 1121.61 1121.61 1121.61 1121.61 1121.61 1121.61 1121.61 1121.61 1121.61 1121.61 1121.61 1121.61 1121.61 1121.61 1121.61 1121.61 1121.61 1121.61 1121.61 1121.61 1121.61 1121.61 1121.61 1121.61 1121.61 1121.61 1121.61 1121.61 1121.61 1121.61 1121.61 1121.61 1121.61
1119.61 1119.61 1119.61 1119.61 1119.61 1119.61 1119.61 1119.61 1119.61 1119.61 1119.61 1119.61 1119.61 1119.61 1119.61 1119.61 1119.61 1119.61 1119.61 1119.61 1119.61 1119.61 1119.61 1119.61 1119.61 1119.61 1119.61 1119.61 1119.61 1119.61 1119.61 1119.61 1119.61 1119.61 1119.61 1119.61 1119.61 1119.61 1119.61 1119.61 1119.61 1119.61 1119.61 1119.61 1119.61 1119.61 1119.61 1119.61 1119.61 1119.61 1119.61 1119.61 1119.61 1119.61 1119.61 1119.61 1119.61 1119.61 1119.61 1119.61 1119.61 1119.61 1119.61
1117.61 1117.61 1117.61 1117.61 1117.61 1117.61 1117.61 1117.61 1117.61 1117.61 1117.61 1117.61 1117.61 1117.61 1117.61 1117.61 1117.61 1117.61 1117.61 1117.61 1117.61 1117.61 1117.61 1117.61 1117.61 1117.61 1117.61 1117.61 1117.61 1117.61 1117.61 1117.61 1117.61 1117.61 1117.61 1117.61 1117.61 1117.61 1117.61 1117.61 1117.61 1117.61 1117.61 1117.61 1117.61 1117.61 1117.61 1117.61 1117.61 1117.61 1117.61 1117.61 1117.61 1117.61 1117.61 1117.61 1117.61 1117.61 1117.61 1117.61 1117.61 1117.61 1117.61
1115.61 1115.61 1115.61 1115.61 1115.61 1115.61 1115.61 1115.61 1115.61 1115.61 1115.61 1115.61 1115.61 1115.61 1115.61 1115.61 1115.61 1115.61 1115.61 1115.61 1115.61 1115.61 1115.61 1115.61 1115.61 1115.61 1115.61 1115.61 1115.61 1115.61 1115.61 1115.61 1115.61 1115.61 1115.61 1115.61 1115.61 1115.61 1115.61 1115.61 1115.61 1115.61 1115.61 1115.61 1115.61 1115.61 1115.61 1115.61 1115.61 1115.61 1115.61 1115.61 1115.61 1115.61 1115.61 1115.61 1115.61 1115.61 1115.61 1115.61 1115.61 1115.61 1115.61
1113.61 1113.61 1113.61 1113.61 1113.61 1113.61 1113.61 1113.61 1113.61 1113.61 1113.61 1113.61 1113.61 1113.61 1113.61 1113.61 1113.61 1113.61 1113.61 1113.61 1113.61 1113.61 1113.61 1113.61 1113.61 1113.61 1113.61 1113.61 1113.61 1113.61 1113.61 1113.61 1113.61 1113.61 1113.61 1113.61 1113.61 1113.61 1113.61 1113.61 1113.61 1113.61 1113.61 1113.61 1113.61 1113.61 1113.61 1113.61 1113.61 1113.61 1113.61 1113.61 1113.61 1113.61 1113.61 1113.61 1113.61 1113.61 1113.61 1113.61 1113.61 1113.61 1113.61
1111.61 1111.61 1111.61 1111.61 1111.61 1111.61 1111.61 1111.61 1111.61 1111.61 1111.61 1111.61 1111.61 1111.61 1111.61 1111.61 1111.61 1111.61 1111.61 1111.61 1111.61 1111.61 1111.61 1111.61 1111.61 1111.61 1111.61 1111.61 1111.61 1111.61 1111.61 1111.61 1111.61 1111.61 1111.61 1111.61 1111.61 1111.61 1111.61 1111.61 1111.61 1111.61 1111.61 1111.61 1111.61 1111.61 1111.61 1111.61 1111.61 1111.61 1111.61 1111.61 1111.61 1111.61 1111.61 1111.61 1111.61 1111.61 1111.61 1111.61 1111.61 1111.61 1111.61
1109.61 1109.61 1109.61 1109.61 1109.61 1109.61 1109.61 1109.61 1109.61 1109.61 1109.61 1109.61 1109.61 1109.61 1109.61 1109.61 1109.61 1109.61 1109.61 1109.61 1109.61 1109.61 1109.61 1109.61 1109.61 1109.61 1109.61 1109.61 1109.61 1109.61 1109.61 1109.61 1109.61 1109.61 1109.61 1109.61 1109.61 1109.61 1109.61 1109.61 1109.61 1109.61 1109.61 1109.61 1109.61 1109.61 1109.61 1109.61 1109.61 1109.61 1109.61 1109.61 1109.61 1109.61 1109.61 1109.61 1109.61 1109.61 1109.61 1109.61 1109.61 1109.61 1109.61
1107.61 1107.61 1107.61 1107.61 1107.61 1107.61 1107.61 1107.61 1107.61 1107.61 1107.61 1107.61 1107.61 1107.61 1107.61 1107.61 1107.61 1107.61 1107.61 1107.61 1107.61 1107.61 1107.61 1107.61 1107.61 1107.61 1107.61 1107.61 1107.61 1107.61 1107.61 1107.61 1107.61 1107.61 1107.61 1107.61 1107.61 1107.61 1107.61 1107.61 1107.61 1107.61 1107.61 1107.61 1107.61 1107.61 1107.61 1107.61 1107.61 1107.61 1107.61 1107.61 1107.61 1107.61 1107.61 1107.61 1107.61 1107.61 1107.61 1107.61 1107.61 1107.61 1107.61
1105.61 1105.61 1105.61 1105.61 1105.61 1105.61 1105.61 1105.61 1105.61 1105.61 1105.61 1105.61 1105.61 1105.61 1105.61 1105.61 1105.61 1105.61 1105.61 1105.61 1105.61 1105.61 1105.61 1105.61 1105.61 1105.61 1105.61 1105.61 1105.61 1105.61 1105.61 1105.61 1105.61 1105.61 1105.61 1105.61 1105.61 1105.61 1105.61 1105.61 1105.61 1105.61 1105.61 1105.61 1105.61 1105.61 1105.61 1105.61 1105.61 1105.61 1105.61 1105.61 1105.61 1105.61 1105.61 1105.61 1105.61 1105.61 1105.61 1105.61 1105.61 1105.61 1105.61
1104.183 1104.183 1104.19 1104.19 1104.193 1104.2 1104.2 1104.206 1104.206 1104.209 1104.215 1104.215 1104.22 1104.22 1104.223 1104.228 1104.228 1104.23 1104.234 1104.234 1104.239 1104.239 1104.24 1104.243 1104.243 1104.247 1104.247 1104.725 1104.349 1104.349 1105.003 1105.003 1105.297 1105.557 1105.557 1106.066 1106.066 1106.637 1106.719 1106.719 1106.865 1106.516 1106.516 1106.104 1106.104 1105.636 1105.205 1105.205 1104.72 1104.72 1104.591 1104.253 1104.253 1104.251 1104.251 1104.25 1104.248 1104.248 1104.245 1104.245 1104.243 1104.24 1104.24
1103.322 1103.336 1103.343 1103.354 1103.367 1103.374 1103.386 1103.392 1103.401 1103.413 1103.419 1103.43 1103.435 1103.444 1103.454 1103.458 1103.466 1103.474 1103.479 1103.487 1103.491 1103.497 1103.504 1103.507 1103.514 1103.518 1103.999 1104.09 1103.713 1104.19 1104.845 1105.372 1106.153 1106.413 1106.983 1107.492 1108.502 1108.959 1109.04 1108.977 1108.91 1108.561 1108.105 1107.693 1107.062 1106.544 1106.113 1105.359 1104.874 1104.422 1105.135 1104.797 1111.776 1111.774 1113.081 1111.074 1111.072 1104.51 1104.507 1103.512 1103.505 1103.501 1103.496
1102.464 1102.485 1102.503 1102.516 1102.536 1102.553 1102.566 1102.584 1102.596 1102.614 1102.628 1102.64 1102.656 1102.666 1102.682 1102.694 1102.703 1102.717 1102.725 1102.738 1102.748 1102.755 1102.766 1102.773 1102.783 1102.791 1102.961 1103.263 1103.307 1103.784 1104.617 1105.264 1105.988 1106.964 1107.533 1107.905 1108.281 1108.962 1109.167 1108.876 1108.982 1108.803 1108.343 1108.047 1107.819 1106.789 1105.825 1105.336 1104.49 1105.277 1108.764 1111.969 1118.948 1122.741 1123.394 1122.386 1118.184 1111.622 1103.776 1102.779 1102.769 1102.76 1102.752
1102.037 1102.058 1102.079 1102.1 1102.12 1102.14 1102.158 1102.177 1102.196 1102.214 1102.23 1102.247 1102.263 1102.279 1102.294 1102.309 1102.323 1102.336 1103.794 1103.807 1107.538 1111.607 1111.618 1109.547 1109.557 1106.942 1102.547 1102.848 1103.242 1103.736 1104.569 1105.638 1106.362 1107.546 1108.218 1108.589 1109.066 1109.747 1109.369 1109.365 1109.47 1109.549 1109.088 1109.06 1107.976 1106.945 1106.387 1105.898 1104.74 1104.17 1107.657 1115.139 1122.191 1125.984 1128.681 1127.673 1122.839 1115.418 1107.572 1102.412 1102.402 1102.391 1102.38
1102.037 1102.058 1102.079 1102.1 1102.12 1102.14 1102.158 1102.177 1102.196 1102.214 1102.23 1102.247 1102.263 1102.279 1102.294 1102.309 1102.323 1102.686 1104.144 1112.038 1118.595 1121.891 1124.138 1122.068 1117.693 1112.739 1104.709 1103.088 1103.448 1104.448 1105.311 1105.893 1107.159 1107.946 1108.677 1109.52 1109.99 1110.063 1110.078 1109.98 1110.112 1110.189 1109.993 1109.342 1108.622 1107.564 1107.006 1106.507 1105.381 1105.273 1108.34 1117.503 1124.269 1128.615 1130.64 1129.193 1124.8 1117.389 1107.224 1102.412 1102.402 1102.391 1102.38
1102.037 1102.058 1102.079 1102.1 1102.12 1102.14 1102.158 1102.177 1102.196 1102.214 1102.23 1102.247 1102.263 1102.279 1102.294 1102.309 1102.323 1102.896 1107.703 1116.667 1123.539 1126.656 1128.57 1126.827 1123.833 1115.199 1105.939 1103.013 1104.07 1104.438 1105.758 1106.802 1107.461 1108.668 1109.453 1109.939 1110.095 1110.801 1110.871 1111.149 1110.58 1110.527 1109.965 1109.916 1109.454 1108.401 1107.656 1107.032 1106.008 1105.5 1108.921 1115.844 1124.04 1126.377 1128.433 1127.289 1121.874 1115.976 1107.224 1102.412 1102.402 1102.391 1102.38
1102.037 1102.063 1102.079 1102.1 1102.12 1102.14 1102.158 1102.177 1102.196 1102.214 1102.23 1102.247 1102.263 1102.279 1102.294 1102.309 1102.323 1102.896 1107.866 1116.858 1124.086 1128.086 1131.924 1127.901 1123.734 1116.516 1107.627 1103.224 1104.286 1104.995 1105.925 1106.773 1107.975 1108.87 1110.209 1110.199 1110.804 1111.255 1111.486 1111.562 1111.499 1110.783 1110.8 1110.139 1109.666 1108.825 1108.183 1107.521 1106.177 1105.94 1108.469 1112.873 1119.168 1121.723 1124.383 1122.918 1118.185 1111.492 1103.341 1102.412 1102.402 1102.391 1102.38
1102.042 1102.063 1102.079 1102.1 1102.12 1102.14 1102.158 1102.177 1102.196 1102.214 1102.23 1102.247 1102.263 1102.279 1102.294 1102.309 1102.323 1103.333 1107.75 1114.945 1121.77 1127.873 1129.45 1126.244 1121.729 1115.25 1106.115 1103.271 1104.599 1105.548 1106.602 1107.531 1108.493 1109.293 1110.083 1110.645 1111.309 1111.677 1112.1 1112.306 1111.94 1111.736 1111.087 1110.632 1110.115 1109.464 1108.762 1107.502 1106.491 1105.761 1105.749 1105.4 1110.483 1114.547 1116.854 1115.855 1112.826 1105.221 1103.341 1102.412 1102.402 1102.391 1102.38
1102.037 1102.058 1102.079 1102.1 1102.12 1102.14 1102.158 1102.177 1102.196 1102.214 1102.23 1102.247 1102.263 1102.279 1102.294 1102.309 1102.323 1103.333 1105.635 1112.83 1118.706 1122.359 1123.937 1122.665 1118.15 1110.454 1105.896 1103.052 1104.805 1105.867 1106.921 1107.891 1108.853 1109.548 1110.195 1110.757 1111.391 1111.759 1112.401 1112.649 1112.283 1112.007 1111.358 1110.84 1110.18 1109.53 1108.618 1107.359 1106.871 1106.015 1106.002 1104.621 1104.731 1108.794 1108.514 1107.515 1105.131 1105.713 1103.833 1102.412 1102.402 1102.391 1102.38
1102.037 1102.058 1102.079 1102.1 1102.12 1102.14 1102.158 1102.177 1102.196 1102.214 1102.23 1102.247 1102.263 1102.279 1102.294 1102.309 1102.323 1103.073 1105.375 1106.442 1112.3 1115.628 1117.089 1115.818 1111.535 1104.642 1104.081 1103.12 1104.586 1106.072 1106.707 1107.336 1108.763 1109.744 1110.459 1110.611 1111.07 1111.635 1112.464 1112.665 1112.437 1112.16 1111.387 1110.542 1110.325 1109.385 1108.473 1107.746 1106.857 1105.429 1105 1103.576 1102.744 1103.931 1103.925 1103.501 1102.916 1102.907 1102.422 1102.412 1102.402 1102.391 1102.38
1102.037 1102.058 1102.079 1102.1 1102.12 1102.14 1102.158 1102.177 1102.196 1102.214 1102.23 1102.247 1102.263 1102.279 1102.294 1102.309 1102.323 1102.336 1103.086 1102.426 1104.166 1105.888 1107.505 1107.743 1105.884 1103.47 1103.891 1103.783 1104.302 1105.214 1106.644 1108.002 1108.681 1109.276 1110.133 1110.772 1111.057 1111.564 1112.164 1112.147 1111.95 1112.01 1111.072 1110.321 1110.21 1109.75 1108.825 1108.104 1106.668 1105.698 1104.494 1103.301 1102.468 1102.461 1102.455 1102.447 1102.439 1102.431 1102.422 1102.412 1102.402 1102.391 1102.38
1102.037 1102.058 1102.079 1102.1 1102.12 1102.14 1102.158 1102.177 1102.196 1102.214 1102.23 1102.247 1102.263 1102.279 1102.294 1102.309 1102.323 1102.336 1102.349 1102.362 1102.374 1102.385 1102.396 1102.407 1102.417 1102.427 1102.549 1103.542 1104.349 1105.533 1106.025 1107.812 1108.881 1109.41 1110.21 1110.76 1110.935 1111.19 1111.827 1111.995 1111.829 1111.744 1111.032 1110.571 1110.049 1109.623 1108.711 1107.949 1106.119 1105.106 1104.5 1103.145 1102.468 1102.461 1102.455 1102.447 1102.439 1102.431 1102.422 1102.412 1102.402 1102.391 1102.38
1102.037 1102.058 1102.079 1102.1 1102.12 1102.14 1102.158 1102.177 1102.196 1102.214 1102.23 1102.247 1102.263 1102.279 1102.294 1102.309 1102.323 1102.336 1102.349 1102.362 1102.374 1102.385 1102.396 1102.407 1102.417 1102.427 1102.669 1103.005 1104.014 1104.833 1106.172 1107.62 1108.569 1109.377 1109.946 1110.662 1110.76 1111.031 1111.261 1111.678 1111.62 1111.254 1110.712 1110.651 1110.058 1109.109 1108.31 1107.197 1106.149 1105.277 1104.331 1103.145 1102.468 1102.461 1102.455 1102.447 1102.439 1102.431 1102.422 1102.412 1102.402 1102.391 1102.38
1102.037 1102.058 1102.079 1102.1 1102.12 1102.14 1102.158 1102.177 1102.196 1102.214 1102.23 1102.247 1102.263 1102.279 1102.294 1102.309 1102.323 1102.336 1102.349 1102.362 1102.374 1102.385 1102.396 1102.407 1102.417 1102.427 1102.914 1103.25 1103.803 1104.469 1105.809 1107.046 1107.995 1108.598 1109.257 1109.974 1110.698 1110.969 1110.885 1110.766 1110.708 1110.929 1110.387 1110.083 1109.385 1108.437 1107.641 1106.528 1105.751 1104.829 1103.883 1102.844 1102.468 1102.461 1102.455 1102.447 1102.439 1102.431 1102.422 1102.412 1102.402 1102.391 1102.38
1102.037 1102.058 1102.079 1102.1 1102.12 1102.14 1102.158 1102.177 1102.196 1102.214 1102.23 1102.247 1102.263 1102.279 1102.294 1102.309 1102.323 1102.336 1102.349 1102.362 1102.374 1102.385 1102.396 1102.407 1102.417 1102.427 1102.927 1103.284 1103.609 1104.262 1105.188 1106.16 1107.314 1108.234 1108.705 1109.04 1109.68 1110.136 1110.04 1110.005 1109.862 1110.083 1109.875 1109.149 1108.701 1108.004 1107.208 1106.24 1105.273 1104.286 1103.337 1102.646 1102.468 1102.461 1102.455 1102.447 1102.439 1102.431 1102.422 1102.412 1102.402 1102.391 1102.38
1102.037 1102.058 1102.079 1102.1 1102.12 1102.14 1102.158 1102.187 1102.2 1102.214 1102.23 1102.247 1102.263 1102.279 1102.294 1102.309 1102.323 1102.336 1102.349 1102.362 1102.374 1102.385 1102.396 1102.407 1102.417 1102.427 1102.624 1103.165 1102.979 1103.534 1104.828 1105.254 1106.584 1107.136 1108.125 1108.516 1108.76 1109.392 1109.417 1109.82 1109.548 1109.218 1109.271 1108.706 1108.45 1107.458 1106.725 1105.642 1104.627 1103.659 1102.993 1102.646 1102.468 1102.461 1102.455 1102.447 1102.439 1102.431 1102.422 1102.412 1102.402 1102.391 1102.38
1102.037 1102.058 1102.079 1102.1 1102.12 1102.14 1102.158 1102.187 1102.196 1102.214 1102.23 1102.247 1102.263 1102.279 1102.294 1102.309 1102.323 1102.336 1102.349 1102.362 1102.374 1102.385 1102.396 1102.407 1102.417 1102.427 1102.624 1103.152 1102.885 1103.563 1104.127 1105.015 1105.969 1106.289 1107.26 1107.938 1107.944 1108.295 1108.594 1108.983 1108.729 1108.527 1108.075 1108.058 1107.511 1106.428 1105.667 1104.683 1103.926 1103.172 1102.787 1102.701 1102.468 1102.461 1102.455 1102.447 1102.439 1102.431 1102.422 1102.412 1102.402 1102.391 1102.38
1102.037 1102.058 1102.079 1102.1 1102.12 1102.14 1102.158 1102.177 1102.196 1102.214 1102.23 1102.247 1102.263 1102.279 1102.294 1102.309 1102.323 1102.336 1102.349 1102.362 1102.374 1102.385 1102.396 1102.407 1102.417 1102.427 1102.914 1103.387 1103.352 1103.093 1103.706 1104.349 1105.257 1105.982 1106.519 1106.929 1107.27 1107.286 1107.653 1107.395 1107.449 1107.165 1106.912 1106.876 1106.156 1105.449 1104.694 1104.09 1103.405 1102.933 1102.927 1102.633 1102.468 1102.461 1102.455 1102.447 1102.439 1102.431 1102.422 1102.412 1102.402 1102.391 1102.38
