samples/boulder/Boulder2/boulder2.asc
ncols         419
nrows         80
xllcorner     100
yllcorner     60
cellsize      1
NODATA_value  -9999
[rows 28 to 55 of 80, columns 315 to 377 of 419]
1100.847 1101.8 1102.563 1107.016 1115.278 1122.623 1128.033 1130.286 1129.706 1125.889 1118.698 1110.12 1105.042 1105.105 1104.814 1104.276 1103.463 1103.089 1102.478 1101.952 1101.159 1100.555 1099.478 1098.766 1098.292 1097.902 1098.192 1098.164 1098.606 1098.668 1098.53 1098.964 1099.95 1100.18 1100.395 1101.245 1101.718 1102.074 1102.161 1102.499 1102.703 1102.635 1102.938 1103.132 1102.835 1102.96 1102.722 1102.398 1101.83 1101.323 1101.006 1100.822 1100.021 1099.626 1099.375 1098.6 1098.906 1098.81 1098.476 1098.453 1098.482 1098.512 1098.543
1101.118 1102.071 1104.161 1108.615 1113.142 1119.646 1125.056 1126.115 1125.534 1122.376 1116.405 1107.827 1104.996 1105.359 1105.069 1104.947 1104.134 1103.355 1102.686 1102.16 1101.631 1101.026 1099.959 1098.777 1098.303 1098.169 1098.459 1098.596 1098.54 1098.601 1099.147 1099.582 1100.377 1100.764 1100.979 1101.644 1102.477 1102.833 1102.997 1103.334 1103.866 1103.474 1103.777 1104.003 1103.706 1105.464 1108.982 1108.657 1112.948 1112.442 1108.672 1106.496 1105.696 1099.717 1099.465 1099.049 1098.815 1098.719 1098.5 1098.453 1098.482 1098.512 1098.543
1101.778 1102.226 1103.779 1106.552 1107.465 1113.25 1118.885 1119.609 1118.158 1115.143 1113.038 1108.182 1105.55 1105.58 1105.354 1104.949 1104.758 1104.32 1103.295 1102.595 1101.969 1100.936 1100.568 1099.415 1098.291 1097.844 1098.149 1097.995 1098.949 1101.304 1103.799 1107.131 1110.58 1111.743 1109.73 1106.948 1103.837 1103.748 1103.752 1104.088 1104.425 1104.893 1104.25 1104.556 1105.548 1109.544 1113.583 1121.091 1123.978 1126.033 1122.199 1117.13 1109.801 1102.099 1099.869 1099.086 1098.906 1098.68 1098.61 1098.453 1098.482 1098.512 1098.543
1102.373 1102.911 1104.298 1105.79 1106.706 1108.583 1111.151 1110.23 1109.708 1107.857 1107.864 1105.846 1105.772 1105.952 1105.689 1105.353 1104.916 1104.511 1103.526 1103.011 1102.155 1100.968 1100.809 1099.819 1098.962 1098.426 1098.139 1097.823 1098.67 1102.042 1108.769 1114.856 1121.693 1124.825 1123.234 1118.993 1112.819 1107.49 1104.699 1104.733 1105.271 1105.163 1104.983 1104.972 1106.055 1110.15 1118.099 1125.938 1128.002 1130.46 1128.512 1122.771 1114.301 1106.606 1100.797 1099.77 1099.166 1098.773 1098.724 1098.453 1098.482 1098.512 1098.543
1102.725 1103.432 1103.877 1104.572 1105.228 1105.877 1106.044 1106.07 1106.356 1106.758 1106.755 1106.526 1106.533 1106.016 1106.104 1105.889 1105.337 1104.407 1103.659 1103.125 1102.549 1101.761 1100.551 1100.018 1099.458 1098.863 1098.212 1098.117 1099.63 1104.835 1113.806 1120.916 1126.324 1128.458 1127.767 1124.376 1117.057 1109.42 1105.15 1105.352 1105.105 1105.297 1105.328 1105.631 1106.311 1111.501 1120.567 1126.269 1129.961 1132.421 1129.734 1124.089 1116.638 1106.975 1101.019 1099.987 1099.443 1099.302 1098.88 1098.453 1098.482 1098.512 1098.543
1102.98 1103.809 1104.254 1104.591 1105.065 1105.715 1106.12 1106.146 1106.457 1107.426 1107.422 1107.16 1107.055 1106.538 1105.993 1105.778 1105.56 1105.069 1104.321 1103.104 1102.528 1101.846 1100.714 1100.18 1099.674 1099.078 1098.305 1098.394 1099.906 1106.252 1115.223 1122.83 1128.27 1130.403 1129.285 1126.361 1119.042 1109.592 1105.322 1105.776 1105.473 1105.665 1106.127 1106.43 1106.361 1109.346 1118.411 1125.161 1128.854 1131.061 1128.477 1122.831 1115.822 1106.158 1101.441 1100.48 1099.937 1099.089 1098.88 1098.453 1098.482 1098.512 1098.543
1102.854 1103.682 1104.562 1104.899 1105.215 1105.654 1106.059 1106.35 1106.661 1107.072 1107.667 1107.404 1106.977 1106.828 1106.283 1105.781 1105.563 1105.163 1104.852 1103.635 1102.441 1101.759 1101.26 1100.025 1099.519 1099.002 1098.23 1098.675 1100.406 1106.751 1114.747 1122.354 1127.41 1129.578 1128.46 1125.384 1118.761 1109.312 1105.653 1106.107 1106.433 1106.266 1106.728 1106.614 1106.544 1108.833 1114.909 1121.659 1125.625 1127.832 1125.936 1119.589 1112.581 1106.616 1101.899 1100.968 1100.102 1099.253 1098.51 1098.453 1098.482 1098.512 1098.543
1102.535 1103.378 1104.227 1104.975 1105.307 1106.02 1106.517 1106.98 1106.933 1107.798 1107.678 1107.236 1107.492 1106.595 1106.493 1105.771 1105.407 1104.982 1104.324 1104.025 1102.784 1101.615 1100.838 1100.755 1099.392 1098.647 1098.607 1098.989 1101.029 1102.762 1111.682 1117.459 1123.552 1125.177 1125.066 1121.422 1115.263 1109.836 1106.495 1106.198 1106.717 1106.779 1106.78 1106.697 1106.93 1108.802 1111.117 1115.977 1118.902 1120.948 1117.8 1113.857 1109.142 1104.53 1101.981 1101.323 1100.385 1099.628 1099.012 1098.453 1098.482 1098.512 1098.543
1102.544 1103.172 1104.387 1105.029 1105.583 1105.966 1106.641 1106.682 1107.054 1107.432 1107.634 1107.029 1107.311 1106.826 1106.357 1105.646 1105.225 1105.3 1104.262 1103.618 1102.571 1101.818 1101.099 1100.427 1099.729 1098.823 1098.417 1099.271 1100.921 1102.569 1107.577 1110.365 1116.38 1118.479 1118.25 1114.105 1108.598 1107.386 1106.374 1106.433 1107.136 1107.052 1106.891 1107.032 1107.137 1107.904 1109.091 1110.663 1111.568 1111.47 1109.285 1105.482 1103.763 1103.055 1102.061 1101.503 1100.757 1100.025 1098.956 1098.453 1098.482 1098.512 1098.543
1102.298 1103.473 1104.185 1104.799 1105.374 1105.5 1105.99 1106.515 1106.82 1107.006 1107.377 1107.386 1107.094 1106.785 1106.204 1105.802 1105.637 1104.786 1104.141 1103.111 1102.673 1102.255 1100.862 1100.04 1099.433 1098.963 1098.905 1098.961 1100.819 1102.038 1103.333 1108.016 1109.041 1110.665 1109.371 1107.36 1107.533 1106.249 1106.323 1107.011 1107.051 1107.54 1107.765 1107.717 1107.597 1107.029 1106.674 1106.269 1106.321 1105.719 1105.143 1104.611 1103.953 1103.188 1102.472 1101.818 1101.052 1100.061 1099.202 1098.453 1098.482 1098.512 1098.543
1102.25 1103.425 1104.348 1104.463 1104.969 1105.33 1105.734 1106.26 1106.744 1106.922 1106.947 1106.708 1106.195 1106.349 1105.96 1105.489 1105.341 1104.789 1104.052 1103.258 1102.384 1101.834 1100.903 1099.939 1098.936 1098.466 1098.591 1099.096 1100.24 1101.796 1103.09 1104.182 1104.218 1105.038 1106.08 1106.489 1106.8 1106.593 1106.833 1107.07 1107.535 1107.883 1107.891 1108.05 1107.544 1107.322 1106.921 1106.173 1106.226 1106.119 1105.71 1104.77 1103.889 1103.124 1102.329 1101.317 1100.948 1100.018 1098.912 1098.453 1098.482 1098.512 1098.543
1102.046 1102.854 1103.778 1104.119 1104.66 1105.021 1105.644 1105.896 1106.38 1106.3 1106.324 1106.131 1105.75 1105.904 1105.585 1105.114 1105.07 1104.533 1103.796 1102.742 1101.868 1101.163 1100.337 1099.373 1098.596 1098.247 1098.372 1099.012 1100.156 1100.794 1101.583 1102.675 1103.534 1104.354 1105.333 1105.707 1106.018 1106.611 1106.851 1107.18 1107.528 1107.876 1108.238 1108.396 1107.303 1107.049 1106.648 1106.654 1106.052 1105.946 1105.323 1104.381 1103.797 1103.017 1102.222 1101.504 1101.135 1099.844 1098.912 1098.453 1098.482 1098.512 1098.543
1101.756 1102.353 1103.026 1103.97 1104.511 1105.002 1105.547 1105.801 1105.528 1105.447 1105.744 1105.845 1105.464 1105.152 1105.117 1105.024 1104.416 1103.88 1103.48 1102.682 1101.656 1101.006 1100.18 1099.202 1098.301 1097.951 1098.789 1099.429 1100.012 1100.783 1101.572 1102.476 1103.335 1104.323 1104.841 1105.214 1105.927 1105.938 1106.614 1107.002 1107.35 1107.65 1108.042 1107.918 1107.213 1106.958 1107.345 1106.907 1106.306 1105.616 1104.992 1104.877 1104.126 1103.346 1102.568 1101.849 1100.698 1099.87 1098.938 1098.453 1098.482 1098.512 1098.543
1101.554 1101.927 1102.808 1103.548 1104.01 1104.331 1105.3 1105.174 1104.954 1105.302 1105.327 1105.233 1105.083 1104.68 1104.867 1105.041 1103.836 1103.59 1102.361 1101.956 1101.057 1100.823 1100.015 1098.958 1098.331 1098.283 1098.591 1099.42 1099.888 1100.762 1101.733 1102.456 1103.156 1104.213 1104.791 1105.445 1105.405 1105.87 1106.379 1106.646 1107.195 1107.533 1107.87 1107.365 1107.191 1107.341 1106.457 1106.424 1105.849 1105.769 1105.44 1104.516 1104.066 1103.247 1102.576 1101.411 1101.001 1099.655 1098.78 1098.453 1098.482 1098.512 1098.543
1100.881 1101.254 1102.284 1103.051 1103.418 1103.768 1104.161 1104.538 1104.879 1105.085 1104.886 1104.896 1104.735 1104.435 1104.653 1104.092 1103.324 1102.563 1101.961 1101.289 1100.767 1100.463 1099.507 1098.803 1098.367 1098.171 1098.681 1098.921 1100.005 1100.643 1101.443 1102.31 1103.079 1104.005 1104.427 1105.09 1105.644 1106.124 1106.201 1106.568 1107.103 1107.518 1107.323 1108.041 1108.111 1107.537 1115.068 1114.649 1114.971 1114.847 1112.794 1106.073 1105.779 1103.08 1102.041 1101.471 1101.047 1099.812 1098.807 1098.453 1098.482 1098.512 1098.543
1100.024 1100.583 1101.527 1102.163 1102.312 1103.104 1103.573 1103.948 1104.224 1104.636 1104.428 1104.319 1104.387 1104.146 1103.662 1103.502 1102.917 1102.712 1102.157 1101.403 1100.731 1099.823 1098.875 1098.428 1098.338 1098.142 1098.435 1099.029 1099.677 1100.904 1101.705 1102.483 1103.078 1103.396 1104.525 1105.12 1105.581 1105.952 1106.283 1106.136 1106.402 1106.676 1106.77 1108.092 1111.93 1116.346 1123.122 1127.016 1127.338 1125.837 1120.288 1112.706 1105.175 1102.476 1102.073 1101.174 1100.268 1100.004 1098.971 1098.453 1098.482 1098.512 1098.543
1099.615 1100.385 1101.33 1101.078 1101.852 1102.644 1102.793 1102.992 1103.268 1103.655 1103.446 1103.715 1103.243 1103.002 1102.762 1102.602 1102.324 1101.813 1101.258 1100.615 1099.943 1099.094 1098.866 1098.42 1098.398 1098.406 1098.699 1099.082 1099.73 1100.487 1101.346 1102.125 1102.786 1103.105 1103.95 1104.82 1105.281 1105.914 1106.246 1105.891 1106.264 1106.538 1106.49 1107.812 1110.79 1120.557 1127.333 1129.526 1132.318 1130.818 1124.738 1117.156 1108.21 1102.335 1101.932 1101.005 1100.099 1099.453 1098.971 1098.453 1098.482 1098.512 1098.543
1099.429 1099.491 1100.479 1100.539 1101.467 1101.901 1101.983 1102.114 1102.133 1102.823 1102.751 1102.927 1102.459 1102.26 1102.458 1101.49 1101.323 1100.626 1100.376 1099.722 1099.034 1098.439 1098.432 1098.279 1098.607 1098.398 1098.614 1098.706 1099.583 1100.018 1100.885 1101.286 1101.888 1102.939 1103.177 1103.981 1104.708 1105.211 1105.904 1105.534 1105.58 1106.047 1106.31 1106.587 1111.266 1120.991 1128.87 1130.602 1132.597 1130.645 1125.222 1117.489 1108.144 1102.189 1101.449 1100.36 1099.739 1099.263 1098.716 1098.453 1098.482 1098.512 1098.543
1098.596 1098.793 1099.46 1099.956 1100.681 1101.16 1101.251 1101.276 1101.399 1102.075 1101.848 1102.062 1101.558 1101.52 1101.421 1100.814 1100.681 1100.046 1099.667 1099.426 1098.34 1097.929 1098.158 1098.067 1098.151 1098.056 1098.606 1098.655 1099.042 1099.975 1100.348 1101.106 1101.695 1102.323 1102.894 1103.614 1104.396 1104.606 1105.032 1104.978 1105.114 1105.365 1105.982 1106.056 1111.152 1118.974 1126.428 1129.288 1130.815 1127.584 1122.98 1115.198 1105.964 1101.574 1101.051 1099.801 1099.615 1099.173 1098.472 1098.453 1098.482 1098.512 1098.543
1097.573 1098.156 1098.62 1099.352 1100.143 1100.404 1100.419 1100.588 1101.005 1100.958 1101.282 1101.245 1100.914 1100.719 1100.544 1100.391 1100.163 1099.177 1099.01 1098.381 1097.978 1098.094 1098.256 1097.912 1097.813 1098.218 1098.401 1098.115 1098.489 1099.024 1099.77 1100.658 1100.937 1101.688 1102.602 1103.409 1103.69 1103.764 1104.108 1104.409 1104.755 1105.135 1105.238 1106.321 1110.479 1115.033 1121.181 1125.308 1126.178 1123.716 1118.453 1111.029 1103.107 1100.899 1100.093 1100.178 1099.36 1098.628 1098.667 1098.453 1098.482 1098.512 1098.543
1097.959 1098.254 1098.281 1098.265 1098.599 1099.187 1099.832 1100 1100.132 1100.23 1100.43 1100.281 1100.092 1100.266 1099.684 1099.217 1099.142 1098.613 1098.766 1098.083 1098.047 1098.085 1098.542 1098.626 1098.111 1098.516 1098.383 1098.011 1097.955 1098.742 1099.488 1100.35 1101.133 1101.335 1102.044 1102.672 1102.836 1103.2 1103.572 1103.699 1104.239 1104.804 1104.677 1104.919 1105.889 1109.148 1111.844 1116.875 1117.745 1117.054 1111.537 1106.963 1102.79 1100.582 1099.839 1099.206 1099.174 1098.843 1098.686 1098.453 1098.482 1098.512 1098.543
1098.127 1098.112 1098.139 1097.939 1098.026 1098.614 1098.917 1098.83 1098.962 1099.049 1099.249 1099.416 1098.986 1099.16 1098.895 1098.427 1098.109 1098.354 1098.507 1098.374 1098.337 1098.067 1098.48 1098.564 1098.351 1098.114 1097.98 1098.278 1098.221 1098.789 1098.884 1099.746 1100.493 1100.695 1101.384 1101.826 1101.99 1102.419 1102.791 1103.245 1103.272 1103.838 1104.165 1104.406 1105.02 1104.837 1107.532 1108.364 1108.544 1107.854 1106.593 1102.018 1101.997 1100.079 1099.336 1098.956 1098.923 1099.026 1098.686 1098.453 1098.482 1098.512 1098.543
1097.68 1097.665 1097.666 1097.606 1097.609 1097.767 1098.069 1098.073 1098.046 1098.052 1097.97 1098.115 1098.123 1098.038 1097.772 1097.781 1097.723 1097.733 1098.072 1097.939 1097.95 1097.888 1097.901 1098.071 1097.873 1098.209 1098.518 1098.615 1098.203 1098.406 1098.556 1098.817 1099.477 1100.311 1100.688 1101.21 1101.573 1102.003 1102.255 1102.507 1102.745 1102.748 1103.074 1103.229 1103.978 1103.624 1103.554 1103.342 1103.006 1102.416 1102.166 1100.98 1100.025 1099.36 1099.092 1099.141 1098.66 1098.676 1098.469 1098.453 1098.482 1098.512 1098.543
1097.5 1097.501 1097.503 1097.505 1097.508 1097.511 1097.515 1097.519 1097.524 1097.53 1097.535 1097.542 1097.55 1097.557 1097.565 1097.573 1097.583 1097.593 1097.604 1097.615 1097.626 1097.638 1097.651 1097.664 1097.677 1098.013 1098.242 1098.34 1097.965 1098.056 1098.206 1098.3 1098.96 1099.34 1100.113 1100.635 1100.869 1101.255 1101.506 1102 1102.239 1102.1 1102.154 1102.308 1102.343 1101.989 1101.648 1101.636 1101.302 1100.908 1100.658 1099.873 1099.445 1098.78 1099.063 1099.113 1098.91 1098.832 1098.625 1098.453 1098.482 1098.512 1098.543
1097.5 1097.501 1097.503 1097.505 1097.508 1097.511 1097.515 1097.519 1097.524 1097.53 1097.535 1097.542 1097.55 1097.557 1097.565 1097.573 1097.583 1097.593 1097.604 1097.615 1097.626 1097.638 1097.651 1097.664 1097.677 1097.977 1098.207 1097.97 1098.17 1098.261 1098.161 1098.255 1098.212 1098.567 1099.339 1099.585 1099.769 1100.154 1100.571 1101.064 1101.065 1101.489 1101.542 1101.323 1101.358 1101.219 1100.893 1100.881 1100.491 1100.097 1099.665 1099.294 1098.866 1098.858 1099.142 1098.765 1098.696 1098.617 1098.849 1098.453 1098.482 1098.512 1098.543
1097.5 1097.501 1097.503 1097.505 1097.508 1097.511 1097.515 1097.519 1097.524 1097.53 1097.535 1097.542 1097.55 1097.557 1097.565 1097.573 1097.583 1097.593 1097.604 1097.615 1097.626 1097.638 1097.651 1097.664 1097.677 1097.977 1098.325 1098.154 1097.972 1098.122 1098.021 1098.167 1098.229 1098.261 1098.757 1099.258 1099.624 1099.833 1099.655 1099.99 1100.073 1100.385 1100.425 1100.099 1100.354 1100.458 1100.099 1099.741 1099.352 1099.092 1098.998 1099.344 1098.729 1098.721 1098.707 1098.414 1098.444 1098.775 1098.783 1098.453 1098.482 1098.512 1098.543
1097.5 1097.501 1097.503 1097.505 1097.508 1097.511 1097.515 1097.519 1097.524 1097.53 1097.535 1097.542 1097.55 1097.557 1097.565 1097.573 1097.583 1097.593 1097.604 1097.615 1097.626 1097.638 1097.651 1097.664 1097.677 1097.691 1098.039 1098.054 1097.873 1097.77 1097.786 1097.932 1097.95 1097.982 1098.349 1098.367 1098.734 1098.754 1098.575 1098.81 1098.832 1099.144 1099.167 1098.84 1099.015 1099.039 1098.68 1098.568 1098.593 1098.333 1098.358 1098.704 1098.36 1098.387 1098.373 1098.401 1098.431 1098.754 1098.783 1098.453 1098.482 1098.512 1098.543
1097.5 1097.501 1097.503 1097.505 1097.508 1097.511 1097.515 1097.519 1097.524 1097.53 1097.535 1097.542 1097.55 1097.557 1097.565 1097.573 1097.583 1097.593 1097.604 1097.615 1097.626 1097.638 1097.651 1097.664 1097.677 1097.691 1097.706 1097.721 1097.737 1097.753 1097.77 1097.786 1097.804 1097.823 1097.842 1097.86 1097.88 1097.9 1097.921 1097.942 1097.963 1097.985 1098.008 1098.031 1098.054 1098.078 1098.102 1098.126 1098.151 1098.177 1098.203 1098.229 1098.255 1098.282 1098.31 1098.338 1098.366 1098.395 1098.424 1098.453 1098.482 1098.512 1098.543
