samples/boulder/Boulder2/boulder2.asc
ncols         419
nrows         80
xllcorner     100
yllcorner     60
cellsize      1
NODATA_value  -9999
[rows 28 to 55 of 80, columns 63 to 125 of 419]
1102.037 1102.058 1102.079 1102.1 1102.12 1102.14 1102.158 1102.177 1102.196 1102.214 1102.23 1102.247 1102.263 1102.279 1102.294 1102.309 1102.323 1102.336 1103.885 1103.898 1109.728 1111.274 1111.285 1109.693 1109.703 1104.064 1102.859 1103.332 1102.936 1102.677 1102.759 1103.316 1104.223 1105.084 1105.62 1105.735 1106.635 1106.651 1106.451 1106.276 1106.331 1106.595 1106.342 1105.758 1105.473 1104.766 1103.893 1103.289 1103.15 1103.066 1103.06 1102.633 1102.468 1102.461 1102.455 1102.447 1102.439 1102.431 1102.422 1102.412 1102.402 1102.391 1102.38
1102.037 1102.058 1102.079 1102.1 1102.12 1102.14 1102.158 1102.177 1102.196 1102.214 1102.23 1102.247 1102.263 1102.279 1102.294 1102.309 1102.323 1103.306 1104.855 1111.621 1117.451 1122.086 1123.057 1121.464 1118.66 1113.021 1104.961 1104.018 1103.622 1104.37 1104.453 1104.198 1104.844 1105.704 1105.2 1105.315 1105.095 1105.524 1105.325 1104.662 1104.203 1104.468 1104.603 1104.019 1103.803 1103.667 1102.793 1102.791 1102.651 1102.647 1102.9 1102.473 1102.468 1102.461 1102.455 1102.447 1102.439 1102.431 1102.422 1102.412 1102.402 1102.391 1102.38
1102.037 1102.058 1102.079 1102.1 1102.12 1102.14 1102.158 1102.177 1102.196 1102.214 1102.23 1102.247 1102.263 1102.279 1102.294 1102.309 1102.323 1103.684 1108.027 1115.493 1122.034 1127.39 1129.855 1127.116 1123.577 1116.848 1109.008 1105.117 1105.812 1106.267 1106.74 1106.717 1106.376 1106.599 1106.613 1106.274 1105.828 1105.421 1104.704 1104.169 1103.517 1102.982 1103.495 1103.032 1102.823 1102.496 1102.493 1102.49 1102.487 1102.483 1102.479 1102.473 1102.468 1102.461 1102.455 1102.447 1102.439 1102.431 1102.422 1102.412 1102.402 1102.391 1102.38
1102.037 1102.058 1102.079 1102.1 1102.12 1102.14 1102.158 1102.177 1102.196 1102.214 1102.23 1102.247 1102.263 1102.279 1102.294 1102.309 1102.323 1103.684 1107.443 1117.797 1124.372 1129.39 1132.556 1130.577 1124.97 1119.022 1109.761 1106.133 1106.919 1107.452 1107.346 1107.684 1107.476 1107.701 1107.716 1107.34 1106.792 1106.598 1105.499 1104.916 1104.099 1103.564 1103.389 1102.838 1102.808 1102.496 1102.493 1102.49 1102.487 1102.483 1102.479 1102.473 1102.468 1102.461 1102.455 1102.447 1102.439 1102.431 1102.422 1102.412 1102.402 1102.391 1102.38
1102.037 1102.058 1102.079 1102.1 1102.12 1102.14 1102.158 1102.177 1102.196 1102.214 1102.23 1102.247 1102.263 1102.279 1102.294 1102.309 1102.323 1103.167 1108.778 1116.281 1122.997 1128.404 1130.325 1127.933 1125.131 1118.475 1109.755 1107.294 1108.017 1108.493 1108.717 1108.638 1108.51 1108.861 1108.538 1107.909 1107.874 1107.391 1106.425 1105.747 1104.563 1103.901 1103.155 1103.075 1102.766 1102.496 1102.493 1102.49 1102.487 1102.483 1102.479 1102.473 1102.468 1102.461 1102.455 1102.447 1102.439 1102.431 1102.422 1102.412 1102.402 1102.391 1102.38
1102.037 1102.058 1102.079 1102.1 1102.12 1102.14 1102.158 1102.177 1102.196 1102.214 1102.23 1102.247 1102.263 1102.279 1102.294 1102.309 1102.323 1103.167 1105.366 1112.87 1118.852 1124.083 1126.005 1124.105 1121.303 1116.144 1110.719 1108.258 1109.025 1109.501 1109.651 1109.758 1109.63 1109.732 1109.409 1109.069 1108.75 1108.268 1107.258 1106.65 1105.466 1104.515 1103.769 1102.854 1102.766 1102.496 1102.493 1102.49 1102.487 1102.483 1102.479 1102.473 1102.468 1102.461 1102.455 1102.447 1102.439 1102.431 1102.422 1102.412 1102.402 1102.391 1102.38
1102.037 1102.058 1102.079 1102.1 1102.12 1102.14 1102.158 1102.177 1102.196 1102.214 1102.23 1102.247 1102.263 1102.279 1102.294 1102.309 1102.323 1103.353 1105.552 1107.257 1113.239 1115.884 1119.332 1117.431 1115.338 1110.178 1109.316 1108.93 1109.697 1109.967 1110.116 1110.052 1110.374 1110.475 1110.473 1110.133 1109.684 1108.801 1107.791 1107.12 1106.157 1105.207 1104.556 1103.641 1102.587 1102.496 1102.493 1102.49 1102.487 1102.483 1102.479 1102.473 1102.468 1102.461 1102.455 1102.447 1102.439 1102.431 1102.422 1102.412 1102.402 1102.391 1102.38
1102.037 1102.058 1102.079 1102.1 1102.12 1102.14 1102.158 1102.177 1102.196 1102.214 1102.23 1102.247 1102.263 1102.279 1102.294 1102.309 1102.323 1102.336 1103.366 1103.623 1105.453 1107.599 1109.21 1110.49 1110.052 1109.5 1108.741 1109.312 1109.932 1110.174 1110.408 1110.756 1110.413 1110.828 1110.713 1110.328 1109.986 1109.395 1108.53 1107.93 1106.634 1105.851 1104.883 1104.177 1102.976 1102.496 1102.493 1103.534 1105.75 1110.276 1113.942 1114.148 1114.718 1113.149 1110.082 1106.704 1102.439 1102.431 1102.422 1102.412 1102.402 1102.391 1102.38
1102.037 1102.058 1102.079 1102.1 1102.12 1102.14 1102.158 1102.177 1102.196 1102.214 1102.23 1102.247 1102.263 1102.279 1102.294 1102.309 1102.323 1102.336 1102.349 1102.758 1102.759 1104.344 1105.031 1106.142 1106.735 1107.897 1108.938 1109.71 1110.305 1110.877 1110.646 1111.038 1111.159 1111.185 1110.882 1110.724 1110.283 1109.721 1109.062 1108.447 1106.919 1106.563 1105.333 1104.181 1103.066 1102.496 1102.493 1103.534 1106.797 1115.376 1123.99 1126.129 1128.698 1127.841 1123.039 1116.619 1106.75 1102.431 1102.422 1102.412 1102.402 1102.391 1102.38
1102.037 1102.058 1102.079 1102.1 1102.12 1102.14 1102.158 1102.177 1102.196 1102.214 1102.23 1102.247 1102.263 1102.279 1102.294 1102.309 1102.323 1102.336 1102.349 1102.732 1103.574 1104.431 1105.526 1106.348 1107.183 1108.371 1109.536 1109.884 1110.568 1111.437 1111.51 1111.656 1111.973 1111.717 1111.299 1111.063 1110.432 1109.915 1109.31 1108.579 1107.563 1106.613 1105.438 1104.403 1103.389 1102.496 1102.493 1103.396 1108.493 1118.313 1124.529 1128.455 1130.975 1129.946 1124.823 1118.023 1108.101 1102.431 1102.422 1102.412 1102.402 1102.391 1102.38
1102.037 1102.058 1102.079 1102.1 1102.12 1102.14 1102.158 1102.177 1102.196 1102.214 1102.23 1102.247 1102.263 1102.279 1102.294 1102.309 1102.323 1102.336 1102.349 1102.781 1103.421 1104.095 1105.438 1106.795 1107.714 1108.471 1109.395 1110.049 1110.78 1111.649 1112.31 1112.388 1118.438 1118.937 1118.519 1112.009 1111.499 1110.481 1109.427 1108.948 1107.934 1106.764 1105.729 1104.647 1103.31 1102.496 1102.493 1103.176 1106.979 1115.96 1122.874 1127.291 1129.812 1128.434 1123.914 1115.855 1108.101 1102.431 1102.422 1102.412 1102.402 1102.391 1102.38
1102.037 1102.058 1102.079 1102.1 1102.12 1102.14 1102.158 1102.177 1102.196 1102.214 1102.23 1102.247 1102.263 1102.279 1102.294 1102.309 1102.323 1102.336 1102.349 1102.781 1103.422 1104.521 1105.864 1106.76 1107.679 1108.344 1109.334 1109.989 1111.08 1112.724 1113.385 1120.798 1126.847 1130.648 1127.175 1120.665 1111.659 1110.642 1109.897 1108.865 1107.852 1106.657 1105.623 1104.702 1103.31 1102.496 1102.493 1103.176 1106.729 1111.748 1118.661 1122.698 1124.983 1123.604 1118.918 1110.859 1103.722 1102.431 1102.422 1102.412 1102.402 1102.391 1102.38
1102.037 1102.058 1102.079 1102.1 1102.12 1102.14 1102.158 1102.177 1102.196 1102.214 1102.23 1102.247 1102.263 1102.279 1102.294 1102.309 1102.323 1102.336 1102.349 1102.733 1103.638 1104.738 1105.728 1106.708 1107.344 1108.596 1109.588 1110.197 1110.946 1112.59 1119.986 1127.4 1135.776 1137.674 1134.2 1125.329 1116.323 1110.325 1109.736 1108.704 1107.894 1106.746 1105.822 1104.77 1103.378 1102.496 1102.493 1103.146 1104.865 1109.883 1112.336 1114.971 1117.256 1116.143 1111.457 1106.154 1104.603 1103.311 1103.456 1103.447 1103.74 1103.599 1103.588
1102.037 1102.058 1102.079 1102.1 1102.12 1102.14 1102.158 1102.177 1102.196 1102.214 1102.23 1102.247 1102.263 1102.279 1102.294 1102.309 1102.323 1102.336 1102.349 1102.615 1103.466 1104.451 1105.093 1106.291 1107.12 1108.776 1109.115 1110.151 1110.479 1111.798 1118.847 1129.646 1136.209 1138.953 1136.245 1127.745 1116.015 1110.282 1109.173 1108.758 1107.65 1106.856 1105.458 1104.317 1103.083 1102.496 1102.493 1103.835 1104.209 1105.019 1107.204 1107.605 1108.363 1106.735 1105.434 1104.228 1104.551 1104.426 1105.058 1105.322 1105.366 1105.517 1105.473
1102.037 1102.058 1102.079 1102.1 1102.12 1102.14 1102.158 1102.177 1102.196 1102.214 1102.23 1102.247 1102.263 1102.279 1102.294 1102.309 1102.323 1102.336 1102.349 1102.417 1103.202 1103.936 1104.676 1105.695 1107.011 1108.045 1109.241 1110.16 1110.65 1111.055 1117.293 1126.285 1134.22 1136.418 1133.009 1124.733 1114.641 1110.155 1109.334 1107.884 1106.988 1105.83 1104.981 1104.112 1103.114 1102.496 1102.493 1102.49 1102.573 1102.845 1102.792 1103.146 1103.307 1103.444 1103.673 1104.435 1105.01 1105.658 1106.072 1106.034 1106.23 1106.312 1106.36
1102.037 1102.058 1102.079 1102.1 1102.12 1102.14 1102.158 1102.177 1102.196 1102.214 1102.23 1102.247 1102.263 1102.279 1102.294 1102.309 1102.323 1102.336 1102.349 1102.404 1102.694 1103.85 1104.765 1105.575 1106.752 1107.878 1108.919 1109.417 1109.899 1110.305 1111.118 1119.938 1126.384 1129.01 1125.6 1118.672 1109.905 1109.462 1108.828 1107.452 1106.768 1105.877 1104.879 1103.749 1102.72 1102.496 1102.493 1102.49 1102.832 1103.224 1102.928 1103.017 1103.178 1104.094 1104.75 1105.741 1106.276 1106.924 1107.006 1107.021 1107.505 1107.625 1107.863
1102.037 1102.058 1102.079 1102.1 1102.12 1102.14 1102.158 1102.177 1102.196 1102.214 1102.23 1102.247 1102.263 1102.279 1102.294 1102.309 1102.323 1102.336 1102.349 1102.404 1102.898 1103.337 1104.252 1105.284 1106.461 1107.422 1108.07 1108.568 1108.928 1110.783 1111.596 1110.742 1117.188 1117.704 1118.35 1111.422 1109.037 1108.594 1108.13 1106.948 1106.265 1105.471 1104.473 1103.21 1102.72 1102.496 1102.493 1102.49 1102.832 1103.177 1102.881 1103.256 1103.877 1104.792 1105.792 1106.784 1107.478 1108.064 1108.147 1108.521 1109.005 1108.887 1108.869
1102.037 1102.058 1102.079 1102.1 1102.12 1102.14 1102.158 1102.177 1102.196 1102.214 1102.23 1102.247 1102.263 1102.279 1102.294 1102.309 1102.323 1102.336 1102.349 1102.468 1102.729 1103.068 1103.892 1104.762 1105.893 1106.617 1107.665 1108.021 1108.166 1109.21 1110.54 1111.123 1109.705 1110.307 1109.894 1110.955 1108.775 1107.774 1107.299 1106.555 1105.637 1104.923 1103.705 1103.42 1102.519 1102.496 1102.493 1102.49 1102.824 1102.588 1103.628 1104.067 1104.687 1105.656 1106.772 1107.577 1108.275 1108.34 1109.221 1109.323 1109.75 1109.488 1109.588
1102.037 1102.058 1102.079 1102.1 1102.12 1102.14 1102.158 1102.177 1102.196 1102.214 1102.23 1102.247 1102.263 1102.279 1102.294 1102.309 1102.323 1102.336 1102.349 1102.468 1102.578 1103.18 1103.458 1104.28 1105.179 1105.98 1106.733 1107.257 1107.322 1108.304 1108.483 1108.795 1108.597 1108.331 1108.895 1108.288 1107.356 1106.972 1106.354 1105.541 1104.986 1104.038 1103.25 1103.397 1102.646 1102.496 1102.493 1102.49 1102.824 1102.983 1103.375 1104.506 1105.134 1106.418 1106.966 1108.219 1108.737 1109.5 1109.482 1110.055 1110.238 1109.865 1110.447
1102.037 1102.058 1102.079 1102.1 1102.12 1102.14 1102.158 1102.177 1102.196 1102.214 1102.23 1102.247 1102.263 1102.279 1102.294 1102.309 1102.323 1102.336 1102.349 1102.856 1103.259 1102.978 1102.842 1103.594 1104.188 1104.885 1105.438 1106.413 1106.813 1107.004 1107.399 1107.456 1107.905 1108.133 1107.609 1106.867 1106.463 1106.094 1105.57 1104.641 1104.087 1103.489 1103.458 1103.079 1102.704 1102.496 1102.493 1102.49 1102.955 1103.055 1103.73 1104.741 1105.409 1106.307 1107.825 1108.891 1109.802 1110.168 1110.442 1110.609 1110.625 1110.641 1110.796
1102.037 1102.058 1102.079 1102.1 1102.12 1102.14 1102.158 1102.177 1102.196 1102.214 1102.23 1102.247 1102.263 1102.279 1102.294 1102.309 1102.323 1102.336 1102.349 1102.598 1103.353 1103.359 1103.078 1102.999 1103.367 1104.078 1105.037 1105.568 1106.105 1106.297 1106.492 1106.734 1106.927 1106.871 1106.347 1105.971 1105.612 1105.5 1104.854 1104.476 1103.943 1103.12 1103.147 1103.175 1102.742 1102.496 1102.493 1102.49 1102.961 1103.363 1103.955 1105.209 1105.877 1107.009 1108.299 1109.079 1110.101 1110.467 1110.918 1111.026 1111.029 1110.874 1111.13
1102.037 1102.058 1102.079 1102.1 1102.12 1102.14 1102.158 1102.177 1102.196 1102.214 1102.23 1102.247 1102.263 1102.279 1102.294 1102.309 1102.323 1102.336 1102.349 1102.598 1102.88 1103.221 1102.94 1102.71 1103.08 1103.769 1103.778 1104.309 1105.179 1105.217 1105.413 1105.84 1106.032 1105.729 1105.219 1104.843 1104.745 1104.633 1103.859 1103.473 1102.94 1102.923 1102.95 1103.121 1102.742 1102.496 1102.493 1102.49 1102.961 1103.76 1104.352 1105.146 1106.463 1107.594 1108.54 1109.321 1109.992 1110.863 1111.315 1111.567 1111.57 1111.483 1111.39
1102.037 1102.058 1102.079 1102.1 1102.12 1102.14 1102.158 1102.177 1102.196 1102.214 1102.23 1102.247 1102.263 1102.279 1102.294 1102.309 1102.323 1102.336 1102.349 1102.369 1102.566 1102.615 1103.021 1102.792 1102.985 1103.088 1102.761 1103.38 1104.151 1104.271 1104.338 1104.37 1104.912 1104.775 1104.275 1103.953 1103.712 1103.823 1103.478 1103.245 1103.035 1103.018 1102.841 1103.264 1102.984 1102.496 1102.493 1102.49 1102.5 1103.273 1104.515 1105.382 1106.766 1107.73 1108.461 1109.833 1110.195 1110.229 1110.914 1111.883 1111.94 1112.239 1112.437
1102.037 1102.058 1102.079 1102.1 1102.12 1102.14 1102.158 1102.177 1102.196 1102.214 1102.23 1102.247 1102.263 1102.279 1102.294 1102.309 1102.323 1102.336 1102.349 1102.369 1102.381 1102.43 1102.67 1102.68 1102.874 1102.884 1102.557 1102.913 1102.921 1103.041 1103.048 1103.081 1103.42 1103.425 1102.925 1102.928 1102.687 1102.966 1102.968 1102.736 1102.954 1102.955 1102.778 1102.777 1102.498 1102.496 1102.493 1102.49 1102.61 1103.383 1104.305 1105.423 1106.808 1108.146 1108.876 1110.094 1110.387 1110.422 1111.163 1112.133 1111.849 1112.431 1112.629
1102.037 1102.058 1102.079 1102.1 1102.12 1102.14 1102.158 1102.177 1102.196 1102.214 1102.23 1102.247 1102.263 1102.279 1102.294 1102.309 1102.323 1102.336 1102.349 1102.362 1102.374 1102.385 1102.396 1102.407 1102.417 1102.427 1102.435 1102.443 1102.45 1102.458 1102.465 1102.47 1102.476 1102.481 1102.485 1102.489 1102.492 1102.495 1102.497 1102.499 1102.5 1102.5 1102.5 1102.5 1102.498 1102.496 1102.493 1102.49 1102.61 1103.528 1104.344 1105.461 1106.734 1108.072 1109.033 1109.714 1110.007 1110.679 1111.42 1111.404 1111.723 1112.305 1112.333
1102.037 1102.058 1102.079 1102.1 1102.12 1102.14 1102.158 1102.187 1102.205 1102.214 1102.23 1102.247 1102.263 1102.279 1102.294 1102.309 1102.323 1102.336 1102.349 1102.362 1102.374 1102.385 1102.396 1102.407 1102.417 1102.427 1102.435 1102.443 1102.45 1102.458 1102.465 1102.47 1102.476 1102.481 1102.485 1102.489 1102.492 1102.495 1102.497 1102.499 1102.5 1102.5 1102.5 1102.5 1102.498 1102.496 1102.493 1102.49 1102.609 1103.568 1104.518 1105.248 1106.521 1107.499 1108.316 1109.629 1109.985 1110.657 1111.032 1111.26 1111.624 1111.871 1111.639
1102.037 1102.058 1102.079 1102.1 1102.12 1102.14 1102.158 1102.187 1102.205 1102.214 1102.23 1102.247 1102.263 1102.279 1102.294 1102.309 1102.323 1102.336 1102.349 1102.362 1102.374 1102.385 1102.396 1102.407 1102.417 1102.427 1102.435 1102.443 1102.45 1102.458 1102.465 1102.47 1102.476 1102.481 1102.485 1102.489 1102.492 1102.495 1102.497 1102.499 1102.5 1102.5 1102.5 1102.5 1102.498 1102.496 1102.493 1102.49 1102.609 1103.04 1103.99 1104.856 1105.999 1106.977 1107.795 1109.107 1109.742 1110.185 1110.56 1111.099 1111.462 1111.676 1111.384
1102.037 1102.058 1102.079 1102.1 1102.12 1102.14 1102.158 1102.182 1102.2 1102.214 1102.23 1102.247 1102.263 1102.279 1102.294 1102.309 1102.323 1102.336 1102.349 1102.362 1102.374 1102.385 1102.396 1102.407 1102.417 1102.427 1102.435 1102.443 1102.45 1102.458 1102.465 1102.47 1102.476 1102.481 1102.485 1102.489 1102.492 1102.495 1102.497 1102.499 1102.5 1102.5 1102.5 1102.5 1102.498 1102.496 1102.493 1102.49 1102.783 1103.185 1103.968 1104.99 1105.629 1106.749 1107.699 1108.533 1109.324 1110.009 1110.654 1110.543 1110.595 1110.605 1110.589
