samples/boulder/Boulder2/boulder2.asc
ncols         419
nrows         80
xllcorner     100
yllcorner     60
cellsize      1
NODATA_value  -9999
[rows 28 to 55 of 80, columns 189 to 251 of 419]
1100.739 1100.703 1100.667 1100.631 1100.594 1100.557 1100.521 1100.484 1100.448 1100.41 1100.374 1100.336 1100.3 1100.262 1100.285 1100.9 1101.35 1102.467 1103.583 1104.172 1104.836 1106.754 1111.544 1120.584 1128.051 1132.688 1135.283 1133.718 1128.354 1121.794 1114.266 1108.7 1112.916 1115.801 1115.542 1116.74 1115.875 1110.958 1106.224 1105.214 1103.078 1102.058 1101.401 1099.801 1099.12 1099.084 1099.05 1099.015 1098.981 1098.947 1098.913 1098.88 1098.846 1098.813 1098.78 1098.748 1098.715 1098.683 1099.011 1099.343 1099.781 1100.146 1100.218
1100.739 1100.703 1100.667 1100.631 1100.594 1100.557 1100.521 1100.484 1100.448 1100.41 1100.374 1100.336 1100.3 1100.262 1100.285 1100.905 1101.854 1102.97 1103.471 1104.062 1105.282 1106.204 1110.995 1116.572 1124.039 1128.849 1130.284 1128.719 1125.254 1119.245 1111.717 1113.378 1117.594 1124.354 1128.312 1129.509 1127.137 1122.219 1114.008 1105.755 1103.618 1102.27 1101.613 1100.293 1099.12 1099.084 1099.05 1099.015 1098.981 1098.947 1098.913 1098.88 1098.846 1098.813 1098.78 1098.748 1098.715 1098.683 1099.011 1099.74 1100.178 1100.443 1101.073
1100.739 1100.703 1100.667 1100.631 1100.594 1100.557 1100.521 1100.484 1100.448 1100.41 1100.374 1100.336 1100.3 1100.262 1100.423 1100.706 1102.117 1102.753 1103.291 1104.209 1105.461 1107.16 1108.36 1110.025 1117.563 1121.171 1123.699 1122.53 1118.529 1115.762 1111.622 1113.703 1122.697 1127.596 1132.701 1134.413 1131.972 1126.469 1117.423 1107.992 1103.89 1102.68 1101.355 1100.396 1099.12 1099.084 1099.05 1099.015 1098.981 1098.947 1098.913 1098.88 1098.846 1098.813 1098.78 1098.748 1098.715 1098.683 1099.052 1099.823 1100.701 1101.213 1101.244
1100.739 1100.703 1100.667 1100.631 1100.594 1100.557 1100.521 1100.484 1100.448 1100.41 1100.374 1100.336 1100.3 1100.262 1100.423 1100.657 1102.03 1102.617 1103.612 1104.703 1105.378 1107.058 1108.146 1109.102 1112.447 1113.464 1113.72 1113.261 1110.745 1110.448 1109.739 1114.962 1124.677 1130.181 1133.613 1135.944 1133.921 1127.352 1120.658 1109.167 1103.932 1103.113 1103.411 1105.203 1107.151 1108.794 1107.971 1107.092 1103.621 1100.426 1098.913 1098.88 1098.846 1098.813 1098.78 1098.748 1098.715 1098.683 1099.052 1100.325 1101.253 1101.428 1101.949
1100.739 1100.703 1100.667 1100.631 1100.594 1100.557 1100.521 1100.484 1100.448 1100.41 1100.374 1100.336 1100.3 1100.262 1100.261 1100.866 1101.689 1102.668 1103.497 1104.209 1105.125 1106.197 1106.744 1107.322 1107.88 1108.251 1108.366 1109.014 1109.112 1109.694 1110.922 1114.577 1122.967 1127.612 1131.901 1133.385 1131.44 1127.1 1117.738 1109.154 1103.907 1107.075 1110.86 1116.316 1119.255 1120.111 1118.687 1114.37 1107.609 1100.426 1098.913 1098.88 1098.846 1098.813 1098.78 1098.748 1098.715 1098.683 1099.605 1101.178 1101.544 1101.977 1102.962
1100.739 1100.703 1100.667 1100.631 1100.594 1100.557 1100.521 1100.484 1100.448 1100.41 1100.374 1100.336 1100.3 1100.262 1100.627 1100.682 1101.505 1102.741 1103.571 1104.12 1105.222 1106.293 1106.642 1107.219 1107.729 1108.607 1108.723 1108.988 1108.915 1109.497 1110.676 1114.331 1118.047 1123.418 1127.707 1128.812 1126.867 1121.225 1115.083 1106.499 1103.916 1107.084 1114.847 1119.917 1122.856 1125.305 1123.881 1119.685 1110.698 1103.515 1098.913 1098.88 1098.846 1098.813 1098.78 1098.748 1098.715 1098.683 1100.209 1101.782 1102.505 1102.557 1103.542
1100.739 1100.703 1100.667 1100.631 1100.594 1100.557 1100.521 1100.484 1100.448 1100.41 1100.374 1100.336 1100.3 1100.262 1100.627 1101.099 1101.303 1102.541 1103.521 1104.071 1104.703 1106.076 1106.425 1106.881 1107.391 1107.813 1108.456 1108.72 1109.13 1109.083 1110.262 1110.083 1113.798 1117.392 1120.385 1121.49 1120.4 1114.758 1110.386 1106.445 1103.861 1108.526 1116.289 1121.177 1124.943 1127.392 1125.93 1121.734 1113.231 1103.515 1098.913 1098.88 1098.846 1098.813 1098.78 1098.748 1098.715 1098.683 1100.209 1102.373 1103.094 1103.81 1104.135
1100.739 1100.703 1100.667 1100.631 1100.594 1100.557 1100.521 1100.484 1100.448 1100.41 1100.374 1100.336 1100.3 1100.262 1100.305 1100.917 1101.386 1102.305 1103.281 1103.922 1104.834 1105.451 1106.324 1106.947 1107.094 1107.614 1107.754 1108.083 1108.644 1108.561 1109.571 1108.679 1108.348 1110.604 1111.656 1112.58 1112.902 1109.821 1106.54 1104.843 1104.549 1107.077 1115.343 1119.262 1122.791 1126.233 1123.129 1119.542 1112.389 1103.243 1098.913 1098.88 1098.846 1098.813 1098.78 1098.748 1098.715 1098.683 1100.192 1102.136 1103.217 1103.834 1104.944
1100.739 1100.703 1100.667 1100.631 1100.594 1100.557 1100.521 1100.484 1100.448 1100.41 1100.374 1100.336 1100.3 1100.262 1100.305 1100.784 1101.1 1102.409 1102.719 1103.724 1104.705 1105.214 1106.064 1106.37 1107.05 1107.243 1107.68 1107.62 1108.46 1108.267 1108.898 1107.946 1107.864 1108.88 1107.166 1107.628 1106.866 1105.059 1105.251 1104.019 1104.001 1106.218 1110.926 1115.345 1118.526 1122.161 1119.268 1113.865 1108.307 1100.033 1098.913 1098.88 1099.664 1099.156 1099.873 1102.406 1103.979 1104.224 1103.604 1103.542 1104.38 1104.115 1104.987
1100.739 1100.703 1100.667 1100.631 1100.594 1100.557 1100.521 1100.484 1100.448 1100.41 1100.374 1100.336 1100.3 1100.262 1100.26 1100.755 1100.784 1101.505 1102.322 1103.374 1103.99 1104.634 1105.25 1105.848 1106.564 1107.442 1107.288 1107.481 1107.849 1107.737 1107.378 1107.658 1107.766 1106.966 1106.789 1106.339 1105.452 1104.77 1104.449 1103.747 1103.541 1102.873 1106.37 1109.021 1111.283 1113.243 1112.589 1107.79 1101.93 1100.033 1098.913 1099.697 1101.227 1101.468 1107.679 1111.818 1114.417 1111.27 1108.584 1105.695 1105.402 1104.387 1104.992
1100.739 1100.703 1100.667 1100.631 1100.594 1100.557 1100.521 1100.484 1100.448 1100.41 1100.374 1100.336 1100.3 1100.262 1100.406 1100.719 1100.869 1101.23 1102.047 1102.866 1103.813 1104.589 1104.804 1105.402 1106.182 1106.484 1106.845 1106.88 1107.318 1107.228 1107.186 1107.1 1107.359 1106.713 1105.988 1105.623 1105.251 1104.477 1103.988 1102.897 1102.571 1101.903 1100.892 1102.652 1102.243 1103.528 1102.873 1102.839 1100.049 1100.015 1098.913 1099.72 1103.009 1106.662 1114.863 1119.537 1121.413 1119.178 1116.563 1111.941 1105.694 1104.616 1105.425
1100.739 1100.703 1100.667 1100.631 1100.594 1100.557 1100.521 1100.484 1100.448 1100.41 1100.374 1100.336 1100.3 1100.262 1100.406 1100.625 1100.776 1100.894 1101.455 1102.274 1103.102 1103.876 1104.111 1104.801 1105.581 1106.219 1106.582 1106.6 1106.528 1106.437 1106.274 1106.188 1106.642 1106.371 1105.646 1105.197 1104.825 1103.935 1103.489 1102.399 1101.979 1100.841 1099.831 1099.529 1099.12 1099.084 1099.05 1099.015 1098.981 1098.947 1098.913 1099.291 1102.579 1110.909 1119.11 1123.951 1125.438 1123.203 1121.198 1116.575 1109.049 1104.606 1105.416
1100.739 1100.703 1100.667 1100.631 1100.594 1100.557 1100.521 1100.484 1100.448 1100.41 1100.374 1100.336 1100.3 1100.262 1100.292 1100.511 1100.68 1100.253 1100.814 1101.438 1102.265 1102.988 1103.682 1104.373 1104.5 1105.138 1105.385 1105.979 1105.907 1105.863 1106.096 1105.845 1105.675 1105.404 1104.533 1104.228 1103.853 1102.943 1102.498 1102.142 1101.118 1099.979 1099.458 1099.156 1099.12 1099.084 1099.05 1099.015 1098.981 1098.947 1098.913 1099.291 1104.368 1113.564 1120.871 1125.794 1127.281 1124.419 1122.144 1117.531 1108.867 1104.426 1105.325
1100.739 1100.703 1100.667 1100.631 1100.594 1100.557 1100.521 1100.484 1100.448 1100.41 1100.374 1100.336 1100.3 1100.262 1100.292 1101.104 1100.664 1100.37 1100.76 1101.277 1101.761 1102.462 1103.323 1103.193 1103.501 1104.237 1105.052 1105.229 1104.677 1104.716 1105.043 1104.653 1104.734 1104.144 1103.869 1103.696 1102.671 1102.381 1101.787 1101.563 1100.151 1099.961 1099.207 1099.179 1099.12 1099.084 1099.05 1099.015 1098.981 1098.947 1098.913 1099.521 1104.313 1111.925 1118.96 1124.104 1124.609 1122.33 1120.845 1115.717 1107.495 1104.579 1105.502
1100.739 1100.703 1100.667 1100.631 1100.594 1100.557 1100.521 1100.484 1100.448 1100.41 1100.374 1100.336 1100.3 1100.262 1100.686 1100.647 1100.869 1100.513 1100.343 1100.698 1101.093 1101.73 1101.966 1102.593 1103.375 1103.615 1104.175 1104.084 1104.181 1104.188 1104.277 1103.889 1103.507 1103.595 1103.216 1102.662 1102.202 1101.558 1101.614 1100.941 1100.095 1099.897 1099.51 1099.534 1099.12 1099.084 1099.05 1099.015 1098.981 1098.947 1098.913 1099.743 1101.168 1108.236 1114.545 1118.829 1119.962 1118.766 1116.038 1111.355 1104.751 1104.359 1105.077
1100.739 1100.703 1100.667 1100.631 1100.594 1100.557 1100.521 1100.484 1100.448 1100.41 1100.374 1100.336 1100.3 1100.262 1100.635 1100.735 1100.721 1100.823 1100.653 1100.302 1100.712 1101.313 1101.67 1102.297 1102.624 1103 1102.931 1103.302 1103.471 1103.514 1103.263 1103.219 1102.614 1102.473 1102.434 1102.051 1101.626 1101.056 1100.169 1100.096 1100.052 1099.854 1099.515 1099.184 1099.12 1099.084 1099.05 1099.015 1098.981 1098.947 1098.913 1100.328 1100.869 1104.736 1107.321 1111.873 1113.561 1112.12 1108.988 1108.219 1104.542 1104.114 1105.025
1100.739 1100.703 1100.667 1100.631 1100.594 1100.557 1100.521 1100.484 1100.448 1100.41 1100.374 1100.336 1100.3 1100.262 1100.635 1101.008 1100.994 1100.851 1100.786 1100.434 1100.425 1101.026 1101.023 1101.618 1101.945 1102.151 1102.081 1102.504 1102.54 1102.583 1102.214 1102.169 1101.818 1101.81 1101.771 1100.977 1100.552 1100.171 1099.917 1099.844 1099.713 1100.034 1099.695 1103.994 1103.929 1104.645 1103.533 1103.499 1098.981 1098.947 1098.913 1099.658 1100.199 1099.484 1102.069 1104.779 1104.171 1102.73 1104.182 1103.414 1103.664 1103.915 1104.826
1100.739 1100.703 1100.667 1100.631 1100.594 1100.557 1100.521 1100.484 1100.448 1100.41 1100.374 1100.336 1100.3 1100.262 1100.536 1100.472 1101.031 1100.895 1100.467 1100.476 1100.518 1100.472 1100.279 1100.863 1101.156 1101.3 1101.541 1101.771 1101.731 1101.796 1101.697 1101.286 1100.969 1100.776 1101.101 1100.476 1100.157 1100.106 1099.818 1099.693 1099.464 1100.661 1103.835 1108.407 1115.646 1115.575 1113.753 1107.716 1099.075 1098.947 1098.913 1098.88 1099.625 1098.821 1098.877 1099.453 1098.954 1098.813 1100.122 1102.072 1103.097 1103.354 1104.147
1100.739 1100.703 1100.667 1100.631 1100.594 1100.557 1100.521 1100.484 1100.448 1100.41 1100.374 1100.336 1100.3 1100.262 1100.536 1100.32 1100.67 1100.746 1100.156 1100.615 1100.521 1100.508 1100.54 1100.49 1100.867 1100.567 1100.538 1100.977 1100.624 1100.956 1100.76 1100.554 1100.022 1100.006 1100.043 1100.037 1100.104 1100.275 1099.972 1099.653 1099.515 1100.673 1104.898 1113.833 1122.654 1123.211 1120.724 1113.928 1105.324 1098.947 1098.913 1098.88 1098.846 1098.813 1098.78 1098.748 1098.715 1098.683 1099.857 1101.57 1101.972 1102.966 1103.313
1100.739 1100.703 1100.667 1100.631 1100.594 1100.557 1100.521 1100.484 1100.448 1100.41 1100.374 1100.336 1100.3 1100.262 1100.278 1100.237 1100.199 1100.138 1100.101 1100.34 1100.363 1100.325 1100.154 1100.116 1100.032 1099.818 1099.781 1099.822 1100.17 1100.134 1099.873 1099.835 1099.616 1099.552 1099.516 1099.727 1099.69 1099.701 1099.401 1099.365 1099.664 1100.214 1106.481 1117.247 1125.11 1126.832 1123.996 1116.73 1105.896 1098.947 1098.913 1098.88 1098.846 1098.813 1102.827 1102.794 1106.901 1110.961 1112.042 1112.327 1113.246 1109.311 1102.556
1100.739 1100.703 1100.667 1100.631 1100.594 1100.557 1100.521 1100.484 1100.448 1100.41 1100.374 1100.336 1100.3 1100.262 1100.225 1100.188 1100.15 1100.113 1100.075 1100.038 1100 1099.962 1099.925 1099.887 1099.85 1099.813 1099.775 1099.738 1099.7 1099.664 1099.626 1099.59 1099.552 1099.516 1099.479 1099.443 1099.406 1099.369 1099.333 1099.297 1099.261 1099.812 1103.946 1115.191 1122.685 1123.924 1121.088 1113.805 1102.399 1098.947 1098.913 1098.88 1098.846 1100.152 1105.328 1111.805 1118.717 1123.469 1125.06 1124.672 1122.036 1115.779 1106.654
1100.739 1100.703 1100.667 1100.631 1100.594 1100.557 1100.521 1100.484 1100.448 1100.41 1100.374 1100.336 1100.3 1100.262 1100.225 1100.188 1100.15 1100.113 1100.075 1100.038 1100 1099.962 1099.925 1099.887 1099.85 1099.813 1099.775 1099.738 1100.195 1100.157 1107.761 1107.724 1110.603 1112.337 1112.301 1106.763 1106.726 1103.188 1099.333 1099.297 1099.261 1100.536 1104.671 1107.871 1115.365 1116.241 1113.114 1105.831 1102.399 1098.947 1098.913 1098.88 1098.846 1100.073 1105.249 1112.123 1119.76 1124.512 1126.893 1126.505 1122.208 1115.353 1106.227
1100.739 1100.703 1100.667 1100.631 1100.594 1100.557 1100.521 1100.484 1100.448 1100.41 1100.374 1100.336 1100.3 1100.262 1100.225 1100.188 1100.15 1100.113 1100.075 1100.038 1100 1099.962 1099.925 1099.887 1099.85 1099.813 1099.775 1099.738 1100.18 1105.587 1113.19 1119.844 1123.25 1124.799 1123.936 1118.398 1112.494 1105.137 1099.333 1099.297 1099.261 1100.658 1102.03 1100.627 1104.949 1107.249 1105.986 1100.516 1100.426 1098.947 1098.913 1098.88 1098.846 1100.073 1103.807 1111.298 1119.203 1123.474 1125.854 1123.682 1120.456 1114.042 1105.628
1100.739 1100.703 1100.667 1100.631 1100.594 1100.557 1100.521 1100.484 1100.448 1100.41 1100.374 1100.336 1100.3 1100.262 1100.225 1100.188 1100.15 1100.113 1100.075 1100.019 1099.981 1099.962 1099.925 1099.887 1099.85 1099.813 1099.775 1099.738 1100.18 1106.411 1115.077 1121.73 1126.212 1127.761 1124.581 1119.902 1113.997 1105.137 1099.333 1099.297 1099.261 1100.658 1100.623 1099.219 1100.404 1100.369 1099.105 1099.071 1098.981 1098.947 1098.913 1098.88 1098.846 1100.246 1103.981 1108.124 1116.029 1119.869 1121.224 1119.052 1114.737 1108.323 1102.313
1100.739 1100.703 1100.667 1100.631 1100.594 1100.557 1100.521 1100.484 1100.448 1100.41 1100.374 1100.336 1100.3 1100.262 1100.225 1100.188 1100.15 1100.113 1100.075 1100.019 1100 1099.962 1099.925 1099.887 1099.85 1099.813 1099.775 1099.738 1101.019 1104.88 1113.546 1120.21 1124.692 1125.377 1124.305 1119.626 1111.473 1102.613 1099.333 1099.297 1099.261 1099.226 1099.19 1099.155 1099.111 1099.076 1099.05 1099.015 1098.981 1098.947 1098.913 1098.88 1098.846 1100.246 1101.617 1105.76 1109.394 1112.635 1113.99 1112.511 1108.195 1102.602 1101.36
1100.739 1100.703 1100.667 1100.631 1100.594 1100.557 1100.521 1100.484 1100.448 1100.41 1100.374 1100.336 1100.3 1100.262 1100.225 1100.188 1100.15 1100.113 1100.075 1100.038 1100 1099.962 1099.925 1099.887 1099.85 1099.813 1099.775 1099.738 1100.855 1102.999 1109.621 1114.93 1119 1120.814 1120.402 1115.575 1107.979 1102.613 1099.333 1099.297 1099.261 1099.226 1099.19 1099.155 1099.102 1099.076 1099.05 1099.015 1098.981 1098.947 1098.913 1098.88 1098.846 1100.252 1100.219 1100.15 1103.089 1103.057 1103.218 1103.299 1102.934 1100.731 1100.832
1100.739 1100.703 1100.667 1100.631 1100.594 1100.557 1100.521 1100.484 1100.448 1100.41 1100.374 1100.336 1100.3 1100.262 1100.225 1100.188 1100.15 1100.113 1100.075 1100.038 1100 1099.962 1099.925 1099.887 1099.85 1099.813 1099.775 1099.738 1101.012 1103.156 1103.648 1108.958 1111.819 1114.024 1113.613 1109.392 1101.795 1099.596 1099.333 1099.297 1099.261 1099.226 1099.19 1099.155 1099.102 1099.084 1099.05 1099.015 1098.981 1098.947 1098.913 1098.88 1098.846 1098.813 1098.78 1098.748 1098.715 1098.683 1099.054 1099.135 1099.348 1098.867 1098.968
1100.739 1100.703 1100.667 1100.631 1100.594 1100.557 1100.521 1100.484 1100.448 1100.41 1100.374 1100.336 1100.3 1100.262 1100.225 1100.188 1100.15 1100.113 1100.075 1100.038 1100 1099.962 1099.925 1099.887 1099.85 1099.813 1099.775 1099.738 1099.7 1100.975 1101.468 1101.431 1105.146 1105.109 1105.14 1100.919 1100.882 1099.369 1099.333 1099.297 1099.261 1099.226 1099.19 1099.155 1099.12 1099.084 1099.05 1099.015 1098.981 1098.947 1098.913 1098.88 1098.846 1098.813 1098.78 1098.748 1098.715 1098.683 1099.054 1099.022 1098.849 1098.819 1098.564
