samples/sfe_322/sfe_322_r2/sfe_322_r2/sfe_322_r2.asc
ncols         299
nrows         166
xllcorner     73.39999999851
yllcorner     65.60000000149
cellsize      1
NODATA_value  -9999
[rows 0 to 27 of 166, columns 0 to 63 of 299]
-9999 -9999 -9999 -9999 -9999 -9999 -9999 -9999 -9999 -9999 -9999 -9999 -9999 -9999 -9999 -9999 -9999 -9999 -9999 -9999 -9999 -9999 -9999 -9999 -9999 -9999 -9999 608.4934 608.4924 608.4915 608.4892 608.4881 608.4871 608.4861 608.4851 608.4828 608.4818 608.4808 608.4798 608.4784 608.4764 608.4754 608.4744 608.4734 608.4723 608.4702 608.469 608.468 608.467 608.4657 608.4637 608.4627 608.4617 608.4603 608.4593 608.4573 608.4561 608.4551 608.454 608.4528 608.4507 608.4495 608.4484 608.4472
-9999 -9999 -9999 -9999 -9999 -9999 -9999 -9999 -9999 -9999 -9999 -9999 -9999 -9999 -9999 -9999 -9999 -9999 -9999 -9999 -9999 -9999 -9999 -9999 -9999 -9999 608.4844 608.4758 608.4738 608.4728 608.4705 608.4693 608.4684 608.4664 608.4655 608.463 608.462 608.4609 608.459 608.457 608.4554 608.4543 608.4533 608.4515 608.4498 608.4489 608.4464 608.4453 608.4435 608.4414 608.4404 608.439 608.4379 608.4346 608.4336 608.4326 608.4304 608.4292 608.4277 608.426 608.4241 608.4216 608.4205 608.4189
-9999 -9999 -9999 -9999 -9999 -9999 -9999 -9999 -9999 -9999 -9999 -9999 -9999 -9999 -9999 -9999 -9999 -9999 -9999 -9999 -9999 -9999 -9999 -9999 -9999 -9999 608.4713 608.4572 608.4562 608.4548 608.4532 608.4496 608.4486 608.4476 608.4463 608.443 608.4412 608.4402 608.4393 608.4377 608.4336 608.4324 608.4315 608.4306 608.4288 608.4264 608.423 608.422 608.421 608.4179 608.4161 608.4152 608.4142 608.4098 608.4085 608.407 608.4041 608.4031 608.4022 608.3997 608.3964 608.3954 608.3923 608.3913
-9999 -9999 -9999 -9999 -9999 -9999 -9999 -9999 -9999 -9999 -9999 -9999 -9999 -9999 -9999 -9999 -9999 -9999 -9999 -9999 -9999 -9999 -9999 -9999 -9999 -9999 608.4581 608.4439 608.4375 608.4365 608.4356 608.4313 608.429 608.4279 608.427 608.4261 608.4213 608.4194 608.4185 608.4176 608.4124 608.4114 608.4095 608.4087 608.4077 608.4048 608.4026 608.3986 608.3976 608.3967 608.3928 608.391 608.39 608.389 608.3832 608.3822 608.3804 608.3767 608.3758 608.374 608.3703 608.3678 608.3637 608.3628
-9999 -9999 -9999 -9999 -9999 -9999 -9999 -9999 -9999 -9999 -9999 -9999 -9999 -9999 -9999 -9999 -9999 -9999 -9999 -9999 -9999 -9999 -9999 -9999 -9999 -9999 608.445 608.4307 608.4198 608.4184 608.417 608.4128 608.41 608.4091 608.4077 608.4064 608.4005 608.3996 608.3987 608.3969 608.3948 608.3895 608.3885 608.3876 608.3858 608.3828 608.3815 608.376 608.3751 608.3732 608.3684 608.3675 608.3661 608.3648 608.358 608.3565 608.3557 608.3512 608.3498 608.348 608.3452 608.3411 608.336 608.3347
-9999 -9999 -9999 -9999 -9999 -9999 -9999 -9999 -9999 -9999 -9999 -9999 -9999 -9999 -9999 -9999 -9999 -9999 -9999 -9999 -9999 -9999 -9999 -9999 -9999 608.447 608.4319 608.4172 608.4038 608.4002 608.3993 608.3975 608.3908 608.3894 608.3885 608.3875 608.3842 608.379 608.3779 608.377 608.3756 608.3683 608.3666 608.3657 608.3648 608.363 608.3591 608.3525 608.3516 608.3507 608.3469 608.3432 608.3423 608.3414 608.3347 608.3317 608.33 608.3249 608.3239 608.3225 608.3198 608.3134 608.3114 608.3066
-9999 -9999 -9999 -9999 -9999 -9999 -9999 -9999 -9999 -9999 -9999 -9999 -9999 -9999 -9999 -9999 -9999 -9999 -9999 -9999 -9999 -9999 -9999 -9999 -9999 608.4338 608.4187 608.4041 608.3903 608.3822 608.3807 608.3798 608.3724 608.3705 608.3693 608.3679 608.367 608.3589 608.3578 608.3563 608.3554 608.3484 608.3455 608.3439 608.3429 608.342 608.3375 608.335 608.3285 608.3272 608.3264 608.3198 608.3182 608.3171 608.315 608.306 608.3051 608.3035 608.2974 608.2966 608.294 608.2878 608.2849 608.278
-9999 -9999 -9999 -9999 -9999 -9999 -9999 -9999 -9999 -9999 -9999 -9999 -9999 -9999 -9999 -9999 -9999 -9999 -9999 -9999 -9999 -9999 -9999 -9999 -9999 608.4205 608.4056 608.3909 608.3772 608.3638 608.363 608.3612 608.3573 608.3508 608.3499 608.3491 608.3474 608.3403 608.3372 608.3364 608.335 608.3326 608.3238 608.3226 608.3218 608.3201 608.3163 608.3141 608.3055 608.3046 608.303 608.2957 608.2946 608.2932 608.2921 608.2811 608.2795 608.2786 608.2718 608.2703 608.2673 608.2643 608.2581 608.2502
-9999 -9999 -9999 -9999 -9999 -9999 -9999 -9999 -9999 -9999 -9999 -9999 -9999 -9999 -9999 -9999 -9999 -9999 -9999 -9999 -9999 -9999 -9999 -9999 -9999 608.4073 608.3925 608.3776 608.364 608.3503 608.3443 608.3434 608.3417 608.3332 608.3303 608.3293 608.3285 608.3254 608.3173 608.3156 608.3148 608.3135 608.3023 608.3013 608.2999 608.299 608.2974 608.2917 608.2847 608.2812 608.2803 608.2761 608.2706 608.2695 608.2687 608.2599 608.2546 608.253 608.2468 608.2445 608.2429 608.2387 608.2305 608.2272
-9999 -9999 -9999 -9999 -9999 -9999 -9999 -9999 -9999 -9999 -9999 -9999 -9999 -9999 -9999 -9999 -9999 -9999 -9999 -9999 -9999 -9999 -9999 -9999 608.4095 608.3942 608.3793 608.3645 608.3506 608.3367 608.3265 608.3248 608.324 608.3159 608.3113 608.3104 608.3088 608.308 608.2964 608.2957 608.2946 608.2932 608.2862 608.2795 608.2787 608.2771 608.2763 608.2701 608.2674 608.2585 608.2569 608.2561 608.2468 608.2455 608.2444 608.2402 608.2289 608.2281 608.2263 608.218 608.2173 608.2136 608.2054 608.202
-9999 -9999 -9999 -9999 -9999 -9999 -9999 -9999 -9999 -9999 -9999 -9999 -9999 -9999 -9999 -9999 -9999 -9999 -9999 -9999 -9999 -9999 -9999 -9999 608.3964 608.381 608.3661 608.3513 608.3372 608.3236 608.3104 608.307 608.3054 608.3018 608.2926 608.2907 608.2899 608.2883 608.2815 608.2751 608.274 608.2731 608.2704 608.2583 608.2567 608.256 608.2544 608.2499 608.2468 608.235 608.2342 608.2327 608.2236 608.2217 608.2202 608.2194 608.2048 608.2024 608.2017 608.1924 608.1909 608.1873 608.1834 608.1751
-9999 -9999 -9999 -9999 -9999 -9999 -9999 -9999 -9999 -9999 -9999 -9999 -9999 -9999 -9999 -9999 -9999 -9999 -9999 -9999 -9999 -9999 -9999 -9999 608.3832 608.3677 608.353 608.3382 608.3238 608.3105 608.2968 608.2886 608.2875 608.2859 608.2745 608.2717 608.2703 608.2694 608.2665 608.2548 608.2537 608.2525 608.2515 608.2397 608.2355 608.234 608.2333 608.2318 608.2244 608.2171 608.2108 608.21 608.2053 608.1981 608.1967 608.1955 608.1851 608.1774 608.176 608.1688 608.1652 608.1637 608.1567 608.1475
-9999 -9999 -9999 -9999 -9999 -9999 -9999 -9999 -9999 -9999 -9999 -9999 -9999 -9999 -9999 -9999 -9999 -9999 -9999 -9999 -9999 -9999 -9999 -9999 608.37 608.3546 608.3398 608.325 608.3106 608.2974 608.2833 608.2705 608.2693 608.2682 608.2604 608.2521 608.2512 608.2498 608.249 608.2375 608.2333 608.2325 608.231 608.224 608.214 608.2128 608.2114 608.2106 608.2026 608.1998 608.188 608.1868 608.1858 608.1738 608.1727 608.1716 608.1654 608.1522 608.151 608.1483 608.1387 608.138 608.1333 608.123
-9999 -9999 -9999 -9999 -9999 -9999 -9999 -9999 -9999 -9999 -9999 -9999 -9999 -9999 -9999 -9999 -9999 -9999 -9999 -9999 -9999 -9999 -9999 608.3721 608.3567 608.3413 608.3267 608.3117 608.2974 608.2839 608.27 608.2569 608.2511 608.2498 608.2463 608.2352 608.2316 608.2307 608.2292 608.2227 608.2132 608.2117 608.211 608.2083 608.1932 608.1912 608.1901 608.1887 608.1835 608.1795 608.1668 608.1638 608.1624 608.1529 608.1487 608.1474 608.1457 608.13 608.1254 608.1245 608.1129 608.1116 608.1073 608.101
-9999 -9999 -9999 -9999 -9999 -9999 -9999 -9999 -9999 -9999 -9999 -9999 -9999 -9999 -9999 -9999 -9999 -9999 -9999 -9999 -9999 -9999 -9999 608.3588 608.3434 608.3281 608.3135 608.2985 608.2842 608.2706 608.2569 608.2433 608.2332 608.2317 608.2302 608.2189 608.2125 608.2118 608.2103 608.2077 608.1937 608.1917 608.1902 608.1893 608.1776 608.1696 608.1683 608.1675 608.1659 608.1571 608.1495 608.1407 608.1396 608.1345 608.1252 608.1238 608.1225 608.1103 608.1003 608.099 608.0907 608.0858 608.0832 608.0757
-9999 -9999 -9999 -9999 -9999 -9999 -9999 -9999 -9999 -9999 -9999 -9999 -9999 -9999 -9999 -9999 -9999 -9999 -9999 -9999 -9999 -9999 -9999 608.3459 608.3301 608.315 608.3004 608.2853 608.2711 608.2571 608.2438 608.2298 608.2169 608.2138 608.2123 608.2048 608.1953 608.192 608.1912 608.1899 608.1788 608.1713 608.1702 608.1688 608.1618 608.1483 608.1469 608.1459 608.1448 608.1353 608.1322 608.1175 608.1168 608.1155 608.1011 608.1 608.0989 608.0906 608.0752 608.0739 608.0702 608.0594 608.0585 608.0529
-9999 -9999 -9999 -9999 -9999 -9999 -9999 -9999 -9999 -9999 -9999 -9999 -9999 -9999 -9999 -9999 -9999 -9999 -9999 -9999 -9999 -9999 -9999 608.3326 608.3171 608.3018 608.2872 608.2721 608.2579 608.2437 608.2307 608.2164 608.2034 608.1952 608.1943 608.1907 608.1775 608.173 608.1716 608.1704 608.1638 608.1508 608.1495 608.1487 608.1461 608.131 608.1256 608.1243 608.1229 608.117 608.1121 608.0992 608.0934 608.0921 608.0821 608.0759 608.0746 608.0709 608.0552 608.0486 608.0473 608.0335 608.0323 608.0273
-9999 -9999 -9999 -9999 -9999 -9999 -9999 -9999 -9999 -9999 -9999 -9999 -9999 -9999 -9999 -9999 -9999 -9999 -9999 -9999 -9999 -9999 608.3348 608.3194 608.3041 608.2887 608.2741 608.2589 608.2447 608.2303 608.2173 608.2033 608.1898 608.1772 608.1758 608.1746 608.1634 608.1537 608.1525 608.1512 608.1489 608.1349 608.1293 608.1283 608.1273 608.1154 608.1042 608.103 608.1017 608.0994 608.0899 608.0819 608.0705 608.0693 608.0637 608.0522 608.051 608.0497 608.0355 608.0231 608.022 608.0126 608.0065 608.0023
-9999 -9999 -9999 -9999 -9999 -9999 -9999 -9999 -9999 -9999 -9999 -9999 -9999 -9999 -9999 -9999 -9999 -9999 -9999 -9999 -9999 -9999 608.3215 608.3062 608.2908 608.2756 608.2609 608.2457 608.2314 608.2172 608.2039 608.1901 608.1763 608.1635 608.1579 608.1566 608.1493 608.1371 608.133 608.1321 608.1309 608.1199 608.1092 608.1079 608.1066 608.0996 608.0846 608.0811 608.0804 608.0791 608.0681 608.0646 608.0489 608.0464 608.0452 608.0297 608.0273 608.0261 608.0157 608.0001 607.9969 607.9921 607.9801 607.9789
-9999 -9999 -9999 -9999 -9999 -9999 -9999 -9999 -9999 -9999 -9999 -9999 -9999 -9999 -9999 -9999 -9999 -9999 -9999 -9999 -9999 -9999 608.3084 608.2929 608.2776 608.2625 608.2478 608.2325 608.2183 608.204 608.1905 608.177 608.1627 608.1499 608.1399 608.1385 608.1352 608.1219 608.1137 608.1128 608.1116 608.105 608.0909 608.0878 608.0865 608.0839 608.0688 608.0596 608.0584 608.0573 608.0505 608.0448 608.0316 608.0229 608.0218 608.0113 608.003 608.0018 607.996 607.9803 607.9717 607.9702 607.955 607.9531
-9999 -9999 -9999 -9999 -9999 -9999 -9999 -9999 -9999 -9999 -9999 -9999 -9999 -9999 -9999 -9999 -9999 -9999 -9999 -9999 -9999 -9999 608.2953 608.2796 608.2643 608.2494 608.2347 608.2194 608.2051 608.1908 608.1771 608.164 608.1497 608.1364 608.1233 608.1201 608.119 608.1078 608.0979 608.0933 608.0921 608.09 608.076 608.0674 608.0663 608.0652 608.0532 608.0382 608.037 608.0359 608.033 608.0227 608.0143 608 607.9989 607.9929 607.9792 607.9781 607.9764 607.9606 607.9465 607.945 607.9346 607.9271
-9999 -9999 -9999 -9999 -9999 -9999 -9999 -9999 -9999 -9999 -9999 -9999 -9999 -9999 -9999 -9999 -9999 -9999 -9999 -9999 -9999 608.2974 608.282 608.2663 608.2511 608.2363 608.2215 608.2062 608.192 608.1776 608.1637 608.1506 608.1367 608.1228 608.11 608.102 608.1007 608.0938 608.0805 608.0742 608.073 608.0718 608.0611 608.0471 608.0456 608.0444 608.0374 608.0224 608.0157 608.0145 608.0132 608.0016 607.9969 607.9813 607.976 607.9745 607.9589 607.9543 607.9531 607.9409 607.9252 607.9198 607.9141 607.9009
-9999 -9999 -9999 -9999 -9999 -9999 -9999 -9999 -9999 -9999 -9999 -9999 -9999 -9999 -9999 -9999 -9999 -9999 -9999 -9999 -9999 608.2841 608.2689 608.2531 608.2379 608.2231 608.2084 608.193 608.1788 608.1644 608.1503 608.1373 608.1235 608.1093 608.0964 608.0839 608.0827 608.0797 608.0664 608.0558 608.0538 608.0527 608.0461 608.0322 608.0254 608.0242 608.0217 608.0067 607.9942 607.9926 607.9915 607.9841 607.9775 607.964 607.953 607.9515 607.9405 607.9305 607.9291 607.9213 607.9055 607.8946 607.8932 607.877
-9999 -9999 -9999 -9999 -9999 -9999 -9999 -9999 -9999 -9999 -9999 -9999 -9999 -9999 -9999 -9999 -9999 -9999 -9999 -9999 -9999 608.2708 608.2556 608.2399 608.2247 608.21 608.1952 608.1798 608.1657 608.1512 608.1368 608.1238 608.1103 608.0962 608.0829 608.07 608.0647 608.0634 608.0524 608.0391 608.0343 608.0333 608.0312 608.0172 608.0051 608.004 608.003 607.991 607.976 607.9711 607.9702 607.9666 607.9555 607.9467 607.931 607.9285 607.9222 607.9066 607.9053 607.9016 607.8858 607.8701 607.868 607.8565
-9999 -9999 -9999 -9999 -9999 -9999 -9999 -9999 -9999 -9999 -9999 -9999 -9999 -9999 -9999 -9999 -9999 -9999 -9999 -9999 -9999 608.2579 608.2424 608.2268 608.2115 608.1969 608.1821 608.1666 608.1525 608.1379 608.1237 608.1105 608.0974 608.083 608.0693 608.0565 608.0463 608.0449 608.0383 608.025 608.015 608.0138 608.0128 608.0023 607.9882 607.9838 607.9825 607.9752 607.9602 607.9497 607.9487 607.9474 607.9352 607.9293 607.9137 607.9056 607.9038 607.8881 607.8815 607.8801 607.8661 607.8504 607.8427 607.836
-9999 -9999 -9999 -9999 -9999 -9999 -9999 -9999 -9999 -9999 -9999 -9999 -9999 -9999 -9999 -9999 -9999 -9999 -9999 -9999 608.26 608.2448 608.2291 608.2139 608.1982 608.1838 608.1689 608.1534 608.1393 608.1249 608.1105 608.097 608.084 608.0698 608.0557 608.043 608.0297 608.0269 608.0242 608.0109 607.9999 607.9946 607.9936 607.9873 607.9733 607.9635 607.962 607.9595 607.9445 607.9294 607.9272 607.9258 607.9176 607.9101 607.8964 607.8825 607.8813 607.8698 607.8575 607.8563 607.8464 607.8307 607.8174 607.8155
-9999 -9999 -9999 -9999 -9999 -9999 -9999 -9999 -9999 -9999 -9999 -9999 -9999 -9999 -9999 -9999 -9999 -9999 -9999 -9999 608.2467 608.2315 608.2158 608.2006 608.1851 608.1707 608.1558 608.1403 608.126 608.1117 608.0974 608.0836 608.0706 608.0569 608.0425 608.0294 608.0166 608.0088 608.0077 607.9968 607.9836 607.9754 607.9744 607.9724 607.9584 607.9443 607.9417 607.9408 607.9288 607.9138 607.9057 607.9044 607.9001 607.8881 607.879 607.8634 607.8583 607.8514 607.8357 607.8325 607.8267 607.811 607.7953 607.791
-9999 -9999 -9999 -9999 -9999 -9999 -9999 -9999 -9999 -9999 -9999 -9999 -9999 -9999 -9999 -9999 -9999 -9999 -9999 -9999 608.2334 608.2183 608.2025 608.1874 608.1718 608.1577 608.1426 608.1271 608.1128 608.0984 608.0842 608.0703 608.0572 608.0436 608.0293 608.0158 608.003 607.9907 607.9893 607.9827 607.9695 607.9585 607.9551 607.9537 607.9434 607.9294 607.9214 607.9205 607.913 607.898 607.8842 607.8829 607.8816 607.8687 607.8618 607.8461 607.8351 607.833 607.8173 607.8085 607.807 607.7913 607.7756 607.7657
