samples/sfe_322/sfe_322_r2/sfe_322_r2/sfe_322_r2.asc
ncols         299
nrows         166
xllcorner     73.39999999851
yllcorner     65.60000000149
cellsize      1
NODATA_value  -9999
[rows 28 to 55 of 166, columns 128 to 191 of 299]
603.7653 603.7092 603.655 603.5986 603.5464 603.5031 603.2971 603.272 602.8585 602.5185 602.518 602.3955 602.3945 602.127 602.126 602.125 602.245 602.3895 602.3885 602.5085 602.8225 602.8215 603.2575 603.2565 603.4735 603.5025 603.5314 603.5566 603.5806 603.6052 603.639 603.67 603.6943 603.7226 603.7485 603.7729 603.8019 603.8303 603.8591 603.8934 603.9224 603.9513 603.9805 604.012 604.0478 604.0826 604.117 604.165 604.2064 604.2532 604.3023 604.3623 604.4199 604.4756 604.5479 604.619 604.696 604.7717 604.8577 604.9451 605.0248 605.1056 605.2231 605.3094
603.546 603.4955 603.107 602.6945 602.136 601.747 601.3585 601.091 600.799 600.58 600.579 600.214 600.213 600.1875 600.1865 600.1855 600.2085 600.2075 600.206 600.569 600.6405 600.6395 601.075 601.074 601.509 601.851 601.9435 602.3795 602.8145 602.8135 603.2495 603.467 603.4893 603.5179 603.5436 603.5684 603.5969 603.6251 603.6548 603.6881 603.715 603.7435 603.7718 603.8025 603.8375 603.8718 603.9064 603.9527 603.9941 604.0396 604.0901 604.1542 604.2094 604.2695 604.3385 604.4129 604.4892 604.5693 604.66 604.7397 604.8209 604.9236 605.0299 605.1166
602.14 601.63 601.0475 600.6345 600.1981 599.993 599.973 599.9565 599.95 599.9365 599.928 599.9171 599.906 599.904 599.903 599.902 599.901 599.9 599.899 599.9175 599.916 599.925 599.934 599.94 599.952 599.97 599.969 600.1965 600.6315 600.6305 601.0665 601.5015 601.594 601.9365 602.372 602.5265 602.8065 603.2425 603.46 603.4822 603.5076 603.5348 603.5637 603.5929 603.6266 603.6609 603.6982 603.7404 603.7819 603.8258 603.8782 603.9419 603.996 604.0602 604.129 604.2061 604.2803 604.3714 604.4588 604.5345 604.6213 604.7413 604.8304 604.9186
600.202 599.9895 599.962 599.9435 599.925 599.8995 599.8795 599.8685 599.851 599.8485 599.8405 599.839 599.8415 599.8405 599.839 599.839 599.838 599.836 599.833 599.83 599.829 599.836 599.835 599.835 599.852 599.871 599.87 599.8885 599.903 599.906 599.925 599.942 599.951 599.961 600.1885 600.1875 600.6225 601.0585 601.4945 601.587 601.929 602.3645 602.631 602.7995 603.2355 603.4535 603.4867 603.5281 603.5704 603.6141 603.6702 603.7295 603.7827 603.8508 603.9229 603.9992 604.0829 604.1732 604.2535 604.3325 604.4393 604.548 604.6365 604.7455
599.9235 599.896 599.874 599.8555 599.8475 599.85 599.853 599.8555 599.857 599.858 599.858 599.859 599.8595 599.8585 599.857 599.859 599.8575 599.8535 599.852 599.85 599.849 599.844 599.843 599.841 599.836 599.8315 599.83 599.825 599.82 599.819 599.825 599.8355 599.8445 599.862 599.88 599.879 599.898 599.917 599.934 599.943 599.953 600.1805 600.568 600.6155 601.051 601.4865 601.9225 602.3585 602.7945 603.231 603.462 603.5172 603.5724 603.6414 603.7161 603.7924 603.8836 603.9725 604.0482 604.137 604.2574 604.3521 604.4478 604.5746
599.852 599.8565 599.8605 599.864 599.868 599.87 599.873 599.8725 599.8795 599.8895 599.8904 599.899 599.9015 599.9005 599.899 599.906 599.905 599.8955 599.8945 599.8936 599.892 599.8774 599.8765 599.8685 599.861 599.853 599.85 599.845 599.8425 599.8385 599.833 599.829 599.827 599.822 599.8175 599.8155 599.81 599.817 599.8275 599.8365 599.8535 599.872 599.887 599.8955 599.909 599.928 599.947 600.1735 600.6095 601.0455 601.603 602.209 602.8635 603.4455 603.5092 603.5915 603.6864 603.7672 603.8441 603.955 604.0662 604.1563 604.2769 604.4004
599.871 599.8755 599.8785 599.8855 599.902 599.918 599.9245 599.9335 599.942 599.9485 599.9565 599.958 599.968 599.9665 599.9655 599.965 599.964 599.9615 599.9604 599.9595 599.9585 599.9435 599.9424 599.9405 599.9275 599.9165 599.9115 599.8975 599.8954 599.8815 599.8675 599.86 599.8514 599.8415 599.84 599.835 599.83 599.825 599.822 599.819 599.8135 599.8085 599.803 599.8 599.809 599.828 599.8535 599.8705 599.894 599.9155 599.942 600.145 600.9205 601.5025 602.424 603.055 603.4862 603.562 603.6526 603.7731 603.8729 603.9792 604.1061 604.2111
599.9025 599.9225 599.9365 599.9525 599.965 599.977 599.99 600.0045 600.0065 600.021 600.033 600.039 600.042 600.0455 600.053 600.052 600.051 600.05 600.0485 600.047 600.037 600.027 600.026 600.0175 600.005 599.9875 599.985 599.9659 599.9645 599.9474 599.939 599.931 599.9175 599.907 599.899 599.8875 599.8735 599.8585 599.8575 599.8425 599.833 599.828 599.823 599.82 599.815 599.8095 599.804 599.797 599.7945 599.821 599.842 599.8755 599.903 599.939 600.36 601.112 602.0825 602.8995 603.4707 603.5843 603.6816 603.8084 603.9324 604.0488
599.969 599.982 599.9955 600.0255 600.04 600.055 600.07 600.085 600.0965 600.106 600.113 600.129 600.129 600.128 600.144 600.1429 600.145 600.144 600.1425 600.138 600.1195 600.118 600.117 600.0975 600.095 600.0835 600.075 600.0625 600.0545 600.035 600.025 600.015 599.9955 599.98 599.975 599.956 599.9395 599.9245 599.9235 599.9095 599.8945 599.8805 599.8655 599.8514 599.837 599.829 599.8224 599.817 599.812 599.807 599.7995 599.793 599.8075 599.8435 599.8805 599.917 600.139 601.0405 602.288 603.2485 603.5107 603.6376 603.7574 603.8864
600.037 600.064 600.086 600.1055 600.1205 600.1375 600.156 600.171 600.188 600.195 600.2145 600.2209 600.2325 600.2315 600.236 600.2345 600.2485 600.2475 600.2465 600.23 600.223 600.2215 600.2205 600.1985 600.1975 600.192 600.1745 600.167 600.151 600.1305 600.119 600.106 600.0855 600.083 600.065 600.046 600.032 600.011 600.001 599.987 599.968 599.949 599.9325 599.9175 599.9034 599.8885 599.8745 599.8595 599.839 599.83 599.8175 599.811 599.803 599.794 599.798 599.8225 599.865 599.931 600.3685 601.4375 602.739 603.4661 603.595 603.7239
600.117 600.1415 600.177 600.194 600.217 600.235 600.254 600.263 600.28 600.298 600.307 600.318 600.3255 600.333 600.338 600.337 600.349 600.348 600.347 600.332 600.331 600.3295 600.328 600.305 600.3035 600.2925 600.279 600.266 600.2545 600.2415 600.23 600.2095 600.1875 600.182 600.1645 600.1425 600.1285 600.1 600.0975 600.077 600.058 600.0385 600.0195 600 599.981 599.962 599.943 599.9255 599.905 599.886 599.8669 599.8416 599.827 599.8125 599.8045 599.7925 599.7865 599.836 599.9225 599.998 600.945 602.315 603.436 603.5616
600.2115 600.2395 600.269 600.2859 600.3055 600.327 600.348 600.369 600.379 600.398 600.4125 600.4235 600.4315 600.433 600.45 600.449 600.449 600.4475 600.4465 600.444 600.443 600.4415 600.44 600.4165 600.4155 600.4125 600.3905 600.386 600.366 600.3465 600.341 600.317 600.2955 600.292 600.269 600.246 600.226 600.2184 600.201 600.179 600.157 600.135 600.113 600.0915 600.071 600.052 600.0325 600.0005 599.976 599.954 599.923 599.908 599.8795 599.8525 599.8245 599.8115 599.7985 599.7915 599.806 599.873 599.9905 600.445 601.955 603.4345
600.309 600.3315 600.3665 600.385 600.4175 600.439 600.46 600.4805 600.4805 600.5025 600.5185 600.5235 600.542 600.5445 600.5555 600.5655 600.5645 600.5635 600.562 600.5605 600.5594 600.5585 600.5569 600.5325 600.531 600.5295 600.5055 600.504 600.4795 600.456 600.4535 600.429 600.4145 600.404 600.3805 600.357 600.338 600.3255 600.3 600.285 600.261 600.2385 600.2165 600.195 600.1675 600.1405 600.123 600.0865 600.066 600.034 600.01 599.9775 599.935 599.9185 599.8875 599.855 599.813 599.7965 599.7915 599.7995 599.8605 599.991 600.1045 601.695
600.409 600.444 600.466 600.4865 600.5165 600.5455 600.559 600.5795 600.598 600.62 600.6225 600.6415 600.6415 600.661 600.6615 600.68 600.679 600.682 600.6805 600.679 600.678 600.677 600.6755 600.65 600.649 600.6475 600.6225 600.6215 600.5965 600.59 600.5705 600.5525 600.5325 600.52 600.4955 600.472 600.4475 600.4325 600.42 600.397 600.373 600.3495 600.3145 600.2985 600.256 600.244 600.215 600.19 600.153 600.123 600.0905 600.062 600.025 599.989 599.9495 599.9105 599.865 599.8206 599.789 599.789 599.8 599.8475 599.9865 600.142
600.514 600.5439 600.5765 600.604 600.628 600.65 600.67 600.6905 600.7105 600.7225 600.735 600.75 600.761 600.7765 600.782 600.788 600.7865 600.803 600.801 600.8 600.799 600.798 600.796 600.771 600.77 600.7685 600.743 600.742 600.716 600.715 600.69 600.669 600.663 600.638 600.6125 600.5975 600.5815 600.5585 600.537 600.5055 600.4875 600.451 600.4265 600.404 600.368 600.3445 600.316 600.2835 600.25 600.2205 600.1885 600.148 600.1075 600.061 600.0325 599.979 599.915 599.8675 599.826 599.7955 599.782 599.8015 599.8304 599.9765
600.6315 600.6555 600.676 600.707 600.737 600.7575 600.7775 600.798 600.8185 600.837 600.8485 600.8589 600.878 600.8815 600.8975 600.9035 600.902 600.916 600.919 600.923 600.9215 600.9205 600.9195 600.8935 600.8915 600.8905 600.87 600.8635 600.839 600.836 600.8105 600.8075 600.784 600.758 600.74 600.7125 600.699 600.672 600.6445 600.63 600.6045 600.5685 600.5315 600.5074 600.4825 600.454 600.4215 600.3895 600.3555 600.317 600.2785 600.246 600.2054 600.157 600.094 600.05 599.9865 599.9215 599.863 599.828 599.7975 599.775 599.8005 599.8465
600.7355 600.7625 600.7975 600.8215 600.8445 600.8665 600.89 600.9135 600.9325 600.948 600.9635 600.9825 600.988 601.0045 601.007 601.0265 601.025 601.0255 601.024 601.045 601.044 601.042 601.03 601.0165 601.015 601.014 601.011 600.987 600.98 600.9595 600.9405 600.927 600.906 600.88 600.8565 600.8285 600.8145 600.8015 600.7745 600.751 600.713 600.6755 600.65 600.625 600.5995 600.558 600.527 600.497 600.4515 600.4285 600.384 600.346 600.2975 600.2445 600.183 600.1235 600.0535 599.9795 599.923 599.8705 599.825 599.7965 599.7745 599.8005
600.85 600.8705 600.9035 600.9335 600.961 600.983 601.0135 601.0365 601.037 601.0595 601.0815 601.1 601.1055 601.1195 601.1275 601.139 601.15 601.149 601.1475 601.156 601.155 601.1535 601.1465 601.141 601.1395 601.1385 601.132 601.111 601.1025 601.0835 601.0625 601.056 601.0295 601.0035 600.988 600.9604 600.947 600.919 600.8915 600.8605 600.822 600.796 600.771 600.746 600.708 600.6705 600.6415 600.608 600.5625 600.527 600.4895 600.436 600.4025 600.344 600.2715 600.1975 600.137 600.053 599.976 599.9245 599.868 599.8135 599.7925 599.776
600.9545 600.987 601.02 601.0435 601.0655 601.0895 601.12 601.142 601.1605 601.1845 601.1995 601.211 601.2305 601.2347 601.2476 601.2515 601.271 601.2745 601.2725 601.2715 601.2705 601.2685 601.2675 601.2665 601.265 601.2635 601.2625 601.2355 601.2307 601.2136 601.205 601.1805 601.1545 601.135 601.114 601.0845 601.0655 601.0355 601.0095 600.9835 600.9449 600.919 600.888 600.8525 600.8155 600.791 600.7485 600.7095 600.667 600.637 600.5935 600.5465 600.501 600.4295 600.359 600.2905 600.205 600.1285 600.0594 599.982 599.912 599.864 599.811 599.7875
601.0695 601.0945 601.134 601.1615 601.1905 601.2145 601.238 601.2542 601.2815 601.293 601.3085 601.3279 601.3434 601.355 601.3635 601.3775 601.3835 601.4 601.3985 601.3975 601.396 601.3945 601.3935 601.392 601.391 601.3895 601.3885 601.3615 601.3605 601.3335 601.327 601.3065 601.283 601.2585 601.241 601.2186 601.199 601.1605 601.134 601.0955 601.0695 601.0405 601.004 600.9685 600.9319 600.902 600.8635 600.813 600.788 600.745 600.7005 600.6465 600.611 600.5285 600.4485 600.3715 600.29 600.2125 600.125 600.057 599.9825 599.9115 599.861 599.809
601.189 601.2195 601.246 601.2675 601.2995 601.3215 601.3515 601.3725 601.394 601.412 601.4345 601.4344 601.457 601.477 601.4795 601.497 601.5025 601.5165 601.5245 601.5235 601.5225 601.5215 601.5195 601.5185 601.5175 601.5155 601.5145 601.4965 601.4865 601.4655 601.4585 601.4325 601.418 601.4025 601.376 601.3475 601.312 601.277 601.2465 601.2205 601.1946 601.158 601.1165 601.0905 601.0385 601.0115 600.987 600.936 600.898 600.853 600.808 600.762 600.703 600.614 600.5255 600.4709 600.38 600.2945 600.219 600.1345 600.0445 599.9845 599.905 599.8546
601.2965 601.3275 601.364 601.3935 601.4185 601.4405 601.4635 601.4875 601.506 601.527 601.548 601.5595 601.5835 601.5895 601.606 601.6095 601.629 601.629 601.6505 601.65 601.649 601.6475 601.646 601.645 601.6435 601.6425 601.6405 601.6265 601.6125 601.6095 601.5845 601.5585 601.548 601.525 601.4965 601.468 601.427 601.4115 601.3725 601.3455 601.3125 601.2675 601.2415 601.2079 601.1635 601.129 601.0935 601.0445 601.008 600.9625 600.924 600.8705 600.793 600.7165 600.634 600.5545 600.469 600.3905 600.3045 600.201 600.1395 600.046 599.9755 599.906
601.4225 601.4465 601.4705 601.503 601.534 601.555 601.576 601.607 601.618 601.6395 601.661 601.682 601.693 601.7085 601.723 601.7315 601.743 601.7545 601.763 601.7765 601.7755 601.7745 601.7725 601.7715 601.7705 601.7685 601.7675 601.7625 601.7395 601.7325 601.7115 601.694 601.6745 601.6454 601.6175 601.6035 601.5715 601.5245 601.4985 601.4715 601.42 601.3935 601.3675 601.321 601.2834 601.2375 601.2061 601.1625 601.118 601.077 601.0285 600.978 600.8985 600.8105 600.726 600.6525 600.566 600.473 600.3915 600.308 600.2135 600.1395 600.0495 599.963
601.5305 601.567 601.5965 601.6219 601.646 601.6685 601.6925 601.7165 601.7405 601.759 601.7735 601.795 601.813 601.8355 601.8354 601.857 601.857 601.881 601.8795 601.8995 601.902 601.901 601.8995 601.898 601.897 601.8955 601.8945 601.8925 601.868 601.8645 601.8385 601.824 601.8095 601.7815 601.753 601.717 601.6905 601.6515 601.6245 601.5985 601.5465 601.5125 601.476 601.4385 601.402 601.363 601.317 601.275 601.2305 601.1921 601.146 601.0829 600.992 600.9075 600.8315 600.742 600.642 600.57 600.4875 600.3965 600.3195 600.222 600.127 600.0505
601.6505 601.6745 601.7165 601.7435 601.766 601.7955 601.8195 601.8435 601.8665 601.8665 601.8905 601.9115 601.9285 601.943 601.9615 601.9695 601.9835 602.0075 602.0065 602.0205 602.029 602.0275 602.0265 602.0245 602.0235 602.0225 602.0205 602.0195 602.0035 601.9915 601.9645 601.96 601.931 601.9095 601.874 601.831 601.817 601.7775 601.7515 601.7065 601.6685 601.6205 601.595 601.5575 601.5155 601.472 601.423 601.387 601.3495 601.3005 601.249 601.174 601.1055 601.016 600.927 600.8325 600.764 600.6635 600.573 600.4919 600.4025 600.305 600.217 600.1176
601.777 601.8015 601.829 601.8505 601.8735 601.906 601.9285 601.951 601.9734 601.9935 602.0175 602.0315 602.0415 602.0625 602.0835 602.0865 602.1105 602.1175 602.133 602.132 602.156 602.1545 602.153 602.1515 602.15 602.1485 602.1475 602.1465 602.132 602.118 602.1005 602.0805 602.0635 602.0235 602.0095 601.9665 601.9315 601.9045 601.865 601.8255 601.7875 601.747 601.7135 601.6645 601.628 601.5915 601.5425 601.5045 601.4555 601.408 601.3615 601.289 601.206 601.1255 601.0453 600.9565 600.866 600.7605 600.6845 600.5885 600.4835 600.4045 600.303 600.214
601.8885 601.925 601.952 601.976 602 602.026 602.0485 602.071 602.092 602.113 602.1255 602.1425 602.1665 602.1835 602.1965 602.2135 602.237 602.2355 602.2585 602.2585 602.278 602.2805 602.2795 602.2785 602.282 602.281 602.276 602.2725 602.2715 602.2445 602.2305 602.2165 602.1895 602.1595 602.131 602.088 602.0575 602.0185 601.992 601.9525 601.9005 601.8695 601.8215 601.7834 601.7475 601.7095 601.6605 601.611 601.575 601.5345 601.462 601.388 601.307 601.24 601.1445 601.0615 600.9796 600.8849 600.787 600.691 600.6025 600.5015 600.413 600.311
602.0085 602.045 602.0775 602.0875 602.12 602.141 602.1625 602.1835 602.205 602.226 602.2455 602.268 602.278 602.292 602.3115 602.33 602.3455 602.3625 602.3705 602.385 602.3905 602.4075 602.406 602.4045 602.4265 602.4255 602.4115 602.399 602.3975 602.3705 602.366 602.3425 602.3165 602.2895 602.25 602.224 602.1845 602.145 602.1055 602.0635 602.0255 601.989 601.9485 601.8965 601.863 601.816 601.7795 601.7305 601.6875 601.6395 601.563 601.499 601.4195 601.343 601.2475 601.1801 601.092 600.9945 600.9108 600.816 600.7105 600.6275 600.5195 600.414
