samples/sfe_322/sfe_322_r2/sfe_322_r2/sfe_322_r2.asc
ncols         299
nrows         166
xllcorner     73.39999999851
yllcorner     65.60000000149
cellsize      1
NODATA_value  -9999
[rows 0 to 27 of 166, columns 64 to 127 of 299]
608.4462 608.444 608.4431 608.4418 608.4407 608.4394 608.4374 608.4363 608.435 608.434 608.4327 608.4305 608.4296 608.4283 608.4271 608.4258 608.4236 608.4227 608.4212 608.4202 608.4189 608.4166 608.4155 608.4144 608.4132 608.4118 608.4097 608.4085 608.4073 608.406 608.4046 608.4028 608.4011 608.4 608.3985 608.3973 608.3949 608.3939 608.3922 608.3912 608.3898 608.3875 608.386 608.3851 608.3836 608.3821 608.3799 608.3782 608.3772 608.3759 608.3741 608.3719 608.3709 608.3693 608.3677 608.3663 608.3644 608.3626 608.3613 608.3599 608.3582 608.3561 608.3547 608.3533
608.4169 608.4159 608.4136 608.4117 608.4097 608.4081 608.4062 608.4045 608.4034 608.4006 608.3997 608.3966 608.395 608.3931 608.3907 608.3898 608.3878 608.385 608.3838 608.3809 608.38 608.3781 608.3743 608.3732 608.3711 608.369 608.3665 608.3636 608.3616 608.3594 608.3573 608.3561 608.3521 608.3498 608.3489 608.3459 608.3427 608.3401 608.3392 608.3351 608.3341 608.3311 608.3279 608.3252 608.3223 608.3203 608.317 608.3123 608.3112 608.3091 608.3058 608.3031 608.3005 608.2968 608.2931 608.2922 608.289 608.2863 608.2822 608.2795 608.277 608.2744 608.2706 608.2678
608.3878 608.3866 608.3841 608.3823 608.3803 608.3768 608.375 608.3731 608.3721 608.3682 608.3663 608.3626 608.3607 608.3581 608.3567 608.3535 608.3507 608.3478 608.3469 608.3423 608.3408 608.3383 608.3336 608.3326 608.3293 608.3267 608.324 608.3212 608.3167 608.3132 608.3099 608.309 608.3038 608.3005 608.2988 608.2943 608.2906 608.2872 608.2857 608.279 608.2781 608.2742 608.27 608.2658 608.2609 608.2582 608.2556 608.2505 608.2457 608.2422 608.2371 608.2341 608.23 608.2247 608.221 608.2177 608.214 608.2097 608.2032 608.1997 608.1955 608.1935 608.1865 608.1822
608.3591 608.3578 608.3541 608.3532 608.3497 608.3477 608.3438 608.3409 608.34 608.3348 608.3339 608.33 608.3258 608.325 608.3216 608.3181 608.3137 608.3099 608.3091 608.3033 608.3021 608.2985 608.2921 608.2912 608.288 608.2843 608.2805 608.277 608.2736 608.27 608.263 608.2616 608.2561 608.252 608.2493 608.2429 608.2418 608.2335 608.2327 608.2237 608.222 608.2188 608.2118 608.2062 608.2031 608.1984 608.1929 608.1883 608.1801 608.1755 608.1713 608.1646 608.1602 608.1528 608.148 608.1432 608.1385 608.1332 608.1248 608.1218 608.114 608.1125 608.103 608.097
608.3329 608.3289 608.3277 608.3233 608.3193 608.3167 608.314 608.3096 608.3079 608.306 608.3005 608.2968 608.2918 608.2901 608.286 608.2817 608.2774 608.2728 608.2712 608.2674 608.2631 608.2595 608.2545 608.2498 608.2458 608.242 608.2377 608.2328 608.2287 608.2242 608.2197 608.2142 608.2097 608.2023 608.1993 608.1918 608.1902 608.1797 608.1789 608.1675 608.1663 608.1626 608.1532 608.1462 608.145 608.1376 608.1301 608.1257 608.114 608.1093 608.1062 608.0965 608.0899 608.0825 608.0776 608.0687 608.0641 608.057 608.0457 608.0438 608.0324 608.0313 608.0219 608.0116
608.3054 608.2998 608.2987 608.2941 608.2897 608.2877 608.2826 608.2797 608.2767 608.2751 608.2676 608.2664 608.2573 608.256 608.2512 608.2467 608.2446 608.2394 608.2338 608.2325 608.2239 608.2231 608.2171 608.2089 608.2075 608.2006 608.1953 608.1894 608.1837 608.1785 608.173 608.1675 608.1656 608.1553 608.1492 608.144 608.139 608.1276 608.1252 608.1171 608.1107 608.106 608.0959 608.0883 608.0856 608.0769 608.0689 608.0621 608.048 608.0441 608.0409 608.0305 608.0194 608.0132 608.0067 607.9946 607.9907 607.9803 607.969 607.9653 607.9539 607.9501 607.9408 607.9283
608.2772 608.2711 608.2695 608.2642 608.2634 608.2577 608.2537 608.2482 608.2445 608.2437 608.2347 608.2331 608.228 608.2211 608.2188 608.2146 608.2083 608.2023 608.1962 608.1954 608.1853 608.1838 608.179 608.1676 608.1667 608.1608 608.1556 608.1478 608.1415 608.1334 608.1267 608.1201 608.1187 608.1069 608.0997 608.0974 608.0878 608.0768 608.0714 608.0661 608.0546 608.0504 608.042 608.0334 608.0258 608.0156 608.0095 607.9986 607.9863 607.9813 607.9743 607.9622 607.9498 607.9431 607.9347 607.9203 607.9172 607.9046 607.8948 607.8864 607.8755 607.8689 607.8594 607.8459
608.249 608.2455 608.241 608.2387 608.2335 608.2271 608.2236 608.2198 608.213 608.2115 608.205 608.2005 608.1947 608.1868 608.1855 608.1793 608.1727 608.166 608.1585 608.1576 608.1474 608.145 608.1391 608.1278 608.1254 608.1194 608.1129 608.1066 608.1002 608.0917 608.084 608.0732 608.072 608.0604 608.0516 608.0483 608.0362 608.0287 608.0183 608.0151 607.999 607.9969 607.9874 607.9769 607.9659 607.9543 607.9479 607.937 607.9261 607.9153 607.9079 607.8939 607.8837 607.8745 607.8623 607.848 607.8437 607.8309 607.8182 607.8077 607.7972 607.7874 607.7766 607.7636
608.2209 608.2194 608.2117 608.2108 608.2042 608.1971 608.194 608.1884 608.1834 608.1796 608.1771 608.1671 608.1635 608.1521 608.1506 608.1439 608.1364 608.1318 608.1251 608.1197 608.1138 608.106 608.1004 608.0927 608.0839 608.0775 608.0709 608.0635 608.0559 608.0488 608.0412 608.0313 608.0245 608.0138 608.0034 607.9984 607.9852 607.9806 607.9645 607.9634 607.9429 607.9418 607.9304 607.9189 607.9065 607.897 607.8862 607.8774 607.8646 607.8499 607.8412 607.8268 607.8168 607.8058 607.7899 607.7778 607.7702 607.7571 607.7432 607.7288 607.7173 607.706 607.6938 607.6812
608.1923 608.1915 608.183 608.1816 608.1743 608.1724 608.1656 608.1583 608.1528 608.1481 608.1467 608.1345 608.1331 608.1234 608.1165 608.1098 608.1049 608.0994 608.0911 608.0825 608.0802 608.067 608.0654 608.0563 608.0432 608.0404 608.03 608.0216 608.0123 608.0039 607.9954 607.9867 607.9775 607.9697 607.9576 607.9486 607.9367 607.9324 607.9125 607.9101 607.8934 607.8858 607.8765 607.8604 607.8466 607.8397 607.8279 607.8162 607.8034 607.7838 607.7744 607.7626 607.7475 607.7371 607.7184 607.7067 607.696 607.6833 607.6682 607.6497 607.6375 607.6245 607.6128 607.5972
608.165 608.1632 608.158 608.153 608.1483 608.1436 608.135 608.1306 608.1238 608.1161 608.1152 608.1039 608.1002 608.0921 608.0817 608.0798 608.0724 608.0634 608.054 608.0446 608.0436 608.0281 608.0269 608.0196 608.0016 608.0006 607.9921 607.9833 607.9714 607.9619 607.9502 607.9402 607.9302 607.9256 607.9098 607.8986 607.8901 607.8809 607.8638 607.8565 607.8424 607.8302 607.8227 607.805 607.7913 607.7825 607.7697 607.7535 607.7426 607.7205 607.7078 607.6982 607.6809 607.6667 607.6501 607.6359 607.6216 607.6091 607.5933 607.5717 607.5596 607.5432 607.5319 607.5142
608.1429 608.1351 608.1338 608.1237 608.1227 608.1141 608.105 608.0999 608.0942 608.0859 608.0831 608.076 608.0671 608.0594 608.0473 608.046 608.0369 608.0274 608.0182 608.0094 608.0061 607.9938 607.9879 607.9797 607.966 607.9596 607.9509 607.9419 607.9326 607.9219 607.9092 607.8979 607.8839 607.8815 607.8634 607.8503 607.8434 607.8298 607.8149 607.8027 607.7914 607.7741 607.7663 607.7512 607.7365 607.7252 607.709 607.6944 607.6807 607.6603 607.645 607.6329 607.6153 607.5965 607.5818 607.5654 607.5473 607.5341 607.5183 607.4975 607.4816 607.4641 607.451 607.4332
608.1191 608.1067 608.1059 608.095 608.0937 608.0844 608.0798 608.0733 608.0634 608.0575 608.0516 608.0483 608.0344 608.0308 608.0181 608.0117 608.0018 607.9937 607.9869 607.9775 607.9683 607.9603 607.9489 607.9413 607.9309 607.9182 607.9093 607.8997 607.8893 607.879 607.869 607.8568 607.8422 607.8348 607.8178 607.8046 607.7968 607.7783 607.7668 607.7494 607.7404 607.7186 607.7115 607.6973 607.6816 607.6664 607.6481 607.6353 607.6176 607.6002 607.5823 607.5677 607.5496 607.5289 607.5129 607.4949 607.4741 607.4606 607.4431 607.4233 607.4037 607.3857 607.371 607.3536
608.0922 608.0808 608.0774 608.0706 608.065 608.0579 608.0538 608.043 608.0375 608.0274 608.0195 608.0184 608.0028 607.9998 607.9896 607.9769 607.9709 607.9631 607.9542 607.9427 607.9308 607.9266 607.9102 607.9063 607.8955 607.8772 607.8722 607.8594 607.8479 607.8352 607.8241 607.8124 607.8004 607.7875 607.7737 607.758 607.7477 607.7294 607.7187 607.6974 607.6895 607.6693 607.6581 607.6434 607.6259 607.6068 607.5908 607.5754 607.558 607.54 607.5195 607.5024 607.4824 607.4627 607.4443 607.4244 607.404 607.387 607.374 607.3354 607.2799 607.2241 607.1809 607.133
608.0645 608.0587 608.0494 608.0472 608.0357 608.0334 608.0239 608.0129 608.0065 608.0001 607.9885 607.9868 607.975 607.967 607.9566 607.9425 607.9409 607.9301 607.9183 607.9062 607.8937 607.892 607.8738 607.8699 607.8587 607.8393 607.8348 607.8215 607.8096 607.7951 607.7822 607.7671 607.7538 607.7404 607.7296 607.7127 607.6979 607.6827 607.6706 607.6502 607.6385 607.6187 607.6046 607.588 607.5681 607.5491 607.5336 607.5158 607.4984 607.4792 607.4547 607.4371 607.4181 607.3965 607.3775 607.3387 607.283 607.2278 607.1711 607.116 607.0605 607.0047 606.957 606.9124
608.0405 608.0362 608.0212 608.0203 608.007 608.0058 607.9944 607.9872 607.98 607.9688 607.9623 607.9547 607.9472 607.9338 607.9268 607.9127 607.9066 607.8947 607.8825 607.8732 607.8618 607.8546 607.8403 607.8309 607.8204 607.8042 607.7938 607.7821 607.7709 607.7562 607.7423 607.7268 607.7117 607.6947 607.6855 607.6665 607.6492 607.6361 607.6224 607.6011 607.5875 607.5677 607.5496 607.5342 607.5142 607.4943 607.4763 607.4576 607.4388 607.4185 607.3945 607.38 607.3237 607.2538 607.1912 607.1234 607.0647 607.0096 606.9518 606.8964 606.841 606.7853 606.7332 606.6918
608.0185 608.0091 607.9966 607.9918 607.9831 607.9769 607.9675 607.9625 607.9509 607.9422 607.931 607.9231 607.9194 607.9017 607.8981 607.8842 607.8721 607.8619 607.8519 607.842 607.8299 607.8168 607.8066 607.7918 607.7822 607.7691 607.7526 607.7411 607.7285 607.7154 607.7021 607.6865 607.6706 607.653 607.6414 607.6222 607.6044 607.5895 607.5717 607.553 607.5341 607.5168 607.4943 607.4804 607.4603 607.4394 607.4191 607.3994 607.383 607.3272 607.2563 607.1866 607.1158 607.0456 606.9776 606.9124 606.8497 606.7914 606.7336 606.6768 606.6216 606.566 606.5099 606.471
607.9949 607.9815 607.9745 607.9637 607.9598 607.9478 607.9431 607.934 607.9207 607.9134 607.9047 607.8914 607.89 607.8739 607.8665 607.8541 607.8377 607.832 607.8213 607.809 607.7944 607.7792 607.7731 607.7538 607.7471 607.734 607.7125 607.704 607.6889 607.6742 607.6581 607.6442 607.6294 607.6112 607.5973 607.5777 607.5585 607.5428 607.5221 607.5049 607.4824 607.4658 607.4449 607.4266 607.4064 607.3855 607.3435 607.2673 607.192 607.1218 607.0503 606.9791 606.9094 606.8372 606.767 606.7072 606.6329 606.5732 606.518 606.4573 606.4021 606.3466 606.2905 606.2471
607.971 607.9581 607.9523 607.9357 607.9343 607.919 607.9178 607.9045 607.8947 607.8857 607.8745 607.8649 607.8583 607.8461 607.8336 607.8227 607.8074 607.8019 607.7878 607.773 607.7596 607.746 607.7394 607.7203 607.7121 607.6975 607.6774 607.6669 607.651 607.6358 607.6187 607.6026 607.5846 607.5674 607.5504 607.5336 607.5146 607.4962 607.4755 607.4568 607.4351 607.4148 607.3951 607.3602 607.2925 607.2153 607.1398 607.0674 606.9872 606.9167 606.846 606.7716 606.7019 606.6291 606.5591 606.4971 606.4186 606.3573 606.2998 606.238 606.1827 606.1271 606.0712 606.0233
607.947 607.9361 607.926 607.9124 607.9061 607.8956 607.8886 607.8771 607.8699 607.8589 607.8469 607.8354 607.8267 607.8183 607.8007 607.7941 607.7789 607.7673 607.7529 607.7407 607.7283 607.7142 607.7031 607.6866 607.6738 607.6609 607.6423 607.628 607.6131 607.5975 607.5798 607.5626 607.5443 607.5256 607.5056 607.4895 607.4696 607.4479 607.4288 607.4086 607.39 607.3376 607.2491 607.1654 607.0919 607.0179 606.9362 606.8673 606.7867 606.7128 606.6424 606.567 606.4944 606.4211 606.351 606.2835 606.2086 606.1438 606.0816 606.021 605.9631 605.9077 605.8517 605.7994
607.9214 607.9141 607.8986 607.8903 607.878 607.8723 607.8597 607.8527 607.8442 607.8286 607.8203 607.8083 607.7949 607.7905 607.7728 607.7654 607.7504 607.7329 607.723 607.7101 607.697 607.6823 607.6655 607.6531 607.6349 607.6231 607.6072 607.5867 607.5729 607.5573 607.5409 607.5227 607.5041 607.4845 607.4638 607.4454 607.4258 607.4032 607.3864 607.3035 607.2159 607.1419 607.0574 606.9715 606.8907 606.8227 606.7406 606.6636 606.5868 606.5095 606.437 606.3607 606.2869 606.2172 606.1426 606.0723 606.0075 605.9271 605.8633 605.8075 605.7435 605.6882 605.6324 605.5764
607.8994 607.8891 607.8756 607.8681 607.8503 607.8486 607.8315 607.8282 607.8146 607.8021 607.7916 607.7803 607.7674 607.7617 607.7451 607.7335 607.7186 607.7021 607.693 607.6795 607.6638 607.6463 607.6303 607.6195 607.6003 607.588 607.5722 607.5507 607.5358 607.5184 607.5004 607.4813 607.4638 607.4434 607.4221 607.4013 607.3652 607.2782 607.1958 607.1118 607.0254 606.9461 606.869 606.7776 606.6938 606.6221 606.5432 606.46 606.3909 606.306 606.2321 606.1611 606.0794 606.0097 605.9344 605.8644 605.8021 605.7137 605.65 605.59 605.5242 605.4688 605.413 605.357
607.8738 607.8669 607.8536 607.8428 607.8281 607.8205 607.8082 607.8007 607.7867 607.7773 607.7659 607.7516 607.7401 607.7299 607.7172 607.7004 607.69 607.6736 607.6625 607.6454 607.6295 607.6147 607.5984 607.5859 607.5667 607.553 607.5363 607.5156 607.4987 607.4805 607.4621 607.4424 607.4229 607.4022 607.3676 607.2739 607.1806 607.0876 607.0052 606.9202 606.8373 606.7504 606.6763 606.5849 606.5 606.4211 606.35 606.2658 606.1875 606.1061 606.0308 605.9576 605.8774 605.8022 605.7272 605.6564 605.5895 605.509 605.438 605.3718 605.3083 605.2493 605.1937 605.1376
607.8478 607.8406 607.8316 607.8157 607.806 607.7923 607.7849 607.7718 607.7623 607.7526 607.7362 607.7261 607.7119 607.6981 607.6895 607.6718 607.6614 607.6451 607.6279 607.614 607.5989 607.5834 607.5665 607.5516 607.5331 607.5168 607.5005 607.4805 607.4616 607.4426 607.4238 607.4034 607.3691 607.2755 607.1826 607.0889 606.9952 606.9014 606.8146 606.7305 606.6458 606.557 606.4805 606.3961 606.3062 606.2224 606.1522 606.0684 605.9838 605.9084 605.8271 605.7523 605.6772 605.5947 605.5235 605.4479 605.3776 605.3079 605.2212 605.1545 605.0948 605.0297 604.9743 604.9182
607.8217 607.8184 607.8072 607.7932 607.7839 607.7661 607.7615 607.7441 607.7378 607.7244 607.7095 607.6974 607.6856 607.6699 607.6616 607.644 607.6327 607.6163 607.5967 607.584 607.5683 607.5521 607.5347 607.5145 607.4995 607.4803 607.464 607.4454 607.424 607.4047 607.3706 607.2775 607.1842 607.0905 606.9973 606.9039 606.8102 606.7169 606.6241 606.5417 606.4541 606.3704 606.2848 606.2074 606.1136 606.0284 605.9516 605.8752 605.7906 605.7113 605.6254 605.549 605.4761 605.3936 605.3175 605.2397 605.1697 605.1024 605.0092 604.9426 604.8802 604.8104 604.7549 604.6989
607.7989 607.7946 607.7853 607.7712 607.7599 607.7439 607.7349 607.7207 607.7128 607.6963 607.6848 607.6717 607.6564 607.6439 607.6334 607.6161 607.6002 607.5859 607.5682 607.5541 607.5377 607.5187 607.501 607.4827 607.4659 607.4467 607.429 607.4103 607.3734 607.28 607.186 607.092 606.9992 606.9055 606.8118 606.7189 606.6252 606.5314 606.4377 606.3511 606.2645 606.1796 606.089 606.015 605.923 605.8347 605.7508 605.6804 605.5937 605.5076 605.4262 605.3486 605.2728 605.1898 605.11 605.0335 604.9617 604.8954 604.8095 604.7307 604.662 604.5958 604.5355 604.4795
607.7784 607.7684 607.7607 607.7492 607.7328 607.7218 607.7066 607.6974 607.6838 607.6718 607.66 607.6441 607.6308 607.6155 607.6016 607.5884 607.5707 607.5573 607.5397 607.5231 607.5051 607.4877 607.4697 607.4508 607.4323 607.4131 607.3951 607.289 607.1898 607.0974 607.0026 606.907 606.8138 606.7206 606.6269 606.5336 606.4402 606.3464 606.2532 606.1606 606.0782 605.988 605.9021 605.8192 605.7345 605.6423 605.5569 605.4818 605.4 605.3132 605.2338 605.1448 605.0677 604.9923 604.9041 604.8298 604.7533 604.683 604.6082 604.5154 604.4472 604.3822 604.316 604.2601
607.7579 607.7423 607.7375 607.7255 607.7108 607.6996 607.6818 607.674 607.6566 607.6474 607.6346 607.617 607.6032 607.5892 607.5724 607.5605 607.5429 607.5286 607.5112 607.4914 607.4751 607.4571 607.4385 607.4189 607.404 607.3211 607.22 607.1139 607.0079 606.9142 606.8201 606.7245 606.6284 606.5355 606.4419 606.3482 606.2552 606.1615 606.0677 605.9741 605.8876 605.7985 605.7135 605.6234 605.5458 605.45 605.3634 605.2808 605.2077 605.1189 605.0314 604.9448 604.8669 604.7911 604.7046 604.6253 604.545 604.475 604.4027 604.3096 604.2352 604.1687 604.0966 604.0408
