samples/sfe_322/sfe_322_r2/sfe_322_r2/sfe_322_r2.asc
ncols         299
nrows         166
xllcorner     73.39999999851
yllcorner     65.60000000149
cellsize      1
NODATA_value  -9999
[rows 112 to 139 of 166, columns 0 to 63 of 299]
-9999 -9999 607.541 607.0603 606.5796 606.0989 605.8546 605.7148 605.5744 605.4345 605.2853 605.1433 605.0048 604.8655 604.7264 604.5809 604.4415 604.317 604.1953 604.0702 603.939 603.8034 603.6688 603.4015 602.916 602.613 602.2955 602.0605 601.752 601.4815 601.2235 601.0425 600.856 600.687 600.517 600.4095 600.2665 600.1805 600.1015 600.0415 600 599.986 599.9785 599.998 600.022 600.083 600.138 600.229 600.3215 600.4345 600.551 600.7245 600.873 601.042 601.2315 601.3875 601.639 601.863 602.0935 602.3395 602.563 602.908 603.12 603.488
-9999 -9999 -9999 607.2947 606.8141 606.3334 605.8528 605.5758 605.4361 605.2957 605.1556 605.0085 604.8665 604.728 604.5887 604.4496 604.3061 604.1661 604.0502 603.9259 603.8008 603.6699 603.364 602.976 602.6335 602.2791 602.0245 601.7805 601.549 601.248 601.066 600.8515 600.694 600.536 600.4215 600.3025 600.1925 600.111 600.058 600.0056 599.988 599.9775 599.9965 600.0185 600.0699 600.1315 600.214 600.3015 600.4245 600.53 600.6805 600.851 601.013 601.21 601.3755 601.588 601.806 602.085 602.29 602.557 602.7975 603.117 603.383 603.6065
-9999 -9999 -9999 607.5292 607.0485 606.5679 606.0872 605.6066 605.2971 605.1573 605.0168 604.8768 604.7318 604.5897 604.4512 604.312 604.1727 604.0313 603.8908 603.7816 603.6564 603.3705 602.946 602.706 602.3025 602.0495 601.7445 601.5795 601.317 601.0895 600.8735 600.7245 600.52 600.4385 600.3055 600.225 600.121 600.0655 600.017 599.9915 599.9795 599.991 600.0143 600.064 600.112 600.206 600.283 600.404 600.5195 600.659 600.816 601.001 601.172 601.3635 601.5765 601.751 602.029 602.239 602.508 602.7925 603.0345 603.382 603.594 603.7214
-9999 -9999 -9999 -9999 607.283 606.8023 606.3217 605.841 605.3604 605.0182 604.8785 604.7381 604.598 604.455 604.3129 604.1744 604.0352 603.896 603.7564 603.6233 603.3775 602.9625 602.6705 602.415 602.074 601.77 601.5525 601.345 601.1535 600.896 600.7455 600.57 600.435 600.32 600.2345 600.1475 600.074 600.023 599.999 599.9805 599.992 600.006 600.0594 600.105 600.186 600.274 600.384 600.4975 600.6475 600.774 600.953 601.1595 601.333 601.5655 601.74 601.9745 602.215 602.4715 602.7545 603.0315 603.2745 603.5947 603.7162 603.8506
-9999 -9999 -9999 -9999 607.5174 607.0367 606.5561 606.0754 605.5948 605.1141 604.7394 604.5997 604.4593 604.3193 604.1782 604.0361 603.8975 603.7584 603.6193 603.3045 602.9785 602.6906 602.3445 602.1335 601.7955 601.5775 601.3165 601.162 600.9585 600.766 600.589 600.4695 600.3295 600.2475 600.15 600.093 600.029 600.0031 599.983 599.9915 600.0026 600.047 600.0995 600.177 600.2455 600.374 600.473 600.633 600.7625 600.927 601.11 601.319 601.5135 601.729 601.965 602.1515 602.462 602.6745 603.025 603.2735 603.5425 603.689 603.8303 603.9716
-9999 -9999 -9999 -9999 -9999 607.2712 606.7905 606.3099 605.8292 605.3486 604.8679 604.4606 604.321 604.1805 604.0406 603.9009 603.7593 603.6207 603.3135 602.954 602.71 602.367 602.1175 601.8675 601.612 601.3415 601.1565 600.975 600.8195 600.608 600.4865 600.348 600.259 600.1605 600.1021 600.0405 600.0075 599.985 599.99 600.001 600.0435 600.088 600.17 600.238 600.3445 600.463 600.5995 600.7345 600.915 601.062 601.269 601.468 601.6965 601.955 602.1479 602.3875 602.668 602.9435 603.259 603.543 603.6745 603.8033 603.9443 604.0856
-9999 -9999 -9999 -9999 -9999 607.5056 607.025 606.5443 606.0637 605.583 605.1024 604.6217 604.1817 604.0422 603.9017 603.7618 603.622 603.368 602.971 602.6795 602.39 602.1415 601.841 601.6755 601.4025 601.1805 600.959 600.829 600.659 600.5085 600.3635 600.272 600.1705 600.1115 600.0475 600.017 599.988 599.9905 599.9993 600.04 600.0825 600.1495 600.23 600.3365 600.428 600.5885 600.7085 600.8875 601.05 601.24 601.448 601.6405 601.9 602.139 602.3979 602.615 602.94 603.161 603.5075 603.6635 603.8019 603.9329 604.061 604.1997
-9999 -9999 -9999 -9999 -9999 -9999 607.2594 606.7787 606.2981 605.8174 605.3368 604.8561 604.3755 603.9161 603.7634 603.623 603.3475 603.0475 602.7005 602.3795 602.1665 601.866 601.6485 601.439 601.2455 600.982 600.8336 600.674 600.5485 600.388 600.286 600.1815 600.1235 600.0545 600.022 599.993 599.991 599.9975 600.0295 600.0765 600.143 600.2135 600.327 600.418 600.553 600.6975 600.861 601.007 601.2285 601.396 601.63 601.8425 602.1035 602.391 602.6015 602.9055 603.1585 603.435 603.6348 603.7836 603.9219 604.0603 604.1913 604.3195
-9999 -9999 -9999 -9999 -9999 -9999 607.4939 607.0132 606.5326 606.0519 605.5713 605.0906 604.6099 604.1293 603.6506 603.4435 603.0005 602.765 602.4495 602.1615 601.8915 601.674 601.4115 601.2685 601.045 600.8625 600.6775 600.567 600.4205 600.3125 600.193 600.1345 600.071 600.0325 599.9965 599.9915 599.9965 600.027 600.063 600.123 600.2065 600.299 600.4055 600.542 600.6555 600.8495 600.991 601.1685 601.384 601.6 601.8325 602.047 602.291 602.59 602.8775 603.121 603.435 603.626 603.7569 603.8903 604.0419 604.1803 604.3187 604.4497
-9999 -9999 -9999 -9999 -9999 -9999 607.7283 607.2477 606.767 606.2864 605.8057 605.3251 604.8444 604.3638 603.8831 603.302 602.9655 602.4535 602.21 601.929 601.708 601.437 601.2615 601.0685 600.903 600.723 600.5685 600.4375 600.334 600.223 600.142 600.084 600.0396 600.0081 599.9935 599.996 600.018 600.0585 600.1185 600.1825 600.2905 600.387 600.5165 600.6445 600.8075 600.9775 601.1695 601.332 601.589 601.776 602.038 602.2725 602.5075 602.8395 603.0985 603.387 603.627 603.7563 603.8862 604.0178 604.1488 604.2992 604.4387 604.5771
-9999 -9999 -9999 -9999 -9999 -9999 -9999 607.4821 607.0015 606.5208 606.0402 605.5595 605.0789 604.5982 604.1176 603.7692 603.6295 602.3965 601.9365 601.7375 601.4935 601.273 601.083 600.9255 600.737 600.607 600.4645 600.349 600.237 600.163 600.086 600.043 600.0095 599.995 599.996 600.016 600.052 600.111 600.1755 600.2635 600.3755 600.4965 600.6185 600.796 600.932 601.1465 601.3205 601.537 601.766 602.007 602.244 602.501 602.7565 603.067 603.366 603.6052 603.7488 603.8872 604.0165 604.1463 604.2778 604.4107 604.5547 604.6971
-9999 -9999 -9999 -9999 -9999 -9999 -9999 607.7166 607.2359 606.7552 606.2746 605.7939 605.3133 604.8326 604.352 603.916 603.772 603.6404 602.3845 601.525 601.339 601.07 600.9515 600.7575 600.62 600.4895 600.385 600.25 600.1735 600.0975 600.0535 600.013 599.9975 599.996 600.0125 600.0485 600.095 600.164 600.2475 600.347 600.4635 600.6075 600.738 600.9105 601.1005 601.2765 601.526 601.7095 601.9975 602.2055 602.4745 602.751 603.008 603.3215 603.604 603.7216 603.8652 604.0089 604.1475 604.2766 604.4064 604.5378 604.6727 604.8102
-9999 -9999 -9999 -9999 -9999 -9999 -9999 -9999 607.4703 606.9897 606.509 606.0284 605.5477 605.0671 604.5864 604.1058 603.6994 603.783 603.6514 601.4445 601.135 600.9655 600.7985 600.643 600.4855 600.382 600.284 600.194 600.1065 600.0605 600.0235 600.001 599.996 600.007 600.04 600.0815 600.157 600.2285 600.33 600.4415 600.5625 600.7175 600.8585 601.049 601.2345 601.4529 601.6855 601.9415 602.177 602.463 602.6895 603.0045 603.2635 603.605 603.7097 603.8413 603.9816 604.1252 604.2689 604.4077 604.5368 604.6666 604.7979 604.9346
-9999 -9999 -9999 -9999 -9999 -9999 -9999 -9999 607.7048 607.2241 606.7435 606.2628 605.7822 605.3015 604.8209 604.3402 603.7593 603.9255 603.7939 603.6641 601.4855 600.8205 600.688 600.512 600.399 600.2905 600.2115 600.1285 600.069 600.0285 600.0045 599.998 600.0055 600.036 600.0715 600.128 600.2165 600.3055 600.4095 600.55 600.67 600.845 601.013 601.1875 601.4195 601.6175 601.877 602.102 602.3985 602.667 602.973 603.2625 603.549 603.7103 603.8422 603.9734 604.105 604.2416 604.3853 604.5289 604.6678 604.7969 604.9268 605.0579
-9999 -9999 -9999 -9999 -9999 -9999 -9999 -9999 -9999 607.4586 606.9779 606.4973 606.0166 605.5359 605.0553 604.5746 604.2074 604.068 603.9365 603.8061 603.6769 600.736 600.549 600.425 600.316 600.224 600.14 600.0825 600.0385 600.0085 599.9995 600.001 600.03 600.0645 600.1235 600.178 600.2965 600.3835 600.5175 600.656 600.82 600.9745 601.173 601.3665 601.604 601.827 602.03 602.349 602.5625 602.9235 603.187 603.5495 603.7011 603.8418 603.9722 604.1058 604.2372 604.3687 604.5017 604.6453 604.7889 604.928 605.0571 605.1869
-9999 -9999 -9999 -9999 -9999 -9999 -9999 -9999 -9999 607.6931 607.2124 606.7318 606.2511 605.7704 605.2897 604.8091 604.3539 604.2105 604.079 603.9481 603.819 603.6823 600.469 600.335 600.252 600.154 600.0915 600.047 600.013 600.0025 599.9999 600.026 600.0535 600.1085 600.1715 600.2665 600.3695 600.503 600.6185 600.7975 600.9545 601.144 601.344 601.5515 601.7935 602.0395 602.283 602.5565 602.851 603.105 603.4505 603.6748 603.8224 603.9631 604.1038 604.2342 604.3694 604.5009 604.6323 604.7635 604.9053 605.049 605.1882 605.3173
-9999 -9999 -9999 -9999 -9999 -9999 -9999 -9999 -9999 -9999 607.4468 606.9662 606.4855 606.0049 605.5242 605.0436 604.5629 604.2144 604.2214 604.0902 603.9611 603.0823 603.6951 600.2645 600.176 600.1035 600.0575 600.0195 600.005 599.9976 600.021 600.049 600.1035 600.1475 600.249 600.3415 600.476 600.602 600.767 600.91 601.133 601.2895 601.5095 601.7345 601.983 602.265 602.519 602.832 603.0815 603.3845 603.6476 603.7889 603.9341 604.0844 604.225 604.3657 604.4962 604.6331 604.7646 604.896 605.0272 605.1653 605.309 605.4484
-9999 -9999 -9999 -9999 -9999 -9999 -9999 -9999 -9999 -9999 607.6813 607.2006 606.72 606.2393 605.7587 605.278 604.7974 604.2166 604.364 604.2324 604.1031 602.235 603.8374 603.7081 600.116 600.0825 600.0275 600.0095 599.998 600.0185 600.0425 600.0905 600.15 600.234 600.314 600.4595 600.5645 600.7355 600.882 601.062 601.2679 601.475 601.6875 601.936 602.1935 602.486 602.754 603.0695 603.376 603.6152 603.7702 603.9115 604.0528 604.1933 604.3463 604.487 604.6276 604.7581 604.8961 605.0283 605.1597 605.291 605.4254 605.569
-9999 -9999 -9999 -9999 -9999 -9999 -9999 -9999 -9999 -9999 -9999 607.4351 606.9544 606.4738 605.9931 605.5125 605.0318 604.6456 604.5065 604.3749 604.2451 602.6119 603.9797 603.8503 603.721 600.068 600.019 599.9996 600.015 600.035 600.0845 600.1325 600.2175 600.301 600.426 600.5515 600.6965 600.845 601.027 601.194 601.437 601.633 601.8995 602.115 602.431 602.6875 602.99 603.3005 603.6113 603.7284 603.8772 604.033 604.1754 604.3167 604.4551 604.6072 604.7489 604.8896 605.0201 605.158 605.2921 605.4233 605.5547 605.686
-9999 -9999 -9999 -9999 -9999 -9999 -9999 -9999 -9999 -9999 -9999 607.6695 607.1888 606.7082 606.2275 605.7469 605.2662 604.7919 604.649 604.5175 604.3872 604.2581 604.1219 603.9926 603.8633 603.7339 600.0125 600.006 600.033 600.0765 600.1315 600.2025 600.2935 600.3905 600.517 600.6645 600.7995 600.9965 601.141 601.39 601.584 601.847 602.0795 602.3705 602.637 602.96 603.233 603.561 603.6927 603.8431 603.9944 604.1446 604.2941 604.4392 604.5806 604.7177 604.8664 605.0109 605.1516 605.282 605.4199 605.5557 605.687 605.8183
-9999 -9999 -9999 -9999 -9999 -9999 -9999 -9999 -9999 -9999 -9999 607.9039 607.4233 606.9426 606.462 605.9813 605.5007 605.02 604.7294 604.66 604.5292 604.4001 604.2642 604.1349 604.0056 603.8762 602.3925 600.015 600.0325 600.1175 600.1895 600.2765 600.3745 600.479 600.636 600.7905 600.96 601.129 601.35 601.545 601.823 602.022 602.3205 602.5725 602.9035 603.1635 603.505 603.6881 603.8276 603.9619 604.1092 604.2605 604.4118 604.5552 604.7031 604.8444 604.9803 605.1257 605.2728 605.4135 605.544 605.6819 605.8193 605.9507
-9999 -9999 -9999 -9999 -9999 -9999 -9999 -9999 -9999 -9999 -9999 -9999 607.6577 607.1771 606.6964 606.2158 605.7351 605.2545 604.6738 604.8024 604.6713 604.5421 604.4065 604.2772 604.1478 604.0185 602.5812 600.4173 600.1115 600.1245 600.263 600.358 600.476 600.593 600.7545 600.9235 601.12 601.2995 601.5145 601.75 602.0085 602.2635 602.49 602.8285 603.12 603.414 603.6592 603.8085 603.9578 604.0968 604.2311 604.3752 604.5266 604.6779 604.8163 604.967 605.1083 605.2429 605.3856 605.5348 605.6755 605.8059 605.9438 606.0829
-9999 -9999 -9999 -9999 -9999 -9999 -9999 -9999 -9999 -9999 -9999 -9999 607.8922 607.4116 606.9309 606.4503 605.9695 605.4889 605.0837 604.9449 604.8134 604.6842 604.5488 604.4194 604.2901 604.1608 602.77 600.6061 600.3642 600.2723 600.276 600.45 600.5735 600.7385 600.872 601.092 601.254 601.4695 601.71 601.955 602.229 602.4555 602.775 603.0335 603.396 603.6356 603.7797 603.9289 604.0781 604.2274 604.366 604.5002 604.6415 604.7926 604.9439 605.0798 605.2308 605.3721 605.5064 605.6482 605.7968 605.9374 606.0678 606.2058
-9999 -9999 -9999 -9999 -9999 -9999 -9999 -9999 -9999 -9999 -9999 -9999 -9999 607.646 607.1653 606.6847 606.204 605.7234 605.2427 605.0875 604.9559 604.8262 604.4437 604.5617 604.4324 604.303 602.9587 600.7949 600.6169 600.525 600.3239 600.485 600.704 600.8521 601.031 601.231 601.424 601.6385 601.906 602.149 602.45 602.7125 603.0025 603.326 603.6168 603.7546 603.9062 604.0517 604.1985 604.3478 604.497 604.6352 604.7694 604.9127 605.0587 605.21 605.347 605.4947 605.636 605.7701 605.9108 606.058 606.1994 606.3297
-9999 -9999 -9999 -9999 -9999 -9999 -9999 -9999 -9999 -9999 -9999 -9999 -9999 607.8804 607.3998 606.9191 606.4385 605.9578 605.4772 605.23 605.0984 604.9683 603.5964 604.704 604.5746 604.4453 603.1475 601.0157 600.8696 600.7778 600.5736 600.5965 600.754 600.996 601.168 601.4095 601.577 601.868 602.0775 602.3945 602.6475 602.9995 603.2595 603.618 603.723 603.8737 604.0253 604.1769 604.3247 604.4682 604.6174 604.7667 604.9044 605.0386 605.1837 605.3247 605.476 605.6145 605.7564 605.8999 606.0338 606.1734 606.3173 606.4614
-9999 -9999 -9999 -9999 -9999 -9999 -9999 -9999 -9999 -9999 -9999 -9999 -9999 -9999 607.6342 607.1536 606.6729 606.1923 605.7116 605.1311 605.241 605.1103 603.8589 604.8463 604.7169 604.5876 603.3363 601.262 601.1224 601.0305 600.8453 600.8682 600.8437 601.08 601.357 601.558 601.794 602.051 602.3005 602.5855 602.8965 603.187 603.516 603.6888 603.8444 603.9951 604.1443 604.2959 604.4476 604.5977 604.7378 604.887 605.0363 605.1736 605.3077 605.4541 605.5908 605.7421 605.882 606.0175 606.1638 606.2975 606.436 606.5787
-9999 -9999 -9999 -9999 -9999 -9999 -9999 -9999 -9999 -9999 -9999 -9999 -9999 -9999 607.8687 607.388 606.9073 606.4267 605.946 605.5219 605.3834 605.2524 605.1232 604.9885 604.8592 604.7299 603.5251 601.5082 601.3751 601.2699 601.117 601.14 601.0687 601.2142 601.468 601.756 601.972 602.2865 602.4875 602.8255 603.1 603.458 603.674 603.8115 603.9597 604.1166 604.2672 604.415 604.5666 604.7182 604.8698 605.0074 605.1567 605.3059 605.4428 605.5769 605.7233 605.8608 606.0081 606.1494 606.2824 606.4276 606.5612 606.6985
-9999 -9999 -9999 -9999 -9999 -9999 -9999 -9999 -9999 -9999 -9999 -9999 -9999 -9999 -9999 607.6224 607.1418 606.6611 606.1805 605.6998 605.5259 605.3944 605.2653 605.1308 605.0015 604.8721 603.7139 601.7543 601.6279 601.5087 601.3887 601.4117 601.2925 601.4823 601.4946 601.913 602.2215 602.4515 602.757 603.047 603.361 603.6442 603.7981 603.949 604.0864 604.2305 604.3887 604.5394 604.6856 604.8373 604.9889 605.1405 605.2796 605.4263 605.5756 605.712 605.8461 605.9924 606.132 606.2742 606.4167 606.5496 606.6915 606.8248
