COS0=(1.8930499293046812, 1.0, 200.0, MASK0)
COS1=(0.8532756478062995, 2.0, -130.0, MASK0)
COS2=(2.96773409162389, 3.0, 40.0, MASK0)
COS3=(1.0061715641019315, 4.0, 120.0, MASK0)
COS4=(1.8865399399000202, 5.0, 10.0, MASK0)
COS5=(1.921029835868746, 6.0, 70.0, MASK0)
COS6=(0.5022475598252667, 7.0, 20.0, MASK0)
COS7=(0.9897176724872239, 9.0, 10.0, MASK0)
COS8=(0.3878487642458265, 10.0, -40.0, MASK0)
COS9=(0.21938768437616432, 13.0, 30.0, MASK0)
COS10=(0.4526524338452406, 15.0, 30.0, MASK0)
COS11=(0.4088794471810375, 17.5, -20.0, MASK0)
COS12=(0.5906406190003429, 21.5, 10.0, MASK0)
COS13=(0.8052396876661262, 22.5, -20.0, MASK0)
COS14=(0.44418394192018607, 23.5, -10.0, MASK0)
COS15=(0.18398643140065735, 28.5, 10.0, MASK0)
COS16=(0.45578736846281964, 31.0, 20.0, MASK0)
COS17=(0.09686381415495149, 37.5, -20.0, MASK0)
COS18=(0.17006083770089053, 41.0, -10.0, MASK0)
COS19=(0.3726893393096187, 39.5, 10.0, MASK0)
COS20=(0.2916763510249548, 35.0, -10.0, MASK0)
COS21=(0.4072020027728045, 29.5, 10.0, MASK0)
COS22=(0.21511340193698222, 26.5, 10.0, MASK0)
COS23=(0.5906406190003429, 21.5, 10.0, MASK0)
COS24=(0.5334043148268467, 20.5, -20.0, MASK0)
COS25=(0.5297594793393903, 19.5, 20.0, MASK0)
COS26=(0.28090472634712316, 19.0, -20.0, MASK0)
COS27=(0.4368033199870637, 15.5, 10.0, MASK0)
COS28=(0.21938768437616435, 13.0, 30.0, MASK0)
COS29=(0.505220798265021, 10.5, 10.0, MASK0)
COS30=(0.6816492583930627, 7.5, -30.0, MASK0)
COS31=(0.5022475598252665, 7.0, 20.0, MASK0)
COS32=(1.8865399399000202, 5.0, 10.0, MASK0)
COS33=(1.0061715641019315, 4.0, 120.0, MASK0)
COS34=(2.96773409162389, 3.0, 40.0, MASK0)
COS35=(0.8532756478062996, 2.0, -130.0, MASK0)
COS36=(1.8930499293046807, 1.0, 200.0, MASK0)
