COS0=(1.8930499293046812, 1.0, 200.0, MASK0)
COS1=(0.8532756478062995, 2.0, -130.0, MASK0)
COS2=(2.96773409162389, 3.0, 40.0, MASK0)
COS3=(1.0061715641019315, 4.0, 120.0, MASK0)
COS4=(1.8865399399000202, 5.0, 10.0, MASK0)
COS5=(1.921029835868746, 6.0, 70.0, MASK0)
COS6=(0.5022475598252667, 7.0, 20.0, MASK0)
COS7=(0.6816492583930629, 7.5, -30.0, MASK0)
COS8=(0.9897176724872239, 9.0, 10.0, MASK0)
COS9=(0.3878487642458265, 10.0, -40.0, MASK0)
COS10=(0.505220798265021, 10.5, 10.0, MASK0)
COS11=(0.747767316795129, 12.0, 10.0, MASK0)
COS12=(0.21938768437616432, 13.0, 30.0, MASK0)
COS13=(0.7494084106776602, 13.5, 10.0, MASK0)
COS14=(0.4526524338452406, 15.0, 30.0, MASK0)
COS15=(0.43680331998706357, 15.5, 10.0, MASK0)
COS16=(0.5401331513121868, 17.0, -30.0, MASK0)
COS17=(0.4088794471810375, 17.5, -20.0, MASK0)
COS18=(0.28090472634712327, 19.0, -20.0, MASK0)
COS19=(0.5297594793393903, 19.5, 20.0, MASK0)
COS20=(0.5334043148268466, 20.5, -20.0, MASK0)
COS21=(0.5906406190003429, 21.5, 10.0, MASK0)
COS22=(0.8052396876661262, 22.5, -20.0, MASK0)
COS23=(0.44418394192018607, 23.5, -10.0, MASK0)
COS24=(0.11350604266871256, 24.5, 10.0, MASK0)
COS25=(0.26069310686165814, 25.5, -20.0, MASK0)
