COS0=(15.890504099294363, 1.0, 470.0, MASK0)
COS1=(7.0469018211607, 2.0, 130.0, MASK0)
COS2=(1.9177310875381348, 3.0, 150.0, MASK0)
COS3=(1.5403264479707057, 4.0, 110.0, MASK0)
