COS0=(1.0419159062374244, 1.0, -114.0, MASK0)
COS1=(2.0129969584369327, 2.0, -76.0, MASK0)
COS2=(0.2622357794302675, 3.0, 40.0, MASK0)
COS3=(0.3602467635291036, 5.0, -22.0, MASK0)
COS4=(0.38088998003101865, 7.0, -4.0, MASK0)
COS5=(0.1612839846957646, 8.0, 14.0, MASK0)
COS6=(0.10051644100004817, 10.0, 6.0, MASK0)
COS7=(0.20770927015107118, 11.0, -14.0, MASK0)
COS8=(0.1263963169262738, 12.0, -10.0, MASK0)
COS9=(0.04492413673079762, 13.5, 6.0, MASK0)
COS10=(0.1705500134832084, 16.0, 2.0, MASK0)
COS11=(0.16064674343487148, 16.5, -6.0, MASK0)
COS12=(0.1214795184028924, 17.5, 4.0, MASK0)
COS13=(0.20423508959201245, 20.0, 6.0, MASK0)
COS14=(0.10385747582030953, 21.0, -6.0, MASK0)
COS15=(0.08346074479094931, 22.5, 2.0, MASK0)
COS16=(0.10230162781218895, 24.5, 2.0, MASK0)
COS17=(0.0492089872033223, 26.0, -6.0, MASK0)
COS18=(0.027314216117928867, 26.5, 4.0, MASK0)
COS19=(0.10992550727393288, 28.5, -4.0, MASK0)
COS20=(0.02857689993874725, 30.0, -6.0, MASK0)
COS21=(0.009779199723848716, 31.5, 2.0, MASK0)
COS22=(0.049504382394531414, 33.5, 6.0, MASK0)
COS23=(0.019764079098175902, 34.5, 2.0, MASK0)
COS24=(0.032642117967661866, 36.5, 2.0, MASK0)
COS25=(0.052371798062653296, 37.5, -4.0, MASK0)
COS26=(0.023030911914179795, 38.5, 2.0, MASK0)
COS27=(0.03694811953835364, 40.5, 4.0, MASK0)
COS28=(0.03332300199628643, 41.5, -2.0, MASK0)
COS29=(0.03892034047258537, 43.5, -4.0, MASK0)
COS30=(0.034905418795666235, 44.5, -4.0, MASK0)
COS31=(0.05738919580730863, 46.5, 4.0, MASK0)
COS32=(0.007800242772641566, 47.5, -2.0, MASK0)
COS33=(0.047709679110988286, 49.0, -4.0, MASK0)
COS34=(0.03295143834651858, 50.0, -2.0, MASK0)
COS35=(0.03553805947969448, 52.5, 2.0, MASK0)
COS36=(0.0014566388326334428, 54.0, 4.0, MASK0)
COS37=(0.0415661591605649, 55.0, -2.0, MASK0)
COS38=(0.009147325261407737, 56.0, -2.0, MASK0)
COS39=(0.013127154731811077, 58.5, 4.0, MASK0)
COS40=(0.025157313111554426, 60.0, -2.0, MASK0)
COS41=(0.00849645597837724, 61.0, -2.0, MASK0)
COS42=(0.023304403698453376, 63.5, 2.0, MASK0)
COS43=(0.01637072090359487, 64.0, -2.0, MASK0)
COS44=(0.004132354318867459, 66.0, -2.0, MASK0)
COS45=(0.04590196962925039, 67.0, -2.0, MASK0)
COS46=(0.027974085986220677, 68.5, -2.0, MASK0)
COS47=(0.013266958253286443, 70.0, -2.0, MASK0)
COS48=(0.02805074982942547, 72.0, -2.0, MASK0)
COS49=(0.019358505980160493, 73.0, -4.0, MASK0)
COS50=(0.005828681845118101, 75.0, 2.0, MASK0)
COS51=(0.02912371175317938, 76.0, -2.0, MASK0)
COS52=(0.029123711753179418, 76.0, -2.0, MASK0)
