COS0=(0.6531148480081551, 1.0, -136.0, MASK0)
COS1=(1.069795219611903, 2.0, 22.0, MASK0)
COS2=(0.332719065477588, 3.0, -16.0, MASK0)
COS3=(0.36731655562256116, 4.0, -8.0, MASK0)
COS4=(0.5859132353129877, 5.0, 6.0, MASK0)
COS5=(0.14444872273550022, 6.0, -16.0, MASK0)
COS6=(0.3542838012771037, 7.0, 18.0, MASK0)
COS7=(0.37664511621884095, 8.0, -18.0, MASK0)
COS8=(0.350075792160621, 8.5, -8.0, MASK0)
COS9=(0.15322304963518768, 10.0, 16.0, MASK0)
