COS0=(0.6531148480081551, 1.0, -136.0, MASK0)
COS1=(1.069795219611903, 2.0, 22.0, MASK0)
COS2=(0.332719065477588, 3.0, -16.0, MASK0)
COS3=(0.5859132353129877, 5.0, 6.0, MASK0)
COS4=(0.14444872273550022, 6.0, -16.0, MASK0)
COS5=(0.37664511621884095, 8.0, -18.0, MASK0)
COS6=(0.350075792160621, 8.5, -8.0, MASK0)
COS7=(0.15322304963518768, 10.0, 16.0, MASK0)
COS8=(0.10906189624510612, 12.0, -4.0, MASK0)
COS9=(0.018802170146608926, 13.0, -2.0, MASK0)
COS10=(0.024298838594092216, 15.0, -2.0, MASK0)
COS11=(0.009918641545446315, 16.0, -2.0, MASK0)
COS12=(0.007184607541110954, 17.5, -6.0, MASK0)
COS13=(0.04664234358941238, 19.0, -2.0, MASK0)
COS14=(0.040063799129473936, 20.0, 8.0, MASK0)
COS15=(0.05346305049531902, 22.0, 6.0, MASK0)
COS16=(0.07205557994307649, 22.5, -2.0, MASK0)
COS17=(0.0470614124795332, 23.5, -2.0, MASK0)
COS18=(0.044571732547959014, 26.0, 6.0, MASK0)
COS19=(0.030963138880306648, 28.0, 6.0, MASK0)
COS20=(0.051684396135857374, 28.5, -2.0, MASK0)
COS21=(0.06393455065744047, 30.5, -2.0, MASK0)
COS22=(0.03514546724586515, 31.5, 6.0, MASK0)
COS23=(0.05291634268338173, 32.5, -2.0, MASK0)
COS24=(0.023856684103047227, 33.5, 6.0, MASK0)
COS25=(0.047702937372728585, 35.5, 4.0, MASK0)
COS26=(0.021393957622038114, 36.5, -2.0, MASK0)
COS27=(0.033573167106361046, 38.5, 4.0, MASK0)
COS28=(0.03847664343284603, 39.5, 4.0, MASK0)
COS29=(0.0479231516958961, 41.5, 4.0, MASK0)
COS30=(0.040965480288633636, 42.0, 4.0, MASK0)
COS31=(0.0510510134028, 44.5, -2.0, MASK0)
COS32=(0.03714992420800767, 45.5, 4.0, MASK0)
COS33=(0.059877332538705655, 46.5, 4.0, MASK0)
COS34=(0.022987086257554863, 47.0, 4.0, MASK0)
COS35=(0.072421742085332, 49.5, 4.0, MASK0)
COS36=(0.042325651128579694, 50.0, 4.0, MASK0)
COS37=(0.03646924082913797, 52.0, 4.0, MASK0)
COS38=(0.05336744680811507, 53.5, 4.0, MASK0)
COS39=(0.042408243309651886, 54.0, 4.0, MASK0)
COS40=(0.05872863963284572, 56.0, 4.0, MASK0)
COS41=(0.029200332930615486, 57.0, 2.0, MASK0)
COS42=(0.04919693114499682, 59.0, 2.0, MASK0)
COS43=(0.04802294353837753, 60.0, 2.0, MASK0)
COS44=(0.02861296802377314, 61.0, 2.0, MASK0)
COS45=(0.04276549922853232, 63.0, 2.0, MASK0)
COS46=(0.04522429374421699, 65.0, 2.0, MASK0)
COS47=(0.033194091435891825, 66.0, 2.0, MASK0)
COS48=(0.048903289754527526, 68.0, 2.0, MASK0)
COS49=(0.012529421549663852, 69.0, 2.0, MASK0)
COS50=(0.0546478347901972, 70.0, 2.0, MASK0)
COS51=(0.04074343958893448, 72.0, 2.0, MASK0)
COS52=(0.0483810043993146, 73.0, 2.0, MASK0)
COS53=(0.03821585610552197, 75.0, 2.0, MASK0)
COS54=(0.04433056740858739, 76.0, 2.0, MASK0)
COS55=(0.04433056740858735, 76.0, 2.0, MASK0)
